iso_code,continent,location,date,total_cases,new_cases,total_deaths,new_deaths
GLP,North America,Guadeloupe,2020-01-05,,0.0,,0.0
GLP,North America,Guadeloupe,2020-01-12,,0.0,,0.0
GLP,North America,Guadeloupe,2020-01-19,,0.0,,0.0
GLP,North America,Guadeloupe,2020-01-26,,0.0,,0.0
GLP,North America,Guadeloupe,2020-02-02,,0.0,,0.0
GLP,North America,Guadeloupe,2020-02-09,,0.0,,0.0
GLP,North America,Guadeloupe,2020-02-16,,0.0,,0.0
GLP,North America,Guadeloupe,2020-02-23,,0.0,,0.0
GLP,North America,Guadeloupe,2020-03-01,,0.0,,0.0
GLP,North America,Guadeloupe,2020-03-08,,0.0,,0.0
GLP,North America,Guadeloupe,2020-03-15,1.0,1.0,,0.0
GLP,North America,Guadeloupe,2020-03-22,51.0,50.0,,0.0
GLP,North America,Guadeloupe,2020-03-29,96.0,45.0,2.0,2.0
GLP,North America,Guadeloupe,2020-04-05,130.0,34.0,7.0,5.0
GLP,North America,Guadeloupe,2020-04-12,143.0,13.0,8.0,1.0
GLP,North America,Guadeloupe,2020-04-19,145.0,2.0,11.0,3.0
GLP,North America,Guadeloupe,2020-04-26,149.0,4.0,12.0,1.0
GLP,North America,Guadeloupe,2020-05-03,152.0,3.0,12.0,0.0
GLP,North America,Guadeloupe,2020-05-10,154.0,2.0,13.0,1.0
GLP,North America,Guadeloupe,2020-05-17,155.0,1.0,13.0,0.0
GLP,North America,Guadeloupe,2020-05-24,156.0,1.0,13.0,0.0
GLP,North America,Guadeloupe,2020-05-31,162.0,6.0,14.0,1.0
GLP,North America,Guadeloupe,2020-06-07,164.0,2.0,14.0,0.0
GLP,North America,Guadeloupe,2020-06-14,171.0,7.0,14.0,0.0
GLP,North America,Guadeloupe,2020-06-21,174.0,3.0,14.0,0.0
GLP,North America,Guadeloupe,2020-06-28,182.0,8.0,14.0,0.0
GLP,North America,Guadeloupe,2020-07-05,184.0,2.0,14.0,0.0
GLP,North America,Guadeloupe,2020-07-12,190.0,6.0,14.0,0.0
GLP,North America,Guadeloupe,2020-07-19,195.0,5.0,14.0,0.0
GLP,North America,Guadeloupe,2020-07-26,203.0,8.0,14.0,0.0
GLP,North America,Guadeloupe,2020-08-02,265.0,62.0,14.0,0.0
GLP,North America,Guadeloupe,2020-08-09,290.0,25.0,14.0,0.0
GLP,North America,Guadeloupe,2020-08-16,446.0,156.0,14.0,0.0
GLP,North America,Guadeloupe,2020-08-23,771.0,325.0,15.0,1.0
GLP,North America,Guadeloupe,2020-08-30,935.0,164.0,15.0,0.0
GLP,North America,Guadeloupe,2020-09-06,1363.0,428.0,20.0,5.0
GLP,North America,Guadeloupe,2020-09-13,3080.0,1717.0,24.0,4.0
GLP,North America,Guadeloupe,2020-09-20,3426.0,346.0,26.0,2.0
GLP,North America,Guadeloupe,2020-09-27,4954.0,1528.0,42.0,16.0
GLP,North America,Guadeloupe,2020-10-04,5903.0,949.0,75.0,33.0
GLP,North America,Guadeloupe,2020-10-11,6483.0,580.0,95.0,20.0
GLP,North America,Guadeloupe,2020-10-18,7122.0,639.0,111.0,16.0
GLP,North America,Guadeloupe,2020-10-25,7474.0,352.0,127.0,16.0
GLP,North America,Guadeloupe,2020-11-01,7742.0,268.0,126.0,
GLP,North America,Guadeloupe,2020-11-08,7903.0,161.0,133.0,7.0
GLP,North America,Guadeloupe,2020-11-15,8098.0,195.0,139.0,6.0
GLP,North America,Guadeloupe,2020-11-22,8225.0,127.0,144.0,5.0
GLP,North America,Guadeloupe,2020-11-29,8344.0,119.0,149.0,5.0
GLP,North America,Guadeloupe,2020-12-06,8427.0,83.0,149.0,0.0
GLP,North America,Guadeloupe,2020-12-13,8451.0,24.0,152.0,3.0
GLP,North America,Guadeloupe,2020-12-20,8557.0,106.0,155.0,3.0
GLP,North America,Guadeloupe,2020-12-27,8620.0,63.0,155.0,0.0
GLP,North America,Guadeloupe,2021-01-03,8620.0,0.0,155.0,0.0
GLP,North America,Guadeloupe,2021-01-10,8702.0,82.0,155.0,0.0
GLP,North America,Guadeloupe,2021-01-17,8834.0,132.0,156.0,1.0
GLP,North America,Guadeloupe,2021-01-24,9056.0,222.0,157.0,1.0
GLP,North America,Guadeloupe,2021-01-31,9156.0,100.0,157.0,0.0
GLP,North America,Guadeloupe,2021-02-07,9156.0,0.0,158.0,1.0
GLP,North America,Guadeloupe,2021-02-14,9455.0,299.0,160.0,2.0
GLP,North America,Guadeloupe,2021-02-21,9455.0,0.0,160.0,0.0
GLP,North America,Guadeloupe,2021-02-28,9968.0,513.0,164.0,4.0
GLP,North America,Guadeloupe,2021-03-07,10458.0,490.0,168.0,4.0
GLP,North America,Guadeloupe,2021-03-14,10725.0,267.0,168.0,0.0
GLP,North America,Guadeloupe,2021-03-21,11095.0,370.0,169.0,1.0
GLP,North America,Guadeloupe,2021-03-28,11512.0,417.0,178.0,9.0
GLP,North America,Guadeloupe,2021-04-04,11890.0,378.0,183.0,5.0
GLP,North America,Guadeloupe,2021-04-11,12304.0,414.0,189.0,6.0
GLP,North America,Guadeloupe,2021-04-18,12927.0,623.0,194.0,5.0
GLP,North America,Guadeloupe,2021-04-25,13770.0,843.0,211.0,17.0
GLP,North America,Guadeloupe,2021-05-02,14634.0,864.0,228.0,17.0
GLP,North America,Guadeloupe,2021-05-09,15429.0,795.0,236.0,8.0
GLP,North America,Guadeloupe,2021-05-16,16079.0,650.0,245.0,9.0
GLP,North America,Guadeloupe,2021-05-23,16517.0,438.0,255.0,10.0
GLP,North America,Guadeloupe,2021-05-30,16874.0,357.0,255.0,0.0
GLP,North America,Guadeloupe,2021-06-06,17108.0,234.0,260.0,5.0
GLP,North America,Guadeloupe,2021-06-13,17288.0,180.0,265.0,5.0
GLP,North America,Guadeloupe,2021-06-20,17427.0,139.0,266.0,1.0
GLP,North America,Guadeloupe,2021-06-27,17539.0,112.0,267.0,1.0
GLP,North America,Guadeloupe,2021-07-04,17684.0,145.0,270.0,3.0
GLP,North America,Guadeloupe,2021-07-11,17809.0,125.0,274.0,4.0
GLP,North America,Guadeloupe,2021-07-18,17982.0,173.0,278.0,4.0
GLP,North America,Guadeloupe,2021-07-25,18313.0,331.0,280.0,2.0
GLP,North America,Guadeloupe,2021-08-01,19406.0,1093.0,283.0,3.0
GLP,North America,Guadeloupe,2021-08-08,22626.0,3220.0,291.0,8.0
GLP,North America,Guadeloupe,2021-08-15,29760.0,7134.0,335.0,44.0
GLP,North America,Guadeloupe,2021-08-22,37955.0,8195.0,389.0,54.0
GLP,North America,Guadeloupe,2021-08-29,45393.0,7438.0,503.0,114.0
GLP,North America,Guadeloupe,2021-09-05,49515.0,4122.0,606.0,103.0
GLP,North America,Guadeloupe,2021-09-12,51485.0,1970.0,695.0,89.0
GLP,North America,Guadeloupe,2021-09-19,52463.0,978.0,747.0,52.0
GLP,North America,Guadeloupe,2021-09-26,53106.0,643.0,767.0,20.0
GLP,North America,Guadeloupe,2021-10-03,53544.0,438.0,785.0,18.0
GLP,North America,Guadeloupe,2021-10-10,53836.0,292.0,800.0,15.0
GLP,North America,Guadeloupe,2021-10-17,54095.0,259.0,809.0,9.0
GLP,North America,Guadeloupe,2021-10-24,54288.0,193.0,815.0,6.0
GLP,North America,Guadeloupe,2021-10-31,54474.0,186.0,820.0,5.0
GLP,North America,Guadeloupe,2021-11-07,54672.0,198.0,822.0,2.0
GLP,North America,Guadeloupe,2021-11-14,54854.0,182.0,822.0,0.0
GLP,North America,Guadeloupe,2021-11-21,55080.0,226.0,823.0,1.0
GLP,North America,Guadeloupe,2021-11-28,55080.0,0.0,823.0,0.0
GLP,North America,Guadeloupe,2021-12-05,55218.0,138.0,825.0,2.0
GLP,North America,Guadeloupe,2021-12-12,55375.0,157.0,828.0,3.0
GLP,North America,Guadeloupe,2021-12-19,55564.0,189.0,830.0,2.0
GLP,North America,Guadeloupe,2021-12-26,55795.0,231.0,831.0,1.0
GLP,North America,Guadeloupe,2022-01-02,56515.0,720.0,832.0,1.0
GLP,North America,Guadeloupe,2022-01-09,60653.0,4138.0,833.0,1.0
GLP,North America,Guadeloupe,2022-01-16,73660.0,13007.0,835.0,2.0
GLP,North America,Guadeloupe,2022-01-23,90749.0,17089.0,844.0,9.0
GLP,North America,Guadeloupe,2022-01-30,104179.0,13430.0,855.0,11.0
GLP,North America,Guadeloupe,2022-02-06,112668.0,8489.0,873.0,18.0
GLP,North America,Guadeloupe,2022-02-13,118177.0,5509.0,889.0,16.0
GLP,North America,Guadeloupe,2022-02-20,122211.0,4034.0,909.0,20.0
GLP,North America,Guadeloupe,2022-02-27,124528.0,2317.0,918.0,9.0
GLP,North America,Guadeloupe,2022-03-06,126256.0,1728.0,919.0,1.0
GLP,North America,Guadeloupe,2022-03-13,128353.0,2097.0,924.0,5.0
GLP,North America,Guadeloupe,2022-03-20,132359.0,4006.0,928.0,4.0
GLP,North America,Guadeloupe,2022-03-27,135981.0,3622.0,931.0,3.0
GLP,North America,Guadeloupe,2022-04-03,139516.0,3535.0,938.0,7.0
GLP,North America,Guadeloupe,2022-04-10,142573.0,3057.0,940.0,2.0
GLP,North America,Guadeloupe,2022-04-17,145228.0,2655.0,941.0,1.0
GLP,North America,Guadeloupe,2022-04-24,147607.0,2379.0,942.0,1.0
GLP,North America,Guadeloupe,2022-05-01,149955.0,2348.0,944.0,2.0
GLP,North America,Guadeloupe,2022-05-08,152516.0,2561.0,945.0,1.0
GLP,North America,Guadeloupe,2022-05-15,155092.0,2576.0,945.0,0.0
GLP,North America,Guadeloupe,2022-05-22,157865.0,2773.0,947.0,2.0
GLP,North America,Guadeloupe,2022-05-29,160363.0,2498.0,948.0,1.0
GLP,North America,Guadeloupe,2022-06-05,162190.0,1827.0,949.0,1.0
GLP,North America,Guadeloupe,2022-06-12,164325.0,2135.0,950.0,1.0
GLP,North America,Guadeloupe,2022-06-19,166424.0,2099.0,950.0,0.0
GLP,North America,Guadeloupe,2022-06-26,168714.0,2290.0,955.0,5.0
GLP,North America,Guadeloupe,2022-07-03,171431.0,2717.0,957.0,2.0
GLP,North America,Guadeloupe,2022-07-10,175348.0,3917.0,958.0,1.0
GLP,North America,Guadeloupe,2022-07-17,179285.0,3937.0,960.0,2.0
GLP,North America,Guadeloupe,2022-07-24,183018.0,3733.0,965.0,5.0
GLP,North America,Guadeloupe,2022-07-31,186380.0,3362.0,971.0,6.0
GLP,North America,Guadeloupe,2022-08-07,188616.0,2236.0,975.0,4.0
GLP,North America,Guadeloupe,2022-08-14,190054.0,1438.0,978.0,3.0
GLP,North America,Guadeloupe,2022-08-21,191117.0,1063.0,982.0,4.0
GLP,North America,Guadeloupe,2022-08-28,191997.0,880.0,986.0,4.0
GLP,North America,Guadeloupe,2022-09-04,192764.0,767.0,986.0,0.0
GLP,North America,Guadeloupe,2022-09-11,193493.0,729.0,987.0,1.0
GLP,North America,Guadeloupe,2022-09-18,194146.0,653.0,989.0,2.0
GLP,North America,Guadeloupe,2022-09-25,194709.0,563.0,990.0,1.0
GLP,North America,Guadeloupe,2022-10-02,195214.0,505.0,990.0,0.0
GLP,North America,Guadeloupe,2022-10-09,195593.0,379.0,990.0,0.0
GLP,North America,Guadeloupe,2022-10-16,195954.0,361.0,991.0,1.0
GLP,North America,Guadeloupe,2022-10-23,196270.0,316.0,993.0,2.0
GLP,North America,Guadeloupe,2022-10-30,196270.0,0.0,993.0,0.0
GLP,North America,Guadeloupe,2022-11-06,196725.0,455.0,993.0,0.0
GLP,North America,Guadeloupe,2022-11-13,197105.0,380.0,993.0,0.0
GLP,North America,Guadeloupe,2022-11-20,197494.0,389.0,995.0,2.0
GLP,North America,Guadeloupe,2022-11-27,197494.0,0.0,995.0,0.0
GLP,North America,Guadeloupe,2022-12-04,198318.0,824.0,995.0,0.0
GLP,North America,Guadeloupe,2022-12-11,198608.0,290.0,997.0,2.0
GLP,North America,Guadeloupe,2022-12-18,199324.0,716.0,999.0,2.0
GLP,North America,Guadeloupe,2022-12-25,199988.0,664.0,999.0,0.0
GLP,North America,Guadeloupe,2023-01-01,200533.0,545.0,1000.0,1.0
GLP,North America,Guadeloupe,2023-01-08,200965.0,432.0,1003.0,3.0
GLP,North America,Guadeloupe,2023-01-15,201242.0,277.0,1006.0,3.0
GLP,North America,Guadeloupe,2023-01-22,201394.0,152.0,1007.0,1.0
GLP,North America,Guadeloupe,2023-01-29,201563.0,169.0,1009.0,2.0
GLP,North America,Guadeloupe,2023-02-05,201704.0,141.0,1010.0,1.0
GLP,North America,Guadeloupe,2023-02-12,201796.0,92.0,1010.0,0.0
GLP,North America,Guadeloupe,2023-02-19,201852.0,56.0,1010.0,0.0
GLP,North America,Guadeloupe,2023-02-26,201867.0,15.0,1010.0,0.0
GLP,North America,Guadeloupe,2023-03-05,201886.0,19.0,1010.0,0.0
GLP,North America,Guadeloupe,2023-03-12,201938.0,52.0,1010.0,0.0
GLP,North America,Guadeloupe,2023-03-19,202059.0,121.0,1010.0,0.0
GLP,North America,Guadeloupe,2023-03-26,202163.0,104.0,1012.0,2.0
GLP,North America,Guadeloupe,2023-04-02,202163.0,0.0,1012.0,0.0
GLP,North America,Guadeloupe,2023-04-09,202163.0,0.0,1012.0,0.0
GLP,North America,Guadeloupe,2023-04-16,202364.0,201.0,1015.0,3.0
GLP,North America,Guadeloupe,2023-04-23,202482.0,118.0,1017.0,2.0
GLP,North America,Guadeloupe,2023-04-30,202653.0,171.0,1017.0,0.0
GLP,North America,Guadeloupe,2023-05-07,202653.0,0.0,1017.0,0.0
GLP,North America,Guadeloupe,2023-05-14,202653.0,0.0,1017.0,0.0
GLP,North America,Guadeloupe,2023-05-21,202836.0,183.0,1017.0,0.0
GLP,North America,Guadeloupe,2023-05-28,202836.0,0.0,1017.0,0.0
GLP,North America,Guadeloupe,2023-06-04,202836.0,0.0,1017.0,0.0
GLP,North America,Guadeloupe,2023-06-11,202836.0,0.0,1017.0,0.0
GLP,North America,Guadeloupe,2023-06-18,202836.0,0.0,1017.0,0.0
GLP,North America,Guadeloupe,2023-06-25,203235.0,399.0,1021.0,4.0
GLP,North America,Guadeloupe,2023-07-02,203235.0,0.0,1021.0,0.0
GLP,North America,Guadeloupe,2023-07-09,203235.0,0.0,1021.0,0.0
GLP,North America,Guadeloupe,2023-07-16,203235.0,0.0,1021.0,0.0
GLP,North America,Guadeloupe,2023-07-23,203235.0,0.0,1021.0,0.0
GLP,North America,Guadeloupe,2023-07-30,203235.0,0.0,1021.0,0.0
GLP,North America,Guadeloupe,2023-08-06,203235.0,0.0,1021.0,0.0
GLP,North America,Guadeloupe,2023-08-13,203235.0,0.0,1021.0,0.0
GLP,North America,Guadeloupe,2023-08-20,203235.0,0.0,1021.0,0.0
GLP,North America,Guadeloupe,2023-08-27,203235.0,0.0,1021.0,0.0
GLP,North America,Guadeloupe,2023-09-03,203235.0,0.0,1021.0,0.0
GLP,North America,Guadeloupe,2023-09-10,203235.0,0.0,1021.0,0.0
GLP,North America,Guadeloupe,2023-09-17,203235.0,0.0,1021.0,0.0
GLP,North America,Guadeloupe,2023-09-24,203235.0,0.0,1021.0,0.0
GLP,North America,Guadeloupe,2023-10-01,203235.0,0.0,1021.0,0.0
GLP,North America,Guadeloupe,2023-10-08,203235.0,0.0,1021.0,0.0
GLP,North America,Guadeloupe,2023-10-15,203235.0,0.0,1021.0,0.0
GLP,North America,Guadeloupe,2023-10-22,203235.0,0.0,1021.0,0.0
GLP,North America,Guadeloupe,2023-10-29,203235.0,0.0,1021.0,0.0
GLP,North America,Guadeloupe,2023-11-05,203235.0,0.0,1021.0,0.0
GLP,North America,Guadeloupe,2023-11-12,203235.0,0.0,1021.0,0.0
GLP,North America,Guadeloupe,2023-11-19,203235.0,0.0,1021.0,0.0
GLP,North America,Guadeloupe,2023-11-26,203235.0,0.0,1021.0,0.0
GLP,North America,Guadeloupe,2023-12-03,203235.0,0.0,1021.0,0.0
GLP,North America,Guadeloupe,2023-12-10,203235.0,0.0,1021.0,0.0
GLP,North America,Guadeloupe,2023-12-17,203235.0,0.0,1021.0,0.0
GLP,North America,Guadeloupe,2023-12-24,203235.0,0.0,1021.0,0.0
GLP,North America,Guadeloupe,2023-12-31,203235.0,0.0,1021.0,0.0
GLP,North America,Guadeloupe,2024-01-07,203235.0,0.0,1021.0,0.0
GLP,North America,Guadeloupe,2024-01-14,203235.0,0.0,1021.0,0.0
GLP,North America,Guadeloupe,2024-01-21,203235.0,0.0,1021.0,0.0
