iso_code,continent,location,date,total_cases,new_cases,total_deaths,new_deaths
MTQ,North America,Martinique,2020-01-05,,0.0,,0.0
MTQ,North America,Martinique,2020-01-12,,0.0,,0.0
MTQ,North America,Martinique,2020-01-19,,0.0,,0.0
MTQ,North America,Martinique,2020-01-26,,0.0,,0.0
MTQ,North America,Martinique,2020-02-02,,0.0,,0.0
MTQ,North America,Martinique,2020-02-09,,0.0,,0.0
MTQ,North America,Martinique,2020-02-16,,0.0,,0.0
MTQ,North America,Martinique,2020-02-23,,0.0,,0.0
MTQ,North America,Martinique,2020-03-01,,0.0,,0.0
MTQ,North America,Martinique,2020-03-08,2.0,2.0,,0.0
MTQ,North America,Martinique,2020-03-15,7.0,5.0,,0.0
MTQ,North America,Martinique,2020-03-22,32.0,25.0,,0.0
MTQ,North America,Martinique,2020-03-29,93.0,61.0,1.0,1.0
MTQ,North America,Martinique,2020-04-05,145.0,52.0,3.0,2.0
MTQ,North America,Martinique,2020-04-12,155.0,10.0,6.0,3.0
MTQ,North America,Martinique,2020-04-19,163.0,8.0,12.0,6.0
MTQ,North America,Martinique,2020-04-26,170.0,7.0,14.0,2.0
MTQ,North America,Martinique,2020-05-03,180.0,10.0,14.0,0.0
MTQ,North America,Martinique,2020-05-10,186.0,6.0,14.0,0.0
MTQ,North America,Martinique,2020-05-17,192.0,6.0,14.0,0.0
MTQ,North America,Martinique,2020-05-24,197.0,5.0,14.0,0.0
MTQ,North America,Martinique,2020-05-31,200.0,3.0,14.0,0.0
MTQ,North America,Martinique,2020-06-07,202.0,2.0,14.0,0.0
MTQ,North America,Martinique,2020-06-14,202.0,0.0,14.0,0.0
MTQ,North America,Martinique,2020-06-21,236.0,34.0,14.0,0.0
MTQ,North America,Martinique,2020-06-28,242.0,6.0,14.0,0.0
MTQ,North America,Martinique,2020-07-05,249.0,7.0,14.0,0.0
MTQ,North America,Martinique,2020-07-12,255.0,6.0,15.0,1.0
MTQ,North America,Martinique,2020-07-19,262.0,7.0,15.0,0.0
MTQ,North America,Martinique,2020-07-26,269.0,7.0,15.0,0.0
MTQ,North America,Martinique,2020-08-02,269.0,0.0,15.0,0.0
MTQ,North America,Martinique,2020-08-09,336.0,67.0,16.0,1.0
MTQ,North America,Martinique,2020-08-16,336.0,0.0,16.0,0.0
MTQ,North America,Martinique,2020-08-23,464.0,128.0,16.0,0.0
MTQ,North America,Martinique,2020-08-30,596.0,132.0,16.0,0.0
MTQ,North America,Martinique,2020-09-06,758.0,162.0,18.0,2.0
MTQ,North America,Martinique,2020-09-13,939.0,181.0,18.0,0.0
MTQ,North America,Martinique,2020-09-20,1122.0,183.0,18.0,0.0
MTQ,North America,Martinique,2020-09-27,1298.0,176.0,20.0,2.0
MTQ,North America,Martinique,2020-10-04,1543.0,245.0,21.0,1.0
MTQ,North America,Martinique,2020-10-11,1851.0,308.0,22.0,1.0
MTQ,North America,Martinique,2020-10-18,2266.0,415.0,25.0,3.0
MTQ,North America,Martinique,2020-10-25,2800.0,534.0,27.0,2.0
MTQ,North America,Martinique,2020-11-01,3818.0,1018.0,31.0,4.0
MTQ,North America,Martinique,2020-11-08,4215.0,397.0,33.0,2.0
MTQ,North America,Martinique,2020-11-15,4732.0,517.0,37.0,4.0
MTQ,North America,Martinique,2020-11-22,5091.0,359.0,39.0,2.0
MTQ,North America,Martinique,2020-11-29,5413.0,322.0,40.0,1.0
MTQ,North America,Martinique,2020-12-06,5520.0,107.0,41.0,1.0
MTQ,North America,Martinique,2020-12-13,5553.0,33.0,41.0,0.0
MTQ,North America,Martinique,2020-12-20,5634.0,81.0,42.0,1.0
MTQ,North America,Martinique,2020-12-27,6072.0,438.0,42.0,0.0
MTQ,North America,Martinique,2021-01-03,6091.0,19.0,43.0,1.0
MTQ,North America,Martinique,2021-01-10,6117.0,26.0,43.0,0.0
MTQ,North America,Martinique,2021-01-17,6227.0,110.0,43.0,0.0
MTQ,North America,Martinique,2021-01-24,6370.0,143.0,44.0,1.0
MTQ,North America,Martinique,2021-01-31,6370.0,0.0,44.0,0.0
MTQ,North America,Martinique,2021-02-07,6442.0,72.0,45.0,1.0
MTQ,North America,Martinique,2021-02-14,6593.0,151.0,45.0,0.0
MTQ,North America,Martinique,2021-02-21,6593.0,0.0,45.0,0.0
MTQ,North America,Martinique,2021-02-28,6746.0,153.0,45.0,0.0
MTQ,North America,Martinique,2021-03-07,6886.0,140.0,47.0,2.0
MTQ,North America,Martinique,2021-03-14,7037.0,151.0,47.0,0.0
MTQ,North America,Martinique,2021-03-21,7264.0,227.0,47.0,0.0
MTQ,North America,Martinique,2021-03-28,7549.0,285.0,50.0,3.0
MTQ,North America,Martinique,2021-04-04,8163.0,614.0,54.0,4.0
MTQ,North America,Martinique,2021-04-11,8887.0,724.0,59.0,5.0
MTQ,North America,Martinique,2021-04-18,9758.0,871.0,66.0,7.0
MTQ,North America,Martinique,2021-04-25,10491.0,733.0,70.0,4.0
MTQ,North America,Martinique,2021-05-02,11139.0,648.0,79.0,9.0
MTQ,North America,Martinique,2021-05-09,11490.0,351.0,87.0,8.0
MTQ,North America,Martinique,2021-05-16,11669.0,179.0,90.0,3.0
MTQ,North America,Martinique,2021-05-23,11789.0,120.0,93.0,3.0
MTQ,North America,Martinique,2021-05-30,11979.0,190.0,95.0,2.0
MTQ,North America,Martinique,2021-06-06,12060.0,81.0,97.0,2.0
MTQ,North America,Martinique,2021-06-13,12130.0,70.0,98.0,1.0
MTQ,North America,Martinique,2021-06-20,12199.0,69.0,98.0,0.0
MTQ,North America,Martinique,2021-06-27,12286.0,87.0,98.0,0.0
MTQ,North America,Martinique,2021-07-04,12396.0,110.0,98.0,0.0
MTQ,North America,Martinique,2021-07-11,12807.0,411.0,98.0,0.0
MTQ,North America,Martinique,2021-07-18,14964.0,2157.0,102.0,4.0
MTQ,North America,Martinique,2021-07-25,17215.0,2251.0,104.0,2.0
MTQ,North America,Martinique,2021-08-01,22439.0,5224.0,129.0,25.0
MTQ,North America,Martinique,2021-08-08,26747.0,4308.0,167.0,38.0
MTQ,North America,Martinique,2021-08-15,30247.0,3500.0,221.0,54.0
MTQ,North America,Martinique,2021-08-22,33821.0,3574.0,278.0,57.0
MTQ,North America,Martinique,2021-08-29,35953.0,2132.0,411.0,133.0
MTQ,North America,Martinique,2021-09-05,38198.0,2245.0,487.0,76.0
MTQ,North America,Martinique,2021-09-12,39373.0,1175.0,556.0,69.0
MTQ,North America,Martinique,2021-09-19,40239.0,866.0,588.0,32.0
MTQ,North America,Martinique,2021-09-26,40883.0,644.0,615.0,27.0
MTQ,North America,Martinique,2021-10-03,41357.0,474.0,632.0,17.0
MTQ,North America,Martinique,2021-10-10,41918.0,561.0,650.0,18.0
MTQ,North America,Martinique,2021-10-17,42428.0,510.0,662.0,12.0
MTQ,North America,Martinique,2021-10-24,42903.0,475.0,673.0,11.0
MTQ,North America,Martinique,2021-10-31,43347.0,444.0,683.0,10.0
MTQ,North America,Martinique,2021-11-07,43665.0,318.0,694.0,11.0
MTQ,North America,Martinique,2021-11-14,43962.0,297.0,700.0,6.0
MTQ,North America,Martinique,2021-11-21,44618.0,656.0,704.0,4.0
MTQ,North America,Martinique,2021-11-28,45176.0,558.0,710.0,6.0
MTQ,North America,Martinique,2021-12-05,45811.0,635.0,724.0,14.0
MTQ,North America,Martinique,2021-12-12,46410.0,599.0,737.0,13.0
MTQ,North America,Martinique,2021-12-19,46989.0,579.0,763.0,26.0
MTQ,North America,Martinique,2021-12-26,47828.0,839.0,775.0,12.0
MTQ,North America,Martinique,2022-01-02,50005.0,2177.0,784.0,9.0
MTQ,North America,Martinique,2022-01-09,51840.0,1835.0,788.0,4.0
MTQ,North America,Martinique,2022-01-16,65380.0,13540.0,805.0,17.0
MTQ,North America,Martinique,2022-01-23,77075.0,11695.0,821.0,16.0
MTQ,North America,Martinique,2022-01-30,87634.0,10559.0,832.0,11.0
MTQ,North America,Martinique,2022-02-06,96619.0,8985.0,842.0,10.0
MTQ,North America,Martinique,2022-02-13,105097.0,8478.0,857.0,15.0
MTQ,North America,Martinique,2022-02-20,110734.0,5637.0,861.0,4.0
MTQ,North America,Martinique,2022-02-27,114468.0,3734.0,894.0,33.0
MTQ,North America,Martinique,2022-03-06,117684.0,3216.0,895.0,1.0
MTQ,North America,Martinique,2022-03-13,131370.0,13686.0,904.0,9.0
MTQ,North America,Martinique,2022-03-20,138039.0,6669.0,909.0,5.0
MTQ,North America,Martinique,2022-03-27,143175.0,5136.0,912.0,3.0
MTQ,North America,Martinique,2022-04-03,145966.0,2791.0,916.0,4.0
MTQ,North America,Martinique,2022-04-10,148048.0,2082.0,918.0,2.0
MTQ,North America,Martinique,2022-04-17,149259.0,1211.0,918.0,0.0
MTQ,North America,Martinique,2022-04-24,150077.0,818.0,918.0,0.0
MTQ,North America,Martinique,2022-05-01,151972.0,1895.0,918.0,0.0
MTQ,North America,Martinique,2022-05-08,153994.0,2022.0,918.0,0.0
MTQ,North America,Martinique,2022-05-15,157292.0,3298.0,918.0,0.0
MTQ,North America,Martinique,2022-05-22,162163.0,4871.0,918.0,0.0
MTQ,North America,Martinique,2022-05-29,167516.0,5353.0,938.0,20.0
MTQ,North America,Martinique,2022-06-05,172883.0,5367.0,942.0,4.0
MTQ,North America,Martinique,2022-06-12,180883.0,8000.0,950.0,8.0
MTQ,North America,Martinique,2022-06-19,188959.0,8076.0,957.0,7.0
MTQ,North America,Martinique,2022-06-26,195912.0,6953.0,965.0,8.0
MTQ,North America,Martinique,2022-07-03,201211.0,5299.0,971.0,6.0
MTQ,North America,Martinique,2022-07-10,205261.0,4050.0,981.0,10.0
MTQ,North America,Martinique,2022-07-17,208003.0,2742.0,986.0,5.0
MTQ,North America,Martinique,2022-07-24,209858.0,1855.0,992.0,6.0
MTQ,North America,Martinique,2022-07-31,211572.0,1714.0,998.0,6.0
MTQ,North America,Martinique,2022-08-07,212902.0,1330.0,1005.0,7.0
MTQ,North America,Martinique,2022-08-14,213889.0,987.0,1009.0,4.0
MTQ,North America,Martinique,2022-08-21,214725.0,836.0,1018.0,9.0
MTQ,North America,Martinique,2022-08-28,215582.0,857.0,1022.0,4.0
MTQ,North America,Martinique,2022-09-04,215582.0,0.0,1022.0,0.0
MTQ,North America,Martinique,2022-09-11,219529.0,3947.0,1036.0,14.0
MTQ,North America,Martinique,2022-09-18,219529.0,0.0,1036.0,0.0
MTQ,North America,Martinique,2022-09-25,220192.0,663.0,1042.0,6.0
MTQ,North America,Martinique,2022-10-02,222332.0,2140.0,1047.0,5.0
MTQ,North America,Martinique,2022-10-09,222830.0,498.0,1047.0,0.0
MTQ,North America,Martinique,2022-10-16,223292.0,462.0,1047.0,0.0
MTQ,North America,Martinique,2022-10-23,223728.0,436.0,1047.0,0.0
MTQ,North America,Martinique,2022-10-30,223728.0,0.0,1047.0,0.0
MTQ,North America,Martinique,2022-11-06,223796.0,68.0,1054.0,7.0
MTQ,North America,Martinique,2022-11-13,223877.0,81.0,1057.0,3.0
MTQ,North America,Martinique,2022-11-20,224648.0,771.0,1057.0,0.0
MTQ,North America,Martinique,2022-11-27,224648.0,0.0,1057.0,0.0
MTQ,North America,Martinique,2022-12-04,225269.0,621.0,1060.0,3.0
MTQ,North America,Martinique,2022-12-11,225903.0,634.0,1076.0,16.0
MTQ,North America,Martinique,2022-12-18,226720.0,817.0,1079.0,3.0
MTQ,North America,Martinique,2022-12-25,227390.0,670.0,1079.0,0.0
MTQ,North America,Martinique,2023-01-01,227804.0,414.0,1084.0,5.0
MTQ,North America,Martinique,2023-01-08,228171.0,367.0,1085.0,1.0
MTQ,North America,Martinique,2023-01-15,228365.0,194.0,1086.0,1.0
MTQ,North America,Martinique,2023-01-22,228512.0,147.0,1089.0,3.0
MTQ,North America,Martinique,2023-01-29,228647.0,135.0,1089.0,0.0
MTQ,North America,Martinique,2023-02-05,228756.0,109.0,1091.0,2.0
MTQ,North America,Martinique,2023-02-12,228824.0,68.0,1092.0,1.0
MTQ,North America,Martinique,2023-02-19,228875.0,51.0,1092.0,0.0
MTQ,North America,Martinique,2023-02-26,228943.0,68.0,1092.0,0.0
MTQ,North America,Martinique,2023-03-05,229020.0,77.0,1092.0,0.0
MTQ,North America,Martinique,2023-03-12,229161.0,141.0,1092.0,0.0
MTQ,North America,Martinique,2023-03-19,229365.0,204.0,1093.0,1.0
MTQ,North America,Martinique,2023-03-26,229479.0,114.0,1095.0,2.0
MTQ,North America,Martinique,2023-04-02,229479.0,0.0,1095.0,0.0
MTQ,North America,Martinique,2023-04-09,229479.0,0.0,1095.0,0.0
MTQ,North America,Martinique,2023-04-16,229674.0,195.0,1097.0,2.0
MTQ,North America,Martinique,2023-04-23,229784.0,110.0,1097.0,0.0
MTQ,North America,Martinique,2023-04-30,229900.0,116.0,1100.0,3.0
MTQ,North America,Martinique,2023-05-07,229900.0,0.0,1100.0,0.0
MTQ,North America,Martinique,2023-05-14,229900.0,0.0,1100.0,0.0
MTQ,North America,Martinique,2023-05-21,229975.0,75.0,1102.0,2.0
MTQ,North America,Martinique,2023-05-28,229975.0,0.0,1102.0,0.0
MTQ,North America,Martinique,2023-06-04,229975.0,0.0,1102.0,0.0
MTQ,North America,Martinique,2023-06-11,229975.0,0.0,1102.0,0.0
MTQ,North America,Martinique,2023-06-18,229975.0,0.0,1102.0,0.0
MTQ,North America,Martinique,2023-06-25,230354.0,379.0,1104.0,2.0
MTQ,North America,Martinique,2023-07-02,230354.0,0.0,1104.0,0.0
MTQ,North America,Martinique,2023-07-09,230354.0,0.0,1104.0,0.0
MTQ,North America,Martinique,2023-07-16,230354.0,0.0,1104.0,0.0
MTQ,North America,Martinique,2023-07-23,230354.0,0.0,1104.0,0.0
MTQ,North America,Martinique,2023-07-30,230354.0,0.0,1104.0,0.0
MTQ,North America,Martinique,2023-08-06,230354.0,0.0,1104.0,0.0
MTQ,North America,Martinique,2023-08-13,230354.0,0.0,1104.0,0.0
MTQ,North America,Martinique,2023-08-20,230354.0,0.0,1104.0,0.0
MTQ,North America,Martinique,2023-08-27,230354.0,0.0,1104.0,0.0
MTQ,North America,Martinique,2023-09-03,230354.0,0.0,1104.0,0.0
MTQ,North America,Martinique,2023-09-10,230354.0,0.0,1104.0,0.0
MTQ,North America,Martinique,2023-09-17,230354.0,0.0,1104.0,0.0
MTQ,North America,Martinique,2023-09-24,230354.0,0.0,1104.0,0.0
MTQ,North America,Martinique,2023-10-01,230354.0,0.0,1104.0,0.0
MTQ,North America,Martinique,2023-10-08,230354.0,0.0,1104.0,0.0
MTQ,North America,Martinique,2023-10-15,230354.0,0.0,1104.0,0.0
MTQ,North America,Martinique,2023-10-22,230354.0,0.0,1104.0,0.0
MTQ,North America,Martinique,2023-10-29,230354.0,0.0,1104.0,0.0
MTQ,North America,Martinique,2023-11-05,230354.0,0.0,1104.0,0.0
MTQ,North America,Martinique,2023-11-12,230354.0,0.0,1104.0,0.0
MTQ,North America,Martinique,2023-11-19,230354.0,0.0,1104.0,0.0
MTQ,North America,Martinique,2023-11-26,230354.0,0.0,1104.0,0.0
MTQ,North America,Martinique,2023-12-03,230354.0,0.0,1104.0,0.0
MTQ,North America,Martinique,2023-12-10,230354.0,0.0,1104.0,0.0
MTQ,North America,Martinique,2023-12-17,230354.0,0.0,1104.0,0.0
MTQ,North America,Martinique,2023-12-24,230354.0,0.0,1104.0,0.0
MTQ,North America,Martinique,2023-12-31,230354.0,0.0,1104.0,0.0
MTQ,North America,Martinique,2024-01-07,230354.0,0.0,1104.0,0.0
MTQ,North America,Martinique,2024-01-14,230354.0,0.0,1104.0,0.0
