iso_code,continent,location,date,total_cases,new_cases,total_deaths,new_deaths
MYT,Africa,Mayotte,2020-01-05,,0.0,,0.0
MYT,Africa,Mayotte,2020-01-12,,0.0,,0.0
MYT,Africa,Mayotte,2020-01-19,,0.0,,0.0
MYT,Africa,Mayotte,2020-01-26,,0.0,,0.0
MYT,Africa,Mayotte,2020-02-02,,0.0,,0.0
MYT,Africa,Mayotte,2020-02-09,,0.0,,0.0
MYT,Africa,Mayotte,2020-02-16,,0.0,,0.0
MYT,Africa,Mayotte,2020-02-23,,0.0,,0.0
MYT,Africa,Mayotte,2020-03-01,,0.0,,0.0
MYT,Africa,Mayotte,2020-03-08,,0.0,,0.0
MYT,Africa,Mayotte,2020-03-15,5.0,5.0,,0.0
MYT,Africa,Mayotte,2020-03-22,11.0,6.0,,0.0
MYT,Africa,Mayotte,2020-03-29,50.0,39.0,,0.0
MYT,Africa,Mayotte,2020-04-05,147.0,97.0,2.0,2.0
MYT,Africa,Mayotte,2020-04-12,191.0,44.0,2.0,0.0
MYT,Africa,Mayotte,2020-04-19,245.0,54.0,4.0,2.0
MYT,Africa,Mayotte,2020-04-26,354.0,109.0,4.0,0.0
MYT,Africa,Mayotte,2020-05-03,596.0,242.0,6.0,2.0
MYT,Africa,Mayotte,2020-05-10,890.0,294.0,11.0,5.0
MYT,Africa,Mayotte,2020-05-17,1258.0,368.0,16.0,5.0
MYT,Africa,Mayotte,2020-05-24,1521.0,263.0,19.0,3.0
MYT,Africa,Mayotte,2020-05-31,1743.0,222.0,21.0,2.0
MYT,Africa,Mayotte,2020-06-07,2079.0,336.0,25.0,4.0
MYT,Africa,Mayotte,2020-06-14,2282.0,203.0,29.0,4.0
MYT,Africa,Mayotte,2020-06-21,2404.0,122.0,31.0,2.0
MYT,Africa,Mayotte,2020-06-28,2540.0,136.0,35.0,4.0
MYT,Africa,Mayotte,2020-07-05,2668.0,128.0,36.0,1.0
MYT,Africa,Mayotte,2020-07-12,2711.0,43.0,37.0,1.0
MYT,Africa,Mayotte,2020-07-19,2782.0,71.0,37.0,0.0
MYT,Africa,Mayotte,2020-07-26,2873.0,91.0,38.0,1.0
MYT,Africa,Mayotte,2020-08-02,2962.0,89.0,39.0,1.0
MYT,Africa,Mayotte,2020-08-09,3068.0,106.0,39.0,0.0
MYT,Africa,Mayotte,2020-08-16,3119.0,51.0,39.0,0.0
MYT,Africa,Mayotte,2020-08-23,3237.0,118.0,39.0,0.0
MYT,Africa,Mayotte,2020-08-30,3301.0,64.0,40.0,1.0
MYT,Africa,Mayotte,2020-09-06,3374.0,73.0,40.0,0.0
MYT,Africa,Mayotte,2020-09-13,3374.0,0.0,40.0,0.0
MYT,Africa,Mayotte,2020-09-20,3541.0,167.0,40.0,0.0
MYT,Africa,Mayotte,2020-09-27,3541.0,0.0,40.0,0.0
MYT,Africa,Mayotte,2020-10-04,3779.0,238.0,42.0,2.0
MYT,Africa,Mayotte,2020-10-11,3989.0,210.0,43.0,1.0
MYT,Africa,Mayotte,2020-10-18,4030.0,41.0,43.0,0.0
MYT,Africa,Mayotte,2020-10-25,4276.0,246.0,44.0,1.0
MYT,Africa,Mayotte,2020-11-01,4366.0,90.0,44.0,0.0
MYT,Africa,Mayotte,2020-11-08,4550.0,184.0,45.0,1.0
MYT,Africa,Mayotte,2020-11-15,4921.0,371.0,46.0,1.0
MYT,Africa,Mayotte,2020-11-22,5036.0,115.0,48.0,2.0
MYT,Africa,Mayotte,2020-11-29,5181.0,145.0,49.0,1.0
MYT,Africa,Mayotte,2020-12-06,5181.0,0.0,49.0,0.0
MYT,Africa,Mayotte,2020-12-13,5551.0,370.0,52.0,3.0
MYT,Africa,Mayotte,2020-12-20,5708.0,157.0,53.0,1.0
MYT,Africa,Mayotte,2020-12-27,5767.0,59.0,54.0,1.0
MYT,Africa,Mayotte,2021-01-03,5890.0,123.0,55.0,1.0
MYT,Africa,Mayotte,2021-01-10,6232.0,342.0,56.0,1.0
MYT,Africa,Mayotte,2021-01-17,6611.0,379.0,58.0,2.0
MYT,Africa,Mayotte,2021-01-24,7544.0,933.0,59.0,1.0
MYT,Africa,Mayotte,2021-01-31,8231.0,687.0,61.0,2.0
MYT,Africa,Mayotte,2021-02-07,10755.0,2524.0,64.0,3.0
MYT,Africa,Mayotte,2021-02-14,13535.0,2780.0,78.0,14.0
MYT,Africa,Mayotte,2021-02-21,15792.0,2257.0,92.0,14.0
MYT,Africa,Mayotte,2021-02-28,16861.0,1069.0,102.0,10.0
MYT,Africa,Mayotte,2021-03-07,18140.0,1279.0,125.0,23.0
MYT,Africa,Mayotte,2021-03-14,18642.0,502.0,129.0,4.0
MYT,Africa,Mayotte,2021-03-21,19006.0,364.0,151.0,22.0
MYT,Africa,Mayotte,2021-03-28,19306.0,300.0,154.0,3.0
MYT,Africa,Mayotte,2021-04-04,19490.0,184.0,162.0,8.0
MYT,Africa,Mayotte,2021-04-11,19643.0,153.0,167.0,5.0
MYT,Africa,Mayotte,2021-04-18,19789.0,146.0,168.0,1.0
MYT,Africa,Mayotte,2021-04-25,19896.0,107.0,169.0,1.0
MYT,Africa,Mayotte,2021-05-02,20094.0,198.0,170.0,1.0
MYT,Africa,Mayotte,2021-05-09,20134.0,40.0,170.0,0.0
MYT,Africa,Mayotte,2021-05-16,20176.0,42.0,171.0,1.0
MYT,Africa,Mayotte,2021-05-23,19301.0,,171.0,0.0
MYT,Africa,Mayotte,2021-05-30,19325.0,24.0,173.0,2.0
MYT,Africa,Mayotte,2021-06-06,19347.0,22.0,173.0,0.0
MYT,Africa,Mayotte,2021-06-13,19373.0,26.0,173.0,0.0
MYT,Africa,Mayotte,2021-06-20,19389.0,16.0,174.0,1.0
MYT,Africa,Mayotte,2021-06-27,19405.0,16.0,174.0,0.0
MYT,Africa,Mayotte,2021-07-04,19412.0,7.0,174.0,0.0
MYT,Africa,Mayotte,2021-07-11,19425.0,13.0,174.0,0.0
MYT,Africa,Mayotte,2021-07-18,19451.0,26.0,174.0,0.0
MYT,Africa,Mayotte,2021-07-25,19465.0,14.0,174.0,0.0
MYT,Africa,Mayotte,2021-08-01,19494.0,29.0,174.0,0.0
MYT,Africa,Mayotte,2021-08-08,19518.0,24.0,174.0,0.0
MYT,Africa,Mayotte,2021-08-15,19567.0,49.0,175.0,1.0
MYT,Africa,Mayotte,2021-08-22,19664.0,97.0,175.0,0.0
MYT,Africa,Mayotte,2021-08-29,19739.0,75.0,175.0,0.0
MYT,Africa,Mayotte,2021-09-05,19875.0,136.0,175.0,0.0
MYT,Africa,Mayotte,2021-09-12,20015.0,140.0,175.0,0.0
MYT,Africa,Mayotte,2021-09-19,20107.0,92.0,176.0,1.0
MYT,Africa,Mayotte,2021-09-26,20219.0,112.0,178.0,2.0
MYT,Africa,Mayotte,2021-10-03,20323.0,104.0,180.0,2.0
MYT,Africa,Mayotte,2021-10-10,20385.0,62.0,180.0,0.0
MYT,Africa,Mayotte,2021-10-17,20439.0,54.0,181.0,1.0
MYT,Africa,Mayotte,2021-10-24,20485.0,46.0,182.0,1.0
MYT,Africa,Mayotte,2021-10-31,20555.0,70.0,185.0,3.0
MYT,Africa,Mayotte,2021-11-07,20651.0,96.0,185.0,0.0
MYT,Africa,Mayotte,2021-11-14,20769.0,118.0,185.0,0.0
MYT,Africa,Mayotte,2021-11-21,20860.0,91.0,185.0,0.0
MYT,Africa,Mayotte,2021-11-28,20938.0,78.0,185.0,0.0
MYT,Africa,Mayotte,2021-12-05,20973.0,35.0,185.0,0.0
MYT,Africa,Mayotte,2021-12-12,21088.0,115.0,185.0,0.0
MYT,Africa,Mayotte,2021-12-19,21180.0,92.0,185.0,0.0
MYT,Africa,Mayotte,2021-12-26,21288.0,108.0,185.0,0.0
MYT,Africa,Mayotte,2022-01-02,21911.0,623.0,185.0,0.0
MYT,Africa,Mayotte,2022-01-09,24671.0,2760.0,186.0,1.0
MYT,Africa,Mayotte,2022-01-16,33757.0,9086.0,186.0,0.0
MYT,Africa,Mayotte,2022-01-23,35691.0,1934.0,187.0,1.0
MYT,Africa,Mayotte,2022-01-30,36282.0,591.0,187.0,0.0
MYT,Africa,Mayotte,2022-02-06,36474.0,192.0,187.0,0.0
MYT,Africa,Mayotte,2022-02-13,36572.0,98.0,187.0,0.0
MYT,Africa,Mayotte,2022-02-20,36572.0,0.0,187.0,0.0
MYT,Africa,Mayotte,2022-02-27,36631.0,59.0,187.0,0.0
MYT,Africa,Mayotte,2022-03-06,36703.0,72.0,187.0,0.0
MYT,Africa,Mayotte,2022-03-13,36745.0,42.0,187.0,0.0
MYT,Africa,Mayotte,2022-03-20,36745.0,0.0,187.0,0.0
MYT,Africa,Mayotte,2022-03-27,36839.0,94.0,187.0,0.0
MYT,Africa,Mayotte,2022-04-03,36839.0,0.0,187.0,0.0
MYT,Africa,Mayotte,2022-04-10,36958.0,119.0,187.0,0.0
MYT,Africa,Mayotte,2022-04-17,37038.0,80.0,187.0,0.0
MYT,Africa,Mayotte,2022-04-24,37038.0,0.0,187.0,0.0
MYT,Africa,Mayotte,2022-05-01,37363.0,325.0,187.0,0.0
MYT,Africa,Mayotte,2022-05-08,37363.0,0.0,187.0,0.0
MYT,Africa,Mayotte,2022-05-15,37363.0,0.0,187.0,0.0
MYT,Africa,Mayotte,2022-05-22,37523.0,160.0,187.0,0.0
MYT,Africa,Mayotte,2022-05-29,37523.0,0.0,187.0,0.0
MYT,Africa,Mayotte,2022-06-05,37657.0,134.0,187.0,0.0
MYT,Africa,Mayotte,2022-06-12,37751.0,94.0,187.0,0.0
MYT,Africa,Mayotte,2022-06-19,37820.0,69.0,187.0,0.0
MYT,Africa,Mayotte,2022-06-26,37877.0,57.0,187.0,0.0
MYT,Africa,Mayotte,2022-07-03,37958.0,81.0,187.0,0.0
MYT,Africa,Mayotte,2022-07-10,38139.0,181.0,187.0,0.0
MYT,Africa,Mayotte,2022-07-17,38401.0,262.0,187.0,0.0
MYT,Africa,Mayotte,2022-07-24,38646.0,245.0,187.0,0.0
MYT,Africa,Mayotte,2022-07-31,38959.0,313.0,187.0,0.0
MYT,Africa,Mayotte,2022-08-07,39392.0,433.0,187.0,0.0
MYT,Africa,Mayotte,2022-08-14,39704.0,312.0,187.0,0.0
MYT,Africa,Mayotte,2022-08-21,39895.0,191.0,187.0,0.0
MYT,Africa,Mayotte,2022-08-28,40004.0,109.0,187.0,0.0
MYT,Africa,Mayotte,2022-09-04,40095.0,91.0,187.0,0.0
MYT,Africa,Mayotte,2022-09-11,40161.0,66.0,187.0,0.0
MYT,Africa,Mayotte,2022-09-18,40204.0,43.0,187.0,0.0
MYT,Africa,Mayotte,2022-09-25,40243.0,39.0,187.0,0.0
MYT,Africa,Mayotte,2022-10-02,40261.0,18.0,187.0,0.0
MYT,Africa,Mayotte,2022-10-09,40277.0,16.0,187.0,0.0
MYT,Africa,Mayotte,2022-10-16,40297.0,20.0,187.0,0.0
MYT,Africa,Mayotte,2022-10-23,40320.0,23.0,187.0,0.0
MYT,Africa,Mayotte,2022-10-30,40320.0,0.0,187.0,0.0
MYT,Africa,Mayotte,2022-11-06,40339.0,19.0,187.0,0.0
MYT,Africa,Mayotte,2022-11-13,40415.0,76.0,187.0,0.0
MYT,Africa,Mayotte,2022-11-20,40612.0,197.0,187.0,0.0
MYT,Africa,Mayotte,2022-11-27,41206.0,594.0,187.0,0.0
MYT,Africa,Mayotte,2022-12-04,41679.0,473.0,187.0,0.0
MYT,Africa,Mayotte,2022-12-11,41853.0,174.0,187.0,0.0
MYT,Africa,Mayotte,2022-12-18,41921.0,68.0,187.0,0.0
MYT,Africa,Mayotte,2022-12-25,41969.0,48.0,187.0,0.0
MYT,Africa,Mayotte,2023-01-01,41993.0,24.0,187.0,0.0
MYT,Africa,Mayotte,2023-01-08,42002.0,9.0,187.0,0.0
MYT,Africa,Mayotte,2023-01-15,42002.0,0.0,187.0,0.0
MYT,Africa,Mayotte,2023-01-22,42002.0,0.0,187.0,0.0
MYT,Africa,Mayotte,2023-01-29,42002.0,0.0,187.0,0.0
MYT,Africa,Mayotte,2023-02-05,42002.0,0.0,187.0,0.0
MYT,Africa,Mayotte,2023-02-12,42004.0,2.0,187.0,0.0
MYT,Africa,Mayotte,2023-02-19,42004.0,0.0,187.0,0.0
MYT,Africa,Mayotte,2023-02-26,42004.0,0.0,187.0,0.0
MYT,Africa,Mayotte,2023-03-05,42004.0,0.0,187.0,0.0
MYT,Africa,Mayotte,2023-03-12,42004.0,0.0,187.0,0.0
MYT,Africa,Mayotte,2023-03-19,42004.0,0.0,187.0,0.0
MYT,Africa,Mayotte,2023-03-26,42007.0,3.0,187.0,0.0
MYT,Africa,Mayotte,2023-04-02,42008.0,1.0,187.0,0.0
MYT,Africa,Mayotte,2023-04-09,42008.0,0.0,187.0,0.0
MYT,Africa,Mayotte,2023-04-16,42027.0,19.0,187.0,0.0
MYT,Africa,Mayotte,2023-04-23,42027.0,0.0,187.0,0.0
MYT,Africa,Mayotte,2023-04-30,42027.0,0.0,187.0,0.0
MYT,Africa,Mayotte,2023-05-07,42027.0,0.0,187.0,0.0
MYT,Africa,Mayotte,2023-05-14,42027.0,0.0,187.0,0.0
MYT,Africa,Mayotte,2023-05-21,42027.0,0.0,187.0,0.0
MYT,Africa,Mayotte,2023-05-28,42027.0,0.0,187.0,0.0
MYT,Africa,Mayotte,2023-06-04,42027.0,0.0,187.0,0.0
MYT,Africa,Mayotte,2023-06-11,42027.0,0.0,187.0,0.0
MYT,Africa,Mayotte,2023-06-18,42027.0,0.0,187.0,0.0
MYT,Africa,Mayotte,2023-06-25,42027.0,0.0,187.0,0.0
MYT,Africa,Mayotte,2023-07-02,42027.0,0.0,187.0,0.0
MYT,Africa,Mayotte,2023-07-09,42027.0,0.0,187.0,0.0
MYT,Africa,Mayotte,2023-07-16,42027.0,0.0,187.0,0.0
MYT,Africa,Mayotte,2023-07-23,42027.0,0.0,187.0,0.0
MYT,Africa,Mayotte,2023-07-30,42027.0,0.0,187.0,0.0
MYT,Africa,Mayotte,2023-08-06,42027.0,0.0,187.0,0.0
MYT,Africa,Mayotte,2023-08-13,42027.0,0.0,187.0,0.0
MYT,Africa,Mayotte,2023-08-20,42027.0,0.0,187.0,0.0
MYT,Africa,Mayotte,2023-08-27,42027.0,0.0,187.0,0.0
MYT,Africa,Mayotte,2023-09-03,42027.0,0.0,187.0,0.0
MYT,Africa,Mayotte,2023-09-10,42027.0,0.0,187.0,0.0
MYT,Africa,Mayotte,2023-09-17,42027.0,0.0,187.0,0.0
MYT,Africa,Mayotte,2023-09-24,42027.0,0.0,187.0,0.0
MYT,Africa,Mayotte,2023-10-01,42027.0,0.0,187.0,0.0
MYT,Africa,Mayotte,2023-10-08,42027.0,0.0,187.0,0.0
MYT,Africa,Mayotte,2023-10-15,42027.0,0.0,187.0,0.0
MYT,Africa,Mayotte,2023-10-22,42027.0,0.0,187.0,0.0
MYT,Africa,Mayotte,2023-10-29,42027.0,0.0,187.0,0.0
MYT,Africa,Mayotte,2023-11-05,42027.0,0.0,187.0,0.0
MYT,Africa,Mayotte,2023-11-12,42027.0,0.0,187.0,0.0
MYT,Africa,Mayotte,2023-11-19,42027.0,0.0,187.0,0.0
MYT,Africa,Mayotte,2023-11-26,42027.0,0.0,187.0,0.0
MYT,Africa,Mayotte,2023-12-03,42027.0,0.0,187.0,0.0
MYT,Africa,Mayotte,2023-12-10,42027.0,0.0,187.0,0.0
MYT,Africa,Mayotte,2023-12-17,42027.0,0.0,187.0,0.0
MYT,Africa,Mayotte,2023-12-24,42027.0,0.0,187.0,0.0
MYT,Africa,Mayotte,2023-12-31,42027.0,0.0,187.0,0.0
MYT,Africa,Mayotte,2024-01-07,42027.0,0.0,187.0,0.0
