iso_code,continent,location,date,total_cases,new_cases,total_deaths,new_deaths
REU,Africa,Reunion,2020-01-05,,0.0,,0.0
REU,Africa,Reunion,2020-01-12,,0.0,,0.0
REU,Africa,Reunion,2020-01-19,,0.0,,0.0
REU,Africa,Reunion,2020-01-26,,0.0,,0.0
REU,Africa,Reunion,2020-02-02,,0.0,,0.0
REU,Africa,Reunion,2020-02-09,,0.0,,0.0
REU,Africa,Reunion,2020-02-16,,0.0,,0.0
REU,Africa,Reunion,2020-02-23,,0.0,,0.0
REU,Africa,Reunion,2020-03-01,,0.0,,0.0
REU,Africa,Reunion,2020-03-08,,0.0,,0.0
REU,Africa,Reunion,2020-03-15,13.0,13.0,,0.0
REU,Africa,Reunion,2020-03-22,47.0,34.0,,0.0
REU,Africa,Reunion,2020-03-29,143.0,96.0,,0.0
REU,Africa,Reunion,2020-04-05,334.0,191.0,,0.0
REU,Africa,Reunion,2020-04-12,388.0,54.0,,0.0
REU,Africa,Reunion,2020-04-19,407.0,19.0,,0.0
REU,Africa,Reunion,2020-04-26,411.0,4.0,,0.0
REU,Africa,Reunion,2020-05-03,420.0,9.0,,0.0
REU,Africa,Reunion,2020-05-10,430.0,10.0,,0.0
REU,Africa,Reunion,2020-05-17,443.0,13.0,,0.0
REU,Africa,Reunion,2020-05-24,452.0,9.0,1.0,1.0
REU,Africa,Reunion,2020-05-31,471.0,19.0,1.0,0.0
REU,Africa,Reunion,2020-06-07,480.0,9.0,1.0,0.0
REU,Africa,Reunion,2020-06-14,489.0,9.0,1.0,0.0
REU,Africa,Reunion,2020-06-21,505.0,16.0,1.0,0.0
REU,Africa,Reunion,2020-06-28,520.0,15.0,2.0,1.0
REU,Africa,Reunion,2020-07-05,536.0,16.0,2.0,0.0
REU,Africa,Reunion,2020-07-12,577.0,41.0,3.0,1.0
REU,Africa,Reunion,2020-07-19,624.0,47.0,3.0,0.0
REU,Africa,Reunion,2020-07-26,657.0,33.0,3.0,0.0
REU,Africa,Reunion,2020-08-02,664.0,7.0,4.0,1.0
REU,Africa,Reunion,2020-08-09,681.0,17.0,5.0,1.0
REU,Africa,Reunion,2020-08-16,788.0,107.0,5.0,0.0
REU,Africa,Reunion,2020-08-23,1117.0,329.0,6.0,1.0
REU,Africa,Reunion,2020-08-30,1557.0,440.0,3.0,
REU,Africa,Reunion,2020-09-06,2115.0,558.0,6.0,3.0
REU,Africa,Reunion,2020-09-13,2723.0,608.0,10.0,4.0
REU,Africa,Reunion,2020-09-20,3194.0,471.0,10.0,0.0
REU,Africa,Reunion,2020-09-27,3685.0,491.0,11.0,1.0
REU,Africa,Reunion,2020-10-04,4178.0,493.0,16.0,5.0
REU,Africa,Reunion,2020-10-11,4491.0,313.0,16.0,0.0
REU,Africa,Reunion,2020-10-18,4776.0,285.0,17.0,1.0
REU,Africa,Reunion,2020-10-25,5149.0,373.0,20.0,3.0
REU,Africa,Reunion,2020-11-01,5659.0,510.0,22.0,2.0
REU,Africa,Reunion,2020-11-08,6264.0,605.0,27.0,5.0
REU,Africa,Reunion,2020-11-15,6881.0,617.0,29.0,2.0
REU,Africa,Reunion,2020-11-22,7501.0,620.0,35.0,6.0
REU,Africa,Reunion,2020-11-29,7940.0,439.0,40.0,5.0
REU,Africa,Reunion,2020-12-06,8200.0,260.0,41.0,1.0
REU,Africa,Reunion,2020-12-13,8345.0,145.0,41.0,0.0
REU,Africa,Reunion,2020-12-20,8704.0,359.0,42.0,1.0
REU,Africa,Reunion,2020-12-27,8909.0,205.0,42.0,0.0
REU,Africa,Reunion,2021-01-03,9037.0,128.0,42.0,0.0
REU,Africa,Reunion,2021-01-10,9247.0,210.0,42.0,0.0
REU,Africa,Reunion,2021-01-17,9443.0,196.0,45.0,3.0
REU,Africa,Reunion,2021-01-24,9701.0,258.0,45.0,0.0
REU,Africa,Reunion,2021-01-31,9996.0,295.0,46.0,1.0
REU,Africa,Reunion,2021-02-07,10487.0,491.0,47.0,1.0
REU,Africa,Reunion,2021-02-14,10907.0,420.0,47.0,0.0
REU,Africa,Reunion,2021-02-21,11562.0,655.0,48.0,1.0
REU,Africa,Reunion,2021-02-28,12416.0,854.0,52.0,4.0
REU,Africa,Reunion,2021-03-07,13125.0,709.0,59.0,7.0
REU,Africa,Reunion,2021-03-14,13801.0,676.0,71.0,12.0
REU,Africa,Reunion,2021-03-21,14631.0,830.0,87.0,16.0
REU,Africa,Reunion,2021-03-28,15561.0,930.0,102.0,15.0
REU,Africa,Reunion,2021-04-04,16586.0,1025.0,115.0,13.0
REU,Africa,Reunion,2021-04-11,17508.0,922.0,123.0,8.0
REU,Africa,Reunion,2021-04-18,18425.0,917.0,135.0,12.0
REU,Africa,Reunion,2021-04-25,19343.0,918.0,141.0,6.0
REU,Africa,Reunion,2021-05-02,20381.0,1038.0,148.0,7.0
REU,Africa,Reunion,2021-05-09,21451.0,1070.0,150.0,2.0
REU,Africa,Reunion,2021-05-16,22644.0,1193.0,169.0,19.0
REU,Africa,Reunion,2021-05-23,23566.0,922.0,176.0,7.0
REU,Africa,Reunion,2021-05-30,24901.0,1335.0,189.0,13.0
REU,Africa,Reunion,2021-06-06,26075.0,1174.0,203.0,14.0
REU,Africa,Reunion,2021-06-13,27235.0,1160.0,212.0,9.0
REU,Africa,Reunion,2021-06-20,28441.0,1206.0,220.0,8.0
REU,Africa,Reunion,2021-06-27,29502.0,1061.0,226.0,6.0
REU,Africa,Reunion,2021-07-04,30583.0,1081.0,237.0,11.0
REU,Africa,Reunion,2021-07-11,31845.0,1262.0,244.0,7.0
REU,Africa,Reunion,2021-07-18,33295.0,1450.0,256.0,12.0
REU,Africa,Reunion,2021-07-25,34615.0,1320.0,266.0,10.0
REU,Africa,Reunion,2021-08-01,37231.0,2616.0,275.0,9.0
REU,Africa,Reunion,2021-08-08,40245.0,3014.0,288.0,13.0
REU,Africa,Reunion,2021-08-15,43835.0,3590.0,298.0,10.0
REU,Africa,Reunion,2021-08-22,46754.0,2919.0,310.0,12.0
REU,Africa,Reunion,2021-08-29,48683.0,1929.0,332.0,22.0
REU,Africa,Reunion,2021-09-05,50346.0,1663.0,342.0,10.0
REU,Africa,Reunion,2021-09-12,51651.0,1305.0,354.0,12.0
REU,Africa,Reunion,2021-09-19,52643.0,992.0,358.0,4.0
REU,Africa,Reunion,2021-09-26,53241.0,598.0,363.0,5.0
REU,Africa,Reunion,2021-10-03,53241.0,0.0,366.0,3.0
REU,Africa,Reunion,2021-10-10,53963.0,722.0,369.0,3.0
REU,Africa,Reunion,2021-10-17,54024.0,61.0,370.0,1.0
REU,Africa,Reunion,2021-10-24,54438.0,414.0,372.0,2.0
REU,Africa,Reunion,2021-10-31,54668.0,230.0,374.0,2.0
REU,Africa,Reunion,2021-11-07,55125.0,457.0,376.0,2.0
REU,Africa,Reunion,2021-11-14,55865.0,740.0,376.0,0.0
REU,Africa,Reunion,2021-11-21,57173.0,1308.0,379.0,3.0
REU,Africa,Reunion,2021-11-28,59048.0,1875.0,381.0,2.0
REU,Africa,Reunion,2021-12-05,61188.0,2140.0,384.0,3.0
REU,Africa,Reunion,2021-12-12,63863.0,2675.0,391.0,7.0
REU,Africa,Reunion,2021-12-19,67237.0,3374.0,393.0,2.0
REU,Africa,Reunion,2021-12-26,71795.0,4558.0,401.0,8.0
REU,Africa,Reunion,2022-01-02,76602.0,4807.0,409.0,8.0
REU,Africa,Reunion,2022-01-09,85960.0,9358.0,419.0,10.0
REU,Africa,Reunion,2022-01-16,102216.0,16256.0,435.0,16.0
REU,Africa,Reunion,2022-01-23,133617.0,31401.0,462.0,27.0
REU,Africa,Reunion,2022-01-30,180531.0,46914.0,500.0,38.0
REU,Africa,Reunion,2022-02-06,226005.0,45474.0,531.0,31.0
REU,Africa,Reunion,2022-02-13,256787.0,30782.0,565.0,34.0
REU,Africa,Reunion,2022-02-20,278494.0,21707.0,603.0,38.0
REU,Africa,Reunion,2022-02-27,292126.0,13632.0,640.0,37.0
REU,Africa,Reunion,2022-03-06,302162.0,10036.0,666.0,26.0
REU,Africa,Reunion,2022-03-13,310181.0,8019.0,680.0,14.0
REU,Africa,Reunion,2022-03-20,318695.0,8514.0,689.0,9.0
REU,Africa,Reunion,2022-03-27,327189.0,8494.0,702.0,13.0
REU,Africa,Reunion,2022-04-03,336945.0,9756.0,709.0,7.0
REU,Africa,Reunion,2022-04-10,347941.0,10996.0,720.0,11.0
REU,Africa,Reunion,2022-04-17,360445.0,12504.0,731.0,11.0
REU,Africa,Reunion,2022-04-24,374295.0,13850.0,742.0,11.0
REU,Africa,Reunion,2022-05-01,387184.0,12889.0,749.0,7.0
REU,Africa,Reunion,2022-05-08,398115.0,10931.0,756.0,7.0
REU,Africa,Reunion,2022-05-15,405980.0,7865.0,762.0,6.0
REU,Africa,Reunion,2022-05-22,411363.0,5383.0,770.0,8.0
REU,Africa,Reunion,2022-05-29,414615.0,3252.0,777.0,7.0
REU,Africa,Reunion,2022-06-05,416661.0,2046.0,784.0,7.0
REU,Africa,Reunion,2022-06-12,418585.0,1924.0,796.0,12.0
REU,Africa,Reunion,2022-06-19,419968.0,1383.0,799.0,3.0
REU,Africa,Reunion,2022-06-26,421269.0,1301.0,807.0,8.0
REU,Africa,Reunion,2022-07-03,422769.0,1500.0,812.0,5.0
REU,Africa,Reunion,2022-07-10,425638.0,2869.0,819.0,7.0
REU,Africa,Reunion,2022-07-17,429237.0,3599.0,825.0,6.0
REU,Africa,Reunion,2022-07-24,433472.0,4235.0,831.0,6.0
REU,Africa,Reunion,2022-07-31,439159.0,5687.0,838.0,7.0
REU,Africa,Reunion,2022-08-07,444982.0,5823.0,845.0,7.0
REU,Africa,Reunion,2022-08-14,449572.0,4590.0,853.0,8.0
REU,Africa,Reunion,2022-08-21,454665.0,5093.0,855.0,2.0
REU,Africa,Reunion,2022-08-28,460376.0,5711.0,861.0,6.0
REU,Africa,Reunion,2022-09-04,467390.0,7014.0,874.0,13.0
REU,Africa,Reunion,2022-09-11,472051.0,4661.0,879.0,5.0
REU,Africa,Reunion,2022-09-18,474623.0,2572.0,884.0,5.0
REU,Africa,Reunion,2022-09-25,475948.0,1325.0,890.0,6.0
REU,Africa,Reunion,2022-10-02,476571.0,623.0,893.0,3.0
REU,Africa,Reunion,2022-10-09,476927.0,356.0,894.0,1.0
REU,Africa,Reunion,2022-10-16,477263.0,336.0,896.0,2.0
REU,Africa,Reunion,2022-10-23,477603.0,340.0,898.0,2.0
REU,Africa,Reunion,2022-10-30,477959.0,356.0,899.0,1.0
REU,Africa,Reunion,2022-11-06,478346.0,387.0,899.0,0.0
REU,Africa,Reunion,2022-11-13,478855.0,509.0,899.0,0.0
REU,Africa,Reunion,2022-11-20,479430.0,575.0,902.0,3.0
REU,Africa,Reunion,2022-11-27,480323.0,893.0,902.0,0.0
REU,Africa,Reunion,2022-12-04,481540.0,1217.0,903.0,1.0
REU,Africa,Reunion,2022-12-11,482906.0,1366.0,905.0,2.0
REU,Africa,Reunion,2022-12-18,484736.0,1830.0,905.0,0.0
REU,Africa,Reunion,2022-12-25,486659.0,1923.0,906.0,1.0
REU,Africa,Reunion,2023-01-01,488508.0,1849.0,907.0,1.0
REU,Africa,Reunion,2023-01-08,490612.0,2104.0,911.0,4.0
REU,Africa,Reunion,2023-01-15,491825.0,1213.0,915.0,4.0
REU,Africa,Reunion,2023-01-22,492820.0,995.0,916.0,1.0
REU,Africa,Reunion,2023-01-29,493902.0,1082.0,919.0,3.0
REU,Africa,Reunion,2023-02-05,494595.0,693.0,921.0,2.0
REU,Africa,Reunion,2023-02-12,494595.0,0.0,921.0,0.0
REU,Africa,Reunion,2023-02-19,494595.0,0.0,921.0,0.0
REU,Africa,Reunion,2023-02-26,494595.0,0.0,921.0,0.0
REU,Africa,Reunion,2023-03-05,494595.0,0.0,921.0,0.0
REU,Africa,Reunion,2023-03-12,494595.0,0.0,921.0,0.0
REU,Africa,Reunion,2023-03-19,494595.0,0.0,921.0,0.0
REU,Africa,Reunion,2023-03-26,494595.0,0.0,921.0,0.0
REU,Africa,Reunion,2023-04-02,494595.0,0.0,921.0,0.0
REU,Africa,Reunion,2023-04-09,494595.0,0.0,921.0,0.0
REU,Africa,Reunion,2023-04-16,494595.0,0.0,921.0,0.0
REU,Africa,Reunion,2023-04-23,494595.0,0.0,921.0,0.0
REU,Africa,Reunion,2023-04-30,494595.0,0.0,921.0,0.0
REU,Africa,Reunion,2023-05-07,494595.0,0.0,921.0,0.0
REU,Africa,Reunion,2023-05-14,494595.0,0.0,921.0,0.0
REU,Africa,Reunion,2023-05-21,494595.0,0.0,921.0,0.0
REU,Africa,Reunion,2023-05-28,494595.0,0.0,921.0,0.0
REU,Africa,Reunion,2023-06-04,494595.0,0.0,921.0,0.0
REU,Africa,Reunion,2023-06-11,494595.0,0.0,921.0,0.0
REU,Africa,Reunion,2023-06-18,494595.0,0.0,921.0,0.0
REU,Africa,Reunion,2023-06-25,494595.0,0.0,921.0,0.0
REU,Africa,Reunion,2023-07-02,494595.0,0.0,921.0,0.0
REU,Africa,Reunion,2023-07-09,494595.0,0.0,921.0,0.0
REU,Africa,Reunion,2023-07-16,494595.0,0.0,921.0,0.0
REU,Africa,Reunion,2023-07-23,494595.0,0.0,921.0,0.0
REU,Africa,Reunion,2023-07-30,494595.0,0.0,921.0,0.0
REU,Africa,Reunion,2023-08-06,494595.0,0.0,921.0,0.0
REU,Africa,Reunion,2023-08-13,494595.0,0.0,921.0,0.0
REU,Africa,Reunion,2023-08-20,494595.0,0.0,921.0,0.0
REU,Africa,Reunion,2023-08-27,494595.0,0.0,921.0,0.0
REU,Africa,Reunion,2023-09-03,494595.0,0.0,921.0,0.0
REU,Africa,Reunion,2023-09-10,494595.0,0.0,921.0,0.0
REU,Africa,Reunion,2023-09-17,494595.0,0.0,921.0,0.0
REU,Africa,Reunion,2023-09-24,494595.0,0.0,921.0,0.0
REU,Africa,Reunion,2023-10-01,494595.0,0.0,921.0,0.0
REU,Africa,Reunion,2023-10-08,494595.0,0.0,921.0,0.0
REU,Africa,Reunion,2023-10-15,494595.0,0.0,921.0,0.0
REU,Africa,Reunion,2023-10-22,494595.0,0.0,921.0,0.0
REU,Africa,Reunion,2023-10-29,494595.0,0.0,921.0,0.0
REU,Africa,Reunion,2023-11-05,494595.0,0.0,921.0,0.0
REU,Africa,Reunion,2023-11-12,494595.0,0.0,921.0,0.0
REU,Africa,Reunion,2023-11-19,494595.0,0.0,921.0,0.0
REU,Africa,Reunion,2023-11-26,494595.0,0.0,921.0,0.0
REU,Africa,Reunion,2023-12-03,494595.0,0.0,921.0,0.0
REU,Africa,Reunion,2023-12-10,494595.0,0.0,921.0,0.0
REU,Africa,Reunion,2023-12-17,494595.0,0.0,921.0,0.0
REU,Africa,Reunion,2023-12-24,494595.0,0.0,921.0,0.0
REU,Africa,Reunion,2023-12-31,494595.0,0.0,921.0,0.0
REU,Africa,Reunion,2024-01-07,494595.0,0.0,921.0,0.0
REU,Africa,Reunion,2024-01-14,494595.0,0.0,921.0,0.0
