iso_code,continent,location,date,total_cases,new_cases,total_deaths,new_deaths
MAF,North America,Saint Martin (French part),2020-01-05,,0.0,,0.0
MAF,North America,Saint Martin (French part),2020-01-12,,0.0,,0.0
MAF,North America,Saint Martin (French part),2020-01-19,,0.0,,0.0
MAF,North America,Saint Martin (French part),2020-01-26,,0.0,,0.0
MAF,North America,Saint Martin (French part),2020-02-02,,0.0,,0.0
MAF,North America,Saint Martin (French part),2020-02-09,,0.0,,0.0
MAF,North America,Saint Martin (French part),2020-02-16,,0.0,,0.0
MAF,North America,Saint Martin (French part),2020-02-23,,0.0,,0.0
MAF,North America,Saint Martin (French part),2020-03-01,,0.0,,0.0
MAF,North America,Saint Martin (French part),2020-03-08,2.0,2.0,,0.0
MAF,North America,Saint Martin (French part),2020-03-15,2.0,0.0,,0.0
MAF,North America,Saint Martin (French part),2020-03-22,4.0,2.0,,0.0
MAF,North America,Saint Martin (French part),2020-03-29,12.0,8.0,,0.0
MAF,North America,Saint Martin (French part),2020-04-05,24.0,12.0,2.0,2.0
MAF,North America,Saint Martin (French part),2020-04-12,33.0,9.0,2.0,0.0
MAF,North America,Saint Martin (French part),2020-04-19,37.0,4.0,2.0,0.0
MAF,North America,Saint Martin (French part),2020-04-26,38.0,1.0,3.0,1.0
MAF,North America,Saint Martin (French part),2020-05-03,38.0,0.0,3.0,0.0
MAF,North America,Saint Martin (French part),2020-05-10,38.0,0.0,3.0,0.0
MAF,North America,Saint Martin (French part),2020-05-17,39.0,1.0,3.0,0.0
MAF,North America,Saint Martin (French part),2020-05-24,39.0,0.0,3.0,0.0
MAF,North America,Saint Martin (French part),2020-05-31,41.0,2.0,3.0,0.0
MAF,North America,Saint Martin (French part),2020-06-07,41.0,0.0,3.0,0.0
MAF,North America,Saint Martin (French part),2020-06-14,41.0,0.0,3.0,0.0
MAF,North America,Saint Martin (French part),2020-06-21,42.0,1.0,3.0,0.0
MAF,North America,Saint Martin (French part),2020-06-28,42.0,0.0,3.0,0.0
MAF,North America,Saint Martin (French part),2020-07-05,44.0,2.0,3.0,0.0
MAF,North America,Saint Martin (French part),2020-07-12,44.0,0.0,3.0,0.0
MAF,North America,Saint Martin (French part),2020-07-19,46.0,2.0,3.0,0.0
MAF,North America,Saint Martin (French part),2020-07-26,49.0,3.0,3.0,0.0
MAF,North America,Saint Martin (French part),2020-08-02,53.0,4.0,3.0,0.0
MAF,North America,Saint Martin (French part),2020-08-09,53.0,0.0,3.0,0.0
MAF,North America,Saint Martin (French part),2020-08-16,109.0,56.0,5.0,2.0
MAF,North America,Saint Martin (French part),2020-08-23,176.0,67.0,5.0,0.0
MAF,North America,Saint Martin (French part),2020-08-30,213.0,37.0,5.0,0.0
MAF,North America,Saint Martin (French part),2020-09-06,239.0,26.0,6.0,1.0
MAF,North America,Saint Martin (French part),2020-09-13,256.0,17.0,6.0,0.0
MAF,North America,Saint Martin (French part),2020-09-20,330.0,74.0,6.0,0.0
MAF,North America,Saint Martin (French part),2020-09-27,383.0,53.0,8.0,2.0
MAF,North America,Saint Martin (French part),2020-10-04,412.0,29.0,8.0,0.0
MAF,North America,Saint Martin (French part),2020-10-11,466.0,54.0,8.0,0.0
MAF,North America,Saint Martin (French part),2020-10-18,531.0,65.0,8.0,0.0
MAF,North America,Saint Martin (French part),2020-10-25,542.0,11.0,8.0,0.0
MAF,North America,Saint Martin (French part),2020-11-01,591.0,49.0,9.0,1.0
MAF,North America,Saint Martin (French part),2020-11-08,604.0,13.0,12.0,3.0
MAF,North America,Saint Martin (French part),2020-11-15,655.0,51.0,12.0,0.0
MAF,North America,Saint Martin (French part),2020-11-22,690.0,35.0,12.0,0.0
MAF,North America,Saint Martin (French part),2020-11-29,690.0,0.0,12.0,0.0
MAF,North America,Saint Martin (French part),2020-12-06,744.0,54.0,12.0,0.0
MAF,North America,Saint Martin (French part),2020-12-13,838.0,94.0,12.0,0.0
MAF,North America,Saint Martin (French part),2020-12-20,948.0,110.0,12.0,0.0
MAF,North America,Saint Martin (French part),2020-12-27,986.0,38.0,12.0,0.0
MAF,North America,Saint Martin (French part),2021-01-03,995.0,9.0,12.0,0.0
MAF,North America,Saint Martin (French part),2021-01-10,1002.0,7.0,12.0,0.0
MAF,North America,Saint Martin (French part),2021-01-17,1046.0,44.0,12.0,0.0
MAF,North America,Saint Martin (French part),2021-01-24,1191.0,145.0,12.0,0.0
MAF,North America,Saint Martin (French part),2021-01-31,1289.0,98.0,12.0,0.0
MAF,North America,Saint Martin (French part),2021-02-07,1289.0,0.0,12.0,0.0
MAF,North America,Saint Martin (French part),2021-02-14,1456.0,167.0,12.0,0.0
MAF,North America,Saint Martin (French part),2021-02-21,1456.0,0.0,12.0,0.0
MAF,North America,Saint Martin (French part),2021-02-28,1554.0,98.0,12.0,0.0
MAF,North America,Saint Martin (French part),2021-03-07,1581.0,27.0,12.0,0.0
MAF,North America,Saint Martin (French part),2021-03-14,1612.0,31.0,12.0,0.0
MAF,North America,Saint Martin (French part),2021-03-21,1633.0,21.0,12.0,0.0
MAF,North America,Saint Martin (French part),2021-03-28,1657.0,24.0,12.0,0.0
MAF,North America,Saint Martin (French part),2021-04-04,1687.0,30.0,13.0,1.0
MAF,North America,Saint Martin (French part),2021-04-11,1703.0,16.0,13.0,0.0
MAF,North America,Saint Martin (French part),2021-04-18,1710.0,7.0,13.0,0.0
MAF,North America,Saint Martin (French part),2021-04-25,1728.0,18.0,13.0,0.0
MAF,North America,Saint Martin (French part),2021-05-02,1749.0,21.0,14.0,1.0
MAF,North America,Saint Martin (French part),2021-05-09,1777.0,28.0,14.0,0.0
MAF,North America,Saint Martin (French part),2021-05-16,1839.0,62.0,14.0,0.0
MAF,North America,Saint Martin (French part),2021-05-23,1895.0,56.0,15.0,1.0
MAF,North America,Saint Martin (French part),2021-05-30,2009.0,114.0,15.0,0.0
MAF,North America,Saint Martin (French part),2021-06-06,2113.0,104.0,22.0,7.0
MAF,North America,Saint Martin (French part),2021-06-13,2228.0,115.0,25.0,3.0
MAF,North America,Saint Martin (French part),2021-06-20,2314.0,86.0,26.0,1.0
MAF,North America,Saint Martin (French part),2021-06-27,2367.0,53.0,27.0,1.0
MAF,North America,Saint Martin (French part),2021-07-04,2420.0,53.0,29.0,2.0
MAF,North America,Saint Martin (French part),2021-07-11,2472.0,52.0,30.0,1.0
MAF,North America,Saint Martin (French part),2021-07-18,2523.0,51.0,30.0,0.0
MAF,North America,Saint Martin (French part),2021-07-25,2579.0,56.0,30.0,0.0
MAF,North America,Saint Martin (French part),2021-08-01,2641.0,62.0,30.0,0.0
MAF,North America,Saint Martin (French part),2021-08-08,2755.0,114.0,33.0,3.0
MAF,North America,Saint Martin (French part),2021-08-15,2943.0,188.0,33.0,0.0
MAF,North America,Saint Martin (French part),2021-08-22,3147.0,204.0,33.0,0.0
MAF,North America,Saint Martin (French part),2021-08-29,3356.0,209.0,33.0,0.0
MAF,North America,Saint Martin (French part),2021-09-05,3544.0,188.0,33.0,0.0
MAF,North America,Saint Martin (French part),2021-09-12,3659.0,115.0,33.0,0.0
MAF,North America,Saint Martin (French part),2021-09-19,3740.0,81.0,35.0,2.0
MAF,North America,Saint Martin (French part),2021-09-26,3795.0,55.0,35.0,0.0
MAF,North America,Saint Martin (French part),2021-10-03,3819.0,24.0,36.0,1.0
MAF,North America,Saint Martin (French part),2021-10-10,3858.0,39.0,37.0,1.0
MAF,North America,Saint Martin (French part),2021-10-17,3888.0,30.0,37.0,0.0
MAF,North America,Saint Martin (French part),2021-10-24,3920.0,32.0,37.0,0.0
MAF,North America,Saint Martin (French part),2021-10-31,3941.0,21.0,37.0,0.0
MAF,North America,Saint Martin (French part),2021-11-07,3975.0,34.0,38.0,1.0
MAF,North America,Saint Martin (French part),2021-11-14,3993.0,18.0,38.0,0.0
MAF,North America,Saint Martin (French part),2021-11-21,4013.0,20.0,38.0,0.0
MAF,North America,Saint Martin (French part),2021-11-28,4031.0,18.0,38.0,0.0
MAF,North America,Saint Martin (French part),2021-12-05,4040.0,9.0,38.0,0.0
MAF,North America,Saint Martin (French part),2021-12-12,4059.0,19.0,38.0,0.0
MAF,North America,Saint Martin (French part),2021-12-19,4075.0,16.0,38.0,0.0
MAF,North America,Saint Martin (French part),2021-12-26,4118.0,43.0,39.0,1.0
MAF,North America,Saint Martin (French part),2022-01-02,4247.0,129.0,40.0,1.0
MAF,North America,Saint Martin (French part),2022-01-09,5222.0,975.0,40.0,0.0
MAF,North America,Saint Martin (French part),2022-01-16,7517.0,2295.0,40.0,0.0
MAF,North America,Saint Martin (French part),2022-01-23,8913.0,1396.0,41.0,1.0
MAF,North America,Saint Martin (French part),2022-01-30,9433.0,520.0,42.0,1.0
MAF,North America,Saint Martin (French part),2022-02-06,9606.0,173.0,43.0,1.0
MAF,North America,Saint Martin (French part),2022-02-13,9732.0,126.0,44.0,1.0
MAF,North America,Saint Martin (French part),2022-02-20,9790.0,58.0,44.0,0.0
MAF,North America,Saint Martin (French part),2022-02-27,9842.0,52.0,44.0,0.0
MAF,North America,Saint Martin (French part),2022-03-06,9870.0,28.0,44.0,0.0
MAF,North America,Saint Martin (French part),2022-03-13,9908.0,38.0,44.0,0.0
MAF,North America,Saint Martin (French part),2022-03-20,9939.0,31.0,44.0,0.0
MAF,North America,Saint Martin (French part),2022-03-27,9988.0,49.0,44.0,0.0
MAF,North America,Saint Martin (French part),2022-04-03,10069.0,81.0,44.0,0.0
MAF,North America,Saint Martin (French part),2022-04-10,10129.0,60.0,44.0,0.0
MAF,North America,Saint Martin (French part),2022-04-17,10222.0,93.0,44.0,0.0
MAF,North America,Saint Martin (French part),2022-04-24,10316.0,94.0,44.0,0.0
MAF,North America,Saint Martin (French part),2022-05-01,10418.0,102.0,44.0,0.0
MAF,North America,Saint Martin (French part),2022-05-08,10487.0,69.0,44.0,0.0
MAF,North America,Saint Martin (French part),2022-05-15,10552.0,65.0,44.0,0.0
MAF,North America,Saint Martin (French part),2022-05-22,10618.0,66.0,44.0,0.0
MAF,North America,Saint Martin (French part),2022-05-29,10688.0,70.0,44.0,0.0
MAF,North America,Saint Martin (French part),2022-06-05,10726.0,38.0,44.0,0.0
MAF,North America,Saint Martin (French part),2022-06-12,10800.0,74.0,44.0,0.0
MAF,North America,Saint Martin (French part),2022-06-19,10875.0,75.0,45.0,1.0
MAF,North America,Saint Martin (French part),2022-06-26,10952.0,77.0,45.0,0.0
MAF,North America,Saint Martin (French part),2022-07-03,11061.0,109.0,46.0,1.0
MAF,North America,Saint Martin (French part),2022-07-10,11224.0,163.0,46.0,0.0
MAF,North America,Saint Martin (French part),2022-07-17,11410.0,186.0,46.0,0.0
MAF,North America,Saint Martin (French part),2022-07-24,11535.0,125.0,46.0,0.0
MAF,North America,Saint Martin (French part),2022-07-31,11667.0,132.0,46.0,0.0
MAF,North America,Saint Martin (French part),2022-08-07,11774.0,107.0,46.0,0.0
MAF,North America,Saint Martin (French part),2022-08-14,11857.0,83.0,46.0,0.0
MAF,North America,Saint Martin (French part),2022-08-21,11911.0,54.0,46.0,0.0
MAF,North America,Saint Martin (French part),2022-08-28,11941.0,30.0,46.0,0.0
MAF,North America,Saint Martin (French part),2022-09-04,11941.0,0.0,46.0,0.0
MAF,North America,Saint Martin (French part),2022-09-11,11941.0,0.0,46.0,0.0
MAF,North America,Saint Martin (French part),2022-09-18,11941.0,0.0,46.0,0.0
MAF,North America,Saint Martin (French part),2022-09-25,11978.0,37.0,46.0,0.0
MAF,North America,Saint Martin (French part),2022-10-02,11978.0,0.0,46.0,0.0
MAF,North America,Saint Martin (French part),2022-10-09,11992.0,14.0,46.0,0.0
MAF,North America,Saint Martin (French part),2022-10-16,12009.0,17.0,46.0,0.0
MAF,North America,Saint Martin (French part),2022-10-23,12026.0,17.0,46.0,0.0
MAF,North America,Saint Martin (French part),2022-10-30,12026.0,0.0,46.0,0.0
MAF,North America,Saint Martin (French part),2022-11-06,12032.0,6.0,46.0,0.0
MAF,North America,Saint Martin (French part),2022-11-13,12034.0,2.0,46.0,0.0
MAF,North America,Saint Martin (French part),2022-11-20,12041.0,7.0,46.0,0.0
MAF,North America,Saint Martin (French part),2022-11-27,12058.0,17.0,46.0,0.0
MAF,North America,Saint Martin (French part),2022-12-04,12075.0,17.0,46.0,0.0
MAF,North America,Saint Martin (French part),2022-12-11,12104.0,29.0,46.0,0.0
MAF,North America,Saint Martin (French part),2022-12-18,12140.0,36.0,46.0,0.0
MAF,North America,Saint Martin (French part),2022-12-25,12180.0,40.0,46.0,0.0
MAF,North America,Saint Martin (French part),2023-01-01,12206.0,26.0,46.0,0.0
MAF,North America,Saint Martin (French part),2023-01-08,12222.0,16.0,46.0,0.0
MAF,North America,Saint Martin (French part),2023-01-15,12229.0,7.0,46.0,0.0
MAF,North America,Saint Martin (French part),2023-01-22,12233.0,4.0,46.0,0.0
MAF,North America,Saint Martin (French part),2023-01-29,12244.0,11.0,46.0,0.0
MAF,North America,Saint Martin (French part),2023-02-05,12247.0,3.0,46.0,0.0
MAF,North America,Saint Martin (French part),2023-02-12,12253.0,6.0,46.0,0.0
MAF,North America,Saint Martin (French part),2023-02-19,12257.0,4.0,46.0,0.0
MAF,North America,Saint Martin (French part),2023-02-26,12264.0,7.0,46.0,0.0
MAF,North America,Saint Martin (French part),2023-03-05,12271.0,7.0,46.0,0.0
MAF,North America,Saint Martin (French part),2023-03-12,12273.0,2.0,46.0,0.0
MAF,North America,Saint Martin (French part),2023-03-19,12278.0,5.0,46.0,0.0
MAF,North America,Saint Martin (French part),2023-03-26,12280.0,2.0,46.0,0.0
MAF,North America,Saint Martin (French part),2023-04-02,12280.0,0.0,46.0,0.0
MAF,North America,Saint Martin (French part),2023-04-09,12280.0,0.0,46.0,0.0
MAF,North America,Saint Martin (French part),2023-04-16,12287.0,7.0,46.0,0.0
MAF,North America,Saint Martin (French part),2023-04-23,12293.0,6.0,46.0,0.0
MAF,North America,Saint Martin (French part),2023-04-30,12300.0,7.0,46.0,0.0
MAF,North America,Saint Martin (French part),2023-05-07,12300.0,0.0,46.0,0.0
MAF,North America,Saint Martin (French part),2023-05-14,12300.0,0.0,46.0,0.0
MAF,North America,Saint Martin (French part),2023-05-21,12303.0,3.0,46.0,0.0
MAF,North America,Saint Martin (French part),2023-05-28,12303.0,0.0,46.0,0.0
MAF,North America,Saint Martin (French part),2023-06-04,12303.0,0.0,46.0,0.0
MAF,North America,Saint Martin (French part),2023-06-11,12303.0,0.0,46.0,0.0
MAF,North America,Saint Martin (French part),2023-06-18,12303.0,0.0,46.0,0.0
MAF,North America,Saint Martin (French part),2023-06-25,12324.0,21.0,46.0,0.0
MAF,North America,Saint Martin (French part),2023-07-02,12324.0,0.0,46.0,0.0
MAF,North America,Saint Martin (French part),2023-07-09,12324.0,0.0,46.0,0.0
MAF,North America,Saint Martin (French part),2023-07-16,12324.0,0.0,46.0,0.0
MAF,North America,Saint Martin (French part),2023-07-23,12324.0,0.0,46.0,0.0
MAF,North America,Saint Martin (French part),2023-07-30,12324.0,0.0,46.0,0.0
MAF,North America,Saint Martin (French part),2023-08-06,12324.0,0.0,46.0,0.0
MAF,North America,Saint Martin (French part),2023-08-13,12324.0,0.0,46.0,0.0
MAF,North America,Saint Martin (French part),2023-08-20,12324.0,0.0,46.0,0.0
MAF,North America,Saint Martin (French part),2023-08-27,12324.0,0.0,46.0,0.0
MAF,North America,Saint Martin (French part),2023-09-03,12324.0,0.0,46.0,0.0
MAF,North America,Saint Martin (French part),2023-09-10,12324.0,0.0,46.0,0.0
MAF,North America,Saint Martin (French part),2023-09-17,12324.0,0.0,46.0,0.0
MAF,North America,Saint Martin (French part),2023-09-24,12324.0,0.0,46.0,0.0
MAF,North America,Saint Martin (French part),2023-10-01,12324.0,0.0,46.0,0.0
MAF,North America,Saint Martin (French part),2023-10-08,12324.0,0.0,46.0,0.0
MAF,North America,Saint Martin (French part),2023-10-15,12324.0,0.0,46.0,0.0
MAF,North America,Saint Martin (French part),2023-10-22,12324.0,0.0,46.0,0.0
MAF,North America,Saint Martin (French part),2023-10-29,12324.0,0.0,46.0,0.0
MAF,North America,Saint Martin (French part),2023-11-05,12324.0,0.0,46.0,0.0
MAF,North America,Saint Martin (French part),2023-11-12,12324.0,0.0,46.0,0.0
MAF,North America,Saint Martin (French part),2023-11-19,12324.0,0.0,46.0,0.0
MAF,North America,Saint Martin (French part),2023-11-26,12324.0,0.0,46.0,0.0
MAF,North America,Saint Martin (French part),2023-12-03,12324.0,0.0,46.0,0.0
MAF,North America,Saint Martin (French part),2023-12-10,12324.0,0.0,46.0,0.0
MAF,North America,Saint Martin (French part),2023-12-17,12324.0,0.0,46.0,0.0
MAF,North America,Saint Martin (French part),2023-12-24,12324.0,0.0,46.0,0.0
MAF,North America,Saint Martin (French part),2023-12-31,12324.0,0.0,46.0,0.0
MAF,North America,Saint Martin (French part),2024-01-07,12324.0,0.0,46.0,0.0
