CountryName,CountryCode,RegionName,RegionCode,Date,ConfirmedCases,ConfirmedDeaths,PopulationVaccinated
Russia,RUS,,,20200101,,,
Russia,RUS,,,20200102,,,
Russia,RUS,,,20200103,,,
Russia,RUS,,,20200104,,,
Russia,RUS,,,20200105,,,
Russia,RUS,,,20200106,,,
Russia,RUS,,,20200107,,,
Russia,RUS,,,20200108,,,
Russia,RUS,,,20200109,,,
Russia,RUS,,,20200110,,,
Russia,RUS,,,20200111,,,
Russia,RUS,,,20200112,,,
Russia,RUS,,,20200113,,,
Russia,RUS,,,20200114,,,
Russia,RUS,,,20200115,,,
Russia,RUS,,,20200116,,,
Russia,RUS,,,20200117,,,
Russia,RUS,,,20200118,,,
Russia,RUS,,,20200119,,,
Russia,RUS,,,20200120,,,
Russia,RUS,,,20200121,,,
Russia,RUS,,,20200122,0.0,0.0,0.0
Russia,RUS,,,20200123,0.0,0.0,0.0
Russia,RUS,,,20200124,0.0,0.0,0.0
Russia,RUS,,,20200125,0.0,0.0,0.0
Russia,RUS,,,20200126,0.0,0.0,0.0
Russia,RUS,,,20200127,0.0,0.0,0.0
Russia,RUS,,,20200128,0.0,0.0,0.0
Russia,RUS,,,20200129,0.0,0.0,0.0
Russia,RUS,,,20200130,0.0,0.0,0.0
Russia,RUS,,,20200131,2.0,0.0,0.0
Russia,RUS,,,20200201,2.0,0.0,0.0
Russia,RUS,,,20200202,2.0,0.0,0.0
Russia,RUS,,,20200203,2.0,0.0,0.0
Russia,RUS,,,20200204,2.0,0.0,0.0
Russia,RUS,,,20200205,2.0,0.0,0.0
Russia,RUS,,,20200206,2.0,0.0,0.0
Russia,RUS,,,20200207,2.0,0.0,0.0
Russia,RUS,,,20200208,2.0,0.0,0.0
Russia,RUS,,,20200209,2.0,0.0,0.0
Russia,RUS,,,20200210,2.0,0.0,0.0
Russia,RUS,,,20200211,2.0,0.0,0.0
Russia,RUS,,,20200212,2.0,0.0,0.0
Russia,RUS,,,20200213,2.0,0.0,0.0
Russia,RUS,,,20200214,2.0,0.0,0.0
Russia,RUS,,,20200215,2.0,0.0,0.0
Russia,RUS,,,20200216,2.0,0.0,0.0
Russia,RUS,,,20200217,2.0,0.0,0.0
Russia,RUS,,,20200218,2.0,0.0,0.0
Russia,RUS,,,20200219,2.0,0.0,0.0
Russia,RUS,,,20200220,2.0,0.0,0.0
Russia,RUS,,,20200221,2.0,0.0,0.0
Russia,RUS,,,20200222,2.0,0.0,0.0
Russia,RUS,,,20200223,2.0,0.0,0.0
Russia,RUS,,,20200224,2.0,0.0,0.0
Russia,RUS,,,20200225,2.0,0.0,0.0
Russia,RUS,,,20200226,2.0,0.0,0.0
Russia,RUS,,,20200227,2.0,0.0,0.0
Russia,RUS,,,20200228,2.0,0.0,0.0
Russia,RUS,,,20200229,2.0,0.0,0.0
Russia,RUS,,,20200301,2.0,0.0,0.0
Russia,RUS,,,20200302,3.0,0.0,0.0
Russia,RUS,,,20200303,3.0,0.0,0.0
Russia,RUS,,,20200304,3.0,0.0,0.0
Russia,RUS,,,20200305,4.0,0.0,0.0
Russia,RUS,,,20200306,13.0,0.0,0.0
Russia,RUS,,,20200307,13.0,0.0,0.0
Russia,RUS,,,20200308,17.0,0.0,0.0
Russia,RUS,,,20200309,17.0,0.0,0.0
Russia,RUS,,,20200310,20.0,0.0,0.0
Russia,RUS,,,20200311,20.0,0.0,0.0
Russia,RUS,,,20200312,28.0,0.0,0.0
Russia,RUS,,,20200313,45.0,0.0,0.0
Russia,RUS,,,20200314,59.0,0.0,0.0
Russia,RUS,,,20200315,63.0,0.0,0.0
Russia,RUS,,,20200316,90.0,0.0,0.0
Russia,RUS,,,20200317,114.0,0.0,0.0
Russia,RUS,,,20200318,147.0,0.0,0.0
Russia,RUS,,,20200319,199.0,1.0,0.0
Russia,RUS,,,20200320,253.0,1.0,0.0
Russia,RUS,,,20200321,306.0,1.0,0.0
Russia,RUS,,,20200322,367.0,1.0,0.0
Russia,RUS,,,20200323,438.0,1.0,0.0
Russia,RUS,,,20200324,495.0,1.0,0.0
Russia,RUS,,,20200325,658.0,3.0,0.0
Russia,RUS,,,20200326,840.0,3.0,0.0
Russia,RUS,,,20200327,1036.0,4.0,0.0
Russia,RUS,,,20200328,1264.0,4.0,0.0
Russia,RUS,,,20200329,1534.0,8.0,0.0
Russia,RUS,,,20200330,1836.0,9.0,0.0
Russia,RUS,,,20200331,2337.0,17.0,0.0
Russia,RUS,,,20200401,2777.0,24.0,0.0
Russia,RUS,,,20200402,3548.0,30.0,0.0
Russia,RUS,,,20200403,4149.0,34.0,0.0
Russia,RUS,,,20200404,4731.0,43.0,0.0
Russia,RUS,,,20200405,5389.0,45.0,0.0
Russia,RUS,,,20200406,6343.0,47.0,0.0
Russia,RUS,,,20200407,7497.0,58.0,0.0
Russia,RUS,,,20200408,8672.0,63.0,0.0
Russia,RUS,,,20200409,10131.0,76.0,0.0
Russia,RUS,,,20200410,11917.0,94.0,0.0
Russia,RUS,,,20200411,13584.0,106.0,0.0
Russia,RUS,,,20200412,15770.0,130.0,0.0
Russia,RUS,,,20200413,18328.0,148.0,0.0
Russia,RUS,,,20200414,21102.0,170.0,0.0
Russia,RUS,,,20200415,24490.0,198.0,0.0
Russia,RUS,,,20200416,27938.0,232.0,0.0
Russia,RUS,,,20200417,32008.0,273.0,0.0
Russia,RUS,,,20200418,36793.0,313.0,0.0
Russia,RUS,,,20200419,42853.0,361.0,0.0
Russia,RUS,,,20200420,47121.0,405.0,0.0
Russia,RUS,,,20200421,52763.0,456.0,0.0
Russia,RUS,,,20200422,57999.0,513.0,0.0
Russia,RUS,,,20200423,62773.0,555.0,0.0
Russia,RUS,,,20200424,68622.0,615.0,0.0
Russia,RUS,,,20200425,74588.0,681.0,0.0
Russia,RUS,,,20200426,80949.0,747.0,0.0
Russia,RUS,,,20200427,87147.0,794.0,0.0
Russia,RUS,,,20200428,93558.0,867.0,0.0
Russia,RUS,,,20200429,99399.0,972.0,0.0
Russia,RUS,,,20200430,106498.0,1073.0,0.0
Russia,RUS,,,20200501,114431.0,1169.0,0.0
Russia,RUS,,,20200502,124054.0,1222.0,0.0
Russia,RUS,,,20200503,134687.0,1280.0,0.0
Russia,RUS,,,20200504,145268.0,1356.0,0.0
Russia,RUS,,,20200505,155370.0,1451.0,0.0
Russia,RUS,,,20200506,165929.0,1537.0,0.0
Russia,RUS,,,20200507,177160.0,1625.0,0.0
Russia,RUS,,,20200508,187859.0,1723.0,0.0
Russia,RUS,,,20200509,198676.0,1827.0,0.0
Russia,RUS,,,20200510,209688.0,1915.0,0.0
Russia,RUS,,,20200511,221344.0,2009.0,0.0
Russia,RUS,,,20200512,232243.0,2116.0,0.0
Russia,RUS,,,20200513,242271.0,2212.0,0.0
Russia,RUS,,,20200514,252245.0,2305.0,0.0
Russia,RUS,,,20200515,262843.0,2418.0,0.0
Russia,RUS,,,20200516,272043.0,2537.0,0.0
Russia,RUS,,,20200517,281752.0,2631.0,0.0
Russia,RUS,,,20200518,290678.0,2722.0,0.0
Russia,RUS,,,20200519,299941.0,2837.0,0.0
Russia,RUS,,,20200520,308705.0,2972.0,0.0
Russia,RUS,,,20200521,317554.0,3099.0,0.0
Russia,RUS,,,20200522,326448.0,3249.0,0.0
Russia,RUS,,,20200523,335882.0,3388.0,0.0
Russia,RUS,,,20200524,344481.0,3541.0,0.0
Russia,RUS,,,20200525,353427.0,3633.0,0.0
Russia,RUS,,,20200526,362342.0,3807.0,0.0
Russia,RUS,,,20200527,370680.0,3968.0,0.0
Russia,RUS,,,20200528,379051.0,4142.0,0.0
Russia,RUS,,,20200529,387623.0,4374.0,0.0
Russia,RUS,,,20200530,396575.0,4555.0,0.0
Russia,RUS,,,20200531,405843.0,4693.0,0.0
Russia,RUS,,,20200601,414328.0,4849.0,0.0
Russia,RUS,,,20200602,423186.0,5031.0,0.0
Russia,RUS,,,20200603,431715.0,5208.0,0.0
Russia,RUS,,,20200604,440538.0,5376.0,0.0
Russia,RUS,,,20200605,449256.0,5520.0,0.0
Russia,RUS,,,20200606,458102.0,5717.0,0.0
Russia,RUS,,,20200607,467073.0,5851.0,0.0
Russia,RUS,,,20200608,476043.0,5963.0,0.0
Russia,RUS,,,20200609,484630.0,6134.0,0.0
Russia,RUS,,,20200610,493023.0,6350.0,0.0
Russia,RUS,,,20200611,501800.0,6522.0,0.0
Russia,RUS,,,20200612,510761.0,6705.0,0.0
Russia,RUS,,,20200613,519458.0,6819.0,0.0
Russia,RUS,,,20200614,528267.0,6938.0,0.0
Russia,RUS,,,20200615,536484.0,7081.0,0.0
Russia,RUS,,,20200616,544725.0,7274.0,0.0
Russia,RUS,,,20200617,552549.0,7468.0,0.0
Russia,RUS,,,20200618,560321.0,7650.0,0.0
Russia,RUS,,,20200619,568292.0,7831.0,0.0
Russia,RUS,,,20200620,576162.0,7992.0,0.0
Russia,RUS,,,20200621,583879.0,8101.0,0.0
Russia,RUS,,,20200622,591465.0,8196.0,0.0
Russia,RUS,,,20200623,598878.0,8349.0,0.0
Russia,RUS,,,20200624,606043.0,8503.0,0.0
Russia,RUS,,,20200625,613148.0,8594.0,0.0
Russia,RUS,,,20200626,619936.0,8770.0,0.0
Russia,RUS,,,20200627,626779.0,8958.0,0.0
Russia,RUS,,,20200628,633563.0,9060.0,0.0
Russia,RUS,,,20200629,640246.0,9152.0,0.0
Russia,RUS,,,20200630,646929.0,9306.0,0.0
Russia,RUS,,,20200701,653479.0,9521.0,0.0
Russia,RUS,,,20200702,660231.0,9668.0,0.0
Russia,RUS,,,20200703,666941.0,9844.0,0.0
Russia,RUS,,,20200704,673564.0,10011.0,0.0
Russia,RUS,,,20200705,680283.0,10145.0,0.0
Russia,RUS,,,20200706,686852.0,10280.0,0.0
Russia,RUS,,,20200707,693215.0,10478.0,0.0
Russia,RUS,,,20200708,699749.0,10650.0,0.0
Russia,RUS,,,20200709,706240.0,10826.0,0.0
Russia,RUS,,,20200710,712863.0,11000.0,0.0
Russia,RUS,,,20200711,719449.0,11188.0,0.0
Russia,RUS,,,20200712,726036.0,11318.0,0.0
Russia,RUS,,,20200713,732547.0,11422.0,0.0
Russia,RUS,,,20200714,738787.0,11597.0,0.0
Russia,RUS,,,20200715,745197.0,11753.0,0.0
Russia,RUS,,,20200716,751612.0,11920.0,0.0
Russia,RUS,,,20200717,758001.0,12106.0,0.0
Russia,RUS,,,20200718,764215.0,12228.0,0.0
Russia,RUS,,,20200719,770311.0,12323.0,0.0
Russia,RUS,,,20200720,776212.0,12408.0,0.0
Russia,RUS,,,20200721,782040.0,12561.0,0.0
Russia,RUS,,,20200722,787890.0,12726.0,0.0
Russia,RUS,,,20200723,793720.0,12873.0,0.0
Russia,RUS,,,20200724,799499.0,13026.0,0.0
Russia,RUS,,,20200725,805332.0,13172.0,0.0
Russia,RUS,,,20200726,811073.0,13249.0,0.0
Russia,RUS,,,20200727,816680.0,13334.0,0.0
Russia,RUS,,,20200728,822060.0,13483.0,0.0
Russia,RUS,,,20200729,827509.0,13650.0,0.0
Russia,RUS,,,20200730,832993.0,13778.0,0.0
Russia,RUS,,,20200731,838461.0,13939.0,0.0
Russia,RUS,,,20200801,843890.0,14034.0,0.0
Russia,RUS,,,20200802,849277.0,14104.0,0.0
Russia,RUS,,,20200803,854641.0,14183.0,0.0
Russia,RUS,,,20200804,859762.0,14327.0,0.0
Russia,RUS,,,20200805,864948.0,14465.0,0.0
Russia,RUS,,,20200806,870187.0,14579.0,0.0
Russia,RUS,,,20200807,875378.0,14698.0,0.0
Russia,RUS,,,20200808,880563.0,14827.0,0.0
Russia,RUS,,,20200809,885718.0,14903.0,0.0
Russia,RUS,,,20200810,890799.0,14973.0,0.0
Russia,RUS,,,20200811,895691.0,15103.0,0.0
Russia,RUS,,,20200812,900745.0,15231.0,0.0
Russia,RUS,,,20200813,905762.0,15353.0,0.0
Russia,RUS,,,20200814,910778.0,15467.0,0.0
Russia,RUS,,,20200815,915808.0,15585.0,0.0
Russia,RUS,,,20200816,920719.0,15653.0,0.0
Russia,RUS,,,20200817,925558.0,15707.0,0.0
Russia,RUS,,,20200818,930276.0,15836.0,0.0
Russia,RUS,,,20200819,935066.0,15951.0,0.0
Russia,RUS,,,20200820,939833.0,16058.0,0.0
Russia,RUS,,,20200821,944671.0,16148.0,0.0
Russia,RUS,,,20200822,949531.0,16268.0,0.0
Russia,RUS,,,20200823,954328.0,16341.0,0.0
Russia,RUS,,,20200824,959016.0,16406.0,0.0
Russia,RUS,,,20200825,963655.0,16524.0,0.0
Russia,RUS,,,20200826,968297.0,16638.0,0.0
Russia,RUS,,,20200827,972972.0,16758.0,0.0
Russia,RUS,,,20200828,977730.0,16866.0,0.0
Russia,RUS,,,20200829,982573.0,16977.0,0.0
Russia,RUS,,,20200830,987470.0,17045.0,0.0
Russia,RUS,,,20200831,992402.0,17128.0,0.0
Russia,RUS,,,20200901,997072.0,17250.0,0.0
Russia,RUS,,,20200902,1001965.0,17365.0,0.0
Russia,RUS,,,20200903,1006923.0,17479.0,0.0
Russia,RUS,,,20200904,1011987.0,17598.0,0.0
Russia,RUS,,,20200905,1017131.0,17707.0,0.0
Russia,RUS,,,20200906,1022228.0,17768.0,0.0
Russia,RUS,,,20200907,1027334.0,17818.0,0.0
Russia,RUS,,,20200908,1032354.0,17939.0,0.0
Russia,RUS,,,20200909,1037526.0,18080.0,0.0
Russia,RUS,,,20200910,1042836.0,18207.0,0.0
Russia,RUS,,,20200911,1048257.0,18309.0,0.0
Russia,RUS,,,20200912,1053663.0,18426.0,0.0
Russia,RUS,,,20200913,1059024.0,18517.0,0.0
Russia,RUS,,,20200914,1064438.0,18573.0,0.0
Russia,RUS,,,20200915,1069873.0,18723.0,0.0
Russia,RUS,,,20200916,1075485.0,18853.0,0.0
Russia,RUS,,,20200917,1081152.0,18996.0,0.0
Russia,RUS,,,20200918,1086955.0,19128.0,0.0
Russia,RUS,,,20200919,1092915.0,19270.0,0.0
Russia,RUS,,,20200920,1098958.0,19349.0,0.0
Russia,RUS,,,20200921,1105048.0,19420.0,0.0
Russia,RUS,,,20200922,1111157.0,19575.0,0.0
Russia,RUS,,,20200923,1117487.0,19720.0,0.0
Russia,RUS,,,20200924,1123976.0,19867.0,0.0
Russia,RUS,,,20200925,1131088.0,19973.0,0.0
Russia,RUS,,,20200926,1138509.0,20140.0,0.0
Russia,RUS,,,20200927,1146273.0,20239.0,0.0
Russia,RUS,,,20200928,1154299.0,20299.0,0.0
Russia,RUS,,,20200929,1162428.0,20456.0,0.0
Russia,RUS,,,20200930,1170799.0,20630.0,0.0
Russia,RUS,,,20201001,1179634.0,20796.0,0.0
Russia,RUS,,,20201002,1188928.0,20981.0,0.0
Russia,RUS,,,20201003,1198663.0,21153.0,0.0
Russia,RUS,,,20201004,1209039.0,21260.0,0.0
Russia,RUS,,,20201005,1219796.0,21375.0,0.0
Russia,RUS,,,20201006,1231277.0,21559.0,0.0
Russia,RUS,,,20201007,1242258.0,21755.0,0.0
Russia,RUS,,,20201008,1253603.0,21939.0,0.0
Russia,RUS,,,20201009,1265572.0,22137.0,0.0
Russia,RUS,,,20201010,1278245.0,22331.0,0.0
Russia,RUS,,,20201011,1291687.0,22471.0,0.0
Russia,RUS,,,20201012,1305093.0,22594.0,0.0
Russia,RUS,,,20201013,1318783.0,22834.0,0.0
Russia,RUS,,,20201014,1332824.0,23069.0,0.0
Russia,RUS,,,20201015,1346380.0,23350.0,0.0
Russia,RUS,,,20201016,1361317.0,23580.0,0.0
Russia,RUS,,,20201017,1376020.0,23857.0,0.0
Russia,RUS,,,20201018,1390824.0,24039.0,0.0
Russia,RUS,,,20201019,1406667.0,24205.0,0.0
Russia,RUS,,,20201020,1422775.0,24473.0,0.0
Russia,RUS,,,20201021,1438219.0,24786.0,0.0
Russia,RUS,,,20201022,1453923.0,25072.0,0.0
Russia,RUS,,,20201023,1471000.0,25353.0,0.0
Russia,RUS,,,20201024,1487260.0,25647.0,0.0
Russia,RUS,,,20201025,1503652.0,25875.0,0.0
Russia,RUS,,,20201026,1520800.0,26092.0,0.0
Russia,RUS,,,20201027,1537142.0,26409.0,0.0
Russia,RUS,,,20201028,1553028.0,26752.0,0.0
Russia,RUS,,,20201029,1570446.0,27111.0,0.0
Russia,RUS,,,20201030,1588433.0,27462.0,0.0
Russia,RUS,,,20201031,1606267.0,27787.0,0.0
Russia,RUS,,,20201101,1624648.0,28026.0,0.0
Russia,RUS,,,20201102,1642665.0,28264.0,0.0
Russia,RUS,,,20201103,1661096.0,28611.0,0.0
Russia,RUS,,,20201104,1680579.0,28996.0,0.0
Russia,RUS,,,20201105,1699695.0,29285.0,0.0
Russia,RUS,,,20201106,1720063.0,29654.0,0.0
Russia,RUS,,,20201107,1740172.0,30010.0,0.0
Russia,RUS,,,20201108,1760420.0,30292.0,0.0
Russia,RUS,,,20201109,1781997.0,30546.0,0.0
Russia,RUS,,,20201110,1802762.0,30899.0,0.0
Russia,RUS,,,20201111,1822345.0,31326.0,0.0
Russia,RUS,,,20201112,1843678.0,31755.0,0.0
Russia,RUS,,,20201113,1865395.0,32156.0,0.0
Russia,RUS,,,20201114,1887836.0,32536.0,0.0
Russia,RUS,,,20201115,1910149.0,32885.0,0.0
Russia,RUS,,,20201116,1932711.0,33184.0,0.0
Russia,RUS,,,20201117,1954912.0,33619.0,0.0
Russia,RUS,,,20201118,1975629.0,34068.0,0.0
Russia,RUS,,,20201119,1998966.0,34525.0,0.0
Russia,RUS,,,20201120,2023025.0,34980.0,0.0
Russia,RUS,,,20201121,2047563.0,35442.0,0.0
Russia,RUS,,,20201122,2071858.0,35838.0,0.0
Russia,RUS,,,20201123,2096749.0,36192.0,0.0
Russia,RUS,,,20201124,2120836.0,36675.0,0.0
Russia,RUS,,,20201125,2144229.0,37173.0,0.0
Russia,RUS,,,20201126,2169424.0,37688.0,0.0
Russia,RUS,,,20201127,2196691.0,38175.0,0.0
Russia,RUS,,,20201128,2223500.0,38676.0,0.0
Russia,RUS,,,20201129,2249890.0,39127.0,0.0
Russia,RUS,,,20201130,2275936.0,39491.0,0.0
Russia,RUS,,,20201201,2302062.0,40050.0,0.0
Russia,RUS,,,20201202,2327105.0,40630.0,0.0
Russia,RUS,,,20201203,2354934.0,41173.0,0.0
Russia,RUS,,,20201204,2382012.0,41730.0,0.0
Russia,RUS,,,20201205,2410462.0,42228.0,0.0
Russia,RUS,,,20201206,2439163.0,42675.0,0.0
Russia,RUS,,,20201207,2466961.0,43122.0,0.0
Russia,RUS,,,20201208,2492713.0,43674.0,0.0
Russia,RUS,,,20201209,2518551.0,44220.0,0.0
Russia,RUS,,,20201210,2546113.0,44769.0,0.0
Russia,RUS,,,20201211,2574319.0,45370.0,0.0
Russia,RUS,,,20201212,2602048.0,45923.0,0.0
Russia,RUS,,,20201213,2629699.0,46404.0,0.0
Russia,RUS,,,20201214,2656601.0,46846.0,0.0
Russia,RUS,,,20201215,2682866.0,47410.0,0.0
Russia,RUS,,,20201216,2708940.0,47994.0,0.0
Russia,RUS,,,20201217,2736727.0,48568.0,0.0
Russia,RUS,,,20201218,2764843.0,49170.0,0.0
Russia,RUS,,,20201219,2792615.0,49744.0,0.0
Russia,RUS,,,20201220,2821125.0,50242.0,0.0
Russia,RUS,,,20201221,2850042.0,50723.0,0.0
Russia,RUS,,,20201222,2878382.0,51274.0,0.0
Russia,RUS,,,20201223,2905196.0,51810.0,0.0
Russia,RUS,,,20201224,2934695.0,52434.0,0.0
Russia,RUS,,,20201225,2963290.0,52985.0,0.0
Russia,RUS,,,20201226,2992123.0,53539.0,0.0
Russia,RUS,,,20201227,3019972.0,54080.0,0.0
Russia,RUS,,,20201228,3047335.0,54559.0,0.0
Russia,RUS,,,20201229,3073923.0,55107.0,0.0
Russia,RUS,,,20201230,3100018.0,55692.0,0.0
Russia,RUS,,,20201231,3127347.0,56271.0,0.0
Russia,RUS,,,20210101,3153960.0,56798.0,0.0
Russia,RUS,,,20210102,3179898.0,57235.0,0.0
Russia,RUS,,,20210103,3203743.0,57730.0,0.0
Russia,RUS,,,20210104,3226758.0,58203.0,0.0
Russia,RUS,,,20210105,3250713.0,58706.0,0.0
Russia,RUS,,,20210106,3274615.0,59137.0,0.0
Russia,RUS,,,20210107,3297833.0,59628.0,0.0
Russia,RUS,,,20210108,3321163.0,60067.0,0.0
Russia,RUS,,,20210109,3344175.0,60523.0,0.0
Russia,RUS,,,20210110,3366715.0,60963.0,0.0
Russia,RUS,,,20210111,3389733.0,61389.0,0.0
Russia,RUS,,,20210112,3412390.0,61908.0,0.0
Russia,RUS,,,20210113,3434934.0,62463.0,0.0
Russia,RUS,,,20210114,3459237.0,63016.0,0.0
Russia,RUS,,,20210115,3483531.0,63558.0,0.0
Russia,RUS,,,20210116,3507201.0,64134.0,0.0
Russia,RUS,,,20210117,3530379.0,64601.0,0.0
Russia,RUS,,,20210118,3552888.0,65059.0,0.0
Russia,RUS,,,20210119,3574330.0,65632.0,0.0
Russia,RUS,,,20210120,3595136.0,66214.0,0.0
Russia,RUS,,,20210121,3616680.0,66810.0,0.0
Russia,RUS,,,20210122,3637862.0,67376.0,0.0
Russia,RUS,,,20210123,3658447.0,67919.0,0.0
Russia,RUS,,,20210124,3679247.0,68397.0,0.0
Russia,RUS,,,20210125,3698246.0,68841.0,0.0
Russia,RUS,,,20210126,3716228.0,69391.0,0.0
Russia,RUS,,,20210127,3733692.0,69971.0,0.0
Russia,RUS,,,20210128,3752548.0,70533.0,0.0
Russia,RUS,,,20210129,3771514.0,71054.0,0.0
Russia,RUS,,,20210130,3790265.0,71556.0,0.0
Russia,RUS,,,20210131,3808348.0,72029.0,0.0
Russia,RUS,,,20210201,3825739.0,72456.0,0.0
Russia,RUS,,,20210202,3842145.0,72982.0,0.0
Russia,RUS,,,20210203,3858367.0,73497.0,0.0
Russia,RUS,,,20210204,3874830.0,74005.0,0.0
Russia,RUS,,,20210205,3891274.0,74520.0,0.0
Russia,RUS,,,20210206,3907653.0,75010.0,0.0
Russia,RUS,,,20210207,3923461.0,75430.0,0.0
Russia,RUS,,,20210208,3939162.0,75828.0,0.0
Russia,RUS,,,20210209,3953970.0,76347.0,0.0
Russia,RUS,,,20210210,3968228.0,76873.0,0.0
Russia,RUS,,,20210211,3983031.0,77415.0,0.0
Russia,RUS,,,20210212,3997898.0,77911.0,0.0
Russia,RUS,,,20210213,4012538.0,78403.0,0.0
Russia,RUS,,,20210214,4026506.0,78825.0,0.0
Russia,RUS,,,20210215,4040505.0,79210.0,0.0
Russia,RUS,,,20210216,4053535.0,79659.0,0.0
Russia,RUS,,,20210217,4066164.0,80118.0,0.0
Russia,RUS,,,20210218,4079407.0,80587.0,0.0
Russia,RUS,,,20210219,4092649.0,81048.0,0.0
Russia,RUS,,,20210220,4105424.0,81517.0,0.0
Russia,RUS,,,20210221,4117992.0,81926.0,0.0
Russia,RUS,,,20210222,4130447.0,82255.0,0.0
Russia,RUS,,,20210223,4142126.0,82666.0,0.0
Russia,RUS,,,20210224,4153735.0,83044.0,0.0
Russia,RUS,,,20210225,4164802.0,83481.0,0.0
Russia,RUS,,,20210226,4175757.0,83900.0,0.0
Russia,RUS,,,20210227,4187166.0,84330.0,0.0
Russia,RUS,,,20210228,4198400.0,84700.0,0.0
Russia,RUS,,,20210301,4209850.0,85025.0,0.0
Russia,RUS,,,20210302,4220291.0,85458.0,0.75
Russia,RUS,,,20210303,4230707.0,85901.0,0.83
Russia,RUS,,,20210304,4241970.0,86368.0,0.9
Russia,RUS,,,20210305,4252876.0,86821.0,0.96
Russia,RUS,,,20210306,4263785.0,87253.0,1.04
Russia,RUS,,,20210307,4274263.0,87614.0,1.06
Russia,RUS,,,20210308,4284408.0,87985.0,1.06
Russia,RUS,,,20210309,4293750.0,88315.0,1.07
Russia,RUS,,,20210310,4302726.0,88773.0,1.23
Russia,RUS,,,20210311,4311893.0,89224.0,1.32
Russia,RUS,,,20210312,4321588.0,89701.0,1.32
Russia,RUS,,,20210313,4331396.0,90169.0,1.32
Russia,RUS,,,20210314,4341381.0,90558.0,1.32
Russia,RUS,,,20210315,4350728.0,90958.0,1.32
Russia,RUS,,,20210316,4360033.0,91395.0,1.32
Russia,RUS,,,20210317,4368943.0,91815.0,1.69
Russia,RUS,,,20210318,4378656.0,92266.0,1.71
Russia,RUS,,,20210319,4388268.0,92704.0,1.83
Russia,RUS,,,20210320,4397816.0,93090.0,1.87
Russia,RUS,,,20210321,4407031.0,93457.0,1.9
Russia,RUS,,,20210322,4416226.0,93812.0,1.9
Russia,RUS,,,20210323,4424595.0,94231.0,1.9
Russia,RUS,,,20210324,4433364.0,94624.0,1.9
Russia,RUS,,,20210325,4442492.0,95010.0,1.9
Russia,RUS,,,20210326,4451565.0,95410.0,1.9
Russia,RUS,,,20210327,4460348.0,95792.0,1.9
Russia,RUS,,,20210328,4469327.0,96123.0,1.9
Russia,RUS,,,20210329,4477916.0,96413.0,2.96
Russia,RUS,,,20210330,4486078.0,96817.0,2.97
Russia,RUS,,,20210331,4494234.0,97219.0,3.02
Russia,RUS,,,20210401,4503291.0,97594.0,3.1
Russia,RUS,,,20210402,4511973.0,97986.0,3.13
Russia,RUS,,,20210403,4520879.0,98363.0,3.17
Russia,RUS,,,20210404,4529576.0,98713.0,3.19
Russia,RUS,,,20210405,4538101.0,99049.0,3.21
Russia,RUS,,,20210406,4546307.0,99431.0,3.26
Russia,RUS,,,20210407,4554481.0,99800.0,3.55
Russia,RUS,,,20210408,4563026.0,100158.0,3.6
Russia,RUS,,,20210409,4572053.0,100554.0,3.66
Russia,RUS,,,20210410,4580633.0,100949.0,3.73
Russia,RUS,,,20210411,4589209.0,101282.0,3.74
Russia,RUS,,,20210412,4597400.0,101552.0,3.77
Russia,RUS,,,20210413,4605444.0,101882.0,3.83
Russia,RUS,,,20210414,4613646.0,102275.0,3.89
Russia,RUS,,,20210415,4622464.0,102667.0,3.93
Russia,RUS,,,20210416,4631336.0,103059.0,3.97
Russia,RUS,,,20210417,4640537.0,103451.0,4.0
Russia,RUS,,,20210418,4649044.0,103834.0,4.25
Russia,RUS,,,20210419,4657509.0,104173.0,4.26
Russia,RUS,,,20210420,4665553.0,104545.0,4.3
Russia,RUS,,,20210421,4673699.0,104937.0,4.35
Russia,RUS,,,20210422,4682573.0,105328.0,4.44
Russia,RUS,,,20210423,4691290.0,105718.0,4.52
Russia,RUS,,,20210424,4699988.0,106108.0,4.68
Russia,RUS,,,20210425,4708640.0,106434.0,4.69
Russia,RUS,,,20210426,4717321.0,106783.0,4.75
Russia,RUS,,,20210427,4725252.0,107167.0,4.81
Russia,RUS,,,20210428,4732981.0,107547.0,4.93
Russia,RUS,,,20210429,4742142.0,107902.0,5.09
Russia,RUS,,,20210430,4750755.0,108290.0,5.21
Russia,RUS,,,20210501,4759902.0,108675.0,5.22
Russia,RUS,,,20210502,4768476.0,109011.0,5.28
Russia,RUS,,,20210503,4776844.0,109341.0,5.29
Russia,RUS,,,20210504,4784497.0,109670.0,5.31
Russia,RUS,,,20210505,4792354.0,110022.0,5.54
Russia,RUS,,,20210506,4799872.0,110366.0,5.72
Russia,RUS,,,20210507,4808133.0,110735.0,5.77
Russia,RUS,,,20210508,4816331.0,111097.0,5.9
Russia,RUS,,,20210509,4824621.0,111425.0,5.9
Russia,RUS,,,20210510,4832959.0,111740.0,5.96
Russia,RUS,,,20210511,4840948.0,112063.0,5.97
Russia,RUS,,,20210512,4849044.0,112410.0,6.23
Russia,RUS,,,20210513,4857303.0,112795.0,6.31
Russia,RUS,,,20210514,4866641.0,113182.0,6.52
Russia,RUS,,,20210515,4875308.0,113541.0,6.63
Russia,RUS,,,20210516,4883734.0,113927.0,6.67
Russia,RUS,,,20210517,4892938.0,114263.0,6.72
Russia,RUS,,,20210518,4900995.0,114619.0,6.86
Russia,RUS,,,20210519,4908794.0,115003.0,7.01
Russia,RUS,,,20210520,4917906.0,115393.0,7.1
Russia,RUS,,,20210521,4926717.0,115764.0,7.21
Russia,RUS,,,20210522,4935302.0,116144.0,7.67
Russia,RUS,,,20210523,4944129.0,116497.0,7.68
Russia,RUS,,,20210524,4952412.0,116812.0,7.73
Russia,RUS,,,20210525,4960174.0,117197.0,7.78
Russia,RUS,,,20210526,4968421.0,117595.0,7.91
Russia,RUS,,,20210527,4977332.0,117990.0,7.96
Russia,RUS,,,20210528,4986458.0,118386.0,8.14
Russia,RUS,,,20210529,4995613.0,118781.0,8.22
Russia,RUS,,,20210530,5005171.0,119130.0,8.24
Russia,RUS,,,20210531,5013512.0,119464.0,8.24
Russia,RUS,,,20210601,5022881.0,119830.0,8.72
Russia,RUS,,,20210602,5031583.0,120217.0,8.84
Russia,RUS,,,20210603,5040390.0,120604.0,8.89
Russia,RUS,,,20210604,5049210.0,120974.0,9.04
Russia,RUS,,,20210605,5058221.0,121365.0,9.06
Russia,RUS,,,20210606,5067246.0,121711.0,9.09
Russia,RUS,,,20210607,5076543.0,122037.0,9.24
Russia,RUS,,,20210608,5086386.0,122409.0,9.34
Russia,RUS,,,20210609,5096657.0,122802.0,9.43
Russia,RUS,,,20210610,5108217.0,123178.0,9.56
Russia,RUS,,,20210611,5120578.0,123568.0,9.67
Russia,RUS,,,20210612,5133938.0,123961.0,9.86
Russia,RUS,,,20210613,5148499.0,124314.0,9.89
Russia,RUS,,,20210614,5162049.0,124681.0,9.9
Russia,RUS,,,20210615,5176051.0,125055.0,9.92
Russia,RUS,,,20210616,5189260.0,125443.0,10.02
Russia,RUS,,,20210617,5203117.0,125853.0,10.16
Russia,RUS,,,20210618,5220168.0,126300.0,10.3
Russia,RUS,,,20210619,5237847.0,126761.0,10.51
Russia,RUS,,,20210620,5255214.0,127206.0,10.53
Russia,RUS,,,20210621,5272328.0,127641.0,10.63
Russia,RUS,,,20210622,5288766.0,128180.0,10.81
Russia,RUS,,,20210623,5306069.0,128719.0,10.82
Russia,RUS,,,20210624,5325940.0,129278.0,11.26
Russia,RUS,,,20210625,5346005.0,129869.0,11.41
Russia,RUS,,,20210626,5367317.0,130479.0,11.5
Russia,RUS,,,20210627,5387486.0,131070.0,11.63
Russia,RUS,,,20210628,5408744.0,131671.0,11.74
Russia,RUS,,,20210629,5428961.0,132314.0,11.84
Russia,RUS,,,20210630,5449594.0,132973.0,11.98
Russia,RUS,,,20210701,5472722.0,133633.0,12.11
Russia,RUS,,,20210702,5495513.0,134302.0,12.16
Russia,RUS,,,20210703,5519516.0,134987.0,12.3
Russia,RUS,,,20210704,5544209.0,135637.0,12.34
Russia,RUS,,,20210705,5568104.0,136279.0,12.37
Russia,RUS,,,20210706,5591030.0,137005.0,12.6
Russia,RUS,,,20210707,5614540.0,137718.0,12.7
Russia,RUS,,,20210708,5638901.0,138441.0,12.79
Russia,RUS,,,20210709,5664200.0,139156.0,12.94
Russia,RUS,,,20210710,5688807.0,139896.0,13.05
Russia,RUS,,,20210711,5713351.0,140635.0,13.08
Russia,RUS,,,20210712,5738000.0,141335.0,13.18
Russia,RUS,,,20210713,5762211.0,142102.0,13.31
Russia,RUS,,,20210714,5785542.0,142877.0,13.58
Russia,RUS,,,20210715,5810335.0,143657.0,13.71
Russia,RUS,,,20210716,5835523.0,144446.0,14.21
Russia,RUS,,,20210717,5860113.0,145222.0,14.23
Russia,RUS,,,20210718,5884593.0,145975.0,14.3
Russia,RUS,,,20210719,5908691.0,146686.0,14.35
Russia,RUS,,,20210720,5931925.0,147457.0,14.91
Russia,RUS,,,20210721,5955089.0,148229.0,15.06
Russia,RUS,,,20210722,5979027.0,149012.0,15.19
Russia,RUS,,,20210723,6002303.0,149796.0,15.64
Russia,RUS,,,20210724,6025698.0,150583.0,15.72
Russia,RUS,,,20210725,6049215.0,151352.0,15.78
Russia,RUS,,,20210726,6071893.0,152069.0,15.86
Russia,RUS,,,20210727,6094379.0,152836.0,16.14
Russia,RUS,,,20210728,6116249.0,153620.0,16.35
Russia,RUS,,,20210729,6138969.0,154404.0,16.63
Russia,RUS,,,20210730,6161985.0,155180.0,17.07
Russia,RUS,,,20210731,6185249.0,155952.0,17.47
Russia,RUS,,,20210801,6207513.0,156726.0,17.6
Russia,RUS,,,20210802,6230482.0,157496.0,17.66
Russia,RUS,,,20210803,6251953.0,158263.0,17.93
Russia,RUS,,,20210804,6274006.0,159032.0,18.35
Russia,RUS,,,20210805,6296570.0,159803.0,18.5
Russia,RUS,,,20210806,6318643.0,160574.0,18.69
Russia,RUS,,,20210807,6340370.0,161343.0,19.0
Russia,RUS,,,20210808,6362641.0,162109.0,19.11
Russia,RUS,,,20210809,6384195.0,162860.0,19.18
Russia,RUS,,,20210810,6404960.0,163629.0,19.61
Russia,RUS,,,20210811,6425918.0,164413.0,19.8
Russia,RUS,,,20210812,6447229.0,165201.0,20.05
Russia,RUS,,,20210813,6468890.0,165996.0,21.18
Russia,RUS,,,20210814,6490421.0,166795.0,22.29
Russia,RUS,,,20210815,6511431.0,167595.0,22.41
Russia,RUS,,,20210816,6531585.0,168384.0,22.52
Russia,RUS,,,20210817,6551934.0,169169.0,22.73
Russia,RUS,,,20210818,6572246.0,169948.0,22.92
Russia,RUS,,,20210819,6592705.0,170716.0,23.14
Russia,RUS,,,20210820,6613107.0,171480.0,23.39
Russia,RUS,,,20210821,6633521.0,172257.0,23.7
Russia,RUS,,,20210822,6653498.0,173003.0,23.85
Russia,RUS,,,20210823,6672373.0,173768.0,23.92
Russia,RUS,,,20210824,6690633.0,174542.0,24.17
Russia,RUS,,,20210825,6709605.0,175328.0,24.35
Russia,RUS,,,20210826,6728699.0,176127.0,24.5
Russia,RUS,,,20210827,6747681.0,176904.0,24.78
Russia,RUS,,,20210828,6766667.0,177679.0,24.91
Russia,RUS,,,20210829,6785465.0,178457.0,25.01
Russia,RUS,,,20210830,6803323.0,179233.0,25.12
Russia,RUS,,,20210831,6820697.0,180009.0,25.2
Russia,RUS,,,20210901,6838652.0,180781.0,25.75
Russia,RUS,,,20210902,6857243.0,181560.0,25.89
Russia,RUS,,,20210903,6875713.0,182341.0,26.27
Russia,RUS,,,20210904,6894113.0,183117.0,26.35
Russia,RUS,,,20210905,6912375.0,183896.0,26.47
Russia,RUS,,,20210906,6929862.0,184672.0,26.51
Russia,RUS,,,20210907,6946922.0,185447.0,26.8
Russia,RUS,,,20210908,6964595.0,186224.0,26.89
Russia,RUS,,,20210909,6982628.0,186999.0,27.11
Russia,RUS,,,20210910,7000636.0,187768.0,27.27
Russia,RUS,,,20210911,7019200.0,188546.0,27.36
Russia,RUS,,,20210912,7037435.0,189319.0,27.42
Russia,RUS,,,20210913,7055296.0,190031.0,27.52
Russia,RUS,,,20210914,7072825.0,190793.0,27.57
Russia,RUS,,,20210915,7091368.0,191566.0,27.74
Russia,RUS,,,20210916,7110656.0,192340.0,27.89
Russia,RUS,,,20210917,7130245.0,193111.0,28.0
Russia,RUS,,,20210918,7150244.0,193891.0,28.0
Russia,RUS,,,20210919,7170069.0,194671.0,28.28
Russia,RUS,,,20210920,7189445.0,195438.0,28.32
Russia,RUS,,,20210921,7208241.0,196235.0,28.36
Russia,RUS,,,20210922,7227549.0,197032.0,28.53
Russia,RUS,,,20210923,7248572.0,197834.0,28.53
Russia,RUS,,,20210924,7269514.0,198644.0,28.72
Russia,RUS,,,20210925,7291097.0,199450.0,28.79
Russia,RUS,,,20210926,7313112.0,200245.0,28.82
Russia,RUS,,,20210927,7334843.0,201015.0,28.89
Russia,RUS,,,20210928,7355883.0,201854.0,28.91
Russia,RUS,,,20210929,7377774.0,202700.0,29.06
Russia,RUS,,,20210930,7401104.0,203549.0,29.17
Russia,RUS,,,20211001,7425057.0,204424.0,29.25
Russia,RUS,,,20211002,7449689.0,205297.0,29.35
Russia,RUS,,,20211003,7474850.0,206179.0,29.4
Russia,RUS,,,20211004,7500000.0,207056.0,29.43
Russia,RUS,,,20211005,7524465.0,207932.0,29.55
Russia,RUS,,,20211006,7548944.0,208842.0,29.92
Russia,RUS,,,20211007,7575825.0,209752.0,30.92
Russia,RUS,,,20211008,7602386.0,210673.0,31.01
Russia,RUS,,,20211009,7631034.0,211627.0,31.05
Russia,RUS,,,20211010,7658923.0,212576.0,31.12
Russia,RUS,,,20211011,7687559.0,213522.0,31.16
Russia,RUS,,,20211012,7714973.0,214476.0,31.17
Russia,RUS,,,20211013,7742899.0,215438.0,31.31
Russia,RUS,,,20211014,7773388.0,216403.0,31.35
Russia,RUS,,,20211015,7804750.0,217382.0,31.58
Russia,RUS,,,20211016,7837101.0,218362.0,31.58
Russia,RUS,,,20211017,7870529.0,219342.0,31.58
Russia,RUS,,,20211018,7903963.0,220323.0,31.58
Russia,RUS,,,20211019,7936798.0,221314.0,31.58
Russia,RUS,,,20211020,7969960.0,222320.0,31.58
Russia,RUS,,,20211021,8005376.0,223331.0,31.58
Russia,RUS,,,20211022,8041581.0,224369.0,31.58
Russia,RUS,,,20211023,8078309.0,225417.0,31.58
Russia,RUS,,,20211024,8112999.0,226464.0,31.58
Russia,RUS,,,20211025,8149946.0,227506.0,31.58
Russia,RUS,,,20211026,8185400.0,228581.0,31.58
Russia,RUS,,,20211027,8220975.0,229672.0,31.58
Russia,RUS,,,20211028,8260045.0,230786.0,32.57
Russia,RUS,,,20211029,8298850.0,231931.0,32.64
Russia,RUS,,,20211030,8338053.0,233063.0,32.8
Russia,RUS,,,20211031,8377984.0,234194.0,32.89
Russia,RUS,,,20211101,8417305.0,235318.0,32.95
Russia,RUS,,,20211102,8455232.0,236462.0,33.13
Russia,RUS,,,20211103,8494589.0,237619.0,33.31
Russia,RUS,,,20211104,8533706.0,238784.0,34.08
Russia,RUS,,,20211105,8573323.0,239943.0,34.08
Russia,RUS,,,20211106,8613533.0,241095.0,34.08
Russia,RUS,,,20211107,8651561.0,242241.0,34.26
Russia,RUS,,,20211108,8689818.0,243405.0,34.3
Russia,RUS,,,20211109,8727817.0,244588.0,34.51
Russia,RUS,,,20211110,8764713.0,245794.0,34.63
Russia,RUS,,,20211111,8804297.0,247000.0,34.85
Russia,RUS,,,20211112,8843238.0,248203.0,34.96
Russia,RUS,,,20211113,8881306.0,249415.0,35.24
Russia,RUS,,,20211114,8918926.0,250609.0,35.37
Russia,RUS,,,20211115,8956136.0,251796.0,35.5
Russia,RUS,,,20211116,8991748.0,253009.0,35.74
Russia,RUS,,,20211117,9027163.0,254229.0,36.09
Russia,RUS,,,20211118,9063318.0,255448.0,36.28
Russia,RUS,,,20211119,9099253.0,256669.0,36.5
Russia,RUS,,,20211120,9135149.0,257891.0,37.02
Russia,RUS,,,20211121,9170898.0,259107.0,37.02
Russia,RUS,,,20211122,9205431.0,260319.0,37.28
Russia,RUS,,,20211123,9238330.0,261526.0,37.38
Russia,RUS,,,20211124,9270885.0,262733.0,37.74
Russia,RUS,,,20211125,9303751.0,263934.0,37.96
Russia,RUS,,,20211126,9337575.0,265134.0,38.35
Russia,RUS,,,20211127,9370694.0,266337.0,38.67
Russia,RUS,,,20211128,9403480.0,267527.0,38.78
Russia,RUS,,,20211129,9436650.0,268705.0,38.94
Russia,RUS,,,20211130,9468640.0,269900.0,39.17
Russia,RUS,,,20211201,9500836.0,271091.0,39.41
Russia,RUS,,,20211202,9533593.0,272279.0,39.8
Russia,RUS,,,20211203,9565909.0,273463.0,39.99
Russia,RUS,,,20211204,9598283.0,274648.0,40.41
Russia,RUS,,,20211205,9630296.0,275824.0,40.56
Russia,RUS,,,20211206,9661865.0,276979.0,40.63
Russia,RUS,,,20211207,9692411.0,278131.0,40.88
Russia,RUS,,,20211208,9722639.0,279280.0,41.16
Russia,RUS,,,20211209,9752340.0,280427.0,41.45
Russia,RUS,,,20211210,9782723.0,281571.0,41.57
Russia,RUS,,,20211211,9812538.0,282713.0,42.13
Russia,RUS,,,20211212,9842021.0,283815.0,42.41
Russia,RUS,,,20211213,9871229.0,284909.0,42.45
Russia,RUS,,,20211214,9899139.0,286023.0,42.73
Russia,RUS,,,20211215,9927150.0,287135.0,42.86
Russia,RUS,,,20211216,9955308.0,288240.0,42.9
Russia,RUS,,,20211217,9982735.0,289292.0,43.36
Russia,RUS,,,20211218,10009866.0,290340.0,43.71
Russia,RUS,,,20211219,10037546.0,291336.0,43.94
Russia,RUS,,,20211220,10064290.0,292331.0,44.02
Russia,RUS,,,20211221,10089945.0,293329.0,44.6
Russia,RUS,,,20211222,10114983.0,294322.0,44.61
Russia,RUS,,,20211223,10140429.0,295296.0,44.84
Russia,RUS,,,20211224,10164951.0,296268.0,44.98
Russia,RUS,,,20211225,10189722.0,297223.0,45.22
Russia,RUS,,,20211226,10213265.0,298165.0,45.22
Russia,RUS,,,20211227,10236301.0,299077.0,45.26
Russia,RUS,,,20211228,10258052.0,299983.0,45.5
Russia,RUS,,,20211229,10279009.0,300886.0,46.08
Russia,RUS,,,20211230,10299923.0,301791.0,46.08
Russia,RUS,,,20211231,10320405.0,302671.0,46.14
Russia,RUS,,,20220101,10340011.0,303496.0,46.3
Russia,RUS,,,20220102,10358099.0,304284.0,46.3
Russia,RUS,,,20220103,10374292.0,305096.0,46.3
Russia,RUS,,,20220104,10390052.0,305906.0,46.3
Russia,RUS,,,20220105,10405684.0,306710.0,46.3
Russia,RUS,,,20220106,10420863.0,307488.0,46.31
Russia,RUS,,,20220107,10437471.0,308258.0,46.39
Russia,RUS,,,20220108,10453895.0,309041.0,46.41
Russia,RUS,,,20220109,10470006.0,309787.0,46.48
Russia,RUS,,,20220110,10485705.0,310513.0,46.57
Russia,RUS,,,20220111,10503101.0,311281.0,46.8
Russia,RUS,,,20220112,10520898.0,312010.0,47.0
Russia,RUS,,,20220113,10541870.0,312733.0,47.39
Russia,RUS,,,20220114,10565484.0,313458.0,47.39
Russia,RUS,,,20220115,10592433.0,314166.0,47.42
Russia,RUS,,,20220116,10621410.0,314838.0,47.48
Russia,RUS,,,20220117,10651867.0,315495.0,47.5
Russia,RUS,,,20220118,10682826.0,316168.0,47.65
Russia,RUS,,,20220119,10716397.0,316852.0,47.65
Russia,RUS,,,20220120,10754905.0,317523.0,47.65
Russia,RUS,,,20220121,10804032.0,318200.0,47.7
Russia,RUS,,,20220122,10860799.0,318869.0,47.89
Russia,RUS,,,20220123,10923494.0,319536.0,47.89
Russia,RUS,,,20220124,10988027.0,320178.0,47.89
Russia,RUS,,,20220125,11055246.0,320844.0,47.89
Russia,RUS,,,20220126,11129318.0,321484.0,47.97
Russia,RUS,,,20220127,11217423.0,322135.0,47.97
Russia,RUS,,,20220128,11314707.0,322796.0,48.03
Russia,RUS,,,20220129,11427009.0,323452.0,48.08
Russia,RUS,,,20220130,11547333.0,324060.0,48.17
Russia,RUS,,,20220131,11670366.0,324672.0,48.24
Russia,RUS,,,20220201,11795059.0,325321.0,48.35
Russia,RUS,,,20220202,11936064.0,325986.0,48.38
Russia,RUS,,,20220203,12090707.0,326642.0,48.43
Russia,RUS,,,20220204,12257664.0,327310.0,48.53
Russia,RUS,,,20220205,12433643.0,328014.0,48.59
Russia,RUS,,,20220206,12612259.0,328664.0,48.6
Russia,RUS,,,20220207,12782791.0,329264.0,48.61
Russia,RUS,,,20220208,12946888.0,329951.0,48.77
Russia,RUS,,,20220209,13128679.0,330609.0,48.86
Russia,RUS,,,20220210,13323972.0,331300.0,48.86
Russia,RUS,,,20220211,13526183.0,332010.0,48.86
Russia,RUS,,,20220212,13728138.0,332727.0,48.99
Russia,RUS,,,20220213,13923951.0,333421.0,49.05
Russia,RUS,,,20220214,14102736.0,334093.0,49.21
Russia,RUS,,,20220215,14267875.0,334785.0,49.28
Russia,RUS,,,20220216,14445698.0,335521.0,49.36
Russia,RUS,,,20220217,14624423.0,336299.0,49.48
Russia,RUS,,,20220218,14802439.0,337074.0,49.48
Russia,RUS,,,20220219,14979363.0,337860.0,49.48
Russia,RUS,,,20220220,15147762.0,338595.0,49.48
Russia,RUS,,,20220221,15297628.0,339319.0,49.48
Russia,RUS,,,20220222,15430540.0,340101.0,49.48
Russia,RUS,,,20220223,15566425.0,340872.0,49.48
Russia,RUS,,,20220224,15697674.0,341624.0,49.48
Russia,RUS,,,20220225,15819594.0,342397.0,49.48
Russia,RUS,,,20220226,15941241.0,343178.0,49.48
Russia,RUS,,,20220227,16055851.0,343934.0,49.48
Russia,RUS,,,20220228,16161596.0,344655.0,49.48
Russia,RUS,,,20220301,16257688.0,345427.0,49.48
Russia,RUS,,,20220302,16353868.0,346197.0,49.48
Russia,RUS,,,20220303,16445802.0,346967.0,49.74
Russia,RUS,,,20220304,16533932.0,347730.0,49.78
Russia,RUS,,,20220305,16619507.0,348467.0,49.82
Russia,RUS,,,20220306,16698139.0,349196.0,49.84
Russia,RUS,,,20220307,16770275.0,349853.0,49.84
Russia,RUS,,,20220308,16835844.0,350490.0,49.84
Russia,RUS,,,20220309,16893631.0,351124.0,49.85
Russia,RUS,,,20220310,16943915.0,351776.0,49.88
Russia,RUS,,,20220311,16993625.0,352437.0,49.9
Russia,RUS,,,20220312,17040721.0,353054.0,49.9
Russia,RUS,,,20220313,17084672.0,353635.0,49.9
Russia,RUS,,,20220314,17124792.0,354157.0,49.92
Russia,RUS,,,20220315,17160872.0,354702.0,49.97
Russia,RUS,,,20220316,17196841.0,355267.0,49.98
Russia,RUS,,,20220317,17231013.0,355816.0,49.98
Russia,RUS,,,20220318,17264828.0,356327.0,49.98
Russia,RUS,,,20220319,17297181.0,356812.0,49.98
Russia,RUS,,,20220320,17327694.0,357234.0,50.02
Russia,RUS,,,20220321,17356036.0,357634.0,50.03
Russia,RUS,,,20220322,17382051.0,358093.0,50.1
Russia,RUS,,,20220323,17408475.0,358510.0,50.13
Russia,RUS,,,20220324,17433393.0,358919.0,50.24
Russia,RUS,,,20220325,17458275.0,359307.0,50.25
Russia,RUS,,,20220326,17481799.0,359693.0,50.3
Russia,RUS,,,20220327,17504537.0,360021.0,50.31
Russia,RUS,,,20220328,17525184.0,360347.0,50.31
Russia,RUS,,,20220329,17544419.0,360674.0,50.33
Russia,RUS,,,20220330,17564186.0,361014.0,50.34
Russia,RUS,,,20220331,17583111.0,361348.0,50.34
Russia,RUS,,,20220401,17601907.0,361679.0,50.34
Russia,RUS,,,20220402,17619521.0,362008.0,50.34
Russia,RUS,,,20220403,17636019.0,362304.0,50.34
Russia,RUS,,,20220404,17651048.0,362581.0,50.38
Russia,RUS,,,20220405,17664790.0,362890.0,50.41
Russia,RUS,,,20220406,17679300.0,363175.0,50.42
Russia,RUS,,,20220407,17693468.0,363455.0,50.45
Russia,RUS,,,20220408,17707591.0,363731.0,50.45
Russia,RUS,,,20220409,17720977.0,364011.0,50.45
Russia,RUS,,,20220410,17733809.0,364265.0,50.45
Russia,RUS,,,20220411,17745453.0,364506.0,50.47
Russia,RUS,,,20220412,17756183.0,364779.0,50.47
Russia,RUS,,,20220413,17767760.0,365038.0,50.5
Russia,RUS,,,20220414,17778928.0,365285.0,50.56
Russia,RUS,,,20220415,17790211.0,365540.0,50.57
Russia,RUS,,,20220416,17801103.0,365774.0,50.57
Russia,RUS,,,20220417,17811199.0,366001.0,50.57
Russia,RUS,,,20220418,17820486.0,366209.0,50.59
Russia,RUS,,,20220419,17829009.0,366436.0,50.6
Russia,RUS,,,20220420,17838087.0,366654.0,50.61
Russia,RUS,,,20220421,17846818.0,366845.0,50.64
Russia,RUS,,,20220422,17855661.0,367036.0,50.65
Russia,RUS,,,20220423,17864332.0,367203.0,50.65
Russia,RUS,,,20220424,17872625.0,367366.0,50.65
Russia,RUS,,,20220425,17880154.0,367521.0,50.65
Russia,RUS,,,20220426,17887152.0,367692.0,50.79
Russia,RUS,,,20220427,17894787.0,367850.0,50.79
Russia,RUS,,,20220428,17902334.0,368011.0,50.82
Russia,RUS,,,20220429,17909924.0,368166.0,50.84
Russia,RUS,,,20220430,17917191.0,368319.0,50.84
Russia,RUS,,,20220501,17924145.0,368463.0,50.84
Russia,RUS,,,20220502,17930267.0,368595.0,50.84
Russia,RUS,,,20220503,17935641.0,368716.0,50.84
Russia,RUS,,,20220504,17940665.0,368840.0,50.84
Russia,RUS,,,20220505,17945617.0,368974.0,50.84
Russia,RUS,,,20220506,17951065.0,369106.0,50.84
Russia,RUS,,,20220507,17956472.0,369236.0,50.84
Russia,RUS,,,20220508,17961837.0,369350.0,50.84
Russia,RUS,,,20220509,17966773.0,369451.0,50.84
Russia,RUS,,,20220510,17971207.0,369548.0,50.84
Russia,RUS,,,20220511,17975243.0,369644.0,50.84
Russia,RUS,,,20220512,17979272.0,369752.0,50.84
Russia,RUS,,,20220513,17984104.0,369855.0,50.84
Russia,RUS,,,20220514,17989065.0,369961.0,50.84
Russia,RUS,,,20220515,17993952.0,370057.0,50.84
Russia,RUS,,,20220516,17998438.0,370145.0,50.84
Russia,RUS,,,20220517,18002493.0,370252.0,50.84
Russia,RUS,,,20220518,18007169.0,370354.0,50.84
Russia,RUS,,,20220519,18012019.0,370449.0,50.85
Russia,RUS,,,20220520,18017039.0,370542.0,50.85
Russia,RUS,,,20220521,18022001.0,370642.0,50.85
Russia,RUS,,,20220522,18026628.0,370721.0,50.85
Russia,RUS,,,20220523,18030719.0,370795.0,50.85
Russia,RUS,,,20220524,18034423.0,370882.0,50.85
Russia,RUS,,,20220525,18038920.0,370972.0,50.92
Russia,RUS,,,20220526,18043539.0,371061.0,50.92
Russia,RUS,,,20220527,18048085.0,371141.0,50.92
Russia,RUS,,,20220528,18052544.0,371223.0,50.92
Russia,RUS,,,20220529,18056662.0,371306.0,50.92
Russia,RUS,,,20220530,18060405.0,371378.0,50.92
Russia,RUS,,,20220531,18063880.0,371464.0,51.11
Russia,RUS,,,20220601,18067977.0,371546.0,51.11
Russia,RUS,,,20220602,18072173.0,371628.0,51.13
Russia,RUS,,,20220603,18076286.0,371703.0,51.13
Russia,RUS,,,20220604,18080277.0,371781.0,51.13
Russia,RUS,,,20220605,18083984.0,371854.0,51.13
Russia,RUS,,,20220606,18087265.0,371915.0,51.13
Russia,RUS,,,20220607,18090459.0,371986.0,51.13
Russia,RUS,,,20220608,18094054.0,372062.0,51.13
Russia,RUS,,,20220609,18097767.0,372136.0,51.13
Russia,RUS,,,20220610,18101372.0,372205.0,51.13
Russia,RUS,,,20220611,18104944.0,372276.0,51.13
Russia,RUS,,,20220612,18108285.0,372338.0,51.14
Russia,RUS,,,20220613,18111240.0,372392.0,51.14
Russia,RUS,,,20220614,18113989.0,372452.0,51.14
Russia,RUS,,,20220615,18116672.0,372515.0,51.14
Russia,RUS,,,20220616,18119934.0,372579.0,51.14
Russia,RUS,,,20220617,18123257.0,372642.0,51.28
Russia,RUS,,,20220618,18126576.0,372707.0,51.33
Russia,RUS,,,20220619,18129625.0,372769.0,51.33
Russia,RUS,,,20220620,18132261.0,372821.0,51.33
Russia,RUS,,,20220621,18134735.0,372880.0,51.35
Russia,RUS,,,20220622,18137759.0,372943.0,51.35
Russia,RUS,,,20220623,18140893.0,373010.0,51.35
Russia,RUS,,,20220624,18144007.0,373075.0,51.36
Russia,RUS,,,20220625,18147044.0,373134.0,51.36
Russia,RUS,,,20220626,18150010.0,373189.0,51.36
Russia,RUS,,,20220627,18152652.0,373240.0,51.58
Russia,RUS,,,20220628,18155165.0,373297.0,51.58
Russia,RUS,,,20220629,18158163.0,373349.0,51.6
Russia,RUS,,,20220630,18161238.0,373404.0,51.6
Russia,RUS,,,20220701,18164348.0,373456.0,51.6
Russia,RUS,,,20220702,18167603.0,373505.0,51.6
Russia,RUS,,,20220703,18170656.0,373552.0,51.6
Russia,RUS,,,20220704,18173480.0,373595.0,51.62
Russia,RUS,,,20220705,18176132.0,373640.0,51.62
Russia,RUS,,,20220706,18179254.0,373683.0,51.62
Russia,RUS,,,20220707,18182578.0,373732.0,51.62
Russia,RUS,,,20220708,18185995.0,373779.0,51.62
Russia,RUS,,,20220709,18189499.0,373821.0,51.62
Russia,RUS,,,20220710,18192863.0,373859.0,51.63
Russia,RUS,,,20220711,18195924.0,373896.0,51.65
Russia,RUS,,,20220712,18198890.0,373942.0,51.65
Russia,RUS,,,20220713,18202785.0,373983.0,51.65
Russia,RUS,,,20220714,18206982.0,374024.0,51.65
Russia,RUS,,,20220715,18211383.0,374062.0,51.65
Russia,RUS,,,20220716,18216026.0,374102.0,51.65
Russia,RUS,,,20220717,18220633.0,374147.0,51.65
Russia,RUS,,,20220718,18225102.0,374182.0,51.68
Russia,RUS,,,20220719,18229239.0,374223.0,51.8
Russia,RUS,,,20220720,18234870.0,374259.0,51.8
Russia,RUS,,,20220721,18241184.0,374298.0,51.8
Russia,RUS,,,20220722,18247770.0,374338.0,51.8
Russia,RUS,,,20220723,18254644.0,374374.0,51.8
Russia,RUS,,,20220724,18262088.0,374411.0,51.81
Russia,RUS,,,20220725,18268570.0,374444.0,51.81
Russia,RUS,,,20220726,18274674.0,374490.0,51.84
Russia,RUS,,,20220727,18283628.0,374523.0,51.86
Russia,RUS,,,20220728,18295035.0,374563.0,51.86
Russia,RUS,,,20220729,18306326.0,374602.0,51.86
Russia,RUS,,,20220730,18318445.0,374645.0,51.86
Russia,RUS,,,20220731,18330786.0,374683.0,51.86
Russia,RUS,,,20220801,18341459.0,374719.0,51.86
Russia,RUS,,,20220802,18350864.0,374765.0,51.86
Russia,RUS,,,20220803,18365348.0,374807.0,51.86
Russia,RUS,,,20220804,18382278.0,374849.0,51.86
Russia,RUS,,,20220805,18400593.0,374895.0,51.97
Russia,RUS,,,20220806,18420288.0,374940.0,51.97
Russia,RUS,,,20220807,18440314.0,374983.0,51.97
Russia,RUS,,,20220808,18457892.0,375027.0,51.99
Russia,RUS,,,20220809,18473940.0,375085.0,51.99
Russia,RUS,,,20220810,18497489.0,375140.0,52.0
Russia,RUS,,,20220811,18523028.0,375192.0,52.0
Russia,RUS,,,20220812,18550522.0,375248.0,52.0
Russia,RUS,,,20220813,18578731.0,375306.0,52.0
Russia,RUS,,,20220814,18607284.0,375360.0,52.04
Russia,RUS,,,20220815,18632165.0,375413.0,52.04
Russia,RUS,,,20220816,18655654.0,375470.0,52.04
Russia,RUS,,,20220817,18688416.0,375532.0,52.04
Russia,RUS,,,20220818,18723731.0,375594.0,52.04
Russia,RUS,,,20220819,18760762.0,375658.0,52.07
Russia,RUS,,,20220820,18800180.0,375725.0,52.07
Russia,RUS,,,20220821,18839232.0,375788.0,52.07
Russia,RUS,,,20220822,18871701.0,375845.0,52.22
Russia,RUS,,,20220823,18902128.0,375912.0,52.22
Russia,RUS,,,20220824,18941817.0,375983.0,52.22
Russia,RUS,,,20220825,18985174.0,376052.0,52.25
Russia,RUS,,,20220826,19030966.0,376131.0,52.25
Russia,RUS,,,20220827,19077368.0,376219.0,52.25
Russia,RUS,,,20220828,19123501.0,376301.0,52.25
Russia,RUS,,,20220829,19162384.0,376377.0,52.28
Russia,RUS,,,20220830,19198863.0,376469.0,52.4
Russia,RUS,,,20220831,19244647.0,376558.0,52.76
Russia,RUS,,,20220901,19293663.0,376653.0,52.76
Russia,RUS,,,20220902,19343942.0,376743.0,52.82
Russia,RUS,,,20220903,19394864.0,376832.0,52.82
Russia,RUS,,,20220904,19442127.0,376918.0,52.82
Russia,RUS,,,20220905,19483167.0,376994.0,52.82
Russia,RUS,,,20220906,19521190.0,377088.0,52.82
Russia,RUS,,,20220907,19568544.0,377180.0,52.82
Russia,RUS,,,20220908,19618428.0,377273.0,52.82
Russia,RUS,,,20220909,19669848.0,377368.0,52.82
Russia,RUS,,,20220910,19722556.0,377462.0,52.82
Russia,RUS,,,20220911,19774711.0,377548.0,52.82
Russia,RUS,,,20220912,19820622.0,377629.0,52.87
Russia,RUS,,,20220913,19864164.0,377728.0,52.87
Russia,RUS,,,20220914,19915400.0,377823.0,52.87
Russia,RUS,,,20220915,19970827.0,377921.0,52.95
Russia,RUS,,,20220916,20029220.0,378029.0,52.96
Russia,RUS,,,20220917,20086979.0,378134.0,52.96
Russia,RUS,,,20220918,20143127.0,378234.0,52.96
Russia,RUS,,,20220919,20192164.0,378324.0,52.97
Russia,RUS,,,20220920,20238236.0,378419.0,53.0
Russia,RUS,,,20220921,20290869.0,378524.0,53.02
Russia,RUS,,,20220922,20343828.0,378628.0,53.04
Russia,RUS,,,20220923,20396766.0,378730.0,53.04
Russia,RUS,,,20220924,20447507.0,378840.0,53.04
Russia,RUS,,,20220925,20493730.0,378935.0,53.04
Russia,RUS,,,20220926,20533598.0,379019.0,53.11
Russia,RUS,,,20220927,20569954.0,379120.0,53.11
Russia,RUS,,,20220928,20609684.0,379227.0,53.11
Russia,RUS,,,20220929,20648073.0,379334.0,53.11
Russia,RUS,,,20220930,20684948.0,379438.0,53.13
Russia,RUS,,,20221001,20717823.0,379539.0,53.13
Russia,RUS,,,20221002,20747599.0,379635.0,53.13
Russia,RUS,,,20221003,20771538.0,379725.0,53.14
Russia,RUS,,,20221004,20793041.0,379829.0,53.33
Russia,RUS,,,20221005,20816640.0,379941.0,53.39
Russia,RUS,,,20221006,20839504.0,380048.0,53.39
Russia,RUS,,,20221007,20861561.0,380151.0,53.39
Russia,RUS,,,20221008,20881937.0,380255.0,53.39
Russia,RUS,,,20221009,20900611.0,380356.0,53.39
Russia,RUS,,,20221010,20916112.0,380451.0,53.41
Russia,RUS,,,20221011,20929929.0,380556.0,53.41
Russia,RUS,,,20221012,20945428.0,380658.0,53.42
Russia,RUS,,,20221013,20960802.0,380757.0,53.43
Russia,RUS,,,20221014,20975381.0,380854.0,53.43
Russia,RUS,,,20221015,20988638.0,380950.0,53.43
Russia,RUS,,,20221016,21000908.0,381043.0,53.43
Russia,RUS,,,20221017,21011201.0,381134.0,53.46
Russia,RUS,,,20221018,21020607.0,381224.0,53.46
Russia,RUS,,,20221019,21031202.0,381314.0,53.46
Russia,RUS,,,20221020,21041184.0,381402.0,53.46
Russia,RUS,,,20221021,21050850.0,381494.0,53.48
Russia,RUS,,,20221022,21060091.0,381582.0,53.48
Russia,RUS,,,20221023,21068678.0,381670.0,53.48
Russia,RUS,,,20221024,21075901.0,381758.0,53.49
Russia,RUS,,,20221025,21082412.0,381841.0,53.49
Russia,RUS,,,20221026,21089873.0,381920.0,53.49
Russia,RUS,,,20221027,21097662.0,382002.0,53.51
Russia,RUS,,,20221028,21105179.0,382079.0,53.51
Russia,RUS,,,20221029,21112216.0,382157.0,53.51
Russia,RUS,,,20221030,21118937.0,382231.0,53.51
Russia,RUS,,,20221031,21124658.0,382302.0,53.51
Russia,RUS,,,20221101,21129849.0,382372.0,53.51
Russia,RUS,,,20221102,21136186.0,382438.0,53.51
Russia,RUS,,,20221103,21142507.0,382510.0,53.56
Russia,RUS,,,20221104,21148598.0,382578.0,53.56
Russia,RUS,,,20221105,21154149.0,382644.0,53.56
Russia,RUS,,,20221106,21158672.0,382705.0,53.56
Russia,RUS,,,20221107,21163061.0,382765.0,53.56
Russia,RUS,,,20221108,21167353.0,382828.0,53.56
Russia,RUS,,,20221109,21172652.0,382890.0,53.56
Russia,RUS,,,20221110,21178202.0,382949.0,53.56
Russia,RUS,,,20221111,21183691.0,383014.0,53.82
Russia,RUS,,,20221112,21189139.0,383075.0,53.82
Russia,RUS,,,20221113,21194442.0,383134.0,53.82
Russia,RUS,,,20221114,21198961.0,383195.0,53.82
Russia,RUS,,,20221115,21203361.0,383258.0,53.82
Russia,RUS,,,20221116,21208695.0,383320.0,53.82
Russia,RUS,,,20221117,21214339.0,383381.0,53.82
Russia,RUS,,,20221118,21219827.0,383441.0,53.83
Russia,RUS,,,20221119,21225214.0,383503.0,53.83
Russia,RUS,,,20221120,21230367.0,383562.0,53.83
Russia,RUS,,,20221121,21234988.0,383617.0,53.83
Russia,RUS,,,20221122,21239400.0,383676.0,53.83
Russia,RUS,,,20221123,21244991.0,383728.0,53.94
Russia,RUS,,,20221124,21250733.0,383785.0,53.94
Russia,RUS,,,20221125,21256669.0,383841.0,53.94
Russia,RUS,,,20221126,21262695.0,383892.0,53.94
Russia,RUS,,,20221127,21268561.0,383943.0,53.94
Russia,RUS,,,20221128,21273541.0,383993.0,53.94
Russia,RUS,,,20221129,21278433.0,384044.0,53.94
Russia,RUS,,,20221130,21284476.0,384103.0,53.94
Russia,RUS,,,20221201,21291214.0,384159.0,53.94
Russia,RUS,,,20221202,21297883.0,384215.0,53.94
Russia,RUS,,,20221203,21304497.0,384272.0,54.02
Russia,RUS,,,20221204,21311047.0,384327.0,54.03
Russia,RUS,,,20221205,21316663.0,384379.0,54.03
Russia,RUS,,,20221206,21322168.0,384437.0,54.03
Russia,RUS,,,20221207,21329068.0,384494.0,54.03
Russia,RUS,,,20221208,21336448.0,384546.0,54.03
Russia,RUS,,,20221209,21343842.0,384597.0,54.03
Russia,RUS,,,20221210,21351196.0,384650.0,54.03
Russia,RUS,,,20221211,21358235.0,384700.0,54.06
Russia,RUS,,,20221212,21364571.0,384749.0,54.06
Russia,RUS,,,20221213,21370489.0,384807.0,54.06
Russia,RUS,,,20221214,21377974.0,384861.0,54.25
Russia,RUS,,,20221215,21385746.0,384916.0,54.25
Russia,RUS,,,20221216,21394122.0,384974.0,54.25
Russia,RUS,,,20221217,21401586.0,385032.0,54.25
Russia,RUS,,,20221218,21408756.0,385083.0,54.25
Russia,RUS,,,20221219,21415046.0,385133.0,54.25
Russia,RUS,,,20221220,21420985.0,385189.0,54.25
Russia,RUS,,,20221221,21428388.0,385248.0,54.25
Russia,RUS,,,20221222,21435797.0,385302.0,54.25
Russia,RUS,,,20221223,21443154.0,385358.0,54.25
Russia,RUS,,,20221224,21450076.0,385411.0,54.25
Russia,RUS,,,20221225,21456626.0,385463.0,54.25
Russia,RUS,,,20221226,21461907.0,385513.0,54.25
Russia,RUS,,,20221227,21467050.0,385571.0,54.53
Russia,RUS,,,20221228,21473189.0,385626.0,54.53
Russia,RUS,,,20221229,21479298.0,385682.0,54.53
Russia,RUS,,,20221230,21485046.0,385732.0,54.53
Russia,RUS,,,20221231,21490515.0,385789.0,54.54
