date,total_count,lineage_count,total_count_rolling,lineage_count_rolling,proportion,proportion_ci_lower,proportion_ci_upper,query_key,lineage,total_count_rolling_14,lineage_count_rolling_14,proportion_rolling_14
2021-02-28,1,1,8.14285714285714,0.142857142857143,0.0175438596491228,5.94903028944023e-05,0.262217248717186,B.1.1.7 OR Q.1 OR Q.2 OR Q.3 OR Q.4 OR Q.5 OR Q.6 OR Q.7 OR Q.8,Alpha,,,
2021-03-01,4,0,3.14285714285714,0.142857142857143,0.0454545454545455,0.000150636025436569,0.53558324304295,B.1.1.7 OR Q.1 OR Q.2 OR Q.3 OR Q.4 OR Q.5 OR Q.6 OR Q.7 OR Q.8,Alpha,,,
2021-03-02,2,1,2.42857142857143,0.285714285714286,0.117647058823529,0.000216908470030966,0.666821754401209,B.1.1.7 OR Q.1 OR Q.2 OR Q.3 OR Q.4 OR Q.5 OR Q.6 OR Q.7 OR Q.8,Alpha,,,
2021-03-03,2,0,2,0.285714285714286,0.142857142857143,0.000216908470030966,0.666821754401209,B.1.1.7 OR Q.1 OR Q.2 OR Q.3 OR Q.4 OR Q.5 OR Q.6 OR Q.7 OR Q.8,Alpha,,,
2021-03-04,3,0,2.14285714285714,0.285714285714286,0.133333333333333,0.000216908470030966,0.666821754401209,B.1.1.7 OR Q.1 OR Q.2 OR Q.3 OR Q.4 OR Q.5 OR Q.6 OR Q.7 OR Q.8,Alpha,,,
2021-03-07,3,0,2.8,0.2,0.0714285714285714,0.000150636025436569,0.53558324304295,B.1.1.7 OR Q.1 OR Q.2 OR Q.3 OR Q.4 OR Q.5 OR Q.6 OR Q.7 OR Q.8,Alpha,,,
2021-03-08,4,0,2.8,0.2,0.0714285714285714,0.000150636025436569,0.53558324304295,B.1.1.7 OR Q.1 OR Q.2 OR Q.3 OR Q.4 OR Q.5 OR Q.6 OR Q.7 OR Q.8,Alpha,,,
2021-03-09,1,0,2.6,0,0,0.000150636025436569,0.53558324304295,B.1.1.7 OR Q.1 OR Q.2 OR Q.3 OR Q.4 OR Q.5 OR Q.6 OR Q.7 OR Q.8,Alpha,,,
2021-03-11,1,0,2.25,0,0,0.000216908470030966,0.666821754401209,B.1.1.7 OR Q.1 OR Q.2 OR Q.3 OR Q.4 OR Q.5 OR Q.6 OR Q.7 OR Q.8,Alpha,,,
2021-03-13,1,0,2,0,0,0.000216908470030966,0.666821754401209,B.1.1.7 OR Q.1 OR Q.2 OR Q.3 OR Q.4 OR Q.5 OR Q.6 OR Q.7 OR Q.8,Alpha,,,
2021-03-14,2,0,1.8,0,0,0.000216908470030966,0.666821754401209,B.1.1.7 OR Q.1 OR Q.2 OR Q.3 OR Q.4 OR Q.5 OR Q.6 OR Q.7 OR Q.8,Alpha,,,
2021-03-15,9,0,2.8,0,0,0.000150636025436569,0.53558324304295,B.1.1.7 OR Q.1 OR Q.2 OR Q.3 OR Q.4 OR Q.5 OR Q.6 OR Q.7 OR Q.8,Alpha,,,
2021-03-16,3,0,3.2,0,0,0.000150636025436569,0.53558324304295,B.1.1.7 OR Q.1 OR Q.2 OR Q.3 OR Q.4 OR Q.5 OR Q.6 OR Q.7 OR Q.8,Alpha,,,
2021-03-17,4,0,3.33333333333333,0,0,0.000150636025436569,0.53558324304295,B.1.1.7 OR Q.1 OR Q.2 OR Q.3 OR Q.4 OR Q.5 OR Q.6 OR Q.7 OR Q.8,Alpha,2.85714285714286,0.142857142857143,0.05
2021-03-18,5,0,4,0,0,0.000115332788238275,0.44476261765764,B.1.1.7 OR Q.1 OR Q.2 OR Q.3 OR Q.4 OR Q.5 OR Q.6 OR Q.7 OR Q.8,Alpha,3.14285714285714,0.0714285714285714,0.0227272727272727
2021-03-19,13,1,5.28571428571429,0.142857142857143,0.027027027027027,9.34206000395449e-05,0.379377142299039,B.1.1.7 OR Q.1 OR Q.2 OR Q.3 OR Q.4 OR Q.5 OR Q.6 OR Q.7 OR Q.8,Alpha,3.78571428571429,0.142857142857143,0.0377358490566038
2021-03-20,6,0,6,0.142857142857143,0.0238095238095238,7.84998483662082e-05,0.33038890915155,B.1.1.7 OR Q.1 OR Q.2 OR Q.3 OR Q.4 OR Q.5 OR Q.6 OR Q.7 OR Q.8,Alpha,4.07142857142857,0.0714285714285714,0.0175438596491228
2021-03-21,3,0,6.14285714285714,0.142857142857143,0.0232558139534884,7.84998483662082e-05,0.33038890915155,B.1.1.7 OR Q.1 OR Q.2 OR Q.3 OR Q.4 OR Q.5 OR Q.6 OR Q.7 OR Q.8,Alpha,4.14285714285714,0.0714285714285714,0.0172413793103448
2021-03-22,2,0,5.14285714285714,0.142857142857143,0.0277777777777778,9.34206000395449e-05,0.379377142299039,B.1.1.7 OR Q.1 OR Q.2 OR Q.3 OR Q.4 OR Q.5 OR Q.6 OR Q.7 OR Q.8,Alpha,4.07142857142857,0.0714285714285714,0.0175438596491228
2021-03-23,2,0,5,0.142857142857143,0.0285714285714286,9.34206000395449e-05,0.379377142299039,B.1.1.7 OR Q.1 OR Q.2 OR Q.3 OR Q.4 OR Q.5 OR Q.6 OR Q.7 OR Q.8,Alpha,4,0.0714285714285714,0.0178571428571429
2021-03-24,1,0,4.57142857142857,0.142857142857143,0.03125,9.34206000395449e-05,0.379377142299039,B.1.1.7 OR Q.1 OR Q.2 OR Q.3 OR Q.4 OR Q.5 OR Q.6 OR Q.7 OR Q.8,Alpha,3.78571428571429,0.0714285714285714,0.0188679245283019
2021-03-25,2,0,4.14285714285714,0.142857142857143,0.0344827586206897,0.000115332788238275,0.44476261765764,B.1.1.7 OR Q.1 OR Q.2 OR Q.3 OR Q.4 OR Q.5 OR Q.6 OR Q.7 OR Q.8,Alpha,3.85714285714286,0.0714285714285714,0.0185185185185185
2021-03-30,4,0,2.33333333333333,0,0,0.000216908470030966,0.666821754401209,B.1.1.7 OR Q.1 OR Q.2 OR Q.3 OR Q.4 OR Q.5 OR Q.6 OR Q.7 OR Q.8,Alpha,4.07142857142857,0.0714285714285714,0.0175438596491228
2021-04-03,2,0,3,0,0,0.000150636025436569,0.53558324304295,B.1.1.7 OR Q.1 OR Q.2 OR Q.3 OR Q.4 OR Q.5 OR Q.6 OR Q.7 OR Q.8,Alpha,4.14285714285714,0.0714285714285714,0.0172413793103448
2021-04-05,3,1,3,0.333333333333333,0.111111111111111,0.000150636025436569,0.53558324304295,B.1.1.7 OR Q.1 OR Q.2 OR Q.3 OR Q.4 OR Q.5 OR Q.6 OR Q.7 OR Q.8,Alpha,4.21428571428571,0.142857142857143,0.0338983050847458
2021-04-07,4,0,3,0.333333333333333,0.111111111111111,0.000150636025436569,0.53558324304295,B.1.1.7 OR Q.1 OR Q.2 OR Q.3 OR Q.4 OR Q.5 OR Q.6 OR Q.7 OR Q.8,Alpha,3.85714285714286,0.142857142857143,0.037037037037037
2021-04-08,1,1,2.5,0.5,0.2,0.000216908470030966,0.666821754401209,B.1.1.7 OR Q.1 OR Q.2 OR Q.3 OR Q.4 OR Q.5 OR Q.6 OR Q.7 OR Q.8,Alpha,3.71428571428571,0.214285714285714,0.0576923076923077
2021-04-09,2,0,2.4,0.4,0.166666666666667,0.000216908470030966,0.666821754401209,B.1.1.7 OR Q.1 OR Q.2 OR Q.3 OR Q.4 OR Q.5 OR Q.6 OR Q.7 OR Q.8,Alpha,3.57142857142857,0.214285714285714,0.06
2021-04-12,6,0,3.25,0.25,0.0769230769230769,0.000150636025436569,0.53558324304295,B.1.1.7 OR Q.1 OR Q.2 OR Q.3 OR Q.4 OR Q.5 OR Q.6 OR Q.7 OR Q.8,Alpha,3.64285714285714,0.214285714285714,0.0588235294117647
2021-04-13,3,0,3.2,0.2,0.0625,0.000150636025436569,0.53558324304295,B.1.1.7 OR Q.1 OR Q.2 OR Q.3 OR Q.4 OR Q.5 OR Q.6 OR Q.7 OR Q.8,Alpha,2.92857142857143,0.142857142857143,0.0487804878048781
2021-04-16,8,0,5.66666666666667,0,0,7.84998483662082e-05,0.33038890915155,B.1.1.7 OR Q.1 OR Q.2 OR Q.3 OR Q.4 OR Q.5 OR Q.6 OR Q.7 OR Q.8,Alpha,3.07142857142857,0.142857142857143,0.0465116279069767
2021-04-17,2,0,4.75,0,0,9.34206000395449e-05,0.379377142299039,B.1.1.7 OR Q.1 OR Q.2 OR Q.3 OR Q.4 OR Q.5 OR Q.6 OR Q.7 OR Q.8,Alpha,3,0.142857142857143,0.0476190476190476
2021-04-18,1,0,4,0,0,0.000115332788238275,0.44476261765764,B.1.1.7 OR Q.1 OR Q.2 OR Q.3 OR Q.4 OR Q.5 OR Q.6 OR Q.7 OR Q.8,Alpha,2.92857142857143,0.142857142857143,0.0487804878048781
2021-04-20,4,0,3.75,0,0,0.000115332788238275,0.44476261765764,B.1.1.7 OR Q.1 OR Q.2 OR Q.3 OR Q.4 OR Q.5 OR Q.6 OR Q.7 OR Q.8,Alpha,3.07142857142857,0.142857142857143,0.0465116279069767
2021-04-21,1,0,3.2,0,0,0.000150636025436569,0.53558324304295,B.1.1.7 OR Q.1 OR Q.2 OR Q.3 OR Q.4 OR Q.5 OR Q.6 OR Q.7 OR Q.8,Alpha,3.07142857142857,0.142857142857143,0.0465116279069767
2021-04-23,2,0,2,0,0,0.000216908470030966,0.666821754401209,B.1.1.7 OR Q.1 OR Q.2 OR Q.3 OR Q.4 OR Q.5 OR Q.6 OR Q.7 OR Q.8,Alpha,3.07142857142857,0.142857142857143,0.0465116279069767
2021-04-26,1,0,2,0,0,0.000216908470030966,0.666821754401209,B.1.1.7 OR Q.1 OR Q.2 OR Q.3 OR Q.4 OR Q.5 OR Q.6 OR Q.7 OR Q.8,Alpha,2.85714285714286,0.142857142857143,0.05
2021-04-27,2,0,1.5,0,0,0.000216908470030966,0.666821754401209,B.1.1.7 OR Q.1 OR Q.2 OR Q.3 OR Q.4 OR Q.5 OR Q.6 OR Q.7 OR Q.8,Alpha,2.85714285714286,0.142857142857143,0.05
2021-04-28,2,0,1.75,0,0,0.000216908470030966,0.666821754401209,B.1.1.7 OR Q.1 OR Q.2 OR Q.3 OR Q.4 OR Q.5 OR Q.6 OR Q.7 OR Q.8,Alpha,2.78571428571429,0.0714285714285714,0.0256410256410256
2021-04-30,4,0,2.25,0,0,0.000216908470030966,0.666821754401209,B.1.1.7 OR Q.1 OR Q.2 OR Q.3 OR Q.4 OR Q.5 OR Q.6 OR Q.7 OR Q.8,Alpha,2.78571428571429,0.0714285714285714,0.0256410256410256
2021-05-01,1,0,2,0,0,0.000216908470030966,0.666821754401209,B.1.1.7 OR Q.1 OR Q.2 OR Q.3 OR Q.4 OR Q.5 OR Q.6 OR Q.7 OR Q.8,Alpha,2.78571428571429,0,0
2021-05-02,3,0,2.16666666666667,0,0,0.000216908470030966,0.666821754401209,B.1.1.7 OR Q.1 OR Q.2 OR Q.3 OR Q.4 OR Q.5 OR Q.6 OR Q.7 OR Q.8,Alpha,2.85714285714286,0,0
2021-05-03,6,1,3,0.166666666666667,0.0555555555555556,0.000150636025436569,0.53558324304295,B.1.1.7 OR Q.1 OR Q.2 OR Q.3 OR Q.4 OR Q.5 OR Q.6 OR Q.7 OR Q.8,Alpha,2.85714285714286,0.0714285714285714,0.025
2021-05-04,5,0,3.5,0.166666666666667,0.0476190476190476,0.000115332788238275,0.44476261765764,B.1.1.7 OR Q.1 OR Q.2 OR Q.3 OR Q.4 OR Q.5 OR Q.6 OR Q.7 OR Q.8,Alpha,3,0.0714285714285714,0.0238095238095238
2021-05-06,2,0,3.5,0.166666666666667,0.0476190476190476,0.000115332788238275,0.44476261765764,B.1.1.7 OR Q.1 OR Q.2 OR Q.3 OR Q.4 OR Q.5 OR Q.6 OR Q.7 OR Q.8,Alpha,2.57142857142857,0.0714285714285714,0.0277777777777778
2021-05-07,2,0,3.16666666666667,0.166666666666667,0.0526315789473684,0.000150636025436569,0.53558324304295,B.1.1.7 OR Q.1 OR Q.2 OR Q.3 OR Q.4 OR Q.5 OR Q.6 OR Q.7 OR Q.8,Alpha,2.57142857142857,0.0714285714285714,0.0277777777777778
2021-05-08,2,0,3.33333333333333,0.166666666666667,0.05,0.000150636025436569,0.53558324304295,B.1.1.7 OR Q.1 OR Q.2 OR Q.3 OR Q.4 OR Q.5 OR Q.6 OR Q.7 OR Q.8,Alpha,2.64285714285714,0.0714285714285714,0.027027027027027
2021-05-10,1,0,2.4,0,0,0.000216908470030966,0.666821754401209,B.1.1.7 OR Q.1 OR Q.2 OR Q.3 OR Q.4 OR Q.5 OR Q.6 OR Q.7 OR Q.8,Alpha,2.42857142857143,0.0714285714285714,0.0294117647058824
2021-05-11,1,0,1.6,0,0,0.000216908470030966,0.666821754401209,B.1.1.7 OR Q.1 OR Q.2 OR Q.3 OR Q.4 OR Q.5 OR Q.6 OR Q.7 OR Q.8,Alpha,2.42857142857143,0.0714285714285714,0.0294117647058824
2021-05-12,3,0,1.83333333333333,0,0,0.000216908470030966,0.666821754401209,B.1.1.7 OR Q.1 OR Q.2 OR Q.3 OR Q.4 OR Q.5 OR Q.6 OR Q.7 OR Q.8,Alpha,2.5,0.0714285714285714,0.0285714285714286
2021-05-13,2,0,1.83333333333333,0,0,0.000216908470030966,0.666821754401209,B.1.1.7 OR Q.1 OR Q.2 OR Q.3 OR Q.4 OR Q.5 OR Q.6 OR Q.7 OR Q.8,Alpha,2.57142857142857,0.0714285714285714,0.0277777777777778
2021-05-14,1,0,1.66666666666667,0,0,0.000216908470030966,0.666821754401209,B.1.1.7 OR Q.1 OR Q.2 OR Q.3 OR Q.4 OR Q.5 OR Q.6 OR Q.7 OR Q.8,Alpha,2.5,0.0714285714285714,0.0285714285714286
2021-05-15,1,0,1.5,0,0,0.000216908470030966,0.666821754401209,B.1.1.7 OR Q.1 OR Q.2 OR Q.3 OR Q.4 OR Q.5 OR Q.6 OR Q.7 OR Q.8,Alpha,2.42857142857143,0.0714285714285714,0.0294117647058824
2021-05-17,2,0,1.66666666666667,0,0,0.000216908470030966,0.666821754401209,B.1.1.7 OR Q.1 OR Q.2 OR Q.3 OR Q.4 OR Q.5 OR Q.6 OR Q.7 OR Q.8,Alpha,2.28571428571429,0.0714285714285714,0.03125
2021-05-18,1,0,1.66666666666667,0,0,0.000216908470030966,0.666821754401209,B.1.1.7 OR Q.1 OR Q.2 OR Q.3 OR Q.4 OR Q.5 OR Q.6 OR Q.7 OR Q.8,Alpha,2.28571428571429,0.0714285714285714,0.03125
2021-05-20,2,0,1.4,0,0,0.000385580980755902,0.853253683690425,B.1.1.7 OR Q.1 OR Q.2 OR Q.3 OR Q.4 OR Q.5 OR Q.6 OR Q.7 OR Q.8,Alpha,2.21428571428571,0.0714285714285714,0.032258064516129
2021-05-21,2,0,1.6,0,0,0.000216908470030966,0.666821754401209,B.1.1.7 OR Q.1 OR Q.2 OR Q.3 OR Q.4 OR Q.5 OR Q.6 OR Q.7 OR Q.8,Alpha,1.92857142857143,0,0
2021-05-24,2,0,1.75,0,0,0.000216908470030966,0.666821754401209,B.1.1.7 OR Q.1 OR Q.2 OR Q.3 OR Q.4 OR Q.5 OR Q.6 OR Q.7 OR Q.8,Alpha,1.71428571428571,0,0
2021-05-26,1,0,1.75,0,0,0.000216908470030966,0.666821754401209,B.1.1.7 OR Q.1 OR Q.2 OR Q.3 OR Q.4 OR Q.5 OR Q.6 OR Q.7 OR Q.8,Alpha,1.64285714285714,0,0
2021-05-27,1,0,1.5,0,0,0.000216908470030966,0.666821754401209,B.1.1.7 OR Q.1 OR Q.2 OR Q.3 OR Q.4 OR Q.5 OR Q.6 OR Q.7 OR Q.8,Alpha,1.57142857142857,0,0
2021-05-28,1,0,1.25,0,0,0.000385580980755902,0.853253683690425,B.1.1.7 OR Q.1 OR Q.2 OR Q.3 OR Q.4 OR Q.5 OR Q.6 OR Q.7 OR Q.8,Alpha,1.5,0,0
2021-05-30,1,0,1.2,0,0,0.000385580980755902,0.853253683690425,B.1.1.7 OR Q.1 OR Q.2 OR Q.3 OR Q.4 OR Q.5 OR Q.6 OR Q.7 OR Q.8,Alpha,1.5,0,0
2021-05-31,13,0,3.4,0,0,0.000150636025436569,0.53558324304295,B.1.1.7 OR Q.1 OR Q.2 OR Q.3 OR Q.4 OR Q.5 OR Q.6 OR Q.7 OR Q.8,Alpha,2.35714285714286,0,0
2021-06-01,7,0,4,0,0,0.000115332788238275,0.44476261765764,B.1.1.7 OR Q.1 OR Q.2 OR Q.3 OR Q.4 OR Q.5 OR Q.6 OR Q.7 OR Q.8,Alpha,2.64285714285714,0,0
2021-06-02,1,0,4,0,0,0.000115332788238275,0.44476261765764,B.1.1.7 OR Q.1 OR Q.2 OR Q.3 OR Q.4 OR Q.5 OR Q.6 OR Q.7 OR Q.8,Alpha,2.57142857142857,0,0
2021-06-03,1,0,4,0,0,0.000115332788238275,0.44476261765764,B.1.1.7 OR Q.1 OR Q.2 OR Q.3 OR Q.4 OR Q.5 OR Q.6 OR Q.7 OR Q.8,Alpha,2.57142857142857,0,0
2021-06-04,1,0,4,0,0,0.000115332788238275,0.44476261765764,B.1.1.7 OR Q.1 OR Q.2 OR Q.3 OR Q.4 OR Q.5 OR Q.6 OR Q.7 OR Q.8,Alpha,2.57142857142857,0,0
2021-06-05,1,0,3.57142857142857,0,0,0.000115332788238275,0.44476261765764,B.1.1.7 OR Q.1 OR Q.2 OR Q.3 OR Q.4 OR Q.5 OR Q.6 OR Q.7 OR Q.8,Alpha,2.5,0,0
2021-06-06,2,0,3.71428571428571,0,0,0.000115332788238275,0.44476261765764,B.1.1.7 OR Q.1 OR Q.2 OR Q.3 OR Q.4 OR Q.5 OR Q.6 OR Q.7 OR Q.8,Alpha,2.57142857142857,0,0
2021-06-07,2,0,2.14285714285714,0,0,0.000216908470030966,0.666821754401209,B.1.1.7 OR Q.1 OR Q.2 OR Q.3 OR Q.4 OR Q.5 OR Q.6 OR Q.7 OR Q.8,Alpha,2.57142857142857,0,0
2021-06-08,2,0,1.42857142857143,0,0,0.000385580980755902,0.853253683690425,B.1.1.7 OR Q.1 OR Q.2 OR Q.3 OR Q.4 OR Q.5 OR Q.6 OR Q.7 OR Q.8,Alpha,2.57142857142857,0,0
2021-06-09,2,0,1.57142857142857,0,0,0.000216908470030966,0.666821754401209,B.1.1.7 OR Q.1 OR Q.2 OR Q.3 OR Q.4 OR Q.5 OR Q.6 OR Q.7 OR Q.8,Alpha,2.57142857142857,0,0
2021-06-10,2,0,1.71428571428571,0,0,0.000216908470030966,0.666821754401209,B.1.1.7 OR Q.1 OR Q.2 OR Q.3 OR Q.4 OR Q.5 OR Q.6 OR Q.7 OR Q.8,Alpha,2.64285714285714,0,0
2021-06-11,3,0,2,0,0,0.000216908470030966,0.666821754401209,B.1.1.7 OR Q.1 OR Q.2 OR Q.3 OR Q.4 OR Q.5 OR Q.6 OR Q.7 OR Q.8,Alpha,2.78571428571429,0,0
2021-06-12,2,0,2.14285714285714,0,0,0.000216908470030966,0.666821754401209,B.1.1.7 OR Q.1 OR Q.2 OR Q.3 OR Q.4 OR Q.5 OR Q.6 OR Q.7 OR Q.8,Alpha,2.85714285714286,0,0
2021-06-14,1,0,2,0,0,0.000216908470030966,0.666821754401209,B.1.1.7 OR Q.1 OR Q.2 OR Q.3 OR Q.4 OR Q.5 OR Q.6 OR Q.7 OR Q.8,Alpha,2.85714285714286,0,0
2021-06-15,3,0,2.16666666666667,0,0,0.000216908470030966,0.666821754401209,B.1.1.7 OR Q.1 OR Q.2 OR Q.3 OR Q.4 OR Q.5 OR Q.6 OR Q.7 OR Q.8,Alpha,2.14285714285714,0,0
2021-06-16,3,0,2.33333333333333,0,0,0.000216908470030966,0.666821754401209,B.1.1.7 OR Q.1 OR Q.2 OR Q.3 OR Q.4 OR Q.5 OR Q.6 OR Q.7 OR Q.8,Alpha,1.85714285714286,0,0
2021-06-17,1,0,2.16666666666667,0,0,0.000216908470030966,0.666821754401209,B.1.1.7 OR Q.1 OR Q.2 OR Q.3 OR Q.4 OR Q.5 OR Q.6 OR Q.7 OR Q.8,Alpha,1.85714285714286,0,0
2021-06-18,4,0,2.33333333333333,0,0,0.000216908470030966,0.666821754401209,B.1.1.7 OR Q.1 OR Q.2 OR Q.3 OR Q.4 OR Q.5 OR Q.6 OR Q.7 OR Q.8,Alpha,2.07142857142857,0,0
2021-06-19,1,0,2.16666666666667,0,0,0.000216908470030966,0.666821754401209,B.1.1.7 OR Q.1 OR Q.2 OR Q.3 OR Q.4 OR Q.5 OR Q.6 OR Q.7 OR Q.8,Alpha,2.07142857142857,0,0
2021-06-22,2,0,2.2,0,0,0.000216908470030966,0.666821754401209,B.1.1.7 OR Q.1 OR Q.2 OR Q.3 OR Q.4 OR Q.5 OR Q.6 OR Q.7 OR Q.8,Alpha,2.14285714285714,0,0
2021-06-25,1,0,1.33333333333333,0,0,0.000385580980755902,0.853253683690425,B.1.1.7 OR Q.1 OR Q.2 OR Q.3 OR Q.4 OR Q.5 OR Q.6 OR Q.7 OR Q.8,Alpha,2.07142857142857,0,0
2021-06-26,1,0,1.33333333333333,0,0,0.000385580980755902,0.853253683690425,B.1.1.7 OR Q.1 OR Q.2 OR Q.3 OR Q.4 OR Q.5 OR Q.6 OR Q.7 OR Q.8,Alpha,2,0,0
2021-06-27,1,0,1.25,0,0,0.000385580980755902,0.853253683690425,B.1.1.7 OR Q.1 OR Q.2 OR Q.3 OR Q.4 OR Q.5 OR Q.6 OR Q.7 OR Q.8,Alpha,1.92857142857143,0,0
2021-06-28,2,0,1.4,0,0,0.000385580980755902,0.853253683690425,B.1.1.7 OR Q.1 OR Q.2 OR Q.3 OR Q.4 OR Q.5 OR Q.6 OR Q.7 OR Q.8,Alpha,1.92857142857143,0,0
2021-06-29,1,0,1.2,0,0,0.000385580980755902,0.853253683690425,B.1.1.7 OR Q.1 OR Q.2 OR Q.3 OR Q.4 OR Q.5 OR Q.6 OR Q.7 OR Q.8,Alpha,1.85714285714286,0,0
2021-06-30,3,0,1.5,0,0,0.000216908470030966,0.666821754401209,B.1.1.7 OR Q.1 OR Q.2 OR Q.3 OR Q.4 OR Q.5 OR Q.6 OR Q.7 OR Q.8,Alpha,1.85714285714286,0,0
2021-07-01,3,0,1.71428571428571,0,0,0.000216908470030966,0.666821754401209,B.1.1.7 OR Q.1 OR Q.2 OR Q.3 OR Q.4 OR Q.5 OR Q.6 OR Q.7 OR Q.8,Alpha,1.92857142857143,0,0
2021-07-02,6,0,2.42857142857143,0,0,0.000216908470030966,0.666821754401209,B.1.1.7 OR Q.1 OR Q.2 OR Q.3 OR Q.4 OR Q.5 OR Q.6 OR Q.7 OR Q.8,Alpha,2.28571428571429,0,0
2021-07-03,4,0,2.85714285714286,0,0,0.000150636025436569,0.53558324304295,B.1.1.7 OR Q.1 OR Q.2 OR Q.3 OR Q.4 OR Q.5 OR Q.6 OR Q.7 OR Q.8,Alpha,2.35714285714286,0,0
2021-07-04,2,0,3,0,0,0.000150636025436569,0.53558324304295,B.1.1.7 OR Q.1 OR Q.2 OR Q.3 OR Q.4 OR Q.5 OR Q.6 OR Q.7 OR Q.8,Alpha,2.28571428571429,0,0
2021-07-05,7,0,3.71428571428571,0,0,0.000115332788238275,0.44476261765764,B.1.1.7 OR Q.1 OR Q.2 OR Q.3 OR Q.4 OR Q.5 OR Q.6 OR Q.7 OR Q.8,Alpha,2.71428571428571,0,0
2021-07-06,11,0,5.14285714285714,0,0,9.34206000395449e-05,0.379377142299039,B.1.1.7 OR Q.1 OR Q.2 OR Q.3 OR Q.4 OR Q.5 OR Q.6 OR Q.7 OR Q.8,Alpha,3.21428571428571,0,0
2021-07-07,16,0,7,0,0,6.76864642438304e-05,0.29243617366231,B.1.1.7 OR Q.1 OR Q.2 OR Q.3 OR Q.4 OR Q.5 OR Q.6 OR Q.7 OR Q.8,Alpha,4.28571428571429,0,0
2021-07-08,9,0,7.85714285714286,0,0,5.94903028944023e-05,0.262217248717186,B.1.1.7 OR Q.1 OR Q.2 OR Q.3 OR Q.4 OR Q.5 OR Q.6 OR Q.7 OR Q.8,Alpha,4.78571428571429,0,0
2021-07-09,5,0,7.71428571428571,0,0,5.94903028944023e-05,0.262217248717186,B.1.1.7 OR Q.1 OR Q.2 OR Q.3 OR Q.4 OR Q.5 OR Q.6 OR Q.7 OR Q.8,Alpha,5.07142857142857,0,0
2021-07-10,3,0,7.57142857142857,0,0,5.94903028944023e-05,0.262217248717186,B.1.1.7 OR Q.1 OR Q.2 OR Q.3 OR Q.4 OR Q.5 OR Q.6 OR Q.7 OR Q.8,Alpha,5.21428571428571,0,0
2021-07-11,1,0,7.42857142857143,0,0,6.76864642438304e-05,0.29243617366231,B.1.1.7 OR Q.1 OR Q.2 OR Q.3 OR Q.4 OR Q.5 OR Q.6 OR Q.7 OR Q.8,Alpha,5.21428571428571,0,0
2021-07-12,9,0,7.71428571428571,0,0,5.94903028944023e-05,0.262217248717186,B.1.1.7 OR Q.1 OR Q.2 OR Q.3 OR Q.4 OR Q.5 OR Q.6 OR Q.7 OR Q.8,Alpha,5.71428571428571,0,0
2021-07-13,9,0,7.42857142857143,0,0,6.76864642438304e-05,0.29243617366231,B.1.1.7 OR Q.1 OR Q.2 OR Q.3 OR Q.4 OR Q.5 OR Q.6 OR Q.7 OR Q.8,Alpha,6.28571428571429,0,0
2021-07-14,2,0,5.42857142857143,0,0,9.34206000395449e-05,0.379377142299039,B.1.1.7 OR Q.1 OR Q.2 OR Q.3 OR Q.4 OR Q.5 OR Q.6 OR Q.7 OR Q.8,Alpha,6.21428571428571,0,0
2021-07-15,7,0,5.14285714285714,0,0,9.34206000395449e-05,0.379377142299039,B.1.1.7 OR Q.1 OR Q.2 OR Q.3 OR Q.4 OR Q.5 OR Q.6 OR Q.7 OR Q.8,Alpha,6.5,0,0
2021-07-16,1,0,4.57142857142857,0,0,9.34206000395449e-05,0.379377142299039,B.1.1.7 OR Q.1 OR Q.2 OR Q.3 OR Q.4 OR Q.5 OR Q.6 OR Q.7 OR Q.8,Alpha,6.14285714285714,0,0
2021-07-17,8,0,5.28571428571429,0,0,9.34206000395449e-05,0.379377142299039,B.1.1.7 OR Q.1 OR Q.2 OR Q.3 OR Q.4 OR Q.5 OR Q.6 OR Q.7 OR Q.8,Alpha,6.42857142857143,0,0
2021-07-18,1,0,5.28571428571429,0,0,9.34206000395449e-05,0.379377142299039,B.1.1.7 OR Q.1 OR Q.2 OR Q.3 OR Q.4 OR Q.5 OR Q.6 OR Q.7 OR Q.8,Alpha,6.35714285714286,0,0
2021-07-19,3,0,4.42857142857143,0,0,0.000115332788238275,0.44476261765764,B.1.1.7 OR Q.1 OR Q.2 OR Q.3 OR Q.4 OR Q.5 OR Q.6 OR Q.7 OR Q.8,Alpha,6.07142857142857,0,0
2021-07-20,6,1,4,0.142857142857143,0.0357142857142857,0.000115332788238275,0.44476261765764,B.1.1.7 OR Q.1 OR Q.2 OR Q.3 OR Q.4 OR Q.5 OR Q.6 OR Q.7 OR Q.8,Alpha,5.71428571428571,0.0714285714285714,0.0125
2021-07-21,3,0,4.14285714285714,0.142857142857143,0.0344827586206897,0.000115332788238275,0.44476261765764,B.1.1.7 OR Q.1 OR Q.2 OR Q.3 OR Q.4 OR Q.5 OR Q.6 OR Q.7 OR Q.8,Alpha,4.78571428571429,0.0714285714285714,0.0149253731343284
2021-07-22,1,0,3.28571428571429,0.142857142857143,0.0434782608695652,0.000150636025436569,0.53558324304295,B.1.1.7 OR Q.1 OR Q.2 OR Q.3 OR Q.4 OR Q.5 OR Q.6 OR Q.7 OR Q.8,Alpha,4.21428571428571,0.0714285714285714,0.0169491525423729
2021-07-23,2,0,3.42857142857143,0.142857142857143,0.0416666666666667,0.000150636025436569,0.53558324304295,B.1.1.7 OR Q.1 OR Q.2 OR Q.3 OR Q.4 OR Q.5 OR Q.6 OR Q.7 OR Q.8,Alpha,4,0.0714285714285714,0.0178571428571429
2021-07-24,3,0,2.71428571428571,0.142857142857143,0.0526315789473684,0.000150636025436569,0.53558324304295,B.1.1.7 OR Q.1 OR Q.2 OR Q.3 OR Q.4 OR Q.5 OR Q.6 OR Q.7 OR Q.8,Alpha,4,0.0714285714285714,0.0178571428571429
2021-07-25,1,0,2.71428571428571,0.142857142857143,0.0526315789473684,0.000150636025436569,0.53558324304295,B.1.1.7 OR Q.1 OR Q.2 OR Q.3 OR Q.4 OR Q.5 OR Q.6 OR Q.7 OR Q.8,Alpha,4,0.0714285714285714,0.0178571428571429
2021-07-26,2,0,2.57142857142857,0.142857142857143,0.0555555555555555,0.000150636025436569,0.53558324304295,B.1.1.7 OR Q.1 OR Q.2 OR Q.3 OR Q.4 OR Q.5 OR Q.6 OR Q.7 OR Q.8,Alpha,3.5,0.0714285714285714,0.0204081632653061
2021-07-27,6,0,2.57142857142857,0,0,0.000150636025436569,0.53558324304295,B.1.1.7 OR Q.1 OR Q.2 OR Q.3 OR Q.4 OR Q.5 OR Q.6 OR Q.7 OR Q.8,Alpha,3.28571428571429,0.0714285714285714,0.0217391304347826
2021-07-28,2,0,2.42857142857143,0,0,0.000216908470030966,0.666821754401209,B.1.1.7 OR Q.1 OR Q.2 OR Q.3 OR Q.4 OR Q.5 OR Q.6 OR Q.7 OR Q.8,Alpha,3.28571428571429,0.0714285714285714,0.0217391304347826
2021-07-29,1,0,2.42857142857143,0,0,0.000216908470030966,0.666821754401209,B.1.1.7 OR Q.1 OR Q.2 OR Q.3 OR Q.4 OR Q.5 OR Q.6 OR Q.7 OR Q.8,Alpha,2.85714285714286,0.0714285714285714,0.025
2021-07-30,3,0,2.57142857142857,0,0,0.000150636025436569,0.53558324304295,B.1.1.7 OR Q.1 OR Q.2 OR Q.3 OR Q.4 OR Q.5 OR Q.6 OR Q.7 OR Q.8,Alpha,3,0.0714285714285714,0.0238095238095238
2021-07-31,4,0,2.71428571428571,0,0,0.000150636025436569,0.53558324304295,B.1.1.7 OR Q.1 OR Q.2 OR Q.3 OR Q.4 OR Q.5 OR Q.6 OR Q.7 OR Q.8,Alpha,2.71428571428571,0.0714285714285714,0.0263157894736842
2021-08-01,2,0,2.85714285714286,0,0,0.000150636025436569,0.53558324304295,B.1.1.7 OR Q.1 OR Q.2 OR Q.3 OR Q.4 OR Q.5 OR Q.6 OR Q.7 OR Q.8,Alpha,2.78571428571429,0.0714285714285714,0.0256410256410256
2021-08-02,7,0,3.57142857142857,0,0,0.000115332788238275,0.44476261765764,B.1.1.7 OR Q.1 OR Q.2 OR Q.3 OR Q.4 OR Q.5 OR Q.6 OR Q.7 OR Q.8,Alpha,3.07142857142857,0.0714285714285714,0.0232558139534884
2021-08-03,4,0,3.28571428571429,0,0,0.000150636025436569,0.53558324304295,B.1.1.7 OR Q.1 OR Q.2 OR Q.3 OR Q.4 OR Q.5 OR Q.6 OR Q.7 OR Q.8,Alpha,2.92857142857143,0,0
2021-08-04,2,0,3.28571428571429,0,0,0.000150636025436569,0.53558324304295,B.1.1.7 OR Q.1 OR Q.2 OR Q.3 OR Q.4 OR Q.5 OR Q.6 OR Q.7 OR Q.8,Alpha,2.85714285714286,0,0
2021-08-05,8,0,4.28571428571429,0,0,0.000115332788238275,0.44476261765764,B.1.1.7 OR Q.1 OR Q.2 OR Q.3 OR Q.4 OR Q.5 OR Q.6 OR Q.7 OR Q.8,Alpha,3.35714285714286,0,0
2021-08-06,6,0,4.71428571428571,0,0,9.34206000395449e-05,0.379377142299039,B.1.1.7 OR Q.1 OR Q.2 OR Q.3 OR Q.4 OR Q.5 OR Q.6 OR Q.7 OR Q.8,Alpha,3.64285714285714,0,0
2021-08-07,8,0,5.28571428571429,0,0,9.34206000395449e-05,0.379377142299039,B.1.1.7 OR Q.1 OR Q.2 OR Q.3 OR Q.4 OR Q.5 OR Q.6 OR Q.7 OR Q.8,Alpha,4,0,0
2021-08-08,11,0,6.57142857142857,0,0,6.76864642438304e-05,0.29243617366231,B.1.1.7 OR Q.1 OR Q.2 OR Q.3 OR Q.4 OR Q.5 OR Q.6 OR Q.7 OR Q.8,Alpha,4.71428571428571,0,0
2021-08-09,3,0,6,0,0,7.84998483662082e-05,0.33038890915155,B.1.1.7 OR Q.1 OR Q.2 OR Q.3 OR Q.4 OR Q.5 OR Q.6 OR Q.7 OR Q.8,Alpha,4.78571428571429,0,0
2021-08-10,4,0,6,0,0,7.84998483662082e-05,0.33038890915155,B.1.1.7 OR Q.1 OR Q.2 OR Q.3 OR Q.4 OR Q.5 OR Q.6 OR Q.7 OR Q.8,Alpha,4.64285714285714,0,0
2021-08-11,4,0,6.28571428571429,0,0,7.84998483662082e-05,0.33038890915155,B.1.1.7 OR Q.1 OR Q.2 OR Q.3 OR Q.4 OR Q.5 OR Q.6 OR Q.7 OR Q.8,Alpha,4.78571428571429,0,0
2021-08-12,4,0,5.71428571428571,0,0,7.84998483662082e-05,0.33038890915155,B.1.1.7 OR Q.1 OR Q.2 OR Q.3 OR Q.4 OR Q.5 OR Q.6 OR Q.7 OR Q.8,Alpha,5,0,0
2021-08-13,4,0,5.42857142857143,0,0,9.34206000395449e-05,0.379377142299039,B.1.1.7 OR Q.1 OR Q.2 OR Q.3 OR Q.4 OR Q.5 OR Q.6 OR Q.7 OR Q.8,Alpha,5.07142857142857,0,0
2021-08-14,3,0,4.71428571428571,0,0,9.34206000395449e-05,0.379377142299039,B.1.1.7 OR Q.1 OR Q.2 OR Q.3 OR Q.4 OR Q.5 OR Q.6 OR Q.7 OR Q.8,Alpha,5,0,0
2021-08-16,5,0,4,0,0,0.000115332788238275,0.44476261765764,B.1.1.7 OR Q.1 OR Q.2 OR Q.3 OR Q.4 OR Q.5 OR Q.6 OR Q.7 OR Q.8,Alpha,5.21428571428571,0,0
2021-08-17,2,0,3.66666666666667,0,0,0.000115332788238275,0.44476261765764,B.1.1.7 OR Q.1 OR Q.2 OR Q.3 OR Q.4 OR Q.5 OR Q.6 OR Q.7 OR Q.8,Alpha,4.85714285714286,0,0
2021-08-18,9,0,4.5,0,0,0.000115332788238275,0.44476261765764,B.1.1.7 OR Q.1 OR Q.2 OR Q.3 OR Q.4 OR Q.5 OR Q.6 OR Q.7 OR Q.8,Alpha,5.21428571428571,0,0
2021-08-19,7,0,5,0,0,9.34206000395449e-05,0.379377142299039,B.1.1.7 OR Q.1 OR Q.2 OR Q.3 OR Q.4 OR Q.5 OR Q.6 OR Q.7 OR Q.8,Alpha,5.57142857142857,0,0
2021-08-20,8,0,5.66666666666667,0,0,7.84998483662082e-05,0.33038890915155,B.1.1.7 OR Q.1 OR Q.2 OR Q.3 OR Q.4 OR Q.5 OR Q.6 OR Q.7 OR Q.8,Alpha,5.57142857142857,0,0
2021-08-21,4,0,5.83333333333333,0,0,7.84998483662082e-05,0.33038890915155,B.1.1.7 OR Q.1 OR Q.2 OR Q.3 OR Q.4 OR Q.5 OR Q.6 OR Q.7 OR Q.8,Alpha,5.42857142857143,0,0
2021-08-22,3,0,5.42857142857143,0,0,9.34206000395449e-05,0.379377142299039,B.1.1.7 OR Q.1 OR Q.2 OR Q.3 OR Q.4 OR Q.5 OR Q.6 OR Q.7 OR Q.8,Alpha,5.07142857142857,0,0
2021-08-23,7,0,5.71428571428571,0,0,7.84998483662082e-05,0.33038890915155,B.1.1.7 OR Q.1 OR Q.2 OR Q.3 OR Q.4 OR Q.5 OR Q.6 OR Q.7 OR Q.8,Alpha,4.78571428571429,0,0
2021-08-24,7,0,6.42857142857143,0,0,7.84998483662082e-05,0.33038890915155,B.1.1.7 OR Q.1 OR Q.2 OR Q.3 OR Q.4 OR Q.5 OR Q.6 OR Q.7 OR Q.8,Alpha,5.07142857142857,0,0
2021-08-25,3,0,5.57142857142857,0,0,7.84998483662082e-05,0.33038890915155,B.1.1.7 OR Q.1 OR Q.2 OR Q.3 OR Q.4 OR Q.5 OR Q.6 OR Q.7 OR Q.8,Alpha,5,0,0
2021-08-26,5,0,5.28571428571429,0,0,9.34206000395449e-05,0.379377142299039,B.1.1.7 OR Q.1 OR Q.2 OR Q.3 OR Q.4 OR Q.5 OR Q.6 OR Q.7 OR Q.8,Alpha,5.07142857142857,0,0
2021-08-27,5,0,4.85714285714286,0,0,9.34206000395449e-05,0.379377142299039,B.1.1.7 OR Q.1 OR Q.2 OR Q.3 OR Q.4 OR Q.5 OR Q.6 OR Q.7 OR Q.8,Alpha,5.14285714285714,0,0
2021-08-28,11,0,5.85714285714286,0,0,7.84998483662082e-05,0.33038890915155,B.1.1.7 OR Q.1 OR Q.2 OR Q.3 OR Q.4 OR Q.5 OR Q.6 OR Q.7 OR Q.8,Alpha,5.64285714285714,0,0
2021-08-29,3,0,5.85714285714286,0,0,7.84998483662082e-05,0.33038890915155,B.1.1.7 OR Q.1 OR Q.2 OR Q.3 OR Q.4 OR Q.5 OR Q.6 OR Q.7 OR Q.8,Alpha,5.64285714285714,0,0
2021-08-30,7,0,5.85714285714286,0,0,7.84998483662082e-05,0.33038890915155,B.1.1.7 OR Q.1 OR Q.2 OR Q.3 OR Q.4 OR Q.5 OR Q.6 OR Q.7 OR Q.8,Alpha,5.78571428571429,0,0
2021-08-31,10,0,6.28571428571429,0,0,7.84998483662082e-05,0.33038890915155,B.1.1.7 OR Q.1 OR Q.2 OR Q.3 OR Q.4 OR Q.5 OR Q.6 OR Q.7 OR Q.8,Alpha,6.35714285714286,0,0
2021-09-01,9,0,7.14285714285714,0,0,6.76864642438304e-05,0.29243617366231,B.1.1.7 OR Q.1 OR Q.2 OR Q.3 OR Q.4 OR Q.5 OR Q.6 OR Q.7 OR Q.8,Alpha,6.35714285714286,0,0
2021-09-02,6,0,7.28571428571429,0,0,6.76864642438304e-05,0.29243617366231,B.1.1.7 OR Q.1 OR Q.2 OR Q.3 OR Q.4 OR Q.5 OR Q.6 OR Q.7 OR Q.8,Alpha,6.28571428571429,0,0
2021-09-03,5,0,7.28571428571429,0,0,6.76864642438304e-05,0.29243617366231,B.1.1.7 OR Q.1 OR Q.2 OR Q.3 OR Q.4 OR Q.5 OR Q.6 OR Q.7 OR Q.8,Alpha,6.07142857142857,0,0
2021-09-04,8,0,6.85714285714286,0,0,6.76864642438304e-05,0.29243617366231,B.1.1.7 OR Q.1 OR Q.2 OR Q.3 OR Q.4 OR Q.5 OR Q.6 OR Q.7 OR Q.8,Alpha,6.35714285714286,0,0
2021-09-05,2,0,6.71428571428571,0,0,6.76864642438304e-05,0.29243617366231,B.1.1.7 OR Q.1 OR Q.2 OR Q.3 OR Q.4 OR Q.5 OR Q.6 OR Q.7 OR Q.8,Alpha,6.28571428571429,0,0
2021-09-06,5,0,6.42857142857143,0,0,7.84998483662082e-05,0.33038890915155,B.1.1.7 OR Q.1 OR Q.2 OR Q.3 OR Q.4 OR Q.5 OR Q.6 OR Q.7 OR Q.8,Alpha,6.14285714285714,0,0
2021-09-07,2,0,5.28571428571429,0,0,9.34206000395449e-05,0.379377142299039,B.1.1.7 OR Q.1 OR Q.2 OR Q.3 OR Q.4 OR Q.5 OR Q.6 OR Q.7 OR Q.8,Alpha,5.78571428571429,0,0
2021-09-08,1,0,4.14285714285714,0,0,0.000115332788238275,0.44476261765764,B.1.1.7 OR Q.1 OR Q.2 OR Q.3 OR Q.4 OR Q.5 OR Q.6 OR Q.7 OR Q.8,Alpha,5.64285714285714,0,0
2021-09-10,2,0,3.33333333333333,0,0,0.000150636025436569,0.53558324304295,B.1.1.7 OR Q.1 OR Q.2 OR Q.3 OR Q.4 OR Q.5 OR Q.6 OR Q.7 OR Q.8,Alpha,5.42857142857143,0,0
2021-09-11,1,0,2.16666666666667,0,0,0.000216908470030966,0.666821754401209,B.1.1.7 OR Q.1 OR Q.2 OR Q.3 OR Q.4 OR Q.5 OR Q.6 OR Q.7 OR Q.8,Alpha,5.14285714285714,0,0
2021-09-13,1,0,1.4,0,0,0.000385580980755902,0.853253683690425,B.1.1.7 OR Q.1 OR Q.2 OR Q.3 OR Q.4 OR Q.5 OR Q.6 OR Q.7 OR Q.8,Alpha,4.42857142857143,0,0
2021-09-14,1,0,1.2,0,0,0.000385580980755902,0.853253683690425,B.1.1.7 OR Q.1 OR Q.2 OR Q.3 OR Q.4 OR Q.5 OR Q.6 OR Q.7 OR Q.8,Alpha,4.28571428571429,0,0
2021-09-16,5,0,2,0,0,0.000216908470030966,0.666821754401209,B.1.1.7 OR Q.1 OR Q.2 OR Q.3 OR Q.4 OR Q.5 OR Q.6 OR Q.7 OR Q.8,Alpha,4.14285714285714,0,0
2021-09-17,1,0,1.8,0,0,0.000216908470030966,0.666821754401209,B.1.1.7 OR Q.1 OR Q.2 OR Q.3 OR Q.4 OR Q.5 OR Q.6 OR Q.7 OR Q.8,Alpha,3.5,0,0
2021-09-18,2,0,2,0,0,0.000216908470030966,0.666821754401209,B.1.1.7 OR Q.1 OR Q.2 OR Q.3 OR Q.4 OR Q.5 OR Q.6 OR Q.7 OR Q.8,Alpha,3,0,0
2021-09-19,3,0,2.16666666666667,0,0,0.000216908470030966,0.666821754401209,B.1.1.7 OR Q.1 OR Q.2 OR Q.3 OR Q.4 OR Q.5 OR Q.6 OR Q.7 OR Q.8,Alpha,2.78571428571429,0,0
2021-09-20,3,0,2.5,0,0,0.000216908470030966,0.666821754401209,B.1.1.7 OR Q.1 OR Q.2 OR Q.3 OR Q.4 OR Q.5 OR Q.6 OR Q.7 OR Q.8,Alpha,2.64285714285714,0,0
2021-09-21,7,0,3.5,0,0,0.000115332788238275,0.44476261765764,B.1.1.7 OR Q.1 OR Q.2 OR Q.3 OR Q.4 OR Q.5 OR Q.6 OR Q.7 OR Q.8,Alpha,2.57142857142857,0,0
2021-09-22,8,0,4.14285714285714,0,0,0.000115332788238275,0.44476261765764,B.1.1.7 OR Q.1 OR Q.2 OR Q.3 OR Q.4 OR Q.5 OR Q.6 OR Q.7 OR Q.8,Alpha,3,0,0
2021-09-24,1,0,4,0,0,0.000115332788238275,0.44476261765764,B.1.1.7 OR Q.1 OR Q.2 OR Q.3 OR Q.4 OR Q.5 OR Q.6 OR Q.7 OR Q.8,Alpha,2.71428571428571,0,0
2021-09-25,2,0,4,0,0,0.000115332788238275,0.44476261765764,B.1.1.7 OR Q.1 OR Q.2 OR Q.3 OR Q.4 OR Q.5 OR Q.6 OR Q.7 OR Q.8,Alpha,2.71428571428571,0,0
2021-09-27,1,0,3.8,0,0,0.000115332788238275,0.44476261765764,B.1.1.7 OR Q.1 OR Q.2 OR Q.3 OR Q.4 OR Q.5 OR Q.6 OR Q.7 OR Q.8,Alpha,2.71428571428571,0,0
2021-09-28,3,0,3,0,0,0.000150636025436569,0.53558324304295,B.1.1.7 OR Q.1 OR Q.2 OR Q.3 OR Q.4 OR Q.5 OR Q.6 OR Q.7 OR Q.8,Alpha,2.78571428571429,0,0
2021-09-29,1,0,1.6,0,0,0.000216908470030966,0.666821754401209,B.1.1.7 OR Q.1 OR Q.2 OR Q.3 OR Q.4 OR Q.5 OR Q.6 OR Q.7 OR Q.8,Alpha,2.78571428571429,0,0
2021-09-30,6,0,2.33333333333333,0,0,0.000216908470030966,0.666821754401209,B.1.1.7 OR Q.1 OR Q.2 OR Q.3 OR Q.4 OR Q.5 OR Q.6 OR Q.7 OR Q.8,Alpha,3.14285714285714,0,0
2021-10-04,1,0,2.75,0,0,0.000150636025436569,0.53558324304295,B.1.1.7 OR Q.1 OR Q.2 OR Q.3 OR Q.4 OR Q.5 OR Q.6 OR Q.7 OR Q.8,Alpha,3.14285714285714,0,0
2021-10-07,1,0,1,0,0,0.000385580980755902,0.853253683690425,B.1.1.7 OR Q.1 OR Q.2 OR Q.3 OR Q.4 OR Q.5 OR Q.6 OR Q.7 OR Q.8,Alpha,2.85714285714286,0,0
2021-10-09,2,0,1.33333333333333,0,0,0.000385580980755902,0.853253683690425,B.1.1.7 OR Q.1 OR Q.2 OR Q.3 OR Q.4 OR Q.5 OR Q.6 OR Q.7 OR Q.8,Alpha,2.92857142857143,0,0
2021-10-10,1,0,1.25,0,0,0.000385580980755902,0.853253683690425,B.1.1.7 OR Q.1 OR Q.2 OR Q.3 OR Q.4 OR Q.5 OR Q.6 OR Q.7 OR Q.8,Alpha,2.85714285714286,0,0
2021-10-11,1,0,1.25,0,0,0.000385580980755902,0.853253683690425,B.1.1.7 OR Q.1 OR Q.2 OR Q.3 OR Q.4 OR Q.5 OR Q.6 OR Q.7 OR Q.8,Alpha,2.71428571428571,0,0
2021-10-12,2,0,1.4,0,0,0.000385580980755902,0.853253683690425,B.1.1.7 OR Q.1 OR Q.2 OR Q.3 OR Q.4 OR Q.5 OR Q.6 OR Q.7 OR Q.8,Alpha,2.64285714285714,0,0
2021-10-13,1,0,1.33333333333333,0,0,0.000385580980755902,0.853253683690425,B.1.1.7 OR Q.1 OR Q.2 OR Q.3 OR Q.4 OR Q.5 OR Q.6 OR Q.7 OR Q.8,Alpha,2.21428571428571,0,0
2021-10-14,3,0,1.66666666666667,0,0,0.000216908470030966,0.666821754401209,B.1.1.7 OR Q.1 OR Q.2 OR Q.3 OR Q.4 OR Q.5 OR Q.6 OR Q.7 OR Q.8,Alpha,1.85714285714286,0,0
2021-10-15,2,0,1.71428571428571,0,0,0.000216908470030966,0.666821754401209,B.1.1.7 OR Q.1 OR Q.2 OR Q.3 OR Q.4 OR Q.5 OR Q.6 OR Q.7 OR Q.8,Alpha,1.92857142857143,0,0
2021-10-17,1,0,1.66666666666667,0,0,0.000216908470030966,0.666821754401209,B.1.1.7 OR Q.1 OR Q.2 OR Q.3 OR Q.4 OR Q.5 OR Q.6 OR Q.7 OR Q.8,Alpha,1.85714285714286,0,0
2021-10-18,2,0,1.83333333333333,0,0,0.000216908470030966,0.666821754401209,B.1.1.7 OR Q.1 OR Q.2 OR Q.3 OR Q.4 OR Q.5 OR Q.6 OR Q.7 OR Q.8,Alpha,1.92857142857143,0,0
2021-10-19,1,0,1.66666666666667,0,0,0.000216908470030966,0.666821754401209,B.1.1.7 OR Q.1 OR Q.2 OR Q.3 OR Q.4 OR Q.5 OR Q.6 OR Q.7 OR Q.8,Alpha,1.78571428571429,0,0
2021-10-20,3,0,2,0,0,0.000216908470030966,0.666821754401209,B.1.1.7 OR Q.1 OR Q.2 OR Q.3 OR Q.4 OR Q.5 OR Q.6 OR Q.7 OR Q.8,Alpha,1.92857142857143,0,0
2021-10-21,1,0,1.66666666666667,0,0,0.000216908470030966,0.666821754401209,B.1.1.7 OR Q.1 OR Q.2 OR Q.3 OR Q.4 OR Q.5 OR Q.6 OR Q.7 OR Q.8,Alpha,1.57142857142857,0,0
2021-10-22,6,0,2.33333333333333,0,0,0.000216908470030966,0.666821754401209,B.1.1.7 OR Q.1 OR Q.2 OR Q.3 OR Q.4 OR Q.5 OR Q.6 OR Q.7 OR Q.8,Alpha,1.92857142857143,0,0
2021-10-23,1,0,2.14285714285714,0,0,0.000216908470030966,0.666821754401209,B.1.1.7 OR Q.1 OR Q.2 OR Q.3 OR Q.4 OR Q.5 OR Q.6 OR Q.7 OR Q.8,Alpha,1.92857142857143,0,0
2021-10-24,2,0,2.28571428571429,0,0,0.000216908470030966,0.666821754401209,B.1.1.7 OR Q.1 OR Q.2 OR Q.3 OR Q.4 OR Q.5 OR Q.6 OR Q.7 OR Q.8,Alpha,1.92857142857143,0,0
2021-10-25,3,0,2.42857142857143,0,0,0.000216908470030966,0.666821754401209,B.1.1.7 OR Q.1 OR Q.2 OR Q.3 OR Q.4 OR Q.5 OR Q.6 OR Q.7 OR Q.8,Alpha,2.07142857142857,0,0
2021-10-26,8,0,3.42857142857143,0,0,0.000150636025436569,0.53558324304295,B.1.1.7 OR Q.1 OR Q.2 OR Q.3 OR Q.4 OR Q.5 OR Q.6 OR Q.7 OR Q.8,Alpha,2.57142857142857,0,0
2021-10-27,4,0,3.57142857142857,0,0,0.000115332788238275,0.44476261765764,B.1.1.7 OR Q.1 OR Q.2 OR Q.3 OR Q.4 OR Q.5 OR Q.6 OR Q.7 OR Q.8,Alpha,2.71428571428571,0,0
2021-10-28,7,0,4.42857142857143,0,0,0.000115332788238275,0.44476261765764,B.1.1.7 OR Q.1 OR Q.2 OR Q.3 OR Q.4 OR Q.5 OR Q.6 OR Q.7 OR Q.8,Alpha,3.14285714285714,0,0
2021-10-29,4,0,4.14285714285714,0,0,0.000115332788238275,0.44476261765764,B.1.1.7 OR Q.1 OR Q.2 OR Q.3 OR Q.4 OR Q.5 OR Q.6 OR Q.7 OR Q.8,Alpha,3.21428571428571,0,0
2021-10-31,3,0,4.83333333333333,0,0,9.34206000395449e-05,0.379377142299039,B.1.1.7 OR Q.1 OR Q.2 OR Q.3 OR Q.4 OR Q.5 OR Q.6 OR Q.7 OR Q.8,Alpha,3.28571428571429,0,0
2021-11-01,4,0,5,0,0,9.34206000395449e-05,0.379377142299039,B.1.1.7 OR Q.1 OR Q.2 OR Q.3 OR Q.4 OR Q.5 OR Q.6 OR Q.7 OR Q.8,Alpha,3.5,0,0
2021-11-02,14,0,6,0,0,7.84998483662082e-05,0.33038890915155,B.1.1.7 OR Q.1 OR Q.2 OR Q.3 OR Q.4 OR Q.5 OR Q.6 OR Q.7 OR Q.8,Alpha,4.35714285714286,0,0
2021-11-03,7,0,6.5,0,0,7.84998483662082e-05,0.33038890915155,B.1.1.7 OR Q.1 OR Q.2 OR Q.3 OR Q.4 OR Q.5 OR Q.6 OR Q.7 OR Q.8,Alpha,4.78571428571429,0,0
2021-11-04,3,0,5.83333333333333,0,0,7.84998483662082e-05,0.33038890915155,B.1.1.7 OR Q.1 OR Q.2 OR Q.3 OR Q.4 OR Q.5 OR Q.6 OR Q.7 OR Q.8,Alpha,4.78571428571429,0,0
2021-11-05,9,0,6.66666666666667,0,0,6.76864642438304e-05,0.29243617366231,B.1.1.7 OR Q.1 OR Q.2 OR Q.3 OR Q.4 OR Q.5 OR Q.6 OR Q.7 OR Q.8,Alpha,5.35714285714286,0,0
2021-11-06,4,0,6.28571428571429,0,0,7.84998483662082e-05,0.33038890915155,B.1.1.7 OR Q.1 OR Q.2 OR Q.3 OR Q.4 OR Q.5 OR Q.6 OR Q.7 OR Q.8,Alpha,5.21428571428571,0,0
2021-11-07,1,0,6,0,0,7.84998483662082e-05,0.33038890915155,B.1.1.7 OR Q.1 OR Q.2 OR Q.3 OR Q.4 OR Q.5 OR Q.6 OR Q.7 OR Q.8,Alpha,5.21428571428571,0,0
2021-11-08,9,0,6.71428571428571,0,0,6.76864642438304e-05,0.29243617366231,B.1.1.7 OR Q.1 OR Q.2 OR Q.3 OR Q.4 OR Q.5 OR Q.6 OR Q.7 OR Q.8,Alpha,5.71428571428571,0,0
2021-11-09,4,0,5.28571428571429,0,0,9.34206000395449e-05,0.379377142299039,B.1.1.7 OR Q.1 OR Q.2 OR Q.3 OR Q.4 OR Q.5 OR Q.6 OR Q.7 OR Q.8,Alpha,5.78571428571429,0,0
2021-11-10,3,0,4.71428571428571,0,0,9.34206000395449e-05,0.379377142299039,B.1.1.7 OR Q.1 OR Q.2 OR Q.3 OR Q.4 OR Q.5 OR Q.6 OR Q.7 OR Q.8,Alpha,5.42857142857143,0,0
2021-11-11,5,0,5,0,0,9.34206000395449e-05,0.379377142299039,B.1.1.7 OR Q.1 OR Q.2 OR Q.3 OR Q.4 OR Q.5 OR Q.6 OR Q.7 OR Q.8,Alpha,5.5,0,0
2021-11-12,3,0,4.14285714285714,0,0,0.000115332788238275,0.44476261765764,B.1.1.7 OR Q.1 OR Q.2 OR Q.3 OR Q.4 OR Q.5 OR Q.6 OR Q.7 OR Q.8,Alpha,5.21428571428571,0,0
2021-11-13,3,0,4,0,0,0.000115332788238275,0.44476261765764,B.1.1.7 OR Q.1 OR Q.2 OR Q.3 OR Q.4 OR Q.5 OR Q.6 OR Q.7 OR Q.8,Alpha,5.14285714285714,0,0
2021-11-15,3,0,3.5,0,0,0.000115332788238275,0.44476261765764,B.1.1.7 OR Q.1 OR Q.2 OR Q.3 OR Q.4 OR Q.5 OR Q.6 OR Q.7 OR Q.8,Alpha,5.14285714285714,0,0
2021-11-16,3,0,3.33333333333333,0,0,0.000150636025436569,0.53558324304295,B.1.1.7 OR Q.1 OR Q.2 OR Q.3 OR Q.4 OR Q.5 OR Q.6 OR Q.7 OR Q.8,Alpha,5.07142857142857,0,0
2021-11-17,2,0,3.16666666666667,0,0,0.000150636025436569,0.53558324304295,B.1.1.7 OR Q.1 OR Q.2 OR Q.3 OR Q.4 OR Q.5 OR Q.6 OR Q.7 OR Q.8,Alpha,4.21428571428571,0,0
2021-11-18,2,0,2.66666666666667,0,0,0.000150636025436569,0.53558324304295,B.1.1.7 OR Q.1 OR Q.2 OR Q.3 OR Q.4 OR Q.5 OR Q.6 OR Q.7 OR Q.8,Alpha,3.85714285714286,0,0
2021-11-19,2,0,2.5,0,0,0.000216908470030966,0.666821754401209,B.1.1.7 OR Q.1 OR Q.2 OR Q.3 OR Q.4 OR Q.5 OR Q.6 OR Q.7 OR Q.8,Alpha,3.78571428571429,0,0
2021-11-20,2,0,2.33333333333333,0,0,0.000216908470030966,0.666821754401209,B.1.1.7 OR Q.1 OR Q.2 OR Q.3 OR Q.4 OR Q.5 OR Q.6 OR Q.7 OR Q.8,Alpha,3.28571428571429,0,0
2021-11-22,4,0,2.5,0,0,0.000216908470030966,0.666821754401209,B.1.1.7 OR Q.1 OR Q.2 OR Q.3 OR Q.4 OR Q.5 OR Q.6 OR Q.7 OR Q.8,Alpha,3.28571428571429,0,0
2021-11-23,6,0,3,0,0,0.000150636025436569,0.53558324304295,B.1.1.7 OR Q.1 OR Q.2 OR Q.3 OR Q.4 OR Q.5 OR Q.6 OR Q.7 OR Q.8,Alpha,3.64285714285714,0,0
2021-11-24,4,0,3.33333333333333,0,0,0.000150636025436569,0.53558324304295,B.1.1.7 OR Q.1 OR Q.2 OR Q.3 OR Q.4 OR Q.5 OR Q.6 OR Q.7 OR Q.8,Alpha,3.28571428571429,0,0
2021-11-26,2,0,3.6,0,0,0.000115332788238275,0.44476261765764,B.1.1.7 OR Q.1 OR Q.2 OR Q.3 OR Q.4 OR Q.5 OR Q.6 OR Q.7 OR Q.8,Alpha,3.14285714285714,0,0
2021-11-27,4,0,4,0,0,0.000115332788238275,0.44476261765764,B.1.1.7 OR Q.1 OR Q.2 OR Q.3 OR Q.4 OR Q.5 OR Q.6 OR Q.7 OR Q.8,Alpha,3.21428571428571,0,0
2021-11-28,5,0,4.16666666666667,0,0,0.000115332788238275,0.44476261765764,B.1.1.7 OR Q.1 OR Q.2 OR Q.3 OR Q.4 OR Q.5 OR Q.6 OR Q.7 OR Q.8,Alpha,3.21428571428571,0,0
2021-11-29,3,0,4,0,0,0.000115332788238275,0.44476261765764,B.1.1.7 OR Q.1 OR Q.2 OR Q.3 OR Q.4 OR Q.5 OR Q.6 OR Q.7 OR Q.8,Alpha,3.21428571428571,0,0
2021-11-30,1,0,3.16666666666667,0,0,0.000150636025436569,0.53558324304295,B.1.1.7 OR Q.1 OR Q.2 OR Q.3 OR Q.4 OR Q.5 OR Q.6 OR Q.7 OR Q.8,Alpha,3.07142857142857,0,0
2021-12-01,5,0,3.33333333333333,0,0,0.000150636025436569,0.53558324304295,B.1.1.7 OR Q.1 OR Q.2 OR Q.3 OR Q.4 OR Q.5 OR Q.6 OR Q.7 OR Q.8,Alpha,3.21428571428571,0,0
2021-12-02,3,0,3.28571428571429,0,0,0.000150636025436569,0.53558324304295,B.1.1.7 OR Q.1 OR Q.2 OR Q.3 OR Q.4 OR Q.5 OR Q.6 OR Q.7 OR Q.8,Alpha,3.21428571428571,0,0
2021-12-03,3,0,3.42857142857143,0,0,0.000150636025436569,0.53558324304295,B.1.1.7 OR Q.1 OR Q.2 OR Q.3 OR Q.4 OR Q.5 OR Q.6 OR Q.7 OR Q.8,Alpha,3.28571428571429,0,0
2021-12-04,2,0,3.14285714285714,0,0,0.000150636025436569,0.53558324304295,B.1.1.7 OR Q.1 OR Q.2 OR Q.3 OR Q.4 OR Q.5 OR Q.6 OR Q.7 OR Q.8,Alpha,3.28571428571429,0,0
2021-12-05,2,0,2.71428571428571,0,0,0.000150636025436569,0.53558324304295,B.1.1.7 OR Q.1 OR Q.2 OR Q.3 OR Q.4 OR Q.5 OR Q.6 OR Q.7 OR Q.8,Alpha,3.28571428571429,0,0
2021-12-06,8,0,3.42857142857143,0,0,0.000150636025436569,0.53558324304295,B.1.1.7 OR Q.1 OR Q.2 OR Q.3 OR Q.4 OR Q.5 OR Q.6 OR Q.7 OR Q.8,Alpha,3.71428571428571,0,0
2021-12-07,4,0,3.85714285714286,0,0,0.000115332788238275,0.44476261765764,B.1.1.7 OR Q.1 OR Q.2 OR Q.3 OR Q.4 OR Q.5 OR Q.6 OR Q.7 OR Q.8,Alpha,3.71428571428571,0,0
2021-12-08,4,0,3.71428571428571,0,0,0.000115332788238275,0.44476261765764,B.1.1.7 OR Q.1 OR Q.2 OR Q.3 OR Q.4 OR Q.5 OR Q.6 OR Q.7 OR Q.8,Alpha,3.57142857142857,0,0
2021-12-09,1,0,3.42857142857143,0,0,0.000150636025436569,0.53558324304295,B.1.1.7 OR Q.1 OR Q.2 OR Q.3 OR Q.4 OR Q.5 OR Q.6 OR Q.7 OR Q.8,Alpha,3.35714285714286,0,0
2021-12-10,5,0,3.71428571428571,0,0,0.000115332788238275,0.44476261765764,B.1.1.7 OR Q.1 OR Q.2 OR Q.3 OR Q.4 OR Q.5 OR Q.6 OR Q.7 OR Q.8,Alpha,3.57142857142857,0,0
2021-12-11,4,0,4,0,0,0.000115332788238275,0.44476261765764,B.1.1.7 OR Q.1 OR Q.2 OR Q.3 OR Q.4 OR Q.5 OR Q.6 OR Q.7 OR Q.8,Alpha,3.57142857142857,0,0
2021-12-12,3,0,4.14285714285714,0,0,0.000115332788238275,0.44476261765764,B.1.1.7 OR Q.1 OR Q.2 OR Q.3 OR Q.4 OR Q.5 OR Q.6 OR Q.7 OR Q.8,Alpha,3.42857142857143,0,0
2021-12-13,6,0,3.85714285714286,0,0,0.000115332788238275,0.44476261765764,B.1.1.7 OR Q.1 OR Q.2 OR Q.3 OR Q.4 OR Q.5 OR Q.6 OR Q.7 OR Q.8,Alpha,3.64285714285714,0,0
2021-12-14,4,0,3.85714285714286,0,0,0.000115332788238275,0.44476261765764,B.1.1.7 OR Q.1 OR Q.2 OR Q.3 OR Q.4 OR Q.5 OR Q.6 OR Q.7 OR Q.8,Alpha,3.85714285714286,0,0
2021-12-15,7,0,4.28571428571429,0,0,0.000115332788238275,0.44476261765764,B.1.1.7 OR Q.1 OR Q.2 OR Q.3 OR Q.4 OR Q.5 OR Q.6 OR Q.7 OR Q.8,Alpha,4,0,0
2021-12-16,5,0,4.85714285714286,0,0,9.34206000395449e-05,0.379377142299039,B.1.1.7 OR Q.1 OR Q.2 OR Q.3 OR Q.4 OR Q.5 OR Q.6 OR Q.7 OR Q.8,Alpha,4.14285714285714,0,0
2021-12-17,4,0,4.71428571428571,0,0,9.34206000395449e-05,0.379377142299039,B.1.1.7 OR Q.1 OR Q.2 OR Q.3 OR Q.4 OR Q.5 OR Q.6 OR Q.7 OR Q.8,Alpha,4.21428571428571,0,0
2021-12-18,6,0,5,0,0,9.34206000395449e-05,0.379377142299039,B.1.1.7 OR Q.1 OR Q.2 OR Q.3 OR Q.4 OR Q.5 OR Q.6 OR Q.7 OR Q.8,Alpha,4.5,0,0
2021-12-20,8,0,5.66666666666667,0,0,7.84998483662082e-05,0.33038890915155,B.1.1.7 OR Q.1 OR Q.2 OR Q.3 OR Q.4 OR Q.5 OR Q.6 OR Q.7 OR Q.8,Alpha,4.92857142857143,0,0
2021-12-21,16,0,7.66666666666667,0,0,5.94903028944023e-05,0.262217248717186,B.1.1.7 OR Q.1 OR Q.2 OR Q.3 OR Q.4 OR Q.5 OR Q.6 OR Q.7 OR Q.8,Alpha,5.5,0,0
2021-12-22,22,0,10.1666666666667,0,0,4.7890433157582e-05,0.217196267509211,B.1.1.7 OR Q.1 OR Q.2 OR Q.3 OR Q.4 OR Q.5 OR Q.6 OR Q.7 OR Q.8,Alpha,6.78571428571429,0,0
2021-12-23,1,0,9.5,0,0,4.7890433157582e-05,0.217196267509211,B.1.1.7 OR Q.1 OR Q.2 OR Q.3 OR Q.4 OR Q.5 OR Q.6 OR Q.7 OR Q.8,Alpha,6.57142857142857,0,0
2021-12-24,11,0,10.6666666666667,0,0,4.36357981421897e-05,0.199994569026208,B.1.1.7 OR Q.1 OR Q.2 OR Q.3 OR Q.4 OR Q.5 OR Q.6 OR Q.7 OR Q.8,Alpha,7.28571428571429,0,0
2021-12-25,9,0,11.1666666666667,0,0,4.36357981421897e-05,0.199994569026208,B.1.1.7 OR Q.1 OR Q.2 OR Q.3 OR Q.4 OR Q.5 OR Q.6 OR Q.7 OR Q.8,Alpha,7.57142857142857,0,0
2021-12-26,2,0,9.85714285714286,0,0,4.7890433157582e-05,0.217196267509211,B.1.1.7 OR Q.1 OR Q.2 OR Q.3 OR Q.4 OR Q.5 OR Q.6 OR Q.7 OR Q.8,Alpha,7.42857142857143,0,0
2021-12-27,8,0,9.85714285714286,0,0,4.7890433157582e-05,0.217196267509211,B.1.1.7 OR Q.1 OR Q.2 OR Q.3 OR Q.4 OR Q.5 OR Q.6 OR Q.7 OR Q.8,Alpha,7.78571428571429,0,0
2021-12-28,2,0,7.85714285714286,0,0,5.94903028944023e-05,0.262217248717186,B.1.1.7 OR Q.1 OR Q.2 OR Q.3 OR Q.4 OR Q.5 OR Q.6 OR Q.7 OR Q.8,Alpha,7.5,0,0
2021-12-29,2,0,5,0,0,9.34206000395449e-05,0.379377142299039,B.1.1.7 OR Q.1 OR Q.2 OR Q.3 OR Q.4 OR Q.5 OR Q.6 OR Q.7 OR Q.8,Alpha,7.35714285714286,0,0
2021-12-30,1,0,5,0,0,9.34206000395449e-05,0.379377142299039,B.1.1.7 OR Q.1 OR Q.2 OR Q.3 OR Q.4 OR Q.5 OR Q.6 OR Q.7 OR Q.8,Alpha,6.92857142857143,0,0
2021-12-31,1,0,3.57142857142857,0,0,0.000115332788238275,0.44476261765764,B.1.1.7 OR Q.1 OR Q.2 OR Q.3 OR Q.4 OR Q.5 OR Q.6 OR Q.7 OR Q.8,Alpha,6.64285714285714,0,0
2022-01-01,3,0,2.71428571428571,0,0,0.000150636025436569,0.53558324304295,B.1.1.7 OR Q.1 OR Q.2 OR Q.3 OR Q.4 OR Q.5 OR Q.6 OR Q.7 OR Q.8,Alpha,6.57142857142857,0,0
2022-01-02,3,0,2.85714285714286,0,0,0.000150636025436569,0.53558324304295,B.1.1.7 OR Q.1 OR Q.2 OR Q.3 OR Q.4 OR Q.5 OR Q.6 OR Q.7 OR Q.8,Alpha,6.35714285714286,0,0
2022-01-03,5,0,2.42857142857143,0,0,0.000216908470030966,0.666821754401209,B.1.1.7 OR Q.1 OR Q.2 OR Q.3 OR Q.4 OR Q.5 OR Q.6 OR Q.7 OR Q.8,Alpha,6.14285714285714,0,0
2022-01-04,3,0,2.57142857142857,0,0,0.000150636025436569,0.53558324304295,B.1.1.7 OR Q.1 OR Q.2 OR Q.3 OR Q.4 OR Q.5 OR Q.6 OR Q.7 OR Q.8,Alpha,5.21428571428571,0,0
2022-01-05,8,0,3.42857142857143,0,0,0.000150636025436569,0.53558324304295,B.1.1.7 OR Q.1 OR Q.2 OR Q.3 OR Q.4 OR Q.5 OR Q.6 OR Q.7 OR Q.8,Alpha,4.21428571428571,0,0
2022-01-06,4,0,3.85714285714286,0,0,0.000115332788238275,0.44476261765764,B.1.1.7 OR Q.1 OR Q.2 OR Q.3 OR Q.4 OR Q.5 OR Q.6 OR Q.7 OR Q.8,Alpha,4.42857142857143,0,0
2022-01-07,8,0,4.85714285714286,0,0,9.34206000395449e-05,0.379377142299039,B.1.1.7 OR Q.1 OR Q.2 OR Q.3 OR Q.4 OR Q.5 OR Q.6 OR Q.7 OR Q.8,Alpha,4.21428571428571,0,0
2022-01-08,3,0,4.85714285714286,0,0,9.34206000395449e-05,0.379377142299039,B.1.1.7 OR Q.1 OR Q.2 OR Q.3 OR Q.4 OR Q.5 OR Q.6 OR Q.7 OR Q.8,Alpha,3.78571428571429,0,0
2022-01-09,9,0,5.71428571428571,0,0,7.84998483662082e-05,0.33038890915155,B.1.1.7 OR Q.1 OR Q.2 OR Q.3 OR Q.4 OR Q.5 OR Q.6 OR Q.7 OR Q.8,Alpha,4.28571428571429,0,0
2022-01-10,5,0,5.71428571428571,0,0,7.84998483662082e-05,0.33038890915155,B.1.1.7 OR Q.1 OR Q.2 OR Q.3 OR Q.4 OR Q.5 OR Q.6 OR Q.7 OR Q.8,Alpha,4.07142857142857,0,0
2022-01-11,7,0,6.28571428571429,0,0,7.84998483662082e-05,0.33038890915155,B.1.1.7 OR Q.1 OR Q.2 OR Q.3 OR Q.4 OR Q.5 OR Q.6 OR Q.7 OR Q.8,Alpha,4.42857142857143,0,0
2022-01-12,9,0,6.42857142857143,0,0,7.84998483662082e-05,0.33038890915155,B.1.1.7 OR Q.1 OR Q.2 OR Q.3 OR Q.4 OR Q.5 OR Q.6 OR Q.7 OR Q.8,Alpha,4.92857142857143,0,0
2022-01-13,5,0,6.57142857142857,0,0,6.76864642438304e-05,0.29243617366231,B.1.1.7 OR Q.1 OR Q.2 OR Q.3 OR Q.4 OR Q.5 OR Q.6 OR Q.7 OR Q.8,Alpha,5.21428571428571,0,0
2022-01-14,10,0,6.85714285714286,0,0,6.76864642438304e-05,0.29243617366231,B.1.1.7 OR Q.1 OR Q.2 OR Q.3 OR Q.4 OR Q.5 OR Q.6 OR Q.7 OR Q.8,Alpha,5.85714285714286,0,0
2022-01-15,5,0,7.14285714285714,0,0,6.76864642438304e-05,0.29243617366231,B.1.1.7 OR Q.1 OR Q.2 OR Q.3 OR Q.4 OR Q.5 OR Q.6 OR Q.7 OR Q.8,Alpha,6,0,0
2022-01-16,3,0,6.28571428571429,0,0,7.84998483662082e-05,0.33038890915155,B.1.1.7 OR Q.1 OR Q.2 OR Q.3 OR Q.4 OR Q.5 OR Q.6 OR Q.7 OR Q.8,Alpha,6,0,0
2022-01-17,2,0,5.85714285714286,0,0,7.84998483662082e-05,0.33038890915155,B.1.1.7 OR Q.1 OR Q.2 OR Q.3 OR Q.4 OR Q.5 OR Q.6 OR Q.7 OR Q.8,Alpha,5.78571428571429,0,0
2022-01-18,3,0,5.28571428571429,0,0,9.34206000395449e-05,0.379377142299039,B.1.1.7 OR Q.1 OR Q.2 OR Q.3 OR Q.4 OR Q.5 OR Q.6 OR Q.7 OR Q.8,Alpha,5.78571428571429,0,0
2022-01-19,4,0,4.57142857142857,0,0,9.34206000395449e-05,0.379377142299039,B.1.1.7 OR Q.1 OR Q.2 OR Q.3 OR Q.4 OR Q.5 OR Q.6 OR Q.7 OR Q.8,Alpha,5.5,0,0
2022-01-21,4,0,3.5,0,0,0.000115332788238275,0.44476261765764,B.1.1.7 OR Q.1 OR Q.2 OR Q.3 OR Q.4 OR Q.5 OR Q.6 OR Q.7 OR Q.8,Alpha,5.5,0,0
2022-01-22,3,0,3.16666666666667,0,0,0.000150636025436569,0.53558324304295,B.1.1.7 OR Q.1 OR Q.2 OR Q.3 OR Q.4 OR Q.5 OR Q.6 OR Q.7 OR Q.8,Alpha,5.14285714285714,0,0
2022-01-23,1,0,2.83333333333333,0,0,0.000150636025436569,0.53558324304295,B.1.1.7 OR Q.1 OR Q.2 OR Q.3 OR Q.4 OR Q.5 OR Q.6 OR Q.7 OR Q.8,Alpha,5,0,0
2022-01-24,2,0,2.83333333333333,0,0,0.000150636025436569,0.53558324304295,B.1.1.7 OR Q.1 OR Q.2 OR Q.3 OR Q.4 OR Q.5 OR Q.6 OR Q.7 OR Q.8,Alpha,4.5,0,0
2022-01-25,3,0,2.83333333333333,0,0,0.000150636025436569,0.53558324304295,B.1.1.7 OR Q.1 OR Q.2 OR Q.3 OR Q.4 OR Q.5 OR Q.6 OR Q.7 OR Q.8,Alpha,4.35714285714286,0,0
2022-01-26,3,0,2.66666666666667,0,0,0.000150636025436569,0.53558324304295,B.1.1.7 OR Q.1 OR Q.2 OR Q.3 OR Q.4 OR Q.5 OR Q.6 OR Q.7 OR Q.8,Alpha,4.07142857142857,0,0
2022-01-27,6,0,3.14285714285714,0,0,0.000150636025436569,0.53558324304295,B.1.1.7 OR Q.1 OR Q.2 OR Q.3 OR Q.4 OR Q.5 OR Q.6 OR Q.7 OR Q.8,Alpha,3.85714285714286,0,0
2022-01-28,18,0,5.14285714285714,0,0,9.34206000395449e-05,0.379377142299039,B.1.1.7 OR Q.1 OR Q.2 OR Q.3 OR Q.4 OR Q.5 OR Q.6 OR Q.7 OR Q.8,Alpha,4.78571428571429,0,0
2022-01-29,4,0,5.28571428571429,0,0,9.34206000395449e-05,0.379377142299039,B.1.1.7 OR Q.1 OR Q.2 OR Q.3 OR Q.4 OR Q.5 OR Q.6 OR Q.7 OR Q.8,Alpha,4.35714285714286,0,0
2022-01-30,2,0,5.42857142857143,0,0,9.34206000395449e-05,0.379377142299039,B.1.1.7 OR Q.1 OR Q.2 OR Q.3 OR Q.4 OR Q.5 OR Q.6 OR Q.7 OR Q.8,Alpha,4.14285714285714,0,0
2022-01-31,10,0,6.57142857142857,0,0,6.76864642438304e-05,0.29243617366231,B.1.1.7 OR Q.1 OR Q.2 OR Q.3 OR Q.4 OR Q.5 OR Q.6 OR Q.7 OR Q.8,Alpha,4.64285714285714,0,0
2022-02-01,16,0,8.42857142857143,0,0,5.94903028944023e-05,0.262217248717186,B.1.1.7 OR Q.1 OR Q.2 OR Q.3 OR Q.4 OR Q.5 OR Q.6 OR Q.7 OR Q.8,Alpha,5.64285714285714,0,0
2022-02-02,6,0,8.85714285714286,0,0,5.3064053418493e-05,0.237610098632903,B.1.1.7 OR Q.1 OR Q.2 OR Q.3 OR Q.4 OR Q.5 OR Q.6 OR Q.7 OR Q.8,Alpha,5.85714285714286,0,0
2022-02-03,9,0,9.28571428571429,0,0,5.3064053418493e-05,0.237610098632903,B.1.1.7 OR Q.1 OR Q.2 OR Q.3 OR Q.4 OR Q.5 OR Q.6 OR Q.7 OR Q.8,Alpha,6.21428571428571,0,0
2022-02-04,18,0,9.28571428571429,0,0,5.3064053418493e-05,0.237610098632903,B.1.1.7 OR Q.1 OR Q.2 OR Q.3 OR Q.4 OR Q.5 OR Q.6 OR Q.7 OR Q.8,Alpha,7.21428571428571,0,0
2022-02-05,2,0,9,0,0,5.3064053418493e-05,0.237610098632903,B.1.1.7 OR Q.1 OR Q.2 OR Q.3 OR Q.4 OR Q.5 OR Q.6 OR Q.7 OR Q.8,Alpha,7.14285714285714,0,0
2022-02-07,6,0,9.5,0,0,4.7890433157582e-05,0.217196267509211,B.1.1.7 OR Q.1 OR Q.2 OR Q.3 OR Q.4 OR Q.5 OR Q.6 OR Q.7 OR Q.8,Alpha,7.5,0,0
2022-02-08,8,0,8.16666666666667,0,0,5.94903028944023e-05,0.262217248717186,B.1.1.7 OR Q.1 OR Q.2 OR Q.3 OR Q.4 OR Q.5 OR Q.6 OR Q.7 OR Q.8,Alpha,7.92857142857143,0,0
2022-02-09,2,0,7.5,0,0,5.94903028944023e-05,0.262217248717186,B.1.1.7 OR Q.1 OR Q.2 OR Q.3 OR Q.4 OR Q.5 OR Q.6 OR Q.7 OR Q.8,Alpha,7.85714285714286,0,0
2022-02-10,2,0,6.33333333333333,0,0,7.84998483662082e-05,0.33038890915155,B.1.1.7 OR Q.1 OR Q.2 OR Q.3 OR Q.4 OR Q.5 OR Q.6 OR Q.7 OR Q.8,Alpha,7.78571428571429,0,0
2022-02-11,5,0,4.16666666666667,0,0,0.000115332788238275,0.44476261765764,B.1.1.7 OR Q.1 OR Q.2 OR Q.3 OR Q.4 OR Q.5 OR Q.6 OR Q.7 OR Q.8,Alpha,7.71428571428571,0,0
2022-02-13,2,0,4.16666666666667,0,0,0.000115332788238275,0.44476261765764,B.1.1.7 OR Q.1 OR Q.2 OR Q.3 OR Q.4 OR Q.5 OR Q.6 OR Q.7 OR Q.8,Alpha,6.57142857142857,0,0
2022-02-14,3,0,3.66666666666667,0,0,0.000115332788238275,0.44476261765764,B.1.1.7 OR Q.1 OR Q.2 OR Q.3 OR Q.4 OR Q.5 OR Q.6 OR Q.7 OR Q.8,Alpha,6.5,0,0
2022-02-15,5,0,3.16666666666667,0,0,0.000150636025436569,0.53558324304295,B.1.1.7 OR Q.1 OR Q.2 OR Q.3 OR Q.4 OR Q.5 OR Q.6 OR Q.7 OR Q.8,Alpha,6.71428571428571,0,0
2022-02-16,3,0,3.33333333333333,0,0,0.000150636025436569,0.53558324304295,B.1.1.7 OR Q.1 OR Q.2 OR Q.3 OR Q.4 OR Q.5 OR Q.6 OR Q.7 OR Q.8,Alpha,6.21428571428571,0,0
2022-02-17,1,0,3.16666666666667,0,0,0.000150636025436569,0.53558324304295,B.1.1.7 OR Q.1 OR Q.2 OR Q.3 OR Q.4 OR Q.5 OR Q.6 OR Q.7 OR Q.8,Alpha,5.14285714285714,0,0
2022-02-18,2,0,2.66666666666667,0,0,0.000150636025436569,0.53558324304295,B.1.1.7 OR Q.1 OR Q.2 OR Q.3 OR Q.4 OR Q.5 OR Q.6 OR Q.7 OR Q.8,Alpha,4.85714285714286,0,0
2022-02-19,2,0,2.57142857142857,0,0,0.000150636025436569,0.53558324304295,B.1.1.7 OR Q.1 OR Q.2 OR Q.3 OR Q.4 OR Q.5 OR Q.6 OR Q.7 OR Q.8,Alpha,4.35714285714286,0,0
2022-02-20,1,0,2.42857142857143,0,0,0.000216908470030966,0.666821754401209,B.1.1.7 OR Q.1 OR Q.2 OR Q.3 OR Q.4 OR Q.5 OR Q.6 OR Q.7 OR Q.8,Alpha,3.14285714285714,0,0
2022-02-21,3,0,2.42857142857143,0,0,0.000216908470030966,0.666821754401209,B.1.1.7 OR Q.1 OR Q.2 OR Q.3 OR Q.4 OR Q.5 OR Q.6 OR Q.7 OR Q.8,Alpha,3.21428571428571,0,0
2022-02-22,8,0,2.85714285714286,0,0,0.000150636025436569,0.53558324304295,B.1.1.7 OR Q.1 OR Q.2 OR Q.3 OR Q.4 OR Q.5 OR Q.6 OR Q.7 OR Q.8,Alpha,3.35714285714286,0,0
2022-02-23,2,0,2.71428571428571,0,0,0.000150636025436569,0.53558324304295,B.1.1.7 OR Q.1 OR Q.2 OR Q.3 OR Q.4 OR Q.5 OR Q.6 OR Q.7 OR Q.8,Alpha,2.92857142857143,0,0
2022-02-24,2,0,2.85714285714286,0,0,0.000150636025436569,0.53558324304295,B.1.1.7 OR Q.1 OR Q.2 OR Q.3 OR Q.4 OR Q.5 OR Q.6 OR Q.7 OR Q.8,Alpha,2.92857142857143,0,0
2022-02-25,4,0,3.14285714285714,0,0,0.000150636025436569,0.53558324304295,B.1.1.7 OR Q.1 OR Q.2 OR Q.3 OR Q.4 OR Q.5 OR Q.6 OR Q.7 OR Q.8,Alpha,3.07142857142857,0,0
2022-02-26,2,0,3.14285714285714,0,0,0.000150636025436569,0.53558324304295,B.1.1.7 OR Q.1 OR Q.2 OR Q.3 OR Q.4 OR Q.5 OR Q.6 OR Q.7 OR Q.8,Alpha,2.85714285714286,0,0
2022-02-27,2,0,3.28571428571429,0,0,0.000150636025436569,0.53558324304295,B.1.1.7 OR Q.1 OR Q.2 OR Q.3 OR Q.4 OR Q.5 OR Q.6 OR Q.7 OR Q.8,Alpha,2.85714285714286,0,0
2022-03-01,2,0,2.33333333333333,0,0,0.000216908470030966,0.666821754401209,B.1.1.7 OR Q.1 OR Q.2 OR Q.3 OR Q.4 OR Q.5 OR Q.6 OR Q.7 OR Q.8,Alpha,2.78571428571429,0,0
2022-03-02,4,0,2.66666666666667,0,0,0.000150636025436569,0.53558324304295,B.1.1.7 OR Q.1 OR Q.2 OR Q.3 OR Q.4 OR Q.5 OR Q.6 OR Q.7 OR Q.8,Alpha,2.71428571428571,0,0
2022-03-03,2,0,2.66666666666667,0,0,0.000150636025436569,0.53558324304295,B.1.1.7 OR Q.1 OR Q.2 OR Q.3 OR Q.4 OR Q.5 OR Q.6 OR Q.7 OR Q.8,Alpha,2.64285714285714,0,0
2022-03-04,3,0,2.5,0,0,0.000216908470030966,0.666821754401209,B.1.1.7 OR Q.1 OR Q.2 OR Q.3 OR Q.4 OR Q.5 OR Q.6 OR Q.7 OR Q.8,Alpha,2.78571428571429,0,0
2022-03-05,2,0,2.5,0,0,0.000216908470030966,0.666821754401209,B.1.1.7 OR Q.1 OR Q.2 OR Q.3 OR Q.4 OR Q.5 OR Q.6 OR Q.7 OR Q.8,Alpha,2.78571428571429,0,0
2022-03-06,1,0,2.33333333333333,0,0,0.000216908470030966,0.666821754401209,B.1.1.7 OR Q.1 OR Q.2 OR Q.3 OR Q.4 OR Q.5 OR Q.6 OR Q.7 OR Q.8,Alpha,2.71428571428571,0,0
2022-03-07,7,0,3,0,0,0.000150636025436569,0.53558324304295,B.1.1.7 OR Q.1 OR Q.2 OR Q.3 OR Q.4 OR Q.5 OR Q.6 OR Q.7 OR Q.8,Alpha,3.14285714285714,0,0
2022-03-08,2,0,3,0,0,0.000150636025436569,0.53558324304295,B.1.1.7 OR Q.1 OR Q.2 OR Q.3 OR Q.4 OR Q.5 OR Q.6 OR Q.7 OR Q.8,Alpha,3.07142857142857,0,0
2022-03-09,4,0,3,0,0,0.000150636025436569,0.53558324304295,B.1.1.7 OR Q.1 OR Q.2 OR Q.3 OR Q.4 OR Q.5 OR Q.6 OR Q.7 OR Q.8,Alpha,2.78571428571429,0,0
2022-03-10,8,0,3.85714285714286,0,0,0.000115332788238275,0.44476261765764,B.1.1.7 OR Q.1 OR Q.2 OR Q.3 OR Q.4 OR Q.5 OR Q.6 OR Q.7 OR Q.8,Alpha,3.21428571428571,0,0
2022-03-11,3,0,3.85714285714286,0,0,0.000115332788238275,0.44476261765764,B.1.1.7 OR Q.1 OR Q.2 OR Q.3 OR Q.4 OR Q.5 OR Q.6 OR Q.7 OR Q.8,Alpha,3.28571428571429,0,0
2022-03-12,2,0,3.85714285714286,0,0,0.000115332788238275,0.44476261765764,B.1.1.7 OR Q.1 OR Q.2 OR Q.3 OR Q.4 OR Q.5 OR Q.6 OR Q.7 OR Q.8,Alpha,3.14285714285714,0,0
2022-03-13,2,0,4,0,0,0.000115332788238275,0.44476261765764,B.1.1.7 OR Q.1 OR Q.2 OR Q.3 OR Q.4 OR Q.5 OR Q.6 OR Q.7 OR Q.8,Alpha,3.14285714285714,0,0
2022-03-14,22,0,6.14285714285714,0,0,7.84998483662082e-05,0.33038890915155,B.1.1.7 OR Q.1 OR Q.2 OR Q.3 OR Q.4 OR Q.5 OR Q.6 OR Q.7 OR Q.8,Alpha,4.57142857142857,0,0
2022-03-15,20,0,8.71428571428571,0,0,5.3064053418493e-05,0.237610098632903,B.1.1.7 OR Q.1 OR Q.2 OR Q.3 OR Q.4 OR Q.5 OR Q.6 OR Q.7 OR Q.8,Alpha,5.85714285714286,0,0
2022-03-16,14,0,10.1428571428571,0,0,4.7890433157582e-05,0.217196267509211,B.1.1.7 OR Q.1 OR Q.2 OR Q.3 OR Q.4 OR Q.5 OR Q.6 OR Q.7 OR Q.8,Alpha,6.57142857142857,0,0
2022-03-18,2,0,10.3333333333333,0,0,4.7890433157582e-05,0.217196267509211,B.1.1.7 OR Q.1 OR Q.2 OR Q.3 OR Q.4 OR Q.5 OR Q.6 OR Q.7 OR Q.8,Alpha,6.57142857142857,0,0
2022-03-19,1,0,10.1666666666667,0,0,4.7890433157582e-05,0.217196267509211,B.1.1.7 OR Q.1 OR Q.2 OR Q.3 OR Q.4 OR Q.5 OR Q.6 OR Q.7 OR Q.8,Alpha,6.42857142857143,0,0
2022-03-21,6,0,8.6,0,0,5.3064053418493e-05,0.237610098632903,B.1.1.7 OR Q.1 OR Q.2 OR Q.3 OR Q.4 OR Q.5 OR Q.6 OR Q.7 OR Q.8,Alpha,6.71428571428571,0,0
2022-03-22,1,0,4.8,0,0,9.34206000395449e-05,0.379377142299039,B.1.1.7 OR Q.1 OR Q.2 OR Q.3 OR Q.4 OR Q.5 OR Q.6 OR Q.7 OR Q.8,Alpha,6.71428571428571,0,0
2022-03-23,1,0,2.2,0,0,0.000216908470030966,0.666821754401209,B.1.1.7 OR Q.1 OR Q.2 OR Q.3 OR Q.4 OR Q.5 OR Q.6 OR Q.7 OR Q.8,Alpha,6.28571428571429,0,0
2022-03-25,2,0,2.2,0,0,0.000216908470030966,0.666821754401209,B.1.1.7 OR Q.1 OR Q.2 OR Q.3 OR Q.4 OR Q.5 OR Q.6 OR Q.7 OR Q.8,Alpha,6.28571428571429,0,0
2022-03-26,1,0,2.2,0,0,0.000216908470030966,0.666821754401209,B.1.1.7 OR Q.1 OR Q.2 OR Q.3 OR Q.4 OR Q.5 OR Q.6 OR Q.7 OR Q.8,Alpha,6.07142857142857,0,0
2022-03-28,7,0,2.4,0,0,0.000216908470030966,0.666821754401209,B.1.1.7 OR Q.1 OR Q.2 OR Q.3 OR Q.4 OR Q.5 OR Q.6 OR Q.7 OR Q.8,Alpha,6,0,0
2022-03-29,1,0,2.4,0,0,0.000216908470030966,0.666821754401209,B.1.1.7 OR Q.1 OR Q.2 OR Q.3 OR Q.4 OR Q.5 OR Q.6 OR Q.7 OR Q.8,Alpha,5.85714285714286,0,0
2022-03-30,3,0,2.8,0,0,0.000150636025436569,0.53558324304295,B.1.1.7 OR Q.1 OR Q.2 OR Q.3 OR Q.4 OR Q.5 OR Q.6 OR Q.7 OR Q.8,Alpha,5.92857142857143,0,0
2022-03-31,5,0,3.16666666666667,0,0,0.000150636025436569,0.53558324304295,B.1.1.7 OR Q.1 OR Q.2 OR Q.3 OR Q.4 OR Q.5 OR Q.6 OR Q.7 OR Q.8,Alpha,6.14285714285714,0,0
2022-04-01,2,0,3.16666666666667,0,0,0.000150636025436569,0.53558324304295,B.1.1.7 OR Q.1 OR Q.2 OR Q.3 OR Q.4 OR Q.5 OR Q.6 OR Q.7 OR Q.8,Alpha,4.71428571428571,0,0
2022-04-02,1,0,3.16666666666667,0,0,0.000150636025436569,0.53558324304295,B.1.1.7 OR Q.1 OR Q.2 OR Q.3 OR Q.4 OR Q.5 OR Q.6 OR Q.7 OR Q.8,Alpha,3.35714285714286,0,0
2022-04-03,1,0,2.85714285714286,0,0,0.000150636025436569,0.53558324304295,B.1.1.7 OR Q.1 OR Q.2 OR Q.3 OR Q.4 OR Q.5 OR Q.6 OR Q.7 OR Q.8,Alpha,2.42857142857143,0,0
2022-04-04,2,0,2.14285714285714,0,0,0.000216908470030966,0.666821754401209,B.1.1.7 OR Q.1 OR Q.2 OR Q.3 OR Q.4 OR Q.5 OR Q.6 OR Q.7 OR Q.8,Alpha,2.42857142857143,0,0
2022-04-05,2,0,2.28571428571429,0,0,0.000216908470030966,0.666821754401209,B.1.1.7 OR Q.1 OR Q.2 OR Q.3 OR Q.4 OR Q.5 OR Q.6 OR Q.7 OR Q.8,Alpha,2.5,0,0
2022-04-06,1,0,2,0,0,0.000216908470030966,0.666821754401209,B.1.1.7 OR Q.1 OR Q.2 OR Q.3 OR Q.4 OR Q.5 OR Q.6 OR Q.7 OR Q.8,Alpha,2.14285714285714,0,0
2022-04-07,2,0,1.57142857142857,0,0,0.000216908470030966,0.666821754401209,B.1.1.7 OR Q.1 OR Q.2 OR Q.3 OR Q.4 OR Q.5 OR Q.6 OR Q.7 OR Q.8,Alpha,2.21428571428571,0,0
2022-04-08,1,0,1.42857142857143,0,0,0.000385580980755902,0.853253683690425,B.1.1.7 OR Q.1 OR Q.2 OR Q.3 OR Q.4 OR Q.5 OR Q.6 OR Q.7 OR Q.8,Alpha,2.21428571428571,0,0
2022-04-09,1,0,1.42857142857143,0,0,0.000385580980755902,0.853253683690425,B.1.1.7 OR Q.1 OR Q.2 OR Q.3 OR Q.4 OR Q.5 OR Q.6 OR Q.7 OR Q.8,Alpha,2.14285714285714,0,0
2022-04-10,1,0,1.42857142857143,0,0,0.000385580980755902,0.853253683690425,B.1.1.7 OR Q.1 OR Q.2 OR Q.3 OR Q.4 OR Q.5 OR Q.6 OR Q.7 OR Q.8,Alpha,2.14285714285714,0,0
2022-04-11,3,0,1.57142857142857,0,0,0.000216908470030966,0.666821754401209,B.1.1.7 OR Q.1 OR Q.2 OR Q.3 OR Q.4 OR Q.5 OR Q.6 OR Q.7 OR Q.8,Alpha,1.85714285714286,0,0
2022-04-12,1,0,1.42857142857143,0,0,0.000385580980755902,0.853253683690425,B.1.1.7 OR Q.1 OR Q.2 OR Q.3 OR Q.4 OR Q.5 OR Q.6 OR Q.7 OR Q.8,Alpha,1.85714285714286,0,0
2022-04-13,4,0,1.85714285714286,0,0,0.000216908470030966,0.666821754401209,B.1.1.7 OR Q.1 OR Q.2 OR Q.3 OR Q.4 OR Q.5 OR Q.6 OR Q.7 OR Q.8,Alpha,1.92857142857143,0,0
2022-04-15,1,0,1.83333333333333,0,0,0.000216908470030966,0.666821754401209,B.1.1.7 OR Q.1 OR Q.2 OR Q.3 OR Q.4 OR Q.5 OR Q.6 OR Q.7 OR Q.8,Alpha,1.64285714285714,0,0
2022-04-16,1,0,1.83333333333333,0,0,0.000216908470030966,0.666821754401209,B.1.1.7 OR Q.1 OR Q.2 OR Q.3 OR Q.4 OR Q.5 OR Q.6 OR Q.7 OR Q.8,Alpha,1.57142857142857,0,0
2022-04-18,1,0,1.6,0,0,0.000216908470030966,0.666821754401209,B.1.1.7 OR Q.1 OR Q.2 OR Q.3 OR Q.4 OR Q.5 OR Q.6 OR Q.7 OR Q.8,Alpha,1.57142857142857,0,0
2022-04-19,3,0,2,0,0,0.000216908470030966,0.666821754401209,B.1.1.7 OR Q.1 OR Q.2 OR Q.3 OR Q.4 OR Q.5 OR Q.6 OR Q.7 OR Q.8,Alpha,1.71428571428571,0,0
2022-04-20,1,0,1.4,0,0,0.000385580980755902,0.853253683690425,B.1.1.7 OR Q.1 OR Q.2 OR Q.3 OR Q.4 OR Q.5 OR Q.6 OR Q.7 OR Q.8,Alpha,1.64285714285714,0,0
2022-04-22,3,0,1.8,0,0,0.000216908470030966,0.666821754401209,B.1.1.7 OR Q.1 OR Q.2 OR Q.3 OR Q.4 OR Q.5 OR Q.6 OR Q.7 OR Q.8,Alpha,1.71428571428571,0,0
2022-04-23,1,0,1.8,0,0,0.000216908470030966,0.666821754401209,B.1.1.7 OR Q.1 OR Q.2 OR Q.3 OR Q.4 OR Q.5 OR Q.6 OR Q.7 OR Q.8,Alpha,1.71428571428571,0,0
2022-04-25,1,0,1.8,0,0,0.000216908470030966,0.666821754401209,B.1.1.7 OR Q.1 OR Q.2 OR Q.3 OR Q.4 OR Q.5 OR Q.6 OR Q.7 OR Q.8,Alpha,1.64285714285714,0,0
2022-05-02,1,0,1,0,0,0.000385580980755902,0.853253683690425,B.1.1.7 OR Q.1 OR Q.2 OR Q.3 OR Q.4 OR Q.5 OR Q.6 OR Q.7 OR Q.8,Alpha,1.64285714285714,0,0
2022-05-04,4,0,2.5,0,0,0.000216908470030966,0.666821754401209,B.1.1.7 OR Q.1 OR Q.2 OR Q.3 OR Q.4 OR Q.5 OR Q.6 OR Q.7 OR Q.8,Alpha,1.85714285714286,0,0
2022-05-05,23,0,9.33333333333333,0,0,5.3064053418493e-05,0.237610098632903,B.1.1.7 OR Q.1 OR Q.2 OR Q.3 OR Q.4 OR Q.5 OR Q.6 OR Q.7 OR Q.8,Alpha,3.42857142857143,0,0
2022-05-06,3,0,7.75,0,0,5.94903028944023e-05,0.262217248717186,B.1.1.7 OR Q.1 OR Q.2 OR Q.3 OR Q.4 OR Q.5 OR Q.6 OR Q.7 OR Q.8,Alpha,3.42857142857143,0,0
2022-05-07,2,0,6.6,0,0,6.76864642438304e-05,0.29243617366231,B.1.1.7 OR Q.1 OR Q.2 OR Q.3 OR Q.4 OR Q.5 OR Q.6 OR Q.7 OR Q.8,Alpha,3.5,0,0
2022-05-09,12,0,8.8,0,0,5.3064053418493e-05,0.237610098632903,B.1.1.7 OR Q.1 OR Q.2 OR Q.3 OR Q.4 OR Q.5 OR Q.6 OR Q.7 OR Q.8,Alpha,4.07142857142857,0,0
2022-05-10,11,0,9.16666666666667,0,0,5.3064053418493e-05,0.237610098632903,B.1.1.7 OR Q.1 OR Q.2 OR Q.3 OR Q.4 OR Q.5 OR Q.6 OR Q.7 OR Q.8,Alpha,4.78571428571429,0,0
2022-05-11,9,0,10,0,0,4.7890433157582e-05,0.217196267509211,B.1.1.7 OR Q.1 OR Q.2 OR Q.3 OR Q.4 OR Q.5 OR Q.6 OR Q.7 OR Q.8,Alpha,5.35714285714286,0,0
2022-05-12,1,0,6.33333333333333,0,0,7.84998483662082e-05,0.33038890915155,B.1.1.7 OR Q.1 OR Q.2 OR Q.3 OR Q.4 OR Q.5 OR Q.6 OR Q.7 OR Q.8,Alpha,5.35714285714286,0,0
2022-05-13,11,0,7.66666666666667,0,0,5.94903028944023e-05,0.262217248717186,B.1.1.7 OR Q.1 OR Q.2 OR Q.3 OR Q.4 OR Q.5 OR Q.6 OR Q.7 OR Q.8,Alpha,5.92857142857143,0,0
2022-05-14,4,0,8,0,0,5.94903028944023e-05,0.262217248717186,B.1.1.7 OR Q.1 OR Q.2 OR Q.3 OR Q.4 OR Q.5 OR Q.6 OR Q.7 OR Q.8,Alpha,6.14285714285714,0,0
2022-05-15,9,0,8.14285714285714,0,0,5.94903028944023e-05,0.262217248717186,B.1.1.7 OR Q.1 OR Q.2 OR Q.3 OR Q.4 OR Q.5 OR Q.6 OR Q.7 OR Q.8,Alpha,6.57142857142857,0,0
2022-05-16,8,0,7.57142857142857,0,0,5.94903028944023e-05,0.262217248717186,B.1.1.7 OR Q.1 OR Q.2 OR Q.3 OR Q.4 OR Q.5 OR Q.6 OR Q.7 OR Q.8,Alpha,7.07142857142857,0,0
2022-05-17,10,0,7.42857142857143,0,0,6.76864642438304e-05,0.29243617366231,B.1.1.7 OR Q.1 OR Q.2 OR Q.3 OR Q.4 OR Q.5 OR Q.6 OR Q.7 OR Q.8,Alpha,7.71428571428571,0,0
2022-05-18,5,0,6.85714285714286,0,0,6.76864642438304e-05,0.29243617366231,B.1.1.7 OR Q.1 OR Q.2 OR Q.3 OR Q.4 OR Q.5 OR Q.6 OR Q.7 OR Q.8,Alpha,8,0,0
2022-05-19,8,0,7.85714285714286,0,0,5.94903028944023e-05,0.262217248717186,B.1.1.7 OR Q.1 OR Q.2 OR Q.3 OR Q.4 OR Q.5 OR Q.6 OR Q.7 OR Q.8,Alpha,8.28571428571429,0,0
2022-05-20,3,0,6.71428571428571,0,0,6.76864642438304e-05,0.29243617366231,B.1.1.7 OR Q.1 OR Q.2 OR Q.3 OR Q.4 OR Q.5 OR Q.6 OR Q.7 OR Q.8,Alpha,6.85714285714286,0,0
2022-05-21,4,0,6.71428571428571,0,0,6.76864642438304e-05,0.29243617366231,B.1.1.7 OR Q.1 OR Q.2 OR Q.3 OR Q.4 OR Q.5 OR Q.6 OR Q.7 OR Q.8,Alpha,6.92857142857143,0,0
2022-05-22,1,0,5.57142857142857,0,0,7.84998483662082e-05,0.33038890915155,B.1.1.7 OR Q.1 OR Q.2 OR Q.3 OR Q.4 OR Q.5 OR Q.6 OR Q.7 OR Q.8,Alpha,6.85714285714286,0,0
2022-05-23,5,0,5.14285714285714,0,0,9.34206000395449e-05,0.379377142299039,B.1.1.7 OR Q.1 OR Q.2 OR Q.3 OR Q.4 OR Q.5 OR Q.6 OR Q.7 OR Q.8,Alpha,6.35714285714286,0,0
2022-05-24,6,0,4.57142857142857,0,0,9.34206000395449e-05,0.379377142299039,B.1.1.7 OR Q.1 OR Q.2 OR Q.3 OR Q.4 OR Q.5 OR Q.6 OR Q.7 OR Q.8,Alpha,6,0,0
2022-05-25,1,0,4,0,0,0.000115332788238275,0.44476261765764,B.1.1.7 OR Q.1 OR Q.2 OR Q.3 OR Q.4 OR Q.5 OR Q.6 OR Q.7 OR Q.8,Alpha,5.42857142857143,0,0
2022-05-26,2,0,3.14285714285714,0,0,0.000150636025436569,0.53558324304295,B.1.1.7 OR Q.1 OR Q.2 OR Q.3 OR Q.4 OR Q.5 OR Q.6 OR Q.7 OR Q.8,Alpha,5.5,0,0
2022-05-27,6,0,3.57142857142857,0,0,0.000115332788238275,0.44476261765764,B.1.1.7 OR Q.1 OR Q.2 OR Q.3 OR Q.4 OR Q.5 OR Q.6 OR Q.7 OR Q.8,Alpha,5.14285714285714,0,0
2022-05-28,4,0,3.57142857142857,0,0,0.000115332788238275,0.44476261765764,B.1.1.7 OR Q.1 OR Q.2 OR Q.3 OR Q.4 OR Q.5 OR Q.6 OR Q.7 OR Q.8,Alpha,5.14285714285714,0,0
2022-05-29,7,0,4.42857142857143,0,0,0.000115332788238275,0.44476261765764,B.1.1.7 OR Q.1 OR Q.2 OR Q.3 OR Q.4 OR Q.5 OR Q.6 OR Q.7 OR Q.8,Alpha,5,0,0
2022-05-30,5,0,4.42857142857143,0,0,0.000115332788238275,0.44476261765764,B.1.1.7 OR Q.1 OR Q.2 OR Q.3 OR Q.4 OR Q.5 OR Q.6 OR Q.7 OR Q.8,Alpha,4.78571428571429,0,0
2022-05-31,4,0,4.14285714285714,0,0,0.000115332788238275,0.44476261765764,B.1.1.7 OR Q.1 OR Q.2 OR Q.3 OR Q.4 OR Q.5 OR Q.6 OR Q.7 OR Q.8,Alpha,4.35714285714286,0,0
2022-06-01,13,0,5.85714285714286,0,0,7.84998483662082e-05,0.33038890915155,B.1.1.7 OR Q.1 OR Q.2 OR Q.3 OR Q.4 OR Q.5 OR Q.6 OR Q.7 OR Q.8,Alpha,4.92857142857143,0,0
2022-06-02,10,0,7,0,0,6.76864642438304e-05,0.29243617366231,B.1.1.7 OR Q.1 OR Q.2 OR Q.3 OR Q.4 OR Q.5 OR Q.6 OR Q.7 OR Q.8,Alpha,5.07142857142857,0,0
2022-06-03,20,0,9,0,0,5.3064053418493e-05,0.237610098632903,B.1.1.7 OR Q.1 OR Q.2 OR Q.3 OR Q.4 OR Q.5 OR Q.6 OR Q.7 OR Q.8,Alpha,6.28571428571429,0,0
2022-06-04,6,0,9.28571428571429,0,0,5.3064053418493e-05,0.237610098632903,B.1.1.7 OR Q.1 OR Q.2 OR Q.3 OR Q.4 OR Q.5 OR Q.6 OR Q.7 OR Q.8,Alpha,6.42857142857143,0,0
2022-06-05,6,0,9.14285714285714,0,0,5.3064053418493e-05,0.237610098632903,B.1.1.7 OR Q.1 OR Q.2 OR Q.3 OR Q.4 OR Q.5 OR Q.6 OR Q.7 OR Q.8,Alpha,6.78571428571429,0,0
2022-06-06,12,0,10.1428571428571,0,0,4.7890433157582e-05,0.217196267509211,B.1.1.7 OR Q.1 OR Q.2 OR Q.3 OR Q.4 OR Q.5 OR Q.6 OR Q.7 OR Q.8,Alpha,7.28571428571429,0,0
2022-06-07,16,0,11.8571428571429,0,0,4.00753100765989e-05,0.185305938312485,B.1.1.7 OR Q.1 OR Q.2 OR Q.3 OR Q.4 OR Q.5 OR Q.6 OR Q.7 OR Q.8,Alpha,8,0,0
2022-06-08,18,0,12.5714285714286,0,0,3.70519332987658e-05,0.172619445282057,B.1.1.7 OR Q.1 OR Q.2 OR Q.3 OR Q.4 OR Q.5 OR Q.6 OR Q.7 OR Q.8,Alpha,9.21428571428571,0,0
2022-06-09,22,0,14.2857142857143,0,0,3.44526718020059e-05,0.161553304514194,B.1.1.7 OR Q.1 OR Q.2 OR Q.3 OR Q.4 OR Q.5 OR Q.6 OR Q.7 OR Q.8,Alpha,10.6428571428571,0,0
2022-06-10,14,0,13.4285714285714,0,0,3.70519332987658e-05,0.172619445282057,B.1.1.7 OR Q.1 OR Q.2 OR Q.3 OR Q.4 OR Q.5 OR Q.6 OR Q.7 OR Q.8,Alpha,11.2142857142857,0,0
2022-06-11,7,0,13.5714285714286,0,0,3.44526718020059e-05,0.161553304514194,B.1.1.7 OR Q.1 OR Q.2 OR Q.3 OR Q.4 OR Q.5 OR Q.6 OR Q.7 OR Q.8,Alpha,11.4285714285714,0,0
2022-06-12,6,0,13.5714285714286,0,0,3.44526718020059e-05,0.161553304514194,B.1.1.7 OR Q.1 OR Q.2 OR Q.3 OR Q.4 OR Q.5 OR Q.6 OR Q.7 OR Q.8,Alpha,11.3571428571429,0,0
2022-06-13,13,0,13.7142857142857,0,0,3.44526718020059e-05,0.161553304514194,B.1.1.7 OR Q.1 OR Q.2 OR Q.3 OR Q.4 OR Q.5 OR Q.6 OR Q.7 OR Q.8,Alpha,11.9285714285714,0,0
2022-06-14,12,0,13.1428571428571,0,0,3.70519332987658e-05,0.172619445282057,B.1.1.7 OR Q.1 OR Q.2 OR Q.3 OR Q.4 OR Q.5 OR Q.6 OR Q.7 OR Q.8,Alpha,12.5,0,0
2022-06-15,53,0,18.1428571428571,0,0,2.69031173009093e-05,0.12855821182176,B.1.1.7 OR Q.1 OR Q.2 OR Q.3 OR Q.4 OR Q.5 OR Q.6 OR Q.7 OR Q.8,Alpha,15.3571428571429,0,0
2022-06-16,10,0,16.4285714285714,0,0,3.02134799780236e-05,0.143184137931445,B.1.1.7 OR Q.1 OR Q.2 OR Q.3 OR Q.4 OR Q.5 OR Q.6 OR Q.7 OR Q.8,Alpha,15.3571428571429,0,0
2022-06-17,12,0,16.1428571428571,0,0,3.02134799780236e-05,0.143184137931445,B.1.1.7 OR Q.1 OR Q.2 OR Q.3 OR Q.4 OR Q.5 OR Q.6 OR Q.7 OR Q.8,Alpha,14.7857142857143,0,0
2022-06-18,6,0,16,0,0,3.02134799780236e-05,0.143184137931445,B.1.1.7 OR Q.1 OR Q.2 OR Q.3 OR Q.4 OR Q.5 OR Q.6 OR Q.7 OR Q.8,Alpha,14.7857142857143,0,0
2022-06-19,13,0,17,0,0,2.84623777231095e-05,0.135478437891689,B.1.1.7 OR Q.1 OR Q.2 OR Q.3 OR Q.4 OR Q.5 OR Q.6 OR Q.7 OR Q.8,Alpha,15.2857142857143,0,0
2022-06-20,18,0,17.7142857142857,0,0,2.69031173009093e-05,0.12855821182176,B.1.1.7 OR Q.1 OR Q.2 OR Q.3 OR Q.4 OR Q.5 OR Q.6 OR Q.7 OR Q.8,Alpha,15.7142857142857,0,0
2022-06-21,8,0,17.1428571428571,0,0,2.84623777231095e-05,0.135478437891689,B.1.1.7 OR Q.1 OR Q.2 OR Q.3 OR Q.4 OR Q.5 OR Q.6 OR Q.7 OR Q.8,Alpha,15.1428571428571,0,0
2022-06-22,11,0,11.1428571428571,0,0,4.36357981421897e-05,0.199994569026208,B.1.1.7 OR Q.1 OR Q.2 OR Q.3 OR Q.4 OR Q.5 OR Q.6 OR Q.7 OR Q.8,Alpha,14.6428571428571,0,0
2022-06-23,11,0,11.2857142857143,0,0,4.36357981421897e-05,0.199994569026208,B.1.1.7 OR Q.1 OR Q.2 OR Q.3 OR Q.4 OR Q.5 OR Q.6 OR Q.7 OR Q.8,Alpha,13.8571428571429,0,0
2022-06-24,9,0,10.8571428571429,0,0,4.36357981421897e-05,0.199994569026208,B.1.1.7 OR Q.1 OR Q.2 OR Q.3 OR Q.4 OR Q.5 OR Q.6 OR Q.7 OR Q.8,Alpha,13.5,0,0
2022-06-25,5,0,10.7142857142857,0,0,4.36357981421897e-05,0.199994569026208,B.1.1.7 OR Q.1 OR Q.2 OR Q.3 OR Q.4 OR Q.5 OR Q.6 OR Q.7 OR Q.8,Alpha,13.3571428571429,0,0
2022-06-26,3,0,9.28571428571429,0,0,5.3064053418493e-05,0.237610098632903,B.1.1.7 OR Q.1 OR Q.2 OR Q.3 OR Q.4 OR Q.5 OR Q.6 OR Q.7 OR Q.8,Alpha,13.1428571428571,0,0
2022-06-27,3,0,7.14285714285714,0,0,6.76864642438304e-05,0.29243617366231,B.1.1.7 OR Q.1 OR Q.2 OR Q.3 OR Q.4 OR Q.5 OR Q.6 OR Q.7 OR Q.8,Alpha,12.4285714285714,0,0
2022-06-28,9,0,7.28571428571429,0,0,6.76864642438304e-05,0.29243617366231,B.1.1.7 OR Q.1 OR Q.2 OR Q.3 OR Q.4 OR Q.5 OR Q.6 OR Q.7 OR Q.8,Alpha,12.2142857142857,0,0
2022-06-29,7,0,6.71428571428571,0,0,6.76864642438304e-05,0.29243617366231,B.1.1.7 OR Q.1 OR Q.2 OR Q.3 OR Q.4 OR Q.5 OR Q.6 OR Q.7 OR Q.8,Alpha,8.92857142857143,0,0
2022-06-30,5,0,5.85714285714286,0,0,7.84998483662082e-05,0.33038890915155,B.1.1.7 OR Q.1 OR Q.2 OR Q.3 OR Q.4 OR Q.5 OR Q.6 OR Q.7 OR Q.8,Alpha,8.57142857142857,0,0
2022-07-01,10,0,6,0,0,7.84998483662082e-05,0.33038890915155,B.1.1.7 OR Q.1 OR Q.2 OR Q.3 OR Q.4 OR Q.5 OR Q.6 OR Q.7 OR Q.8,Alpha,8.42857142857143,0,0
2022-07-02,10,0,6.71428571428571,0,0,6.76864642438304e-05,0.29243617366231,B.1.1.7 OR Q.1 OR Q.2 OR Q.3 OR Q.4 OR Q.5 OR Q.6 OR Q.7 OR Q.8,Alpha,8.71428571428571,0,0
2022-07-03,5,0,7,0,0,6.76864642438304e-05,0.29243617366231,B.1.1.7 OR Q.1 OR Q.2 OR Q.3 OR Q.4 OR Q.5 OR Q.6 OR Q.7 OR Q.8,Alpha,8.14285714285714,0,0
2022-07-04,10,0,8,0,0,5.94903028944023e-05,0.262217248717186,B.1.1.7 OR Q.1 OR Q.2 OR Q.3 OR Q.4 OR Q.5 OR Q.6 OR Q.7 OR Q.8,Alpha,7.57142857142857,0,0
2022-07-05,16,0,9,0,0,5.3064053418493e-05,0.237610098632903,B.1.1.7 OR Q.1 OR Q.2 OR Q.3 OR Q.4 OR Q.5 OR Q.6 OR Q.7 OR Q.8,Alpha,8.14285714285714,0,0
2022-07-06,25,0,11.5714285714286,0,0,4.00753100765989e-05,0.185305938312485,B.1.1.7 OR Q.1 OR Q.2 OR Q.3 OR Q.4 OR Q.5 OR Q.6 OR Q.7 OR Q.8,Alpha,9.14285714285714,0,0
2022-07-07,20,0,13.7142857142857,0,0,3.44526718020059e-05,0.161553304514194,B.1.1.7 OR Q.1 OR Q.2 OR Q.3 OR Q.4 OR Q.5 OR Q.6 OR Q.7 OR Q.8,Alpha,9.78571428571429,0,0
2022-07-08,15,0,14.4285714285714,0,0,3.44526718020059e-05,0.161553304514194,B.1.1.7 OR Q.1 OR Q.2 OR Q.3 OR Q.4 OR Q.5 OR Q.6 OR Q.7 OR Q.8,Alpha,10.2142857142857,0,0
2022-07-09,12,0,14.7142857142857,0,0,3.21941443237269e-05,0.151816662114398,B.1.1.7 OR Q.1 OR Q.2 OR Q.3 OR Q.4 OR Q.5 OR Q.6 OR Q.7 OR Q.8,Alpha,10.7142857142857,0,0
2022-07-10,9,0,15.2857142857143,0,0,3.21941443237269e-05,0.151816662114398,B.1.1.7 OR Q.1 OR Q.2 OR Q.3 OR Q.4 OR Q.5 OR Q.6 OR Q.7 OR Q.8,Alpha,11.1428571428571,0,0
2022-07-11,22,0,17,0,0,2.84623777231095e-05,0.135478437891689,B.1.1.7 OR Q.1 OR Q.2 OR Q.3 OR Q.4 OR Q.5 OR Q.6 OR Q.7 OR Q.8,Alpha,12.5,0,0
2022-07-12,9,0,16,0,0,3.02134799780236e-05,0.143184137931445,B.1.1.7 OR Q.1 OR Q.2 OR Q.3 OR Q.4 OR Q.5 OR Q.6 OR Q.7 OR Q.8,Alpha,12.5,0,0
2022-07-13,17,0,14.8571428571429,0,0,3.21941443237269e-05,0.151816662114398,B.1.1.7 OR Q.1 OR Q.2 OR Q.3 OR Q.4 OR Q.5 OR Q.6 OR Q.7 OR Q.8,Alpha,13.2142857142857,0,0
2022-07-14,15,0,14.1428571428571,0,0,3.44526718020059e-05,0.161553304514194,B.1.1.7 OR Q.1 OR Q.2 OR Q.3 OR Q.4 OR Q.5 OR Q.6 OR Q.7 OR Q.8,Alpha,13.9285714285714,0,0
2022-07-15,55,0,19.8571428571429,0,0,2.42464784592428e-05,0.116638982904875,B.1.1.7 OR Q.1 OR Q.2 OR Q.3 OR Q.4 OR Q.5 OR Q.6 OR Q.7 OR Q.8,Alpha,17.1428571428571,0,0
2022-07-16,4,0,18.7142857142857,0,0,2.55058126256953e-05,0.122309404319914,B.1.1.7 OR Q.1 OR Q.2 OR Q.3 OR Q.4 OR Q.5 OR Q.6 OR Q.7 OR Q.8,Alpha,16.7142857142857,0,0
2022-07-17,13,0,19.2857142857143,0,0,2.55058126256953e-05,0.122309404319914,B.1.1.7 OR Q.1 OR Q.2 OR Q.3 OR Q.4 OR Q.5 OR Q.6 OR Q.7 OR Q.8,Alpha,17.2857142857143,0,0
2022-07-18,14,0,18.1428571428571,0,0,2.69031173009093e-05,0.12855821182176,B.1.1.7 OR Q.1 OR Q.2 OR Q.3 OR Q.4 OR Q.5 OR Q.6 OR Q.7 OR Q.8,Alpha,17.5714285714286,0,0
2022-07-19,10,0,18.2857142857143,0,0,2.69031173009093e-05,0.12855821182176,B.1.1.7 OR Q.1 OR Q.2 OR Q.3 OR Q.4 OR Q.5 OR Q.6 OR Q.7 OR Q.8,Alpha,17.1428571428571,0,0
2022-07-20,12,0,17.5714285714286,0,0,2.69031173009093e-05,0.12855821182176,B.1.1.7 OR Q.1 OR Q.2 OR Q.3 OR Q.4 OR Q.5 OR Q.6 OR Q.7 OR Q.8,Alpha,16.2142857142857,0,0
2022-07-21,14,0,17.4285714285714,0,0,2.84623777231095e-05,0.135478437891689,B.1.1.7 OR Q.1 OR Q.2 OR Q.3 OR Q.4 OR Q.5 OR Q.6 OR Q.7 OR Q.8,Alpha,15.7857142857143,0,0
2022-07-22,17,0,12,0,0,4.00753100765989e-05,0.185305938312485,B.1.1.7 OR Q.1 OR Q.2 OR Q.3 OR Q.4 OR Q.5 OR Q.6 OR Q.7 OR Q.8,Alpha,15.9285714285714,0,0
2022-07-23,12,0,13.1428571428571,0,0,3.70519332987658e-05,0.172619445282057,B.1.1.7 OR Q.1 OR Q.2 OR Q.3 OR Q.4 OR Q.5 OR Q.6 OR Q.7 OR Q.8,Alpha,15.9285714285714,0,0
2022-07-24,5,0,12,0,0,4.00753100765989e-05,0.185305938312485,B.1.1.7 OR Q.1 OR Q.2 OR Q.3 OR Q.4 OR Q.5 OR Q.6 OR Q.7 OR Q.8,Alpha,15.6428571428571,0,0
2022-07-25,8,0,11.1428571428571,0,0,4.36357981421897e-05,0.199994569026208,B.1.1.7 OR Q.1 OR Q.2 OR Q.3 OR Q.4 OR Q.5 OR Q.6 OR Q.7 OR Q.8,Alpha,14.6428571428571,0,0
2022-07-26,14,0,11.7142857142857,0,0,4.00753100765989e-05,0.185305938312485,B.1.1.7 OR Q.1 OR Q.2 OR Q.3 OR Q.4 OR Q.5 OR Q.6 OR Q.7 OR Q.8,Alpha,15,0,0
2022-07-27,13,0,11.8571428571429,0,0,4.00753100765989e-05,0.185305938312485,B.1.1.7 OR Q.1 OR Q.2 OR Q.3 OR Q.4 OR Q.5 OR Q.6 OR Q.7 OR Q.8,Alpha,14.7142857142857,0,0
2022-07-28,8,0,11,0,0,4.36357981421897e-05,0.199994569026208,B.1.1.7 OR Q.1 OR Q.2 OR Q.3 OR Q.4 OR Q.5 OR Q.6 OR Q.7 OR Q.8,Alpha,14.2142857142857,0,0
2022-07-29,11,0,10.1428571428571,0,0,4.7890433157582e-05,0.217196267509211,B.1.1.7 OR Q.1 OR Q.2 OR Q.3 OR Q.4 OR Q.5 OR Q.6 OR Q.7 OR Q.8,Alpha,11.0714285714286,0,0
2022-07-30,4,0,9,0,0,5.3064053418493e-05,0.237610098632903,B.1.1.7 OR Q.1 OR Q.2 OR Q.3 OR Q.4 OR Q.5 OR Q.6 OR Q.7 OR Q.8,Alpha,11.0714285714286,0,0
2022-07-31,3,0,8.71428571428571,0,0,5.3064053418493e-05,0.237610098632903,B.1.1.7 OR Q.1 OR Q.2 OR Q.3 OR Q.4 OR Q.5 OR Q.6 OR Q.7 OR Q.8,Alpha,10.3571428571429,0,0
2022-08-01,7,0,8.57142857142857,0,0,5.3064053418493e-05,0.237610098632903,B.1.1.7 OR Q.1 OR Q.2 OR Q.3 OR Q.4 OR Q.5 OR Q.6 OR Q.7 OR Q.8,Alpha,9.85714285714286,0,0
2022-08-02,6,0,7.42857142857143,0,0,6.76864642438304e-05,0.29243617366231,B.1.1.7 OR Q.1 OR Q.2 OR Q.3 OR Q.4 OR Q.5 OR Q.6 OR Q.7 OR Q.8,Alpha,9.57142857142857,0,0
2022-08-03,12,0,7.28571428571429,0,0,6.76864642438304e-05,0.29243617366231,B.1.1.7 OR Q.1 OR Q.2 OR Q.3 OR Q.4 OR Q.5 OR Q.6 OR Q.7 OR Q.8,Alpha,9.57142857142857,0,0
2022-08-04,10,0,7.57142857142857,0,0,5.94903028944023e-05,0.262217248717186,B.1.1.7 OR Q.1 OR Q.2 OR Q.3 OR Q.4 OR Q.5 OR Q.6 OR Q.7 OR Q.8,Alpha,9.28571428571429,0,0
2022-08-05,7,0,7,0,0,6.76864642438304e-05,0.29243617366231,B.1.1.7 OR Q.1 OR Q.2 OR Q.3 OR Q.4 OR Q.5 OR Q.6 OR Q.7 OR Q.8,Alpha,8.57142857142857,0,0
2022-08-06,8,0,7.57142857142857,0,0,5.94903028944023e-05,0.262217248717186,B.1.1.7 OR Q.1 OR Q.2 OR Q.3 OR Q.4 OR Q.5 OR Q.6 OR Q.7 OR Q.8,Alpha,8.28571428571429,0,0
2022-08-07,5,0,7.85714285714286,0,0,5.94903028944023e-05,0.262217248717186,B.1.1.7 OR Q.1 OR Q.2 OR Q.3 OR Q.4 OR Q.5 OR Q.6 OR Q.7 OR Q.8,Alpha,8.28571428571429,0,0
2022-08-08,6,0,7.71428571428571,0,0,5.94903028944023e-05,0.262217248717186,B.1.1.7 OR Q.1 OR Q.2 OR Q.3 OR Q.4 OR Q.5 OR Q.6 OR Q.7 OR Q.8,Alpha,8.14285714285714,0,0
2022-08-09,4,0,7.42857142857143,0,0,6.76864642438304e-05,0.29243617366231,B.1.1.7 OR Q.1 OR Q.2 OR Q.3 OR Q.4 OR Q.5 OR Q.6 OR Q.7 OR Q.8,Alpha,7.42857142857143,0,0
2022-08-10,9,0,7,0,0,6.76864642438304e-05,0.29243617366231,B.1.1.7 OR Q.1 OR Q.2 OR Q.3 OR Q.4 OR Q.5 OR Q.6 OR Q.7 OR Q.8,Alpha,7.14285714285714,0,0
2022-08-11,14,0,7.57142857142857,0,0,5.94903028944023e-05,0.262217248717186,B.1.1.7 OR Q.1 OR Q.2 OR Q.3 OR Q.4 OR Q.5 OR Q.6 OR Q.7 OR Q.8,Alpha,7.57142857142857,0,0
2022-08-12,5,0,7.28571428571429,0,0,6.76864642438304e-05,0.29243617366231,B.1.1.7 OR Q.1 OR Q.2 OR Q.3 OR Q.4 OR Q.5 OR Q.6 OR Q.7 OR Q.8,Alpha,7.14285714285714,0,0
2022-08-14,3,0,6.83333333333333,0,0,6.76864642438304e-05,0.29243617366231,B.1.1.7 OR Q.1 OR Q.2 OR Q.3 OR Q.4 OR Q.5 OR Q.6 OR Q.7 OR Q.8,Alpha,7.07142857142857,0,0
2022-08-15,2,0,6.16666666666667,0,0,7.84998483662082e-05,0.33038890915155,B.1.1.7 OR Q.1 OR Q.2 OR Q.3 OR Q.4 OR Q.5 OR Q.6 OR Q.7 OR Q.8,Alpha,7,0,0
2022-08-16,7,0,6.66666666666667,0,0,6.76864642438304e-05,0.29243617366231,B.1.1.7 OR Q.1 OR Q.2 OR Q.3 OR Q.4 OR Q.5 OR Q.6 OR Q.7 OR Q.8,Alpha,7,0,0
2022-08-17,7,0,6.33333333333333,0,0,7.84998483662082e-05,0.33038890915155,B.1.1.7 OR Q.1 OR Q.2 OR Q.3 OR Q.4 OR Q.5 OR Q.6 OR Q.7 OR Q.8,Alpha,7.07142857142857,0,0
2022-08-18,3,0,4.5,0,0,0.000115332788238275,0.44476261765764,B.1.1.7 OR Q.1 OR Q.2 OR Q.3 OR Q.4 OR Q.5 OR Q.6 OR Q.7 OR Q.8,Alpha,6.42857142857143,0,0
2022-08-19,6,0,4.66666666666667,0,0,9.34206000395449e-05,0.379377142299039,B.1.1.7 OR Q.1 OR Q.2 OR Q.3 OR Q.4 OR Q.5 OR Q.6 OR Q.7 OR Q.8,Alpha,6.14285714285714,0,0
2022-08-20,4,0,4.57142857142857,0,0,9.34206000395449e-05,0.379377142299039,B.1.1.7 OR Q.1 OR Q.2 OR Q.3 OR Q.4 OR Q.5 OR Q.6 OR Q.7 OR Q.8,Alpha,5.92857142857143,0,0
2022-08-21,3,0,4.57142857142857,0,0,9.34206000395449e-05,0.379377142299039,B.1.1.7 OR Q.1 OR Q.2 OR Q.3 OR Q.4 OR Q.5 OR Q.6 OR Q.7 OR Q.8,Alpha,5.57142857142857,0,0
2022-08-22,3,0,4.71428571428571,0,0,9.34206000395449e-05,0.379377142299039,B.1.1.7 OR Q.1 OR Q.2 OR Q.3 OR Q.4 OR Q.5 OR Q.6 OR Q.7 OR Q.8,Alpha,5.42857142857143,0,0
2022-08-23,2,0,4,0,0,0.000115332788238275,0.44476261765764,B.1.1.7 OR Q.1 OR Q.2 OR Q.3 OR Q.4 OR Q.5 OR Q.6 OR Q.7 OR Q.8,Alpha,5.14285714285714,0,0
2022-08-24,5,0,3.71428571428571,0,0,0.000115332788238275,0.44476261765764,B.1.1.7 OR Q.1 OR Q.2 OR Q.3 OR Q.4 OR Q.5 OR Q.6 OR Q.7 OR Q.8,Alpha,5.21428571428571,0,0
2022-08-25,1,0,3.42857142857143,0,0,0.000150636025436569,0.53558324304295,B.1.1.7 OR Q.1 OR Q.2 OR Q.3 OR Q.4 OR Q.5 OR Q.6 OR Q.7 OR Q.8,Alpha,4.64285714285714,0,0
2022-08-27,2,0,2.66666666666667,0,0,0.000150636025436569,0.53558324304295,B.1.1.7 OR Q.1 OR Q.2 OR Q.3 OR Q.4 OR Q.5 OR Q.6 OR Q.7 OR Q.8,Alpha,3.78571428571429,0,0
2022-08-29,3,0,2.6,0,0,0.000150636025436569,0.53558324304295,B.1.1.7 OR Q.1 OR Q.2 OR Q.3 OR Q.4 OR Q.5 OR Q.6 OR Q.7 OR Q.8,Alpha,3.64285714285714,0,0
2022-08-30,1,0,2.4,0,0,0.000216908470030966,0.666821754401209,B.1.1.7 OR Q.1 OR Q.2 OR Q.3 OR Q.4 OR Q.5 OR Q.6 OR Q.7 OR Q.8,Alpha,3.5,0,0
2022-08-31,1,0,1.6,0,0,0.000216908470030966,0.666821754401209,B.1.1.7 OR Q.1 OR Q.2 OR Q.3 OR Q.4 OR Q.5 OR Q.6 OR Q.7 OR Q.8,Alpha,3.42857142857143,0,0
2022-09-01,2,0,1.8,0,0,0.000216908470030966,0.666821754401209,B.1.1.7 OR Q.1 OR Q.2 OR Q.3 OR Q.4 OR Q.5 OR Q.6 OR Q.7 OR Q.8,Alpha,3.07142857142857,0,0
2022-09-02,1,0,1.66666666666667,0,0,0.000216908470030966,0.666821754401209,B.1.1.7 OR Q.1 OR Q.2 OR Q.3 OR Q.4 OR Q.5 OR Q.6 OR Q.7 OR Q.8,Alpha,2.64285714285714,0,0
2022-09-05,1,0,1.2,0,0,0.000385580980755902,0.853253683690425,B.1.1.7 OR Q.1 OR Q.2 OR Q.3 OR Q.4 OR Q.5 OR Q.6 OR Q.7 OR Q.8,Alpha,2.5,0,0
2022-09-07,1,0,1.25,0,0,0.000385580980755902,0.853253683690425,B.1.1.7 OR Q.1 OR Q.2 OR Q.3 OR Q.4 OR Q.5 OR Q.6 OR Q.7 OR Q.8,Alpha,2.14285714285714,0,0
2022-09-08,2,0,1.25,0,0,0.000385580980755902,0.853253683690425,B.1.1.7 OR Q.1 OR Q.2 OR Q.3 OR Q.4 OR Q.5 OR Q.6 OR Q.7 OR Q.8,Alpha,2,0,0
2021-03-01,4,1,3.14285714285714,0.142857142857143,0.0454545454545455,0.000150636025436569,0.53558324304295,AY.1 OR AY.2 OR AY.3 OR AY.3.1 OR AY.3.2 OR AY.3.3 OR AY.3.4 OR AY.4 OR AY.4.1 OR AY.4.2 OR AY.4.2.1 OR AY.4.2.2 OR AY.4.2.3 OR AY.4.2.4 OR AY.4.2.5 OR AY.4.3 OR AY.4.4 OR AY.4.5 OR AY.4.6 OR AY.4.7 OR AY.4.8 OR AY.4.9 OR AY.4.10 OR AY.4.11 OR AY.4.12 OR AY.4.13 OR AY.4.14 OR AY.4.15 OR AY.4.16 OR AY.4.17 OR AY.5 OR AY.5.1 OR AY.5.2 OR AY.5.3 OR AY.5.4 OR AY.5.5 OR AY.5.6 OR AY.5.7 OR AY.6 OR AY.7 OR AY.7.1 OR AY.7.2 OR AY.8 OR AY.9 OR AY.9.2 OR AY.9.2.1 OR AY.9.2.2 OR AY.10 OR AY.11 OR AY.13 OR AY.14 OR AY.15 OR AY.16 OR AY.16.1 OR AY.17 OR AY.18 OR AY.19 OR AY.20 OR AY.20.1 OR AY.21 OR AY.22 OR AY.23 OR AY.23.1 OR AY.23.2 OR AY.24 OR AY.24.1 OR AY.25 OR AY.25.1 OR AY.25.1.1 OR AY.25.1.2 OR AY.25.2 OR AY.25.3 OR AY.26 OR AY.26.1 OR AY.27 OR AY.28 OR AY.29 OR AY.29.1 OR AY.29.2 OR AY.30 OR AY.31 OR AY.32 OR AY.33 OR AY.33.1 OR AY.33.2 OR AY.34 OR AY.34.1 OR AY.34.1.1 OR AY.34.2 OR AY.35 OR AY.36 OR AY.36.1 OR AY.37 OR AY.38 OR AY.39 OR AY.39.1 OR AY.39.1.1 OR AY.39.1.2 OR AY.39.1.3 OR AY.39.1.4 OR AY.39.2 OR AY.39.3 OR AY.40 OR AY.41 OR AY.42 OR AY.42.1 OR AY.43 OR AY.43.1 OR AY.43.2 OR AY.43.3 OR AY.43.4 OR AY.43.5 OR AY.43.6 OR AY.43.7 OR AY.43.8 OR AY.43.9 OR AY.44 OR AY.45 OR AY.46 OR AY.46.1 OR AY.46.2 OR AY.46.3 OR AY.46.4 OR AY.46.5 OR AY.46.6 OR AY.46.6.1 OR AY.47 OR AY.48 OR AY.49 OR AY.50 OR AY.51 OR AY.52 OR AY.53 OR AY.54 OR AY.55 OR AY.56 OR AY.57 OR AY.58 OR AY.59 OR AY.60 OR AY.61 OR AY.62 OR AY.63 OR AY.64 OR AY.65 OR AY.66 OR AY.67 OR AY.68 OR AY.69 OR AY.70 OR AY.71 OR AY.72 OR AY.73 OR AY.74 OR AY.75 OR AY.75.2 OR AY.75.3 OR AY.76 OR AY.77 OR AY.78 OR AY.79 OR AY.80 OR AY.81 OR AY.82 OR AY.83 OR AY.84 OR AY.85 OR AY.86 OR AY.87 OR AY.88 OR AY.90 OR AY.91 OR AY.91.1 OR AY.92 OR AY.93 OR AY.94 OR AY.95 OR AY.98 OR AY.98.1 OR AY.98.1.1 OR AY.99 OR AY.99.1 OR AY.99.2 OR AY.100 OR AY.101 OR AY.102 OR AY.102.1 OR AY.102.2 OR AY.103 OR AY.103.1 OR AY.103.2 OR AY.104 OR AY.105 OR AY.106 OR AY.107 OR AY.108 OR AY.109 OR AY.110 OR AY.111 OR AY.112 OR AY.112.1 OR AY.112.2 OR AY.112.3 OR AY.113 OR AY.114 OR AY.116 OR AY.116.1 OR AY.117 OR AY.118 OR AY.119 OR AY.119.1 OR AY.119.2 OR AY.120 OR AY.120.1 OR AY.120.2 OR AY.120.2.1 OR AY.121 OR AY.121.1 OR AY.122 OR AY.122.1 OR AY.122.2 OR AY.122.3 OR AY.122.4 OR AY.122.5 OR AY.122.6 OR AY.123 OR AY.123.1 OR AY.124 OR AY.124.1 OR AY.124.1.1 OR AY.125 OR AY.125.1 OR AY.126 OR AY.127 OR AY.127.1 OR AY.127.2 OR AY.127.3 OR AY.128 OR AY.129 OR AY.130 OR AY.131 OR AY.132 OR AY.133 OR AY.134 OR B.1.617.2,Delta,,,
2021-03-02,2,0,2.42857142857143,0.142857142857143,0.0588235294117647,0.000216908470030966,0.666821754401209,AY.1 OR AY.2 OR AY.3 OR AY.3.1 OR AY.3.2 OR AY.3.3 OR AY.3.4 OR AY.4 OR AY.4.1 OR AY.4.2 OR AY.4.2.1 OR AY.4.2.2 OR AY.4.2.3 OR AY.4.2.4 OR AY.4.2.5 OR AY.4.3 OR AY.4.4 OR AY.4.5 OR AY.4.6 OR AY.4.7 OR AY.4.8 OR AY.4.9 OR AY.4.10 OR AY.4.11 OR AY.4.12 OR AY.4.13 OR AY.4.14 OR AY.4.15 OR AY.4.16 OR AY.4.17 OR AY.5 OR AY.5.1 OR AY.5.2 OR AY.5.3 OR AY.5.4 OR AY.5.5 OR AY.5.6 OR AY.5.7 OR AY.6 OR AY.7 OR AY.7.1 OR AY.7.2 OR AY.8 OR AY.9 OR AY.9.2 OR AY.9.2.1 OR AY.9.2.2 OR AY.10 OR AY.11 OR AY.13 OR AY.14 OR AY.15 OR AY.16 OR AY.16.1 OR AY.17 OR AY.18 OR AY.19 OR AY.20 OR AY.20.1 OR AY.21 OR AY.22 OR AY.23 OR AY.23.1 OR AY.23.2 OR AY.24 OR AY.24.1 OR AY.25 OR AY.25.1 OR AY.25.1.1 OR AY.25.1.2 OR AY.25.2 OR AY.25.3 OR AY.26 OR AY.26.1 OR AY.27 OR AY.28 OR AY.29 OR AY.29.1 OR AY.29.2 OR AY.30 OR AY.31 OR AY.32 OR AY.33 OR AY.33.1 OR AY.33.2 OR AY.34 OR AY.34.1 OR AY.34.1.1 OR AY.34.2 OR AY.35 OR AY.36 OR AY.36.1 OR AY.37 OR AY.38 OR AY.39 OR AY.39.1 OR AY.39.1.1 OR AY.39.1.2 OR AY.39.1.3 OR AY.39.1.4 OR AY.39.2 OR AY.39.3 OR AY.40 OR AY.41 OR AY.42 OR AY.42.1 OR AY.43 OR AY.43.1 OR AY.43.2 OR AY.43.3 OR AY.43.4 OR AY.43.5 OR AY.43.6 OR AY.43.7 OR AY.43.8 OR AY.43.9 OR AY.44 OR AY.45 OR AY.46 OR AY.46.1 OR AY.46.2 OR AY.46.3 OR AY.46.4 OR AY.46.5 OR AY.46.6 OR AY.46.6.1 OR AY.47 OR AY.48 OR AY.49 OR AY.50 OR AY.51 OR AY.52 OR AY.53 OR AY.54 OR AY.55 OR AY.56 OR AY.57 OR AY.58 OR AY.59 OR AY.60 OR AY.61 OR AY.62 OR AY.63 OR AY.64 OR AY.65 OR AY.66 OR AY.67 OR AY.68 OR AY.69 OR AY.70 OR AY.71 OR AY.72 OR AY.73 OR AY.74 OR AY.75 OR AY.75.2 OR AY.75.3 OR AY.76 OR AY.77 OR AY.78 OR AY.79 OR AY.80 OR AY.81 OR AY.82 OR AY.83 OR AY.84 OR AY.85 OR AY.86 OR AY.87 OR AY.88 OR AY.90 OR AY.91 OR AY.91.1 OR AY.92 OR AY.93 OR AY.94 OR AY.95 OR AY.98 OR AY.98.1 OR AY.98.1.1 OR AY.99 OR AY.99.1 OR AY.99.2 OR AY.100 OR AY.101 OR AY.102 OR AY.102.1 OR AY.102.2 OR AY.103 OR AY.103.1 OR AY.103.2 OR AY.104 OR AY.105 OR AY.106 OR AY.107 OR AY.108 OR AY.109 OR AY.110 OR AY.111 OR AY.112 OR AY.112.1 OR AY.112.2 OR AY.112.3 OR AY.113 OR AY.114 OR AY.116 OR AY.116.1 OR AY.117 OR AY.118 OR AY.119 OR AY.119.1 OR AY.119.2 OR AY.120 OR AY.120.1 OR AY.120.2 OR AY.120.2.1 OR AY.121 OR AY.121.1 OR AY.122 OR AY.122.1 OR AY.122.2 OR AY.122.3 OR AY.122.4 OR AY.122.5 OR AY.122.6 OR AY.123 OR AY.123.1 OR AY.124 OR AY.124.1 OR AY.124.1.1 OR AY.125 OR AY.125.1 OR AY.126 OR AY.127 OR AY.127.1 OR AY.127.2 OR AY.127.3 OR AY.128 OR AY.129 OR AY.130 OR AY.131 OR AY.132 OR AY.133 OR AY.134 OR B.1.617.2,Delta,,,
2021-03-03,2,0,2,0.142857142857143,0.0714285714285714,0.000216908470030966,0.666821754401209,AY.1 OR AY.2 OR AY.3 OR AY.3.1 OR AY.3.2 OR AY.3.3 OR AY.3.4 OR AY.4 OR AY.4.1 OR AY.4.2 OR AY.4.2.1 OR AY.4.2.2 OR AY.4.2.3 OR AY.4.2.4 OR AY.4.2.5 OR AY.4.3 OR AY.4.4 OR AY.4.5 OR AY.4.6 OR AY.4.7 OR AY.4.8 OR AY.4.9 OR AY.4.10 OR AY.4.11 OR AY.4.12 OR AY.4.13 OR AY.4.14 OR AY.4.15 OR AY.4.16 OR AY.4.17 OR AY.5 OR AY.5.1 OR AY.5.2 OR AY.5.3 OR AY.5.4 OR AY.5.5 OR AY.5.6 OR AY.5.7 OR AY.6 OR AY.7 OR AY.7.1 OR AY.7.2 OR AY.8 OR AY.9 OR AY.9.2 OR AY.9.2.1 OR AY.9.2.2 OR AY.10 OR AY.11 OR AY.13 OR AY.14 OR AY.15 OR AY.16 OR AY.16.1 OR AY.17 OR AY.18 OR AY.19 OR AY.20 OR AY.20.1 OR AY.21 OR AY.22 OR AY.23 OR AY.23.1 OR AY.23.2 OR AY.24 OR AY.24.1 OR AY.25 OR AY.25.1 OR AY.25.1.1 OR AY.25.1.2 OR AY.25.2 OR AY.25.3 OR AY.26 OR AY.26.1 OR AY.27 OR AY.28 OR AY.29 OR AY.29.1 OR AY.29.2 OR AY.30 OR AY.31 OR AY.32 OR AY.33 OR AY.33.1 OR AY.33.2 OR AY.34 OR AY.34.1 OR AY.34.1.1 OR AY.34.2 OR AY.35 OR AY.36 OR AY.36.1 OR AY.37 OR AY.38 OR AY.39 OR AY.39.1 OR AY.39.1.1 OR AY.39.1.2 OR AY.39.1.3 OR AY.39.1.4 OR AY.39.2 OR AY.39.3 OR AY.40 OR AY.41 OR AY.42 OR AY.42.1 OR AY.43 OR AY.43.1 OR AY.43.2 OR AY.43.3 OR AY.43.4 OR AY.43.5 OR AY.43.6 OR AY.43.7 OR AY.43.8 OR AY.43.9 OR AY.44 OR AY.45 OR AY.46 OR AY.46.1 OR AY.46.2 OR AY.46.3 OR AY.46.4 OR AY.46.5 OR AY.46.6 OR AY.46.6.1 OR AY.47 OR AY.48 OR AY.49 OR AY.50 OR AY.51 OR AY.52 OR AY.53 OR AY.54 OR AY.55 OR AY.56 OR AY.57 OR AY.58 OR AY.59 OR AY.60 OR AY.61 OR AY.62 OR AY.63 OR AY.64 OR AY.65 OR AY.66 OR AY.67 OR AY.68 OR AY.69 OR AY.70 OR AY.71 OR AY.72 OR AY.73 OR AY.74 OR AY.75 OR AY.75.2 OR AY.75.3 OR AY.76 OR AY.77 OR AY.78 OR AY.79 OR AY.80 OR AY.81 OR AY.82 OR AY.83 OR AY.84 OR AY.85 OR AY.86 OR AY.87 OR AY.88 OR AY.90 OR AY.91 OR AY.91.1 OR AY.92 OR AY.93 OR AY.94 OR AY.95 OR AY.98 OR AY.98.1 OR AY.98.1.1 OR AY.99 OR AY.99.1 OR AY.99.2 OR AY.100 OR AY.101 OR AY.102 OR AY.102.1 OR AY.102.2 OR AY.103 OR AY.103.1 OR AY.103.2 OR AY.104 OR AY.105 OR AY.106 OR AY.107 OR AY.108 OR AY.109 OR AY.110 OR AY.111 OR AY.112 OR AY.112.1 OR AY.112.2 OR AY.112.3 OR AY.113 OR AY.114 OR AY.116 OR AY.116.1 OR AY.117 OR AY.118 OR AY.119 OR AY.119.1 OR AY.119.2 OR AY.120 OR AY.120.1 OR AY.120.2 OR AY.120.2.1 OR AY.121 OR AY.121.1 OR AY.122 OR AY.122.1 OR AY.122.2 OR AY.122.3 OR AY.122.4 OR AY.122.5 OR AY.122.6 OR AY.123 OR AY.123.1 OR AY.124 OR AY.124.1 OR AY.124.1.1 OR AY.125 OR AY.125.1 OR AY.126 OR AY.127 OR AY.127.1 OR AY.127.2 OR AY.127.3 OR AY.128 OR AY.129 OR AY.130 OR AY.131 OR AY.132 OR AY.133 OR AY.134 OR B.1.617.2,Delta,,,
2021-03-04,3,0,2.14285714285714,0.142857142857143,0.0666666666666667,0.000216908470030966,0.666821754401209,AY.1 OR AY.2 OR AY.3 OR AY.3.1 OR AY.3.2 OR AY.3.3 OR AY.3.4 OR AY.4 OR AY.4.1 OR AY.4.2 OR AY.4.2.1 OR AY.4.2.2 OR AY.4.2.3 OR AY.4.2.4 OR AY.4.2.5 OR AY.4.3 OR AY.4.4 OR AY.4.5 OR AY.4.6 OR AY.4.7 OR AY.4.8 OR AY.4.9 OR AY.4.10 OR AY.4.11 OR AY.4.12 OR AY.4.13 OR AY.4.14 OR AY.4.15 OR AY.4.16 OR AY.4.17 OR AY.5 OR AY.5.1 OR AY.5.2 OR AY.5.3 OR AY.5.4 OR AY.5.5 OR AY.5.6 OR AY.5.7 OR AY.6 OR AY.7 OR AY.7.1 OR AY.7.2 OR AY.8 OR AY.9 OR AY.9.2 OR AY.9.2.1 OR AY.9.2.2 OR AY.10 OR AY.11 OR AY.13 OR AY.14 OR AY.15 OR AY.16 OR AY.16.1 OR AY.17 OR AY.18 OR AY.19 OR AY.20 OR AY.20.1 OR AY.21 OR AY.22 OR AY.23 OR AY.23.1 OR AY.23.2 OR AY.24 OR AY.24.1 OR AY.25 OR AY.25.1 OR AY.25.1.1 OR AY.25.1.2 OR AY.25.2 OR AY.25.3 OR AY.26 OR AY.26.1 OR AY.27 OR AY.28 OR AY.29 OR AY.29.1 OR AY.29.2 OR AY.30 OR AY.31 OR AY.32 OR AY.33 OR AY.33.1 OR AY.33.2 OR AY.34 OR AY.34.1 OR AY.34.1.1 OR AY.34.2 OR AY.35 OR AY.36 OR AY.36.1 OR AY.37 OR AY.38 OR AY.39 OR AY.39.1 OR AY.39.1.1 OR AY.39.1.2 OR AY.39.1.3 OR AY.39.1.4 OR AY.39.2 OR AY.39.3 OR AY.40 OR AY.41 OR AY.42 OR AY.42.1 OR AY.43 OR AY.43.1 OR AY.43.2 OR AY.43.3 OR AY.43.4 OR AY.43.5 OR AY.43.6 OR AY.43.7 OR AY.43.8 OR AY.43.9 OR AY.44 OR AY.45 OR AY.46 OR AY.46.1 OR AY.46.2 OR AY.46.3 OR AY.46.4 OR AY.46.5 OR AY.46.6 OR AY.46.6.1 OR AY.47 OR AY.48 OR AY.49 OR AY.50 OR AY.51 OR AY.52 OR AY.53 OR AY.54 OR AY.55 OR AY.56 OR AY.57 OR AY.58 OR AY.59 OR AY.60 OR AY.61 OR AY.62 OR AY.63 OR AY.64 OR AY.65 OR AY.66 OR AY.67 OR AY.68 OR AY.69 OR AY.70 OR AY.71 OR AY.72 OR AY.73 OR AY.74 OR AY.75 OR AY.75.2 OR AY.75.3 OR AY.76 OR AY.77 OR AY.78 OR AY.79 OR AY.80 OR AY.81 OR AY.82 OR AY.83 OR AY.84 OR AY.85 OR AY.86 OR AY.87 OR AY.88 OR AY.90 OR AY.91 OR AY.91.1 OR AY.92 OR AY.93 OR AY.94 OR AY.95 OR AY.98 OR AY.98.1 OR AY.98.1.1 OR AY.99 OR AY.99.1 OR AY.99.2 OR AY.100 OR AY.101 OR AY.102 OR AY.102.1 OR AY.102.2 OR AY.103 OR AY.103.1 OR AY.103.2 OR AY.104 OR AY.105 OR AY.106 OR AY.107 OR AY.108 OR AY.109 OR AY.110 OR AY.111 OR AY.112 OR AY.112.1 OR AY.112.2 OR AY.112.3 OR AY.113 OR AY.114 OR AY.116 OR AY.116.1 OR AY.117 OR AY.118 OR AY.119 OR AY.119.1 OR AY.119.2 OR AY.120 OR AY.120.1 OR AY.120.2 OR AY.120.2.1 OR AY.121 OR AY.121.1 OR AY.122 OR AY.122.1 OR AY.122.2 OR AY.122.3 OR AY.122.4 OR AY.122.5 OR AY.122.6 OR AY.123 OR AY.123.1 OR AY.124 OR AY.124.1 OR AY.124.1.1 OR AY.125 OR AY.125.1 OR AY.126 OR AY.127 OR AY.127.1 OR AY.127.2 OR AY.127.3 OR AY.128 OR AY.129 OR AY.130 OR AY.131 OR AY.132 OR AY.133 OR AY.134 OR B.1.617.2,Delta,,,
2021-03-07,3,0,2.8,0.2,0.0714285714285714,0.000150636025436569,0.53558324304295,AY.1 OR AY.2 OR AY.3 OR AY.3.1 OR AY.3.2 OR AY.3.3 OR AY.3.4 OR AY.4 OR AY.4.1 OR AY.4.2 OR AY.4.2.1 OR AY.4.2.2 OR AY.4.2.3 OR AY.4.2.4 OR AY.4.2.5 OR AY.4.3 OR AY.4.4 OR AY.4.5 OR AY.4.6 OR AY.4.7 OR AY.4.8 OR AY.4.9 OR AY.4.10 OR AY.4.11 OR AY.4.12 OR AY.4.13 OR AY.4.14 OR AY.4.15 OR AY.4.16 OR AY.4.17 OR AY.5 OR AY.5.1 OR AY.5.2 OR AY.5.3 OR AY.5.4 OR AY.5.5 OR AY.5.6 OR AY.5.7 OR AY.6 OR AY.7 OR AY.7.1 OR AY.7.2 OR AY.8 OR AY.9 OR AY.9.2 OR AY.9.2.1 OR AY.9.2.2 OR AY.10 OR AY.11 OR AY.13 OR AY.14 OR AY.15 OR AY.16 OR AY.16.1 OR AY.17 OR AY.18 OR AY.19 OR AY.20 OR AY.20.1 OR AY.21 OR AY.22 OR AY.23 OR AY.23.1 OR AY.23.2 OR AY.24 OR AY.24.1 OR AY.25 OR AY.25.1 OR AY.25.1.1 OR AY.25.1.2 OR AY.25.2 OR AY.25.3 OR AY.26 OR AY.26.1 OR AY.27 OR AY.28 OR AY.29 OR AY.29.1 OR AY.29.2 OR AY.30 OR AY.31 OR AY.32 OR AY.33 OR AY.33.1 OR AY.33.2 OR AY.34 OR AY.34.1 OR AY.34.1.1 OR AY.34.2 OR AY.35 OR AY.36 OR AY.36.1 OR AY.37 OR AY.38 OR AY.39 OR AY.39.1 OR AY.39.1.1 OR AY.39.1.2 OR AY.39.1.3 OR AY.39.1.4 OR AY.39.2 OR AY.39.3 OR AY.40 OR AY.41 OR AY.42 OR AY.42.1 OR AY.43 OR AY.43.1 OR AY.43.2 OR AY.43.3 OR AY.43.4 OR AY.43.5 OR AY.43.6 OR AY.43.7 OR AY.43.8 OR AY.43.9 OR AY.44 OR AY.45 OR AY.46 OR AY.46.1 OR AY.46.2 OR AY.46.3 OR AY.46.4 OR AY.46.5 OR AY.46.6 OR AY.46.6.1 OR AY.47 OR AY.48 OR AY.49 OR AY.50 OR AY.51 OR AY.52 OR AY.53 OR AY.54 OR AY.55 OR AY.56 OR AY.57 OR AY.58 OR AY.59 OR AY.60 OR AY.61 OR AY.62 OR AY.63 OR AY.64 OR AY.65 OR AY.66 OR AY.67 OR AY.68 OR AY.69 OR AY.70 OR AY.71 OR AY.72 OR AY.73 OR AY.74 OR AY.75 OR AY.75.2 OR AY.75.3 OR AY.76 OR AY.77 OR AY.78 OR AY.79 OR AY.80 OR AY.81 OR AY.82 OR AY.83 OR AY.84 OR AY.85 OR AY.86 OR AY.87 OR AY.88 OR AY.90 OR AY.91 OR AY.91.1 OR AY.92 OR AY.93 OR AY.94 OR AY.95 OR AY.98 OR AY.98.1 OR AY.98.1.1 OR AY.99 OR AY.99.1 OR AY.99.2 OR AY.100 OR AY.101 OR AY.102 OR AY.102.1 OR AY.102.2 OR AY.103 OR AY.103.1 OR AY.103.2 OR AY.104 OR AY.105 OR AY.106 OR AY.107 OR AY.108 OR AY.109 OR AY.110 OR AY.111 OR AY.112 OR AY.112.1 OR AY.112.2 OR AY.112.3 OR AY.113 OR AY.114 OR AY.116 OR AY.116.1 OR AY.117 OR AY.118 OR AY.119 OR AY.119.1 OR AY.119.2 OR AY.120 OR AY.120.1 OR AY.120.2 OR AY.120.2.1 OR AY.121 OR AY.121.1 OR AY.122 OR AY.122.1 OR AY.122.2 OR AY.122.3 OR AY.122.4 OR AY.122.5 OR AY.122.6 OR AY.123 OR AY.123.1 OR AY.124 OR AY.124.1 OR AY.124.1.1 OR AY.125 OR AY.125.1 OR AY.126 OR AY.127 OR AY.127.1 OR AY.127.2 OR AY.127.3 OR AY.128 OR AY.129 OR AY.130 OR AY.131 OR AY.132 OR AY.133 OR AY.134 OR B.1.617.2,Delta,,,
2021-03-08,4,0,2.8,0,0,0.000150636025436569,0.53558324304295,AY.1 OR AY.2 OR AY.3 OR AY.3.1 OR AY.3.2 OR AY.3.3 OR AY.3.4 OR AY.4 OR AY.4.1 OR AY.4.2 OR AY.4.2.1 OR AY.4.2.2 OR AY.4.2.3 OR AY.4.2.4 OR AY.4.2.5 OR AY.4.3 OR AY.4.4 OR AY.4.5 OR AY.4.6 OR AY.4.7 OR AY.4.8 OR AY.4.9 OR AY.4.10 OR AY.4.11 OR AY.4.12 OR AY.4.13 OR AY.4.14 OR AY.4.15 OR AY.4.16 OR AY.4.17 OR AY.5 OR AY.5.1 OR AY.5.2 OR AY.5.3 OR AY.5.4 OR AY.5.5 OR AY.5.6 OR AY.5.7 OR AY.6 OR AY.7 OR AY.7.1 OR AY.7.2 OR AY.8 OR AY.9 OR AY.9.2 OR AY.9.2.1 OR AY.9.2.2 OR AY.10 OR AY.11 OR AY.13 OR AY.14 OR AY.15 OR AY.16 OR AY.16.1 OR AY.17 OR AY.18 OR AY.19 OR AY.20 OR AY.20.1 OR AY.21 OR AY.22 OR AY.23 OR AY.23.1 OR AY.23.2 OR AY.24 OR AY.24.1 OR AY.25 OR AY.25.1 OR AY.25.1.1 OR AY.25.1.2 OR AY.25.2 OR AY.25.3 OR AY.26 OR AY.26.1 OR AY.27 OR AY.28 OR AY.29 OR AY.29.1 OR AY.29.2 OR AY.30 OR AY.31 OR AY.32 OR AY.33 OR AY.33.1 OR AY.33.2 OR AY.34 OR AY.34.1 OR AY.34.1.1 OR AY.34.2 OR AY.35 OR AY.36 OR AY.36.1 OR AY.37 OR AY.38 OR AY.39 OR AY.39.1 OR AY.39.1.1 OR AY.39.1.2 OR AY.39.1.3 OR AY.39.1.4 OR AY.39.2 OR AY.39.3 OR AY.40 OR AY.41 OR AY.42 OR AY.42.1 OR AY.43 OR AY.43.1 OR AY.43.2 OR AY.43.3 OR AY.43.4 OR AY.43.5 OR AY.43.6 OR AY.43.7 OR AY.43.8 OR AY.43.9 OR AY.44 OR AY.45 OR AY.46 OR AY.46.1 OR AY.46.2 OR AY.46.3 OR AY.46.4 OR AY.46.5 OR AY.46.6 OR AY.46.6.1 OR AY.47 OR AY.48 OR AY.49 OR AY.50 OR AY.51 OR AY.52 OR AY.53 OR AY.54 OR AY.55 OR AY.56 OR AY.57 OR AY.58 OR AY.59 OR AY.60 OR AY.61 OR AY.62 OR AY.63 OR AY.64 OR AY.65 OR AY.66 OR AY.67 OR AY.68 OR AY.69 OR AY.70 OR AY.71 OR AY.72 OR AY.73 OR AY.74 OR AY.75 OR AY.75.2 OR AY.75.3 OR AY.76 OR AY.77 OR AY.78 OR AY.79 OR AY.80 OR AY.81 OR AY.82 OR AY.83 OR AY.84 OR AY.85 OR AY.86 OR AY.87 OR AY.88 OR AY.90 OR AY.91 OR AY.91.1 OR AY.92 OR AY.93 OR AY.94 OR AY.95 OR AY.98 OR AY.98.1 OR AY.98.1.1 OR AY.99 OR AY.99.1 OR AY.99.2 OR AY.100 OR AY.101 OR AY.102 OR AY.102.1 OR AY.102.2 OR AY.103 OR AY.103.1 OR AY.103.2 OR AY.104 OR AY.105 OR AY.106 OR AY.107 OR AY.108 OR AY.109 OR AY.110 OR AY.111 OR AY.112 OR AY.112.1 OR AY.112.2 OR AY.112.3 OR AY.113 OR AY.114 OR AY.116 OR AY.116.1 OR AY.117 OR AY.118 OR AY.119 OR AY.119.1 OR AY.119.2 OR AY.120 OR AY.120.1 OR AY.120.2 OR AY.120.2.1 OR AY.121 OR AY.121.1 OR AY.122 OR AY.122.1 OR AY.122.2 OR AY.122.3 OR AY.122.4 OR AY.122.5 OR AY.122.6 OR AY.123 OR AY.123.1 OR AY.124 OR AY.124.1 OR AY.124.1.1 OR AY.125 OR AY.125.1 OR AY.126 OR AY.127 OR AY.127.1 OR AY.127.2 OR AY.127.3 OR AY.128 OR AY.129 OR AY.130 OR AY.131 OR AY.132 OR AY.133 OR AY.134 OR B.1.617.2,Delta,,,
2021-03-09,1,0,2.6,0,0,0.000150636025436569,0.53558324304295,AY.1 OR AY.2 OR AY.3 OR AY.3.1 OR AY.3.2 OR AY.3.3 OR AY.3.4 OR AY.4 OR AY.4.1 OR AY.4.2 OR AY.4.2.1 OR AY.4.2.2 OR AY.4.2.3 OR AY.4.2.4 OR AY.4.2.5 OR AY.4.3 OR AY.4.4 OR AY.4.5 OR AY.4.6 OR AY.4.7 OR AY.4.8 OR AY.4.9 OR AY.4.10 OR AY.4.11 OR AY.4.12 OR AY.4.13 OR AY.4.14 OR AY.4.15 OR AY.4.16 OR AY.4.17 OR AY.5 OR AY.5.1 OR AY.5.2 OR AY.5.3 OR AY.5.4 OR AY.5.5 OR AY.5.6 OR AY.5.7 OR AY.6 OR AY.7 OR AY.7.1 OR AY.7.2 OR AY.8 OR AY.9 OR AY.9.2 OR AY.9.2.1 OR AY.9.2.2 OR AY.10 OR AY.11 OR AY.13 OR AY.14 OR AY.15 OR AY.16 OR AY.16.1 OR AY.17 OR AY.18 OR AY.19 OR AY.20 OR AY.20.1 OR AY.21 OR AY.22 OR AY.23 OR AY.23.1 OR AY.23.2 OR AY.24 OR AY.24.1 OR AY.25 OR AY.25.1 OR AY.25.1.1 OR AY.25.1.2 OR AY.25.2 OR AY.25.3 OR AY.26 OR AY.26.1 OR AY.27 OR AY.28 OR AY.29 OR AY.29.1 OR AY.29.2 OR AY.30 OR AY.31 OR AY.32 OR AY.33 OR AY.33.1 OR AY.33.2 OR AY.34 OR AY.34.1 OR AY.34.1.1 OR AY.34.2 OR AY.35 OR AY.36 OR AY.36.1 OR AY.37 OR AY.38 OR AY.39 OR AY.39.1 OR AY.39.1.1 OR AY.39.1.2 OR AY.39.1.3 OR AY.39.1.4 OR AY.39.2 OR AY.39.3 OR AY.40 OR AY.41 OR AY.42 OR AY.42.1 OR AY.43 OR AY.43.1 OR AY.43.2 OR AY.43.3 OR AY.43.4 OR AY.43.5 OR AY.43.6 OR AY.43.7 OR AY.43.8 OR AY.43.9 OR AY.44 OR AY.45 OR AY.46 OR AY.46.1 OR AY.46.2 OR AY.46.3 OR AY.46.4 OR AY.46.5 OR AY.46.6 OR AY.46.6.1 OR AY.47 OR AY.48 OR AY.49 OR AY.50 OR AY.51 OR AY.52 OR AY.53 OR AY.54 OR AY.55 OR AY.56 OR AY.57 OR AY.58 OR AY.59 OR AY.60 OR AY.61 OR AY.62 OR AY.63 OR AY.64 OR AY.65 OR AY.66 OR AY.67 OR AY.68 OR AY.69 OR AY.70 OR AY.71 OR AY.72 OR AY.73 OR AY.74 OR AY.75 OR AY.75.2 OR AY.75.3 OR AY.76 OR AY.77 OR AY.78 OR AY.79 OR AY.80 OR AY.81 OR AY.82 OR AY.83 OR AY.84 OR AY.85 OR AY.86 OR AY.87 OR AY.88 OR AY.90 OR AY.91 OR AY.91.1 OR AY.92 OR AY.93 OR AY.94 OR AY.95 OR AY.98 OR AY.98.1 OR AY.98.1.1 OR AY.99 OR AY.99.1 OR AY.99.2 OR AY.100 OR AY.101 OR AY.102 OR AY.102.1 OR AY.102.2 OR AY.103 OR AY.103.1 OR AY.103.2 OR AY.104 OR AY.105 OR AY.106 OR AY.107 OR AY.108 OR AY.109 OR AY.110 OR AY.111 OR AY.112 OR AY.112.1 OR AY.112.2 OR AY.112.3 OR AY.113 OR AY.114 OR AY.116 OR AY.116.1 OR AY.117 OR AY.118 OR AY.119 OR AY.119.1 OR AY.119.2 OR AY.120 OR AY.120.1 OR AY.120.2 OR AY.120.2.1 OR AY.121 OR AY.121.1 OR AY.122 OR AY.122.1 OR AY.122.2 OR AY.122.3 OR AY.122.4 OR AY.122.5 OR AY.122.6 OR AY.123 OR AY.123.1 OR AY.124 OR AY.124.1 OR AY.124.1.1 OR AY.125 OR AY.125.1 OR AY.126 OR AY.127 OR AY.127.1 OR AY.127.2 OR AY.127.3 OR AY.128 OR AY.129 OR AY.130 OR AY.131 OR AY.132 OR AY.133 OR AY.134 OR B.1.617.2,Delta,,,
2021-03-11,1,0,2.25,0,0,0.000216908470030966,0.666821754401209,AY.1 OR AY.2 OR AY.3 OR AY.3.1 OR AY.3.2 OR AY.3.3 OR AY.3.4 OR AY.4 OR AY.4.1 OR AY.4.2 OR AY.4.2.1 OR AY.4.2.2 OR AY.4.2.3 OR AY.4.2.4 OR AY.4.2.5 OR AY.4.3 OR AY.4.4 OR AY.4.5 OR AY.4.6 OR AY.4.7 OR AY.4.8 OR AY.4.9 OR AY.4.10 OR AY.4.11 OR AY.4.12 OR AY.4.13 OR AY.4.14 OR AY.4.15 OR AY.4.16 OR AY.4.17 OR AY.5 OR AY.5.1 OR AY.5.2 OR AY.5.3 OR AY.5.4 OR AY.5.5 OR AY.5.6 OR AY.5.7 OR AY.6 OR AY.7 OR AY.7.1 OR AY.7.2 OR AY.8 OR AY.9 OR AY.9.2 OR AY.9.2.1 OR AY.9.2.2 OR AY.10 OR AY.11 OR AY.13 OR AY.14 OR AY.15 OR AY.16 OR AY.16.1 OR AY.17 OR AY.18 OR AY.19 OR AY.20 OR AY.20.1 OR AY.21 OR AY.22 OR AY.23 OR AY.23.1 OR AY.23.2 OR AY.24 OR AY.24.1 OR AY.25 OR AY.25.1 OR AY.25.1.1 OR AY.25.1.2 OR AY.25.2 OR AY.25.3 OR AY.26 OR AY.26.1 OR AY.27 OR AY.28 OR AY.29 OR AY.29.1 OR AY.29.2 OR AY.30 OR AY.31 OR AY.32 OR AY.33 OR AY.33.1 OR AY.33.2 OR AY.34 OR AY.34.1 OR AY.34.1.1 OR AY.34.2 OR AY.35 OR AY.36 OR AY.36.1 OR AY.37 OR AY.38 OR AY.39 OR AY.39.1 OR AY.39.1.1 OR AY.39.1.2 OR AY.39.1.3 OR AY.39.1.4 OR AY.39.2 OR AY.39.3 OR AY.40 OR AY.41 OR AY.42 OR AY.42.1 OR AY.43 OR AY.43.1 OR AY.43.2 OR AY.43.3 OR AY.43.4 OR AY.43.5 OR AY.43.6 OR AY.43.7 OR AY.43.8 OR AY.43.9 OR AY.44 OR AY.45 OR AY.46 OR AY.46.1 OR AY.46.2 OR AY.46.3 OR AY.46.4 OR AY.46.5 OR AY.46.6 OR AY.46.6.1 OR AY.47 OR AY.48 OR AY.49 OR AY.50 OR AY.51 OR AY.52 OR AY.53 OR AY.54 OR AY.55 OR AY.56 OR AY.57 OR AY.58 OR AY.59 OR AY.60 OR AY.61 OR AY.62 OR AY.63 OR AY.64 OR AY.65 OR AY.66 OR AY.67 OR AY.68 OR AY.69 OR AY.70 OR AY.71 OR AY.72 OR AY.73 OR AY.74 OR AY.75 OR AY.75.2 OR AY.75.3 OR AY.76 OR AY.77 OR AY.78 OR AY.79 OR AY.80 OR AY.81 OR AY.82 OR AY.83 OR AY.84 OR AY.85 OR AY.86 OR AY.87 OR AY.88 OR AY.90 OR AY.91 OR AY.91.1 OR AY.92 OR AY.93 OR AY.94 OR AY.95 OR AY.98 OR AY.98.1 OR AY.98.1.1 OR AY.99 OR AY.99.1 OR AY.99.2 OR AY.100 OR AY.101 OR AY.102 OR AY.102.1 OR AY.102.2 OR AY.103 OR AY.103.1 OR AY.103.2 OR AY.104 OR AY.105 OR AY.106 OR AY.107 OR AY.108 OR AY.109 OR AY.110 OR AY.111 OR AY.112 OR AY.112.1 OR AY.112.2 OR AY.112.3 OR AY.113 OR AY.114 OR AY.116 OR AY.116.1 OR AY.117 OR AY.118 OR AY.119 OR AY.119.1 OR AY.119.2 OR AY.120 OR AY.120.1 OR AY.120.2 OR AY.120.2.1 OR AY.121 OR AY.121.1 OR AY.122 OR AY.122.1 OR AY.122.2 OR AY.122.3 OR AY.122.4 OR AY.122.5 OR AY.122.6 OR AY.123 OR AY.123.1 OR AY.124 OR AY.124.1 OR AY.124.1.1 OR AY.125 OR AY.125.1 OR AY.126 OR AY.127 OR AY.127.1 OR AY.127.2 OR AY.127.3 OR AY.128 OR AY.129 OR AY.130 OR AY.131 OR AY.132 OR AY.133 OR AY.134 OR B.1.617.2,Delta,,,
2021-03-13,1,0,2,0,0,0.000216908470030966,0.666821754401209,AY.1 OR AY.2 OR AY.3 OR AY.3.1 OR AY.3.2 OR AY.3.3 OR AY.3.4 OR AY.4 OR AY.4.1 OR AY.4.2 OR AY.4.2.1 OR AY.4.2.2 OR AY.4.2.3 OR AY.4.2.4 OR AY.4.2.5 OR AY.4.3 OR AY.4.4 OR AY.4.5 OR AY.4.6 OR AY.4.7 OR AY.4.8 OR AY.4.9 OR AY.4.10 OR AY.4.11 OR AY.4.12 OR AY.4.13 OR AY.4.14 OR AY.4.15 OR AY.4.16 OR AY.4.17 OR AY.5 OR AY.5.1 OR AY.5.2 OR AY.5.3 OR AY.5.4 OR AY.5.5 OR AY.5.6 OR AY.5.7 OR AY.6 OR AY.7 OR AY.7.1 OR AY.7.2 OR AY.8 OR AY.9 OR AY.9.2 OR AY.9.2.1 OR AY.9.2.2 OR AY.10 OR AY.11 OR AY.13 OR AY.14 OR AY.15 OR AY.16 OR AY.16.1 OR AY.17 OR AY.18 OR AY.19 OR AY.20 OR AY.20.1 OR AY.21 OR AY.22 OR AY.23 OR AY.23.1 OR AY.23.2 OR AY.24 OR AY.24.1 OR AY.25 OR AY.25.1 OR AY.25.1.1 OR AY.25.1.2 OR AY.25.2 OR AY.25.3 OR AY.26 OR AY.26.1 OR AY.27 OR AY.28 OR AY.29 OR AY.29.1 OR AY.29.2 OR AY.30 OR AY.31 OR AY.32 OR AY.33 OR AY.33.1 OR AY.33.2 OR AY.34 OR AY.34.1 OR AY.34.1.1 OR AY.34.2 OR AY.35 OR AY.36 OR AY.36.1 OR AY.37 OR AY.38 OR AY.39 OR AY.39.1 OR AY.39.1.1 OR AY.39.1.2 OR AY.39.1.3 OR AY.39.1.4 OR AY.39.2 OR AY.39.3 OR AY.40 OR AY.41 OR AY.42 OR AY.42.1 OR AY.43 OR AY.43.1 OR AY.43.2 OR AY.43.3 OR AY.43.4 OR AY.43.5 OR AY.43.6 OR AY.43.7 OR AY.43.8 OR AY.43.9 OR AY.44 OR AY.45 OR AY.46 OR AY.46.1 OR AY.46.2 OR AY.46.3 OR AY.46.4 OR AY.46.5 OR AY.46.6 OR AY.46.6.1 OR AY.47 OR AY.48 OR AY.49 OR AY.50 OR AY.51 OR AY.52 OR AY.53 OR AY.54 OR AY.55 OR AY.56 OR AY.57 OR AY.58 OR AY.59 OR AY.60 OR AY.61 OR AY.62 OR AY.63 OR AY.64 OR AY.65 OR AY.66 OR AY.67 OR AY.68 OR AY.69 OR AY.70 OR AY.71 OR AY.72 OR AY.73 OR AY.74 OR AY.75 OR AY.75.2 OR AY.75.3 OR AY.76 OR AY.77 OR AY.78 OR AY.79 OR AY.80 OR AY.81 OR AY.82 OR AY.83 OR AY.84 OR AY.85 OR AY.86 OR AY.87 OR AY.88 OR AY.90 OR AY.91 OR AY.91.1 OR AY.92 OR AY.93 OR AY.94 OR AY.95 OR AY.98 OR AY.98.1 OR AY.98.1.1 OR AY.99 OR AY.99.1 OR AY.99.2 OR AY.100 OR AY.101 OR AY.102 OR AY.102.1 OR AY.102.2 OR AY.103 OR AY.103.1 OR AY.103.2 OR AY.104 OR AY.105 OR AY.106 OR AY.107 OR AY.108 OR AY.109 OR AY.110 OR AY.111 OR AY.112 OR AY.112.1 OR AY.112.2 OR AY.112.3 OR AY.113 OR AY.114 OR AY.116 OR AY.116.1 OR AY.117 OR AY.118 OR AY.119 OR AY.119.1 OR AY.119.2 OR AY.120 OR AY.120.1 OR AY.120.2 OR AY.120.2.1 OR AY.121 OR AY.121.1 OR AY.122 OR AY.122.1 OR AY.122.2 OR AY.122.3 OR AY.122.4 OR AY.122.5 OR AY.122.6 OR AY.123 OR AY.123.1 OR AY.124 OR AY.124.1 OR AY.124.1.1 OR AY.125 OR AY.125.1 OR AY.126 OR AY.127 OR AY.127.1 OR AY.127.2 OR AY.127.3 OR AY.128 OR AY.129 OR AY.130 OR AY.131 OR AY.132 OR AY.133 OR AY.134 OR B.1.617.2,Delta,,,
2021-03-14,2,0,1.8,0,0,0.000216908470030966,0.666821754401209,AY.1 OR AY.2 OR AY.3 OR AY.3.1 OR AY.3.2 OR AY.3.3 OR AY.3.4 OR AY.4 OR AY.4.1 OR AY.4.2 OR AY.4.2.1 OR AY.4.2.2 OR AY.4.2.3 OR AY.4.2.4 OR AY.4.2.5 OR AY.4.3 OR AY.4.4 OR AY.4.5 OR AY.4.6 OR AY.4.7 OR AY.4.8 OR AY.4.9 OR AY.4.10 OR AY.4.11 OR AY.4.12 OR AY.4.13 OR AY.4.14 OR AY.4.15 OR AY.4.16 OR AY.4.17 OR AY.5 OR AY.5.1 OR AY.5.2 OR AY.5.3 OR AY.5.4 OR AY.5.5 OR AY.5.6 OR AY.5.7 OR AY.6 OR AY.7 OR AY.7.1 OR AY.7.2 OR AY.8 OR AY.9 OR AY.9.2 OR AY.9.2.1 OR AY.9.2.2 OR AY.10 OR AY.11 OR AY.13 OR AY.14 OR AY.15 OR AY.16 OR AY.16.1 OR AY.17 OR AY.18 OR AY.19 OR AY.20 OR AY.20.1 OR AY.21 OR AY.22 OR AY.23 OR AY.23.1 OR AY.23.2 OR AY.24 OR AY.24.1 OR AY.25 OR AY.25.1 OR AY.25.1.1 OR AY.25.1.2 OR AY.25.2 OR AY.25.3 OR AY.26 OR AY.26.1 OR AY.27 OR AY.28 OR AY.29 OR AY.29.1 OR AY.29.2 OR AY.30 OR AY.31 OR AY.32 OR AY.33 OR AY.33.1 OR AY.33.2 OR AY.34 OR AY.34.1 OR AY.34.1.1 OR AY.34.2 OR AY.35 OR AY.36 OR AY.36.1 OR AY.37 OR AY.38 OR AY.39 OR AY.39.1 OR AY.39.1.1 OR AY.39.1.2 OR AY.39.1.3 OR AY.39.1.4 OR AY.39.2 OR AY.39.3 OR AY.40 OR AY.41 OR AY.42 OR AY.42.1 OR AY.43 OR AY.43.1 OR AY.43.2 OR AY.43.3 OR AY.43.4 OR AY.43.5 OR AY.43.6 OR AY.43.7 OR AY.43.8 OR AY.43.9 OR AY.44 OR AY.45 OR AY.46 OR AY.46.1 OR AY.46.2 OR AY.46.3 OR AY.46.4 OR AY.46.5 OR AY.46.6 OR AY.46.6.1 OR AY.47 OR AY.48 OR AY.49 OR AY.50 OR AY.51 OR AY.52 OR AY.53 OR AY.54 OR AY.55 OR AY.56 OR AY.57 OR AY.58 OR AY.59 OR AY.60 OR AY.61 OR AY.62 OR AY.63 OR AY.64 OR AY.65 OR AY.66 OR AY.67 OR AY.68 OR AY.69 OR AY.70 OR AY.71 OR AY.72 OR AY.73 OR AY.74 OR AY.75 OR AY.75.2 OR AY.75.3 OR AY.76 OR AY.77 OR AY.78 OR AY.79 OR AY.80 OR AY.81 OR AY.82 OR AY.83 OR AY.84 OR AY.85 OR AY.86 OR AY.87 OR AY.88 OR AY.90 OR AY.91 OR AY.91.1 OR AY.92 OR AY.93 OR AY.94 OR AY.95 OR AY.98 OR AY.98.1 OR AY.98.1.1 OR AY.99 OR AY.99.1 OR AY.99.2 OR AY.100 OR AY.101 OR AY.102 OR AY.102.1 OR AY.102.2 OR AY.103 OR AY.103.1 OR AY.103.2 OR AY.104 OR AY.105 OR AY.106 OR AY.107 OR AY.108 OR AY.109 OR AY.110 OR AY.111 OR AY.112 OR AY.112.1 OR AY.112.2 OR AY.112.3 OR AY.113 OR AY.114 OR AY.116 OR AY.116.1 OR AY.117 OR AY.118 OR AY.119 OR AY.119.1 OR AY.119.2 OR AY.120 OR AY.120.1 OR AY.120.2 OR AY.120.2.1 OR AY.121 OR AY.121.1 OR AY.122 OR AY.122.1 OR AY.122.2 OR AY.122.3 OR AY.122.4 OR AY.122.5 OR AY.122.6 OR AY.123 OR AY.123.1 OR AY.124 OR AY.124.1 OR AY.124.1.1 OR AY.125 OR AY.125.1 OR AY.126 OR AY.127 OR AY.127.1 OR AY.127.2 OR AY.127.3 OR AY.128 OR AY.129 OR AY.130 OR AY.131 OR AY.132 OR AY.133 OR AY.134 OR B.1.617.2,Delta,,,
2021-03-15,9,0,2.8,0,0,0.000150636025436569,0.53558324304295,AY.1 OR AY.2 OR AY.3 OR AY.3.1 OR AY.3.2 OR AY.3.3 OR AY.3.4 OR AY.4 OR AY.4.1 OR AY.4.2 OR AY.4.2.1 OR AY.4.2.2 OR AY.4.2.3 OR AY.4.2.4 OR AY.4.2.5 OR AY.4.3 OR AY.4.4 OR AY.4.5 OR AY.4.6 OR AY.4.7 OR AY.4.8 OR AY.4.9 OR AY.4.10 OR AY.4.11 OR AY.4.12 OR AY.4.13 OR AY.4.14 OR AY.4.15 OR AY.4.16 OR AY.4.17 OR AY.5 OR AY.5.1 OR AY.5.2 OR AY.5.3 OR AY.5.4 OR AY.5.5 OR AY.5.6 OR AY.5.7 OR AY.6 OR AY.7 OR AY.7.1 OR AY.7.2 OR AY.8 OR AY.9 OR AY.9.2 OR AY.9.2.1 OR AY.9.2.2 OR AY.10 OR AY.11 OR AY.13 OR AY.14 OR AY.15 OR AY.16 OR AY.16.1 OR AY.17 OR AY.18 OR AY.19 OR AY.20 OR AY.20.1 OR AY.21 OR AY.22 OR AY.23 OR AY.23.1 OR AY.23.2 OR AY.24 OR AY.24.1 OR AY.25 OR AY.25.1 OR AY.25.1.1 OR AY.25.1.2 OR AY.25.2 OR AY.25.3 OR AY.26 OR AY.26.1 OR AY.27 OR AY.28 OR AY.29 OR AY.29.1 OR AY.29.2 OR AY.30 OR AY.31 OR AY.32 OR AY.33 OR AY.33.1 OR AY.33.2 OR AY.34 OR AY.34.1 OR AY.34.1.1 OR AY.34.2 OR AY.35 OR AY.36 OR AY.36.1 OR AY.37 OR AY.38 OR AY.39 OR AY.39.1 OR AY.39.1.1 OR AY.39.1.2 OR AY.39.1.3 OR AY.39.1.4 OR AY.39.2 OR AY.39.3 OR AY.40 OR AY.41 OR AY.42 OR AY.42.1 OR AY.43 OR AY.43.1 OR AY.43.2 OR AY.43.3 OR AY.43.4 OR AY.43.5 OR AY.43.6 OR AY.43.7 OR AY.43.8 OR AY.43.9 OR AY.44 OR AY.45 OR AY.46 OR AY.46.1 OR AY.46.2 OR AY.46.3 OR AY.46.4 OR AY.46.5 OR AY.46.6 OR AY.46.6.1 OR AY.47 OR AY.48 OR AY.49 OR AY.50 OR AY.51 OR AY.52 OR AY.53 OR AY.54 OR AY.55 OR AY.56 OR AY.57 OR AY.58 OR AY.59 OR AY.60 OR AY.61 OR AY.62 OR AY.63 OR AY.64 OR AY.65 OR AY.66 OR AY.67 OR AY.68 OR AY.69 OR AY.70 OR AY.71 OR AY.72 OR AY.73 OR AY.74 OR AY.75 OR AY.75.2 OR AY.75.3 OR AY.76 OR AY.77 OR AY.78 OR AY.79 OR AY.80 OR AY.81 OR AY.82 OR AY.83 OR AY.84 OR AY.85 OR AY.86 OR AY.87 OR AY.88 OR AY.90 OR AY.91 OR AY.91.1 OR AY.92 OR AY.93 OR AY.94 OR AY.95 OR AY.98 OR AY.98.1 OR AY.98.1.1 OR AY.99 OR AY.99.1 OR AY.99.2 OR AY.100 OR AY.101 OR AY.102 OR AY.102.1 OR AY.102.2 OR AY.103 OR AY.103.1 OR AY.103.2 OR AY.104 OR AY.105 OR AY.106 OR AY.107 OR AY.108 OR AY.109 OR AY.110 OR AY.111 OR AY.112 OR AY.112.1 OR AY.112.2 OR AY.112.3 OR AY.113 OR AY.114 OR AY.116 OR AY.116.1 OR AY.117 OR AY.118 OR AY.119 OR AY.119.1 OR AY.119.2 OR AY.120 OR AY.120.1 OR AY.120.2 OR AY.120.2.1 OR AY.121 OR AY.121.1 OR AY.122 OR AY.122.1 OR AY.122.2 OR AY.122.3 OR AY.122.4 OR AY.122.5 OR AY.122.6 OR AY.123 OR AY.123.1 OR AY.124 OR AY.124.1 OR AY.124.1.1 OR AY.125 OR AY.125.1 OR AY.126 OR AY.127 OR AY.127.1 OR AY.127.2 OR AY.127.3 OR AY.128 OR AY.129 OR AY.130 OR AY.131 OR AY.132 OR AY.133 OR AY.134 OR B.1.617.2,Delta,,,
2021-03-16,3,0,3.2,0,0,0.000150636025436569,0.53558324304295,AY.1 OR AY.2 OR AY.3 OR AY.3.1 OR AY.3.2 OR AY.3.3 OR AY.3.4 OR AY.4 OR AY.4.1 OR AY.4.2 OR AY.4.2.1 OR AY.4.2.2 OR AY.4.2.3 OR AY.4.2.4 OR AY.4.2.5 OR AY.4.3 OR AY.4.4 OR AY.4.5 OR AY.4.6 OR AY.4.7 OR AY.4.8 OR AY.4.9 OR AY.4.10 OR AY.4.11 OR AY.4.12 OR AY.4.13 OR AY.4.14 OR AY.4.15 OR AY.4.16 OR AY.4.17 OR AY.5 OR AY.5.1 OR AY.5.2 OR AY.5.3 OR AY.5.4 OR AY.5.5 OR AY.5.6 OR AY.5.7 OR AY.6 OR AY.7 OR AY.7.1 OR AY.7.2 OR AY.8 OR AY.9 OR AY.9.2 OR AY.9.2.1 OR AY.9.2.2 OR AY.10 OR AY.11 OR AY.13 OR AY.14 OR AY.15 OR AY.16 OR AY.16.1 OR AY.17 OR AY.18 OR AY.19 OR AY.20 OR AY.20.1 OR AY.21 OR AY.22 OR AY.23 OR AY.23.1 OR AY.23.2 OR AY.24 OR AY.24.1 OR AY.25 OR AY.25.1 OR AY.25.1.1 OR AY.25.1.2 OR AY.25.2 OR AY.25.3 OR AY.26 OR AY.26.1 OR AY.27 OR AY.28 OR AY.29 OR AY.29.1 OR AY.29.2 OR AY.30 OR AY.31 OR AY.32 OR AY.33 OR AY.33.1 OR AY.33.2 OR AY.34 OR AY.34.1 OR AY.34.1.1 OR AY.34.2 OR AY.35 OR AY.36 OR AY.36.1 OR AY.37 OR AY.38 OR AY.39 OR AY.39.1 OR AY.39.1.1 OR AY.39.1.2 OR AY.39.1.3 OR AY.39.1.4 OR AY.39.2 OR AY.39.3 OR AY.40 OR AY.41 OR AY.42 OR AY.42.1 OR AY.43 OR AY.43.1 OR AY.43.2 OR AY.43.3 OR AY.43.4 OR AY.43.5 OR AY.43.6 OR AY.43.7 OR AY.43.8 OR AY.43.9 OR AY.44 OR AY.45 OR AY.46 OR AY.46.1 OR AY.46.2 OR AY.46.3 OR AY.46.4 OR AY.46.5 OR AY.46.6 OR AY.46.6.1 OR AY.47 OR AY.48 OR AY.49 OR AY.50 OR AY.51 OR AY.52 OR AY.53 OR AY.54 OR AY.55 OR AY.56 OR AY.57 OR AY.58 OR AY.59 OR AY.60 OR AY.61 OR AY.62 OR AY.63 OR AY.64 OR AY.65 OR AY.66 OR AY.67 OR AY.68 OR AY.69 OR AY.70 OR AY.71 OR AY.72 OR AY.73 OR AY.74 OR AY.75 OR AY.75.2 OR AY.75.3 OR AY.76 OR AY.77 OR AY.78 OR AY.79 OR AY.80 OR AY.81 OR AY.82 OR AY.83 OR AY.84 OR AY.85 OR AY.86 OR AY.87 OR AY.88 OR AY.90 OR AY.91 OR AY.91.1 OR AY.92 OR AY.93 OR AY.94 OR AY.95 OR AY.98 OR AY.98.1 OR AY.98.1.1 OR AY.99 OR AY.99.1 OR AY.99.2 OR AY.100 OR AY.101 OR AY.102 OR AY.102.1 OR AY.102.2 OR AY.103 OR AY.103.1 OR AY.103.2 OR AY.104 OR AY.105 OR AY.106 OR AY.107 OR AY.108 OR AY.109 OR AY.110 OR AY.111 OR AY.112 OR AY.112.1 OR AY.112.2 OR AY.112.3 OR AY.113 OR AY.114 OR AY.116 OR AY.116.1 OR AY.117 OR AY.118 OR AY.119 OR AY.119.1 OR AY.119.2 OR AY.120 OR AY.120.1 OR AY.120.2 OR AY.120.2.1 OR AY.121 OR AY.121.1 OR AY.122 OR AY.122.1 OR AY.122.2 OR AY.122.3 OR AY.122.4 OR AY.122.5 OR AY.122.6 OR AY.123 OR AY.123.1 OR AY.124 OR AY.124.1 OR AY.124.1.1 OR AY.125 OR AY.125.1 OR AY.126 OR AY.127 OR AY.127.1 OR AY.127.2 OR AY.127.3 OR AY.128 OR AY.129 OR AY.130 OR AY.131 OR AY.132 OR AY.133 OR AY.134 OR B.1.617.2,Delta,,,
2021-03-17,4,0,3.33333333333333,0,0,0.000150636025436569,0.53558324304295,AY.1 OR AY.2 OR AY.3 OR AY.3.1 OR AY.3.2 OR AY.3.3 OR AY.3.4 OR AY.4 OR AY.4.1 OR AY.4.2 OR AY.4.2.1 OR AY.4.2.2 OR AY.4.2.3 OR AY.4.2.4 OR AY.4.2.5 OR AY.4.3 OR AY.4.4 OR AY.4.5 OR AY.4.6 OR AY.4.7 OR AY.4.8 OR AY.4.9 OR AY.4.10 OR AY.4.11 OR AY.4.12 OR AY.4.13 OR AY.4.14 OR AY.4.15 OR AY.4.16 OR AY.4.17 OR AY.5 OR AY.5.1 OR AY.5.2 OR AY.5.3 OR AY.5.4 OR AY.5.5 OR AY.5.6 OR AY.5.7 OR AY.6 OR AY.7 OR AY.7.1 OR AY.7.2 OR AY.8 OR AY.9 OR AY.9.2 OR AY.9.2.1 OR AY.9.2.2 OR AY.10 OR AY.11 OR AY.13 OR AY.14 OR AY.15 OR AY.16 OR AY.16.1 OR AY.17 OR AY.18 OR AY.19 OR AY.20 OR AY.20.1 OR AY.21 OR AY.22 OR AY.23 OR AY.23.1 OR AY.23.2 OR AY.24 OR AY.24.1 OR AY.25 OR AY.25.1 OR AY.25.1.1 OR AY.25.1.2 OR AY.25.2 OR AY.25.3 OR AY.26 OR AY.26.1 OR AY.27 OR AY.28 OR AY.29 OR AY.29.1 OR AY.29.2 OR AY.30 OR AY.31 OR AY.32 OR AY.33 OR AY.33.1 OR AY.33.2 OR AY.34 OR AY.34.1 OR AY.34.1.1 OR AY.34.2 OR AY.35 OR AY.36 OR AY.36.1 OR AY.37 OR AY.38 OR AY.39 OR AY.39.1 OR AY.39.1.1 OR AY.39.1.2 OR AY.39.1.3 OR AY.39.1.4 OR AY.39.2 OR AY.39.3 OR AY.40 OR AY.41 OR AY.42 OR AY.42.1 OR AY.43 OR AY.43.1 OR AY.43.2 OR AY.43.3 OR AY.43.4 OR AY.43.5 OR AY.43.6 OR AY.43.7 OR AY.43.8 OR AY.43.9 OR AY.44 OR AY.45 OR AY.46 OR AY.46.1 OR AY.46.2 OR AY.46.3 OR AY.46.4 OR AY.46.5 OR AY.46.6 OR AY.46.6.1 OR AY.47 OR AY.48 OR AY.49 OR AY.50 OR AY.51 OR AY.52 OR AY.53 OR AY.54 OR AY.55 OR AY.56 OR AY.57 OR AY.58 OR AY.59 OR AY.60 OR AY.61 OR AY.62 OR AY.63 OR AY.64 OR AY.65 OR AY.66 OR AY.67 OR AY.68 OR AY.69 OR AY.70 OR AY.71 OR AY.72 OR AY.73 OR AY.74 OR AY.75 OR AY.75.2 OR AY.75.3 OR AY.76 OR AY.77 OR AY.78 OR AY.79 OR AY.80 OR AY.81 OR AY.82 OR AY.83 OR AY.84 OR AY.85 OR AY.86 OR AY.87 OR AY.88 OR AY.90 OR AY.91 OR AY.91.1 OR AY.92 OR AY.93 OR AY.94 OR AY.95 OR AY.98 OR AY.98.1 OR AY.98.1.1 OR AY.99 OR AY.99.1 OR AY.99.2 OR AY.100 OR AY.101 OR AY.102 OR AY.102.1 OR AY.102.2 OR AY.103 OR AY.103.1 OR AY.103.2 OR AY.104 OR AY.105 OR AY.106 OR AY.107 OR AY.108 OR AY.109 OR AY.110 OR AY.111 OR AY.112 OR AY.112.1 OR AY.112.2 OR AY.112.3 OR AY.113 OR AY.114 OR AY.116 OR AY.116.1 OR AY.117 OR AY.118 OR AY.119 OR AY.119.1 OR AY.119.2 OR AY.120 OR AY.120.1 OR AY.120.2 OR AY.120.2.1 OR AY.121 OR AY.121.1 OR AY.122 OR AY.122.1 OR AY.122.2 OR AY.122.3 OR AY.122.4 OR AY.122.5 OR AY.122.6 OR AY.123 OR AY.123.1 OR AY.124 OR AY.124.1 OR AY.124.1.1 OR AY.125 OR AY.125.1 OR AY.126 OR AY.127 OR AY.127.1 OR AY.127.2 OR AY.127.3 OR AY.128 OR AY.129 OR AY.130 OR AY.131 OR AY.132 OR AY.133 OR AY.134 OR B.1.617.2,Delta,,,
2021-03-18,5,0,4,0,0,0.000115332788238275,0.44476261765764,AY.1 OR AY.2 OR AY.3 OR AY.3.1 OR AY.3.2 OR AY.3.3 OR AY.3.4 OR AY.4 OR AY.4.1 OR AY.4.2 OR AY.4.2.1 OR AY.4.2.2 OR AY.4.2.3 OR AY.4.2.4 OR AY.4.2.5 OR AY.4.3 OR AY.4.4 OR AY.4.5 OR AY.4.6 OR AY.4.7 OR AY.4.8 OR AY.4.9 OR AY.4.10 OR AY.4.11 OR AY.4.12 OR AY.4.13 OR AY.4.14 OR AY.4.15 OR AY.4.16 OR AY.4.17 OR AY.5 OR AY.5.1 OR AY.5.2 OR AY.5.3 OR AY.5.4 OR AY.5.5 OR AY.5.6 OR AY.5.7 OR AY.6 OR AY.7 OR AY.7.1 OR AY.7.2 OR AY.8 OR AY.9 OR AY.9.2 OR AY.9.2.1 OR AY.9.2.2 OR AY.10 OR AY.11 OR AY.13 OR AY.14 OR AY.15 OR AY.16 OR AY.16.1 OR AY.17 OR AY.18 OR AY.19 OR AY.20 OR AY.20.1 OR AY.21 OR AY.22 OR AY.23 OR AY.23.1 OR AY.23.2 OR AY.24 OR AY.24.1 OR AY.25 OR AY.25.1 OR AY.25.1.1 OR AY.25.1.2 OR AY.25.2 OR AY.25.3 OR AY.26 OR AY.26.1 OR AY.27 OR AY.28 OR AY.29 OR AY.29.1 OR AY.29.2 OR AY.30 OR AY.31 OR AY.32 OR AY.33 OR AY.33.1 OR AY.33.2 OR AY.34 OR AY.34.1 OR AY.34.1.1 OR AY.34.2 OR AY.35 OR AY.36 OR AY.36.1 OR AY.37 OR AY.38 OR AY.39 OR AY.39.1 OR AY.39.1.1 OR AY.39.1.2 OR AY.39.1.3 OR AY.39.1.4 OR AY.39.2 OR AY.39.3 OR AY.40 OR AY.41 OR AY.42 OR AY.42.1 OR AY.43 OR AY.43.1 OR AY.43.2 OR AY.43.3 OR AY.43.4 OR AY.43.5 OR AY.43.6 OR AY.43.7 OR AY.43.8 OR AY.43.9 OR AY.44 OR AY.45 OR AY.46 OR AY.46.1 OR AY.46.2 OR AY.46.3 OR AY.46.4 OR AY.46.5 OR AY.46.6 OR AY.46.6.1 OR AY.47 OR AY.48 OR AY.49 OR AY.50 OR AY.51 OR AY.52 OR AY.53 OR AY.54 OR AY.55 OR AY.56 OR AY.57 OR AY.58 OR AY.59 OR AY.60 OR AY.61 OR AY.62 OR AY.63 OR AY.64 OR AY.65 OR AY.66 OR AY.67 OR AY.68 OR AY.69 OR AY.70 OR AY.71 OR AY.72 OR AY.73 OR AY.74 OR AY.75 OR AY.75.2 OR AY.75.3 OR AY.76 OR AY.77 OR AY.78 OR AY.79 OR AY.80 OR AY.81 OR AY.82 OR AY.83 OR AY.84 OR AY.85 OR AY.86 OR AY.87 OR AY.88 OR AY.90 OR AY.91 OR AY.91.1 OR AY.92 OR AY.93 OR AY.94 OR AY.95 OR AY.98 OR AY.98.1 OR AY.98.1.1 OR AY.99 OR AY.99.1 OR AY.99.2 OR AY.100 OR AY.101 OR AY.102 OR AY.102.1 OR AY.102.2 OR AY.103 OR AY.103.1 OR AY.103.2 OR AY.104 OR AY.105 OR AY.106 OR AY.107 OR AY.108 OR AY.109 OR AY.110 OR AY.111 OR AY.112 OR AY.112.1 OR AY.112.2 OR AY.112.3 OR AY.113 OR AY.114 OR AY.116 OR AY.116.1 OR AY.117 OR AY.118 OR AY.119 OR AY.119.1 OR AY.119.2 OR AY.120 OR AY.120.1 OR AY.120.2 OR AY.120.2.1 OR AY.121 OR AY.121.1 OR AY.122 OR AY.122.1 OR AY.122.2 OR AY.122.3 OR AY.122.4 OR AY.122.5 OR AY.122.6 OR AY.123 OR AY.123.1 OR AY.124 OR AY.124.1 OR AY.124.1.1 OR AY.125 OR AY.125.1 OR AY.126 OR AY.127 OR AY.127.1 OR AY.127.2 OR AY.127.3 OR AY.128 OR AY.129 OR AY.130 OR AY.131 OR AY.132 OR AY.133 OR AY.134 OR B.1.617.2,Delta,3.14285714285714,0.0714285714285714,0.0227272727272727
2021-03-19,13,0,5.28571428571429,0,0,9.34206000395449e-05,0.379377142299039,AY.1 OR AY.2 OR AY.3 OR AY.3.1 OR AY.3.2 OR AY.3.3 OR AY.3.4 OR AY.4 OR AY.4.1 OR AY.4.2 OR AY.4.2.1 OR AY.4.2.2 OR AY.4.2.3 OR AY.4.2.4 OR AY.4.2.5 OR AY.4.3 OR AY.4.4 OR AY.4.5 OR AY.4.6 OR AY.4.7 OR AY.4.8 OR AY.4.9 OR AY.4.10 OR AY.4.11 OR AY.4.12 OR AY.4.13 OR AY.4.14 OR AY.4.15 OR AY.4.16 OR AY.4.17 OR AY.5 OR AY.5.1 OR AY.5.2 OR AY.5.3 OR AY.5.4 OR AY.5.5 OR AY.5.6 OR AY.5.7 OR AY.6 OR AY.7 OR AY.7.1 OR AY.7.2 OR AY.8 OR AY.9 OR AY.9.2 OR AY.9.2.1 OR AY.9.2.2 OR AY.10 OR AY.11 OR AY.13 OR AY.14 OR AY.15 OR AY.16 OR AY.16.1 OR AY.17 OR AY.18 OR AY.19 OR AY.20 OR AY.20.1 OR AY.21 OR AY.22 OR AY.23 OR AY.23.1 OR AY.23.2 OR AY.24 OR AY.24.1 OR AY.25 OR AY.25.1 OR AY.25.1.1 OR AY.25.1.2 OR AY.25.2 OR AY.25.3 OR AY.26 OR AY.26.1 OR AY.27 OR AY.28 OR AY.29 OR AY.29.1 OR AY.29.2 OR AY.30 OR AY.31 OR AY.32 OR AY.33 OR AY.33.1 OR AY.33.2 OR AY.34 OR AY.34.1 OR AY.34.1.1 OR AY.34.2 OR AY.35 OR AY.36 OR AY.36.1 OR AY.37 OR AY.38 OR AY.39 OR AY.39.1 OR AY.39.1.1 OR AY.39.1.2 OR AY.39.1.3 OR AY.39.1.4 OR AY.39.2 OR AY.39.3 OR AY.40 OR AY.41 OR AY.42 OR AY.42.1 OR AY.43 OR AY.43.1 OR AY.43.2 OR AY.43.3 OR AY.43.4 OR AY.43.5 OR AY.43.6 OR AY.43.7 OR AY.43.8 OR AY.43.9 OR AY.44 OR AY.45 OR AY.46 OR AY.46.1 OR AY.46.2 OR AY.46.3 OR AY.46.4 OR AY.46.5 OR AY.46.6 OR AY.46.6.1 OR AY.47 OR AY.48 OR AY.49 OR AY.50 OR AY.51 OR AY.52 OR AY.53 OR AY.54 OR AY.55 OR AY.56 OR AY.57 OR AY.58 OR AY.59 OR AY.60 OR AY.61 OR AY.62 OR AY.63 OR AY.64 OR AY.65 OR AY.66 OR AY.67 OR AY.68 OR AY.69 OR AY.70 OR AY.71 OR AY.72 OR AY.73 OR AY.74 OR AY.75 OR AY.75.2 OR AY.75.3 OR AY.76 OR AY.77 OR AY.78 OR AY.79 OR AY.80 OR AY.81 OR AY.82 OR AY.83 OR AY.84 OR AY.85 OR AY.86 OR AY.87 OR AY.88 OR AY.90 OR AY.91 OR AY.91.1 OR AY.92 OR AY.93 OR AY.94 OR AY.95 OR AY.98 OR AY.98.1 OR AY.98.1.1 OR AY.99 OR AY.99.1 OR AY.99.2 OR AY.100 OR AY.101 OR AY.102 OR AY.102.1 OR AY.102.2 OR AY.103 OR AY.103.1 OR AY.103.2 OR AY.104 OR AY.105 OR AY.106 OR AY.107 OR AY.108 OR AY.109 OR AY.110 OR AY.111 OR AY.112 OR AY.112.1 OR AY.112.2 OR AY.112.3 OR AY.113 OR AY.114 OR AY.116 OR AY.116.1 OR AY.117 OR AY.118 OR AY.119 OR AY.119.1 OR AY.119.2 OR AY.120 OR AY.120.1 OR AY.120.2 OR AY.120.2.1 OR AY.121 OR AY.121.1 OR AY.122 OR AY.122.1 OR AY.122.2 OR AY.122.3 OR AY.122.4 OR AY.122.5 OR AY.122.6 OR AY.123 OR AY.123.1 OR AY.124 OR AY.124.1 OR AY.124.1.1 OR AY.125 OR AY.125.1 OR AY.126 OR AY.127 OR AY.127.1 OR AY.127.2 OR AY.127.3 OR AY.128 OR AY.129 OR AY.130 OR AY.131 OR AY.132 OR AY.133 OR AY.134 OR B.1.617.2,Delta,3.78571428571429,0,0
2021-03-20,6,0,6,0,0,7.84998483662082e-05,0.33038890915155,AY.1 OR AY.2 OR AY.3 OR AY.3.1 OR AY.3.2 OR AY.3.3 OR AY.3.4 OR AY.4 OR AY.4.1 OR AY.4.2 OR AY.4.2.1 OR AY.4.2.2 OR AY.4.2.3 OR AY.4.2.4 OR AY.4.2.5 OR AY.4.3 OR AY.4.4 OR AY.4.5 OR AY.4.6 OR AY.4.7 OR AY.4.8 OR AY.4.9 OR AY.4.10 OR AY.4.11 OR AY.4.12 OR AY.4.13 OR AY.4.14 OR AY.4.15 OR AY.4.16 OR AY.4.17 OR AY.5 OR AY.5.1 OR AY.5.2 OR AY.5.3 OR AY.5.4 OR AY.5.5 OR AY.5.6 OR AY.5.7 OR AY.6 OR AY.7 OR AY.7.1 OR AY.7.2 OR AY.8 OR AY.9 OR AY.9.2 OR AY.9.2.1 OR AY.9.2.2 OR AY.10 OR AY.11 OR AY.13 OR AY.14 OR AY.15 OR AY.16 OR AY.16.1 OR AY.17 OR AY.18 OR AY.19 OR AY.20 OR AY.20.1 OR AY.21 OR AY.22 OR AY.23 OR AY.23.1 OR AY.23.2 OR AY.24 OR AY.24.1 OR AY.25 OR AY.25.1 OR AY.25.1.1 OR AY.25.1.2 OR AY.25.2 OR AY.25.3 OR AY.26 OR AY.26.1 OR AY.27 OR AY.28 OR AY.29 OR AY.29.1 OR AY.29.2 OR AY.30 OR AY.31 OR AY.32 OR AY.33 OR AY.33.1 OR AY.33.2 OR AY.34 OR AY.34.1 OR AY.34.1.1 OR AY.34.2 OR AY.35 OR AY.36 OR AY.36.1 OR AY.37 OR AY.38 OR AY.39 OR AY.39.1 OR AY.39.1.1 OR AY.39.1.2 OR AY.39.1.3 OR AY.39.1.4 OR AY.39.2 OR AY.39.3 OR AY.40 OR AY.41 OR AY.42 OR AY.42.1 OR AY.43 OR AY.43.1 OR AY.43.2 OR AY.43.3 OR AY.43.4 OR AY.43.5 OR AY.43.6 OR AY.43.7 OR AY.43.8 OR AY.43.9 OR AY.44 OR AY.45 OR AY.46 OR AY.46.1 OR AY.46.2 OR AY.46.3 OR AY.46.4 OR AY.46.5 OR AY.46.6 OR AY.46.6.1 OR AY.47 OR AY.48 OR AY.49 OR AY.50 OR AY.51 OR AY.52 OR AY.53 OR AY.54 OR AY.55 OR AY.56 OR AY.57 OR AY.58 OR AY.59 OR AY.60 OR AY.61 OR AY.62 OR AY.63 OR AY.64 OR AY.65 OR AY.66 OR AY.67 OR AY.68 OR AY.69 OR AY.70 OR AY.71 OR AY.72 OR AY.73 OR AY.74 OR AY.75 OR AY.75.2 OR AY.75.3 OR AY.76 OR AY.77 OR AY.78 OR AY.79 OR AY.80 OR AY.81 OR AY.82 OR AY.83 OR AY.84 OR AY.85 OR AY.86 OR AY.87 OR AY.88 OR AY.90 OR AY.91 OR AY.91.1 OR AY.92 OR AY.93 OR AY.94 OR AY.95 OR AY.98 OR AY.98.1 OR AY.98.1.1 OR AY.99 OR AY.99.1 OR AY.99.2 OR AY.100 OR AY.101 OR AY.102 OR AY.102.1 OR AY.102.2 OR AY.103 OR AY.103.1 OR AY.103.2 OR AY.104 OR AY.105 OR AY.106 OR AY.107 OR AY.108 OR AY.109 OR AY.110 OR AY.111 OR AY.112 OR AY.112.1 OR AY.112.2 OR AY.112.3 OR AY.113 OR AY.114 OR AY.116 OR AY.116.1 OR AY.117 OR AY.118 OR AY.119 OR AY.119.1 OR AY.119.2 OR AY.120 OR AY.120.1 OR AY.120.2 OR AY.120.2.1 OR AY.121 OR AY.121.1 OR AY.122 OR AY.122.1 OR AY.122.2 OR AY.122.3 OR AY.122.4 OR AY.122.5 OR AY.122.6 OR AY.123 OR AY.123.1 OR AY.124 OR AY.124.1 OR AY.124.1.1 OR AY.125 OR AY.125.1 OR AY.126 OR AY.127 OR AY.127.1 OR AY.127.2 OR AY.127.3 OR AY.128 OR AY.129 OR AY.130 OR AY.131 OR AY.132 OR AY.133 OR AY.134 OR B.1.617.2,Delta,4.07142857142857,0,0
2021-03-21,3,0,6.14285714285714,0,0,7.84998483662082e-05,0.33038890915155,AY.1 OR AY.2 OR AY.3 OR AY.3.1 OR AY.3.2 OR AY.3.3 OR AY.3.4 OR AY.4 OR AY.4.1 OR AY.4.2 OR AY.4.2.1 OR AY.4.2.2 OR AY.4.2.3 OR AY.4.2.4 OR AY.4.2.5 OR AY.4.3 OR AY.4.4 OR AY.4.5 OR AY.4.6 OR AY.4.7 OR AY.4.8 OR AY.4.9 OR AY.4.10 OR AY.4.11 OR AY.4.12 OR AY.4.13 OR AY.4.14 OR AY.4.15 OR AY.4.16 OR AY.4.17 OR AY.5 OR AY.5.1 OR AY.5.2 OR AY.5.3 OR AY.5.4 OR AY.5.5 OR AY.5.6 OR AY.5.7 OR AY.6 OR AY.7 OR AY.7.1 OR AY.7.2 OR AY.8 OR AY.9 OR AY.9.2 OR AY.9.2.1 OR AY.9.2.2 OR AY.10 OR AY.11 OR AY.13 OR AY.14 OR AY.15 OR AY.16 OR AY.16.1 OR AY.17 OR AY.18 OR AY.19 OR AY.20 OR AY.20.1 OR AY.21 OR AY.22 OR AY.23 OR AY.23.1 OR AY.23.2 OR AY.24 OR AY.24.1 OR AY.25 OR AY.25.1 OR AY.25.1.1 OR AY.25.1.2 OR AY.25.2 OR AY.25.3 OR AY.26 OR AY.26.1 OR AY.27 OR AY.28 OR AY.29 OR AY.29.1 OR AY.29.2 OR AY.30 OR AY.31 OR AY.32 OR AY.33 OR AY.33.1 OR AY.33.2 OR AY.34 OR AY.34.1 OR AY.34.1.1 OR AY.34.2 OR AY.35 OR AY.36 OR AY.36.1 OR AY.37 OR AY.38 OR AY.39 OR AY.39.1 OR AY.39.1.1 OR AY.39.1.2 OR AY.39.1.3 OR AY.39.1.4 OR AY.39.2 OR AY.39.3 OR AY.40 OR AY.41 OR AY.42 OR AY.42.1 OR AY.43 OR AY.43.1 OR AY.43.2 OR AY.43.3 OR AY.43.4 OR AY.43.5 OR AY.43.6 OR AY.43.7 OR AY.43.8 OR AY.43.9 OR AY.44 OR AY.45 OR AY.46 OR AY.46.1 OR AY.46.2 OR AY.46.3 OR AY.46.4 OR AY.46.5 OR AY.46.6 OR AY.46.6.1 OR AY.47 OR AY.48 OR AY.49 OR AY.50 OR AY.51 OR AY.52 OR AY.53 OR AY.54 OR AY.55 OR AY.56 OR AY.57 OR AY.58 OR AY.59 OR AY.60 OR AY.61 OR AY.62 OR AY.63 OR AY.64 OR AY.65 OR AY.66 OR AY.67 OR AY.68 OR AY.69 OR AY.70 OR AY.71 OR AY.72 OR AY.73 OR AY.74 OR AY.75 OR AY.75.2 OR AY.75.3 OR AY.76 OR AY.77 OR AY.78 OR AY.79 OR AY.80 OR AY.81 OR AY.82 OR AY.83 OR AY.84 OR AY.85 OR AY.86 OR AY.87 OR AY.88 OR AY.90 OR AY.91 OR AY.91.1 OR AY.92 OR AY.93 OR AY.94 OR AY.95 OR AY.98 OR AY.98.1 OR AY.98.1.1 OR AY.99 OR AY.99.1 OR AY.99.2 OR AY.100 OR AY.101 OR AY.102 OR AY.102.1 OR AY.102.2 OR AY.103 OR AY.103.1 OR AY.103.2 OR AY.104 OR AY.105 OR AY.106 OR AY.107 OR AY.108 OR AY.109 OR AY.110 OR AY.111 OR AY.112 OR AY.112.1 OR AY.112.2 OR AY.112.3 OR AY.113 OR AY.114 OR AY.116 OR AY.116.1 OR AY.117 OR AY.118 OR AY.119 OR AY.119.1 OR AY.119.2 OR AY.120 OR AY.120.1 OR AY.120.2 OR AY.120.2.1 OR AY.121 OR AY.121.1 OR AY.122 OR AY.122.1 OR AY.122.2 OR AY.122.3 OR AY.122.4 OR AY.122.5 OR AY.122.6 OR AY.123 OR AY.123.1 OR AY.124 OR AY.124.1 OR AY.124.1.1 OR AY.125 OR AY.125.1 OR AY.126 OR AY.127 OR AY.127.1 OR AY.127.2 OR AY.127.3 OR AY.128 OR AY.129 OR AY.130 OR AY.131 OR AY.132 OR AY.133 OR AY.134 OR B.1.617.2,Delta,4.14285714285714,0,0
2021-03-22,2,0,5.14285714285714,0,0,9.34206000395449e-05,0.379377142299039,AY.1 OR AY.2 OR AY.3 OR AY.3.1 OR AY.3.2 OR AY.3.3 OR AY.3.4 OR AY.4 OR AY.4.1 OR AY.4.2 OR AY.4.2.1 OR AY.4.2.2 OR AY.4.2.3 OR AY.4.2.4 OR AY.4.2.5 OR AY.4.3 OR AY.4.4 OR AY.4.5 OR AY.4.6 OR AY.4.7 OR AY.4.8 OR AY.4.9 OR AY.4.10 OR AY.4.11 OR AY.4.12 OR AY.4.13 OR AY.4.14 OR AY.4.15 OR AY.4.16 OR AY.4.17 OR AY.5 OR AY.5.1 OR AY.5.2 OR AY.5.3 OR AY.5.4 OR AY.5.5 OR AY.5.6 OR AY.5.7 OR AY.6 OR AY.7 OR AY.7.1 OR AY.7.2 OR AY.8 OR AY.9 OR AY.9.2 OR AY.9.2.1 OR AY.9.2.2 OR AY.10 OR AY.11 OR AY.13 OR AY.14 OR AY.15 OR AY.16 OR AY.16.1 OR AY.17 OR AY.18 OR AY.19 OR AY.20 OR AY.20.1 OR AY.21 OR AY.22 OR AY.23 OR AY.23.1 OR AY.23.2 OR AY.24 OR AY.24.1 OR AY.25 OR AY.25.1 OR AY.25.1.1 OR AY.25.1.2 OR AY.25.2 OR AY.25.3 OR AY.26 OR AY.26.1 OR AY.27 OR AY.28 OR AY.29 OR AY.29.1 OR AY.29.2 OR AY.30 OR AY.31 OR AY.32 OR AY.33 OR AY.33.1 OR AY.33.2 OR AY.34 OR AY.34.1 OR AY.34.1.1 OR AY.34.2 OR AY.35 OR AY.36 OR AY.36.1 OR AY.37 OR AY.38 OR AY.39 OR AY.39.1 OR AY.39.1.1 OR AY.39.1.2 OR AY.39.1.3 OR AY.39.1.4 OR AY.39.2 OR AY.39.3 OR AY.40 OR AY.41 OR AY.42 OR AY.42.1 OR AY.43 OR AY.43.1 OR AY.43.2 OR AY.43.3 OR AY.43.4 OR AY.43.5 OR AY.43.6 OR AY.43.7 OR AY.43.8 OR AY.43.9 OR AY.44 OR AY.45 OR AY.46 OR AY.46.1 OR AY.46.2 OR AY.46.3 OR AY.46.4 OR AY.46.5 OR AY.46.6 OR AY.46.6.1 OR AY.47 OR AY.48 OR AY.49 OR AY.50 OR AY.51 OR AY.52 OR AY.53 OR AY.54 OR AY.55 OR AY.56 OR AY.57 OR AY.58 OR AY.59 OR AY.60 OR AY.61 OR AY.62 OR AY.63 OR AY.64 OR AY.65 OR AY.66 OR AY.67 OR AY.68 OR AY.69 OR AY.70 OR AY.71 OR AY.72 OR AY.73 OR AY.74 OR AY.75 OR AY.75.2 OR AY.75.3 OR AY.76 OR AY.77 OR AY.78 OR AY.79 OR AY.80 OR AY.81 OR AY.82 OR AY.83 OR AY.84 OR AY.85 OR AY.86 OR AY.87 OR AY.88 OR AY.90 OR AY.91 OR AY.91.1 OR AY.92 OR AY.93 OR AY.94 OR AY.95 OR AY.98 OR AY.98.1 OR AY.98.1.1 OR AY.99 OR AY.99.1 OR AY.99.2 OR AY.100 OR AY.101 OR AY.102 OR AY.102.1 OR AY.102.2 OR AY.103 OR AY.103.1 OR AY.103.2 OR AY.104 OR AY.105 OR AY.106 OR AY.107 OR AY.108 OR AY.109 OR AY.110 OR AY.111 OR AY.112 OR AY.112.1 OR AY.112.2 OR AY.112.3 OR AY.113 OR AY.114 OR AY.116 OR AY.116.1 OR AY.117 OR AY.118 OR AY.119 OR AY.119.1 OR AY.119.2 OR AY.120 OR AY.120.1 OR AY.120.2 OR AY.120.2.1 OR AY.121 OR AY.121.1 OR AY.122 OR AY.122.1 OR AY.122.2 OR AY.122.3 OR AY.122.4 OR AY.122.5 OR AY.122.6 OR AY.123 OR AY.123.1 OR AY.124 OR AY.124.1 OR AY.124.1.1 OR AY.125 OR AY.125.1 OR AY.126 OR AY.127 OR AY.127.1 OR AY.127.2 OR AY.127.3 OR AY.128 OR AY.129 OR AY.130 OR AY.131 OR AY.132 OR AY.133 OR AY.134 OR B.1.617.2,Delta,4.07142857142857,0,0
2021-03-23,2,0,5,0,0,9.34206000395449e-05,0.379377142299039,AY.1 OR AY.2 OR AY.3 OR AY.3.1 OR AY.3.2 OR AY.3.3 OR AY.3.4 OR AY.4 OR AY.4.1 OR AY.4.2 OR AY.4.2.1 OR AY.4.2.2 OR AY.4.2.3 OR AY.4.2.4 OR AY.4.2.5 OR AY.4.3 OR AY.4.4 OR AY.4.5 OR AY.4.6 OR AY.4.7 OR AY.4.8 OR AY.4.9 OR AY.4.10 OR AY.4.11 OR AY.4.12 OR AY.4.13 OR AY.4.14 OR AY.4.15 OR AY.4.16 OR AY.4.17 OR AY.5 OR AY.5.1 OR AY.5.2 OR AY.5.3 OR AY.5.4 OR AY.5.5 OR AY.5.6 OR AY.5.7 OR AY.6 OR AY.7 OR AY.7.1 OR AY.7.2 OR AY.8 OR AY.9 OR AY.9.2 OR AY.9.2.1 OR AY.9.2.2 OR AY.10 OR AY.11 OR AY.13 OR AY.14 OR AY.15 OR AY.16 OR AY.16.1 OR AY.17 OR AY.18 OR AY.19 OR AY.20 OR AY.20.1 OR AY.21 OR AY.22 OR AY.23 OR AY.23.1 OR AY.23.2 OR AY.24 OR AY.24.1 OR AY.25 OR AY.25.1 OR AY.25.1.1 OR AY.25.1.2 OR AY.25.2 OR AY.25.3 OR AY.26 OR AY.26.1 OR AY.27 OR AY.28 OR AY.29 OR AY.29.1 OR AY.29.2 OR AY.30 OR AY.31 OR AY.32 OR AY.33 OR AY.33.1 OR AY.33.2 OR AY.34 OR AY.34.1 OR AY.34.1.1 OR AY.34.2 OR AY.35 OR AY.36 OR AY.36.1 OR AY.37 OR AY.38 OR AY.39 OR AY.39.1 OR AY.39.1.1 OR AY.39.1.2 OR AY.39.1.3 OR AY.39.1.4 OR AY.39.2 OR AY.39.3 OR AY.40 OR AY.41 OR AY.42 OR AY.42.1 OR AY.43 OR AY.43.1 OR AY.43.2 OR AY.43.3 OR AY.43.4 OR AY.43.5 OR AY.43.6 OR AY.43.7 OR AY.43.8 OR AY.43.9 OR AY.44 OR AY.45 OR AY.46 OR AY.46.1 OR AY.46.2 OR AY.46.3 OR AY.46.4 OR AY.46.5 OR AY.46.6 OR AY.46.6.1 OR AY.47 OR AY.48 OR AY.49 OR AY.50 OR AY.51 OR AY.52 OR AY.53 OR AY.54 OR AY.55 OR AY.56 OR AY.57 OR AY.58 OR AY.59 OR AY.60 OR AY.61 OR AY.62 OR AY.63 OR AY.64 OR AY.65 OR AY.66 OR AY.67 OR AY.68 OR AY.69 OR AY.70 OR AY.71 OR AY.72 OR AY.73 OR AY.74 OR AY.75 OR AY.75.2 OR AY.75.3 OR AY.76 OR AY.77 OR AY.78 OR AY.79 OR AY.80 OR AY.81 OR AY.82 OR AY.83 OR AY.84 OR AY.85 OR AY.86 OR AY.87 OR AY.88 OR AY.90 OR AY.91 OR AY.91.1 OR AY.92 OR AY.93 OR AY.94 OR AY.95 OR AY.98 OR AY.98.1 OR AY.98.1.1 OR AY.99 OR AY.99.1 OR AY.99.2 OR AY.100 OR AY.101 OR AY.102 OR AY.102.1 OR AY.102.2 OR AY.103 OR AY.103.1 OR AY.103.2 OR AY.104 OR AY.105 OR AY.106 OR AY.107 OR AY.108 OR AY.109 OR AY.110 OR AY.111 OR AY.112 OR AY.112.1 OR AY.112.2 OR AY.112.3 OR AY.113 OR AY.114 OR AY.116 OR AY.116.1 OR AY.117 OR AY.118 OR AY.119 OR AY.119.1 OR AY.119.2 OR AY.120 OR AY.120.1 OR AY.120.2 OR AY.120.2.1 OR AY.121 OR AY.121.1 OR AY.122 OR AY.122.1 OR AY.122.2 OR AY.122.3 OR AY.122.4 OR AY.122.5 OR AY.122.6 OR AY.123 OR AY.123.1 OR AY.124 OR AY.124.1 OR AY.124.1.1 OR AY.125 OR AY.125.1 OR AY.126 OR AY.127 OR AY.127.1 OR AY.127.2 OR AY.127.3 OR AY.128 OR AY.129 OR AY.130 OR AY.131 OR AY.132 OR AY.133 OR AY.134 OR B.1.617.2,Delta,4,0,0
2021-03-24,1,0,4.57142857142857,0,0,9.34206000395449e-05,0.379377142299039,AY.1 OR AY.2 OR AY.3 OR AY.3.1 OR AY.3.2 OR AY.3.3 OR AY.3.4 OR AY.4 OR AY.4.1 OR AY.4.2 OR AY.4.2.1 OR AY.4.2.2 OR AY.4.2.3 OR AY.4.2.4 OR AY.4.2.5 OR AY.4.3 OR AY.4.4 OR AY.4.5 OR AY.4.6 OR AY.4.7 OR AY.4.8 OR AY.4.9 OR AY.4.10 OR AY.4.11 OR AY.4.12 OR AY.4.13 OR AY.4.14 OR AY.4.15 OR AY.4.16 OR AY.4.17 OR AY.5 OR AY.5.1 OR AY.5.2 OR AY.5.3 OR AY.5.4 OR AY.5.5 OR AY.5.6 OR AY.5.7 OR AY.6 OR AY.7 OR AY.7.1 OR AY.7.2 OR AY.8 OR AY.9 OR AY.9.2 OR AY.9.2.1 OR AY.9.2.2 OR AY.10 OR AY.11 OR AY.13 OR AY.14 OR AY.15 OR AY.16 OR AY.16.1 OR AY.17 OR AY.18 OR AY.19 OR AY.20 OR AY.20.1 OR AY.21 OR AY.22 OR AY.23 OR AY.23.1 OR AY.23.2 OR AY.24 OR AY.24.1 OR AY.25 OR AY.25.1 OR AY.25.1.1 OR AY.25.1.2 OR AY.25.2 OR AY.25.3 OR AY.26 OR AY.26.1 OR AY.27 OR AY.28 OR AY.29 OR AY.29.1 OR AY.29.2 OR AY.30 OR AY.31 OR AY.32 OR AY.33 OR AY.33.1 OR AY.33.2 OR AY.34 OR AY.34.1 OR AY.34.1.1 OR AY.34.2 OR AY.35 OR AY.36 OR AY.36.1 OR AY.37 OR AY.38 OR AY.39 OR AY.39.1 OR AY.39.1.1 OR AY.39.1.2 OR AY.39.1.3 OR AY.39.1.4 OR AY.39.2 OR AY.39.3 OR AY.40 OR AY.41 OR AY.42 OR AY.42.1 OR AY.43 OR AY.43.1 OR AY.43.2 OR AY.43.3 OR AY.43.4 OR AY.43.5 OR AY.43.6 OR AY.43.7 OR AY.43.8 OR AY.43.9 OR AY.44 OR AY.45 OR AY.46 OR AY.46.1 OR AY.46.2 OR AY.46.3 OR AY.46.4 OR AY.46.5 OR AY.46.6 OR AY.46.6.1 OR AY.47 OR AY.48 OR AY.49 OR AY.50 OR AY.51 OR AY.52 OR AY.53 OR AY.54 OR AY.55 OR AY.56 OR AY.57 OR AY.58 OR AY.59 OR AY.60 OR AY.61 OR AY.62 OR AY.63 OR AY.64 OR AY.65 OR AY.66 OR AY.67 OR AY.68 OR AY.69 OR AY.70 OR AY.71 OR AY.72 OR AY.73 OR AY.74 OR AY.75 OR AY.75.2 OR AY.75.3 OR AY.76 OR AY.77 OR AY.78 OR AY.79 OR AY.80 OR AY.81 OR AY.82 OR AY.83 OR AY.84 OR AY.85 OR AY.86 OR AY.87 OR AY.88 OR AY.90 OR AY.91 OR AY.91.1 OR AY.92 OR AY.93 OR AY.94 OR AY.95 OR AY.98 OR AY.98.1 OR AY.98.1.1 OR AY.99 OR AY.99.1 OR AY.99.2 OR AY.100 OR AY.101 OR AY.102 OR AY.102.1 OR AY.102.2 OR AY.103 OR AY.103.1 OR AY.103.2 OR AY.104 OR AY.105 OR AY.106 OR AY.107 OR AY.108 OR AY.109 OR AY.110 OR AY.111 OR AY.112 OR AY.112.1 OR AY.112.2 OR AY.112.3 OR AY.113 OR AY.114 OR AY.116 OR AY.116.1 OR AY.117 OR AY.118 OR AY.119 OR AY.119.1 OR AY.119.2 OR AY.120 OR AY.120.1 OR AY.120.2 OR AY.120.2.1 OR AY.121 OR AY.121.1 OR AY.122 OR AY.122.1 OR AY.122.2 OR AY.122.3 OR AY.122.4 OR AY.122.5 OR AY.122.6 OR AY.123 OR AY.123.1 OR AY.124 OR AY.124.1 OR AY.124.1.1 OR AY.125 OR AY.125.1 OR AY.126 OR AY.127 OR AY.127.1 OR AY.127.2 OR AY.127.3 OR AY.128 OR AY.129 OR AY.130 OR AY.131 OR AY.132 OR AY.133 OR AY.134 OR B.1.617.2,Delta,3.78571428571429,0,0
2021-03-25,2,0,4.14285714285714,0,0,0.000115332788238275,0.44476261765764,AY.1 OR AY.2 OR AY.3 OR AY.3.1 OR AY.3.2 OR AY.3.3 OR AY.3.4 OR AY.4 OR AY.4.1 OR AY.4.2 OR AY.4.2.1 OR AY.4.2.2 OR AY.4.2.3 OR AY.4.2.4 OR AY.4.2.5 OR AY.4.3 OR AY.4.4 OR AY.4.5 OR AY.4.6 OR AY.4.7 OR AY.4.8 OR AY.4.9 OR AY.4.10 OR AY.4.11 OR AY.4.12 OR AY.4.13 OR AY.4.14 OR AY.4.15 OR AY.4.16 OR AY.4.17 OR AY.5 OR AY.5.1 OR AY.5.2 OR AY.5.3 OR AY.5.4 OR AY.5.5 OR AY.5.6 OR AY.5.7 OR AY.6 OR AY.7 OR AY.7.1 OR AY.7.2 OR AY.8 OR AY.9 OR AY.9.2 OR AY.9.2.1 OR AY.9.2.2 OR AY.10 OR AY.11 OR AY.13 OR AY.14 OR AY.15 OR AY.16 OR AY.16.1 OR AY.17 OR AY.18 OR AY.19 OR AY.20 OR AY.20.1 OR AY.21 OR AY.22 OR AY.23 OR AY.23.1 OR AY.23.2 OR AY.24 OR AY.24.1 OR AY.25 OR AY.25.1 OR AY.25.1.1 OR AY.25.1.2 OR AY.25.2 OR AY.25.3 OR AY.26 OR AY.26.1 OR AY.27 OR AY.28 OR AY.29 OR AY.29.1 OR AY.29.2 OR AY.30 OR AY.31 OR AY.32 OR AY.33 OR AY.33.1 OR AY.33.2 OR AY.34 OR AY.34.1 OR AY.34.1.1 OR AY.34.2 OR AY.35 OR AY.36 OR AY.36.1 OR AY.37 OR AY.38 OR AY.39 OR AY.39.1 OR AY.39.1.1 OR AY.39.1.2 OR AY.39.1.3 OR AY.39.1.4 OR AY.39.2 OR AY.39.3 OR AY.40 OR AY.41 OR AY.42 OR AY.42.1 OR AY.43 OR AY.43.1 OR AY.43.2 OR AY.43.3 OR AY.43.4 OR AY.43.5 OR AY.43.6 OR AY.43.7 OR AY.43.8 OR AY.43.9 OR AY.44 OR AY.45 OR AY.46 OR AY.46.1 OR AY.46.2 OR AY.46.3 OR AY.46.4 OR AY.46.5 OR AY.46.6 OR AY.46.6.1 OR AY.47 OR AY.48 OR AY.49 OR AY.50 OR AY.51 OR AY.52 OR AY.53 OR AY.54 OR AY.55 OR AY.56 OR AY.57 OR AY.58 OR AY.59 OR AY.60 OR AY.61 OR AY.62 OR AY.63 OR AY.64 OR AY.65 OR AY.66 OR AY.67 OR AY.68 OR AY.69 OR AY.70 OR AY.71 OR AY.72 OR AY.73 OR AY.74 OR AY.75 OR AY.75.2 OR AY.75.3 OR AY.76 OR AY.77 OR AY.78 OR AY.79 OR AY.80 OR AY.81 OR AY.82 OR AY.83 OR AY.84 OR AY.85 OR AY.86 OR AY.87 OR AY.88 OR AY.90 OR AY.91 OR AY.91.1 OR AY.92 OR AY.93 OR AY.94 OR AY.95 OR AY.98 OR AY.98.1 OR AY.98.1.1 OR AY.99 OR AY.99.1 OR AY.99.2 OR AY.100 OR AY.101 OR AY.102 OR AY.102.1 OR AY.102.2 OR AY.103 OR AY.103.1 OR AY.103.2 OR AY.104 OR AY.105 OR AY.106 OR AY.107 OR AY.108 OR AY.109 OR AY.110 OR AY.111 OR AY.112 OR AY.112.1 OR AY.112.2 OR AY.112.3 OR AY.113 OR AY.114 OR AY.116 OR AY.116.1 OR AY.117 OR AY.118 OR AY.119 OR AY.119.1 OR AY.119.2 OR AY.120 OR AY.120.1 OR AY.120.2 OR AY.120.2.1 OR AY.121 OR AY.121.1 OR AY.122 OR AY.122.1 OR AY.122.2 OR AY.122.3 OR AY.122.4 OR AY.122.5 OR AY.122.6 OR AY.123 OR AY.123.1 OR AY.124 OR AY.124.1 OR AY.124.1.1 OR AY.125 OR AY.125.1 OR AY.126 OR AY.127 OR AY.127.1 OR AY.127.2 OR AY.127.3 OR AY.128 OR AY.129 OR AY.130 OR AY.131 OR AY.132 OR AY.133 OR AY.134 OR B.1.617.2,Delta,3.85714285714286,0,0
2021-03-30,4,0,2.33333333333333,0,0,0.000216908470030966,0.666821754401209,AY.1 OR AY.2 OR AY.3 OR AY.3.1 OR AY.3.2 OR AY.3.3 OR AY.3.4 OR AY.4 OR AY.4.1 OR AY.4.2 OR AY.4.2.1 OR AY.4.2.2 OR AY.4.2.3 OR AY.4.2.4 OR AY.4.2.5 OR AY.4.3 OR AY.4.4 OR AY.4.5 OR AY.4.6 OR AY.4.7 OR AY.4.8 OR AY.4.9 OR AY.4.10 OR AY.4.11 OR AY.4.12 OR AY.4.13 OR AY.4.14 OR AY.4.15 OR AY.4.16 OR AY.4.17 OR AY.5 OR AY.5.1 OR AY.5.2 OR AY.5.3 OR AY.5.4 OR AY.5.5 OR AY.5.6 OR AY.5.7 OR AY.6 OR AY.7 OR AY.7.1 OR AY.7.2 OR AY.8 OR AY.9 OR AY.9.2 OR AY.9.2.1 OR AY.9.2.2 OR AY.10 OR AY.11 OR AY.13 OR AY.14 OR AY.15 OR AY.16 OR AY.16.1 OR AY.17 OR AY.18 OR AY.19 OR AY.20 OR AY.20.1 OR AY.21 OR AY.22 OR AY.23 OR AY.23.1 OR AY.23.2 OR AY.24 OR AY.24.1 OR AY.25 OR AY.25.1 OR AY.25.1.1 OR AY.25.1.2 OR AY.25.2 OR AY.25.3 OR AY.26 OR AY.26.1 OR AY.27 OR AY.28 OR AY.29 OR AY.29.1 OR AY.29.2 OR AY.30 OR AY.31 OR AY.32 OR AY.33 OR AY.33.1 OR AY.33.2 OR AY.34 OR AY.34.1 OR AY.34.1.1 OR AY.34.2 OR AY.35 OR AY.36 OR AY.36.1 OR AY.37 OR AY.38 OR AY.39 OR AY.39.1 OR AY.39.1.1 OR AY.39.1.2 OR AY.39.1.3 OR AY.39.1.4 OR AY.39.2 OR AY.39.3 OR AY.40 OR AY.41 OR AY.42 OR AY.42.1 OR AY.43 OR AY.43.1 OR AY.43.2 OR AY.43.3 OR AY.43.4 OR AY.43.5 OR AY.43.6 OR AY.43.7 OR AY.43.8 OR AY.43.9 OR AY.44 OR AY.45 OR AY.46 OR AY.46.1 OR AY.46.2 OR AY.46.3 OR AY.46.4 OR AY.46.5 OR AY.46.6 OR AY.46.6.1 OR AY.47 OR AY.48 OR AY.49 OR AY.50 OR AY.51 OR AY.52 OR AY.53 OR AY.54 OR AY.55 OR AY.56 OR AY.57 OR AY.58 OR AY.59 OR AY.60 OR AY.61 OR AY.62 OR AY.63 OR AY.64 OR AY.65 OR AY.66 OR AY.67 OR AY.68 OR AY.69 OR AY.70 OR AY.71 OR AY.72 OR AY.73 OR AY.74 OR AY.75 OR AY.75.2 OR AY.75.3 OR AY.76 OR AY.77 OR AY.78 OR AY.79 OR AY.80 OR AY.81 OR AY.82 OR AY.83 OR AY.84 OR AY.85 OR AY.86 OR AY.87 OR AY.88 OR AY.90 OR AY.91 OR AY.91.1 OR AY.92 OR AY.93 OR AY.94 OR AY.95 OR AY.98 OR AY.98.1 OR AY.98.1.1 OR AY.99 OR AY.99.1 OR AY.99.2 OR AY.100 OR AY.101 OR AY.102 OR AY.102.1 OR AY.102.2 OR AY.103 OR AY.103.1 OR AY.103.2 OR AY.104 OR AY.105 OR AY.106 OR AY.107 OR AY.108 OR AY.109 OR AY.110 OR AY.111 OR AY.112 OR AY.112.1 OR AY.112.2 OR AY.112.3 OR AY.113 OR AY.114 OR AY.116 OR AY.116.1 OR AY.117 OR AY.118 OR AY.119 OR AY.119.1 OR AY.119.2 OR AY.120 OR AY.120.1 OR AY.120.2 OR AY.120.2.1 OR AY.121 OR AY.121.1 OR AY.122 OR AY.122.1 OR AY.122.2 OR AY.122.3 OR AY.122.4 OR AY.122.5 OR AY.122.6 OR AY.123 OR AY.123.1 OR AY.124 OR AY.124.1 OR AY.124.1.1 OR AY.125 OR AY.125.1 OR AY.126 OR AY.127 OR AY.127.1 OR AY.127.2 OR AY.127.3 OR AY.128 OR AY.129 OR AY.130 OR AY.131 OR AY.132 OR AY.133 OR AY.134 OR B.1.617.2,Delta,4.07142857142857,0,0
2021-04-03,2,0,3,0,0,0.000150636025436569,0.53558324304295,AY.1 OR AY.2 OR AY.3 OR AY.3.1 OR AY.3.2 OR AY.3.3 OR AY.3.4 OR AY.4 OR AY.4.1 OR AY.4.2 OR AY.4.2.1 OR AY.4.2.2 OR AY.4.2.3 OR AY.4.2.4 OR AY.4.2.5 OR AY.4.3 OR AY.4.4 OR AY.4.5 OR AY.4.6 OR AY.4.7 OR AY.4.8 OR AY.4.9 OR AY.4.10 OR AY.4.11 OR AY.4.12 OR AY.4.13 OR AY.4.14 OR AY.4.15 OR AY.4.16 OR AY.4.17 OR AY.5 OR AY.5.1 OR AY.5.2 OR AY.5.3 OR AY.5.4 OR AY.5.5 OR AY.5.6 OR AY.5.7 OR AY.6 OR AY.7 OR AY.7.1 OR AY.7.2 OR AY.8 OR AY.9 OR AY.9.2 OR AY.9.2.1 OR AY.9.2.2 OR AY.10 OR AY.11 OR AY.13 OR AY.14 OR AY.15 OR AY.16 OR AY.16.1 OR AY.17 OR AY.18 OR AY.19 OR AY.20 OR AY.20.1 OR AY.21 OR AY.22 OR AY.23 OR AY.23.1 OR AY.23.2 OR AY.24 OR AY.24.1 OR AY.25 OR AY.25.1 OR AY.25.1.1 OR AY.25.1.2 OR AY.25.2 OR AY.25.3 OR AY.26 OR AY.26.1 OR AY.27 OR AY.28 OR AY.29 OR AY.29.1 OR AY.29.2 OR AY.30 OR AY.31 OR AY.32 OR AY.33 OR AY.33.1 OR AY.33.2 OR AY.34 OR AY.34.1 OR AY.34.1.1 OR AY.34.2 OR AY.35 OR AY.36 OR AY.36.1 OR AY.37 OR AY.38 OR AY.39 OR AY.39.1 OR AY.39.1.1 OR AY.39.1.2 OR AY.39.1.3 OR AY.39.1.4 OR AY.39.2 OR AY.39.3 OR AY.40 OR AY.41 OR AY.42 OR AY.42.1 OR AY.43 OR AY.43.1 OR AY.43.2 OR AY.43.3 OR AY.43.4 OR AY.43.5 OR AY.43.6 OR AY.43.7 OR AY.43.8 OR AY.43.9 OR AY.44 OR AY.45 OR AY.46 OR AY.46.1 OR AY.46.2 OR AY.46.3 OR AY.46.4 OR AY.46.5 OR AY.46.6 OR AY.46.6.1 OR AY.47 OR AY.48 OR AY.49 OR AY.50 OR AY.51 OR AY.52 OR AY.53 OR AY.54 OR AY.55 OR AY.56 OR AY.57 OR AY.58 OR AY.59 OR AY.60 OR AY.61 OR AY.62 OR AY.63 OR AY.64 OR AY.65 OR AY.66 OR AY.67 OR AY.68 OR AY.69 OR AY.70 OR AY.71 OR AY.72 OR AY.73 OR AY.74 OR AY.75 OR AY.75.2 OR AY.75.3 OR AY.76 OR AY.77 OR AY.78 OR AY.79 OR AY.80 OR AY.81 OR AY.82 OR AY.83 OR AY.84 OR AY.85 OR AY.86 OR AY.87 OR AY.88 OR AY.90 OR AY.91 OR AY.91.1 OR AY.92 OR AY.93 OR AY.94 OR AY.95 OR AY.98 OR AY.98.1 OR AY.98.1.1 OR AY.99 OR AY.99.1 OR AY.99.2 OR AY.100 OR AY.101 OR AY.102 OR AY.102.1 OR AY.102.2 OR AY.103 OR AY.103.1 OR AY.103.2 OR AY.104 OR AY.105 OR AY.106 OR AY.107 OR AY.108 OR AY.109 OR AY.110 OR AY.111 OR AY.112 OR AY.112.1 OR AY.112.2 OR AY.112.3 OR AY.113 OR AY.114 OR AY.116 OR AY.116.1 OR AY.117 OR AY.118 OR AY.119 OR AY.119.1 OR AY.119.2 OR AY.120 OR AY.120.1 OR AY.120.2 OR AY.120.2.1 OR AY.121 OR AY.121.1 OR AY.122 OR AY.122.1 OR AY.122.2 OR AY.122.3 OR AY.122.4 OR AY.122.5 OR AY.122.6 OR AY.123 OR AY.123.1 OR AY.124 OR AY.124.1 OR AY.124.1.1 OR AY.125 OR AY.125.1 OR AY.126 OR AY.127 OR AY.127.1 OR AY.127.2 OR AY.127.3 OR AY.128 OR AY.129 OR AY.130 OR AY.131 OR AY.132 OR AY.133 OR AY.134 OR B.1.617.2,Delta,4.14285714285714,0,0
2021-04-05,3,0,3,0,0,0.000150636025436569,0.53558324304295,AY.1 OR AY.2 OR AY.3 OR AY.3.1 OR AY.3.2 OR AY.3.3 OR AY.3.4 OR AY.4 OR AY.4.1 OR AY.4.2 OR AY.4.2.1 OR AY.4.2.2 OR AY.4.2.3 OR AY.4.2.4 OR AY.4.2.5 OR AY.4.3 OR AY.4.4 OR AY.4.5 OR AY.4.6 OR AY.4.7 OR AY.4.8 OR AY.4.9 OR AY.4.10 OR AY.4.11 OR AY.4.12 OR AY.4.13 OR AY.4.14 OR AY.4.15 OR AY.4.16 OR AY.4.17 OR AY.5 OR AY.5.1 OR AY.5.2 OR AY.5.3 OR AY.5.4 OR AY.5.5 OR AY.5.6 OR AY.5.7 OR AY.6 OR AY.7 OR AY.7.1 OR AY.7.2 OR AY.8 OR AY.9 OR AY.9.2 OR AY.9.2.1 OR AY.9.2.2 OR AY.10 OR AY.11 OR AY.13 OR AY.14 OR AY.15 OR AY.16 OR AY.16.1 OR AY.17 OR AY.18 OR AY.19 OR AY.20 OR AY.20.1 OR AY.21 OR AY.22 OR AY.23 OR AY.23.1 OR AY.23.2 OR AY.24 OR AY.24.1 OR AY.25 OR AY.25.1 OR AY.25.1.1 OR AY.25.1.2 OR AY.25.2 OR AY.25.3 OR AY.26 OR AY.26.1 OR AY.27 OR AY.28 OR AY.29 OR AY.29.1 OR AY.29.2 OR AY.30 OR AY.31 OR AY.32 OR AY.33 OR AY.33.1 OR AY.33.2 OR AY.34 OR AY.34.1 OR AY.34.1.1 OR AY.34.2 OR AY.35 OR AY.36 OR AY.36.1 OR AY.37 OR AY.38 OR AY.39 OR AY.39.1 OR AY.39.1.1 OR AY.39.1.2 OR AY.39.1.3 OR AY.39.1.4 OR AY.39.2 OR AY.39.3 OR AY.40 OR AY.41 OR AY.42 OR AY.42.1 OR AY.43 OR AY.43.1 OR AY.43.2 OR AY.43.3 OR AY.43.4 OR AY.43.5 OR AY.43.6 OR AY.43.7 OR AY.43.8 OR AY.43.9 OR AY.44 OR AY.45 OR AY.46 OR AY.46.1 OR AY.46.2 OR AY.46.3 OR AY.46.4 OR AY.46.5 OR AY.46.6 OR AY.46.6.1 OR AY.47 OR AY.48 OR AY.49 OR AY.50 OR AY.51 OR AY.52 OR AY.53 OR AY.54 OR AY.55 OR AY.56 OR AY.57 OR AY.58 OR AY.59 OR AY.60 OR AY.61 OR AY.62 OR AY.63 OR AY.64 OR AY.65 OR AY.66 OR AY.67 OR AY.68 OR AY.69 OR AY.70 OR AY.71 OR AY.72 OR AY.73 OR AY.74 OR AY.75 OR AY.75.2 OR AY.75.3 OR AY.76 OR AY.77 OR AY.78 OR AY.79 OR AY.80 OR AY.81 OR AY.82 OR AY.83 OR AY.84 OR AY.85 OR AY.86 OR AY.87 OR AY.88 OR AY.90 OR AY.91 OR AY.91.1 OR AY.92 OR AY.93 OR AY.94 OR AY.95 OR AY.98 OR AY.98.1 OR AY.98.1.1 OR AY.99 OR AY.99.1 OR AY.99.2 OR AY.100 OR AY.101 OR AY.102 OR AY.102.1 OR AY.102.2 OR AY.103 OR AY.103.1 OR AY.103.2 OR AY.104 OR AY.105 OR AY.106 OR AY.107 OR AY.108 OR AY.109 OR AY.110 OR AY.111 OR AY.112 OR AY.112.1 OR AY.112.2 OR AY.112.3 OR AY.113 OR AY.114 OR AY.116 OR AY.116.1 OR AY.117 OR AY.118 OR AY.119 OR AY.119.1 OR AY.119.2 OR AY.120 OR AY.120.1 OR AY.120.2 OR AY.120.2.1 OR AY.121 OR AY.121.1 OR AY.122 OR AY.122.1 OR AY.122.2 OR AY.122.3 OR AY.122.4 OR AY.122.5 OR AY.122.6 OR AY.123 OR AY.123.1 OR AY.124 OR AY.124.1 OR AY.124.1.1 OR AY.125 OR AY.125.1 OR AY.126 OR AY.127 OR AY.127.1 OR AY.127.2 OR AY.127.3 OR AY.128 OR AY.129 OR AY.130 OR AY.131 OR AY.132 OR AY.133 OR AY.134 OR B.1.617.2,Delta,4.21428571428571,0,0
2021-04-07,4,0,3,0,0,0.000150636025436569,0.53558324304295,AY.1 OR AY.2 OR AY.3 OR AY.3.1 OR AY.3.2 OR AY.3.3 OR AY.3.4 OR AY.4 OR AY.4.1 OR AY.4.2 OR AY.4.2.1 OR AY.4.2.2 OR AY.4.2.3 OR AY.4.2.4 OR AY.4.2.5 OR AY.4.3 OR AY.4.4 OR AY.4.5 OR AY.4.6 OR AY.4.7 OR AY.4.8 OR AY.4.9 OR AY.4.10 OR AY.4.11 OR AY.4.12 OR AY.4.13 OR AY.4.14 OR AY.4.15 OR AY.4.16 OR AY.4.17 OR AY.5 OR AY.5.1 OR AY.5.2 OR AY.5.3 OR AY.5.4 OR AY.5.5 OR AY.5.6 OR AY.5.7 OR AY.6 OR AY.7 OR AY.7.1 OR AY.7.2 OR AY.8 OR AY.9 OR AY.9.2 OR AY.9.2.1 OR AY.9.2.2 OR AY.10 OR AY.11 OR AY.13 OR AY.14 OR AY.15 OR AY.16 OR AY.16.1 OR AY.17 OR AY.18 OR AY.19 OR AY.20 OR AY.20.1 OR AY.21 OR AY.22 OR AY.23 OR AY.23.1 OR AY.23.2 OR AY.24 OR AY.24.1 OR AY.25 OR AY.25.1 OR AY.25.1.1 OR AY.25.1.2 OR AY.25.2 OR AY.25.3 OR AY.26 OR AY.26.1 OR AY.27 OR AY.28 OR AY.29 OR AY.29.1 OR AY.29.2 OR AY.30 OR AY.31 OR AY.32 OR AY.33 OR AY.33.1 OR AY.33.2 OR AY.34 OR AY.34.1 OR AY.34.1.1 OR AY.34.2 OR AY.35 OR AY.36 OR AY.36.1 OR AY.37 OR AY.38 OR AY.39 OR AY.39.1 OR AY.39.1.1 OR AY.39.1.2 OR AY.39.1.3 OR AY.39.1.4 OR AY.39.2 OR AY.39.3 OR AY.40 OR AY.41 OR AY.42 OR AY.42.1 OR AY.43 OR AY.43.1 OR AY.43.2 OR AY.43.3 OR AY.43.4 OR AY.43.5 OR AY.43.6 OR AY.43.7 OR AY.43.8 OR AY.43.9 OR AY.44 OR AY.45 OR AY.46 OR AY.46.1 OR AY.46.2 OR AY.46.3 OR AY.46.4 OR AY.46.5 OR AY.46.6 OR AY.46.6.1 OR AY.47 OR AY.48 OR AY.49 OR AY.50 OR AY.51 OR AY.52 OR AY.53 OR AY.54 OR AY.55 OR AY.56 OR AY.57 OR AY.58 OR AY.59 OR AY.60 OR AY.61 OR AY.62 OR AY.63 OR AY.64 OR AY.65 OR AY.66 OR AY.67 OR AY.68 OR AY.69 OR AY.70 OR AY.71 OR AY.72 OR AY.73 OR AY.74 OR AY.75 OR AY.75.2 OR AY.75.3 OR AY.76 OR AY.77 OR AY.78 OR AY.79 OR AY.80 OR AY.81 OR AY.82 OR AY.83 OR AY.84 OR AY.85 OR AY.86 OR AY.87 OR AY.88 OR AY.90 OR AY.91 OR AY.91.1 OR AY.92 OR AY.93 OR AY.94 OR AY.95 OR AY.98 OR AY.98.1 OR AY.98.1.1 OR AY.99 OR AY.99.1 OR AY.99.2 OR AY.100 OR AY.101 OR AY.102 OR AY.102.1 OR AY.102.2 OR AY.103 OR AY.103.1 OR AY.103.2 OR AY.104 OR AY.105 OR AY.106 OR AY.107 OR AY.108 OR AY.109 OR AY.110 OR AY.111 OR AY.112 OR AY.112.1 OR AY.112.2 OR AY.112.3 OR AY.113 OR AY.114 OR AY.116 OR AY.116.1 OR AY.117 OR AY.118 OR AY.119 OR AY.119.1 OR AY.119.2 OR AY.120 OR AY.120.1 OR AY.120.2 OR AY.120.2.1 OR AY.121 OR AY.121.1 OR AY.122 OR AY.122.1 OR AY.122.2 OR AY.122.3 OR AY.122.4 OR AY.122.5 OR AY.122.6 OR AY.123 OR AY.123.1 OR AY.124 OR AY.124.1 OR AY.124.1.1 OR AY.125 OR AY.125.1 OR AY.126 OR AY.127 OR AY.127.1 OR AY.127.2 OR AY.127.3 OR AY.128 OR AY.129 OR AY.130 OR AY.131 OR AY.132 OR AY.133 OR AY.134 OR B.1.617.2,Delta,3.85714285714286,0,0
2021-04-08,1,0,2.5,0,0,0.000216908470030966,0.666821754401209,AY.1 OR AY.2 OR AY.3 OR AY.3.1 OR AY.3.2 OR AY.3.3 OR AY.3.4 OR AY.4 OR AY.4.1 OR AY.4.2 OR AY.4.2.1 OR AY.4.2.2 OR AY.4.2.3 OR AY.4.2.4 OR AY.4.2.5 OR AY.4.3 OR AY.4.4 OR AY.4.5 OR AY.4.6 OR AY.4.7 OR AY.4.8 OR AY.4.9 OR AY.4.10 OR AY.4.11 OR AY.4.12 OR AY.4.13 OR AY.4.14 OR AY.4.15 OR AY.4.16 OR AY.4.17 OR AY.5 OR AY.5.1 OR AY.5.2 OR AY.5.3 OR AY.5.4 OR AY.5.5 OR AY.5.6 OR AY.5.7 OR AY.6 OR AY.7 OR AY.7.1 OR AY.7.2 OR AY.8 OR AY.9 OR AY.9.2 OR AY.9.2.1 OR AY.9.2.2 OR AY.10 OR AY.11 OR AY.13 OR AY.14 OR AY.15 OR AY.16 OR AY.16.1 OR AY.17 OR AY.18 OR AY.19 OR AY.20 OR AY.20.1 OR AY.21 OR AY.22 OR AY.23 OR AY.23.1 OR AY.23.2 OR AY.24 OR AY.24.1 OR AY.25 OR AY.25.1 OR AY.25.1.1 OR AY.25.1.2 OR AY.25.2 OR AY.25.3 OR AY.26 OR AY.26.1 OR AY.27 OR AY.28 OR AY.29 OR AY.29.1 OR AY.29.2 OR AY.30 OR AY.31 OR AY.32 OR AY.33 OR AY.33.1 OR AY.33.2 OR AY.34 OR AY.34.1 OR AY.34.1.1 OR AY.34.2 OR AY.35 OR AY.36 OR AY.36.1 OR AY.37 OR AY.38 OR AY.39 OR AY.39.1 OR AY.39.1.1 OR AY.39.1.2 OR AY.39.1.3 OR AY.39.1.4 OR AY.39.2 OR AY.39.3 OR AY.40 OR AY.41 OR AY.42 OR AY.42.1 OR AY.43 OR AY.43.1 OR AY.43.2 OR AY.43.3 OR AY.43.4 OR AY.43.5 OR AY.43.6 OR AY.43.7 OR AY.43.8 OR AY.43.9 OR AY.44 OR AY.45 OR AY.46 OR AY.46.1 OR AY.46.2 OR AY.46.3 OR AY.46.4 OR AY.46.5 OR AY.46.6 OR AY.46.6.1 OR AY.47 OR AY.48 OR AY.49 OR AY.50 OR AY.51 OR AY.52 OR AY.53 OR AY.54 OR AY.55 OR AY.56 OR AY.57 OR AY.58 OR AY.59 OR AY.60 OR AY.61 OR AY.62 OR AY.63 OR AY.64 OR AY.65 OR AY.66 OR AY.67 OR AY.68 OR AY.69 OR AY.70 OR AY.71 OR AY.72 OR AY.73 OR AY.74 OR AY.75 OR AY.75.2 OR AY.75.3 OR AY.76 OR AY.77 OR AY.78 OR AY.79 OR AY.80 OR AY.81 OR AY.82 OR AY.83 OR AY.84 OR AY.85 OR AY.86 OR AY.87 OR AY.88 OR AY.90 OR AY.91 OR AY.91.1 OR AY.92 OR AY.93 OR AY.94 OR AY.95 OR AY.98 OR AY.98.1 OR AY.98.1.1 OR AY.99 OR AY.99.1 OR AY.99.2 OR AY.100 OR AY.101 OR AY.102 OR AY.102.1 OR AY.102.2 OR AY.103 OR AY.103.1 OR AY.103.2 OR AY.104 OR AY.105 OR AY.106 OR AY.107 OR AY.108 OR AY.109 OR AY.110 OR AY.111 OR AY.112 OR AY.112.1 OR AY.112.2 OR AY.112.3 OR AY.113 OR AY.114 OR AY.116 OR AY.116.1 OR AY.117 OR AY.118 OR AY.119 OR AY.119.1 OR AY.119.2 OR AY.120 OR AY.120.1 OR AY.120.2 OR AY.120.2.1 OR AY.121 OR AY.121.1 OR AY.122 OR AY.122.1 OR AY.122.2 OR AY.122.3 OR AY.122.4 OR AY.122.5 OR AY.122.6 OR AY.123 OR AY.123.1 OR AY.124 OR AY.124.1 OR AY.124.1.1 OR AY.125 OR AY.125.1 OR AY.126 OR AY.127 OR AY.127.1 OR AY.127.2 OR AY.127.3 OR AY.128 OR AY.129 OR AY.130 OR AY.131 OR AY.132 OR AY.133 OR AY.134 OR B.1.617.2,Delta,3.71428571428571,0,0
2021-04-09,2,1,2.4,0.2,0.0833333333333333,0.000216908470030966,0.666821754401209,AY.1 OR AY.2 OR AY.3 OR AY.3.1 OR AY.3.2 OR AY.3.3 OR AY.3.4 OR AY.4 OR AY.4.1 OR AY.4.2 OR AY.4.2.1 OR AY.4.2.2 OR AY.4.2.3 OR AY.4.2.4 OR AY.4.2.5 OR AY.4.3 OR AY.4.4 OR AY.4.5 OR AY.4.6 OR AY.4.7 OR AY.4.8 OR AY.4.9 OR AY.4.10 OR AY.4.11 OR AY.4.12 OR AY.4.13 OR AY.4.14 OR AY.4.15 OR AY.4.16 OR AY.4.17 OR AY.5 OR AY.5.1 OR AY.5.2 OR AY.5.3 OR AY.5.4 OR AY.5.5 OR AY.5.6 OR AY.5.7 OR AY.6 OR AY.7 OR AY.7.1 OR AY.7.2 OR AY.8 OR AY.9 OR AY.9.2 OR AY.9.2.1 OR AY.9.2.2 OR AY.10 OR AY.11 OR AY.13 OR AY.14 OR AY.15 OR AY.16 OR AY.16.1 OR AY.17 OR AY.18 OR AY.19 OR AY.20 OR AY.20.1 OR AY.21 OR AY.22 OR AY.23 OR AY.23.1 OR AY.23.2 OR AY.24 OR AY.24.1 OR AY.25 OR AY.25.1 OR AY.25.1.1 OR AY.25.1.2 OR AY.25.2 OR AY.25.3 OR AY.26 OR AY.26.1 OR AY.27 OR AY.28 OR AY.29 OR AY.29.1 OR AY.29.2 OR AY.30 OR AY.31 OR AY.32 OR AY.33 OR AY.33.1 OR AY.33.2 OR AY.34 OR AY.34.1 OR AY.34.1.1 OR AY.34.2 OR AY.35 OR AY.36 OR AY.36.1 OR AY.37 OR AY.38 OR AY.39 OR AY.39.1 OR AY.39.1.1 OR AY.39.1.2 OR AY.39.1.3 OR AY.39.1.4 OR AY.39.2 OR AY.39.3 OR AY.40 OR AY.41 OR AY.42 OR AY.42.1 OR AY.43 OR AY.43.1 OR AY.43.2 OR AY.43.3 OR AY.43.4 OR AY.43.5 OR AY.43.6 OR AY.43.7 OR AY.43.8 OR AY.43.9 OR AY.44 OR AY.45 OR AY.46 OR AY.46.1 OR AY.46.2 OR AY.46.3 OR AY.46.4 OR AY.46.5 OR AY.46.6 OR AY.46.6.1 OR AY.47 OR AY.48 OR AY.49 OR AY.50 OR AY.51 OR AY.52 OR AY.53 OR AY.54 OR AY.55 OR AY.56 OR AY.57 OR AY.58 OR AY.59 OR AY.60 OR AY.61 OR AY.62 OR AY.63 OR AY.64 OR AY.65 OR AY.66 OR AY.67 OR AY.68 OR AY.69 OR AY.70 OR AY.71 OR AY.72 OR AY.73 OR AY.74 OR AY.75 OR AY.75.2 OR AY.75.3 OR AY.76 OR AY.77 OR AY.78 OR AY.79 OR AY.80 OR AY.81 OR AY.82 OR AY.83 OR AY.84 OR AY.85 OR AY.86 OR AY.87 OR AY.88 OR AY.90 OR AY.91 OR AY.91.1 OR AY.92 OR AY.93 OR AY.94 OR AY.95 OR AY.98 OR AY.98.1 OR AY.98.1.1 OR AY.99 OR AY.99.1 OR AY.99.2 OR AY.100 OR AY.101 OR AY.102 OR AY.102.1 OR AY.102.2 OR AY.103 OR AY.103.1 OR AY.103.2 OR AY.104 OR AY.105 OR AY.106 OR AY.107 OR AY.108 OR AY.109 OR AY.110 OR AY.111 OR AY.112 OR AY.112.1 OR AY.112.2 OR AY.112.3 OR AY.113 OR AY.114 OR AY.116 OR AY.116.1 OR AY.117 OR AY.118 OR AY.119 OR AY.119.1 OR AY.119.2 OR AY.120 OR AY.120.1 OR AY.120.2 OR AY.120.2.1 OR AY.121 OR AY.121.1 OR AY.122 OR AY.122.1 OR AY.122.2 OR AY.122.3 OR AY.122.4 OR AY.122.5 OR AY.122.6 OR AY.123 OR AY.123.1 OR AY.124 OR AY.124.1 OR AY.124.1.1 OR AY.125 OR AY.125.1 OR AY.126 OR AY.127 OR AY.127.1 OR AY.127.2 OR AY.127.3 OR AY.128 OR AY.129 OR AY.130 OR AY.131 OR AY.132 OR AY.133 OR AY.134 OR B.1.617.2,Delta,3.57142857142857,0.0714285714285714,0.02
2021-04-12,6,0,3.25,0.25,0.0769230769230769,0.000150636025436569,0.53558324304295,AY.1 OR AY.2 OR AY.3 OR AY.3.1 OR AY.3.2 OR AY.3.3 OR AY.3.4 OR AY.4 OR AY.4.1 OR AY.4.2 OR AY.4.2.1 OR AY.4.2.2 OR AY.4.2.3 OR AY.4.2.4 OR AY.4.2.5 OR AY.4.3 OR AY.4.4 OR AY.4.5 OR AY.4.6 OR AY.4.7 OR AY.4.8 OR AY.4.9 OR AY.4.10 OR AY.4.11 OR AY.4.12 OR AY.4.13 OR AY.4.14 OR AY.4.15 OR AY.4.16 OR AY.4.17 OR AY.5 OR AY.5.1 OR AY.5.2 OR AY.5.3 OR AY.5.4 OR AY.5.5 OR AY.5.6 OR AY.5.7 OR AY.6 OR AY.7 OR AY.7.1 OR AY.7.2 OR AY.8 OR AY.9 OR AY.9.2 OR AY.9.2.1 OR AY.9.2.2 OR AY.10 OR AY.11 OR AY.13 OR AY.14 OR AY.15 OR AY.16 OR AY.16.1 OR AY.17 OR AY.18 OR AY.19 OR AY.20 OR AY.20.1 OR AY.21 OR AY.22 OR AY.23 OR AY.23.1 OR AY.23.2 OR AY.24 OR AY.24.1 OR AY.25 OR AY.25.1 OR AY.25.1.1 OR AY.25.1.2 OR AY.25.2 OR AY.25.3 OR AY.26 OR AY.26.1 OR AY.27 OR AY.28 OR AY.29 OR AY.29.1 OR AY.29.2 OR AY.30 OR AY.31 OR AY.32 OR AY.33 OR AY.33.1 OR AY.33.2 OR AY.34 OR AY.34.1 OR AY.34.1.1 OR AY.34.2 OR AY.35 OR AY.36 OR AY.36.1 OR AY.37 OR AY.38 OR AY.39 OR AY.39.1 OR AY.39.1.1 OR AY.39.1.2 OR AY.39.1.3 OR AY.39.1.4 OR AY.39.2 OR AY.39.3 OR AY.40 OR AY.41 OR AY.42 OR AY.42.1 OR AY.43 OR AY.43.1 OR AY.43.2 OR AY.43.3 OR AY.43.4 OR AY.43.5 OR AY.43.6 OR AY.43.7 OR AY.43.8 OR AY.43.9 OR AY.44 OR AY.45 OR AY.46 OR AY.46.1 OR AY.46.2 OR AY.46.3 OR AY.46.4 OR AY.46.5 OR AY.46.6 OR AY.46.6.1 OR AY.47 OR AY.48 OR AY.49 OR AY.50 OR AY.51 OR AY.52 OR AY.53 OR AY.54 OR AY.55 OR AY.56 OR AY.57 OR AY.58 OR AY.59 OR AY.60 OR AY.61 OR AY.62 OR AY.63 OR AY.64 OR AY.65 OR AY.66 OR AY.67 OR AY.68 OR AY.69 OR AY.70 OR AY.71 OR AY.72 OR AY.73 OR AY.74 OR AY.75 OR AY.75.2 OR AY.75.3 OR AY.76 OR AY.77 OR AY.78 OR AY.79 OR AY.80 OR AY.81 OR AY.82 OR AY.83 OR AY.84 OR AY.85 OR AY.86 OR AY.87 OR AY.88 OR AY.90 OR AY.91 OR AY.91.1 OR AY.92 OR AY.93 OR AY.94 OR AY.95 OR AY.98 OR AY.98.1 OR AY.98.1.1 OR AY.99 OR AY.99.1 OR AY.99.2 OR AY.100 OR AY.101 OR AY.102 OR AY.102.1 OR AY.102.2 OR AY.103 OR AY.103.1 OR AY.103.2 OR AY.104 OR AY.105 OR AY.106 OR AY.107 OR AY.108 OR AY.109 OR AY.110 OR AY.111 OR AY.112 OR AY.112.1 OR AY.112.2 OR AY.112.3 OR AY.113 OR AY.114 OR AY.116 OR AY.116.1 OR AY.117 OR AY.118 OR AY.119 OR AY.119.1 OR AY.119.2 OR AY.120 OR AY.120.1 OR AY.120.2 OR AY.120.2.1 OR AY.121 OR AY.121.1 OR AY.122 OR AY.122.1 OR AY.122.2 OR AY.122.3 OR AY.122.4 OR AY.122.5 OR AY.122.6 OR AY.123 OR AY.123.1 OR AY.124 OR AY.124.1 OR AY.124.1.1 OR AY.125 OR AY.125.1 OR AY.126 OR AY.127 OR AY.127.1 OR AY.127.2 OR AY.127.3 OR AY.128 OR AY.129 OR AY.130 OR AY.131 OR AY.132 OR AY.133 OR AY.134 OR B.1.617.2,Delta,3.64285714285714,0.0714285714285714,0.0196078431372549
2021-04-13,3,0,3.2,0.2,0.0625,0.000150636025436569,0.53558324304295,AY.1 OR AY.2 OR AY.3 OR AY.3.1 OR AY.3.2 OR AY.3.3 OR AY.3.4 OR AY.4 OR AY.4.1 OR AY.4.2 OR AY.4.2.1 OR AY.4.2.2 OR AY.4.2.3 OR AY.4.2.4 OR AY.4.2.5 OR AY.4.3 OR AY.4.4 OR AY.4.5 OR AY.4.6 OR AY.4.7 OR AY.4.8 OR AY.4.9 OR AY.4.10 OR AY.4.11 OR AY.4.12 OR AY.4.13 OR AY.4.14 OR AY.4.15 OR AY.4.16 OR AY.4.17 OR AY.5 OR AY.5.1 OR AY.5.2 OR AY.5.3 OR AY.5.4 OR AY.5.5 OR AY.5.6 OR AY.5.7 OR AY.6 OR AY.7 OR AY.7.1 OR AY.7.2 OR AY.8 OR AY.9 OR AY.9.2 OR AY.9.2.1 OR AY.9.2.2 OR AY.10 OR AY.11 OR AY.13 OR AY.14 OR AY.15 OR AY.16 OR AY.16.1 OR AY.17 OR AY.18 OR AY.19 OR AY.20 OR AY.20.1 OR AY.21 OR AY.22 OR AY.23 OR AY.23.1 OR AY.23.2 OR AY.24 OR AY.24.1 OR AY.25 OR AY.25.1 OR AY.25.1.1 OR AY.25.1.2 OR AY.25.2 OR AY.25.3 OR AY.26 OR AY.26.1 OR AY.27 OR AY.28 OR AY.29 OR AY.29.1 OR AY.29.2 OR AY.30 OR AY.31 OR AY.32 OR AY.33 OR AY.33.1 OR AY.33.2 OR AY.34 OR AY.34.1 OR AY.34.1.1 OR AY.34.2 OR AY.35 OR AY.36 OR AY.36.1 OR AY.37 OR AY.38 OR AY.39 OR AY.39.1 OR AY.39.1.1 OR AY.39.1.2 OR AY.39.1.3 OR AY.39.1.4 OR AY.39.2 OR AY.39.3 OR AY.40 OR AY.41 OR AY.42 OR AY.42.1 OR AY.43 OR AY.43.1 OR AY.43.2 OR AY.43.3 OR AY.43.4 OR AY.43.5 OR AY.43.6 OR AY.43.7 OR AY.43.8 OR AY.43.9 OR AY.44 OR AY.45 OR AY.46 OR AY.46.1 OR AY.46.2 OR AY.46.3 OR AY.46.4 OR AY.46.5 OR AY.46.6 OR AY.46.6.1 OR AY.47 OR AY.48 OR AY.49 OR AY.50 OR AY.51 OR AY.52 OR AY.53 OR AY.54 OR AY.55 OR AY.56 OR AY.57 OR AY.58 OR AY.59 OR AY.60 OR AY.61 OR AY.62 OR AY.63 OR AY.64 OR AY.65 OR AY.66 OR AY.67 OR AY.68 OR AY.69 OR AY.70 OR AY.71 OR AY.72 OR AY.73 OR AY.74 OR AY.75 OR AY.75.2 OR AY.75.3 OR AY.76 OR AY.77 OR AY.78 OR AY.79 OR AY.80 OR AY.81 OR AY.82 OR AY.83 OR AY.84 OR AY.85 OR AY.86 OR AY.87 OR AY.88 OR AY.90 OR AY.91 OR AY.91.1 OR AY.92 OR AY.93 OR AY.94 OR AY.95 OR AY.98 OR AY.98.1 OR AY.98.1.1 OR AY.99 OR AY.99.1 OR AY.99.2 OR AY.100 OR AY.101 OR AY.102 OR AY.102.1 OR AY.102.2 OR AY.103 OR AY.103.1 OR AY.103.2 OR AY.104 OR AY.105 OR AY.106 OR AY.107 OR AY.108 OR AY.109 OR AY.110 OR AY.111 OR AY.112 OR AY.112.1 OR AY.112.2 OR AY.112.3 OR AY.113 OR AY.114 OR AY.116 OR AY.116.1 OR AY.117 OR AY.118 OR AY.119 OR AY.119.1 OR AY.119.2 OR AY.120 OR AY.120.1 OR AY.120.2 OR AY.120.2.1 OR AY.121 OR AY.121.1 OR AY.122 OR AY.122.1 OR AY.122.2 OR AY.122.3 OR AY.122.4 OR AY.122.5 OR AY.122.6 OR AY.123 OR AY.123.1 OR AY.124 OR AY.124.1 OR AY.124.1.1 OR AY.125 OR AY.125.1 OR AY.126 OR AY.127 OR AY.127.1 OR AY.127.2 OR AY.127.3 OR AY.128 OR AY.129 OR AY.130 OR AY.131 OR AY.132 OR AY.133 OR AY.134 OR B.1.617.2,Delta,2.92857142857143,0.0714285714285714,0.024390243902439
2021-04-16,8,0,5.66666666666667,0,0,7.84998483662082e-05,0.33038890915155,AY.1 OR AY.2 OR AY.3 OR AY.3.1 OR AY.3.2 OR AY.3.3 OR AY.3.4 OR AY.4 OR AY.4.1 OR AY.4.2 OR AY.4.2.1 OR AY.4.2.2 OR AY.4.2.3 OR AY.4.2.4 OR AY.4.2.5 OR AY.4.3 OR AY.4.4 OR AY.4.5 OR AY.4.6 OR AY.4.7 OR AY.4.8 OR AY.4.9 OR AY.4.10 OR AY.4.11 OR AY.4.12 OR AY.4.13 OR AY.4.14 OR AY.4.15 OR AY.4.16 OR AY.4.17 OR AY.5 OR AY.5.1 OR AY.5.2 OR AY.5.3 OR AY.5.4 OR AY.5.5 OR AY.5.6 OR AY.5.7 OR AY.6 OR AY.7 OR AY.7.1 OR AY.7.2 OR AY.8 OR AY.9 OR AY.9.2 OR AY.9.2.1 OR AY.9.2.2 OR AY.10 OR AY.11 OR AY.13 OR AY.14 OR AY.15 OR AY.16 OR AY.16.1 OR AY.17 OR AY.18 OR AY.19 OR AY.20 OR AY.20.1 OR AY.21 OR AY.22 OR AY.23 OR AY.23.1 OR AY.23.2 OR AY.24 OR AY.24.1 OR AY.25 OR AY.25.1 OR AY.25.1.1 OR AY.25.1.2 OR AY.25.2 OR AY.25.3 OR AY.26 OR AY.26.1 OR AY.27 OR AY.28 OR AY.29 OR AY.29.1 OR AY.29.2 OR AY.30 OR AY.31 OR AY.32 OR AY.33 OR AY.33.1 OR AY.33.2 OR AY.34 OR AY.34.1 OR AY.34.1.1 OR AY.34.2 OR AY.35 OR AY.36 OR AY.36.1 OR AY.37 OR AY.38 OR AY.39 OR AY.39.1 OR AY.39.1.1 OR AY.39.1.2 OR AY.39.1.3 OR AY.39.1.4 OR AY.39.2 OR AY.39.3 OR AY.40 OR AY.41 OR AY.42 OR AY.42.1 OR AY.43 OR AY.43.1 OR AY.43.2 OR AY.43.3 OR AY.43.4 OR AY.43.5 OR AY.43.6 OR AY.43.7 OR AY.43.8 OR AY.43.9 OR AY.44 OR AY.45 OR AY.46 OR AY.46.1 OR AY.46.2 OR AY.46.3 OR AY.46.4 OR AY.46.5 OR AY.46.6 OR AY.46.6.1 OR AY.47 OR AY.48 OR AY.49 OR AY.50 OR AY.51 OR AY.52 OR AY.53 OR AY.54 OR AY.55 OR AY.56 OR AY.57 OR AY.58 OR AY.59 OR AY.60 OR AY.61 OR AY.62 OR AY.63 OR AY.64 OR AY.65 OR AY.66 OR AY.67 OR AY.68 OR AY.69 OR AY.70 OR AY.71 OR AY.72 OR AY.73 OR AY.74 OR AY.75 OR AY.75.2 OR AY.75.3 OR AY.76 OR AY.77 OR AY.78 OR AY.79 OR AY.80 OR AY.81 OR AY.82 OR AY.83 OR AY.84 OR AY.85 OR AY.86 OR AY.87 OR AY.88 OR AY.90 OR AY.91 OR AY.91.1 OR AY.92 OR AY.93 OR AY.94 OR AY.95 OR AY.98 OR AY.98.1 OR AY.98.1.1 OR AY.99 OR AY.99.1 OR AY.99.2 OR AY.100 OR AY.101 OR AY.102 OR AY.102.1 OR AY.102.2 OR AY.103 OR AY.103.1 OR AY.103.2 OR AY.104 OR AY.105 OR AY.106 OR AY.107 OR AY.108 OR AY.109 OR AY.110 OR AY.111 OR AY.112 OR AY.112.1 OR AY.112.2 OR AY.112.3 OR AY.113 OR AY.114 OR AY.116 OR AY.116.1 OR AY.117 OR AY.118 OR AY.119 OR AY.119.1 OR AY.119.2 OR AY.120 OR AY.120.1 OR AY.120.2 OR AY.120.2.1 OR AY.121 OR AY.121.1 OR AY.122 OR AY.122.1 OR AY.122.2 OR AY.122.3 OR AY.122.4 OR AY.122.5 OR AY.122.6 OR AY.123 OR AY.123.1 OR AY.124 OR AY.124.1 OR AY.124.1.1 OR AY.125 OR AY.125.1 OR AY.126 OR AY.127 OR AY.127.1 OR AY.127.2 OR AY.127.3 OR AY.128 OR AY.129 OR AY.130 OR AY.131 OR AY.132 OR AY.133 OR AY.134 OR B.1.617.2,Delta,3.07142857142857,0.0714285714285714,0.0232558139534884
2021-04-17,2,0,4.75,0,0,9.34206000395449e-05,0.379377142299039,AY.1 OR AY.2 OR AY.3 OR AY.3.1 OR AY.3.2 OR AY.3.3 OR AY.3.4 OR AY.4 OR AY.4.1 OR AY.4.2 OR AY.4.2.1 OR AY.4.2.2 OR AY.4.2.3 OR AY.4.2.4 OR AY.4.2.5 OR AY.4.3 OR AY.4.4 OR AY.4.5 OR AY.4.6 OR AY.4.7 OR AY.4.8 OR AY.4.9 OR AY.4.10 OR AY.4.11 OR AY.4.12 OR AY.4.13 OR AY.4.14 OR AY.4.15 OR AY.4.16 OR AY.4.17 OR AY.5 OR AY.5.1 OR AY.5.2 OR AY.5.3 OR AY.5.4 OR AY.5.5 OR AY.5.6 OR AY.5.7 OR AY.6 OR AY.7 OR AY.7.1 OR AY.7.2 OR AY.8 OR AY.9 OR AY.9.2 OR AY.9.2.1 OR AY.9.2.2 OR AY.10 OR AY.11 OR AY.13 OR AY.14 OR AY.15 OR AY.16 OR AY.16.1 OR AY.17 OR AY.18 OR AY.19 OR AY.20 OR AY.20.1 OR AY.21 OR AY.22 OR AY.23 OR AY.23.1 OR AY.23.2 OR AY.24 OR AY.24.1 OR AY.25 OR AY.25.1 OR AY.25.1.1 OR AY.25.1.2 OR AY.25.2 OR AY.25.3 OR AY.26 OR AY.26.1 OR AY.27 OR AY.28 OR AY.29 OR AY.29.1 OR AY.29.2 OR AY.30 OR AY.31 OR AY.32 OR AY.33 OR AY.33.1 OR AY.33.2 OR AY.34 OR AY.34.1 OR AY.34.1.1 OR AY.34.2 OR AY.35 OR AY.36 OR AY.36.1 OR AY.37 OR AY.38 OR AY.39 OR AY.39.1 OR AY.39.1.1 OR AY.39.1.2 OR AY.39.1.3 OR AY.39.1.4 OR AY.39.2 OR AY.39.3 OR AY.40 OR AY.41 OR AY.42 OR AY.42.1 OR AY.43 OR AY.43.1 OR AY.43.2 OR AY.43.3 OR AY.43.4 OR AY.43.5 OR AY.43.6 OR AY.43.7 OR AY.43.8 OR AY.43.9 OR AY.44 OR AY.45 OR AY.46 OR AY.46.1 OR AY.46.2 OR AY.46.3 OR AY.46.4 OR AY.46.5 OR AY.46.6 OR AY.46.6.1 OR AY.47 OR AY.48 OR AY.49 OR AY.50 OR AY.51 OR AY.52 OR AY.53 OR AY.54 OR AY.55 OR AY.56 OR AY.57 OR AY.58 OR AY.59 OR AY.60 OR AY.61 OR AY.62 OR AY.63 OR AY.64 OR AY.65 OR AY.66 OR AY.67 OR AY.68 OR AY.69 OR AY.70 OR AY.71 OR AY.72 OR AY.73 OR AY.74 OR AY.75 OR AY.75.2 OR AY.75.3 OR AY.76 OR AY.77 OR AY.78 OR AY.79 OR AY.80 OR AY.81 OR AY.82 OR AY.83 OR AY.84 OR AY.85 OR AY.86 OR AY.87 OR AY.88 OR AY.90 OR AY.91 OR AY.91.1 OR AY.92 OR AY.93 OR AY.94 OR AY.95 OR AY.98 OR AY.98.1 OR AY.98.1.1 OR AY.99 OR AY.99.1 OR AY.99.2 OR AY.100 OR AY.101 OR AY.102 OR AY.102.1 OR AY.102.2 OR AY.103 OR AY.103.1 OR AY.103.2 OR AY.104 OR AY.105 OR AY.106 OR AY.107 OR AY.108 OR AY.109 OR AY.110 OR AY.111 OR AY.112 OR AY.112.1 OR AY.112.2 OR AY.112.3 OR AY.113 OR AY.114 OR AY.116 OR AY.116.1 OR AY.117 OR AY.118 OR AY.119 OR AY.119.1 OR AY.119.2 OR AY.120 OR AY.120.1 OR AY.120.2 OR AY.120.2.1 OR AY.121 OR AY.121.1 OR AY.122 OR AY.122.1 OR AY.122.2 OR AY.122.3 OR AY.122.4 OR AY.122.5 OR AY.122.6 OR AY.123 OR AY.123.1 OR AY.124 OR AY.124.1 OR AY.124.1.1 OR AY.125 OR AY.125.1 OR AY.126 OR AY.127 OR AY.127.1 OR AY.127.2 OR AY.127.3 OR AY.128 OR AY.129 OR AY.130 OR AY.131 OR AY.132 OR AY.133 OR AY.134 OR B.1.617.2,Delta,3,0.0714285714285714,0.0238095238095238
2021-04-18,1,0,4,0,0,0.000115332788238275,0.44476261765764,AY.1 OR AY.2 OR AY.3 OR AY.3.1 OR AY.3.2 OR AY.3.3 OR AY.3.4 OR AY.4 OR AY.4.1 OR AY.4.2 OR AY.4.2.1 OR AY.4.2.2 OR AY.4.2.3 OR AY.4.2.4 OR AY.4.2.5 OR AY.4.3 OR AY.4.4 OR AY.4.5 OR AY.4.6 OR AY.4.7 OR AY.4.8 OR AY.4.9 OR AY.4.10 OR AY.4.11 OR AY.4.12 OR AY.4.13 OR AY.4.14 OR AY.4.15 OR AY.4.16 OR AY.4.17 OR AY.5 OR AY.5.1 OR AY.5.2 OR AY.5.3 OR AY.5.4 OR AY.5.5 OR AY.5.6 OR AY.5.7 OR AY.6 OR AY.7 OR AY.7.1 OR AY.7.2 OR AY.8 OR AY.9 OR AY.9.2 OR AY.9.2.1 OR AY.9.2.2 OR AY.10 OR AY.11 OR AY.13 OR AY.14 OR AY.15 OR AY.16 OR AY.16.1 OR AY.17 OR AY.18 OR AY.19 OR AY.20 OR AY.20.1 OR AY.21 OR AY.22 OR AY.23 OR AY.23.1 OR AY.23.2 OR AY.24 OR AY.24.1 OR AY.25 OR AY.25.1 OR AY.25.1.1 OR AY.25.1.2 OR AY.25.2 OR AY.25.3 OR AY.26 OR AY.26.1 OR AY.27 OR AY.28 OR AY.29 OR AY.29.1 OR AY.29.2 OR AY.30 OR AY.31 OR AY.32 OR AY.33 OR AY.33.1 OR AY.33.2 OR AY.34 OR AY.34.1 OR AY.34.1.1 OR AY.34.2 OR AY.35 OR AY.36 OR AY.36.1 OR AY.37 OR AY.38 OR AY.39 OR AY.39.1 OR AY.39.1.1 OR AY.39.1.2 OR AY.39.1.3 OR AY.39.1.4 OR AY.39.2 OR AY.39.3 OR AY.40 OR AY.41 OR AY.42 OR AY.42.1 OR AY.43 OR AY.43.1 OR AY.43.2 OR AY.43.3 OR AY.43.4 OR AY.43.5 OR AY.43.6 OR AY.43.7 OR AY.43.8 OR AY.43.9 OR AY.44 OR AY.45 OR AY.46 OR AY.46.1 OR AY.46.2 OR AY.46.3 OR AY.46.4 OR AY.46.5 OR AY.46.6 OR AY.46.6.1 OR AY.47 OR AY.48 OR AY.49 OR AY.50 OR AY.51 OR AY.52 OR AY.53 OR AY.54 OR AY.55 OR AY.56 OR AY.57 OR AY.58 OR AY.59 OR AY.60 OR AY.61 OR AY.62 OR AY.63 OR AY.64 OR AY.65 OR AY.66 OR AY.67 OR AY.68 OR AY.69 OR AY.70 OR AY.71 OR AY.72 OR AY.73 OR AY.74 OR AY.75 OR AY.75.2 OR AY.75.3 OR AY.76 OR AY.77 OR AY.78 OR AY.79 OR AY.80 OR AY.81 OR AY.82 OR AY.83 OR AY.84 OR AY.85 OR AY.86 OR AY.87 OR AY.88 OR AY.90 OR AY.91 OR AY.91.1 OR AY.92 OR AY.93 OR AY.94 OR AY.95 OR AY.98 OR AY.98.1 OR AY.98.1.1 OR AY.99 OR AY.99.1 OR AY.99.2 OR AY.100 OR AY.101 OR AY.102 OR AY.102.1 OR AY.102.2 OR AY.103 OR AY.103.1 OR AY.103.2 OR AY.104 OR AY.105 OR AY.106 OR AY.107 OR AY.108 OR AY.109 OR AY.110 OR AY.111 OR AY.112 OR AY.112.1 OR AY.112.2 OR AY.112.3 OR AY.113 OR AY.114 OR AY.116 OR AY.116.1 OR AY.117 OR AY.118 OR AY.119 OR AY.119.1 OR AY.119.2 OR AY.120 OR AY.120.1 OR AY.120.2 OR AY.120.2.1 OR AY.121 OR AY.121.1 OR AY.122 OR AY.122.1 OR AY.122.2 OR AY.122.3 OR AY.122.4 OR AY.122.5 OR AY.122.6 OR AY.123 OR AY.123.1 OR AY.124 OR AY.124.1 OR AY.124.1.1 OR AY.125 OR AY.125.1 OR AY.126 OR AY.127 OR AY.127.1 OR AY.127.2 OR AY.127.3 OR AY.128 OR AY.129 OR AY.130 OR AY.131 OR AY.132 OR AY.133 OR AY.134 OR B.1.617.2,Delta,2.92857142857143,0.0714285714285714,0.024390243902439
2021-04-20,4,0,3.75,0,0,0.000115332788238275,0.44476261765764,AY.1 OR AY.2 OR AY.3 OR AY.3.1 OR AY.3.2 OR AY.3.3 OR AY.3.4 OR AY.4 OR AY.4.1 OR AY.4.2 OR AY.4.2.1 OR AY.4.2.2 OR AY.4.2.3 OR AY.4.2.4 OR AY.4.2.5 OR AY.4.3 OR AY.4.4 OR AY.4.5 OR AY.4.6 OR AY.4.7 OR AY.4.8 OR AY.4.9 OR AY.4.10 OR AY.4.11 OR AY.4.12 OR AY.4.13 OR AY.4.14 OR AY.4.15 OR AY.4.16 OR AY.4.17 OR AY.5 OR AY.5.1 OR AY.5.2 OR AY.5.3 OR AY.5.4 OR AY.5.5 OR AY.5.6 OR AY.5.7 OR AY.6 OR AY.7 OR AY.7.1 OR AY.7.2 OR AY.8 OR AY.9 OR AY.9.2 OR AY.9.2.1 OR AY.9.2.2 OR AY.10 OR AY.11 OR AY.13 OR AY.14 OR AY.15 OR AY.16 OR AY.16.1 OR AY.17 OR AY.18 OR AY.19 OR AY.20 OR AY.20.1 OR AY.21 OR AY.22 OR AY.23 OR AY.23.1 OR AY.23.2 OR AY.24 OR AY.24.1 OR AY.25 OR AY.25.1 OR AY.25.1.1 OR AY.25.1.2 OR AY.25.2 OR AY.25.3 OR AY.26 OR AY.26.1 OR AY.27 OR AY.28 OR AY.29 OR AY.29.1 OR AY.29.2 OR AY.30 OR AY.31 OR AY.32 OR AY.33 OR AY.33.1 OR AY.33.2 OR AY.34 OR AY.34.1 OR AY.34.1.1 OR AY.34.2 OR AY.35 OR AY.36 OR AY.36.1 OR AY.37 OR AY.38 OR AY.39 OR AY.39.1 OR AY.39.1.1 OR AY.39.1.2 OR AY.39.1.3 OR AY.39.1.4 OR AY.39.2 OR AY.39.3 OR AY.40 OR AY.41 OR AY.42 OR AY.42.1 OR AY.43 OR AY.43.1 OR AY.43.2 OR AY.43.3 OR AY.43.4 OR AY.43.5 OR AY.43.6 OR AY.43.7 OR AY.43.8 OR AY.43.9 OR AY.44 OR AY.45 OR AY.46 OR AY.46.1 OR AY.46.2 OR AY.46.3 OR AY.46.4 OR AY.46.5 OR AY.46.6 OR AY.46.6.1 OR AY.47 OR AY.48 OR AY.49 OR AY.50 OR AY.51 OR AY.52 OR AY.53 OR AY.54 OR AY.55 OR AY.56 OR AY.57 OR AY.58 OR AY.59 OR AY.60 OR AY.61 OR AY.62 OR AY.63 OR AY.64 OR AY.65 OR AY.66 OR AY.67 OR AY.68 OR AY.69 OR AY.70 OR AY.71 OR AY.72 OR AY.73 OR AY.74 OR AY.75 OR AY.75.2 OR AY.75.3 OR AY.76 OR AY.77 OR AY.78 OR AY.79 OR AY.80 OR AY.81 OR AY.82 OR AY.83 OR AY.84 OR AY.85 OR AY.86 OR AY.87 OR AY.88 OR AY.90 OR AY.91 OR AY.91.1 OR AY.92 OR AY.93 OR AY.94 OR AY.95 OR AY.98 OR AY.98.1 OR AY.98.1.1 OR AY.99 OR AY.99.1 OR AY.99.2 OR AY.100 OR AY.101 OR AY.102 OR AY.102.1 OR AY.102.2 OR AY.103 OR AY.103.1 OR AY.103.2 OR AY.104 OR AY.105 OR AY.106 OR AY.107 OR AY.108 OR AY.109 OR AY.110 OR AY.111 OR AY.112 OR AY.112.1 OR AY.112.2 OR AY.112.3 OR AY.113 OR AY.114 OR AY.116 OR AY.116.1 OR AY.117 OR AY.118 OR AY.119 OR AY.119.1 OR AY.119.2 OR AY.120 OR AY.120.1 OR AY.120.2 OR AY.120.2.1 OR AY.121 OR AY.121.1 OR AY.122 OR AY.122.1 OR AY.122.2 OR AY.122.3 OR AY.122.4 OR AY.122.5 OR AY.122.6 OR AY.123 OR AY.123.1 OR AY.124 OR AY.124.1 OR AY.124.1.1 OR AY.125 OR AY.125.1 OR AY.126 OR AY.127 OR AY.127.1 OR AY.127.2 OR AY.127.3 OR AY.128 OR AY.129 OR AY.130 OR AY.131 OR AY.132 OR AY.133 OR AY.134 OR B.1.617.2,Delta,3.07142857142857,0.0714285714285714,0.0232558139534884
2021-04-21,1,0,3.2,0,0,0.000150636025436569,0.53558324304295,AY.1 OR AY.2 OR AY.3 OR AY.3.1 OR AY.3.2 OR AY.3.3 OR AY.3.4 OR AY.4 OR AY.4.1 OR AY.4.2 OR AY.4.2.1 OR AY.4.2.2 OR AY.4.2.3 OR AY.4.2.4 OR AY.4.2.5 OR AY.4.3 OR AY.4.4 OR AY.4.5 OR AY.4.6 OR AY.4.7 OR AY.4.8 OR AY.4.9 OR AY.4.10 OR AY.4.11 OR AY.4.12 OR AY.4.13 OR AY.4.14 OR AY.4.15 OR AY.4.16 OR AY.4.17 OR AY.5 OR AY.5.1 OR AY.5.2 OR AY.5.3 OR AY.5.4 OR AY.5.5 OR AY.5.6 OR AY.5.7 OR AY.6 OR AY.7 OR AY.7.1 OR AY.7.2 OR AY.8 OR AY.9 OR AY.9.2 OR AY.9.2.1 OR AY.9.2.2 OR AY.10 OR AY.11 OR AY.13 OR AY.14 OR AY.15 OR AY.16 OR AY.16.1 OR AY.17 OR AY.18 OR AY.19 OR AY.20 OR AY.20.1 OR AY.21 OR AY.22 OR AY.23 OR AY.23.1 OR AY.23.2 OR AY.24 OR AY.24.1 OR AY.25 OR AY.25.1 OR AY.25.1.1 OR AY.25.1.2 OR AY.25.2 OR AY.25.3 OR AY.26 OR AY.26.1 OR AY.27 OR AY.28 OR AY.29 OR AY.29.1 OR AY.29.2 OR AY.30 OR AY.31 OR AY.32 OR AY.33 OR AY.33.1 OR AY.33.2 OR AY.34 OR AY.34.1 OR AY.34.1.1 OR AY.34.2 OR AY.35 OR AY.36 OR AY.36.1 OR AY.37 OR AY.38 OR AY.39 OR AY.39.1 OR AY.39.1.1 OR AY.39.1.2 OR AY.39.1.3 OR AY.39.1.4 OR AY.39.2 OR AY.39.3 OR AY.40 OR AY.41 OR AY.42 OR AY.42.1 OR AY.43 OR AY.43.1 OR AY.43.2 OR AY.43.3 OR AY.43.4 OR AY.43.5 OR AY.43.6 OR AY.43.7 OR AY.43.8 OR AY.43.9 OR AY.44 OR AY.45 OR AY.46 OR AY.46.1 OR AY.46.2 OR AY.46.3 OR AY.46.4 OR AY.46.5 OR AY.46.6 OR AY.46.6.1 OR AY.47 OR AY.48 OR AY.49 OR AY.50 OR AY.51 OR AY.52 OR AY.53 OR AY.54 OR AY.55 OR AY.56 OR AY.57 OR AY.58 OR AY.59 OR AY.60 OR AY.61 OR AY.62 OR AY.63 OR AY.64 OR AY.65 OR AY.66 OR AY.67 OR AY.68 OR AY.69 OR AY.70 OR AY.71 OR AY.72 OR AY.73 OR AY.74 OR AY.75 OR AY.75.2 OR AY.75.3 OR AY.76 OR AY.77 OR AY.78 OR AY.79 OR AY.80 OR AY.81 OR AY.82 OR AY.83 OR AY.84 OR AY.85 OR AY.86 OR AY.87 OR AY.88 OR AY.90 OR AY.91 OR AY.91.1 OR AY.92 OR AY.93 OR AY.94 OR AY.95 OR AY.98 OR AY.98.1 OR AY.98.1.1 OR AY.99 OR AY.99.1 OR AY.99.2 OR AY.100 OR AY.101 OR AY.102 OR AY.102.1 OR AY.102.2 OR AY.103 OR AY.103.1 OR AY.103.2 OR AY.104 OR AY.105 OR AY.106 OR AY.107 OR AY.108 OR AY.109 OR AY.110 OR AY.111 OR AY.112 OR AY.112.1 OR AY.112.2 OR AY.112.3 OR AY.113 OR AY.114 OR AY.116 OR AY.116.1 OR AY.117 OR AY.118 OR AY.119 OR AY.119.1 OR AY.119.2 OR AY.120 OR AY.120.1 OR AY.120.2 OR AY.120.2.1 OR AY.121 OR AY.121.1 OR AY.122 OR AY.122.1 OR AY.122.2 OR AY.122.3 OR AY.122.4 OR AY.122.5 OR AY.122.6 OR AY.123 OR AY.123.1 OR AY.124 OR AY.124.1 OR AY.124.1.1 OR AY.125 OR AY.125.1 OR AY.126 OR AY.127 OR AY.127.1 OR AY.127.2 OR AY.127.3 OR AY.128 OR AY.129 OR AY.130 OR AY.131 OR AY.132 OR AY.133 OR AY.134 OR B.1.617.2,Delta,3.07142857142857,0.0714285714285714,0.0232558139534884
2021-04-23,2,0,2,0,0,0.000216908470030966,0.666821754401209,AY.1 OR AY.2 OR AY.3 OR AY.3.1 OR AY.3.2 OR AY.3.3 OR AY.3.4 OR AY.4 OR AY.4.1 OR AY.4.2 OR AY.4.2.1 OR AY.4.2.2 OR AY.4.2.3 OR AY.4.2.4 OR AY.4.2.5 OR AY.4.3 OR AY.4.4 OR AY.4.5 OR AY.4.6 OR AY.4.7 OR AY.4.8 OR AY.4.9 OR AY.4.10 OR AY.4.11 OR AY.4.12 OR AY.4.13 OR AY.4.14 OR AY.4.15 OR AY.4.16 OR AY.4.17 OR AY.5 OR AY.5.1 OR AY.5.2 OR AY.5.3 OR AY.5.4 OR AY.5.5 OR AY.5.6 OR AY.5.7 OR AY.6 OR AY.7 OR AY.7.1 OR AY.7.2 OR AY.8 OR AY.9 OR AY.9.2 OR AY.9.2.1 OR AY.9.2.2 OR AY.10 OR AY.11 OR AY.13 OR AY.14 OR AY.15 OR AY.16 OR AY.16.1 OR AY.17 OR AY.18 OR AY.19 OR AY.20 OR AY.20.1 OR AY.21 OR AY.22 OR AY.23 OR AY.23.1 OR AY.23.2 OR AY.24 OR AY.24.1 OR AY.25 OR AY.25.1 OR AY.25.1.1 OR AY.25.1.2 OR AY.25.2 OR AY.25.3 OR AY.26 OR AY.26.1 OR AY.27 OR AY.28 OR AY.29 OR AY.29.1 OR AY.29.2 OR AY.30 OR AY.31 OR AY.32 OR AY.33 OR AY.33.1 OR AY.33.2 OR AY.34 OR AY.34.1 OR AY.34.1.1 OR AY.34.2 OR AY.35 OR AY.36 OR AY.36.1 OR AY.37 OR AY.38 OR AY.39 OR AY.39.1 OR AY.39.1.1 OR AY.39.1.2 OR AY.39.1.3 OR AY.39.1.4 OR AY.39.2 OR AY.39.3 OR AY.40 OR AY.41 OR AY.42 OR AY.42.1 OR AY.43 OR AY.43.1 OR AY.43.2 OR AY.43.3 OR AY.43.4 OR AY.43.5 OR AY.43.6 OR AY.43.7 OR AY.43.8 OR AY.43.9 OR AY.44 OR AY.45 OR AY.46 OR AY.46.1 OR AY.46.2 OR AY.46.3 OR AY.46.4 OR AY.46.5 OR AY.46.6 OR AY.46.6.1 OR AY.47 OR AY.48 OR AY.49 OR AY.50 OR AY.51 OR AY.52 OR AY.53 OR AY.54 OR AY.55 OR AY.56 OR AY.57 OR AY.58 OR AY.59 OR AY.60 OR AY.61 OR AY.62 OR AY.63 OR AY.64 OR AY.65 OR AY.66 OR AY.67 OR AY.68 OR AY.69 OR AY.70 OR AY.71 OR AY.72 OR AY.73 OR AY.74 OR AY.75 OR AY.75.2 OR AY.75.3 OR AY.76 OR AY.77 OR AY.78 OR AY.79 OR AY.80 OR AY.81 OR AY.82 OR AY.83 OR AY.84 OR AY.85 OR AY.86 OR AY.87 OR AY.88 OR AY.90 OR AY.91 OR AY.91.1 OR AY.92 OR AY.93 OR AY.94 OR AY.95 OR AY.98 OR AY.98.1 OR AY.98.1.1 OR AY.99 OR AY.99.1 OR AY.99.2 OR AY.100 OR AY.101 OR AY.102 OR AY.102.1 OR AY.102.2 OR AY.103 OR AY.103.1 OR AY.103.2 OR AY.104 OR AY.105 OR AY.106 OR AY.107 OR AY.108 OR AY.109 OR AY.110 OR AY.111 OR AY.112 OR AY.112.1 OR AY.112.2 OR AY.112.3 OR AY.113 OR AY.114 OR AY.116 OR AY.116.1 OR AY.117 OR AY.118 OR AY.119 OR AY.119.1 OR AY.119.2 OR AY.120 OR AY.120.1 OR AY.120.2 OR AY.120.2.1 OR AY.121 OR AY.121.1 OR AY.122 OR AY.122.1 OR AY.122.2 OR AY.122.3 OR AY.122.4 OR AY.122.5 OR AY.122.6 OR AY.123 OR AY.123.1 OR AY.124 OR AY.124.1 OR AY.124.1.1 OR AY.125 OR AY.125.1 OR AY.126 OR AY.127 OR AY.127.1 OR AY.127.2 OR AY.127.3 OR AY.128 OR AY.129 OR AY.130 OR AY.131 OR AY.132 OR AY.133 OR AY.134 OR B.1.617.2,Delta,3.07142857142857,0.0714285714285714,0.0232558139534884
2021-04-26,1,0,2,0,0,0.000216908470030966,0.666821754401209,AY.1 OR AY.2 OR AY.3 OR AY.3.1 OR AY.3.2 OR AY.3.3 OR AY.3.4 OR AY.4 OR AY.4.1 OR AY.4.2 OR AY.4.2.1 OR AY.4.2.2 OR AY.4.2.3 OR AY.4.2.4 OR AY.4.2.5 OR AY.4.3 OR AY.4.4 OR AY.4.5 OR AY.4.6 OR AY.4.7 OR AY.4.8 OR AY.4.9 OR AY.4.10 OR AY.4.11 OR AY.4.12 OR AY.4.13 OR AY.4.14 OR AY.4.15 OR AY.4.16 OR AY.4.17 OR AY.5 OR AY.5.1 OR AY.5.2 OR AY.5.3 OR AY.5.4 OR AY.5.5 OR AY.5.6 OR AY.5.7 OR AY.6 OR AY.7 OR AY.7.1 OR AY.7.2 OR AY.8 OR AY.9 OR AY.9.2 OR AY.9.2.1 OR AY.9.2.2 OR AY.10 OR AY.11 OR AY.13 OR AY.14 OR AY.15 OR AY.16 OR AY.16.1 OR AY.17 OR AY.18 OR AY.19 OR AY.20 OR AY.20.1 OR AY.21 OR AY.22 OR AY.23 OR AY.23.1 OR AY.23.2 OR AY.24 OR AY.24.1 OR AY.25 OR AY.25.1 OR AY.25.1.1 OR AY.25.1.2 OR AY.25.2 OR AY.25.3 OR AY.26 OR AY.26.1 OR AY.27 OR AY.28 OR AY.29 OR AY.29.1 OR AY.29.2 OR AY.30 OR AY.31 OR AY.32 OR AY.33 OR AY.33.1 OR AY.33.2 OR AY.34 OR AY.34.1 OR AY.34.1.1 OR AY.34.2 OR AY.35 OR AY.36 OR AY.36.1 OR AY.37 OR AY.38 OR AY.39 OR AY.39.1 OR AY.39.1.1 OR AY.39.1.2 OR AY.39.1.3 OR AY.39.1.4 OR AY.39.2 OR AY.39.3 OR AY.40 OR AY.41 OR AY.42 OR AY.42.1 OR AY.43 OR AY.43.1 OR AY.43.2 OR AY.43.3 OR AY.43.4 OR AY.43.5 OR AY.43.6 OR AY.43.7 OR AY.43.8 OR AY.43.9 OR AY.44 OR AY.45 OR AY.46 OR AY.46.1 OR AY.46.2 OR AY.46.3 OR AY.46.4 OR AY.46.5 OR AY.46.6 OR AY.46.6.1 OR AY.47 OR AY.48 OR AY.49 OR AY.50 OR AY.51 OR AY.52 OR AY.53 OR AY.54 OR AY.55 OR AY.56 OR AY.57 OR AY.58 OR AY.59 OR AY.60 OR AY.61 OR AY.62 OR AY.63 OR AY.64 OR AY.65 OR AY.66 OR AY.67 OR AY.68 OR AY.69 OR AY.70 OR AY.71 OR AY.72 OR AY.73 OR AY.74 OR AY.75 OR AY.75.2 OR AY.75.3 OR AY.76 OR AY.77 OR AY.78 OR AY.79 OR AY.80 OR AY.81 OR AY.82 OR AY.83 OR AY.84 OR AY.85 OR AY.86 OR AY.87 OR AY.88 OR AY.90 OR AY.91 OR AY.91.1 OR AY.92 OR AY.93 OR AY.94 OR AY.95 OR AY.98 OR AY.98.1 OR AY.98.1.1 OR AY.99 OR AY.99.1 OR AY.99.2 OR AY.100 OR AY.101 OR AY.102 OR AY.102.1 OR AY.102.2 OR AY.103 OR AY.103.1 OR AY.103.2 OR AY.104 OR AY.105 OR AY.106 OR AY.107 OR AY.108 OR AY.109 OR AY.110 OR AY.111 OR AY.112 OR AY.112.1 OR AY.112.2 OR AY.112.3 OR AY.113 OR AY.114 OR AY.116 OR AY.116.1 OR AY.117 OR AY.118 OR AY.119 OR AY.119.1 OR AY.119.2 OR AY.120 OR AY.120.1 OR AY.120.2 OR AY.120.2.1 OR AY.121 OR AY.121.1 OR AY.122 OR AY.122.1 OR AY.122.2 OR AY.122.3 OR AY.122.4 OR AY.122.5 OR AY.122.6 OR AY.123 OR AY.123.1 OR AY.124 OR AY.124.1 OR AY.124.1.1 OR AY.125 OR AY.125.1 OR AY.126 OR AY.127 OR AY.127.1 OR AY.127.2 OR AY.127.3 OR AY.128 OR AY.129 OR AY.130 OR AY.131 OR AY.132 OR AY.133 OR AY.134 OR B.1.617.2,Delta,2.85714285714286,0.0714285714285714,0.025
2021-04-27,2,0,1.5,0,0,0.000216908470030966,0.666821754401209,AY.1 OR AY.2 OR AY.3 OR AY.3.1 OR AY.3.2 OR AY.3.3 OR AY.3.4 OR AY.4 OR AY.4.1 OR AY.4.2 OR AY.4.2.1 OR AY.4.2.2 OR AY.4.2.3 OR AY.4.2.4 OR AY.4.2.5 OR AY.4.3 OR AY.4.4 OR AY.4.5 OR AY.4.6 OR AY.4.7 OR AY.4.8 OR AY.4.9 OR AY.4.10 OR AY.4.11 OR AY.4.12 OR AY.4.13 OR AY.4.14 OR AY.4.15 OR AY.4.16 OR AY.4.17 OR AY.5 OR AY.5.1 OR AY.5.2 OR AY.5.3 OR AY.5.4 OR AY.5.5 OR AY.5.6 OR AY.5.7 OR AY.6 OR AY.7 OR AY.7.1 OR AY.7.2 OR AY.8 OR AY.9 OR AY.9.2 OR AY.9.2.1 OR AY.9.2.2 OR AY.10 OR AY.11 OR AY.13 OR AY.14 OR AY.15 OR AY.16 OR AY.16.1 OR AY.17 OR AY.18 OR AY.19 OR AY.20 OR AY.20.1 OR AY.21 OR AY.22 OR AY.23 OR AY.23.1 OR AY.23.2 OR AY.24 OR AY.24.1 OR AY.25 OR AY.25.1 OR AY.25.1.1 OR AY.25.1.2 OR AY.25.2 OR AY.25.3 OR AY.26 OR AY.26.1 OR AY.27 OR AY.28 OR AY.29 OR AY.29.1 OR AY.29.2 OR AY.30 OR AY.31 OR AY.32 OR AY.33 OR AY.33.1 OR AY.33.2 OR AY.34 OR AY.34.1 OR AY.34.1.1 OR AY.34.2 OR AY.35 OR AY.36 OR AY.36.1 OR AY.37 OR AY.38 OR AY.39 OR AY.39.1 OR AY.39.1.1 OR AY.39.1.2 OR AY.39.1.3 OR AY.39.1.4 OR AY.39.2 OR AY.39.3 OR AY.40 OR AY.41 OR AY.42 OR AY.42.1 OR AY.43 OR AY.43.1 OR AY.43.2 OR AY.43.3 OR AY.43.4 OR AY.43.5 OR AY.43.6 OR AY.43.7 OR AY.43.8 OR AY.43.9 OR AY.44 OR AY.45 OR AY.46 OR AY.46.1 OR AY.46.2 OR AY.46.3 OR AY.46.4 OR AY.46.5 OR AY.46.6 OR AY.46.6.1 OR AY.47 OR AY.48 OR AY.49 OR AY.50 OR AY.51 OR AY.52 OR AY.53 OR AY.54 OR AY.55 OR AY.56 OR AY.57 OR AY.58 OR AY.59 OR AY.60 OR AY.61 OR AY.62 OR AY.63 OR AY.64 OR AY.65 OR AY.66 OR AY.67 OR AY.68 OR AY.69 OR AY.70 OR AY.71 OR AY.72 OR AY.73 OR AY.74 OR AY.75 OR AY.75.2 OR AY.75.3 OR AY.76 OR AY.77 OR AY.78 OR AY.79 OR AY.80 OR AY.81 OR AY.82 OR AY.83 OR AY.84 OR AY.85 OR AY.86 OR AY.87 OR AY.88 OR AY.90 OR AY.91 OR AY.91.1 OR AY.92 OR AY.93 OR AY.94 OR AY.95 OR AY.98 OR AY.98.1 OR AY.98.1.1 OR AY.99 OR AY.99.1 OR AY.99.2 OR AY.100 OR AY.101 OR AY.102 OR AY.102.1 OR AY.102.2 OR AY.103 OR AY.103.1 OR AY.103.2 OR AY.104 OR AY.105 OR AY.106 OR AY.107 OR AY.108 OR AY.109 OR AY.110 OR AY.111 OR AY.112 OR AY.112.1 OR AY.112.2 OR AY.112.3 OR AY.113 OR AY.114 OR AY.116 OR AY.116.1 OR AY.117 OR AY.118 OR AY.119 OR AY.119.1 OR AY.119.2 OR AY.120 OR AY.120.1 OR AY.120.2 OR AY.120.2.1 OR AY.121 OR AY.121.1 OR AY.122 OR AY.122.1 OR AY.122.2 OR AY.122.3 OR AY.122.4 OR AY.122.5 OR AY.122.6 OR AY.123 OR AY.123.1 OR AY.124 OR AY.124.1 OR AY.124.1.1 OR AY.125 OR AY.125.1 OR AY.126 OR AY.127 OR AY.127.1 OR AY.127.2 OR AY.127.3 OR AY.128 OR AY.129 OR AY.130 OR AY.131 OR AY.132 OR AY.133 OR AY.134 OR B.1.617.2,Delta,2.85714285714286,0.0714285714285714,0.025
2021-04-28,2,0,1.75,0,0,0.000216908470030966,0.666821754401209,AY.1 OR AY.2 OR AY.3 OR AY.3.1 OR AY.3.2 OR AY.3.3 OR AY.3.4 OR AY.4 OR AY.4.1 OR AY.4.2 OR AY.4.2.1 OR AY.4.2.2 OR AY.4.2.3 OR AY.4.2.4 OR AY.4.2.5 OR AY.4.3 OR AY.4.4 OR AY.4.5 OR AY.4.6 OR AY.4.7 OR AY.4.8 OR AY.4.9 OR AY.4.10 OR AY.4.11 OR AY.4.12 OR AY.4.13 OR AY.4.14 OR AY.4.15 OR AY.4.16 OR AY.4.17 OR AY.5 OR AY.5.1 OR AY.5.2 OR AY.5.3 OR AY.5.4 OR AY.5.5 OR AY.5.6 OR AY.5.7 OR AY.6 OR AY.7 OR AY.7.1 OR AY.7.2 OR AY.8 OR AY.9 OR AY.9.2 OR AY.9.2.1 OR AY.9.2.2 OR AY.10 OR AY.11 OR AY.13 OR AY.14 OR AY.15 OR AY.16 OR AY.16.1 OR AY.17 OR AY.18 OR AY.19 OR AY.20 OR AY.20.1 OR AY.21 OR AY.22 OR AY.23 OR AY.23.1 OR AY.23.2 OR AY.24 OR AY.24.1 OR AY.25 OR AY.25.1 OR AY.25.1.1 OR AY.25.1.2 OR AY.25.2 OR AY.25.3 OR AY.26 OR AY.26.1 OR AY.27 OR AY.28 OR AY.29 OR AY.29.1 OR AY.29.2 OR AY.30 OR AY.31 OR AY.32 OR AY.33 OR AY.33.1 OR AY.33.2 OR AY.34 OR AY.34.1 OR AY.34.1.1 OR AY.34.2 OR AY.35 OR AY.36 OR AY.36.1 OR AY.37 OR AY.38 OR AY.39 OR AY.39.1 OR AY.39.1.1 OR AY.39.1.2 OR AY.39.1.3 OR AY.39.1.4 OR AY.39.2 OR AY.39.3 OR AY.40 OR AY.41 OR AY.42 OR AY.42.1 OR AY.43 OR AY.43.1 OR AY.43.2 OR AY.43.3 OR AY.43.4 OR AY.43.5 OR AY.43.6 OR AY.43.7 OR AY.43.8 OR AY.43.9 OR AY.44 OR AY.45 OR AY.46 OR AY.46.1 OR AY.46.2 OR AY.46.3 OR AY.46.4 OR AY.46.5 OR AY.46.6 OR AY.46.6.1 OR AY.47 OR AY.48 OR AY.49 OR AY.50 OR AY.51 OR AY.52 OR AY.53 OR AY.54 OR AY.55 OR AY.56 OR AY.57 OR AY.58 OR AY.59 OR AY.60 OR AY.61 OR AY.62 OR AY.63 OR AY.64 OR AY.65 OR AY.66 OR AY.67 OR AY.68 OR AY.69 OR AY.70 OR AY.71 OR AY.72 OR AY.73 OR AY.74 OR AY.75 OR AY.75.2 OR AY.75.3 OR AY.76 OR AY.77 OR AY.78 OR AY.79 OR AY.80 OR AY.81 OR AY.82 OR AY.83 OR AY.84 OR AY.85 OR AY.86 OR AY.87 OR AY.88 OR AY.90 OR AY.91 OR AY.91.1 OR AY.92 OR AY.93 OR AY.94 OR AY.95 OR AY.98 OR AY.98.1 OR AY.98.1.1 OR AY.99 OR AY.99.1 OR AY.99.2 OR AY.100 OR AY.101 OR AY.102 OR AY.102.1 OR AY.102.2 OR AY.103 OR AY.103.1 OR AY.103.2 OR AY.104 OR AY.105 OR AY.106 OR AY.107 OR AY.108 OR AY.109 OR AY.110 OR AY.111 OR AY.112 OR AY.112.1 OR AY.112.2 OR AY.112.3 OR AY.113 OR AY.114 OR AY.116 OR AY.116.1 OR AY.117 OR AY.118 OR AY.119 OR AY.119.1 OR AY.119.2 OR AY.120 OR AY.120.1 OR AY.120.2 OR AY.120.2.1 OR AY.121 OR AY.121.1 OR AY.122 OR AY.122.1 OR AY.122.2 OR AY.122.3 OR AY.122.4 OR AY.122.5 OR AY.122.6 OR AY.123 OR AY.123.1 OR AY.124 OR AY.124.1 OR AY.124.1.1 OR AY.125 OR AY.125.1 OR AY.126 OR AY.127 OR AY.127.1 OR AY.127.2 OR AY.127.3 OR AY.128 OR AY.129 OR AY.130 OR AY.131 OR AY.132 OR AY.133 OR AY.134 OR B.1.617.2,Delta,2.78571428571429,0.0714285714285714,0.0256410256410256
2021-04-30,4,0,2.25,0,0,0.000216908470030966,0.666821754401209,AY.1 OR AY.2 OR AY.3 OR AY.3.1 OR AY.3.2 OR AY.3.3 OR AY.3.4 OR AY.4 OR AY.4.1 OR AY.4.2 OR AY.4.2.1 OR AY.4.2.2 OR AY.4.2.3 OR AY.4.2.4 OR AY.4.2.5 OR AY.4.3 OR AY.4.4 OR AY.4.5 OR AY.4.6 OR AY.4.7 OR AY.4.8 OR AY.4.9 OR AY.4.10 OR AY.4.11 OR AY.4.12 OR AY.4.13 OR AY.4.14 OR AY.4.15 OR AY.4.16 OR AY.4.17 OR AY.5 OR AY.5.1 OR AY.5.2 OR AY.5.3 OR AY.5.4 OR AY.5.5 OR AY.5.6 OR AY.5.7 OR AY.6 OR AY.7 OR AY.7.1 OR AY.7.2 OR AY.8 OR AY.9 OR AY.9.2 OR AY.9.2.1 OR AY.9.2.2 OR AY.10 OR AY.11 OR AY.13 OR AY.14 OR AY.15 OR AY.16 OR AY.16.1 OR AY.17 OR AY.18 OR AY.19 OR AY.20 OR AY.20.1 OR AY.21 OR AY.22 OR AY.23 OR AY.23.1 OR AY.23.2 OR AY.24 OR AY.24.1 OR AY.25 OR AY.25.1 OR AY.25.1.1 OR AY.25.1.2 OR AY.25.2 OR AY.25.3 OR AY.26 OR AY.26.1 OR AY.27 OR AY.28 OR AY.29 OR AY.29.1 OR AY.29.2 OR AY.30 OR AY.31 OR AY.32 OR AY.33 OR AY.33.1 OR AY.33.2 OR AY.34 OR AY.34.1 OR AY.34.1.1 OR AY.34.2 OR AY.35 OR AY.36 OR AY.36.1 OR AY.37 OR AY.38 OR AY.39 OR AY.39.1 OR AY.39.1.1 OR AY.39.1.2 OR AY.39.1.3 OR AY.39.1.4 OR AY.39.2 OR AY.39.3 OR AY.40 OR AY.41 OR AY.42 OR AY.42.1 OR AY.43 OR AY.43.1 OR AY.43.2 OR AY.43.3 OR AY.43.4 OR AY.43.5 OR AY.43.6 OR AY.43.7 OR AY.43.8 OR AY.43.9 OR AY.44 OR AY.45 OR AY.46 OR AY.46.1 OR AY.46.2 OR AY.46.3 OR AY.46.4 OR AY.46.5 OR AY.46.6 OR AY.46.6.1 OR AY.47 OR AY.48 OR AY.49 OR AY.50 OR AY.51 OR AY.52 OR AY.53 OR AY.54 OR AY.55 OR AY.56 OR AY.57 OR AY.58 OR AY.59 OR AY.60 OR AY.61 OR AY.62 OR AY.63 OR AY.64 OR AY.65 OR AY.66 OR AY.67 OR AY.68 OR AY.69 OR AY.70 OR AY.71 OR AY.72 OR AY.73 OR AY.74 OR AY.75 OR AY.75.2 OR AY.75.3 OR AY.76 OR AY.77 OR AY.78 OR AY.79 OR AY.80 OR AY.81 OR AY.82 OR AY.83 OR AY.84 OR AY.85 OR AY.86 OR AY.87 OR AY.88 OR AY.90 OR AY.91 OR AY.91.1 OR AY.92 OR AY.93 OR AY.94 OR AY.95 OR AY.98 OR AY.98.1 OR AY.98.1.1 OR AY.99 OR AY.99.1 OR AY.99.2 OR AY.100 OR AY.101 OR AY.102 OR AY.102.1 OR AY.102.2 OR AY.103 OR AY.103.1 OR AY.103.2 OR AY.104 OR AY.105 OR AY.106 OR AY.107 OR AY.108 OR AY.109 OR AY.110 OR AY.111 OR AY.112 OR AY.112.1 OR AY.112.2 OR AY.112.3 OR AY.113 OR AY.114 OR AY.116 OR AY.116.1 OR AY.117 OR AY.118 OR AY.119 OR AY.119.1 OR AY.119.2 OR AY.120 OR AY.120.1 OR AY.120.2 OR AY.120.2.1 OR AY.121 OR AY.121.1 OR AY.122 OR AY.122.1 OR AY.122.2 OR AY.122.3 OR AY.122.4 OR AY.122.5 OR AY.122.6 OR AY.123 OR AY.123.1 OR AY.124 OR AY.124.1 OR AY.124.1.1 OR AY.125 OR AY.125.1 OR AY.126 OR AY.127 OR AY.127.1 OR AY.127.2 OR AY.127.3 OR AY.128 OR AY.129 OR AY.130 OR AY.131 OR AY.132 OR AY.133 OR AY.134 OR B.1.617.2,Delta,2.78571428571429,0.0714285714285714,0.0256410256410256
2021-05-01,1,0,2,0,0,0.000216908470030966,0.666821754401209,AY.1 OR AY.2 OR AY.3 OR AY.3.1 OR AY.3.2 OR AY.3.3 OR AY.3.4 OR AY.4 OR AY.4.1 OR AY.4.2 OR AY.4.2.1 OR AY.4.2.2 OR AY.4.2.3 OR AY.4.2.4 OR AY.4.2.5 OR AY.4.3 OR AY.4.4 OR AY.4.5 OR AY.4.6 OR AY.4.7 OR AY.4.8 OR AY.4.9 OR AY.4.10 OR AY.4.11 OR AY.4.12 OR AY.4.13 OR AY.4.14 OR AY.4.15 OR AY.4.16 OR AY.4.17 OR AY.5 OR AY.5.1 OR AY.5.2 OR AY.5.3 OR AY.5.4 OR AY.5.5 OR AY.5.6 OR AY.5.7 OR AY.6 OR AY.7 OR AY.7.1 OR AY.7.2 OR AY.8 OR AY.9 OR AY.9.2 OR AY.9.2.1 OR AY.9.2.2 OR AY.10 OR AY.11 OR AY.13 OR AY.14 OR AY.15 OR AY.16 OR AY.16.1 OR AY.17 OR AY.18 OR AY.19 OR AY.20 OR AY.20.1 OR AY.21 OR AY.22 OR AY.23 OR AY.23.1 OR AY.23.2 OR AY.24 OR AY.24.1 OR AY.25 OR AY.25.1 OR AY.25.1.1 OR AY.25.1.2 OR AY.25.2 OR AY.25.3 OR AY.26 OR AY.26.1 OR AY.27 OR AY.28 OR AY.29 OR AY.29.1 OR AY.29.2 OR AY.30 OR AY.31 OR AY.32 OR AY.33 OR AY.33.1 OR AY.33.2 OR AY.34 OR AY.34.1 OR AY.34.1.1 OR AY.34.2 OR AY.35 OR AY.36 OR AY.36.1 OR AY.37 OR AY.38 OR AY.39 OR AY.39.1 OR AY.39.1.1 OR AY.39.1.2 OR AY.39.1.3 OR AY.39.1.4 OR AY.39.2 OR AY.39.3 OR AY.40 OR AY.41 OR AY.42 OR AY.42.1 OR AY.43 OR AY.43.1 OR AY.43.2 OR AY.43.3 OR AY.43.4 OR AY.43.5 OR AY.43.6 OR AY.43.7 OR AY.43.8 OR AY.43.9 OR AY.44 OR AY.45 OR AY.46 OR AY.46.1 OR AY.46.2 OR AY.46.3 OR AY.46.4 OR AY.46.5 OR AY.46.6 OR AY.46.6.1 OR AY.47 OR AY.48 OR AY.49 OR AY.50 OR AY.51 OR AY.52 OR AY.53 OR AY.54 OR AY.55 OR AY.56 OR AY.57 OR AY.58 OR AY.59 OR AY.60 OR AY.61 OR AY.62 OR AY.63 OR AY.64 OR AY.65 OR AY.66 OR AY.67 OR AY.68 OR AY.69 OR AY.70 OR AY.71 OR AY.72 OR AY.73 OR AY.74 OR AY.75 OR AY.75.2 OR AY.75.3 OR AY.76 OR AY.77 OR AY.78 OR AY.79 OR AY.80 OR AY.81 OR AY.82 OR AY.83 OR AY.84 OR AY.85 OR AY.86 OR AY.87 OR AY.88 OR AY.90 OR AY.91 OR AY.91.1 OR AY.92 OR AY.93 OR AY.94 OR AY.95 OR AY.98 OR AY.98.1 OR AY.98.1.1 OR AY.99 OR AY.99.1 OR AY.99.2 OR AY.100 OR AY.101 OR AY.102 OR AY.102.1 OR AY.102.2 OR AY.103 OR AY.103.1 OR AY.103.2 OR AY.104 OR AY.105 OR AY.106 OR AY.107 OR AY.108 OR AY.109 OR AY.110 OR AY.111 OR AY.112 OR AY.112.1 OR AY.112.2 OR AY.112.3 OR AY.113 OR AY.114 OR AY.116 OR AY.116.1 OR AY.117 OR AY.118 OR AY.119 OR AY.119.1 OR AY.119.2 OR AY.120 OR AY.120.1 OR AY.120.2 OR AY.120.2.1 OR AY.121 OR AY.121.1 OR AY.122 OR AY.122.1 OR AY.122.2 OR AY.122.3 OR AY.122.4 OR AY.122.5 OR AY.122.6 OR AY.123 OR AY.123.1 OR AY.124 OR AY.124.1 OR AY.124.1.1 OR AY.125 OR AY.125.1 OR AY.126 OR AY.127 OR AY.127.1 OR AY.127.2 OR AY.127.3 OR AY.128 OR AY.129 OR AY.130 OR AY.131 OR AY.132 OR AY.133 OR AY.134 OR B.1.617.2,Delta,2.78571428571429,0.0714285714285714,0.0256410256410256
2021-05-02,3,0,2.16666666666667,0,0,0.000216908470030966,0.666821754401209,AY.1 OR AY.2 OR AY.3 OR AY.3.1 OR AY.3.2 OR AY.3.3 OR AY.3.4 OR AY.4 OR AY.4.1 OR AY.4.2 OR AY.4.2.1 OR AY.4.2.2 OR AY.4.2.3 OR AY.4.2.4 OR AY.4.2.5 OR AY.4.3 OR AY.4.4 OR AY.4.5 OR AY.4.6 OR AY.4.7 OR AY.4.8 OR AY.4.9 OR AY.4.10 OR AY.4.11 OR AY.4.12 OR AY.4.13 OR AY.4.14 OR AY.4.15 OR AY.4.16 OR AY.4.17 OR AY.5 OR AY.5.1 OR AY.5.2 OR AY.5.3 OR AY.5.4 OR AY.5.5 OR AY.5.6 OR AY.5.7 OR AY.6 OR AY.7 OR AY.7.1 OR AY.7.2 OR AY.8 OR AY.9 OR AY.9.2 OR AY.9.2.1 OR AY.9.2.2 OR AY.10 OR AY.11 OR AY.13 OR AY.14 OR AY.15 OR AY.16 OR AY.16.1 OR AY.17 OR AY.18 OR AY.19 OR AY.20 OR AY.20.1 OR AY.21 OR AY.22 OR AY.23 OR AY.23.1 OR AY.23.2 OR AY.24 OR AY.24.1 OR AY.25 OR AY.25.1 OR AY.25.1.1 OR AY.25.1.2 OR AY.25.2 OR AY.25.3 OR AY.26 OR AY.26.1 OR AY.27 OR AY.28 OR AY.29 OR AY.29.1 OR AY.29.2 OR AY.30 OR AY.31 OR AY.32 OR AY.33 OR AY.33.1 OR AY.33.2 OR AY.34 OR AY.34.1 OR AY.34.1.1 OR AY.34.2 OR AY.35 OR AY.36 OR AY.36.1 OR AY.37 OR AY.38 OR AY.39 OR AY.39.1 OR AY.39.1.1 OR AY.39.1.2 OR AY.39.1.3 OR AY.39.1.4 OR AY.39.2 OR AY.39.3 OR AY.40 OR AY.41 OR AY.42 OR AY.42.1 OR AY.43 OR AY.43.1 OR AY.43.2 OR AY.43.3 OR AY.43.4 OR AY.43.5 OR AY.43.6 OR AY.43.7 OR AY.43.8 OR AY.43.9 OR AY.44 OR AY.45 OR AY.46 OR AY.46.1 OR AY.46.2 OR AY.46.3 OR AY.46.4 OR AY.46.5 OR AY.46.6 OR AY.46.6.1 OR AY.47 OR AY.48 OR AY.49 OR AY.50 OR AY.51 OR AY.52 OR AY.53 OR AY.54 OR AY.55 OR AY.56 OR AY.57 OR AY.58 OR AY.59 OR AY.60 OR AY.61 OR AY.62 OR AY.63 OR AY.64 OR AY.65 OR AY.66 OR AY.67 OR AY.68 OR AY.69 OR AY.70 OR AY.71 OR AY.72 OR AY.73 OR AY.74 OR AY.75 OR AY.75.2 OR AY.75.3 OR AY.76 OR AY.77 OR AY.78 OR AY.79 OR AY.80 OR AY.81 OR AY.82 OR AY.83 OR AY.84 OR AY.85 OR AY.86 OR AY.87 OR AY.88 OR AY.90 OR AY.91 OR AY.91.1 OR AY.92 OR AY.93 OR AY.94 OR AY.95 OR AY.98 OR AY.98.1 OR AY.98.1.1 OR AY.99 OR AY.99.1 OR AY.99.2 OR AY.100 OR AY.101 OR AY.102 OR AY.102.1 OR AY.102.2 OR AY.103 OR AY.103.1 OR AY.103.2 OR AY.104 OR AY.105 OR AY.106 OR AY.107 OR AY.108 OR AY.109 OR AY.110 OR AY.111 OR AY.112 OR AY.112.1 OR AY.112.2 OR AY.112.3 OR AY.113 OR AY.114 OR AY.116 OR AY.116.1 OR AY.117 OR AY.118 OR AY.119 OR AY.119.1 OR AY.119.2 OR AY.120 OR AY.120.1 OR AY.120.2 OR AY.120.2.1 OR AY.121 OR AY.121.1 OR AY.122 OR AY.122.1 OR AY.122.2 OR AY.122.3 OR AY.122.4 OR AY.122.5 OR AY.122.6 OR AY.123 OR AY.123.1 OR AY.124 OR AY.124.1 OR AY.124.1.1 OR AY.125 OR AY.125.1 OR AY.126 OR AY.127 OR AY.127.1 OR AY.127.2 OR AY.127.3 OR AY.128 OR AY.129 OR AY.130 OR AY.131 OR AY.132 OR AY.133 OR AY.134 OR B.1.617.2,Delta,2.85714285714286,0,0
2021-05-03,6,0,3,0,0,0.000150636025436569,0.53558324304295,AY.1 OR AY.2 OR AY.3 OR AY.3.1 OR AY.3.2 OR AY.3.3 OR AY.3.4 OR AY.4 OR AY.4.1 OR AY.4.2 OR AY.4.2.1 OR AY.4.2.2 OR AY.4.2.3 OR AY.4.2.4 OR AY.4.2.5 OR AY.4.3 OR AY.4.4 OR AY.4.5 OR AY.4.6 OR AY.4.7 OR AY.4.8 OR AY.4.9 OR AY.4.10 OR AY.4.11 OR AY.4.12 OR AY.4.13 OR AY.4.14 OR AY.4.15 OR AY.4.16 OR AY.4.17 OR AY.5 OR AY.5.1 OR AY.5.2 OR AY.5.3 OR AY.5.4 OR AY.5.5 OR AY.5.6 OR AY.5.7 OR AY.6 OR AY.7 OR AY.7.1 OR AY.7.2 OR AY.8 OR AY.9 OR AY.9.2 OR AY.9.2.1 OR AY.9.2.2 OR AY.10 OR AY.11 OR AY.13 OR AY.14 OR AY.15 OR AY.16 OR AY.16.1 OR AY.17 OR AY.18 OR AY.19 OR AY.20 OR AY.20.1 OR AY.21 OR AY.22 OR AY.23 OR AY.23.1 OR AY.23.2 OR AY.24 OR AY.24.1 OR AY.25 OR AY.25.1 OR AY.25.1.1 OR AY.25.1.2 OR AY.25.2 OR AY.25.3 OR AY.26 OR AY.26.1 OR AY.27 OR AY.28 OR AY.29 OR AY.29.1 OR AY.29.2 OR AY.30 OR AY.31 OR AY.32 OR AY.33 OR AY.33.1 OR AY.33.2 OR AY.34 OR AY.34.1 OR AY.34.1.1 OR AY.34.2 OR AY.35 OR AY.36 OR AY.36.1 OR AY.37 OR AY.38 OR AY.39 OR AY.39.1 OR AY.39.1.1 OR AY.39.1.2 OR AY.39.1.3 OR AY.39.1.4 OR AY.39.2 OR AY.39.3 OR AY.40 OR AY.41 OR AY.42 OR AY.42.1 OR AY.43 OR AY.43.1 OR AY.43.2 OR AY.43.3 OR AY.43.4 OR AY.43.5 OR AY.43.6 OR AY.43.7 OR AY.43.8 OR AY.43.9 OR AY.44 OR AY.45 OR AY.46 OR AY.46.1 OR AY.46.2 OR AY.46.3 OR AY.46.4 OR AY.46.5 OR AY.46.6 OR AY.46.6.1 OR AY.47 OR AY.48 OR AY.49 OR AY.50 OR AY.51 OR AY.52 OR AY.53 OR AY.54 OR AY.55 OR AY.56 OR AY.57 OR AY.58 OR AY.59 OR AY.60 OR AY.61 OR AY.62 OR AY.63 OR AY.64 OR AY.65 OR AY.66 OR AY.67 OR AY.68 OR AY.69 OR AY.70 OR AY.71 OR AY.72 OR AY.73 OR AY.74 OR AY.75 OR AY.75.2 OR AY.75.3 OR AY.76 OR AY.77 OR AY.78 OR AY.79 OR AY.80 OR AY.81 OR AY.82 OR AY.83 OR AY.84 OR AY.85 OR AY.86 OR AY.87 OR AY.88 OR AY.90 OR AY.91 OR AY.91.1 OR AY.92 OR AY.93 OR AY.94 OR AY.95 OR AY.98 OR AY.98.1 OR AY.98.1.1 OR AY.99 OR AY.99.1 OR AY.99.2 OR AY.100 OR AY.101 OR AY.102 OR AY.102.1 OR AY.102.2 OR AY.103 OR AY.103.1 OR AY.103.2 OR AY.104 OR AY.105 OR AY.106 OR AY.107 OR AY.108 OR AY.109 OR AY.110 OR AY.111 OR AY.112 OR AY.112.1 OR AY.112.2 OR AY.112.3 OR AY.113 OR AY.114 OR AY.116 OR AY.116.1 OR AY.117 OR AY.118 OR AY.119 OR AY.119.1 OR AY.119.2 OR AY.120 OR AY.120.1 OR AY.120.2 OR AY.120.2.1 OR AY.121 OR AY.121.1 OR AY.122 OR AY.122.1 OR AY.122.2 OR AY.122.3 OR AY.122.4 OR AY.122.5 OR AY.122.6 OR AY.123 OR AY.123.1 OR AY.124 OR AY.124.1 OR AY.124.1.1 OR AY.125 OR AY.125.1 OR AY.126 OR AY.127 OR AY.127.1 OR AY.127.2 OR AY.127.3 OR AY.128 OR AY.129 OR AY.130 OR AY.131 OR AY.132 OR AY.133 OR AY.134 OR B.1.617.2,Delta,2.85714285714286,0,0
2021-05-04,5,0,3.5,0,0,0.000115332788238275,0.44476261765764,AY.1 OR AY.2 OR AY.3 OR AY.3.1 OR AY.3.2 OR AY.3.3 OR AY.3.4 OR AY.4 OR AY.4.1 OR AY.4.2 OR AY.4.2.1 OR AY.4.2.2 OR AY.4.2.3 OR AY.4.2.4 OR AY.4.2.5 OR AY.4.3 OR AY.4.4 OR AY.4.5 OR AY.4.6 OR AY.4.7 OR AY.4.8 OR AY.4.9 OR AY.4.10 OR AY.4.11 OR AY.4.12 OR AY.4.13 OR AY.4.14 OR AY.4.15 OR AY.4.16 OR AY.4.17 OR AY.5 OR AY.5.1 OR AY.5.2 OR AY.5.3 OR AY.5.4 OR AY.5.5 OR AY.5.6 OR AY.5.7 OR AY.6 OR AY.7 OR AY.7.1 OR AY.7.2 OR AY.8 OR AY.9 OR AY.9.2 OR AY.9.2.1 OR AY.9.2.2 OR AY.10 OR AY.11 OR AY.13 OR AY.14 OR AY.15 OR AY.16 OR AY.16.1 OR AY.17 OR AY.18 OR AY.19 OR AY.20 OR AY.20.1 OR AY.21 OR AY.22 OR AY.23 OR AY.23.1 OR AY.23.2 OR AY.24 OR AY.24.1 OR AY.25 OR AY.25.1 OR AY.25.1.1 OR AY.25.1.2 OR AY.25.2 OR AY.25.3 OR AY.26 OR AY.26.1 OR AY.27 OR AY.28 OR AY.29 OR AY.29.1 OR AY.29.2 OR AY.30 OR AY.31 OR AY.32 OR AY.33 OR AY.33.1 OR AY.33.2 OR AY.34 OR AY.34.1 OR AY.34.1.1 OR AY.34.2 OR AY.35 OR AY.36 OR AY.36.1 OR AY.37 OR AY.38 OR AY.39 OR AY.39.1 OR AY.39.1.1 OR AY.39.1.2 OR AY.39.1.3 OR AY.39.1.4 OR AY.39.2 OR AY.39.3 OR AY.40 OR AY.41 OR AY.42 OR AY.42.1 OR AY.43 OR AY.43.1 OR AY.43.2 OR AY.43.3 OR AY.43.4 OR AY.43.5 OR AY.43.6 OR AY.43.7 OR AY.43.8 OR AY.43.9 OR AY.44 OR AY.45 OR AY.46 OR AY.46.1 OR AY.46.2 OR AY.46.3 OR AY.46.4 OR AY.46.5 OR AY.46.6 OR AY.46.6.1 OR AY.47 OR AY.48 OR AY.49 OR AY.50 OR AY.51 OR AY.52 OR AY.53 OR AY.54 OR AY.55 OR AY.56 OR AY.57 OR AY.58 OR AY.59 OR AY.60 OR AY.61 OR AY.62 OR AY.63 OR AY.64 OR AY.65 OR AY.66 OR AY.67 OR AY.68 OR AY.69 OR AY.70 OR AY.71 OR AY.72 OR AY.73 OR AY.74 OR AY.75 OR AY.75.2 OR AY.75.3 OR AY.76 OR AY.77 OR AY.78 OR AY.79 OR AY.80 OR AY.81 OR AY.82 OR AY.83 OR AY.84 OR AY.85 OR AY.86 OR AY.87 OR AY.88 OR AY.90 OR AY.91 OR AY.91.1 OR AY.92 OR AY.93 OR AY.94 OR AY.95 OR AY.98 OR AY.98.1 OR AY.98.1.1 OR AY.99 OR AY.99.1 OR AY.99.2 OR AY.100 OR AY.101 OR AY.102 OR AY.102.1 OR AY.102.2 OR AY.103 OR AY.103.1 OR AY.103.2 OR AY.104 OR AY.105 OR AY.106 OR AY.107 OR AY.108 OR AY.109 OR AY.110 OR AY.111 OR AY.112 OR AY.112.1 OR AY.112.2 OR AY.112.3 OR AY.113 OR AY.114 OR AY.116 OR AY.116.1 OR AY.117 OR AY.118 OR AY.119 OR AY.119.1 OR AY.119.2 OR AY.120 OR AY.120.1 OR AY.120.2 OR AY.120.2.1 OR AY.121 OR AY.121.1 OR AY.122 OR AY.122.1 OR AY.122.2 OR AY.122.3 OR AY.122.4 OR AY.122.5 OR AY.122.6 OR AY.123 OR AY.123.1 OR AY.124 OR AY.124.1 OR AY.124.1.1 OR AY.125 OR AY.125.1 OR AY.126 OR AY.127 OR AY.127.1 OR AY.127.2 OR AY.127.3 OR AY.128 OR AY.129 OR AY.130 OR AY.131 OR AY.132 OR AY.133 OR AY.134 OR B.1.617.2,Delta,3,0,0
2021-05-06,2,0,3.5,0,0,0.000115332788238275,0.44476261765764,AY.1 OR AY.2 OR AY.3 OR AY.3.1 OR AY.3.2 OR AY.3.3 OR AY.3.4 OR AY.4 OR AY.4.1 OR AY.4.2 OR AY.4.2.1 OR AY.4.2.2 OR AY.4.2.3 OR AY.4.2.4 OR AY.4.2.5 OR AY.4.3 OR AY.4.4 OR AY.4.5 OR AY.4.6 OR AY.4.7 OR AY.4.8 OR AY.4.9 OR AY.4.10 OR AY.4.11 OR AY.4.12 OR AY.4.13 OR AY.4.14 OR AY.4.15 OR AY.4.16 OR AY.4.17 OR AY.5 OR AY.5.1 OR AY.5.2 OR AY.5.3 OR AY.5.4 OR AY.5.5 OR AY.5.6 OR AY.5.7 OR AY.6 OR AY.7 OR AY.7.1 OR AY.7.2 OR AY.8 OR AY.9 OR AY.9.2 OR AY.9.2.1 OR AY.9.2.2 OR AY.10 OR AY.11 OR AY.13 OR AY.14 OR AY.15 OR AY.16 OR AY.16.1 OR AY.17 OR AY.18 OR AY.19 OR AY.20 OR AY.20.1 OR AY.21 OR AY.22 OR AY.23 OR AY.23.1 OR AY.23.2 OR AY.24 OR AY.24.1 OR AY.25 OR AY.25.1 OR AY.25.1.1 OR AY.25.1.2 OR AY.25.2 OR AY.25.3 OR AY.26 OR AY.26.1 OR AY.27 OR AY.28 OR AY.29 OR AY.29.1 OR AY.29.2 OR AY.30 OR AY.31 OR AY.32 OR AY.33 OR AY.33.1 OR AY.33.2 OR AY.34 OR AY.34.1 OR AY.34.1.1 OR AY.34.2 OR AY.35 OR AY.36 OR AY.36.1 OR AY.37 OR AY.38 OR AY.39 OR AY.39.1 OR AY.39.1.1 OR AY.39.1.2 OR AY.39.1.3 OR AY.39.1.4 OR AY.39.2 OR AY.39.3 OR AY.40 OR AY.41 OR AY.42 OR AY.42.1 OR AY.43 OR AY.43.1 OR AY.43.2 OR AY.43.3 OR AY.43.4 OR AY.43.5 OR AY.43.6 OR AY.43.7 OR AY.43.8 OR AY.43.9 OR AY.44 OR AY.45 OR AY.46 OR AY.46.1 OR AY.46.2 OR AY.46.3 OR AY.46.4 OR AY.46.5 OR AY.46.6 OR AY.46.6.1 OR AY.47 OR AY.48 OR AY.49 OR AY.50 OR AY.51 OR AY.52 OR AY.53 OR AY.54 OR AY.55 OR AY.56 OR AY.57 OR AY.58 OR AY.59 OR AY.60 OR AY.61 OR AY.62 OR AY.63 OR AY.64 OR AY.65 OR AY.66 OR AY.67 OR AY.68 OR AY.69 OR AY.70 OR AY.71 OR AY.72 OR AY.73 OR AY.74 OR AY.75 OR AY.75.2 OR AY.75.3 OR AY.76 OR AY.77 OR AY.78 OR AY.79 OR AY.80 OR AY.81 OR AY.82 OR AY.83 OR AY.84 OR AY.85 OR AY.86 OR AY.87 OR AY.88 OR AY.90 OR AY.91 OR AY.91.1 OR AY.92 OR AY.93 OR AY.94 OR AY.95 OR AY.98 OR AY.98.1 OR AY.98.1.1 OR AY.99 OR AY.99.1 OR AY.99.2 OR AY.100 OR AY.101 OR AY.102 OR AY.102.1 OR AY.102.2 OR AY.103 OR AY.103.1 OR AY.103.2 OR AY.104 OR AY.105 OR AY.106 OR AY.107 OR AY.108 OR AY.109 OR AY.110 OR AY.111 OR AY.112 OR AY.112.1 OR AY.112.2 OR AY.112.3 OR AY.113 OR AY.114 OR AY.116 OR AY.116.1 OR AY.117 OR AY.118 OR AY.119 OR AY.119.1 OR AY.119.2 OR AY.120 OR AY.120.1 OR AY.120.2 OR AY.120.2.1 OR AY.121 OR AY.121.1 OR AY.122 OR AY.122.1 OR AY.122.2 OR AY.122.3 OR AY.122.4 OR AY.122.5 OR AY.122.6 OR AY.123 OR AY.123.1 OR AY.124 OR AY.124.1 OR AY.124.1.1 OR AY.125 OR AY.125.1 OR AY.126 OR AY.127 OR AY.127.1 OR AY.127.2 OR AY.127.3 OR AY.128 OR AY.129 OR AY.130 OR AY.131 OR AY.132 OR AY.133 OR AY.134 OR B.1.617.2,Delta,2.57142857142857,0,0
2021-05-07,2,0,3.16666666666667,0,0,0.000150636025436569,0.53558324304295,AY.1 OR AY.2 OR AY.3 OR AY.3.1 OR AY.3.2 OR AY.3.3 OR AY.3.4 OR AY.4 OR AY.4.1 OR AY.4.2 OR AY.4.2.1 OR AY.4.2.2 OR AY.4.2.3 OR AY.4.2.4 OR AY.4.2.5 OR AY.4.3 OR AY.4.4 OR AY.4.5 OR AY.4.6 OR AY.4.7 OR AY.4.8 OR AY.4.9 OR AY.4.10 OR AY.4.11 OR AY.4.12 OR AY.4.13 OR AY.4.14 OR AY.4.15 OR AY.4.16 OR AY.4.17 OR AY.5 OR AY.5.1 OR AY.5.2 OR AY.5.3 OR AY.5.4 OR AY.5.5 OR AY.5.6 OR AY.5.7 OR AY.6 OR AY.7 OR AY.7.1 OR AY.7.2 OR AY.8 OR AY.9 OR AY.9.2 OR AY.9.2.1 OR AY.9.2.2 OR AY.10 OR AY.11 OR AY.13 OR AY.14 OR AY.15 OR AY.16 OR AY.16.1 OR AY.17 OR AY.18 OR AY.19 OR AY.20 OR AY.20.1 OR AY.21 OR AY.22 OR AY.23 OR AY.23.1 OR AY.23.2 OR AY.24 OR AY.24.1 OR AY.25 OR AY.25.1 OR AY.25.1.1 OR AY.25.1.2 OR AY.25.2 OR AY.25.3 OR AY.26 OR AY.26.1 OR AY.27 OR AY.28 OR AY.29 OR AY.29.1 OR AY.29.2 OR AY.30 OR AY.31 OR AY.32 OR AY.33 OR AY.33.1 OR AY.33.2 OR AY.34 OR AY.34.1 OR AY.34.1.1 OR AY.34.2 OR AY.35 OR AY.36 OR AY.36.1 OR AY.37 OR AY.38 OR AY.39 OR AY.39.1 OR AY.39.1.1 OR AY.39.1.2 OR AY.39.1.3 OR AY.39.1.4 OR AY.39.2 OR AY.39.3 OR AY.40 OR AY.41 OR AY.42 OR AY.42.1 OR AY.43 OR AY.43.1 OR AY.43.2 OR AY.43.3 OR AY.43.4 OR AY.43.5 OR AY.43.6 OR AY.43.7 OR AY.43.8 OR AY.43.9 OR AY.44 OR AY.45 OR AY.46 OR AY.46.1 OR AY.46.2 OR AY.46.3 OR AY.46.4 OR AY.46.5 OR AY.46.6 OR AY.46.6.1 OR AY.47 OR AY.48 OR AY.49 OR AY.50 OR AY.51 OR AY.52 OR AY.53 OR AY.54 OR AY.55 OR AY.56 OR AY.57 OR AY.58 OR AY.59 OR AY.60 OR AY.61 OR AY.62 OR AY.63 OR AY.64 OR AY.65 OR AY.66 OR AY.67 OR AY.68 OR AY.69 OR AY.70 OR AY.71 OR AY.72 OR AY.73 OR AY.74 OR AY.75 OR AY.75.2 OR AY.75.3 OR AY.76 OR AY.77 OR AY.78 OR AY.79 OR AY.80 OR AY.81 OR AY.82 OR AY.83 OR AY.84 OR AY.85 OR AY.86 OR AY.87 OR AY.88 OR AY.90 OR AY.91 OR AY.91.1 OR AY.92 OR AY.93 OR AY.94 OR AY.95 OR AY.98 OR AY.98.1 OR AY.98.1.1 OR AY.99 OR AY.99.1 OR AY.99.2 OR AY.100 OR AY.101 OR AY.102 OR AY.102.1 OR AY.102.2 OR AY.103 OR AY.103.1 OR AY.103.2 OR AY.104 OR AY.105 OR AY.106 OR AY.107 OR AY.108 OR AY.109 OR AY.110 OR AY.111 OR AY.112 OR AY.112.1 OR AY.112.2 OR AY.112.3 OR AY.113 OR AY.114 OR AY.116 OR AY.116.1 OR AY.117 OR AY.118 OR AY.119 OR AY.119.1 OR AY.119.2 OR AY.120 OR AY.120.1 OR AY.120.2 OR AY.120.2.1 OR AY.121 OR AY.121.1 OR AY.122 OR AY.122.1 OR AY.122.2 OR AY.122.3 OR AY.122.4 OR AY.122.5 OR AY.122.6 OR AY.123 OR AY.123.1 OR AY.124 OR AY.124.1 OR AY.124.1.1 OR AY.125 OR AY.125.1 OR AY.126 OR AY.127 OR AY.127.1 OR AY.127.2 OR AY.127.3 OR AY.128 OR AY.129 OR AY.130 OR AY.131 OR AY.132 OR AY.133 OR AY.134 OR B.1.617.2,Delta,2.57142857142857,0,0
2021-05-08,2,0,3.33333333333333,0,0,0.000150636025436569,0.53558324304295,AY.1 OR AY.2 OR AY.3 OR AY.3.1 OR AY.3.2 OR AY.3.3 OR AY.3.4 OR AY.4 OR AY.4.1 OR AY.4.2 OR AY.4.2.1 OR AY.4.2.2 OR AY.4.2.3 OR AY.4.2.4 OR AY.4.2.5 OR AY.4.3 OR AY.4.4 OR AY.4.5 OR AY.4.6 OR AY.4.7 OR AY.4.8 OR AY.4.9 OR AY.4.10 OR AY.4.11 OR AY.4.12 OR AY.4.13 OR AY.4.14 OR AY.4.15 OR AY.4.16 OR AY.4.17 OR AY.5 OR AY.5.1 OR AY.5.2 OR AY.5.3 OR AY.5.4 OR AY.5.5 OR AY.5.6 OR AY.5.7 OR AY.6 OR AY.7 OR AY.7.1 OR AY.7.2 OR AY.8 OR AY.9 OR AY.9.2 OR AY.9.2.1 OR AY.9.2.2 OR AY.10 OR AY.11 OR AY.13 OR AY.14 OR AY.15 OR AY.16 OR AY.16.1 OR AY.17 OR AY.18 OR AY.19 OR AY.20 OR AY.20.1 OR AY.21 OR AY.22 OR AY.23 OR AY.23.1 OR AY.23.2 OR AY.24 OR AY.24.1 OR AY.25 OR AY.25.1 OR AY.25.1.1 OR AY.25.1.2 OR AY.25.2 OR AY.25.3 OR AY.26 OR AY.26.1 OR AY.27 OR AY.28 OR AY.29 OR AY.29.1 OR AY.29.2 OR AY.30 OR AY.31 OR AY.32 OR AY.33 OR AY.33.1 OR AY.33.2 OR AY.34 OR AY.34.1 OR AY.34.1.1 OR AY.34.2 OR AY.35 OR AY.36 OR AY.36.1 OR AY.37 OR AY.38 OR AY.39 OR AY.39.1 OR AY.39.1.1 OR AY.39.1.2 OR AY.39.1.3 OR AY.39.1.4 OR AY.39.2 OR AY.39.3 OR AY.40 OR AY.41 OR AY.42 OR AY.42.1 OR AY.43 OR AY.43.1 OR AY.43.2 OR AY.43.3 OR AY.43.4 OR AY.43.5 OR AY.43.6 OR AY.43.7 OR AY.43.8 OR AY.43.9 OR AY.44 OR AY.45 OR AY.46 OR AY.46.1 OR AY.46.2 OR AY.46.3 OR AY.46.4 OR AY.46.5 OR AY.46.6 OR AY.46.6.1 OR AY.47 OR AY.48 OR AY.49 OR AY.50 OR AY.51 OR AY.52 OR AY.53 OR AY.54 OR AY.55 OR AY.56 OR AY.57 OR AY.58 OR AY.59 OR AY.60 OR AY.61 OR AY.62 OR AY.63 OR AY.64 OR AY.65 OR AY.66 OR AY.67 OR AY.68 OR AY.69 OR AY.70 OR AY.71 OR AY.72 OR AY.73 OR AY.74 OR AY.75 OR AY.75.2 OR AY.75.3 OR AY.76 OR AY.77 OR AY.78 OR AY.79 OR AY.80 OR AY.81 OR AY.82 OR AY.83 OR AY.84 OR AY.85 OR AY.86 OR AY.87 OR AY.88 OR AY.90 OR AY.91 OR AY.91.1 OR AY.92 OR AY.93 OR AY.94 OR AY.95 OR AY.98 OR AY.98.1 OR AY.98.1.1 OR AY.99 OR AY.99.1 OR AY.99.2 OR AY.100 OR AY.101 OR AY.102 OR AY.102.1 OR AY.102.2 OR AY.103 OR AY.103.1 OR AY.103.2 OR AY.104 OR AY.105 OR AY.106 OR AY.107 OR AY.108 OR AY.109 OR AY.110 OR AY.111 OR AY.112 OR AY.112.1 OR AY.112.2 OR AY.112.3 OR AY.113 OR AY.114 OR AY.116 OR AY.116.1 OR AY.117 OR AY.118 OR AY.119 OR AY.119.1 OR AY.119.2 OR AY.120 OR AY.120.1 OR AY.120.2 OR AY.120.2.1 OR AY.121 OR AY.121.1 OR AY.122 OR AY.122.1 OR AY.122.2 OR AY.122.3 OR AY.122.4 OR AY.122.5 OR AY.122.6 OR AY.123 OR AY.123.1 OR AY.124 OR AY.124.1 OR AY.124.1.1 OR AY.125 OR AY.125.1 OR AY.126 OR AY.127 OR AY.127.1 OR AY.127.2 OR AY.127.3 OR AY.128 OR AY.129 OR AY.130 OR AY.131 OR AY.132 OR AY.133 OR AY.134 OR B.1.617.2,Delta,2.64285714285714,0,0
2021-05-10,1,0,2.4,0,0,0.000216908470030966,0.666821754401209,AY.1 OR AY.2 OR AY.3 OR AY.3.1 OR AY.3.2 OR AY.3.3 OR AY.3.4 OR AY.4 OR AY.4.1 OR AY.4.2 OR AY.4.2.1 OR AY.4.2.2 OR AY.4.2.3 OR AY.4.2.4 OR AY.4.2.5 OR AY.4.3 OR AY.4.4 OR AY.4.5 OR AY.4.6 OR AY.4.7 OR AY.4.8 OR AY.4.9 OR AY.4.10 OR AY.4.11 OR AY.4.12 OR AY.4.13 OR AY.4.14 OR AY.4.15 OR AY.4.16 OR AY.4.17 OR AY.5 OR AY.5.1 OR AY.5.2 OR AY.5.3 OR AY.5.4 OR AY.5.5 OR AY.5.6 OR AY.5.7 OR AY.6 OR AY.7 OR AY.7.1 OR AY.7.2 OR AY.8 OR AY.9 OR AY.9.2 OR AY.9.2.1 OR AY.9.2.2 OR AY.10 OR AY.11 OR AY.13 OR AY.14 OR AY.15 OR AY.16 OR AY.16.1 OR AY.17 OR AY.18 OR AY.19 OR AY.20 OR AY.20.1 OR AY.21 OR AY.22 OR AY.23 OR AY.23.1 OR AY.23.2 OR AY.24 OR AY.24.1 OR AY.25 OR AY.25.1 OR AY.25.1.1 OR AY.25.1.2 OR AY.25.2 OR AY.25.3 OR AY.26 OR AY.26.1 OR AY.27 OR AY.28 OR AY.29 OR AY.29.1 OR AY.29.2 OR AY.30 OR AY.31 OR AY.32 OR AY.33 OR AY.33.1 OR AY.33.2 OR AY.34 OR AY.34.1 OR AY.34.1.1 OR AY.34.2 OR AY.35 OR AY.36 OR AY.36.1 OR AY.37 OR AY.38 OR AY.39 OR AY.39.1 OR AY.39.1.1 OR AY.39.1.2 OR AY.39.1.3 OR AY.39.1.4 OR AY.39.2 OR AY.39.3 OR AY.40 OR AY.41 OR AY.42 OR AY.42.1 OR AY.43 OR AY.43.1 OR AY.43.2 OR AY.43.3 OR AY.43.4 OR AY.43.5 OR AY.43.6 OR AY.43.7 OR AY.43.8 OR AY.43.9 OR AY.44 OR AY.45 OR AY.46 OR AY.46.1 OR AY.46.2 OR AY.46.3 OR AY.46.4 OR AY.46.5 OR AY.46.6 OR AY.46.6.1 OR AY.47 OR AY.48 OR AY.49 OR AY.50 OR AY.51 OR AY.52 OR AY.53 OR AY.54 OR AY.55 OR AY.56 OR AY.57 OR AY.58 OR AY.59 OR AY.60 OR AY.61 OR AY.62 OR AY.63 OR AY.64 OR AY.65 OR AY.66 OR AY.67 OR AY.68 OR AY.69 OR AY.70 OR AY.71 OR AY.72 OR AY.73 OR AY.74 OR AY.75 OR AY.75.2 OR AY.75.3 OR AY.76 OR AY.77 OR AY.78 OR AY.79 OR AY.80 OR AY.81 OR AY.82 OR AY.83 OR AY.84 OR AY.85 OR AY.86 OR AY.87 OR AY.88 OR AY.90 OR AY.91 OR AY.91.1 OR AY.92 OR AY.93 OR AY.94 OR AY.95 OR AY.98 OR AY.98.1 OR AY.98.1.1 OR AY.99 OR AY.99.1 OR AY.99.2 OR AY.100 OR AY.101 OR AY.102 OR AY.102.1 OR AY.102.2 OR AY.103 OR AY.103.1 OR AY.103.2 OR AY.104 OR AY.105 OR AY.106 OR AY.107 OR AY.108 OR AY.109 OR AY.110 OR AY.111 OR AY.112 OR AY.112.1 OR AY.112.2 OR AY.112.3 OR AY.113 OR AY.114 OR AY.116 OR AY.116.1 OR AY.117 OR AY.118 OR AY.119 OR AY.119.1 OR AY.119.2 OR AY.120 OR AY.120.1 OR AY.120.2 OR AY.120.2.1 OR AY.121 OR AY.121.1 OR AY.122 OR AY.122.1 OR AY.122.2 OR AY.122.3 OR AY.122.4 OR AY.122.5 OR AY.122.6 OR AY.123 OR AY.123.1 OR AY.124 OR AY.124.1 OR AY.124.1.1 OR AY.125 OR AY.125.1 OR AY.126 OR AY.127 OR AY.127.1 OR AY.127.2 OR AY.127.3 OR AY.128 OR AY.129 OR AY.130 OR AY.131 OR AY.132 OR AY.133 OR AY.134 OR B.1.617.2,Delta,2.42857142857143,0,0
2021-05-11,1,0,1.6,0,0,0.000216908470030966,0.666821754401209,AY.1 OR AY.2 OR AY.3 OR AY.3.1 OR AY.3.2 OR AY.3.3 OR AY.3.4 OR AY.4 OR AY.4.1 OR AY.4.2 OR AY.4.2.1 OR AY.4.2.2 OR AY.4.2.3 OR AY.4.2.4 OR AY.4.2.5 OR AY.4.3 OR AY.4.4 OR AY.4.5 OR AY.4.6 OR AY.4.7 OR AY.4.8 OR AY.4.9 OR AY.4.10 OR AY.4.11 OR AY.4.12 OR AY.4.13 OR AY.4.14 OR AY.4.15 OR AY.4.16 OR AY.4.17 OR AY.5 OR AY.5.1 OR AY.5.2 OR AY.5.3 OR AY.5.4 OR AY.5.5 OR AY.5.6 OR AY.5.7 OR AY.6 OR AY.7 OR AY.7.1 OR AY.7.2 OR AY.8 OR AY.9 OR AY.9.2 OR AY.9.2.1 OR AY.9.2.2 OR AY.10 OR AY.11 OR AY.13 OR AY.14 OR AY.15 OR AY.16 OR AY.16.1 OR AY.17 OR AY.18 OR AY.19 OR AY.20 OR AY.20.1 OR AY.21 OR AY.22 OR AY.23 OR AY.23.1 OR AY.23.2 OR AY.24 OR AY.24.1 OR AY.25 OR AY.25.1 OR AY.25.1.1 OR AY.25.1.2 OR AY.25.2 OR AY.25.3 OR AY.26 OR AY.26.1 OR AY.27 OR AY.28 OR AY.29 OR AY.29.1 OR AY.29.2 OR AY.30 OR AY.31 OR AY.32 OR AY.33 OR AY.33.1 OR AY.33.2 OR AY.34 OR AY.34.1 OR AY.34.1.1 OR AY.34.2 OR AY.35 OR AY.36 OR AY.36.1 OR AY.37 OR AY.38 OR AY.39 OR AY.39.1 OR AY.39.1.1 OR AY.39.1.2 OR AY.39.1.3 OR AY.39.1.4 OR AY.39.2 OR AY.39.3 OR AY.40 OR AY.41 OR AY.42 OR AY.42.1 OR AY.43 OR AY.43.1 OR AY.43.2 OR AY.43.3 OR AY.43.4 OR AY.43.5 OR AY.43.6 OR AY.43.7 OR AY.43.8 OR AY.43.9 OR AY.44 OR AY.45 OR AY.46 OR AY.46.1 OR AY.46.2 OR AY.46.3 OR AY.46.4 OR AY.46.5 OR AY.46.6 OR AY.46.6.1 OR AY.47 OR AY.48 OR AY.49 OR AY.50 OR AY.51 OR AY.52 OR AY.53 OR AY.54 OR AY.55 OR AY.56 OR AY.57 OR AY.58 OR AY.59 OR AY.60 OR AY.61 OR AY.62 OR AY.63 OR AY.64 OR AY.65 OR AY.66 OR AY.67 OR AY.68 OR AY.69 OR AY.70 OR AY.71 OR AY.72 OR AY.73 OR AY.74 OR AY.75 OR AY.75.2 OR AY.75.3 OR AY.76 OR AY.77 OR AY.78 OR AY.79 OR AY.80 OR AY.81 OR AY.82 OR AY.83 OR AY.84 OR AY.85 OR AY.86 OR AY.87 OR AY.88 OR AY.90 OR AY.91 OR AY.91.1 OR AY.92 OR AY.93 OR AY.94 OR AY.95 OR AY.98 OR AY.98.1 OR AY.98.1.1 OR AY.99 OR AY.99.1 OR AY.99.2 OR AY.100 OR AY.101 OR AY.102 OR AY.102.1 OR AY.102.2 OR AY.103 OR AY.103.1 OR AY.103.2 OR AY.104 OR AY.105 OR AY.106 OR AY.107 OR AY.108 OR AY.109 OR AY.110 OR AY.111 OR AY.112 OR AY.112.1 OR AY.112.2 OR AY.112.3 OR AY.113 OR AY.114 OR AY.116 OR AY.116.1 OR AY.117 OR AY.118 OR AY.119 OR AY.119.1 OR AY.119.2 OR AY.120 OR AY.120.1 OR AY.120.2 OR AY.120.2.1 OR AY.121 OR AY.121.1 OR AY.122 OR AY.122.1 OR AY.122.2 OR AY.122.3 OR AY.122.4 OR AY.122.5 OR AY.122.6 OR AY.123 OR AY.123.1 OR AY.124 OR AY.124.1 OR AY.124.1.1 OR AY.125 OR AY.125.1 OR AY.126 OR AY.127 OR AY.127.1 OR AY.127.2 OR AY.127.3 OR AY.128 OR AY.129 OR AY.130 OR AY.131 OR AY.132 OR AY.133 OR AY.134 OR B.1.617.2,Delta,2.42857142857143,0,0
2021-05-12,3,0,1.83333333333333,0,0,0.000216908470030966,0.666821754401209,AY.1 OR AY.2 OR AY.3 OR AY.3.1 OR AY.3.2 OR AY.3.3 OR AY.3.4 OR AY.4 OR AY.4.1 OR AY.4.2 OR AY.4.2.1 OR AY.4.2.2 OR AY.4.2.3 OR AY.4.2.4 OR AY.4.2.5 OR AY.4.3 OR AY.4.4 OR AY.4.5 OR AY.4.6 OR AY.4.7 OR AY.4.8 OR AY.4.9 OR AY.4.10 OR AY.4.11 OR AY.4.12 OR AY.4.13 OR AY.4.14 OR AY.4.15 OR AY.4.16 OR AY.4.17 OR AY.5 OR AY.5.1 OR AY.5.2 OR AY.5.3 OR AY.5.4 OR AY.5.5 OR AY.5.6 OR AY.5.7 OR AY.6 OR AY.7 OR AY.7.1 OR AY.7.2 OR AY.8 OR AY.9 OR AY.9.2 OR AY.9.2.1 OR AY.9.2.2 OR AY.10 OR AY.11 OR AY.13 OR AY.14 OR AY.15 OR AY.16 OR AY.16.1 OR AY.17 OR AY.18 OR AY.19 OR AY.20 OR AY.20.1 OR AY.21 OR AY.22 OR AY.23 OR AY.23.1 OR AY.23.2 OR AY.24 OR AY.24.1 OR AY.25 OR AY.25.1 OR AY.25.1.1 OR AY.25.1.2 OR AY.25.2 OR AY.25.3 OR AY.26 OR AY.26.1 OR AY.27 OR AY.28 OR AY.29 OR AY.29.1 OR AY.29.2 OR AY.30 OR AY.31 OR AY.32 OR AY.33 OR AY.33.1 OR AY.33.2 OR AY.34 OR AY.34.1 OR AY.34.1.1 OR AY.34.2 OR AY.35 OR AY.36 OR AY.36.1 OR AY.37 OR AY.38 OR AY.39 OR AY.39.1 OR AY.39.1.1 OR AY.39.1.2 OR AY.39.1.3 OR AY.39.1.4 OR AY.39.2 OR AY.39.3 OR AY.40 OR AY.41 OR AY.42 OR AY.42.1 OR AY.43 OR AY.43.1 OR AY.43.2 OR AY.43.3 OR AY.43.4 OR AY.43.5 OR AY.43.6 OR AY.43.7 OR AY.43.8 OR AY.43.9 OR AY.44 OR AY.45 OR AY.46 OR AY.46.1 OR AY.46.2 OR AY.46.3 OR AY.46.4 OR AY.46.5 OR AY.46.6 OR AY.46.6.1 OR AY.47 OR AY.48 OR AY.49 OR AY.50 OR AY.51 OR AY.52 OR AY.53 OR AY.54 OR AY.55 OR AY.56 OR AY.57 OR AY.58 OR AY.59 OR AY.60 OR AY.61 OR AY.62 OR AY.63 OR AY.64 OR AY.65 OR AY.66 OR AY.67 OR AY.68 OR AY.69 OR AY.70 OR AY.71 OR AY.72 OR AY.73 OR AY.74 OR AY.75 OR AY.75.2 OR AY.75.3 OR AY.76 OR AY.77 OR AY.78 OR AY.79 OR AY.80 OR AY.81 OR AY.82 OR AY.83 OR AY.84 OR AY.85 OR AY.86 OR AY.87 OR AY.88 OR AY.90 OR AY.91 OR AY.91.1 OR AY.92 OR AY.93 OR AY.94 OR AY.95 OR AY.98 OR AY.98.1 OR AY.98.1.1 OR AY.99 OR AY.99.1 OR AY.99.2 OR AY.100 OR AY.101 OR AY.102 OR AY.102.1 OR AY.102.2 OR AY.103 OR AY.103.1 OR AY.103.2 OR AY.104 OR AY.105 OR AY.106 OR AY.107 OR AY.108 OR AY.109 OR AY.110 OR AY.111 OR AY.112 OR AY.112.1 OR AY.112.2 OR AY.112.3 OR AY.113 OR AY.114 OR AY.116 OR AY.116.1 OR AY.117 OR AY.118 OR AY.119 OR AY.119.1 OR AY.119.2 OR AY.120 OR AY.120.1 OR AY.120.2 OR AY.120.2.1 OR AY.121 OR AY.121.1 OR AY.122 OR AY.122.1 OR AY.122.2 OR AY.122.3 OR AY.122.4 OR AY.122.5 OR AY.122.6 OR AY.123 OR AY.123.1 OR AY.124 OR AY.124.1 OR AY.124.1.1 OR AY.125 OR AY.125.1 OR AY.126 OR AY.127 OR AY.127.1 OR AY.127.2 OR AY.127.3 OR AY.128 OR AY.129 OR AY.130 OR AY.131 OR AY.132 OR AY.133 OR AY.134 OR B.1.617.2,Delta,2.5,0,0
2021-05-13,2,0,1.83333333333333,0,0,0.000216908470030966,0.666821754401209,AY.1 OR AY.2 OR AY.3 OR AY.3.1 OR AY.3.2 OR AY.3.3 OR AY.3.4 OR AY.4 OR AY.4.1 OR AY.4.2 OR AY.4.2.1 OR AY.4.2.2 OR AY.4.2.3 OR AY.4.2.4 OR AY.4.2.5 OR AY.4.3 OR AY.4.4 OR AY.4.5 OR AY.4.6 OR AY.4.7 OR AY.4.8 OR AY.4.9 OR AY.4.10 OR AY.4.11 OR AY.4.12 OR AY.4.13 OR AY.4.14 OR AY.4.15 OR AY.4.16 OR AY.4.17 OR AY.5 OR AY.5.1 OR AY.5.2 OR AY.5.3 OR AY.5.4 OR AY.5.5 OR AY.5.6 OR AY.5.7 OR AY.6 OR AY.7 OR AY.7.1 OR AY.7.2 OR AY.8 OR AY.9 OR AY.9.2 OR AY.9.2.1 OR AY.9.2.2 OR AY.10 OR AY.11 OR AY.13 OR AY.14 OR AY.15 OR AY.16 OR AY.16.1 OR AY.17 OR AY.18 OR AY.19 OR AY.20 OR AY.20.1 OR AY.21 OR AY.22 OR AY.23 OR AY.23.1 OR AY.23.2 OR AY.24 OR AY.24.1 OR AY.25 OR AY.25.1 OR AY.25.1.1 OR AY.25.1.2 OR AY.25.2 OR AY.25.3 OR AY.26 OR AY.26.1 OR AY.27 OR AY.28 OR AY.29 OR AY.29.1 OR AY.29.2 OR AY.30 OR AY.31 OR AY.32 OR AY.33 OR AY.33.1 OR AY.33.2 OR AY.34 OR AY.34.1 OR AY.34.1.1 OR AY.34.2 OR AY.35 OR AY.36 OR AY.36.1 OR AY.37 OR AY.38 OR AY.39 OR AY.39.1 OR AY.39.1.1 OR AY.39.1.2 OR AY.39.1.3 OR AY.39.1.4 OR AY.39.2 OR AY.39.3 OR AY.40 OR AY.41 OR AY.42 OR AY.42.1 OR AY.43 OR AY.43.1 OR AY.43.2 OR AY.43.3 OR AY.43.4 OR AY.43.5 OR AY.43.6 OR AY.43.7 OR AY.43.8 OR AY.43.9 OR AY.44 OR AY.45 OR AY.46 OR AY.46.1 OR AY.46.2 OR AY.46.3 OR AY.46.4 OR AY.46.5 OR AY.46.6 OR AY.46.6.1 OR AY.47 OR AY.48 OR AY.49 OR AY.50 OR AY.51 OR AY.52 OR AY.53 OR AY.54 OR AY.55 OR AY.56 OR AY.57 OR AY.58 OR AY.59 OR AY.60 OR AY.61 OR AY.62 OR AY.63 OR AY.64 OR AY.65 OR AY.66 OR AY.67 OR AY.68 OR AY.69 OR AY.70 OR AY.71 OR AY.72 OR AY.73 OR AY.74 OR AY.75 OR AY.75.2 OR AY.75.3 OR AY.76 OR AY.77 OR AY.78 OR AY.79 OR AY.80 OR AY.81 OR AY.82 OR AY.83 OR AY.84 OR AY.85 OR AY.86 OR AY.87 OR AY.88 OR AY.90 OR AY.91 OR AY.91.1 OR AY.92 OR AY.93 OR AY.94 OR AY.95 OR AY.98 OR AY.98.1 OR AY.98.1.1 OR AY.99 OR AY.99.1 OR AY.99.2 OR AY.100 OR AY.101 OR AY.102 OR AY.102.1 OR AY.102.2 OR AY.103 OR AY.103.1 OR AY.103.2 OR AY.104 OR AY.105 OR AY.106 OR AY.107 OR AY.108 OR AY.109 OR AY.110 OR AY.111 OR AY.112 OR AY.112.1 OR AY.112.2 OR AY.112.3 OR AY.113 OR AY.114 OR AY.116 OR AY.116.1 OR AY.117 OR AY.118 OR AY.119 OR AY.119.1 OR AY.119.2 OR AY.120 OR AY.120.1 OR AY.120.2 OR AY.120.2.1 OR AY.121 OR AY.121.1 OR AY.122 OR AY.122.1 OR AY.122.2 OR AY.122.3 OR AY.122.4 OR AY.122.5 OR AY.122.6 OR AY.123 OR AY.123.1 OR AY.124 OR AY.124.1 OR AY.124.1.1 OR AY.125 OR AY.125.1 OR AY.126 OR AY.127 OR AY.127.1 OR AY.127.2 OR AY.127.3 OR AY.128 OR AY.129 OR AY.130 OR AY.131 OR AY.132 OR AY.133 OR AY.134 OR B.1.617.2,Delta,2.57142857142857,0,0
2021-05-14,1,0,1.66666666666667,0,0,0.000216908470030966,0.666821754401209,AY.1 OR AY.2 OR AY.3 OR AY.3.1 OR AY.3.2 OR AY.3.3 OR AY.3.4 OR AY.4 OR AY.4.1 OR AY.4.2 OR AY.4.2.1 OR AY.4.2.2 OR AY.4.2.3 OR AY.4.2.4 OR AY.4.2.5 OR AY.4.3 OR AY.4.4 OR AY.4.5 OR AY.4.6 OR AY.4.7 OR AY.4.8 OR AY.4.9 OR AY.4.10 OR AY.4.11 OR AY.4.12 OR AY.4.13 OR AY.4.14 OR AY.4.15 OR AY.4.16 OR AY.4.17 OR AY.5 OR AY.5.1 OR AY.5.2 OR AY.5.3 OR AY.5.4 OR AY.5.5 OR AY.5.6 OR AY.5.7 OR AY.6 OR AY.7 OR AY.7.1 OR AY.7.2 OR AY.8 OR AY.9 OR AY.9.2 OR AY.9.2.1 OR AY.9.2.2 OR AY.10 OR AY.11 OR AY.13 OR AY.14 OR AY.15 OR AY.16 OR AY.16.1 OR AY.17 OR AY.18 OR AY.19 OR AY.20 OR AY.20.1 OR AY.21 OR AY.22 OR AY.23 OR AY.23.1 OR AY.23.2 OR AY.24 OR AY.24.1 OR AY.25 OR AY.25.1 OR AY.25.1.1 OR AY.25.1.2 OR AY.25.2 OR AY.25.3 OR AY.26 OR AY.26.1 OR AY.27 OR AY.28 OR AY.29 OR AY.29.1 OR AY.29.2 OR AY.30 OR AY.31 OR AY.32 OR AY.33 OR AY.33.1 OR AY.33.2 OR AY.34 OR AY.34.1 OR AY.34.1.1 OR AY.34.2 OR AY.35 OR AY.36 OR AY.36.1 OR AY.37 OR AY.38 OR AY.39 OR AY.39.1 OR AY.39.1.1 OR AY.39.1.2 OR AY.39.1.3 OR AY.39.1.4 OR AY.39.2 OR AY.39.3 OR AY.40 OR AY.41 OR AY.42 OR AY.42.1 OR AY.43 OR AY.43.1 OR AY.43.2 OR AY.43.3 OR AY.43.4 OR AY.43.5 OR AY.43.6 OR AY.43.7 OR AY.43.8 OR AY.43.9 OR AY.44 OR AY.45 OR AY.46 OR AY.46.1 OR AY.46.2 OR AY.46.3 OR AY.46.4 OR AY.46.5 OR AY.46.6 OR AY.46.6.1 OR AY.47 OR AY.48 OR AY.49 OR AY.50 OR AY.51 OR AY.52 OR AY.53 OR AY.54 OR AY.55 OR AY.56 OR AY.57 OR AY.58 OR AY.59 OR AY.60 OR AY.61 OR AY.62 OR AY.63 OR AY.64 OR AY.65 OR AY.66 OR AY.67 OR AY.68 OR AY.69 OR AY.70 OR AY.71 OR AY.72 OR AY.73 OR AY.74 OR AY.75 OR AY.75.2 OR AY.75.3 OR AY.76 OR AY.77 OR AY.78 OR AY.79 OR AY.80 OR AY.81 OR AY.82 OR AY.83 OR AY.84 OR AY.85 OR AY.86 OR AY.87 OR AY.88 OR AY.90 OR AY.91 OR AY.91.1 OR AY.92 OR AY.93 OR AY.94 OR AY.95 OR AY.98 OR AY.98.1 OR AY.98.1.1 OR AY.99 OR AY.99.1 OR AY.99.2 OR AY.100 OR AY.101 OR AY.102 OR AY.102.1 OR AY.102.2 OR AY.103 OR AY.103.1 OR AY.103.2 OR AY.104 OR AY.105 OR AY.106 OR AY.107 OR AY.108 OR AY.109 OR AY.110 OR AY.111 OR AY.112 OR AY.112.1 OR AY.112.2 OR AY.112.3 OR AY.113 OR AY.114 OR AY.116 OR AY.116.1 OR AY.117 OR AY.118 OR AY.119 OR AY.119.1 OR AY.119.2 OR AY.120 OR AY.120.1 OR AY.120.2 OR AY.120.2.1 OR AY.121 OR AY.121.1 OR AY.122 OR AY.122.1 OR AY.122.2 OR AY.122.3 OR AY.122.4 OR AY.122.5 OR AY.122.6 OR AY.123 OR AY.123.1 OR AY.124 OR AY.124.1 OR AY.124.1.1 OR AY.125 OR AY.125.1 OR AY.126 OR AY.127 OR AY.127.1 OR AY.127.2 OR AY.127.3 OR AY.128 OR AY.129 OR AY.130 OR AY.131 OR AY.132 OR AY.133 OR AY.134 OR B.1.617.2,Delta,2.5,0,0
2021-05-15,1,0,1.5,0,0,0.000216908470030966,0.666821754401209,AY.1 OR AY.2 OR AY.3 OR AY.3.1 OR AY.3.2 OR AY.3.3 OR AY.3.4 OR AY.4 OR AY.4.1 OR AY.4.2 OR AY.4.2.1 OR AY.4.2.2 OR AY.4.2.3 OR AY.4.2.4 OR AY.4.2.5 OR AY.4.3 OR AY.4.4 OR AY.4.5 OR AY.4.6 OR AY.4.7 OR AY.4.8 OR AY.4.9 OR AY.4.10 OR AY.4.11 OR AY.4.12 OR AY.4.13 OR AY.4.14 OR AY.4.15 OR AY.4.16 OR AY.4.17 OR AY.5 OR AY.5.1 OR AY.5.2 OR AY.5.3 OR AY.5.4 OR AY.5.5 OR AY.5.6 OR AY.5.7 OR AY.6 OR AY.7 OR AY.7.1 OR AY.7.2 OR AY.8 OR AY.9 OR AY.9.2 OR AY.9.2.1 OR AY.9.2.2 OR AY.10 OR AY.11 OR AY.13 OR AY.14 OR AY.15 OR AY.16 OR AY.16.1 OR AY.17 OR AY.18 OR AY.19 OR AY.20 OR AY.20.1 OR AY.21 OR AY.22 OR AY.23 OR AY.23.1 OR AY.23.2 OR AY.24 OR AY.24.1 OR AY.25 OR AY.25.1 OR AY.25.1.1 OR AY.25.1.2 OR AY.25.2 OR AY.25.3 OR AY.26 OR AY.26.1 OR AY.27 OR AY.28 OR AY.29 OR AY.29.1 OR AY.29.2 OR AY.30 OR AY.31 OR AY.32 OR AY.33 OR AY.33.1 OR AY.33.2 OR AY.34 OR AY.34.1 OR AY.34.1.1 OR AY.34.2 OR AY.35 OR AY.36 OR AY.36.1 OR AY.37 OR AY.38 OR AY.39 OR AY.39.1 OR AY.39.1.1 OR AY.39.1.2 OR AY.39.1.3 OR AY.39.1.4 OR AY.39.2 OR AY.39.3 OR AY.40 OR AY.41 OR AY.42 OR AY.42.1 OR AY.43 OR AY.43.1 OR AY.43.2 OR AY.43.3 OR AY.43.4 OR AY.43.5 OR AY.43.6 OR AY.43.7 OR AY.43.8 OR AY.43.9 OR AY.44 OR AY.45 OR AY.46 OR AY.46.1 OR AY.46.2 OR AY.46.3 OR AY.46.4 OR AY.46.5 OR AY.46.6 OR AY.46.6.1 OR AY.47 OR AY.48 OR AY.49 OR AY.50 OR AY.51 OR AY.52 OR AY.53 OR AY.54 OR AY.55 OR AY.56 OR AY.57 OR AY.58 OR AY.59 OR AY.60 OR AY.61 OR AY.62 OR AY.63 OR AY.64 OR AY.65 OR AY.66 OR AY.67 OR AY.68 OR AY.69 OR AY.70 OR AY.71 OR AY.72 OR AY.73 OR AY.74 OR AY.75 OR AY.75.2 OR AY.75.3 OR AY.76 OR AY.77 OR AY.78 OR AY.79 OR AY.80 OR AY.81 OR AY.82 OR AY.83 OR AY.84 OR AY.85 OR AY.86 OR AY.87 OR AY.88 OR AY.90 OR AY.91 OR AY.91.1 OR AY.92 OR AY.93 OR AY.94 OR AY.95 OR AY.98 OR AY.98.1 OR AY.98.1.1 OR AY.99 OR AY.99.1 OR AY.99.2 OR AY.100 OR AY.101 OR AY.102 OR AY.102.1 OR AY.102.2 OR AY.103 OR AY.103.1 OR AY.103.2 OR AY.104 OR AY.105 OR AY.106 OR AY.107 OR AY.108 OR AY.109 OR AY.110 OR AY.111 OR AY.112 OR AY.112.1 OR AY.112.2 OR AY.112.3 OR AY.113 OR AY.114 OR AY.116 OR AY.116.1 OR AY.117 OR AY.118 OR AY.119 OR AY.119.1 OR AY.119.2 OR AY.120 OR AY.120.1 OR AY.120.2 OR AY.120.2.1 OR AY.121 OR AY.121.1 OR AY.122 OR AY.122.1 OR AY.122.2 OR AY.122.3 OR AY.122.4 OR AY.122.5 OR AY.122.6 OR AY.123 OR AY.123.1 OR AY.124 OR AY.124.1 OR AY.124.1.1 OR AY.125 OR AY.125.1 OR AY.126 OR AY.127 OR AY.127.1 OR AY.127.2 OR AY.127.3 OR AY.128 OR AY.129 OR AY.130 OR AY.131 OR AY.132 OR AY.133 OR AY.134 OR B.1.617.2,Delta,2.42857142857143,0,0
2021-05-17,2,0,1.66666666666667,0,0,0.000216908470030966,0.666821754401209,AY.1 OR AY.2 OR AY.3 OR AY.3.1 OR AY.3.2 OR AY.3.3 OR AY.3.4 OR AY.4 OR AY.4.1 OR AY.4.2 OR AY.4.2.1 OR AY.4.2.2 OR AY.4.2.3 OR AY.4.2.4 OR AY.4.2.5 OR AY.4.3 OR AY.4.4 OR AY.4.5 OR AY.4.6 OR AY.4.7 OR AY.4.8 OR AY.4.9 OR AY.4.10 OR AY.4.11 OR AY.4.12 OR AY.4.13 OR AY.4.14 OR AY.4.15 OR AY.4.16 OR AY.4.17 OR AY.5 OR AY.5.1 OR AY.5.2 OR AY.5.3 OR AY.5.4 OR AY.5.5 OR AY.5.6 OR AY.5.7 OR AY.6 OR AY.7 OR AY.7.1 OR AY.7.2 OR AY.8 OR AY.9 OR AY.9.2 OR AY.9.2.1 OR AY.9.2.2 OR AY.10 OR AY.11 OR AY.13 OR AY.14 OR AY.15 OR AY.16 OR AY.16.1 OR AY.17 OR AY.18 OR AY.19 OR AY.20 OR AY.20.1 OR AY.21 OR AY.22 OR AY.23 OR AY.23.1 OR AY.23.2 OR AY.24 OR AY.24.1 OR AY.25 OR AY.25.1 OR AY.25.1.1 OR AY.25.1.2 OR AY.25.2 OR AY.25.3 OR AY.26 OR AY.26.1 OR AY.27 OR AY.28 OR AY.29 OR AY.29.1 OR AY.29.2 OR AY.30 OR AY.31 OR AY.32 OR AY.33 OR AY.33.1 OR AY.33.2 OR AY.34 OR AY.34.1 OR AY.34.1.1 OR AY.34.2 OR AY.35 OR AY.36 OR AY.36.1 OR AY.37 OR AY.38 OR AY.39 OR AY.39.1 OR AY.39.1.1 OR AY.39.1.2 OR AY.39.1.3 OR AY.39.1.4 OR AY.39.2 OR AY.39.3 OR AY.40 OR AY.41 OR AY.42 OR AY.42.1 OR AY.43 OR AY.43.1 OR AY.43.2 OR AY.43.3 OR AY.43.4 OR AY.43.5 OR AY.43.6 OR AY.43.7 OR AY.43.8 OR AY.43.9 OR AY.44 OR AY.45 OR AY.46 OR AY.46.1 OR AY.46.2 OR AY.46.3 OR AY.46.4 OR AY.46.5 OR AY.46.6 OR AY.46.6.1 OR AY.47 OR AY.48 OR AY.49 OR AY.50 OR AY.51 OR AY.52 OR AY.53 OR AY.54 OR AY.55 OR AY.56 OR AY.57 OR AY.58 OR AY.59 OR AY.60 OR AY.61 OR AY.62 OR AY.63 OR AY.64 OR AY.65 OR AY.66 OR AY.67 OR AY.68 OR AY.69 OR AY.70 OR AY.71 OR AY.72 OR AY.73 OR AY.74 OR AY.75 OR AY.75.2 OR AY.75.3 OR AY.76 OR AY.77 OR AY.78 OR AY.79 OR AY.80 OR AY.81 OR AY.82 OR AY.83 OR AY.84 OR AY.85 OR AY.86 OR AY.87 OR AY.88 OR AY.90 OR AY.91 OR AY.91.1 OR AY.92 OR AY.93 OR AY.94 OR AY.95 OR AY.98 OR AY.98.1 OR AY.98.1.1 OR AY.99 OR AY.99.1 OR AY.99.2 OR AY.100 OR AY.101 OR AY.102 OR AY.102.1 OR AY.102.2 OR AY.103 OR AY.103.1 OR AY.103.2 OR AY.104 OR AY.105 OR AY.106 OR AY.107 OR AY.108 OR AY.109 OR AY.110 OR AY.111 OR AY.112 OR AY.112.1 OR AY.112.2 OR AY.112.3 OR AY.113 OR AY.114 OR AY.116 OR AY.116.1 OR AY.117 OR AY.118 OR AY.119 OR AY.119.1 OR AY.119.2 OR AY.120 OR AY.120.1 OR AY.120.2 OR AY.120.2.1 OR AY.121 OR AY.121.1 OR AY.122 OR AY.122.1 OR AY.122.2 OR AY.122.3 OR AY.122.4 OR AY.122.5 OR AY.122.6 OR AY.123 OR AY.123.1 OR AY.124 OR AY.124.1 OR AY.124.1.1 OR AY.125 OR AY.125.1 OR AY.126 OR AY.127 OR AY.127.1 OR AY.127.2 OR AY.127.3 OR AY.128 OR AY.129 OR AY.130 OR AY.131 OR AY.132 OR AY.133 OR AY.134 OR B.1.617.2,Delta,2.28571428571429,0,0
2021-05-18,1,0,1.66666666666667,0,0,0.000216908470030966,0.666821754401209,AY.1 OR AY.2 OR AY.3 OR AY.3.1 OR AY.3.2 OR AY.3.3 OR AY.3.4 OR AY.4 OR AY.4.1 OR AY.4.2 OR AY.4.2.1 OR AY.4.2.2 OR AY.4.2.3 OR AY.4.2.4 OR AY.4.2.5 OR AY.4.3 OR AY.4.4 OR AY.4.5 OR AY.4.6 OR AY.4.7 OR AY.4.8 OR AY.4.9 OR AY.4.10 OR AY.4.11 OR AY.4.12 OR AY.4.13 OR AY.4.14 OR AY.4.15 OR AY.4.16 OR AY.4.17 OR AY.5 OR AY.5.1 OR AY.5.2 OR AY.5.3 OR AY.5.4 OR AY.5.5 OR AY.5.6 OR AY.5.7 OR AY.6 OR AY.7 OR AY.7.1 OR AY.7.2 OR AY.8 OR AY.9 OR AY.9.2 OR AY.9.2.1 OR AY.9.2.2 OR AY.10 OR AY.11 OR AY.13 OR AY.14 OR AY.15 OR AY.16 OR AY.16.1 OR AY.17 OR AY.18 OR AY.19 OR AY.20 OR AY.20.1 OR AY.21 OR AY.22 OR AY.23 OR AY.23.1 OR AY.23.2 OR AY.24 OR AY.24.1 OR AY.25 OR AY.25.1 OR AY.25.1.1 OR AY.25.1.2 OR AY.25.2 OR AY.25.3 OR AY.26 OR AY.26.1 OR AY.27 OR AY.28 OR AY.29 OR AY.29.1 OR AY.29.2 OR AY.30 OR AY.31 OR AY.32 OR AY.33 OR AY.33.1 OR AY.33.2 OR AY.34 OR AY.34.1 OR AY.34.1.1 OR AY.34.2 OR AY.35 OR AY.36 OR AY.36.1 OR AY.37 OR AY.38 OR AY.39 OR AY.39.1 OR AY.39.1.1 OR AY.39.1.2 OR AY.39.1.3 OR AY.39.1.4 OR AY.39.2 OR AY.39.3 OR AY.40 OR AY.41 OR AY.42 OR AY.42.1 OR AY.43 OR AY.43.1 OR AY.43.2 OR AY.43.3 OR AY.43.4 OR AY.43.5 OR AY.43.6 OR AY.43.7 OR AY.43.8 OR AY.43.9 OR AY.44 OR AY.45 OR AY.46 OR AY.46.1 OR AY.46.2 OR AY.46.3 OR AY.46.4 OR AY.46.5 OR AY.46.6 OR AY.46.6.1 OR AY.47 OR AY.48 OR AY.49 OR AY.50 OR AY.51 OR AY.52 OR AY.53 OR AY.54 OR AY.55 OR AY.56 OR AY.57 OR AY.58 OR AY.59 OR AY.60 OR AY.61 OR AY.62 OR AY.63 OR AY.64 OR AY.65 OR AY.66 OR AY.67 OR AY.68 OR AY.69 OR AY.70 OR AY.71 OR AY.72 OR AY.73 OR AY.74 OR AY.75 OR AY.75.2 OR AY.75.3 OR AY.76 OR AY.77 OR AY.78 OR AY.79 OR AY.80 OR AY.81 OR AY.82 OR AY.83 OR AY.84 OR AY.85 OR AY.86 OR AY.87 OR AY.88 OR AY.90 OR AY.91 OR AY.91.1 OR AY.92 OR AY.93 OR AY.94 OR AY.95 OR AY.98 OR AY.98.1 OR AY.98.1.1 OR AY.99 OR AY.99.1 OR AY.99.2 OR AY.100 OR AY.101 OR AY.102 OR AY.102.1 OR AY.102.2 OR AY.103 OR AY.103.1 OR AY.103.2 OR AY.104 OR AY.105 OR AY.106 OR AY.107 OR AY.108 OR AY.109 OR AY.110 OR AY.111 OR AY.112 OR AY.112.1 OR AY.112.2 OR AY.112.3 OR AY.113 OR AY.114 OR AY.116 OR AY.116.1 OR AY.117 OR AY.118 OR AY.119 OR AY.119.1 OR AY.119.2 OR AY.120 OR AY.120.1 OR AY.120.2 OR AY.120.2.1 OR AY.121 OR AY.121.1 OR AY.122 OR AY.122.1 OR AY.122.2 OR AY.122.3 OR AY.122.4 OR AY.122.5 OR AY.122.6 OR AY.123 OR AY.123.1 OR AY.124 OR AY.124.1 OR AY.124.1.1 OR AY.125 OR AY.125.1 OR AY.126 OR AY.127 OR AY.127.1 OR AY.127.2 OR AY.127.3 OR AY.128 OR AY.129 OR AY.130 OR AY.131 OR AY.132 OR AY.133 OR AY.134 OR B.1.617.2,Delta,2.28571428571429,0,0
2021-05-20,2,0,1.4,0,0,0.000385580980755902,0.853253683690425,AY.1 OR AY.2 OR AY.3 OR AY.3.1 OR AY.3.2 OR AY.3.3 OR AY.3.4 OR AY.4 OR AY.4.1 OR AY.4.2 OR AY.4.2.1 OR AY.4.2.2 OR AY.4.2.3 OR AY.4.2.4 OR AY.4.2.5 OR AY.4.3 OR AY.4.4 OR AY.4.5 OR AY.4.6 OR AY.4.7 OR AY.4.8 OR AY.4.9 OR AY.4.10 OR AY.4.11 OR AY.4.12 OR AY.4.13 OR AY.4.14 OR AY.4.15 OR AY.4.16 OR AY.4.17 OR AY.5 OR AY.5.1 OR AY.5.2 OR AY.5.3 OR AY.5.4 OR AY.5.5 OR AY.5.6 OR AY.5.7 OR AY.6 OR AY.7 OR AY.7.1 OR AY.7.2 OR AY.8 OR AY.9 OR AY.9.2 OR AY.9.2.1 OR AY.9.2.2 OR AY.10 OR AY.11 OR AY.13 OR AY.14 OR AY.15 OR AY.16 OR AY.16.1 OR AY.17 OR AY.18 OR AY.19 OR AY.20 OR AY.20.1 OR AY.21 OR AY.22 OR AY.23 OR AY.23.1 OR AY.23.2 OR AY.24 OR AY.24.1 OR AY.25 OR AY.25.1 OR AY.25.1.1 OR AY.25.1.2 OR AY.25.2 OR AY.25.3 OR AY.26 OR AY.26.1 OR AY.27 OR AY.28 OR AY.29 OR AY.29.1 OR AY.29.2 OR AY.30 OR AY.31 OR AY.32 OR AY.33 OR AY.33.1 OR AY.33.2 OR AY.34 OR AY.34.1 OR AY.34.1.1 OR AY.34.2 OR AY.35 OR AY.36 OR AY.36.1 OR AY.37 OR AY.38 OR AY.39 OR AY.39.1 OR AY.39.1.1 OR AY.39.1.2 OR AY.39.1.3 OR AY.39.1.4 OR AY.39.2 OR AY.39.3 OR AY.40 OR AY.41 OR AY.42 OR AY.42.1 OR AY.43 OR AY.43.1 OR AY.43.2 OR AY.43.3 OR AY.43.4 OR AY.43.5 OR AY.43.6 OR AY.43.7 OR AY.43.8 OR AY.43.9 OR AY.44 OR AY.45 OR AY.46 OR AY.46.1 OR AY.46.2 OR AY.46.3 OR AY.46.4 OR AY.46.5 OR AY.46.6 OR AY.46.6.1 OR AY.47 OR AY.48 OR AY.49 OR AY.50 OR AY.51 OR AY.52 OR AY.53 OR AY.54 OR AY.55 OR AY.56 OR AY.57 OR AY.58 OR AY.59 OR AY.60 OR AY.61 OR AY.62 OR AY.63 OR AY.64 OR AY.65 OR AY.66 OR AY.67 OR AY.68 OR AY.69 OR AY.70 OR AY.71 OR AY.72 OR AY.73 OR AY.74 OR AY.75 OR AY.75.2 OR AY.75.3 OR AY.76 OR AY.77 OR AY.78 OR AY.79 OR AY.80 OR AY.81 OR AY.82 OR AY.83 OR AY.84 OR AY.85 OR AY.86 OR AY.87 OR AY.88 OR AY.90 OR AY.91 OR AY.91.1 OR AY.92 OR AY.93 OR AY.94 OR AY.95 OR AY.98 OR AY.98.1 OR AY.98.1.1 OR AY.99 OR AY.99.1 OR AY.99.2 OR AY.100 OR AY.101 OR AY.102 OR AY.102.1 OR AY.102.2 OR AY.103 OR AY.103.1 OR AY.103.2 OR AY.104 OR AY.105 OR AY.106 OR AY.107 OR AY.108 OR AY.109 OR AY.110 OR AY.111 OR AY.112 OR AY.112.1 OR AY.112.2 OR AY.112.3 OR AY.113 OR AY.114 OR AY.116 OR AY.116.1 OR AY.117 OR AY.118 OR AY.119 OR AY.119.1 OR AY.119.2 OR AY.120 OR AY.120.1 OR AY.120.2 OR AY.120.2.1 OR AY.121 OR AY.121.1 OR AY.122 OR AY.122.1 OR AY.122.2 OR AY.122.3 OR AY.122.4 OR AY.122.5 OR AY.122.6 OR AY.123 OR AY.123.1 OR AY.124 OR AY.124.1 OR AY.124.1.1 OR AY.125 OR AY.125.1 OR AY.126 OR AY.127 OR AY.127.1 OR AY.127.2 OR AY.127.3 OR AY.128 OR AY.129 OR AY.130 OR AY.131 OR AY.132 OR AY.133 OR AY.134 OR B.1.617.2,Delta,2.21428571428571,0,0
2021-05-21,2,0,1.6,0,0,0.000216908470030966,0.666821754401209,AY.1 OR AY.2 OR AY.3 OR AY.3.1 OR AY.3.2 OR AY.3.3 OR AY.3.4 OR AY.4 OR AY.4.1 OR AY.4.2 OR AY.4.2.1 OR AY.4.2.2 OR AY.4.2.3 OR AY.4.2.4 OR AY.4.2.5 OR AY.4.3 OR AY.4.4 OR AY.4.5 OR AY.4.6 OR AY.4.7 OR AY.4.8 OR AY.4.9 OR AY.4.10 OR AY.4.11 OR AY.4.12 OR AY.4.13 OR AY.4.14 OR AY.4.15 OR AY.4.16 OR AY.4.17 OR AY.5 OR AY.5.1 OR AY.5.2 OR AY.5.3 OR AY.5.4 OR AY.5.5 OR AY.5.6 OR AY.5.7 OR AY.6 OR AY.7 OR AY.7.1 OR AY.7.2 OR AY.8 OR AY.9 OR AY.9.2 OR AY.9.2.1 OR AY.9.2.2 OR AY.10 OR AY.11 OR AY.13 OR AY.14 OR AY.15 OR AY.16 OR AY.16.1 OR AY.17 OR AY.18 OR AY.19 OR AY.20 OR AY.20.1 OR AY.21 OR AY.22 OR AY.23 OR AY.23.1 OR AY.23.2 OR AY.24 OR AY.24.1 OR AY.25 OR AY.25.1 OR AY.25.1.1 OR AY.25.1.2 OR AY.25.2 OR AY.25.3 OR AY.26 OR AY.26.1 OR AY.27 OR AY.28 OR AY.29 OR AY.29.1 OR AY.29.2 OR AY.30 OR AY.31 OR AY.32 OR AY.33 OR AY.33.1 OR AY.33.2 OR AY.34 OR AY.34.1 OR AY.34.1.1 OR AY.34.2 OR AY.35 OR AY.36 OR AY.36.1 OR AY.37 OR AY.38 OR AY.39 OR AY.39.1 OR AY.39.1.1 OR AY.39.1.2 OR AY.39.1.3 OR AY.39.1.4 OR AY.39.2 OR AY.39.3 OR AY.40 OR AY.41 OR AY.42 OR AY.42.1 OR AY.43 OR AY.43.1 OR AY.43.2 OR AY.43.3 OR AY.43.4 OR AY.43.5 OR AY.43.6 OR AY.43.7 OR AY.43.8 OR AY.43.9 OR AY.44 OR AY.45 OR AY.46 OR AY.46.1 OR AY.46.2 OR AY.46.3 OR AY.46.4 OR AY.46.5 OR AY.46.6 OR AY.46.6.1 OR AY.47 OR AY.48 OR AY.49 OR AY.50 OR AY.51 OR AY.52 OR AY.53 OR AY.54 OR AY.55 OR AY.56 OR AY.57 OR AY.58 OR AY.59 OR AY.60 OR AY.61 OR AY.62 OR AY.63 OR AY.64 OR AY.65 OR AY.66 OR AY.67 OR AY.68 OR AY.69 OR AY.70 OR AY.71 OR AY.72 OR AY.73 OR AY.74 OR AY.75 OR AY.75.2 OR AY.75.3 OR AY.76 OR AY.77 OR AY.78 OR AY.79 OR AY.80 OR AY.81 OR AY.82 OR AY.83 OR AY.84 OR AY.85 OR AY.86 OR AY.87 OR AY.88 OR AY.90 OR AY.91 OR AY.91.1 OR AY.92 OR AY.93 OR AY.94 OR AY.95 OR AY.98 OR AY.98.1 OR AY.98.1.1 OR AY.99 OR AY.99.1 OR AY.99.2 OR AY.100 OR AY.101 OR AY.102 OR AY.102.1 OR AY.102.2 OR AY.103 OR AY.103.1 OR AY.103.2 OR AY.104 OR AY.105 OR AY.106 OR AY.107 OR AY.108 OR AY.109 OR AY.110 OR AY.111 OR AY.112 OR AY.112.1 OR AY.112.2 OR AY.112.3 OR AY.113 OR AY.114 OR AY.116 OR AY.116.1 OR AY.117 OR AY.118 OR AY.119 OR AY.119.1 OR AY.119.2 OR AY.120 OR AY.120.1 OR AY.120.2 OR AY.120.2.1 OR AY.121 OR AY.121.1 OR AY.122 OR AY.122.1 OR AY.122.2 OR AY.122.3 OR AY.122.4 OR AY.122.5 OR AY.122.6 OR AY.123 OR AY.123.1 OR AY.124 OR AY.124.1 OR AY.124.1.1 OR AY.125 OR AY.125.1 OR AY.126 OR AY.127 OR AY.127.1 OR AY.127.2 OR AY.127.3 OR AY.128 OR AY.129 OR AY.130 OR AY.131 OR AY.132 OR AY.133 OR AY.134 OR B.1.617.2,Delta,1.92857142857143,0,0
2021-05-24,2,0,1.75,0,0,0.000216908470030966,0.666821754401209,AY.1 OR AY.2 OR AY.3 OR AY.3.1 OR AY.3.2 OR AY.3.3 OR AY.3.4 OR AY.4 OR AY.4.1 OR AY.4.2 OR AY.4.2.1 OR AY.4.2.2 OR AY.4.2.3 OR AY.4.2.4 OR AY.4.2.5 OR AY.4.3 OR AY.4.4 OR AY.4.5 OR AY.4.6 OR AY.4.7 OR AY.4.8 OR AY.4.9 OR AY.4.10 OR AY.4.11 OR AY.4.12 OR AY.4.13 OR AY.4.14 OR AY.4.15 OR AY.4.16 OR AY.4.17 OR AY.5 OR AY.5.1 OR AY.5.2 OR AY.5.3 OR AY.5.4 OR AY.5.5 OR AY.5.6 OR AY.5.7 OR AY.6 OR AY.7 OR AY.7.1 OR AY.7.2 OR AY.8 OR AY.9 OR AY.9.2 OR AY.9.2.1 OR AY.9.2.2 OR AY.10 OR AY.11 OR AY.13 OR AY.14 OR AY.15 OR AY.16 OR AY.16.1 OR AY.17 OR AY.18 OR AY.19 OR AY.20 OR AY.20.1 OR AY.21 OR AY.22 OR AY.23 OR AY.23.1 OR AY.23.2 OR AY.24 OR AY.24.1 OR AY.25 OR AY.25.1 OR AY.25.1.1 OR AY.25.1.2 OR AY.25.2 OR AY.25.3 OR AY.26 OR AY.26.1 OR AY.27 OR AY.28 OR AY.29 OR AY.29.1 OR AY.29.2 OR AY.30 OR AY.31 OR AY.32 OR AY.33 OR AY.33.1 OR AY.33.2 OR AY.34 OR AY.34.1 OR AY.34.1.1 OR AY.34.2 OR AY.35 OR AY.36 OR AY.36.1 OR AY.37 OR AY.38 OR AY.39 OR AY.39.1 OR AY.39.1.1 OR AY.39.1.2 OR AY.39.1.3 OR AY.39.1.4 OR AY.39.2 OR AY.39.3 OR AY.40 OR AY.41 OR AY.42 OR AY.42.1 OR AY.43 OR AY.43.1 OR AY.43.2 OR AY.43.3 OR AY.43.4 OR AY.43.5 OR AY.43.6 OR AY.43.7 OR AY.43.8 OR AY.43.9 OR AY.44 OR AY.45 OR AY.46 OR AY.46.1 OR AY.46.2 OR AY.46.3 OR AY.46.4 OR AY.46.5 OR AY.46.6 OR AY.46.6.1 OR AY.47 OR AY.48 OR AY.49 OR AY.50 OR AY.51 OR AY.52 OR AY.53 OR AY.54 OR AY.55 OR AY.56 OR AY.57 OR AY.58 OR AY.59 OR AY.60 OR AY.61 OR AY.62 OR AY.63 OR AY.64 OR AY.65 OR AY.66 OR AY.67 OR AY.68 OR AY.69 OR AY.70 OR AY.71 OR AY.72 OR AY.73 OR AY.74 OR AY.75 OR AY.75.2 OR AY.75.3 OR AY.76 OR AY.77 OR AY.78 OR AY.79 OR AY.80 OR AY.81 OR AY.82 OR AY.83 OR AY.84 OR AY.85 OR AY.86 OR AY.87 OR AY.88 OR AY.90 OR AY.91 OR AY.91.1 OR AY.92 OR AY.93 OR AY.94 OR AY.95 OR AY.98 OR AY.98.1 OR AY.98.1.1 OR AY.99 OR AY.99.1 OR AY.99.2 OR AY.100 OR AY.101 OR AY.102 OR AY.102.1 OR AY.102.2 OR AY.103 OR AY.103.1 OR AY.103.2 OR AY.104 OR AY.105 OR AY.106 OR AY.107 OR AY.108 OR AY.109 OR AY.110 OR AY.111 OR AY.112 OR AY.112.1 OR AY.112.2 OR AY.112.3 OR AY.113 OR AY.114 OR AY.116 OR AY.116.1 OR AY.117 OR AY.118 OR AY.119 OR AY.119.1 OR AY.119.2 OR AY.120 OR AY.120.1 OR AY.120.2 OR AY.120.2.1 OR AY.121 OR AY.121.1 OR AY.122 OR AY.122.1 OR AY.122.2 OR AY.122.3 OR AY.122.4 OR AY.122.5 OR AY.122.6 OR AY.123 OR AY.123.1 OR AY.124 OR AY.124.1 OR AY.124.1.1 OR AY.125 OR AY.125.1 OR AY.126 OR AY.127 OR AY.127.1 OR AY.127.2 OR AY.127.3 OR AY.128 OR AY.129 OR AY.130 OR AY.131 OR AY.132 OR AY.133 OR AY.134 OR B.1.617.2,Delta,1.71428571428571,0,0
2021-05-26,1,0,1.75,0,0,0.000216908470030966,0.666821754401209,AY.1 OR AY.2 OR AY.3 OR AY.3.1 OR AY.3.2 OR AY.3.3 OR AY.3.4 OR AY.4 OR AY.4.1 OR AY.4.2 OR AY.4.2.1 OR AY.4.2.2 OR AY.4.2.3 OR AY.4.2.4 OR AY.4.2.5 OR AY.4.3 OR AY.4.4 OR AY.4.5 OR AY.4.6 OR AY.4.7 OR AY.4.8 OR AY.4.9 OR AY.4.10 OR AY.4.11 OR AY.4.12 OR AY.4.13 OR AY.4.14 OR AY.4.15 OR AY.4.16 OR AY.4.17 OR AY.5 OR AY.5.1 OR AY.5.2 OR AY.5.3 OR AY.5.4 OR AY.5.5 OR AY.5.6 OR AY.5.7 OR AY.6 OR AY.7 OR AY.7.1 OR AY.7.2 OR AY.8 OR AY.9 OR AY.9.2 OR AY.9.2.1 OR AY.9.2.2 OR AY.10 OR AY.11 OR AY.13 OR AY.14 OR AY.15 OR AY.16 OR AY.16.1 OR AY.17 OR AY.18 OR AY.19 OR AY.20 OR AY.20.1 OR AY.21 OR AY.22 OR AY.23 OR AY.23.1 OR AY.23.2 OR AY.24 OR AY.24.1 OR AY.25 OR AY.25.1 OR AY.25.1.1 OR AY.25.1.2 OR AY.25.2 OR AY.25.3 OR AY.26 OR AY.26.1 OR AY.27 OR AY.28 OR AY.29 OR AY.29.1 OR AY.29.2 OR AY.30 OR AY.31 OR AY.32 OR AY.33 OR AY.33.1 OR AY.33.2 OR AY.34 OR AY.34.1 OR AY.34.1.1 OR AY.34.2 OR AY.35 OR AY.36 OR AY.36.1 OR AY.37 OR AY.38 OR AY.39 OR AY.39.1 OR AY.39.1.1 OR AY.39.1.2 OR AY.39.1.3 OR AY.39.1.4 OR AY.39.2 OR AY.39.3 OR AY.40 OR AY.41 OR AY.42 OR AY.42.1 OR AY.43 OR AY.43.1 OR AY.43.2 OR AY.43.3 OR AY.43.4 OR AY.43.5 OR AY.43.6 OR AY.43.7 OR AY.43.8 OR AY.43.9 OR AY.44 OR AY.45 OR AY.46 OR AY.46.1 OR AY.46.2 OR AY.46.3 OR AY.46.4 OR AY.46.5 OR AY.46.6 OR AY.46.6.1 OR AY.47 OR AY.48 OR AY.49 OR AY.50 OR AY.51 OR AY.52 OR AY.53 OR AY.54 OR AY.55 OR AY.56 OR AY.57 OR AY.58 OR AY.59 OR AY.60 OR AY.61 OR AY.62 OR AY.63 OR AY.64 OR AY.65 OR AY.66 OR AY.67 OR AY.68 OR AY.69 OR AY.70 OR AY.71 OR AY.72 OR AY.73 OR AY.74 OR AY.75 OR AY.75.2 OR AY.75.3 OR AY.76 OR AY.77 OR AY.78 OR AY.79 OR AY.80 OR AY.81 OR AY.82 OR AY.83 OR AY.84 OR AY.85 OR AY.86 OR AY.87 OR AY.88 OR AY.90 OR AY.91 OR AY.91.1 OR AY.92 OR AY.93 OR AY.94 OR AY.95 OR AY.98 OR AY.98.1 OR AY.98.1.1 OR AY.99 OR AY.99.1 OR AY.99.2 OR AY.100 OR AY.101 OR AY.102 OR AY.102.1 OR AY.102.2 OR AY.103 OR AY.103.1 OR AY.103.2 OR AY.104 OR AY.105 OR AY.106 OR AY.107 OR AY.108 OR AY.109 OR AY.110 OR AY.111 OR AY.112 OR AY.112.1 OR AY.112.2 OR AY.112.3 OR AY.113 OR AY.114 OR AY.116 OR AY.116.1 OR AY.117 OR AY.118 OR AY.119 OR AY.119.1 OR AY.119.2 OR AY.120 OR AY.120.1 OR AY.120.2 OR AY.120.2.1 OR AY.121 OR AY.121.1 OR AY.122 OR AY.122.1 OR AY.122.2 OR AY.122.3 OR AY.122.4 OR AY.122.5 OR AY.122.6 OR AY.123 OR AY.123.1 OR AY.124 OR AY.124.1 OR AY.124.1.1 OR AY.125 OR AY.125.1 OR AY.126 OR AY.127 OR AY.127.1 OR AY.127.2 OR AY.127.3 OR AY.128 OR AY.129 OR AY.130 OR AY.131 OR AY.132 OR AY.133 OR AY.134 OR B.1.617.2,Delta,1.64285714285714,0,0
2021-05-27,1,0,1.5,0,0,0.000216908470030966,0.666821754401209,AY.1 OR AY.2 OR AY.3 OR AY.3.1 OR AY.3.2 OR AY.3.3 OR AY.3.4 OR AY.4 OR AY.4.1 OR AY.4.2 OR AY.4.2.1 OR AY.4.2.2 OR AY.4.2.3 OR AY.4.2.4 OR AY.4.2.5 OR AY.4.3 OR AY.4.4 OR AY.4.5 OR AY.4.6 OR AY.4.7 OR AY.4.8 OR AY.4.9 OR AY.4.10 OR AY.4.11 OR AY.4.12 OR AY.4.13 OR AY.4.14 OR AY.4.15 OR AY.4.16 OR AY.4.17 OR AY.5 OR AY.5.1 OR AY.5.2 OR AY.5.3 OR AY.5.4 OR AY.5.5 OR AY.5.6 OR AY.5.7 OR AY.6 OR AY.7 OR AY.7.1 OR AY.7.2 OR AY.8 OR AY.9 OR AY.9.2 OR AY.9.2.1 OR AY.9.2.2 OR AY.10 OR AY.11 OR AY.13 OR AY.14 OR AY.15 OR AY.16 OR AY.16.1 OR AY.17 OR AY.18 OR AY.19 OR AY.20 OR AY.20.1 OR AY.21 OR AY.22 OR AY.23 OR AY.23.1 OR AY.23.2 OR AY.24 OR AY.24.1 OR AY.25 OR AY.25.1 OR AY.25.1.1 OR AY.25.1.2 OR AY.25.2 OR AY.25.3 OR AY.26 OR AY.26.1 OR AY.27 OR AY.28 OR AY.29 OR AY.29.1 OR AY.29.2 OR AY.30 OR AY.31 OR AY.32 OR AY.33 OR AY.33.1 OR AY.33.2 OR AY.34 OR AY.34.1 OR AY.34.1.1 OR AY.34.2 OR AY.35 OR AY.36 OR AY.36.1 OR AY.37 OR AY.38 OR AY.39 OR AY.39.1 OR AY.39.1.1 OR AY.39.1.2 OR AY.39.1.3 OR AY.39.1.4 OR AY.39.2 OR AY.39.3 OR AY.40 OR AY.41 OR AY.42 OR AY.42.1 OR AY.43 OR AY.43.1 OR AY.43.2 OR AY.43.3 OR AY.43.4 OR AY.43.5 OR AY.43.6 OR AY.43.7 OR AY.43.8 OR AY.43.9 OR AY.44 OR AY.45 OR AY.46 OR AY.46.1 OR AY.46.2 OR AY.46.3 OR AY.46.4 OR AY.46.5 OR AY.46.6 OR AY.46.6.1 OR AY.47 OR AY.48 OR AY.49 OR AY.50 OR AY.51 OR AY.52 OR AY.53 OR AY.54 OR AY.55 OR AY.56 OR AY.57 OR AY.58 OR AY.59 OR AY.60 OR AY.61 OR AY.62 OR AY.63 OR AY.64 OR AY.65 OR AY.66 OR AY.67 OR AY.68 OR AY.69 OR AY.70 OR AY.71 OR AY.72 OR AY.73 OR AY.74 OR AY.75 OR AY.75.2 OR AY.75.3 OR AY.76 OR AY.77 OR AY.78 OR AY.79 OR AY.80 OR AY.81 OR AY.82 OR AY.83 OR AY.84 OR AY.85 OR AY.86 OR AY.87 OR AY.88 OR AY.90 OR AY.91 OR AY.91.1 OR AY.92 OR AY.93 OR AY.94 OR AY.95 OR AY.98 OR AY.98.1 OR AY.98.1.1 OR AY.99 OR AY.99.1 OR AY.99.2 OR AY.100 OR AY.101 OR AY.102 OR AY.102.1 OR AY.102.2 OR AY.103 OR AY.103.1 OR AY.103.2 OR AY.104 OR AY.105 OR AY.106 OR AY.107 OR AY.108 OR AY.109 OR AY.110 OR AY.111 OR AY.112 OR AY.112.1 OR AY.112.2 OR AY.112.3 OR AY.113 OR AY.114 OR AY.116 OR AY.116.1 OR AY.117 OR AY.118 OR AY.119 OR AY.119.1 OR AY.119.2 OR AY.120 OR AY.120.1 OR AY.120.2 OR AY.120.2.1 OR AY.121 OR AY.121.1 OR AY.122 OR AY.122.1 OR AY.122.2 OR AY.122.3 OR AY.122.4 OR AY.122.5 OR AY.122.6 OR AY.123 OR AY.123.1 OR AY.124 OR AY.124.1 OR AY.124.1.1 OR AY.125 OR AY.125.1 OR AY.126 OR AY.127 OR AY.127.1 OR AY.127.2 OR AY.127.3 OR AY.128 OR AY.129 OR AY.130 OR AY.131 OR AY.132 OR AY.133 OR AY.134 OR B.1.617.2,Delta,1.57142857142857,0,0
2021-05-28,1,0,1.25,0,0,0.000385580980755902,0.853253683690425,AY.1 OR AY.2 OR AY.3 OR AY.3.1 OR AY.3.2 OR AY.3.3 OR AY.3.4 OR AY.4 OR AY.4.1 OR AY.4.2 OR AY.4.2.1 OR AY.4.2.2 OR AY.4.2.3 OR AY.4.2.4 OR AY.4.2.5 OR AY.4.3 OR AY.4.4 OR AY.4.5 OR AY.4.6 OR AY.4.7 OR AY.4.8 OR AY.4.9 OR AY.4.10 OR AY.4.11 OR AY.4.12 OR AY.4.13 OR AY.4.14 OR AY.4.15 OR AY.4.16 OR AY.4.17 OR AY.5 OR AY.5.1 OR AY.5.2 OR AY.5.3 OR AY.5.4 OR AY.5.5 OR AY.5.6 OR AY.5.7 OR AY.6 OR AY.7 OR AY.7.1 OR AY.7.2 OR AY.8 OR AY.9 OR AY.9.2 OR AY.9.2.1 OR AY.9.2.2 OR AY.10 OR AY.11 OR AY.13 OR AY.14 OR AY.15 OR AY.16 OR AY.16.1 OR AY.17 OR AY.18 OR AY.19 OR AY.20 OR AY.20.1 OR AY.21 OR AY.22 OR AY.23 OR AY.23.1 OR AY.23.2 OR AY.24 OR AY.24.1 OR AY.25 OR AY.25.1 OR AY.25.1.1 OR AY.25.1.2 OR AY.25.2 OR AY.25.3 OR AY.26 OR AY.26.1 OR AY.27 OR AY.28 OR AY.29 OR AY.29.1 OR AY.29.2 OR AY.30 OR AY.31 OR AY.32 OR AY.33 OR AY.33.1 OR AY.33.2 OR AY.34 OR AY.34.1 OR AY.34.1.1 OR AY.34.2 OR AY.35 OR AY.36 OR AY.36.1 OR AY.37 OR AY.38 OR AY.39 OR AY.39.1 OR AY.39.1.1 OR AY.39.1.2 OR AY.39.1.3 OR AY.39.1.4 OR AY.39.2 OR AY.39.3 OR AY.40 OR AY.41 OR AY.42 OR AY.42.1 OR AY.43 OR AY.43.1 OR AY.43.2 OR AY.43.3 OR AY.43.4 OR AY.43.5 OR AY.43.6 OR AY.43.7 OR AY.43.8 OR AY.43.9 OR AY.44 OR AY.45 OR AY.46 OR AY.46.1 OR AY.46.2 OR AY.46.3 OR AY.46.4 OR AY.46.5 OR AY.46.6 OR AY.46.6.1 OR AY.47 OR AY.48 OR AY.49 OR AY.50 OR AY.51 OR AY.52 OR AY.53 OR AY.54 OR AY.55 OR AY.56 OR AY.57 OR AY.58 OR AY.59 OR AY.60 OR AY.61 OR AY.62 OR AY.63 OR AY.64 OR AY.65 OR AY.66 OR AY.67 OR AY.68 OR AY.69 OR AY.70 OR AY.71 OR AY.72 OR AY.73 OR AY.74 OR AY.75 OR AY.75.2 OR AY.75.3 OR AY.76 OR AY.77 OR AY.78 OR AY.79 OR AY.80 OR AY.81 OR AY.82 OR AY.83 OR AY.84 OR AY.85 OR AY.86 OR AY.87 OR AY.88 OR AY.90 OR AY.91 OR AY.91.1 OR AY.92 OR AY.93 OR AY.94 OR AY.95 OR AY.98 OR AY.98.1 OR AY.98.1.1 OR AY.99 OR AY.99.1 OR AY.99.2 OR AY.100 OR AY.101 OR AY.102 OR AY.102.1 OR AY.102.2 OR AY.103 OR AY.103.1 OR AY.103.2 OR AY.104 OR AY.105 OR AY.106 OR AY.107 OR AY.108 OR AY.109 OR AY.110 OR AY.111 OR AY.112 OR AY.112.1 OR AY.112.2 OR AY.112.3 OR AY.113 OR AY.114 OR AY.116 OR AY.116.1 OR AY.117 OR AY.118 OR AY.119 OR AY.119.1 OR AY.119.2 OR AY.120 OR AY.120.1 OR AY.120.2 OR AY.120.2.1 OR AY.121 OR AY.121.1 OR AY.122 OR AY.122.1 OR AY.122.2 OR AY.122.3 OR AY.122.4 OR AY.122.5 OR AY.122.6 OR AY.123 OR AY.123.1 OR AY.124 OR AY.124.1 OR AY.124.1.1 OR AY.125 OR AY.125.1 OR AY.126 OR AY.127 OR AY.127.1 OR AY.127.2 OR AY.127.3 OR AY.128 OR AY.129 OR AY.130 OR AY.131 OR AY.132 OR AY.133 OR AY.134 OR B.1.617.2,Delta,1.5,0,0
2021-05-30,1,0,1.2,0,0,0.000385580980755902,0.853253683690425,AY.1 OR AY.2 OR AY.3 OR AY.3.1 OR AY.3.2 OR AY.3.3 OR AY.3.4 OR AY.4 OR AY.4.1 OR AY.4.2 OR AY.4.2.1 OR AY.4.2.2 OR AY.4.2.3 OR AY.4.2.4 OR AY.4.2.5 OR AY.4.3 OR AY.4.4 OR AY.4.5 OR AY.4.6 OR AY.4.7 OR AY.4.8 OR AY.4.9 OR AY.4.10 OR AY.4.11 OR AY.4.12 OR AY.4.13 OR AY.4.14 OR AY.4.15 OR AY.4.16 OR AY.4.17 OR AY.5 OR AY.5.1 OR AY.5.2 OR AY.5.3 OR AY.5.4 OR AY.5.5 OR AY.5.6 OR AY.5.7 OR AY.6 OR AY.7 OR AY.7.1 OR AY.7.2 OR AY.8 OR AY.9 OR AY.9.2 OR AY.9.2.1 OR AY.9.2.2 OR AY.10 OR AY.11 OR AY.13 OR AY.14 OR AY.15 OR AY.16 OR AY.16.1 OR AY.17 OR AY.18 OR AY.19 OR AY.20 OR AY.20.1 OR AY.21 OR AY.22 OR AY.23 OR AY.23.1 OR AY.23.2 OR AY.24 OR AY.24.1 OR AY.25 OR AY.25.1 OR AY.25.1.1 OR AY.25.1.2 OR AY.25.2 OR AY.25.3 OR AY.26 OR AY.26.1 OR AY.27 OR AY.28 OR AY.29 OR AY.29.1 OR AY.29.2 OR AY.30 OR AY.31 OR AY.32 OR AY.33 OR AY.33.1 OR AY.33.2 OR AY.34 OR AY.34.1 OR AY.34.1.1 OR AY.34.2 OR AY.35 OR AY.36 OR AY.36.1 OR AY.37 OR AY.38 OR AY.39 OR AY.39.1 OR AY.39.1.1 OR AY.39.1.2 OR AY.39.1.3 OR AY.39.1.4 OR AY.39.2 OR AY.39.3 OR AY.40 OR AY.41 OR AY.42 OR AY.42.1 OR AY.43 OR AY.43.1 OR AY.43.2 OR AY.43.3 OR AY.43.4 OR AY.43.5 OR AY.43.6 OR AY.43.7 OR AY.43.8 OR AY.43.9 OR AY.44 OR AY.45 OR AY.46 OR AY.46.1 OR AY.46.2 OR AY.46.3 OR AY.46.4 OR AY.46.5 OR AY.46.6 OR AY.46.6.1 OR AY.47 OR AY.48 OR AY.49 OR AY.50 OR AY.51 OR AY.52 OR AY.53 OR AY.54 OR AY.55 OR AY.56 OR AY.57 OR AY.58 OR AY.59 OR AY.60 OR AY.61 OR AY.62 OR AY.63 OR AY.64 OR AY.65 OR AY.66 OR AY.67 OR AY.68 OR AY.69 OR AY.70 OR AY.71 OR AY.72 OR AY.73 OR AY.74 OR AY.75 OR AY.75.2 OR AY.75.3 OR AY.76 OR AY.77 OR AY.78 OR AY.79 OR AY.80 OR AY.81 OR AY.82 OR AY.83 OR AY.84 OR AY.85 OR AY.86 OR AY.87 OR AY.88 OR AY.90 OR AY.91 OR AY.91.1 OR AY.92 OR AY.93 OR AY.94 OR AY.95 OR AY.98 OR AY.98.1 OR AY.98.1.1 OR AY.99 OR AY.99.1 OR AY.99.2 OR AY.100 OR AY.101 OR AY.102 OR AY.102.1 OR AY.102.2 OR AY.103 OR AY.103.1 OR AY.103.2 OR AY.104 OR AY.105 OR AY.106 OR AY.107 OR AY.108 OR AY.109 OR AY.110 OR AY.111 OR AY.112 OR AY.112.1 OR AY.112.2 OR AY.112.3 OR AY.113 OR AY.114 OR AY.116 OR AY.116.1 OR AY.117 OR AY.118 OR AY.119 OR AY.119.1 OR AY.119.2 OR AY.120 OR AY.120.1 OR AY.120.2 OR AY.120.2.1 OR AY.121 OR AY.121.1 OR AY.122 OR AY.122.1 OR AY.122.2 OR AY.122.3 OR AY.122.4 OR AY.122.5 OR AY.122.6 OR AY.123 OR AY.123.1 OR AY.124 OR AY.124.1 OR AY.124.1.1 OR AY.125 OR AY.125.1 OR AY.126 OR AY.127 OR AY.127.1 OR AY.127.2 OR AY.127.3 OR AY.128 OR AY.129 OR AY.130 OR AY.131 OR AY.132 OR AY.133 OR AY.134 OR B.1.617.2,Delta,1.5,0,0
2021-05-31,13,0,3.4,0,0,0.000150636025436569,0.53558324304295,AY.1 OR AY.2 OR AY.3 OR AY.3.1 OR AY.3.2 OR AY.3.3 OR AY.3.4 OR AY.4 OR AY.4.1 OR AY.4.2 OR AY.4.2.1 OR AY.4.2.2 OR AY.4.2.3 OR AY.4.2.4 OR AY.4.2.5 OR AY.4.3 OR AY.4.4 OR AY.4.5 OR AY.4.6 OR AY.4.7 OR AY.4.8 OR AY.4.9 OR AY.4.10 OR AY.4.11 OR AY.4.12 OR AY.4.13 OR AY.4.14 OR AY.4.15 OR AY.4.16 OR AY.4.17 OR AY.5 OR AY.5.1 OR AY.5.2 OR AY.5.3 OR AY.5.4 OR AY.5.5 OR AY.5.6 OR AY.5.7 OR AY.6 OR AY.7 OR AY.7.1 OR AY.7.2 OR AY.8 OR AY.9 OR AY.9.2 OR AY.9.2.1 OR AY.9.2.2 OR AY.10 OR AY.11 OR AY.13 OR AY.14 OR AY.15 OR AY.16 OR AY.16.1 OR AY.17 OR AY.18 OR AY.19 OR AY.20 OR AY.20.1 OR AY.21 OR AY.22 OR AY.23 OR AY.23.1 OR AY.23.2 OR AY.24 OR AY.24.1 OR AY.25 OR AY.25.1 OR AY.25.1.1 OR AY.25.1.2 OR AY.25.2 OR AY.25.3 OR AY.26 OR AY.26.1 OR AY.27 OR AY.28 OR AY.29 OR AY.29.1 OR AY.29.2 OR AY.30 OR AY.31 OR AY.32 OR AY.33 OR AY.33.1 OR AY.33.2 OR AY.34 OR AY.34.1 OR AY.34.1.1 OR AY.34.2 OR AY.35 OR AY.36 OR AY.36.1 OR AY.37 OR AY.38 OR AY.39 OR AY.39.1 OR AY.39.1.1 OR AY.39.1.2 OR AY.39.1.3 OR AY.39.1.4 OR AY.39.2 OR AY.39.3 OR AY.40 OR AY.41 OR AY.42 OR AY.42.1 OR AY.43 OR AY.43.1 OR AY.43.2 OR AY.43.3 OR AY.43.4 OR AY.43.5 OR AY.43.6 OR AY.43.7 OR AY.43.8 OR AY.43.9 OR AY.44 OR AY.45 OR AY.46 OR AY.46.1 OR AY.46.2 OR AY.46.3 OR AY.46.4 OR AY.46.5 OR AY.46.6 OR AY.46.6.1 OR AY.47 OR AY.48 OR AY.49 OR AY.50 OR AY.51 OR AY.52 OR AY.53 OR AY.54 OR AY.55 OR AY.56 OR AY.57 OR AY.58 OR AY.59 OR AY.60 OR AY.61 OR AY.62 OR AY.63 OR AY.64 OR AY.65 OR AY.66 OR AY.67 OR AY.68 OR AY.69 OR AY.70 OR AY.71 OR AY.72 OR AY.73 OR AY.74 OR AY.75 OR AY.75.2 OR AY.75.3 OR AY.76 OR AY.77 OR AY.78 OR AY.79 OR AY.80 OR AY.81 OR AY.82 OR AY.83 OR AY.84 OR AY.85 OR AY.86 OR AY.87 OR AY.88 OR AY.90 OR AY.91 OR AY.91.1 OR AY.92 OR AY.93 OR AY.94 OR AY.95 OR AY.98 OR AY.98.1 OR AY.98.1.1 OR AY.99 OR AY.99.1 OR AY.99.2 OR AY.100 OR AY.101 OR AY.102 OR AY.102.1 OR AY.102.2 OR AY.103 OR AY.103.1 OR AY.103.2 OR AY.104 OR AY.105 OR AY.106 OR AY.107 OR AY.108 OR AY.109 OR AY.110 OR AY.111 OR AY.112 OR AY.112.1 OR AY.112.2 OR AY.112.3 OR AY.113 OR AY.114 OR AY.116 OR AY.116.1 OR AY.117 OR AY.118 OR AY.119 OR AY.119.1 OR AY.119.2 OR AY.120 OR AY.120.1 OR AY.120.2 OR AY.120.2.1 OR AY.121 OR AY.121.1 OR AY.122 OR AY.122.1 OR AY.122.2 OR AY.122.3 OR AY.122.4 OR AY.122.5 OR AY.122.6 OR AY.123 OR AY.123.1 OR AY.124 OR AY.124.1 OR AY.124.1.1 OR AY.125 OR AY.125.1 OR AY.126 OR AY.127 OR AY.127.1 OR AY.127.2 OR AY.127.3 OR AY.128 OR AY.129 OR AY.130 OR AY.131 OR AY.132 OR AY.133 OR AY.134 OR B.1.617.2,Delta,2.35714285714286,0,0
2021-06-01,7,0,4,0,0,0.000115332788238275,0.44476261765764,AY.1 OR AY.2 OR AY.3 OR AY.3.1 OR AY.3.2 OR AY.3.3 OR AY.3.4 OR AY.4 OR AY.4.1 OR AY.4.2 OR AY.4.2.1 OR AY.4.2.2 OR AY.4.2.3 OR AY.4.2.4 OR AY.4.2.5 OR AY.4.3 OR AY.4.4 OR AY.4.5 OR AY.4.6 OR AY.4.7 OR AY.4.8 OR AY.4.9 OR AY.4.10 OR AY.4.11 OR AY.4.12 OR AY.4.13 OR AY.4.14 OR AY.4.15 OR AY.4.16 OR AY.4.17 OR AY.5 OR AY.5.1 OR AY.5.2 OR AY.5.3 OR AY.5.4 OR AY.5.5 OR AY.5.6 OR AY.5.7 OR AY.6 OR AY.7 OR AY.7.1 OR AY.7.2 OR AY.8 OR AY.9 OR AY.9.2 OR AY.9.2.1 OR AY.9.2.2 OR AY.10 OR AY.11 OR AY.13 OR AY.14 OR AY.15 OR AY.16 OR AY.16.1 OR AY.17 OR AY.18 OR AY.19 OR AY.20 OR AY.20.1 OR AY.21 OR AY.22 OR AY.23 OR AY.23.1 OR AY.23.2 OR AY.24 OR AY.24.1 OR AY.25 OR AY.25.1 OR AY.25.1.1 OR AY.25.1.2 OR AY.25.2 OR AY.25.3 OR AY.26 OR AY.26.1 OR AY.27 OR AY.28 OR AY.29 OR AY.29.1 OR AY.29.2 OR AY.30 OR AY.31 OR AY.32 OR AY.33 OR AY.33.1 OR AY.33.2 OR AY.34 OR AY.34.1 OR AY.34.1.1 OR AY.34.2 OR AY.35 OR AY.36 OR AY.36.1 OR AY.37 OR AY.38 OR AY.39 OR AY.39.1 OR AY.39.1.1 OR AY.39.1.2 OR AY.39.1.3 OR AY.39.1.4 OR AY.39.2 OR AY.39.3 OR AY.40 OR AY.41 OR AY.42 OR AY.42.1 OR AY.43 OR AY.43.1 OR AY.43.2 OR AY.43.3 OR AY.43.4 OR AY.43.5 OR AY.43.6 OR AY.43.7 OR AY.43.8 OR AY.43.9 OR AY.44 OR AY.45 OR AY.46 OR AY.46.1 OR AY.46.2 OR AY.46.3 OR AY.46.4 OR AY.46.5 OR AY.46.6 OR AY.46.6.1 OR AY.47 OR AY.48 OR AY.49 OR AY.50 OR AY.51 OR AY.52 OR AY.53 OR AY.54 OR AY.55 OR AY.56 OR AY.57 OR AY.58 OR AY.59 OR AY.60 OR AY.61 OR AY.62 OR AY.63 OR AY.64 OR AY.65 OR AY.66 OR AY.67 OR AY.68 OR AY.69 OR AY.70 OR AY.71 OR AY.72 OR AY.73 OR AY.74 OR AY.75 OR AY.75.2 OR AY.75.3 OR AY.76 OR AY.77 OR AY.78 OR AY.79 OR AY.80 OR AY.81 OR AY.82 OR AY.83 OR AY.84 OR AY.85 OR AY.86 OR AY.87 OR AY.88 OR AY.90 OR AY.91 OR AY.91.1 OR AY.92 OR AY.93 OR AY.94 OR AY.95 OR AY.98 OR AY.98.1 OR AY.98.1.1 OR AY.99 OR AY.99.1 OR AY.99.2 OR AY.100 OR AY.101 OR AY.102 OR AY.102.1 OR AY.102.2 OR AY.103 OR AY.103.1 OR AY.103.2 OR AY.104 OR AY.105 OR AY.106 OR AY.107 OR AY.108 OR AY.109 OR AY.110 OR AY.111 OR AY.112 OR AY.112.1 OR AY.112.2 OR AY.112.3 OR AY.113 OR AY.114 OR AY.116 OR AY.116.1 OR AY.117 OR AY.118 OR AY.119 OR AY.119.1 OR AY.119.2 OR AY.120 OR AY.120.1 OR AY.120.2 OR AY.120.2.1 OR AY.121 OR AY.121.1 OR AY.122 OR AY.122.1 OR AY.122.2 OR AY.122.3 OR AY.122.4 OR AY.122.5 OR AY.122.6 OR AY.123 OR AY.123.1 OR AY.124 OR AY.124.1 OR AY.124.1.1 OR AY.125 OR AY.125.1 OR AY.126 OR AY.127 OR AY.127.1 OR AY.127.2 OR AY.127.3 OR AY.128 OR AY.129 OR AY.130 OR AY.131 OR AY.132 OR AY.133 OR AY.134 OR B.1.617.2,Delta,2.64285714285714,0,0
2021-06-02,1,0,4,0,0,0.000115332788238275,0.44476261765764,AY.1 OR AY.2 OR AY.3 OR AY.3.1 OR AY.3.2 OR AY.3.3 OR AY.3.4 OR AY.4 OR AY.4.1 OR AY.4.2 OR AY.4.2.1 OR AY.4.2.2 OR AY.4.2.3 OR AY.4.2.4 OR AY.4.2.5 OR AY.4.3 OR AY.4.4 OR AY.4.5 OR AY.4.6 OR AY.4.7 OR AY.4.8 OR AY.4.9 OR AY.4.10 OR AY.4.11 OR AY.4.12 OR AY.4.13 OR AY.4.14 OR AY.4.15 OR AY.4.16 OR AY.4.17 OR AY.5 OR AY.5.1 OR AY.5.2 OR AY.5.3 OR AY.5.4 OR AY.5.5 OR AY.5.6 OR AY.5.7 OR AY.6 OR AY.7 OR AY.7.1 OR AY.7.2 OR AY.8 OR AY.9 OR AY.9.2 OR AY.9.2.1 OR AY.9.2.2 OR AY.10 OR AY.11 OR AY.13 OR AY.14 OR AY.15 OR AY.16 OR AY.16.1 OR AY.17 OR AY.18 OR AY.19 OR AY.20 OR AY.20.1 OR AY.21 OR AY.22 OR AY.23 OR AY.23.1 OR AY.23.2 OR AY.24 OR AY.24.1 OR AY.25 OR AY.25.1 OR AY.25.1.1 OR AY.25.1.2 OR AY.25.2 OR AY.25.3 OR AY.26 OR AY.26.1 OR AY.27 OR AY.28 OR AY.29 OR AY.29.1 OR AY.29.2 OR AY.30 OR AY.31 OR AY.32 OR AY.33 OR AY.33.1 OR AY.33.2 OR AY.34 OR AY.34.1 OR AY.34.1.1 OR AY.34.2 OR AY.35 OR AY.36 OR AY.36.1 OR AY.37 OR AY.38 OR AY.39 OR AY.39.1 OR AY.39.1.1 OR AY.39.1.2 OR AY.39.1.3 OR AY.39.1.4 OR AY.39.2 OR AY.39.3 OR AY.40 OR AY.41 OR AY.42 OR AY.42.1 OR AY.43 OR AY.43.1 OR AY.43.2 OR AY.43.3 OR AY.43.4 OR AY.43.5 OR AY.43.6 OR AY.43.7 OR AY.43.8 OR AY.43.9 OR AY.44 OR AY.45 OR AY.46 OR AY.46.1 OR AY.46.2 OR AY.46.3 OR AY.46.4 OR AY.46.5 OR AY.46.6 OR AY.46.6.1 OR AY.47 OR AY.48 OR AY.49 OR AY.50 OR AY.51 OR AY.52 OR AY.53 OR AY.54 OR AY.55 OR AY.56 OR AY.57 OR AY.58 OR AY.59 OR AY.60 OR AY.61 OR AY.62 OR AY.63 OR AY.64 OR AY.65 OR AY.66 OR AY.67 OR AY.68 OR AY.69 OR AY.70 OR AY.71 OR AY.72 OR AY.73 OR AY.74 OR AY.75 OR AY.75.2 OR AY.75.3 OR AY.76 OR AY.77 OR AY.78 OR AY.79 OR AY.80 OR AY.81 OR AY.82 OR AY.83 OR AY.84 OR AY.85 OR AY.86 OR AY.87 OR AY.88 OR AY.90 OR AY.91 OR AY.91.1 OR AY.92 OR AY.93 OR AY.94 OR AY.95 OR AY.98 OR AY.98.1 OR AY.98.1.1 OR AY.99 OR AY.99.1 OR AY.99.2 OR AY.100 OR AY.101 OR AY.102 OR AY.102.1 OR AY.102.2 OR AY.103 OR AY.103.1 OR AY.103.2 OR AY.104 OR AY.105 OR AY.106 OR AY.107 OR AY.108 OR AY.109 OR AY.110 OR AY.111 OR AY.112 OR AY.112.1 OR AY.112.2 OR AY.112.3 OR AY.113 OR AY.114 OR AY.116 OR AY.116.1 OR AY.117 OR AY.118 OR AY.119 OR AY.119.1 OR AY.119.2 OR AY.120 OR AY.120.1 OR AY.120.2 OR AY.120.2.1 OR AY.121 OR AY.121.1 OR AY.122 OR AY.122.1 OR AY.122.2 OR AY.122.3 OR AY.122.4 OR AY.122.5 OR AY.122.6 OR AY.123 OR AY.123.1 OR AY.124 OR AY.124.1 OR AY.124.1.1 OR AY.125 OR AY.125.1 OR AY.126 OR AY.127 OR AY.127.1 OR AY.127.2 OR AY.127.3 OR AY.128 OR AY.129 OR AY.130 OR AY.131 OR AY.132 OR AY.133 OR AY.134 OR B.1.617.2,Delta,2.57142857142857,0,0
2021-06-03,1,0,4,0,0,0.000115332788238275,0.44476261765764,AY.1 OR AY.2 OR AY.3 OR AY.3.1 OR AY.3.2 OR AY.3.3 OR AY.3.4 OR AY.4 OR AY.4.1 OR AY.4.2 OR AY.4.2.1 OR AY.4.2.2 OR AY.4.2.3 OR AY.4.2.4 OR AY.4.2.5 OR AY.4.3 OR AY.4.4 OR AY.4.5 OR AY.4.6 OR AY.4.7 OR AY.4.8 OR AY.4.9 OR AY.4.10 OR AY.4.11 OR AY.4.12 OR AY.4.13 OR AY.4.14 OR AY.4.15 OR AY.4.16 OR AY.4.17 OR AY.5 OR AY.5.1 OR AY.5.2 OR AY.5.3 OR AY.5.4 OR AY.5.5 OR AY.5.6 OR AY.5.7 OR AY.6 OR AY.7 OR AY.7.1 OR AY.7.2 OR AY.8 OR AY.9 OR AY.9.2 OR AY.9.2.1 OR AY.9.2.2 OR AY.10 OR AY.11 OR AY.13 OR AY.14 OR AY.15 OR AY.16 OR AY.16.1 OR AY.17 OR AY.18 OR AY.19 OR AY.20 OR AY.20.1 OR AY.21 OR AY.22 OR AY.23 OR AY.23.1 OR AY.23.2 OR AY.24 OR AY.24.1 OR AY.25 OR AY.25.1 OR AY.25.1.1 OR AY.25.1.2 OR AY.25.2 OR AY.25.3 OR AY.26 OR AY.26.1 OR AY.27 OR AY.28 OR AY.29 OR AY.29.1 OR AY.29.2 OR AY.30 OR AY.31 OR AY.32 OR AY.33 OR AY.33.1 OR AY.33.2 OR AY.34 OR AY.34.1 OR AY.34.1.1 OR AY.34.2 OR AY.35 OR AY.36 OR AY.36.1 OR AY.37 OR AY.38 OR AY.39 OR AY.39.1 OR AY.39.1.1 OR AY.39.1.2 OR AY.39.1.3 OR AY.39.1.4 OR AY.39.2 OR AY.39.3 OR AY.40 OR AY.41 OR AY.42 OR AY.42.1 OR AY.43 OR AY.43.1 OR AY.43.2 OR AY.43.3 OR AY.43.4 OR AY.43.5 OR AY.43.6 OR AY.43.7 OR AY.43.8 OR AY.43.9 OR AY.44 OR AY.45 OR AY.46 OR AY.46.1 OR AY.46.2 OR AY.46.3 OR AY.46.4 OR AY.46.5 OR AY.46.6 OR AY.46.6.1 OR AY.47 OR AY.48 OR AY.49 OR AY.50 OR AY.51 OR AY.52 OR AY.53 OR AY.54 OR AY.55 OR AY.56 OR AY.57 OR AY.58 OR AY.59 OR AY.60 OR AY.61 OR AY.62 OR AY.63 OR AY.64 OR AY.65 OR AY.66 OR AY.67 OR AY.68 OR AY.69 OR AY.70 OR AY.71 OR AY.72 OR AY.73 OR AY.74 OR AY.75 OR AY.75.2 OR AY.75.3 OR AY.76 OR AY.77 OR AY.78 OR AY.79 OR AY.80 OR AY.81 OR AY.82 OR AY.83 OR AY.84 OR AY.85 OR AY.86 OR AY.87 OR AY.88 OR AY.90 OR AY.91 OR AY.91.1 OR AY.92 OR AY.93 OR AY.94 OR AY.95 OR AY.98 OR AY.98.1 OR AY.98.1.1 OR AY.99 OR AY.99.1 OR AY.99.2 OR AY.100 OR AY.101 OR AY.102 OR AY.102.1 OR AY.102.2 OR AY.103 OR AY.103.1 OR AY.103.2 OR AY.104 OR AY.105 OR AY.106 OR AY.107 OR AY.108 OR AY.109 OR AY.110 OR AY.111 OR AY.112 OR AY.112.1 OR AY.112.2 OR AY.112.3 OR AY.113 OR AY.114 OR AY.116 OR AY.116.1 OR AY.117 OR AY.118 OR AY.119 OR AY.119.1 OR AY.119.2 OR AY.120 OR AY.120.1 OR AY.120.2 OR AY.120.2.1 OR AY.121 OR AY.121.1 OR AY.122 OR AY.122.1 OR AY.122.2 OR AY.122.3 OR AY.122.4 OR AY.122.5 OR AY.122.6 OR AY.123 OR AY.123.1 OR AY.124 OR AY.124.1 OR AY.124.1.1 OR AY.125 OR AY.125.1 OR AY.126 OR AY.127 OR AY.127.1 OR AY.127.2 OR AY.127.3 OR AY.128 OR AY.129 OR AY.130 OR AY.131 OR AY.132 OR AY.133 OR AY.134 OR B.1.617.2,Delta,2.57142857142857,0,0
2021-06-04,1,0,4,0,0,0.000115332788238275,0.44476261765764,AY.1 OR AY.2 OR AY.3 OR AY.3.1 OR AY.3.2 OR AY.3.3 OR AY.3.4 OR AY.4 OR AY.4.1 OR AY.4.2 OR AY.4.2.1 OR AY.4.2.2 OR AY.4.2.3 OR AY.4.2.4 OR AY.4.2.5 OR AY.4.3 OR AY.4.4 OR AY.4.5 OR AY.4.6 OR AY.4.7 OR AY.4.8 OR AY.4.9 OR AY.4.10 OR AY.4.11 OR AY.4.12 OR AY.4.13 OR AY.4.14 OR AY.4.15 OR AY.4.16 OR AY.4.17 OR AY.5 OR AY.5.1 OR AY.5.2 OR AY.5.3 OR AY.5.4 OR AY.5.5 OR AY.5.6 OR AY.5.7 OR AY.6 OR AY.7 OR AY.7.1 OR AY.7.2 OR AY.8 OR AY.9 OR AY.9.2 OR AY.9.2.1 OR AY.9.2.2 OR AY.10 OR AY.11 OR AY.13 OR AY.14 OR AY.15 OR AY.16 OR AY.16.1 OR AY.17 OR AY.18 OR AY.19 OR AY.20 OR AY.20.1 OR AY.21 OR AY.22 OR AY.23 OR AY.23.1 OR AY.23.2 OR AY.24 OR AY.24.1 OR AY.25 OR AY.25.1 OR AY.25.1.1 OR AY.25.1.2 OR AY.25.2 OR AY.25.3 OR AY.26 OR AY.26.1 OR AY.27 OR AY.28 OR AY.29 OR AY.29.1 OR AY.29.2 OR AY.30 OR AY.31 OR AY.32 OR AY.33 OR AY.33.1 OR AY.33.2 OR AY.34 OR AY.34.1 OR AY.34.1.1 OR AY.34.2 OR AY.35 OR AY.36 OR AY.36.1 OR AY.37 OR AY.38 OR AY.39 OR AY.39.1 OR AY.39.1.1 OR AY.39.1.2 OR AY.39.1.3 OR AY.39.1.4 OR AY.39.2 OR AY.39.3 OR AY.40 OR AY.41 OR AY.42 OR AY.42.1 OR AY.43 OR AY.43.1 OR AY.43.2 OR AY.43.3 OR AY.43.4 OR AY.43.5 OR AY.43.6 OR AY.43.7 OR AY.43.8 OR AY.43.9 OR AY.44 OR AY.45 OR AY.46 OR AY.46.1 OR AY.46.2 OR AY.46.3 OR AY.46.4 OR AY.46.5 OR AY.46.6 OR AY.46.6.1 OR AY.47 OR AY.48 OR AY.49 OR AY.50 OR AY.51 OR AY.52 OR AY.53 OR AY.54 OR AY.55 OR AY.56 OR AY.57 OR AY.58 OR AY.59 OR AY.60 OR AY.61 OR AY.62 OR AY.63 OR AY.64 OR AY.65 OR AY.66 OR AY.67 OR AY.68 OR AY.69 OR AY.70 OR AY.71 OR AY.72 OR AY.73 OR AY.74 OR AY.75 OR AY.75.2 OR AY.75.3 OR AY.76 OR AY.77 OR AY.78 OR AY.79 OR AY.80 OR AY.81 OR AY.82 OR AY.83 OR AY.84 OR AY.85 OR AY.86 OR AY.87 OR AY.88 OR AY.90 OR AY.91 OR AY.91.1 OR AY.92 OR AY.93 OR AY.94 OR AY.95 OR AY.98 OR AY.98.1 OR AY.98.1.1 OR AY.99 OR AY.99.1 OR AY.99.2 OR AY.100 OR AY.101 OR AY.102 OR AY.102.1 OR AY.102.2 OR AY.103 OR AY.103.1 OR AY.103.2 OR AY.104 OR AY.105 OR AY.106 OR AY.107 OR AY.108 OR AY.109 OR AY.110 OR AY.111 OR AY.112 OR AY.112.1 OR AY.112.2 OR AY.112.3 OR AY.113 OR AY.114 OR AY.116 OR AY.116.1 OR AY.117 OR AY.118 OR AY.119 OR AY.119.1 OR AY.119.2 OR AY.120 OR AY.120.1 OR AY.120.2 OR AY.120.2.1 OR AY.121 OR AY.121.1 OR AY.122 OR AY.122.1 OR AY.122.2 OR AY.122.3 OR AY.122.4 OR AY.122.5 OR AY.122.6 OR AY.123 OR AY.123.1 OR AY.124 OR AY.124.1 OR AY.124.1.1 OR AY.125 OR AY.125.1 OR AY.126 OR AY.127 OR AY.127.1 OR AY.127.2 OR AY.127.3 OR AY.128 OR AY.129 OR AY.130 OR AY.131 OR AY.132 OR AY.133 OR AY.134 OR B.1.617.2,Delta,2.57142857142857,0,0
2021-06-05,1,0,3.57142857142857,0,0,0.000115332788238275,0.44476261765764,AY.1 OR AY.2 OR AY.3 OR AY.3.1 OR AY.3.2 OR AY.3.3 OR AY.3.4 OR AY.4 OR AY.4.1 OR AY.4.2 OR AY.4.2.1 OR AY.4.2.2 OR AY.4.2.3 OR AY.4.2.4 OR AY.4.2.5 OR AY.4.3 OR AY.4.4 OR AY.4.5 OR AY.4.6 OR AY.4.7 OR AY.4.8 OR AY.4.9 OR AY.4.10 OR AY.4.11 OR AY.4.12 OR AY.4.13 OR AY.4.14 OR AY.4.15 OR AY.4.16 OR AY.4.17 OR AY.5 OR AY.5.1 OR AY.5.2 OR AY.5.3 OR AY.5.4 OR AY.5.5 OR AY.5.6 OR AY.5.7 OR AY.6 OR AY.7 OR AY.7.1 OR AY.7.2 OR AY.8 OR AY.9 OR AY.9.2 OR AY.9.2.1 OR AY.9.2.2 OR AY.10 OR AY.11 OR AY.13 OR AY.14 OR AY.15 OR AY.16 OR AY.16.1 OR AY.17 OR AY.18 OR AY.19 OR AY.20 OR AY.20.1 OR AY.21 OR AY.22 OR AY.23 OR AY.23.1 OR AY.23.2 OR AY.24 OR AY.24.1 OR AY.25 OR AY.25.1 OR AY.25.1.1 OR AY.25.1.2 OR AY.25.2 OR AY.25.3 OR AY.26 OR AY.26.1 OR AY.27 OR AY.28 OR AY.29 OR AY.29.1 OR AY.29.2 OR AY.30 OR AY.31 OR AY.32 OR AY.33 OR AY.33.1 OR AY.33.2 OR AY.34 OR AY.34.1 OR AY.34.1.1 OR AY.34.2 OR AY.35 OR AY.36 OR AY.36.1 OR AY.37 OR AY.38 OR AY.39 OR AY.39.1 OR AY.39.1.1 OR AY.39.1.2 OR AY.39.1.3 OR AY.39.1.4 OR AY.39.2 OR AY.39.3 OR AY.40 OR AY.41 OR AY.42 OR AY.42.1 OR AY.43 OR AY.43.1 OR AY.43.2 OR AY.43.3 OR AY.43.4 OR AY.43.5 OR AY.43.6 OR AY.43.7 OR AY.43.8 OR AY.43.9 OR AY.44 OR AY.45 OR AY.46 OR AY.46.1 OR AY.46.2 OR AY.46.3 OR AY.46.4 OR AY.46.5 OR AY.46.6 OR AY.46.6.1 OR AY.47 OR AY.48 OR AY.49 OR AY.50 OR AY.51 OR AY.52 OR AY.53 OR AY.54 OR AY.55 OR AY.56 OR AY.57 OR AY.58 OR AY.59 OR AY.60 OR AY.61 OR AY.62 OR AY.63 OR AY.64 OR AY.65 OR AY.66 OR AY.67 OR AY.68 OR AY.69 OR AY.70 OR AY.71 OR AY.72 OR AY.73 OR AY.74 OR AY.75 OR AY.75.2 OR AY.75.3 OR AY.76 OR AY.77 OR AY.78 OR AY.79 OR AY.80 OR AY.81 OR AY.82 OR AY.83 OR AY.84 OR AY.85 OR AY.86 OR AY.87 OR AY.88 OR AY.90 OR AY.91 OR AY.91.1 OR AY.92 OR AY.93 OR AY.94 OR AY.95 OR AY.98 OR AY.98.1 OR AY.98.1.1 OR AY.99 OR AY.99.1 OR AY.99.2 OR AY.100 OR AY.101 OR AY.102 OR AY.102.1 OR AY.102.2 OR AY.103 OR AY.103.1 OR AY.103.2 OR AY.104 OR AY.105 OR AY.106 OR AY.107 OR AY.108 OR AY.109 OR AY.110 OR AY.111 OR AY.112 OR AY.112.1 OR AY.112.2 OR AY.112.3 OR AY.113 OR AY.114 OR AY.116 OR AY.116.1 OR AY.117 OR AY.118 OR AY.119 OR AY.119.1 OR AY.119.2 OR AY.120 OR AY.120.1 OR AY.120.2 OR AY.120.2.1 OR AY.121 OR AY.121.1 OR AY.122 OR AY.122.1 OR AY.122.2 OR AY.122.3 OR AY.122.4 OR AY.122.5 OR AY.122.6 OR AY.123 OR AY.123.1 OR AY.124 OR AY.124.1 OR AY.124.1.1 OR AY.125 OR AY.125.1 OR AY.126 OR AY.127 OR AY.127.1 OR AY.127.2 OR AY.127.3 OR AY.128 OR AY.129 OR AY.130 OR AY.131 OR AY.132 OR AY.133 OR AY.134 OR B.1.617.2,Delta,2.5,0,0
2021-06-06,2,0,3.71428571428571,0,0,0.000115332788238275,0.44476261765764,AY.1 OR AY.2 OR AY.3 OR AY.3.1 OR AY.3.2 OR AY.3.3 OR AY.3.4 OR AY.4 OR AY.4.1 OR AY.4.2 OR AY.4.2.1 OR AY.4.2.2 OR AY.4.2.3 OR AY.4.2.4 OR AY.4.2.5 OR AY.4.3 OR AY.4.4 OR AY.4.5 OR AY.4.6 OR AY.4.7 OR AY.4.8 OR AY.4.9 OR AY.4.10 OR AY.4.11 OR AY.4.12 OR AY.4.13 OR AY.4.14 OR AY.4.15 OR AY.4.16 OR AY.4.17 OR AY.5 OR AY.5.1 OR AY.5.2 OR AY.5.3 OR AY.5.4 OR AY.5.5 OR AY.5.6 OR AY.5.7 OR AY.6 OR AY.7 OR AY.7.1 OR AY.7.2 OR AY.8 OR AY.9 OR AY.9.2 OR AY.9.2.1 OR AY.9.2.2 OR AY.10 OR AY.11 OR AY.13 OR AY.14 OR AY.15 OR AY.16 OR AY.16.1 OR AY.17 OR AY.18 OR AY.19 OR AY.20 OR AY.20.1 OR AY.21 OR AY.22 OR AY.23 OR AY.23.1 OR AY.23.2 OR AY.24 OR AY.24.1 OR AY.25 OR AY.25.1 OR AY.25.1.1 OR AY.25.1.2 OR AY.25.2 OR AY.25.3 OR AY.26 OR AY.26.1 OR AY.27 OR AY.28 OR AY.29 OR AY.29.1 OR AY.29.2 OR AY.30 OR AY.31 OR AY.32 OR AY.33 OR AY.33.1 OR AY.33.2 OR AY.34 OR AY.34.1 OR AY.34.1.1 OR AY.34.2 OR AY.35 OR AY.36 OR AY.36.1 OR AY.37 OR AY.38 OR AY.39 OR AY.39.1 OR AY.39.1.1 OR AY.39.1.2 OR AY.39.1.3 OR AY.39.1.4 OR AY.39.2 OR AY.39.3 OR AY.40 OR AY.41 OR AY.42 OR AY.42.1 OR AY.43 OR AY.43.1 OR AY.43.2 OR AY.43.3 OR AY.43.4 OR AY.43.5 OR AY.43.6 OR AY.43.7 OR AY.43.8 OR AY.43.9 OR AY.44 OR AY.45 OR AY.46 OR AY.46.1 OR AY.46.2 OR AY.46.3 OR AY.46.4 OR AY.46.5 OR AY.46.6 OR AY.46.6.1 OR AY.47 OR AY.48 OR AY.49 OR AY.50 OR AY.51 OR AY.52 OR AY.53 OR AY.54 OR AY.55 OR AY.56 OR AY.57 OR AY.58 OR AY.59 OR AY.60 OR AY.61 OR AY.62 OR AY.63 OR AY.64 OR AY.65 OR AY.66 OR AY.67 OR AY.68 OR AY.69 OR AY.70 OR AY.71 OR AY.72 OR AY.73 OR AY.74 OR AY.75 OR AY.75.2 OR AY.75.3 OR AY.76 OR AY.77 OR AY.78 OR AY.79 OR AY.80 OR AY.81 OR AY.82 OR AY.83 OR AY.84 OR AY.85 OR AY.86 OR AY.87 OR AY.88 OR AY.90 OR AY.91 OR AY.91.1 OR AY.92 OR AY.93 OR AY.94 OR AY.95 OR AY.98 OR AY.98.1 OR AY.98.1.1 OR AY.99 OR AY.99.1 OR AY.99.2 OR AY.100 OR AY.101 OR AY.102 OR AY.102.1 OR AY.102.2 OR AY.103 OR AY.103.1 OR AY.103.2 OR AY.104 OR AY.105 OR AY.106 OR AY.107 OR AY.108 OR AY.109 OR AY.110 OR AY.111 OR AY.112 OR AY.112.1 OR AY.112.2 OR AY.112.3 OR AY.113 OR AY.114 OR AY.116 OR AY.116.1 OR AY.117 OR AY.118 OR AY.119 OR AY.119.1 OR AY.119.2 OR AY.120 OR AY.120.1 OR AY.120.2 OR AY.120.2.1 OR AY.121 OR AY.121.1 OR AY.122 OR AY.122.1 OR AY.122.2 OR AY.122.3 OR AY.122.4 OR AY.122.5 OR AY.122.6 OR AY.123 OR AY.123.1 OR AY.124 OR AY.124.1 OR AY.124.1.1 OR AY.125 OR AY.125.1 OR AY.126 OR AY.127 OR AY.127.1 OR AY.127.2 OR AY.127.3 OR AY.128 OR AY.129 OR AY.130 OR AY.131 OR AY.132 OR AY.133 OR AY.134 OR B.1.617.2,Delta,2.57142857142857,0,0
2021-06-07,2,0,2.14285714285714,0,0,0.000216908470030966,0.666821754401209,AY.1 OR AY.2 OR AY.3 OR AY.3.1 OR AY.3.2 OR AY.3.3 OR AY.3.4 OR AY.4 OR AY.4.1 OR AY.4.2 OR AY.4.2.1 OR AY.4.2.2 OR AY.4.2.3 OR AY.4.2.4 OR AY.4.2.5 OR AY.4.3 OR AY.4.4 OR AY.4.5 OR AY.4.6 OR AY.4.7 OR AY.4.8 OR AY.4.9 OR AY.4.10 OR AY.4.11 OR AY.4.12 OR AY.4.13 OR AY.4.14 OR AY.4.15 OR AY.4.16 OR AY.4.17 OR AY.5 OR AY.5.1 OR AY.5.2 OR AY.5.3 OR AY.5.4 OR AY.5.5 OR AY.5.6 OR AY.5.7 OR AY.6 OR AY.7 OR AY.7.1 OR AY.7.2 OR AY.8 OR AY.9 OR AY.9.2 OR AY.9.2.1 OR AY.9.2.2 OR AY.10 OR AY.11 OR AY.13 OR AY.14 OR AY.15 OR AY.16 OR AY.16.1 OR AY.17 OR AY.18 OR AY.19 OR AY.20 OR AY.20.1 OR AY.21 OR AY.22 OR AY.23 OR AY.23.1 OR AY.23.2 OR AY.24 OR AY.24.1 OR AY.25 OR AY.25.1 OR AY.25.1.1 OR AY.25.1.2 OR AY.25.2 OR AY.25.3 OR AY.26 OR AY.26.1 OR AY.27 OR AY.28 OR AY.29 OR AY.29.1 OR AY.29.2 OR AY.30 OR AY.31 OR AY.32 OR AY.33 OR AY.33.1 OR AY.33.2 OR AY.34 OR AY.34.1 OR AY.34.1.1 OR AY.34.2 OR AY.35 OR AY.36 OR AY.36.1 OR AY.37 OR AY.38 OR AY.39 OR AY.39.1 OR AY.39.1.1 OR AY.39.1.2 OR AY.39.1.3 OR AY.39.1.4 OR AY.39.2 OR AY.39.3 OR AY.40 OR AY.41 OR AY.42 OR AY.42.1 OR AY.43 OR AY.43.1 OR AY.43.2 OR AY.43.3 OR AY.43.4 OR AY.43.5 OR AY.43.6 OR AY.43.7 OR AY.43.8 OR AY.43.9 OR AY.44 OR AY.45 OR AY.46 OR AY.46.1 OR AY.46.2 OR AY.46.3 OR AY.46.4 OR AY.46.5 OR AY.46.6 OR AY.46.6.1 OR AY.47 OR AY.48 OR AY.49 OR AY.50 OR AY.51 OR AY.52 OR AY.53 OR AY.54 OR AY.55 OR AY.56 OR AY.57 OR AY.58 OR AY.59 OR AY.60 OR AY.61 OR AY.62 OR AY.63 OR AY.64 OR AY.65 OR AY.66 OR AY.67 OR AY.68 OR AY.69 OR AY.70 OR AY.71 OR AY.72 OR AY.73 OR AY.74 OR AY.75 OR AY.75.2 OR AY.75.3 OR AY.76 OR AY.77 OR AY.78 OR AY.79 OR AY.80 OR AY.81 OR AY.82 OR AY.83 OR AY.84 OR AY.85 OR AY.86 OR AY.87 OR AY.88 OR AY.90 OR AY.91 OR AY.91.1 OR AY.92 OR AY.93 OR AY.94 OR AY.95 OR AY.98 OR AY.98.1 OR AY.98.1.1 OR AY.99 OR AY.99.1 OR AY.99.2 OR AY.100 OR AY.101 OR AY.102 OR AY.102.1 OR AY.102.2 OR AY.103 OR AY.103.1 OR AY.103.2 OR AY.104 OR AY.105 OR AY.106 OR AY.107 OR AY.108 OR AY.109 OR AY.110 OR AY.111 OR AY.112 OR AY.112.1 OR AY.112.2 OR AY.112.3 OR AY.113 OR AY.114 OR AY.116 OR AY.116.1 OR AY.117 OR AY.118 OR AY.119 OR AY.119.1 OR AY.119.2 OR AY.120 OR AY.120.1 OR AY.120.2 OR AY.120.2.1 OR AY.121 OR AY.121.1 OR AY.122 OR AY.122.1 OR AY.122.2 OR AY.122.3 OR AY.122.4 OR AY.122.5 OR AY.122.6 OR AY.123 OR AY.123.1 OR AY.124 OR AY.124.1 OR AY.124.1.1 OR AY.125 OR AY.125.1 OR AY.126 OR AY.127 OR AY.127.1 OR AY.127.2 OR AY.127.3 OR AY.128 OR AY.129 OR AY.130 OR AY.131 OR AY.132 OR AY.133 OR AY.134 OR B.1.617.2,Delta,2.57142857142857,0,0
2021-06-08,2,0,1.42857142857143,0,0,0.000385580980755902,0.853253683690425,AY.1 OR AY.2 OR AY.3 OR AY.3.1 OR AY.3.2 OR AY.3.3 OR AY.3.4 OR AY.4 OR AY.4.1 OR AY.4.2 OR AY.4.2.1 OR AY.4.2.2 OR AY.4.2.3 OR AY.4.2.4 OR AY.4.2.5 OR AY.4.3 OR AY.4.4 OR AY.4.5 OR AY.4.6 OR AY.4.7 OR AY.4.8 OR AY.4.9 OR AY.4.10 OR AY.4.11 OR AY.4.12 OR AY.4.13 OR AY.4.14 OR AY.4.15 OR AY.4.16 OR AY.4.17 OR AY.5 OR AY.5.1 OR AY.5.2 OR AY.5.3 OR AY.5.4 OR AY.5.5 OR AY.5.6 OR AY.5.7 OR AY.6 OR AY.7 OR AY.7.1 OR AY.7.2 OR AY.8 OR AY.9 OR AY.9.2 OR AY.9.2.1 OR AY.9.2.2 OR AY.10 OR AY.11 OR AY.13 OR AY.14 OR AY.15 OR AY.16 OR AY.16.1 OR AY.17 OR AY.18 OR AY.19 OR AY.20 OR AY.20.1 OR AY.21 OR AY.22 OR AY.23 OR AY.23.1 OR AY.23.2 OR AY.24 OR AY.24.1 OR AY.25 OR AY.25.1 OR AY.25.1.1 OR AY.25.1.2 OR AY.25.2 OR AY.25.3 OR AY.26 OR AY.26.1 OR AY.27 OR AY.28 OR AY.29 OR AY.29.1 OR AY.29.2 OR AY.30 OR AY.31 OR AY.32 OR AY.33 OR AY.33.1 OR AY.33.2 OR AY.34 OR AY.34.1 OR AY.34.1.1 OR AY.34.2 OR AY.35 OR AY.36 OR AY.36.1 OR AY.37 OR AY.38 OR AY.39 OR AY.39.1 OR AY.39.1.1 OR AY.39.1.2 OR AY.39.1.3 OR AY.39.1.4 OR AY.39.2 OR AY.39.3 OR AY.40 OR AY.41 OR AY.42 OR AY.42.1 OR AY.43 OR AY.43.1 OR AY.43.2 OR AY.43.3 OR AY.43.4 OR AY.43.5 OR AY.43.6 OR AY.43.7 OR AY.43.8 OR AY.43.9 OR AY.44 OR AY.45 OR AY.46 OR AY.46.1 OR AY.46.2 OR AY.46.3 OR AY.46.4 OR AY.46.5 OR AY.46.6 OR AY.46.6.1 OR AY.47 OR AY.48 OR AY.49 OR AY.50 OR AY.51 OR AY.52 OR AY.53 OR AY.54 OR AY.55 OR AY.56 OR AY.57 OR AY.58 OR AY.59 OR AY.60 OR AY.61 OR AY.62 OR AY.63 OR AY.64 OR AY.65 OR AY.66 OR AY.67 OR AY.68 OR AY.69 OR AY.70 OR AY.71 OR AY.72 OR AY.73 OR AY.74 OR AY.75 OR AY.75.2 OR AY.75.3 OR AY.76 OR AY.77 OR AY.78 OR AY.79 OR AY.80 OR AY.81 OR AY.82 OR AY.83 OR AY.84 OR AY.85 OR AY.86 OR AY.87 OR AY.88 OR AY.90 OR AY.91 OR AY.91.1 OR AY.92 OR AY.93 OR AY.94 OR AY.95 OR AY.98 OR AY.98.1 OR AY.98.1.1 OR AY.99 OR AY.99.1 OR AY.99.2 OR AY.100 OR AY.101 OR AY.102 OR AY.102.1 OR AY.102.2 OR AY.103 OR AY.103.1 OR AY.103.2 OR AY.104 OR AY.105 OR AY.106 OR AY.107 OR AY.108 OR AY.109 OR AY.110 OR AY.111 OR AY.112 OR AY.112.1 OR AY.112.2 OR AY.112.3 OR AY.113 OR AY.114 OR AY.116 OR AY.116.1 OR AY.117 OR AY.118 OR AY.119 OR AY.119.1 OR AY.119.2 OR AY.120 OR AY.120.1 OR AY.120.2 OR AY.120.2.1 OR AY.121 OR AY.121.1 OR AY.122 OR AY.122.1 OR AY.122.2 OR AY.122.3 OR AY.122.4 OR AY.122.5 OR AY.122.6 OR AY.123 OR AY.123.1 OR AY.124 OR AY.124.1 OR AY.124.1.1 OR AY.125 OR AY.125.1 OR AY.126 OR AY.127 OR AY.127.1 OR AY.127.2 OR AY.127.3 OR AY.128 OR AY.129 OR AY.130 OR AY.131 OR AY.132 OR AY.133 OR AY.134 OR B.1.617.2,Delta,2.57142857142857,0,0
2021-06-09,2,0,1.57142857142857,0,0,0.000216908470030966,0.666821754401209,AY.1 OR AY.2 OR AY.3 OR AY.3.1 OR AY.3.2 OR AY.3.3 OR AY.3.4 OR AY.4 OR AY.4.1 OR AY.4.2 OR AY.4.2.1 OR AY.4.2.2 OR AY.4.2.3 OR AY.4.2.4 OR AY.4.2.5 OR AY.4.3 OR AY.4.4 OR AY.4.5 OR AY.4.6 OR AY.4.7 OR AY.4.8 OR AY.4.9 OR AY.4.10 OR AY.4.11 OR AY.4.12 OR AY.4.13 OR AY.4.14 OR AY.4.15 OR AY.4.16 OR AY.4.17 OR AY.5 OR AY.5.1 OR AY.5.2 OR AY.5.3 OR AY.5.4 OR AY.5.5 OR AY.5.6 OR AY.5.7 OR AY.6 OR AY.7 OR AY.7.1 OR AY.7.2 OR AY.8 OR AY.9 OR AY.9.2 OR AY.9.2.1 OR AY.9.2.2 OR AY.10 OR AY.11 OR AY.13 OR AY.14 OR AY.15 OR AY.16 OR AY.16.1 OR AY.17 OR AY.18 OR AY.19 OR AY.20 OR AY.20.1 OR AY.21 OR AY.22 OR AY.23 OR AY.23.1 OR AY.23.2 OR AY.24 OR AY.24.1 OR AY.25 OR AY.25.1 OR AY.25.1.1 OR AY.25.1.2 OR AY.25.2 OR AY.25.3 OR AY.26 OR AY.26.1 OR AY.27 OR AY.28 OR AY.29 OR AY.29.1 OR AY.29.2 OR AY.30 OR AY.31 OR AY.32 OR AY.33 OR AY.33.1 OR AY.33.2 OR AY.34 OR AY.34.1 OR AY.34.1.1 OR AY.34.2 OR AY.35 OR AY.36 OR AY.36.1 OR AY.37 OR AY.38 OR AY.39 OR AY.39.1 OR AY.39.1.1 OR AY.39.1.2 OR AY.39.1.3 OR AY.39.1.4 OR AY.39.2 OR AY.39.3 OR AY.40 OR AY.41 OR AY.42 OR AY.42.1 OR AY.43 OR AY.43.1 OR AY.43.2 OR AY.43.3 OR AY.43.4 OR AY.43.5 OR AY.43.6 OR AY.43.7 OR AY.43.8 OR AY.43.9 OR AY.44 OR AY.45 OR AY.46 OR AY.46.1 OR AY.46.2 OR AY.46.3 OR AY.46.4 OR AY.46.5 OR AY.46.6 OR AY.46.6.1 OR AY.47 OR AY.48 OR AY.49 OR AY.50 OR AY.51 OR AY.52 OR AY.53 OR AY.54 OR AY.55 OR AY.56 OR AY.57 OR AY.58 OR AY.59 OR AY.60 OR AY.61 OR AY.62 OR AY.63 OR AY.64 OR AY.65 OR AY.66 OR AY.67 OR AY.68 OR AY.69 OR AY.70 OR AY.71 OR AY.72 OR AY.73 OR AY.74 OR AY.75 OR AY.75.2 OR AY.75.3 OR AY.76 OR AY.77 OR AY.78 OR AY.79 OR AY.80 OR AY.81 OR AY.82 OR AY.83 OR AY.84 OR AY.85 OR AY.86 OR AY.87 OR AY.88 OR AY.90 OR AY.91 OR AY.91.1 OR AY.92 OR AY.93 OR AY.94 OR AY.95 OR AY.98 OR AY.98.1 OR AY.98.1.1 OR AY.99 OR AY.99.1 OR AY.99.2 OR AY.100 OR AY.101 OR AY.102 OR AY.102.1 OR AY.102.2 OR AY.103 OR AY.103.1 OR AY.103.2 OR AY.104 OR AY.105 OR AY.106 OR AY.107 OR AY.108 OR AY.109 OR AY.110 OR AY.111 OR AY.112 OR AY.112.1 OR AY.112.2 OR AY.112.3 OR AY.113 OR AY.114 OR AY.116 OR AY.116.1 OR AY.117 OR AY.118 OR AY.119 OR AY.119.1 OR AY.119.2 OR AY.120 OR AY.120.1 OR AY.120.2 OR AY.120.2.1 OR AY.121 OR AY.121.1 OR AY.122 OR AY.122.1 OR AY.122.2 OR AY.122.3 OR AY.122.4 OR AY.122.5 OR AY.122.6 OR AY.123 OR AY.123.1 OR AY.124 OR AY.124.1 OR AY.124.1.1 OR AY.125 OR AY.125.1 OR AY.126 OR AY.127 OR AY.127.1 OR AY.127.2 OR AY.127.3 OR AY.128 OR AY.129 OR AY.130 OR AY.131 OR AY.132 OR AY.133 OR AY.134 OR B.1.617.2,Delta,2.57142857142857,0,0
2021-06-10,2,0,1.71428571428571,0,0,0.000216908470030966,0.666821754401209,AY.1 OR AY.2 OR AY.3 OR AY.3.1 OR AY.3.2 OR AY.3.3 OR AY.3.4 OR AY.4 OR AY.4.1 OR AY.4.2 OR AY.4.2.1 OR AY.4.2.2 OR AY.4.2.3 OR AY.4.2.4 OR AY.4.2.5 OR AY.4.3 OR AY.4.4 OR AY.4.5 OR AY.4.6 OR AY.4.7 OR AY.4.8 OR AY.4.9 OR AY.4.10 OR AY.4.11 OR AY.4.12 OR AY.4.13 OR AY.4.14 OR AY.4.15 OR AY.4.16 OR AY.4.17 OR AY.5 OR AY.5.1 OR AY.5.2 OR AY.5.3 OR AY.5.4 OR AY.5.5 OR AY.5.6 OR AY.5.7 OR AY.6 OR AY.7 OR AY.7.1 OR AY.7.2 OR AY.8 OR AY.9 OR AY.9.2 OR AY.9.2.1 OR AY.9.2.2 OR AY.10 OR AY.11 OR AY.13 OR AY.14 OR AY.15 OR AY.16 OR AY.16.1 OR AY.17 OR AY.18 OR AY.19 OR AY.20 OR AY.20.1 OR AY.21 OR AY.22 OR AY.23 OR AY.23.1 OR AY.23.2 OR AY.24 OR AY.24.1 OR AY.25 OR AY.25.1 OR AY.25.1.1 OR AY.25.1.2 OR AY.25.2 OR AY.25.3 OR AY.26 OR AY.26.1 OR AY.27 OR AY.28 OR AY.29 OR AY.29.1 OR AY.29.2 OR AY.30 OR AY.31 OR AY.32 OR AY.33 OR AY.33.1 OR AY.33.2 OR AY.34 OR AY.34.1 OR AY.34.1.1 OR AY.34.2 OR AY.35 OR AY.36 OR AY.36.1 OR AY.37 OR AY.38 OR AY.39 OR AY.39.1 OR AY.39.1.1 OR AY.39.1.2 OR AY.39.1.3 OR AY.39.1.4 OR AY.39.2 OR AY.39.3 OR AY.40 OR AY.41 OR AY.42 OR AY.42.1 OR AY.43 OR AY.43.1 OR AY.43.2 OR AY.43.3 OR AY.43.4 OR AY.43.5 OR AY.43.6 OR AY.43.7 OR AY.43.8 OR AY.43.9 OR AY.44 OR AY.45 OR AY.46 OR AY.46.1 OR AY.46.2 OR AY.46.3 OR AY.46.4 OR AY.46.5 OR AY.46.6 OR AY.46.6.1 OR AY.47 OR AY.48 OR AY.49 OR AY.50 OR AY.51 OR AY.52 OR AY.53 OR AY.54 OR AY.55 OR AY.56 OR AY.57 OR AY.58 OR AY.59 OR AY.60 OR AY.61 OR AY.62 OR AY.63 OR AY.64 OR AY.65 OR AY.66 OR AY.67 OR AY.68 OR AY.69 OR AY.70 OR AY.71 OR AY.72 OR AY.73 OR AY.74 OR AY.75 OR AY.75.2 OR AY.75.3 OR AY.76 OR AY.77 OR AY.78 OR AY.79 OR AY.80 OR AY.81 OR AY.82 OR AY.83 OR AY.84 OR AY.85 OR AY.86 OR AY.87 OR AY.88 OR AY.90 OR AY.91 OR AY.91.1 OR AY.92 OR AY.93 OR AY.94 OR AY.95 OR AY.98 OR AY.98.1 OR AY.98.1.1 OR AY.99 OR AY.99.1 OR AY.99.2 OR AY.100 OR AY.101 OR AY.102 OR AY.102.1 OR AY.102.2 OR AY.103 OR AY.103.1 OR AY.103.2 OR AY.104 OR AY.105 OR AY.106 OR AY.107 OR AY.108 OR AY.109 OR AY.110 OR AY.111 OR AY.112 OR AY.112.1 OR AY.112.2 OR AY.112.3 OR AY.113 OR AY.114 OR AY.116 OR AY.116.1 OR AY.117 OR AY.118 OR AY.119 OR AY.119.1 OR AY.119.2 OR AY.120 OR AY.120.1 OR AY.120.2 OR AY.120.2.1 OR AY.121 OR AY.121.1 OR AY.122 OR AY.122.1 OR AY.122.2 OR AY.122.3 OR AY.122.4 OR AY.122.5 OR AY.122.6 OR AY.123 OR AY.123.1 OR AY.124 OR AY.124.1 OR AY.124.1.1 OR AY.125 OR AY.125.1 OR AY.126 OR AY.127 OR AY.127.1 OR AY.127.2 OR AY.127.3 OR AY.128 OR AY.129 OR AY.130 OR AY.131 OR AY.132 OR AY.133 OR AY.134 OR B.1.617.2,Delta,2.64285714285714,0,0
2021-06-11,3,0,2,0,0,0.000216908470030966,0.666821754401209,AY.1 OR AY.2 OR AY.3 OR AY.3.1 OR AY.3.2 OR AY.3.3 OR AY.3.4 OR AY.4 OR AY.4.1 OR AY.4.2 OR AY.4.2.1 OR AY.4.2.2 OR AY.4.2.3 OR AY.4.2.4 OR AY.4.2.5 OR AY.4.3 OR AY.4.4 OR AY.4.5 OR AY.4.6 OR AY.4.7 OR AY.4.8 OR AY.4.9 OR AY.4.10 OR AY.4.11 OR AY.4.12 OR AY.4.13 OR AY.4.14 OR AY.4.15 OR AY.4.16 OR AY.4.17 OR AY.5 OR AY.5.1 OR AY.5.2 OR AY.5.3 OR AY.5.4 OR AY.5.5 OR AY.5.6 OR AY.5.7 OR AY.6 OR AY.7 OR AY.7.1 OR AY.7.2 OR AY.8 OR AY.9 OR AY.9.2 OR AY.9.2.1 OR AY.9.2.2 OR AY.10 OR AY.11 OR AY.13 OR AY.14 OR AY.15 OR AY.16 OR AY.16.1 OR AY.17 OR AY.18 OR AY.19 OR AY.20 OR AY.20.1 OR AY.21 OR AY.22 OR AY.23 OR AY.23.1 OR AY.23.2 OR AY.24 OR AY.24.1 OR AY.25 OR AY.25.1 OR AY.25.1.1 OR AY.25.1.2 OR AY.25.2 OR AY.25.3 OR AY.26 OR AY.26.1 OR AY.27 OR AY.28 OR AY.29 OR AY.29.1 OR AY.29.2 OR AY.30 OR AY.31 OR AY.32 OR AY.33 OR AY.33.1 OR AY.33.2 OR AY.34 OR AY.34.1 OR AY.34.1.1 OR AY.34.2 OR AY.35 OR AY.36 OR AY.36.1 OR AY.37 OR AY.38 OR AY.39 OR AY.39.1 OR AY.39.1.1 OR AY.39.1.2 OR AY.39.1.3 OR AY.39.1.4 OR AY.39.2 OR AY.39.3 OR AY.40 OR AY.41 OR AY.42 OR AY.42.1 OR AY.43 OR AY.43.1 OR AY.43.2 OR AY.43.3 OR AY.43.4 OR AY.43.5 OR AY.43.6 OR AY.43.7 OR AY.43.8 OR AY.43.9 OR AY.44 OR AY.45 OR AY.46 OR AY.46.1 OR AY.46.2 OR AY.46.3 OR AY.46.4 OR AY.46.5 OR AY.46.6 OR AY.46.6.1 OR AY.47 OR AY.48 OR AY.49 OR AY.50 OR AY.51 OR AY.52 OR AY.53 OR AY.54 OR AY.55 OR AY.56 OR AY.57 OR AY.58 OR AY.59 OR AY.60 OR AY.61 OR AY.62 OR AY.63 OR AY.64 OR AY.65 OR AY.66 OR AY.67 OR AY.68 OR AY.69 OR AY.70 OR AY.71 OR AY.72 OR AY.73 OR AY.74 OR AY.75 OR AY.75.2 OR AY.75.3 OR AY.76 OR AY.77 OR AY.78 OR AY.79 OR AY.80 OR AY.81 OR AY.82 OR AY.83 OR AY.84 OR AY.85 OR AY.86 OR AY.87 OR AY.88 OR AY.90 OR AY.91 OR AY.91.1 OR AY.92 OR AY.93 OR AY.94 OR AY.95 OR AY.98 OR AY.98.1 OR AY.98.1.1 OR AY.99 OR AY.99.1 OR AY.99.2 OR AY.100 OR AY.101 OR AY.102 OR AY.102.1 OR AY.102.2 OR AY.103 OR AY.103.1 OR AY.103.2 OR AY.104 OR AY.105 OR AY.106 OR AY.107 OR AY.108 OR AY.109 OR AY.110 OR AY.111 OR AY.112 OR AY.112.1 OR AY.112.2 OR AY.112.3 OR AY.113 OR AY.114 OR AY.116 OR AY.116.1 OR AY.117 OR AY.118 OR AY.119 OR AY.119.1 OR AY.119.2 OR AY.120 OR AY.120.1 OR AY.120.2 OR AY.120.2.1 OR AY.121 OR AY.121.1 OR AY.122 OR AY.122.1 OR AY.122.2 OR AY.122.3 OR AY.122.4 OR AY.122.5 OR AY.122.6 OR AY.123 OR AY.123.1 OR AY.124 OR AY.124.1 OR AY.124.1.1 OR AY.125 OR AY.125.1 OR AY.126 OR AY.127 OR AY.127.1 OR AY.127.2 OR AY.127.3 OR AY.128 OR AY.129 OR AY.130 OR AY.131 OR AY.132 OR AY.133 OR AY.134 OR B.1.617.2,Delta,2.78571428571429,0,0
2021-06-12,2,0,2.14285714285714,0,0,0.000216908470030966,0.666821754401209,AY.1 OR AY.2 OR AY.3 OR AY.3.1 OR AY.3.2 OR AY.3.3 OR AY.3.4 OR AY.4 OR AY.4.1 OR AY.4.2 OR AY.4.2.1 OR AY.4.2.2 OR AY.4.2.3 OR AY.4.2.4 OR AY.4.2.5 OR AY.4.3 OR AY.4.4 OR AY.4.5 OR AY.4.6 OR AY.4.7 OR AY.4.8 OR AY.4.9 OR AY.4.10 OR AY.4.11 OR AY.4.12 OR AY.4.13 OR AY.4.14 OR AY.4.15 OR AY.4.16 OR AY.4.17 OR AY.5 OR AY.5.1 OR AY.5.2 OR AY.5.3 OR AY.5.4 OR AY.5.5 OR AY.5.6 OR AY.5.7 OR AY.6 OR AY.7 OR AY.7.1 OR AY.7.2 OR AY.8 OR AY.9 OR AY.9.2 OR AY.9.2.1 OR AY.9.2.2 OR AY.10 OR AY.11 OR AY.13 OR AY.14 OR AY.15 OR AY.16 OR AY.16.1 OR AY.17 OR AY.18 OR AY.19 OR AY.20 OR AY.20.1 OR AY.21 OR AY.22 OR AY.23 OR AY.23.1 OR AY.23.2 OR AY.24 OR AY.24.1 OR AY.25 OR AY.25.1 OR AY.25.1.1 OR AY.25.1.2 OR AY.25.2 OR AY.25.3 OR AY.26 OR AY.26.1 OR AY.27 OR AY.28 OR AY.29 OR AY.29.1 OR AY.29.2 OR AY.30 OR AY.31 OR AY.32 OR AY.33 OR AY.33.1 OR AY.33.2 OR AY.34 OR AY.34.1 OR AY.34.1.1 OR AY.34.2 OR AY.35 OR AY.36 OR AY.36.1 OR AY.37 OR AY.38 OR AY.39 OR AY.39.1 OR AY.39.1.1 OR AY.39.1.2 OR AY.39.1.3 OR AY.39.1.4 OR AY.39.2 OR AY.39.3 OR AY.40 OR AY.41 OR AY.42 OR AY.42.1 OR AY.43 OR AY.43.1 OR AY.43.2 OR AY.43.3 OR AY.43.4 OR AY.43.5 OR AY.43.6 OR AY.43.7 OR AY.43.8 OR AY.43.9 OR AY.44 OR AY.45 OR AY.46 OR AY.46.1 OR AY.46.2 OR AY.46.3 OR AY.46.4 OR AY.46.5 OR AY.46.6 OR AY.46.6.1 OR AY.47 OR AY.48 OR AY.49 OR AY.50 OR AY.51 OR AY.52 OR AY.53 OR AY.54 OR AY.55 OR AY.56 OR AY.57 OR AY.58 OR AY.59 OR AY.60 OR AY.61 OR AY.62 OR AY.63 OR AY.64 OR AY.65 OR AY.66 OR AY.67 OR AY.68 OR AY.69 OR AY.70 OR AY.71 OR AY.72 OR AY.73 OR AY.74 OR AY.75 OR AY.75.2 OR AY.75.3 OR AY.76 OR AY.77 OR AY.78 OR AY.79 OR AY.80 OR AY.81 OR AY.82 OR AY.83 OR AY.84 OR AY.85 OR AY.86 OR AY.87 OR AY.88 OR AY.90 OR AY.91 OR AY.91.1 OR AY.92 OR AY.93 OR AY.94 OR AY.95 OR AY.98 OR AY.98.1 OR AY.98.1.1 OR AY.99 OR AY.99.1 OR AY.99.2 OR AY.100 OR AY.101 OR AY.102 OR AY.102.1 OR AY.102.2 OR AY.103 OR AY.103.1 OR AY.103.2 OR AY.104 OR AY.105 OR AY.106 OR AY.107 OR AY.108 OR AY.109 OR AY.110 OR AY.111 OR AY.112 OR AY.112.1 OR AY.112.2 OR AY.112.3 OR AY.113 OR AY.114 OR AY.116 OR AY.116.1 OR AY.117 OR AY.118 OR AY.119 OR AY.119.1 OR AY.119.2 OR AY.120 OR AY.120.1 OR AY.120.2 OR AY.120.2.1 OR AY.121 OR AY.121.1 OR AY.122 OR AY.122.1 OR AY.122.2 OR AY.122.3 OR AY.122.4 OR AY.122.5 OR AY.122.6 OR AY.123 OR AY.123.1 OR AY.124 OR AY.124.1 OR AY.124.1.1 OR AY.125 OR AY.125.1 OR AY.126 OR AY.127 OR AY.127.1 OR AY.127.2 OR AY.127.3 OR AY.128 OR AY.129 OR AY.130 OR AY.131 OR AY.132 OR AY.133 OR AY.134 OR B.1.617.2,Delta,2.85714285714286,0,0
2021-06-14,1,0,2,0,0,0.000216908470030966,0.666821754401209,AY.1 OR AY.2 OR AY.3 OR AY.3.1 OR AY.3.2 OR AY.3.3 OR AY.3.4 OR AY.4 OR AY.4.1 OR AY.4.2 OR AY.4.2.1 OR AY.4.2.2 OR AY.4.2.3 OR AY.4.2.4 OR AY.4.2.5 OR AY.4.3 OR AY.4.4 OR AY.4.5 OR AY.4.6 OR AY.4.7 OR AY.4.8 OR AY.4.9 OR AY.4.10 OR AY.4.11 OR AY.4.12 OR AY.4.13 OR AY.4.14 OR AY.4.15 OR AY.4.16 OR AY.4.17 OR AY.5 OR AY.5.1 OR AY.5.2 OR AY.5.3 OR AY.5.4 OR AY.5.5 OR AY.5.6 OR AY.5.7 OR AY.6 OR AY.7 OR AY.7.1 OR AY.7.2 OR AY.8 OR AY.9 OR AY.9.2 OR AY.9.2.1 OR AY.9.2.2 OR AY.10 OR AY.11 OR AY.13 OR AY.14 OR AY.15 OR AY.16 OR AY.16.1 OR AY.17 OR AY.18 OR AY.19 OR AY.20 OR AY.20.1 OR AY.21 OR AY.22 OR AY.23 OR AY.23.1 OR AY.23.2 OR AY.24 OR AY.24.1 OR AY.25 OR AY.25.1 OR AY.25.1.1 OR AY.25.1.2 OR AY.25.2 OR AY.25.3 OR AY.26 OR AY.26.1 OR AY.27 OR AY.28 OR AY.29 OR AY.29.1 OR AY.29.2 OR AY.30 OR AY.31 OR AY.32 OR AY.33 OR AY.33.1 OR AY.33.2 OR AY.34 OR AY.34.1 OR AY.34.1.1 OR AY.34.2 OR AY.35 OR AY.36 OR AY.36.1 OR AY.37 OR AY.38 OR AY.39 OR AY.39.1 OR AY.39.1.1 OR AY.39.1.2 OR AY.39.1.3 OR AY.39.1.4 OR AY.39.2 OR AY.39.3 OR AY.40 OR AY.41 OR AY.42 OR AY.42.1 OR AY.43 OR AY.43.1 OR AY.43.2 OR AY.43.3 OR AY.43.4 OR AY.43.5 OR AY.43.6 OR AY.43.7 OR AY.43.8 OR AY.43.9 OR AY.44 OR AY.45 OR AY.46 OR AY.46.1 OR AY.46.2 OR AY.46.3 OR AY.46.4 OR AY.46.5 OR AY.46.6 OR AY.46.6.1 OR AY.47 OR AY.48 OR AY.49 OR AY.50 OR AY.51 OR AY.52 OR AY.53 OR AY.54 OR AY.55 OR AY.56 OR AY.57 OR AY.58 OR AY.59 OR AY.60 OR AY.61 OR AY.62 OR AY.63 OR AY.64 OR AY.65 OR AY.66 OR AY.67 OR AY.68 OR AY.69 OR AY.70 OR AY.71 OR AY.72 OR AY.73 OR AY.74 OR AY.75 OR AY.75.2 OR AY.75.3 OR AY.76 OR AY.77 OR AY.78 OR AY.79 OR AY.80 OR AY.81 OR AY.82 OR AY.83 OR AY.84 OR AY.85 OR AY.86 OR AY.87 OR AY.88 OR AY.90 OR AY.91 OR AY.91.1 OR AY.92 OR AY.93 OR AY.94 OR AY.95 OR AY.98 OR AY.98.1 OR AY.98.1.1 OR AY.99 OR AY.99.1 OR AY.99.2 OR AY.100 OR AY.101 OR AY.102 OR AY.102.1 OR AY.102.2 OR AY.103 OR AY.103.1 OR AY.103.2 OR AY.104 OR AY.105 OR AY.106 OR AY.107 OR AY.108 OR AY.109 OR AY.110 OR AY.111 OR AY.112 OR AY.112.1 OR AY.112.2 OR AY.112.3 OR AY.113 OR AY.114 OR AY.116 OR AY.116.1 OR AY.117 OR AY.118 OR AY.119 OR AY.119.1 OR AY.119.2 OR AY.120 OR AY.120.1 OR AY.120.2 OR AY.120.2.1 OR AY.121 OR AY.121.1 OR AY.122 OR AY.122.1 OR AY.122.2 OR AY.122.3 OR AY.122.4 OR AY.122.5 OR AY.122.6 OR AY.123 OR AY.123.1 OR AY.124 OR AY.124.1 OR AY.124.1.1 OR AY.125 OR AY.125.1 OR AY.126 OR AY.127 OR AY.127.1 OR AY.127.2 OR AY.127.3 OR AY.128 OR AY.129 OR AY.130 OR AY.131 OR AY.132 OR AY.133 OR AY.134 OR B.1.617.2,Delta,2.85714285714286,0,0
2021-06-15,3,0,2.16666666666667,0,0,0.000216908470030966,0.666821754401209,AY.1 OR AY.2 OR AY.3 OR AY.3.1 OR AY.3.2 OR AY.3.3 OR AY.3.4 OR AY.4 OR AY.4.1 OR AY.4.2 OR AY.4.2.1 OR AY.4.2.2 OR AY.4.2.3 OR AY.4.2.4 OR AY.4.2.5 OR AY.4.3 OR AY.4.4 OR AY.4.5 OR AY.4.6 OR AY.4.7 OR AY.4.8 OR AY.4.9 OR AY.4.10 OR AY.4.11 OR AY.4.12 OR AY.4.13 OR AY.4.14 OR AY.4.15 OR AY.4.16 OR AY.4.17 OR AY.5 OR AY.5.1 OR AY.5.2 OR AY.5.3 OR AY.5.4 OR AY.5.5 OR AY.5.6 OR AY.5.7 OR AY.6 OR AY.7 OR AY.7.1 OR AY.7.2 OR AY.8 OR AY.9 OR AY.9.2 OR AY.9.2.1 OR AY.9.2.2 OR AY.10 OR AY.11 OR AY.13 OR AY.14 OR AY.15 OR AY.16 OR AY.16.1 OR AY.17 OR AY.18 OR AY.19 OR AY.20 OR AY.20.1 OR AY.21 OR AY.22 OR AY.23 OR AY.23.1 OR AY.23.2 OR AY.24 OR AY.24.1 OR AY.25 OR AY.25.1 OR AY.25.1.1 OR AY.25.1.2 OR AY.25.2 OR AY.25.3 OR AY.26 OR AY.26.1 OR AY.27 OR AY.28 OR AY.29 OR AY.29.1 OR AY.29.2 OR AY.30 OR AY.31 OR AY.32 OR AY.33 OR AY.33.1 OR AY.33.2 OR AY.34 OR AY.34.1 OR AY.34.1.1 OR AY.34.2 OR AY.35 OR AY.36 OR AY.36.1 OR AY.37 OR AY.38 OR AY.39 OR AY.39.1 OR AY.39.1.1 OR AY.39.1.2 OR AY.39.1.3 OR AY.39.1.4 OR AY.39.2 OR AY.39.3 OR AY.40 OR AY.41 OR AY.42 OR AY.42.1 OR AY.43 OR AY.43.1 OR AY.43.2 OR AY.43.3 OR AY.43.4 OR AY.43.5 OR AY.43.6 OR AY.43.7 OR AY.43.8 OR AY.43.9 OR AY.44 OR AY.45 OR AY.46 OR AY.46.1 OR AY.46.2 OR AY.46.3 OR AY.46.4 OR AY.46.5 OR AY.46.6 OR AY.46.6.1 OR AY.47 OR AY.48 OR AY.49 OR AY.50 OR AY.51 OR AY.52 OR AY.53 OR AY.54 OR AY.55 OR AY.56 OR AY.57 OR AY.58 OR AY.59 OR AY.60 OR AY.61 OR AY.62 OR AY.63 OR AY.64 OR AY.65 OR AY.66 OR AY.67 OR AY.68 OR AY.69 OR AY.70 OR AY.71 OR AY.72 OR AY.73 OR AY.74 OR AY.75 OR AY.75.2 OR AY.75.3 OR AY.76 OR AY.77 OR AY.78 OR AY.79 OR AY.80 OR AY.81 OR AY.82 OR AY.83 OR AY.84 OR AY.85 OR AY.86 OR AY.87 OR AY.88 OR AY.90 OR AY.91 OR AY.91.1 OR AY.92 OR AY.93 OR AY.94 OR AY.95 OR AY.98 OR AY.98.1 OR AY.98.1.1 OR AY.99 OR AY.99.1 OR AY.99.2 OR AY.100 OR AY.101 OR AY.102 OR AY.102.1 OR AY.102.2 OR AY.103 OR AY.103.1 OR AY.103.2 OR AY.104 OR AY.105 OR AY.106 OR AY.107 OR AY.108 OR AY.109 OR AY.110 OR AY.111 OR AY.112 OR AY.112.1 OR AY.112.2 OR AY.112.3 OR AY.113 OR AY.114 OR AY.116 OR AY.116.1 OR AY.117 OR AY.118 OR AY.119 OR AY.119.1 OR AY.119.2 OR AY.120 OR AY.120.1 OR AY.120.2 OR AY.120.2.1 OR AY.121 OR AY.121.1 OR AY.122 OR AY.122.1 OR AY.122.2 OR AY.122.3 OR AY.122.4 OR AY.122.5 OR AY.122.6 OR AY.123 OR AY.123.1 OR AY.124 OR AY.124.1 OR AY.124.1.1 OR AY.125 OR AY.125.1 OR AY.126 OR AY.127 OR AY.127.1 OR AY.127.2 OR AY.127.3 OR AY.128 OR AY.129 OR AY.130 OR AY.131 OR AY.132 OR AY.133 OR AY.134 OR B.1.617.2,Delta,2.14285714285714,0,0
2021-06-16,3,0,2.33333333333333,0,0,0.000216908470030966,0.666821754401209,AY.1 OR AY.2 OR AY.3 OR AY.3.1 OR AY.3.2 OR AY.3.3 OR AY.3.4 OR AY.4 OR AY.4.1 OR AY.4.2 OR AY.4.2.1 OR AY.4.2.2 OR AY.4.2.3 OR AY.4.2.4 OR AY.4.2.5 OR AY.4.3 OR AY.4.4 OR AY.4.5 OR AY.4.6 OR AY.4.7 OR AY.4.8 OR AY.4.9 OR AY.4.10 OR AY.4.11 OR AY.4.12 OR AY.4.13 OR AY.4.14 OR AY.4.15 OR AY.4.16 OR AY.4.17 OR AY.5 OR AY.5.1 OR AY.5.2 OR AY.5.3 OR AY.5.4 OR AY.5.5 OR AY.5.6 OR AY.5.7 OR AY.6 OR AY.7 OR AY.7.1 OR AY.7.2 OR AY.8 OR AY.9 OR AY.9.2 OR AY.9.2.1 OR AY.9.2.2 OR AY.10 OR AY.11 OR AY.13 OR AY.14 OR AY.15 OR AY.16 OR AY.16.1 OR AY.17 OR AY.18 OR AY.19 OR AY.20 OR AY.20.1 OR AY.21 OR AY.22 OR AY.23 OR AY.23.1 OR AY.23.2 OR AY.24 OR AY.24.1 OR AY.25 OR AY.25.1 OR AY.25.1.1 OR AY.25.1.2 OR AY.25.2 OR AY.25.3 OR AY.26 OR AY.26.1 OR AY.27 OR AY.28 OR AY.29 OR AY.29.1 OR AY.29.2 OR AY.30 OR AY.31 OR AY.32 OR AY.33 OR AY.33.1 OR AY.33.2 OR AY.34 OR AY.34.1 OR AY.34.1.1 OR AY.34.2 OR AY.35 OR AY.36 OR AY.36.1 OR AY.37 OR AY.38 OR AY.39 OR AY.39.1 OR AY.39.1.1 OR AY.39.1.2 OR AY.39.1.3 OR AY.39.1.4 OR AY.39.2 OR AY.39.3 OR AY.40 OR AY.41 OR AY.42 OR AY.42.1 OR AY.43 OR AY.43.1 OR AY.43.2 OR AY.43.3 OR AY.43.4 OR AY.43.5 OR AY.43.6 OR AY.43.7 OR AY.43.8 OR AY.43.9 OR AY.44 OR AY.45 OR AY.46 OR AY.46.1 OR AY.46.2 OR AY.46.3 OR AY.46.4 OR AY.46.5 OR AY.46.6 OR AY.46.6.1 OR AY.47 OR AY.48 OR AY.49 OR AY.50 OR AY.51 OR AY.52 OR AY.53 OR AY.54 OR AY.55 OR AY.56 OR AY.57 OR AY.58 OR AY.59 OR AY.60 OR AY.61 OR AY.62 OR AY.63 OR AY.64 OR AY.65 OR AY.66 OR AY.67 OR AY.68 OR AY.69 OR AY.70 OR AY.71 OR AY.72 OR AY.73 OR AY.74 OR AY.75 OR AY.75.2 OR AY.75.3 OR AY.76 OR AY.77 OR AY.78 OR AY.79 OR AY.80 OR AY.81 OR AY.82 OR AY.83 OR AY.84 OR AY.85 OR AY.86 OR AY.87 OR AY.88 OR AY.90 OR AY.91 OR AY.91.1 OR AY.92 OR AY.93 OR AY.94 OR AY.95 OR AY.98 OR AY.98.1 OR AY.98.1.1 OR AY.99 OR AY.99.1 OR AY.99.2 OR AY.100 OR AY.101 OR AY.102 OR AY.102.1 OR AY.102.2 OR AY.103 OR AY.103.1 OR AY.103.2 OR AY.104 OR AY.105 OR AY.106 OR AY.107 OR AY.108 OR AY.109 OR AY.110 OR AY.111 OR AY.112 OR AY.112.1 OR AY.112.2 OR AY.112.3 OR AY.113 OR AY.114 OR AY.116 OR AY.116.1 OR AY.117 OR AY.118 OR AY.119 OR AY.119.1 OR AY.119.2 OR AY.120 OR AY.120.1 OR AY.120.2 OR AY.120.2.1 OR AY.121 OR AY.121.1 OR AY.122 OR AY.122.1 OR AY.122.2 OR AY.122.3 OR AY.122.4 OR AY.122.5 OR AY.122.6 OR AY.123 OR AY.123.1 OR AY.124 OR AY.124.1 OR AY.124.1.1 OR AY.125 OR AY.125.1 OR AY.126 OR AY.127 OR AY.127.1 OR AY.127.2 OR AY.127.3 OR AY.128 OR AY.129 OR AY.130 OR AY.131 OR AY.132 OR AY.133 OR AY.134 OR B.1.617.2,Delta,1.85714285714286,0,0
2021-06-17,1,0,2.16666666666667,0,0,0.000216908470030966,0.666821754401209,AY.1 OR AY.2 OR AY.3 OR AY.3.1 OR AY.3.2 OR AY.3.3 OR AY.3.4 OR AY.4 OR AY.4.1 OR AY.4.2 OR AY.4.2.1 OR AY.4.2.2 OR AY.4.2.3 OR AY.4.2.4 OR AY.4.2.5 OR AY.4.3 OR AY.4.4 OR AY.4.5 OR AY.4.6 OR AY.4.7 OR AY.4.8 OR AY.4.9 OR AY.4.10 OR AY.4.11 OR AY.4.12 OR AY.4.13 OR AY.4.14 OR AY.4.15 OR AY.4.16 OR AY.4.17 OR AY.5 OR AY.5.1 OR AY.5.2 OR AY.5.3 OR AY.5.4 OR AY.5.5 OR AY.5.6 OR AY.5.7 OR AY.6 OR AY.7 OR AY.7.1 OR AY.7.2 OR AY.8 OR AY.9 OR AY.9.2 OR AY.9.2.1 OR AY.9.2.2 OR AY.10 OR AY.11 OR AY.13 OR AY.14 OR AY.15 OR AY.16 OR AY.16.1 OR AY.17 OR AY.18 OR AY.19 OR AY.20 OR AY.20.1 OR AY.21 OR AY.22 OR AY.23 OR AY.23.1 OR AY.23.2 OR AY.24 OR AY.24.1 OR AY.25 OR AY.25.1 OR AY.25.1.1 OR AY.25.1.2 OR AY.25.2 OR AY.25.3 OR AY.26 OR AY.26.1 OR AY.27 OR AY.28 OR AY.29 OR AY.29.1 OR AY.29.2 OR AY.30 OR AY.31 OR AY.32 OR AY.33 OR AY.33.1 OR AY.33.2 OR AY.34 OR AY.34.1 OR AY.34.1.1 OR AY.34.2 OR AY.35 OR AY.36 OR AY.36.1 OR AY.37 OR AY.38 OR AY.39 OR AY.39.1 OR AY.39.1.1 OR AY.39.1.2 OR AY.39.1.3 OR AY.39.1.4 OR AY.39.2 OR AY.39.3 OR AY.40 OR AY.41 OR AY.42 OR AY.42.1 OR AY.43 OR AY.43.1 OR AY.43.2 OR AY.43.3 OR AY.43.4 OR AY.43.5 OR AY.43.6 OR AY.43.7 OR AY.43.8 OR AY.43.9 OR AY.44 OR AY.45 OR AY.46 OR AY.46.1 OR AY.46.2 OR AY.46.3 OR AY.46.4 OR AY.46.5 OR AY.46.6 OR AY.46.6.1 OR AY.47 OR AY.48 OR AY.49 OR AY.50 OR AY.51 OR AY.52 OR AY.53 OR AY.54 OR AY.55 OR AY.56 OR AY.57 OR AY.58 OR AY.59 OR AY.60 OR AY.61 OR AY.62 OR AY.63 OR AY.64 OR AY.65 OR AY.66 OR AY.67 OR AY.68 OR AY.69 OR AY.70 OR AY.71 OR AY.72 OR AY.73 OR AY.74 OR AY.75 OR AY.75.2 OR AY.75.3 OR AY.76 OR AY.77 OR AY.78 OR AY.79 OR AY.80 OR AY.81 OR AY.82 OR AY.83 OR AY.84 OR AY.85 OR AY.86 OR AY.87 OR AY.88 OR AY.90 OR AY.91 OR AY.91.1 OR AY.92 OR AY.93 OR AY.94 OR AY.95 OR AY.98 OR AY.98.1 OR AY.98.1.1 OR AY.99 OR AY.99.1 OR AY.99.2 OR AY.100 OR AY.101 OR AY.102 OR AY.102.1 OR AY.102.2 OR AY.103 OR AY.103.1 OR AY.103.2 OR AY.104 OR AY.105 OR AY.106 OR AY.107 OR AY.108 OR AY.109 OR AY.110 OR AY.111 OR AY.112 OR AY.112.1 OR AY.112.2 OR AY.112.3 OR AY.113 OR AY.114 OR AY.116 OR AY.116.1 OR AY.117 OR AY.118 OR AY.119 OR AY.119.1 OR AY.119.2 OR AY.120 OR AY.120.1 OR AY.120.2 OR AY.120.2.1 OR AY.121 OR AY.121.1 OR AY.122 OR AY.122.1 OR AY.122.2 OR AY.122.3 OR AY.122.4 OR AY.122.5 OR AY.122.6 OR AY.123 OR AY.123.1 OR AY.124 OR AY.124.1 OR AY.124.1.1 OR AY.125 OR AY.125.1 OR AY.126 OR AY.127 OR AY.127.1 OR AY.127.2 OR AY.127.3 OR AY.128 OR AY.129 OR AY.130 OR AY.131 OR AY.132 OR AY.133 OR AY.134 OR B.1.617.2,Delta,1.85714285714286,0,0
2021-06-18,4,0,2.33333333333333,0,0,0.000216908470030966,0.666821754401209,AY.1 OR AY.2 OR AY.3 OR AY.3.1 OR AY.3.2 OR AY.3.3 OR AY.3.4 OR AY.4 OR AY.4.1 OR AY.4.2 OR AY.4.2.1 OR AY.4.2.2 OR AY.4.2.3 OR AY.4.2.4 OR AY.4.2.5 OR AY.4.3 OR AY.4.4 OR AY.4.5 OR AY.4.6 OR AY.4.7 OR AY.4.8 OR AY.4.9 OR AY.4.10 OR AY.4.11 OR AY.4.12 OR AY.4.13 OR AY.4.14 OR AY.4.15 OR AY.4.16 OR AY.4.17 OR AY.5 OR AY.5.1 OR AY.5.2 OR AY.5.3 OR AY.5.4 OR AY.5.5 OR AY.5.6 OR AY.5.7 OR AY.6 OR AY.7 OR AY.7.1 OR AY.7.2 OR AY.8 OR AY.9 OR AY.9.2 OR AY.9.2.1 OR AY.9.2.2 OR AY.10 OR AY.11 OR AY.13 OR AY.14 OR AY.15 OR AY.16 OR AY.16.1 OR AY.17 OR AY.18 OR AY.19 OR AY.20 OR AY.20.1 OR AY.21 OR AY.22 OR AY.23 OR AY.23.1 OR AY.23.2 OR AY.24 OR AY.24.1 OR AY.25 OR AY.25.1 OR AY.25.1.1 OR AY.25.1.2 OR AY.25.2 OR AY.25.3 OR AY.26 OR AY.26.1 OR AY.27 OR AY.28 OR AY.29 OR AY.29.1 OR AY.29.2 OR AY.30 OR AY.31 OR AY.32 OR AY.33 OR AY.33.1 OR AY.33.2 OR AY.34 OR AY.34.1 OR AY.34.1.1 OR AY.34.2 OR AY.35 OR AY.36 OR AY.36.1 OR AY.37 OR AY.38 OR AY.39 OR AY.39.1 OR AY.39.1.1 OR AY.39.1.2 OR AY.39.1.3 OR AY.39.1.4 OR AY.39.2 OR AY.39.3 OR AY.40 OR AY.41 OR AY.42 OR AY.42.1 OR AY.43 OR AY.43.1 OR AY.43.2 OR AY.43.3 OR AY.43.4 OR AY.43.5 OR AY.43.6 OR AY.43.7 OR AY.43.8 OR AY.43.9 OR AY.44 OR AY.45 OR AY.46 OR AY.46.1 OR AY.46.2 OR AY.46.3 OR AY.46.4 OR AY.46.5 OR AY.46.6 OR AY.46.6.1 OR AY.47 OR AY.48 OR AY.49 OR AY.50 OR AY.51 OR AY.52 OR AY.53 OR AY.54 OR AY.55 OR AY.56 OR AY.57 OR AY.58 OR AY.59 OR AY.60 OR AY.61 OR AY.62 OR AY.63 OR AY.64 OR AY.65 OR AY.66 OR AY.67 OR AY.68 OR AY.69 OR AY.70 OR AY.71 OR AY.72 OR AY.73 OR AY.74 OR AY.75 OR AY.75.2 OR AY.75.3 OR AY.76 OR AY.77 OR AY.78 OR AY.79 OR AY.80 OR AY.81 OR AY.82 OR AY.83 OR AY.84 OR AY.85 OR AY.86 OR AY.87 OR AY.88 OR AY.90 OR AY.91 OR AY.91.1 OR AY.92 OR AY.93 OR AY.94 OR AY.95 OR AY.98 OR AY.98.1 OR AY.98.1.1 OR AY.99 OR AY.99.1 OR AY.99.2 OR AY.100 OR AY.101 OR AY.102 OR AY.102.1 OR AY.102.2 OR AY.103 OR AY.103.1 OR AY.103.2 OR AY.104 OR AY.105 OR AY.106 OR AY.107 OR AY.108 OR AY.109 OR AY.110 OR AY.111 OR AY.112 OR AY.112.1 OR AY.112.2 OR AY.112.3 OR AY.113 OR AY.114 OR AY.116 OR AY.116.1 OR AY.117 OR AY.118 OR AY.119 OR AY.119.1 OR AY.119.2 OR AY.120 OR AY.120.1 OR AY.120.2 OR AY.120.2.1 OR AY.121 OR AY.121.1 OR AY.122 OR AY.122.1 OR AY.122.2 OR AY.122.3 OR AY.122.4 OR AY.122.5 OR AY.122.6 OR AY.123 OR AY.123.1 OR AY.124 OR AY.124.1 OR AY.124.1.1 OR AY.125 OR AY.125.1 OR AY.126 OR AY.127 OR AY.127.1 OR AY.127.2 OR AY.127.3 OR AY.128 OR AY.129 OR AY.130 OR AY.131 OR AY.132 OR AY.133 OR AY.134 OR B.1.617.2,Delta,2.07142857142857,0,0
2021-06-19,1,0,2.16666666666667,0,0,0.000216908470030966,0.666821754401209,AY.1 OR AY.2 OR AY.3 OR AY.3.1 OR AY.3.2 OR AY.3.3 OR AY.3.4 OR AY.4 OR AY.4.1 OR AY.4.2 OR AY.4.2.1 OR AY.4.2.2 OR AY.4.2.3 OR AY.4.2.4 OR AY.4.2.5 OR AY.4.3 OR AY.4.4 OR AY.4.5 OR AY.4.6 OR AY.4.7 OR AY.4.8 OR AY.4.9 OR AY.4.10 OR AY.4.11 OR AY.4.12 OR AY.4.13 OR AY.4.14 OR AY.4.15 OR AY.4.16 OR AY.4.17 OR AY.5 OR AY.5.1 OR AY.5.2 OR AY.5.3 OR AY.5.4 OR AY.5.5 OR AY.5.6 OR AY.5.7 OR AY.6 OR AY.7 OR AY.7.1 OR AY.7.2 OR AY.8 OR AY.9 OR AY.9.2 OR AY.9.2.1 OR AY.9.2.2 OR AY.10 OR AY.11 OR AY.13 OR AY.14 OR AY.15 OR AY.16 OR AY.16.1 OR AY.17 OR AY.18 OR AY.19 OR AY.20 OR AY.20.1 OR AY.21 OR AY.22 OR AY.23 OR AY.23.1 OR AY.23.2 OR AY.24 OR AY.24.1 OR AY.25 OR AY.25.1 OR AY.25.1.1 OR AY.25.1.2 OR AY.25.2 OR AY.25.3 OR AY.26 OR AY.26.1 OR AY.27 OR AY.28 OR AY.29 OR AY.29.1 OR AY.29.2 OR AY.30 OR AY.31 OR AY.32 OR AY.33 OR AY.33.1 OR AY.33.2 OR AY.34 OR AY.34.1 OR AY.34.1.1 OR AY.34.2 OR AY.35 OR AY.36 OR AY.36.1 OR AY.37 OR AY.38 OR AY.39 OR AY.39.1 OR AY.39.1.1 OR AY.39.1.2 OR AY.39.1.3 OR AY.39.1.4 OR AY.39.2 OR AY.39.3 OR AY.40 OR AY.41 OR AY.42 OR AY.42.1 OR AY.43 OR AY.43.1 OR AY.43.2 OR AY.43.3 OR AY.43.4 OR AY.43.5 OR AY.43.6 OR AY.43.7 OR AY.43.8 OR AY.43.9 OR AY.44 OR AY.45 OR AY.46 OR AY.46.1 OR AY.46.2 OR AY.46.3 OR AY.46.4 OR AY.46.5 OR AY.46.6 OR AY.46.6.1 OR AY.47 OR AY.48 OR AY.49 OR AY.50 OR AY.51 OR AY.52 OR AY.53 OR AY.54 OR AY.55 OR AY.56 OR AY.57 OR AY.58 OR AY.59 OR AY.60 OR AY.61 OR AY.62 OR AY.63 OR AY.64 OR AY.65 OR AY.66 OR AY.67 OR AY.68 OR AY.69 OR AY.70 OR AY.71 OR AY.72 OR AY.73 OR AY.74 OR AY.75 OR AY.75.2 OR AY.75.3 OR AY.76 OR AY.77 OR AY.78 OR AY.79 OR AY.80 OR AY.81 OR AY.82 OR AY.83 OR AY.84 OR AY.85 OR AY.86 OR AY.87 OR AY.88 OR AY.90 OR AY.91 OR AY.91.1 OR AY.92 OR AY.93 OR AY.94 OR AY.95 OR AY.98 OR AY.98.1 OR AY.98.1.1 OR AY.99 OR AY.99.1 OR AY.99.2 OR AY.100 OR AY.101 OR AY.102 OR AY.102.1 OR AY.102.2 OR AY.103 OR AY.103.1 OR AY.103.2 OR AY.104 OR AY.105 OR AY.106 OR AY.107 OR AY.108 OR AY.109 OR AY.110 OR AY.111 OR AY.112 OR AY.112.1 OR AY.112.2 OR AY.112.3 OR AY.113 OR AY.114 OR AY.116 OR AY.116.1 OR AY.117 OR AY.118 OR AY.119 OR AY.119.1 OR AY.119.2 OR AY.120 OR AY.120.1 OR AY.120.2 OR AY.120.2.1 OR AY.121 OR AY.121.1 OR AY.122 OR AY.122.1 OR AY.122.2 OR AY.122.3 OR AY.122.4 OR AY.122.5 OR AY.122.6 OR AY.123 OR AY.123.1 OR AY.124 OR AY.124.1 OR AY.124.1.1 OR AY.125 OR AY.125.1 OR AY.126 OR AY.127 OR AY.127.1 OR AY.127.2 OR AY.127.3 OR AY.128 OR AY.129 OR AY.130 OR AY.131 OR AY.132 OR AY.133 OR AY.134 OR B.1.617.2,Delta,2.07142857142857,0,0
2021-06-22,2,0,2.2,0,0,0.000216908470030966,0.666821754401209,AY.1 OR AY.2 OR AY.3 OR AY.3.1 OR AY.3.2 OR AY.3.3 OR AY.3.4 OR AY.4 OR AY.4.1 OR AY.4.2 OR AY.4.2.1 OR AY.4.2.2 OR AY.4.2.3 OR AY.4.2.4 OR AY.4.2.5 OR AY.4.3 OR AY.4.4 OR AY.4.5 OR AY.4.6 OR AY.4.7 OR AY.4.8 OR AY.4.9 OR AY.4.10 OR AY.4.11 OR AY.4.12 OR AY.4.13 OR AY.4.14 OR AY.4.15 OR AY.4.16 OR AY.4.17 OR AY.5 OR AY.5.1 OR AY.5.2 OR AY.5.3 OR AY.5.4 OR AY.5.5 OR AY.5.6 OR AY.5.7 OR AY.6 OR AY.7 OR AY.7.1 OR AY.7.2 OR AY.8 OR AY.9 OR AY.9.2 OR AY.9.2.1 OR AY.9.2.2 OR AY.10 OR AY.11 OR AY.13 OR AY.14 OR AY.15 OR AY.16 OR AY.16.1 OR AY.17 OR AY.18 OR AY.19 OR AY.20 OR AY.20.1 OR AY.21 OR AY.22 OR AY.23 OR AY.23.1 OR AY.23.2 OR AY.24 OR AY.24.1 OR AY.25 OR AY.25.1 OR AY.25.1.1 OR AY.25.1.2 OR AY.25.2 OR AY.25.3 OR AY.26 OR AY.26.1 OR AY.27 OR AY.28 OR AY.29 OR AY.29.1 OR AY.29.2 OR AY.30 OR AY.31 OR AY.32 OR AY.33 OR AY.33.1 OR AY.33.2 OR AY.34 OR AY.34.1 OR AY.34.1.1 OR AY.34.2 OR AY.35 OR AY.36 OR AY.36.1 OR AY.37 OR AY.38 OR AY.39 OR AY.39.1 OR AY.39.1.1 OR AY.39.1.2 OR AY.39.1.3 OR AY.39.1.4 OR AY.39.2 OR AY.39.3 OR AY.40 OR AY.41 OR AY.42 OR AY.42.1 OR AY.43 OR AY.43.1 OR AY.43.2 OR AY.43.3 OR AY.43.4 OR AY.43.5 OR AY.43.6 OR AY.43.7 OR AY.43.8 OR AY.43.9 OR AY.44 OR AY.45 OR AY.46 OR AY.46.1 OR AY.46.2 OR AY.46.3 OR AY.46.4 OR AY.46.5 OR AY.46.6 OR AY.46.6.1 OR AY.47 OR AY.48 OR AY.49 OR AY.50 OR AY.51 OR AY.52 OR AY.53 OR AY.54 OR AY.55 OR AY.56 OR AY.57 OR AY.58 OR AY.59 OR AY.60 OR AY.61 OR AY.62 OR AY.63 OR AY.64 OR AY.65 OR AY.66 OR AY.67 OR AY.68 OR AY.69 OR AY.70 OR AY.71 OR AY.72 OR AY.73 OR AY.74 OR AY.75 OR AY.75.2 OR AY.75.3 OR AY.76 OR AY.77 OR AY.78 OR AY.79 OR AY.80 OR AY.81 OR AY.82 OR AY.83 OR AY.84 OR AY.85 OR AY.86 OR AY.87 OR AY.88 OR AY.90 OR AY.91 OR AY.91.1 OR AY.92 OR AY.93 OR AY.94 OR AY.95 OR AY.98 OR AY.98.1 OR AY.98.1.1 OR AY.99 OR AY.99.1 OR AY.99.2 OR AY.100 OR AY.101 OR AY.102 OR AY.102.1 OR AY.102.2 OR AY.103 OR AY.103.1 OR AY.103.2 OR AY.104 OR AY.105 OR AY.106 OR AY.107 OR AY.108 OR AY.109 OR AY.110 OR AY.111 OR AY.112 OR AY.112.1 OR AY.112.2 OR AY.112.3 OR AY.113 OR AY.114 OR AY.116 OR AY.116.1 OR AY.117 OR AY.118 OR AY.119 OR AY.119.1 OR AY.119.2 OR AY.120 OR AY.120.1 OR AY.120.2 OR AY.120.2.1 OR AY.121 OR AY.121.1 OR AY.122 OR AY.122.1 OR AY.122.2 OR AY.122.3 OR AY.122.4 OR AY.122.5 OR AY.122.6 OR AY.123 OR AY.123.1 OR AY.124 OR AY.124.1 OR AY.124.1.1 OR AY.125 OR AY.125.1 OR AY.126 OR AY.127 OR AY.127.1 OR AY.127.2 OR AY.127.3 OR AY.128 OR AY.129 OR AY.130 OR AY.131 OR AY.132 OR AY.133 OR AY.134 OR B.1.617.2,Delta,2.14285714285714,0,0
2021-06-25,1,0,1.33333333333333,0,0,0.000385580980755902,0.853253683690425,AY.1 OR AY.2 OR AY.3 OR AY.3.1 OR AY.3.2 OR AY.3.3 OR AY.3.4 OR AY.4 OR AY.4.1 OR AY.4.2 OR AY.4.2.1 OR AY.4.2.2 OR AY.4.2.3 OR AY.4.2.4 OR AY.4.2.5 OR AY.4.3 OR AY.4.4 OR AY.4.5 OR AY.4.6 OR AY.4.7 OR AY.4.8 OR AY.4.9 OR AY.4.10 OR AY.4.11 OR AY.4.12 OR AY.4.13 OR AY.4.14 OR AY.4.15 OR AY.4.16 OR AY.4.17 OR AY.5 OR AY.5.1 OR AY.5.2 OR AY.5.3 OR AY.5.4 OR AY.5.5 OR AY.5.6 OR AY.5.7 OR AY.6 OR AY.7 OR AY.7.1 OR AY.7.2 OR AY.8 OR AY.9 OR AY.9.2 OR AY.9.2.1 OR AY.9.2.2 OR AY.10 OR AY.11 OR AY.13 OR AY.14 OR AY.15 OR AY.16 OR AY.16.1 OR AY.17 OR AY.18 OR AY.19 OR AY.20 OR AY.20.1 OR AY.21 OR AY.22 OR AY.23 OR AY.23.1 OR AY.23.2 OR AY.24 OR AY.24.1 OR AY.25 OR AY.25.1 OR AY.25.1.1 OR AY.25.1.2 OR AY.25.2 OR AY.25.3 OR AY.26 OR AY.26.1 OR AY.27 OR AY.28 OR AY.29 OR AY.29.1 OR AY.29.2 OR AY.30 OR AY.31 OR AY.32 OR AY.33 OR AY.33.1 OR AY.33.2 OR AY.34 OR AY.34.1 OR AY.34.1.1 OR AY.34.2 OR AY.35 OR AY.36 OR AY.36.1 OR AY.37 OR AY.38 OR AY.39 OR AY.39.1 OR AY.39.1.1 OR AY.39.1.2 OR AY.39.1.3 OR AY.39.1.4 OR AY.39.2 OR AY.39.3 OR AY.40 OR AY.41 OR AY.42 OR AY.42.1 OR AY.43 OR AY.43.1 OR AY.43.2 OR AY.43.3 OR AY.43.4 OR AY.43.5 OR AY.43.6 OR AY.43.7 OR AY.43.8 OR AY.43.9 OR AY.44 OR AY.45 OR AY.46 OR AY.46.1 OR AY.46.2 OR AY.46.3 OR AY.46.4 OR AY.46.5 OR AY.46.6 OR AY.46.6.1 OR AY.47 OR AY.48 OR AY.49 OR AY.50 OR AY.51 OR AY.52 OR AY.53 OR AY.54 OR AY.55 OR AY.56 OR AY.57 OR AY.58 OR AY.59 OR AY.60 OR AY.61 OR AY.62 OR AY.63 OR AY.64 OR AY.65 OR AY.66 OR AY.67 OR AY.68 OR AY.69 OR AY.70 OR AY.71 OR AY.72 OR AY.73 OR AY.74 OR AY.75 OR AY.75.2 OR AY.75.3 OR AY.76 OR AY.77 OR AY.78 OR AY.79 OR AY.80 OR AY.81 OR AY.82 OR AY.83 OR AY.84 OR AY.85 OR AY.86 OR AY.87 OR AY.88 OR AY.90 OR AY.91 OR AY.91.1 OR AY.92 OR AY.93 OR AY.94 OR AY.95 OR AY.98 OR AY.98.1 OR AY.98.1.1 OR AY.99 OR AY.99.1 OR AY.99.2 OR AY.100 OR AY.101 OR AY.102 OR AY.102.1 OR AY.102.2 OR AY.103 OR AY.103.1 OR AY.103.2 OR AY.104 OR AY.105 OR AY.106 OR AY.107 OR AY.108 OR AY.109 OR AY.110 OR AY.111 OR AY.112 OR AY.112.1 OR AY.112.2 OR AY.112.3 OR AY.113 OR AY.114 OR AY.116 OR AY.116.1 OR AY.117 OR AY.118 OR AY.119 OR AY.119.1 OR AY.119.2 OR AY.120 OR AY.120.1 OR AY.120.2 OR AY.120.2.1 OR AY.121 OR AY.121.1 OR AY.122 OR AY.122.1 OR AY.122.2 OR AY.122.3 OR AY.122.4 OR AY.122.5 OR AY.122.6 OR AY.123 OR AY.123.1 OR AY.124 OR AY.124.1 OR AY.124.1.1 OR AY.125 OR AY.125.1 OR AY.126 OR AY.127 OR AY.127.1 OR AY.127.2 OR AY.127.3 OR AY.128 OR AY.129 OR AY.130 OR AY.131 OR AY.132 OR AY.133 OR AY.134 OR B.1.617.2,Delta,2.07142857142857,0,0
2021-06-26,1,0,1.33333333333333,0,0,0.000385580980755902,0.853253683690425,AY.1 OR AY.2 OR AY.3 OR AY.3.1 OR AY.3.2 OR AY.3.3 OR AY.3.4 OR AY.4 OR AY.4.1 OR AY.4.2 OR AY.4.2.1 OR AY.4.2.2 OR AY.4.2.3 OR AY.4.2.4 OR AY.4.2.5 OR AY.4.3 OR AY.4.4 OR AY.4.5 OR AY.4.6 OR AY.4.7 OR AY.4.8 OR AY.4.9 OR AY.4.10 OR AY.4.11 OR AY.4.12 OR AY.4.13 OR AY.4.14 OR AY.4.15 OR AY.4.16 OR AY.4.17 OR AY.5 OR AY.5.1 OR AY.5.2 OR AY.5.3 OR AY.5.4 OR AY.5.5 OR AY.5.6 OR AY.5.7 OR AY.6 OR AY.7 OR AY.7.1 OR AY.7.2 OR AY.8 OR AY.9 OR AY.9.2 OR AY.9.2.1 OR AY.9.2.2 OR AY.10 OR AY.11 OR AY.13 OR AY.14 OR AY.15 OR AY.16 OR AY.16.1 OR AY.17 OR AY.18 OR AY.19 OR AY.20 OR AY.20.1 OR AY.21 OR AY.22 OR AY.23 OR AY.23.1 OR AY.23.2 OR AY.24 OR AY.24.1 OR AY.25 OR AY.25.1 OR AY.25.1.1 OR AY.25.1.2 OR AY.25.2 OR AY.25.3 OR AY.26 OR AY.26.1 OR AY.27 OR AY.28 OR AY.29 OR AY.29.1 OR AY.29.2 OR AY.30 OR AY.31 OR AY.32 OR AY.33 OR AY.33.1 OR AY.33.2 OR AY.34 OR AY.34.1 OR AY.34.1.1 OR AY.34.2 OR AY.35 OR AY.36 OR AY.36.1 OR AY.37 OR AY.38 OR AY.39 OR AY.39.1 OR AY.39.1.1 OR AY.39.1.2 OR AY.39.1.3 OR AY.39.1.4 OR AY.39.2 OR AY.39.3 OR AY.40 OR AY.41 OR AY.42 OR AY.42.1 OR AY.43 OR AY.43.1 OR AY.43.2 OR AY.43.3 OR AY.43.4 OR AY.43.5 OR AY.43.6 OR AY.43.7 OR AY.43.8 OR AY.43.9 OR AY.44 OR AY.45 OR AY.46 OR AY.46.1 OR AY.46.2 OR AY.46.3 OR AY.46.4 OR AY.46.5 OR AY.46.6 OR AY.46.6.1 OR AY.47 OR AY.48 OR AY.49 OR AY.50 OR AY.51 OR AY.52 OR AY.53 OR AY.54 OR AY.55 OR AY.56 OR AY.57 OR AY.58 OR AY.59 OR AY.60 OR AY.61 OR AY.62 OR AY.63 OR AY.64 OR AY.65 OR AY.66 OR AY.67 OR AY.68 OR AY.69 OR AY.70 OR AY.71 OR AY.72 OR AY.73 OR AY.74 OR AY.75 OR AY.75.2 OR AY.75.3 OR AY.76 OR AY.77 OR AY.78 OR AY.79 OR AY.80 OR AY.81 OR AY.82 OR AY.83 OR AY.84 OR AY.85 OR AY.86 OR AY.87 OR AY.88 OR AY.90 OR AY.91 OR AY.91.1 OR AY.92 OR AY.93 OR AY.94 OR AY.95 OR AY.98 OR AY.98.1 OR AY.98.1.1 OR AY.99 OR AY.99.1 OR AY.99.2 OR AY.100 OR AY.101 OR AY.102 OR AY.102.1 OR AY.102.2 OR AY.103 OR AY.103.1 OR AY.103.2 OR AY.104 OR AY.105 OR AY.106 OR AY.107 OR AY.108 OR AY.109 OR AY.110 OR AY.111 OR AY.112 OR AY.112.1 OR AY.112.2 OR AY.112.3 OR AY.113 OR AY.114 OR AY.116 OR AY.116.1 OR AY.117 OR AY.118 OR AY.119 OR AY.119.1 OR AY.119.2 OR AY.120 OR AY.120.1 OR AY.120.2 OR AY.120.2.1 OR AY.121 OR AY.121.1 OR AY.122 OR AY.122.1 OR AY.122.2 OR AY.122.3 OR AY.122.4 OR AY.122.5 OR AY.122.6 OR AY.123 OR AY.123.1 OR AY.124 OR AY.124.1 OR AY.124.1.1 OR AY.125 OR AY.125.1 OR AY.126 OR AY.127 OR AY.127.1 OR AY.127.2 OR AY.127.3 OR AY.128 OR AY.129 OR AY.130 OR AY.131 OR AY.132 OR AY.133 OR AY.134 OR B.1.617.2,Delta,2,0,0
2021-06-27,1,0,1.25,0,0,0.000385580980755902,0.853253683690425,AY.1 OR AY.2 OR AY.3 OR AY.3.1 OR AY.3.2 OR AY.3.3 OR AY.3.4 OR AY.4 OR AY.4.1 OR AY.4.2 OR AY.4.2.1 OR AY.4.2.2 OR AY.4.2.3 OR AY.4.2.4 OR AY.4.2.5 OR AY.4.3 OR AY.4.4 OR AY.4.5 OR AY.4.6 OR AY.4.7 OR AY.4.8 OR AY.4.9 OR AY.4.10 OR AY.4.11 OR AY.4.12 OR AY.4.13 OR AY.4.14 OR AY.4.15 OR AY.4.16 OR AY.4.17 OR AY.5 OR AY.5.1 OR AY.5.2 OR AY.5.3 OR AY.5.4 OR AY.5.5 OR AY.5.6 OR AY.5.7 OR AY.6 OR AY.7 OR AY.7.1 OR AY.7.2 OR AY.8 OR AY.9 OR AY.9.2 OR AY.9.2.1 OR AY.9.2.2 OR AY.10 OR AY.11 OR AY.13 OR AY.14 OR AY.15 OR AY.16 OR AY.16.1 OR AY.17 OR AY.18 OR AY.19 OR AY.20 OR AY.20.1 OR AY.21 OR AY.22 OR AY.23 OR AY.23.1 OR AY.23.2 OR AY.24 OR AY.24.1 OR AY.25 OR AY.25.1 OR AY.25.1.1 OR AY.25.1.2 OR AY.25.2 OR AY.25.3 OR AY.26 OR AY.26.1 OR AY.27 OR AY.28 OR AY.29 OR AY.29.1 OR AY.29.2 OR AY.30 OR AY.31 OR AY.32 OR AY.33 OR AY.33.1 OR AY.33.2 OR AY.34 OR AY.34.1 OR AY.34.1.1 OR AY.34.2 OR AY.35 OR AY.36 OR AY.36.1 OR AY.37 OR AY.38 OR AY.39 OR AY.39.1 OR AY.39.1.1 OR AY.39.1.2 OR AY.39.1.3 OR AY.39.1.4 OR AY.39.2 OR AY.39.3 OR AY.40 OR AY.41 OR AY.42 OR AY.42.1 OR AY.43 OR AY.43.1 OR AY.43.2 OR AY.43.3 OR AY.43.4 OR AY.43.5 OR AY.43.6 OR AY.43.7 OR AY.43.8 OR AY.43.9 OR AY.44 OR AY.45 OR AY.46 OR AY.46.1 OR AY.46.2 OR AY.46.3 OR AY.46.4 OR AY.46.5 OR AY.46.6 OR AY.46.6.1 OR AY.47 OR AY.48 OR AY.49 OR AY.50 OR AY.51 OR AY.52 OR AY.53 OR AY.54 OR AY.55 OR AY.56 OR AY.57 OR AY.58 OR AY.59 OR AY.60 OR AY.61 OR AY.62 OR AY.63 OR AY.64 OR AY.65 OR AY.66 OR AY.67 OR AY.68 OR AY.69 OR AY.70 OR AY.71 OR AY.72 OR AY.73 OR AY.74 OR AY.75 OR AY.75.2 OR AY.75.3 OR AY.76 OR AY.77 OR AY.78 OR AY.79 OR AY.80 OR AY.81 OR AY.82 OR AY.83 OR AY.84 OR AY.85 OR AY.86 OR AY.87 OR AY.88 OR AY.90 OR AY.91 OR AY.91.1 OR AY.92 OR AY.93 OR AY.94 OR AY.95 OR AY.98 OR AY.98.1 OR AY.98.1.1 OR AY.99 OR AY.99.1 OR AY.99.2 OR AY.100 OR AY.101 OR AY.102 OR AY.102.1 OR AY.102.2 OR AY.103 OR AY.103.1 OR AY.103.2 OR AY.104 OR AY.105 OR AY.106 OR AY.107 OR AY.108 OR AY.109 OR AY.110 OR AY.111 OR AY.112 OR AY.112.1 OR AY.112.2 OR AY.112.3 OR AY.113 OR AY.114 OR AY.116 OR AY.116.1 OR AY.117 OR AY.118 OR AY.119 OR AY.119.1 OR AY.119.2 OR AY.120 OR AY.120.1 OR AY.120.2 OR AY.120.2.1 OR AY.121 OR AY.121.1 OR AY.122 OR AY.122.1 OR AY.122.2 OR AY.122.3 OR AY.122.4 OR AY.122.5 OR AY.122.6 OR AY.123 OR AY.123.1 OR AY.124 OR AY.124.1 OR AY.124.1.1 OR AY.125 OR AY.125.1 OR AY.126 OR AY.127 OR AY.127.1 OR AY.127.2 OR AY.127.3 OR AY.128 OR AY.129 OR AY.130 OR AY.131 OR AY.132 OR AY.133 OR AY.134 OR B.1.617.2,Delta,1.92857142857143,0,0
2021-06-28,2,0,1.4,0,0,0.000385580980755902,0.853253683690425,AY.1 OR AY.2 OR AY.3 OR AY.3.1 OR AY.3.2 OR AY.3.3 OR AY.3.4 OR AY.4 OR AY.4.1 OR AY.4.2 OR AY.4.2.1 OR AY.4.2.2 OR AY.4.2.3 OR AY.4.2.4 OR AY.4.2.5 OR AY.4.3 OR AY.4.4 OR AY.4.5 OR AY.4.6 OR AY.4.7 OR AY.4.8 OR AY.4.9 OR AY.4.10 OR AY.4.11 OR AY.4.12 OR AY.4.13 OR AY.4.14 OR AY.4.15 OR AY.4.16 OR AY.4.17 OR AY.5 OR AY.5.1 OR AY.5.2 OR AY.5.3 OR AY.5.4 OR AY.5.5 OR AY.5.6 OR AY.5.7 OR AY.6 OR AY.7 OR AY.7.1 OR AY.7.2 OR AY.8 OR AY.9 OR AY.9.2 OR AY.9.2.1 OR AY.9.2.2 OR AY.10 OR AY.11 OR AY.13 OR AY.14 OR AY.15 OR AY.16 OR AY.16.1 OR AY.17 OR AY.18 OR AY.19 OR AY.20 OR AY.20.1 OR AY.21 OR AY.22 OR AY.23 OR AY.23.1 OR AY.23.2 OR AY.24 OR AY.24.1 OR AY.25 OR AY.25.1 OR AY.25.1.1 OR AY.25.1.2 OR AY.25.2 OR AY.25.3 OR AY.26 OR AY.26.1 OR AY.27 OR AY.28 OR AY.29 OR AY.29.1 OR AY.29.2 OR AY.30 OR AY.31 OR AY.32 OR AY.33 OR AY.33.1 OR AY.33.2 OR AY.34 OR AY.34.1 OR AY.34.1.1 OR AY.34.2 OR AY.35 OR AY.36 OR AY.36.1 OR AY.37 OR AY.38 OR AY.39 OR AY.39.1 OR AY.39.1.1 OR AY.39.1.2 OR AY.39.1.3 OR AY.39.1.4 OR AY.39.2 OR AY.39.3 OR AY.40 OR AY.41 OR AY.42 OR AY.42.1 OR AY.43 OR AY.43.1 OR AY.43.2 OR AY.43.3 OR AY.43.4 OR AY.43.5 OR AY.43.6 OR AY.43.7 OR AY.43.8 OR AY.43.9 OR AY.44 OR AY.45 OR AY.46 OR AY.46.1 OR AY.46.2 OR AY.46.3 OR AY.46.4 OR AY.46.5 OR AY.46.6 OR AY.46.6.1 OR AY.47 OR AY.48 OR AY.49 OR AY.50 OR AY.51 OR AY.52 OR AY.53 OR AY.54 OR AY.55 OR AY.56 OR AY.57 OR AY.58 OR AY.59 OR AY.60 OR AY.61 OR AY.62 OR AY.63 OR AY.64 OR AY.65 OR AY.66 OR AY.67 OR AY.68 OR AY.69 OR AY.70 OR AY.71 OR AY.72 OR AY.73 OR AY.74 OR AY.75 OR AY.75.2 OR AY.75.3 OR AY.76 OR AY.77 OR AY.78 OR AY.79 OR AY.80 OR AY.81 OR AY.82 OR AY.83 OR AY.84 OR AY.85 OR AY.86 OR AY.87 OR AY.88 OR AY.90 OR AY.91 OR AY.91.1 OR AY.92 OR AY.93 OR AY.94 OR AY.95 OR AY.98 OR AY.98.1 OR AY.98.1.1 OR AY.99 OR AY.99.1 OR AY.99.2 OR AY.100 OR AY.101 OR AY.102 OR AY.102.1 OR AY.102.2 OR AY.103 OR AY.103.1 OR AY.103.2 OR AY.104 OR AY.105 OR AY.106 OR AY.107 OR AY.108 OR AY.109 OR AY.110 OR AY.111 OR AY.112 OR AY.112.1 OR AY.112.2 OR AY.112.3 OR AY.113 OR AY.114 OR AY.116 OR AY.116.1 OR AY.117 OR AY.118 OR AY.119 OR AY.119.1 OR AY.119.2 OR AY.120 OR AY.120.1 OR AY.120.2 OR AY.120.2.1 OR AY.121 OR AY.121.1 OR AY.122 OR AY.122.1 OR AY.122.2 OR AY.122.3 OR AY.122.4 OR AY.122.5 OR AY.122.6 OR AY.123 OR AY.123.1 OR AY.124 OR AY.124.1 OR AY.124.1.1 OR AY.125 OR AY.125.1 OR AY.126 OR AY.127 OR AY.127.1 OR AY.127.2 OR AY.127.3 OR AY.128 OR AY.129 OR AY.130 OR AY.131 OR AY.132 OR AY.133 OR AY.134 OR B.1.617.2,Delta,1.92857142857143,0,0
2021-06-29,1,0,1.2,0,0,0.000385580980755902,0.853253683690425,AY.1 OR AY.2 OR AY.3 OR AY.3.1 OR AY.3.2 OR AY.3.3 OR AY.3.4 OR AY.4 OR AY.4.1 OR AY.4.2 OR AY.4.2.1 OR AY.4.2.2 OR AY.4.2.3 OR AY.4.2.4 OR AY.4.2.5 OR AY.4.3 OR AY.4.4 OR AY.4.5 OR AY.4.6 OR AY.4.7 OR AY.4.8 OR AY.4.9 OR AY.4.10 OR AY.4.11 OR AY.4.12 OR AY.4.13 OR AY.4.14 OR AY.4.15 OR AY.4.16 OR AY.4.17 OR AY.5 OR AY.5.1 OR AY.5.2 OR AY.5.3 OR AY.5.4 OR AY.5.5 OR AY.5.6 OR AY.5.7 OR AY.6 OR AY.7 OR AY.7.1 OR AY.7.2 OR AY.8 OR AY.9 OR AY.9.2 OR AY.9.2.1 OR AY.9.2.2 OR AY.10 OR AY.11 OR AY.13 OR AY.14 OR AY.15 OR AY.16 OR AY.16.1 OR AY.17 OR AY.18 OR AY.19 OR AY.20 OR AY.20.1 OR AY.21 OR AY.22 OR AY.23 OR AY.23.1 OR AY.23.2 OR AY.24 OR AY.24.1 OR AY.25 OR AY.25.1 OR AY.25.1.1 OR AY.25.1.2 OR AY.25.2 OR AY.25.3 OR AY.26 OR AY.26.1 OR AY.27 OR AY.28 OR AY.29 OR AY.29.1 OR AY.29.2 OR AY.30 OR AY.31 OR AY.32 OR AY.33 OR AY.33.1 OR AY.33.2 OR AY.34 OR AY.34.1 OR AY.34.1.1 OR AY.34.2 OR AY.35 OR AY.36 OR AY.36.1 OR AY.37 OR AY.38 OR AY.39 OR AY.39.1 OR AY.39.1.1 OR AY.39.1.2 OR AY.39.1.3 OR AY.39.1.4 OR AY.39.2 OR AY.39.3 OR AY.40 OR AY.41 OR AY.42 OR AY.42.1 OR AY.43 OR AY.43.1 OR AY.43.2 OR AY.43.3 OR AY.43.4 OR AY.43.5 OR AY.43.6 OR AY.43.7 OR AY.43.8 OR AY.43.9 OR AY.44 OR AY.45 OR AY.46 OR AY.46.1 OR AY.46.2 OR AY.46.3 OR AY.46.4 OR AY.46.5 OR AY.46.6 OR AY.46.6.1 OR AY.47 OR AY.48 OR AY.49 OR AY.50 OR AY.51 OR AY.52 OR AY.53 OR AY.54 OR AY.55 OR AY.56 OR AY.57 OR AY.58 OR AY.59 OR AY.60 OR AY.61 OR AY.62 OR AY.63 OR AY.64 OR AY.65 OR AY.66 OR AY.67 OR AY.68 OR AY.69 OR AY.70 OR AY.71 OR AY.72 OR AY.73 OR AY.74 OR AY.75 OR AY.75.2 OR AY.75.3 OR AY.76 OR AY.77 OR AY.78 OR AY.79 OR AY.80 OR AY.81 OR AY.82 OR AY.83 OR AY.84 OR AY.85 OR AY.86 OR AY.87 OR AY.88 OR AY.90 OR AY.91 OR AY.91.1 OR AY.92 OR AY.93 OR AY.94 OR AY.95 OR AY.98 OR AY.98.1 OR AY.98.1.1 OR AY.99 OR AY.99.1 OR AY.99.2 OR AY.100 OR AY.101 OR AY.102 OR AY.102.1 OR AY.102.2 OR AY.103 OR AY.103.1 OR AY.103.2 OR AY.104 OR AY.105 OR AY.106 OR AY.107 OR AY.108 OR AY.109 OR AY.110 OR AY.111 OR AY.112 OR AY.112.1 OR AY.112.2 OR AY.112.3 OR AY.113 OR AY.114 OR AY.116 OR AY.116.1 OR AY.117 OR AY.118 OR AY.119 OR AY.119.1 OR AY.119.2 OR AY.120 OR AY.120.1 OR AY.120.2 OR AY.120.2.1 OR AY.121 OR AY.121.1 OR AY.122 OR AY.122.1 OR AY.122.2 OR AY.122.3 OR AY.122.4 OR AY.122.5 OR AY.122.6 OR AY.123 OR AY.123.1 OR AY.124 OR AY.124.1 OR AY.124.1.1 OR AY.125 OR AY.125.1 OR AY.126 OR AY.127 OR AY.127.1 OR AY.127.2 OR AY.127.3 OR AY.128 OR AY.129 OR AY.130 OR AY.131 OR AY.132 OR AY.133 OR AY.134 OR B.1.617.2,Delta,1.85714285714286,0,0
2021-06-30,3,0,1.5,0,0,0.000216908470030966,0.666821754401209,AY.1 OR AY.2 OR AY.3 OR AY.3.1 OR AY.3.2 OR AY.3.3 OR AY.3.4 OR AY.4 OR AY.4.1 OR AY.4.2 OR AY.4.2.1 OR AY.4.2.2 OR AY.4.2.3 OR AY.4.2.4 OR AY.4.2.5 OR AY.4.3 OR AY.4.4 OR AY.4.5 OR AY.4.6 OR AY.4.7 OR AY.4.8 OR AY.4.9 OR AY.4.10 OR AY.4.11 OR AY.4.12 OR AY.4.13 OR AY.4.14 OR AY.4.15 OR AY.4.16 OR AY.4.17 OR AY.5 OR AY.5.1 OR AY.5.2 OR AY.5.3 OR AY.5.4 OR AY.5.5 OR AY.5.6 OR AY.5.7 OR AY.6 OR AY.7 OR AY.7.1 OR AY.7.2 OR AY.8 OR AY.9 OR AY.9.2 OR AY.9.2.1 OR AY.9.2.2 OR AY.10 OR AY.11 OR AY.13 OR AY.14 OR AY.15 OR AY.16 OR AY.16.1 OR AY.17 OR AY.18 OR AY.19 OR AY.20 OR AY.20.1 OR AY.21 OR AY.22 OR AY.23 OR AY.23.1 OR AY.23.2 OR AY.24 OR AY.24.1 OR AY.25 OR AY.25.1 OR AY.25.1.1 OR AY.25.1.2 OR AY.25.2 OR AY.25.3 OR AY.26 OR AY.26.1 OR AY.27 OR AY.28 OR AY.29 OR AY.29.1 OR AY.29.2 OR AY.30 OR AY.31 OR AY.32 OR AY.33 OR AY.33.1 OR AY.33.2 OR AY.34 OR AY.34.1 OR AY.34.1.1 OR AY.34.2 OR AY.35 OR AY.36 OR AY.36.1 OR AY.37 OR AY.38 OR AY.39 OR AY.39.1 OR AY.39.1.1 OR AY.39.1.2 OR AY.39.1.3 OR AY.39.1.4 OR AY.39.2 OR AY.39.3 OR AY.40 OR AY.41 OR AY.42 OR AY.42.1 OR AY.43 OR AY.43.1 OR AY.43.2 OR AY.43.3 OR AY.43.4 OR AY.43.5 OR AY.43.6 OR AY.43.7 OR AY.43.8 OR AY.43.9 OR AY.44 OR AY.45 OR AY.46 OR AY.46.1 OR AY.46.2 OR AY.46.3 OR AY.46.4 OR AY.46.5 OR AY.46.6 OR AY.46.6.1 OR AY.47 OR AY.48 OR AY.49 OR AY.50 OR AY.51 OR AY.52 OR AY.53 OR AY.54 OR AY.55 OR AY.56 OR AY.57 OR AY.58 OR AY.59 OR AY.60 OR AY.61 OR AY.62 OR AY.63 OR AY.64 OR AY.65 OR AY.66 OR AY.67 OR AY.68 OR AY.69 OR AY.70 OR AY.71 OR AY.72 OR AY.73 OR AY.74 OR AY.75 OR AY.75.2 OR AY.75.3 OR AY.76 OR AY.77 OR AY.78 OR AY.79 OR AY.80 OR AY.81 OR AY.82 OR AY.83 OR AY.84 OR AY.85 OR AY.86 OR AY.87 OR AY.88 OR AY.90 OR AY.91 OR AY.91.1 OR AY.92 OR AY.93 OR AY.94 OR AY.95 OR AY.98 OR AY.98.1 OR AY.98.1.1 OR AY.99 OR AY.99.1 OR AY.99.2 OR AY.100 OR AY.101 OR AY.102 OR AY.102.1 OR AY.102.2 OR AY.103 OR AY.103.1 OR AY.103.2 OR AY.104 OR AY.105 OR AY.106 OR AY.107 OR AY.108 OR AY.109 OR AY.110 OR AY.111 OR AY.112 OR AY.112.1 OR AY.112.2 OR AY.112.3 OR AY.113 OR AY.114 OR AY.116 OR AY.116.1 OR AY.117 OR AY.118 OR AY.119 OR AY.119.1 OR AY.119.2 OR AY.120 OR AY.120.1 OR AY.120.2 OR AY.120.2.1 OR AY.121 OR AY.121.1 OR AY.122 OR AY.122.1 OR AY.122.2 OR AY.122.3 OR AY.122.4 OR AY.122.5 OR AY.122.6 OR AY.123 OR AY.123.1 OR AY.124 OR AY.124.1 OR AY.124.1.1 OR AY.125 OR AY.125.1 OR AY.126 OR AY.127 OR AY.127.1 OR AY.127.2 OR AY.127.3 OR AY.128 OR AY.129 OR AY.130 OR AY.131 OR AY.132 OR AY.133 OR AY.134 OR B.1.617.2,Delta,1.85714285714286,0,0
2021-07-01,3,0,1.71428571428571,0,0,0.000216908470030966,0.666821754401209,AY.1 OR AY.2 OR AY.3 OR AY.3.1 OR AY.3.2 OR AY.3.3 OR AY.3.4 OR AY.4 OR AY.4.1 OR AY.4.2 OR AY.4.2.1 OR AY.4.2.2 OR AY.4.2.3 OR AY.4.2.4 OR AY.4.2.5 OR AY.4.3 OR AY.4.4 OR AY.4.5 OR AY.4.6 OR AY.4.7 OR AY.4.8 OR AY.4.9 OR AY.4.10 OR AY.4.11 OR AY.4.12 OR AY.4.13 OR AY.4.14 OR AY.4.15 OR AY.4.16 OR AY.4.17 OR AY.5 OR AY.5.1 OR AY.5.2 OR AY.5.3 OR AY.5.4 OR AY.5.5 OR AY.5.6 OR AY.5.7 OR AY.6 OR AY.7 OR AY.7.1 OR AY.7.2 OR AY.8 OR AY.9 OR AY.9.2 OR AY.9.2.1 OR AY.9.2.2 OR AY.10 OR AY.11 OR AY.13 OR AY.14 OR AY.15 OR AY.16 OR AY.16.1 OR AY.17 OR AY.18 OR AY.19 OR AY.20 OR AY.20.1 OR AY.21 OR AY.22 OR AY.23 OR AY.23.1 OR AY.23.2 OR AY.24 OR AY.24.1 OR AY.25 OR AY.25.1 OR AY.25.1.1 OR AY.25.1.2 OR AY.25.2 OR AY.25.3 OR AY.26 OR AY.26.1 OR AY.27 OR AY.28 OR AY.29 OR AY.29.1 OR AY.29.2 OR AY.30 OR AY.31 OR AY.32 OR AY.33 OR AY.33.1 OR AY.33.2 OR AY.34 OR AY.34.1 OR AY.34.1.1 OR AY.34.2 OR AY.35 OR AY.36 OR AY.36.1 OR AY.37 OR AY.38 OR AY.39 OR AY.39.1 OR AY.39.1.1 OR AY.39.1.2 OR AY.39.1.3 OR AY.39.1.4 OR AY.39.2 OR AY.39.3 OR AY.40 OR AY.41 OR AY.42 OR AY.42.1 OR AY.43 OR AY.43.1 OR AY.43.2 OR AY.43.3 OR AY.43.4 OR AY.43.5 OR AY.43.6 OR AY.43.7 OR AY.43.8 OR AY.43.9 OR AY.44 OR AY.45 OR AY.46 OR AY.46.1 OR AY.46.2 OR AY.46.3 OR AY.46.4 OR AY.46.5 OR AY.46.6 OR AY.46.6.1 OR AY.47 OR AY.48 OR AY.49 OR AY.50 OR AY.51 OR AY.52 OR AY.53 OR AY.54 OR AY.55 OR AY.56 OR AY.57 OR AY.58 OR AY.59 OR AY.60 OR AY.61 OR AY.62 OR AY.63 OR AY.64 OR AY.65 OR AY.66 OR AY.67 OR AY.68 OR AY.69 OR AY.70 OR AY.71 OR AY.72 OR AY.73 OR AY.74 OR AY.75 OR AY.75.2 OR AY.75.3 OR AY.76 OR AY.77 OR AY.78 OR AY.79 OR AY.80 OR AY.81 OR AY.82 OR AY.83 OR AY.84 OR AY.85 OR AY.86 OR AY.87 OR AY.88 OR AY.90 OR AY.91 OR AY.91.1 OR AY.92 OR AY.93 OR AY.94 OR AY.95 OR AY.98 OR AY.98.1 OR AY.98.1.1 OR AY.99 OR AY.99.1 OR AY.99.2 OR AY.100 OR AY.101 OR AY.102 OR AY.102.1 OR AY.102.2 OR AY.103 OR AY.103.1 OR AY.103.2 OR AY.104 OR AY.105 OR AY.106 OR AY.107 OR AY.108 OR AY.109 OR AY.110 OR AY.111 OR AY.112 OR AY.112.1 OR AY.112.2 OR AY.112.3 OR AY.113 OR AY.114 OR AY.116 OR AY.116.1 OR AY.117 OR AY.118 OR AY.119 OR AY.119.1 OR AY.119.2 OR AY.120 OR AY.120.1 OR AY.120.2 OR AY.120.2.1 OR AY.121 OR AY.121.1 OR AY.122 OR AY.122.1 OR AY.122.2 OR AY.122.3 OR AY.122.4 OR AY.122.5 OR AY.122.6 OR AY.123 OR AY.123.1 OR AY.124 OR AY.124.1 OR AY.124.1.1 OR AY.125 OR AY.125.1 OR AY.126 OR AY.127 OR AY.127.1 OR AY.127.2 OR AY.127.3 OR AY.128 OR AY.129 OR AY.130 OR AY.131 OR AY.132 OR AY.133 OR AY.134 OR B.1.617.2,Delta,1.92857142857143,0,0
2021-07-02,6,0,2.42857142857143,0,0,0.000216908470030966,0.666821754401209,AY.1 OR AY.2 OR AY.3 OR AY.3.1 OR AY.3.2 OR AY.3.3 OR AY.3.4 OR AY.4 OR AY.4.1 OR AY.4.2 OR AY.4.2.1 OR AY.4.2.2 OR AY.4.2.3 OR AY.4.2.4 OR AY.4.2.5 OR AY.4.3 OR AY.4.4 OR AY.4.5 OR AY.4.6 OR AY.4.7 OR AY.4.8 OR AY.4.9 OR AY.4.10 OR AY.4.11 OR AY.4.12 OR AY.4.13 OR AY.4.14 OR AY.4.15 OR AY.4.16 OR AY.4.17 OR AY.5 OR AY.5.1 OR AY.5.2 OR AY.5.3 OR AY.5.4 OR AY.5.5 OR AY.5.6 OR AY.5.7 OR AY.6 OR AY.7 OR AY.7.1 OR AY.7.2 OR AY.8 OR AY.9 OR AY.9.2 OR AY.9.2.1 OR AY.9.2.2 OR AY.10 OR AY.11 OR AY.13 OR AY.14 OR AY.15 OR AY.16 OR AY.16.1 OR AY.17 OR AY.18 OR AY.19 OR AY.20 OR AY.20.1 OR AY.21 OR AY.22 OR AY.23 OR AY.23.1 OR AY.23.2 OR AY.24 OR AY.24.1 OR AY.25 OR AY.25.1 OR AY.25.1.1 OR AY.25.1.2 OR AY.25.2 OR AY.25.3 OR AY.26 OR AY.26.1 OR AY.27 OR AY.28 OR AY.29 OR AY.29.1 OR AY.29.2 OR AY.30 OR AY.31 OR AY.32 OR AY.33 OR AY.33.1 OR AY.33.2 OR AY.34 OR AY.34.1 OR AY.34.1.1 OR AY.34.2 OR AY.35 OR AY.36 OR AY.36.1 OR AY.37 OR AY.38 OR AY.39 OR AY.39.1 OR AY.39.1.1 OR AY.39.1.2 OR AY.39.1.3 OR AY.39.1.4 OR AY.39.2 OR AY.39.3 OR AY.40 OR AY.41 OR AY.42 OR AY.42.1 OR AY.43 OR AY.43.1 OR AY.43.2 OR AY.43.3 OR AY.43.4 OR AY.43.5 OR AY.43.6 OR AY.43.7 OR AY.43.8 OR AY.43.9 OR AY.44 OR AY.45 OR AY.46 OR AY.46.1 OR AY.46.2 OR AY.46.3 OR AY.46.4 OR AY.46.5 OR AY.46.6 OR AY.46.6.1 OR AY.47 OR AY.48 OR AY.49 OR AY.50 OR AY.51 OR AY.52 OR AY.53 OR AY.54 OR AY.55 OR AY.56 OR AY.57 OR AY.58 OR AY.59 OR AY.60 OR AY.61 OR AY.62 OR AY.63 OR AY.64 OR AY.65 OR AY.66 OR AY.67 OR AY.68 OR AY.69 OR AY.70 OR AY.71 OR AY.72 OR AY.73 OR AY.74 OR AY.75 OR AY.75.2 OR AY.75.3 OR AY.76 OR AY.77 OR AY.78 OR AY.79 OR AY.80 OR AY.81 OR AY.82 OR AY.83 OR AY.84 OR AY.85 OR AY.86 OR AY.87 OR AY.88 OR AY.90 OR AY.91 OR AY.91.1 OR AY.92 OR AY.93 OR AY.94 OR AY.95 OR AY.98 OR AY.98.1 OR AY.98.1.1 OR AY.99 OR AY.99.1 OR AY.99.2 OR AY.100 OR AY.101 OR AY.102 OR AY.102.1 OR AY.102.2 OR AY.103 OR AY.103.1 OR AY.103.2 OR AY.104 OR AY.105 OR AY.106 OR AY.107 OR AY.108 OR AY.109 OR AY.110 OR AY.111 OR AY.112 OR AY.112.1 OR AY.112.2 OR AY.112.3 OR AY.113 OR AY.114 OR AY.116 OR AY.116.1 OR AY.117 OR AY.118 OR AY.119 OR AY.119.1 OR AY.119.2 OR AY.120 OR AY.120.1 OR AY.120.2 OR AY.120.2.1 OR AY.121 OR AY.121.1 OR AY.122 OR AY.122.1 OR AY.122.2 OR AY.122.3 OR AY.122.4 OR AY.122.5 OR AY.122.6 OR AY.123 OR AY.123.1 OR AY.124 OR AY.124.1 OR AY.124.1.1 OR AY.125 OR AY.125.1 OR AY.126 OR AY.127 OR AY.127.1 OR AY.127.2 OR AY.127.3 OR AY.128 OR AY.129 OR AY.130 OR AY.131 OR AY.132 OR AY.133 OR AY.134 OR B.1.617.2,Delta,2.28571428571429,0,0
2021-07-03,4,0,2.85714285714286,0,0,0.000150636025436569,0.53558324304295,AY.1 OR AY.2 OR AY.3 OR AY.3.1 OR AY.3.2 OR AY.3.3 OR AY.3.4 OR AY.4 OR AY.4.1 OR AY.4.2 OR AY.4.2.1 OR AY.4.2.2 OR AY.4.2.3 OR AY.4.2.4 OR AY.4.2.5 OR AY.4.3 OR AY.4.4 OR AY.4.5 OR AY.4.6 OR AY.4.7 OR AY.4.8 OR AY.4.9 OR AY.4.10 OR AY.4.11 OR AY.4.12 OR AY.4.13 OR AY.4.14 OR AY.4.15 OR AY.4.16 OR AY.4.17 OR AY.5 OR AY.5.1 OR AY.5.2 OR AY.5.3 OR AY.5.4 OR AY.5.5 OR AY.5.6 OR AY.5.7 OR AY.6 OR AY.7 OR AY.7.1 OR AY.7.2 OR AY.8 OR AY.9 OR AY.9.2 OR AY.9.2.1 OR AY.9.2.2 OR AY.10 OR AY.11 OR AY.13 OR AY.14 OR AY.15 OR AY.16 OR AY.16.1 OR AY.17 OR AY.18 OR AY.19 OR AY.20 OR AY.20.1 OR AY.21 OR AY.22 OR AY.23 OR AY.23.1 OR AY.23.2 OR AY.24 OR AY.24.1 OR AY.25 OR AY.25.1 OR AY.25.1.1 OR AY.25.1.2 OR AY.25.2 OR AY.25.3 OR AY.26 OR AY.26.1 OR AY.27 OR AY.28 OR AY.29 OR AY.29.1 OR AY.29.2 OR AY.30 OR AY.31 OR AY.32 OR AY.33 OR AY.33.1 OR AY.33.2 OR AY.34 OR AY.34.1 OR AY.34.1.1 OR AY.34.2 OR AY.35 OR AY.36 OR AY.36.1 OR AY.37 OR AY.38 OR AY.39 OR AY.39.1 OR AY.39.1.1 OR AY.39.1.2 OR AY.39.1.3 OR AY.39.1.4 OR AY.39.2 OR AY.39.3 OR AY.40 OR AY.41 OR AY.42 OR AY.42.1 OR AY.43 OR AY.43.1 OR AY.43.2 OR AY.43.3 OR AY.43.4 OR AY.43.5 OR AY.43.6 OR AY.43.7 OR AY.43.8 OR AY.43.9 OR AY.44 OR AY.45 OR AY.46 OR AY.46.1 OR AY.46.2 OR AY.46.3 OR AY.46.4 OR AY.46.5 OR AY.46.6 OR AY.46.6.1 OR AY.47 OR AY.48 OR AY.49 OR AY.50 OR AY.51 OR AY.52 OR AY.53 OR AY.54 OR AY.55 OR AY.56 OR AY.57 OR AY.58 OR AY.59 OR AY.60 OR AY.61 OR AY.62 OR AY.63 OR AY.64 OR AY.65 OR AY.66 OR AY.67 OR AY.68 OR AY.69 OR AY.70 OR AY.71 OR AY.72 OR AY.73 OR AY.74 OR AY.75 OR AY.75.2 OR AY.75.3 OR AY.76 OR AY.77 OR AY.78 OR AY.79 OR AY.80 OR AY.81 OR AY.82 OR AY.83 OR AY.84 OR AY.85 OR AY.86 OR AY.87 OR AY.88 OR AY.90 OR AY.91 OR AY.91.1 OR AY.92 OR AY.93 OR AY.94 OR AY.95 OR AY.98 OR AY.98.1 OR AY.98.1.1 OR AY.99 OR AY.99.1 OR AY.99.2 OR AY.100 OR AY.101 OR AY.102 OR AY.102.1 OR AY.102.2 OR AY.103 OR AY.103.1 OR AY.103.2 OR AY.104 OR AY.105 OR AY.106 OR AY.107 OR AY.108 OR AY.109 OR AY.110 OR AY.111 OR AY.112 OR AY.112.1 OR AY.112.2 OR AY.112.3 OR AY.113 OR AY.114 OR AY.116 OR AY.116.1 OR AY.117 OR AY.118 OR AY.119 OR AY.119.1 OR AY.119.2 OR AY.120 OR AY.120.1 OR AY.120.2 OR AY.120.2.1 OR AY.121 OR AY.121.1 OR AY.122 OR AY.122.1 OR AY.122.2 OR AY.122.3 OR AY.122.4 OR AY.122.5 OR AY.122.6 OR AY.123 OR AY.123.1 OR AY.124 OR AY.124.1 OR AY.124.1.1 OR AY.125 OR AY.125.1 OR AY.126 OR AY.127 OR AY.127.1 OR AY.127.2 OR AY.127.3 OR AY.128 OR AY.129 OR AY.130 OR AY.131 OR AY.132 OR AY.133 OR AY.134 OR B.1.617.2,Delta,2.35714285714286,0,0
2021-07-04,2,0,3,0,0,0.000150636025436569,0.53558324304295,AY.1 OR AY.2 OR AY.3 OR AY.3.1 OR AY.3.2 OR AY.3.3 OR AY.3.4 OR AY.4 OR AY.4.1 OR AY.4.2 OR AY.4.2.1 OR AY.4.2.2 OR AY.4.2.3 OR AY.4.2.4 OR AY.4.2.5 OR AY.4.3 OR AY.4.4 OR AY.4.5 OR AY.4.6 OR AY.4.7 OR AY.4.8 OR AY.4.9 OR AY.4.10 OR AY.4.11 OR AY.4.12 OR AY.4.13 OR AY.4.14 OR AY.4.15 OR AY.4.16 OR AY.4.17 OR AY.5 OR AY.5.1 OR AY.5.2 OR AY.5.3 OR AY.5.4 OR AY.5.5 OR AY.5.6 OR AY.5.7 OR AY.6 OR AY.7 OR AY.7.1 OR AY.7.2 OR AY.8 OR AY.9 OR AY.9.2 OR AY.9.2.1 OR AY.9.2.2 OR AY.10 OR AY.11 OR AY.13 OR AY.14 OR AY.15 OR AY.16 OR AY.16.1 OR AY.17 OR AY.18 OR AY.19 OR AY.20 OR AY.20.1 OR AY.21 OR AY.22 OR AY.23 OR AY.23.1 OR AY.23.2 OR AY.24 OR AY.24.1 OR AY.25 OR AY.25.1 OR AY.25.1.1 OR AY.25.1.2 OR AY.25.2 OR AY.25.3 OR AY.26 OR AY.26.1 OR AY.27 OR AY.28 OR AY.29 OR AY.29.1 OR AY.29.2 OR AY.30 OR AY.31 OR AY.32 OR AY.33 OR AY.33.1 OR AY.33.2 OR AY.34 OR AY.34.1 OR AY.34.1.1 OR AY.34.2 OR AY.35 OR AY.36 OR AY.36.1 OR AY.37 OR AY.38 OR AY.39 OR AY.39.1 OR AY.39.1.1 OR AY.39.1.2 OR AY.39.1.3 OR AY.39.1.4 OR AY.39.2 OR AY.39.3 OR AY.40 OR AY.41 OR AY.42 OR AY.42.1 OR AY.43 OR AY.43.1 OR AY.43.2 OR AY.43.3 OR AY.43.4 OR AY.43.5 OR AY.43.6 OR AY.43.7 OR AY.43.8 OR AY.43.9 OR AY.44 OR AY.45 OR AY.46 OR AY.46.1 OR AY.46.2 OR AY.46.3 OR AY.46.4 OR AY.46.5 OR AY.46.6 OR AY.46.6.1 OR AY.47 OR AY.48 OR AY.49 OR AY.50 OR AY.51 OR AY.52 OR AY.53 OR AY.54 OR AY.55 OR AY.56 OR AY.57 OR AY.58 OR AY.59 OR AY.60 OR AY.61 OR AY.62 OR AY.63 OR AY.64 OR AY.65 OR AY.66 OR AY.67 OR AY.68 OR AY.69 OR AY.70 OR AY.71 OR AY.72 OR AY.73 OR AY.74 OR AY.75 OR AY.75.2 OR AY.75.3 OR AY.76 OR AY.77 OR AY.78 OR AY.79 OR AY.80 OR AY.81 OR AY.82 OR AY.83 OR AY.84 OR AY.85 OR AY.86 OR AY.87 OR AY.88 OR AY.90 OR AY.91 OR AY.91.1 OR AY.92 OR AY.93 OR AY.94 OR AY.95 OR AY.98 OR AY.98.1 OR AY.98.1.1 OR AY.99 OR AY.99.1 OR AY.99.2 OR AY.100 OR AY.101 OR AY.102 OR AY.102.1 OR AY.102.2 OR AY.103 OR AY.103.1 OR AY.103.2 OR AY.104 OR AY.105 OR AY.106 OR AY.107 OR AY.108 OR AY.109 OR AY.110 OR AY.111 OR AY.112 OR AY.112.1 OR AY.112.2 OR AY.112.3 OR AY.113 OR AY.114 OR AY.116 OR AY.116.1 OR AY.117 OR AY.118 OR AY.119 OR AY.119.1 OR AY.119.2 OR AY.120 OR AY.120.1 OR AY.120.2 OR AY.120.2.1 OR AY.121 OR AY.121.1 OR AY.122 OR AY.122.1 OR AY.122.2 OR AY.122.3 OR AY.122.4 OR AY.122.5 OR AY.122.6 OR AY.123 OR AY.123.1 OR AY.124 OR AY.124.1 OR AY.124.1.1 OR AY.125 OR AY.125.1 OR AY.126 OR AY.127 OR AY.127.1 OR AY.127.2 OR AY.127.3 OR AY.128 OR AY.129 OR AY.130 OR AY.131 OR AY.132 OR AY.133 OR AY.134 OR B.1.617.2,Delta,2.28571428571429,0,0
2021-07-05,7,3,3.71428571428571,0.428571428571429,0.115384615384615,0.000115332788238275,0.44476261765764,AY.1 OR AY.2 OR AY.3 OR AY.3.1 OR AY.3.2 OR AY.3.3 OR AY.3.4 OR AY.4 OR AY.4.1 OR AY.4.2 OR AY.4.2.1 OR AY.4.2.2 OR AY.4.2.3 OR AY.4.2.4 OR AY.4.2.5 OR AY.4.3 OR AY.4.4 OR AY.4.5 OR AY.4.6 OR AY.4.7 OR AY.4.8 OR AY.4.9 OR AY.4.10 OR AY.4.11 OR AY.4.12 OR AY.4.13 OR AY.4.14 OR AY.4.15 OR AY.4.16 OR AY.4.17 OR AY.5 OR AY.5.1 OR AY.5.2 OR AY.5.3 OR AY.5.4 OR AY.5.5 OR AY.5.6 OR AY.5.7 OR AY.6 OR AY.7 OR AY.7.1 OR AY.7.2 OR AY.8 OR AY.9 OR AY.9.2 OR AY.9.2.1 OR AY.9.2.2 OR AY.10 OR AY.11 OR AY.13 OR AY.14 OR AY.15 OR AY.16 OR AY.16.1 OR AY.17 OR AY.18 OR AY.19 OR AY.20 OR AY.20.1 OR AY.21 OR AY.22 OR AY.23 OR AY.23.1 OR AY.23.2 OR AY.24 OR AY.24.1 OR AY.25 OR AY.25.1 OR AY.25.1.1 OR AY.25.1.2 OR AY.25.2 OR AY.25.3 OR AY.26 OR AY.26.1 OR AY.27 OR AY.28 OR AY.29 OR AY.29.1 OR AY.29.2 OR AY.30 OR AY.31 OR AY.32 OR AY.33 OR AY.33.1 OR AY.33.2 OR AY.34 OR AY.34.1 OR AY.34.1.1 OR AY.34.2 OR AY.35 OR AY.36 OR AY.36.1 OR AY.37 OR AY.38 OR AY.39 OR AY.39.1 OR AY.39.1.1 OR AY.39.1.2 OR AY.39.1.3 OR AY.39.1.4 OR AY.39.2 OR AY.39.3 OR AY.40 OR AY.41 OR AY.42 OR AY.42.1 OR AY.43 OR AY.43.1 OR AY.43.2 OR AY.43.3 OR AY.43.4 OR AY.43.5 OR AY.43.6 OR AY.43.7 OR AY.43.8 OR AY.43.9 OR AY.44 OR AY.45 OR AY.46 OR AY.46.1 OR AY.46.2 OR AY.46.3 OR AY.46.4 OR AY.46.5 OR AY.46.6 OR AY.46.6.1 OR AY.47 OR AY.48 OR AY.49 OR AY.50 OR AY.51 OR AY.52 OR AY.53 OR AY.54 OR AY.55 OR AY.56 OR AY.57 OR AY.58 OR AY.59 OR AY.60 OR AY.61 OR AY.62 OR AY.63 OR AY.64 OR AY.65 OR AY.66 OR AY.67 OR AY.68 OR AY.69 OR AY.70 OR AY.71 OR AY.72 OR AY.73 OR AY.74 OR AY.75 OR AY.75.2 OR AY.75.3 OR AY.76 OR AY.77 OR AY.78 OR AY.79 OR AY.80 OR AY.81 OR AY.82 OR AY.83 OR AY.84 OR AY.85 OR AY.86 OR AY.87 OR AY.88 OR AY.90 OR AY.91 OR AY.91.1 OR AY.92 OR AY.93 OR AY.94 OR AY.95 OR AY.98 OR AY.98.1 OR AY.98.1.1 OR AY.99 OR AY.99.1 OR AY.99.2 OR AY.100 OR AY.101 OR AY.102 OR AY.102.1 OR AY.102.2 OR AY.103 OR AY.103.1 OR AY.103.2 OR AY.104 OR AY.105 OR AY.106 OR AY.107 OR AY.108 OR AY.109 OR AY.110 OR AY.111 OR AY.112 OR AY.112.1 OR AY.112.2 OR AY.112.3 OR AY.113 OR AY.114 OR AY.116 OR AY.116.1 OR AY.117 OR AY.118 OR AY.119 OR AY.119.1 OR AY.119.2 OR AY.120 OR AY.120.1 OR AY.120.2 OR AY.120.2.1 OR AY.121 OR AY.121.1 OR AY.122 OR AY.122.1 OR AY.122.2 OR AY.122.3 OR AY.122.4 OR AY.122.5 OR AY.122.6 OR AY.123 OR AY.123.1 OR AY.124 OR AY.124.1 OR AY.124.1.1 OR AY.125 OR AY.125.1 OR AY.126 OR AY.127 OR AY.127.1 OR AY.127.2 OR AY.127.3 OR AY.128 OR AY.129 OR AY.130 OR AY.131 OR AY.132 OR AY.133 OR AY.134 OR B.1.617.2,Delta,2.71428571428571,0.214285714285714,0.0789473684210526
2021-07-06,11,2,5.14285714285714,0.714285714285714,0.138888888888889,0.0225127659991551,0.628626400631994,AY.1 OR AY.2 OR AY.3 OR AY.3.1 OR AY.3.2 OR AY.3.3 OR AY.3.4 OR AY.4 OR AY.4.1 OR AY.4.2 OR AY.4.2.1 OR AY.4.2.2 OR AY.4.2.3 OR AY.4.2.4 OR AY.4.2.5 OR AY.4.3 OR AY.4.4 OR AY.4.5 OR AY.4.6 OR AY.4.7 OR AY.4.8 OR AY.4.9 OR AY.4.10 OR AY.4.11 OR AY.4.12 OR AY.4.13 OR AY.4.14 OR AY.4.15 OR AY.4.16 OR AY.4.17 OR AY.5 OR AY.5.1 OR AY.5.2 OR AY.5.3 OR AY.5.4 OR AY.5.5 OR AY.5.6 OR AY.5.7 OR AY.6 OR AY.7 OR AY.7.1 OR AY.7.2 OR AY.8 OR AY.9 OR AY.9.2 OR AY.9.2.1 OR AY.9.2.2 OR AY.10 OR AY.11 OR AY.13 OR AY.14 OR AY.15 OR AY.16 OR AY.16.1 OR AY.17 OR AY.18 OR AY.19 OR AY.20 OR AY.20.1 OR AY.21 OR AY.22 OR AY.23 OR AY.23.1 OR AY.23.2 OR AY.24 OR AY.24.1 OR AY.25 OR AY.25.1 OR AY.25.1.1 OR AY.25.1.2 OR AY.25.2 OR AY.25.3 OR AY.26 OR AY.26.1 OR AY.27 OR AY.28 OR AY.29 OR AY.29.1 OR AY.29.2 OR AY.30 OR AY.31 OR AY.32 OR AY.33 OR AY.33.1 OR AY.33.2 OR AY.34 OR AY.34.1 OR AY.34.1.1 OR AY.34.2 OR AY.35 OR AY.36 OR AY.36.1 OR AY.37 OR AY.38 OR AY.39 OR AY.39.1 OR AY.39.1.1 OR AY.39.1.2 OR AY.39.1.3 OR AY.39.1.4 OR AY.39.2 OR AY.39.3 OR AY.40 OR AY.41 OR AY.42 OR AY.42.1 OR AY.43 OR AY.43.1 OR AY.43.2 OR AY.43.3 OR AY.43.4 OR AY.43.5 OR AY.43.6 OR AY.43.7 OR AY.43.8 OR AY.43.9 OR AY.44 OR AY.45 OR AY.46 OR AY.46.1 OR AY.46.2 OR AY.46.3 OR AY.46.4 OR AY.46.5 OR AY.46.6 OR AY.46.6.1 OR AY.47 OR AY.48 OR AY.49 OR AY.50 OR AY.51 OR AY.52 OR AY.53 OR AY.54 OR AY.55 OR AY.56 OR AY.57 OR AY.58 OR AY.59 OR AY.60 OR AY.61 OR AY.62 OR AY.63 OR AY.64 OR AY.65 OR AY.66 OR AY.67 OR AY.68 OR AY.69 OR AY.70 OR AY.71 OR AY.72 OR AY.73 OR AY.74 OR AY.75 OR AY.75.2 OR AY.75.3 OR AY.76 OR AY.77 OR AY.78 OR AY.79 OR AY.80 OR AY.81 OR AY.82 OR AY.83 OR AY.84 OR AY.85 OR AY.86 OR AY.87 OR AY.88 OR AY.90 OR AY.91 OR AY.91.1 OR AY.92 OR AY.93 OR AY.94 OR AY.95 OR AY.98 OR AY.98.1 OR AY.98.1.1 OR AY.99 OR AY.99.1 OR AY.99.2 OR AY.100 OR AY.101 OR AY.102 OR AY.102.1 OR AY.102.2 OR AY.103 OR AY.103.1 OR AY.103.2 OR AY.104 OR AY.105 OR AY.106 OR AY.107 OR AY.108 OR AY.109 OR AY.110 OR AY.111 OR AY.112 OR AY.112.1 OR AY.112.2 OR AY.112.3 OR AY.113 OR AY.114 OR AY.116 OR AY.116.1 OR AY.117 OR AY.118 OR AY.119 OR AY.119.1 OR AY.119.2 OR AY.120 OR AY.120.1 OR AY.120.2 OR AY.120.2.1 OR AY.121 OR AY.121.1 OR AY.122 OR AY.122.1 OR AY.122.2 OR AY.122.3 OR AY.122.4 OR AY.122.5 OR AY.122.6 OR AY.123 OR AY.123.1 OR AY.124 OR AY.124.1 OR AY.124.1.1 OR AY.125 OR AY.125.1 OR AY.126 OR AY.127 OR AY.127.1 OR AY.127.2 OR AY.127.3 OR AY.128 OR AY.129 OR AY.130 OR AY.131 OR AY.132 OR AY.133 OR AY.134 OR B.1.617.2,Delta,3.21428571428571,0.357142857142857,0.111111111111111
2021-07-07,16,3,7,1.14285714285714,0.163265306122449,0.0158765242127468,0.500797461619078,AY.1 OR AY.2 OR AY.3 OR AY.3.1 OR AY.3.2 OR AY.3.3 OR AY.3.4 OR AY.4 OR AY.4.1 OR AY.4.2 OR AY.4.2.1 OR AY.4.2.2 OR AY.4.2.3 OR AY.4.2.4 OR AY.4.2.5 OR AY.4.3 OR AY.4.4 OR AY.4.5 OR AY.4.6 OR AY.4.7 OR AY.4.8 OR AY.4.9 OR AY.4.10 OR AY.4.11 OR AY.4.12 OR AY.4.13 OR AY.4.14 OR AY.4.15 OR AY.4.16 OR AY.4.17 OR AY.5 OR AY.5.1 OR AY.5.2 OR AY.5.3 OR AY.5.4 OR AY.5.5 OR AY.5.6 OR AY.5.7 OR AY.6 OR AY.7 OR AY.7.1 OR AY.7.2 OR AY.8 OR AY.9 OR AY.9.2 OR AY.9.2.1 OR AY.9.2.2 OR AY.10 OR AY.11 OR AY.13 OR AY.14 OR AY.15 OR AY.16 OR AY.16.1 OR AY.17 OR AY.18 OR AY.19 OR AY.20 OR AY.20.1 OR AY.21 OR AY.22 OR AY.23 OR AY.23.1 OR AY.23.2 OR AY.24 OR AY.24.1 OR AY.25 OR AY.25.1 OR AY.25.1.1 OR AY.25.1.2 OR AY.25.2 OR AY.25.3 OR AY.26 OR AY.26.1 OR AY.27 OR AY.28 OR AY.29 OR AY.29.1 OR AY.29.2 OR AY.30 OR AY.31 OR AY.32 OR AY.33 OR AY.33.1 OR AY.33.2 OR AY.34 OR AY.34.1 OR AY.34.1.1 OR AY.34.2 OR AY.35 OR AY.36 OR AY.36.1 OR AY.37 OR AY.38 OR AY.39 OR AY.39.1 OR AY.39.1.1 OR AY.39.1.2 OR AY.39.1.3 OR AY.39.1.4 OR AY.39.2 OR AY.39.3 OR AY.40 OR AY.41 OR AY.42 OR AY.42.1 OR AY.43 OR AY.43.1 OR AY.43.2 OR AY.43.3 OR AY.43.4 OR AY.43.5 OR AY.43.6 OR AY.43.7 OR AY.43.8 OR AY.43.9 OR AY.44 OR AY.45 OR AY.46 OR AY.46.1 OR AY.46.2 OR AY.46.3 OR AY.46.4 OR AY.46.5 OR AY.46.6 OR AY.46.6.1 OR AY.47 OR AY.48 OR AY.49 OR AY.50 OR AY.51 OR AY.52 OR AY.53 OR AY.54 OR AY.55 OR AY.56 OR AY.57 OR AY.58 OR AY.59 OR AY.60 OR AY.61 OR AY.62 OR AY.63 OR AY.64 OR AY.65 OR AY.66 OR AY.67 OR AY.68 OR AY.69 OR AY.70 OR AY.71 OR AY.72 OR AY.73 OR AY.74 OR AY.75 OR AY.75.2 OR AY.75.3 OR AY.76 OR AY.77 OR AY.78 OR AY.79 OR AY.80 OR AY.81 OR AY.82 OR AY.83 OR AY.84 OR AY.85 OR AY.86 OR AY.87 OR AY.88 OR AY.90 OR AY.91 OR AY.91.1 OR AY.92 OR AY.93 OR AY.94 OR AY.95 OR AY.98 OR AY.98.1 OR AY.98.1.1 OR AY.99 OR AY.99.1 OR AY.99.2 OR AY.100 OR AY.101 OR AY.102 OR AY.102.1 OR AY.102.2 OR AY.103 OR AY.103.1 OR AY.103.2 OR AY.104 OR AY.105 OR AY.106 OR AY.107 OR AY.108 OR AY.109 OR AY.110 OR AY.111 OR AY.112 OR AY.112.1 OR AY.112.2 OR AY.112.3 OR AY.113 OR AY.114 OR AY.116 OR AY.116.1 OR AY.117 OR AY.118 OR AY.119 OR AY.119.1 OR AY.119.2 OR AY.120 OR AY.120.1 OR AY.120.2 OR AY.120.2.1 OR AY.121 OR AY.121.1 OR AY.122 OR AY.122.1 OR AY.122.2 OR AY.122.3 OR AY.122.4 OR AY.122.5 OR AY.122.6 OR AY.123 OR AY.123.1 OR AY.124 OR AY.124.1 OR AY.124.1.1 OR AY.125 OR AY.125.1 OR AY.126 OR AY.127 OR AY.127.1 OR AY.127.2 OR AY.127.3 OR AY.128 OR AY.129 OR AY.130 OR AY.131 OR AY.132 OR AY.133 OR AY.134 OR B.1.617.2,Delta,4.28571428571429,0.571428571428571,0.133333333333333
2021-07-08,9,2,7.85714285714286,1.42857142857143,0.181818181818182,0.0138382337903208,0.453719321032415,AY.1 OR AY.2 OR AY.3 OR AY.3.1 OR AY.3.2 OR AY.3.3 OR AY.3.4 OR AY.4 OR AY.4.1 OR AY.4.2 OR AY.4.2.1 OR AY.4.2.2 OR AY.4.2.3 OR AY.4.2.4 OR AY.4.2.5 OR AY.4.3 OR AY.4.4 OR AY.4.5 OR AY.4.6 OR AY.4.7 OR AY.4.8 OR AY.4.9 OR AY.4.10 OR AY.4.11 OR AY.4.12 OR AY.4.13 OR AY.4.14 OR AY.4.15 OR AY.4.16 OR AY.4.17 OR AY.5 OR AY.5.1 OR AY.5.2 OR AY.5.3 OR AY.5.4 OR AY.5.5 OR AY.5.6 OR AY.5.7 OR AY.6 OR AY.7 OR AY.7.1 OR AY.7.2 OR AY.8 OR AY.9 OR AY.9.2 OR AY.9.2.1 OR AY.9.2.2 OR AY.10 OR AY.11 OR AY.13 OR AY.14 OR AY.15 OR AY.16 OR AY.16.1 OR AY.17 OR AY.18 OR AY.19 OR AY.20 OR AY.20.1 OR AY.21 OR AY.22 OR AY.23 OR AY.23.1 OR AY.23.2 OR AY.24 OR AY.24.1 OR AY.25 OR AY.25.1 OR AY.25.1.1 OR AY.25.1.2 OR AY.25.2 OR AY.25.3 OR AY.26 OR AY.26.1 OR AY.27 OR AY.28 OR AY.29 OR AY.29.1 OR AY.29.2 OR AY.30 OR AY.31 OR AY.32 OR AY.33 OR AY.33.1 OR AY.33.2 OR AY.34 OR AY.34.1 OR AY.34.1.1 OR AY.34.2 OR AY.35 OR AY.36 OR AY.36.1 OR AY.37 OR AY.38 OR AY.39 OR AY.39.1 OR AY.39.1.1 OR AY.39.1.2 OR AY.39.1.3 OR AY.39.1.4 OR AY.39.2 OR AY.39.3 OR AY.40 OR AY.41 OR AY.42 OR AY.42.1 OR AY.43 OR AY.43.1 OR AY.43.2 OR AY.43.3 OR AY.43.4 OR AY.43.5 OR AY.43.6 OR AY.43.7 OR AY.43.8 OR AY.43.9 OR AY.44 OR AY.45 OR AY.46 OR AY.46.1 OR AY.46.2 OR AY.46.3 OR AY.46.4 OR AY.46.5 OR AY.46.6 OR AY.46.6.1 OR AY.47 OR AY.48 OR AY.49 OR AY.50 OR AY.51 OR AY.52 OR AY.53 OR AY.54 OR AY.55 OR AY.56 OR AY.57 OR AY.58 OR AY.59 OR AY.60 OR AY.61 OR AY.62 OR AY.63 OR AY.64 OR AY.65 OR AY.66 OR AY.67 OR AY.68 OR AY.69 OR AY.70 OR AY.71 OR AY.72 OR AY.73 OR AY.74 OR AY.75 OR AY.75.2 OR AY.75.3 OR AY.76 OR AY.77 OR AY.78 OR AY.79 OR AY.80 OR AY.81 OR AY.82 OR AY.83 OR AY.84 OR AY.85 OR AY.86 OR AY.87 OR AY.88 OR AY.90 OR AY.91 OR AY.91.1 OR AY.92 OR AY.93 OR AY.94 OR AY.95 OR AY.98 OR AY.98.1 OR AY.98.1.1 OR AY.99 OR AY.99.1 OR AY.99.2 OR AY.100 OR AY.101 OR AY.102 OR AY.102.1 OR AY.102.2 OR AY.103 OR AY.103.1 OR AY.103.2 OR AY.104 OR AY.105 OR AY.106 OR AY.107 OR AY.108 OR AY.109 OR AY.110 OR AY.111 OR AY.112 OR AY.112.1 OR AY.112.2 OR AY.112.3 OR AY.113 OR AY.114 OR AY.116 OR AY.116.1 OR AY.117 OR AY.118 OR AY.119 OR AY.119.1 OR AY.119.2 OR AY.120 OR AY.120.1 OR AY.120.2 OR AY.120.2.1 OR AY.121 OR AY.121.1 OR AY.122 OR AY.122.1 OR AY.122.2 OR AY.122.3 OR AY.122.4 OR AY.122.5 OR AY.122.6 OR AY.123 OR AY.123.1 OR AY.124 OR AY.124.1 OR AY.124.1.1 OR AY.125 OR AY.125.1 OR AY.126 OR AY.127 OR AY.127.1 OR AY.127.2 OR AY.127.3 OR AY.128 OR AY.129 OR AY.130 OR AY.131 OR AY.132 OR AY.133 OR AY.134 OR B.1.617.2,Delta,4.78571428571429,0.714285714285714,0.149253731343284
2021-07-09,5,0,7.71428571428571,1.42857142857143,0.185185185185185,0.0138382337903208,0.453719321032415,AY.1 OR AY.2 OR AY.3 OR AY.3.1 OR AY.3.2 OR AY.3.3 OR AY.3.4 OR AY.4 OR AY.4.1 OR AY.4.2 OR AY.4.2.1 OR AY.4.2.2 OR AY.4.2.3 OR AY.4.2.4 OR AY.4.2.5 OR AY.4.3 OR AY.4.4 OR AY.4.5 OR AY.4.6 OR AY.4.7 OR AY.4.8 OR AY.4.9 OR AY.4.10 OR AY.4.11 OR AY.4.12 OR AY.4.13 OR AY.4.14 OR AY.4.15 OR AY.4.16 OR AY.4.17 OR AY.5 OR AY.5.1 OR AY.5.2 OR AY.5.3 OR AY.5.4 OR AY.5.5 OR AY.5.6 OR AY.5.7 OR AY.6 OR AY.7 OR AY.7.1 OR AY.7.2 OR AY.8 OR AY.9 OR AY.9.2 OR AY.9.2.1 OR AY.9.2.2 OR AY.10 OR AY.11 OR AY.13 OR AY.14 OR AY.15 OR AY.16 OR AY.16.1 OR AY.17 OR AY.18 OR AY.19 OR AY.20 OR AY.20.1 OR AY.21 OR AY.22 OR AY.23 OR AY.23.1 OR AY.23.2 OR AY.24 OR AY.24.1 OR AY.25 OR AY.25.1 OR AY.25.1.1 OR AY.25.1.2 OR AY.25.2 OR AY.25.3 OR AY.26 OR AY.26.1 OR AY.27 OR AY.28 OR AY.29 OR AY.29.1 OR AY.29.2 OR AY.30 OR AY.31 OR AY.32 OR AY.33 OR AY.33.1 OR AY.33.2 OR AY.34 OR AY.34.1 OR AY.34.1.1 OR AY.34.2 OR AY.35 OR AY.36 OR AY.36.1 OR AY.37 OR AY.38 OR AY.39 OR AY.39.1 OR AY.39.1.1 OR AY.39.1.2 OR AY.39.1.3 OR AY.39.1.4 OR AY.39.2 OR AY.39.3 OR AY.40 OR AY.41 OR AY.42 OR AY.42.1 OR AY.43 OR AY.43.1 OR AY.43.2 OR AY.43.3 OR AY.43.4 OR AY.43.5 OR AY.43.6 OR AY.43.7 OR AY.43.8 OR AY.43.9 OR AY.44 OR AY.45 OR AY.46 OR AY.46.1 OR AY.46.2 OR AY.46.3 OR AY.46.4 OR AY.46.5 OR AY.46.6 OR AY.46.6.1 OR AY.47 OR AY.48 OR AY.49 OR AY.50 OR AY.51 OR AY.52 OR AY.53 OR AY.54 OR AY.55 OR AY.56 OR AY.57 OR AY.58 OR AY.59 OR AY.60 OR AY.61 OR AY.62 OR AY.63 OR AY.64 OR AY.65 OR AY.66 OR AY.67 OR AY.68 OR AY.69 OR AY.70 OR AY.71 OR AY.72 OR AY.73 OR AY.74 OR AY.75 OR AY.75.2 OR AY.75.3 OR AY.76 OR AY.77 OR AY.78 OR AY.79 OR AY.80 OR AY.81 OR AY.82 OR AY.83 OR AY.84 OR AY.85 OR AY.86 OR AY.87 OR AY.88 OR AY.90 OR AY.91 OR AY.91.1 OR AY.92 OR AY.93 OR AY.94 OR AY.95 OR AY.98 OR AY.98.1 OR AY.98.1.1 OR AY.99 OR AY.99.1 OR AY.99.2 OR AY.100 OR AY.101 OR AY.102 OR AY.102.1 OR AY.102.2 OR AY.103 OR AY.103.1 OR AY.103.2 OR AY.104 OR AY.105 OR AY.106 OR AY.107 OR AY.108 OR AY.109 OR AY.110 OR AY.111 OR AY.112 OR AY.112.1 OR AY.112.2 OR AY.112.3 OR AY.113 OR AY.114 OR AY.116 OR AY.116.1 OR AY.117 OR AY.118 OR AY.119 OR AY.119.1 OR AY.119.2 OR AY.120 OR AY.120.1 OR AY.120.2 OR AY.120.2.1 OR AY.121 OR AY.121.1 OR AY.122 OR AY.122.1 OR AY.122.2 OR AY.122.3 OR AY.122.4 OR AY.122.5 OR AY.122.6 OR AY.123 OR AY.123.1 OR AY.124 OR AY.124.1 OR AY.124.1.1 OR AY.125 OR AY.125.1 OR AY.126 OR AY.127 OR AY.127.1 OR AY.127.2 OR AY.127.3 OR AY.128 OR AY.129 OR AY.130 OR AY.131 OR AY.132 OR AY.133 OR AY.134 OR B.1.617.2,Delta,5.07142857142857,0.714285714285714,0.140845070422535
2021-07-10,3,0,7.57142857142857,1.42857142857143,0.188679245283019,0.0138382337903208,0.453719321032415,AY.1 OR AY.2 OR AY.3 OR AY.3.1 OR AY.3.2 OR AY.3.3 OR AY.3.4 OR AY.4 OR AY.4.1 OR AY.4.2 OR AY.4.2.1 OR AY.4.2.2 OR AY.4.2.3 OR AY.4.2.4 OR AY.4.2.5 OR AY.4.3 OR AY.4.4 OR AY.4.5 OR AY.4.6 OR AY.4.7 OR AY.4.8 OR AY.4.9 OR AY.4.10 OR AY.4.11 OR AY.4.12 OR AY.4.13 OR AY.4.14 OR AY.4.15 OR AY.4.16 OR AY.4.17 OR AY.5 OR AY.5.1 OR AY.5.2 OR AY.5.3 OR AY.5.4 OR AY.5.5 OR AY.5.6 OR AY.5.7 OR AY.6 OR AY.7 OR AY.7.1 OR AY.7.2 OR AY.8 OR AY.9 OR AY.9.2 OR AY.9.2.1 OR AY.9.2.2 OR AY.10 OR AY.11 OR AY.13 OR AY.14 OR AY.15 OR AY.16 OR AY.16.1 OR AY.17 OR AY.18 OR AY.19 OR AY.20 OR AY.20.1 OR AY.21 OR AY.22 OR AY.23 OR AY.23.1 OR AY.23.2 OR AY.24 OR AY.24.1 OR AY.25 OR AY.25.1 OR AY.25.1.1 OR AY.25.1.2 OR AY.25.2 OR AY.25.3 OR AY.26 OR AY.26.1 OR AY.27 OR AY.28 OR AY.29 OR AY.29.1 OR AY.29.2 OR AY.30 OR AY.31 OR AY.32 OR AY.33 OR AY.33.1 OR AY.33.2 OR AY.34 OR AY.34.1 OR AY.34.1.1 OR AY.34.2 OR AY.35 OR AY.36 OR AY.36.1 OR AY.37 OR AY.38 OR AY.39 OR AY.39.1 OR AY.39.1.1 OR AY.39.1.2 OR AY.39.1.3 OR AY.39.1.4 OR AY.39.2 OR AY.39.3 OR AY.40 OR AY.41 OR AY.42 OR AY.42.1 OR AY.43 OR AY.43.1 OR AY.43.2 OR AY.43.3 OR AY.43.4 OR AY.43.5 OR AY.43.6 OR AY.43.7 OR AY.43.8 OR AY.43.9 OR AY.44 OR AY.45 OR AY.46 OR AY.46.1 OR AY.46.2 OR AY.46.3 OR AY.46.4 OR AY.46.5 OR AY.46.6 OR AY.46.6.1 OR AY.47 OR AY.48 OR AY.49 OR AY.50 OR AY.51 OR AY.52 OR AY.53 OR AY.54 OR AY.55 OR AY.56 OR AY.57 OR AY.58 OR AY.59 OR AY.60 OR AY.61 OR AY.62 OR AY.63 OR AY.64 OR AY.65 OR AY.66 OR AY.67 OR AY.68 OR AY.69 OR AY.70 OR AY.71 OR AY.72 OR AY.73 OR AY.74 OR AY.75 OR AY.75.2 OR AY.75.3 OR AY.76 OR AY.77 OR AY.78 OR AY.79 OR AY.80 OR AY.81 OR AY.82 OR AY.83 OR AY.84 OR AY.85 OR AY.86 OR AY.87 OR AY.88 OR AY.90 OR AY.91 OR AY.91.1 OR AY.92 OR AY.93 OR AY.94 OR AY.95 OR AY.98 OR AY.98.1 OR AY.98.1.1 OR AY.99 OR AY.99.1 OR AY.99.2 OR AY.100 OR AY.101 OR AY.102 OR AY.102.1 OR AY.102.2 OR AY.103 OR AY.103.1 OR AY.103.2 OR AY.104 OR AY.105 OR AY.106 OR AY.107 OR AY.108 OR AY.109 OR AY.110 OR AY.111 OR AY.112 OR AY.112.1 OR AY.112.2 OR AY.112.3 OR AY.113 OR AY.114 OR AY.116 OR AY.116.1 OR AY.117 OR AY.118 OR AY.119 OR AY.119.1 OR AY.119.2 OR AY.120 OR AY.120.1 OR AY.120.2 OR AY.120.2.1 OR AY.121 OR AY.121.1 OR AY.122 OR AY.122.1 OR AY.122.2 OR AY.122.3 OR AY.122.4 OR AY.122.5 OR AY.122.6 OR AY.123 OR AY.123.1 OR AY.124 OR AY.124.1 OR AY.124.1.1 OR AY.125 OR AY.125.1 OR AY.126 OR AY.127 OR AY.127.1 OR AY.127.2 OR AY.127.3 OR AY.128 OR AY.129 OR AY.130 OR AY.131 OR AY.132 OR AY.133 OR AY.134 OR B.1.617.2,Delta,5.21428571428571,0.714285714285714,0.136986301369863
2021-07-11,1,0,7.42857142857143,1.42857142857143,0.192307692307692,0.0158765242127468,0.500797461619078,AY.1 OR AY.2 OR AY.3 OR AY.3.1 OR AY.3.2 OR AY.3.3 OR AY.3.4 OR AY.4 OR AY.4.1 OR AY.4.2 OR AY.4.2.1 OR AY.4.2.2 OR AY.4.2.3 OR AY.4.2.4 OR AY.4.2.5 OR AY.4.3 OR AY.4.4 OR AY.4.5 OR AY.4.6 OR AY.4.7 OR AY.4.8 OR AY.4.9 OR AY.4.10 OR AY.4.11 OR AY.4.12 OR AY.4.13 OR AY.4.14 OR AY.4.15 OR AY.4.16 OR AY.4.17 OR AY.5 OR AY.5.1 OR AY.5.2 OR AY.5.3 OR AY.5.4 OR AY.5.5 OR AY.5.6 OR AY.5.7 OR AY.6 OR AY.7 OR AY.7.1 OR AY.7.2 OR AY.8 OR AY.9 OR AY.9.2 OR AY.9.2.1 OR AY.9.2.2 OR AY.10 OR AY.11 OR AY.13 OR AY.14 OR AY.15 OR AY.16 OR AY.16.1 OR AY.17 OR AY.18 OR AY.19 OR AY.20 OR AY.20.1 OR AY.21 OR AY.22 OR AY.23 OR AY.23.1 OR AY.23.2 OR AY.24 OR AY.24.1 OR AY.25 OR AY.25.1 OR AY.25.1.1 OR AY.25.1.2 OR AY.25.2 OR AY.25.3 OR AY.26 OR AY.26.1 OR AY.27 OR AY.28 OR AY.29 OR AY.29.1 OR AY.29.2 OR AY.30 OR AY.31 OR AY.32 OR AY.33 OR AY.33.1 OR AY.33.2 OR AY.34 OR AY.34.1 OR AY.34.1.1 OR AY.34.2 OR AY.35 OR AY.36 OR AY.36.1 OR AY.37 OR AY.38 OR AY.39 OR AY.39.1 OR AY.39.1.1 OR AY.39.1.2 OR AY.39.1.3 OR AY.39.1.4 OR AY.39.2 OR AY.39.3 OR AY.40 OR AY.41 OR AY.42 OR AY.42.1 OR AY.43 OR AY.43.1 OR AY.43.2 OR AY.43.3 OR AY.43.4 OR AY.43.5 OR AY.43.6 OR AY.43.7 OR AY.43.8 OR AY.43.9 OR AY.44 OR AY.45 OR AY.46 OR AY.46.1 OR AY.46.2 OR AY.46.3 OR AY.46.4 OR AY.46.5 OR AY.46.6 OR AY.46.6.1 OR AY.47 OR AY.48 OR AY.49 OR AY.50 OR AY.51 OR AY.52 OR AY.53 OR AY.54 OR AY.55 OR AY.56 OR AY.57 OR AY.58 OR AY.59 OR AY.60 OR AY.61 OR AY.62 OR AY.63 OR AY.64 OR AY.65 OR AY.66 OR AY.67 OR AY.68 OR AY.69 OR AY.70 OR AY.71 OR AY.72 OR AY.73 OR AY.74 OR AY.75 OR AY.75.2 OR AY.75.3 OR AY.76 OR AY.77 OR AY.78 OR AY.79 OR AY.80 OR AY.81 OR AY.82 OR AY.83 OR AY.84 OR AY.85 OR AY.86 OR AY.87 OR AY.88 OR AY.90 OR AY.91 OR AY.91.1 OR AY.92 OR AY.93 OR AY.94 OR AY.95 OR AY.98 OR AY.98.1 OR AY.98.1.1 OR AY.99 OR AY.99.1 OR AY.99.2 OR AY.100 OR AY.101 OR AY.102 OR AY.102.1 OR AY.102.2 OR AY.103 OR AY.103.1 OR AY.103.2 OR AY.104 OR AY.105 OR AY.106 OR AY.107 OR AY.108 OR AY.109 OR AY.110 OR AY.111 OR AY.112 OR AY.112.1 OR AY.112.2 OR AY.112.3 OR AY.113 OR AY.114 OR AY.116 OR AY.116.1 OR AY.117 OR AY.118 OR AY.119 OR AY.119.1 OR AY.119.2 OR AY.120 OR AY.120.1 OR AY.120.2 OR AY.120.2.1 OR AY.121 OR AY.121.1 OR AY.122 OR AY.122.1 OR AY.122.2 OR AY.122.3 OR AY.122.4 OR AY.122.5 OR AY.122.6 OR AY.123 OR AY.123.1 OR AY.124 OR AY.124.1 OR AY.124.1.1 OR AY.125 OR AY.125.1 OR AY.126 OR AY.127 OR AY.127.1 OR AY.127.2 OR AY.127.3 OR AY.128 OR AY.129 OR AY.130 OR AY.131 OR AY.132 OR AY.133 OR AY.134 OR B.1.617.2,Delta,5.21428571428571,0.714285714285714,0.136986301369863
2021-07-12,9,2,7.71428571428571,1.28571428571429,0.166666666666667,0.0138382337903208,0.453719321032415,AY.1 OR AY.2 OR AY.3 OR AY.3.1 OR AY.3.2 OR AY.3.3 OR AY.3.4 OR AY.4 OR AY.4.1 OR AY.4.2 OR AY.4.2.1 OR AY.4.2.2 OR AY.4.2.3 OR AY.4.2.4 OR AY.4.2.5 OR AY.4.3 OR AY.4.4 OR AY.4.5 OR AY.4.6 OR AY.4.7 OR AY.4.8 OR AY.4.9 OR AY.4.10 OR AY.4.11 OR AY.4.12 OR AY.4.13 OR AY.4.14 OR AY.4.15 OR AY.4.16 OR AY.4.17 OR AY.5 OR AY.5.1 OR AY.5.2 OR AY.5.3 OR AY.5.4 OR AY.5.5 OR AY.5.6 OR AY.5.7 OR AY.6 OR AY.7 OR AY.7.1 OR AY.7.2 OR AY.8 OR AY.9 OR AY.9.2 OR AY.9.2.1 OR AY.9.2.2 OR AY.10 OR AY.11 OR AY.13 OR AY.14 OR AY.15 OR AY.16 OR AY.16.1 OR AY.17 OR AY.18 OR AY.19 OR AY.20 OR AY.20.1 OR AY.21 OR AY.22 OR AY.23 OR AY.23.1 OR AY.23.2 OR AY.24 OR AY.24.1 OR AY.25 OR AY.25.1 OR AY.25.1.1 OR AY.25.1.2 OR AY.25.2 OR AY.25.3 OR AY.26 OR AY.26.1 OR AY.27 OR AY.28 OR AY.29 OR AY.29.1 OR AY.29.2 OR AY.30 OR AY.31 OR AY.32 OR AY.33 OR AY.33.1 OR AY.33.2 OR AY.34 OR AY.34.1 OR AY.34.1.1 OR AY.34.2 OR AY.35 OR AY.36 OR AY.36.1 OR AY.37 OR AY.38 OR AY.39 OR AY.39.1 OR AY.39.1.1 OR AY.39.1.2 OR AY.39.1.3 OR AY.39.1.4 OR AY.39.2 OR AY.39.3 OR AY.40 OR AY.41 OR AY.42 OR AY.42.1 OR AY.43 OR AY.43.1 OR AY.43.2 OR AY.43.3 OR AY.43.4 OR AY.43.5 OR AY.43.6 OR AY.43.7 OR AY.43.8 OR AY.43.9 OR AY.44 OR AY.45 OR AY.46 OR AY.46.1 OR AY.46.2 OR AY.46.3 OR AY.46.4 OR AY.46.5 OR AY.46.6 OR AY.46.6.1 OR AY.47 OR AY.48 OR AY.49 OR AY.50 OR AY.51 OR AY.52 OR AY.53 OR AY.54 OR AY.55 OR AY.56 OR AY.57 OR AY.58 OR AY.59 OR AY.60 OR AY.61 OR AY.62 OR AY.63 OR AY.64 OR AY.65 OR AY.66 OR AY.67 OR AY.68 OR AY.69 OR AY.70 OR AY.71 OR AY.72 OR AY.73 OR AY.74 OR AY.75 OR AY.75.2 OR AY.75.3 OR AY.76 OR AY.77 OR AY.78 OR AY.79 OR AY.80 OR AY.81 OR AY.82 OR AY.83 OR AY.84 OR AY.85 OR AY.86 OR AY.87 OR AY.88 OR AY.90 OR AY.91 OR AY.91.1 OR AY.92 OR AY.93 OR AY.94 OR AY.95 OR AY.98 OR AY.98.1 OR AY.98.1.1 OR AY.99 OR AY.99.1 OR AY.99.2 OR AY.100 OR AY.101 OR AY.102 OR AY.102.1 OR AY.102.2 OR AY.103 OR AY.103.1 OR AY.103.2 OR AY.104 OR AY.105 OR AY.106 OR AY.107 OR AY.108 OR AY.109 OR AY.110 OR AY.111 OR AY.112 OR AY.112.1 OR AY.112.2 OR AY.112.3 OR AY.113 OR AY.114 OR AY.116 OR AY.116.1 OR AY.117 OR AY.118 OR AY.119 OR AY.119.1 OR AY.119.2 OR AY.120 OR AY.120.1 OR AY.120.2 OR AY.120.2.1 OR AY.121 OR AY.121.1 OR AY.122 OR AY.122.1 OR AY.122.2 OR AY.122.3 OR AY.122.4 OR AY.122.5 OR AY.122.6 OR AY.123 OR AY.123.1 OR AY.124 OR AY.124.1 OR AY.124.1.1 OR AY.125 OR AY.125.1 OR AY.126 OR AY.127 OR AY.127.1 OR AY.127.2 OR AY.127.3 OR AY.128 OR AY.129 OR AY.130 OR AY.131 OR AY.132 OR AY.133 OR AY.134 OR B.1.617.2,Delta,5.71428571428571,0.857142857142857,0.15
2021-07-13,9,0,7.42857142857143,1,0.134615384615385,0.0158765242127468,0.500797461619078,AY.1 OR AY.2 OR AY.3 OR AY.3.1 OR AY.3.2 OR AY.3.3 OR AY.3.4 OR AY.4 OR AY.4.1 OR AY.4.2 OR AY.4.2.1 OR AY.4.2.2 OR AY.4.2.3 OR AY.4.2.4 OR AY.4.2.5 OR AY.4.3 OR AY.4.4 OR AY.4.5 OR AY.4.6 OR AY.4.7 OR AY.4.8 OR AY.4.9 OR AY.4.10 OR AY.4.11 OR AY.4.12 OR AY.4.13 OR AY.4.14 OR AY.4.15 OR AY.4.16 OR AY.4.17 OR AY.5 OR AY.5.1 OR AY.5.2 OR AY.5.3 OR AY.5.4 OR AY.5.5 OR AY.5.6 OR AY.5.7 OR AY.6 OR AY.7 OR AY.7.1 OR AY.7.2 OR AY.8 OR AY.9 OR AY.9.2 OR AY.9.2.1 OR AY.9.2.2 OR AY.10 OR AY.11 OR AY.13 OR AY.14 OR AY.15 OR AY.16 OR AY.16.1 OR AY.17 OR AY.18 OR AY.19 OR AY.20 OR AY.20.1 OR AY.21 OR AY.22 OR AY.23 OR AY.23.1 OR AY.23.2 OR AY.24 OR AY.24.1 OR AY.25 OR AY.25.1 OR AY.25.1.1 OR AY.25.1.2 OR AY.25.2 OR AY.25.3 OR AY.26 OR AY.26.1 OR AY.27 OR AY.28 OR AY.29 OR AY.29.1 OR AY.29.2 OR AY.30 OR AY.31 OR AY.32 OR AY.33 OR AY.33.1 OR AY.33.2 OR AY.34 OR AY.34.1 OR AY.34.1.1 OR AY.34.2 OR AY.35 OR AY.36 OR AY.36.1 OR AY.37 OR AY.38 OR AY.39 OR AY.39.1 OR AY.39.1.1 OR AY.39.1.2 OR AY.39.1.3 OR AY.39.1.4 OR AY.39.2 OR AY.39.3 OR AY.40 OR AY.41 OR AY.42 OR AY.42.1 OR AY.43 OR AY.43.1 OR AY.43.2 OR AY.43.3 OR AY.43.4 OR AY.43.5 OR AY.43.6 OR AY.43.7 OR AY.43.8 OR AY.43.9 OR AY.44 OR AY.45 OR AY.46 OR AY.46.1 OR AY.46.2 OR AY.46.3 OR AY.46.4 OR AY.46.5 OR AY.46.6 OR AY.46.6.1 OR AY.47 OR AY.48 OR AY.49 OR AY.50 OR AY.51 OR AY.52 OR AY.53 OR AY.54 OR AY.55 OR AY.56 OR AY.57 OR AY.58 OR AY.59 OR AY.60 OR AY.61 OR AY.62 OR AY.63 OR AY.64 OR AY.65 OR AY.66 OR AY.67 OR AY.68 OR AY.69 OR AY.70 OR AY.71 OR AY.72 OR AY.73 OR AY.74 OR AY.75 OR AY.75.2 OR AY.75.3 OR AY.76 OR AY.77 OR AY.78 OR AY.79 OR AY.80 OR AY.81 OR AY.82 OR AY.83 OR AY.84 OR AY.85 OR AY.86 OR AY.87 OR AY.88 OR AY.90 OR AY.91 OR AY.91.1 OR AY.92 OR AY.93 OR AY.94 OR AY.95 OR AY.98 OR AY.98.1 OR AY.98.1.1 OR AY.99 OR AY.99.1 OR AY.99.2 OR AY.100 OR AY.101 OR AY.102 OR AY.102.1 OR AY.102.2 OR AY.103 OR AY.103.1 OR AY.103.2 OR AY.104 OR AY.105 OR AY.106 OR AY.107 OR AY.108 OR AY.109 OR AY.110 OR AY.111 OR AY.112 OR AY.112.1 OR AY.112.2 OR AY.112.3 OR AY.113 OR AY.114 OR AY.116 OR AY.116.1 OR AY.117 OR AY.118 OR AY.119 OR AY.119.1 OR AY.119.2 OR AY.120 OR AY.120.1 OR AY.120.2 OR AY.120.2.1 OR AY.121 OR AY.121.1 OR AY.122 OR AY.122.1 OR AY.122.2 OR AY.122.3 OR AY.122.4 OR AY.122.5 OR AY.122.6 OR AY.123 OR AY.123.1 OR AY.124 OR AY.124.1 OR AY.124.1.1 OR AY.125 OR AY.125.1 OR AY.126 OR AY.127 OR AY.127.1 OR AY.127.2 OR AY.127.3 OR AY.128 OR AY.129 OR AY.130 OR AY.131 OR AY.132 OR AY.133 OR AY.134 OR B.1.617.2,Delta,6.28571428571429,0.857142857142857,0.136363636363636
2021-07-14,2,0,5.42857142857143,0.571428571428571,0.105263157894737,0.0225127659991551,0.628626400631994,AY.1 OR AY.2 OR AY.3 OR AY.3.1 OR AY.3.2 OR AY.3.3 OR AY.3.4 OR AY.4 OR AY.4.1 OR AY.4.2 OR AY.4.2.1 OR AY.4.2.2 OR AY.4.2.3 OR AY.4.2.4 OR AY.4.2.5 OR AY.4.3 OR AY.4.4 OR AY.4.5 OR AY.4.6 OR AY.4.7 OR AY.4.8 OR AY.4.9 OR AY.4.10 OR AY.4.11 OR AY.4.12 OR AY.4.13 OR AY.4.14 OR AY.4.15 OR AY.4.16 OR AY.4.17 OR AY.5 OR AY.5.1 OR AY.5.2 OR AY.5.3 OR AY.5.4 OR AY.5.5 OR AY.5.6 OR AY.5.7 OR AY.6 OR AY.7 OR AY.7.1 OR AY.7.2 OR AY.8 OR AY.9 OR AY.9.2 OR AY.9.2.1 OR AY.9.2.2 OR AY.10 OR AY.11 OR AY.13 OR AY.14 OR AY.15 OR AY.16 OR AY.16.1 OR AY.17 OR AY.18 OR AY.19 OR AY.20 OR AY.20.1 OR AY.21 OR AY.22 OR AY.23 OR AY.23.1 OR AY.23.2 OR AY.24 OR AY.24.1 OR AY.25 OR AY.25.1 OR AY.25.1.1 OR AY.25.1.2 OR AY.25.2 OR AY.25.3 OR AY.26 OR AY.26.1 OR AY.27 OR AY.28 OR AY.29 OR AY.29.1 OR AY.29.2 OR AY.30 OR AY.31 OR AY.32 OR AY.33 OR AY.33.1 OR AY.33.2 OR AY.34 OR AY.34.1 OR AY.34.1.1 OR AY.34.2 OR AY.35 OR AY.36 OR AY.36.1 OR AY.37 OR AY.38 OR AY.39 OR AY.39.1 OR AY.39.1.1 OR AY.39.1.2 OR AY.39.1.3 OR AY.39.1.4 OR AY.39.2 OR AY.39.3 OR AY.40 OR AY.41 OR AY.42 OR AY.42.1 OR AY.43 OR AY.43.1 OR AY.43.2 OR AY.43.3 OR AY.43.4 OR AY.43.5 OR AY.43.6 OR AY.43.7 OR AY.43.8 OR AY.43.9 OR AY.44 OR AY.45 OR AY.46 OR AY.46.1 OR AY.46.2 OR AY.46.3 OR AY.46.4 OR AY.46.5 OR AY.46.6 OR AY.46.6.1 OR AY.47 OR AY.48 OR AY.49 OR AY.50 OR AY.51 OR AY.52 OR AY.53 OR AY.54 OR AY.55 OR AY.56 OR AY.57 OR AY.58 OR AY.59 OR AY.60 OR AY.61 OR AY.62 OR AY.63 OR AY.64 OR AY.65 OR AY.66 OR AY.67 OR AY.68 OR AY.69 OR AY.70 OR AY.71 OR AY.72 OR AY.73 OR AY.74 OR AY.75 OR AY.75.2 OR AY.75.3 OR AY.76 OR AY.77 OR AY.78 OR AY.79 OR AY.80 OR AY.81 OR AY.82 OR AY.83 OR AY.84 OR AY.85 OR AY.86 OR AY.87 OR AY.88 OR AY.90 OR AY.91 OR AY.91.1 OR AY.92 OR AY.93 OR AY.94 OR AY.95 OR AY.98 OR AY.98.1 OR AY.98.1.1 OR AY.99 OR AY.99.1 OR AY.99.2 OR AY.100 OR AY.101 OR AY.102 OR AY.102.1 OR AY.102.2 OR AY.103 OR AY.103.1 OR AY.103.2 OR AY.104 OR AY.105 OR AY.106 OR AY.107 OR AY.108 OR AY.109 OR AY.110 OR AY.111 OR AY.112 OR AY.112.1 OR AY.112.2 OR AY.112.3 OR AY.113 OR AY.114 OR AY.116 OR AY.116.1 OR AY.117 OR AY.118 OR AY.119 OR AY.119.1 OR AY.119.2 OR AY.120 OR AY.120.1 OR AY.120.2 OR AY.120.2.1 OR AY.121 OR AY.121.1 OR AY.122 OR AY.122.1 OR AY.122.2 OR AY.122.3 OR AY.122.4 OR AY.122.5 OR AY.122.6 OR AY.123 OR AY.123.1 OR AY.124 OR AY.124.1 OR AY.124.1.1 OR AY.125 OR AY.125.1 OR AY.126 OR AY.127 OR AY.127.1 OR AY.127.2 OR AY.127.3 OR AY.128 OR AY.129 OR AY.130 OR AY.131 OR AY.132 OR AY.133 OR AY.134 OR B.1.617.2,Delta,6.21428571428571,0.857142857142857,0.137931034482759
2021-07-15,7,1,5.14285714285714,0.428571428571429,0.0833333333333333,9.34206000395449e-05,0.379377142299039,AY.1 OR AY.2 OR AY.3 OR AY.3.1 OR AY.3.2 OR AY.3.3 OR AY.3.4 OR AY.4 OR AY.4.1 OR AY.4.2 OR AY.4.2.1 OR AY.4.2.2 OR AY.4.2.3 OR AY.4.2.4 OR AY.4.2.5 OR AY.4.3 OR AY.4.4 OR AY.4.5 OR AY.4.6 OR AY.4.7 OR AY.4.8 OR AY.4.9 OR AY.4.10 OR AY.4.11 OR AY.4.12 OR AY.4.13 OR AY.4.14 OR AY.4.15 OR AY.4.16 OR AY.4.17 OR AY.5 OR AY.5.1 OR AY.5.2 OR AY.5.3 OR AY.5.4 OR AY.5.5 OR AY.5.6 OR AY.5.7 OR AY.6 OR AY.7 OR AY.7.1 OR AY.7.2 OR AY.8 OR AY.9 OR AY.9.2 OR AY.9.2.1 OR AY.9.2.2 OR AY.10 OR AY.11 OR AY.13 OR AY.14 OR AY.15 OR AY.16 OR AY.16.1 OR AY.17 OR AY.18 OR AY.19 OR AY.20 OR AY.20.1 OR AY.21 OR AY.22 OR AY.23 OR AY.23.1 OR AY.23.2 OR AY.24 OR AY.24.1 OR AY.25 OR AY.25.1 OR AY.25.1.1 OR AY.25.1.2 OR AY.25.2 OR AY.25.3 OR AY.26 OR AY.26.1 OR AY.27 OR AY.28 OR AY.29 OR AY.29.1 OR AY.29.2 OR AY.30 OR AY.31 OR AY.32 OR AY.33 OR AY.33.1 OR AY.33.2 OR AY.34 OR AY.34.1 OR AY.34.1.1 OR AY.34.2 OR AY.35 OR AY.36 OR AY.36.1 OR AY.37 OR AY.38 OR AY.39 OR AY.39.1 OR AY.39.1.1 OR AY.39.1.2 OR AY.39.1.3 OR AY.39.1.4 OR AY.39.2 OR AY.39.3 OR AY.40 OR AY.41 OR AY.42 OR AY.42.1 OR AY.43 OR AY.43.1 OR AY.43.2 OR AY.43.3 OR AY.43.4 OR AY.43.5 OR AY.43.6 OR AY.43.7 OR AY.43.8 OR AY.43.9 OR AY.44 OR AY.45 OR AY.46 OR AY.46.1 OR AY.46.2 OR AY.46.3 OR AY.46.4 OR AY.46.5 OR AY.46.6 OR AY.46.6.1 OR AY.47 OR AY.48 OR AY.49 OR AY.50 OR AY.51 OR AY.52 OR AY.53 OR AY.54 OR AY.55 OR AY.56 OR AY.57 OR AY.58 OR AY.59 OR AY.60 OR AY.61 OR AY.62 OR AY.63 OR AY.64 OR AY.65 OR AY.66 OR AY.67 OR AY.68 OR AY.69 OR AY.70 OR AY.71 OR AY.72 OR AY.73 OR AY.74 OR AY.75 OR AY.75.2 OR AY.75.3 OR AY.76 OR AY.77 OR AY.78 OR AY.79 OR AY.80 OR AY.81 OR AY.82 OR AY.83 OR AY.84 OR AY.85 OR AY.86 OR AY.87 OR AY.88 OR AY.90 OR AY.91 OR AY.91.1 OR AY.92 OR AY.93 OR AY.94 OR AY.95 OR AY.98 OR AY.98.1 OR AY.98.1.1 OR AY.99 OR AY.99.1 OR AY.99.2 OR AY.100 OR AY.101 OR AY.102 OR AY.102.1 OR AY.102.2 OR AY.103 OR AY.103.1 OR AY.103.2 OR AY.104 OR AY.105 OR AY.106 OR AY.107 OR AY.108 OR AY.109 OR AY.110 OR AY.111 OR AY.112 OR AY.112.1 OR AY.112.2 OR AY.112.3 OR AY.113 OR AY.114 OR AY.116 OR AY.116.1 OR AY.117 OR AY.118 OR AY.119 OR AY.119.1 OR AY.119.2 OR AY.120 OR AY.120.1 OR AY.120.2 OR AY.120.2.1 OR AY.121 OR AY.121.1 OR AY.122 OR AY.122.1 OR AY.122.2 OR AY.122.3 OR AY.122.4 OR AY.122.5 OR AY.122.6 OR AY.123 OR AY.123.1 OR AY.124 OR AY.124.1 OR AY.124.1.1 OR AY.125 OR AY.125.1 OR AY.126 OR AY.127 OR AY.127.1 OR AY.127.2 OR AY.127.3 OR AY.128 OR AY.129 OR AY.130 OR AY.131 OR AY.132 OR AY.133 OR AY.134 OR B.1.617.2,Delta,6.5,0.928571428571429,0.142857142857143
2021-07-16,1,0,4.57142857142857,0.428571428571429,0.09375,9.34206000395449e-05,0.379377142299039,AY.1 OR AY.2 OR AY.3 OR AY.3.1 OR AY.3.2 OR AY.3.3 OR AY.3.4 OR AY.4 OR AY.4.1 OR AY.4.2 OR AY.4.2.1 OR AY.4.2.2 OR AY.4.2.3 OR AY.4.2.4 OR AY.4.2.5 OR AY.4.3 OR AY.4.4 OR AY.4.5 OR AY.4.6 OR AY.4.7 OR AY.4.8 OR AY.4.9 OR AY.4.10 OR AY.4.11 OR AY.4.12 OR AY.4.13 OR AY.4.14 OR AY.4.15 OR AY.4.16 OR AY.4.17 OR AY.5 OR AY.5.1 OR AY.5.2 OR AY.5.3 OR AY.5.4 OR AY.5.5 OR AY.5.6 OR AY.5.7 OR AY.6 OR AY.7 OR AY.7.1 OR AY.7.2 OR AY.8 OR AY.9 OR AY.9.2 OR AY.9.2.1 OR AY.9.2.2 OR AY.10 OR AY.11 OR AY.13 OR AY.14 OR AY.15 OR AY.16 OR AY.16.1 OR AY.17 OR AY.18 OR AY.19 OR AY.20 OR AY.20.1 OR AY.21 OR AY.22 OR AY.23 OR AY.23.1 OR AY.23.2 OR AY.24 OR AY.24.1 OR AY.25 OR AY.25.1 OR AY.25.1.1 OR AY.25.1.2 OR AY.25.2 OR AY.25.3 OR AY.26 OR AY.26.1 OR AY.27 OR AY.28 OR AY.29 OR AY.29.1 OR AY.29.2 OR AY.30 OR AY.31 OR AY.32 OR AY.33 OR AY.33.1 OR AY.33.2 OR AY.34 OR AY.34.1 OR AY.34.1.1 OR AY.34.2 OR AY.35 OR AY.36 OR AY.36.1 OR AY.37 OR AY.38 OR AY.39 OR AY.39.1 OR AY.39.1.1 OR AY.39.1.2 OR AY.39.1.3 OR AY.39.1.4 OR AY.39.2 OR AY.39.3 OR AY.40 OR AY.41 OR AY.42 OR AY.42.1 OR AY.43 OR AY.43.1 OR AY.43.2 OR AY.43.3 OR AY.43.4 OR AY.43.5 OR AY.43.6 OR AY.43.7 OR AY.43.8 OR AY.43.9 OR AY.44 OR AY.45 OR AY.46 OR AY.46.1 OR AY.46.2 OR AY.46.3 OR AY.46.4 OR AY.46.5 OR AY.46.6 OR AY.46.6.1 OR AY.47 OR AY.48 OR AY.49 OR AY.50 OR AY.51 OR AY.52 OR AY.53 OR AY.54 OR AY.55 OR AY.56 OR AY.57 OR AY.58 OR AY.59 OR AY.60 OR AY.61 OR AY.62 OR AY.63 OR AY.64 OR AY.65 OR AY.66 OR AY.67 OR AY.68 OR AY.69 OR AY.70 OR AY.71 OR AY.72 OR AY.73 OR AY.74 OR AY.75 OR AY.75.2 OR AY.75.3 OR AY.76 OR AY.77 OR AY.78 OR AY.79 OR AY.80 OR AY.81 OR AY.82 OR AY.83 OR AY.84 OR AY.85 OR AY.86 OR AY.87 OR AY.88 OR AY.90 OR AY.91 OR AY.91.1 OR AY.92 OR AY.93 OR AY.94 OR AY.95 OR AY.98 OR AY.98.1 OR AY.98.1.1 OR AY.99 OR AY.99.1 OR AY.99.2 OR AY.100 OR AY.101 OR AY.102 OR AY.102.1 OR AY.102.2 OR AY.103 OR AY.103.1 OR AY.103.2 OR AY.104 OR AY.105 OR AY.106 OR AY.107 OR AY.108 OR AY.109 OR AY.110 OR AY.111 OR AY.112 OR AY.112.1 OR AY.112.2 OR AY.112.3 OR AY.113 OR AY.114 OR AY.116 OR AY.116.1 OR AY.117 OR AY.118 OR AY.119 OR AY.119.1 OR AY.119.2 OR AY.120 OR AY.120.1 OR AY.120.2 OR AY.120.2.1 OR AY.121 OR AY.121.1 OR AY.122 OR AY.122.1 OR AY.122.2 OR AY.122.3 OR AY.122.4 OR AY.122.5 OR AY.122.6 OR AY.123 OR AY.123.1 OR AY.124 OR AY.124.1 OR AY.124.1.1 OR AY.125 OR AY.125.1 OR AY.126 OR AY.127 OR AY.127.1 OR AY.127.2 OR AY.127.3 OR AY.128 OR AY.129 OR AY.130 OR AY.131 OR AY.132 OR AY.133 OR AY.134 OR B.1.617.2,Delta,6.14285714285714,0.928571428571429,0.151162790697674
2021-07-17,8,0,5.28571428571429,0.428571428571429,0.0810810810810811,9.34206000395449e-05,0.379377142299039,AY.1 OR AY.2 OR AY.3 OR AY.3.1 OR AY.3.2 OR AY.3.3 OR AY.3.4 OR AY.4 OR AY.4.1 OR AY.4.2 OR AY.4.2.1 OR AY.4.2.2 OR AY.4.2.3 OR AY.4.2.4 OR AY.4.2.5 OR AY.4.3 OR AY.4.4 OR AY.4.5 OR AY.4.6 OR AY.4.7 OR AY.4.8 OR AY.4.9 OR AY.4.10 OR AY.4.11 OR AY.4.12 OR AY.4.13 OR AY.4.14 OR AY.4.15 OR AY.4.16 OR AY.4.17 OR AY.5 OR AY.5.1 OR AY.5.2 OR AY.5.3 OR AY.5.4 OR AY.5.5 OR AY.5.6 OR AY.5.7 OR AY.6 OR AY.7 OR AY.7.1 OR AY.7.2 OR AY.8 OR AY.9 OR AY.9.2 OR AY.9.2.1 OR AY.9.2.2 OR AY.10 OR AY.11 OR AY.13 OR AY.14 OR AY.15 OR AY.16 OR AY.16.1 OR AY.17 OR AY.18 OR AY.19 OR AY.20 OR AY.20.1 OR AY.21 OR AY.22 OR AY.23 OR AY.23.1 OR AY.23.2 OR AY.24 OR AY.24.1 OR AY.25 OR AY.25.1 OR AY.25.1.1 OR AY.25.1.2 OR AY.25.2 OR AY.25.3 OR AY.26 OR AY.26.1 OR AY.27 OR AY.28 OR AY.29 OR AY.29.1 OR AY.29.2 OR AY.30 OR AY.31 OR AY.32 OR AY.33 OR AY.33.1 OR AY.33.2 OR AY.34 OR AY.34.1 OR AY.34.1.1 OR AY.34.2 OR AY.35 OR AY.36 OR AY.36.1 OR AY.37 OR AY.38 OR AY.39 OR AY.39.1 OR AY.39.1.1 OR AY.39.1.2 OR AY.39.1.3 OR AY.39.1.4 OR AY.39.2 OR AY.39.3 OR AY.40 OR AY.41 OR AY.42 OR AY.42.1 OR AY.43 OR AY.43.1 OR AY.43.2 OR AY.43.3 OR AY.43.4 OR AY.43.5 OR AY.43.6 OR AY.43.7 OR AY.43.8 OR AY.43.9 OR AY.44 OR AY.45 OR AY.46 OR AY.46.1 OR AY.46.2 OR AY.46.3 OR AY.46.4 OR AY.46.5 OR AY.46.6 OR AY.46.6.1 OR AY.47 OR AY.48 OR AY.49 OR AY.50 OR AY.51 OR AY.52 OR AY.53 OR AY.54 OR AY.55 OR AY.56 OR AY.57 OR AY.58 OR AY.59 OR AY.60 OR AY.61 OR AY.62 OR AY.63 OR AY.64 OR AY.65 OR AY.66 OR AY.67 OR AY.68 OR AY.69 OR AY.70 OR AY.71 OR AY.72 OR AY.73 OR AY.74 OR AY.75 OR AY.75.2 OR AY.75.3 OR AY.76 OR AY.77 OR AY.78 OR AY.79 OR AY.80 OR AY.81 OR AY.82 OR AY.83 OR AY.84 OR AY.85 OR AY.86 OR AY.87 OR AY.88 OR AY.90 OR AY.91 OR AY.91.1 OR AY.92 OR AY.93 OR AY.94 OR AY.95 OR AY.98 OR AY.98.1 OR AY.98.1.1 OR AY.99 OR AY.99.1 OR AY.99.2 OR AY.100 OR AY.101 OR AY.102 OR AY.102.1 OR AY.102.2 OR AY.103 OR AY.103.1 OR AY.103.2 OR AY.104 OR AY.105 OR AY.106 OR AY.107 OR AY.108 OR AY.109 OR AY.110 OR AY.111 OR AY.112 OR AY.112.1 OR AY.112.2 OR AY.112.3 OR AY.113 OR AY.114 OR AY.116 OR AY.116.1 OR AY.117 OR AY.118 OR AY.119 OR AY.119.1 OR AY.119.2 OR AY.120 OR AY.120.1 OR AY.120.2 OR AY.120.2.1 OR AY.121 OR AY.121.1 OR AY.122 OR AY.122.1 OR AY.122.2 OR AY.122.3 OR AY.122.4 OR AY.122.5 OR AY.122.6 OR AY.123 OR AY.123.1 OR AY.124 OR AY.124.1 OR AY.124.1.1 OR AY.125 OR AY.125.1 OR AY.126 OR AY.127 OR AY.127.1 OR AY.127.2 OR AY.127.3 OR AY.128 OR AY.129 OR AY.130 OR AY.131 OR AY.132 OR AY.133 OR AY.134 OR B.1.617.2,Delta,6.42857142857143,0.928571428571429,0.144444444444444
2021-07-18,1,0,5.28571428571429,0.428571428571429,0.0810810810810811,9.34206000395449e-05,0.379377142299039,AY.1 OR AY.2 OR AY.3 OR AY.3.1 OR AY.3.2 OR AY.3.3 OR AY.3.4 OR AY.4 OR AY.4.1 OR AY.4.2 OR AY.4.2.1 OR AY.4.2.2 OR AY.4.2.3 OR AY.4.2.4 OR AY.4.2.5 OR AY.4.3 OR AY.4.4 OR AY.4.5 OR AY.4.6 OR AY.4.7 OR AY.4.8 OR AY.4.9 OR AY.4.10 OR AY.4.11 OR AY.4.12 OR AY.4.13 OR AY.4.14 OR AY.4.15 OR AY.4.16 OR AY.4.17 OR AY.5 OR AY.5.1 OR AY.5.2 OR AY.5.3 OR AY.5.4 OR AY.5.5 OR AY.5.6 OR AY.5.7 OR AY.6 OR AY.7 OR AY.7.1 OR AY.7.2 OR AY.8 OR AY.9 OR AY.9.2 OR AY.9.2.1 OR AY.9.2.2 OR AY.10 OR AY.11 OR AY.13 OR AY.14 OR AY.15 OR AY.16 OR AY.16.1 OR AY.17 OR AY.18 OR AY.19 OR AY.20 OR AY.20.1 OR AY.21 OR AY.22 OR AY.23 OR AY.23.1 OR AY.23.2 OR AY.24 OR AY.24.1 OR AY.25 OR AY.25.1 OR AY.25.1.1 OR AY.25.1.2 OR AY.25.2 OR AY.25.3 OR AY.26 OR AY.26.1 OR AY.27 OR AY.28 OR AY.29 OR AY.29.1 OR AY.29.2 OR AY.30 OR AY.31 OR AY.32 OR AY.33 OR AY.33.1 OR AY.33.2 OR AY.34 OR AY.34.1 OR AY.34.1.1 OR AY.34.2 OR AY.35 OR AY.36 OR AY.36.1 OR AY.37 OR AY.38 OR AY.39 OR AY.39.1 OR AY.39.1.1 OR AY.39.1.2 OR AY.39.1.3 OR AY.39.1.4 OR AY.39.2 OR AY.39.3 OR AY.40 OR AY.41 OR AY.42 OR AY.42.1 OR AY.43 OR AY.43.1 OR AY.43.2 OR AY.43.3 OR AY.43.4 OR AY.43.5 OR AY.43.6 OR AY.43.7 OR AY.43.8 OR AY.43.9 OR AY.44 OR AY.45 OR AY.46 OR AY.46.1 OR AY.46.2 OR AY.46.3 OR AY.46.4 OR AY.46.5 OR AY.46.6 OR AY.46.6.1 OR AY.47 OR AY.48 OR AY.49 OR AY.50 OR AY.51 OR AY.52 OR AY.53 OR AY.54 OR AY.55 OR AY.56 OR AY.57 OR AY.58 OR AY.59 OR AY.60 OR AY.61 OR AY.62 OR AY.63 OR AY.64 OR AY.65 OR AY.66 OR AY.67 OR AY.68 OR AY.69 OR AY.70 OR AY.71 OR AY.72 OR AY.73 OR AY.74 OR AY.75 OR AY.75.2 OR AY.75.3 OR AY.76 OR AY.77 OR AY.78 OR AY.79 OR AY.80 OR AY.81 OR AY.82 OR AY.83 OR AY.84 OR AY.85 OR AY.86 OR AY.87 OR AY.88 OR AY.90 OR AY.91 OR AY.91.1 OR AY.92 OR AY.93 OR AY.94 OR AY.95 OR AY.98 OR AY.98.1 OR AY.98.1.1 OR AY.99 OR AY.99.1 OR AY.99.2 OR AY.100 OR AY.101 OR AY.102 OR AY.102.1 OR AY.102.2 OR AY.103 OR AY.103.1 OR AY.103.2 OR AY.104 OR AY.105 OR AY.106 OR AY.107 OR AY.108 OR AY.109 OR AY.110 OR AY.111 OR AY.112 OR AY.112.1 OR AY.112.2 OR AY.112.3 OR AY.113 OR AY.114 OR AY.116 OR AY.116.1 OR AY.117 OR AY.118 OR AY.119 OR AY.119.1 OR AY.119.2 OR AY.120 OR AY.120.1 OR AY.120.2 OR AY.120.2.1 OR AY.121 OR AY.121.1 OR AY.122 OR AY.122.1 OR AY.122.2 OR AY.122.3 OR AY.122.4 OR AY.122.5 OR AY.122.6 OR AY.123 OR AY.123.1 OR AY.124 OR AY.124.1 OR AY.124.1.1 OR AY.125 OR AY.125.1 OR AY.126 OR AY.127 OR AY.127.1 OR AY.127.2 OR AY.127.3 OR AY.128 OR AY.129 OR AY.130 OR AY.131 OR AY.132 OR AY.133 OR AY.134 OR B.1.617.2,Delta,6.35714285714286,0.928571428571429,0.146067415730337
2021-07-19,3,0,4.42857142857143,0.142857142857143,0.032258064516129,0.000115332788238275,0.44476261765764,AY.1 OR AY.2 OR AY.3 OR AY.3.1 OR AY.3.2 OR AY.3.3 OR AY.3.4 OR AY.4 OR AY.4.1 OR AY.4.2 OR AY.4.2.1 OR AY.4.2.2 OR AY.4.2.3 OR AY.4.2.4 OR AY.4.2.5 OR AY.4.3 OR AY.4.4 OR AY.4.5 OR AY.4.6 OR AY.4.7 OR AY.4.8 OR AY.4.9 OR AY.4.10 OR AY.4.11 OR AY.4.12 OR AY.4.13 OR AY.4.14 OR AY.4.15 OR AY.4.16 OR AY.4.17 OR AY.5 OR AY.5.1 OR AY.5.2 OR AY.5.3 OR AY.5.4 OR AY.5.5 OR AY.5.6 OR AY.5.7 OR AY.6 OR AY.7 OR AY.7.1 OR AY.7.2 OR AY.8 OR AY.9 OR AY.9.2 OR AY.9.2.1 OR AY.9.2.2 OR AY.10 OR AY.11 OR AY.13 OR AY.14 OR AY.15 OR AY.16 OR AY.16.1 OR AY.17 OR AY.18 OR AY.19 OR AY.20 OR AY.20.1 OR AY.21 OR AY.22 OR AY.23 OR AY.23.1 OR AY.23.2 OR AY.24 OR AY.24.1 OR AY.25 OR AY.25.1 OR AY.25.1.1 OR AY.25.1.2 OR AY.25.2 OR AY.25.3 OR AY.26 OR AY.26.1 OR AY.27 OR AY.28 OR AY.29 OR AY.29.1 OR AY.29.2 OR AY.30 OR AY.31 OR AY.32 OR AY.33 OR AY.33.1 OR AY.33.2 OR AY.34 OR AY.34.1 OR AY.34.1.1 OR AY.34.2 OR AY.35 OR AY.36 OR AY.36.1 OR AY.37 OR AY.38 OR AY.39 OR AY.39.1 OR AY.39.1.1 OR AY.39.1.2 OR AY.39.1.3 OR AY.39.1.4 OR AY.39.2 OR AY.39.3 OR AY.40 OR AY.41 OR AY.42 OR AY.42.1 OR AY.43 OR AY.43.1 OR AY.43.2 OR AY.43.3 OR AY.43.4 OR AY.43.5 OR AY.43.6 OR AY.43.7 OR AY.43.8 OR AY.43.9 OR AY.44 OR AY.45 OR AY.46 OR AY.46.1 OR AY.46.2 OR AY.46.3 OR AY.46.4 OR AY.46.5 OR AY.46.6 OR AY.46.6.1 OR AY.47 OR AY.48 OR AY.49 OR AY.50 OR AY.51 OR AY.52 OR AY.53 OR AY.54 OR AY.55 OR AY.56 OR AY.57 OR AY.58 OR AY.59 OR AY.60 OR AY.61 OR AY.62 OR AY.63 OR AY.64 OR AY.65 OR AY.66 OR AY.67 OR AY.68 OR AY.69 OR AY.70 OR AY.71 OR AY.72 OR AY.73 OR AY.74 OR AY.75 OR AY.75.2 OR AY.75.3 OR AY.76 OR AY.77 OR AY.78 OR AY.79 OR AY.80 OR AY.81 OR AY.82 OR AY.83 OR AY.84 OR AY.85 OR AY.86 OR AY.87 OR AY.88 OR AY.90 OR AY.91 OR AY.91.1 OR AY.92 OR AY.93 OR AY.94 OR AY.95 OR AY.98 OR AY.98.1 OR AY.98.1.1 OR AY.99 OR AY.99.1 OR AY.99.2 OR AY.100 OR AY.101 OR AY.102 OR AY.102.1 OR AY.102.2 OR AY.103 OR AY.103.1 OR AY.103.2 OR AY.104 OR AY.105 OR AY.106 OR AY.107 OR AY.108 OR AY.109 OR AY.110 OR AY.111 OR AY.112 OR AY.112.1 OR AY.112.2 OR AY.112.3 OR AY.113 OR AY.114 OR AY.116 OR AY.116.1 OR AY.117 OR AY.118 OR AY.119 OR AY.119.1 OR AY.119.2 OR AY.120 OR AY.120.1 OR AY.120.2 OR AY.120.2.1 OR AY.121 OR AY.121.1 OR AY.122 OR AY.122.1 OR AY.122.2 OR AY.122.3 OR AY.122.4 OR AY.122.5 OR AY.122.6 OR AY.123 OR AY.123.1 OR AY.124 OR AY.124.1 OR AY.124.1.1 OR AY.125 OR AY.125.1 OR AY.126 OR AY.127 OR AY.127.1 OR AY.127.2 OR AY.127.3 OR AY.128 OR AY.129 OR AY.130 OR AY.131 OR AY.132 OR AY.133 OR AY.134 OR B.1.617.2,Delta,6.07142857142857,0.714285714285714,0.117647058823529
2021-07-20,6,0,4,0.142857142857143,0.0357142857142857,0.000115332788238275,0.44476261765764,AY.1 OR AY.2 OR AY.3 OR AY.3.1 OR AY.3.2 OR AY.3.3 OR AY.3.4 OR AY.4 OR AY.4.1 OR AY.4.2 OR AY.4.2.1 OR AY.4.2.2 OR AY.4.2.3 OR AY.4.2.4 OR AY.4.2.5 OR AY.4.3 OR AY.4.4 OR AY.4.5 OR AY.4.6 OR AY.4.7 OR AY.4.8 OR AY.4.9 OR AY.4.10 OR AY.4.11 OR AY.4.12 OR AY.4.13 OR AY.4.14 OR AY.4.15 OR AY.4.16 OR AY.4.17 OR AY.5 OR AY.5.1 OR AY.5.2 OR AY.5.3 OR AY.5.4 OR AY.5.5 OR AY.5.6 OR AY.5.7 OR AY.6 OR AY.7 OR AY.7.1 OR AY.7.2 OR AY.8 OR AY.9 OR AY.9.2 OR AY.9.2.1 OR AY.9.2.2 OR AY.10 OR AY.11 OR AY.13 OR AY.14 OR AY.15 OR AY.16 OR AY.16.1 OR AY.17 OR AY.18 OR AY.19 OR AY.20 OR AY.20.1 OR AY.21 OR AY.22 OR AY.23 OR AY.23.1 OR AY.23.2 OR AY.24 OR AY.24.1 OR AY.25 OR AY.25.1 OR AY.25.1.1 OR AY.25.1.2 OR AY.25.2 OR AY.25.3 OR AY.26 OR AY.26.1 OR AY.27 OR AY.28 OR AY.29 OR AY.29.1 OR AY.29.2 OR AY.30 OR AY.31 OR AY.32 OR AY.33 OR AY.33.1 OR AY.33.2 OR AY.34 OR AY.34.1 OR AY.34.1.1 OR AY.34.2 OR AY.35 OR AY.36 OR AY.36.1 OR AY.37 OR AY.38 OR AY.39 OR AY.39.1 OR AY.39.1.1 OR AY.39.1.2 OR AY.39.1.3 OR AY.39.1.4 OR AY.39.2 OR AY.39.3 OR AY.40 OR AY.41 OR AY.42 OR AY.42.1 OR AY.43 OR AY.43.1 OR AY.43.2 OR AY.43.3 OR AY.43.4 OR AY.43.5 OR AY.43.6 OR AY.43.7 OR AY.43.8 OR AY.43.9 OR AY.44 OR AY.45 OR AY.46 OR AY.46.1 OR AY.46.2 OR AY.46.3 OR AY.46.4 OR AY.46.5 OR AY.46.6 OR AY.46.6.1 OR AY.47 OR AY.48 OR AY.49 OR AY.50 OR AY.51 OR AY.52 OR AY.53 OR AY.54 OR AY.55 OR AY.56 OR AY.57 OR AY.58 OR AY.59 OR AY.60 OR AY.61 OR AY.62 OR AY.63 OR AY.64 OR AY.65 OR AY.66 OR AY.67 OR AY.68 OR AY.69 OR AY.70 OR AY.71 OR AY.72 OR AY.73 OR AY.74 OR AY.75 OR AY.75.2 OR AY.75.3 OR AY.76 OR AY.77 OR AY.78 OR AY.79 OR AY.80 OR AY.81 OR AY.82 OR AY.83 OR AY.84 OR AY.85 OR AY.86 OR AY.87 OR AY.88 OR AY.90 OR AY.91 OR AY.91.1 OR AY.92 OR AY.93 OR AY.94 OR AY.95 OR AY.98 OR AY.98.1 OR AY.98.1.1 OR AY.99 OR AY.99.1 OR AY.99.2 OR AY.100 OR AY.101 OR AY.102 OR AY.102.1 OR AY.102.2 OR AY.103 OR AY.103.1 OR AY.103.2 OR AY.104 OR AY.105 OR AY.106 OR AY.107 OR AY.108 OR AY.109 OR AY.110 OR AY.111 OR AY.112 OR AY.112.1 OR AY.112.2 OR AY.112.3 OR AY.113 OR AY.114 OR AY.116 OR AY.116.1 OR AY.117 OR AY.118 OR AY.119 OR AY.119.1 OR AY.119.2 OR AY.120 OR AY.120.1 OR AY.120.2 OR AY.120.2.1 OR AY.121 OR AY.121.1 OR AY.122 OR AY.122.1 OR AY.122.2 OR AY.122.3 OR AY.122.4 OR AY.122.5 OR AY.122.6 OR AY.123 OR AY.123.1 OR AY.124 OR AY.124.1 OR AY.124.1.1 OR AY.125 OR AY.125.1 OR AY.126 OR AY.127 OR AY.127.1 OR AY.127.2 OR AY.127.3 OR AY.128 OR AY.129 OR AY.130 OR AY.131 OR AY.132 OR AY.133 OR AY.134 OR B.1.617.2,Delta,5.71428571428571,0.571428571428571,0.1
2021-07-21,3,0,4.14285714285714,0.142857142857143,0.0344827586206897,0.000115332788238275,0.44476261765764,AY.1 OR AY.2 OR AY.3 OR AY.3.1 OR AY.3.2 OR AY.3.3 OR AY.3.4 OR AY.4 OR AY.4.1 OR AY.4.2 OR AY.4.2.1 OR AY.4.2.2 OR AY.4.2.3 OR AY.4.2.4 OR AY.4.2.5 OR AY.4.3 OR AY.4.4 OR AY.4.5 OR AY.4.6 OR AY.4.7 OR AY.4.8 OR AY.4.9 OR AY.4.10 OR AY.4.11 OR AY.4.12 OR AY.4.13 OR AY.4.14 OR AY.4.15 OR AY.4.16 OR AY.4.17 OR AY.5 OR AY.5.1 OR AY.5.2 OR AY.5.3 OR AY.5.4 OR AY.5.5 OR AY.5.6 OR AY.5.7 OR AY.6 OR AY.7 OR AY.7.1 OR AY.7.2 OR AY.8 OR AY.9 OR AY.9.2 OR AY.9.2.1 OR AY.9.2.2 OR AY.10 OR AY.11 OR AY.13 OR AY.14 OR AY.15 OR AY.16 OR AY.16.1 OR AY.17 OR AY.18 OR AY.19 OR AY.20 OR AY.20.1 OR AY.21 OR AY.22 OR AY.23 OR AY.23.1 OR AY.23.2 OR AY.24 OR AY.24.1 OR AY.25 OR AY.25.1 OR AY.25.1.1 OR AY.25.1.2 OR AY.25.2 OR AY.25.3 OR AY.26 OR AY.26.1 OR AY.27 OR AY.28 OR AY.29 OR AY.29.1 OR AY.29.2 OR AY.30 OR AY.31 OR AY.32 OR AY.33 OR AY.33.1 OR AY.33.2 OR AY.34 OR AY.34.1 OR AY.34.1.1 OR AY.34.2 OR AY.35 OR AY.36 OR AY.36.1 OR AY.37 OR AY.38 OR AY.39 OR AY.39.1 OR AY.39.1.1 OR AY.39.1.2 OR AY.39.1.3 OR AY.39.1.4 OR AY.39.2 OR AY.39.3 OR AY.40 OR AY.41 OR AY.42 OR AY.42.1 OR AY.43 OR AY.43.1 OR AY.43.2 OR AY.43.3 OR AY.43.4 OR AY.43.5 OR AY.43.6 OR AY.43.7 OR AY.43.8 OR AY.43.9 OR AY.44 OR AY.45 OR AY.46 OR AY.46.1 OR AY.46.2 OR AY.46.3 OR AY.46.4 OR AY.46.5 OR AY.46.6 OR AY.46.6.1 OR AY.47 OR AY.48 OR AY.49 OR AY.50 OR AY.51 OR AY.52 OR AY.53 OR AY.54 OR AY.55 OR AY.56 OR AY.57 OR AY.58 OR AY.59 OR AY.60 OR AY.61 OR AY.62 OR AY.63 OR AY.64 OR AY.65 OR AY.66 OR AY.67 OR AY.68 OR AY.69 OR AY.70 OR AY.71 OR AY.72 OR AY.73 OR AY.74 OR AY.75 OR AY.75.2 OR AY.75.3 OR AY.76 OR AY.77 OR AY.78 OR AY.79 OR AY.80 OR AY.81 OR AY.82 OR AY.83 OR AY.84 OR AY.85 OR AY.86 OR AY.87 OR AY.88 OR AY.90 OR AY.91 OR AY.91.1 OR AY.92 OR AY.93 OR AY.94 OR AY.95 OR AY.98 OR AY.98.1 OR AY.98.1.1 OR AY.99 OR AY.99.1 OR AY.99.2 OR AY.100 OR AY.101 OR AY.102 OR AY.102.1 OR AY.102.2 OR AY.103 OR AY.103.1 OR AY.103.2 OR AY.104 OR AY.105 OR AY.106 OR AY.107 OR AY.108 OR AY.109 OR AY.110 OR AY.111 OR AY.112 OR AY.112.1 OR AY.112.2 OR AY.112.3 OR AY.113 OR AY.114 OR AY.116 OR AY.116.1 OR AY.117 OR AY.118 OR AY.119 OR AY.119.1 OR AY.119.2 OR AY.120 OR AY.120.1 OR AY.120.2 OR AY.120.2.1 OR AY.121 OR AY.121.1 OR AY.122 OR AY.122.1 OR AY.122.2 OR AY.122.3 OR AY.122.4 OR AY.122.5 OR AY.122.6 OR AY.123 OR AY.123.1 OR AY.124 OR AY.124.1 OR AY.124.1.1 OR AY.125 OR AY.125.1 OR AY.126 OR AY.127 OR AY.127.1 OR AY.127.2 OR AY.127.3 OR AY.128 OR AY.129 OR AY.130 OR AY.131 OR AY.132 OR AY.133 OR AY.134 OR B.1.617.2,Delta,4.78571428571429,0.357142857142857,0.0746268656716418
2021-07-22,1,1,3.28571428571429,0.142857142857143,0.0434782608695652,0.000150636025436569,0.53558324304295,AY.1 OR AY.2 OR AY.3 OR AY.3.1 OR AY.3.2 OR AY.3.3 OR AY.3.4 OR AY.4 OR AY.4.1 OR AY.4.2 OR AY.4.2.1 OR AY.4.2.2 OR AY.4.2.3 OR AY.4.2.4 OR AY.4.2.5 OR AY.4.3 OR AY.4.4 OR AY.4.5 OR AY.4.6 OR AY.4.7 OR AY.4.8 OR AY.4.9 OR AY.4.10 OR AY.4.11 OR AY.4.12 OR AY.4.13 OR AY.4.14 OR AY.4.15 OR AY.4.16 OR AY.4.17 OR AY.5 OR AY.5.1 OR AY.5.2 OR AY.5.3 OR AY.5.4 OR AY.5.5 OR AY.5.6 OR AY.5.7 OR AY.6 OR AY.7 OR AY.7.1 OR AY.7.2 OR AY.8 OR AY.9 OR AY.9.2 OR AY.9.2.1 OR AY.9.2.2 OR AY.10 OR AY.11 OR AY.13 OR AY.14 OR AY.15 OR AY.16 OR AY.16.1 OR AY.17 OR AY.18 OR AY.19 OR AY.20 OR AY.20.1 OR AY.21 OR AY.22 OR AY.23 OR AY.23.1 OR AY.23.2 OR AY.24 OR AY.24.1 OR AY.25 OR AY.25.1 OR AY.25.1.1 OR AY.25.1.2 OR AY.25.2 OR AY.25.3 OR AY.26 OR AY.26.1 OR AY.27 OR AY.28 OR AY.29 OR AY.29.1 OR AY.29.2 OR AY.30 OR AY.31 OR AY.32 OR AY.33 OR AY.33.1 OR AY.33.2 OR AY.34 OR AY.34.1 OR AY.34.1.1 OR AY.34.2 OR AY.35 OR AY.36 OR AY.36.1 OR AY.37 OR AY.38 OR AY.39 OR AY.39.1 OR AY.39.1.1 OR AY.39.1.2 OR AY.39.1.3 OR AY.39.1.4 OR AY.39.2 OR AY.39.3 OR AY.40 OR AY.41 OR AY.42 OR AY.42.1 OR AY.43 OR AY.43.1 OR AY.43.2 OR AY.43.3 OR AY.43.4 OR AY.43.5 OR AY.43.6 OR AY.43.7 OR AY.43.8 OR AY.43.9 OR AY.44 OR AY.45 OR AY.46 OR AY.46.1 OR AY.46.2 OR AY.46.3 OR AY.46.4 OR AY.46.5 OR AY.46.6 OR AY.46.6.1 OR AY.47 OR AY.48 OR AY.49 OR AY.50 OR AY.51 OR AY.52 OR AY.53 OR AY.54 OR AY.55 OR AY.56 OR AY.57 OR AY.58 OR AY.59 OR AY.60 OR AY.61 OR AY.62 OR AY.63 OR AY.64 OR AY.65 OR AY.66 OR AY.67 OR AY.68 OR AY.69 OR AY.70 OR AY.71 OR AY.72 OR AY.73 OR AY.74 OR AY.75 OR AY.75.2 OR AY.75.3 OR AY.76 OR AY.77 OR AY.78 OR AY.79 OR AY.80 OR AY.81 OR AY.82 OR AY.83 OR AY.84 OR AY.85 OR AY.86 OR AY.87 OR AY.88 OR AY.90 OR AY.91 OR AY.91.1 OR AY.92 OR AY.93 OR AY.94 OR AY.95 OR AY.98 OR AY.98.1 OR AY.98.1.1 OR AY.99 OR AY.99.1 OR AY.99.2 OR AY.100 OR AY.101 OR AY.102 OR AY.102.1 OR AY.102.2 OR AY.103 OR AY.103.1 OR AY.103.2 OR AY.104 OR AY.105 OR AY.106 OR AY.107 OR AY.108 OR AY.109 OR AY.110 OR AY.111 OR AY.112 OR AY.112.1 OR AY.112.2 OR AY.112.3 OR AY.113 OR AY.114 OR AY.116 OR AY.116.1 OR AY.117 OR AY.118 OR AY.119 OR AY.119.1 OR AY.119.2 OR AY.120 OR AY.120.1 OR AY.120.2 OR AY.120.2.1 OR AY.121 OR AY.121.1 OR AY.122 OR AY.122.1 OR AY.122.2 OR AY.122.3 OR AY.122.4 OR AY.122.5 OR AY.122.6 OR AY.123 OR AY.123.1 OR AY.124 OR AY.124.1 OR AY.124.1.1 OR AY.125 OR AY.125.1 OR AY.126 OR AY.127 OR AY.127.1 OR AY.127.2 OR AY.127.3 OR AY.128 OR AY.129 OR AY.130 OR AY.131 OR AY.132 OR AY.133 OR AY.134 OR B.1.617.2,Delta,4.21428571428571,0.285714285714286,0.0677966101694915
2021-07-23,2,0,3.42857142857143,0.142857142857143,0.0416666666666667,0.000150636025436569,0.53558324304295,AY.1 OR AY.2 OR AY.3 OR AY.3.1 OR AY.3.2 OR AY.3.3 OR AY.3.4 OR AY.4 OR AY.4.1 OR AY.4.2 OR AY.4.2.1 OR AY.4.2.2 OR AY.4.2.3 OR AY.4.2.4 OR AY.4.2.5 OR AY.4.3 OR AY.4.4 OR AY.4.5 OR AY.4.6 OR AY.4.7 OR AY.4.8 OR AY.4.9 OR AY.4.10 OR AY.4.11 OR AY.4.12 OR AY.4.13 OR AY.4.14 OR AY.4.15 OR AY.4.16 OR AY.4.17 OR AY.5 OR AY.5.1 OR AY.5.2 OR AY.5.3 OR AY.5.4 OR AY.5.5 OR AY.5.6 OR AY.5.7 OR AY.6 OR AY.7 OR AY.7.1 OR AY.7.2 OR AY.8 OR AY.9 OR AY.9.2 OR AY.9.2.1 OR AY.9.2.2 OR AY.10 OR AY.11 OR AY.13 OR AY.14 OR AY.15 OR AY.16 OR AY.16.1 OR AY.17 OR AY.18 OR AY.19 OR AY.20 OR AY.20.1 OR AY.21 OR AY.22 OR AY.23 OR AY.23.1 OR AY.23.2 OR AY.24 OR AY.24.1 OR AY.25 OR AY.25.1 OR AY.25.1.1 OR AY.25.1.2 OR AY.25.2 OR AY.25.3 OR AY.26 OR AY.26.1 OR AY.27 OR AY.28 OR AY.29 OR AY.29.1 OR AY.29.2 OR AY.30 OR AY.31 OR AY.32 OR AY.33 OR AY.33.1 OR AY.33.2 OR AY.34 OR AY.34.1 OR AY.34.1.1 OR AY.34.2 OR AY.35 OR AY.36 OR AY.36.1 OR AY.37 OR AY.38 OR AY.39 OR AY.39.1 OR AY.39.1.1 OR AY.39.1.2 OR AY.39.1.3 OR AY.39.1.4 OR AY.39.2 OR AY.39.3 OR AY.40 OR AY.41 OR AY.42 OR AY.42.1 OR AY.43 OR AY.43.1 OR AY.43.2 OR AY.43.3 OR AY.43.4 OR AY.43.5 OR AY.43.6 OR AY.43.7 OR AY.43.8 OR AY.43.9 OR AY.44 OR AY.45 OR AY.46 OR AY.46.1 OR AY.46.2 OR AY.46.3 OR AY.46.4 OR AY.46.5 OR AY.46.6 OR AY.46.6.1 OR AY.47 OR AY.48 OR AY.49 OR AY.50 OR AY.51 OR AY.52 OR AY.53 OR AY.54 OR AY.55 OR AY.56 OR AY.57 OR AY.58 OR AY.59 OR AY.60 OR AY.61 OR AY.62 OR AY.63 OR AY.64 OR AY.65 OR AY.66 OR AY.67 OR AY.68 OR AY.69 OR AY.70 OR AY.71 OR AY.72 OR AY.73 OR AY.74 OR AY.75 OR AY.75.2 OR AY.75.3 OR AY.76 OR AY.77 OR AY.78 OR AY.79 OR AY.80 OR AY.81 OR AY.82 OR AY.83 OR AY.84 OR AY.85 OR AY.86 OR AY.87 OR AY.88 OR AY.90 OR AY.91 OR AY.91.1 OR AY.92 OR AY.93 OR AY.94 OR AY.95 OR AY.98 OR AY.98.1 OR AY.98.1.1 OR AY.99 OR AY.99.1 OR AY.99.2 OR AY.100 OR AY.101 OR AY.102 OR AY.102.1 OR AY.102.2 OR AY.103 OR AY.103.1 OR AY.103.2 OR AY.104 OR AY.105 OR AY.106 OR AY.107 OR AY.108 OR AY.109 OR AY.110 OR AY.111 OR AY.112 OR AY.112.1 OR AY.112.2 OR AY.112.3 OR AY.113 OR AY.114 OR AY.116 OR AY.116.1 OR AY.117 OR AY.118 OR AY.119 OR AY.119.1 OR AY.119.2 OR AY.120 OR AY.120.1 OR AY.120.2 OR AY.120.2.1 OR AY.121 OR AY.121.1 OR AY.122 OR AY.122.1 OR AY.122.2 OR AY.122.3 OR AY.122.4 OR AY.122.5 OR AY.122.6 OR AY.123 OR AY.123.1 OR AY.124 OR AY.124.1 OR AY.124.1.1 OR AY.125 OR AY.125.1 OR AY.126 OR AY.127 OR AY.127.1 OR AY.127.2 OR AY.127.3 OR AY.128 OR AY.129 OR AY.130 OR AY.131 OR AY.132 OR AY.133 OR AY.134 OR B.1.617.2,Delta,4,0.285714285714286,0.0714285714285714
2021-07-24,3,0,2.71428571428571,0.142857142857143,0.0526315789473684,0.000150636025436569,0.53558324304295,AY.1 OR AY.2 OR AY.3 OR AY.3.1 OR AY.3.2 OR AY.3.3 OR AY.3.4 OR AY.4 OR AY.4.1 OR AY.4.2 OR AY.4.2.1 OR AY.4.2.2 OR AY.4.2.3 OR AY.4.2.4 OR AY.4.2.5 OR AY.4.3 OR AY.4.4 OR AY.4.5 OR AY.4.6 OR AY.4.7 OR AY.4.8 OR AY.4.9 OR AY.4.10 OR AY.4.11 OR AY.4.12 OR AY.4.13 OR AY.4.14 OR AY.4.15 OR AY.4.16 OR AY.4.17 OR AY.5 OR AY.5.1 OR AY.5.2 OR AY.5.3 OR AY.5.4 OR AY.5.5 OR AY.5.6 OR AY.5.7 OR AY.6 OR AY.7 OR AY.7.1 OR AY.7.2 OR AY.8 OR AY.9 OR AY.9.2 OR AY.9.2.1 OR AY.9.2.2 OR AY.10 OR AY.11 OR AY.13 OR AY.14 OR AY.15 OR AY.16 OR AY.16.1 OR AY.17 OR AY.18 OR AY.19 OR AY.20 OR AY.20.1 OR AY.21 OR AY.22 OR AY.23 OR AY.23.1 OR AY.23.2 OR AY.24 OR AY.24.1 OR AY.25 OR AY.25.1 OR AY.25.1.1 OR AY.25.1.2 OR AY.25.2 OR AY.25.3 OR AY.26 OR AY.26.1 OR AY.27 OR AY.28 OR AY.29 OR AY.29.1 OR AY.29.2 OR AY.30 OR AY.31 OR AY.32 OR AY.33 OR AY.33.1 OR AY.33.2 OR AY.34 OR AY.34.1 OR AY.34.1.1 OR AY.34.2 OR AY.35 OR AY.36 OR AY.36.1 OR AY.37 OR AY.38 OR AY.39 OR AY.39.1 OR AY.39.1.1 OR AY.39.1.2 OR AY.39.1.3 OR AY.39.1.4 OR AY.39.2 OR AY.39.3 OR AY.40 OR AY.41 OR AY.42 OR AY.42.1 OR AY.43 OR AY.43.1 OR AY.43.2 OR AY.43.3 OR AY.43.4 OR AY.43.5 OR AY.43.6 OR AY.43.7 OR AY.43.8 OR AY.43.9 OR AY.44 OR AY.45 OR AY.46 OR AY.46.1 OR AY.46.2 OR AY.46.3 OR AY.46.4 OR AY.46.5 OR AY.46.6 OR AY.46.6.1 OR AY.47 OR AY.48 OR AY.49 OR AY.50 OR AY.51 OR AY.52 OR AY.53 OR AY.54 OR AY.55 OR AY.56 OR AY.57 OR AY.58 OR AY.59 OR AY.60 OR AY.61 OR AY.62 OR AY.63 OR AY.64 OR AY.65 OR AY.66 OR AY.67 OR AY.68 OR AY.69 OR AY.70 OR AY.71 OR AY.72 OR AY.73 OR AY.74 OR AY.75 OR AY.75.2 OR AY.75.3 OR AY.76 OR AY.77 OR AY.78 OR AY.79 OR AY.80 OR AY.81 OR AY.82 OR AY.83 OR AY.84 OR AY.85 OR AY.86 OR AY.87 OR AY.88 OR AY.90 OR AY.91 OR AY.91.1 OR AY.92 OR AY.93 OR AY.94 OR AY.95 OR AY.98 OR AY.98.1 OR AY.98.1.1 OR AY.99 OR AY.99.1 OR AY.99.2 OR AY.100 OR AY.101 OR AY.102 OR AY.102.1 OR AY.102.2 OR AY.103 OR AY.103.1 OR AY.103.2 OR AY.104 OR AY.105 OR AY.106 OR AY.107 OR AY.108 OR AY.109 OR AY.110 OR AY.111 OR AY.112 OR AY.112.1 OR AY.112.2 OR AY.112.3 OR AY.113 OR AY.114 OR AY.116 OR AY.116.1 OR AY.117 OR AY.118 OR AY.119 OR AY.119.1 OR AY.119.2 OR AY.120 OR AY.120.1 OR AY.120.2 OR AY.120.2.1 OR AY.121 OR AY.121.1 OR AY.122 OR AY.122.1 OR AY.122.2 OR AY.122.3 OR AY.122.4 OR AY.122.5 OR AY.122.6 OR AY.123 OR AY.123.1 OR AY.124 OR AY.124.1 OR AY.124.1.1 OR AY.125 OR AY.125.1 OR AY.126 OR AY.127 OR AY.127.1 OR AY.127.2 OR AY.127.3 OR AY.128 OR AY.129 OR AY.130 OR AY.131 OR AY.132 OR AY.133 OR AY.134 OR B.1.617.2,Delta,4,0.285714285714286,0.0714285714285714
2021-07-25,1,0,2.71428571428571,0.142857142857143,0.0526315789473684,0.000150636025436569,0.53558324304295,AY.1 OR AY.2 OR AY.3 OR AY.3.1 OR AY.3.2 OR AY.3.3 OR AY.3.4 OR AY.4 OR AY.4.1 OR AY.4.2 OR AY.4.2.1 OR AY.4.2.2 OR AY.4.2.3 OR AY.4.2.4 OR AY.4.2.5 OR AY.4.3 OR AY.4.4 OR AY.4.5 OR AY.4.6 OR AY.4.7 OR AY.4.8 OR AY.4.9 OR AY.4.10 OR AY.4.11 OR AY.4.12 OR AY.4.13 OR AY.4.14 OR AY.4.15 OR AY.4.16 OR AY.4.17 OR AY.5 OR AY.5.1 OR AY.5.2 OR AY.5.3 OR AY.5.4 OR AY.5.5 OR AY.5.6 OR AY.5.7 OR AY.6 OR AY.7 OR AY.7.1 OR AY.7.2 OR AY.8 OR AY.9 OR AY.9.2 OR AY.9.2.1 OR AY.9.2.2 OR AY.10 OR AY.11 OR AY.13 OR AY.14 OR AY.15 OR AY.16 OR AY.16.1 OR AY.17 OR AY.18 OR AY.19 OR AY.20 OR AY.20.1 OR AY.21 OR AY.22 OR AY.23 OR AY.23.1 OR AY.23.2 OR AY.24 OR AY.24.1 OR AY.25 OR AY.25.1 OR AY.25.1.1 OR AY.25.1.2 OR AY.25.2 OR AY.25.3 OR AY.26 OR AY.26.1 OR AY.27 OR AY.28 OR AY.29 OR AY.29.1 OR AY.29.2 OR AY.30 OR AY.31 OR AY.32 OR AY.33 OR AY.33.1 OR AY.33.2 OR AY.34 OR AY.34.1 OR AY.34.1.1 OR AY.34.2 OR AY.35 OR AY.36 OR AY.36.1 OR AY.37 OR AY.38 OR AY.39 OR AY.39.1 OR AY.39.1.1 OR AY.39.1.2 OR AY.39.1.3 OR AY.39.1.4 OR AY.39.2 OR AY.39.3 OR AY.40 OR AY.41 OR AY.42 OR AY.42.1 OR AY.43 OR AY.43.1 OR AY.43.2 OR AY.43.3 OR AY.43.4 OR AY.43.5 OR AY.43.6 OR AY.43.7 OR AY.43.8 OR AY.43.9 OR AY.44 OR AY.45 OR AY.46 OR AY.46.1 OR AY.46.2 OR AY.46.3 OR AY.46.4 OR AY.46.5 OR AY.46.6 OR AY.46.6.1 OR AY.47 OR AY.48 OR AY.49 OR AY.50 OR AY.51 OR AY.52 OR AY.53 OR AY.54 OR AY.55 OR AY.56 OR AY.57 OR AY.58 OR AY.59 OR AY.60 OR AY.61 OR AY.62 OR AY.63 OR AY.64 OR AY.65 OR AY.66 OR AY.67 OR AY.68 OR AY.69 OR AY.70 OR AY.71 OR AY.72 OR AY.73 OR AY.74 OR AY.75 OR AY.75.2 OR AY.75.3 OR AY.76 OR AY.77 OR AY.78 OR AY.79 OR AY.80 OR AY.81 OR AY.82 OR AY.83 OR AY.84 OR AY.85 OR AY.86 OR AY.87 OR AY.88 OR AY.90 OR AY.91 OR AY.91.1 OR AY.92 OR AY.93 OR AY.94 OR AY.95 OR AY.98 OR AY.98.1 OR AY.98.1.1 OR AY.99 OR AY.99.1 OR AY.99.2 OR AY.100 OR AY.101 OR AY.102 OR AY.102.1 OR AY.102.2 OR AY.103 OR AY.103.1 OR AY.103.2 OR AY.104 OR AY.105 OR AY.106 OR AY.107 OR AY.108 OR AY.109 OR AY.110 OR AY.111 OR AY.112 OR AY.112.1 OR AY.112.2 OR AY.112.3 OR AY.113 OR AY.114 OR AY.116 OR AY.116.1 OR AY.117 OR AY.118 OR AY.119 OR AY.119.1 OR AY.119.2 OR AY.120 OR AY.120.1 OR AY.120.2 OR AY.120.2.1 OR AY.121 OR AY.121.1 OR AY.122 OR AY.122.1 OR AY.122.2 OR AY.122.3 OR AY.122.4 OR AY.122.5 OR AY.122.6 OR AY.123 OR AY.123.1 OR AY.124 OR AY.124.1 OR AY.124.1.1 OR AY.125 OR AY.125.1 OR AY.126 OR AY.127 OR AY.127.1 OR AY.127.2 OR AY.127.3 OR AY.128 OR AY.129 OR AY.130 OR AY.131 OR AY.132 OR AY.133 OR AY.134 OR B.1.617.2,Delta,4,0.285714285714286,0.0714285714285714
2021-07-26,2,0,2.57142857142857,0.142857142857143,0.0555555555555555,0.000150636025436569,0.53558324304295,AY.1 OR AY.2 OR AY.3 OR AY.3.1 OR AY.3.2 OR AY.3.3 OR AY.3.4 OR AY.4 OR AY.4.1 OR AY.4.2 OR AY.4.2.1 OR AY.4.2.2 OR AY.4.2.3 OR AY.4.2.4 OR AY.4.2.5 OR AY.4.3 OR AY.4.4 OR AY.4.5 OR AY.4.6 OR AY.4.7 OR AY.4.8 OR AY.4.9 OR AY.4.10 OR AY.4.11 OR AY.4.12 OR AY.4.13 OR AY.4.14 OR AY.4.15 OR AY.4.16 OR AY.4.17 OR AY.5 OR AY.5.1 OR AY.5.2 OR AY.5.3 OR AY.5.4 OR AY.5.5 OR AY.5.6 OR AY.5.7 OR AY.6 OR AY.7 OR AY.7.1 OR AY.7.2 OR AY.8 OR AY.9 OR AY.9.2 OR AY.9.2.1 OR AY.9.2.2 OR AY.10 OR AY.11 OR AY.13 OR AY.14 OR AY.15 OR AY.16 OR AY.16.1 OR AY.17 OR AY.18 OR AY.19 OR AY.20 OR AY.20.1 OR AY.21 OR AY.22 OR AY.23 OR AY.23.1 OR AY.23.2 OR AY.24 OR AY.24.1 OR AY.25 OR AY.25.1 OR AY.25.1.1 OR AY.25.1.2 OR AY.25.2 OR AY.25.3 OR AY.26 OR AY.26.1 OR AY.27 OR AY.28 OR AY.29 OR AY.29.1 OR AY.29.2 OR AY.30 OR AY.31 OR AY.32 OR AY.33 OR AY.33.1 OR AY.33.2 OR AY.34 OR AY.34.1 OR AY.34.1.1 OR AY.34.2 OR AY.35 OR AY.36 OR AY.36.1 OR AY.37 OR AY.38 OR AY.39 OR AY.39.1 OR AY.39.1.1 OR AY.39.1.2 OR AY.39.1.3 OR AY.39.1.4 OR AY.39.2 OR AY.39.3 OR AY.40 OR AY.41 OR AY.42 OR AY.42.1 OR AY.43 OR AY.43.1 OR AY.43.2 OR AY.43.3 OR AY.43.4 OR AY.43.5 OR AY.43.6 OR AY.43.7 OR AY.43.8 OR AY.43.9 OR AY.44 OR AY.45 OR AY.46 OR AY.46.1 OR AY.46.2 OR AY.46.3 OR AY.46.4 OR AY.46.5 OR AY.46.6 OR AY.46.6.1 OR AY.47 OR AY.48 OR AY.49 OR AY.50 OR AY.51 OR AY.52 OR AY.53 OR AY.54 OR AY.55 OR AY.56 OR AY.57 OR AY.58 OR AY.59 OR AY.60 OR AY.61 OR AY.62 OR AY.63 OR AY.64 OR AY.65 OR AY.66 OR AY.67 OR AY.68 OR AY.69 OR AY.70 OR AY.71 OR AY.72 OR AY.73 OR AY.74 OR AY.75 OR AY.75.2 OR AY.75.3 OR AY.76 OR AY.77 OR AY.78 OR AY.79 OR AY.80 OR AY.81 OR AY.82 OR AY.83 OR AY.84 OR AY.85 OR AY.86 OR AY.87 OR AY.88 OR AY.90 OR AY.91 OR AY.91.1 OR AY.92 OR AY.93 OR AY.94 OR AY.95 OR AY.98 OR AY.98.1 OR AY.98.1.1 OR AY.99 OR AY.99.1 OR AY.99.2 OR AY.100 OR AY.101 OR AY.102 OR AY.102.1 OR AY.102.2 OR AY.103 OR AY.103.1 OR AY.103.2 OR AY.104 OR AY.105 OR AY.106 OR AY.107 OR AY.108 OR AY.109 OR AY.110 OR AY.111 OR AY.112 OR AY.112.1 OR AY.112.2 OR AY.112.3 OR AY.113 OR AY.114 OR AY.116 OR AY.116.1 OR AY.117 OR AY.118 OR AY.119 OR AY.119.1 OR AY.119.2 OR AY.120 OR AY.120.1 OR AY.120.2 OR AY.120.2.1 OR AY.121 OR AY.121.1 OR AY.122 OR AY.122.1 OR AY.122.2 OR AY.122.3 OR AY.122.4 OR AY.122.5 OR AY.122.6 OR AY.123 OR AY.123.1 OR AY.124 OR AY.124.1 OR AY.124.1.1 OR AY.125 OR AY.125.1 OR AY.126 OR AY.127 OR AY.127.1 OR AY.127.2 OR AY.127.3 OR AY.128 OR AY.129 OR AY.130 OR AY.131 OR AY.132 OR AY.133 OR AY.134 OR B.1.617.2,Delta,3.5,0.142857142857143,0.0408163265306122
2021-07-27,6,3,2.57142857142857,0.571428571428571,0.222222222222222,0.0387476177851652,0.823263902868743,AY.1 OR AY.2 OR AY.3 OR AY.3.1 OR AY.3.2 OR AY.3.3 OR AY.3.4 OR AY.4 OR AY.4.1 OR AY.4.2 OR AY.4.2.1 OR AY.4.2.2 OR AY.4.2.3 OR AY.4.2.4 OR AY.4.2.5 OR AY.4.3 OR AY.4.4 OR AY.4.5 OR AY.4.6 OR AY.4.7 OR AY.4.8 OR AY.4.9 OR AY.4.10 OR AY.4.11 OR AY.4.12 OR AY.4.13 OR AY.4.14 OR AY.4.15 OR AY.4.16 OR AY.4.17 OR AY.5 OR AY.5.1 OR AY.5.2 OR AY.5.3 OR AY.5.4 OR AY.5.5 OR AY.5.6 OR AY.5.7 OR AY.6 OR AY.7 OR AY.7.1 OR AY.7.2 OR AY.8 OR AY.9 OR AY.9.2 OR AY.9.2.1 OR AY.9.2.2 OR AY.10 OR AY.11 OR AY.13 OR AY.14 OR AY.15 OR AY.16 OR AY.16.1 OR AY.17 OR AY.18 OR AY.19 OR AY.20 OR AY.20.1 OR AY.21 OR AY.22 OR AY.23 OR AY.23.1 OR AY.23.2 OR AY.24 OR AY.24.1 OR AY.25 OR AY.25.1 OR AY.25.1.1 OR AY.25.1.2 OR AY.25.2 OR AY.25.3 OR AY.26 OR AY.26.1 OR AY.27 OR AY.28 OR AY.29 OR AY.29.1 OR AY.29.2 OR AY.30 OR AY.31 OR AY.32 OR AY.33 OR AY.33.1 OR AY.33.2 OR AY.34 OR AY.34.1 OR AY.34.1.1 OR AY.34.2 OR AY.35 OR AY.36 OR AY.36.1 OR AY.37 OR AY.38 OR AY.39 OR AY.39.1 OR AY.39.1.1 OR AY.39.1.2 OR AY.39.1.3 OR AY.39.1.4 OR AY.39.2 OR AY.39.3 OR AY.40 OR AY.41 OR AY.42 OR AY.42.1 OR AY.43 OR AY.43.1 OR AY.43.2 OR AY.43.3 OR AY.43.4 OR AY.43.5 OR AY.43.6 OR AY.43.7 OR AY.43.8 OR AY.43.9 OR AY.44 OR AY.45 OR AY.46 OR AY.46.1 OR AY.46.2 OR AY.46.3 OR AY.46.4 OR AY.46.5 OR AY.46.6 OR AY.46.6.1 OR AY.47 OR AY.48 OR AY.49 OR AY.50 OR AY.51 OR AY.52 OR AY.53 OR AY.54 OR AY.55 OR AY.56 OR AY.57 OR AY.58 OR AY.59 OR AY.60 OR AY.61 OR AY.62 OR AY.63 OR AY.64 OR AY.65 OR AY.66 OR AY.67 OR AY.68 OR AY.69 OR AY.70 OR AY.71 OR AY.72 OR AY.73 OR AY.74 OR AY.75 OR AY.75.2 OR AY.75.3 OR AY.76 OR AY.77 OR AY.78 OR AY.79 OR AY.80 OR AY.81 OR AY.82 OR AY.83 OR AY.84 OR AY.85 OR AY.86 OR AY.87 OR AY.88 OR AY.90 OR AY.91 OR AY.91.1 OR AY.92 OR AY.93 OR AY.94 OR AY.95 OR AY.98 OR AY.98.1 OR AY.98.1.1 OR AY.99 OR AY.99.1 OR AY.99.2 OR AY.100 OR AY.101 OR AY.102 OR AY.102.1 OR AY.102.2 OR AY.103 OR AY.103.1 OR AY.103.2 OR AY.104 OR AY.105 OR AY.106 OR AY.107 OR AY.108 OR AY.109 OR AY.110 OR AY.111 OR AY.112 OR AY.112.1 OR AY.112.2 OR AY.112.3 OR AY.113 OR AY.114 OR AY.116 OR AY.116.1 OR AY.117 OR AY.118 OR AY.119 OR AY.119.1 OR AY.119.2 OR AY.120 OR AY.120.1 OR AY.120.2 OR AY.120.2.1 OR AY.121 OR AY.121.1 OR AY.122 OR AY.122.1 OR AY.122.2 OR AY.122.3 OR AY.122.4 OR AY.122.5 OR AY.122.6 OR AY.123 OR AY.123.1 OR AY.124 OR AY.124.1 OR AY.124.1.1 OR AY.125 OR AY.125.1 OR AY.126 OR AY.127 OR AY.127.1 OR AY.127.2 OR AY.127.3 OR AY.128 OR AY.129 OR AY.130 OR AY.131 OR AY.132 OR AY.133 OR AY.134 OR B.1.617.2,Delta,3.28571428571429,0.357142857142857,0.108695652173913
2021-07-28,2,1,2.42857142857143,0.714285714285714,0.294117647058824,0.0608302759200974,0.939169724079903,AY.1 OR AY.2 OR AY.3 OR AY.3.1 OR AY.3.2 OR AY.3.3 OR AY.3.4 OR AY.4 OR AY.4.1 OR AY.4.2 OR AY.4.2.1 OR AY.4.2.2 OR AY.4.2.3 OR AY.4.2.4 OR AY.4.2.5 OR AY.4.3 OR AY.4.4 OR AY.4.5 OR AY.4.6 OR AY.4.7 OR AY.4.8 OR AY.4.9 OR AY.4.10 OR AY.4.11 OR AY.4.12 OR AY.4.13 OR AY.4.14 OR AY.4.15 OR AY.4.16 OR AY.4.17 OR AY.5 OR AY.5.1 OR AY.5.2 OR AY.5.3 OR AY.5.4 OR AY.5.5 OR AY.5.6 OR AY.5.7 OR AY.6 OR AY.7 OR AY.7.1 OR AY.7.2 OR AY.8 OR AY.9 OR AY.9.2 OR AY.9.2.1 OR AY.9.2.2 OR AY.10 OR AY.11 OR AY.13 OR AY.14 OR AY.15 OR AY.16 OR AY.16.1 OR AY.17 OR AY.18 OR AY.19 OR AY.20 OR AY.20.1 OR AY.21 OR AY.22 OR AY.23 OR AY.23.1 OR AY.23.2 OR AY.24 OR AY.24.1 OR AY.25 OR AY.25.1 OR AY.25.1.1 OR AY.25.1.2 OR AY.25.2 OR AY.25.3 OR AY.26 OR AY.26.1 OR AY.27 OR AY.28 OR AY.29 OR AY.29.1 OR AY.29.2 OR AY.30 OR AY.31 OR AY.32 OR AY.33 OR AY.33.1 OR AY.33.2 OR AY.34 OR AY.34.1 OR AY.34.1.1 OR AY.34.2 OR AY.35 OR AY.36 OR AY.36.1 OR AY.37 OR AY.38 OR AY.39 OR AY.39.1 OR AY.39.1.1 OR AY.39.1.2 OR AY.39.1.3 OR AY.39.1.4 OR AY.39.2 OR AY.39.3 OR AY.40 OR AY.41 OR AY.42 OR AY.42.1 OR AY.43 OR AY.43.1 OR AY.43.2 OR AY.43.3 OR AY.43.4 OR AY.43.5 OR AY.43.6 OR AY.43.7 OR AY.43.8 OR AY.43.9 OR AY.44 OR AY.45 OR AY.46 OR AY.46.1 OR AY.46.2 OR AY.46.3 OR AY.46.4 OR AY.46.5 OR AY.46.6 OR AY.46.6.1 OR AY.47 OR AY.48 OR AY.49 OR AY.50 OR AY.51 OR AY.52 OR AY.53 OR AY.54 OR AY.55 OR AY.56 OR AY.57 OR AY.58 OR AY.59 OR AY.60 OR AY.61 OR AY.62 OR AY.63 OR AY.64 OR AY.65 OR AY.66 OR AY.67 OR AY.68 OR AY.69 OR AY.70 OR AY.71 OR AY.72 OR AY.73 OR AY.74 OR AY.75 OR AY.75.2 OR AY.75.3 OR AY.76 OR AY.77 OR AY.78 OR AY.79 OR AY.80 OR AY.81 OR AY.82 OR AY.83 OR AY.84 OR AY.85 OR AY.86 OR AY.87 OR AY.88 OR AY.90 OR AY.91 OR AY.91.1 OR AY.92 OR AY.93 OR AY.94 OR AY.95 OR AY.98 OR AY.98.1 OR AY.98.1.1 OR AY.99 OR AY.99.1 OR AY.99.2 OR AY.100 OR AY.101 OR AY.102 OR AY.102.1 OR AY.102.2 OR AY.103 OR AY.103.1 OR AY.103.2 OR AY.104 OR AY.105 OR AY.106 OR AY.107 OR AY.108 OR AY.109 OR AY.110 OR AY.111 OR AY.112 OR AY.112.1 OR AY.112.2 OR AY.112.3 OR AY.113 OR AY.114 OR AY.116 OR AY.116.1 OR AY.117 OR AY.118 OR AY.119 OR AY.119.1 OR AY.119.2 OR AY.120 OR AY.120.1 OR AY.120.2 OR AY.120.2.1 OR AY.121 OR AY.121.1 OR AY.122 OR AY.122.1 OR AY.122.2 OR AY.122.3 OR AY.122.4 OR AY.122.5 OR AY.122.6 OR AY.123 OR AY.123.1 OR AY.124 OR AY.124.1 OR AY.124.1.1 OR AY.125 OR AY.125.1 OR AY.126 OR AY.127 OR AY.127.1 OR AY.127.2 OR AY.127.3 OR AY.128 OR AY.129 OR AY.130 OR AY.131 OR AY.132 OR AY.133 OR AY.134 OR B.1.617.2,Delta,3.28571428571429,0.428571428571429,0.130434782608696
2021-07-29,1,1,2.42857142857143,0.714285714285714,0.294117647058824,0.0608302759200974,0.939169724079903,AY.1 OR AY.2 OR AY.3 OR AY.3.1 OR AY.3.2 OR AY.3.3 OR AY.3.4 OR AY.4 OR AY.4.1 OR AY.4.2 OR AY.4.2.1 OR AY.4.2.2 OR AY.4.2.3 OR AY.4.2.4 OR AY.4.2.5 OR AY.4.3 OR AY.4.4 OR AY.4.5 OR AY.4.6 OR AY.4.7 OR AY.4.8 OR AY.4.9 OR AY.4.10 OR AY.4.11 OR AY.4.12 OR AY.4.13 OR AY.4.14 OR AY.4.15 OR AY.4.16 OR AY.4.17 OR AY.5 OR AY.5.1 OR AY.5.2 OR AY.5.3 OR AY.5.4 OR AY.5.5 OR AY.5.6 OR AY.5.7 OR AY.6 OR AY.7 OR AY.7.1 OR AY.7.2 OR AY.8 OR AY.9 OR AY.9.2 OR AY.9.2.1 OR AY.9.2.2 OR AY.10 OR AY.11 OR AY.13 OR AY.14 OR AY.15 OR AY.16 OR AY.16.1 OR AY.17 OR AY.18 OR AY.19 OR AY.20 OR AY.20.1 OR AY.21 OR AY.22 OR AY.23 OR AY.23.1 OR AY.23.2 OR AY.24 OR AY.24.1 OR AY.25 OR AY.25.1 OR AY.25.1.1 OR AY.25.1.2 OR AY.25.2 OR AY.25.3 OR AY.26 OR AY.26.1 OR AY.27 OR AY.28 OR AY.29 OR AY.29.1 OR AY.29.2 OR AY.30 OR AY.31 OR AY.32 OR AY.33 OR AY.33.1 OR AY.33.2 OR AY.34 OR AY.34.1 OR AY.34.1.1 OR AY.34.2 OR AY.35 OR AY.36 OR AY.36.1 OR AY.37 OR AY.38 OR AY.39 OR AY.39.1 OR AY.39.1.1 OR AY.39.1.2 OR AY.39.1.3 OR AY.39.1.4 OR AY.39.2 OR AY.39.3 OR AY.40 OR AY.41 OR AY.42 OR AY.42.1 OR AY.43 OR AY.43.1 OR AY.43.2 OR AY.43.3 OR AY.43.4 OR AY.43.5 OR AY.43.6 OR AY.43.7 OR AY.43.8 OR AY.43.9 OR AY.44 OR AY.45 OR AY.46 OR AY.46.1 OR AY.46.2 OR AY.46.3 OR AY.46.4 OR AY.46.5 OR AY.46.6 OR AY.46.6.1 OR AY.47 OR AY.48 OR AY.49 OR AY.50 OR AY.51 OR AY.52 OR AY.53 OR AY.54 OR AY.55 OR AY.56 OR AY.57 OR AY.58 OR AY.59 OR AY.60 OR AY.61 OR AY.62 OR AY.63 OR AY.64 OR AY.65 OR AY.66 OR AY.67 OR AY.68 OR AY.69 OR AY.70 OR AY.71 OR AY.72 OR AY.73 OR AY.74 OR AY.75 OR AY.75.2 OR AY.75.3 OR AY.76 OR AY.77 OR AY.78 OR AY.79 OR AY.80 OR AY.81 OR AY.82 OR AY.83 OR AY.84 OR AY.85 OR AY.86 OR AY.87 OR AY.88 OR AY.90 OR AY.91 OR AY.91.1 OR AY.92 OR AY.93 OR AY.94 OR AY.95 OR AY.98 OR AY.98.1 OR AY.98.1.1 OR AY.99 OR AY.99.1 OR AY.99.2 OR AY.100 OR AY.101 OR AY.102 OR AY.102.1 OR AY.102.2 OR AY.103 OR AY.103.1 OR AY.103.2 OR AY.104 OR AY.105 OR AY.106 OR AY.107 OR AY.108 OR AY.109 OR AY.110 OR AY.111 OR AY.112 OR AY.112.1 OR AY.112.2 OR AY.112.3 OR AY.113 OR AY.114 OR AY.116 OR AY.116.1 OR AY.117 OR AY.118 OR AY.119 OR AY.119.1 OR AY.119.2 OR AY.120 OR AY.120.1 OR AY.120.2 OR AY.120.2.1 OR AY.121 OR AY.121.1 OR AY.122 OR AY.122.1 OR AY.122.2 OR AY.122.3 OR AY.122.4 OR AY.122.5 OR AY.122.6 OR AY.123 OR AY.123.1 OR AY.124 OR AY.124.1 OR AY.124.1.1 OR AY.125 OR AY.125.1 OR AY.126 OR AY.127 OR AY.127.1 OR AY.127.2 OR AY.127.3 OR AY.128 OR AY.129 OR AY.130 OR AY.131 OR AY.132 OR AY.133 OR AY.134 OR B.1.617.2,Delta,2.85714285714286,0.428571428571429,0.15
2021-07-30,3,1,2.57142857142857,0.857142857142857,0.333333333333333,0.0387476177851652,0.823263902868743,AY.1 OR AY.2 OR AY.3 OR AY.3.1 OR AY.3.2 OR AY.3.3 OR AY.3.4 OR AY.4 OR AY.4.1 OR AY.4.2 OR AY.4.2.1 OR AY.4.2.2 OR AY.4.2.3 OR AY.4.2.4 OR AY.4.2.5 OR AY.4.3 OR AY.4.4 OR AY.4.5 OR AY.4.6 OR AY.4.7 OR AY.4.8 OR AY.4.9 OR AY.4.10 OR AY.4.11 OR AY.4.12 OR AY.4.13 OR AY.4.14 OR AY.4.15 OR AY.4.16 OR AY.4.17 OR AY.5 OR AY.5.1 OR AY.5.2 OR AY.5.3 OR AY.5.4 OR AY.5.5 OR AY.5.6 OR AY.5.7 OR AY.6 OR AY.7 OR AY.7.1 OR AY.7.2 OR AY.8 OR AY.9 OR AY.9.2 OR AY.9.2.1 OR AY.9.2.2 OR AY.10 OR AY.11 OR AY.13 OR AY.14 OR AY.15 OR AY.16 OR AY.16.1 OR AY.17 OR AY.18 OR AY.19 OR AY.20 OR AY.20.1 OR AY.21 OR AY.22 OR AY.23 OR AY.23.1 OR AY.23.2 OR AY.24 OR AY.24.1 OR AY.25 OR AY.25.1 OR AY.25.1.1 OR AY.25.1.2 OR AY.25.2 OR AY.25.3 OR AY.26 OR AY.26.1 OR AY.27 OR AY.28 OR AY.29 OR AY.29.1 OR AY.29.2 OR AY.30 OR AY.31 OR AY.32 OR AY.33 OR AY.33.1 OR AY.33.2 OR AY.34 OR AY.34.1 OR AY.34.1.1 OR AY.34.2 OR AY.35 OR AY.36 OR AY.36.1 OR AY.37 OR AY.38 OR AY.39 OR AY.39.1 OR AY.39.1.1 OR AY.39.1.2 OR AY.39.1.3 OR AY.39.1.4 OR AY.39.2 OR AY.39.3 OR AY.40 OR AY.41 OR AY.42 OR AY.42.1 OR AY.43 OR AY.43.1 OR AY.43.2 OR AY.43.3 OR AY.43.4 OR AY.43.5 OR AY.43.6 OR AY.43.7 OR AY.43.8 OR AY.43.9 OR AY.44 OR AY.45 OR AY.46 OR AY.46.1 OR AY.46.2 OR AY.46.3 OR AY.46.4 OR AY.46.5 OR AY.46.6 OR AY.46.6.1 OR AY.47 OR AY.48 OR AY.49 OR AY.50 OR AY.51 OR AY.52 OR AY.53 OR AY.54 OR AY.55 OR AY.56 OR AY.57 OR AY.58 OR AY.59 OR AY.60 OR AY.61 OR AY.62 OR AY.63 OR AY.64 OR AY.65 OR AY.66 OR AY.67 OR AY.68 OR AY.69 OR AY.70 OR AY.71 OR AY.72 OR AY.73 OR AY.74 OR AY.75 OR AY.75.2 OR AY.75.3 OR AY.76 OR AY.77 OR AY.78 OR AY.79 OR AY.80 OR AY.81 OR AY.82 OR AY.83 OR AY.84 OR AY.85 OR AY.86 OR AY.87 OR AY.88 OR AY.90 OR AY.91 OR AY.91.1 OR AY.92 OR AY.93 OR AY.94 OR AY.95 OR AY.98 OR AY.98.1 OR AY.98.1.1 OR AY.99 OR AY.99.1 OR AY.99.2 OR AY.100 OR AY.101 OR AY.102 OR AY.102.1 OR AY.102.2 OR AY.103 OR AY.103.1 OR AY.103.2 OR AY.104 OR AY.105 OR AY.106 OR AY.107 OR AY.108 OR AY.109 OR AY.110 OR AY.111 OR AY.112 OR AY.112.1 OR AY.112.2 OR AY.112.3 OR AY.113 OR AY.114 OR AY.116 OR AY.116.1 OR AY.117 OR AY.118 OR AY.119 OR AY.119.1 OR AY.119.2 OR AY.120 OR AY.120.1 OR AY.120.2 OR AY.120.2.1 OR AY.121 OR AY.121.1 OR AY.122 OR AY.122.1 OR AY.122.2 OR AY.122.3 OR AY.122.4 OR AY.122.5 OR AY.122.6 OR AY.123 OR AY.123.1 OR AY.124 OR AY.124.1 OR AY.124.1.1 OR AY.125 OR AY.125.1 OR AY.126 OR AY.127 OR AY.127.1 OR AY.127.2 OR AY.127.3 OR AY.128 OR AY.129 OR AY.130 OR AY.131 OR AY.132 OR AY.133 OR AY.134 OR B.1.617.2,Delta,3,0.5,0.166666666666667
2021-07-31,4,0,2.71428571428571,0.857142857142857,0.315789473684211,0.0387476177851652,0.823263902868743,AY.1 OR AY.2 OR AY.3 OR AY.3.1 OR AY.3.2 OR AY.3.3 OR AY.3.4 OR AY.4 OR AY.4.1 OR AY.4.2 OR AY.4.2.1 OR AY.4.2.2 OR AY.4.2.3 OR AY.4.2.4 OR AY.4.2.5 OR AY.4.3 OR AY.4.4 OR AY.4.5 OR AY.4.6 OR AY.4.7 OR AY.4.8 OR AY.4.9 OR AY.4.10 OR AY.4.11 OR AY.4.12 OR AY.4.13 OR AY.4.14 OR AY.4.15 OR AY.4.16 OR AY.4.17 OR AY.5 OR AY.5.1 OR AY.5.2 OR AY.5.3 OR AY.5.4 OR AY.5.5 OR AY.5.6 OR AY.5.7 OR AY.6 OR AY.7 OR AY.7.1 OR AY.7.2 OR AY.8 OR AY.9 OR AY.9.2 OR AY.9.2.1 OR AY.9.2.2 OR AY.10 OR AY.11 OR AY.13 OR AY.14 OR AY.15 OR AY.16 OR AY.16.1 OR AY.17 OR AY.18 OR AY.19 OR AY.20 OR AY.20.1 OR AY.21 OR AY.22 OR AY.23 OR AY.23.1 OR AY.23.2 OR AY.24 OR AY.24.1 OR AY.25 OR AY.25.1 OR AY.25.1.1 OR AY.25.1.2 OR AY.25.2 OR AY.25.3 OR AY.26 OR AY.26.1 OR AY.27 OR AY.28 OR AY.29 OR AY.29.1 OR AY.29.2 OR AY.30 OR AY.31 OR AY.32 OR AY.33 OR AY.33.1 OR AY.33.2 OR AY.34 OR AY.34.1 OR AY.34.1.1 OR AY.34.2 OR AY.35 OR AY.36 OR AY.36.1 OR AY.37 OR AY.38 OR AY.39 OR AY.39.1 OR AY.39.1.1 OR AY.39.1.2 OR AY.39.1.3 OR AY.39.1.4 OR AY.39.2 OR AY.39.3 OR AY.40 OR AY.41 OR AY.42 OR AY.42.1 OR AY.43 OR AY.43.1 OR AY.43.2 OR AY.43.3 OR AY.43.4 OR AY.43.5 OR AY.43.6 OR AY.43.7 OR AY.43.8 OR AY.43.9 OR AY.44 OR AY.45 OR AY.46 OR AY.46.1 OR AY.46.2 OR AY.46.3 OR AY.46.4 OR AY.46.5 OR AY.46.6 OR AY.46.6.1 OR AY.47 OR AY.48 OR AY.49 OR AY.50 OR AY.51 OR AY.52 OR AY.53 OR AY.54 OR AY.55 OR AY.56 OR AY.57 OR AY.58 OR AY.59 OR AY.60 OR AY.61 OR AY.62 OR AY.63 OR AY.64 OR AY.65 OR AY.66 OR AY.67 OR AY.68 OR AY.69 OR AY.70 OR AY.71 OR AY.72 OR AY.73 OR AY.74 OR AY.75 OR AY.75.2 OR AY.75.3 OR AY.76 OR AY.77 OR AY.78 OR AY.79 OR AY.80 OR AY.81 OR AY.82 OR AY.83 OR AY.84 OR AY.85 OR AY.86 OR AY.87 OR AY.88 OR AY.90 OR AY.91 OR AY.91.1 OR AY.92 OR AY.93 OR AY.94 OR AY.95 OR AY.98 OR AY.98.1 OR AY.98.1.1 OR AY.99 OR AY.99.1 OR AY.99.2 OR AY.100 OR AY.101 OR AY.102 OR AY.102.1 OR AY.102.2 OR AY.103 OR AY.103.1 OR AY.103.2 OR AY.104 OR AY.105 OR AY.106 OR AY.107 OR AY.108 OR AY.109 OR AY.110 OR AY.111 OR AY.112 OR AY.112.1 OR AY.112.2 OR AY.112.3 OR AY.113 OR AY.114 OR AY.116 OR AY.116.1 OR AY.117 OR AY.118 OR AY.119 OR AY.119.1 OR AY.119.2 OR AY.120 OR AY.120.1 OR AY.120.2 OR AY.120.2.1 OR AY.121 OR AY.121.1 OR AY.122 OR AY.122.1 OR AY.122.2 OR AY.122.3 OR AY.122.4 OR AY.122.5 OR AY.122.6 OR AY.123 OR AY.123.1 OR AY.124 OR AY.124.1 OR AY.124.1.1 OR AY.125 OR AY.125.1 OR AY.126 OR AY.127 OR AY.127.1 OR AY.127.2 OR AY.127.3 OR AY.128 OR AY.129 OR AY.130 OR AY.131 OR AY.132 OR AY.133 OR AY.134 OR B.1.617.2,Delta,2.71428571428571,0.5,0.184210526315789
2021-08-01,2,0,2.85714285714286,0.857142857142857,0.3,0.0387476177851652,0.823263902868743,AY.1 OR AY.2 OR AY.3 OR AY.3.1 OR AY.3.2 OR AY.3.3 OR AY.3.4 OR AY.4 OR AY.4.1 OR AY.4.2 OR AY.4.2.1 OR AY.4.2.2 OR AY.4.2.3 OR AY.4.2.4 OR AY.4.2.5 OR AY.4.3 OR AY.4.4 OR AY.4.5 OR AY.4.6 OR AY.4.7 OR AY.4.8 OR AY.4.9 OR AY.4.10 OR AY.4.11 OR AY.4.12 OR AY.4.13 OR AY.4.14 OR AY.4.15 OR AY.4.16 OR AY.4.17 OR AY.5 OR AY.5.1 OR AY.5.2 OR AY.5.3 OR AY.5.4 OR AY.5.5 OR AY.5.6 OR AY.5.7 OR AY.6 OR AY.7 OR AY.7.1 OR AY.7.2 OR AY.8 OR AY.9 OR AY.9.2 OR AY.9.2.1 OR AY.9.2.2 OR AY.10 OR AY.11 OR AY.13 OR AY.14 OR AY.15 OR AY.16 OR AY.16.1 OR AY.17 OR AY.18 OR AY.19 OR AY.20 OR AY.20.1 OR AY.21 OR AY.22 OR AY.23 OR AY.23.1 OR AY.23.2 OR AY.24 OR AY.24.1 OR AY.25 OR AY.25.1 OR AY.25.1.1 OR AY.25.1.2 OR AY.25.2 OR AY.25.3 OR AY.26 OR AY.26.1 OR AY.27 OR AY.28 OR AY.29 OR AY.29.1 OR AY.29.2 OR AY.30 OR AY.31 OR AY.32 OR AY.33 OR AY.33.1 OR AY.33.2 OR AY.34 OR AY.34.1 OR AY.34.1.1 OR AY.34.2 OR AY.35 OR AY.36 OR AY.36.1 OR AY.37 OR AY.38 OR AY.39 OR AY.39.1 OR AY.39.1.1 OR AY.39.1.2 OR AY.39.1.3 OR AY.39.1.4 OR AY.39.2 OR AY.39.3 OR AY.40 OR AY.41 OR AY.42 OR AY.42.1 OR AY.43 OR AY.43.1 OR AY.43.2 OR AY.43.3 OR AY.43.4 OR AY.43.5 OR AY.43.6 OR AY.43.7 OR AY.43.8 OR AY.43.9 OR AY.44 OR AY.45 OR AY.46 OR AY.46.1 OR AY.46.2 OR AY.46.3 OR AY.46.4 OR AY.46.5 OR AY.46.6 OR AY.46.6.1 OR AY.47 OR AY.48 OR AY.49 OR AY.50 OR AY.51 OR AY.52 OR AY.53 OR AY.54 OR AY.55 OR AY.56 OR AY.57 OR AY.58 OR AY.59 OR AY.60 OR AY.61 OR AY.62 OR AY.63 OR AY.64 OR AY.65 OR AY.66 OR AY.67 OR AY.68 OR AY.69 OR AY.70 OR AY.71 OR AY.72 OR AY.73 OR AY.74 OR AY.75 OR AY.75.2 OR AY.75.3 OR AY.76 OR AY.77 OR AY.78 OR AY.79 OR AY.80 OR AY.81 OR AY.82 OR AY.83 OR AY.84 OR AY.85 OR AY.86 OR AY.87 OR AY.88 OR AY.90 OR AY.91 OR AY.91.1 OR AY.92 OR AY.93 OR AY.94 OR AY.95 OR AY.98 OR AY.98.1 OR AY.98.1.1 OR AY.99 OR AY.99.1 OR AY.99.2 OR AY.100 OR AY.101 OR AY.102 OR AY.102.1 OR AY.102.2 OR AY.103 OR AY.103.1 OR AY.103.2 OR AY.104 OR AY.105 OR AY.106 OR AY.107 OR AY.108 OR AY.109 OR AY.110 OR AY.111 OR AY.112 OR AY.112.1 OR AY.112.2 OR AY.112.3 OR AY.113 OR AY.114 OR AY.116 OR AY.116.1 OR AY.117 OR AY.118 OR AY.119 OR AY.119.1 OR AY.119.2 OR AY.120 OR AY.120.1 OR AY.120.2 OR AY.120.2.1 OR AY.121 OR AY.121.1 OR AY.122 OR AY.122.1 OR AY.122.2 OR AY.122.3 OR AY.122.4 OR AY.122.5 OR AY.122.6 OR AY.123 OR AY.123.1 OR AY.124 OR AY.124.1 OR AY.124.1.1 OR AY.125 OR AY.125.1 OR AY.126 OR AY.127 OR AY.127.1 OR AY.127.2 OR AY.127.3 OR AY.128 OR AY.129 OR AY.130 OR AY.131 OR AY.132 OR AY.133 OR AY.134 OR B.1.617.2,Delta,2.78571428571429,0.5,0.17948717948718
2021-08-02,7,2,3.57142857142857,1.14285714285714,0.32,0.0284708950871468,0.716248320436587,AY.1 OR AY.2 OR AY.3 OR AY.3.1 OR AY.3.2 OR AY.3.3 OR AY.3.4 OR AY.4 OR AY.4.1 OR AY.4.2 OR AY.4.2.1 OR AY.4.2.2 OR AY.4.2.3 OR AY.4.2.4 OR AY.4.2.5 OR AY.4.3 OR AY.4.4 OR AY.4.5 OR AY.4.6 OR AY.4.7 OR AY.4.8 OR AY.4.9 OR AY.4.10 OR AY.4.11 OR AY.4.12 OR AY.4.13 OR AY.4.14 OR AY.4.15 OR AY.4.16 OR AY.4.17 OR AY.5 OR AY.5.1 OR AY.5.2 OR AY.5.3 OR AY.5.4 OR AY.5.5 OR AY.5.6 OR AY.5.7 OR AY.6 OR AY.7 OR AY.7.1 OR AY.7.2 OR AY.8 OR AY.9 OR AY.9.2 OR AY.9.2.1 OR AY.9.2.2 OR AY.10 OR AY.11 OR AY.13 OR AY.14 OR AY.15 OR AY.16 OR AY.16.1 OR AY.17 OR AY.18 OR AY.19 OR AY.20 OR AY.20.1 OR AY.21 OR AY.22 OR AY.23 OR AY.23.1 OR AY.23.2 OR AY.24 OR AY.24.1 OR AY.25 OR AY.25.1 OR AY.25.1.1 OR AY.25.1.2 OR AY.25.2 OR AY.25.3 OR AY.26 OR AY.26.1 OR AY.27 OR AY.28 OR AY.29 OR AY.29.1 OR AY.29.2 OR AY.30 OR AY.31 OR AY.32 OR AY.33 OR AY.33.1 OR AY.33.2 OR AY.34 OR AY.34.1 OR AY.34.1.1 OR AY.34.2 OR AY.35 OR AY.36 OR AY.36.1 OR AY.37 OR AY.38 OR AY.39 OR AY.39.1 OR AY.39.1.1 OR AY.39.1.2 OR AY.39.1.3 OR AY.39.1.4 OR AY.39.2 OR AY.39.3 OR AY.40 OR AY.41 OR AY.42 OR AY.42.1 OR AY.43 OR AY.43.1 OR AY.43.2 OR AY.43.3 OR AY.43.4 OR AY.43.5 OR AY.43.6 OR AY.43.7 OR AY.43.8 OR AY.43.9 OR AY.44 OR AY.45 OR AY.46 OR AY.46.1 OR AY.46.2 OR AY.46.3 OR AY.46.4 OR AY.46.5 OR AY.46.6 OR AY.46.6.1 OR AY.47 OR AY.48 OR AY.49 OR AY.50 OR AY.51 OR AY.52 OR AY.53 OR AY.54 OR AY.55 OR AY.56 OR AY.57 OR AY.58 OR AY.59 OR AY.60 OR AY.61 OR AY.62 OR AY.63 OR AY.64 OR AY.65 OR AY.66 OR AY.67 OR AY.68 OR AY.69 OR AY.70 OR AY.71 OR AY.72 OR AY.73 OR AY.74 OR AY.75 OR AY.75.2 OR AY.75.3 OR AY.76 OR AY.77 OR AY.78 OR AY.79 OR AY.80 OR AY.81 OR AY.82 OR AY.83 OR AY.84 OR AY.85 OR AY.86 OR AY.87 OR AY.88 OR AY.90 OR AY.91 OR AY.91.1 OR AY.92 OR AY.93 OR AY.94 OR AY.95 OR AY.98 OR AY.98.1 OR AY.98.1.1 OR AY.99 OR AY.99.1 OR AY.99.2 OR AY.100 OR AY.101 OR AY.102 OR AY.102.1 OR AY.102.2 OR AY.103 OR AY.103.1 OR AY.103.2 OR AY.104 OR AY.105 OR AY.106 OR AY.107 OR AY.108 OR AY.109 OR AY.110 OR AY.111 OR AY.112 OR AY.112.1 OR AY.112.2 OR AY.112.3 OR AY.113 OR AY.114 OR AY.116 OR AY.116.1 OR AY.117 OR AY.118 OR AY.119 OR AY.119.1 OR AY.119.2 OR AY.120 OR AY.120.1 OR AY.120.2 OR AY.120.2.1 OR AY.121 OR AY.121.1 OR AY.122 OR AY.122.1 OR AY.122.2 OR AY.122.3 OR AY.122.4 OR AY.122.5 OR AY.122.6 OR AY.123 OR AY.123.1 OR AY.124 OR AY.124.1 OR AY.124.1.1 OR AY.125 OR AY.125.1 OR AY.126 OR AY.127 OR AY.127.1 OR AY.127.2 OR AY.127.3 OR AY.128 OR AY.129 OR AY.130 OR AY.131 OR AY.132 OR AY.133 OR AY.134 OR B.1.617.2,Delta,3.07142857142857,0.642857142857143,0.209302325581395
2021-08-03,4,3,3.28571428571429,1.14285714285714,0.347826086956522,0.0387476177851652,0.823263902868743,AY.1 OR AY.2 OR AY.3 OR AY.3.1 OR AY.3.2 OR AY.3.3 OR AY.3.4 OR AY.4 OR AY.4.1 OR AY.4.2 OR AY.4.2.1 OR AY.4.2.2 OR AY.4.2.3 OR AY.4.2.4 OR AY.4.2.5 OR AY.4.3 OR AY.4.4 OR AY.4.5 OR AY.4.6 OR AY.4.7 OR AY.4.8 OR AY.4.9 OR AY.4.10 OR AY.4.11 OR AY.4.12 OR AY.4.13 OR AY.4.14 OR AY.4.15 OR AY.4.16 OR AY.4.17 OR AY.5 OR AY.5.1 OR AY.5.2 OR AY.5.3 OR AY.5.4 OR AY.5.5 OR AY.5.6 OR AY.5.7 OR AY.6 OR AY.7 OR AY.7.1 OR AY.7.2 OR AY.8 OR AY.9 OR AY.9.2 OR AY.9.2.1 OR AY.9.2.2 OR AY.10 OR AY.11 OR AY.13 OR AY.14 OR AY.15 OR AY.16 OR AY.16.1 OR AY.17 OR AY.18 OR AY.19 OR AY.20 OR AY.20.1 OR AY.21 OR AY.22 OR AY.23 OR AY.23.1 OR AY.23.2 OR AY.24 OR AY.24.1 OR AY.25 OR AY.25.1 OR AY.25.1.1 OR AY.25.1.2 OR AY.25.2 OR AY.25.3 OR AY.26 OR AY.26.1 OR AY.27 OR AY.28 OR AY.29 OR AY.29.1 OR AY.29.2 OR AY.30 OR AY.31 OR AY.32 OR AY.33 OR AY.33.1 OR AY.33.2 OR AY.34 OR AY.34.1 OR AY.34.1.1 OR AY.34.2 OR AY.35 OR AY.36 OR AY.36.1 OR AY.37 OR AY.38 OR AY.39 OR AY.39.1 OR AY.39.1.1 OR AY.39.1.2 OR AY.39.1.3 OR AY.39.1.4 OR AY.39.2 OR AY.39.3 OR AY.40 OR AY.41 OR AY.42 OR AY.42.1 OR AY.43 OR AY.43.1 OR AY.43.2 OR AY.43.3 OR AY.43.4 OR AY.43.5 OR AY.43.6 OR AY.43.7 OR AY.43.8 OR AY.43.9 OR AY.44 OR AY.45 OR AY.46 OR AY.46.1 OR AY.46.2 OR AY.46.3 OR AY.46.4 OR AY.46.5 OR AY.46.6 OR AY.46.6.1 OR AY.47 OR AY.48 OR AY.49 OR AY.50 OR AY.51 OR AY.52 OR AY.53 OR AY.54 OR AY.55 OR AY.56 OR AY.57 OR AY.58 OR AY.59 OR AY.60 OR AY.61 OR AY.62 OR AY.63 OR AY.64 OR AY.65 OR AY.66 OR AY.67 OR AY.68 OR AY.69 OR AY.70 OR AY.71 OR AY.72 OR AY.73 OR AY.74 OR AY.75 OR AY.75.2 OR AY.75.3 OR AY.76 OR AY.77 OR AY.78 OR AY.79 OR AY.80 OR AY.81 OR AY.82 OR AY.83 OR AY.84 OR AY.85 OR AY.86 OR AY.87 OR AY.88 OR AY.90 OR AY.91 OR AY.91.1 OR AY.92 OR AY.93 OR AY.94 OR AY.95 OR AY.98 OR AY.98.1 OR AY.98.1.1 OR AY.99 OR AY.99.1 OR AY.99.2 OR AY.100 OR AY.101 OR AY.102 OR AY.102.1 OR AY.102.2 OR AY.103 OR AY.103.1 OR AY.103.2 OR AY.104 OR AY.105 OR AY.106 OR AY.107 OR AY.108 OR AY.109 OR AY.110 OR AY.111 OR AY.112 OR AY.112.1 OR AY.112.2 OR AY.112.3 OR AY.113 OR AY.114 OR AY.116 OR AY.116.1 OR AY.117 OR AY.118 OR AY.119 OR AY.119.1 OR AY.119.2 OR AY.120 OR AY.120.1 OR AY.120.2 OR AY.120.2.1 OR AY.121 OR AY.121.1 OR AY.122 OR AY.122.1 OR AY.122.2 OR AY.122.3 OR AY.122.4 OR AY.122.5 OR AY.122.6 OR AY.123 OR AY.123.1 OR AY.124 OR AY.124.1 OR AY.124.1.1 OR AY.125 OR AY.125.1 OR AY.126 OR AY.127 OR AY.127.1 OR AY.127.2 OR AY.127.3 OR AY.128 OR AY.129 OR AY.130 OR AY.131 OR AY.132 OR AY.133 OR AY.134 OR B.1.617.2,Delta,2.92857142857143,0.857142857142857,0.292682926829268
2021-08-04,2,0,3.28571428571429,1,0.304347826086957,0.0387476177851652,0.823263902868743,AY.1 OR AY.2 OR AY.3 OR AY.3.1 OR AY.3.2 OR AY.3.3 OR AY.3.4 OR AY.4 OR AY.4.1 OR AY.4.2 OR AY.4.2.1 OR AY.4.2.2 OR AY.4.2.3 OR AY.4.2.4 OR AY.4.2.5 OR AY.4.3 OR AY.4.4 OR AY.4.5 OR AY.4.6 OR AY.4.7 OR AY.4.8 OR AY.4.9 OR AY.4.10 OR AY.4.11 OR AY.4.12 OR AY.4.13 OR AY.4.14 OR AY.4.15 OR AY.4.16 OR AY.4.17 OR AY.5 OR AY.5.1 OR AY.5.2 OR AY.5.3 OR AY.5.4 OR AY.5.5 OR AY.5.6 OR AY.5.7 OR AY.6 OR AY.7 OR AY.7.1 OR AY.7.2 OR AY.8 OR AY.9 OR AY.9.2 OR AY.9.2.1 OR AY.9.2.2 OR AY.10 OR AY.11 OR AY.13 OR AY.14 OR AY.15 OR AY.16 OR AY.16.1 OR AY.17 OR AY.18 OR AY.19 OR AY.20 OR AY.20.1 OR AY.21 OR AY.22 OR AY.23 OR AY.23.1 OR AY.23.2 OR AY.24 OR AY.24.1 OR AY.25 OR AY.25.1 OR AY.25.1.1 OR AY.25.1.2 OR AY.25.2 OR AY.25.3 OR AY.26 OR AY.26.1 OR AY.27 OR AY.28 OR AY.29 OR AY.29.1 OR AY.29.2 OR AY.30 OR AY.31 OR AY.32 OR AY.33 OR AY.33.1 OR AY.33.2 OR AY.34 OR AY.34.1 OR AY.34.1.1 OR AY.34.2 OR AY.35 OR AY.36 OR AY.36.1 OR AY.37 OR AY.38 OR AY.39 OR AY.39.1 OR AY.39.1.1 OR AY.39.1.2 OR AY.39.1.3 OR AY.39.1.4 OR AY.39.2 OR AY.39.3 OR AY.40 OR AY.41 OR AY.42 OR AY.42.1 OR AY.43 OR AY.43.1 OR AY.43.2 OR AY.43.3 OR AY.43.4 OR AY.43.5 OR AY.43.6 OR AY.43.7 OR AY.43.8 OR AY.43.9 OR AY.44 OR AY.45 OR AY.46 OR AY.46.1 OR AY.46.2 OR AY.46.3 OR AY.46.4 OR AY.46.5 OR AY.46.6 OR AY.46.6.1 OR AY.47 OR AY.48 OR AY.49 OR AY.50 OR AY.51 OR AY.52 OR AY.53 OR AY.54 OR AY.55 OR AY.56 OR AY.57 OR AY.58 OR AY.59 OR AY.60 OR AY.61 OR AY.62 OR AY.63 OR AY.64 OR AY.65 OR AY.66 OR AY.67 OR AY.68 OR AY.69 OR AY.70 OR AY.71 OR AY.72 OR AY.73 OR AY.74 OR AY.75 OR AY.75.2 OR AY.75.3 OR AY.76 OR AY.77 OR AY.78 OR AY.79 OR AY.80 OR AY.81 OR AY.82 OR AY.83 OR AY.84 OR AY.85 OR AY.86 OR AY.87 OR AY.88 OR AY.90 OR AY.91 OR AY.91.1 OR AY.92 OR AY.93 OR AY.94 OR AY.95 OR AY.98 OR AY.98.1 OR AY.98.1.1 OR AY.99 OR AY.99.1 OR AY.99.2 OR AY.100 OR AY.101 OR AY.102 OR AY.102.1 OR AY.102.2 OR AY.103 OR AY.103.1 OR AY.103.2 OR AY.104 OR AY.105 OR AY.106 OR AY.107 OR AY.108 OR AY.109 OR AY.110 OR AY.111 OR AY.112 OR AY.112.1 OR AY.112.2 OR AY.112.3 OR AY.113 OR AY.114 OR AY.116 OR AY.116.1 OR AY.117 OR AY.118 OR AY.119 OR AY.119.1 OR AY.119.2 OR AY.120 OR AY.120.1 OR AY.120.2 OR AY.120.2.1 OR AY.121 OR AY.121.1 OR AY.122 OR AY.122.1 OR AY.122.2 OR AY.122.3 OR AY.122.4 OR AY.122.5 OR AY.122.6 OR AY.123 OR AY.123.1 OR AY.124 OR AY.124.1 OR AY.124.1.1 OR AY.125 OR AY.125.1 OR AY.126 OR AY.127 OR AY.127.1 OR AY.127.2 OR AY.127.3 OR AY.128 OR AY.129 OR AY.130 OR AY.131 OR AY.132 OR AY.133 OR AY.134 OR B.1.617.2,Delta,2.85714285714286,0.857142857142857,0.3
2021-08-05,8,5,4.28571428571429,1.57142857142857,0.366666666666667,0.122753882769518,0.877246117230482,AY.1 OR AY.2 OR AY.3 OR AY.3.1 OR AY.3.2 OR AY.3.3 OR AY.3.4 OR AY.4 OR AY.4.1 OR AY.4.2 OR AY.4.2.1 OR AY.4.2.2 OR AY.4.2.3 OR AY.4.2.4 OR AY.4.2.5 OR AY.4.3 OR AY.4.4 OR AY.4.5 OR AY.4.6 OR AY.4.7 OR AY.4.8 OR AY.4.9 OR AY.4.10 OR AY.4.11 OR AY.4.12 OR AY.4.13 OR AY.4.14 OR AY.4.15 OR AY.4.16 OR AY.4.17 OR AY.5 OR AY.5.1 OR AY.5.2 OR AY.5.3 OR AY.5.4 OR AY.5.5 OR AY.5.6 OR AY.5.7 OR AY.6 OR AY.7 OR AY.7.1 OR AY.7.2 OR AY.8 OR AY.9 OR AY.9.2 OR AY.9.2.1 OR AY.9.2.2 OR AY.10 OR AY.11 OR AY.13 OR AY.14 OR AY.15 OR AY.16 OR AY.16.1 OR AY.17 OR AY.18 OR AY.19 OR AY.20 OR AY.20.1 OR AY.21 OR AY.22 OR AY.23 OR AY.23.1 OR AY.23.2 OR AY.24 OR AY.24.1 OR AY.25 OR AY.25.1 OR AY.25.1.1 OR AY.25.1.2 OR AY.25.2 OR AY.25.3 OR AY.26 OR AY.26.1 OR AY.27 OR AY.28 OR AY.29 OR AY.29.1 OR AY.29.2 OR AY.30 OR AY.31 OR AY.32 OR AY.33 OR AY.33.1 OR AY.33.2 OR AY.34 OR AY.34.1 OR AY.34.1.1 OR AY.34.2 OR AY.35 OR AY.36 OR AY.36.1 OR AY.37 OR AY.38 OR AY.39 OR AY.39.1 OR AY.39.1.1 OR AY.39.1.2 OR AY.39.1.3 OR AY.39.1.4 OR AY.39.2 OR AY.39.3 OR AY.40 OR AY.41 OR AY.42 OR AY.42.1 OR AY.43 OR AY.43.1 OR AY.43.2 OR AY.43.3 OR AY.43.4 OR AY.43.5 OR AY.43.6 OR AY.43.7 OR AY.43.8 OR AY.43.9 OR AY.44 OR AY.45 OR AY.46 OR AY.46.1 OR AY.46.2 OR AY.46.3 OR AY.46.4 OR AY.46.5 OR AY.46.6 OR AY.46.6.1 OR AY.47 OR AY.48 OR AY.49 OR AY.50 OR AY.51 OR AY.52 OR AY.53 OR AY.54 OR AY.55 OR AY.56 OR AY.57 OR AY.58 OR AY.59 OR AY.60 OR AY.61 OR AY.62 OR AY.63 OR AY.64 OR AY.65 OR AY.66 OR AY.67 OR AY.68 OR AY.69 OR AY.70 OR AY.71 OR AY.72 OR AY.73 OR AY.74 OR AY.75 OR AY.75.2 OR AY.75.3 OR AY.76 OR AY.77 OR AY.78 OR AY.79 OR AY.80 OR AY.81 OR AY.82 OR AY.83 OR AY.84 OR AY.85 OR AY.86 OR AY.87 OR AY.88 OR AY.90 OR AY.91 OR AY.91.1 OR AY.92 OR AY.93 OR AY.94 OR AY.95 OR AY.98 OR AY.98.1 OR AY.98.1.1 OR AY.99 OR AY.99.1 OR AY.99.2 OR AY.100 OR AY.101 OR AY.102 OR AY.102.1 OR AY.102.2 OR AY.103 OR AY.103.1 OR AY.103.2 OR AY.104 OR AY.105 OR AY.106 OR AY.107 OR AY.108 OR AY.109 OR AY.110 OR AY.111 OR AY.112 OR AY.112.1 OR AY.112.2 OR AY.112.3 OR AY.113 OR AY.114 OR AY.116 OR AY.116.1 OR AY.117 OR AY.118 OR AY.119 OR AY.119.1 OR AY.119.2 OR AY.120 OR AY.120.1 OR AY.120.2 OR AY.120.2.1 OR AY.121 OR AY.121.1 OR AY.122 OR AY.122.1 OR AY.122.2 OR AY.122.3 OR AY.122.4 OR AY.122.5 OR AY.122.6 OR AY.123 OR AY.123.1 OR AY.124 OR AY.124.1 OR AY.124.1.1 OR AY.125 OR AY.125.1 OR AY.126 OR AY.127 OR AY.127.1 OR AY.127.2 OR AY.127.3 OR AY.128 OR AY.129 OR AY.130 OR AY.131 OR AY.132 OR AY.133 OR AY.134 OR B.1.617.2,Delta,3.35714285714286,1.14285714285714,0.340425531914894
2021-08-06,6,3,4.71428571428571,1.85714285714286,0.393939393939394,0.0943903273443441,0.790583335923995,AY.1 OR AY.2 OR AY.3 OR AY.3.1 OR AY.3.2 OR AY.3.3 OR AY.3.4 OR AY.4 OR AY.4.1 OR AY.4.2 OR AY.4.2.1 OR AY.4.2.2 OR AY.4.2.3 OR AY.4.2.4 OR AY.4.2.5 OR AY.4.3 OR AY.4.4 OR AY.4.5 OR AY.4.6 OR AY.4.7 OR AY.4.8 OR AY.4.9 OR AY.4.10 OR AY.4.11 OR AY.4.12 OR AY.4.13 OR AY.4.14 OR AY.4.15 OR AY.4.16 OR AY.4.17 OR AY.5 OR AY.5.1 OR AY.5.2 OR AY.5.3 OR AY.5.4 OR AY.5.5 OR AY.5.6 OR AY.5.7 OR AY.6 OR AY.7 OR AY.7.1 OR AY.7.2 OR AY.8 OR AY.9 OR AY.9.2 OR AY.9.2.1 OR AY.9.2.2 OR AY.10 OR AY.11 OR AY.13 OR AY.14 OR AY.15 OR AY.16 OR AY.16.1 OR AY.17 OR AY.18 OR AY.19 OR AY.20 OR AY.20.1 OR AY.21 OR AY.22 OR AY.23 OR AY.23.1 OR AY.23.2 OR AY.24 OR AY.24.1 OR AY.25 OR AY.25.1 OR AY.25.1.1 OR AY.25.1.2 OR AY.25.2 OR AY.25.3 OR AY.26 OR AY.26.1 OR AY.27 OR AY.28 OR AY.29 OR AY.29.1 OR AY.29.2 OR AY.30 OR AY.31 OR AY.32 OR AY.33 OR AY.33.1 OR AY.33.2 OR AY.34 OR AY.34.1 OR AY.34.1.1 OR AY.34.2 OR AY.35 OR AY.36 OR AY.36.1 OR AY.37 OR AY.38 OR AY.39 OR AY.39.1 OR AY.39.1.1 OR AY.39.1.2 OR AY.39.1.3 OR AY.39.1.4 OR AY.39.2 OR AY.39.3 OR AY.40 OR AY.41 OR AY.42 OR AY.42.1 OR AY.43 OR AY.43.1 OR AY.43.2 OR AY.43.3 OR AY.43.4 OR AY.43.5 OR AY.43.6 OR AY.43.7 OR AY.43.8 OR AY.43.9 OR AY.44 OR AY.45 OR AY.46 OR AY.46.1 OR AY.46.2 OR AY.46.3 OR AY.46.4 OR AY.46.5 OR AY.46.6 OR AY.46.6.1 OR AY.47 OR AY.48 OR AY.49 OR AY.50 OR AY.51 OR AY.52 OR AY.53 OR AY.54 OR AY.55 OR AY.56 OR AY.57 OR AY.58 OR AY.59 OR AY.60 OR AY.61 OR AY.62 OR AY.63 OR AY.64 OR AY.65 OR AY.66 OR AY.67 OR AY.68 OR AY.69 OR AY.70 OR AY.71 OR AY.72 OR AY.73 OR AY.74 OR AY.75 OR AY.75.2 OR AY.75.3 OR AY.76 OR AY.77 OR AY.78 OR AY.79 OR AY.80 OR AY.81 OR AY.82 OR AY.83 OR AY.84 OR AY.85 OR AY.86 OR AY.87 OR AY.88 OR AY.90 OR AY.91 OR AY.91.1 OR AY.92 OR AY.93 OR AY.94 OR AY.95 OR AY.98 OR AY.98.1 OR AY.98.1.1 OR AY.99 OR AY.99.1 OR AY.99.2 OR AY.100 OR AY.101 OR AY.102 OR AY.102.1 OR AY.102.2 OR AY.103 OR AY.103.1 OR AY.103.2 OR AY.104 OR AY.105 OR AY.106 OR AY.107 OR AY.108 OR AY.109 OR AY.110 OR AY.111 OR AY.112 OR AY.112.1 OR AY.112.2 OR AY.112.3 OR AY.113 OR AY.114 OR AY.116 OR AY.116.1 OR AY.117 OR AY.118 OR AY.119 OR AY.119.1 OR AY.119.2 OR AY.120 OR AY.120.1 OR AY.120.2 OR AY.120.2.1 OR AY.121 OR AY.121.1 OR AY.122 OR AY.122.1 OR AY.122.2 OR AY.122.3 OR AY.122.4 OR AY.122.5 OR AY.122.6 OR AY.123 OR AY.123.1 OR AY.124 OR AY.124.1 OR AY.124.1.1 OR AY.125 OR AY.125.1 OR AY.126 OR AY.127 OR AY.127.1 OR AY.127.2 OR AY.127.3 OR AY.128 OR AY.129 OR AY.130 OR AY.131 OR AY.132 OR AY.133 OR AY.134 OR B.1.617.2,Delta,3.64285714285714,1.35714285714286,0.372549019607843
2021-08-07,8,8,5.28571428571429,3,0.567567567567568,0.209416664076005,0.905609672655656,AY.1 OR AY.2 OR AY.3 OR AY.3.1 OR AY.3.2 OR AY.3.3 OR AY.3.4 OR AY.4 OR AY.4.1 OR AY.4.2 OR AY.4.2.1 OR AY.4.2.2 OR AY.4.2.3 OR AY.4.2.4 OR AY.4.2.5 OR AY.4.3 OR AY.4.4 OR AY.4.5 OR AY.4.6 OR AY.4.7 OR AY.4.8 OR AY.4.9 OR AY.4.10 OR AY.4.11 OR AY.4.12 OR AY.4.13 OR AY.4.14 OR AY.4.15 OR AY.4.16 OR AY.4.17 OR AY.5 OR AY.5.1 OR AY.5.2 OR AY.5.3 OR AY.5.4 OR AY.5.5 OR AY.5.6 OR AY.5.7 OR AY.6 OR AY.7 OR AY.7.1 OR AY.7.2 OR AY.8 OR AY.9 OR AY.9.2 OR AY.9.2.1 OR AY.9.2.2 OR AY.10 OR AY.11 OR AY.13 OR AY.14 OR AY.15 OR AY.16 OR AY.16.1 OR AY.17 OR AY.18 OR AY.19 OR AY.20 OR AY.20.1 OR AY.21 OR AY.22 OR AY.23 OR AY.23.1 OR AY.23.2 OR AY.24 OR AY.24.1 OR AY.25 OR AY.25.1 OR AY.25.1.1 OR AY.25.1.2 OR AY.25.2 OR AY.25.3 OR AY.26 OR AY.26.1 OR AY.27 OR AY.28 OR AY.29 OR AY.29.1 OR AY.29.2 OR AY.30 OR AY.31 OR AY.32 OR AY.33 OR AY.33.1 OR AY.33.2 OR AY.34 OR AY.34.1 OR AY.34.1.1 OR AY.34.2 OR AY.35 OR AY.36 OR AY.36.1 OR AY.37 OR AY.38 OR AY.39 OR AY.39.1 OR AY.39.1.1 OR AY.39.1.2 OR AY.39.1.3 OR AY.39.1.4 OR AY.39.2 OR AY.39.3 OR AY.40 OR AY.41 OR AY.42 OR AY.42.1 OR AY.43 OR AY.43.1 OR AY.43.2 OR AY.43.3 OR AY.43.4 OR AY.43.5 OR AY.43.6 OR AY.43.7 OR AY.43.8 OR AY.43.9 OR AY.44 OR AY.45 OR AY.46 OR AY.46.1 OR AY.46.2 OR AY.46.3 OR AY.46.4 OR AY.46.5 OR AY.46.6 OR AY.46.6.1 OR AY.47 OR AY.48 OR AY.49 OR AY.50 OR AY.51 OR AY.52 OR AY.53 OR AY.54 OR AY.55 OR AY.56 OR AY.57 OR AY.58 OR AY.59 OR AY.60 OR AY.61 OR AY.62 OR AY.63 OR AY.64 OR AY.65 OR AY.66 OR AY.67 OR AY.68 OR AY.69 OR AY.70 OR AY.71 OR AY.72 OR AY.73 OR AY.74 OR AY.75 OR AY.75.2 OR AY.75.3 OR AY.76 OR AY.77 OR AY.78 OR AY.79 OR AY.80 OR AY.81 OR AY.82 OR AY.83 OR AY.84 OR AY.85 OR AY.86 OR AY.87 OR AY.88 OR AY.90 OR AY.91 OR AY.91.1 OR AY.92 OR AY.93 OR AY.94 OR AY.95 OR AY.98 OR AY.98.1 OR AY.98.1.1 OR AY.99 OR AY.99.1 OR AY.99.2 OR AY.100 OR AY.101 OR AY.102 OR AY.102.1 OR AY.102.2 OR AY.103 OR AY.103.1 OR AY.103.2 OR AY.104 OR AY.105 OR AY.106 OR AY.107 OR AY.108 OR AY.109 OR AY.110 OR AY.111 OR AY.112 OR AY.112.1 OR AY.112.2 OR AY.112.3 OR AY.113 OR AY.114 OR AY.116 OR AY.116.1 OR AY.117 OR AY.118 OR AY.119 OR AY.119.1 OR AY.119.2 OR AY.120 OR AY.120.1 OR AY.120.2 OR AY.120.2.1 OR AY.121 OR AY.121.1 OR AY.122 OR AY.122.1 OR AY.122.2 OR AY.122.3 OR AY.122.4 OR AY.122.5 OR AY.122.6 OR AY.123 OR AY.123.1 OR AY.124 OR AY.124.1 OR AY.124.1.1 OR AY.125 OR AY.125.1 OR AY.126 OR AY.127 OR AY.127.1 OR AY.127.2 OR AY.127.3 OR AY.128 OR AY.129 OR AY.130 OR AY.131 OR AY.132 OR AY.133 OR AY.134 OR B.1.617.2,Delta,4,1.92857142857143,0.482142857142857
2021-08-08,11,8,6.57142857142857,4.14285714285714,0.630434782608696,0.234501249252094,0.86113578089511,AY.1 OR AY.2 OR AY.3 OR AY.3.1 OR AY.3.2 OR AY.3.3 OR AY.3.4 OR AY.4 OR AY.4.1 OR AY.4.2 OR AY.4.2.1 OR AY.4.2.2 OR AY.4.2.3 OR AY.4.2.4 OR AY.4.2.5 OR AY.4.3 OR AY.4.4 OR AY.4.5 OR AY.4.6 OR AY.4.7 OR AY.4.8 OR AY.4.9 OR AY.4.10 OR AY.4.11 OR AY.4.12 OR AY.4.13 OR AY.4.14 OR AY.4.15 OR AY.4.16 OR AY.4.17 OR AY.5 OR AY.5.1 OR AY.5.2 OR AY.5.3 OR AY.5.4 OR AY.5.5 OR AY.5.6 OR AY.5.7 OR AY.6 OR AY.7 OR AY.7.1 OR AY.7.2 OR AY.8 OR AY.9 OR AY.9.2 OR AY.9.2.1 OR AY.9.2.2 OR AY.10 OR AY.11 OR AY.13 OR AY.14 OR AY.15 OR AY.16 OR AY.16.1 OR AY.17 OR AY.18 OR AY.19 OR AY.20 OR AY.20.1 OR AY.21 OR AY.22 OR AY.23 OR AY.23.1 OR AY.23.2 OR AY.24 OR AY.24.1 OR AY.25 OR AY.25.1 OR AY.25.1.1 OR AY.25.1.2 OR AY.25.2 OR AY.25.3 OR AY.26 OR AY.26.1 OR AY.27 OR AY.28 OR AY.29 OR AY.29.1 OR AY.29.2 OR AY.30 OR AY.31 OR AY.32 OR AY.33 OR AY.33.1 OR AY.33.2 OR AY.34 OR AY.34.1 OR AY.34.1.1 OR AY.34.2 OR AY.35 OR AY.36 OR AY.36.1 OR AY.37 OR AY.38 OR AY.39 OR AY.39.1 OR AY.39.1.1 OR AY.39.1.2 OR AY.39.1.3 OR AY.39.1.4 OR AY.39.2 OR AY.39.3 OR AY.40 OR AY.41 OR AY.42 OR AY.42.1 OR AY.43 OR AY.43.1 OR AY.43.2 OR AY.43.3 OR AY.43.4 OR AY.43.5 OR AY.43.6 OR AY.43.7 OR AY.43.8 OR AY.43.9 OR AY.44 OR AY.45 OR AY.46 OR AY.46.1 OR AY.46.2 OR AY.46.3 OR AY.46.4 OR AY.46.5 OR AY.46.6 OR AY.46.6.1 OR AY.47 OR AY.48 OR AY.49 OR AY.50 OR AY.51 OR AY.52 OR AY.53 OR AY.54 OR AY.55 OR AY.56 OR AY.57 OR AY.58 OR AY.59 OR AY.60 OR AY.61 OR AY.62 OR AY.63 OR AY.64 OR AY.65 OR AY.66 OR AY.67 OR AY.68 OR AY.69 OR AY.70 OR AY.71 OR AY.72 OR AY.73 OR AY.74 OR AY.75 OR AY.75.2 OR AY.75.3 OR AY.76 OR AY.77 OR AY.78 OR AY.79 OR AY.80 OR AY.81 OR AY.82 OR AY.83 OR AY.84 OR AY.85 OR AY.86 OR AY.87 OR AY.88 OR AY.90 OR AY.91 OR AY.91.1 OR AY.92 OR AY.93 OR AY.94 OR AY.95 OR AY.98 OR AY.98.1 OR AY.98.1.1 OR AY.99 OR AY.99.1 OR AY.99.2 OR AY.100 OR AY.101 OR AY.102 OR AY.102.1 OR AY.102.2 OR AY.103 OR AY.103.1 OR AY.103.2 OR AY.104 OR AY.105 OR AY.106 OR AY.107 OR AY.108 OR AY.109 OR AY.110 OR AY.111 OR AY.112 OR AY.112.1 OR AY.112.2 OR AY.112.3 OR AY.113 OR AY.114 OR AY.116 OR AY.116.1 OR AY.117 OR AY.118 OR AY.119 OR AY.119.1 OR AY.119.2 OR AY.120 OR AY.120.1 OR AY.120.2 OR AY.120.2.1 OR AY.121 OR AY.121.1 OR AY.122 OR AY.122.1 OR AY.122.2 OR AY.122.3 OR AY.122.4 OR AY.122.5 OR AY.122.6 OR AY.123 OR AY.123.1 OR AY.124 OR AY.124.1 OR AY.124.1.1 OR AY.125 OR AY.125.1 OR AY.126 OR AY.127 OR AY.127.1 OR AY.127.2 OR AY.127.3 OR AY.128 OR AY.129 OR AY.130 OR AY.131 OR AY.132 OR AY.133 OR AY.134 OR B.1.617.2,Delta,4.71428571428571,2.5,0.53030303030303
2021-08-09,3,1,6,4,0.666666666666667,0.286423009254197,0.923229859965127,AY.1 OR AY.2 OR AY.3 OR AY.3.1 OR AY.3.2 OR AY.3.3 OR AY.3.4 OR AY.4 OR AY.4.1 OR AY.4.2 OR AY.4.2.1 OR AY.4.2.2 OR AY.4.2.3 OR AY.4.2.4 OR AY.4.2.5 OR AY.4.3 OR AY.4.4 OR AY.4.5 OR AY.4.6 OR AY.4.7 OR AY.4.8 OR AY.4.9 OR AY.4.10 OR AY.4.11 OR AY.4.12 OR AY.4.13 OR AY.4.14 OR AY.4.15 OR AY.4.16 OR AY.4.17 OR AY.5 OR AY.5.1 OR AY.5.2 OR AY.5.3 OR AY.5.4 OR AY.5.5 OR AY.5.6 OR AY.5.7 OR AY.6 OR AY.7 OR AY.7.1 OR AY.7.2 OR AY.8 OR AY.9 OR AY.9.2 OR AY.9.2.1 OR AY.9.2.2 OR AY.10 OR AY.11 OR AY.13 OR AY.14 OR AY.15 OR AY.16 OR AY.16.1 OR AY.17 OR AY.18 OR AY.19 OR AY.20 OR AY.20.1 OR AY.21 OR AY.22 OR AY.23 OR AY.23.1 OR AY.23.2 OR AY.24 OR AY.24.1 OR AY.25 OR AY.25.1 OR AY.25.1.1 OR AY.25.1.2 OR AY.25.2 OR AY.25.3 OR AY.26 OR AY.26.1 OR AY.27 OR AY.28 OR AY.29 OR AY.29.1 OR AY.29.2 OR AY.30 OR AY.31 OR AY.32 OR AY.33 OR AY.33.1 OR AY.33.2 OR AY.34 OR AY.34.1 OR AY.34.1.1 OR AY.34.2 OR AY.35 OR AY.36 OR AY.36.1 OR AY.37 OR AY.38 OR AY.39 OR AY.39.1 OR AY.39.1.1 OR AY.39.1.2 OR AY.39.1.3 OR AY.39.1.4 OR AY.39.2 OR AY.39.3 OR AY.40 OR AY.41 OR AY.42 OR AY.42.1 OR AY.43 OR AY.43.1 OR AY.43.2 OR AY.43.3 OR AY.43.4 OR AY.43.5 OR AY.43.6 OR AY.43.7 OR AY.43.8 OR AY.43.9 OR AY.44 OR AY.45 OR AY.46 OR AY.46.1 OR AY.46.2 OR AY.46.3 OR AY.46.4 OR AY.46.5 OR AY.46.6 OR AY.46.6.1 OR AY.47 OR AY.48 OR AY.49 OR AY.50 OR AY.51 OR AY.52 OR AY.53 OR AY.54 OR AY.55 OR AY.56 OR AY.57 OR AY.58 OR AY.59 OR AY.60 OR AY.61 OR AY.62 OR AY.63 OR AY.64 OR AY.65 OR AY.66 OR AY.67 OR AY.68 OR AY.69 OR AY.70 OR AY.71 OR AY.72 OR AY.73 OR AY.74 OR AY.75 OR AY.75.2 OR AY.75.3 OR AY.76 OR AY.77 OR AY.78 OR AY.79 OR AY.80 OR AY.81 OR AY.82 OR AY.83 OR AY.84 OR AY.85 OR AY.86 OR AY.87 OR AY.88 OR AY.90 OR AY.91 OR AY.91.1 OR AY.92 OR AY.93 OR AY.94 OR AY.95 OR AY.98 OR AY.98.1 OR AY.98.1.1 OR AY.99 OR AY.99.1 OR AY.99.2 OR AY.100 OR AY.101 OR AY.102 OR AY.102.1 OR AY.102.2 OR AY.103 OR AY.103.1 OR AY.103.2 OR AY.104 OR AY.105 OR AY.106 OR AY.107 OR AY.108 OR AY.109 OR AY.110 OR AY.111 OR AY.112 OR AY.112.1 OR AY.112.2 OR AY.112.3 OR AY.113 OR AY.114 OR AY.116 OR AY.116.1 OR AY.117 OR AY.118 OR AY.119 OR AY.119.1 OR AY.119.2 OR AY.120 OR AY.120.1 OR AY.120.2 OR AY.120.2.1 OR AY.121 OR AY.121.1 OR AY.122 OR AY.122.1 OR AY.122.2 OR AY.122.3 OR AY.122.4 OR AY.122.5 OR AY.122.6 OR AY.123 OR AY.123.1 OR AY.124 OR AY.124.1 OR AY.124.1.1 OR AY.125 OR AY.125.1 OR AY.126 OR AY.127 OR AY.127.1 OR AY.127.2 OR AY.127.3 OR AY.128 OR AY.129 OR AY.130 OR AY.131 OR AY.132 OR AY.133 OR AY.134 OR B.1.617.2,Delta,4.78571428571429,2.57142857142857,0.537313432835821
2021-08-10,4,3,6,4,0.666666666666667,0.286423009254197,0.923229859965127,AY.1 OR AY.2 OR AY.3 OR AY.3.1 OR AY.3.2 OR AY.3.3 OR AY.3.4 OR AY.4 OR AY.4.1 OR AY.4.2 OR AY.4.2.1 OR AY.4.2.2 OR AY.4.2.3 OR AY.4.2.4 OR AY.4.2.5 OR AY.4.3 OR AY.4.4 OR AY.4.5 OR AY.4.6 OR AY.4.7 OR AY.4.8 OR AY.4.9 OR AY.4.10 OR AY.4.11 OR AY.4.12 OR AY.4.13 OR AY.4.14 OR AY.4.15 OR AY.4.16 OR AY.4.17 OR AY.5 OR AY.5.1 OR AY.5.2 OR AY.5.3 OR AY.5.4 OR AY.5.5 OR AY.5.6 OR AY.5.7 OR AY.6 OR AY.7 OR AY.7.1 OR AY.7.2 OR AY.8 OR AY.9 OR AY.9.2 OR AY.9.2.1 OR AY.9.2.2 OR AY.10 OR AY.11 OR AY.13 OR AY.14 OR AY.15 OR AY.16 OR AY.16.1 OR AY.17 OR AY.18 OR AY.19 OR AY.20 OR AY.20.1 OR AY.21 OR AY.22 OR AY.23 OR AY.23.1 OR AY.23.2 OR AY.24 OR AY.24.1 OR AY.25 OR AY.25.1 OR AY.25.1.1 OR AY.25.1.2 OR AY.25.2 OR AY.25.3 OR AY.26 OR AY.26.1 OR AY.27 OR AY.28 OR AY.29 OR AY.29.1 OR AY.29.2 OR AY.30 OR AY.31 OR AY.32 OR AY.33 OR AY.33.1 OR AY.33.2 OR AY.34 OR AY.34.1 OR AY.34.1.1 OR AY.34.2 OR AY.35 OR AY.36 OR AY.36.1 OR AY.37 OR AY.38 OR AY.39 OR AY.39.1 OR AY.39.1.1 OR AY.39.1.2 OR AY.39.1.3 OR AY.39.1.4 OR AY.39.2 OR AY.39.3 OR AY.40 OR AY.41 OR AY.42 OR AY.42.1 OR AY.43 OR AY.43.1 OR AY.43.2 OR AY.43.3 OR AY.43.4 OR AY.43.5 OR AY.43.6 OR AY.43.7 OR AY.43.8 OR AY.43.9 OR AY.44 OR AY.45 OR AY.46 OR AY.46.1 OR AY.46.2 OR AY.46.3 OR AY.46.4 OR AY.46.5 OR AY.46.6 OR AY.46.6.1 OR AY.47 OR AY.48 OR AY.49 OR AY.50 OR AY.51 OR AY.52 OR AY.53 OR AY.54 OR AY.55 OR AY.56 OR AY.57 OR AY.58 OR AY.59 OR AY.60 OR AY.61 OR AY.62 OR AY.63 OR AY.64 OR AY.65 OR AY.66 OR AY.67 OR AY.68 OR AY.69 OR AY.70 OR AY.71 OR AY.72 OR AY.73 OR AY.74 OR AY.75 OR AY.75.2 OR AY.75.3 OR AY.76 OR AY.77 OR AY.78 OR AY.79 OR AY.80 OR AY.81 OR AY.82 OR AY.83 OR AY.84 OR AY.85 OR AY.86 OR AY.87 OR AY.88 OR AY.90 OR AY.91 OR AY.91.1 OR AY.92 OR AY.93 OR AY.94 OR AY.95 OR AY.98 OR AY.98.1 OR AY.98.1.1 OR AY.99 OR AY.99.1 OR AY.99.2 OR AY.100 OR AY.101 OR AY.102 OR AY.102.1 OR AY.102.2 OR AY.103 OR AY.103.1 OR AY.103.2 OR AY.104 OR AY.105 OR AY.106 OR AY.107 OR AY.108 OR AY.109 OR AY.110 OR AY.111 OR AY.112 OR AY.112.1 OR AY.112.2 OR AY.112.3 OR AY.113 OR AY.114 OR AY.116 OR AY.116.1 OR AY.117 OR AY.118 OR AY.119 OR AY.119.1 OR AY.119.2 OR AY.120 OR AY.120.1 OR AY.120.2 OR AY.120.2.1 OR AY.121 OR AY.121.1 OR AY.122 OR AY.122.1 OR AY.122.2 OR AY.122.3 OR AY.122.4 OR AY.122.5 OR AY.122.6 OR AY.123 OR AY.123.1 OR AY.124 OR AY.124.1 OR AY.124.1.1 OR AY.125 OR AY.125.1 OR AY.126 OR AY.127 OR AY.127.1 OR AY.127.2 OR AY.127.3 OR AY.128 OR AY.129 OR AY.130 OR AY.131 OR AY.132 OR AY.133 OR AY.134 OR B.1.617.2,Delta,4.64285714285714,2.57142857142857,0.553846153846154
2021-08-11,4,2,6.28571428571429,4.28571428571429,0.681818181818182,0.286423009254197,0.923229859965127,AY.1 OR AY.2 OR AY.3 OR AY.3.1 OR AY.3.2 OR AY.3.3 OR AY.3.4 OR AY.4 OR AY.4.1 OR AY.4.2 OR AY.4.2.1 OR AY.4.2.2 OR AY.4.2.3 OR AY.4.2.4 OR AY.4.2.5 OR AY.4.3 OR AY.4.4 OR AY.4.5 OR AY.4.6 OR AY.4.7 OR AY.4.8 OR AY.4.9 OR AY.4.10 OR AY.4.11 OR AY.4.12 OR AY.4.13 OR AY.4.14 OR AY.4.15 OR AY.4.16 OR AY.4.17 OR AY.5 OR AY.5.1 OR AY.5.2 OR AY.5.3 OR AY.5.4 OR AY.5.5 OR AY.5.6 OR AY.5.7 OR AY.6 OR AY.7 OR AY.7.1 OR AY.7.2 OR AY.8 OR AY.9 OR AY.9.2 OR AY.9.2.1 OR AY.9.2.2 OR AY.10 OR AY.11 OR AY.13 OR AY.14 OR AY.15 OR AY.16 OR AY.16.1 OR AY.17 OR AY.18 OR AY.19 OR AY.20 OR AY.20.1 OR AY.21 OR AY.22 OR AY.23 OR AY.23.1 OR AY.23.2 OR AY.24 OR AY.24.1 OR AY.25 OR AY.25.1 OR AY.25.1.1 OR AY.25.1.2 OR AY.25.2 OR AY.25.3 OR AY.26 OR AY.26.1 OR AY.27 OR AY.28 OR AY.29 OR AY.29.1 OR AY.29.2 OR AY.30 OR AY.31 OR AY.32 OR AY.33 OR AY.33.1 OR AY.33.2 OR AY.34 OR AY.34.1 OR AY.34.1.1 OR AY.34.2 OR AY.35 OR AY.36 OR AY.36.1 OR AY.37 OR AY.38 OR AY.39 OR AY.39.1 OR AY.39.1.1 OR AY.39.1.2 OR AY.39.1.3 OR AY.39.1.4 OR AY.39.2 OR AY.39.3 OR AY.40 OR AY.41 OR AY.42 OR AY.42.1 OR AY.43 OR AY.43.1 OR AY.43.2 OR AY.43.3 OR AY.43.4 OR AY.43.5 OR AY.43.6 OR AY.43.7 OR AY.43.8 OR AY.43.9 OR AY.44 OR AY.45 OR AY.46 OR AY.46.1 OR AY.46.2 OR AY.46.3 OR AY.46.4 OR AY.46.5 OR AY.46.6 OR AY.46.6.1 OR AY.47 OR AY.48 OR AY.49 OR AY.50 OR AY.51 OR AY.52 OR AY.53 OR AY.54 OR AY.55 OR AY.56 OR AY.57 OR AY.58 OR AY.59 OR AY.60 OR AY.61 OR AY.62 OR AY.63 OR AY.64 OR AY.65 OR AY.66 OR AY.67 OR AY.68 OR AY.69 OR AY.70 OR AY.71 OR AY.72 OR AY.73 OR AY.74 OR AY.75 OR AY.75.2 OR AY.75.3 OR AY.76 OR AY.77 OR AY.78 OR AY.79 OR AY.80 OR AY.81 OR AY.82 OR AY.83 OR AY.84 OR AY.85 OR AY.86 OR AY.87 OR AY.88 OR AY.90 OR AY.91 OR AY.91.1 OR AY.92 OR AY.93 OR AY.94 OR AY.95 OR AY.98 OR AY.98.1 OR AY.98.1.1 OR AY.99 OR AY.99.1 OR AY.99.2 OR AY.100 OR AY.101 OR AY.102 OR AY.102.1 OR AY.102.2 OR AY.103 OR AY.103.1 OR AY.103.2 OR AY.104 OR AY.105 OR AY.106 OR AY.107 OR AY.108 OR AY.109 OR AY.110 OR AY.111 OR AY.112 OR AY.112.1 OR AY.112.2 OR AY.112.3 OR AY.113 OR AY.114 OR AY.116 OR AY.116.1 OR AY.117 OR AY.118 OR AY.119 OR AY.119.1 OR AY.119.2 OR AY.120 OR AY.120.1 OR AY.120.2 OR AY.120.2.1 OR AY.121 OR AY.121.1 OR AY.122 OR AY.122.1 OR AY.122.2 OR AY.122.3 OR AY.122.4 OR AY.122.5 OR AY.122.6 OR AY.123 OR AY.123.1 OR AY.124 OR AY.124.1 OR AY.124.1.1 OR AY.125 OR AY.125.1 OR AY.126 OR AY.127 OR AY.127.1 OR AY.127.2 OR AY.127.3 OR AY.128 OR AY.129 OR AY.130 OR AY.131 OR AY.132 OR AY.133 OR AY.134 OR B.1.617.2,Delta,4.78571428571429,2.64285714285714,0.552238805970149
2021-08-12,4,2,5.71428571428571,3.85714285714286,0.675,0.286423009254197,0.923229859965127,AY.1 OR AY.2 OR AY.3 OR AY.3.1 OR AY.3.2 OR AY.3.3 OR AY.3.4 OR AY.4 OR AY.4.1 OR AY.4.2 OR AY.4.2.1 OR AY.4.2.2 OR AY.4.2.3 OR AY.4.2.4 OR AY.4.2.5 OR AY.4.3 OR AY.4.4 OR AY.4.5 OR AY.4.6 OR AY.4.7 OR AY.4.8 OR AY.4.9 OR AY.4.10 OR AY.4.11 OR AY.4.12 OR AY.4.13 OR AY.4.14 OR AY.4.15 OR AY.4.16 OR AY.4.17 OR AY.5 OR AY.5.1 OR AY.5.2 OR AY.5.3 OR AY.5.4 OR AY.5.5 OR AY.5.6 OR AY.5.7 OR AY.6 OR AY.7 OR AY.7.1 OR AY.7.2 OR AY.8 OR AY.9 OR AY.9.2 OR AY.9.2.1 OR AY.9.2.2 OR AY.10 OR AY.11 OR AY.13 OR AY.14 OR AY.15 OR AY.16 OR AY.16.1 OR AY.17 OR AY.18 OR AY.19 OR AY.20 OR AY.20.1 OR AY.21 OR AY.22 OR AY.23 OR AY.23.1 OR AY.23.2 OR AY.24 OR AY.24.1 OR AY.25 OR AY.25.1 OR AY.25.1.1 OR AY.25.1.2 OR AY.25.2 OR AY.25.3 OR AY.26 OR AY.26.1 OR AY.27 OR AY.28 OR AY.29 OR AY.29.1 OR AY.29.2 OR AY.30 OR AY.31 OR AY.32 OR AY.33 OR AY.33.1 OR AY.33.2 OR AY.34 OR AY.34.1 OR AY.34.1.1 OR AY.34.2 OR AY.35 OR AY.36 OR AY.36.1 OR AY.37 OR AY.38 OR AY.39 OR AY.39.1 OR AY.39.1.1 OR AY.39.1.2 OR AY.39.1.3 OR AY.39.1.4 OR AY.39.2 OR AY.39.3 OR AY.40 OR AY.41 OR AY.42 OR AY.42.1 OR AY.43 OR AY.43.1 OR AY.43.2 OR AY.43.3 OR AY.43.4 OR AY.43.5 OR AY.43.6 OR AY.43.7 OR AY.43.8 OR AY.43.9 OR AY.44 OR AY.45 OR AY.46 OR AY.46.1 OR AY.46.2 OR AY.46.3 OR AY.46.4 OR AY.46.5 OR AY.46.6 OR AY.46.6.1 OR AY.47 OR AY.48 OR AY.49 OR AY.50 OR AY.51 OR AY.52 OR AY.53 OR AY.54 OR AY.55 OR AY.56 OR AY.57 OR AY.58 OR AY.59 OR AY.60 OR AY.61 OR AY.62 OR AY.63 OR AY.64 OR AY.65 OR AY.66 OR AY.67 OR AY.68 OR AY.69 OR AY.70 OR AY.71 OR AY.72 OR AY.73 OR AY.74 OR AY.75 OR AY.75.2 OR AY.75.3 OR AY.76 OR AY.77 OR AY.78 OR AY.79 OR AY.80 OR AY.81 OR AY.82 OR AY.83 OR AY.84 OR AY.85 OR AY.86 OR AY.87 OR AY.88 OR AY.90 OR AY.91 OR AY.91.1 OR AY.92 OR AY.93 OR AY.94 OR AY.95 OR AY.98 OR AY.98.1 OR AY.98.1.1 OR AY.99 OR AY.99.1 OR AY.99.2 OR AY.100 OR AY.101 OR AY.102 OR AY.102.1 OR AY.102.2 OR AY.103 OR AY.103.1 OR AY.103.2 OR AY.104 OR AY.105 OR AY.106 OR AY.107 OR AY.108 OR AY.109 OR AY.110 OR AY.111 OR AY.112 OR AY.112.1 OR AY.112.2 OR AY.112.3 OR AY.113 OR AY.114 OR AY.116 OR AY.116.1 OR AY.117 OR AY.118 OR AY.119 OR AY.119.1 OR AY.119.2 OR AY.120 OR AY.120.1 OR AY.120.2 OR AY.120.2.1 OR AY.121 OR AY.121.1 OR AY.122 OR AY.122.1 OR AY.122.2 OR AY.122.3 OR AY.122.4 OR AY.122.5 OR AY.122.6 OR AY.123 OR AY.123.1 OR AY.124 OR AY.124.1 OR AY.124.1.1 OR AY.125 OR AY.125.1 OR AY.126 OR AY.127 OR AY.127.1 OR AY.127.2 OR AY.127.3 OR AY.128 OR AY.129 OR AY.130 OR AY.131 OR AY.132 OR AY.133 OR AY.134 OR B.1.617.2,Delta,5,2.71428571428571,0.542857142857143
2021-08-13,4,4,5.42857142857143,4,0.736842105263158,0.371373599368006,0.977487234000845,AY.1 OR AY.2 OR AY.3 OR AY.3.1 OR AY.3.2 OR AY.3.3 OR AY.3.4 OR AY.4 OR AY.4.1 OR AY.4.2 OR AY.4.2.1 OR AY.4.2.2 OR AY.4.2.3 OR AY.4.2.4 OR AY.4.2.5 OR AY.4.3 OR AY.4.4 OR AY.4.5 OR AY.4.6 OR AY.4.7 OR AY.4.8 OR AY.4.9 OR AY.4.10 OR AY.4.11 OR AY.4.12 OR AY.4.13 OR AY.4.14 OR AY.4.15 OR AY.4.16 OR AY.4.17 OR AY.5 OR AY.5.1 OR AY.5.2 OR AY.5.3 OR AY.5.4 OR AY.5.5 OR AY.5.6 OR AY.5.7 OR AY.6 OR AY.7 OR AY.7.1 OR AY.7.2 OR AY.8 OR AY.9 OR AY.9.2 OR AY.9.2.1 OR AY.9.2.2 OR AY.10 OR AY.11 OR AY.13 OR AY.14 OR AY.15 OR AY.16 OR AY.16.1 OR AY.17 OR AY.18 OR AY.19 OR AY.20 OR AY.20.1 OR AY.21 OR AY.22 OR AY.23 OR AY.23.1 OR AY.23.2 OR AY.24 OR AY.24.1 OR AY.25 OR AY.25.1 OR AY.25.1.1 OR AY.25.1.2 OR AY.25.2 OR AY.25.3 OR AY.26 OR AY.26.1 OR AY.27 OR AY.28 OR AY.29 OR AY.29.1 OR AY.29.2 OR AY.30 OR AY.31 OR AY.32 OR AY.33 OR AY.33.1 OR AY.33.2 OR AY.34 OR AY.34.1 OR AY.34.1.1 OR AY.34.2 OR AY.35 OR AY.36 OR AY.36.1 OR AY.37 OR AY.38 OR AY.39 OR AY.39.1 OR AY.39.1.1 OR AY.39.1.2 OR AY.39.1.3 OR AY.39.1.4 OR AY.39.2 OR AY.39.3 OR AY.40 OR AY.41 OR AY.42 OR AY.42.1 OR AY.43 OR AY.43.1 OR AY.43.2 OR AY.43.3 OR AY.43.4 OR AY.43.5 OR AY.43.6 OR AY.43.7 OR AY.43.8 OR AY.43.9 OR AY.44 OR AY.45 OR AY.46 OR AY.46.1 OR AY.46.2 OR AY.46.3 OR AY.46.4 OR AY.46.5 OR AY.46.6 OR AY.46.6.1 OR AY.47 OR AY.48 OR AY.49 OR AY.50 OR AY.51 OR AY.52 OR AY.53 OR AY.54 OR AY.55 OR AY.56 OR AY.57 OR AY.58 OR AY.59 OR AY.60 OR AY.61 OR AY.62 OR AY.63 OR AY.64 OR AY.65 OR AY.66 OR AY.67 OR AY.68 OR AY.69 OR AY.70 OR AY.71 OR AY.72 OR AY.73 OR AY.74 OR AY.75 OR AY.75.2 OR AY.75.3 OR AY.76 OR AY.77 OR AY.78 OR AY.79 OR AY.80 OR AY.81 OR AY.82 OR AY.83 OR AY.84 OR AY.85 OR AY.86 OR AY.87 OR AY.88 OR AY.90 OR AY.91 OR AY.91.1 OR AY.92 OR AY.93 OR AY.94 OR AY.95 OR AY.98 OR AY.98.1 OR AY.98.1.1 OR AY.99 OR AY.99.1 OR AY.99.2 OR AY.100 OR AY.101 OR AY.102 OR AY.102.1 OR AY.102.2 OR AY.103 OR AY.103.1 OR AY.103.2 OR AY.104 OR AY.105 OR AY.106 OR AY.107 OR AY.108 OR AY.109 OR AY.110 OR AY.111 OR AY.112 OR AY.112.1 OR AY.112.2 OR AY.112.3 OR AY.113 OR AY.114 OR AY.116 OR AY.116.1 OR AY.117 OR AY.118 OR AY.119 OR AY.119.1 OR AY.119.2 OR AY.120 OR AY.120.1 OR AY.120.2 OR AY.120.2.1 OR AY.121 OR AY.121.1 OR AY.122 OR AY.122.1 OR AY.122.2 OR AY.122.3 OR AY.122.4 OR AY.122.5 OR AY.122.6 OR AY.123 OR AY.123.1 OR AY.124 OR AY.124.1 OR AY.124.1.1 OR AY.125 OR AY.125.1 OR AY.126 OR AY.127 OR AY.127.1 OR AY.127.2 OR AY.127.3 OR AY.128 OR AY.129 OR AY.130 OR AY.131 OR AY.132 OR AY.133 OR AY.134 OR B.1.617.2,Delta,5.07142857142857,2.92857142857143,0.577464788732394
2021-08-14,3,1,4.71428571428571,3,0.636363636363636,0.209416664076005,0.905609672655656,AY.1 OR AY.2 OR AY.3 OR AY.3.1 OR AY.3.2 OR AY.3.3 OR AY.3.4 OR AY.4 OR AY.4.1 OR AY.4.2 OR AY.4.2.1 OR AY.4.2.2 OR AY.4.2.3 OR AY.4.2.4 OR AY.4.2.5 OR AY.4.3 OR AY.4.4 OR AY.4.5 OR AY.4.6 OR AY.4.7 OR AY.4.8 OR AY.4.9 OR AY.4.10 OR AY.4.11 OR AY.4.12 OR AY.4.13 OR AY.4.14 OR AY.4.15 OR AY.4.16 OR AY.4.17 OR AY.5 OR AY.5.1 OR AY.5.2 OR AY.5.3 OR AY.5.4 OR AY.5.5 OR AY.5.6 OR AY.5.7 OR AY.6 OR AY.7 OR AY.7.1 OR AY.7.2 OR AY.8 OR AY.9 OR AY.9.2 OR AY.9.2.1 OR AY.9.2.2 OR AY.10 OR AY.11 OR AY.13 OR AY.14 OR AY.15 OR AY.16 OR AY.16.1 OR AY.17 OR AY.18 OR AY.19 OR AY.20 OR AY.20.1 OR AY.21 OR AY.22 OR AY.23 OR AY.23.1 OR AY.23.2 OR AY.24 OR AY.24.1 OR AY.25 OR AY.25.1 OR AY.25.1.1 OR AY.25.1.2 OR AY.25.2 OR AY.25.3 OR AY.26 OR AY.26.1 OR AY.27 OR AY.28 OR AY.29 OR AY.29.1 OR AY.29.2 OR AY.30 OR AY.31 OR AY.32 OR AY.33 OR AY.33.1 OR AY.33.2 OR AY.34 OR AY.34.1 OR AY.34.1.1 OR AY.34.2 OR AY.35 OR AY.36 OR AY.36.1 OR AY.37 OR AY.38 OR AY.39 OR AY.39.1 OR AY.39.1.1 OR AY.39.1.2 OR AY.39.1.3 OR AY.39.1.4 OR AY.39.2 OR AY.39.3 OR AY.40 OR AY.41 OR AY.42 OR AY.42.1 OR AY.43 OR AY.43.1 OR AY.43.2 OR AY.43.3 OR AY.43.4 OR AY.43.5 OR AY.43.6 OR AY.43.7 OR AY.43.8 OR AY.43.9 OR AY.44 OR AY.45 OR AY.46 OR AY.46.1 OR AY.46.2 OR AY.46.3 OR AY.46.4 OR AY.46.5 OR AY.46.6 OR AY.46.6.1 OR AY.47 OR AY.48 OR AY.49 OR AY.50 OR AY.51 OR AY.52 OR AY.53 OR AY.54 OR AY.55 OR AY.56 OR AY.57 OR AY.58 OR AY.59 OR AY.60 OR AY.61 OR AY.62 OR AY.63 OR AY.64 OR AY.65 OR AY.66 OR AY.67 OR AY.68 OR AY.69 OR AY.70 OR AY.71 OR AY.72 OR AY.73 OR AY.74 OR AY.75 OR AY.75.2 OR AY.75.3 OR AY.76 OR AY.77 OR AY.78 OR AY.79 OR AY.80 OR AY.81 OR AY.82 OR AY.83 OR AY.84 OR AY.85 OR AY.86 OR AY.87 OR AY.88 OR AY.90 OR AY.91 OR AY.91.1 OR AY.92 OR AY.93 OR AY.94 OR AY.95 OR AY.98 OR AY.98.1 OR AY.98.1.1 OR AY.99 OR AY.99.1 OR AY.99.2 OR AY.100 OR AY.101 OR AY.102 OR AY.102.1 OR AY.102.2 OR AY.103 OR AY.103.1 OR AY.103.2 OR AY.104 OR AY.105 OR AY.106 OR AY.107 OR AY.108 OR AY.109 OR AY.110 OR AY.111 OR AY.112 OR AY.112.1 OR AY.112.2 OR AY.112.3 OR AY.113 OR AY.114 OR AY.116 OR AY.116.1 OR AY.117 OR AY.118 OR AY.119 OR AY.119.1 OR AY.119.2 OR AY.120 OR AY.120.1 OR AY.120.2 OR AY.120.2.1 OR AY.121 OR AY.121.1 OR AY.122 OR AY.122.1 OR AY.122.2 OR AY.122.3 OR AY.122.4 OR AY.122.5 OR AY.122.6 OR AY.123 OR AY.123.1 OR AY.124 OR AY.124.1 OR AY.124.1.1 OR AY.125 OR AY.125.1 OR AY.126 OR AY.127 OR AY.127.1 OR AY.127.2 OR AY.127.3 OR AY.128 OR AY.129 OR AY.130 OR AY.131 OR AY.132 OR AY.133 OR AY.134 OR B.1.617.2,Delta,5,3,0.6
2021-08-16,5,3,4,2.5,0.625,0.122753882769518,0.877246117230482,AY.1 OR AY.2 OR AY.3 OR AY.3.1 OR AY.3.2 OR AY.3.3 OR AY.3.4 OR AY.4 OR AY.4.1 OR AY.4.2 OR AY.4.2.1 OR AY.4.2.2 OR AY.4.2.3 OR AY.4.2.4 OR AY.4.2.5 OR AY.4.3 OR AY.4.4 OR AY.4.5 OR AY.4.6 OR AY.4.7 OR AY.4.8 OR AY.4.9 OR AY.4.10 OR AY.4.11 OR AY.4.12 OR AY.4.13 OR AY.4.14 OR AY.4.15 OR AY.4.16 OR AY.4.17 OR AY.5 OR AY.5.1 OR AY.5.2 OR AY.5.3 OR AY.5.4 OR AY.5.5 OR AY.5.6 OR AY.5.7 OR AY.6 OR AY.7 OR AY.7.1 OR AY.7.2 OR AY.8 OR AY.9 OR AY.9.2 OR AY.9.2.1 OR AY.9.2.2 OR AY.10 OR AY.11 OR AY.13 OR AY.14 OR AY.15 OR AY.16 OR AY.16.1 OR AY.17 OR AY.18 OR AY.19 OR AY.20 OR AY.20.1 OR AY.21 OR AY.22 OR AY.23 OR AY.23.1 OR AY.23.2 OR AY.24 OR AY.24.1 OR AY.25 OR AY.25.1 OR AY.25.1.1 OR AY.25.1.2 OR AY.25.2 OR AY.25.3 OR AY.26 OR AY.26.1 OR AY.27 OR AY.28 OR AY.29 OR AY.29.1 OR AY.29.2 OR AY.30 OR AY.31 OR AY.32 OR AY.33 OR AY.33.1 OR AY.33.2 OR AY.34 OR AY.34.1 OR AY.34.1.1 OR AY.34.2 OR AY.35 OR AY.36 OR AY.36.1 OR AY.37 OR AY.38 OR AY.39 OR AY.39.1 OR AY.39.1.1 OR AY.39.1.2 OR AY.39.1.3 OR AY.39.1.4 OR AY.39.2 OR AY.39.3 OR AY.40 OR AY.41 OR AY.42 OR AY.42.1 OR AY.43 OR AY.43.1 OR AY.43.2 OR AY.43.3 OR AY.43.4 OR AY.43.5 OR AY.43.6 OR AY.43.7 OR AY.43.8 OR AY.43.9 OR AY.44 OR AY.45 OR AY.46 OR AY.46.1 OR AY.46.2 OR AY.46.3 OR AY.46.4 OR AY.46.5 OR AY.46.6 OR AY.46.6.1 OR AY.47 OR AY.48 OR AY.49 OR AY.50 OR AY.51 OR AY.52 OR AY.53 OR AY.54 OR AY.55 OR AY.56 OR AY.57 OR AY.58 OR AY.59 OR AY.60 OR AY.61 OR AY.62 OR AY.63 OR AY.64 OR AY.65 OR AY.66 OR AY.67 OR AY.68 OR AY.69 OR AY.70 OR AY.71 OR AY.72 OR AY.73 OR AY.74 OR AY.75 OR AY.75.2 OR AY.75.3 OR AY.76 OR AY.77 OR AY.78 OR AY.79 OR AY.80 OR AY.81 OR AY.82 OR AY.83 OR AY.84 OR AY.85 OR AY.86 OR AY.87 OR AY.88 OR AY.90 OR AY.91 OR AY.91.1 OR AY.92 OR AY.93 OR AY.94 OR AY.95 OR AY.98 OR AY.98.1 OR AY.98.1.1 OR AY.99 OR AY.99.1 OR AY.99.2 OR AY.100 OR AY.101 OR AY.102 OR AY.102.1 OR AY.102.2 OR AY.103 OR AY.103.1 OR AY.103.2 OR AY.104 OR AY.105 OR AY.106 OR AY.107 OR AY.108 OR AY.109 OR AY.110 OR AY.111 OR AY.112 OR AY.112.1 OR AY.112.2 OR AY.112.3 OR AY.113 OR AY.114 OR AY.116 OR AY.116.1 OR AY.117 OR AY.118 OR AY.119 OR AY.119.1 OR AY.119.2 OR AY.120 OR AY.120.1 OR AY.120.2 OR AY.120.2.1 OR AY.121 OR AY.121.1 OR AY.122 OR AY.122.1 OR AY.122.2 OR AY.122.3 OR AY.122.4 OR AY.122.5 OR AY.122.6 OR AY.123 OR AY.123.1 OR AY.124 OR AY.124.1 OR AY.124.1.1 OR AY.125 OR AY.125.1 OR AY.126 OR AY.127 OR AY.127.1 OR AY.127.2 OR AY.127.3 OR AY.128 OR AY.129 OR AY.130 OR AY.131 OR AY.132 OR AY.133 OR AY.134 OR B.1.617.2,Delta,5.21428571428571,3.21428571428571,0.616438356164384
2021-08-17,2,2,3.66666666666667,2.33333333333333,0.636363636363637,0.122753882769518,0.877246117230482,AY.1 OR AY.2 OR AY.3 OR AY.3.1 OR AY.3.2 OR AY.3.3 OR AY.3.4 OR AY.4 OR AY.4.1 OR AY.4.2 OR AY.4.2.1 OR AY.4.2.2 OR AY.4.2.3 OR AY.4.2.4 OR AY.4.2.5 OR AY.4.3 OR AY.4.4 OR AY.4.5 OR AY.4.6 OR AY.4.7 OR AY.4.8 OR AY.4.9 OR AY.4.10 OR AY.4.11 OR AY.4.12 OR AY.4.13 OR AY.4.14 OR AY.4.15 OR AY.4.16 OR AY.4.17 OR AY.5 OR AY.5.1 OR AY.5.2 OR AY.5.3 OR AY.5.4 OR AY.5.5 OR AY.5.6 OR AY.5.7 OR AY.6 OR AY.7 OR AY.7.1 OR AY.7.2 OR AY.8 OR AY.9 OR AY.9.2 OR AY.9.2.1 OR AY.9.2.2 OR AY.10 OR AY.11 OR AY.13 OR AY.14 OR AY.15 OR AY.16 OR AY.16.1 OR AY.17 OR AY.18 OR AY.19 OR AY.20 OR AY.20.1 OR AY.21 OR AY.22 OR AY.23 OR AY.23.1 OR AY.23.2 OR AY.24 OR AY.24.1 OR AY.25 OR AY.25.1 OR AY.25.1.1 OR AY.25.1.2 OR AY.25.2 OR AY.25.3 OR AY.26 OR AY.26.1 OR AY.27 OR AY.28 OR AY.29 OR AY.29.1 OR AY.29.2 OR AY.30 OR AY.31 OR AY.32 OR AY.33 OR AY.33.1 OR AY.33.2 OR AY.34 OR AY.34.1 OR AY.34.1.1 OR AY.34.2 OR AY.35 OR AY.36 OR AY.36.1 OR AY.37 OR AY.38 OR AY.39 OR AY.39.1 OR AY.39.1.1 OR AY.39.1.2 OR AY.39.1.3 OR AY.39.1.4 OR AY.39.2 OR AY.39.3 OR AY.40 OR AY.41 OR AY.42 OR AY.42.1 OR AY.43 OR AY.43.1 OR AY.43.2 OR AY.43.3 OR AY.43.4 OR AY.43.5 OR AY.43.6 OR AY.43.7 OR AY.43.8 OR AY.43.9 OR AY.44 OR AY.45 OR AY.46 OR AY.46.1 OR AY.46.2 OR AY.46.3 OR AY.46.4 OR AY.46.5 OR AY.46.6 OR AY.46.6.1 OR AY.47 OR AY.48 OR AY.49 OR AY.50 OR AY.51 OR AY.52 OR AY.53 OR AY.54 OR AY.55 OR AY.56 OR AY.57 OR AY.58 OR AY.59 OR AY.60 OR AY.61 OR AY.62 OR AY.63 OR AY.64 OR AY.65 OR AY.66 OR AY.67 OR AY.68 OR AY.69 OR AY.70 OR AY.71 OR AY.72 OR AY.73 OR AY.74 OR AY.75 OR AY.75.2 OR AY.75.3 OR AY.76 OR AY.77 OR AY.78 OR AY.79 OR AY.80 OR AY.81 OR AY.82 OR AY.83 OR AY.84 OR AY.85 OR AY.86 OR AY.87 OR AY.88 OR AY.90 OR AY.91 OR AY.91.1 OR AY.92 OR AY.93 OR AY.94 OR AY.95 OR AY.98 OR AY.98.1 OR AY.98.1.1 OR AY.99 OR AY.99.1 OR AY.99.2 OR AY.100 OR AY.101 OR AY.102 OR AY.102.1 OR AY.102.2 OR AY.103 OR AY.103.1 OR AY.103.2 OR AY.104 OR AY.105 OR AY.106 OR AY.107 OR AY.108 OR AY.109 OR AY.110 OR AY.111 OR AY.112 OR AY.112.1 OR AY.112.2 OR AY.112.3 OR AY.113 OR AY.114 OR AY.116 OR AY.116.1 OR AY.117 OR AY.118 OR AY.119 OR AY.119.1 OR AY.119.2 OR AY.120 OR AY.120.1 OR AY.120.2 OR AY.120.2.1 OR AY.121 OR AY.121.1 OR AY.122 OR AY.122.1 OR AY.122.2 OR AY.122.3 OR AY.122.4 OR AY.122.5 OR AY.122.6 OR AY.123 OR AY.123.1 OR AY.124 OR AY.124.1 OR AY.124.1.1 OR AY.125 OR AY.125.1 OR AY.126 OR AY.127 OR AY.127.1 OR AY.127.2 OR AY.127.3 OR AY.128 OR AY.129 OR AY.130 OR AY.131 OR AY.132 OR AY.133 OR AY.134 OR B.1.617.2,Delta,4.85714285714286,3.21428571428571,0.661764705882353
2021-08-18,9,6,4.5,3,0.666666666666667,0.283751679563413,0.971529104912853,AY.1 OR AY.2 OR AY.3 OR AY.3.1 OR AY.3.2 OR AY.3.3 OR AY.3.4 OR AY.4 OR AY.4.1 OR AY.4.2 OR AY.4.2.1 OR AY.4.2.2 OR AY.4.2.3 OR AY.4.2.4 OR AY.4.2.5 OR AY.4.3 OR AY.4.4 OR AY.4.5 OR AY.4.6 OR AY.4.7 OR AY.4.8 OR AY.4.9 OR AY.4.10 OR AY.4.11 OR AY.4.12 OR AY.4.13 OR AY.4.14 OR AY.4.15 OR AY.4.16 OR AY.4.17 OR AY.5 OR AY.5.1 OR AY.5.2 OR AY.5.3 OR AY.5.4 OR AY.5.5 OR AY.5.6 OR AY.5.7 OR AY.6 OR AY.7 OR AY.7.1 OR AY.7.2 OR AY.8 OR AY.9 OR AY.9.2 OR AY.9.2.1 OR AY.9.2.2 OR AY.10 OR AY.11 OR AY.13 OR AY.14 OR AY.15 OR AY.16 OR AY.16.1 OR AY.17 OR AY.18 OR AY.19 OR AY.20 OR AY.20.1 OR AY.21 OR AY.22 OR AY.23 OR AY.23.1 OR AY.23.2 OR AY.24 OR AY.24.1 OR AY.25 OR AY.25.1 OR AY.25.1.1 OR AY.25.1.2 OR AY.25.2 OR AY.25.3 OR AY.26 OR AY.26.1 OR AY.27 OR AY.28 OR AY.29 OR AY.29.1 OR AY.29.2 OR AY.30 OR AY.31 OR AY.32 OR AY.33 OR AY.33.1 OR AY.33.2 OR AY.34 OR AY.34.1 OR AY.34.1.1 OR AY.34.2 OR AY.35 OR AY.36 OR AY.36.1 OR AY.37 OR AY.38 OR AY.39 OR AY.39.1 OR AY.39.1.1 OR AY.39.1.2 OR AY.39.1.3 OR AY.39.1.4 OR AY.39.2 OR AY.39.3 OR AY.40 OR AY.41 OR AY.42 OR AY.42.1 OR AY.43 OR AY.43.1 OR AY.43.2 OR AY.43.3 OR AY.43.4 OR AY.43.5 OR AY.43.6 OR AY.43.7 OR AY.43.8 OR AY.43.9 OR AY.44 OR AY.45 OR AY.46 OR AY.46.1 OR AY.46.2 OR AY.46.3 OR AY.46.4 OR AY.46.5 OR AY.46.6 OR AY.46.6.1 OR AY.47 OR AY.48 OR AY.49 OR AY.50 OR AY.51 OR AY.52 OR AY.53 OR AY.54 OR AY.55 OR AY.56 OR AY.57 OR AY.58 OR AY.59 OR AY.60 OR AY.61 OR AY.62 OR AY.63 OR AY.64 OR AY.65 OR AY.66 OR AY.67 OR AY.68 OR AY.69 OR AY.70 OR AY.71 OR AY.72 OR AY.73 OR AY.74 OR AY.75 OR AY.75.2 OR AY.75.3 OR AY.76 OR AY.77 OR AY.78 OR AY.79 OR AY.80 OR AY.81 OR AY.82 OR AY.83 OR AY.84 OR AY.85 OR AY.86 OR AY.87 OR AY.88 OR AY.90 OR AY.91 OR AY.91.1 OR AY.92 OR AY.93 OR AY.94 OR AY.95 OR AY.98 OR AY.98.1 OR AY.98.1.1 OR AY.99 OR AY.99.1 OR AY.99.2 OR AY.100 OR AY.101 OR AY.102 OR AY.102.1 OR AY.102.2 OR AY.103 OR AY.103.1 OR AY.103.2 OR AY.104 OR AY.105 OR AY.106 OR AY.107 OR AY.108 OR AY.109 OR AY.110 OR AY.111 OR AY.112 OR AY.112.1 OR AY.112.2 OR AY.112.3 OR AY.113 OR AY.114 OR AY.116 OR AY.116.1 OR AY.117 OR AY.118 OR AY.119 OR AY.119.1 OR AY.119.2 OR AY.120 OR AY.120.1 OR AY.120.2 OR AY.120.2.1 OR AY.121 OR AY.121.1 OR AY.122 OR AY.122.1 OR AY.122.2 OR AY.122.3 OR AY.122.4 OR AY.122.5 OR AY.122.6 OR AY.123 OR AY.123.1 OR AY.124 OR AY.124.1 OR AY.124.1.1 OR AY.125 OR AY.125.1 OR AY.126 OR AY.127 OR AY.127.1 OR AY.127.2 OR AY.127.3 OR AY.128 OR AY.129 OR AY.130 OR AY.131 OR AY.132 OR AY.133 OR AY.134 OR B.1.617.2,Delta,5.21428571428571,3.42857142857143,0.657534246575342
2021-08-19,7,6,5,3.66666666666667,0.733333333333333,0.371373599368006,0.977487234000845,AY.1 OR AY.2 OR AY.3 OR AY.3.1 OR AY.3.2 OR AY.3.3 OR AY.3.4 OR AY.4 OR AY.4.1 OR AY.4.2 OR AY.4.2.1 OR AY.4.2.2 OR AY.4.2.3 OR AY.4.2.4 OR AY.4.2.5 OR AY.4.3 OR AY.4.4 OR AY.4.5 OR AY.4.6 OR AY.4.7 OR AY.4.8 OR AY.4.9 OR AY.4.10 OR AY.4.11 OR AY.4.12 OR AY.4.13 OR AY.4.14 OR AY.4.15 OR AY.4.16 OR AY.4.17 OR AY.5 OR AY.5.1 OR AY.5.2 OR AY.5.3 OR AY.5.4 OR AY.5.5 OR AY.5.6 OR AY.5.7 OR AY.6 OR AY.7 OR AY.7.1 OR AY.7.2 OR AY.8 OR AY.9 OR AY.9.2 OR AY.9.2.1 OR AY.9.2.2 OR AY.10 OR AY.11 OR AY.13 OR AY.14 OR AY.15 OR AY.16 OR AY.16.1 OR AY.17 OR AY.18 OR AY.19 OR AY.20 OR AY.20.1 OR AY.21 OR AY.22 OR AY.23 OR AY.23.1 OR AY.23.2 OR AY.24 OR AY.24.1 OR AY.25 OR AY.25.1 OR AY.25.1.1 OR AY.25.1.2 OR AY.25.2 OR AY.25.3 OR AY.26 OR AY.26.1 OR AY.27 OR AY.28 OR AY.29 OR AY.29.1 OR AY.29.2 OR AY.30 OR AY.31 OR AY.32 OR AY.33 OR AY.33.1 OR AY.33.2 OR AY.34 OR AY.34.1 OR AY.34.1.1 OR AY.34.2 OR AY.35 OR AY.36 OR AY.36.1 OR AY.37 OR AY.38 OR AY.39 OR AY.39.1 OR AY.39.1.1 OR AY.39.1.2 OR AY.39.1.3 OR AY.39.1.4 OR AY.39.2 OR AY.39.3 OR AY.40 OR AY.41 OR AY.42 OR AY.42.1 OR AY.43 OR AY.43.1 OR AY.43.2 OR AY.43.3 OR AY.43.4 OR AY.43.5 OR AY.43.6 OR AY.43.7 OR AY.43.8 OR AY.43.9 OR AY.44 OR AY.45 OR AY.46 OR AY.46.1 OR AY.46.2 OR AY.46.3 OR AY.46.4 OR AY.46.5 OR AY.46.6 OR AY.46.6.1 OR AY.47 OR AY.48 OR AY.49 OR AY.50 OR AY.51 OR AY.52 OR AY.53 OR AY.54 OR AY.55 OR AY.56 OR AY.57 OR AY.58 OR AY.59 OR AY.60 OR AY.61 OR AY.62 OR AY.63 OR AY.64 OR AY.65 OR AY.66 OR AY.67 OR AY.68 OR AY.69 OR AY.70 OR AY.71 OR AY.72 OR AY.73 OR AY.74 OR AY.75 OR AY.75.2 OR AY.75.3 OR AY.76 OR AY.77 OR AY.78 OR AY.79 OR AY.80 OR AY.81 OR AY.82 OR AY.83 OR AY.84 OR AY.85 OR AY.86 OR AY.87 OR AY.88 OR AY.90 OR AY.91 OR AY.91.1 OR AY.92 OR AY.93 OR AY.94 OR AY.95 OR AY.98 OR AY.98.1 OR AY.98.1.1 OR AY.99 OR AY.99.1 OR AY.99.2 OR AY.100 OR AY.101 OR AY.102 OR AY.102.1 OR AY.102.2 OR AY.103 OR AY.103.1 OR AY.103.2 OR AY.104 OR AY.105 OR AY.106 OR AY.107 OR AY.108 OR AY.109 OR AY.110 OR AY.111 OR AY.112 OR AY.112.1 OR AY.112.2 OR AY.112.3 OR AY.113 OR AY.114 OR AY.116 OR AY.116.1 OR AY.117 OR AY.118 OR AY.119 OR AY.119.1 OR AY.119.2 OR AY.120 OR AY.120.1 OR AY.120.2 OR AY.120.2.1 OR AY.121 OR AY.121.1 OR AY.122 OR AY.122.1 OR AY.122.2 OR AY.122.3 OR AY.122.4 OR AY.122.5 OR AY.122.6 OR AY.123 OR AY.123.1 OR AY.124 OR AY.124.1 OR AY.124.1.1 OR AY.125 OR AY.125.1 OR AY.126 OR AY.127 OR AY.127.1 OR AY.127.2 OR AY.127.3 OR AY.128 OR AY.129 OR AY.130 OR AY.131 OR AY.132 OR AY.133 OR AY.134 OR B.1.617.2,Delta,5.57142857142857,3.85714285714286,0.692307692307692
2021-08-20,8,7,5.66666666666667,4.16666666666667,0.735294117647059,0.286423009254197,0.923229859965127,AY.1 OR AY.2 OR AY.3 OR AY.3.1 OR AY.3.2 OR AY.3.3 OR AY.3.4 OR AY.4 OR AY.4.1 OR AY.4.2 OR AY.4.2.1 OR AY.4.2.2 OR AY.4.2.3 OR AY.4.2.4 OR AY.4.2.5 OR AY.4.3 OR AY.4.4 OR AY.4.5 OR AY.4.6 OR AY.4.7 OR AY.4.8 OR AY.4.9 OR AY.4.10 OR AY.4.11 OR AY.4.12 OR AY.4.13 OR AY.4.14 OR AY.4.15 OR AY.4.16 OR AY.4.17 OR AY.5 OR AY.5.1 OR AY.5.2 OR AY.5.3 OR AY.5.4 OR AY.5.5 OR AY.5.6 OR AY.5.7 OR AY.6 OR AY.7 OR AY.7.1 OR AY.7.2 OR AY.8 OR AY.9 OR AY.9.2 OR AY.9.2.1 OR AY.9.2.2 OR AY.10 OR AY.11 OR AY.13 OR AY.14 OR AY.15 OR AY.16 OR AY.16.1 OR AY.17 OR AY.18 OR AY.19 OR AY.20 OR AY.20.1 OR AY.21 OR AY.22 OR AY.23 OR AY.23.1 OR AY.23.2 OR AY.24 OR AY.24.1 OR AY.25 OR AY.25.1 OR AY.25.1.1 OR AY.25.1.2 OR AY.25.2 OR AY.25.3 OR AY.26 OR AY.26.1 OR AY.27 OR AY.28 OR AY.29 OR AY.29.1 OR AY.29.2 OR AY.30 OR AY.31 OR AY.32 OR AY.33 OR AY.33.1 OR AY.33.2 OR AY.34 OR AY.34.1 OR AY.34.1.1 OR AY.34.2 OR AY.35 OR AY.36 OR AY.36.1 OR AY.37 OR AY.38 OR AY.39 OR AY.39.1 OR AY.39.1.1 OR AY.39.1.2 OR AY.39.1.3 OR AY.39.1.4 OR AY.39.2 OR AY.39.3 OR AY.40 OR AY.41 OR AY.42 OR AY.42.1 OR AY.43 OR AY.43.1 OR AY.43.2 OR AY.43.3 OR AY.43.4 OR AY.43.5 OR AY.43.6 OR AY.43.7 OR AY.43.8 OR AY.43.9 OR AY.44 OR AY.45 OR AY.46 OR AY.46.1 OR AY.46.2 OR AY.46.3 OR AY.46.4 OR AY.46.5 OR AY.46.6 OR AY.46.6.1 OR AY.47 OR AY.48 OR AY.49 OR AY.50 OR AY.51 OR AY.52 OR AY.53 OR AY.54 OR AY.55 OR AY.56 OR AY.57 OR AY.58 OR AY.59 OR AY.60 OR AY.61 OR AY.62 OR AY.63 OR AY.64 OR AY.65 OR AY.66 OR AY.67 OR AY.68 OR AY.69 OR AY.70 OR AY.71 OR AY.72 OR AY.73 OR AY.74 OR AY.75 OR AY.75.2 OR AY.75.3 OR AY.76 OR AY.77 OR AY.78 OR AY.79 OR AY.80 OR AY.81 OR AY.82 OR AY.83 OR AY.84 OR AY.85 OR AY.86 OR AY.87 OR AY.88 OR AY.90 OR AY.91 OR AY.91.1 OR AY.92 OR AY.93 OR AY.94 OR AY.95 OR AY.98 OR AY.98.1 OR AY.98.1.1 OR AY.99 OR AY.99.1 OR AY.99.2 OR AY.100 OR AY.101 OR AY.102 OR AY.102.1 OR AY.102.2 OR AY.103 OR AY.103.1 OR AY.103.2 OR AY.104 OR AY.105 OR AY.106 OR AY.107 OR AY.108 OR AY.109 OR AY.110 OR AY.111 OR AY.112 OR AY.112.1 OR AY.112.2 OR AY.112.3 OR AY.113 OR AY.114 OR AY.116 OR AY.116.1 OR AY.117 OR AY.118 OR AY.119 OR AY.119.1 OR AY.119.2 OR AY.120 OR AY.120.1 OR AY.120.2 OR AY.120.2.1 OR AY.121 OR AY.121.1 OR AY.122 OR AY.122.1 OR AY.122.2 OR AY.122.3 OR AY.122.4 OR AY.122.5 OR AY.122.6 OR AY.123 OR AY.123.1 OR AY.124 OR AY.124.1 OR AY.124.1.1 OR AY.125 OR AY.125.1 OR AY.126 OR AY.127 OR AY.127.1 OR AY.127.2 OR AY.127.3 OR AY.128 OR AY.129 OR AY.130 OR AY.131 OR AY.132 OR AY.133 OR AY.134 OR B.1.617.2,Delta,5.57142857142857,4,0.717948717948718
2021-08-21,4,3,5.83333333333333,4.5,0.771428571428571,0.286423009254197,0.923229859965127,AY.1 OR AY.2 OR AY.3 OR AY.3.1 OR AY.3.2 OR AY.3.3 OR AY.3.4 OR AY.4 OR AY.4.1 OR AY.4.2 OR AY.4.2.1 OR AY.4.2.2 OR AY.4.2.3 OR AY.4.2.4 OR AY.4.2.5 OR AY.4.3 OR AY.4.4 OR AY.4.5 OR AY.4.6 OR AY.4.7 OR AY.4.8 OR AY.4.9 OR AY.4.10 OR AY.4.11 OR AY.4.12 OR AY.4.13 OR AY.4.14 OR AY.4.15 OR AY.4.16 OR AY.4.17 OR AY.5 OR AY.5.1 OR AY.5.2 OR AY.5.3 OR AY.5.4 OR AY.5.5 OR AY.5.6 OR AY.5.7 OR AY.6 OR AY.7 OR AY.7.1 OR AY.7.2 OR AY.8 OR AY.9 OR AY.9.2 OR AY.9.2.1 OR AY.9.2.2 OR AY.10 OR AY.11 OR AY.13 OR AY.14 OR AY.15 OR AY.16 OR AY.16.1 OR AY.17 OR AY.18 OR AY.19 OR AY.20 OR AY.20.1 OR AY.21 OR AY.22 OR AY.23 OR AY.23.1 OR AY.23.2 OR AY.24 OR AY.24.1 OR AY.25 OR AY.25.1 OR AY.25.1.1 OR AY.25.1.2 OR AY.25.2 OR AY.25.3 OR AY.26 OR AY.26.1 OR AY.27 OR AY.28 OR AY.29 OR AY.29.1 OR AY.29.2 OR AY.30 OR AY.31 OR AY.32 OR AY.33 OR AY.33.1 OR AY.33.2 OR AY.34 OR AY.34.1 OR AY.34.1.1 OR AY.34.2 OR AY.35 OR AY.36 OR AY.36.1 OR AY.37 OR AY.38 OR AY.39 OR AY.39.1 OR AY.39.1.1 OR AY.39.1.2 OR AY.39.1.3 OR AY.39.1.4 OR AY.39.2 OR AY.39.3 OR AY.40 OR AY.41 OR AY.42 OR AY.42.1 OR AY.43 OR AY.43.1 OR AY.43.2 OR AY.43.3 OR AY.43.4 OR AY.43.5 OR AY.43.6 OR AY.43.7 OR AY.43.8 OR AY.43.9 OR AY.44 OR AY.45 OR AY.46 OR AY.46.1 OR AY.46.2 OR AY.46.3 OR AY.46.4 OR AY.46.5 OR AY.46.6 OR AY.46.6.1 OR AY.47 OR AY.48 OR AY.49 OR AY.50 OR AY.51 OR AY.52 OR AY.53 OR AY.54 OR AY.55 OR AY.56 OR AY.57 OR AY.58 OR AY.59 OR AY.60 OR AY.61 OR AY.62 OR AY.63 OR AY.64 OR AY.65 OR AY.66 OR AY.67 OR AY.68 OR AY.69 OR AY.70 OR AY.71 OR AY.72 OR AY.73 OR AY.74 OR AY.75 OR AY.75.2 OR AY.75.3 OR AY.76 OR AY.77 OR AY.78 OR AY.79 OR AY.80 OR AY.81 OR AY.82 OR AY.83 OR AY.84 OR AY.85 OR AY.86 OR AY.87 OR AY.88 OR AY.90 OR AY.91 OR AY.91.1 OR AY.92 OR AY.93 OR AY.94 OR AY.95 OR AY.98 OR AY.98.1 OR AY.98.1.1 OR AY.99 OR AY.99.1 OR AY.99.2 OR AY.100 OR AY.101 OR AY.102 OR AY.102.1 OR AY.102.2 OR AY.103 OR AY.103.1 OR AY.103.2 OR AY.104 OR AY.105 OR AY.106 OR AY.107 OR AY.108 OR AY.109 OR AY.110 OR AY.111 OR AY.112 OR AY.112.1 OR AY.112.2 OR AY.112.3 OR AY.113 OR AY.114 OR AY.116 OR AY.116.1 OR AY.117 OR AY.118 OR AY.119 OR AY.119.1 OR AY.119.2 OR AY.120 OR AY.120.1 OR AY.120.2 OR AY.120.2.1 OR AY.121 OR AY.121.1 OR AY.122 OR AY.122.1 OR AY.122.2 OR AY.122.3 OR AY.122.4 OR AY.122.5 OR AY.122.6 OR AY.123 OR AY.123.1 OR AY.124 OR AY.124.1 OR AY.124.1.1 OR AY.125 OR AY.125.1 OR AY.126 OR AY.127 OR AY.127.1 OR AY.127.2 OR AY.127.3 OR AY.128 OR AY.129 OR AY.130 OR AY.131 OR AY.132 OR AY.133 OR AY.134 OR B.1.617.2,Delta,5.42857142857143,4,0.736842105263158
2021-08-22,3,3,5.42857142857143,4.28571428571429,0.789473684210526,0.371373599368006,0.977487234000845,AY.1 OR AY.2 OR AY.3 OR AY.3.1 OR AY.3.2 OR AY.3.3 OR AY.3.4 OR AY.4 OR AY.4.1 OR AY.4.2 OR AY.4.2.1 OR AY.4.2.2 OR AY.4.2.3 OR AY.4.2.4 OR AY.4.2.5 OR AY.4.3 OR AY.4.4 OR AY.4.5 OR AY.4.6 OR AY.4.7 OR AY.4.8 OR AY.4.9 OR AY.4.10 OR AY.4.11 OR AY.4.12 OR AY.4.13 OR AY.4.14 OR AY.4.15 OR AY.4.16 OR AY.4.17 OR AY.5 OR AY.5.1 OR AY.5.2 OR AY.5.3 OR AY.5.4 OR AY.5.5 OR AY.5.6 OR AY.5.7 OR AY.6 OR AY.7 OR AY.7.1 OR AY.7.2 OR AY.8 OR AY.9 OR AY.9.2 OR AY.9.2.1 OR AY.9.2.2 OR AY.10 OR AY.11 OR AY.13 OR AY.14 OR AY.15 OR AY.16 OR AY.16.1 OR AY.17 OR AY.18 OR AY.19 OR AY.20 OR AY.20.1 OR AY.21 OR AY.22 OR AY.23 OR AY.23.1 OR AY.23.2 OR AY.24 OR AY.24.1 OR AY.25 OR AY.25.1 OR AY.25.1.1 OR AY.25.1.2 OR AY.25.2 OR AY.25.3 OR AY.26 OR AY.26.1 OR AY.27 OR AY.28 OR AY.29 OR AY.29.1 OR AY.29.2 OR AY.30 OR AY.31 OR AY.32 OR AY.33 OR AY.33.1 OR AY.33.2 OR AY.34 OR AY.34.1 OR AY.34.1.1 OR AY.34.2 OR AY.35 OR AY.36 OR AY.36.1 OR AY.37 OR AY.38 OR AY.39 OR AY.39.1 OR AY.39.1.1 OR AY.39.1.2 OR AY.39.1.3 OR AY.39.1.4 OR AY.39.2 OR AY.39.3 OR AY.40 OR AY.41 OR AY.42 OR AY.42.1 OR AY.43 OR AY.43.1 OR AY.43.2 OR AY.43.3 OR AY.43.4 OR AY.43.5 OR AY.43.6 OR AY.43.7 OR AY.43.8 OR AY.43.9 OR AY.44 OR AY.45 OR AY.46 OR AY.46.1 OR AY.46.2 OR AY.46.3 OR AY.46.4 OR AY.46.5 OR AY.46.6 OR AY.46.6.1 OR AY.47 OR AY.48 OR AY.49 OR AY.50 OR AY.51 OR AY.52 OR AY.53 OR AY.54 OR AY.55 OR AY.56 OR AY.57 OR AY.58 OR AY.59 OR AY.60 OR AY.61 OR AY.62 OR AY.63 OR AY.64 OR AY.65 OR AY.66 OR AY.67 OR AY.68 OR AY.69 OR AY.70 OR AY.71 OR AY.72 OR AY.73 OR AY.74 OR AY.75 OR AY.75.2 OR AY.75.3 OR AY.76 OR AY.77 OR AY.78 OR AY.79 OR AY.80 OR AY.81 OR AY.82 OR AY.83 OR AY.84 OR AY.85 OR AY.86 OR AY.87 OR AY.88 OR AY.90 OR AY.91 OR AY.91.1 OR AY.92 OR AY.93 OR AY.94 OR AY.95 OR AY.98 OR AY.98.1 OR AY.98.1.1 OR AY.99 OR AY.99.1 OR AY.99.2 OR AY.100 OR AY.101 OR AY.102 OR AY.102.1 OR AY.102.2 OR AY.103 OR AY.103.1 OR AY.103.2 OR AY.104 OR AY.105 OR AY.106 OR AY.107 OR AY.108 OR AY.109 OR AY.110 OR AY.111 OR AY.112 OR AY.112.1 OR AY.112.2 OR AY.112.3 OR AY.113 OR AY.114 OR AY.116 OR AY.116.1 OR AY.117 OR AY.118 OR AY.119 OR AY.119.1 OR AY.119.2 OR AY.120 OR AY.120.1 OR AY.120.2 OR AY.120.2.1 OR AY.121 OR AY.121.1 OR AY.122 OR AY.122.1 OR AY.122.2 OR AY.122.3 OR AY.122.4 OR AY.122.5 OR AY.122.6 OR AY.123 OR AY.123.1 OR AY.124 OR AY.124.1 OR AY.124.1.1 OR AY.125 OR AY.125.1 OR AY.126 OR AY.127 OR AY.127.1 OR AY.127.2 OR AY.127.3 OR AY.128 OR AY.129 OR AY.130 OR AY.131 OR AY.132 OR AY.133 OR AY.134 OR B.1.617.2,Delta,5.07142857142857,3.64285714285714,0.71830985915493
2021-08-23,7,6,5.71428571428571,4.71428571428571,0.825,0.441943226390752,0.981379872880558,AY.1 OR AY.2 OR AY.3 OR AY.3.1 OR AY.3.2 OR AY.3.3 OR AY.3.4 OR AY.4 OR AY.4.1 OR AY.4.2 OR AY.4.2.1 OR AY.4.2.2 OR AY.4.2.3 OR AY.4.2.4 OR AY.4.2.5 OR AY.4.3 OR AY.4.4 OR AY.4.5 OR AY.4.6 OR AY.4.7 OR AY.4.8 OR AY.4.9 OR AY.4.10 OR AY.4.11 OR AY.4.12 OR AY.4.13 OR AY.4.14 OR AY.4.15 OR AY.4.16 OR AY.4.17 OR AY.5 OR AY.5.1 OR AY.5.2 OR AY.5.3 OR AY.5.4 OR AY.5.5 OR AY.5.6 OR AY.5.7 OR AY.6 OR AY.7 OR AY.7.1 OR AY.7.2 OR AY.8 OR AY.9 OR AY.9.2 OR AY.9.2.1 OR AY.9.2.2 OR AY.10 OR AY.11 OR AY.13 OR AY.14 OR AY.15 OR AY.16 OR AY.16.1 OR AY.17 OR AY.18 OR AY.19 OR AY.20 OR AY.20.1 OR AY.21 OR AY.22 OR AY.23 OR AY.23.1 OR AY.23.2 OR AY.24 OR AY.24.1 OR AY.25 OR AY.25.1 OR AY.25.1.1 OR AY.25.1.2 OR AY.25.2 OR AY.25.3 OR AY.26 OR AY.26.1 OR AY.27 OR AY.28 OR AY.29 OR AY.29.1 OR AY.29.2 OR AY.30 OR AY.31 OR AY.32 OR AY.33 OR AY.33.1 OR AY.33.2 OR AY.34 OR AY.34.1 OR AY.34.1.1 OR AY.34.2 OR AY.35 OR AY.36 OR AY.36.1 OR AY.37 OR AY.38 OR AY.39 OR AY.39.1 OR AY.39.1.1 OR AY.39.1.2 OR AY.39.1.3 OR AY.39.1.4 OR AY.39.2 OR AY.39.3 OR AY.40 OR AY.41 OR AY.42 OR AY.42.1 OR AY.43 OR AY.43.1 OR AY.43.2 OR AY.43.3 OR AY.43.4 OR AY.43.5 OR AY.43.6 OR AY.43.7 OR AY.43.8 OR AY.43.9 OR AY.44 OR AY.45 OR AY.46 OR AY.46.1 OR AY.46.2 OR AY.46.3 OR AY.46.4 OR AY.46.5 OR AY.46.6 OR AY.46.6.1 OR AY.47 OR AY.48 OR AY.49 OR AY.50 OR AY.51 OR AY.52 OR AY.53 OR AY.54 OR AY.55 OR AY.56 OR AY.57 OR AY.58 OR AY.59 OR AY.60 OR AY.61 OR AY.62 OR AY.63 OR AY.64 OR AY.65 OR AY.66 OR AY.67 OR AY.68 OR AY.69 OR AY.70 OR AY.71 OR AY.72 OR AY.73 OR AY.74 OR AY.75 OR AY.75.2 OR AY.75.3 OR AY.76 OR AY.77 OR AY.78 OR AY.79 OR AY.80 OR AY.81 OR AY.82 OR AY.83 OR AY.84 OR AY.85 OR AY.86 OR AY.87 OR AY.88 OR AY.90 OR AY.91 OR AY.91.1 OR AY.92 OR AY.93 OR AY.94 OR AY.95 OR AY.98 OR AY.98.1 OR AY.98.1.1 OR AY.99 OR AY.99.1 OR AY.99.2 OR AY.100 OR AY.101 OR AY.102 OR AY.102.1 OR AY.102.2 OR AY.103 OR AY.103.1 OR AY.103.2 OR AY.104 OR AY.105 OR AY.106 OR AY.107 OR AY.108 OR AY.109 OR AY.110 OR AY.111 OR AY.112 OR AY.112.1 OR AY.112.2 OR AY.112.3 OR AY.113 OR AY.114 OR AY.116 OR AY.116.1 OR AY.117 OR AY.118 OR AY.119 OR AY.119.1 OR AY.119.2 OR AY.120 OR AY.120.1 OR AY.120.2 OR AY.120.2.1 OR AY.121 OR AY.121.1 OR AY.122 OR AY.122.1 OR AY.122.2 OR AY.122.3 OR AY.122.4 OR AY.122.5 OR AY.122.6 OR AY.123 OR AY.123.1 OR AY.124 OR AY.124.1 OR AY.124.1.1 OR AY.125 OR AY.125.1 OR AY.126 OR AY.127 OR AY.127.1 OR AY.127.2 OR AY.127.3 OR AY.128 OR AY.129 OR AY.130 OR AY.131 OR AY.132 OR AY.133 OR AY.134 OR B.1.617.2,Delta,4.78571428571429,3.5,0.73134328358209
2021-08-24,7,7,6.42857142857143,5.42857142857143,0.844444444444445,0.441943226390752,0.981379872880558,AY.1 OR AY.2 OR AY.3 OR AY.3.1 OR AY.3.2 OR AY.3.3 OR AY.3.4 OR AY.4 OR AY.4.1 OR AY.4.2 OR AY.4.2.1 OR AY.4.2.2 OR AY.4.2.3 OR AY.4.2.4 OR AY.4.2.5 OR AY.4.3 OR AY.4.4 OR AY.4.5 OR AY.4.6 OR AY.4.7 OR AY.4.8 OR AY.4.9 OR AY.4.10 OR AY.4.11 OR AY.4.12 OR AY.4.13 OR AY.4.14 OR AY.4.15 OR AY.4.16 OR AY.4.17 OR AY.5 OR AY.5.1 OR AY.5.2 OR AY.5.3 OR AY.5.4 OR AY.5.5 OR AY.5.6 OR AY.5.7 OR AY.6 OR AY.7 OR AY.7.1 OR AY.7.2 OR AY.8 OR AY.9 OR AY.9.2 OR AY.9.2.1 OR AY.9.2.2 OR AY.10 OR AY.11 OR AY.13 OR AY.14 OR AY.15 OR AY.16 OR AY.16.1 OR AY.17 OR AY.18 OR AY.19 OR AY.20 OR AY.20.1 OR AY.21 OR AY.22 OR AY.23 OR AY.23.1 OR AY.23.2 OR AY.24 OR AY.24.1 OR AY.25 OR AY.25.1 OR AY.25.1.1 OR AY.25.1.2 OR AY.25.2 OR AY.25.3 OR AY.26 OR AY.26.1 OR AY.27 OR AY.28 OR AY.29 OR AY.29.1 OR AY.29.2 OR AY.30 OR AY.31 OR AY.32 OR AY.33 OR AY.33.1 OR AY.33.2 OR AY.34 OR AY.34.1 OR AY.34.1.1 OR AY.34.2 OR AY.35 OR AY.36 OR AY.36.1 OR AY.37 OR AY.38 OR AY.39 OR AY.39.1 OR AY.39.1.1 OR AY.39.1.2 OR AY.39.1.3 OR AY.39.1.4 OR AY.39.2 OR AY.39.3 OR AY.40 OR AY.41 OR AY.42 OR AY.42.1 OR AY.43 OR AY.43.1 OR AY.43.2 OR AY.43.3 OR AY.43.4 OR AY.43.5 OR AY.43.6 OR AY.43.7 OR AY.43.8 OR AY.43.9 OR AY.44 OR AY.45 OR AY.46 OR AY.46.1 OR AY.46.2 OR AY.46.3 OR AY.46.4 OR AY.46.5 OR AY.46.6 OR AY.46.6.1 OR AY.47 OR AY.48 OR AY.49 OR AY.50 OR AY.51 OR AY.52 OR AY.53 OR AY.54 OR AY.55 OR AY.56 OR AY.57 OR AY.58 OR AY.59 OR AY.60 OR AY.61 OR AY.62 OR AY.63 OR AY.64 OR AY.65 OR AY.66 OR AY.67 OR AY.68 OR AY.69 OR AY.70 OR AY.71 OR AY.72 OR AY.73 OR AY.74 OR AY.75 OR AY.75.2 OR AY.75.3 OR AY.76 OR AY.77 OR AY.78 OR AY.79 OR AY.80 OR AY.81 OR AY.82 OR AY.83 OR AY.84 OR AY.85 OR AY.86 OR AY.87 OR AY.88 OR AY.90 OR AY.91 OR AY.91.1 OR AY.92 OR AY.93 OR AY.94 OR AY.95 OR AY.98 OR AY.98.1 OR AY.98.1.1 OR AY.99 OR AY.99.1 OR AY.99.2 OR AY.100 OR AY.101 OR AY.102 OR AY.102.1 OR AY.102.2 OR AY.103 OR AY.103.1 OR AY.103.2 OR AY.104 OR AY.105 OR AY.106 OR AY.107 OR AY.108 OR AY.109 OR AY.110 OR AY.111 OR AY.112 OR AY.112.1 OR AY.112.2 OR AY.112.3 OR AY.113 OR AY.114 OR AY.116 OR AY.116.1 OR AY.117 OR AY.118 OR AY.119 OR AY.119.1 OR AY.119.2 OR AY.120 OR AY.120.1 OR AY.120.2 OR AY.120.2.1 OR AY.121 OR AY.121.1 OR AY.122 OR AY.122.1 OR AY.122.2 OR AY.122.3 OR AY.122.4 OR AY.122.5 OR AY.122.6 OR AY.123 OR AY.123.1 OR AY.124 OR AY.124.1 OR AY.124.1.1 OR AY.125 OR AY.125.1 OR AY.126 OR AY.127 OR AY.127.1 OR AY.127.2 OR AY.127.3 OR AY.128 OR AY.129 OR AY.130 OR AY.131 OR AY.132 OR AY.133 OR AY.134 OR B.1.617.2,Delta,5.07142857142857,3.92857142857143,0.774647887323944
2021-08-25,3,2,5.57142857142857,4.85714285714286,0.871794871794872,0.441943226390752,0.981379872880558,AY.1 OR AY.2 OR AY.3 OR AY.3.1 OR AY.3.2 OR AY.3.3 OR AY.3.4 OR AY.4 OR AY.4.1 OR AY.4.2 OR AY.4.2.1 OR AY.4.2.2 OR AY.4.2.3 OR AY.4.2.4 OR AY.4.2.5 OR AY.4.3 OR AY.4.4 OR AY.4.5 OR AY.4.6 OR AY.4.7 OR AY.4.8 OR AY.4.9 OR AY.4.10 OR AY.4.11 OR AY.4.12 OR AY.4.13 OR AY.4.14 OR AY.4.15 OR AY.4.16 OR AY.4.17 OR AY.5 OR AY.5.1 OR AY.5.2 OR AY.5.3 OR AY.5.4 OR AY.5.5 OR AY.5.6 OR AY.5.7 OR AY.6 OR AY.7 OR AY.7.1 OR AY.7.2 OR AY.8 OR AY.9 OR AY.9.2 OR AY.9.2.1 OR AY.9.2.2 OR AY.10 OR AY.11 OR AY.13 OR AY.14 OR AY.15 OR AY.16 OR AY.16.1 OR AY.17 OR AY.18 OR AY.19 OR AY.20 OR AY.20.1 OR AY.21 OR AY.22 OR AY.23 OR AY.23.1 OR AY.23.2 OR AY.24 OR AY.24.1 OR AY.25 OR AY.25.1 OR AY.25.1.1 OR AY.25.1.2 OR AY.25.2 OR AY.25.3 OR AY.26 OR AY.26.1 OR AY.27 OR AY.28 OR AY.29 OR AY.29.1 OR AY.29.2 OR AY.30 OR AY.31 OR AY.32 OR AY.33 OR AY.33.1 OR AY.33.2 OR AY.34 OR AY.34.1 OR AY.34.1.1 OR AY.34.2 OR AY.35 OR AY.36 OR AY.36.1 OR AY.37 OR AY.38 OR AY.39 OR AY.39.1 OR AY.39.1.1 OR AY.39.1.2 OR AY.39.1.3 OR AY.39.1.4 OR AY.39.2 OR AY.39.3 OR AY.40 OR AY.41 OR AY.42 OR AY.42.1 OR AY.43 OR AY.43.1 OR AY.43.2 OR AY.43.3 OR AY.43.4 OR AY.43.5 OR AY.43.6 OR AY.43.7 OR AY.43.8 OR AY.43.9 OR AY.44 OR AY.45 OR AY.46 OR AY.46.1 OR AY.46.2 OR AY.46.3 OR AY.46.4 OR AY.46.5 OR AY.46.6 OR AY.46.6.1 OR AY.47 OR AY.48 OR AY.49 OR AY.50 OR AY.51 OR AY.52 OR AY.53 OR AY.54 OR AY.55 OR AY.56 OR AY.57 OR AY.58 OR AY.59 OR AY.60 OR AY.61 OR AY.62 OR AY.63 OR AY.64 OR AY.65 OR AY.66 OR AY.67 OR AY.68 OR AY.69 OR AY.70 OR AY.71 OR AY.72 OR AY.73 OR AY.74 OR AY.75 OR AY.75.2 OR AY.75.3 OR AY.76 OR AY.77 OR AY.78 OR AY.79 OR AY.80 OR AY.81 OR AY.82 OR AY.83 OR AY.84 OR AY.85 OR AY.86 OR AY.87 OR AY.88 OR AY.90 OR AY.91 OR AY.91.1 OR AY.92 OR AY.93 OR AY.94 OR AY.95 OR AY.98 OR AY.98.1 OR AY.98.1.1 OR AY.99 OR AY.99.1 OR AY.99.2 OR AY.100 OR AY.101 OR AY.102 OR AY.102.1 OR AY.102.2 OR AY.103 OR AY.103.1 OR AY.103.2 OR AY.104 OR AY.105 OR AY.106 OR AY.107 OR AY.108 OR AY.109 OR AY.110 OR AY.111 OR AY.112 OR AY.112.1 OR AY.112.2 OR AY.112.3 OR AY.113 OR AY.114 OR AY.116 OR AY.116.1 OR AY.117 OR AY.118 OR AY.119 OR AY.119.1 OR AY.119.2 OR AY.120 OR AY.120.1 OR AY.120.2 OR AY.120.2.1 OR AY.121 OR AY.121.1 OR AY.122 OR AY.122.1 OR AY.122.2 OR AY.122.3 OR AY.122.4 OR AY.122.5 OR AY.122.6 OR AY.123 OR AY.123.1 OR AY.124 OR AY.124.1 OR AY.124.1.1 OR AY.125 OR AY.125.1 OR AY.126 OR AY.127 OR AY.127.1 OR AY.127.2 OR AY.127.3 OR AY.128 OR AY.129 OR AY.130 OR AY.131 OR AY.132 OR AY.133 OR AY.134 OR B.1.617.2,Delta,5,3.85714285714286,0.771428571428571
2021-08-26,5,3,5.28571428571429,4.42857142857143,0.837837837837838,0.371373599368006,0.977487234000845,AY.1 OR AY.2 OR AY.3 OR AY.3.1 OR AY.3.2 OR AY.3.3 OR AY.3.4 OR AY.4 OR AY.4.1 OR AY.4.2 OR AY.4.2.1 OR AY.4.2.2 OR AY.4.2.3 OR AY.4.2.4 OR AY.4.2.5 OR AY.4.3 OR AY.4.4 OR AY.4.5 OR AY.4.6 OR AY.4.7 OR AY.4.8 OR AY.4.9 OR AY.4.10 OR AY.4.11 OR AY.4.12 OR AY.4.13 OR AY.4.14 OR AY.4.15 OR AY.4.16 OR AY.4.17 OR AY.5 OR AY.5.1 OR AY.5.2 OR AY.5.3 OR AY.5.4 OR AY.5.5 OR AY.5.6 OR AY.5.7 OR AY.6 OR AY.7 OR AY.7.1 OR AY.7.2 OR AY.8 OR AY.9 OR AY.9.2 OR AY.9.2.1 OR AY.9.2.2 OR AY.10 OR AY.11 OR AY.13 OR AY.14 OR AY.15 OR AY.16 OR AY.16.1 OR AY.17 OR AY.18 OR AY.19 OR AY.20 OR AY.20.1 OR AY.21 OR AY.22 OR AY.23 OR AY.23.1 OR AY.23.2 OR AY.24 OR AY.24.1 OR AY.25 OR AY.25.1 OR AY.25.1.1 OR AY.25.1.2 OR AY.25.2 OR AY.25.3 OR AY.26 OR AY.26.1 OR AY.27 OR AY.28 OR AY.29 OR AY.29.1 OR AY.29.2 OR AY.30 OR AY.31 OR AY.32 OR AY.33 OR AY.33.1 OR AY.33.2 OR AY.34 OR AY.34.1 OR AY.34.1.1 OR AY.34.2 OR AY.35 OR AY.36 OR AY.36.1 OR AY.37 OR AY.38 OR AY.39 OR AY.39.1 OR AY.39.1.1 OR AY.39.1.2 OR AY.39.1.3 OR AY.39.1.4 OR AY.39.2 OR AY.39.3 OR AY.40 OR AY.41 OR AY.42 OR AY.42.1 OR AY.43 OR AY.43.1 OR AY.43.2 OR AY.43.3 OR AY.43.4 OR AY.43.5 OR AY.43.6 OR AY.43.7 OR AY.43.8 OR AY.43.9 OR AY.44 OR AY.45 OR AY.46 OR AY.46.1 OR AY.46.2 OR AY.46.3 OR AY.46.4 OR AY.46.5 OR AY.46.6 OR AY.46.6.1 OR AY.47 OR AY.48 OR AY.49 OR AY.50 OR AY.51 OR AY.52 OR AY.53 OR AY.54 OR AY.55 OR AY.56 OR AY.57 OR AY.58 OR AY.59 OR AY.60 OR AY.61 OR AY.62 OR AY.63 OR AY.64 OR AY.65 OR AY.66 OR AY.67 OR AY.68 OR AY.69 OR AY.70 OR AY.71 OR AY.72 OR AY.73 OR AY.74 OR AY.75 OR AY.75.2 OR AY.75.3 OR AY.76 OR AY.77 OR AY.78 OR AY.79 OR AY.80 OR AY.81 OR AY.82 OR AY.83 OR AY.84 OR AY.85 OR AY.86 OR AY.87 OR AY.88 OR AY.90 OR AY.91 OR AY.91.1 OR AY.92 OR AY.93 OR AY.94 OR AY.95 OR AY.98 OR AY.98.1 OR AY.98.1.1 OR AY.99 OR AY.99.1 OR AY.99.2 OR AY.100 OR AY.101 OR AY.102 OR AY.102.1 OR AY.102.2 OR AY.103 OR AY.103.1 OR AY.103.2 OR AY.104 OR AY.105 OR AY.106 OR AY.107 OR AY.108 OR AY.109 OR AY.110 OR AY.111 OR AY.112 OR AY.112.1 OR AY.112.2 OR AY.112.3 OR AY.113 OR AY.114 OR AY.116 OR AY.116.1 OR AY.117 OR AY.118 OR AY.119 OR AY.119.1 OR AY.119.2 OR AY.120 OR AY.120.1 OR AY.120.2 OR AY.120.2.1 OR AY.121 OR AY.121.1 OR AY.122 OR AY.122.1 OR AY.122.2 OR AY.122.3 OR AY.122.4 OR AY.122.5 OR AY.122.6 OR AY.123 OR AY.123.1 OR AY.124 OR AY.124.1 OR AY.124.1.1 OR AY.125 OR AY.125.1 OR AY.126 OR AY.127 OR AY.127.1 OR AY.127.2 OR AY.127.3 OR AY.128 OR AY.129 OR AY.130 OR AY.131 OR AY.132 OR AY.133 OR AY.134 OR B.1.617.2,Delta,5.07142857142857,3.92857142857143,0.774647887323944
2021-08-27,5,3,4.85714285714286,3.85714285714286,0.794117647058824,0.371373599368006,0.977487234000845,AY.1 OR AY.2 OR AY.3 OR AY.3.1 OR AY.3.2 OR AY.3.3 OR AY.3.4 OR AY.4 OR AY.4.1 OR AY.4.2 OR AY.4.2.1 OR AY.4.2.2 OR AY.4.2.3 OR AY.4.2.4 OR AY.4.2.5 OR AY.4.3 OR AY.4.4 OR AY.4.5 OR AY.4.6 OR AY.4.7 OR AY.4.8 OR AY.4.9 OR AY.4.10 OR AY.4.11 OR AY.4.12 OR AY.4.13 OR AY.4.14 OR AY.4.15 OR AY.4.16 OR AY.4.17 OR AY.5 OR AY.5.1 OR AY.5.2 OR AY.5.3 OR AY.5.4 OR AY.5.5 OR AY.5.6 OR AY.5.7 OR AY.6 OR AY.7 OR AY.7.1 OR AY.7.2 OR AY.8 OR AY.9 OR AY.9.2 OR AY.9.2.1 OR AY.9.2.2 OR AY.10 OR AY.11 OR AY.13 OR AY.14 OR AY.15 OR AY.16 OR AY.16.1 OR AY.17 OR AY.18 OR AY.19 OR AY.20 OR AY.20.1 OR AY.21 OR AY.22 OR AY.23 OR AY.23.1 OR AY.23.2 OR AY.24 OR AY.24.1 OR AY.25 OR AY.25.1 OR AY.25.1.1 OR AY.25.1.2 OR AY.25.2 OR AY.25.3 OR AY.26 OR AY.26.1 OR AY.27 OR AY.28 OR AY.29 OR AY.29.1 OR AY.29.2 OR AY.30 OR AY.31 OR AY.32 OR AY.33 OR AY.33.1 OR AY.33.2 OR AY.34 OR AY.34.1 OR AY.34.1.1 OR AY.34.2 OR AY.35 OR AY.36 OR AY.36.1 OR AY.37 OR AY.38 OR AY.39 OR AY.39.1 OR AY.39.1.1 OR AY.39.1.2 OR AY.39.1.3 OR AY.39.1.4 OR AY.39.2 OR AY.39.3 OR AY.40 OR AY.41 OR AY.42 OR AY.42.1 OR AY.43 OR AY.43.1 OR AY.43.2 OR AY.43.3 OR AY.43.4 OR AY.43.5 OR AY.43.6 OR AY.43.7 OR AY.43.8 OR AY.43.9 OR AY.44 OR AY.45 OR AY.46 OR AY.46.1 OR AY.46.2 OR AY.46.3 OR AY.46.4 OR AY.46.5 OR AY.46.6 OR AY.46.6.1 OR AY.47 OR AY.48 OR AY.49 OR AY.50 OR AY.51 OR AY.52 OR AY.53 OR AY.54 OR AY.55 OR AY.56 OR AY.57 OR AY.58 OR AY.59 OR AY.60 OR AY.61 OR AY.62 OR AY.63 OR AY.64 OR AY.65 OR AY.66 OR AY.67 OR AY.68 OR AY.69 OR AY.70 OR AY.71 OR AY.72 OR AY.73 OR AY.74 OR AY.75 OR AY.75.2 OR AY.75.3 OR AY.76 OR AY.77 OR AY.78 OR AY.79 OR AY.80 OR AY.81 OR AY.82 OR AY.83 OR AY.84 OR AY.85 OR AY.86 OR AY.87 OR AY.88 OR AY.90 OR AY.91 OR AY.91.1 OR AY.92 OR AY.93 OR AY.94 OR AY.95 OR AY.98 OR AY.98.1 OR AY.98.1.1 OR AY.99 OR AY.99.1 OR AY.99.2 OR AY.100 OR AY.101 OR AY.102 OR AY.102.1 OR AY.102.2 OR AY.103 OR AY.103.1 OR AY.103.2 OR AY.104 OR AY.105 OR AY.106 OR AY.107 OR AY.108 OR AY.109 OR AY.110 OR AY.111 OR AY.112 OR AY.112.1 OR AY.112.2 OR AY.112.3 OR AY.113 OR AY.114 OR AY.116 OR AY.116.1 OR AY.117 OR AY.118 OR AY.119 OR AY.119.1 OR AY.119.2 OR AY.120 OR AY.120.1 OR AY.120.2 OR AY.120.2.1 OR AY.121 OR AY.121.1 OR AY.122 OR AY.122.1 OR AY.122.2 OR AY.122.3 OR AY.122.4 OR AY.122.5 OR AY.122.6 OR AY.123 OR AY.123.1 OR AY.124 OR AY.124.1 OR AY.124.1.1 OR AY.125 OR AY.125.1 OR AY.126 OR AY.127 OR AY.127.1 OR AY.127.2 OR AY.127.3 OR AY.128 OR AY.129 OR AY.130 OR AY.131 OR AY.132 OR AY.133 OR AY.134 OR B.1.617.2,Delta,5.14285714285714,4,0.777777777777778
2021-08-28,11,6,5.85714285714286,4.28571428571429,0.731707317073171,0.286423009254197,0.923229859965127,AY.1 OR AY.2 OR AY.3 OR AY.3.1 OR AY.3.2 OR AY.3.3 OR AY.3.4 OR AY.4 OR AY.4.1 OR AY.4.2 OR AY.4.2.1 OR AY.4.2.2 OR AY.4.2.3 OR AY.4.2.4 OR AY.4.2.5 OR AY.4.3 OR AY.4.4 OR AY.4.5 OR AY.4.6 OR AY.4.7 OR AY.4.8 OR AY.4.9 OR AY.4.10 OR AY.4.11 OR AY.4.12 OR AY.4.13 OR AY.4.14 OR AY.4.15 OR AY.4.16 OR AY.4.17 OR AY.5 OR AY.5.1 OR AY.5.2 OR AY.5.3 OR AY.5.4 OR AY.5.5 OR AY.5.6 OR AY.5.7 OR AY.6 OR AY.7 OR AY.7.1 OR AY.7.2 OR AY.8 OR AY.9 OR AY.9.2 OR AY.9.2.1 OR AY.9.2.2 OR AY.10 OR AY.11 OR AY.13 OR AY.14 OR AY.15 OR AY.16 OR AY.16.1 OR AY.17 OR AY.18 OR AY.19 OR AY.20 OR AY.20.1 OR AY.21 OR AY.22 OR AY.23 OR AY.23.1 OR AY.23.2 OR AY.24 OR AY.24.1 OR AY.25 OR AY.25.1 OR AY.25.1.1 OR AY.25.1.2 OR AY.25.2 OR AY.25.3 OR AY.26 OR AY.26.1 OR AY.27 OR AY.28 OR AY.29 OR AY.29.1 OR AY.29.2 OR AY.30 OR AY.31 OR AY.32 OR AY.33 OR AY.33.1 OR AY.33.2 OR AY.34 OR AY.34.1 OR AY.34.1.1 OR AY.34.2 OR AY.35 OR AY.36 OR AY.36.1 OR AY.37 OR AY.38 OR AY.39 OR AY.39.1 OR AY.39.1.1 OR AY.39.1.2 OR AY.39.1.3 OR AY.39.1.4 OR AY.39.2 OR AY.39.3 OR AY.40 OR AY.41 OR AY.42 OR AY.42.1 OR AY.43 OR AY.43.1 OR AY.43.2 OR AY.43.3 OR AY.43.4 OR AY.43.5 OR AY.43.6 OR AY.43.7 OR AY.43.8 OR AY.43.9 OR AY.44 OR AY.45 OR AY.46 OR AY.46.1 OR AY.46.2 OR AY.46.3 OR AY.46.4 OR AY.46.5 OR AY.46.6 OR AY.46.6.1 OR AY.47 OR AY.48 OR AY.49 OR AY.50 OR AY.51 OR AY.52 OR AY.53 OR AY.54 OR AY.55 OR AY.56 OR AY.57 OR AY.58 OR AY.59 OR AY.60 OR AY.61 OR AY.62 OR AY.63 OR AY.64 OR AY.65 OR AY.66 OR AY.67 OR AY.68 OR AY.69 OR AY.70 OR AY.71 OR AY.72 OR AY.73 OR AY.74 OR AY.75 OR AY.75.2 OR AY.75.3 OR AY.76 OR AY.77 OR AY.78 OR AY.79 OR AY.80 OR AY.81 OR AY.82 OR AY.83 OR AY.84 OR AY.85 OR AY.86 OR AY.87 OR AY.88 OR AY.90 OR AY.91 OR AY.91.1 OR AY.92 OR AY.93 OR AY.94 OR AY.95 OR AY.98 OR AY.98.1 OR AY.98.1.1 OR AY.99 OR AY.99.1 OR AY.99.2 OR AY.100 OR AY.101 OR AY.102 OR AY.102.1 OR AY.102.2 OR AY.103 OR AY.103.1 OR AY.103.2 OR AY.104 OR AY.105 OR AY.106 OR AY.107 OR AY.108 OR AY.109 OR AY.110 OR AY.111 OR AY.112 OR AY.112.1 OR AY.112.2 OR AY.112.3 OR AY.113 OR AY.114 OR AY.116 OR AY.116.1 OR AY.117 OR AY.118 OR AY.119 OR AY.119.1 OR AY.119.2 OR AY.120 OR AY.120.1 OR AY.120.2 OR AY.120.2.1 OR AY.121 OR AY.121.1 OR AY.122 OR AY.122.1 OR AY.122.2 OR AY.122.3 OR AY.122.4 OR AY.122.5 OR AY.122.6 OR AY.123 OR AY.123.1 OR AY.124 OR AY.124.1 OR AY.124.1.1 OR AY.125 OR AY.125.1 OR AY.126 OR AY.127 OR AY.127.1 OR AY.127.2 OR AY.127.3 OR AY.128 OR AY.129 OR AY.130 OR AY.131 OR AY.132 OR AY.133 OR AY.134 OR B.1.617.2,Delta,5.64285714285714,4.14285714285714,0.734177215189873
2021-08-29,3,3,5.85714285714286,4.28571428571429,0.731707317073171,0.286423009254197,0.923229859965127,AY.1 OR AY.2 OR AY.3 OR AY.3.1 OR AY.3.2 OR AY.3.3 OR AY.3.4 OR AY.4 OR AY.4.1 OR AY.4.2 OR AY.4.2.1 OR AY.4.2.2 OR AY.4.2.3 OR AY.4.2.4 OR AY.4.2.5 OR AY.4.3 OR AY.4.4 OR AY.4.5 OR AY.4.6 OR AY.4.7 OR AY.4.8 OR AY.4.9 OR AY.4.10 OR AY.4.11 OR AY.4.12 OR AY.4.13 OR AY.4.14 OR AY.4.15 OR AY.4.16 OR AY.4.17 OR AY.5 OR AY.5.1 OR AY.5.2 OR AY.5.3 OR AY.5.4 OR AY.5.5 OR AY.5.6 OR AY.5.7 OR AY.6 OR AY.7 OR AY.7.1 OR AY.7.2 OR AY.8 OR AY.9 OR AY.9.2 OR AY.9.2.1 OR AY.9.2.2 OR AY.10 OR AY.11 OR AY.13 OR AY.14 OR AY.15 OR AY.16 OR AY.16.1 OR AY.17 OR AY.18 OR AY.19 OR AY.20 OR AY.20.1 OR AY.21 OR AY.22 OR AY.23 OR AY.23.1 OR AY.23.2 OR AY.24 OR AY.24.1 OR AY.25 OR AY.25.1 OR AY.25.1.1 OR AY.25.1.2 OR AY.25.2 OR AY.25.3 OR AY.26 OR AY.26.1 OR AY.27 OR AY.28 OR AY.29 OR AY.29.1 OR AY.29.2 OR AY.30 OR AY.31 OR AY.32 OR AY.33 OR AY.33.1 OR AY.33.2 OR AY.34 OR AY.34.1 OR AY.34.1.1 OR AY.34.2 OR AY.35 OR AY.36 OR AY.36.1 OR AY.37 OR AY.38 OR AY.39 OR AY.39.1 OR AY.39.1.1 OR AY.39.1.2 OR AY.39.1.3 OR AY.39.1.4 OR AY.39.2 OR AY.39.3 OR AY.40 OR AY.41 OR AY.42 OR AY.42.1 OR AY.43 OR AY.43.1 OR AY.43.2 OR AY.43.3 OR AY.43.4 OR AY.43.5 OR AY.43.6 OR AY.43.7 OR AY.43.8 OR AY.43.9 OR AY.44 OR AY.45 OR AY.46 OR AY.46.1 OR AY.46.2 OR AY.46.3 OR AY.46.4 OR AY.46.5 OR AY.46.6 OR AY.46.6.1 OR AY.47 OR AY.48 OR AY.49 OR AY.50 OR AY.51 OR AY.52 OR AY.53 OR AY.54 OR AY.55 OR AY.56 OR AY.57 OR AY.58 OR AY.59 OR AY.60 OR AY.61 OR AY.62 OR AY.63 OR AY.64 OR AY.65 OR AY.66 OR AY.67 OR AY.68 OR AY.69 OR AY.70 OR AY.71 OR AY.72 OR AY.73 OR AY.74 OR AY.75 OR AY.75.2 OR AY.75.3 OR AY.76 OR AY.77 OR AY.78 OR AY.79 OR AY.80 OR AY.81 OR AY.82 OR AY.83 OR AY.84 OR AY.85 OR AY.86 OR AY.87 OR AY.88 OR AY.90 OR AY.91 OR AY.91.1 OR AY.92 OR AY.93 OR AY.94 OR AY.95 OR AY.98 OR AY.98.1 OR AY.98.1.1 OR AY.99 OR AY.99.1 OR AY.99.2 OR AY.100 OR AY.101 OR AY.102 OR AY.102.1 OR AY.102.2 OR AY.103 OR AY.103.1 OR AY.103.2 OR AY.104 OR AY.105 OR AY.106 OR AY.107 OR AY.108 OR AY.109 OR AY.110 OR AY.111 OR AY.112 OR AY.112.1 OR AY.112.2 OR AY.112.3 OR AY.113 OR AY.114 OR AY.116 OR AY.116.1 OR AY.117 OR AY.118 OR AY.119 OR AY.119.1 OR AY.119.2 OR AY.120 OR AY.120.1 OR AY.120.2 OR AY.120.2.1 OR AY.121 OR AY.121.1 OR AY.122 OR AY.122.1 OR AY.122.2 OR AY.122.3 OR AY.122.4 OR AY.122.5 OR AY.122.6 OR AY.123 OR AY.123.1 OR AY.124 OR AY.124.1 OR AY.124.1.1 OR AY.125 OR AY.125.1 OR AY.126 OR AY.127 OR AY.127.1 OR AY.127.2 OR AY.127.3 OR AY.128 OR AY.129 OR AY.130 OR AY.131 OR AY.132 OR AY.133 OR AY.134 OR B.1.617.2,Delta,5.64285714285714,4.28571428571429,0.759493670886076
2021-08-30,7,6,5.85714285714286,4.28571428571429,0.731707317073171,0.286423009254197,0.923229859965127,AY.1 OR AY.2 OR AY.3 OR AY.3.1 OR AY.3.2 OR AY.3.3 OR AY.3.4 OR AY.4 OR AY.4.1 OR AY.4.2 OR AY.4.2.1 OR AY.4.2.2 OR AY.4.2.3 OR AY.4.2.4 OR AY.4.2.5 OR AY.4.3 OR AY.4.4 OR AY.4.5 OR AY.4.6 OR AY.4.7 OR AY.4.8 OR AY.4.9 OR AY.4.10 OR AY.4.11 OR AY.4.12 OR AY.4.13 OR AY.4.14 OR AY.4.15 OR AY.4.16 OR AY.4.17 OR AY.5 OR AY.5.1 OR AY.5.2 OR AY.5.3 OR AY.5.4 OR AY.5.5 OR AY.5.6 OR AY.5.7 OR AY.6 OR AY.7 OR AY.7.1 OR AY.7.2 OR AY.8 OR AY.9 OR AY.9.2 OR AY.9.2.1 OR AY.9.2.2 OR AY.10 OR AY.11 OR AY.13 OR AY.14 OR AY.15 OR AY.16 OR AY.16.1 OR AY.17 OR AY.18 OR AY.19 OR AY.20 OR AY.20.1 OR AY.21 OR AY.22 OR AY.23 OR AY.23.1 OR AY.23.2 OR AY.24 OR AY.24.1 OR AY.25 OR AY.25.1 OR AY.25.1.1 OR AY.25.1.2 OR AY.25.2 OR AY.25.3 OR AY.26 OR AY.26.1 OR AY.27 OR AY.28 OR AY.29 OR AY.29.1 OR AY.29.2 OR AY.30 OR AY.31 OR AY.32 OR AY.33 OR AY.33.1 OR AY.33.2 OR AY.34 OR AY.34.1 OR AY.34.1.1 OR AY.34.2 OR AY.35 OR AY.36 OR AY.36.1 OR AY.37 OR AY.38 OR AY.39 OR AY.39.1 OR AY.39.1.1 OR AY.39.1.2 OR AY.39.1.3 OR AY.39.1.4 OR AY.39.2 OR AY.39.3 OR AY.40 OR AY.41 OR AY.42 OR AY.42.1 OR AY.43 OR AY.43.1 OR AY.43.2 OR AY.43.3 OR AY.43.4 OR AY.43.5 OR AY.43.6 OR AY.43.7 OR AY.43.8 OR AY.43.9 OR AY.44 OR AY.45 OR AY.46 OR AY.46.1 OR AY.46.2 OR AY.46.3 OR AY.46.4 OR AY.46.5 OR AY.46.6 OR AY.46.6.1 OR AY.47 OR AY.48 OR AY.49 OR AY.50 OR AY.51 OR AY.52 OR AY.53 OR AY.54 OR AY.55 OR AY.56 OR AY.57 OR AY.58 OR AY.59 OR AY.60 OR AY.61 OR AY.62 OR AY.63 OR AY.64 OR AY.65 OR AY.66 OR AY.67 OR AY.68 OR AY.69 OR AY.70 OR AY.71 OR AY.72 OR AY.73 OR AY.74 OR AY.75 OR AY.75.2 OR AY.75.3 OR AY.76 OR AY.77 OR AY.78 OR AY.79 OR AY.80 OR AY.81 OR AY.82 OR AY.83 OR AY.84 OR AY.85 OR AY.86 OR AY.87 OR AY.88 OR AY.90 OR AY.91 OR AY.91.1 OR AY.92 OR AY.93 OR AY.94 OR AY.95 OR AY.98 OR AY.98.1 OR AY.98.1.1 OR AY.99 OR AY.99.1 OR AY.99.2 OR AY.100 OR AY.101 OR AY.102 OR AY.102.1 OR AY.102.2 OR AY.103 OR AY.103.1 OR AY.103.2 OR AY.104 OR AY.105 OR AY.106 OR AY.107 OR AY.108 OR AY.109 OR AY.110 OR AY.111 OR AY.112 OR AY.112.1 OR AY.112.2 OR AY.112.3 OR AY.113 OR AY.114 OR AY.116 OR AY.116.1 OR AY.117 OR AY.118 OR AY.119 OR AY.119.1 OR AY.119.2 OR AY.120 OR AY.120.1 OR AY.120.2 OR AY.120.2.1 OR AY.121 OR AY.121.1 OR AY.122 OR AY.122.1 OR AY.122.2 OR AY.122.3 OR AY.122.4 OR AY.122.5 OR AY.122.6 OR AY.123 OR AY.123.1 OR AY.124 OR AY.124.1 OR AY.124.1.1 OR AY.125 OR AY.125.1 OR AY.126 OR AY.127 OR AY.127.1 OR AY.127.2 OR AY.127.3 OR AY.128 OR AY.129 OR AY.130 OR AY.131 OR AY.132 OR AY.133 OR AY.134 OR B.1.617.2,Delta,5.78571428571429,4.5,0.777777777777778
2021-08-31,10,10,6.28571428571429,4.71428571428571,0.75,0.441943226390752,0.981379872880558,AY.1 OR AY.2 OR AY.3 OR AY.3.1 OR AY.3.2 OR AY.3.3 OR AY.3.4 OR AY.4 OR AY.4.1 OR AY.4.2 OR AY.4.2.1 OR AY.4.2.2 OR AY.4.2.3 OR AY.4.2.4 OR AY.4.2.5 OR AY.4.3 OR AY.4.4 OR AY.4.5 OR AY.4.6 OR AY.4.7 OR AY.4.8 OR AY.4.9 OR AY.4.10 OR AY.4.11 OR AY.4.12 OR AY.4.13 OR AY.4.14 OR AY.4.15 OR AY.4.16 OR AY.4.17 OR AY.5 OR AY.5.1 OR AY.5.2 OR AY.5.3 OR AY.5.4 OR AY.5.5 OR AY.5.6 OR AY.5.7 OR AY.6 OR AY.7 OR AY.7.1 OR AY.7.2 OR AY.8 OR AY.9 OR AY.9.2 OR AY.9.2.1 OR AY.9.2.2 OR AY.10 OR AY.11 OR AY.13 OR AY.14 OR AY.15 OR AY.16 OR AY.16.1 OR AY.17 OR AY.18 OR AY.19 OR AY.20 OR AY.20.1 OR AY.21 OR AY.22 OR AY.23 OR AY.23.1 OR AY.23.2 OR AY.24 OR AY.24.1 OR AY.25 OR AY.25.1 OR AY.25.1.1 OR AY.25.1.2 OR AY.25.2 OR AY.25.3 OR AY.26 OR AY.26.1 OR AY.27 OR AY.28 OR AY.29 OR AY.29.1 OR AY.29.2 OR AY.30 OR AY.31 OR AY.32 OR AY.33 OR AY.33.1 OR AY.33.2 OR AY.34 OR AY.34.1 OR AY.34.1.1 OR AY.34.2 OR AY.35 OR AY.36 OR AY.36.1 OR AY.37 OR AY.38 OR AY.39 OR AY.39.1 OR AY.39.1.1 OR AY.39.1.2 OR AY.39.1.3 OR AY.39.1.4 OR AY.39.2 OR AY.39.3 OR AY.40 OR AY.41 OR AY.42 OR AY.42.1 OR AY.43 OR AY.43.1 OR AY.43.2 OR AY.43.3 OR AY.43.4 OR AY.43.5 OR AY.43.6 OR AY.43.7 OR AY.43.8 OR AY.43.9 OR AY.44 OR AY.45 OR AY.46 OR AY.46.1 OR AY.46.2 OR AY.46.3 OR AY.46.4 OR AY.46.5 OR AY.46.6 OR AY.46.6.1 OR AY.47 OR AY.48 OR AY.49 OR AY.50 OR AY.51 OR AY.52 OR AY.53 OR AY.54 OR AY.55 OR AY.56 OR AY.57 OR AY.58 OR AY.59 OR AY.60 OR AY.61 OR AY.62 OR AY.63 OR AY.64 OR AY.65 OR AY.66 OR AY.67 OR AY.68 OR AY.69 OR AY.70 OR AY.71 OR AY.72 OR AY.73 OR AY.74 OR AY.75 OR AY.75.2 OR AY.75.3 OR AY.76 OR AY.77 OR AY.78 OR AY.79 OR AY.80 OR AY.81 OR AY.82 OR AY.83 OR AY.84 OR AY.85 OR AY.86 OR AY.87 OR AY.88 OR AY.90 OR AY.91 OR AY.91.1 OR AY.92 OR AY.93 OR AY.94 OR AY.95 OR AY.98 OR AY.98.1 OR AY.98.1.1 OR AY.99 OR AY.99.1 OR AY.99.2 OR AY.100 OR AY.101 OR AY.102 OR AY.102.1 OR AY.102.2 OR AY.103 OR AY.103.1 OR AY.103.2 OR AY.104 OR AY.105 OR AY.106 OR AY.107 OR AY.108 OR AY.109 OR AY.110 OR AY.111 OR AY.112 OR AY.112.1 OR AY.112.2 OR AY.112.3 OR AY.113 OR AY.114 OR AY.116 OR AY.116.1 OR AY.117 OR AY.118 OR AY.119 OR AY.119.1 OR AY.119.2 OR AY.120 OR AY.120.1 OR AY.120.2 OR AY.120.2.1 OR AY.121 OR AY.121.1 OR AY.122 OR AY.122.1 OR AY.122.2 OR AY.122.3 OR AY.122.4 OR AY.122.5 OR AY.122.6 OR AY.123 OR AY.123.1 OR AY.124 OR AY.124.1 OR AY.124.1.1 OR AY.125 OR AY.125.1 OR AY.126 OR AY.127 OR AY.127.1 OR AY.127.2 OR AY.127.3 OR AY.128 OR AY.129 OR AY.130 OR AY.131 OR AY.132 OR AY.133 OR AY.134 OR B.1.617.2,Delta,6.35714285714286,5.07142857142857,0.797752808988764
2021-09-01,9,6,7.14285714285714,5.28571428571429,0.74,0.352338345040579,0.935271733050516,AY.1 OR AY.2 OR AY.3 OR AY.3.1 OR AY.3.2 OR AY.3.3 OR AY.3.4 OR AY.4 OR AY.4.1 OR AY.4.2 OR AY.4.2.1 OR AY.4.2.2 OR AY.4.2.3 OR AY.4.2.4 OR AY.4.2.5 OR AY.4.3 OR AY.4.4 OR AY.4.5 OR AY.4.6 OR AY.4.7 OR AY.4.8 OR AY.4.9 OR AY.4.10 OR AY.4.11 OR AY.4.12 OR AY.4.13 OR AY.4.14 OR AY.4.15 OR AY.4.16 OR AY.4.17 OR AY.5 OR AY.5.1 OR AY.5.2 OR AY.5.3 OR AY.5.4 OR AY.5.5 OR AY.5.6 OR AY.5.7 OR AY.6 OR AY.7 OR AY.7.1 OR AY.7.2 OR AY.8 OR AY.9 OR AY.9.2 OR AY.9.2.1 OR AY.9.2.2 OR AY.10 OR AY.11 OR AY.13 OR AY.14 OR AY.15 OR AY.16 OR AY.16.1 OR AY.17 OR AY.18 OR AY.19 OR AY.20 OR AY.20.1 OR AY.21 OR AY.22 OR AY.23 OR AY.23.1 OR AY.23.2 OR AY.24 OR AY.24.1 OR AY.25 OR AY.25.1 OR AY.25.1.1 OR AY.25.1.2 OR AY.25.2 OR AY.25.3 OR AY.26 OR AY.26.1 OR AY.27 OR AY.28 OR AY.29 OR AY.29.1 OR AY.29.2 OR AY.30 OR AY.31 OR AY.32 OR AY.33 OR AY.33.1 OR AY.33.2 OR AY.34 OR AY.34.1 OR AY.34.1.1 OR AY.34.2 OR AY.35 OR AY.36 OR AY.36.1 OR AY.37 OR AY.38 OR AY.39 OR AY.39.1 OR AY.39.1.1 OR AY.39.1.2 OR AY.39.1.3 OR AY.39.1.4 OR AY.39.2 OR AY.39.3 OR AY.40 OR AY.41 OR AY.42 OR AY.42.1 OR AY.43 OR AY.43.1 OR AY.43.2 OR AY.43.3 OR AY.43.4 OR AY.43.5 OR AY.43.6 OR AY.43.7 OR AY.43.8 OR AY.43.9 OR AY.44 OR AY.45 OR AY.46 OR AY.46.1 OR AY.46.2 OR AY.46.3 OR AY.46.4 OR AY.46.5 OR AY.46.6 OR AY.46.6.1 OR AY.47 OR AY.48 OR AY.49 OR AY.50 OR AY.51 OR AY.52 OR AY.53 OR AY.54 OR AY.55 OR AY.56 OR AY.57 OR AY.58 OR AY.59 OR AY.60 OR AY.61 OR AY.62 OR AY.63 OR AY.64 OR AY.65 OR AY.66 OR AY.67 OR AY.68 OR AY.69 OR AY.70 OR AY.71 OR AY.72 OR AY.73 OR AY.74 OR AY.75 OR AY.75.2 OR AY.75.3 OR AY.76 OR AY.77 OR AY.78 OR AY.79 OR AY.80 OR AY.81 OR AY.82 OR AY.83 OR AY.84 OR AY.85 OR AY.86 OR AY.87 OR AY.88 OR AY.90 OR AY.91 OR AY.91.1 OR AY.92 OR AY.93 OR AY.94 OR AY.95 OR AY.98 OR AY.98.1 OR AY.98.1.1 OR AY.99 OR AY.99.1 OR AY.99.2 OR AY.100 OR AY.101 OR AY.102 OR AY.102.1 OR AY.102.2 OR AY.103 OR AY.103.1 OR AY.103.2 OR AY.104 OR AY.105 OR AY.106 OR AY.107 OR AY.108 OR AY.109 OR AY.110 OR AY.111 OR AY.112 OR AY.112.1 OR AY.112.2 OR AY.112.3 OR AY.113 OR AY.114 OR AY.116 OR AY.116.1 OR AY.117 OR AY.118 OR AY.119 OR AY.119.1 OR AY.119.2 OR AY.120 OR AY.120.1 OR AY.120.2 OR AY.120.2.1 OR AY.121 OR AY.121.1 OR AY.122 OR AY.122.1 OR AY.122.2 OR AY.122.3 OR AY.122.4 OR AY.122.5 OR AY.122.6 OR AY.123 OR AY.123.1 OR AY.124 OR AY.124.1 OR AY.124.1.1 OR AY.125 OR AY.125.1 OR AY.126 OR AY.127 OR AY.127.1 OR AY.127.2 OR AY.127.3 OR AY.128 OR AY.129 OR AY.130 OR AY.131 OR AY.132 OR AY.133 OR AY.134 OR B.1.617.2,Delta,6.35714285714286,5.07142857142857,0.797752808988764
2021-09-02,6,5,7.28571428571429,5.57142857142857,0.764705882352941,0.499202538380922,0.984123475787253,AY.1 OR AY.2 OR AY.3 OR AY.3.1 OR AY.3.2 OR AY.3.3 OR AY.3.4 OR AY.4 OR AY.4.1 OR AY.4.2 OR AY.4.2.1 OR AY.4.2.2 OR AY.4.2.3 OR AY.4.2.4 OR AY.4.2.5 OR AY.4.3 OR AY.4.4 OR AY.4.5 OR AY.4.6 OR AY.4.7 OR AY.4.8 OR AY.4.9 OR AY.4.10 OR AY.4.11 OR AY.4.12 OR AY.4.13 OR AY.4.14 OR AY.4.15 OR AY.4.16 OR AY.4.17 OR AY.5 OR AY.5.1 OR AY.5.2 OR AY.5.3 OR AY.5.4 OR AY.5.5 OR AY.5.6 OR AY.5.7 OR AY.6 OR AY.7 OR AY.7.1 OR AY.7.2 OR AY.8 OR AY.9 OR AY.9.2 OR AY.9.2.1 OR AY.9.2.2 OR AY.10 OR AY.11 OR AY.13 OR AY.14 OR AY.15 OR AY.16 OR AY.16.1 OR AY.17 OR AY.18 OR AY.19 OR AY.20 OR AY.20.1 OR AY.21 OR AY.22 OR AY.23 OR AY.23.1 OR AY.23.2 OR AY.24 OR AY.24.1 OR AY.25 OR AY.25.1 OR AY.25.1.1 OR AY.25.1.2 OR AY.25.2 OR AY.25.3 OR AY.26 OR AY.26.1 OR AY.27 OR AY.28 OR AY.29 OR AY.29.1 OR AY.29.2 OR AY.30 OR AY.31 OR AY.32 OR AY.33 OR AY.33.1 OR AY.33.2 OR AY.34 OR AY.34.1 OR AY.34.1.1 OR AY.34.2 OR AY.35 OR AY.36 OR AY.36.1 OR AY.37 OR AY.38 OR AY.39 OR AY.39.1 OR AY.39.1.1 OR AY.39.1.2 OR AY.39.1.3 OR AY.39.1.4 OR AY.39.2 OR AY.39.3 OR AY.40 OR AY.41 OR AY.42 OR AY.42.1 OR AY.43 OR AY.43.1 OR AY.43.2 OR AY.43.3 OR AY.43.4 OR AY.43.5 OR AY.43.6 OR AY.43.7 OR AY.43.8 OR AY.43.9 OR AY.44 OR AY.45 OR AY.46 OR AY.46.1 OR AY.46.2 OR AY.46.3 OR AY.46.4 OR AY.46.5 OR AY.46.6 OR AY.46.6.1 OR AY.47 OR AY.48 OR AY.49 OR AY.50 OR AY.51 OR AY.52 OR AY.53 OR AY.54 OR AY.55 OR AY.56 OR AY.57 OR AY.58 OR AY.59 OR AY.60 OR AY.61 OR AY.62 OR AY.63 OR AY.64 OR AY.65 OR AY.66 OR AY.67 OR AY.68 OR AY.69 OR AY.70 OR AY.71 OR AY.72 OR AY.73 OR AY.74 OR AY.75 OR AY.75.2 OR AY.75.3 OR AY.76 OR AY.77 OR AY.78 OR AY.79 OR AY.80 OR AY.81 OR AY.82 OR AY.83 OR AY.84 OR AY.85 OR AY.86 OR AY.87 OR AY.88 OR AY.90 OR AY.91 OR AY.91.1 OR AY.92 OR AY.93 OR AY.94 OR AY.95 OR AY.98 OR AY.98.1 OR AY.98.1.1 OR AY.99 OR AY.99.1 OR AY.99.2 OR AY.100 OR AY.101 OR AY.102 OR AY.102.1 OR AY.102.2 OR AY.103 OR AY.103.1 OR AY.103.2 OR AY.104 OR AY.105 OR AY.106 OR AY.107 OR AY.108 OR AY.109 OR AY.110 OR AY.111 OR AY.112 OR AY.112.1 OR AY.112.2 OR AY.112.3 OR AY.113 OR AY.114 OR AY.116 OR AY.116.1 OR AY.117 OR AY.118 OR AY.119 OR AY.119.1 OR AY.119.2 OR AY.120 OR AY.120.1 OR AY.120.2 OR AY.120.2.1 OR AY.121 OR AY.121.1 OR AY.122 OR AY.122.1 OR AY.122.2 OR AY.122.3 OR AY.122.4 OR AY.122.5 OR AY.122.6 OR AY.123 OR AY.123.1 OR AY.124 OR AY.124.1 OR AY.124.1.1 OR AY.125 OR AY.125.1 OR AY.126 OR AY.127 OR AY.127.1 OR AY.127.2 OR AY.127.3 OR AY.128 OR AY.129 OR AY.130 OR AY.131 OR AY.132 OR AY.133 OR AY.134 OR B.1.617.2,Delta,6.28571428571429,5,0.795454545454546
2021-09-03,5,5,7.28571428571429,5.85714285714286,0.803921568627451,0.499202538380922,0.984123475787253,AY.1 OR AY.2 OR AY.3 OR AY.3.1 OR AY.3.2 OR AY.3.3 OR AY.3.4 OR AY.4 OR AY.4.1 OR AY.4.2 OR AY.4.2.1 OR AY.4.2.2 OR AY.4.2.3 OR AY.4.2.4 OR AY.4.2.5 OR AY.4.3 OR AY.4.4 OR AY.4.5 OR AY.4.6 OR AY.4.7 OR AY.4.8 OR AY.4.9 OR AY.4.10 OR AY.4.11 OR AY.4.12 OR AY.4.13 OR AY.4.14 OR AY.4.15 OR AY.4.16 OR AY.4.17 OR AY.5 OR AY.5.1 OR AY.5.2 OR AY.5.3 OR AY.5.4 OR AY.5.5 OR AY.5.6 OR AY.5.7 OR AY.6 OR AY.7 OR AY.7.1 OR AY.7.2 OR AY.8 OR AY.9 OR AY.9.2 OR AY.9.2.1 OR AY.9.2.2 OR AY.10 OR AY.11 OR AY.13 OR AY.14 OR AY.15 OR AY.16 OR AY.16.1 OR AY.17 OR AY.18 OR AY.19 OR AY.20 OR AY.20.1 OR AY.21 OR AY.22 OR AY.23 OR AY.23.1 OR AY.23.2 OR AY.24 OR AY.24.1 OR AY.25 OR AY.25.1 OR AY.25.1.1 OR AY.25.1.2 OR AY.25.2 OR AY.25.3 OR AY.26 OR AY.26.1 OR AY.27 OR AY.28 OR AY.29 OR AY.29.1 OR AY.29.2 OR AY.30 OR AY.31 OR AY.32 OR AY.33 OR AY.33.1 OR AY.33.2 OR AY.34 OR AY.34.1 OR AY.34.1.1 OR AY.34.2 OR AY.35 OR AY.36 OR AY.36.1 OR AY.37 OR AY.38 OR AY.39 OR AY.39.1 OR AY.39.1.1 OR AY.39.1.2 OR AY.39.1.3 OR AY.39.1.4 OR AY.39.2 OR AY.39.3 OR AY.40 OR AY.41 OR AY.42 OR AY.42.1 OR AY.43 OR AY.43.1 OR AY.43.2 OR AY.43.3 OR AY.43.4 OR AY.43.5 OR AY.43.6 OR AY.43.7 OR AY.43.8 OR AY.43.9 OR AY.44 OR AY.45 OR AY.46 OR AY.46.1 OR AY.46.2 OR AY.46.3 OR AY.46.4 OR AY.46.5 OR AY.46.6 OR AY.46.6.1 OR AY.47 OR AY.48 OR AY.49 OR AY.50 OR AY.51 OR AY.52 OR AY.53 OR AY.54 OR AY.55 OR AY.56 OR AY.57 OR AY.58 OR AY.59 OR AY.60 OR AY.61 OR AY.62 OR AY.63 OR AY.64 OR AY.65 OR AY.66 OR AY.67 OR AY.68 OR AY.69 OR AY.70 OR AY.71 OR AY.72 OR AY.73 OR AY.74 OR AY.75 OR AY.75.2 OR AY.75.3 OR AY.76 OR AY.77 OR AY.78 OR AY.79 OR AY.80 OR AY.81 OR AY.82 OR AY.83 OR AY.84 OR AY.85 OR AY.86 OR AY.87 OR AY.88 OR AY.90 OR AY.91 OR AY.91.1 OR AY.92 OR AY.93 OR AY.94 OR AY.95 OR AY.98 OR AY.98.1 OR AY.98.1.1 OR AY.99 OR AY.99.1 OR AY.99.2 OR AY.100 OR AY.101 OR AY.102 OR AY.102.1 OR AY.102.2 OR AY.103 OR AY.103.1 OR AY.103.2 OR AY.104 OR AY.105 OR AY.106 OR AY.107 OR AY.108 OR AY.109 OR AY.110 OR AY.111 OR AY.112 OR AY.112.1 OR AY.112.2 OR AY.112.3 OR AY.113 OR AY.114 OR AY.116 OR AY.116.1 OR AY.117 OR AY.118 OR AY.119 OR AY.119.1 OR AY.119.2 OR AY.120 OR AY.120.1 OR AY.120.2 OR AY.120.2.1 OR AY.121 OR AY.121.1 OR AY.122 OR AY.122.1 OR AY.122.2 OR AY.122.3 OR AY.122.4 OR AY.122.5 OR AY.122.6 OR AY.123 OR AY.123.1 OR AY.124 OR AY.124.1 OR AY.124.1.1 OR AY.125 OR AY.125.1 OR AY.126 OR AY.127 OR AY.127.1 OR AY.127.2 OR AY.127.3 OR AY.128 OR AY.129 OR AY.130 OR AY.131 OR AY.132 OR AY.133 OR AY.134 OR B.1.617.2,Delta,6.07142857142857,4.85714285714286,0.8
2021-09-04,8,8,6.85714285714286,6.14285714285714,0.895833333333334,0.499202538380922,0.984123475787253,AY.1 OR AY.2 OR AY.3 OR AY.3.1 OR AY.3.2 OR AY.3.3 OR AY.3.4 OR AY.4 OR AY.4.1 OR AY.4.2 OR AY.4.2.1 OR AY.4.2.2 OR AY.4.2.3 OR AY.4.2.4 OR AY.4.2.5 OR AY.4.3 OR AY.4.4 OR AY.4.5 OR AY.4.6 OR AY.4.7 OR AY.4.8 OR AY.4.9 OR AY.4.10 OR AY.4.11 OR AY.4.12 OR AY.4.13 OR AY.4.14 OR AY.4.15 OR AY.4.16 OR AY.4.17 OR AY.5 OR AY.5.1 OR AY.5.2 OR AY.5.3 OR AY.5.4 OR AY.5.5 OR AY.5.6 OR AY.5.7 OR AY.6 OR AY.7 OR AY.7.1 OR AY.7.2 OR AY.8 OR AY.9 OR AY.9.2 OR AY.9.2.1 OR AY.9.2.2 OR AY.10 OR AY.11 OR AY.13 OR AY.14 OR AY.15 OR AY.16 OR AY.16.1 OR AY.17 OR AY.18 OR AY.19 OR AY.20 OR AY.20.1 OR AY.21 OR AY.22 OR AY.23 OR AY.23.1 OR AY.23.2 OR AY.24 OR AY.24.1 OR AY.25 OR AY.25.1 OR AY.25.1.1 OR AY.25.1.2 OR AY.25.2 OR AY.25.3 OR AY.26 OR AY.26.1 OR AY.27 OR AY.28 OR AY.29 OR AY.29.1 OR AY.29.2 OR AY.30 OR AY.31 OR AY.32 OR AY.33 OR AY.33.1 OR AY.33.2 OR AY.34 OR AY.34.1 OR AY.34.1.1 OR AY.34.2 OR AY.35 OR AY.36 OR AY.36.1 OR AY.37 OR AY.38 OR AY.39 OR AY.39.1 OR AY.39.1.1 OR AY.39.1.2 OR AY.39.1.3 OR AY.39.1.4 OR AY.39.2 OR AY.39.3 OR AY.40 OR AY.41 OR AY.42 OR AY.42.1 OR AY.43 OR AY.43.1 OR AY.43.2 OR AY.43.3 OR AY.43.4 OR AY.43.5 OR AY.43.6 OR AY.43.7 OR AY.43.8 OR AY.43.9 OR AY.44 OR AY.45 OR AY.46 OR AY.46.1 OR AY.46.2 OR AY.46.3 OR AY.46.4 OR AY.46.5 OR AY.46.6 OR AY.46.6.1 OR AY.47 OR AY.48 OR AY.49 OR AY.50 OR AY.51 OR AY.52 OR AY.53 OR AY.54 OR AY.55 OR AY.56 OR AY.57 OR AY.58 OR AY.59 OR AY.60 OR AY.61 OR AY.62 OR AY.63 OR AY.64 OR AY.65 OR AY.66 OR AY.67 OR AY.68 OR AY.69 OR AY.70 OR AY.71 OR AY.72 OR AY.73 OR AY.74 OR AY.75 OR AY.75.2 OR AY.75.3 OR AY.76 OR AY.77 OR AY.78 OR AY.79 OR AY.80 OR AY.81 OR AY.82 OR AY.83 OR AY.84 OR AY.85 OR AY.86 OR AY.87 OR AY.88 OR AY.90 OR AY.91 OR AY.91.1 OR AY.92 OR AY.93 OR AY.94 OR AY.95 OR AY.98 OR AY.98.1 OR AY.98.1.1 OR AY.99 OR AY.99.1 OR AY.99.2 OR AY.100 OR AY.101 OR AY.102 OR AY.102.1 OR AY.102.2 OR AY.103 OR AY.103.1 OR AY.103.2 OR AY.104 OR AY.105 OR AY.106 OR AY.107 OR AY.108 OR AY.109 OR AY.110 OR AY.111 OR AY.112 OR AY.112.1 OR AY.112.2 OR AY.112.3 OR AY.113 OR AY.114 OR AY.116 OR AY.116.1 OR AY.117 OR AY.118 OR AY.119 OR AY.119.1 OR AY.119.2 OR AY.120 OR AY.120.1 OR AY.120.2 OR AY.120.2.1 OR AY.121 OR AY.121.1 OR AY.122 OR AY.122.1 OR AY.122.2 OR AY.122.3 OR AY.122.4 OR AY.122.5 OR AY.122.6 OR AY.123 OR AY.123.1 OR AY.124 OR AY.124.1 OR AY.124.1.1 OR AY.125 OR AY.125.1 OR AY.126 OR AY.127 OR AY.127.1 OR AY.127.2 OR AY.127.3 OR AY.128 OR AY.129 OR AY.130 OR AY.131 OR AY.132 OR AY.133 OR AY.134 OR B.1.617.2,Delta,6.35714285714286,5.21428571428571,0.820224719101124
2021-09-05,2,1,6.71428571428571,5.85714285714286,0.872340425531915,0.499202538380922,0.984123475787253,AY.1 OR AY.2 OR AY.3 OR AY.3.1 OR AY.3.2 OR AY.3.3 OR AY.3.4 OR AY.4 OR AY.4.1 OR AY.4.2 OR AY.4.2.1 OR AY.4.2.2 OR AY.4.2.3 OR AY.4.2.4 OR AY.4.2.5 OR AY.4.3 OR AY.4.4 OR AY.4.5 OR AY.4.6 OR AY.4.7 OR AY.4.8 OR AY.4.9 OR AY.4.10 OR AY.4.11 OR AY.4.12 OR AY.4.13 OR AY.4.14 OR AY.4.15 OR AY.4.16 OR AY.4.17 OR AY.5 OR AY.5.1 OR AY.5.2 OR AY.5.3 OR AY.5.4 OR AY.5.5 OR AY.5.6 OR AY.5.7 OR AY.6 OR AY.7 OR AY.7.1 OR AY.7.2 OR AY.8 OR AY.9 OR AY.9.2 OR AY.9.2.1 OR AY.9.2.2 OR AY.10 OR AY.11 OR AY.13 OR AY.14 OR AY.15 OR AY.16 OR AY.16.1 OR AY.17 OR AY.18 OR AY.19 OR AY.20 OR AY.20.1 OR AY.21 OR AY.22 OR AY.23 OR AY.23.1 OR AY.23.2 OR AY.24 OR AY.24.1 OR AY.25 OR AY.25.1 OR AY.25.1.1 OR AY.25.1.2 OR AY.25.2 OR AY.25.3 OR AY.26 OR AY.26.1 OR AY.27 OR AY.28 OR AY.29 OR AY.29.1 OR AY.29.2 OR AY.30 OR AY.31 OR AY.32 OR AY.33 OR AY.33.1 OR AY.33.2 OR AY.34 OR AY.34.1 OR AY.34.1.1 OR AY.34.2 OR AY.35 OR AY.36 OR AY.36.1 OR AY.37 OR AY.38 OR AY.39 OR AY.39.1 OR AY.39.1.1 OR AY.39.1.2 OR AY.39.1.3 OR AY.39.1.4 OR AY.39.2 OR AY.39.3 OR AY.40 OR AY.41 OR AY.42 OR AY.42.1 OR AY.43 OR AY.43.1 OR AY.43.2 OR AY.43.3 OR AY.43.4 OR AY.43.5 OR AY.43.6 OR AY.43.7 OR AY.43.8 OR AY.43.9 OR AY.44 OR AY.45 OR AY.46 OR AY.46.1 OR AY.46.2 OR AY.46.3 OR AY.46.4 OR AY.46.5 OR AY.46.6 OR AY.46.6.1 OR AY.47 OR AY.48 OR AY.49 OR AY.50 OR AY.51 OR AY.52 OR AY.53 OR AY.54 OR AY.55 OR AY.56 OR AY.57 OR AY.58 OR AY.59 OR AY.60 OR AY.61 OR AY.62 OR AY.63 OR AY.64 OR AY.65 OR AY.66 OR AY.67 OR AY.68 OR AY.69 OR AY.70 OR AY.71 OR AY.72 OR AY.73 OR AY.74 OR AY.75 OR AY.75.2 OR AY.75.3 OR AY.76 OR AY.77 OR AY.78 OR AY.79 OR AY.80 OR AY.81 OR AY.82 OR AY.83 OR AY.84 OR AY.85 OR AY.86 OR AY.87 OR AY.88 OR AY.90 OR AY.91 OR AY.91.1 OR AY.92 OR AY.93 OR AY.94 OR AY.95 OR AY.98 OR AY.98.1 OR AY.98.1.1 OR AY.99 OR AY.99.1 OR AY.99.2 OR AY.100 OR AY.101 OR AY.102 OR AY.102.1 OR AY.102.2 OR AY.103 OR AY.103.1 OR AY.103.2 OR AY.104 OR AY.105 OR AY.106 OR AY.107 OR AY.108 OR AY.109 OR AY.110 OR AY.111 OR AY.112 OR AY.112.1 OR AY.112.2 OR AY.112.3 OR AY.113 OR AY.114 OR AY.116 OR AY.116.1 OR AY.117 OR AY.118 OR AY.119 OR AY.119.1 OR AY.119.2 OR AY.120 OR AY.120.1 OR AY.120.2 OR AY.120.2.1 OR AY.121 OR AY.121.1 OR AY.122 OR AY.122.1 OR AY.122.2 OR AY.122.3 OR AY.122.4 OR AY.122.5 OR AY.122.6 OR AY.123 OR AY.123.1 OR AY.124 OR AY.124.1 OR AY.124.1.1 OR AY.125 OR AY.125.1 OR AY.126 OR AY.127 OR AY.127.1 OR AY.127.2 OR AY.127.3 OR AY.128 OR AY.129 OR AY.130 OR AY.131 OR AY.132 OR AY.133 OR AY.134 OR B.1.617.2,Delta,6.28571428571429,5.07142857142857,0.806818181818182
2021-09-06,5,5,6.42857142857143,5.71428571428571,0.888888888888889,0.66961109084845,0.999921500151634,AY.1 OR AY.2 OR AY.3 OR AY.3.1 OR AY.3.2 OR AY.3.3 OR AY.3.4 OR AY.4 OR AY.4.1 OR AY.4.2 OR AY.4.2.1 OR AY.4.2.2 OR AY.4.2.3 OR AY.4.2.4 OR AY.4.2.5 OR AY.4.3 OR AY.4.4 OR AY.4.5 OR AY.4.6 OR AY.4.7 OR AY.4.8 OR AY.4.9 OR AY.4.10 OR AY.4.11 OR AY.4.12 OR AY.4.13 OR AY.4.14 OR AY.4.15 OR AY.4.16 OR AY.4.17 OR AY.5 OR AY.5.1 OR AY.5.2 OR AY.5.3 OR AY.5.4 OR AY.5.5 OR AY.5.6 OR AY.5.7 OR AY.6 OR AY.7 OR AY.7.1 OR AY.7.2 OR AY.8 OR AY.9 OR AY.9.2 OR AY.9.2.1 OR AY.9.2.2 OR AY.10 OR AY.11 OR AY.13 OR AY.14 OR AY.15 OR AY.16 OR AY.16.1 OR AY.17 OR AY.18 OR AY.19 OR AY.20 OR AY.20.1 OR AY.21 OR AY.22 OR AY.23 OR AY.23.1 OR AY.23.2 OR AY.24 OR AY.24.1 OR AY.25 OR AY.25.1 OR AY.25.1.1 OR AY.25.1.2 OR AY.25.2 OR AY.25.3 OR AY.26 OR AY.26.1 OR AY.27 OR AY.28 OR AY.29 OR AY.29.1 OR AY.29.2 OR AY.30 OR AY.31 OR AY.32 OR AY.33 OR AY.33.1 OR AY.33.2 OR AY.34 OR AY.34.1 OR AY.34.1.1 OR AY.34.2 OR AY.35 OR AY.36 OR AY.36.1 OR AY.37 OR AY.38 OR AY.39 OR AY.39.1 OR AY.39.1.1 OR AY.39.1.2 OR AY.39.1.3 OR AY.39.1.4 OR AY.39.2 OR AY.39.3 OR AY.40 OR AY.41 OR AY.42 OR AY.42.1 OR AY.43 OR AY.43.1 OR AY.43.2 OR AY.43.3 OR AY.43.4 OR AY.43.5 OR AY.43.6 OR AY.43.7 OR AY.43.8 OR AY.43.9 OR AY.44 OR AY.45 OR AY.46 OR AY.46.1 OR AY.46.2 OR AY.46.3 OR AY.46.4 OR AY.46.5 OR AY.46.6 OR AY.46.6.1 OR AY.47 OR AY.48 OR AY.49 OR AY.50 OR AY.51 OR AY.52 OR AY.53 OR AY.54 OR AY.55 OR AY.56 OR AY.57 OR AY.58 OR AY.59 OR AY.60 OR AY.61 OR AY.62 OR AY.63 OR AY.64 OR AY.65 OR AY.66 OR AY.67 OR AY.68 OR AY.69 OR AY.70 OR AY.71 OR AY.72 OR AY.73 OR AY.74 OR AY.75 OR AY.75.2 OR AY.75.3 OR AY.76 OR AY.77 OR AY.78 OR AY.79 OR AY.80 OR AY.81 OR AY.82 OR AY.83 OR AY.84 OR AY.85 OR AY.86 OR AY.87 OR AY.88 OR AY.90 OR AY.91 OR AY.91.1 OR AY.92 OR AY.93 OR AY.94 OR AY.95 OR AY.98 OR AY.98.1 OR AY.98.1.1 OR AY.99 OR AY.99.1 OR AY.99.2 OR AY.100 OR AY.101 OR AY.102 OR AY.102.1 OR AY.102.2 OR AY.103 OR AY.103.1 OR AY.103.2 OR AY.104 OR AY.105 OR AY.106 OR AY.107 OR AY.108 OR AY.109 OR AY.110 OR AY.111 OR AY.112 OR AY.112.1 OR AY.112.2 OR AY.112.3 OR AY.113 OR AY.114 OR AY.116 OR AY.116.1 OR AY.117 OR AY.118 OR AY.119 OR AY.119.1 OR AY.119.2 OR AY.120 OR AY.120.1 OR AY.120.2 OR AY.120.2.1 OR AY.121 OR AY.121.1 OR AY.122 OR AY.122.1 OR AY.122.2 OR AY.122.3 OR AY.122.4 OR AY.122.5 OR AY.122.6 OR AY.123 OR AY.123.1 OR AY.124 OR AY.124.1 OR AY.124.1.1 OR AY.125 OR AY.125.1 OR AY.126 OR AY.127 OR AY.127.1 OR AY.127.2 OR AY.127.3 OR AY.128 OR AY.129 OR AY.130 OR AY.131 OR AY.132 OR AY.133 OR AY.134 OR B.1.617.2,Delta,6.14285714285714,5,0.813953488372093
2021-09-07,2,2,5.28571428571429,4.57142857142857,0.864864864864865,0.620622857700961,0.99990657939996,AY.1 OR AY.2 OR AY.3 OR AY.3.1 OR AY.3.2 OR AY.3.3 OR AY.3.4 OR AY.4 OR AY.4.1 OR AY.4.2 OR AY.4.2.1 OR AY.4.2.2 OR AY.4.2.3 OR AY.4.2.4 OR AY.4.2.5 OR AY.4.3 OR AY.4.4 OR AY.4.5 OR AY.4.6 OR AY.4.7 OR AY.4.8 OR AY.4.9 OR AY.4.10 OR AY.4.11 OR AY.4.12 OR AY.4.13 OR AY.4.14 OR AY.4.15 OR AY.4.16 OR AY.4.17 OR AY.5 OR AY.5.1 OR AY.5.2 OR AY.5.3 OR AY.5.4 OR AY.5.5 OR AY.5.6 OR AY.5.7 OR AY.6 OR AY.7 OR AY.7.1 OR AY.7.2 OR AY.8 OR AY.9 OR AY.9.2 OR AY.9.2.1 OR AY.9.2.2 OR AY.10 OR AY.11 OR AY.13 OR AY.14 OR AY.15 OR AY.16 OR AY.16.1 OR AY.17 OR AY.18 OR AY.19 OR AY.20 OR AY.20.1 OR AY.21 OR AY.22 OR AY.23 OR AY.23.1 OR AY.23.2 OR AY.24 OR AY.24.1 OR AY.25 OR AY.25.1 OR AY.25.1.1 OR AY.25.1.2 OR AY.25.2 OR AY.25.3 OR AY.26 OR AY.26.1 OR AY.27 OR AY.28 OR AY.29 OR AY.29.1 OR AY.29.2 OR AY.30 OR AY.31 OR AY.32 OR AY.33 OR AY.33.1 OR AY.33.2 OR AY.34 OR AY.34.1 OR AY.34.1.1 OR AY.34.2 OR AY.35 OR AY.36 OR AY.36.1 OR AY.37 OR AY.38 OR AY.39 OR AY.39.1 OR AY.39.1.1 OR AY.39.1.2 OR AY.39.1.3 OR AY.39.1.4 OR AY.39.2 OR AY.39.3 OR AY.40 OR AY.41 OR AY.42 OR AY.42.1 OR AY.43 OR AY.43.1 OR AY.43.2 OR AY.43.3 OR AY.43.4 OR AY.43.5 OR AY.43.6 OR AY.43.7 OR AY.43.8 OR AY.43.9 OR AY.44 OR AY.45 OR AY.46 OR AY.46.1 OR AY.46.2 OR AY.46.3 OR AY.46.4 OR AY.46.5 OR AY.46.6 OR AY.46.6.1 OR AY.47 OR AY.48 OR AY.49 OR AY.50 OR AY.51 OR AY.52 OR AY.53 OR AY.54 OR AY.55 OR AY.56 OR AY.57 OR AY.58 OR AY.59 OR AY.60 OR AY.61 OR AY.62 OR AY.63 OR AY.64 OR AY.65 OR AY.66 OR AY.67 OR AY.68 OR AY.69 OR AY.70 OR AY.71 OR AY.72 OR AY.73 OR AY.74 OR AY.75 OR AY.75.2 OR AY.75.3 OR AY.76 OR AY.77 OR AY.78 OR AY.79 OR AY.80 OR AY.81 OR AY.82 OR AY.83 OR AY.84 OR AY.85 OR AY.86 OR AY.87 OR AY.88 OR AY.90 OR AY.91 OR AY.91.1 OR AY.92 OR AY.93 OR AY.94 OR AY.95 OR AY.98 OR AY.98.1 OR AY.98.1.1 OR AY.99 OR AY.99.1 OR AY.99.2 OR AY.100 OR AY.101 OR AY.102 OR AY.102.1 OR AY.102.2 OR AY.103 OR AY.103.1 OR AY.103.2 OR AY.104 OR AY.105 OR AY.106 OR AY.107 OR AY.108 OR AY.109 OR AY.110 OR AY.111 OR AY.112 OR AY.112.1 OR AY.112.2 OR AY.112.3 OR AY.113 OR AY.114 OR AY.116 OR AY.116.1 OR AY.117 OR AY.118 OR AY.119 OR AY.119.1 OR AY.119.2 OR AY.120 OR AY.120.1 OR AY.120.2 OR AY.120.2.1 OR AY.121 OR AY.121.1 OR AY.122 OR AY.122.1 OR AY.122.2 OR AY.122.3 OR AY.122.4 OR AY.122.5 OR AY.122.6 OR AY.123 OR AY.123.1 OR AY.124 OR AY.124.1 OR AY.124.1.1 OR AY.125 OR AY.125.1 OR AY.126 OR AY.127 OR AY.127.1 OR AY.127.2 OR AY.127.3 OR AY.128 OR AY.129 OR AY.130 OR AY.131 OR AY.132 OR AY.133 OR AY.134 OR B.1.617.2,Delta,5.78571428571429,4.64285714285714,0.802469135802469
2021-09-08,1,1,4.14285714285714,3.85714285714286,0.931034482758621,0.55523738234236,0.999884667211762,AY.1 OR AY.2 OR AY.3 OR AY.3.1 OR AY.3.2 OR AY.3.3 OR AY.3.4 OR AY.4 OR AY.4.1 OR AY.4.2 OR AY.4.2.1 OR AY.4.2.2 OR AY.4.2.3 OR AY.4.2.4 OR AY.4.2.5 OR AY.4.3 OR AY.4.4 OR AY.4.5 OR AY.4.6 OR AY.4.7 OR AY.4.8 OR AY.4.9 OR AY.4.10 OR AY.4.11 OR AY.4.12 OR AY.4.13 OR AY.4.14 OR AY.4.15 OR AY.4.16 OR AY.4.17 OR AY.5 OR AY.5.1 OR AY.5.2 OR AY.5.3 OR AY.5.4 OR AY.5.5 OR AY.5.6 OR AY.5.7 OR AY.6 OR AY.7 OR AY.7.1 OR AY.7.2 OR AY.8 OR AY.9 OR AY.9.2 OR AY.9.2.1 OR AY.9.2.2 OR AY.10 OR AY.11 OR AY.13 OR AY.14 OR AY.15 OR AY.16 OR AY.16.1 OR AY.17 OR AY.18 OR AY.19 OR AY.20 OR AY.20.1 OR AY.21 OR AY.22 OR AY.23 OR AY.23.1 OR AY.23.2 OR AY.24 OR AY.24.1 OR AY.25 OR AY.25.1 OR AY.25.1.1 OR AY.25.1.2 OR AY.25.2 OR AY.25.3 OR AY.26 OR AY.26.1 OR AY.27 OR AY.28 OR AY.29 OR AY.29.1 OR AY.29.2 OR AY.30 OR AY.31 OR AY.32 OR AY.33 OR AY.33.1 OR AY.33.2 OR AY.34 OR AY.34.1 OR AY.34.1.1 OR AY.34.2 OR AY.35 OR AY.36 OR AY.36.1 OR AY.37 OR AY.38 OR AY.39 OR AY.39.1 OR AY.39.1.1 OR AY.39.1.2 OR AY.39.1.3 OR AY.39.1.4 OR AY.39.2 OR AY.39.3 OR AY.40 OR AY.41 OR AY.42 OR AY.42.1 OR AY.43 OR AY.43.1 OR AY.43.2 OR AY.43.3 OR AY.43.4 OR AY.43.5 OR AY.43.6 OR AY.43.7 OR AY.43.8 OR AY.43.9 OR AY.44 OR AY.45 OR AY.46 OR AY.46.1 OR AY.46.2 OR AY.46.3 OR AY.46.4 OR AY.46.5 OR AY.46.6 OR AY.46.6.1 OR AY.47 OR AY.48 OR AY.49 OR AY.50 OR AY.51 OR AY.52 OR AY.53 OR AY.54 OR AY.55 OR AY.56 OR AY.57 OR AY.58 OR AY.59 OR AY.60 OR AY.61 OR AY.62 OR AY.63 OR AY.64 OR AY.65 OR AY.66 OR AY.67 OR AY.68 OR AY.69 OR AY.70 OR AY.71 OR AY.72 OR AY.73 OR AY.74 OR AY.75 OR AY.75.2 OR AY.75.3 OR AY.76 OR AY.77 OR AY.78 OR AY.79 OR AY.80 OR AY.81 OR AY.82 OR AY.83 OR AY.84 OR AY.85 OR AY.86 OR AY.87 OR AY.88 OR AY.90 OR AY.91 OR AY.91.1 OR AY.92 OR AY.93 OR AY.94 OR AY.95 OR AY.98 OR AY.98.1 OR AY.98.1.1 OR AY.99 OR AY.99.1 OR AY.99.2 OR AY.100 OR AY.101 OR AY.102 OR AY.102.1 OR AY.102.2 OR AY.103 OR AY.103.1 OR AY.103.2 OR AY.104 OR AY.105 OR AY.106 OR AY.107 OR AY.108 OR AY.109 OR AY.110 OR AY.111 OR AY.112 OR AY.112.1 OR AY.112.2 OR AY.112.3 OR AY.113 OR AY.114 OR AY.116 OR AY.116.1 OR AY.117 OR AY.118 OR AY.119 OR AY.119.1 OR AY.119.2 OR AY.120 OR AY.120.1 OR AY.120.2 OR AY.120.2.1 OR AY.121 OR AY.121.1 OR AY.122 OR AY.122.1 OR AY.122.2 OR AY.122.3 OR AY.122.4 OR AY.122.5 OR AY.122.6 OR AY.123 OR AY.123.1 OR AY.124 OR AY.124.1 OR AY.124.1.1 OR AY.125 OR AY.125.1 OR AY.126 OR AY.127 OR AY.127.1 OR AY.127.2 OR AY.127.3 OR AY.128 OR AY.129 OR AY.130 OR AY.131 OR AY.132 OR AY.133 OR AY.134 OR B.1.617.2,Delta,5.64285714285714,4.57142857142857,0.810126582278481
2021-09-10,2,2,3.33333333333333,3.16666666666667,0.95,0.46441675695705,0.999849363974563,AY.1 OR AY.2 OR AY.3 OR AY.3.1 OR AY.3.2 OR AY.3.3 OR AY.3.4 OR AY.4 OR AY.4.1 OR AY.4.2 OR AY.4.2.1 OR AY.4.2.2 OR AY.4.2.3 OR AY.4.2.4 OR AY.4.2.5 OR AY.4.3 OR AY.4.4 OR AY.4.5 OR AY.4.6 OR AY.4.7 OR AY.4.8 OR AY.4.9 OR AY.4.10 OR AY.4.11 OR AY.4.12 OR AY.4.13 OR AY.4.14 OR AY.4.15 OR AY.4.16 OR AY.4.17 OR AY.5 OR AY.5.1 OR AY.5.2 OR AY.5.3 OR AY.5.4 OR AY.5.5 OR AY.5.6 OR AY.5.7 OR AY.6 OR AY.7 OR AY.7.1 OR AY.7.2 OR AY.8 OR AY.9 OR AY.9.2 OR AY.9.2.1 OR AY.9.2.2 OR AY.10 OR AY.11 OR AY.13 OR AY.14 OR AY.15 OR AY.16 OR AY.16.1 OR AY.17 OR AY.18 OR AY.19 OR AY.20 OR AY.20.1 OR AY.21 OR AY.22 OR AY.23 OR AY.23.1 OR AY.23.2 OR AY.24 OR AY.24.1 OR AY.25 OR AY.25.1 OR AY.25.1.1 OR AY.25.1.2 OR AY.25.2 OR AY.25.3 OR AY.26 OR AY.26.1 OR AY.27 OR AY.28 OR AY.29 OR AY.29.1 OR AY.29.2 OR AY.30 OR AY.31 OR AY.32 OR AY.33 OR AY.33.1 OR AY.33.2 OR AY.34 OR AY.34.1 OR AY.34.1.1 OR AY.34.2 OR AY.35 OR AY.36 OR AY.36.1 OR AY.37 OR AY.38 OR AY.39 OR AY.39.1 OR AY.39.1.1 OR AY.39.1.2 OR AY.39.1.3 OR AY.39.1.4 OR AY.39.2 OR AY.39.3 OR AY.40 OR AY.41 OR AY.42 OR AY.42.1 OR AY.43 OR AY.43.1 OR AY.43.2 OR AY.43.3 OR AY.43.4 OR AY.43.5 OR AY.43.6 OR AY.43.7 OR AY.43.8 OR AY.43.9 OR AY.44 OR AY.45 OR AY.46 OR AY.46.1 OR AY.46.2 OR AY.46.3 OR AY.46.4 OR AY.46.5 OR AY.46.6 OR AY.46.6.1 OR AY.47 OR AY.48 OR AY.49 OR AY.50 OR AY.51 OR AY.52 OR AY.53 OR AY.54 OR AY.55 OR AY.56 OR AY.57 OR AY.58 OR AY.59 OR AY.60 OR AY.61 OR AY.62 OR AY.63 OR AY.64 OR AY.65 OR AY.66 OR AY.67 OR AY.68 OR AY.69 OR AY.70 OR AY.71 OR AY.72 OR AY.73 OR AY.74 OR AY.75 OR AY.75.2 OR AY.75.3 OR AY.76 OR AY.77 OR AY.78 OR AY.79 OR AY.80 OR AY.81 OR AY.82 OR AY.83 OR AY.84 OR AY.85 OR AY.86 OR AY.87 OR AY.88 OR AY.90 OR AY.91 OR AY.91.1 OR AY.92 OR AY.93 OR AY.94 OR AY.95 OR AY.98 OR AY.98.1 OR AY.98.1.1 OR AY.99 OR AY.99.1 OR AY.99.2 OR AY.100 OR AY.101 OR AY.102 OR AY.102.1 OR AY.102.2 OR AY.103 OR AY.103.1 OR AY.103.2 OR AY.104 OR AY.105 OR AY.106 OR AY.107 OR AY.108 OR AY.109 OR AY.110 OR AY.111 OR AY.112 OR AY.112.1 OR AY.112.2 OR AY.112.3 OR AY.113 OR AY.114 OR AY.116 OR AY.116.1 OR AY.117 OR AY.118 OR AY.119 OR AY.119.1 OR AY.119.2 OR AY.120 OR AY.120.1 OR AY.120.2 OR AY.120.2.1 OR AY.121 OR AY.121.1 OR AY.122 OR AY.122.1 OR AY.122.2 OR AY.122.3 OR AY.122.4 OR AY.122.5 OR AY.122.6 OR AY.123 OR AY.123.1 OR AY.124 OR AY.124.1 OR AY.124.1.1 OR AY.125 OR AY.125.1 OR AY.126 OR AY.127 OR AY.127.1 OR AY.127.2 OR AY.127.3 OR AY.128 OR AY.129 OR AY.130 OR AY.131 OR AY.132 OR AY.133 OR AY.134 OR B.1.617.2,Delta,5.42857142857143,4.5,0.828947368421053
2021-09-11,1,1,2.16666666666667,2,0.923076923076923,0.333178245598791,0.999783091529969,AY.1 OR AY.2 OR AY.3 OR AY.3.1 OR AY.3.2 OR AY.3.3 OR AY.3.4 OR AY.4 OR AY.4.1 OR AY.4.2 OR AY.4.2.1 OR AY.4.2.2 OR AY.4.2.3 OR AY.4.2.4 OR AY.4.2.5 OR AY.4.3 OR AY.4.4 OR AY.4.5 OR AY.4.6 OR AY.4.7 OR AY.4.8 OR AY.4.9 OR AY.4.10 OR AY.4.11 OR AY.4.12 OR AY.4.13 OR AY.4.14 OR AY.4.15 OR AY.4.16 OR AY.4.17 OR AY.5 OR AY.5.1 OR AY.5.2 OR AY.5.3 OR AY.5.4 OR AY.5.5 OR AY.5.6 OR AY.5.7 OR AY.6 OR AY.7 OR AY.7.1 OR AY.7.2 OR AY.8 OR AY.9 OR AY.9.2 OR AY.9.2.1 OR AY.9.2.2 OR AY.10 OR AY.11 OR AY.13 OR AY.14 OR AY.15 OR AY.16 OR AY.16.1 OR AY.17 OR AY.18 OR AY.19 OR AY.20 OR AY.20.1 OR AY.21 OR AY.22 OR AY.23 OR AY.23.1 OR AY.23.2 OR AY.24 OR AY.24.1 OR AY.25 OR AY.25.1 OR AY.25.1.1 OR AY.25.1.2 OR AY.25.2 OR AY.25.3 OR AY.26 OR AY.26.1 OR AY.27 OR AY.28 OR AY.29 OR AY.29.1 OR AY.29.2 OR AY.30 OR AY.31 OR AY.32 OR AY.33 OR AY.33.1 OR AY.33.2 OR AY.34 OR AY.34.1 OR AY.34.1.1 OR AY.34.2 OR AY.35 OR AY.36 OR AY.36.1 OR AY.37 OR AY.38 OR AY.39 OR AY.39.1 OR AY.39.1.1 OR AY.39.1.2 OR AY.39.1.3 OR AY.39.1.4 OR AY.39.2 OR AY.39.3 OR AY.40 OR AY.41 OR AY.42 OR AY.42.1 OR AY.43 OR AY.43.1 OR AY.43.2 OR AY.43.3 OR AY.43.4 OR AY.43.5 OR AY.43.6 OR AY.43.7 OR AY.43.8 OR AY.43.9 OR AY.44 OR AY.45 OR AY.46 OR AY.46.1 OR AY.46.2 OR AY.46.3 OR AY.46.4 OR AY.46.5 OR AY.46.6 OR AY.46.6.1 OR AY.47 OR AY.48 OR AY.49 OR AY.50 OR AY.51 OR AY.52 OR AY.53 OR AY.54 OR AY.55 OR AY.56 OR AY.57 OR AY.58 OR AY.59 OR AY.60 OR AY.61 OR AY.62 OR AY.63 OR AY.64 OR AY.65 OR AY.66 OR AY.67 OR AY.68 OR AY.69 OR AY.70 OR AY.71 OR AY.72 OR AY.73 OR AY.74 OR AY.75 OR AY.75.2 OR AY.75.3 OR AY.76 OR AY.77 OR AY.78 OR AY.79 OR AY.80 OR AY.81 OR AY.82 OR AY.83 OR AY.84 OR AY.85 OR AY.86 OR AY.87 OR AY.88 OR AY.90 OR AY.91 OR AY.91.1 OR AY.92 OR AY.93 OR AY.94 OR AY.95 OR AY.98 OR AY.98.1 OR AY.98.1.1 OR AY.99 OR AY.99.1 OR AY.99.2 OR AY.100 OR AY.101 OR AY.102 OR AY.102.1 OR AY.102.2 OR AY.103 OR AY.103.1 OR AY.103.2 OR AY.104 OR AY.105 OR AY.106 OR AY.107 OR AY.108 OR AY.109 OR AY.110 OR AY.111 OR AY.112 OR AY.112.1 OR AY.112.2 OR AY.112.3 OR AY.113 OR AY.114 OR AY.116 OR AY.116.1 OR AY.117 OR AY.118 OR AY.119 OR AY.119.1 OR AY.119.2 OR AY.120 OR AY.120.1 OR AY.120.2 OR AY.120.2.1 OR AY.121 OR AY.121.1 OR AY.122 OR AY.122.1 OR AY.122.2 OR AY.122.3 OR AY.122.4 OR AY.122.5 OR AY.122.6 OR AY.123 OR AY.123.1 OR AY.124 OR AY.124.1 OR AY.124.1.1 OR AY.125 OR AY.125.1 OR AY.126 OR AY.127 OR AY.127.1 OR AY.127.2 OR AY.127.3 OR AY.128 OR AY.129 OR AY.130 OR AY.131 OR AY.132 OR AY.133 OR AY.134 OR B.1.617.2,Delta,5.14285714285714,4.35714285714286,0.847222222222222
2021-09-13,1,1,1.4,1.4,1,0.146746316309575,0.999614419019244,AY.1 OR AY.2 OR AY.3 OR AY.3.1 OR AY.3.2 OR AY.3.3 OR AY.3.4 OR AY.4 OR AY.4.1 OR AY.4.2 OR AY.4.2.1 OR AY.4.2.2 OR AY.4.2.3 OR AY.4.2.4 OR AY.4.2.5 OR AY.4.3 OR AY.4.4 OR AY.4.5 OR AY.4.6 OR AY.4.7 OR AY.4.8 OR AY.4.9 OR AY.4.10 OR AY.4.11 OR AY.4.12 OR AY.4.13 OR AY.4.14 OR AY.4.15 OR AY.4.16 OR AY.4.17 OR AY.5 OR AY.5.1 OR AY.5.2 OR AY.5.3 OR AY.5.4 OR AY.5.5 OR AY.5.6 OR AY.5.7 OR AY.6 OR AY.7 OR AY.7.1 OR AY.7.2 OR AY.8 OR AY.9 OR AY.9.2 OR AY.9.2.1 OR AY.9.2.2 OR AY.10 OR AY.11 OR AY.13 OR AY.14 OR AY.15 OR AY.16 OR AY.16.1 OR AY.17 OR AY.18 OR AY.19 OR AY.20 OR AY.20.1 OR AY.21 OR AY.22 OR AY.23 OR AY.23.1 OR AY.23.2 OR AY.24 OR AY.24.1 OR AY.25 OR AY.25.1 OR AY.25.1.1 OR AY.25.1.2 OR AY.25.2 OR AY.25.3 OR AY.26 OR AY.26.1 OR AY.27 OR AY.28 OR AY.29 OR AY.29.1 OR AY.29.2 OR AY.30 OR AY.31 OR AY.32 OR AY.33 OR AY.33.1 OR AY.33.2 OR AY.34 OR AY.34.1 OR AY.34.1.1 OR AY.34.2 OR AY.35 OR AY.36 OR AY.36.1 OR AY.37 OR AY.38 OR AY.39 OR AY.39.1 OR AY.39.1.1 OR AY.39.1.2 OR AY.39.1.3 OR AY.39.1.4 OR AY.39.2 OR AY.39.3 OR AY.40 OR AY.41 OR AY.42 OR AY.42.1 OR AY.43 OR AY.43.1 OR AY.43.2 OR AY.43.3 OR AY.43.4 OR AY.43.5 OR AY.43.6 OR AY.43.7 OR AY.43.8 OR AY.43.9 OR AY.44 OR AY.45 OR AY.46 OR AY.46.1 OR AY.46.2 OR AY.46.3 OR AY.46.4 OR AY.46.5 OR AY.46.6 OR AY.46.6.1 OR AY.47 OR AY.48 OR AY.49 OR AY.50 OR AY.51 OR AY.52 OR AY.53 OR AY.54 OR AY.55 OR AY.56 OR AY.57 OR AY.58 OR AY.59 OR AY.60 OR AY.61 OR AY.62 OR AY.63 OR AY.64 OR AY.65 OR AY.66 OR AY.67 OR AY.68 OR AY.69 OR AY.70 OR AY.71 OR AY.72 OR AY.73 OR AY.74 OR AY.75 OR AY.75.2 OR AY.75.3 OR AY.76 OR AY.77 OR AY.78 OR AY.79 OR AY.80 OR AY.81 OR AY.82 OR AY.83 OR AY.84 OR AY.85 OR AY.86 OR AY.87 OR AY.88 OR AY.90 OR AY.91 OR AY.91.1 OR AY.92 OR AY.93 OR AY.94 OR AY.95 OR AY.98 OR AY.98.1 OR AY.98.1.1 OR AY.99 OR AY.99.1 OR AY.99.2 OR AY.100 OR AY.101 OR AY.102 OR AY.102.1 OR AY.102.2 OR AY.103 OR AY.103.1 OR AY.103.2 OR AY.104 OR AY.105 OR AY.106 OR AY.107 OR AY.108 OR AY.109 OR AY.110 OR AY.111 OR AY.112 OR AY.112.1 OR AY.112.2 OR AY.112.3 OR AY.113 OR AY.114 OR AY.116 OR AY.116.1 OR AY.117 OR AY.118 OR AY.119 OR AY.119.1 OR AY.119.2 OR AY.120 OR AY.120.1 OR AY.120.2 OR AY.120.2.1 OR AY.121 OR AY.121.1 OR AY.122 OR AY.122.1 OR AY.122.2 OR AY.122.3 OR AY.122.4 OR AY.122.5 OR AY.122.6 OR AY.123 OR AY.123.1 OR AY.124 OR AY.124.1 OR AY.124.1.1 OR AY.125 OR AY.125.1 OR AY.126 OR AY.127 OR AY.127.1 OR AY.127.2 OR AY.127.3 OR AY.128 OR AY.129 OR AY.130 OR AY.131 OR AY.132 OR AY.133 OR AY.134 OR B.1.617.2,Delta,4.42857142857143,4,0.903225806451613
2021-09-14,1,1,1.2,1.2,1,0.146746316309575,0.999614419019244,AY.1 OR AY.2 OR AY.3 OR AY.3.1 OR AY.3.2 OR AY.3.3 OR AY.3.4 OR AY.4 OR AY.4.1 OR AY.4.2 OR AY.4.2.1 OR AY.4.2.2 OR AY.4.2.3 OR AY.4.2.4 OR AY.4.2.5 OR AY.4.3 OR AY.4.4 OR AY.4.5 OR AY.4.6 OR AY.4.7 OR AY.4.8 OR AY.4.9 OR AY.4.10 OR AY.4.11 OR AY.4.12 OR AY.4.13 OR AY.4.14 OR AY.4.15 OR AY.4.16 OR AY.4.17 OR AY.5 OR AY.5.1 OR AY.5.2 OR AY.5.3 OR AY.5.4 OR AY.5.5 OR AY.5.6 OR AY.5.7 OR AY.6 OR AY.7 OR AY.7.1 OR AY.7.2 OR AY.8 OR AY.9 OR AY.9.2 OR AY.9.2.1 OR AY.9.2.2 OR AY.10 OR AY.11 OR AY.13 OR AY.14 OR AY.15 OR AY.16 OR AY.16.1 OR AY.17 OR AY.18 OR AY.19 OR AY.20 OR AY.20.1 OR AY.21 OR AY.22 OR AY.23 OR AY.23.1 OR AY.23.2 OR AY.24 OR AY.24.1 OR AY.25 OR AY.25.1 OR AY.25.1.1 OR AY.25.1.2 OR AY.25.2 OR AY.25.3 OR AY.26 OR AY.26.1 OR AY.27 OR AY.28 OR AY.29 OR AY.29.1 OR AY.29.2 OR AY.30 OR AY.31 OR AY.32 OR AY.33 OR AY.33.1 OR AY.33.2 OR AY.34 OR AY.34.1 OR AY.34.1.1 OR AY.34.2 OR AY.35 OR AY.36 OR AY.36.1 OR AY.37 OR AY.38 OR AY.39 OR AY.39.1 OR AY.39.1.1 OR AY.39.1.2 OR AY.39.1.3 OR AY.39.1.4 OR AY.39.2 OR AY.39.3 OR AY.40 OR AY.41 OR AY.42 OR AY.42.1 OR AY.43 OR AY.43.1 OR AY.43.2 OR AY.43.3 OR AY.43.4 OR AY.43.5 OR AY.43.6 OR AY.43.7 OR AY.43.8 OR AY.43.9 OR AY.44 OR AY.45 OR AY.46 OR AY.46.1 OR AY.46.2 OR AY.46.3 OR AY.46.4 OR AY.46.5 OR AY.46.6 OR AY.46.6.1 OR AY.47 OR AY.48 OR AY.49 OR AY.50 OR AY.51 OR AY.52 OR AY.53 OR AY.54 OR AY.55 OR AY.56 OR AY.57 OR AY.58 OR AY.59 OR AY.60 OR AY.61 OR AY.62 OR AY.63 OR AY.64 OR AY.65 OR AY.66 OR AY.67 OR AY.68 OR AY.69 OR AY.70 OR AY.71 OR AY.72 OR AY.73 OR AY.74 OR AY.75 OR AY.75.2 OR AY.75.3 OR AY.76 OR AY.77 OR AY.78 OR AY.79 OR AY.80 OR AY.81 OR AY.82 OR AY.83 OR AY.84 OR AY.85 OR AY.86 OR AY.87 OR AY.88 OR AY.90 OR AY.91 OR AY.91.1 OR AY.92 OR AY.93 OR AY.94 OR AY.95 OR AY.98 OR AY.98.1 OR AY.98.1.1 OR AY.99 OR AY.99.1 OR AY.99.2 OR AY.100 OR AY.101 OR AY.102 OR AY.102.1 OR AY.102.2 OR AY.103 OR AY.103.1 OR AY.103.2 OR AY.104 OR AY.105 OR AY.106 OR AY.107 OR AY.108 OR AY.109 OR AY.110 OR AY.111 OR AY.112 OR AY.112.1 OR AY.112.2 OR AY.112.3 OR AY.113 OR AY.114 OR AY.116 OR AY.116.1 OR AY.117 OR AY.118 OR AY.119 OR AY.119.1 OR AY.119.2 OR AY.120 OR AY.120.1 OR AY.120.2 OR AY.120.2.1 OR AY.121 OR AY.121.1 OR AY.122 OR AY.122.1 OR AY.122.2 OR AY.122.3 OR AY.122.4 OR AY.122.5 OR AY.122.6 OR AY.123 OR AY.123.1 OR AY.124 OR AY.124.1 OR AY.124.1.1 OR AY.125 OR AY.125.1 OR AY.126 OR AY.127 OR AY.127.1 OR AY.127.2 OR AY.127.3 OR AY.128 OR AY.129 OR AY.130 OR AY.131 OR AY.132 OR AY.133 OR AY.134 OR B.1.617.2,Delta,4.28571428571429,3.85714285714286,0.9
2021-09-16,5,3,2,1.6,0.8,0.333178245598791,0.999783091529969,AY.1 OR AY.2 OR AY.3 OR AY.3.1 OR AY.3.2 OR AY.3.3 OR AY.3.4 OR AY.4 OR AY.4.1 OR AY.4.2 OR AY.4.2.1 OR AY.4.2.2 OR AY.4.2.3 OR AY.4.2.4 OR AY.4.2.5 OR AY.4.3 OR AY.4.4 OR AY.4.5 OR AY.4.6 OR AY.4.7 OR AY.4.8 OR AY.4.9 OR AY.4.10 OR AY.4.11 OR AY.4.12 OR AY.4.13 OR AY.4.14 OR AY.4.15 OR AY.4.16 OR AY.4.17 OR AY.5 OR AY.5.1 OR AY.5.2 OR AY.5.3 OR AY.5.4 OR AY.5.5 OR AY.5.6 OR AY.5.7 OR AY.6 OR AY.7 OR AY.7.1 OR AY.7.2 OR AY.8 OR AY.9 OR AY.9.2 OR AY.9.2.1 OR AY.9.2.2 OR AY.10 OR AY.11 OR AY.13 OR AY.14 OR AY.15 OR AY.16 OR AY.16.1 OR AY.17 OR AY.18 OR AY.19 OR AY.20 OR AY.20.1 OR AY.21 OR AY.22 OR AY.23 OR AY.23.1 OR AY.23.2 OR AY.24 OR AY.24.1 OR AY.25 OR AY.25.1 OR AY.25.1.1 OR AY.25.1.2 OR AY.25.2 OR AY.25.3 OR AY.26 OR AY.26.1 OR AY.27 OR AY.28 OR AY.29 OR AY.29.1 OR AY.29.2 OR AY.30 OR AY.31 OR AY.32 OR AY.33 OR AY.33.1 OR AY.33.2 OR AY.34 OR AY.34.1 OR AY.34.1.1 OR AY.34.2 OR AY.35 OR AY.36 OR AY.36.1 OR AY.37 OR AY.38 OR AY.39 OR AY.39.1 OR AY.39.1.1 OR AY.39.1.2 OR AY.39.1.3 OR AY.39.1.4 OR AY.39.2 OR AY.39.3 OR AY.40 OR AY.41 OR AY.42 OR AY.42.1 OR AY.43 OR AY.43.1 OR AY.43.2 OR AY.43.3 OR AY.43.4 OR AY.43.5 OR AY.43.6 OR AY.43.7 OR AY.43.8 OR AY.43.9 OR AY.44 OR AY.45 OR AY.46 OR AY.46.1 OR AY.46.2 OR AY.46.3 OR AY.46.4 OR AY.46.5 OR AY.46.6 OR AY.46.6.1 OR AY.47 OR AY.48 OR AY.49 OR AY.50 OR AY.51 OR AY.52 OR AY.53 OR AY.54 OR AY.55 OR AY.56 OR AY.57 OR AY.58 OR AY.59 OR AY.60 OR AY.61 OR AY.62 OR AY.63 OR AY.64 OR AY.65 OR AY.66 OR AY.67 OR AY.68 OR AY.69 OR AY.70 OR AY.71 OR AY.72 OR AY.73 OR AY.74 OR AY.75 OR AY.75.2 OR AY.75.3 OR AY.76 OR AY.77 OR AY.78 OR AY.79 OR AY.80 OR AY.81 OR AY.82 OR AY.83 OR AY.84 OR AY.85 OR AY.86 OR AY.87 OR AY.88 OR AY.90 OR AY.91 OR AY.91.1 OR AY.92 OR AY.93 OR AY.94 OR AY.95 OR AY.98 OR AY.98.1 OR AY.98.1.1 OR AY.99 OR AY.99.1 OR AY.99.2 OR AY.100 OR AY.101 OR AY.102 OR AY.102.1 OR AY.102.2 OR AY.103 OR AY.103.1 OR AY.103.2 OR AY.104 OR AY.105 OR AY.106 OR AY.107 OR AY.108 OR AY.109 OR AY.110 OR AY.111 OR AY.112 OR AY.112.1 OR AY.112.2 OR AY.112.3 OR AY.113 OR AY.114 OR AY.116 OR AY.116.1 OR AY.117 OR AY.118 OR AY.119 OR AY.119.1 OR AY.119.2 OR AY.120 OR AY.120.1 OR AY.120.2 OR AY.120.2.1 OR AY.121 OR AY.121.1 OR AY.122 OR AY.122.1 OR AY.122.2 OR AY.122.3 OR AY.122.4 OR AY.122.5 OR AY.122.6 OR AY.123 OR AY.123.1 OR AY.124 OR AY.124.1 OR AY.124.1.1 OR AY.125 OR AY.125.1 OR AY.126 OR AY.127 OR AY.127.1 OR AY.127.2 OR AY.127.3 OR AY.128 OR AY.129 OR AY.130 OR AY.131 OR AY.132 OR AY.133 OR AY.134 OR B.1.617.2,Delta,4.14285714285714,3.64285714285714,0.879310344827586
2021-09-17,1,1,1.8,1.4,0.777777777777778,0.0608302759200974,0.939169724079903,AY.1 OR AY.2 OR AY.3 OR AY.3.1 OR AY.3.2 OR AY.3.3 OR AY.3.4 OR AY.4 OR AY.4.1 OR AY.4.2 OR AY.4.2.1 OR AY.4.2.2 OR AY.4.2.3 OR AY.4.2.4 OR AY.4.2.5 OR AY.4.3 OR AY.4.4 OR AY.4.5 OR AY.4.6 OR AY.4.7 OR AY.4.8 OR AY.4.9 OR AY.4.10 OR AY.4.11 OR AY.4.12 OR AY.4.13 OR AY.4.14 OR AY.4.15 OR AY.4.16 OR AY.4.17 OR AY.5 OR AY.5.1 OR AY.5.2 OR AY.5.3 OR AY.5.4 OR AY.5.5 OR AY.5.6 OR AY.5.7 OR AY.6 OR AY.7 OR AY.7.1 OR AY.7.2 OR AY.8 OR AY.9 OR AY.9.2 OR AY.9.2.1 OR AY.9.2.2 OR AY.10 OR AY.11 OR AY.13 OR AY.14 OR AY.15 OR AY.16 OR AY.16.1 OR AY.17 OR AY.18 OR AY.19 OR AY.20 OR AY.20.1 OR AY.21 OR AY.22 OR AY.23 OR AY.23.1 OR AY.23.2 OR AY.24 OR AY.24.1 OR AY.25 OR AY.25.1 OR AY.25.1.1 OR AY.25.1.2 OR AY.25.2 OR AY.25.3 OR AY.26 OR AY.26.1 OR AY.27 OR AY.28 OR AY.29 OR AY.29.1 OR AY.29.2 OR AY.30 OR AY.31 OR AY.32 OR AY.33 OR AY.33.1 OR AY.33.2 OR AY.34 OR AY.34.1 OR AY.34.1.1 OR AY.34.2 OR AY.35 OR AY.36 OR AY.36.1 OR AY.37 OR AY.38 OR AY.39 OR AY.39.1 OR AY.39.1.1 OR AY.39.1.2 OR AY.39.1.3 OR AY.39.1.4 OR AY.39.2 OR AY.39.3 OR AY.40 OR AY.41 OR AY.42 OR AY.42.1 OR AY.43 OR AY.43.1 OR AY.43.2 OR AY.43.3 OR AY.43.4 OR AY.43.5 OR AY.43.6 OR AY.43.7 OR AY.43.8 OR AY.43.9 OR AY.44 OR AY.45 OR AY.46 OR AY.46.1 OR AY.46.2 OR AY.46.3 OR AY.46.4 OR AY.46.5 OR AY.46.6 OR AY.46.6.1 OR AY.47 OR AY.48 OR AY.49 OR AY.50 OR AY.51 OR AY.52 OR AY.53 OR AY.54 OR AY.55 OR AY.56 OR AY.57 OR AY.58 OR AY.59 OR AY.60 OR AY.61 OR AY.62 OR AY.63 OR AY.64 OR AY.65 OR AY.66 OR AY.67 OR AY.68 OR AY.69 OR AY.70 OR AY.71 OR AY.72 OR AY.73 OR AY.74 OR AY.75 OR AY.75.2 OR AY.75.3 OR AY.76 OR AY.77 OR AY.78 OR AY.79 OR AY.80 OR AY.81 OR AY.82 OR AY.83 OR AY.84 OR AY.85 OR AY.86 OR AY.87 OR AY.88 OR AY.90 OR AY.91 OR AY.91.1 OR AY.92 OR AY.93 OR AY.94 OR AY.95 OR AY.98 OR AY.98.1 OR AY.98.1.1 OR AY.99 OR AY.99.1 OR AY.99.2 OR AY.100 OR AY.101 OR AY.102 OR AY.102.1 OR AY.102.2 OR AY.103 OR AY.103.1 OR AY.103.2 OR AY.104 OR AY.105 OR AY.106 OR AY.107 OR AY.108 OR AY.109 OR AY.110 OR AY.111 OR AY.112 OR AY.112.1 OR AY.112.2 OR AY.112.3 OR AY.113 OR AY.114 OR AY.116 OR AY.116.1 OR AY.117 OR AY.118 OR AY.119 OR AY.119.1 OR AY.119.2 OR AY.120 OR AY.120.1 OR AY.120.2 OR AY.120.2.1 OR AY.121 OR AY.121.1 OR AY.122 OR AY.122.1 OR AY.122.2 OR AY.122.3 OR AY.122.4 OR AY.122.5 OR AY.122.6 OR AY.123 OR AY.123.1 OR AY.124 OR AY.124.1 OR AY.124.1.1 OR AY.125 OR AY.125.1 OR AY.126 OR AY.127 OR AY.127.1 OR AY.127.2 OR AY.127.3 OR AY.128 OR AY.129 OR AY.130 OR AY.131 OR AY.132 OR AY.133 OR AY.134 OR B.1.617.2,Delta,3.5,3,0.857142857142857
2021-09-18,2,2,2,1.6,0.8,0.333178245598791,0.999783091529969,AY.1 OR AY.2 OR AY.3 OR AY.3.1 OR AY.3.2 OR AY.3.3 OR AY.3.4 OR AY.4 OR AY.4.1 OR AY.4.2 OR AY.4.2.1 OR AY.4.2.2 OR AY.4.2.3 OR AY.4.2.4 OR AY.4.2.5 OR AY.4.3 OR AY.4.4 OR AY.4.5 OR AY.4.6 OR AY.4.7 OR AY.4.8 OR AY.4.9 OR AY.4.10 OR AY.4.11 OR AY.4.12 OR AY.4.13 OR AY.4.14 OR AY.4.15 OR AY.4.16 OR AY.4.17 OR AY.5 OR AY.5.1 OR AY.5.2 OR AY.5.3 OR AY.5.4 OR AY.5.5 OR AY.5.6 OR AY.5.7 OR AY.6 OR AY.7 OR AY.7.1 OR AY.7.2 OR AY.8 OR AY.9 OR AY.9.2 OR AY.9.2.1 OR AY.9.2.2 OR AY.10 OR AY.11 OR AY.13 OR AY.14 OR AY.15 OR AY.16 OR AY.16.1 OR AY.17 OR AY.18 OR AY.19 OR AY.20 OR AY.20.1 OR AY.21 OR AY.22 OR AY.23 OR AY.23.1 OR AY.23.2 OR AY.24 OR AY.24.1 OR AY.25 OR AY.25.1 OR AY.25.1.1 OR AY.25.1.2 OR AY.25.2 OR AY.25.3 OR AY.26 OR AY.26.1 OR AY.27 OR AY.28 OR AY.29 OR AY.29.1 OR AY.29.2 OR AY.30 OR AY.31 OR AY.32 OR AY.33 OR AY.33.1 OR AY.33.2 OR AY.34 OR AY.34.1 OR AY.34.1.1 OR AY.34.2 OR AY.35 OR AY.36 OR AY.36.1 OR AY.37 OR AY.38 OR AY.39 OR AY.39.1 OR AY.39.1.1 OR AY.39.1.2 OR AY.39.1.3 OR AY.39.1.4 OR AY.39.2 OR AY.39.3 OR AY.40 OR AY.41 OR AY.42 OR AY.42.1 OR AY.43 OR AY.43.1 OR AY.43.2 OR AY.43.3 OR AY.43.4 OR AY.43.5 OR AY.43.6 OR AY.43.7 OR AY.43.8 OR AY.43.9 OR AY.44 OR AY.45 OR AY.46 OR AY.46.1 OR AY.46.2 OR AY.46.3 OR AY.46.4 OR AY.46.5 OR AY.46.6 OR AY.46.6.1 OR AY.47 OR AY.48 OR AY.49 OR AY.50 OR AY.51 OR AY.52 OR AY.53 OR AY.54 OR AY.55 OR AY.56 OR AY.57 OR AY.58 OR AY.59 OR AY.60 OR AY.61 OR AY.62 OR AY.63 OR AY.64 OR AY.65 OR AY.66 OR AY.67 OR AY.68 OR AY.69 OR AY.70 OR AY.71 OR AY.72 OR AY.73 OR AY.74 OR AY.75 OR AY.75.2 OR AY.75.3 OR AY.76 OR AY.77 OR AY.78 OR AY.79 OR AY.80 OR AY.81 OR AY.82 OR AY.83 OR AY.84 OR AY.85 OR AY.86 OR AY.87 OR AY.88 OR AY.90 OR AY.91 OR AY.91.1 OR AY.92 OR AY.93 OR AY.94 OR AY.95 OR AY.98 OR AY.98.1 OR AY.98.1.1 OR AY.99 OR AY.99.1 OR AY.99.2 OR AY.100 OR AY.101 OR AY.102 OR AY.102.1 OR AY.102.2 OR AY.103 OR AY.103.1 OR AY.103.2 OR AY.104 OR AY.105 OR AY.106 OR AY.107 OR AY.108 OR AY.109 OR AY.110 OR AY.111 OR AY.112 OR AY.112.1 OR AY.112.2 OR AY.112.3 OR AY.113 OR AY.114 OR AY.116 OR AY.116.1 OR AY.117 OR AY.118 OR AY.119 OR AY.119.1 OR AY.119.2 OR AY.120 OR AY.120.1 OR AY.120.2 OR AY.120.2.1 OR AY.121 OR AY.121.1 OR AY.122 OR AY.122.1 OR AY.122.2 OR AY.122.3 OR AY.122.4 OR AY.122.5 OR AY.122.6 OR AY.123 OR AY.123.1 OR AY.124 OR AY.124.1 OR AY.124.1.1 OR AY.125 OR AY.125.1 OR AY.126 OR AY.127 OR AY.127.1 OR AY.127.2 OR AY.127.3 OR AY.128 OR AY.129 OR AY.130 OR AY.131 OR AY.132 OR AY.133 OR AY.134 OR B.1.617.2,Delta,3,2.71428571428571,0.904761904761905
2021-09-19,3,3,2.16666666666667,1.83333333333333,0.846153846153846,0.333178245598791,0.999783091529969,AY.1 OR AY.2 OR AY.3 OR AY.3.1 OR AY.3.2 OR AY.3.3 OR AY.3.4 OR AY.4 OR AY.4.1 OR AY.4.2 OR AY.4.2.1 OR AY.4.2.2 OR AY.4.2.3 OR AY.4.2.4 OR AY.4.2.5 OR AY.4.3 OR AY.4.4 OR AY.4.5 OR AY.4.6 OR AY.4.7 OR AY.4.8 OR AY.4.9 OR AY.4.10 OR AY.4.11 OR AY.4.12 OR AY.4.13 OR AY.4.14 OR AY.4.15 OR AY.4.16 OR AY.4.17 OR AY.5 OR AY.5.1 OR AY.5.2 OR AY.5.3 OR AY.5.4 OR AY.5.5 OR AY.5.6 OR AY.5.7 OR AY.6 OR AY.7 OR AY.7.1 OR AY.7.2 OR AY.8 OR AY.9 OR AY.9.2 OR AY.9.2.1 OR AY.9.2.2 OR AY.10 OR AY.11 OR AY.13 OR AY.14 OR AY.15 OR AY.16 OR AY.16.1 OR AY.17 OR AY.18 OR AY.19 OR AY.20 OR AY.20.1 OR AY.21 OR AY.22 OR AY.23 OR AY.23.1 OR AY.23.2 OR AY.24 OR AY.24.1 OR AY.25 OR AY.25.1 OR AY.25.1.1 OR AY.25.1.2 OR AY.25.2 OR AY.25.3 OR AY.26 OR AY.26.1 OR AY.27 OR AY.28 OR AY.29 OR AY.29.1 OR AY.29.2 OR AY.30 OR AY.31 OR AY.32 OR AY.33 OR AY.33.1 OR AY.33.2 OR AY.34 OR AY.34.1 OR AY.34.1.1 OR AY.34.2 OR AY.35 OR AY.36 OR AY.36.1 OR AY.37 OR AY.38 OR AY.39 OR AY.39.1 OR AY.39.1.1 OR AY.39.1.2 OR AY.39.1.3 OR AY.39.1.4 OR AY.39.2 OR AY.39.3 OR AY.40 OR AY.41 OR AY.42 OR AY.42.1 OR AY.43 OR AY.43.1 OR AY.43.2 OR AY.43.3 OR AY.43.4 OR AY.43.5 OR AY.43.6 OR AY.43.7 OR AY.43.8 OR AY.43.9 OR AY.44 OR AY.45 OR AY.46 OR AY.46.1 OR AY.46.2 OR AY.46.3 OR AY.46.4 OR AY.46.5 OR AY.46.6 OR AY.46.6.1 OR AY.47 OR AY.48 OR AY.49 OR AY.50 OR AY.51 OR AY.52 OR AY.53 OR AY.54 OR AY.55 OR AY.56 OR AY.57 OR AY.58 OR AY.59 OR AY.60 OR AY.61 OR AY.62 OR AY.63 OR AY.64 OR AY.65 OR AY.66 OR AY.67 OR AY.68 OR AY.69 OR AY.70 OR AY.71 OR AY.72 OR AY.73 OR AY.74 OR AY.75 OR AY.75.2 OR AY.75.3 OR AY.76 OR AY.77 OR AY.78 OR AY.79 OR AY.80 OR AY.81 OR AY.82 OR AY.83 OR AY.84 OR AY.85 OR AY.86 OR AY.87 OR AY.88 OR AY.90 OR AY.91 OR AY.91.1 OR AY.92 OR AY.93 OR AY.94 OR AY.95 OR AY.98 OR AY.98.1 OR AY.98.1.1 OR AY.99 OR AY.99.1 OR AY.99.2 OR AY.100 OR AY.101 OR AY.102 OR AY.102.1 OR AY.102.2 OR AY.103 OR AY.103.1 OR AY.103.2 OR AY.104 OR AY.105 OR AY.106 OR AY.107 OR AY.108 OR AY.109 OR AY.110 OR AY.111 OR AY.112 OR AY.112.1 OR AY.112.2 OR AY.112.3 OR AY.113 OR AY.114 OR AY.116 OR AY.116.1 OR AY.117 OR AY.118 OR AY.119 OR AY.119.1 OR AY.119.2 OR AY.120 OR AY.120.1 OR AY.120.2 OR AY.120.2.1 OR AY.121 OR AY.121.1 OR AY.122 OR AY.122.1 OR AY.122.2 OR AY.122.3 OR AY.122.4 OR AY.122.5 OR AY.122.6 OR AY.123 OR AY.123.1 OR AY.124 OR AY.124.1 OR AY.124.1.1 OR AY.125 OR AY.125.1 OR AY.126 OR AY.127 OR AY.127.1 OR AY.127.2 OR AY.127.3 OR AY.128 OR AY.129 OR AY.130 OR AY.131 OR AY.132 OR AY.133 OR AY.134 OR B.1.617.2,Delta,2.78571428571429,2.57142857142857,0.923076923076923
2021-09-20,3,3,2.5,2.16666666666667,0.866666666666667,0.333178245598791,0.999783091529969,AY.1 OR AY.2 OR AY.3 OR AY.3.1 OR AY.3.2 OR AY.3.3 OR AY.3.4 OR AY.4 OR AY.4.1 OR AY.4.2 OR AY.4.2.1 OR AY.4.2.2 OR AY.4.2.3 OR AY.4.2.4 OR AY.4.2.5 OR AY.4.3 OR AY.4.4 OR AY.4.5 OR AY.4.6 OR AY.4.7 OR AY.4.8 OR AY.4.9 OR AY.4.10 OR AY.4.11 OR AY.4.12 OR AY.4.13 OR AY.4.14 OR AY.4.15 OR AY.4.16 OR AY.4.17 OR AY.5 OR AY.5.1 OR AY.5.2 OR AY.5.3 OR AY.5.4 OR AY.5.5 OR AY.5.6 OR AY.5.7 OR AY.6 OR AY.7 OR AY.7.1 OR AY.7.2 OR AY.8 OR AY.9 OR AY.9.2 OR AY.9.2.1 OR AY.9.2.2 OR AY.10 OR AY.11 OR AY.13 OR AY.14 OR AY.15 OR AY.16 OR AY.16.1 OR AY.17 OR AY.18 OR AY.19 OR AY.20 OR AY.20.1 OR AY.21 OR AY.22 OR AY.23 OR AY.23.1 OR AY.23.2 OR AY.24 OR AY.24.1 OR AY.25 OR AY.25.1 OR AY.25.1.1 OR AY.25.1.2 OR AY.25.2 OR AY.25.3 OR AY.26 OR AY.26.1 OR AY.27 OR AY.28 OR AY.29 OR AY.29.1 OR AY.29.2 OR AY.30 OR AY.31 OR AY.32 OR AY.33 OR AY.33.1 OR AY.33.2 OR AY.34 OR AY.34.1 OR AY.34.1.1 OR AY.34.2 OR AY.35 OR AY.36 OR AY.36.1 OR AY.37 OR AY.38 OR AY.39 OR AY.39.1 OR AY.39.1.1 OR AY.39.1.2 OR AY.39.1.3 OR AY.39.1.4 OR AY.39.2 OR AY.39.3 OR AY.40 OR AY.41 OR AY.42 OR AY.42.1 OR AY.43 OR AY.43.1 OR AY.43.2 OR AY.43.3 OR AY.43.4 OR AY.43.5 OR AY.43.6 OR AY.43.7 OR AY.43.8 OR AY.43.9 OR AY.44 OR AY.45 OR AY.46 OR AY.46.1 OR AY.46.2 OR AY.46.3 OR AY.46.4 OR AY.46.5 OR AY.46.6 OR AY.46.6.1 OR AY.47 OR AY.48 OR AY.49 OR AY.50 OR AY.51 OR AY.52 OR AY.53 OR AY.54 OR AY.55 OR AY.56 OR AY.57 OR AY.58 OR AY.59 OR AY.60 OR AY.61 OR AY.62 OR AY.63 OR AY.64 OR AY.65 OR AY.66 OR AY.67 OR AY.68 OR AY.69 OR AY.70 OR AY.71 OR AY.72 OR AY.73 OR AY.74 OR AY.75 OR AY.75.2 OR AY.75.3 OR AY.76 OR AY.77 OR AY.78 OR AY.79 OR AY.80 OR AY.81 OR AY.82 OR AY.83 OR AY.84 OR AY.85 OR AY.86 OR AY.87 OR AY.88 OR AY.90 OR AY.91 OR AY.91.1 OR AY.92 OR AY.93 OR AY.94 OR AY.95 OR AY.98 OR AY.98.1 OR AY.98.1.1 OR AY.99 OR AY.99.1 OR AY.99.2 OR AY.100 OR AY.101 OR AY.102 OR AY.102.1 OR AY.102.2 OR AY.103 OR AY.103.1 OR AY.103.2 OR AY.104 OR AY.105 OR AY.106 OR AY.107 OR AY.108 OR AY.109 OR AY.110 OR AY.111 OR AY.112 OR AY.112.1 OR AY.112.2 OR AY.112.3 OR AY.113 OR AY.114 OR AY.116 OR AY.116.1 OR AY.117 OR AY.118 OR AY.119 OR AY.119.1 OR AY.119.2 OR AY.120 OR AY.120.1 OR AY.120.2 OR AY.120.2.1 OR AY.121 OR AY.121.1 OR AY.122 OR AY.122.1 OR AY.122.2 OR AY.122.3 OR AY.122.4 OR AY.122.5 OR AY.122.6 OR AY.123 OR AY.123.1 OR AY.124 OR AY.124.1 OR AY.124.1.1 OR AY.125 OR AY.125.1 OR AY.126 OR AY.127 OR AY.127.1 OR AY.127.2 OR AY.127.3 OR AY.128 OR AY.129 OR AY.130 OR AY.131 OR AY.132 OR AY.133 OR AY.134 OR B.1.617.2,Delta,2.64285714285714,2.42857142857143,0.918918918918919
2021-09-21,7,7,3.5,3.16666666666667,0.904761904761905,0.283751679563413,0.971529104912853,AY.1 OR AY.2 OR AY.3 OR AY.3.1 OR AY.3.2 OR AY.3.3 OR AY.3.4 OR AY.4 OR AY.4.1 OR AY.4.2 OR AY.4.2.1 OR AY.4.2.2 OR AY.4.2.3 OR AY.4.2.4 OR AY.4.2.5 OR AY.4.3 OR AY.4.4 OR AY.4.5 OR AY.4.6 OR AY.4.7 OR AY.4.8 OR AY.4.9 OR AY.4.10 OR AY.4.11 OR AY.4.12 OR AY.4.13 OR AY.4.14 OR AY.4.15 OR AY.4.16 OR AY.4.17 OR AY.5 OR AY.5.1 OR AY.5.2 OR AY.5.3 OR AY.5.4 OR AY.5.5 OR AY.5.6 OR AY.5.7 OR AY.6 OR AY.7 OR AY.7.1 OR AY.7.2 OR AY.8 OR AY.9 OR AY.9.2 OR AY.9.2.1 OR AY.9.2.2 OR AY.10 OR AY.11 OR AY.13 OR AY.14 OR AY.15 OR AY.16 OR AY.16.1 OR AY.17 OR AY.18 OR AY.19 OR AY.20 OR AY.20.1 OR AY.21 OR AY.22 OR AY.23 OR AY.23.1 OR AY.23.2 OR AY.24 OR AY.24.1 OR AY.25 OR AY.25.1 OR AY.25.1.1 OR AY.25.1.2 OR AY.25.2 OR AY.25.3 OR AY.26 OR AY.26.1 OR AY.27 OR AY.28 OR AY.29 OR AY.29.1 OR AY.29.2 OR AY.30 OR AY.31 OR AY.32 OR AY.33 OR AY.33.1 OR AY.33.2 OR AY.34 OR AY.34.1 OR AY.34.1.1 OR AY.34.2 OR AY.35 OR AY.36 OR AY.36.1 OR AY.37 OR AY.38 OR AY.39 OR AY.39.1 OR AY.39.1.1 OR AY.39.1.2 OR AY.39.1.3 OR AY.39.1.4 OR AY.39.2 OR AY.39.3 OR AY.40 OR AY.41 OR AY.42 OR AY.42.1 OR AY.43 OR AY.43.1 OR AY.43.2 OR AY.43.3 OR AY.43.4 OR AY.43.5 OR AY.43.6 OR AY.43.7 OR AY.43.8 OR AY.43.9 OR AY.44 OR AY.45 OR AY.46 OR AY.46.1 OR AY.46.2 OR AY.46.3 OR AY.46.4 OR AY.46.5 OR AY.46.6 OR AY.46.6.1 OR AY.47 OR AY.48 OR AY.49 OR AY.50 OR AY.51 OR AY.52 OR AY.53 OR AY.54 OR AY.55 OR AY.56 OR AY.57 OR AY.58 OR AY.59 OR AY.60 OR AY.61 OR AY.62 OR AY.63 OR AY.64 OR AY.65 OR AY.66 OR AY.67 OR AY.68 OR AY.69 OR AY.70 OR AY.71 OR AY.72 OR AY.73 OR AY.74 OR AY.75 OR AY.75.2 OR AY.75.3 OR AY.76 OR AY.77 OR AY.78 OR AY.79 OR AY.80 OR AY.81 OR AY.82 OR AY.83 OR AY.84 OR AY.85 OR AY.86 OR AY.87 OR AY.88 OR AY.90 OR AY.91 OR AY.91.1 OR AY.92 OR AY.93 OR AY.94 OR AY.95 OR AY.98 OR AY.98.1 OR AY.98.1.1 OR AY.99 OR AY.99.1 OR AY.99.2 OR AY.100 OR AY.101 OR AY.102 OR AY.102.1 OR AY.102.2 OR AY.103 OR AY.103.1 OR AY.103.2 OR AY.104 OR AY.105 OR AY.106 OR AY.107 OR AY.108 OR AY.109 OR AY.110 OR AY.111 OR AY.112 OR AY.112.1 OR AY.112.2 OR AY.112.3 OR AY.113 OR AY.114 OR AY.116 OR AY.116.1 OR AY.117 OR AY.118 OR AY.119 OR AY.119.1 OR AY.119.2 OR AY.120 OR AY.120.1 OR AY.120.2 OR AY.120.2.1 OR AY.121 OR AY.121.1 OR AY.122 OR AY.122.1 OR AY.122.2 OR AY.122.3 OR AY.122.4 OR AY.122.5 OR AY.122.6 OR AY.123 OR AY.123.1 OR AY.124 OR AY.124.1 OR AY.124.1.1 OR AY.125 OR AY.125.1 OR AY.126 OR AY.127 OR AY.127.1 OR AY.127.2 OR AY.127.3 OR AY.128 OR AY.129 OR AY.130 OR AY.131 OR AY.132 OR AY.133 OR AY.134 OR B.1.617.2,Delta,2.57142857142857,2.35714285714286,0.916666666666667
2021-09-22,8,8,4.14285714285714,3.85714285714286,0.931034482758621,0.55523738234236,0.999884667211762,AY.1 OR AY.2 OR AY.3 OR AY.3.1 OR AY.3.2 OR AY.3.3 OR AY.3.4 OR AY.4 OR AY.4.1 OR AY.4.2 OR AY.4.2.1 OR AY.4.2.2 OR AY.4.2.3 OR AY.4.2.4 OR AY.4.2.5 OR AY.4.3 OR AY.4.4 OR AY.4.5 OR AY.4.6 OR AY.4.7 OR AY.4.8 OR AY.4.9 OR AY.4.10 OR AY.4.11 OR AY.4.12 OR AY.4.13 OR AY.4.14 OR AY.4.15 OR AY.4.16 OR AY.4.17 OR AY.5 OR AY.5.1 OR AY.5.2 OR AY.5.3 OR AY.5.4 OR AY.5.5 OR AY.5.6 OR AY.5.7 OR AY.6 OR AY.7 OR AY.7.1 OR AY.7.2 OR AY.8 OR AY.9 OR AY.9.2 OR AY.9.2.1 OR AY.9.2.2 OR AY.10 OR AY.11 OR AY.13 OR AY.14 OR AY.15 OR AY.16 OR AY.16.1 OR AY.17 OR AY.18 OR AY.19 OR AY.20 OR AY.20.1 OR AY.21 OR AY.22 OR AY.23 OR AY.23.1 OR AY.23.2 OR AY.24 OR AY.24.1 OR AY.25 OR AY.25.1 OR AY.25.1.1 OR AY.25.1.2 OR AY.25.2 OR AY.25.3 OR AY.26 OR AY.26.1 OR AY.27 OR AY.28 OR AY.29 OR AY.29.1 OR AY.29.2 OR AY.30 OR AY.31 OR AY.32 OR AY.33 OR AY.33.1 OR AY.33.2 OR AY.34 OR AY.34.1 OR AY.34.1.1 OR AY.34.2 OR AY.35 OR AY.36 OR AY.36.1 OR AY.37 OR AY.38 OR AY.39 OR AY.39.1 OR AY.39.1.1 OR AY.39.1.2 OR AY.39.1.3 OR AY.39.1.4 OR AY.39.2 OR AY.39.3 OR AY.40 OR AY.41 OR AY.42 OR AY.42.1 OR AY.43 OR AY.43.1 OR AY.43.2 OR AY.43.3 OR AY.43.4 OR AY.43.5 OR AY.43.6 OR AY.43.7 OR AY.43.8 OR AY.43.9 OR AY.44 OR AY.45 OR AY.46 OR AY.46.1 OR AY.46.2 OR AY.46.3 OR AY.46.4 OR AY.46.5 OR AY.46.6 OR AY.46.6.1 OR AY.47 OR AY.48 OR AY.49 OR AY.50 OR AY.51 OR AY.52 OR AY.53 OR AY.54 OR AY.55 OR AY.56 OR AY.57 OR AY.58 OR AY.59 OR AY.60 OR AY.61 OR AY.62 OR AY.63 OR AY.64 OR AY.65 OR AY.66 OR AY.67 OR AY.68 OR AY.69 OR AY.70 OR AY.71 OR AY.72 OR AY.73 OR AY.74 OR AY.75 OR AY.75.2 OR AY.75.3 OR AY.76 OR AY.77 OR AY.78 OR AY.79 OR AY.80 OR AY.81 OR AY.82 OR AY.83 OR AY.84 OR AY.85 OR AY.86 OR AY.87 OR AY.88 OR AY.90 OR AY.91 OR AY.91.1 OR AY.92 OR AY.93 OR AY.94 OR AY.95 OR AY.98 OR AY.98.1 OR AY.98.1.1 OR AY.99 OR AY.99.1 OR AY.99.2 OR AY.100 OR AY.101 OR AY.102 OR AY.102.1 OR AY.102.2 OR AY.103 OR AY.103.1 OR AY.103.2 OR AY.104 OR AY.105 OR AY.106 OR AY.107 OR AY.108 OR AY.109 OR AY.110 OR AY.111 OR AY.112 OR AY.112.1 OR AY.112.2 OR AY.112.3 OR AY.113 OR AY.114 OR AY.116 OR AY.116.1 OR AY.117 OR AY.118 OR AY.119 OR AY.119.1 OR AY.119.2 OR AY.120 OR AY.120.1 OR AY.120.2 OR AY.120.2.1 OR AY.121 OR AY.121.1 OR AY.122 OR AY.122.1 OR AY.122.2 OR AY.122.3 OR AY.122.4 OR AY.122.5 OR AY.122.6 OR AY.123 OR AY.123.1 OR AY.124 OR AY.124.1 OR AY.124.1.1 OR AY.125 OR AY.125.1 OR AY.126 OR AY.127 OR AY.127.1 OR AY.127.2 OR AY.127.3 OR AY.128 OR AY.129 OR AY.130 OR AY.131 OR AY.132 OR AY.133 OR AY.134 OR B.1.617.2,Delta,3,2.85714285714286,0.952380952380952
2021-09-24,1,1,4,4,1,0.55523738234236,0.999884667211762,AY.1 OR AY.2 OR AY.3 OR AY.3.1 OR AY.3.2 OR AY.3.3 OR AY.3.4 OR AY.4 OR AY.4.1 OR AY.4.2 OR AY.4.2.1 OR AY.4.2.2 OR AY.4.2.3 OR AY.4.2.4 OR AY.4.2.5 OR AY.4.3 OR AY.4.4 OR AY.4.5 OR AY.4.6 OR AY.4.7 OR AY.4.8 OR AY.4.9 OR AY.4.10 OR AY.4.11 OR AY.4.12 OR AY.4.13 OR AY.4.14 OR AY.4.15 OR AY.4.16 OR AY.4.17 OR AY.5 OR AY.5.1 OR AY.5.2 OR AY.5.3 OR AY.5.4 OR AY.5.5 OR AY.5.6 OR AY.5.7 OR AY.6 OR AY.7 OR AY.7.1 OR AY.7.2 OR AY.8 OR AY.9 OR AY.9.2 OR AY.9.2.1 OR AY.9.2.2 OR AY.10 OR AY.11 OR AY.13 OR AY.14 OR AY.15 OR AY.16 OR AY.16.1 OR AY.17 OR AY.18 OR AY.19 OR AY.20 OR AY.20.1 OR AY.21 OR AY.22 OR AY.23 OR AY.23.1 OR AY.23.2 OR AY.24 OR AY.24.1 OR AY.25 OR AY.25.1 OR AY.25.1.1 OR AY.25.1.2 OR AY.25.2 OR AY.25.3 OR AY.26 OR AY.26.1 OR AY.27 OR AY.28 OR AY.29 OR AY.29.1 OR AY.29.2 OR AY.30 OR AY.31 OR AY.32 OR AY.33 OR AY.33.1 OR AY.33.2 OR AY.34 OR AY.34.1 OR AY.34.1.1 OR AY.34.2 OR AY.35 OR AY.36 OR AY.36.1 OR AY.37 OR AY.38 OR AY.39 OR AY.39.1 OR AY.39.1.1 OR AY.39.1.2 OR AY.39.1.3 OR AY.39.1.4 OR AY.39.2 OR AY.39.3 OR AY.40 OR AY.41 OR AY.42 OR AY.42.1 OR AY.43 OR AY.43.1 OR AY.43.2 OR AY.43.3 OR AY.43.4 OR AY.43.5 OR AY.43.6 OR AY.43.7 OR AY.43.8 OR AY.43.9 OR AY.44 OR AY.45 OR AY.46 OR AY.46.1 OR AY.46.2 OR AY.46.3 OR AY.46.4 OR AY.46.5 OR AY.46.6 OR AY.46.6.1 OR AY.47 OR AY.48 OR AY.49 OR AY.50 OR AY.51 OR AY.52 OR AY.53 OR AY.54 OR AY.55 OR AY.56 OR AY.57 OR AY.58 OR AY.59 OR AY.60 OR AY.61 OR AY.62 OR AY.63 OR AY.64 OR AY.65 OR AY.66 OR AY.67 OR AY.68 OR AY.69 OR AY.70 OR AY.71 OR AY.72 OR AY.73 OR AY.74 OR AY.75 OR AY.75.2 OR AY.75.3 OR AY.76 OR AY.77 OR AY.78 OR AY.79 OR AY.80 OR AY.81 OR AY.82 OR AY.83 OR AY.84 OR AY.85 OR AY.86 OR AY.87 OR AY.88 OR AY.90 OR AY.91 OR AY.91.1 OR AY.92 OR AY.93 OR AY.94 OR AY.95 OR AY.98 OR AY.98.1 OR AY.98.1.1 OR AY.99 OR AY.99.1 OR AY.99.2 OR AY.100 OR AY.101 OR AY.102 OR AY.102.1 OR AY.102.2 OR AY.103 OR AY.103.1 OR AY.103.2 OR AY.104 OR AY.105 OR AY.106 OR AY.107 OR AY.108 OR AY.109 OR AY.110 OR AY.111 OR AY.112 OR AY.112.1 OR AY.112.2 OR AY.112.3 OR AY.113 OR AY.114 OR AY.116 OR AY.116.1 OR AY.117 OR AY.118 OR AY.119 OR AY.119.1 OR AY.119.2 OR AY.120 OR AY.120.1 OR AY.120.2 OR AY.120.2.1 OR AY.121 OR AY.121.1 OR AY.122 OR AY.122.1 OR AY.122.2 OR AY.122.3 OR AY.122.4 OR AY.122.5 OR AY.122.6 OR AY.123 OR AY.123.1 OR AY.124 OR AY.124.1 OR AY.124.1.1 OR AY.125 OR AY.125.1 OR AY.126 OR AY.127 OR AY.127.1 OR AY.127.2 OR AY.127.3 OR AY.128 OR AY.129 OR AY.130 OR AY.131 OR AY.132 OR AY.133 OR AY.134 OR B.1.617.2,Delta,2.71428571428571,2.57142857142857,0.947368421052632
2021-09-25,2,2,4,4,1,0.55523738234236,0.999884667211762,AY.1 OR AY.2 OR AY.3 OR AY.3.1 OR AY.3.2 OR AY.3.3 OR AY.3.4 OR AY.4 OR AY.4.1 OR AY.4.2 OR AY.4.2.1 OR AY.4.2.2 OR AY.4.2.3 OR AY.4.2.4 OR AY.4.2.5 OR AY.4.3 OR AY.4.4 OR AY.4.5 OR AY.4.6 OR AY.4.7 OR AY.4.8 OR AY.4.9 OR AY.4.10 OR AY.4.11 OR AY.4.12 OR AY.4.13 OR AY.4.14 OR AY.4.15 OR AY.4.16 OR AY.4.17 OR AY.5 OR AY.5.1 OR AY.5.2 OR AY.5.3 OR AY.5.4 OR AY.5.5 OR AY.5.6 OR AY.5.7 OR AY.6 OR AY.7 OR AY.7.1 OR AY.7.2 OR AY.8 OR AY.9 OR AY.9.2 OR AY.9.2.1 OR AY.9.2.2 OR AY.10 OR AY.11 OR AY.13 OR AY.14 OR AY.15 OR AY.16 OR AY.16.1 OR AY.17 OR AY.18 OR AY.19 OR AY.20 OR AY.20.1 OR AY.21 OR AY.22 OR AY.23 OR AY.23.1 OR AY.23.2 OR AY.24 OR AY.24.1 OR AY.25 OR AY.25.1 OR AY.25.1.1 OR AY.25.1.2 OR AY.25.2 OR AY.25.3 OR AY.26 OR AY.26.1 OR AY.27 OR AY.28 OR AY.29 OR AY.29.1 OR AY.29.2 OR AY.30 OR AY.31 OR AY.32 OR AY.33 OR AY.33.1 OR AY.33.2 OR AY.34 OR AY.34.1 OR AY.34.1.1 OR AY.34.2 OR AY.35 OR AY.36 OR AY.36.1 OR AY.37 OR AY.38 OR AY.39 OR AY.39.1 OR AY.39.1.1 OR AY.39.1.2 OR AY.39.1.3 OR AY.39.1.4 OR AY.39.2 OR AY.39.3 OR AY.40 OR AY.41 OR AY.42 OR AY.42.1 OR AY.43 OR AY.43.1 OR AY.43.2 OR AY.43.3 OR AY.43.4 OR AY.43.5 OR AY.43.6 OR AY.43.7 OR AY.43.8 OR AY.43.9 OR AY.44 OR AY.45 OR AY.46 OR AY.46.1 OR AY.46.2 OR AY.46.3 OR AY.46.4 OR AY.46.5 OR AY.46.6 OR AY.46.6.1 OR AY.47 OR AY.48 OR AY.49 OR AY.50 OR AY.51 OR AY.52 OR AY.53 OR AY.54 OR AY.55 OR AY.56 OR AY.57 OR AY.58 OR AY.59 OR AY.60 OR AY.61 OR AY.62 OR AY.63 OR AY.64 OR AY.65 OR AY.66 OR AY.67 OR AY.68 OR AY.69 OR AY.70 OR AY.71 OR AY.72 OR AY.73 OR AY.74 OR AY.75 OR AY.75.2 OR AY.75.3 OR AY.76 OR AY.77 OR AY.78 OR AY.79 OR AY.80 OR AY.81 OR AY.82 OR AY.83 OR AY.84 OR AY.85 OR AY.86 OR AY.87 OR AY.88 OR AY.90 OR AY.91 OR AY.91.1 OR AY.92 OR AY.93 OR AY.94 OR AY.95 OR AY.98 OR AY.98.1 OR AY.98.1.1 OR AY.99 OR AY.99.1 OR AY.99.2 OR AY.100 OR AY.101 OR AY.102 OR AY.102.1 OR AY.102.2 OR AY.103 OR AY.103.1 OR AY.103.2 OR AY.104 OR AY.105 OR AY.106 OR AY.107 OR AY.108 OR AY.109 OR AY.110 OR AY.111 OR AY.112 OR AY.112.1 OR AY.112.2 OR AY.112.3 OR AY.113 OR AY.114 OR AY.116 OR AY.116.1 OR AY.117 OR AY.118 OR AY.119 OR AY.119.1 OR AY.119.2 OR AY.120 OR AY.120.1 OR AY.120.2 OR AY.120.2.1 OR AY.121 OR AY.121.1 OR AY.122 OR AY.122.1 OR AY.122.2 OR AY.122.3 OR AY.122.4 OR AY.122.5 OR AY.122.6 OR AY.123 OR AY.123.1 OR AY.124 OR AY.124.1 OR AY.124.1.1 OR AY.125 OR AY.125.1 OR AY.126 OR AY.127 OR AY.127.1 OR AY.127.2 OR AY.127.3 OR AY.128 OR AY.129 OR AY.130 OR AY.131 OR AY.132 OR AY.133 OR AY.134 OR B.1.617.2,Delta,2.71428571428571,2.57142857142857,0.947368421052632
2021-09-27,1,1,3.8,3.8,1,0.55523738234236,0.999884667211762,AY.1 OR AY.2 OR AY.3 OR AY.3.1 OR AY.3.2 OR AY.3.3 OR AY.3.4 OR AY.4 OR AY.4.1 OR AY.4.2 OR AY.4.2.1 OR AY.4.2.2 OR AY.4.2.3 OR AY.4.2.4 OR AY.4.2.5 OR AY.4.3 OR AY.4.4 OR AY.4.5 OR AY.4.6 OR AY.4.7 OR AY.4.8 OR AY.4.9 OR AY.4.10 OR AY.4.11 OR AY.4.12 OR AY.4.13 OR AY.4.14 OR AY.4.15 OR AY.4.16 OR AY.4.17 OR AY.5 OR AY.5.1 OR AY.5.2 OR AY.5.3 OR AY.5.4 OR AY.5.5 OR AY.5.6 OR AY.5.7 OR AY.6 OR AY.7 OR AY.7.1 OR AY.7.2 OR AY.8 OR AY.9 OR AY.9.2 OR AY.9.2.1 OR AY.9.2.2 OR AY.10 OR AY.11 OR AY.13 OR AY.14 OR AY.15 OR AY.16 OR AY.16.1 OR AY.17 OR AY.18 OR AY.19 OR AY.20 OR AY.20.1 OR AY.21 OR AY.22 OR AY.23 OR AY.23.1 OR AY.23.2 OR AY.24 OR AY.24.1 OR AY.25 OR AY.25.1 OR AY.25.1.1 OR AY.25.1.2 OR AY.25.2 OR AY.25.3 OR AY.26 OR AY.26.1 OR AY.27 OR AY.28 OR AY.29 OR AY.29.1 OR AY.29.2 OR AY.30 OR AY.31 OR AY.32 OR AY.33 OR AY.33.1 OR AY.33.2 OR AY.34 OR AY.34.1 OR AY.34.1.1 OR AY.34.2 OR AY.35 OR AY.36 OR AY.36.1 OR AY.37 OR AY.38 OR AY.39 OR AY.39.1 OR AY.39.1.1 OR AY.39.1.2 OR AY.39.1.3 OR AY.39.1.4 OR AY.39.2 OR AY.39.3 OR AY.40 OR AY.41 OR AY.42 OR AY.42.1 OR AY.43 OR AY.43.1 OR AY.43.2 OR AY.43.3 OR AY.43.4 OR AY.43.5 OR AY.43.6 OR AY.43.7 OR AY.43.8 OR AY.43.9 OR AY.44 OR AY.45 OR AY.46 OR AY.46.1 OR AY.46.2 OR AY.46.3 OR AY.46.4 OR AY.46.5 OR AY.46.6 OR AY.46.6.1 OR AY.47 OR AY.48 OR AY.49 OR AY.50 OR AY.51 OR AY.52 OR AY.53 OR AY.54 OR AY.55 OR AY.56 OR AY.57 OR AY.58 OR AY.59 OR AY.60 OR AY.61 OR AY.62 OR AY.63 OR AY.64 OR AY.65 OR AY.66 OR AY.67 OR AY.68 OR AY.69 OR AY.70 OR AY.71 OR AY.72 OR AY.73 OR AY.74 OR AY.75 OR AY.75.2 OR AY.75.3 OR AY.76 OR AY.77 OR AY.78 OR AY.79 OR AY.80 OR AY.81 OR AY.82 OR AY.83 OR AY.84 OR AY.85 OR AY.86 OR AY.87 OR AY.88 OR AY.90 OR AY.91 OR AY.91.1 OR AY.92 OR AY.93 OR AY.94 OR AY.95 OR AY.98 OR AY.98.1 OR AY.98.1.1 OR AY.99 OR AY.99.1 OR AY.99.2 OR AY.100 OR AY.101 OR AY.102 OR AY.102.1 OR AY.102.2 OR AY.103 OR AY.103.1 OR AY.103.2 OR AY.104 OR AY.105 OR AY.106 OR AY.107 OR AY.108 OR AY.109 OR AY.110 OR AY.111 OR AY.112 OR AY.112.1 OR AY.112.2 OR AY.112.3 OR AY.113 OR AY.114 OR AY.116 OR AY.116.1 OR AY.117 OR AY.118 OR AY.119 OR AY.119.1 OR AY.119.2 OR AY.120 OR AY.120.1 OR AY.120.2 OR AY.120.2.1 OR AY.121 OR AY.121.1 OR AY.122 OR AY.122.1 OR AY.122.2 OR AY.122.3 OR AY.122.4 OR AY.122.5 OR AY.122.6 OR AY.123 OR AY.123.1 OR AY.124 OR AY.124.1 OR AY.124.1.1 OR AY.125 OR AY.125.1 OR AY.126 OR AY.127 OR AY.127.1 OR AY.127.2 OR AY.127.3 OR AY.128 OR AY.129 OR AY.130 OR AY.131 OR AY.132 OR AY.133 OR AY.134 OR B.1.617.2,Delta,2.71428571428571,2.57142857142857,0.947368421052632
2021-09-28,3,3,3,3,1,0.46441675695705,0.999849363974563,AY.1 OR AY.2 OR AY.3 OR AY.3.1 OR AY.3.2 OR AY.3.3 OR AY.3.4 OR AY.4 OR AY.4.1 OR AY.4.2 OR AY.4.2.1 OR AY.4.2.2 OR AY.4.2.3 OR AY.4.2.4 OR AY.4.2.5 OR AY.4.3 OR AY.4.4 OR AY.4.5 OR AY.4.6 OR AY.4.7 OR AY.4.8 OR AY.4.9 OR AY.4.10 OR AY.4.11 OR AY.4.12 OR AY.4.13 OR AY.4.14 OR AY.4.15 OR AY.4.16 OR AY.4.17 OR AY.5 OR AY.5.1 OR AY.5.2 OR AY.5.3 OR AY.5.4 OR AY.5.5 OR AY.5.6 OR AY.5.7 OR AY.6 OR AY.7 OR AY.7.1 OR AY.7.2 OR AY.8 OR AY.9 OR AY.9.2 OR AY.9.2.1 OR AY.9.2.2 OR AY.10 OR AY.11 OR AY.13 OR AY.14 OR AY.15 OR AY.16 OR AY.16.1 OR AY.17 OR AY.18 OR AY.19 OR AY.20 OR AY.20.1 OR AY.21 OR AY.22 OR AY.23 OR AY.23.1 OR AY.23.2 OR AY.24 OR AY.24.1 OR AY.25 OR AY.25.1 OR AY.25.1.1 OR AY.25.1.2 OR AY.25.2 OR AY.25.3 OR AY.26 OR AY.26.1 OR AY.27 OR AY.28 OR AY.29 OR AY.29.1 OR AY.29.2 OR AY.30 OR AY.31 OR AY.32 OR AY.33 OR AY.33.1 OR AY.33.2 OR AY.34 OR AY.34.1 OR AY.34.1.1 OR AY.34.2 OR AY.35 OR AY.36 OR AY.36.1 OR AY.37 OR AY.38 OR AY.39 OR AY.39.1 OR AY.39.1.1 OR AY.39.1.2 OR AY.39.1.3 OR AY.39.1.4 OR AY.39.2 OR AY.39.3 OR AY.40 OR AY.41 OR AY.42 OR AY.42.1 OR AY.43 OR AY.43.1 OR AY.43.2 OR AY.43.3 OR AY.43.4 OR AY.43.5 OR AY.43.6 OR AY.43.7 OR AY.43.8 OR AY.43.9 OR AY.44 OR AY.45 OR AY.46 OR AY.46.1 OR AY.46.2 OR AY.46.3 OR AY.46.4 OR AY.46.5 OR AY.46.6 OR AY.46.6.1 OR AY.47 OR AY.48 OR AY.49 OR AY.50 OR AY.51 OR AY.52 OR AY.53 OR AY.54 OR AY.55 OR AY.56 OR AY.57 OR AY.58 OR AY.59 OR AY.60 OR AY.61 OR AY.62 OR AY.63 OR AY.64 OR AY.65 OR AY.66 OR AY.67 OR AY.68 OR AY.69 OR AY.70 OR AY.71 OR AY.72 OR AY.73 OR AY.74 OR AY.75 OR AY.75.2 OR AY.75.3 OR AY.76 OR AY.77 OR AY.78 OR AY.79 OR AY.80 OR AY.81 OR AY.82 OR AY.83 OR AY.84 OR AY.85 OR AY.86 OR AY.87 OR AY.88 OR AY.90 OR AY.91 OR AY.91.1 OR AY.92 OR AY.93 OR AY.94 OR AY.95 OR AY.98 OR AY.98.1 OR AY.98.1.1 OR AY.99 OR AY.99.1 OR AY.99.2 OR AY.100 OR AY.101 OR AY.102 OR AY.102.1 OR AY.102.2 OR AY.103 OR AY.103.1 OR AY.103.2 OR AY.104 OR AY.105 OR AY.106 OR AY.107 OR AY.108 OR AY.109 OR AY.110 OR AY.111 OR AY.112 OR AY.112.1 OR AY.112.2 OR AY.112.3 OR AY.113 OR AY.114 OR AY.116 OR AY.116.1 OR AY.117 OR AY.118 OR AY.119 OR AY.119.1 OR AY.119.2 OR AY.120 OR AY.120.1 OR AY.120.2 OR AY.120.2.1 OR AY.121 OR AY.121.1 OR AY.122 OR AY.122.1 OR AY.122.2 OR AY.122.3 OR AY.122.4 OR AY.122.5 OR AY.122.6 OR AY.123 OR AY.123.1 OR AY.124 OR AY.124.1 OR AY.124.1.1 OR AY.125 OR AY.125.1 OR AY.126 OR AY.127 OR AY.127.1 OR AY.127.2 OR AY.127.3 OR AY.128 OR AY.129 OR AY.130 OR AY.131 OR AY.132 OR AY.133 OR AY.134 OR B.1.617.2,Delta,2.78571428571429,2.64285714285714,0.948717948717949
2021-09-29,1,1,1.6,1.6,1,0.333178245598791,0.999783091529969,AY.1 OR AY.2 OR AY.3 OR AY.3.1 OR AY.3.2 OR AY.3.3 OR AY.3.4 OR AY.4 OR AY.4.1 OR AY.4.2 OR AY.4.2.1 OR AY.4.2.2 OR AY.4.2.3 OR AY.4.2.4 OR AY.4.2.5 OR AY.4.3 OR AY.4.4 OR AY.4.5 OR AY.4.6 OR AY.4.7 OR AY.4.8 OR AY.4.9 OR AY.4.10 OR AY.4.11 OR AY.4.12 OR AY.4.13 OR AY.4.14 OR AY.4.15 OR AY.4.16 OR AY.4.17 OR AY.5 OR AY.5.1 OR AY.5.2 OR AY.5.3 OR AY.5.4 OR AY.5.5 OR AY.5.6 OR AY.5.7 OR AY.6 OR AY.7 OR AY.7.1 OR AY.7.2 OR AY.8 OR AY.9 OR AY.9.2 OR AY.9.2.1 OR AY.9.2.2 OR AY.10 OR AY.11 OR AY.13 OR AY.14 OR AY.15 OR AY.16 OR AY.16.1 OR AY.17 OR AY.18 OR AY.19 OR AY.20 OR AY.20.1 OR AY.21 OR AY.22 OR AY.23 OR AY.23.1 OR AY.23.2 OR AY.24 OR AY.24.1 OR AY.25 OR AY.25.1 OR AY.25.1.1 OR AY.25.1.2 OR AY.25.2 OR AY.25.3 OR AY.26 OR AY.26.1 OR AY.27 OR AY.28 OR AY.29 OR AY.29.1 OR AY.29.2 OR AY.30 OR AY.31 OR AY.32 OR AY.33 OR AY.33.1 OR AY.33.2 OR AY.34 OR AY.34.1 OR AY.34.1.1 OR AY.34.2 OR AY.35 OR AY.36 OR AY.36.1 OR AY.37 OR AY.38 OR AY.39 OR AY.39.1 OR AY.39.1.1 OR AY.39.1.2 OR AY.39.1.3 OR AY.39.1.4 OR AY.39.2 OR AY.39.3 OR AY.40 OR AY.41 OR AY.42 OR AY.42.1 OR AY.43 OR AY.43.1 OR AY.43.2 OR AY.43.3 OR AY.43.4 OR AY.43.5 OR AY.43.6 OR AY.43.7 OR AY.43.8 OR AY.43.9 OR AY.44 OR AY.45 OR AY.46 OR AY.46.1 OR AY.46.2 OR AY.46.3 OR AY.46.4 OR AY.46.5 OR AY.46.6 OR AY.46.6.1 OR AY.47 OR AY.48 OR AY.49 OR AY.50 OR AY.51 OR AY.52 OR AY.53 OR AY.54 OR AY.55 OR AY.56 OR AY.57 OR AY.58 OR AY.59 OR AY.60 OR AY.61 OR AY.62 OR AY.63 OR AY.64 OR AY.65 OR AY.66 OR AY.67 OR AY.68 OR AY.69 OR AY.70 OR AY.71 OR AY.72 OR AY.73 OR AY.74 OR AY.75 OR AY.75.2 OR AY.75.3 OR AY.76 OR AY.77 OR AY.78 OR AY.79 OR AY.80 OR AY.81 OR AY.82 OR AY.83 OR AY.84 OR AY.85 OR AY.86 OR AY.87 OR AY.88 OR AY.90 OR AY.91 OR AY.91.1 OR AY.92 OR AY.93 OR AY.94 OR AY.95 OR AY.98 OR AY.98.1 OR AY.98.1.1 OR AY.99 OR AY.99.1 OR AY.99.2 OR AY.100 OR AY.101 OR AY.102 OR AY.102.1 OR AY.102.2 OR AY.103 OR AY.103.1 OR AY.103.2 OR AY.104 OR AY.105 OR AY.106 OR AY.107 OR AY.108 OR AY.109 OR AY.110 OR AY.111 OR AY.112 OR AY.112.1 OR AY.112.2 OR AY.112.3 OR AY.113 OR AY.114 OR AY.116 OR AY.116.1 OR AY.117 OR AY.118 OR AY.119 OR AY.119.1 OR AY.119.2 OR AY.120 OR AY.120.1 OR AY.120.2 OR AY.120.2.1 OR AY.121 OR AY.121.1 OR AY.122 OR AY.122.1 OR AY.122.2 OR AY.122.3 OR AY.122.4 OR AY.122.5 OR AY.122.6 OR AY.123 OR AY.123.1 OR AY.124 OR AY.124.1 OR AY.124.1.1 OR AY.125 OR AY.125.1 OR AY.126 OR AY.127 OR AY.127.1 OR AY.127.2 OR AY.127.3 OR AY.128 OR AY.129 OR AY.130 OR AY.131 OR AY.132 OR AY.133 OR AY.134 OR B.1.617.2,Delta,2.78571428571429,2.64285714285714,0.948717948717949
2021-09-30,6,6,2.33333333333333,2.33333333333333,1,0.333178245598791,0.999783091529969,AY.1 OR AY.2 OR AY.3 OR AY.3.1 OR AY.3.2 OR AY.3.3 OR AY.3.4 OR AY.4 OR AY.4.1 OR AY.4.2 OR AY.4.2.1 OR AY.4.2.2 OR AY.4.2.3 OR AY.4.2.4 OR AY.4.2.5 OR AY.4.3 OR AY.4.4 OR AY.4.5 OR AY.4.6 OR AY.4.7 OR AY.4.8 OR AY.4.9 OR AY.4.10 OR AY.4.11 OR AY.4.12 OR AY.4.13 OR AY.4.14 OR AY.4.15 OR AY.4.16 OR AY.4.17 OR AY.5 OR AY.5.1 OR AY.5.2 OR AY.5.3 OR AY.5.4 OR AY.5.5 OR AY.5.6 OR AY.5.7 OR AY.6 OR AY.7 OR AY.7.1 OR AY.7.2 OR AY.8 OR AY.9 OR AY.9.2 OR AY.9.2.1 OR AY.9.2.2 OR AY.10 OR AY.11 OR AY.13 OR AY.14 OR AY.15 OR AY.16 OR AY.16.1 OR AY.17 OR AY.18 OR AY.19 OR AY.20 OR AY.20.1 OR AY.21 OR AY.22 OR AY.23 OR AY.23.1 OR AY.23.2 OR AY.24 OR AY.24.1 OR AY.25 OR AY.25.1 OR AY.25.1.1 OR AY.25.1.2 OR AY.25.2 OR AY.25.3 OR AY.26 OR AY.26.1 OR AY.27 OR AY.28 OR AY.29 OR AY.29.1 OR AY.29.2 OR AY.30 OR AY.31 OR AY.32 OR AY.33 OR AY.33.1 OR AY.33.2 OR AY.34 OR AY.34.1 OR AY.34.1.1 OR AY.34.2 OR AY.35 OR AY.36 OR AY.36.1 OR AY.37 OR AY.38 OR AY.39 OR AY.39.1 OR AY.39.1.1 OR AY.39.1.2 OR AY.39.1.3 OR AY.39.1.4 OR AY.39.2 OR AY.39.3 OR AY.40 OR AY.41 OR AY.42 OR AY.42.1 OR AY.43 OR AY.43.1 OR AY.43.2 OR AY.43.3 OR AY.43.4 OR AY.43.5 OR AY.43.6 OR AY.43.7 OR AY.43.8 OR AY.43.9 OR AY.44 OR AY.45 OR AY.46 OR AY.46.1 OR AY.46.2 OR AY.46.3 OR AY.46.4 OR AY.46.5 OR AY.46.6 OR AY.46.6.1 OR AY.47 OR AY.48 OR AY.49 OR AY.50 OR AY.51 OR AY.52 OR AY.53 OR AY.54 OR AY.55 OR AY.56 OR AY.57 OR AY.58 OR AY.59 OR AY.60 OR AY.61 OR AY.62 OR AY.63 OR AY.64 OR AY.65 OR AY.66 OR AY.67 OR AY.68 OR AY.69 OR AY.70 OR AY.71 OR AY.72 OR AY.73 OR AY.74 OR AY.75 OR AY.75.2 OR AY.75.3 OR AY.76 OR AY.77 OR AY.78 OR AY.79 OR AY.80 OR AY.81 OR AY.82 OR AY.83 OR AY.84 OR AY.85 OR AY.86 OR AY.87 OR AY.88 OR AY.90 OR AY.91 OR AY.91.1 OR AY.92 OR AY.93 OR AY.94 OR AY.95 OR AY.98 OR AY.98.1 OR AY.98.1.1 OR AY.99 OR AY.99.1 OR AY.99.2 OR AY.100 OR AY.101 OR AY.102 OR AY.102.1 OR AY.102.2 OR AY.103 OR AY.103.1 OR AY.103.2 OR AY.104 OR AY.105 OR AY.106 OR AY.107 OR AY.108 OR AY.109 OR AY.110 OR AY.111 OR AY.112 OR AY.112.1 OR AY.112.2 OR AY.112.3 OR AY.113 OR AY.114 OR AY.116 OR AY.116.1 OR AY.117 OR AY.118 OR AY.119 OR AY.119.1 OR AY.119.2 OR AY.120 OR AY.120.1 OR AY.120.2 OR AY.120.2.1 OR AY.121 OR AY.121.1 OR AY.122 OR AY.122.1 OR AY.122.2 OR AY.122.3 OR AY.122.4 OR AY.122.5 OR AY.122.6 OR AY.123 OR AY.123.1 OR AY.124 OR AY.124.1 OR AY.124.1.1 OR AY.125 OR AY.125.1 OR AY.126 OR AY.127 OR AY.127.1 OR AY.127.2 OR AY.127.3 OR AY.128 OR AY.129 OR AY.130 OR AY.131 OR AY.132 OR AY.133 OR AY.134 OR B.1.617.2,Delta,3.14285714285714,3,0.954545454545455
2021-10-04,1,1,2.75,2.75,1,0.46441675695705,0.999849363974563,AY.1 OR AY.2 OR AY.3 OR AY.3.1 OR AY.3.2 OR AY.3.3 OR AY.3.4 OR AY.4 OR AY.4.1 OR AY.4.2 OR AY.4.2.1 OR AY.4.2.2 OR AY.4.2.3 OR AY.4.2.4 OR AY.4.2.5 OR AY.4.3 OR AY.4.4 OR AY.4.5 OR AY.4.6 OR AY.4.7 OR AY.4.8 OR AY.4.9 OR AY.4.10 OR AY.4.11 OR AY.4.12 OR AY.4.13 OR AY.4.14 OR AY.4.15 OR AY.4.16 OR AY.4.17 OR AY.5 OR AY.5.1 OR AY.5.2 OR AY.5.3 OR AY.5.4 OR AY.5.5 OR AY.5.6 OR AY.5.7 OR AY.6 OR AY.7 OR AY.7.1 OR AY.7.2 OR AY.8 OR AY.9 OR AY.9.2 OR AY.9.2.1 OR AY.9.2.2 OR AY.10 OR AY.11 OR AY.13 OR AY.14 OR AY.15 OR AY.16 OR AY.16.1 OR AY.17 OR AY.18 OR AY.19 OR AY.20 OR AY.20.1 OR AY.21 OR AY.22 OR AY.23 OR AY.23.1 OR AY.23.2 OR AY.24 OR AY.24.1 OR AY.25 OR AY.25.1 OR AY.25.1.1 OR AY.25.1.2 OR AY.25.2 OR AY.25.3 OR AY.26 OR AY.26.1 OR AY.27 OR AY.28 OR AY.29 OR AY.29.1 OR AY.29.2 OR AY.30 OR AY.31 OR AY.32 OR AY.33 OR AY.33.1 OR AY.33.2 OR AY.34 OR AY.34.1 OR AY.34.1.1 OR AY.34.2 OR AY.35 OR AY.36 OR AY.36.1 OR AY.37 OR AY.38 OR AY.39 OR AY.39.1 OR AY.39.1.1 OR AY.39.1.2 OR AY.39.1.3 OR AY.39.1.4 OR AY.39.2 OR AY.39.3 OR AY.40 OR AY.41 OR AY.42 OR AY.42.1 OR AY.43 OR AY.43.1 OR AY.43.2 OR AY.43.3 OR AY.43.4 OR AY.43.5 OR AY.43.6 OR AY.43.7 OR AY.43.8 OR AY.43.9 OR AY.44 OR AY.45 OR AY.46 OR AY.46.1 OR AY.46.2 OR AY.46.3 OR AY.46.4 OR AY.46.5 OR AY.46.6 OR AY.46.6.1 OR AY.47 OR AY.48 OR AY.49 OR AY.50 OR AY.51 OR AY.52 OR AY.53 OR AY.54 OR AY.55 OR AY.56 OR AY.57 OR AY.58 OR AY.59 OR AY.60 OR AY.61 OR AY.62 OR AY.63 OR AY.64 OR AY.65 OR AY.66 OR AY.67 OR AY.68 OR AY.69 OR AY.70 OR AY.71 OR AY.72 OR AY.73 OR AY.74 OR AY.75 OR AY.75.2 OR AY.75.3 OR AY.76 OR AY.77 OR AY.78 OR AY.79 OR AY.80 OR AY.81 OR AY.82 OR AY.83 OR AY.84 OR AY.85 OR AY.86 OR AY.87 OR AY.88 OR AY.90 OR AY.91 OR AY.91.1 OR AY.92 OR AY.93 OR AY.94 OR AY.95 OR AY.98 OR AY.98.1 OR AY.98.1.1 OR AY.99 OR AY.99.1 OR AY.99.2 OR AY.100 OR AY.101 OR AY.102 OR AY.102.1 OR AY.102.2 OR AY.103 OR AY.103.1 OR AY.103.2 OR AY.104 OR AY.105 OR AY.106 OR AY.107 OR AY.108 OR AY.109 OR AY.110 OR AY.111 OR AY.112 OR AY.112.1 OR AY.112.2 OR AY.112.3 OR AY.113 OR AY.114 OR AY.116 OR AY.116.1 OR AY.117 OR AY.118 OR AY.119 OR AY.119.1 OR AY.119.2 OR AY.120 OR AY.120.1 OR AY.120.2 OR AY.120.2.1 OR AY.121 OR AY.121.1 OR AY.122 OR AY.122.1 OR AY.122.2 OR AY.122.3 OR AY.122.4 OR AY.122.5 OR AY.122.6 OR AY.123 OR AY.123.1 OR AY.124 OR AY.124.1 OR AY.124.1.1 OR AY.125 OR AY.125.1 OR AY.126 OR AY.127 OR AY.127.1 OR AY.127.2 OR AY.127.3 OR AY.128 OR AY.129 OR AY.130 OR AY.131 OR AY.132 OR AY.133 OR AY.134 OR B.1.617.2,Delta,3.14285714285714,3,0.954545454545455
2021-10-07,1,0,1,0.5,0.5,0.000385580980755902,0.853253683690425,AY.1 OR AY.2 OR AY.3 OR AY.3.1 OR AY.3.2 OR AY.3.3 OR AY.3.4 OR AY.4 OR AY.4.1 OR AY.4.2 OR AY.4.2.1 OR AY.4.2.2 OR AY.4.2.3 OR AY.4.2.4 OR AY.4.2.5 OR AY.4.3 OR AY.4.4 OR AY.4.5 OR AY.4.6 OR AY.4.7 OR AY.4.8 OR AY.4.9 OR AY.4.10 OR AY.4.11 OR AY.4.12 OR AY.4.13 OR AY.4.14 OR AY.4.15 OR AY.4.16 OR AY.4.17 OR AY.5 OR AY.5.1 OR AY.5.2 OR AY.5.3 OR AY.5.4 OR AY.5.5 OR AY.5.6 OR AY.5.7 OR AY.6 OR AY.7 OR AY.7.1 OR AY.7.2 OR AY.8 OR AY.9 OR AY.9.2 OR AY.9.2.1 OR AY.9.2.2 OR AY.10 OR AY.11 OR AY.13 OR AY.14 OR AY.15 OR AY.16 OR AY.16.1 OR AY.17 OR AY.18 OR AY.19 OR AY.20 OR AY.20.1 OR AY.21 OR AY.22 OR AY.23 OR AY.23.1 OR AY.23.2 OR AY.24 OR AY.24.1 OR AY.25 OR AY.25.1 OR AY.25.1.1 OR AY.25.1.2 OR AY.25.2 OR AY.25.3 OR AY.26 OR AY.26.1 OR AY.27 OR AY.28 OR AY.29 OR AY.29.1 OR AY.29.2 OR AY.30 OR AY.31 OR AY.32 OR AY.33 OR AY.33.1 OR AY.33.2 OR AY.34 OR AY.34.1 OR AY.34.1.1 OR AY.34.2 OR AY.35 OR AY.36 OR AY.36.1 OR AY.37 OR AY.38 OR AY.39 OR AY.39.1 OR AY.39.1.1 OR AY.39.1.2 OR AY.39.1.3 OR AY.39.1.4 OR AY.39.2 OR AY.39.3 OR AY.40 OR AY.41 OR AY.42 OR AY.42.1 OR AY.43 OR AY.43.1 OR AY.43.2 OR AY.43.3 OR AY.43.4 OR AY.43.5 OR AY.43.6 OR AY.43.7 OR AY.43.8 OR AY.43.9 OR AY.44 OR AY.45 OR AY.46 OR AY.46.1 OR AY.46.2 OR AY.46.3 OR AY.46.4 OR AY.46.5 OR AY.46.6 OR AY.46.6.1 OR AY.47 OR AY.48 OR AY.49 OR AY.50 OR AY.51 OR AY.52 OR AY.53 OR AY.54 OR AY.55 OR AY.56 OR AY.57 OR AY.58 OR AY.59 OR AY.60 OR AY.61 OR AY.62 OR AY.63 OR AY.64 OR AY.65 OR AY.66 OR AY.67 OR AY.68 OR AY.69 OR AY.70 OR AY.71 OR AY.72 OR AY.73 OR AY.74 OR AY.75 OR AY.75.2 OR AY.75.3 OR AY.76 OR AY.77 OR AY.78 OR AY.79 OR AY.80 OR AY.81 OR AY.82 OR AY.83 OR AY.84 OR AY.85 OR AY.86 OR AY.87 OR AY.88 OR AY.90 OR AY.91 OR AY.91.1 OR AY.92 OR AY.93 OR AY.94 OR AY.95 OR AY.98 OR AY.98.1 OR AY.98.1.1 OR AY.99 OR AY.99.1 OR AY.99.2 OR AY.100 OR AY.101 OR AY.102 OR AY.102.1 OR AY.102.2 OR AY.103 OR AY.103.1 OR AY.103.2 OR AY.104 OR AY.105 OR AY.106 OR AY.107 OR AY.108 OR AY.109 OR AY.110 OR AY.111 OR AY.112 OR AY.112.1 OR AY.112.2 OR AY.112.3 OR AY.113 OR AY.114 OR AY.116 OR AY.116.1 OR AY.117 OR AY.118 OR AY.119 OR AY.119.1 OR AY.119.2 OR AY.120 OR AY.120.1 OR AY.120.2 OR AY.120.2.1 OR AY.121 OR AY.121.1 OR AY.122 OR AY.122.1 OR AY.122.2 OR AY.122.3 OR AY.122.4 OR AY.122.5 OR AY.122.6 OR AY.123 OR AY.123.1 OR AY.124 OR AY.124.1 OR AY.124.1.1 OR AY.125 OR AY.125.1 OR AY.126 OR AY.127 OR AY.127.1 OR AY.127.2 OR AY.127.3 OR AY.128 OR AY.129 OR AY.130 OR AY.131 OR AY.132 OR AY.133 OR AY.134 OR B.1.617.2,Delta,2.85714285714286,2.78571428571429,0.975
2021-10-09,2,2,1.33333333333333,1,0.75,0.146746316309575,0.999614419019244,AY.1 OR AY.2 OR AY.3 OR AY.3.1 OR AY.3.2 OR AY.3.3 OR AY.3.4 OR AY.4 OR AY.4.1 OR AY.4.2 OR AY.4.2.1 OR AY.4.2.2 OR AY.4.2.3 OR AY.4.2.4 OR AY.4.2.5 OR AY.4.3 OR AY.4.4 OR AY.4.5 OR AY.4.6 OR AY.4.7 OR AY.4.8 OR AY.4.9 OR AY.4.10 OR AY.4.11 OR AY.4.12 OR AY.4.13 OR AY.4.14 OR AY.4.15 OR AY.4.16 OR AY.4.17 OR AY.5 OR AY.5.1 OR AY.5.2 OR AY.5.3 OR AY.5.4 OR AY.5.5 OR AY.5.6 OR AY.5.7 OR AY.6 OR AY.7 OR AY.7.1 OR AY.7.2 OR AY.8 OR AY.9 OR AY.9.2 OR AY.9.2.1 OR AY.9.2.2 OR AY.10 OR AY.11 OR AY.13 OR AY.14 OR AY.15 OR AY.16 OR AY.16.1 OR AY.17 OR AY.18 OR AY.19 OR AY.20 OR AY.20.1 OR AY.21 OR AY.22 OR AY.23 OR AY.23.1 OR AY.23.2 OR AY.24 OR AY.24.1 OR AY.25 OR AY.25.1 OR AY.25.1.1 OR AY.25.1.2 OR AY.25.2 OR AY.25.3 OR AY.26 OR AY.26.1 OR AY.27 OR AY.28 OR AY.29 OR AY.29.1 OR AY.29.2 OR AY.30 OR AY.31 OR AY.32 OR AY.33 OR AY.33.1 OR AY.33.2 OR AY.34 OR AY.34.1 OR AY.34.1.1 OR AY.34.2 OR AY.35 OR AY.36 OR AY.36.1 OR AY.37 OR AY.38 OR AY.39 OR AY.39.1 OR AY.39.1.1 OR AY.39.1.2 OR AY.39.1.3 OR AY.39.1.4 OR AY.39.2 OR AY.39.3 OR AY.40 OR AY.41 OR AY.42 OR AY.42.1 OR AY.43 OR AY.43.1 OR AY.43.2 OR AY.43.3 OR AY.43.4 OR AY.43.5 OR AY.43.6 OR AY.43.7 OR AY.43.8 OR AY.43.9 OR AY.44 OR AY.45 OR AY.46 OR AY.46.1 OR AY.46.2 OR AY.46.3 OR AY.46.4 OR AY.46.5 OR AY.46.6 OR AY.46.6.1 OR AY.47 OR AY.48 OR AY.49 OR AY.50 OR AY.51 OR AY.52 OR AY.53 OR AY.54 OR AY.55 OR AY.56 OR AY.57 OR AY.58 OR AY.59 OR AY.60 OR AY.61 OR AY.62 OR AY.63 OR AY.64 OR AY.65 OR AY.66 OR AY.67 OR AY.68 OR AY.69 OR AY.70 OR AY.71 OR AY.72 OR AY.73 OR AY.74 OR AY.75 OR AY.75.2 OR AY.75.3 OR AY.76 OR AY.77 OR AY.78 OR AY.79 OR AY.80 OR AY.81 OR AY.82 OR AY.83 OR AY.84 OR AY.85 OR AY.86 OR AY.87 OR AY.88 OR AY.90 OR AY.91 OR AY.91.1 OR AY.92 OR AY.93 OR AY.94 OR AY.95 OR AY.98 OR AY.98.1 OR AY.98.1.1 OR AY.99 OR AY.99.1 OR AY.99.2 OR AY.100 OR AY.101 OR AY.102 OR AY.102.1 OR AY.102.2 OR AY.103 OR AY.103.1 OR AY.103.2 OR AY.104 OR AY.105 OR AY.106 OR AY.107 OR AY.108 OR AY.109 OR AY.110 OR AY.111 OR AY.112 OR AY.112.1 OR AY.112.2 OR AY.112.3 OR AY.113 OR AY.114 OR AY.116 OR AY.116.1 OR AY.117 OR AY.118 OR AY.119 OR AY.119.1 OR AY.119.2 OR AY.120 OR AY.120.1 OR AY.120.2 OR AY.120.2.1 OR AY.121 OR AY.121.1 OR AY.122 OR AY.122.1 OR AY.122.2 OR AY.122.3 OR AY.122.4 OR AY.122.5 OR AY.122.6 OR AY.123 OR AY.123.1 OR AY.124 OR AY.124.1 OR AY.124.1.1 OR AY.125 OR AY.125.1 OR AY.126 OR AY.127 OR AY.127.1 OR AY.127.2 OR AY.127.3 OR AY.128 OR AY.129 OR AY.130 OR AY.131 OR AY.132 OR AY.133 OR AY.134 OR B.1.617.2,Delta,2.92857142857143,2.85714285714286,0.975609756097561
2021-10-10,1,0,1.25,0.75,0.6,0.146746316309575,0.999614419019244,AY.1 OR AY.2 OR AY.3 OR AY.3.1 OR AY.3.2 OR AY.3.3 OR AY.3.4 OR AY.4 OR AY.4.1 OR AY.4.2 OR AY.4.2.1 OR AY.4.2.2 OR AY.4.2.3 OR AY.4.2.4 OR AY.4.2.5 OR AY.4.3 OR AY.4.4 OR AY.4.5 OR AY.4.6 OR AY.4.7 OR AY.4.8 OR AY.4.9 OR AY.4.10 OR AY.4.11 OR AY.4.12 OR AY.4.13 OR AY.4.14 OR AY.4.15 OR AY.4.16 OR AY.4.17 OR AY.5 OR AY.5.1 OR AY.5.2 OR AY.5.3 OR AY.5.4 OR AY.5.5 OR AY.5.6 OR AY.5.7 OR AY.6 OR AY.7 OR AY.7.1 OR AY.7.2 OR AY.8 OR AY.9 OR AY.9.2 OR AY.9.2.1 OR AY.9.2.2 OR AY.10 OR AY.11 OR AY.13 OR AY.14 OR AY.15 OR AY.16 OR AY.16.1 OR AY.17 OR AY.18 OR AY.19 OR AY.20 OR AY.20.1 OR AY.21 OR AY.22 OR AY.23 OR AY.23.1 OR AY.23.2 OR AY.24 OR AY.24.1 OR AY.25 OR AY.25.1 OR AY.25.1.1 OR AY.25.1.2 OR AY.25.2 OR AY.25.3 OR AY.26 OR AY.26.1 OR AY.27 OR AY.28 OR AY.29 OR AY.29.1 OR AY.29.2 OR AY.30 OR AY.31 OR AY.32 OR AY.33 OR AY.33.1 OR AY.33.2 OR AY.34 OR AY.34.1 OR AY.34.1.1 OR AY.34.2 OR AY.35 OR AY.36 OR AY.36.1 OR AY.37 OR AY.38 OR AY.39 OR AY.39.1 OR AY.39.1.1 OR AY.39.1.2 OR AY.39.1.3 OR AY.39.1.4 OR AY.39.2 OR AY.39.3 OR AY.40 OR AY.41 OR AY.42 OR AY.42.1 OR AY.43 OR AY.43.1 OR AY.43.2 OR AY.43.3 OR AY.43.4 OR AY.43.5 OR AY.43.6 OR AY.43.7 OR AY.43.8 OR AY.43.9 OR AY.44 OR AY.45 OR AY.46 OR AY.46.1 OR AY.46.2 OR AY.46.3 OR AY.46.4 OR AY.46.5 OR AY.46.6 OR AY.46.6.1 OR AY.47 OR AY.48 OR AY.49 OR AY.50 OR AY.51 OR AY.52 OR AY.53 OR AY.54 OR AY.55 OR AY.56 OR AY.57 OR AY.58 OR AY.59 OR AY.60 OR AY.61 OR AY.62 OR AY.63 OR AY.64 OR AY.65 OR AY.66 OR AY.67 OR AY.68 OR AY.69 OR AY.70 OR AY.71 OR AY.72 OR AY.73 OR AY.74 OR AY.75 OR AY.75.2 OR AY.75.3 OR AY.76 OR AY.77 OR AY.78 OR AY.79 OR AY.80 OR AY.81 OR AY.82 OR AY.83 OR AY.84 OR AY.85 OR AY.86 OR AY.87 OR AY.88 OR AY.90 OR AY.91 OR AY.91.1 OR AY.92 OR AY.93 OR AY.94 OR AY.95 OR AY.98 OR AY.98.1 OR AY.98.1.1 OR AY.99 OR AY.99.1 OR AY.99.2 OR AY.100 OR AY.101 OR AY.102 OR AY.102.1 OR AY.102.2 OR AY.103 OR AY.103.1 OR AY.103.2 OR AY.104 OR AY.105 OR AY.106 OR AY.107 OR AY.108 OR AY.109 OR AY.110 OR AY.111 OR AY.112 OR AY.112.1 OR AY.112.2 OR AY.112.3 OR AY.113 OR AY.114 OR AY.116 OR AY.116.1 OR AY.117 OR AY.118 OR AY.119 OR AY.119.1 OR AY.119.2 OR AY.120 OR AY.120.1 OR AY.120.2 OR AY.120.2.1 OR AY.121 OR AY.121.1 OR AY.122 OR AY.122.1 OR AY.122.2 OR AY.122.3 OR AY.122.4 OR AY.122.5 OR AY.122.6 OR AY.123 OR AY.123.1 OR AY.124 OR AY.124.1 OR AY.124.1.1 OR AY.125 OR AY.125.1 OR AY.126 OR AY.127 OR AY.127.1 OR AY.127.2 OR AY.127.3 OR AY.128 OR AY.129 OR AY.130 OR AY.131 OR AY.132 OR AY.133 OR AY.134 OR B.1.617.2,Delta,2.85714285714286,2.71428571428571,0.95
2021-10-11,1,1,1.25,0.75,0.6,0.146746316309575,0.999614419019244,AY.1 OR AY.2 OR AY.3 OR AY.3.1 OR AY.3.2 OR AY.3.3 OR AY.3.4 OR AY.4 OR AY.4.1 OR AY.4.2 OR AY.4.2.1 OR AY.4.2.2 OR AY.4.2.3 OR AY.4.2.4 OR AY.4.2.5 OR AY.4.3 OR AY.4.4 OR AY.4.5 OR AY.4.6 OR AY.4.7 OR AY.4.8 OR AY.4.9 OR AY.4.10 OR AY.4.11 OR AY.4.12 OR AY.4.13 OR AY.4.14 OR AY.4.15 OR AY.4.16 OR AY.4.17 OR AY.5 OR AY.5.1 OR AY.5.2 OR AY.5.3 OR AY.5.4 OR AY.5.5 OR AY.5.6 OR AY.5.7 OR AY.6 OR AY.7 OR AY.7.1 OR AY.7.2 OR AY.8 OR AY.9 OR AY.9.2 OR AY.9.2.1 OR AY.9.2.2 OR AY.10 OR AY.11 OR AY.13 OR AY.14 OR AY.15 OR AY.16 OR AY.16.1 OR AY.17 OR AY.18 OR AY.19 OR AY.20 OR AY.20.1 OR AY.21 OR AY.22 OR AY.23 OR AY.23.1 OR AY.23.2 OR AY.24 OR AY.24.1 OR AY.25 OR AY.25.1 OR AY.25.1.1 OR AY.25.1.2 OR AY.25.2 OR AY.25.3 OR AY.26 OR AY.26.1 OR AY.27 OR AY.28 OR AY.29 OR AY.29.1 OR AY.29.2 OR AY.30 OR AY.31 OR AY.32 OR AY.33 OR AY.33.1 OR AY.33.2 OR AY.34 OR AY.34.1 OR AY.34.1.1 OR AY.34.2 OR AY.35 OR AY.36 OR AY.36.1 OR AY.37 OR AY.38 OR AY.39 OR AY.39.1 OR AY.39.1.1 OR AY.39.1.2 OR AY.39.1.3 OR AY.39.1.4 OR AY.39.2 OR AY.39.3 OR AY.40 OR AY.41 OR AY.42 OR AY.42.1 OR AY.43 OR AY.43.1 OR AY.43.2 OR AY.43.3 OR AY.43.4 OR AY.43.5 OR AY.43.6 OR AY.43.7 OR AY.43.8 OR AY.43.9 OR AY.44 OR AY.45 OR AY.46 OR AY.46.1 OR AY.46.2 OR AY.46.3 OR AY.46.4 OR AY.46.5 OR AY.46.6 OR AY.46.6.1 OR AY.47 OR AY.48 OR AY.49 OR AY.50 OR AY.51 OR AY.52 OR AY.53 OR AY.54 OR AY.55 OR AY.56 OR AY.57 OR AY.58 OR AY.59 OR AY.60 OR AY.61 OR AY.62 OR AY.63 OR AY.64 OR AY.65 OR AY.66 OR AY.67 OR AY.68 OR AY.69 OR AY.70 OR AY.71 OR AY.72 OR AY.73 OR AY.74 OR AY.75 OR AY.75.2 OR AY.75.3 OR AY.76 OR AY.77 OR AY.78 OR AY.79 OR AY.80 OR AY.81 OR AY.82 OR AY.83 OR AY.84 OR AY.85 OR AY.86 OR AY.87 OR AY.88 OR AY.90 OR AY.91 OR AY.91.1 OR AY.92 OR AY.93 OR AY.94 OR AY.95 OR AY.98 OR AY.98.1 OR AY.98.1.1 OR AY.99 OR AY.99.1 OR AY.99.2 OR AY.100 OR AY.101 OR AY.102 OR AY.102.1 OR AY.102.2 OR AY.103 OR AY.103.1 OR AY.103.2 OR AY.104 OR AY.105 OR AY.106 OR AY.107 OR AY.108 OR AY.109 OR AY.110 OR AY.111 OR AY.112 OR AY.112.1 OR AY.112.2 OR AY.112.3 OR AY.113 OR AY.114 OR AY.116 OR AY.116.1 OR AY.117 OR AY.118 OR AY.119 OR AY.119.1 OR AY.119.2 OR AY.120 OR AY.120.1 OR AY.120.2 OR AY.120.2.1 OR AY.121 OR AY.121.1 OR AY.122 OR AY.122.1 OR AY.122.2 OR AY.122.3 OR AY.122.4 OR AY.122.5 OR AY.122.6 OR AY.123 OR AY.123.1 OR AY.124 OR AY.124.1 OR AY.124.1.1 OR AY.125 OR AY.125.1 OR AY.126 OR AY.127 OR AY.127.1 OR AY.127.2 OR AY.127.3 OR AY.128 OR AY.129 OR AY.130 OR AY.131 OR AY.132 OR AY.133 OR AY.134 OR B.1.617.2,Delta,2.71428571428571,2.57142857142857,0.947368421052632
2021-10-12,2,2,1.4,1,0.714285714285714,0.146746316309575,0.999614419019244,AY.1 OR AY.2 OR AY.3 OR AY.3.1 OR AY.3.2 OR AY.3.3 OR AY.3.4 OR AY.4 OR AY.4.1 OR AY.4.2 OR AY.4.2.1 OR AY.4.2.2 OR AY.4.2.3 OR AY.4.2.4 OR AY.4.2.5 OR AY.4.3 OR AY.4.4 OR AY.4.5 OR AY.4.6 OR AY.4.7 OR AY.4.8 OR AY.4.9 OR AY.4.10 OR AY.4.11 OR AY.4.12 OR AY.4.13 OR AY.4.14 OR AY.4.15 OR AY.4.16 OR AY.4.17 OR AY.5 OR AY.5.1 OR AY.5.2 OR AY.5.3 OR AY.5.4 OR AY.5.5 OR AY.5.6 OR AY.5.7 OR AY.6 OR AY.7 OR AY.7.1 OR AY.7.2 OR AY.8 OR AY.9 OR AY.9.2 OR AY.9.2.1 OR AY.9.2.2 OR AY.10 OR AY.11 OR AY.13 OR AY.14 OR AY.15 OR AY.16 OR AY.16.1 OR AY.17 OR AY.18 OR AY.19 OR AY.20 OR AY.20.1 OR AY.21 OR AY.22 OR AY.23 OR AY.23.1 OR AY.23.2 OR AY.24 OR AY.24.1 OR AY.25 OR AY.25.1 OR AY.25.1.1 OR AY.25.1.2 OR AY.25.2 OR AY.25.3 OR AY.26 OR AY.26.1 OR AY.27 OR AY.28 OR AY.29 OR AY.29.1 OR AY.29.2 OR AY.30 OR AY.31 OR AY.32 OR AY.33 OR AY.33.1 OR AY.33.2 OR AY.34 OR AY.34.1 OR AY.34.1.1 OR AY.34.2 OR AY.35 OR AY.36 OR AY.36.1 OR AY.37 OR AY.38 OR AY.39 OR AY.39.1 OR AY.39.1.1 OR AY.39.1.2 OR AY.39.1.3 OR AY.39.1.4 OR AY.39.2 OR AY.39.3 OR AY.40 OR AY.41 OR AY.42 OR AY.42.1 OR AY.43 OR AY.43.1 OR AY.43.2 OR AY.43.3 OR AY.43.4 OR AY.43.5 OR AY.43.6 OR AY.43.7 OR AY.43.8 OR AY.43.9 OR AY.44 OR AY.45 OR AY.46 OR AY.46.1 OR AY.46.2 OR AY.46.3 OR AY.46.4 OR AY.46.5 OR AY.46.6 OR AY.46.6.1 OR AY.47 OR AY.48 OR AY.49 OR AY.50 OR AY.51 OR AY.52 OR AY.53 OR AY.54 OR AY.55 OR AY.56 OR AY.57 OR AY.58 OR AY.59 OR AY.60 OR AY.61 OR AY.62 OR AY.63 OR AY.64 OR AY.65 OR AY.66 OR AY.67 OR AY.68 OR AY.69 OR AY.70 OR AY.71 OR AY.72 OR AY.73 OR AY.74 OR AY.75 OR AY.75.2 OR AY.75.3 OR AY.76 OR AY.77 OR AY.78 OR AY.79 OR AY.80 OR AY.81 OR AY.82 OR AY.83 OR AY.84 OR AY.85 OR AY.86 OR AY.87 OR AY.88 OR AY.90 OR AY.91 OR AY.91.1 OR AY.92 OR AY.93 OR AY.94 OR AY.95 OR AY.98 OR AY.98.1 OR AY.98.1.1 OR AY.99 OR AY.99.1 OR AY.99.2 OR AY.100 OR AY.101 OR AY.102 OR AY.102.1 OR AY.102.2 OR AY.103 OR AY.103.1 OR AY.103.2 OR AY.104 OR AY.105 OR AY.106 OR AY.107 OR AY.108 OR AY.109 OR AY.110 OR AY.111 OR AY.112 OR AY.112.1 OR AY.112.2 OR AY.112.3 OR AY.113 OR AY.114 OR AY.116 OR AY.116.1 OR AY.117 OR AY.118 OR AY.119 OR AY.119.1 OR AY.119.2 OR AY.120 OR AY.120.1 OR AY.120.2 OR AY.120.2.1 OR AY.121 OR AY.121.1 OR AY.122 OR AY.122.1 OR AY.122.2 OR AY.122.3 OR AY.122.4 OR AY.122.5 OR AY.122.6 OR AY.123 OR AY.123.1 OR AY.124 OR AY.124.1 OR AY.124.1.1 OR AY.125 OR AY.125.1 OR AY.126 OR AY.127 OR AY.127.1 OR AY.127.2 OR AY.127.3 OR AY.128 OR AY.129 OR AY.130 OR AY.131 OR AY.132 OR AY.133 OR AY.134 OR B.1.617.2,Delta,2.64285714285714,2.5,0.945945945945946
2021-10-13,1,1,1.33333333333333,1,0.75,0.146746316309575,0.999614419019244,AY.1 OR AY.2 OR AY.3 OR AY.3.1 OR AY.3.2 OR AY.3.3 OR AY.3.4 OR AY.4 OR AY.4.1 OR AY.4.2 OR AY.4.2.1 OR AY.4.2.2 OR AY.4.2.3 OR AY.4.2.4 OR AY.4.2.5 OR AY.4.3 OR AY.4.4 OR AY.4.5 OR AY.4.6 OR AY.4.7 OR AY.4.8 OR AY.4.9 OR AY.4.10 OR AY.4.11 OR AY.4.12 OR AY.4.13 OR AY.4.14 OR AY.4.15 OR AY.4.16 OR AY.4.17 OR AY.5 OR AY.5.1 OR AY.5.2 OR AY.5.3 OR AY.5.4 OR AY.5.5 OR AY.5.6 OR AY.5.7 OR AY.6 OR AY.7 OR AY.7.1 OR AY.7.2 OR AY.8 OR AY.9 OR AY.9.2 OR AY.9.2.1 OR AY.9.2.2 OR AY.10 OR AY.11 OR AY.13 OR AY.14 OR AY.15 OR AY.16 OR AY.16.1 OR AY.17 OR AY.18 OR AY.19 OR AY.20 OR AY.20.1 OR AY.21 OR AY.22 OR AY.23 OR AY.23.1 OR AY.23.2 OR AY.24 OR AY.24.1 OR AY.25 OR AY.25.1 OR AY.25.1.1 OR AY.25.1.2 OR AY.25.2 OR AY.25.3 OR AY.26 OR AY.26.1 OR AY.27 OR AY.28 OR AY.29 OR AY.29.1 OR AY.29.2 OR AY.30 OR AY.31 OR AY.32 OR AY.33 OR AY.33.1 OR AY.33.2 OR AY.34 OR AY.34.1 OR AY.34.1.1 OR AY.34.2 OR AY.35 OR AY.36 OR AY.36.1 OR AY.37 OR AY.38 OR AY.39 OR AY.39.1 OR AY.39.1.1 OR AY.39.1.2 OR AY.39.1.3 OR AY.39.1.4 OR AY.39.2 OR AY.39.3 OR AY.40 OR AY.41 OR AY.42 OR AY.42.1 OR AY.43 OR AY.43.1 OR AY.43.2 OR AY.43.3 OR AY.43.4 OR AY.43.5 OR AY.43.6 OR AY.43.7 OR AY.43.8 OR AY.43.9 OR AY.44 OR AY.45 OR AY.46 OR AY.46.1 OR AY.46.2 OR AY.46.3 OR AY.46.4 OR AY.46.5 OR AY.46.6 OR AY.46.6.1 OR AY.47 OR AY.48 OR AY.49 OR AY.50 OR AY.51 OR AY.52 OR AY.53 OR AY.54 OR AY.55 OR AY.56 OR AY.57 OR AY.58 OR AY.59 OR AY.60 OR AY.61 OR AY.62 OR AY.63 OR AY.64 OR AY.65 OR AY.66 OR AY.67 OR AY.68 OR AY.69 OR AY.70 OR AY.71 OR AY.72 OR AY.73 OR AY.74 OR AY.75 OR AY.75.2 OR AY.75.3 OR AY.76 OR AY.77 OR AY.78 OR AY.79 OR AY.80 OR AY.81 OR AY.82 OR AY.83 OR AY.84 OR AY.85 OR AY.86 OR AY.87 OR AY.88 OR AY.90 OR AY.91 OR AY.91.1 OR AY.92 OR AY.93 OR AY.94 OR AY.95 OR AY.98 OR AY.98.1 OR AY.98.1.1 OR AY.99 OR AY.99.1 OR AY.99.2 OR AY.100 OR AY.101 OR AY.102 OR AY.102.1 OR AY.102.2 OR AY.103 OR AY.103.1 OR AY.103.2 OR AY.104 OR AY.105 OR AY.106 OR AY.107 OR AY.108 OR AY.109 OR AY.110 OR AY.111 OR AY.112 OR AY.112.1 OR AY.112.2 OR AY.112.3 OR AY.113 OR AY.114 OR AY.116 OR AY.116.1 OR AY.117 OR AY.118 OR AY.119 OR AY.119.1 OR AY.119.2 OR AY.120 OR AY.120.1 OR AY.120.2 OR AY.120.2.1 OR AY.121 OR AY.121.1 OR AY.122 OR AY.122.1 OR AY.122.2 OR AY.122.3 OR AY.122.4 OR AY.122.5 OR AY.122.6 OR AY.123 OR AY.123.1 OR AY.124 OR AY.124.1 OR AY.124.1.1 OR AY.125 OR AY.125.1 OR AY.126 OR AY.127 OR AY.127.1 OR AY.127.2 OR AY.127.3 OR AY.128 OR AY.129 OR AY.130 OR AY.131 OR AY.132 OR AY.133 OR AY.134 OR B.1.617.2,Delta,2.21428571428571,2.07142857142857,0.935483870967742
2021-10-14,3,3,1.66666666666667,1.5,0.9,0.333178245598791,0.999783091529969,AY.1 OR AY.2 OR AY.3 OR AY.3.1 OR AY.3.2 OR AY.3.3 OR AY.3.4 OR AY.4 OR AY.4.1 OR AY.4.2 OR AY.4.2.1 OR AY.4.2.2 OR AY.4.2.3 OR AY.4.2.4 OR AY.4.2.5 OR AY.4.3 OR AY.4.4 OR AY.4.5 OR AY.4.6 OR AY.4.7 OR AY.4.8 OR AY.4.9 OR AY.4.10 OR AY.4.11 OR AY.4.12 OR AY.4.13 OR AY.4.14 OR AY.4.15 OR AY.4.16 OR AY.4.17 OR AY.5 OR AY.5.1 OR AY.5.2 OR AY.5.3 OR AY.5.4 OR AY.5.5 OR AY.5.6 OR AY.5.7 OR AY.6 OR AY.7 OR AY.7.1 OR AY.7.2 OR AY.8 OR AY.9 OR AY.9.2 OR AY.9.2.1 OR AY.9.2.2 OR AY.10 OR AY.11 OR AY.13 OR AY.14 OR AY.15 OR AY.16 OR AY.16.1 OR AY.17 OR AY.18 OR AY.19 OR AY.20 OR AY.20.1 OR AY.21 OR AY.22 OR AY.23 OR AY.23.1 OR AY.23.2 OR AY.24 OR AY.24.1 OR AY.25 OR AY.25.1 OR AY.25.1.1 OR AY.25.1.2 OR AY.25.2 OR AY.25.3 OR AY.26 OR AY.26.1 OR AY.27 OR AY.28 OR AY.29 OR AY.29.1 OR AY.29.2 OR AY.30 OR AY.31 OR AY.32 OR AY.33 OR AY.33.1 OR AY.33.2 OR AY.34 OR AY.34.1 OR AY.34.1.1 OR AY.34.2 OR AY.35 OR AY.36 OR AY.36.1 OR AY.37 OR AY.38 OR AY.39 OR AY.39.1 OR AY.39.1.1 OR AY.39.1.2 OR AY.39.1.3 OR AY.39.1.4 OR AY.39.2 OR AY.39.3 OR AY.40 OR AY.41 OR AY.42 OR AY.42.1 OR AY.43 OR AY.43.1 OR AY.43.2 OR AY.43.3 OR AY.43.4 OR AY.43.5 OR AY.43.6 OR AY.43.7 OR AY.43.8 OR AY.43.9 OR AY.44 OR AY.45 OR AY.46 OR AY.46.1 OR AY.46.2 OR AY.46.3 OR AY.46.4 OR AY.46.5 OR AY.46.6 OR AY.46.6.1 OR AY.47 OR AY.48 OR AY.49 OR AY.50 OR AY.51 OR AY.52 OR AY.53 OR AY.54 OR AY.55 OR AY.56 OR AY.57 OR AY.58 OR AY.59 OR AY.60 OR AY.61 OR AY.62 OR AY.63 OR AY.64 OR AY.65 OR AY.66 OR AY.67 OR AY.68 OR AY.69 OR AY.70 OR AY.71 OR AY.72 OR AY.73 OR AY.74 OR AY.75 OR AY.75.2 OR AY.75.3 OR AY.76 OR AY.77 OR AY.78 OR AY.79 OR AY.80 OR AY.81 OR AY.82 OR AY.83 OR AY.84 OR AY.85 OR AY.86 OR AY.87 OR AY.88 OR AY.90 OR AY.91 OR AY.91.1 OR AY.92 OR AY.93 OR AY.94 OR AY.95 OR AY.98 OR AY.98.1 OR AY.98.1.1 OR AY.99 OR AY.99.1 OR AY.99.2 OR AY.100 OR AY.101 OR AY.102 OR AY.102.1 OR AY.102.2 OR AY.103 OR AY.103.1 OR AY.103.2 OR AY.104 OR AY.105 OR AY.106 OR AY.107 OR AY.108 OR AY.109 OR AY.110 OR AY.111 OR AY.112 OR AY.112.1 OR AY.112.2 OR AY.112.3 OR AY.113 OR AY.114 OR AY.116 OR AY.116.1 OR AY.117 OR AY.118 OR AY.119 OR AY.119.1 OR AY.119.2 OR AY.120 OR AY.120.1 OR AY.120.2 OR AY.120.2.1 OR AY.121 OR AY.121.1 OR AY.122 OR AY.122.1 OR AY.122.2 OR AY.122.3 OR AY.122.4 OR AY.122.5 OR AY.122.6 OR AY.123 OR AY.123.1 OR AY.124 OR AY.124.1 OR AY.124.1.1 OR AY.125 OR AY.125.1 OR AY.126 OR AY.127 OR AY.127.1 OR AY.127.2 OR AY.127.3 OR AY.128 OR AY.129 OR AY.130 OR AY.131 OR AY.132 OR AY.133 OR AY.134 OR B.1.617.2,Delta,1.85714285714286,1.71428571428571,0.923076923076923
2021-10-15,2,2,1.71428571428571,1.57142857142857,0.916666666666667,0.333178245598791,0.999783091529969,AY.1 OR AY.2 OR AY.3 OR AY.3.1 OR AY.3.2 OR AY.3.3 OR AY.3.4 OR AY.4 OR AY.4.1 OR AY.4.2 OR AY.4.2.1 OR AY.4.2.2 OR AY.4.2.3 OR AY.4.2.4 OR AY.4.2.5 OR AY.4.3 OR AY.4.4 OR AY.4.5 OR AY.4.6 OR AY.4.7 OR AY.4.8 OR AY.4.9 OR AY.4.10 OR AY.4.11 OR AY.4.12 OR AY.4.13 OR AY.4.14 OR AY.4.15 OR AY.4.16 OR AY.4.17 OR AY.5 OR AY.5.1 OR AY.5.2 OR AY.5.3 OR AY.5.4 OR AY.5.5 OR AY.5.6 OR AY.5.7 OR AY.6 OR AY.7 OR AY.7.1 OR AY.7.2 OR AY.8 OR AY.9 OR AY.9.2 OR AY.9.2.1 OR AY.9.2.2 OR AY.10 OR AY.11 OR AY.13 OR AY.14 OR AY.15 OR AY.16 OR AY.16.1 OR AY.17 OR AY.18 OR AY.19 OR AY.20 OR AY.20.1 OR AY.21 OR AY.22 OR AY.23 OR AY.23.1 OR AY.23.2 OR AY.24 OR AY.24.1 OR AY.25 OR AY.25.1 OR AY.25.1.1 OR AY.25.1.2 OR AY.25.2 OR AY.25.3 OR AY.26 OR AY.26.1 OR AY.27 OR AY.28 OR AY.29 OR AY.29.1 OR AY.29.2 OR AY.30 OR AY.31 OR AY.32 OR AY.33 OR AY.33.1 OR AY.33.2 OR AY.34 OR AY.34.1 OR AY.34.1.1 OR AY.34.2 OR AY.35 OR AY.36 OR AY.36.1 OR AY.37 OR AY.38 OR AY.39 OR AY.39.1 OR AY.39.1.1 OR AY.39.1.2 OR AY.39.1.3 OR AY.39.1.4 OR AY.39.2 OR AY.39.3 OR AY.40 OR AY.41 OR AY.42 OR AY.42.1 OR AY.43 OR AY.43.1 OR AY.43.2 OR AY.43.3 OR AY.43.4 OR AY.43.5 OR AY.43.6 OR AY.43.7 OR AY.43.8 OR AY.43.9 OR AY.44 OR AY.45 OR AY.46 OR AY.46.1 OR AY.46.2 OR AY.46.3 OR AY.46.4 OR AY.46.5 OR AY.46.6 OR AY.46.6.1 OR AY.47 OR AY.48 OR AY.49 OR AY.50 OR AY.51 OR AY.52 OR AY.53 OR AY.54 OR AY.55 OR AY.56 OR AY.57 OR AY.58 OR AY.59 OR AY.60 OR AY.61 OR AY.62 OR AY.63 OR AY.64 OR AY.65 OR AY.66 OR AY.67 OR AY.68 OR AY.69 OR AY.70 OR AY.71 OR AY.72 OR AY.73 OR AY.74 OR AY.75 OR AY.75.2 OR AY.75.3 OR AY.76 OR AY.77 OR AY.78 OR AY.79 OR AY.80 OR AY.81 OR AY.82 OR AY.83 OR AY.84 OR AY.85 OR AY.86 OR AY.87 OR AY.88 OR AY.90 OR AY.91 OR AY.91.1 OR AY.92 OR AY.93 OR AY.94 OR AY.95 OR AY.98 OR AY.98.1 OR AY.98.1.1 OR AY.99 OR AY.99.1 OR AY.99.2 OR AY.100 OR AY.101 OR AY.102 OR AY.102.1 OR AY.102.2 OR AY.103 OR AY.103.1 OR AY.103.2 OR AY.104 OR AY.105 OR AY.106 OR AY.107 OR AY.108 OR AY.109 OR AY.110 OR AY.111 OR AY.112 OR AY.112.1 OR AY.112.2 OR AY.112.3 OR AY.113 OR AY.114 OR AY.116 OR AY.116.1 OR AY.117 OR AY.118 OR AY.119 OR AY.119.1 OR AY.119.2 OR AY.120 OR AY.120.1 OR AY.120.2 OR AY.120.2.1 OR AY.121 OR AY.121.1 OR AY.122 OR AY.122.1 OR AY.122.2 OR AY.122.3 OR AY.122.4 OR AY.122.5 OR AY.122.6 OR AY.123 OR AY.123.1 OR AY.124 OR AY.124.1 OR AY.124.1.1 OR AY.125 OR AY.125.1 OR AY.126 OR AY.127 OR AY.127.1 OR AY.127.2 OR AY.127.3 OR AY.128 OR AY.129 OR AY.130 OR AY.131 OR AY.132 OR AY.133 OR AY.134 OR B.1.617.2,Delta,1.92857142857143,1.78571428571429,0.925925925925926
2021-10-17,1,0,1.66666666666667,1.5,0.9,0.333178245598791,0.999783091529969,AY.1 OR AY.2 OR AY.3 OR AY.3.1 OR AY.3.2 OR AY.3.3 OR AY.3.4 OR AY.4 OR AY.4.1 OR AY.4.2 OR AY.4.2.1 OR AY.4.2.2 OR AY.4.2.3 OR AY.4.2.4 OR AY.4.2.5 OR AY.4.3 OR AY.4.4 OR AY.4.5 OR AY.4.6 OR AY.4.7 OR AY.4.8 OR AY.4.9 OR AY.4.10 OR AY.4.11 OR AY.4.12 OR AY.4.13 OR AY.4.14 OR AY.4.15 OR AY.4.16 OR AY.4.17 OR AY.5 OR AY.5.1 OR AY.5.2 OR AY.5.3 OR AY.5.4 OR AY.5.5 OR AY.5.6 OR AY.5.7 OR AY.6 OR AY.7 OR AY.7.1 OR AY.7.2 OR AY.8 OR AY.9 OR AY.9.2 OR AY.9.2.1 OR AY.9.2.2 OR AY.10 OR AY.11 OR AY.13 OR AY.14 OR AY.15 OR AY.16 OR AY.16.1 OR AY.17 OR AY.18 OR AY.19 OR AY.20 OR AY.20.1 OR AY.21 OR AY.22 OR AY.23 OR AY.23.1 OR AY.23.2 OR AY.24 OR AY.24.1 OR AY.25 OR AY.25.1 OR AY.25.1.1 OR AY.25.1.2 OR AY.25.2 OR AY.25.3 OR AY.26 OR AY.26.1 OR AY.27 OR AY.28 OR AY.29 OR AY.29.1 OR AY.29.2 OR AY.30 OR AY.31 OR AY.32 OR AY.33 OR AY.33.1 OR AY.33.2 OR AY.34 OR AY.34.1 OR AY.34.1.1 OR AY.34.2 OR AY.35 OR AY.36 OR AY.36.1 OR AY.37 OR AY.38 OR AY.39 OR AY.39.1 OR AY.39.1.1 OR AY.39.1.2 OR AY.39.1.3 OR AY.39.1.4 OR AY.39.2 OR AY.39.3 OR AY.40 OR AY.41 OR AY.42 OR AY.42.1 OR AY.43 OR AY.43.1 OR AY.43.2 OR AY.43.3 OR AY.43.4 OR AY.43.5 OR AY.43.6 OR AY.43.7 OR AY.43.8 OR AY.43.9 OR AY.44 OR AY.45 OR AY.46 OR AY.46.1 OR AY.46.2 OR AY.46.3 OR AY.46.4 OR AY.46.5 OR AY.46.6 OR AY.46.6.1 OR AY.47 OR AY.48 OR AY.49 OR AY.50 OR AY.51 OR AY.52 OR AY.53 OR AY.54 OR AY.55 OR AY.56 OR AY.57 OR AY.58 OR AY.59 OR AY.60 OR AY.61 OR AY.62 OR AY.63 OR AY.64 OR AY.65 OR AY.66 OR AY.67 OR AY.68 OR AY.69 OR AY.70 OR AY.71 OR AY.72 OR AY.73 OR AY.74 OR AY.75 OR AY.75.2 OR AY.75.3 OR AY.76 OR AY.77 OR AY.78 OR AY.79 OR AY.80 OR AY.81 OR AY.82 OR AY.83 OR AY.84 OR AY.85 OR AY.86 OR AY.87 OR AY.88 OR AY.90 OR AY.91 OR AY.91.1 OR AY.92 OR AY.93 OR AY.94 OR AY.95 OR AY.98 OR AY.98.1 OR AY.98.1.1 OR AY.99 OR AY.99.1 OR AY.99.2 OR AY.100 OR AY.101 OR AY.102 OR AY.102.1 OR AY.102.2 OR AY.103 OR AY.103.1 OR AY.103.2 OR AY.104 OR AY.105 OR AY.106 OR AY.107 OR AY.108 OR AY.109 OR AY.110 OR AY.111 OR AY.112 OR AY.112.1 OR AY.112.2 OR AY.112.3 OR AY.113 OR AY.114 OR AY.116 OR AY.116.1 OR AY.117 OR AY.118 OR AY.119 OR AY.119.1 OR AY.119.2 OR AY.120 OR AY.120.1 OR AY.120.2 OR AY.120.2.1 OR AY.121 OR AY.121.1 OR AY.122 OR AY.122.1 OR AY.122.2 OR AY.122.3 OR AY.122.4 OR AY.122.5 OR AY.122.6 OR AY.123 OR AY.123.1 OR AY.124 OR AY.124.1 OR AY.124.1.1 OR AY.125 OR AY.125.1 OR AY.126 OR AY.127 OR AY.127.1 OR AY.127.2 OR AY.127.3 OR AY.128 OR AY.129 OR AY.130 OR AY.131 OR AY.132 OR AY.133 OR AY.134 OR B.1.617.2,Delta,1.85714285714286,1.64285714285714,0.884615384615385
2021-10-18,2,2,1.83333333333333,1.66666666666667,0.909090909090909,0.333178245598791,0.999783091529969,AY.1 OR AY.2 OR AY.3 OR AY.3.1 OR AY.3.2 OR AY.3.3 OR AY.3.4 OR AY.4 OR AY.4.1 OR AY.4.2 OR AY.4.2.1 OR AY.4.2.2 OR AY.4.2.3 OR AY.4.2.4 OR AY.4.2.5 OR AY.4.3 OR AY.4.4 OR AY.4.5 OR AY.4.6 OR AY.4.7 OR AY.4.8 OR AY.4.9 OR AY.4.10 OR AY.4.11 OR AY.4.12 OR AY.4.13 OR AY.4.14 OR AY.4.15 OR AY.4.16 OR AY.4.17 OR AY.5 OR AY.5.1 OR AY.5.2 OR AY.5.3 OR AY.5.4 OR AY.5.5 OR AY.5.6 OR AY.5.7 OR AY.6 OR AY.7 OR AY.7.1 OR AY.7.2 OR AY.8 OR AY.9 OR AY.9.2 OR AY.9.2.1 OR AY.9.2.2 OR AY.10 OR AY.11 OR AY.13 OR AY.14 OR AY.15 OR AY.16 OR AY.16.1 OR AY.17 OR AY.18 OR AY.19 OR AY.20 OR AY.20.1 OR AY.21 OR AY.22 OR AY.23 OR AY.23.1 OR AY.23.2 OR AY.24 OR AY.24.1 OR AY.25 OR AY.25.1 OR AY.25.1.1 OR AY.25.1.2 OR AY.25.2 OR AY.25.3 OR AY.26 OR AY.26.1 OR AY.27 OR AY.28 OR AY.29 OR AY.29.1 OR AY.29.2 OR AY.30 OR AY.31 OR AY.32 OR AY.33 OR AY.33.1 OR AY.33.2 OR AY.34 OR AY.34.1 OR AY.34.1.1 OR AY.34.2 OR AY.35 OR AY.36 OR AY.36.1 OR AY.37 OR AY.38 OR AY.39 OR AY.39.1 OR AY.39.1.1 OR AY.39.1.2 OR AY.39.1.3 OR AY.39.1.4 OR AY.39.2 OR AY.39.3 OR AY.40 OR AY.41 OR AY.42 OR AY.42.1 OR AY.43 OR AY.43.1 OR AY.43.2 OR AY.43.3 OR AY.43.4 OR AY.43.5 OR AY.43.6 OR AY.43.7 OR AY.43.8 OR AY.43.9 OR AY.44 OR AY.45 OR AY.46 OR AY.46.1 OR AY.46.2 OR AY.46.3 OR AY.46.4 OR AY.46.5 OR AY.46.6 OR AY.46.6.1 OR AY.47 OR AY.48 OR AY.49 OR AY.50 OR AY.51 OR AY.52 OR AY.53 OR AY.54 OR AY.55 OR AY.56 OR AY.57 OR AY.58 OR AY.59 OR AY.60 OR AY.61 OR AY.62 OR AY.63 OR AY.64 OR AY.65 OR AY.66 OR AY.67 OR AY.68 OR AY.69 OR AY.70 OR AY.71 OR AY.72 OR AY.73 OR AY.74 OR AY.75 OR AY.75.2 OR AY.75.3 OR AY.76 OR AY.77 OR AY.78 OR AY.79 OR AY.80 OR AY.81 OR AY.82 OR AY.83 OR AY.84 OR AY.85 OR AY.86 OR AY.87 OR AY.88 OR AY.90 OR AY.91 OR AY.91.1 OR AY.92 OR AY.93 OR AY.94 OR AY.95 OR AY.98 OR AY.98.1 OR AY.98.1.1 OR AY.99 OR AY.99.1 OR AY.99.2 OR AY.100 OR AY.101 OR AY.102 OR AY.102.1 OR AY.102.2 OR AY.103 OR AY.103.1 OR AY.103.2 OR AY.104 OR AY.105 OR AY.106 OR AY.107 OR AY.108 OR AY.109 OR AY.110 OR AY.111 OR AY.112 OR AY.112.1 OR AY.112.2 OR AY.112.3 OR AY.113 OR AY.114 OR AY.116 OR AY.116.1 OR AY.117 OR AY.118 OR AY.119 OR AY.119.1 OR AY.119.2 OR AY.120 OR AY.120.1 OR AY.120.2 OR AY.120.2.1 OR AY.121 OR AY.121.1 OR AY.122 OR AY.122.1 OR AY.122.2 OR AY.122.3 OR AY.122.4 OR AY.122.5 OR AY.122.6 OR AY.123 OR AY.123.1 OR AY.124 OR AY.124.1 OR AY.124.1.1 OR AY.125 OR AY.125.1 OR AY.126 OR AY.127 OR AY.127.1 OR AY.127.2 OR AY.127.3 OR AY.128 OR AY.129 OR AY.130 OR AY.131 OR AY.132 OR AY.133 OR AY.134 OR B.1.617.2,Delta,1.92857142857143,1.71428571428571,0.888888888888889
2021-10-19,1,1,1.66666666666667,1.5,0.9,0.333178245598791,0.999783091529969,AY.1 OR AY.2 OR AY.3 OR AY.3.1 OR AY.3.2 OR AY.3.3 OR AY.3.4 OR AY.4 OR AY.4.1 OR AY.4.2 OR AY.4.2.1 OR AY.4.2.2 OR AY.4.2.3 OR AY.4.2.4 OR AY.4.2.5 OR AY.4.3 OR AY.4.4 OR AY.4.5 OR AY.4.6 OR AY.4.7 OR AY.4.8 OR AY.4.9 OR AY.4.10 OR AY.4.11 OR AY.4.12 OR AY.4.13 OR AY.4.14 OR AY.4.15 OR AY.4.16 OR AY.4.17 OR AY.5 OR AY.5.1 OR AY.5.2 OR AY.5.3 OR AY.5.4 OR AY.5.5 OR AY.5.6 OR AY.5.7 OR AY.6 OR AY.7 OR AY.7.1 OR AY.7.2 OR AY.8 OR AY.9 OR AY.9.2 OR AY.9.2.1 OR AY.9.2.2 OR AY.10 OR AY.11 OR AY.13 OR AY.14 OR AY.15 OR AY.16 OR AY.16.1 OR AY.17 OR AY.18 OR AY.19 OR AY.20 OR AY.20.1 OR AY.21 OR AY.22 OR AY.23 OR AY.23.1 OR AY.23.2 OR AY.24 OR AY.24.1 OR AY.25 OR AY.25.1 OR AY.25.1.1 OR AY.25.1.2 OR AY.25.2 OR AY.25.3 OR AY.26 OR AY.26.1 OR AY.27 OR AY.28 OR AY.29 OR AY.29.1 OR AY.29.2 OR AY.30 OR AY.31 OR AY.32 OR AY.33 OR AY.33.1 OR AY.33.2 OR AY.34 OR AY.34.1 OR AY.34.1.1 OR AY.34.2 OR AY.35 OR AY.36 OR AY.36.1 OR AY.37 OR AY.38 OR AY.39 OR AY.39.1 OR AY.39.1.1 OR AY.39.1.2 OR AY.39.1.3 OR AY.39.1.4 OR AY.39.2 OR AY.39.3 OR AY.40 OR AY.41 OR AY.42 OR AY.42.1 OR AY.43 OR AY.43.1 OR AY.43.2 OR AY.43.3 OR AY.43.4 OR AY.43.5 OR AY.43.6 OR AY.43.7 OR AY.43.8 OR AY.43.9 OR AY.44 OR AY.45 OR AY.46 OR AY.46.1 OR AY.46.2 OR AY.46.3 OR AY.46.4 OR AY.46.5 OR AY.46.6 OR AY.46.6.1 OR AY.47 OR AY.48 OR AY.49 OR AY.50 OR AY.51 OR AY.52 OR AY.53 OR AY.54 OR AY.55 OR AY.56 OR AY.57 OR AY.58 OR AY.59 OR AY.60 OR AY.61 OR AY.62 OR AY.63 OR AY.64 OR AY.65 OR AY.66 OR AY.67 OR AY.68 OR AY.69 OR AY.70 OR AY.71 OR AY.72 OR AY.73 OR AY.74 OR AY.75 OR AY.75.2 OR AY.75.3 OR AY.76 OR AY.77 OR AY.78 OR AY.79 OR AY.80 OR AY.81 OR AY.82 OR AY.83 OR AY.84 OR AY.85 OR AY.86 OR AY.87 OR AY.88 OR AY.90 OR AY.91 OR AY.91.1 OR AY.92 OR AY.93 OR AY.94 OR AY.95 OR AY.98 OR AY.98.1 OR AY.98.1.1 OR AY.99 OR AY.99.1 OR AY.99.2 OR AY.100 OR AY.101 OR AY.102 OR AY.102.1 OR AY.102.2 OR AY.103 OR AY.103.1 OR AY.103.2 OR AY.104 OR AY.105 OR AY.106 OR AY.107 OR AY.108 OR AY.109 OR AY.110 OR AY.111 OR AY.112 OR AY.112.1 OR AY.112.2 OR AY.112.3 OR AY.113 OR AY.114 OR AY.116 OR AY.116.1 OR AY.117 OR AY.118 OR AY.119 OR AY.119.1 OR AY.119.2 OR AY.120 OR AY.120.1 OR AY.120.2 OR AY.120.2.1 OR AY.121 OR AY.121.1 OR AY.122 OR AY.122.1 OR AY.122.2 OR AY.122.3 OR AY.122.4 OR AY.122.5 OR AY.122.6 OR AY.123 OR AY.123.1 OR AY.124 OR AY.124.1 OR AY.124.1.1 OR AY.125 OR AY.125.1 OR AY.126 OR AY.127 OR AY.127.1 OR AY.127.2 OR AY.127.3 OR AY.128 OR AY.129 OR AY.130 OR AY.131 OR AY.132 OR AY.133 OR AY.134 OR B.1.617.2,Delta,1.78571428571429,1.57142857142857,0.88
2021-10-20,3,3,2,1.83333333333333,0.916666666666667,0.333178245598791,0.999783091529969,AY.1 OR AY.2 OR AY.3 OR AY.3.1 OR AY.3.2 OR AY.3.3 OR AY.3.4 OR AY.4 OR AY.4.1 OR AY.4.2 OR AY.4.2.1 OR AY.4.2.2 OR AY.4.2.3 OR AY.4.2.4 OR AY.4.2.5 OR AY.4.3 OR AY.4.4 OR AY.4.5 OR AY.4.6 OR AY.4.7 OR AY.4.8 OR AY.4.9 OR AY.4.10 OR AY.4.11 OR AY.4.12 OR AY.4.13 OR AY.4.14 OR AY.4.15 OR AY.4.16 OR AY.4.17 OR AY.5 OR AY.5.1 OR AY.5.2 OR AY.5.3 OR AY.5.4 OR AY.5.5 OR AY.5.6 OR AY.5.7 OR AY.6 OR AY.7 OR AY.7.1 OR AY.7.2 OR AY.8 OR AY.9 OR AY.9.2 OR AY.9.2.1 OR AY.9.2.2 OR AY.10 OR AY.11 OR AY.13 OR AY.14 OR AY.15 OR AY.16 OR AY.16.1 OR AY.17 OR AY.18 OR AY.19 OR AY.20 OR AY.20.1 OR AY.21 OR AY.22 OR AY.23 OR AY.23.1 OR AY.23.2 OR AY.24 OR AY.24.1 OR AY.25 OR AY.25.1 OR AY.25.1.1 OR AY.25.1.2 OR AY.25.2 OR AY.25.3 OR AY.26 OR AY.26.1 OR AY.27 OR AY.28 OR AY.29 OR AY.29.1 OR AY.29.2 OR AY.30 OR AY.31 OR AY.32 OR AY.33 OR AY.33.1 OR AY.33.2 OR AY.34 OR AY.34.1 OR AY.34.1.1 OR AY.34.2 OR AY.35 OR AY.36 OR AY.36.1 OR AY.37 OR AY.38 OR AY.39 OR AY.39.1 OR AY.39.1.1 OR AY.39.1.2 OR AY.39.1.3 OR AY.39.1.4 OR AY.39.2 OR AY.39.3 OR AY.40 OR AY.41 OR AY.42 OR AY.42.1 OR AY.43 OR AY.43.1 OR AY.43.2 OR AY.43.3 OR AY.43.4 OR AY.43.5 OR AY.43.6 OR AY.43.7 OR AY.43.8 OR AY.43.9 OR AY.44 OR AY.45 OR AY.46 OR AY.46.1 OR AY.46.2 OR AY.46.3 OR AY.46.4 OR AY.46.5 OR AY.46.6 OR AY.46.6.1 OR AY.47 OR AY.48 OR AY.49 OR AY.50 OR AY.51 OR AY.52 OR AY.53 OR AY.54 OR AY.55 OR AY.56 OR AY.57 OR AY.58 OR AY.59 OR AY.60 OR AY.61 OR AY.62 OR AY.63 OR AY.64 OR AY.65 OR AY.66 OR AY.67 OR AY.68 OR AY.69 OR AY.70 OR AY.71 OR AY.72 OR AY.73 OR AY.74 OR AY.75 OR AY.75.2 OR AY.75.3 OR AY.76 OR AY.77 OR AY.78 OR AY.79 OR AY.80 OR AY.81 OR AY.82 OR AY.83 OR AY.84 OR AY.85 OR AY.86 OR AY.87 OR AY.88 OR AY.90 OR AY.91 OR AY.91.1 OR AY.92 OR AY.93 OR AY.94 OR AY.95 OR AY.98 OR AY.98.1 OR AY.98.1.1 OR AY.99 OR AY.99.1 OR AY.99.2 OR AY.100 OR AY.101 OR AY.102 OR AY.102.1 OR AY.102.2 OR AY.103 OR AY.103.1 OR AY.103.2 OR AY.104 OR AY.105 OR AY.106 OR AY.107 OR AY.108 OR AY.109 OR AY.110 OR AY.111 OR AY.112 OR AY.112.1 OR AY.112.2 OR AY.112.3 OR AY.113 OR AY.114 OR AY.116 OR AY.116.1 OR AY.117 OR AY.118 OR AY.119 OR AY.119.1 OR AY.119.2 OR AY.120 OR AY.120.1 OR AY.120.2 OR AY.120.2.1 OR AY.121 OR AY.121.1 OR AY.122 OR AY.122.1 OR AY.122.2 OR AY.122.3 OR AY.122.4 OR AY.122.5 OR AY.122.6 OR AY.123 OR AY.123.1 OR AY.124 OR AY.124.1 OR AY.124.1.1 OR AY.125 OR AY.125.1 OR AY.126 OR AY.127 OR AY.127.1 OR AY.127.2 OR AY.127.3 OR AY.128 OR AY.129 OR AY.130 OR AY.131 OR AY.132 OR AY.133 OR AY.134 OR B.1.617.2,Delta,1.92857142857143,1.71428571428571,0.888888888888889
2021-10-21,1,1,1.66666666666667,1.5,0.9,0.333178245598791,0.999783091529969,AY.1 OR AY.2 OR AY.3 OR AY.3.1 OR AY.3.2 OR AY.3.3 OR AY.3.4 OR AY.4 OR AY.4.1 OR AY.4.2 OR AY.4.2.1 OR AY.4.2.2 OR AY.4.2.3 OR AY.4.2.4 OR AY.4.2.5 OR AY.4.3 OR AY.4.4 OR AY.4.5 OR AY.4.6 OR AY.4.7 OR AY.4.8 OR AY.4.9 OR AY.4.10 OR AY.4.11 OR AY.4.12 OR AY.4.13 OR AY.4.14 OR AY.4.15 OR AY.4.16 OR AY.4.17 OR AY.5 OR AY.5.1 OR AY.5.2 OR AY.5.3 OR AY.5.4 OR AY.5.5 OR AY.5.6 OR AY.5.7 OR AY.6 OR AY.7 OR AY.7.1 OR AY.7.2 OR AY.8 OR AY.9 OR AY.9.2 OR AY.9.2.1 OR AY.9.2.2 OR AY.10 OR AY.11 OR AY.13 OR AY.14 OR AY.15 OR AY.16 OR AY.16.1 OR AY.17 OR AY.18 OR AY.19 OR AY.20 OR AY.20.1 OR AY.21 OR AY.22 OR AY.23 OR AY.23.1 OR AY.23.2 OR AY.24 OR AY.24.1 OR AY.25 OR AY.25.1 OR AY.25.1.1 OR AY.25.1.2 OR AY.25.2 OR AY.25.3 OR AY.26 OR AY.26.1 OR AY.27 OR AY.28 OR AY.29 OR AY.29.1 OR AY.29.2 OR AY.30 OR AY.31 OR AY.32 OR AY.33 OR AY.33.1 OR AY.33.2 OR AY.34 OR AY.34.1 OR AY.34.1.1 OR AY.34.2 OR AY.35 OR AY.36 OR AY.36.1 OR AY.37 OR AY.38 OR AY.39 OR AY.39.1 OR AY.39.1.1 OR AY.39.1.2 OR AY.39.1.3 OR AY.39.1.4 OR AY.39.2 OR AY.39.3 OR AY.40 OR AY.41 OR AY.42 OR AY.42.1 OR AY.43 OR AY.43.1 OR AY.43.2 OR AY.43.3 OR AY.43.4 OR AY.43.5 OR AY.43.6 OR AY.43.7 OR AY.43.8 OR AY.43.9 OR AY.44 OR AY.45 OR AY.46 OR AY.46.1 OR AY.46.2 OR AY.46.3 OR AY.46.4 OR AY.46.5 OR AY.46.6 OR AY.46.6.1 OR AY.47 OR AY.48 OR AY.49 OR AY.50 OR AY.51 OR AY.52 OR AY.53 OR AY.54 OR AY.55 OR AY.56 OR AY.57 OR AY.58 OR AY.59 OR AY.60 OR AY.61 OR AY.62 OR AY.63 OR AY.64 OR AY.65 OR AY.66 OR AY.67 OR AY.68 OR AY.69 OR AY.70 OR AY.71 OR AY.72 OR AY.73 OR AY.74 OR AY.75 OR AY.75.2 OR AY.75.3 OR AY.76 OR AY.77 OR AY.78 OR AY.79 OR AY.80 OR AY.81 OR AY.82 OR AY.83 OR AY.84 OR AY.85 OR AY.86 OR AY.87 OR AY.88 OR AY.90 OR AY.91 OR AY.91.1 OR AY.92 OR AY.93 OR AY.94 OR AY.95 OR AY.98 OR AY.98.1 OR AY.98.1.1 OR AY.99 OR AY.99.1 OR AY.99.2 OR AY.100 OR AY.101 OR AY.102 OR AY.102.1 OR AY.102.2 OR AY.103 OR AY.103.1 OR AY.103.2 OR AY.104 OR AY.105 OR AY.106 OR AY.107 OR AY.108 OR AY.109 OR AY.110 OR AY.111 OR AY.112 OR AY.112.1 OR AY.112.2 OR AY.112.3 OR AY.113 OR AY.114 OR AY.116 OR AY.116.1 OR AY.117 OR AY.118 OR AY.119 OR AY.119.1 OR AY.119.2 OR AY.120 OR AY.120.1 OR AY.120.2 OR AY.120.2.1 OR AY.121 OR AY.121.1 OR AY.122 OR AY.122.1 OR AY.122.2 OR AY.122.3 OR AY.122.4 OR AY.122.5 OR AY.122.6 OR AY.123 OR AY.123.1 OR AY.124 OR AY.124.1 OR AY.124.1.1 OR AY.125 OR AY.125.1 OR AY.126 OR AY.127 OR AY.127.1 OR AY.127.2 OR AY.127.3 OR AY.128 OR AY.129 OR AY.130 OR AY.131 OR AY.132 OR AY.133 OR AY.134 OR B.1.617.2,Delta,1.57142857142857,1.35714285714286,0.863636363636364
2021-10-22,6,6,2.33333333333333,2.16666666666667,0.928571428571428,0.333178245598791,0.999783091529969,AY.1 OR AY.2 OR AY.3 OR AY.3.1 OR AY.3.2 OR AY.3.3 OR AY.3.4 OR AY.4 OR AY.4.1 OR AY.4.2 OR AY.4.2.1 OR AY.4.2.2 OR AY.4.2.3 OR AY.4.2.4 OR AY.4.2.5 OR AY.4.3 OR AY.4.4 OR AY.4.5 OR AY.4.6 OR AY.4.7 OR AY.4.8 OR AY.4.9 OR AY.4.10 OR AY.4.11 OR AY.4.12 OR AY.4.13 OR AY.4.14 OR AY.4.15 OR AY.4.16 OR AY.4.17 OR AY.5 OR AY.5.1 OR AY.5.2 OR AY.5.3 OR AY.5.4 OR AY.5.5 OR AY.5.6 OR AY.5.7 OR AY.6 OR AY.7 OR AY.7.1 OR AY.7.2 OR AY.8 OR AY.9 OR AY.9.2 OR AY.9.2.1 OR AY.9.2.2 OR AY.10 OR AY.11 OR AY.13 OR AY.14 OR AY.15 OR AY.16 OR AY.16.1 OR AY.17 OR AY.18 OR AY.19 OR AY.20 OR AY.20.1 OR AY.21 OR AY.22 OR AY.23 OR AY.23.1 OR AY.23.2 OR AY.24 OR AY.24.1 OR AY.25 OR AY.25.1 OR AY.25.1.1 OR AY.25.1.2 OR AY.25.2 OR AY.25.3 OR AY.26 OR AY.26.1 OR AY.27 OR AY.28 OR AY.29 OR AY.29.1 OR AY.29.2 OR AY.30 OR AY.31 OR AY.32 OR AY.33 OR AY.33.1 OR AY.33.2 OR AY.34 OR AY.34.1 OR AY.34.1.1 OR AY.34.2 OR AY.35 OR AY.36 OR AY.36.1 OR AY.37 OR AY.38 OR AY.39 OR AY.39.1 OR AY.39.1.1 OR AY.39.1.2 OR AY.39.1.3 OR AY.39.1.4 OR AY.39.2 OR AY.39.3 OR AY.40 OR AY.41 OR AY.42 OR AY.42.1 OR AY.43 OR AY.43.1 OR AY.43.2 OR AY.43.3 OR AY.43.4 OR AY.43.5 OR AY.43.6 OR AY.43.7 OR AY.43.8 OR AY.43.9 OR AY.44 OR AY.45 OR AY.46 OR AY.46.1 OR AY.46.2 OR AY.46.3 OR AY.46.4 OR AY.46.5 OR AY.46.6 OR AY.46.6.1 OR AY.47 OR AY.48 OR AY.49 OR AY.50 OR AY.51 OR AY.52 OR AY.53 OR AY.54 OR AY.55 OR AY.56 OR AY.57 OR AY.58 OR AY.59 OR AY.60 OR AY.61 OR AY.62 OR AY.63 OR AY.64 OR AY.65 OR AY.66 OR AY.67 OR AY.68 OR AY.69 OR AY.70 OR AY.71 OR AY.72 OR AY.73 OR AY.74 OR AY.75 OR AY.75.2 OR AY.75.3 OR AY.76 OR AY.77 OR AY.78 OR AY.79 OR AY.80 OR AY.81 OR AY.82 OR AY.83 OR AY.84 OR AY.85 OR AY.86 OR AY.87 OR AY.88 OR AY.90 OR AY.91 OR AY.91.1 OR AY.92 OR AY.93 OR AY.94 OR AY.95 OR AY.98 OR AY.98.1 OR AY.98.1.1 OR AY.99 OR AY.99.1 OR AY.99.2 OR AY.100 OR AY.101 OR AY.102 OR AY.102.1 OR AY.102.2 OR AY.103 OR AY.103.1 OR AY.103.2 OR AY.104 OR AY.105 OR AY.106 OR AY.107 OR AY.108 OR AY.109 OR AY.110 OR AY.111 OR AY.112 OR AY.112.1 OR AY.112.2 OR AY.112.3 OR AY.113 OR AY.114 OR AY.116 OR AY.116.1 OR AY.117 OR AY.118 OR AY.119 OR AY.119.1 OR AY.119.2 OR AY.120 OR AY.120.1 OR AY.120.2 OR AY.120.2.1 OR AY.121 OR AY.121.1 OR AY.122 OR AY.122.1 OR AY.122.2 OR AY.122.3 OR AY.122.4 OR AY.122.5 OR AY.122.6 OR AY.123 OR AY.123.1 OR AY.124 OR AY.124.1 OR AY.124.1.1 OR AY.125 OR AY.125.1 OR AY.126 OR AY.127 OR AY.127.1 OR AY.127.2 OR AY.127.3 OR AY.128 OR AY.129 OR AY.130 OR AY.131 OR AY.132 OR AY.133 OR AY.134 OR B.1.617.2,Delta,1.92857142857143,1.71428571428571,0.888888888888889
2021-10-23,1,1,2.14285714285714,2,0.933333333333333,0.333178245598791,0.999783091529969,AY.1 OR AY.2 OR AY.3 OR AY.3.1 OR AY.3.2 OR AY.3.3 OR AY.3.4 OR AY.4 OR AY.4.1 OR AY.4.2 OR AY.4.2.1 OR AY.4.2.2 OR AY.4.2.3 OR AY.4.2.4 OR AY.4.2.5 OR AY.4.3 OR AY.4.4 OR AY.4.5 OR AY.4.6 OR AY.4.7 OR AY.4.8 OR AY.4.9 OR AY.4.10 OR AY.4.11 OR AY.4.12 OR AY.4.13 OR AY.4.14 OR AY.4.15 OR AY.4.16 OR AY.4.17 OR AY.5 OR AY.5.1 OR AY.5.2 OR AY.5.3 OR AY.5.4 OR AY.5.5 OR AY.5.6 OR AY.5.7 OR AY.6 OR AY.7 OR AY.7.1 OR AY.7.2 OR AY.8 OR AY.9 OR AY.9.2 OR AY.9.2.1 OR AY.9.2.2 OR AY.10 OR AY.11 OR AY.13 OR AY.14 OR AY.15 OR AY.16 OR AY.16.1 OR AY.17 OR AY.18 OR AY.19 OR AY.20 OR AY.20.1 OR AY.21 OR AY.22 OR AY.23 OR AY.23.1 OR AY.23.2 OR AY.24 OR AY.24.1 OR AY.25 OR AY.25.1 OR AY.25.1.1 OR AY.25.1.2 OR AY.25.2 OR AY.25.3 OR AY.26 OR AY.26.1 OR AY.27 OR AY.28 OR AY.29 OR AY.29.1 OR AY.29.2 OR AY.30 OR AY.31 OR AY.32 OR AY.33 OR AY.33.1 OR AY.33.2 OR AY.34 OR AY.34.1 OR AY.34.1.1 OR AY.34.2 OR AY.35 OR AY.36 OR AY.36.1 OR AY.37 OR AY.38 OR AY.39 OR AY.39.1 OR AY.39.1.1 OR AY.39.1.2 OR AY.39.1.3 OR AY.39.1.4 OR AY.39.2 OR AY.39.3 OR AY.40 OR AY.41 OR AY.42 OR AY.42.1 OR AY.43 OR AY.43.1 OR AY.43.2 OR AY.43.3 OR AY.43.4 OR AY.43.5 OR AY.43.6 OR AY.43.7 OR AY.43.8 OR AY.43.9 OR AY.44 OR AY.45 OR AY.46 OR AY.46.1 OR AY.46.2 OR AY.46.3 OR AY.46.4 OR AY.46.5 OR AY.46.6 OR AY.46.6.1 OR AY.47 OR AY.48 OR AY.49 OR AY.50 OR AY.51 OR AY.52 OR AY.53 OR AY.54 OR AY.55 OR AY.56 OR AY.57 OR AY.58 OR AY.59 OR AY.60 OR AY.61 OR AY.62 OR AY.63 OR AY.64 OR AY.65 OR AY.66 OR AY.67 OR AY.68 OR AY.69 OR AY.70 OR AY.71 OR AY.72 OR AY.73 OR AY.74 OR AY.75 OR AY.75.2 OR AY.75.3 OR AY.76 OR AY.77 OR AY.78 OR AY.79 OR AY.80 OR AY.81 OR AY.82 OR AY.83 OR AY.84 OR AY.85 OR AY.86 OR AY.87 OR AY.88 OR AY.90 OR AY.91 OR AY.91.1 OR AY.92 OR AY.93 OR AY.94 OR AY.95 OR AY.98 OR AY.98.1 OR AY.98.1.1 OR AY.99 OR AY.99.1 OR AY.99.2 OR AY.100 OR AY.101 OR AY.102 OR AY.102.1 OR AY.102.2 OR AY.103 OR AY.103.1 OR AY.103.2 OR AY.104 OR AY.105 OR AY.106 OR AY.107 OR AY.108 OR AY.109 OR AY.110 OR AY.111 OR AY.112 OR AY.112.1 OR AY.112.2 OR AY.112.3 OR AY.113 OR AY.114 OR AY.116 OR AY.116.1 OR AY.117 OR AY.118 OR AY.119 OR AY.119.1 OR AY.119.2 OR AY.120 OR AY.120.1 OR AY.120.2 OR AY.120.2.1 OR AY.121 OR AY.121.1 OR AY.122 OR AY.122.1 OR AY.122.2 OR AY.122.3 OR AY.122.4 OR AY.122.5 OR AY.122.6 OR AY.123 OR AY.123.1 OR AY.124 OR AY.124.1 OR AY.124.1.1 OR AY.125 OR AY.125.1 OR AY.126 OR AY.127 OR AY.127.1 OR AY.127.2 OR AY.127.3 OR AY.128 OR AY.129 OR AY.130 OR AY.131 OR AY.132 OR AY.133 OR AY.134 OR B.1.617.2,Delta,1.92857142857143,1.78571428571429,0.925925925925926
2021-10-24,2,1,2.28571428571429,2.14285714285714,0.9375,0.333178245598791,0.999783091529969,AY.1 OR AY.2 OR AY.3 OR AY.3.1 OR AY.3.2 OR AY.3.3 OR AY.3.4 OR AY.4 OR AY.4.1 OR AY.4.2 OR AY.4.2.1 OR AY.4.2.2 OR AY.4.2.3 OR AY.4.2.4 OR AY.4.2.5 OR AY.4.3 OR AY.4.4 OR AY.4.5 OR AY.4.6 OR AY.4.7 OR AY.4.8 OR AY.4.9 OR AY.4.10 OR AY.4.11 OR AY.4.12 OR AY.4.13 OR AY.4.14 OR AY.4.15 OR AY.4.16 OR AY.4.17 OR AY.5 OR AY.5.1 OR AY.5.2 OR AY.5.3 OR AY.5.4 OR AY.5.5 OR AY.5.6 OR AY.5.7 OR AY.6 OR AY.7 OR AY.7.1 OR AY.7.2 OR AY.8 OR AY.9 OR AY.9.2 OR AY.9.2.1 OR AY.9.2.2 OR AY.10 OR AY.11 OR AY.13 OR AY.14 OR AY.15 OR AY.16 OR AY.16.1 OR AY.17 OR AY.18 OR AY.19 OR AY.20 OR AY.20.1 OR AY.21 OR AY.22 OR AY.23 OR AY.23.1 OR AY.23.2 OR AY.24 OR AY.24.1 OR AY.25 OR AY.25.1 OR AY.25.1.1 OR AY.25.1.2 OR AY.25.2 OR AY.25.3 OR AY.26 OR AY.26.1 OR AY.27 OR AY.28 OR AY.29 OR AY.29.1 OR AY.29.2 OR AY.30 OR AY.31 OR AY.32 OR AY.33 OR AY.33.1 OR AY.33.2 OR AY.34 OR AY.34.1 OR AY.34.1.1 OR AY.34.2 OR AY.35 OR AY.36 OR AY.36.1 OR AY.37 OR AY.38 OR AY.39 OR AY.39.1 OR AY.39.1.1 OR AY.39.1.2 OR AY.39.1.3 OR AY.39.1.4 OR AY.39.2 OR AY.39.3 OR AY.40 OR AY.41 OR AY.42 OR AY.42.1 OR AY.43 OR AY.43.1 OR AY.43.2 OR AY.43.3 OR AY.43.4 OR AY.43.5 OR AY.43.6 OR AY.43.7 OR AY.43.8 OR AY.43.9 OR AY.44 OR AY.45 OR AY.46 OR AY.46.1 OR AY.46.2 OR AY.46.3 OR AY.46.4 OR AY.46.5 OR AY.46.6 OR AY.46.6.1 OR AY.47 OR AY.48 OR AY.49 OR AY.50 OR AY.51 OR AY.52 OR AY.53 OR AY.54 OR AY.55 OR AY.56 OR AY.57 OR AY.58 OR AY.59 OR AY.60 OR AY.61 OR AY.62 OR AY.63 OR AY.64 OR AY.65 OR AY.66 OR AY.67 OR AY.68 OR AY.69 OR AY.70 OR AY.71 OR AY.72 OR AY.73 OR AY.74 OR AY.75 OR AY.75.2 OR AY.75.3 OR AY.76 OR AY.77 OR AY.78 OR AY.79 OR AY.80 OR AY.81 OR AY.82 OR AY.83 OR AY.84 OR AY.85 OR AY.86 OR AY.87 OR AY.88 OR AY.90 OR AY.91 OR AY.91.1 OR AY.92 OR AY.93 OR AY.94 OR AY.95 OR AY.98 OR AY.98.1 OR AY.98.1.1 OR AY.99 OR AY.99.1 OR AY.99.2 OR AY.100 OR AY.101 OR AY.102 OR AY.102.1 OR AY.102.2 OR AY.103 OR AY.103.1 OR AY.103.2 OR AY.104 OR AY.105 OR AY.106 OR AY.107 OR AY.108 OR AY.109 OR AY.110 OR AY.111 OR AY.112 OR AY.112.1 OR AY.112.2 OR AY.112.3 OR AY.113 OR AY.114 OR AY.116 OR AY.116.1 OR AY.117 OR AY.118 OR AY.119 OR AY.119.1 OR AY.119.2 OR AY.120 OR AY.120.1 OR AY.120.2 OR AY.120.2.1 OR AY.121 OR AY.121.1 OR AY.122 OR AY.122.1 OR AY.122.2 OR AY.122.3 OR AY.122.4 OR AY.122.5 OR AY.122.6 OR AY.123 OR AY.123.1 OR AY.124 OR AY.124.1 OR AY.124.1.1 OR AY.125 OR AY.125.1 OR AY.126 OR AY.127 OR AY.127.1 OR AY.127.2 OR AY.127.3 OR AY.128 OR AY.129 OR AY.130 OR AY.131 OR AY.132 OR AY.133 OR AY.134 OR B.1.617.2,Delta,1.92857142857143,1.71428571428571,0.888888888888889
2021-10-25,3,3,2.42857142857143,2.28571428571429,0.941176470588235,0.333178245598791,0.999783091529969,AY.1 OR AY.2 OR AY.3 OR AY.3.1 OR AY.3.2 OR AY.3.3 OR AY.3.4 OR AY.4 OR AY.4.1 OR AY.4.2 OR AY.4.2.1 OR AY.4.2.2 OR AY.4.2.3 OR AY.4.2.4 OR AY.4.2.5 OR AY.4.3 OR AY.4.4 OR AY.4.5 OR AY.4.6 OR AY.4.7 OR AY.4.8 OR AY.4.9 OR AY.4.10 OR AY.4.11 OR AY.4.12 OR AY.4.13 OR AY.4.14 OR AY.4.15 OR AY.4.16 OR AY.4.17 OR AY.5 OR AY.5.1 OR AY.5.2 OR AY.5.3 OR AY.5.4 OR AY.5.5 OR AY.5.6 OR AY.5.7 OR AY.6 OR AY.7 OR AY.7.1 OR AY.7.2 OR AY.8 OR AY.9 OR AY.9.2 OR AY.9.2.1 OR AY.9.2.2 OR AY.10 OR AY.11 OR AY.13 OR AY.14 OR AY.15 OR AY.16 OR AY.16.1 OR AY.17 OR AY.18 OR AY.19 OR AY.20 OR AY.20.1 OR AY.21 OR AY.22 OR AY.23 OR AY.23.1 OR AY.23.2 OR AY.24 OR AY.24.1 OR AY.25 OR AY.25.1 OR AY.25.1.1 OR AY.25.1.2 OR AY.25.2 OR AY.25.3 OR AY.26 OR AY.26.1 OR AY.27 OR AY.28 OR AY.29 OR AY.29.1 OR AY.29.2 OR AY.30 OR AY.31 OR AY.32 OR AY.33 OR AY.33.1 OR AY.33.2 OR AY.34 OR AY.34.1 OR AY.34.1.1 OR AY.34.2 OR AY.35 OR AY.36 OR AY.36.1 OR AY.37 OR AY.38 OR AY.39 OR AY.39.1 OR AY.39.1.1 OR AY.39.1.2 OR AY.39.1.3 OR AY.39.1.4 OR AY.39.2 OR AY.39.3 OR AY.40 OR AY.41 OR AY.42 OR AY.42.1 OR AY.43 OR AY.43.1 OR AY.43.2 OR AY.43.3 OR AY.43.4 OR AY.43.5 OR AY.43.6 OR AY.43.7 OR AY.43.8 OR AY.43.9 OR AY.44 OR AY.45 OR AY.46 OR AY.46.1 OR AY.46.2 OR AY.46.3 OR AY.46.4 OR AY.46.5 OR AY.46.6 OR AY.46.6.1 OR AY.47 OR AY.48 OR AY.49 OR AY.50 OR AY.51 OR AY.52 OR AY.53 OR AY.54 OR AY.55 OR AY.56 OR AY.57 OR AY.58 OR AY.59 OR AY.60 OR AY.61 OR AY.62 OR AY.63 OR AY.64 OR AY.65 OR AY.66 OR AY.67 OR AY.68 OR AY.69 OR AY.70 OR AY.71 OR AY.72 OR AY.73 OR AY.74 OR AY.75 OR AY.75.2 OR AY.75.3 OR AY.76 OR AY.77 OR AY.78 OR AY.79 OR AY.80 OR AY.81 OR AY.82 OR AY.83 OR AY.84 OR AY.85 OR AY.86 OR AY.87 OR AY.88 OR AY.90 OR AY.91 OR AY.91.1 OR AY.92 OR AY.93 OR AY.94 OR AY.95 OR AY.98 OR AY.98.1 OR AY.98.1.1 OR AY.99 OR AY.99.1 OR AY.99.2 OR AY.100 OR AY.101 OR AY.102 OR AY.102.1 OR AY.102.2 OR AY.103 OR AY.103.1 OR AY.103.2 OR AY.104 OR AY.105 OR AY.106 OR AY.107 OR AY.108 OR AY.109 OR AY.110 OR AY.111 OR AY.112 OR AY.112.1 OR AY.112.2 OR AY.112.3 OR AY.113 OR AY.114 OR AY.116 OR AY.116.1 OR AY.117 OR AY.118 OR AY.119 OR AY.119.1 OR AY.119.2 OR AY.120 OR AY.120.1 OR AY.120.2 OR AY.120.2.1 OR AY.121 OR AY.121.1 OR AY.122 OR AY.122.1 OR AY.122.2 OR AY.122.3 OR AY.122.4 OR AY.122.5 OR AY.122.6 OR AY.123 OR AY.123.1 OR AY.124 OR AY.124.1 OR AY.124.1.1 OR AY.125 OR AY.125.1 OR AY.126 OR AY.127 OR AY.127.1 OR AY.127.2 OR AY.127.3 OR AY.128 OR AY.129 OR AY.130 OR AY.131 OR AY.132 OR AY.133 OR AY.134 OR B.1.617.2,Delta,2.07142857142857,1.92857142857143,0.931034482758621
2021-10-26,8,7,3.42857142857143,3.14285714285714,0.916666666666667,0.46441675695705,0.999849363974563,AY.1 OR AY.2 OR AY.3 OR AY.3.1 OR AY.3.2 OR AY.3.3 OR AY.3.4 OR AY.4 OR AY.4.1 OR AY.4.2 OR AY.4.2.1 OR AY.4.2.2 OR AY.4.2.3 OR AY.4.2.4 OR AY.4.2.5 OR AY.4.3 OR AY.4.4 OR AY.4.5 OR AY.4.6 OR AY.4.7 OR AY.4.8 OR AY.4.9 OR AY.4.10 OR AY.4.11 OR AY.4.12 OR AY.4.13 OR AY.4.14 OR AY.4.15 OR AY.4.16 OR AY.4.17 OR AY.5 OR AY.5.1 OR AY.5.2 OR AY.5.3 OR AY.5.4 OR AY.5.5 OR AY.5.6 OR AY.5.7 OR AY.6 OR AY.7 OR AY.7.1 OR AY.7.2 OR AY.8 OR AY.9 OR AY.9.2 OR AY.9.2.1 OR AY.9.2.2 OR AY.10 OR AY.11 OR AY.13 OR AY.14 OR AY.15 OR AY.16 OR AY.16.1 OR AY.17 OR AY.18 OR AY.19 OR AY.20 OR AY.20.1 OR AY.21 OR AY.22 OR AY.23 OR AY.23.1 OR AY.23.2 OR AY.24 OR AY.24.1 OR AY.25 OR AY.25.1 OR AY.25.1.1 OR AY.25.1.2 OR AY.25.2 OR AY.25.3 OR AY.26 OR AY.26.1 OR AY.27 OR AY.28 OR AY.29 OR AY.29.1 OR AY.29.2 OR AY.30 OR AY.31 OR AY.32 OR AY.33 OR AY.33.1 OR AY.33.2 OR AY.34 OR AY.34.1 OR AY.34.1.1 OR AY.34.2 OR AY.35 OR AY.36 OR AY.36.1 OR AY.37 OR AY.38 OR AY.39 OR AY.39.1 OR AY.39.1.1 OR AY.39.1.2 OR AY.39.1.3 OR AY.39.1.4 OR AY.39.2 OR AY.39.3 OR AY.40 OR AY.41 OR AY.42 OR AY.42.1 OR AY.43 OR AY.43.1 OR AY.43.2 OR AY.43.3 OR AY.43.4 OR AY.43.5 OR AY.43.6 OR AY.43.7 OR AY.43.8 OR AY.43.9 OR AY.44 OR AY.45 OR AY.46 OR AY.46.1 OR AY.46.2 OR AY.46.3 OR AY.46.4 OR AY.46.5 OR AY.46.6 OR AY.46.6.1 OR AY.47 OR AY.48 OR AY.49 OR AY.50 OR AY.51 OR AY.52 OR AY.53 OR AY.54 OR AY.55 OR AY.56 OR AY.57 OR AY.58 OR AY.59 OR AY.60 OR AY.61 OR AY.62 OR AY.63 OR AY.64 OR AY.65 OR AY.66 OR AY.67 OR AY.68 OR AY.69 OR AY.70 OR AY.71 OR AY.72 OR AY.73 OR AY.74 OR AY.75 OR AY.75.2 OR AY.75.3 OR AY.76 OR AY.77 OR AY.78 OR AY.79 OR AY.80 OR AY.81 OR AY.82 OR AY.83 OR AY.84 OR AY.85 OR AY.86 OR AY.87 OR AY.88 OR AY.90 OR AY.91 OR AY.91.1 OR AY.92 OR AY.93 OR AY.94 OR AY.95 OR AY.98 OR AY.98.1 OR AY.98.1.1 OR AY.99 OR AY.99.1 OR AY.99.2 OR AY.100 OR AY.101 OR AY.102 OR AY.102.1 OR AY.102.2 OR AY.103 OR AY.103.1 OR AY.103.2 OR AY.104 OR AY.105 OR AY.106 OR AY.107 OR AY.108 OR AY.109 OR AY.110 OR AY.111 OR AY.112 OR AY.112.1 OR AY.112.2 OR AY.112.3 OR AY.113 OR AY.114 OR AY.116 OR AY.116.1 OR AY.117 OR AY.118 OR AY.119 OR AY.119.1 OR AY.119.2 OR AY.120 OR AY.120.1 OR AY.120.2 OR AY.120.2.1 OR AY.121 OR AY.121.1 OR AY.122 OR AY.122.1 OR AY.122.2 OR AY.122.3 OR AY.122.4 OR AY.122.5 OR AY.122.6 OR AY.123 OR AY.123.1 OR AY.124 OR AY.124.1 OR AY.124.1.1 OR AY.125 OR AY.125.1 OR AY.126 OR AY.127 OR AY.127.1 OR AY.127.2 OR AY.127.3 OR AY.128 OR AY.129 OR AY.130 OR AY.131 OR AY.132 OR AY.133 OR AY.134 OR B.1.617.2,Delta,2.57142857142857,2.35714285714286,0.916666666666667
2021-10-27,4,3,3.57142857142857,3.14285714285714,0.88,0.283751679563413,0.971529104912853,AY.1 OR AY.2 OR AY.3 OR AY.3.1 OR AY.3.2 OR AY.3.3 OR AY.3.4 OR AY.4 OR AY.4.1 OR AY.4.2 OR AY.4.2.1 OR AY.4.2.2 OR AY.4.2.3 OR AY.4.2.4 OR AY.4.2.5 OR AY.4.3 OR AY.4.4 OR AY.4.5 OR AY.4.6 OR AY.4.7 OR AY.4.8 OR AY.4.9 OR AY.4.10 OR AY.4.11 OR AY.4.12 OR AY.4.13 OR AY.4.14 OR AY.4.15 OR AY.4.16 OR AY.4.17 OR AY.5 OR AY.5.1 OR AY.5.2 OR AY.5.3 OR AY.5.4 OR AY.5.5 OR AY.5.6 OR AY.5.7 OR AY.6 OR AY.7 OR AY.7.1 OR AY.7.2 OR AY.8 OR AY.9 OR AY.9.2 OR AY.9.2.1 OR AY.9.2.2 OR AY.10 OR AY.11 OR AY.13 OR AY.14 OR AY.15 OR AY.16 OR AY.16.1 OR AY.17 OR AY.18 OR AY.19 OR AY.20 OR AY.20.1 OR AY.21 OR AY.22 OR AY.23 OR AY.23.1 OR AY.23.2 OR AY.24 OR AY.24.1 OR AY.25 OR AY.25.1 OR AY.25.1.1 OR AY.25.1.2 OR AY.25.2 OR AY.25.3 OR AY.26 OR AY.26.1 OR AY.27 OR AY.28 OR AY.29 OR AY.29.1 OR AY.29.2 OR AY.30 OR AY.31 OR AY.32 OR AY.33 OR AY.33.1 OR AY.33.2 OR AY.34 OR AY.34.1 OR AY.34.1.1 OR AY.34.2 OR AY.35 OR AY.36 OR AY.36.1 OR AY.37 OR AY.38 OR AY.39 OR AY.39.1 OR AY.39.1.1 OR AY.39.1.2 OR AY.39.1.3 OR AY.39.1.4 OR AY.39.2 OR AY.39.3 OR AY.40 OR AY.41 OR AY.42 OR AY.42.1 OR AY.43 OR AY.43.1 OR AY.43.2 OR AY.43.3 OR AY.43.4 OR AY.43.5 OR AY.43.6 OR AY.43.7 OR AY.43.8 OR AY.43.9 OR AY.44 OR AY.45 OR AY.46 OR AY.46.1 OR AY.46.2 OR AY.46.3 OR AY.46.4 OR AY.46.5 OR AY.46.6 OR AY.46.6.1 OR AY.47 OR AY.48 OR AY.49 OR AY.50 OR AY.51 OR AY.52 OR AY.53 OR AY.54 OR AY.55 OR AY.56 OR AY.57 OR AY.58 OR AY.59 OR AY.60 OR AY.61 OR AY.62 OR AY.63 OR AY.64 OR AY.65 OR AY.66 OR AY.67 OR AY.68 OR AY.69 OR AY.70 OR AY.71 OR AY.72 OR AY.73 OR AY.74 OR AY.75 OR AY.75.2 OR AY.75.3 OR AY.76 OR AY.77 OR AY.78 OR AY.79 OR AY.80 OR AY.81 OR AY.82 OR AY.83 OR AY.84 OR AY.85 OR AY.86 OR AY.87 OR AY.88 OR AY.90 OR AY.91 OR AY.91.1 OR AY.92 OR AY.93 OR AY.94 OR AY.95 OR AY.98 OR AY.98.1 OR AY.98.1.1 OR AY.99 OR AY.99.1 OR AY.99.2 OR AY.100 OR AY.101 OR AY.102 OR AY.102.1 OR AY.102.2 OR AY.103 OR AY.103.1 OR AY.103.2 OR AY.104 OR AY.105 OR AY.106 OR AY.107 OR AY.108 OR AY.109 OR AY.110 OR AY.111 OR AY.112 OR AY.112.1 OR AY.112.2 OR AY.112.3 OR AY.113 OR AY.114 OR AY.116 OR AY.116.1 OR AY.117 OR AY.118 OR AY.119 OR AY.119.1 OR AY.119.2 OR AY.120 OR AY.120.1 OR AY.120.2 OR AY.120.2.1 OR AY.121 OR AY.121.1 OR AY.122 OR AY.122.1 OR AY.122.2 OR AY.122.3 OR AY.122.4 OR AY.122.5 OR AY.122.6 OR AY.123 OR AY.123.1 OR AY.124 OR AY.124.1 OR AY.124.1.1 OR AY.125 OR AY.125.1 OR AY.126 OR AY.127 OR AY.127.1 OR AY.127.2 OR AY.127.3 OR AY.128 OR AY.129 OR AY.130 OR AY.131 OR AY.132 OR AY.133 OR AY.134 OR B.1.617.2,Delta,2.71428571428571,2.42857142857143,0.894736842105263
2021-10-28,7,7,4.42857142857143,4,0.903225806451613,0.55523738234236,0.999884667211762,AY.1 OR AY.2 OR AY.3 OR AY.3.1 OR AY.3.2 OR AY.3.3 OR AY.3.4 OR AY.4 OR AY.4.1 OR AY.4.2 OR AY.4.2.1 OR AY.4.2.2 OR AY.4.2.3 OR AY.4.2.4 OR AY.4.2.5 OR AY.4.3 OR AY.4.4 OR AY.4.5 OR AY.4.6 OR AY.4.7 OR AY.4.8 OR AY.4.9 OR AY.4.10 OR AY.4.11 OR AY.4.12 OR AY.4.13 OR AY.4.14 OR AY.4.15 OR AY.4.16 OR AY.4.17 OR AY.5 OR AY.5.1 OR AY.5.2 OR AY.5.3 OR AY.5.4 OR AY.5.5 OR AY.5.6 OR AY.5.7 OR AY.6 OR AY.7 OR AY.7.1 OR AY.7.2 OR AY.8 OR AY.9 OR AY.9.2 OR AY.9.2.1 OR AY.9.2.2 OR AY.10 OR AY.11 OR AY.13 OR AY.14 OR AY.15 OR AY.16 OR AY.16.1 OR AY.17 OR AY.18 OR AY.19 OR AY.20 OR AY.20.1 OR AY.21 OR AY.22 OR AY.23 OR AY.23.1 OR AY.23.2 OR AY.24 OR AY.24.1 OR AY.25 OR AY.25.1 OR AY.25.1.1 OR AY.25.1.2 OR AY.25.2 OR AY.25.3 OR AY.26 OR AY.26.1 OR AY.27 OR AY.28 OR AY.29 OR AY.29.1 OR AY.29.2 OR AY.30 OR AY.31 OR AY.32 OR AY.33 OR AY.33.1 OR AY.33.2 OR AY.34 OR AY.34.1 OR AY.34.1.1 OR AY.34.2 OR AY.35 OR AY.36 OR AY.36.1 OR AY.37 OR AY.38 OR AY.39 OR AY.39.1 OR AY.39.1.1 OR AY.39.1.2 OR AY.39.1.3 OR AY.39.1.4 OR AY.39.2 OR AY.39.3 OR AY.40 OR AY.41 OR AY.42 OR AY.42.1 OR AY.43 OR AY.43.1 OR AY.43.2 OR AY.43.3 OR AY.43.4 OR AY.43.5 OR AY.43.6 OR AY.43.7 OR AY.43.8 OR AY.43.9 OR AY.44 OR AY.45 OR AY.46 OR AY.46.1 OR AY.46.2 OR AY.46.3 OR AY.46.4 OR AY.46.5 OR AY.46.6 OR AY.46.6.1 OR AY.47 OR AY.48 OR AY.49 OR AY.50 OR AY.51 OR AY.52 OR AY.53 OR AY.54 OR AY.55 OR AY.56 OR AY.57 OR AY.58 OR AY.59 OR AY.60 OR AY.61 OR AY.62 OR AY.63 OR AY.64 OR AY.65 OR AY.66 OR AY.67 OR AY.68 OR AY.69 OR AY.70 OR AY.71 OR AY.72 OR AY.73 OR AY.74 OR AY.75 OR AY.75.2 OR AY.75.3 OR AY.76 OR AY.77 OR AY.78 OR AY.79 OR AY.80 OR AY.81 OR AY.82 OR AY.83 OR AY.84 OR AY.85 OR AY.86 OR AY.87 OR AY.88 OR AY.90 OR AY.91 OR AY.91.1 OR AY.92 OR AY.93 OR AY.94 OR AY.95 OR AY.98 OR AY.98.1 OR AY.98.1.1 OR AY.99 OR AY.99.1 OR AY.99.2 OR AY.100 OR AY.101 OR AY.102 OR AY.102.1 OR AY.102.2 OR AY.103 OR AY.103.1 OR AY.103.2 OR AY.104 OR AY.105 OR AY.106 OR AY.107 OR AY.108 OR AY.109 OR AY.110 OR AY.111 OR AY.112 OR AY.112.1 OR AY.112.2 OR AY.112.3 OR AY.113 OR AY.114 OR AY.116 OR AY.116.1 OR AY.117 OR AY.118 OR AY.119 OR AY.119.1 OR AY.119.2 OR AY.120 OR AY.120.1 OR AY.120.2 OR AY.120.2.1 OR AY.121 OR AY.121.1 OR AY.122 OR AY.122.1 OR AY.122.2 OR AY.122.3 OR AY.122.4 OR AY.122.5 OR AY.122.6 OR AY.123 OR AY.123.1 OR AY.124 OR AY.124.1 OR AY.124.1.1 OR AY.125 OR AY.125.1 OR AY.126 OR AY.127 OR AY.127.1 OR AY.127.2 OR AY.127.3 OR AY.128 OR AY.129 OR AY.130 OR AY.131 OR AY.132 OR AY.133 OR AY.134 OR B.1.617.2,Delta,3.14285714285714,2.85714285714286,0.909090909090909
2021-10-29,4,2,4.14285714285714,3.42857142857143,0.827586206896552,0.283751679563413,0.971529104912853,AY.1 OR AY.2 OR AY.3 OR AY.3.1 OR AY.3.2 OR AY.3.3 OR AY.3.4 OR AY.4 OR AY.4.1 OR AY.4.2 OR AY.4.2.1 OR AY.4.2.2 OR AY.4.2.3 OR AY.4.2.4 OR AY.4.2.5 OR AY.4.3 OR AY.4.4 OR AY.4.5 OR AY.4.6 OR AY.4.7 OR AY.4.8 OR AY.4.9 OR AY.4.10 OR AY.4.11 OR AY.4.12 OR AY.4.13 OR AY.4.14 OR AY.4.15 OR AY.4.16 OR AY.4.17 OR AY.5 OR AY.5.1 OR AY.5.2 OR AY.5.3 OR AY.5.4 OR AY.5.5 OR AY.5.6 OR AY.5.7 OR AY.6 OR AY.7 OR AY.7.1 OR AY.7.2 OR AY.8 OR AY.9 OR AY.9.2 OR AY.9.2.1 OR AY.9.2.2 OR AY.10 OR AY.11 OR AY.13 OR AY.14 OR AY.15 OR AY.16 OR AY.16.1 OR AY.17 OR AY.18 OR AY.19 OR AY.20 OR AY.20.1 OR AY.21 OR AY.22 OR AY.23 OR AY.23.1 OR AY.23.2 OR AY.24 OR AY.24.1 OR AY.25 OR AY.25.1 OR AY.25.1.1 OR AY.25.1.2 OR AY.25.2 OR AY.25.3 OR AY.26 OR AY.26.1 OR AY.27 OR AY.28 OR AY.29 OR AY.29.1 OR AY.29.2 OR AY.30 OR AY.31 OR AY.32 OR AY.33 OR AY.33.1 OR AY.33.2 OR AY.34 OR AY.34.1 OR AY.34.1.1 OR AY.34.2 OR AY.35 OR AY.36 OR AY.36.1 OR AY.37 OR AY.38 OR AY.39 OR AY.39.1 OR AY.39.1.1 OR AY.39.1.2 OR AY.39.1.3 OR AY.39.1.4 OR AY.39.2 OR AY.39.3 OR AY.40 OR AY.41 OR AY.42 OR AY.42.1 OR AY.43 OR AY.43.1 OR AY.43.2 OR AY.43.3 OR AY.43.4 OR AY.43.5 OR AY.43.6 OR AY.43.7 OR AY.43.8 OR AY.43.9 OR AY.44 OR AY.45 OR AY.46 OR AY.46.1 OR AY.46.2 OR AY.46.3 OR AY.46.4 OR AY.46.5 OR AY.46.6 OR AY.46.6.1 OR AY.47 OR AY.48 OR AY.49 OR AY.50 OR AY.51 OR AY.52 OR AY.53 OR AY.54 OR AY.55 OR AY.56 OR AY.57 OR AY.58 OR AY.59 OR AY.60 OR AY.61 OR AY.62 OR AY.63 OR AY.64 OR AY.65 OR AY.66 OR AY.67 OR AY.68 OR AY.69 OR AY.70 OR AY.71 OR AY.72 OR AY.73 OR AY.74 OR AY.75 OR AY.75.2 OR AY.75.3 OR AY.76 OR AY.77 OR AY.78 OR AY.79 OR AY.80 OR AY.81 OR AY.82 OR AY.83 OR AY.84 OR AY.85 OR AY.86 OR AY.87 OR AY.88 OR AY.90 OR AY.91 OR AY.91.1 OR AY.92 OR AY.93 OR AY.94 OR AY.95 OR AY.98 OR AY.98.1 OR AY.98.1.1 OR AY.99 OR AY.99.1 OR AY.99.2 OR AY.100 OR AY.101 OR AY.102 OR AY.102.1 OR AY.102.2 OR AY.103 OR AY.103.1 OR AY.103.2 OR AY.104 OR AY.105 OR AY.106 OR AY.107 OR AY.108 OR AY.109 OR AY.110 OR AY.111 OR AY.112 OR AY.112.1 OR AY.112.2 OR AY.112.3 OR AY.113 OR AY.114 OR AY.116 OR AY.116.1 OR AY.117 OR AY.118 OR AY.119 OR AY.119.1 OR AY.119.2 OR AY.120 OR AY.120.1 OR AY.120.2 OR AY.120.2.1 OR AY.121 OR AY.121.1 OR AY.122 OR AY.122.1 OR AY.122.2 OR AY.122.3 OR AY.122.4 OR AY.122.5 OR AY.122.6 OR AY.123 OR AY.123.1 OR AY.124 OR AY.124.1 OR AY.124.1.1 OR AY.125 OR AY.125.1 OR AY.126 OR AY.127 OR AY.127.1 OR AY.127.2 OR AY.127.3 OR AY.128 OR AY.129 OR AY.130 OR AY.131 OR AY.132 OR AY.133 OR AY.134 OR B.1.617.2,Delta,3.21428571428571,2.78571428571429,0.866666666666667
2021-10-31,3,3,4.83333333333333,4.16666666666667,0.862068965517242,0.371373599368006,0.977487234000845,AY.1 OR AY.2 OR AY.3 OR AY.3.1 OR AY.3.2 OR AY.3.3 OR AY.3.4 OR AY.4 OR AY.4.1 OR AY.4.2 OR AY.4.2.1 OR AY.4.2.2 OR AY.4.2.3 OR AY.4.2.4 OR AY.4.2.5 OR AY.4.3 OR AY.4.4 OR AY.4.5 OR AY.4.6 OR AY.4.7 OR AY.4.8 OR AY.4.9 OR AY.4.10 OR AY.4.11 OR AY.4.12 OR AY.4.13 OR AY.4.14 OR AY.4.15 OR AY.4.16 OR AY.4.17 OR AY.5 OR AY.5.1 OR AY.5.2 OR AY.5.3 OR AY.5.4 OR AY.5.5 OR AY.5.6 OR AY.5.7 OR AY.6 OR AY.7 OR AY.7.1 OR AY.7.2 OR AY.8 OR AY.9 OR AY.9.2 OR AY.9.2.1 OR AY.9.2.2 OR AY.10 OR AY.11 OR AY.13 OR AY.14 OR AY.15 OR AY.16 OR AY.16.1 OR AY.17 OR AY.18 OR AY.19 OR AY.20 OR AY.20.1 OR AY.21 OR AY.22 OR AY.23 OR AY.23.1 OR AY.23.2 OR AY.24 OR AY.24.1 OR AY.25 OR AY.25.1 OR AY.25.1.1 OR AY.25.1.2 OR AY.25.2 OR AY.25.3 OR AY.26 OR AY.26.1 OR AY.27 OR AY.28 OR AY.29 OR AY.29.1 OR AY.29.2 OR AY.30 OR AY.31 OR AY.32 OR AY.33 OR AY.33.1 OR AY.33.2 OR AY.34 OR AY.34.1 OR AY.34.1.1 OR AY.34.2 OR AY.35 OR AY.36 OR AY.36.1 OR AY.37 OR AY.38 OR AY.39 OR AY.39.1 OR AY.39.1.1 OR AY.39.1.2 OR AY.39.1.3 OR AY.39.1.4 OR AY.39.2 OR AY.39.3 OR AY.40 OR AY.41 OR AY.42 OR AY.42.1 OR AY.43 OR AY.43.1 OR AY.43.2 OR AY.43.3 OR AY.43.4 OR AY.43.5 OR AY.43.6 OR AY.43.7 OR AY.43.8 OR AY.43.9 OR AY.44 OR AY.45 OR AY.46 OR AY.46.1 OR AY.46.2 OR AY.46.3 OR AY.46.4 OR AY.46.5 OR AY.46.6 OR AY.46.6.1 OR AY.47 OR AY.48 OR AY.49 OR AY.50 OR AY.51 OR AY.52 OR AY.53 OR AY.54 OR AY.55 OR AY.56 OR AY.57 OR AY.58 OR AY.59 OR AY.60 OR AY.61 OR AY.62 OR AY.63 OR AY.64 OR AY.65 OR AY.66 OR AY.67 OR AY.68 OR AY.69 OR AY.70 OR AY.71 OR AY.72 OR AY.73 OR AY.74 OR AY.75 OR AY.75.2 OR AY.75.3 OR AY.76 OR AY.77 OR AY.78 OR AY.79 OR AY.80 OR AY.81 OR AY.82 OR AY.83 OR AY.84 OR AY.85 OR AY.86 OR AY.87 OR AY.88 OR AY.90 OR AY.91 OR AY.91.1 OR AY.92 OR AY.93 OR AY.94 OR AY.95 OR AY.98 OR AY.98.1 OR AY.98.1.1 OR AY.99 OR AY.99.1 OR AY.99.2 OR AY.100 OR AY.101 OR AY.102 OR AY.102.1 OR AY.102.2 OR AY.103 OR AY.103.1 OR AY.103.2 OR AY.104 OR AY.105 OR AY.106 OR AY.107 OR AY.108 OR AY.109 OR AY.110 OR AY.111 OR AY.112 OR AY.112.1 OR AY.112.2 OR AY.112.3 OR AY.113 OR AY.114 OR AY.116 OR AY.116.1 OR AY.117 OR AY.118 OR AY.119 OR AY.119.1 OR AY.119.2 OR AY.120 OR AY.120.1 OR AY.120.2 OR AY.120.2.1 OR AY.121 OR AY.121.1 OR AY.122 OR AY.122.1 OR AY.122.2 OR AY.122.3 OR AY.122.4 OR AY.122.5 OR AY.122.6 OR AY.123 OR AY.123.1 OR AY.124 OR AY.124.1 OR AY.124.1.1 OR AY.125 OR AY.125.1 OR AY.126 OR AY.127 OR AY.127.1 OR AY.127.2 OR AY.127.3 OR AY.128 OR AY.129 OR AY.130 OR AY.131 OR AY.132 OR AY.133 OR AY.134 OR B.1.617.2,Delta,3.28571428571429,2.85714285714286,0.869565217391305
2021-11-01,4,3,5,4.16666666666667,0.833333333333333,0.371373599368006,0.977487234000845,AY.1 OR AY.2 OR AY.3 OR AY.3.1 OR AY.3.2 OR AY.3.3 OR AY.3.4 OR AY.4 OR AY.4.1 OR AY.4.2 OR AY.4.2.1 OR AY.4.2.2 OR AY.4.2.3 OR AY.4.2.4 OR AY.4.2.5 OR AY.4.3 OR AY.4.4 OR AY.4.5 OR AY.4.6 OR AY.4.7 OR AY.4.8 OR AY.4.9 OR AY.4.10 OR AY.4.11 OR AY.4.12 OR AY.4.13 OR AY.4.14 OR AY.4.15 OR AY.4.16 OR AY.4.17 OR AY.5 OR AY.5.1 OR AY.5.2 OR AY.5.3 OR AY.5.4 OR AY.5.5 OR AY.5.6 OR AY.5.7 OR AY.6 OR AY.7 OR AY.7.1 OR AY.7.2 OR AY.8 OR AY.9 OR AY.9.2 OR AY.9.2.1 OR AY.9.2.2 OR AY.10 OR AY.11 OR AY.13 OR AY.14 OR AY.15 OR AY.16 OR AY.16.1 OR AY.17 OR AY.18 OR AY.19 OR AY.20 OR AY.20.1 OR AY.21 OR AY.22 OR AY.23 OR AY.23.1 OR AY.23.2 OR AY.24 OR AY.24.1 OR AY.25 OR AY.25.1 OR AY.25.1.1 OR AY.25.1.2 OR AY.25.2 OR AY.25.3 OR AY.26 OR AY.26.1 OR AY.27 OR AY.28 OR AY.29 OR AY.29.1 OR AY.29.2 OR AY.30 OR AY.31 OR AY.32 OR AY.33 OR AY.33.1 OR AY.33.2 OR AY.34 OR AY.34.1 OR AY.34.1.1 OR AY.34.2 OR AY.35 OR AY.36 OR AY.36.1 OR AY.37 OR AY.38 OR AY.39 OR AY.39.1 OR AY.39.1.1 OR AY.39.1.2 OR AY.39.1.3 OR AY.39.1.4 OR AY.39.2 OR AY.39.3 OR AY.40 OR AY.41 OR AY.42 OR AY.42.1 OR AY.43 OR AY.43.1 OR AY.43.2 OR AY.43.3 OR AY.43.4 OR AY.43.5 OR AY.43.6 OR AY.43.7 OR AY.43.8 OR AY.43.9 OR AY.44 OR AY.45 OR AY.46 OR AY.46.1 OR AY.46.2 OR AY.46.3 OR AY.46.4 OR AY.46.5 OR AY.46.6 OR AY.46.6.1 OR AY.47 OR AY.48 OR AY.49 OR AY.50 OR AY.51 OR AY.52 OR AY.53 OR AY.54 OR AY.55 OR AY.56 OR AY.57 OR AY.58 OR AY.59 OR AY.60 OR AY.61 OR AY.62 OR AY.63 OR AY.64 OR AY.65 OR AY.66 OR AY.67 OR AY.68 OR AY.69 OR AY.70 OR AY.71 OR AY.72 OR AY.73 OR AY.74 OR AY.75 OR AY.75.2 OR AY.75.3 OR AY.76 OR AY.77 OR AY.78 OR AY.79 OR AY.80 OR AY.81 OR AY.82 OR AY.83 OR AY.84 OR AY.85 OR AY.86 OR AY.87 OR AY.88 OR AY.90 OR AY.91 OR AY.91.1 OR AY.92 OR AY.93 OR AY.94 OR AY.95 OR AY.98 OR AY.98.1 OR AY.98.1.1 OR AY.99 OR AY.99.1 OR AY.99.2 OR AY.100 OR AY.101 OR AY.102 OR AY.102.1 OR AY.102.2 OR AY.103 OR AY.103.1 OR AY.103.2 OR AY.104 OR AY.105 OR AY.106 OR AY.107 OR AY.108 OR AY.109 OR AY.110 OR AY.111 OR AY.112 OR AY.112.1 OR AY.112.2 OR AY.112.3 OR AY.113 OR AY.114 OR AY.116 OR AY.116.1 OR AY.117 OR AY.118 OR AY.119 OR AY.119.1 OR AY.119.2 OR AY.120 OR AY.120.1 OR AY.120.2 OR AY.120.2.1 OR AY.121 OR AY.121.1 OR AY.122 OR AY.122.1 OR AY.122.2 OR AY.122.3 OR AY.122.4 OR AY.122.5 OR AY.122.6 OR AY.123 OR AY.123.1 OR AY.124 OR AY.124.1 OR AY.124.1.1 OR AY.125 OR AY.125.1 OR AY.126 OR AY.127 OR AY.127.1 OR AY.127.2 OR AY.127.3 OR AY.128 OR AY.129 OR AY.130 OR AY.131 OR AY.132 OR AY.133 OR AY.134 OR B.1.617.2,Delta,3.5,3.07142857142857,0.877551020408163
2021-11-02,14,12,6,5,0.833333333333333,0.441943226390752,0.981379872880558,AY.1 OR AY.2 OR AY.3 OR AY.3.1 OR AY.3.2 OR AY.3.3 OR AY.3.4 OR AY.4 OR AY.4.1 OR AY.4.2 OR AY.4.2.1 OR AY.4.2.2 OR AY.4.2.3 OR AY.4.2.4 OR AY.4.2.5 OR AY.4.3 OR AY.4.4 OR AY.4.5 OR AY.4.6 OR AY.4.7 OR AY.4.8 OR AY.4.9 OR AY.4.10 OR AY.4.11 OR AY.4.12 OR AY.4.13 OR AY.4.14 OR AY.4.15 OR AY.4.16 OR AY.4.17 OR AY.5 OR AY.5.1 OR AY.5.2 OR AY.5.3 OR AY.5.4 OR AY.5.5 OR AY.5.6 OR AY.5.7 OR AY.6 OR AY.7 OR AY.7.1 OR AY.7.2 OR AY.8 OR AY.9 OR AY.9.2 OR AY.9.2.1 OR AY.9.2.2 OR AY.10 OR AY.11 OR AY.13 OR AY.14 OR AY.15 OR AY.16 OR AY.16.1 OR AY.17 OR AY.18 OR AY.19 OR AY.20 OR AY.20.1 OR AY.21 OR AY.22 OR AY.23 OR AY.23.1 OR AY.23.2 OR AY.24 OR AY.24.1 OR AY.25 OR AY.25.1 OR AY.25.1.1 OR AY.25.1.2 OR AY.25.2 OR AY.25.3 OR AY.26 OR AY.26.1 OR AY.27 OR AY.28 OR AY.29 OR AY.29.1 OR AY.29.2 OR AY.30 OR AY.31 OR AY.32 OR AY.33 OR AY.33.1 OR AY.33.2 OR AY.34 OR AY.34.1 OR AY.34.1.1 OR AY.34.2 OR AY.35 OR AY.36 OR AY.36.1 OR AY.37 OR AY.38 OR AY.39 OR AY.39.1 OR AY.39.1.1 OR AY.39.1.2 OR AY.39.1.3 OR AY.39.1.4 OR AY.39.2 OR AY.39.3 OR AY.40 OR AY.41 OR AY.42 OR AY.42.1 OR AY.43 OR AY.43.1 OR AY.43.2 OR AY.43.3 OR AY.43.4 OR AY.43.5 OR AY.43.6 OR AY.43.7 OR AY.43.8 OR AY.43.9 OR AY.44 OR AY.45 OR AY.46 OR AY.46.1 OR AY.46.2 OR AY.46.3 OR AY.46.4 OR AY.46.5 OR AY.46.6 OR AY.46.6.1 OR AY.47 OR AY.48 OR AY.49 OR AY.50 OR AY.51 OR AY.52 OR AY.53 OR AY.54 OR AY.55 OR AY.56 OR AY.57 OR AY.58 OR AY.59 OR AY.60 OR AY.61 OR AY.62 OR AY.63 OR AY.64 OR AY.65 OR AY.66 OR AY.67 OR AY.68 OR AY.69 OR AY.70 OR AY.71 OR AY.72 OR AY.73 OR AY.74 OR AY.75 OR AY.75.2 OR AY.75.3 OR AY.76 OR AY.77 OR AY.78 OR AY.79 OR AY.80 OR AY.81 OR AY.82 OR AY.83 OR AY.84 OR AY.85 OR AY.86 OR AY.87 OR AY.88 OR AY.90 OR AY.91 OR AY.91.1 OR AY.92 OR AY.93 OR AY.94 OR AY.95 OR AY.98 OR AY.98.1 OR AY.98.1.1 OR AY.99 OR AY.99.1 OR AY.99.2 OR AY.100 OR AY.101 OR AY.102 OR AY.102.1 OR AY.102.2 OR AY.103 OR AY.103.1 OR AY.103.2 OR AY.104 OR AY.105 OR AY.106 OR AY.107 OR AY.108 OR AY.109 OR AY.110 OR AY.111 OR AY.112 OR AY.112.1 OR AY.112.2 OR AY.112.3 OR AY.113 OR AY.114 OR AY.116 OR AY.116.1 OR AY.117 OR AY.118 OR AY.119 OR AY.119.1 OR AY.119.2 OR AY.120 OR AY.120.1 OR AY.120.2 OR AY.120.2.1 OR AY.121 OR AY.121.1 OR AY.122 OR AY.122.1 OR AY.122.2 OR AY.122.3 OR AY.122.4 OR AY.122.5 OR AY.122.6 OR AY.123 OR AY.123.1 OR AY.124 OR AY.124.1 OR AY.124.1.1 OR AY.125 OR AY.125.1 OR AY.126 OR AY.127 OR AY.127.1 OR AY.127.2 OR AY.127.3 OR AY.128 OR AY.129 OR AY.130 OR AY.131 OR AY.132 OR AY.133 OR AY.134 OR B.1.617.2,Delta,4.35714285714286,3.78571428571429,0.868852459016394
2021-11-03,7,7,6.5,5.66666666666667,0.871794871794872,0.66961109084845,0.999921500151634,AY.1 OR AY.2 OR AY.3 OR AY.3.1 OR AY.3.2 OR AY.3.3 OR AY.3.4 OR AY.4 OR AY.4.1 OR AY.4.2 OR AY.4.2.1 OR AY.4.2.2 OR AY.4.2.3 OR AY.4.2.4 OR AY.4.2.5 OR AY.4.3 OR AY.4.4 OR AY.4.5 OR AY.4.6 OR AY.4.7 OR AY.4.8 OR AY.4.9 OR AY.4.10 OR AY.4.11 OR AY.4.12 OR AY.4.13 OR AY.4.14 OR AY.4.15 OR AY.4.16 OR AY.4.17 OR AY.5 OR AY.5.1 OR AY.5.2 OR AY.5.3 OR AY.5.4 OR AY.5.5 OR AY.5.6 OR AY.5.7 OR AY.6 OR AY.7 OR AY.7.1 OR AY.7.2 OR AY.8 OR AY.9 OR AY.9.2 OR AY.9.2.1 OR AY.9.2.2 OR AY.10 OR AY.11 OR AY.13 OR AY.14 OR AY.15 OR AY.16 OR AY.16.1 OR AY.17 OR AY.18 OR AY.19 OR AY.20 OR AY.20.1 OR AY.21 OR AY.22 OR AY.23 OR AY.23.1 OR AY.23.2 OR AY.24 OR AY.24.1 OR AY.25 OR AY.25.1 OR AY.25.1.1 OR AY.25.1.2 OR AY.25.2 OR AY.25.3 OR AY.26 OR AY.26.1 OR AY.27 OR AY.28 OR AY.29 OR AY.29.1 OR AY.29.2 OR AY.30 OR AY.31 OR AY.32 OR AY.33 OR AY.33.1 OR AY.33.2 OR AY.34 OR AY.34.1 OR AY.34.1.1 OR AY.34.2 OR AY.35 OR AY.36 OR AY.36.1 OR AY.37 OR AY.38 OR AY.39 OR AY.39.1 OR AY.39.1.1 OR AY.39.1.2 OR AY.39.1.3 OR AY.39.1.4 OR AY.39.2 OR AY.39.3 OR AY.40 OR AY.41 OR AY.42 OR AY.42.1 OR AY.43 OR AY.43.1 OR AY.43.2 OR AY.43.3 OR AY.43.4 OR AY.43.5 OR AY.43.6 OR AY.43.7 OR AY.43.8 OR AY.43.9 OR AY.44 OR AY.45 OR AY.46 OR AY.46.1 OR AY.46.2 OR AY.46.3 OR AY.46.4 OR AY.46.5 OR AY.46.6 OR AY.46.6.1 OR AY.47 OR AY.48 OR AY.49 OR AY.50 OR AY.51 OR AY.52 OR AY.53 OR AY.54 OR AY.55 OR AY.56 OR AY.57 OR AY.58 OR AY.59 OR AY.60 OR AY.61 OR AY.62 OR AY.63 OR AY.64 OR AY.65 OR AY.66 OR AY.67 OR AY.68 OR AY.69 OR AY.70 OR AY.71 OR AY.72 OR AY.73 OR AY.74 OR AY.75 OR AY.75.2 OR AY.75.3 OR AY.76 OR AY.77 OR AY.78 OR AY.79 OR AY.80 OR AY.81 OR AY.82 OR AY.83 OR AY.84 OR AY.85 OR AY.86 OR AY.87 OR AY.88 OR AY.90 OR AY.91 OR AY.91.1 OR AY.92 OR AY.93 OR AY.94 OR AY.95 OR AY.98 OR AY.98.1 OR AY.98.1.1 OR AY.99 OR AY.99.1 OR AY.99.2 OR AY.100 OR AY.101 OR AY.102 OR AY.102.1 OR AY.102.2 OR AY.103 OR AY.103.1 OR AY.103.2 OR AY.104 OR AY.105 OR AY.106 OR AY.107 OR AY.108 OR AY.109 OR AY.110 OR AY.111 OR AY.112 OR AY.112.1 OR AY.112.2 OR AY.112.3 OR AY.113 OR AY.114 OR AY.116 OR AY.116.1 OR AY.117 OR AY.118 OR AY.119 OR AY.119.1 OR AY.119.2 OR AY.120 OR AY.120.1 OR AY.120.2 OR AY.120.2.1 OR AY.121 OR AY.121.1 OR AY.122 OR AY.122.1 OR AY.122.2 OR AY.122.3 OR AY.122.4 OR AY.122.5 OR AY.122.6 OR AY.123 OR AY.123.1 OR AY.124 OR AY.124.1 OR AY.124.1.1 OR AY.125 OR AY.125.1 OR AY.126 OR AY.127 OR AY.127.1 OR AY.127.2 OR AY.127.3 OR AY.128 OR AY.129 OR AY.130 OR AY.131 OR AY.132 OR AY.133 OR AY.134 OR B.1.617.2,Delta,4.78571428571429,4.21428571428571,0.880597014925373
2021-11-04,3,3,5.83333333333333,5,0.857142857142857,0.441943226390752,0.981379872880558,AY.1 OR AY.2 OR AY.3 OR AY.3.1 OR AY.3.2 OR AY.3.3 OR AY.3.4 OR AY.4 OR AY.4.1 OR AY.4.2 OR AY.4.2.1 OR AY.4.2.2 OR AY.4.2.3 OR AY.4.2.4 OR AY.4.2.5 OR AY.4.3 OR AY.4.4 OR AY.4.5 OR AY.4.6 OR AY.4.7 OR AY.4.8 OR AY.4.9 OR AY.4.10 OR AY.4.11 OR AY.4.12 OR AY.4.13 OR AY.4.14 OR AY.4.15 OR AY.4.16 OR AY.4.17 OR AY.5 OR AY.5.1 OR AY.5.2 OR AY.5.3 OR AY.5.4 OR AY.5.5 OR AY.5.6 OR AY.5.7 OR AY.6 OR AY.7 OR AY.7.1 OR AY.7.2 OR AY.8 OR AY.9 OR AY.9.2 OR AY.9.2.1 OR AY.9.2.2 OR AY.10 OR AY.11 OR AY.13 OR AY.14 OR AY.15 OR AY.16 OR AY.16.1 OR AY.17 OR AY.18 OR AY.19 OR AY.20 OR AY.20.1 OR AY.21 OR AY.22 OR AY.23 OR AY.23.1 OR AY.23.2 OR AY.24 OR AY.24.1 OR AY.25 OR AY.25.1 OR AY.25.1.1 OR AY.25.1.2 OR AY.25.2 OR AY.25.3 OR AY.26 OR AY.26.1 OR AY.27 OR AY.28 OR AY.29 OR AY.29.1 OR AY.29.2 OR AY.30 OR AY.31 OR AY.32 OR AY.33 OR AY.33.1 OR AY.33.2 OR AY.34 OR AY.34.1 OR AY.34.1.1 OR AY.34.2 OR AY.35 OR AY.36 OR AY.36.1 OR AY.37 OR AY.38 OR AY.39 OR AY.39.1 OR AY.39.1.1 OR AY.39.1.2 OR AY.39.1.3 OR AY.39.1.4 OR AY.39.2 OR AY.39.3 OR AY.40 OR AY.41 OR AY.42 OR AY.42.1 OR AY.43 OR AY.43.1 OR AY.43.2 OR AY.43.3 OR AY.43.4 OR AY.43.5 OR AY.43.6 OR AY.43.7 OR AY.43.8 OR AY.43.9 OR AY.44 OR AY.45 OR AY.46 OR AY.46.1 OR AY.46.2 OR AY.46.3 OR AY.46.4 OR AY.46.5 OR AY.46.6 OR AY.46.6.1 OR AY.47 OR AY.48 OR AY.49 OR AY.50 OR AY.51 OR AY.52 OR AY.53 OR AY.54 OR AY.55 OR AY.56 OR AY.57 OR AY.58 OR AY.59 OR AY.60 OR AY.61 OR AY.62 OR AY.63 OR AY.64 OR AY.65 OR AY.66 OR AY.67 OR AY.68 OR AY.69 OR AY.70 OR AY.71 OR AY.72 OR AY.73 OR AY.74 OR AY.75 OR AY.75.2 OR AY.75.3 OR AY.76 OR AY.77 OR AY.78 OR AY.79 OR AY.80 OR AY.81 OR AY.82 OR AY.83 OR AY.84 OR AY.85 OR AY.86 OR AY.87 OR AY.88 OR AY.90 OR AY.91 OR AY.91.1 OR AY.92 OR AY.93 OR AY.94 OR AY.95 OR AY.98 OR AY.98.1 OR AY.98.1.1 OR AY.99 OR AY.99.1 OR AY.99.2 OR AY.100 OR AY.101 OR AY.102 OR AY.102.1 OR AY.102.2 OR AY.103 OR AY.103.1 OR AY.103.2 OR AY.104 OR AY.105 OR AY.106 OR AY.107 OR AY.108 OR AY.109 OR AY.110 OR AY.111 OR AY.112 OR AY.112.1 OR AY.112.2 OR AY.112.3 OR AY.113 OR AY.114 OR AY.116 OR AY.116.1 OR AY.117 OR AY.118 OR AY.119 OR AY.119.1 OR AY.119.2 OR AY.120 OR AY.120.1 OR AY.120.2 OR AY.120.2.1 OR AY.121 OR AY.121.1 OR AY.122 OR AY.122.1 OR AY.122.2 OR AY.122.3 OR AY.122.4 OR AY.122.5 OR AY.122.6 OR AY.123 OR AY.123.1 OR AY.124 OR AY.124.1 OR AY.124.1.1 OR AY.125 OR AY.125.1 OR AY.126 OR AY.127 OR AY.127.1 OR AY.127.2 OR AY.127.3 OR AY.128 OR AY.129 OR AY.130 OR AY.131 OR AY.132 OR AY.133 OR AY.134 OR B.1.617.2,Delta,4.78571428571429,4.21428571428571,0.880597014925373
2021-11-05,9,9,6.66666666666667,6.16666666666667,0.925,0.499202538380922,0.984123475787253,AY.1 OR AY.2 OR AY.3 OR AY.3.1 OR AY.3.2 OR AY.3.3 OR AY.3.4 OR AY.4 OR AY.4.1 OR AY.4.2 OR AY.4.2.1 OR AY.4.2.2 OR AY.4.2.3 OR AY.4.2.4 OR AY.4.2.5 OR AY.4.3 OR AY.4.4 OR AY.4.5 OR AY.4.6 OR AY.4.7 OR AY.4.8 OR AY.4.9 OR AY.4.10 OR AY.4.11 OR AY.4.12 OR AY.4.13 OR AY.4.14 OR AY.4.15 OR AY.4.16 OR AY.4.17 OR AY.5 OR AY.5.1 OR AY.5.2 OR AY.5.3 OR AY.5.4 OR AY.5.5 OR AY.5.6 OR AY.5.7 OR AY.6 OR AY.7 OR AY.7.1 OR AY.7.2 OR AY.8 OR AY.9 OR AY.9.2 OR AY.9.2.1 OR AY.9.2.2 OR AY.10 OR AY.11 OR AY.13 OR AY.14 OR AY.15 OR AY.16 OR AY.16.1 OR AY.17 OR AY.18 OR AY.19 OR AY.20 OR AY.20.1 OR AY.21 OR AY.22 OR AY.23 OR AY.23.1 OR AY.23.2 OR AY.24 OR AY.24.1 OR AY.25 OR AY.25.1 OR AY.25.1.1 OR AY.25.1.2 OR AY.25.2 OR AY.25.3 OR AY.26 OR AY.26.1 OR AY.27 OR AY.28 OR AY.29 OR AY.29.1 OR AY.29.2 OR AY.30 OR AY.31 OR AY.32 OR AY.33 OR AY.33.1 OR AY.33.2 OR AY.34 OR AY.34.1 OR AY.34.1.1 OR AY.34.2 OR AY.35 OR AY.36 OR AY.36.1 OR AY.37 OR AY.38 OR AY.39 OR AY.39.1 OR AY.39.1.1 OR AY.39.1.2 OR AY.39.1.3 OR AY.39.1.4 OR AY.39.2 OR AY.39.3 OR AY.40 OR AY.41 OR AY.42 OR AY.42.1 OR AY.43 OR AY.43.1 OR AY.43.2 OR AY.43.3 OR AY.43.4 OR AY.43.5 OR AY.43.6 OR AY.43.7 OR AY.43.8 OR AY.43.9 OR AY.44 OR AY.45 OR AY.46 OR AY.46.1 OR AY.46.2 OR AY.46.3 OR AY.46.4 OR AY.46.5 OR AY.46.6 OR AY.46.6.1 OR AY.47 OR AY.48 OR AY.49 OR AY.50 OR AY.51 OR AY.52 OR AY.53 OR AY.54 OR AY.55 OR AY.56 OR AY.57 OR AY.58 OR AY.59 OR AY.60 OR AY.61 OR AY.62 OR AY.63 OR AY.64 OR AY.65 OR AY.66 OR AY.67 OR AY.68 OR AY.69 OR AY.70 OR AY.71 OR AY.72 OR AY.73 OR AY.74 OR AY.75 OR AY.75.2 OR AY.75.3 OR AY.76 OR AY.77 OR AY.78 OR AY.79 OR AY.80 OR AY.81 OR AY.82 OR AY.83 OR AY.84 OR AY.85 OR AY.86 OR AY.87 OR AY.88 OR AY.90 OR AY.91 OR AY.91.1 OR AY.92 OR AY.93 OR AY.94 OR AY.95 OR AY.98 OR AY.98.1 OR AY.98.1.1 OR AY.99 OR AY.99.1 OR AY.99.2 OR AY.100 OR AY.101 OR AY.102 OR AY.102.1 OR AY.102.2 OR AY.103 OR AY.103.1 OR AY.103.2 OR AY.104 OR AY.105 OR AY.106 OR AY.107 OR AY.108 OR AY.109 OR AY.110 OR AY.111 OR AY.112 OR AY.112.1 OR AY.112.2 OR AY.112.3 OR AY.113 OR AY.114 OR AY.116 OR AY.116.1 OR AY.117 OR AY.118 OR AY.119 OR AY.119.1 OR AY.119.2 OR AY.120 OR AY.120.1 OR AY.120.2 OR AY.120.2.1 OR AY.121 OR AY.121.1 OR AY.122 OR AY.122.1 OR AY.122.2 OR AY.122.3 OR AY.122.4 OR AY.122.5 OR AY.122.6 OR AY.123 OR AY.123.1 OR AY.124 OR AY.124.1 OR AY.124.1.1 OR AY.125 OR AY.125.1 OR AY.126 OR AY.127 OR AY.127.1 OR AY.127.2 OR AY.127.3 OR AY.128 OR AY.129 OR AY.130 OR AY.131 OR AY.132 OR AY.133 OR AY.134 OR B.1.617.2,Delta,5.35714285714286,4.78571428571429,0.893333333333333
2021-11-06,4,4,6.28571428571429,5.85714285714286,0.931818181818182,0.66961109084845,0.999921500151634,AY.1 OR AY.2 OR AY.3 OR AY.3.1 OR AY.3.2 OR AY.3.3 OR AY.3.4 OR AY.4 OR AY.4.1 OR AY.4.2 OR AY.4.2.1 OR AY.4.2.2 OR AY.4.2.3 OR AY.4.2.4 OR AY.4.2.5 OR AY.4.3 OR AY.4.4 OR AY.4.5 OR AY.4.6 OR AY.4.7 OR AY.4.8 OR AY.4.9 OR AY.4.10 OR AY.4.11 OR AY.4.12 OR AY.4.13 OR AY.4.14 OR AY.4.15 OR AY.4.16 OR AY.4.17 OR AY.5 OR AY.5.1 OR AY.5.2 OR AY.5.3 OR AY.5.4 OR AY.5.5 OR AY.5.6 OR AY.5.7 OR AY.6 OR AY.7 OR AY.7.1 OR AY.7.2 OR AY.8 OR AY.9 OR AY.9.2 OR AY.9.2.1 OR AY.9.2.2 OR AY.10 OR AY.11 OR AY.13 OR AY.14 OR AY.15 OR AY.16 OR AY.16.1 OR AY.17 OR AY.18 OR AY.19 OR AY.20 OR AY.20.1 OR AY.21 OR AY.22 OR AY.23 OR AY.23.1 OR AY.23.2 OR AY.24 OR AY.24.1 OR AY.25 OR AY.25.1 OR AY.25.1.1 OR AY.25.1.2 OR AY.25.2 OR AY.25.3 OR AY.26 OR AY.26.1 OR AY.27 OR AY.28 OR AY.29 OR AY.29.1 OR AY.29.2 OR AY.30 OR AY.31 OR AY.32 OR AY.33 OR AY.33.1 OR AY.33.2 OR AY.34 OR AY.34.1 OR AY.34.1.1 OR AY.34.2 OR AY.35 OR AY.36 OR AY.36.1 OR AY.37 OR AY.38 OR AY.39 OR AY.39.1 OR AY.39.1.1 OR AY.39.1.2 OR AY.39.1.3 OR AY.39.1.4 OR AY.39.2 OR AY.39.3 OR AY.40 OR AY.41 OR AY.42 OR AY.42.1 OR AY.43 OR AY.43.1 OR AY.43.2 OR AY.43.3 OR AY.43.4 OR AY.43.5 OR AY.43.6 OR AY.43.7 OR AY.43.8 OR AY.43.9 OR AY.44 OR AY.45 OR AY.46 OR AY.46.1 OR AY.46.2 OR AY.46.3 OR AY.46.4 OR AY.46.5 OR AY.46.6 OR AY.46.6.1 OR AY.47 OR AY.48 OR AY.49 OR AY.50 OR AY.51 OR AY.52 OR AY.53 OR AY.54 OR AY.55 OR AY.56 OR AY.57 OR AY.58 OR AY.59 OR AY.60 OR AY.61 OR AY.62 OR AY.63 OR AY.64 OR AY.65 OR AY.66 OR AY.67 OR AY.68 OR AY.69 OR AY.70 OR AY.71 OR AY.72 OR AY.73 OR AY.74 OR AY.75 OR AY.75.2 OR AY.75.3 OR AY.76 OR AY.77 OR AY.78 OR AY.79 OR AY.80 OR AY.81 OR AY.82 OR AY.83 OR AY.84 OR AY.85 OR AY.86 OR AY.87 OR AY.88 OR AY.90 OR AY.91 OR AY.91.1 OR AY.92 OR AY.93 OR AY.94 OR AY.95 OR AY.98 OR AY.98.1 OR AY.98.1.1 OR AY.99 OR AY.99.1 OR AY.99.2 OR AY.100 OR AY.101 OR AY.102 OR AY.102.1 OR AY.102.2 OR AY.103 OR AY.103.1 OR AY.103.2 OR AY.104 OR AY.105 OR AY.106 OR AY.107 OR AY.108 OR AY.109 OR AY.110 OR AY.111 OR AY.112 OR AY.112.1 OR AY.112.2 OR AY.112.3 OR AY.113 OR AY.114 OR AY.116 OR AY.116.1 OR AY.117 OR AY.118 OR AY.119 OR AY.119.1 OR AY.119.2 OR AY.120 OR AY.120.1 OR AY.120.2 OR AY.120.2.1 OR AY.121 OR AY.121.1 OR AY.122 OR AY.122.1 OR AY.122.2 OR AY.122.3 OR AY.122.4 OR AY.122.5 OR AY.122.6 OR AY.123 OR AY.123.1 OR AY.124 OR AY.124.1 OR AY.124.1.1 OR AY.125 OR AY.125.1 OR AY.126 OR AY.127 OR AY.127.1 OR AY.127.2 OR AY.127.3 OR AY.128 OR AY.129 OR AY.130 OR AY.131 OR AY.132 OR AY.133 OR AY.134 OR B.1.617.2,Delta,5.21428571428571,4.64285714285714,0.89041095890411
2021-11-07,1,1,6,5.57142857142857,0.928571428571428,0.66961109084845,0.999921500151634,AY.1 OR AY.2 OR AY.3 OR AY.3.1 OR AY.3.2 OR AY.3.3 OR AY.3.4 OR AY.4 OR AY.4.1 OR AY.4.2 OR AY.4.2.1 OR AY.4.2.2 OR AY.4.2.3 OR AY.4.2.4 OR AY.4.2.5 OR AY.4.3 OR AY.4.4 OR AY.4.5 OR AY.4.6 OR AY.4.7 OR AY.4.8 OR AY.4.9 OR AY.4.10 OR AY.4.11 OR AY.4.12 OR AY.4.13 OR AY.4.14 OR AY.4.15 OR AY.4.16 OR AY.4.17 OR AY.5 OR AY.5.1 OR AY.5.2 OR AY.5.3 OR AY.5.4 OR AY.5.5 OR AY.5.6 OR AY.5.7 OR AY.6 OR AY.7 OR AY.7.1 OR AY.7.2 OR AY.8 OR AY.9 OR AY.9.2 OR AY.9.2.1 OR AY.9.2.2 OR AY.10 OR AY.11 OR AY.13 OR AY.14 OR AY.15 OR AY.16 OR AY.16.1 OR AY.17 OR AY.18 OR AY.19 OR AY.20 OR AY.20.1 OR AY.21 OR AY.22 OR AY.23 OR AY.23.1 OR AY.23.2 OR AY.24 OR AY.24.1 OR AY.25 OR AY.25.1 OR AY.25.1.1 OR AY.25.1.2 OR AY.25.2 OR AY.25.3 OR AY.26 OR AY.26.1 OR AY.27 OR AY.28 OR AY.29 OR AY.29.1 OR AY.29.2 OR AY.30 OR AY.31 OR AY.32 OR AY.33 OR AY.33.1 OR AY.33.2 OR AY.34 OR AY.34.1 OR AY.34.1.1 OR AY.34.2 OR AY.35 OR AY.36 OR AY.36.1 OR AY.37 OR AY.38 OR AY.39 OR AY.39.1 OR AY.39.1.1 OR AY.39.1.2 OR AY.39.1.3 OR AY.39.1.4 OR AY.39.2 OR AY.39.3 OR AY.40 OR AY.41 OR AY.42 OR AY.42.1 OR AY.43 OR AY.43.1 OR AY.43.2 OR AY.43.3 OR AY.43.4 OR AY.43.5 OR AY.43.6 OR AY.43.7 OR AY.43.8 OR AY.43.9 OR AY.44 OR AY.45 OR AY.46 OR AY.46.1 OR AY.46.2 OR AY.46.3 OR AY.46.4 OR AY.46.5 OR AY.46.6 OR AY.46.6.1 OR AY.47 OR AY.48 OR AY.49 OR AY.50 OR AY.51 OR AY.52 OR AY.53 OR AY.54 OR AY.55 OR AY.56 OR AY.57 OR AY.58 OR AY.59 OR AY.60 OR AY.61 OR AY.62 OR AY.63 OR AY.64 OR AY.65 OR AY.66 OR AY.67 OR AY.68 OR AY.69 OR AY.70 OR AY.71 OR AY.72 OR AY.73 OR AY.74 OR AY.75 OR AY.75.2 OR AY.75.3 OR AY.76 OR AY.77 OR AY.78 OR AY.79 OR AY.80 OR AY.81 OR AY.82 OR AY.83 OR AY.84 OR AY.85 OR AY.86 OR AY.87 OR AY.88 OR AY.90 OR AY.91 OR AY.91.1 OR AY.92 OR AY.93 OR AY.94 OR AY.95 OR AY.98 OR AY.98.1 OR AY.98.1.1 OR AY.99 OR AY.99.1 OR AY.99.2 OR AY.100 OR AY.101 OR AY.102 OR AY.102.1 OR AY.102.2 OR AY.103 OR AY.103.1 OR AY.103.2 OR AY.104 OR AY.105 OR AY.106 OR AY.107 OR AY.108 OR AY.109 OR AY.110 OR AY.111 OR AY.112 OR AY.112.1 OR AY.112.2 OR AY.112.3 OR AY.113 OR AY.114 OR AY.116 OR AY.116.1 OR AY.117 OR AY.118 OR AY.119 OR AY.119.1 OR AY.119.2 OR AY.120 OR AY.120.1 OR AY.120.2 OR AY.120.2.1 OR AY.121 OR AY.121.1 OR AY.122 OR AY.122.1 OR AY.122.2 OR AY.122.3 OR AY.122.4 OR AY.122.5 OR AY.122.6 OR AY.123 OR AY.123.1 OR AY.124 OR AY.124.1 OR AY.124.1.1 OR AY.125 OR AY.125.1 OR AY.126 OR AY.127 OR AY.127.1 OR AY.127.2 OR AY.127.3 OR AY.128 OR AY.129 OR AY.130 OR AY.131 OR AY.132 OR AY.133 OR AY.134 OR B.1.617.2,Delta,5.21428571428571,4.64285714285714,0.89041095890411
2021-11-08,9,8,6.71428571428571,6.28571428571429,0.936170212765957,0.499202538380922,0.984123475787253,AY.1 OR AY.2 OR AY.3 OR AY.3.1 OR AY.3.2 OR AY.3.3 OR AY.3.4 OR AY.4 OR AY.4.1 OR AY.4.2 OR AY.4.2.1 OR AY.4.2.2 OR AY.4.2.3 OR AY.4.2.4 OR AY.4.2.5 OR AY.4.3 OR AY.4.4 OR AY.4.5 OR AY.4.6 OR AY.4.7 OR AY.4.8 OR AY.4.9 OR AY.4.10 OR AY.4.11 OR AY.4.12 OR AY.4.13 OR AY.4.14 OR AY.4.15 OR AY.4.16 OR AY.4.17 OR AY.5 OR AY.5.1 OR AY.5.2 OR AY.5.3 OR AY.5.4 OR AY.5.5 OR AY.5.6 OR AY.5.7 OR AY.6 OR AY.7 OR AY.7.1 OR AY.7.2 OR AY.8 OR AY.9 OR AY.9.2 OR AY.9.2.1 OR AY.9.2.2 OR AY.10 OR AY.11 OR AY.13 OR AY.14 OR AY.15 OR AY.16 OR AY.16.1 OR AY.17 OR AY.18 OR AY.19 OR AY.20 OR AY.20.1 OR AY.21 OR AY.22 OR AY.23 OR AY.23.1 OR AY.23.2 OR AY.24 OR AY.24.1 OR AY.25 OR AY.25.1 OR AY.25.1.1 OR AY.25.1.2 OR AY.25.2 OR AY.25.3 OR AY.26 OR AY.26.1 OR AY.27 OR AY.28 OR AY.29 OR AY.29.1 OR AY.29.2 OR AY.30 OR AY.31 OR AY.32 OR AY.33 OR AY.33.1 OR AY.33.2 OR AY.34 OR AY.34.1 OR AY.34.1.1 OR AY.34.2 OR AY.35 OR AY.36 OR AY.36.1 OR AY.37 OR AY.38 OR AY.39 OR AY.39.1 OR AY.39.1.1 OR AY.39.1.2 OR AY.39.1.3 OR AY.39.1.4 OR AY.39.2 OR AY.39.3 OR AY.40 OR AY.41 OR AY.42 OR AY.42.1 OR AY.43 OR AY.43.1 OR AY.43.2 OR AY.43.3 OR AY.43.4 OR AY.43.5 OR AY.43.6 OR AY.43.7 OR AY.43.8 OR AY.43.9 OR AY.44 OR AY.45 OR AY.46 OR AY.46.1 OR AY.46.2 OR AY.46.3 OR AY.46.4 OR AY.46.5 OR AY.46.6 OR AY.46.6.1 OR AY.47 OR AY.48 OR AY.49 OR AY.50 OR AY.51 OR AY.52 OR AY.53 OR AY.54 OR AY.55 OR AY.56 OR AY.57 OR AY.58 OR AY.59 OR AY.60 OR AY.61 OR AY.62 OR AY.63 OR AY.64 OR AY.65 OR AY.66 OR AY.67 OR AY.68 OR AY.69 OR AY.70 OR AY.71 OR AY.72 OR AY.73 OR AY.74 OR AY.75 OR AY.75.2 OR AY.75.3 OR AY.76 OR AY.77 OR AY.78 OR AY.79 OR AY.80 OR AY.81 OR AY.82 OR AY.83 OR AY.84 OR AY.85 OR AY.86 OR AY.87 OR AY.88 OR AY.90 OR AY.91 OR AY.91.1 OR AY.92 OR AY.93 OR AY.94 OR AY.95 OR AY.98 OR AY.98.1 OR AY.98.1.1 OR AY.99 OR AY.99.1 OR AY.99.2 OR AY.100 OR AY.101 OR AY.102 OR AY.102.1 OR AY.102.2 OR AY.103 OR AY.103.1 OR AY.103.2 OR AY.104 OR AY.105 OR AY.106 OR AY.107 OR AY.108 OR AY.109 OR AY.110 OR AY.111 OR AY.112 OR AY.112.1 OR AY.112.2 OR AY.112.3 OR AY.113 OR AY.114 OR AY.116 OR AY.116.1 OR AY.117 OR AY.118 OR AY.119 OR AY.119.1 OR AY.119.2 OR AY.120 OR AY.120.1 OR AY.120.2 OR AY.120.2.1 OR AY.121 OR AY.121.1 OR AY.122 OR AY.122.1 OR AY.122.2 OR AY.122.3 OR AY.122.4 OR AY.122.5 OR AY.122.6 OR AY.123 OR AY.123.1 OR AY.124 OR AY.124.1 OR AY.124.1.1 OR AY.125 OR AY.125.1 OR AY.126 OR AY.127 OR AY.127.1 OR AY.127.2 OR AY.127.3 OR AY.128 OR AY.129 OR AY.130 OR AY.131 OR AY.132 OR AY.133 OR AY.134 OR B.1.617.2,Delta,5.71428571428571,5.14285714285714,0.9
2021-11-09,4,2,5.28571428571429,4.85714285714286,0.918918918918919,0.620622857700961,0.99990657939996,AY.1 OR AY.2 OR AY.3 OR AY.3.1 OR AY.3.2 OR AY.3.3 OR AY.3.4 OR AY.4 OR AY.4.1 OR AY.4.2 OR AY.4.2.1 OR AY.4.2.2 OR AY.4.2.3 OR AY.4.2.4 OR AY.4.2.5 OR AY.4.3 OR AY.4.4 OR AY.4.5 OR AY.4.6 OR AY.4.7 OR AY.4.8 OR AY.4.9 OR AY.4.10 OR AY.4.11 OR AY.4.12 OR AY.4.13 OR AY.4.14 OR AY.4.15 OR AY.4.16 OR AY.4.17 OR AY.5 OR AY.5.1 OR AY.5.2 OR AY.5.3 OR AY.5.4 OR AY.5.5 OR AY.5.6 OR AY.5.7 OR AY.6 OR AY.7 OR AY.7.1 OR AY.7.2 OR AY.8 OR AY.9 OR AY.9.2 OR AY.9.2.1 OR AY.9.2.2 OR AY.10 OR AY.11 OR AY.13 OR AY.14 OR AY.15 OR AY.16 OR AY.16.1 OR AY.17 OR AY.18 OR AY.19 OR AY.20 OR AY.20.1 OR AY.21 OR AY.22 OR AY.23 OR AY.23.1 OR AY.23.2 OR AY.24 OR AY.24.1 OR AY.25 OR AY.25.1 OR AY.25.1.1 OR AY.25.1.2 OR AY.25.2 OR AY.25.3 OR AY.26 OR AY.26.1 OR AY.27 OR AY.28 OR AY.29 OR AY.29.1 OR AY.29.2 OR AY.30 OR AY.31 OR AY.32 OR AY.33 OR AY.33.1 OR AY.33.2 OR AY.34 OR AY.34.1 OR AY.34.1.1 OR AY.34.2 OR AY.35 OR AY.36 OR AY.36.1 OR AY.37 OR AY.38 OR AY.39 OR AY.39.1 OR AY.39.1.1 OR AY.39.1.2 OR AY.39.1.3 OR AY.39.1.4 OR AY.39.2 OR AY.39.3 OR AY.40 OR AY.41 OR AY.42 OR AY.42.1 OR AY.43 OR AY.43.1 OR AY.43.2 OR AY.43.3 OR AY.43.4 OR AY.43.5 OR AY.43.6 OR AY.43.7 OR AY.43.8 OR AY.43.9 OR AY.44 OR AY.45 OR AY.46 OR AY.46.1 OR AY.46.2 OR AY.46.3 OR AY.46.4 OR AY.46.5 OR AY.46.6 OR AY.46.6.1 OR AY.47 OR AY.48 OR AY.49 OR AY.50 OR AY.51 OR AY.52 OR AY.53 OR AY.54 OR AY.55 OR AY.56 OR AY.57 OR AY.58 OR AY.59 OR AY.60 OR AY.61 OR AY.62 OR AY.63 OR AY.64 OR AY.65 OR AY.66 OR AY.67 OR AY.68 OR AY.69 OR AY.70 OR AY.71 OR AY.72 OR AY.73 OR AY.74 OR AY.75 OR AY.75.2 OR AY.75.3 OR AY.76 OR AY.77 OR AY.78 OR AY.79 OR AY.80 OR AY.81 OR AY.82 OR AY.83 OR AY.84 OR AY.85 OR AY.86 OR AY.87 OR AY.88 OR AY.90 OR AY.91 OR AY.91.1 OR AY.92 OR AY.93 OR AY.94 OR AY.95 OR AY.98 OR AY.98.1 OR AY.98.1.1 OR AY.99 OR AY.99.1 OR AY.99.2 OR AY.100 OR AY.101 OR AY.102 OR AY.102.1 OR AY.102.2 OR AY.103 OR AY.103.1 OR AY.103.2 OR AY.104 OR AY.105 OR AY.106 OR AY.107 OR AY.108 OR AY.109 OR AY.110 OR AY.111 OR AY.112 OR AY.112.1 OR AY.112.2 OR AY.112.3 OR AY.113 OR AY.114 OR AY.116 OR AY.116.1 OR AY.117 OR AY.118 OR AY.119 OR AY.119.1 OR AY.119.2 OR AY.120 OR AY.120.1 OR AY.120.2 OR AY.120.2.1 OR AY.121 OR AY.121.1 OR AY.122 OR AY.122.1 OR AY.122.2 OR AY.122.3 OR AY.122.4 OR AY.122.5 OR AY.122.6 OR AY.123 OR AY.123.1 OR AY.124 OR AY.124.1 OR AY.124.1.1 OR AY.125 OR AY.125.1 OR AY.126 OR AY.127 OR AY.127.1 OR AY.127.2 OR AY.127.3 OR AY.128 OR AY.129 OR AY.130 OR AY.131 OR AY.132 OR AY.133 OR AY.134 OR B.1.617.2,Delta,5.78571428571429,5.07142857142857,0.876543209876543
2021-11-10,3,3,4.71428571428571,4.28571428571429,0.909090909090909,0.371373599368006,0.977487234000845,AY.1 OR AY.2 OR AY.3 OR AY.3.1 OR AY.3.2 OR AY.3.3 OR AY.3.4 OR AY.4 OR AY.4.1 OR AY.4.2 OR AY.4.2.1 OR AY.4.2.2 OR AY.4.2.3 OR AY.4.2.4 OR AY.4.2.5 OR AY.4.3 OR AY.4.4 OR AY.4.5 OR AY.4.6 OR AY.4.7 OR AY.4.8 OR AY.4.9 OR AY.4.10 OR AY.4.11 OR AY.4.12 OR AY.4.13 OR AY.4.14 OR AY.4.15 OR AY.4.16 OR AY.4.17 OR AY.5 OR AY.5.1 OR AY.5.2 OR AY.5.3 OR AY.5.4 OR AY.5.5 OR AY.5.6 OR AY.5.7 OR AY.6 OR AY.7 OR AY.7.1 OR AY.7.2 OR AY.8 OR AY.9 OR AY.9.2 OR AY.9.2.1 OR AY.9.2.2 OR AY.10 OR AY.11 OR AY.13 OR AY.14 OR AY.15 OR AY.16 OR AY.16.1 OR AY.17 OR AY.18 OR AY.19 OR AY.20 OR AY.20.1 OR AY.21 OR AY.22 OR AY.23 OR AY.23.1 OR AY.23.2 OR AY.24 OR AY.24.1 OR AY.25 OR AY.25.1 OR AY.25.1.1 OR AY.25.1.2 OR AY.25.2 OR AY.25.3 OR AY.26 OR AY.26.1 OR AY.27 OR AY.28 OR AY.29 OR AY.29.1 OR AY.29.2 OR AY.30 OR AY.31 OR AY.32 OR AY.33 OR AY.33.1 OR AY.33.2 OR AY.34 OR AY.34.1 OR AY.34.1.1 OR AY.34.2 OR AY.35 OR AY.36 OR AY.36.1 OR AY.37 OR AY.38 OR AY.39 OR AY.39.1 OR AY.39.1.1 OR AY.39.1.2 OR AY.39.1.3 OR AY.39.1.4 OR AY.39.2 OR AY.39.3 OR AY.40 OR AY.41 OR AY.42 OR AY.42.1 OR AY.43 OR AY.43.1 OR AY.43.2 OR AY.43.3 OR AY.43.4 OR AY.43.5 OR AY.43.6 OR AY.43.7 OR AY.43.8 OR AY.43.9 OR AY.44 OR AY.45 OR AY.46 OR AY.46.1 OR AY.46.2 OR AY.46.3 OR AY.46.4 OR AY.46.5 OR AY.46.6 OR AY.46.6.1 OR AY.47 OR AY.48 OR AY.49 OR AY.50 OR AY.51 OR AY.52 OR AY.53 OR AY.54 OR AY.55 OR AY.56 OR AY.57 OR AY.58 OR AY.59 OR AY.60 OR AY.61 OR AY.62 OR AY.63 OR AY.64 OR AY.65 OR AY.66 OR AY.67 OR AY.68 OR AY.69 OR AY.70 OR AY.71 OR AY.72 OR AY.73 OR AY.74 OR AY.75 OR AY.75.2 OR AY.75.3 OR AY.76 OR AY.77 OR AY.78 OR AY.79 OR AY.80 OR AY.81 OR AY.82 OR AY.83 OR AY.84 OR AY.85 OR AY.86 OR AY.87 OR AY.88 OR AY.90 OR AY.91 OR AY.91.1 OR AY.92 OR AY.93 OR AY.94 OR AY.95 OR AY.98 OR AY.98.1 OR AY.98.1.1 OR AY.99 OR AY.99.1 OR AY.99.2 OR AY.100 OR AY.101 OR AY.102 OR AY.102.1 OR AY.102.2 OR AY.103 OR AY.103.1 OR AY.103.2 OR AY.104 OR AY.105 OR AY.106 OR AY.107 OR AY.108 OR AY.109 OR AY.110 OR AY.111 OR AY.112 OR AY.112.1 OR AY.112.2 OR AY.112.3 OR AY.113 OR AY.114 OR AY.116 OR AY.116.1 OR AY.117 OR AY.118 OR AY.119 OR AY.119.1 OR AY.119.2 OR AY.120 OR AY.120.1 OR AY.120.2 OR AY.120.2.1 OR AY.121 OR AY.121.1 OR AY.122 OR AY.122.1 OR AY.122.2 OR AY.122.3 OR AY.122.4 OR AY.122.5 OR AY.122.6 OR AY.123 OR AY.123.1 OR AY.124 OR AY.124.1 OR AY.124.1.1 OR AY.125 OR AY.125.1 OR AY.126 OR AY.127 OR AY.127.1 OR AY.127.2 OR AY.127.3 OR AY.128 OR AY.129 OR AY.130 OR AY.131 OR AY.132 OR AY.133 OR AY.134 OR B.1.617.2,Delta,5.42857142857143,4.78571428571429,0.881578947368421
2021-11-11,5,4,5,4.42857142857143,0.885714285714286,0.371373599368006,0.977487234000845,AY.1 OR AY.2 OR AY.3 OR AY.3.1 OR AY.3.2 OR AY.3.3 OR AY.3.4 OR AY.4 OR AY.4.1 OR AY.4.2 OR AY.4.2.1 OR AY.4.2.2 OR AY.4.2.3 OR AY.4.2.4 OR AY.4.2.5 OR AY.4.3 OR AY.4.4 OR AY.4.5 OR AY.4.6 OR AY.4.7 OR AY.4.8 OR AY.4.9 OR AY.4.10 OR AY.4.11 OR AY.4.12 OR AY.4.13 OR AY.4.14 OR AY.4.15 OR AY.4.16 OR AY.4.17 OR AY.5 OR AY.5.1 OR AY.5.2 OR AY.5.3 OR AY.5.4 OR AY.5.5 OR AY.5.6 OR AY.5.7 OR AY.6 OR AY.7 OR AY.7.1 OR AY.7.2 OR AY.8 OR AY.9 OR AY.9.2 OR AY.9.2.1 OR AY.9.2.2 OR AY.10 OR AY.11 OR AY.13 OR AY.14 OR AY.15 OR AY.16 OR AY.16.1 OR AY.17 OR AY.18 OR AY.19 OR AY.20 OR AY.20.1 OR AY.21 OR AY.22 OR AY.23 OR AY.23.1 OR AY.23.2 OR AY.24 OR AY.24.1 OR AY.25 OR AY.25.1 OR AY.25.1.1 OR AY.25.1.2 OR AY.25.2 OR AY.25.3 OR AY.26 OR AY.26.1 OR AY.27 OR AY.28 OR AY.29 OR AY.29.1 OR AY.29.2 OR AY.30 OR AY.31 OR AY.32 OR AY.33 OR AY.33.1 OR AY.33.2 OR AY.34 OR AY.34.1 OR AY.34.1.1 OR AY.34.2 OR AY.35 OR AY.36 OR AY.36.1 OR AY.37 OR AY.38 OR AY.39 OR AY.39.1 OR AY.39.1.1 OR AY.39.1.2 OR AY.39.1.3 OR AY.39.1.4 OR AY.39.2 OR AY.39.3 OR AY.40 OR AY.41 OR AY.42 OR AY.42.1 OR AY.43 OR AY.43.1 OR AY.43.2 OR AY.43.3 OR AY.43.4 OR AY.43.5 OR AY.43.6 OR AY.43.7 OR AY.43.8 OR AY.43.9 OR AY.44 OR AY.45 OR AY.46 OR AY.46.1 OR AY.46.2 OR AY.46.3 OR AY.46.4 OR AY.46.5 OR AY.46.6 OR AY.46.6.1 OR AY.47 OR AY.48 OR AY.49 OR AY.50 OR AY.51 OR AY.52 OR AY.53 OR AY.54 OR AY.55 OR AY.56 OR AY.57 OR AY.58 OR AY.59 OR AY.60 OR AY.61 OR AY.62 OR AY.63 OR AY.64 OR AY.65 OR AY.66 OR AY.67 OR AY.68 OR AY.69 OR AY.70 OR AY.71 OR AY.72 OR AY.73 OR AY.74 OR AY.75 OR AY.75.2 OR AY.75.3 OR AY.76 OR AY.77 OR AY.78 OR AY.79 OR AY.80 OR AY.81 OR AY.82 OR AY.83 OR AY.84 OR AY.85 OR AY.86 OR AY.87 OR AY.88 OR AY.90 OR AY.91 OR AY.91.1 OR AY.92 OR AY.93 OR AY.94 OR AY.95 OR AY.98 OR AY.98.1 OR AY.98.1.1 OR AY.99 OR AY.99.1 OR AY.99.2 OR AY.100 OR AY.101 OR AY.102 OR AY.102.1 OR AY.102.2 OR AY.103 OR AY.103.1 OR AY.103.2 OR AY.104 OR AY.105 OR AY.106 OR AY.107 OR AY.108 OR AY.109 OR AY.110 OR AY.111 OR AY.112 OR AY.112.1 OR AY.112.2 OR AY.112.3 OR AY.113 OR AY.114 OR AY.116 OR AY.116.1 OR AY.117 OR AY.118 OR AY.119 OR AY.119.1 OR AY.119.2 OR AY.120 OR AY.120.1 OR AY.120.2 OR AY.120.2.1 OR AY.121 OR AY.121.1 OR AY.122 OR AY.122.1 OR AY.122.2 OR AY.122.3 OR AY.122.4 OR AY.122.5 OR AY.122.6 OR AY.123 OR AY.123.1 OR AY.124 OR AY.124.1 OR AY.124.1.1 OR AY.125 OR AY.125.1 OR AY.126 OR AY.127 OR AY.127.1 OR AY.127.2 OR AY.127.3 OR AY.128 OR AY.129 OR AY.130 OR AY.131 OR AY.132 OR AY.133 OR AY.134 OR B.1.617.2,Delta,5.5,4.85714285714286,0.883116883116883
2021-11-12,3,3,4.14285714285714,3.57142857142857,0.862068965517241,0.55523738234236,0.999884667211762,AY.1 OR AY.2 OR AY.3 OR AY.3.1 OR AY.3.2 OR AY.3.3 OR AY.3.4 OR AY.4 OR AY.4.1 OR AY.4.2 OR AY.4.2.1 OR AY.4.2.2 OR AY.4.2.3 OR AY.4.2.4 OR AY.4.2.5 OR AY.4.3 OR AY.4.4 OR AY.4.5 OR AY.4.6 OR AY.4.7 OR AY.4.8 OR AY.4.9 OR AY.4.10 OR AY.4.11 OR AY.4.12 OR AY.4.13 OR AY.4.14 OR AY.4.15 OR AY.4.16 OR AY.4.17 OR AY.5 OR AY.5.1 OR AY.5.2 OR AY.5.3 OR AY.5.4 OR AY.5.5 OR AY.5.6 OR AY.5.7 OR AY.6 OR AY.7 OR AY.7.1 OR AY.7.2 OR AY.8 OR AY.9 OR AY.9.2 OR AY.9.2.1 OR AY.9.2.2 OR AY.10 OR AY.11 OR AY.13 OR AY.14 OR AY.15 OR AY.16 OR AY.16.1 OR AY.17 OR AY.18 OR AY.19 OR AY.20 OR AY.20.1 OR AY.21 OR AY.22 OR AY.23 OR AY.23.1 OR AY.23.2 OR AY.24 OR AY.24.1 OR AY.25 OR AY.25.1 OR AY.25.1.1 OR AY.25.1.2 OR AY.25.2 OR AY.25.3 OR AY.26 OR AY.26.1 OR AY.27 OR AY.28 OR AY.29 OR AY.29.1 OR AY.29.2 OR AY.30 OR AY.31 OR AY.32 OR AY.33 OR AY.33.1 OR AY.33.2 OR AY.34 OR AY.34.1 OR AY.34.1.1 OR AY.34.2 OR AY.35 OR AY.36 OR AY.36.1 OR AY.37 OR AY.38 OR AY.39 OR AY.39.1 OR AY.39.1.1 OR AY.39.1.2 OR AY.39.1.3 OR AY.39.1.4 OR AY.39.2 OR AY.39.3 OR AY.40 OR AY.41 OR AY.42 OR AY.42.1 OR AY.43 OR AY.43.1 OR AY.43.2 OR AY.43.3 OR AY.43.4 OR AY.43.5 OR AY.43.6 OR AY.43.7 OR AY.43.8 OR AY.43.9 OR AY.44 OR AY.45 OR AY.46 OR AY.46.1 OR AY.46.2 OR AY.46.3 OR AY.46.4 OR AY.46.5 OR AY.46.6 OR AY.46.6.1 OR AY.47 OR AY.48 OR AY.49 OR AY.50 OR AY.51 OR AY.52 OR AY.53 OR AY.54 OR AY.55 OR AY.56 OR AY.57 OR AY.58 OR AY.59 OR AY.60 OR AY.61 OR AY.62 OR AY.63 OR AY.64 OR AY.65 OR AY.66 OR AY.67 OR AY.68 OR AY.69 OR AY.70 OR AY.71 OR AY.72 OR AY.73 OR AY.74 OR AY.75 OR AY.75.2 OR AY.75.3 OR AY.76 OR AY.77 OR AY.78 OR AY.79 OR AY.80 OR AY.81 OR AY.82 OR AY.83 OR AY.84 OR AY.85 OR AY.86 OR AY.87 OR AY.88 OR AY.90 OR AY.91 OR AY.91.1 OR AY.92 OR AY.93 OR AY.94 OR AY.95 OR AY.98 OR AY.98.1 OR AY.98.1.1 OR AY.99 OR AY.99.1 OR AY.99.2 OR AY.100 OR AY.101 OR AY.102 OR AY.102.1 OR AY.102.2 OR AY.103 OR AY.103.1 OR AY.103.2 OR AY.104 OR AY.105 OR AY.106 OR AY.107 OR AY.108 OR AY.109 OR AY.110 OR AY.111 OR AY.112 OR AY.112.1 OR AY.112.2 OR AY.112.3 OR AY.113 OR AY.114 OR AY.116 OR AY.116.1 OR AY.117 OR AY.118 OR AY.119 OR AY.119.1 OR AY.119.2 OR AY.120 OR AY.120.1 OR AY.120.2 OR AY.120.2.1 OR AY.121 OR AY.121.1 OR AY.122 OR AY.122.1 OR AY.122.2 OR AY.122.3 OR AY.122.4 OR AY.122.5 OR AY.122.6 OR AY.123 OR AY.123.1 OR AY.124 OR AY.124.1 OR AY.124.1.1 OR AY.125 OR AY.125.1 OR AY.126 OR AY.127 OR AY.127.1 OR AY.127.2 OR AY.127.3 OR AY.128 OR AY.129 OR AY.130 OR AY.131 OR AY.132 OR AY.133 OR AY.134 OR B.1.617.2,Delta,5.21428571428571,4.57142857142857,0.876712328767123
2021-11-13,3,3,4,3.42857142857143,0.857142857142857,0.283751679563413,0.971529104912853,AY.1 OR AY.2 OR AY.3 OR AY.3.1 OR AY.3.2 OR AY.3.3 OR AY.3.4 OR AY.4 OR AY.4.1 OR AY.4.2 OR AY.4.2.1 OR AY.4.2.2 OR AY.4.2.3 OR AY.4.2.4 OR AY.4.2.5 OR AY.4.3 OR AY.4.4 OR AY.4.5 OR AY.4.6 OR AY.4.7 OR AY.4.8 OR AY.4.9 OR AY.4.10 OR AY.4.11 OR AY.4.12 OR AY.4.13 OR AY.4.14 OR AY.4.15 OR AY.4.16 OR AY.4.17 OR AY.5 OR AY.5.1 OR AY.5.2 OR AY.5.3 OR AY.5.4 OR AY.5.5 OR AY.5.6 OR AY.5.7 OR AY.6 OR AY.7 OR AY.7.1 OR AY.7.2 OR AY.8 OR AY.9 OR AY.9.2 OR AY.9.2.1 OR AY.9.2.2 OR AY.10 OR AY.11 OR AY.13 OR AY.14 OR AY.15 OR AY.16 OR AY.16.1 OR AY.17 OR AY.18 OR AY.19 OR AY.20 OR AY.20.1 OR AY.21 OR AY.22 OR AY.23 OR AY.23.1 OR AY.23.2 OR AY.24 OR AY.24.1 OR AY.25 OR AY.25.1 OR AY.25.1.1 OR AY.25.1.2 OR AY.25.2 OR AY.25.3 OR AY.26 OR AY.26.1 OR AY.27 OR AY.28 OR AY.29 OR AY.29.1 OR AY.29.2 OR AY.30 OR AY.31 OR AY.32 OR AY.33 OR AY.33.1 OR AY.33.2 OR AY.34 OR AY.34.1 OR AY.34.1.1 OR AY.34.2 OR AY.35 OR AY.36 OR AY.36.1 OR AY.37 OR AY.38 OR AY.39 OR AY.39.1 OR AY.39.1.1 OR AY.39.1.2 OR AY.39.1.3 OR AY.39.1.4 OR AY.39.2 OR AY.39.3 OR AY.40 OR AY.41 OR AY.42 OR AY.42.1 OR AY.43 OR AY.43.1 OR AY.43.2 OR AY.43.3 OR AY.43.4 OR AY.43.5 OR AY.43.6 OR AY.43.7 OR AY.43.8 OR AY.43.9 OR AY.44 OR AY.45 OR AY.46 OR AY.46.1 OR AY.46.2 OR AY.46.3 OR AY.46.4 OR AY.46.5 OR AY.46.6 OR AY.46.6.1 OR AY.47 OR AY.48 OR AY.49 OR AY.50 OR AY.51 OR AY.52 OR AY.53 OR AY.54 OR AY.55 OR AY.56 OR AY.57 OR AY.58 OR AY.59 OR AY.60 OR AY.61 OR AY.62 OR AY.63 OR AY.64 OR AY.65 OR AY.66 OR AY.67 OR AY.68 OR AY.69 OR AY.70 OR AY.71 OR AY.72 OR AY.73 OR AY.74 OR AY.75 OR AY.75.2 OR AY.75.3 OR AY.76 OR AY.77 OR AY.78 OR AY.79 OR AY.80 OR AY.81 OR AY.82 OR AY.83 OR AY.84 OR AY.85 OR AY.86 OR AY.87 OR AY.88 OR AY.90 OR AY.91 OR AY.91.1 OR AY.92 OR AY.93 OR AY.94 OR AY.95 OR AY.98 OR AY.98.1 OR AY.98.1.1 OR AY.99 OR AY.99.1 OR AY.99.2 OR AY.100 OR AY.101 OR AY.102 OR AY.102.1 OR AY.102.2 OR AY.103 OR AY.103.1 OR AY.103.2 OR AY.104 OR AY.105 OR AY.106 OR AY.107 OR AY.108 OR AY.109 OR AY.110 OR AY.111 OR AY.112 OR AY.112.1 OR AY.112.2 OR AY.112.3 OR AY.113 OR AY.114 OR AY.116 OR AY.116.1 OR AY.117 OR AY.118 OR AY.119 OR AY.119.1 OR AY.119.2 OR AY.120 OR AY.120.1 OR AY.120.2 OR AY.120.2.1 OR AY.121 OR AY.121.1 OR AY.122 OR AY.122.1 OR AY.122.2 OR AY.122.3 OR AY.122.4 OR AY.122.5 OR AY.122.6 OR AY.123 OR AY.123.1 OR AY.124 OR AY.124.1 OR AY.124.1.1 OR AY.125 OR AY.125.1 OR AY.126 OR AY.127 OR AY.127.1 OR AY.127.2 OR AY.127.3 OR AY.128 OR AY.129 OR AY.130 OR AY.131 OR AY.132 OR AY.133 OR AY.134 OR B.1.617.2,Delta,5.14285714285714,4.64285714285714,0.902777777777778
2021-11-15,3,3,3.5,3,0.857142857142857,0.283751679563413,0.971529104912853,AY.1 OR AY.2 OR AY.3 OR AY.3.1 OR AY.3.2 OR AY.3.3 OR AY.3.4 OR AY.4 OR AY.4.1 OR AY.4.2 OR AY.4.2.1 OR AY.4.2.2 OR AY.4.2.3 OR AY.4.2.4 OR AY.4.2.5 OR AY.4.3 OR AY.4.4 OR AY.4.5 OR AY.4.6 OR AY.4.7 OR AY.4.8 OR AY.4.9 OR AY.4.10 OR AY.4.11 OR AY.4.12 OR AY.4.13 OR AY.4.14 OR AY.4.15 OR AY.4.16 OR AY.4.17 OR AY.5 OR AY.5.1 OR AY.5.2 OR AY.5.3 OR AY.5.4 OR AY.5.5 OR AY.5.6 OR AY.5.7 OR AY.6 OR AY.7 OR AY.7.1 OR AY.7.2 OR AY.8 OR AY.9 OR AY.9.2 OR AY.9.2.1 OR AY.9.2.2 OR AY.10 OR AY.11 OR AY.13 OR AY.14 OR AY.15 OR AY.16 OR AY.16.1 OR AY.17 OR AY.18 OR AY.19 OR AY.20 OR AY.20.1 OR AY.21 OR AY.22 OR AY.23 OR AY.23.1 OR AY.23.2 OR AY.24 OR AY.24.1 OR AY.25 OR AY.25.1 OR AY.25.1.1 OR AY.25.1.2 OR AY.25.2 OR AY.25.3 OR AY.26 OR AY.26.1 OR AY.27 OR AY.28 OR AY.29 OR AY.29.1 OR AY.29.2 OR AY.30 OR AY.31 OR AY.32 OR AY.33 OR AY.33.1 OR AY.33.2 OR AY.34 OR AY.34.1 OR AY.34.1.1 OR AY.34.2 OR AY.35 OR AY.36 OR AY.36.1 OR AY.37 OR AY.38 OR AY.39 OR AY.39.1 OR AY.39.1.1 OR AY.39.1.2 OR AY.39.1.3 OR AY.39.1.4 OR AY.39.2 OR AY.39.3 OR AY.40 OR AY.41 OR AY.42 OR AY.42.1 OR AY.43 OR AY.43.1 OR AY.43.2 OR AY.43.3 OR AY.43.4 OR AY.43.5 OR AY.43.6 OR AY.43.7 OR AY.43.8 OR AY.43.9 OR AY.44 OR AY.45 OR AY.46 OR AY.46.1 OR AY.46.2 OR AY.46.3 OR AY.46.4 OR AY.46.5 OR AY.46.6 OR AY.46.6.1 OR AY.47 OR AY.48 OR AY.49 OR AY.50 OR AY.51 OR AY.52 OR AY.53 OR AY.54 OR AY.55 OR AY.56 OR AY.57 OR AY.58 OR AY.59 OR AY.60 OR AY.61 OR AY.62 OR AY.63 OR AY.64 OR AY.65 OR AY.66 OR AY.67 OR AY.68 OR AY.69 OR AY.70 OR AY.71 OR AY.72 OR AY.73 OR AY.74 OR AY.75 OR AY.75.2 OR AY.75.3 OR AY.76 OR AY.77 OR AY.78 OR AY.79 OR AY.80 OR AY.81 OR AY.82 OR AY.83 OR AY.84 OR AY.85 OR AY.86 OR AY.87 OR AY.88 OR AY.90 OR AY.91 OR AY.91.1 OR AY.92 OR AY.93 OR AY.94 OR AY.95 OR AY.98 OR AY.98.1 OR AY.98.1.1 OR AY.99 OR AY.99.1 OR AY.99.2 OR AY.100 OR AY.101 OR AY.102 OR AY.102.1 OR AY.102.2 OR AY.103 OR AY.103.1 OR AY.103.2 OR AY.104 OR AY.105 OR AY.106 OR AY.107 OR AY.108 OR AY.109 OR AY.110 OR AY.111 OR AY.112 OR AY.112.1 OR AY.112.2 OR AY.112.3 OR AY.113 OR AY.114 OR AY.116 OR AY.116.1 OR AY.117 OR AY.118 OR AY.119 OR AY.119.1 OR AY.119.2 OR AY.120 OR AY.120.1 OR AY.120.2 OR AY.120.2.1 OR AY.121 OR AY.121.1 OR AY.122 OR AY.122.1 OR AY.122.2 OR AY.122.3 OR AY.122.4 OR AY.122.5 OR AY.122.6 OR AY.123 OR AY.123.1 OR AY.124 OR AY.124.1 OR AY.124.1.1 OR AY.125 OR AY.125.1 OR AY.126 OR AY.127 OR AY.127.1 OR AY.127.2 OR AY.127.3 OR AY.128 OR AY.129 OR AY.130 OR AY.131 OR AY.132 OR AY.133 OR AY.134 OR B.1.617.2,Delta,5.14285714285714,4.64285714285714,0.902777777777778
2021-11-16,3,2,3.33333333333333,3,0.9,0.46441675695705,0.999849363974563,AY.1 OR AY.2 OR AY.3 OR AY.3.1 OR AY.3.2 OR AY.3.3 OR AY.3.4 OR AY.4 OR AY.4.1 OR AY.4.2 OR AY.4.2.1 OR AY.4.2.2 OR AY.4.2.3 OR AY.4.2.4 OR AY.4.2.5 OR AY.4.3 OR AY.4.4 OR AY.4.5 OR AY.4.6 OR AY.4.7 OR AY.4.8 OR AY.4.9 OR AY.4.10 OR AY.4.11 OR AY.4.12 OR AY.4.13 OR AY.4.14 OR AY.4.15 OR AY.4.16 OR AY.4.17 OR AY.5 OR AY.5.1 OR AY.5.2 OR AY.5.3 OR AY.5.4 OR AY.5.5 OR AY.5.6 OR AY.5.7 OR AY.6 OR AY.7 OR AY.7.1 OR AY.7.2 OR AY.8 OR AY.9 OR AY.9.2 OR AY.9.2.1 OR AY.9.2.2 OR AY.10 OR AY.11 OR AY.13 OR AY.14 OR AY.15 OR AY.16 OR AY.16.1 OR AY.17 OR AY.18 OR AY.19 OR AY.20 OR AY.20.1 OR AY.21 OR AY.22 OR AY.23 OR AY.23.1 OR AY.23.2 OR AY.24 OR AY.24.1 OR AY.25 OR AY.25.1 OR AY.25.1.1 OR AY.25.1.2 OR AY.25.2 OR AY.25.3 OR AY.26 OR AY.26.1 OR AY.27 OR AY.28 OR AY.29 OR AY.29.1 OR AY.29.2 OR AY.30 OR AY.31 OR AY.32 OR AY.33 OR AY.33.1 OR AY.33.2 OR AY.34 OR AY.34.1 OR AY.34.1.1 OR AY.34.2 OR AY.35 OR AY.36 OR AY.36.1 OR AY.37 OR AY.38 OR AY.39 OR AY.39.1 OR AY.39.1.1 OR AY.39.1.2 OR AY.39.1.3 OR AY.39.1.4 OR AY.39.2 OR AY.39.3 OR AY.40 OR AY.41 OR AY.42 OR AY.42.1 OR AY.43 OR AY.43.1 OR AY.43.2 OR AY.43.3 OR AY.43.4 OR AY.43.5 OR AY.43.6 OR AY.43.7 OR AY.43.8 OR AY.43.9 OR AY.44 OR AY.45 OR AY.46 OR AY.46.1 OR AY.46.2 OR AY.46.3 OR AY.46.4 OR AY.46.5 OR AY.46.6 OR AY.46.6.1 OR AY.47 OR AY.48 OR AY.49 OR AY.50 OR AY.51 OR AY.52 OR AY.53 OR AY.54 OR AY.55 OR AY.56 OR AY.57 OR AY.58 OR AY.59 OR AY.60 OR AY.61 OR AY.62 OR AY.63 OR AY.64 OR AY.65 OR AY.66 OR AY.67 OR AY.68 OR AY.69 OR AY.70 OR AY.71 OR AY.72 OR AY.73 OR AY.74 OR AY.75 OR AY.75.2 OR AY.75.3 OR AY.76 OR AY.77 OR AY.78 OR AY.79 OR AY.80 OR AY.81 OR AY.82 OR AY.83 OR AY.84 OR AY.85 OR AY.86 OR AY.87 OR AY.88 OR AY.90 OR AY.91 OR AY.91.1 OR AY.92 OR AY.93 OR AY.94 OR AY.95 OR AY.98 OR AY.98.1 OR AY.98.1.1 OR AY.99 OR AY.99.1 OR AY.99.2 OR AY.100 OR AY.101 OR AY.102 OR AY.102.1 OR AY.102.2 OR AY.103 OR AY.103.1 OR AY.103.2 OR AY.104 OR AY.105 OR AY.106 OR AY.107 OR AY.108 OR AY.109 OR AY.110 OR AY.111 OR AY.112 OR AY.112.1 OR AY.112.2 OR AY.112.3 OR AY.113 OR AY.114 OR AY.116 OR AY.116.1 OR AY.117 OR AY.118 OR AY.119 OR AY.119.1 OR AY.119.2 OR AY.120 OR AY.120.1 OR AY.120.2 OR AY.120.2.1 OR AY.121 OR AY.121.1 OR AY.122 OR AY.122.1 OR AY.122.2 OR AY.122.3 OR AY.122.4 OR AY.122.5 OR AY.122.6 OR AY.123 OR AY.123.1 OR AY.124 OR AY.124.1 OR AY.124.1.1 OR AY.125 OR AY.125.1 OR AY.126 OR AY.127 OR AY.127.1 OR AY.127.2 OR AY.127.3 OR AY.128 OR AY.129 OR AY.130 OR AY.131 OR AY.132 OR AY.133 OR AY.134 OR B.1.617.2,Delta,5.07142857142857,4.57142857142857,0.901408450704225
2021-11-17,2,2,3.16666666666667,2.83333333333333,0.894736842105263,0.46441675695705,0.999849363974563,AY.1 OR AY.2 OR AY.3 OR AY.3.1 OR AY.3.2 OR AY.3.3 OR AY.3.4 OR AY.4 OR AY.4.1 OR AY.4.2 OR AY.4.2.1 OR AY.4.2.2 OR AY.4.2.3 OR AY.4.2.4 OR AY.4.2.5 OR AY.4.3 OR AY.4.4 OR AY.4.5 OR AY.4.6 OR AY.4.7 OR AY.4.8 OR AY.4.9 OR AY.4.10 OR AY.4.11 OR AY.4.12 OR AY.4.13 OR AY.4.14 OR AY.4.15 OR AY.4.16 OR AY.4.17 OR AY.5 OR AY.5.1 OR AY.5.2 OR AY.5.3 OR AY.5.4 OR AY.5.5 OR AY.5.6 OR AY.5.7 OR AY.6 OR AY.7 OR AY.7.1 OR AY.7.2 OR AY.8 OR AY.9 OR AY.9.2 OR AY.9.2.1 OR AY.9.2.2 OR AY.10 OR AY.11 OR AY.13 OR AY.14 OR AY.15 OR AY.16 OR AY.16.1 OR AY.17 OR AY.18 OR AY.19 OR AY.20 OR AY.20.1 OR AY.21 OR AY.22 OR AY.23 OR AY.23.1 OR AY.23.2 OR AY.24 OR AY.24.1 OR AY.25 OR AY.25.1 OR AY.25.1.1 OR AY.25.1.2 OR AY.25.2 OR AY.25.3 OR AY.26 OR AY.26.1 OR AY.27 OR AY.28 OR AY.29 OR AY.29.1 OR AY.29.2 OR AY.30 OR AY.31 OR AY.32 OR AY.33 OR AY.33.1 OR AY.33.2 OR AY.34 OR AY.34.1 OR AY.34.1.1 OR AY.34.2 OR AY.35 OR AY.36 OR AY.36.1 OR AY.37 OR AY.38 OR AY.39 OR AY.39.1 OR AY.39.1.1 OR AY.39.1.2 OR AY.39.1.3 OR AY.39.1.4 OR AY.39.2 OR AY.39.3 OR AY.40 OR AY.41 OR AY.42 OR AY.42.1 OR AY.43 OR AY.43.1 OR AY.43.2 OR AY.43.3 OR AY.43.4 OR AY.43.5 OR AY.43.6 OR AY.43.7 OR AY.43.8 OR AY.43.9 OR AY.44 OR AY.45 OR AY.46 OR AY.46.1 OR AY.46.2 OR AY.46.3 OR AY.46.4 OR AY.46.5 OR AY.46.6 OR AY.46.6.1 OR AY.47 OR AY.48 OR AY.49 OR AY.50 OR AY.51 OR AY.52 OR AY.53 OR AY.54 OR AY.55 OR AY.56 OR AY.57 OR AY.58 OR AY.59 OR AY.60 OR AY.61 OR AY.62 OR AY.63 OR AY.64 OR AY.65 OR AY.66 OR AY.67 OR AY.68 OR AY.69 OR AY.70 OR AY.71 OR AY.72 OR AY.73 OR AY.74 OR AY.75 OR AY.75.2 OR AY.75.3 OR AY.76 OR AY.77 OR AY.78 OR AY.79 OR AY.80 OR AY.81 OR AY.82 OR AY.83 OR AY.84 OR AY.85 OR AY.86 OR AY.87 OR AY.88 OR AY.90 OR AY.91 OR AY.91.1 OR AY.92 OR AY.93 OR AY.94 OR AY.95 OR AY.98 OR AY.98.1 OR AY.98.1.1 OR AY.99 OR AY.99.1 OR AY.99.2 OR AY.100 OR AY.101 OR AY.102 OR AY.102.1 OR AY.102.2 OR AY.103 OR AY.103.1 OR AY.103.2 OR AY.104 OR AY.105 OR AY.106 OR AY.107 OR AY.108 OR AY.109 OR AY.110 OR AY.111 OR AY.112 OR AY.112.1 OR AY.112.2 OR AY.112.3 OR AY.113 OR AY.114 OR AY.116 OR AY.116.1 OR AY.117 OR AY.118 OR AY.119 OR AY.119.1 OR AY.119.2 OR AY.120 OR AY.120.1 OR AY.120.2 OR AY.120.2.1 OR AY.121 OR AY.121.1 OR AY.122 OR AY.122.1 OR AY.122.2 OR AY.122.3 OR AY.122.4 OR AY.122.5 OR AY.122.6 OR AY.123 OR AY.123.1 OR AY.124 OR AY.124.1 OR AY.124.1.1 OR AY.125 OR AY.125.1 OR AY.126 OR AY.127 OR AY.127.1 OR AY.127.2 OR AY.127.3 OR AY.128 OR AY.129 OR AY.130 OR AY.131 OR AY.132 OR AY.133 OR AY.134 OR B.1.617.2,Delta,4.21428571428571,3.85714285714286,0.915254237288136
2021-11-18,2,2,2.66666666666667,2.5,0.9375,0.176736097131257,0.961252382214835,AY.1 OR AY.2 OR AY.3 OR AY.3.1 OR AY.3.2 OR AY.3.3 OR AY.3.4 OR AY.4 OR AY.4.1 OR AY.4.2 OR AY.4.2.1 OR AY.4.2.2 OR AY.4.2.3 OR AY.4.2.4 OR AY.4.2.5 OR AY.4.3 OR AY.4.4 OR AY.4.5 OR AY.4.6 OR AY.4.7 OR AY.4.8 OR AY.4.9 OR AY.4.10 OR AY.4.11 OR AY.4.12 OR AY.4.13 OR AY.4.14 OR AY.4.15 OR AY.4.16 OR AY.4.17 OR AY.5 OR AY.5.1 OR AY.5.2 OR AY.5.3 OR AY.5.4 OR AY.5.5 OR AY.5.6 OR AY.5.7 OR AY.6 OR AY.7 OR AY.7.1 OR AY.7.2 OR AY.8 OR AY.9 OR AY.9.2 OR AY.9.2.1 OR AY.9.2.2 OR AY.10 OR AY.11 OR AY.13 OR AY.14 OR AY.15 OR AY.16 OR AY.16.1 OR AY.17 OR AY.18 OR AY.19 OR AY.20 OR AY.20.1 OR AY.21 OR AY.22 OR AY.23 OR AY.23.1 OR AY.23.2 OR AY.24 OR AY.24.1 OR AY.25 OR AY.25.1 OR AY.25.1.1 OR AY.25.1.2 OR AY.25.2 OR AY.25.3 OR AY.26 OR AY.26.1 OR AY.27 OR AY.28 OR AY.29 OR AY.29.1 OR AY.29.2 OR AY.30 OR AY.31 OR AY.32 OR AY.33 OR AY.33.1 OR AY.33.2 OR AY.34 OR AY.34.1 OR AY.34.1.1 OR AY.34.2 OR AY.35 OR AY.36 OR AY.36.1 OR AY.37 OR AY.38 OR AY.39 OR AY.39.1 OR AY.39.1.1 OR AY.39.1.2 OR AY.39.1.3 OR AY.39.1.4 OR AY.39.2 OR AY.39.3 OR AY.40 OR AY.41 OR AY.42 OR AY.42.1 OR AY.43 OR AY.43.1 OR AY.43.2 OR AY.43.3 OR AY.43.4 OR AY.43.5 OR AY.43.6 OR AY.43.7 OR AY.43.8 OR AY.43.9 OR AY.44 OR AY.45 OR AY.46 OR AY.46.1 OR AY.46.2 OR AY.46.3 OR AY.46.4 OR AY.46.5 OR AY.46.6 OR AY.46.6.1 OR AY.47 OR AY.48 OR AY.49 OR AY.50 OR AY.51 OR AY.52 OR AY.53 OR AY.54 OR AY.55 OR AY.56 OR AY.57 OR AY.58 OR AY.59 OR AY.60 OR AY.61 OR AY.62 OR AY.63 OR AY.64 OR AY.65 OR AY.66 OR AY.67 OR AY.68 OR AY.69 OR AY.70 OR AY.71 OR AY.72 OR AY.73 OR AY.74 OR AY.75 OR AY.75.2 OR AY.75.3 OR AY.76 OR AY.77 OR AY.78 OR AY.79 OR AY.80 OR AY.81 OR AY.82 OR AY.83 OR AY.84 OR AY.85 OR AY.86 OR AY.87 OR AY.88 OR AY.90 OR AY.91 OR AY.91.1 OR AY.92 OR AY.93 OR AY.94 OR AY.95 OR AY.98 OR AY.98.1 OR AY.98.1.1 OR AY.99 OR AY.99.1 OR AY.99.2 OR AY.100 OR AY.101 OR AY.102 OR AY.102.1 OR AY.102.2 OR AY.103 OR AY.103.1 OR AY.103.2 OR AY.104 OR AY.105 OR AY.106 OR AY.107 OR AY.108 OR AY.109 OR AY.110 OR AY.111 OR AY.112 OR AY.112.1 OR AY.112.2 OR AY.112.3 OR AY.113 OR AY.114 OR AY.116 OR AY.116.1 OR AY.117 OR AY.118 OR AY.119 OR AY.119.1 OR AY.119.2 OR AY.120 OR AY.120.1 OR AY.120.2 OR AY.120.2.1 OR AY.121 OR AY.121.1 OR AY.122 OR AY.122.1 OR AY.122.2 OR AY.122.3 OR AY.122.4 OR AY.122.5 OR AY.122.6 OR AY.123 OR AY.123.1 OR AY.124 OR AY.124.1 OR AY.124.1.1 OR AY.125 OR AY.125.1 OR AY.126 OR AY.127 OR AY.127.1 OR AY.127.2 OR AY.127.3 OR AY.128 OR AY.129 OR AY.130 OR AY.131 OR AY.132 OR AY.133 OR AY.134 OR B.1.617.2,Delta,3.85714285714286,3.5,0.907407407407407
2021-11-19,2,2,2.5,2.33333333333333,0.933333333333333,0.333178245598791,0.999783091529969,AY.1 OR AY.2 OR AY.3 OR AY.3.1 OR AY.3.2 OR AY.3.3 OR AY.3.4 OR AY.4 OR AY.4.1 OR AY.4.2 OR AY.4.2.1 OR AY.4.2.2 OR AY.4.2.3 OR AY.4.2.4 OR AY.4.2.5 OR AY.4.3 OR AY.4.4 OR AY.4.5 OR AY.4.6 OR AY.4.7 OR AY.4.8 OR AY.4.9 OR AY.4.10 OR AY.4.11 OR AY.4.12 OR AY.4.13 OR AY.4.14 OR AY.4.15 OR AY.4.16 OR AY.4.17 OR AY.5 OR AY.5.1 OR AY.5.2 OR AY.5.3 OR AY.5.4 OR AY.5.5 OR AY.5.6 OR AY.5.7 OR AY.6 OR AY.7 OR AY.7.1 OR AY.7.2 OR AY.8 OR AY.9 OR AY.9.2 OR AY.9.2.1 OR AY.9.2.2 OR AY.10 OR AY.11 OR AY.13 OR AY.14 OR AY.15 OR AY.16 OR AY.16.1 OR AY.17 OR AY.18 OR AY.19 OR AY.20 OR AY.20.1 OR AY.21 OR AY.22 OR AY.23 OR AY.23.1 OR AY.23.2 OR AY.24 OR AY.24.1 OR AY.25 OR AY.25.1 OR AY.25.1.1 OR AY.25.1.2 OR AY.25.2 OR AY.25.3 OR AY.26 OR AY.26.1 OR AY.27 OR AY.28 OR AY.29 OR AY.29.1 OR AY.29.2 OR AY.30 OR AY.31 OR AY.32 OR AY.33 OR AY.33.1 OR AY.33.2 OR AY.34 OR AY.34.1 OR AY.34.1.1 OR AY.34.2 OR AY.35 OR AY.36 OR AY.36.1 OR AY.37 OR AY.38 OR AY.39 OR AY.39.1 OR AY.39.1.1 OR AY.39.1.2 OR AY.39.1.3 OR AY.39.1.4 OR AY.39.2 OR AY.39.3 OR AY.40 OR AY.41 OR AY.42 OR AY.42.1 OR AY.43 OR AY.43.1 OR AY.43.2 OR AY.43.3 OR AY.43.4 OR AY.43.5 OR AY.43.6 OR AY.43.7 OR AY.43.8 OR AY.43.9 OR AY.44 OR AY.45 OR AY.46 OR AY.46.1 OR AY.46.2 OR AY.46.3 OR AY.46.4 OR AY.46.5 OR AY.46.6 OR AY.46.6.1 OR AY.47 OR AY.48 OR AY.49 OR AY.50 OR AY.51 OR AY.52 OR AY.53 OR AY.54 OR AY.55 OR AY.56 OR AY.57 OR AY.58 OR AY.59 OR AY.60 OR AY.61 OR AY.62 OR AY.63 OR AY.64 OR AY.65 OR AY.66 OR AY.67 OR AY.68 OR AY.69 OR AY.70 OR AY.71 OR AY.72 OR AY.73 OR AY.74 OR AY.75 OR AY.75.2 OR AY.75.3 OR AY.76 OR AY.77 OR AY.78 OR AY.79 OR AY.80 OR AY.81 OR AY.82 OR AY.83 OR AY.84 OR AY.85 OR AY.86 OR AY.87 OR AY.88 OR AY.90 OR AY.91 OR AY.91.1 OR AY.92 OR AY.93 OR AY.94 OR AY.95 OR AY.98 OR AY.98.1 OR AY.98.1.1 OR AY.99 OR AY.99.1 OR AY.99.2 OR AY.100 OR AY.101 OR AY.102 OR AY.102.1 OR AY.102.2 OR AY.103 OR AY.103.1 OR AY.103.2 OR AY.104 OR AY.105 OR AY.106 OR AY.107 OR AY.108 OR AY.109 OR AY.110 OR AY.111 OR AY.112 OR AY.112.1 OR AY.112.2 OR AY.112.3 OR AY.113 OR AY.114 OR AY.116 OR AY.116.1 OR AY.117 OR AY.118 OR AY.119 OR AY.119.1 OR AY.119.2 OR AY.120 OR AY.120.1 OR AY.120.2 OR AY.120.2.1 OR AY.121 OR AY.121.1 OR AY.122 OR AY.122.1 OR AY.122.2 OR AY.122.3 OR AY.122.4 OR AY.122.5 OR AY.122.6 OR AY.123 OR AY.123.1 OR AY.124 OR AY.124.1 OR AY.124.1.1 OR AY.125 OR AY.125.1 OR AY.126 OR AY.127 OR AY.127.1 OR AY.127.2 OR AY.127.3 OR AY.128 OR AY.129 OR AY.130 OR AY.131 OR AY.132 OR AY.133 OR AY.134 OR B.1.617.2,Delta,3.78571428571429,3.42857142857143,0.905660377358491
2021-11-20,2,2,2.33333333333333,2.16666666666667,0.928571428571428,0.333178245598791,0.999783091529969,AY.1 OR AY.2 OR AY.3 OR AY.3.1 OR AY.3.2 OR AY.3.3 OR AY.3.4 OR AY.4 OR AY.4.1 OR AY.4.2 OR AY.4.2.1 OR AY.4.2.2 OR AY.4.2.3 OR AY.4.2.4 OR AY.4.2.5 OR AY.4.3 OR AY.4.4 OR AY.4.5 OR AY.4.6 OR AY.4.7 OR AY.4.8 OR AY.4.9 OR AY.4.10 OR AY.4.11 OR AY.4.12 OR AY.4.13 OR AY.4.14 OR AY.4.15 OR AY.4.16 OR AY.4.17 OR AY.5 OR AY.5.1 OR AY.5.2 OR AY.5.3 OR AY.5.4 OR AY.5.5 OR AY.5.6 OR AY.5.7 OR AY.6 OR AY.7 OR AY.7.1 OR AY.7.2 OR AY.8 OR AY.9 OR AY.9.2 OR AY.9.2.1 OR AY.9.2.2 OR AY.10 OR AY.11 OR AY.13 OR AY.14 OR AY.15 OR AY.16 OR AY.16.1 OR AY.17 OR AY.18 OR AY.19 OR AY.20 OR AY.20.1 OR AY.21 OR AY.22 OR AY.23 OR AY.23.1 OR AY.23.2 OR AY.24 OR AY.24.1 OR AY.25 OR AY.25.1 OR AY.25.1.1 OR AY.25.1.2 OR AY.25.2 OR AY.25.3 OR AY.26 OR AY.26.1 OR AY.27 OR AY.28 OR AY.29 OR AY.29.1 OR AY.29.2 OR AY.30 OR AY.31 OR AY.32 OR AY.33 OR AY.33.1 OR AY.33.2 OR AY.34 OR AY.34.1 OR AY.34.1.1 OR AY.34.2 OR AY.35 OR AY.36 OR AY.36.1 OR AY.37 OR AY.38 OR AY.39 OR AY.39.1 OR AY.39.1.1 OR AY.39.1.2 OR AY.39.1.3 OR AY.39.1.4 OR AY.39.2 OR AY.39.3 OR AY.40 OR AY.41 OR AY.42 OR AY.42.1 OR AY.43 OR AY.43.1 OR AY.43.2 OR AY.43.3 OR AY.43.4 OR AY.43.5 OR AY.43.6 OR AY.43.7 OR AY.43.8 OR AY.43.9 OR AY.44 OR AY.45 OR AY.46 OR AY.46.1 OR AY.46.2 OR AY.46.3 OR AY.46.4 OR AY.46.5 OR AY.46.6 OR AY.46.6.1 OR AY.47 OR AY.48 OR AY.49 OR AY.50 OR AY.51 OR AY.52 OR AY.53 OR AY.54 OR AY.55 OR AY.56 OR AY.57 OR AY.58 OR AY.59 OR AY.60 OR AY.61 OR AY.62 OR AY.63 OR AY.64 OR AY.65 OR AY.66 OR AY.67 OR AY.68 OR AY.69 OR AY.70 OR AY.71 OR AY.72 OR AY.73 OR AY.74 OR AY.75 OR AY.75.2 OR AY.75.3 OR AY.76 OR AY.77 OR AY.78 OR AY.79 OR AY.80 OR AY.81 OR AY.82 OR AY.83 OR AY.84 OR AY.85 OR AY.86 OR AY.87 OR AY.88 OR AY.90 OR AY.91 OR AY.91.1 OR AY.92 OR AY.93 OR AY.94 OR AY.95 OR AY.98 OR AY.98.1 OR AY.98.1.1 OR AY.99 OR AY.99.1 OR AY.99.2 OR AY.100 OR AY.101 OR AY.102 OR AY.102.1 OR AY.102.2 OR AY.103 OR AY.103.1 OR AY.103.2 OR AY.104 OR AY.105 OR AY.106 OR AY.107 OR AY.108 OR AY.109 OR AY.110 OR AY.111 OR AY.112 OR AY.112.1 OR AY.112.2 OR AY.112.3 OR AY.113 OR AY.114 OR AY.116 OR AY.116.1 OR AY.117 OR AY.118 OR AY.119 OR AY.119.1 OR AY.119.2 OR AY.120 OR AY.120.1 OR AY.120.2 OR AY.120.2.1 OR AY.121 OR AY.121.1 OR AY.122 OR AY.122.1 OR AY.122.2 OR AY.122.3 OR AY.122.4 OR AY.122.5 OR AY.122.6 OR AY.123 OR AY.123.1 OR AY.124 OR AY.124.1 OR AY.124.1.1 OR AY.125 OR AY.125.1 OR AY.126 OR AY.127 OR AY.127.1 OR AY.127.2 OR AY.127.3 OR AY.128 OR AY.129 OR AY.130 OR AY.131 OR AY.132 OR AY.133 OR AY.134 OR B.1.617.2,Delta,3.28571428571429,2.92857142857143,0.891304347826087
2021-11-22,4,3,2.5,2.16666666666667,0.866666666666667,0.333178245598791,0.999783091529969,AY.1 OR AY.2 OR AY.3 OR AY.3.1 OR AY.3.2 OR AY.3.3 OR AY.3.4 OR AY.4 OR AY.4.1 OR AY.4.2 OR AY.4.2.1 OR AY.4.2.2 OR AY.4.2.3 OR AY.4.2.4 OR AY.4.2.5 OR AY.4.3 OR AY.4.4 OR AY.4.5 OR AY.4.6 OR AY.4.7 OR AY.4.8 OR AY.4.9 OR AY.4.10 OR AY.4.11 OR AY.4.12 OR AY.4.13 OR AY.4.14 OR AY.4.15 OR AY.4.16 OR AY.4.17 OR AY.5 OR AY.5.1 OR AY.5.2 OR AY.5.3 OR AY.5.4 OR AY.5.5 OR AY.5.6 OR AY.5.7 OR AY.6 OR AY.7 OR AY.7.1 OR AY.7.2 OR AY.8 OR AY.9 OR AY.9.2 OR AY.9.2.1 OR AY.9.2.2 OR AY.10 OR AY.11 OR AY.13 OR AY.14 OR AY.15 OR AY.16 OR AY.16.1 OR AY.17 OR AY.18 OR AY.19 OR AY.20 OR AY.20.1 OR AY.21 OR AY.22 OR AY.23 OR AY.23.1 OR AY.23.2 OR AY.24 OR AY.24.1 OR AY.25 OR AY.25.1 OR AY.25.1.1 OR AY.25.1.2 OR AY.25.2 OR AY.25.3 OR AY.26 OR AY.26.1 OR AY.27 OR AY.28 OR AY.29 OR AY.29.1 OR AY.29.2 OR AY.30 OR AY.31 OR AY.32 OR AY.33 OR AY.33.1 OR AY.33.2 OR AY.34 OR AY.34.1 OR AY.34.1.1 OR AY.34.2 OR AY.35 OR AY.36 OR AY.36.1 OR AY.37 OR AY.38 OR AY.39 OR AY.39.1 OR AY.39.1.1 OR AY.39.1.2 OR AY.39.1.3 OR AY.39.1.4 OR AY.39.2 OR AY.39.3 OR AY.40 OR AY.41 OR AY.42 OR AY.42.1 OR AY.43 OR AY.43.1 OR AY.43.2 OR AY.43.3 OR AY.43.4 OR AY.43.5 OR AY.43.6 OR AY.43.7 OR AY.43.8 OR AY.43.9 OR AY.44 OR AY.45 OR AY.46 OR AY.46.1 OR AY.46.2 OR AY.46.3 OR AY.46.4 OR AY.46.5 OR AY.46.6 OR AY.46.6.1 OR AY.47 OR AY.48 OR AY.49 OR AY.50 OR AY.51 OR AY.52 OR AY.53 OR AY.54 OR AY.55 OR AY.56 OR AY.57 OR AY.58 OR AY.59 OR AY.60 OR AY.61 OR AY.62 OR AY.63 OR AY.64 OR AY.65 OR AY.66 OR AY.67 OR AY.68 OR AY.69 OR AY.70 OR AY.71 OR AY.72 OR AY.73 OR AY.74 OR AY.75 OR AY.75.2 OR AY.75.3 OR AY.76 OR AY.77 OR AY.78 OR AY.79 OR AY.80 OR AY.81 OR AY.82 OR AY.83 OR AY.84 OR AY.85 OR AY.86 OR AY.87 OR AY.88 OR AY.90 OR AY.91 OR AY.91.1 OR AY.92 OR AY.93 OR AY.94 OR AY.95 OR AY.98 OR AY.98.1 OR AY.98.1.1 OR AY.99 OR AY.99.1 OR AY.99.2 OR AY.100 OR AY.101 OR AY.102 OR AY.102.1 OR AY.102.2 OR AY.103 OR AY.103.1 OR AY.103.2 OR AY.104 OR AY.105 OR AY.106 OR AY.107 OR AY.108 OR AY.109 OR AY.110 OR AY.111 OR AY.112 OR AY.112.1 OR AY.112.2 OR AY.112.3 OR AY.113 OR AY.114 OR AY.116 OR AY.116.1 OR AY.117 OR AY.118 OR AY.119 OR AY.119.1 OR AY.119.2 OR AY.120 OR AY.120.1 OR AY.120.2 OR AY.120.2.1 OR AY.121 OR AY.121.1 OR AY.122 OR AY.122.1 OR AY.122.2 OR AY.122.3 OR AY.122.4 OR AY.122.5 OR AY.122.6 OR AY.123 OR AY.123.1 OR AY.124 OR AY.124.1 OR AY.124.1.1 OR AY.125 OR AY.125.1 OR AY.126 OR AY.127 OR AY.127.1 OR AY.127.2 OR AY.127.3 OR AY.128 OR AY.129 OR AY.130 OR AY.131 OR AY.132 OR AY.133 OR AY.134 OR B.1.617.2,Delta,3.28571428571429,2.85714285714286,0.869565217391305
2021-11-23,6,6,3,2.83333333333333,0.944444444444444,0.46441675695705,0.999849363974563,AY.1 OR AY.2 OR AY.3 OR AY.3.1 OR AY.3.2 OR AY.3.3 OR AY.3.4 OR AY.4 OR AY.4.1 OR AY.4.2 OR AY.4.2.1 OR AY.4.2.2 OR AY.4.2.3 OR AY.4.2.4 OR AY.4.2.5 OR AY.4.3 OR AY.4.4 OR AY.4.5 OR AY.4.6 OR AY.4.7 OR AY.4.8 OR AY.4.9 OR AY.4.10 OR AY.4.11 OR AY.4.12 OR AY.4.13 OR AY.4.14 OR AY.4.15 OR AY.4.16 OR AY.4.17 OR AY.5 OR AY.5.1 OR AY.5.2 OR AY.5.3 OR AY.5.4 OR AY.5.5 OR AY.5.6 OR AY.5.7 OR AY.6 OR AY.7 OR AY.7.1 OR AY.7.2 OR AY.8 OR AY.9 OR AY.9.2 OR AY.9.2.1 OR AY.9.2.2 OR AY.10 OR AY.11 OR AY.13 OR AY.14 OR AY.15 OR AY.16 OR AY.16.1 OR AY.17 OR AY.18 OR AY.19 OR AY.20 OR AY.20.1 OR AY.21 OR AY.22 OR AY.23 OR AY.23.1 OR AY.23.2 OR AY.24 OR AY.24.1 OR AY.25 OR AY.25.1 OR AY.25.1.1 OR AY.25.1.2 OR AY.25.2 OR AY.25.3 OR AY.26 OR AY.26.1 OR AY.27 OR AY.28 OR AY.29 OR AY.29.1 OR AY.29.2 OR AY.30 OR AY.31 OR AY.32 OR AY.33 OR AY.33.1 OR AY.33.2 OR AY.34 OR AY.34.1 OR AY.34.1.1 OR AY.34.2 OR AY.35 OR AY.36 OR AY.36.1 OR AY.37 OR AY.38 OR AY.39 OR AY.39.1 OR AY.39.1.1 OR AY.39.1.2 OR AY.39.1.3 OR AY.39.1.4 OR AY.39.2 OR AY.39.3 OR AY.40 OR AY.41 OR AY.42 OR AY.42.1 OR AY.43 OR AY.43.1 OR AY.43.2 OR AY.43.3 OR AY.43.4 OR AY.43.5 OR AY.43.6 OR AY.43.7 OR AY.43.8 OR AY.43.9 OR AY.44 OR AY.45 OR AY.46 OR AY.46.1 OR AY.46.2 OR AY.46.3 OR AY.46.4 OR AY.46.5 OR AY.46.6 OR AY.46.6.1 OR AY.47 OR AY.48 OR AY.49 OR AY.50 OR AY.51 OR AY.52 OR AY.53 OR AY.54 OR AY.55 OR AY.56 OR AY.57 OR AY.58 OR AY.59 OR AY.60 OR AY.61 OR AY.62 OR AY.63 OR AY.64 OR AY.65 OR AY.66 OR AY.67 OR AY.68 OR AY.69 OR AY.70 OR AY.71 OR AY.72 OR AY.73 OR AY.74 OR AY.75 OR AY.75.2 OR AY.75.3 OR AY.76 OR AY.77 OR AY.78 OR AY.79 OR AY.80 OR AY.81 OR AY.82 OR AY.83 OR AY.84 OR AY.85 OR AY.86 OR AY.87 OR AY.88 OR AY.90 OR AY.91 OR AY.91.1 OR AY.92 OR AY.93 OR AY.94 OR AY.95 OR AY.98 OR AY.98.1 OR AY.98.1.1 OR AY.99 OR AY.99.1 OR AY.99.2 OR AY.100 OR AY.101 OR AY.102 OR AY.102.1 OR AY.102.2 OR AY.103 OR AY.103.1 OR AY.103.2 OR AY.104 OR AY.105 OR AY.106 OR AY.107 OR AY.108 OR AY.109 OR AY.110 OR AY.111 OR AY.112 OR AY.112.1 OR AY.112.2 OR AY.112.3 OR AY.113 OR AY.114 OR AY.116 OR AY.116.1 OR AY.117 OR AY.118 OR AY.119 OR AY.119.1 OR AY.119.2 OR AY.120 OR AY.120.1 OR AY.120.2 OR AY.120.2.1 OR AY.121 OR AY.121.1 OR AY.122 OR AY.122.1 OR AY.122.2 OR AY.122.3 OR AY.122.4 OR AY.122.5 OR AY.122.6 OR AY.123 OR AY.123.1 OR AY.124 OR AY.124.1 OR AY.124.1.1 OR AY.125 OR AY.125.1 OR AY.126 OR AY.127 OR AY.127.1 OR AY.127.2 OR AY.127.3 OR AY.128 OR AY.129 OR AY.130 OR AY.131 OR AY.132 OR AY.133 OR AY.134 OR B.1.617.2,Delta,3.64285714285714,3.21428571428571,0.882352941176471
2021-11-24,4,4,3.33333333333333,3.16666666666667,0.95,0.46441675695705,0.999849363974563,AY.1 OR AY.2 OR AY.3 OR AY.3.1 OR AY.3.2 OR AY.3.3 OR AY.3.4 OR AY.4 OR AY.4.1 OR AY.4.2 OR AY.4.2.1 OR AY.4.2.2 OR AY.4.2.3 OR AY.4.2.4 OR AY.4.2.5 OR AY.4.3 OR AY.4.4 OR AY.4.5 OR AY.4.6 OR AY.4.7 OR AY.4.8 OR AY.4.9 OR AY.4.10 OR AY.4.11 OR AY.4.12 OR AY.4.13 OR AY.4.14 OR AY.4.15 OR AY.4.16 OR AY.4.17 OR AY.5 OR AY.5.1 OR AY.5.2 OR AY.5.3 OR AY.5.4 OR AY.5.5 OR AY.5.6 OR AY.5.7 OR AY.6 OR AY.7 OR AY.7.1 OR AY.7.2 OR AY.8 OR AY.9 OR AY.9.2 OR AY.9.2.1 OR AY.9.2.2 OR AY.10 OR AY.11 OR AY.13 OR AY.14 OR AY.15 OR AY.16 OR AY.16.1 OR AY.17 OR AY.18 OR AY.19 OR AY.20 OR AY.20.1 OR AY.21 OR AY.22 OR AY.23 OR AY.23.1 OR AY.23.2 OR AY.24 OR AY.24.1 OR AY.25 OR AY.25.1 OR AY.25.1.1 OR AY.25.1.2 OR AY.25.2 OR AY.25.3 OR AY.26 OR AY.26.1 OR AY.27 OR AY.28 OR AY.29 OR AY.29.1 OR AY.29.2 OR AY.30 OR AY.31 OR AY.32 OR AY.33 OR AY.33.1 OR AY.33.2 OR AY.34 OR AY.34.1 OR AY.34.1.1 OR AY.34.2 OR AY.35 OR AY.36 OR AY.36.1 OR AY.37 OR AY.38 OR AY.39 OR AY.39.1 OR AY.39.1.1 OR AY.39.1.2 OR AY.39.1.3 OR AY.39.1.4 OR AY.39.2 OR AY.39.3 OR AY.40 OR AY.41 OR AY.42 OR AY.42.1 OR AY.43 OR AY.43.1 OR AY.43.2 OR AY.43.3 OR AY.43.4 OR AY.43.5 OR AY.43.6 OR AY.43.7 OR AY.43.8 OR AY.43.9 OR AY.44 OR AY.45 OR AY.46 OR AY.46.1 OR AY.46.2 OR AY.46.3 OR AY.46.4 OR AY.46.5 OR AY.46.6 OR AY.46.6.1 OR AY.47 OR AY.48 OR AY.49 OR AY.50 OR AY.51 OR AY.52 OR AY.53 OR AY.54 OR AY.55 OR AY.56 OR AY.57 OR AY.58 OR AY.59 OR AY.60 OR AY.61 OR AY.62 OR AY.63 OR AY.64 OR AY.65 OR AY.66 OR AY.67 OR AY.68 OR AY.69 OR AY.70 OR AY.71 OR AY.72 OR AY.73 OR AY.74 OR AY.75 OR AY.75.2 OR AY.75.3 OR AY.76 OR AY.77 OR AY.78 OR AY.79 OR AY.80 OR AY.81 OR AY.82 OR AY.83 OR AY.84 OR AY.85 OR AY.86 OR AY.87 OR AY.88 OR AY.90 OR AY.91 OR AY.91.1 OR AY.92 OR AY.93 OR AY.94 OR AY.95 OR AY.98 OR AY.98.1 OR AY.98.1.1 OR AY.99 OR AY.99.1 OR AY.99.2 OR AY.100 OR AY.101 OR AY.102 OR AY.102.1 OR AY.102.2 OR AY.103 OR AY.103.1 OR AY.103.2 OR AY.104 OR AY.105 OR AY.106 OR AY.107 OR AY.108 OR AY.109 OR AY.110 OR AY.111 OR AY.112 OR AY.112.1 OR AY.112.2 OR AY.112.3 OR AY.113 OR AY.114 OR AY.116 OR AY.116.1 OR AY.117 OR AY.118 OR AY.119 OR AY.119.1 OR AY.119.2 OR AY.120 OR AY.120.1 OR AY.120.2 OR AY.120.2.1 OR AY.121 OR AY.121.1 OR AY.122 OR AY.122.1 OR AY.122.2 OR AY.122.3 OR AY.122.4 OR AY.122.5 OR AY.122.6 OR AY.123 OR AY.123.1 OR AY.124 OR AY.124.1 OR AY.124.1.1 OR AY.125 OR AY.125.1 OR AY.126 OR AY.127 OR AY.127.1 OR AY.127.2 OR AY.127.3 OR AY.128 OR AY.129 OR AY.130 OR AY.131 OR AY.132 OR AY.133 OR AY.134 OR B.1.617.2,Delta,3.28571428571429,2.92857142857143,0.891304347826087
2021-11-26,2,2,3.6,3.4,0.944444444444444,0.283751679563413,0.971529104912853,AY.1 OR AY.2 OR AY.3 OR AY.3.1 OR AY.3.2 OR AY.3.3 OR AY.3.4 OR AY.4 OR AY.4.1 OR AY.4.2 OR AY.4.2.1 OR AY.4.2.2 OR AY.4.2.3 OR AY.4.2.4 OR AY.4.2.5 OR AY.4.3 OR AY.4.4 OR AY.4.5 OR AY.4.6 OR AY.4.7 OR AY.4.8 OR AY.4.9 OR AY.4.10 OR AY.4.11 OR AY.4.12 OR AY.4.13 OR AY.4.14 OR AY.4.15 OR AY.4.16 OR AY.4.17 OR AY.5 OR AY.5.1 OR AY.5.2 OR AY.5.3 OR AY.5.4 OR AY.5.5 OR AY.5.6 OR AY.5.7 OR AY.6 OR AY.7 OR AY.7.1 OR AY.7.2 OR AY.8 OR AY.9 OR AY.9.2 OR AY.9.2.1 OR AY.9.2.2 OR AY.10 OR AY.11 OR AY.13 OR AY.14 OR AY.15 OR AY.16 OR AY.16.1 OR AY.17 OR AY.18 OR AY.19 OR AY.20 OR AY.20.1 OR AY.21 OR AY.22 OR AY.23 OR AY.23.1 OR AY.23.2 OR AY.24 OR AY.24.1 OR AY.25 OR AY.25.1 OR AY.25.1.1 OR AY.25.1.2 OR AY.25.2 OR AY.25.3 OR AY.26 OR AY.26.1 OR AY.27 OR AY.28 OR AY.29 OR AY.29.1 OR AY.29.2 OR AY.30 OR AY.31 OR AY.32 OR AY.33 OR AY.33.1 OR AY.33.2 OR AY.34 OR AY.34.1 OR AY.34.1.1 OR AY.34.2 OR AY.35 OR AY.36 OR AY.36.1 OR AY.37 OR AY.38 OR AY.39 OR AY.39.1 OR AY.39.1.1 OR AY.39.1.2 OR AY.39.1.3 OR AY.39.1.4 OR AY.39.2 OR AY.39.3 OR AY.40 OR AY.41 OR AY.42 OR AY.42.1 OR AY.43 OR AY.43.1 OR AY.43.2 OR AY.43.3 OR AY.43.4 OR AY.43.5 OR AY.43.6 OR AY.43.7 OR AY.43.8 OR AY.43.9 OR AY.44 OR AY.45 OR AY.46 OR AY.46.1 OR AY.46.2 OR AY.46.3 OR AY.46.4 OR AY.46.5 OR AY.46.6 OR AY.46.6.1 OR AY.47 OR AY.48 OR AY.49 OR AY.50 OR AY.51 OR AY.52 OR AY.53 OR AY.54 OR AY.55 OR AY.56 OR AY.57 OR AY.58 OR AY.59 OR AY.60 OR AY.61 OR AY.62 OR AY.63 OR AY.64 OR AY.65 OR AY.66 OR AY.67 OR AY.68 OR AY.69 OR AY.70 OR AY.71 OR AY.72 OR AY.73 OR AY.74 OR AY.75 OR AY.75.2 OR AY.75.3 OR AY.76 OR AY.77 OR AY.78 OR AY.79 OR AY.80 OR AY.81 OR AY.82 OR AY.83 OR AY.84 OR AY.85 OR AY.86 OR AY.87 OR AY.88 OR AY.90 OR AY.91 OR AY.91.1 OR AY.92 OR AY.93 OR AY.94 OR AY.95 OR AY.98 OR AY.98.1 OR AY.98.1.1 OR AY.99 OR AY.99.1 OR AY.99.2 OR AY.100 OR AY.101 OR AY.102 OR AY.102.1 OR AY.102.2 OR AY.103 OR AY.103.1 OR AY.103.2 OR AY.104 OR AY.105 OR AY.106 OR AY.107 OR AY.108 OR AY.109 OR AY.110 OR AY.111 OR AY.112 OR AY.112.1 OR AY.112.2 OR AY.112.3 OR AY.113 OR AY.114 OR AY.116 OR AY.116.1 OR AY.117 OR AY.118 OR AY.119 OR AY.119.1 OR AY.119.2 OR AY.120 OR AY.120.1 OR AY.120.2 OR AY.120.2.1 OR AY.121 OR AY.121.1 OR AY.122 OR AY.122.1 OR AY.122.2 OR AY.122.3 OR AY.122.4 OR AY.122.5 OR AY.122.6 OR AY.123 OR AY.123.1 OR AY.124 OR AY.124.1 OR AY.124.1.1 OR AY.125 OR AY.125.1 OR AY.126 OR AY.127 OR AY.127.1 OR AY.127.2 OR AY.127.3 OR AY.128 OR AY.129 OR AY.130 OR AY.131 OR AY.132 OR AY.133 OR AY.134 OR B.1.617.2,Delta,3.14285714285714,2.92857142857143,0.931818181818182
2021-11-27,4,4,4,3.8,0.95,0.55523738234236,0.999884667211762,AY.1 OR AY.2 OR AY.3 OR AY.3.1 OR AY.3.2 OR AY.3.3 OR AY.3.4 OR AY.4 OR AY.4.1 OR AY.4.2 OR AY.4.2.1 OR AY.4.2.2 OR AY.4.2.3 OR AY.4.2.4 OR AY.4.2.5 OR AY.4.3 OR AY.4.4 OR AY.4.5 OR AY.4.6 OR AY.4.7 OR AY.4.8 OR AY.4.9 OR AY.4.10 OR AY.4.11 OR AY.4.12 OR AY.4.13 OR AY.4.14 OR AY.4.15 OR AY.4.16 OR AY.4.17 OR AY.5 OR AY.5.1 OR AY.5.2 OR AY.5.3 OR AY.5.4 OR AY.5.5 OR AY.5.6 OR AY.5.7 OR AY.6 OR AY.7 OR AY.7.1 OR AY.7.2 OR AY.8 OR AY.9 OR AY.9.2 OR AY.9.2.1 OR AY.9.2.2 OR AY.10 OR AY.11 OR AY.13 OR AY.14 OR AY.15 OR AY.16 OR AY.16.1 OR AY.17 OR AY.18 OR AY.19 OR AY.20 OR AY.20.1 OR AY.21 OR AY.22 OR AY.23 OR AY.23.1 OR AY.23.2 OR AY.24 OR AY.24.1 OR AY.25 OR AY.25.1 OR AY.25.1.1 OR AY.25.1.2 OR AY.25.2 OR AY.25.3 OR AY.26 OR AY.26.1 OR AY.27 OR AY.28 OR AY.29 OR AY.29.1 OR AY.29.2 OR AY.30 OR AY.31 OR AY.32 OR AY.33 OR AY.33.1 OR AY.33.2 OR AY.34 OR AY.34.1 OR AY.34.1.1 OR AY.34.2 OR AY.35 OR AY.36 OR AY.36.1 OR AY.37 OR AY.38 OR AY.39 OR AY.39.1 OR AY.39.1.1 OR AY.39.1.2 OR AY.39.1.3 OR AY.39.1.4 OR AY.39.2 OR AY.39.3 OR AY.40 OR AY.41 OR AY.42 OR AY.42.1 OR AY.43 OR AY.43.1 OR AY.43.2 OR AY.43.3 OR AY.43.4 OR AY.43.5 OR AY.43.6 OR AY.43.7 OR AY.43.8 OR AY.43.9 OR AY.44 OR AY.45 OR AY.46 OR AY.46.1 OR AY.46.2 OR AY.46.3 OR AY.46.4 OR AY.46.5 OR AY.46.6 OR AY.46.6.1 OR AY.47 OR AY.48 OR AY.49 OR AY.50 OR AY.51 OR AY.52 OR AY.53 OR AY.54 OR AY.55 OR AY.56 OR AY.57 OR AY.58 OR AY.59 OR AY.60 OR AY.61 OR AY.62 OR AY.63 OR AY.64 OR AY.65 OR AY.66 OR AY.67 OR AY.68 OR AY.69 OR AY.70 OR AY.71 OR AY.72 OR AY.73 OR AY.74 OR AY.75 OR AY.75.2 OR AY.75.3 OR AY.76 OR AY.77 OR AY.78 OR AY.79 OR AY.80 OR AY.81 OR AY.82 OR AY.83 OR AY.84 OR AY.85 OR AY.86 OR AY.87 OR AY.88 OR AY.90 OR AY.91 OR AY.91.1 OR AY.92 OR AY.93 OR AY.94 OR AY.95 OR AY.98 OR AY.98.1 OR AY.98.1.1 OR AY.99 OR AY.99.1 OR AY.99.2 OR AY.100 OR AY.101 OR AY.102 OR AY.102.1 OR AY.102.2 OR AY.103 OR AY.103.1 OR AY.103.2 OR AY.104 OR AY.105 OR AY.106 OR AY.107 OR AY.108 OR AY.109 OR AY.110 OR AY.111 OR AY.112 OR AY.112.1 OR AY.112.2 OR AY.112.3 OR AY.113 OR AY.114 OR AY.116 OR AY.116.1 OR AY.117 OR AY.118 OR AY.119 OR AY.119.1 OR AY.119.2 OR AY.120 OR AY.120.1 OR AY.120.2 OR AY.120.2.1 OR AY.121 OR AY.121.1 OR AY.122 OR AY.122.1 OR AY.122.2 OR AY.122.3 OR AY.122.4 OR AY.122.5 OR AY.122.6 OR AY.123 OR AY.123.1 OR AY.124 OR AY.124.1 OR AY.124.1.1 OR AY.125 OR AY.125.1 OR AY.126 OR AY.127 OR AY.127.1 OR AY.127.2 OR AY.127.3 OR AY.128 OR AY.129 OR AY.130 OR AY.131 OR AY.132 OR AY.133 OR AY.134 OR B.1.617.2,Delta,3.21428571428571,3,0.933333333333333
2021-11-28,5,5,4.16666666666667,4,0.96,0.55523738234236,0.999884667211762,AY.1 OR AY.2 OR AY.3 OR AY.3.1 OR AY.3.2 OR AY.3.3 OR AY.3.4 OR AY.4 OR AY.4.1 OR AY.4.2 OR AY.4.2.1 OR AY.4.2.2 OR AY.4.2.3 OR AY.4.2.4 OR AY.4.2.5 OR AY.4.3 OR AY.4.4 OR AY.4.5 OR AY.4.6 OR AY.4.7 OR AY.4.8 OR AY.4.9 OR AY.4.10 OR AY.4.11 OR AY.4.12 OR AY.4.13 OR AY.4.14 OR AY.4.15 OR AY.4.16 OR AY.4.17 OR AY.5 OR AY.5.1 OR AY.5.2 OR AY.5.3 OR AY.5.4 OR AY.5.5 OR AY.5.6 OR AY.5.7 OR AY.6 OR AY.7 OR AY.7.1 OR AY.7.2 OR AY.8 OR AY.9 OR AY.9.2 OR AY.9.2.1 OR AY.9.2.2 OR AY.10 OR AY.11 OR AY.13 OR AY.14 OR AY.15 OR AY.16 OR AY.16.1 OR AY.17 OR AY.18 OR AY.19 OR AY.20 OR AY.20.1 OR AY.21 OR AY.22 OR AY.23 OR AY.23.1 OR AY.23.2 OR AY.24 OR AY.24.1 OR AY.25 OR AY.25.1 OR AY.25.1.1 OR AY.25.1.2 OR AY.25.2 OR AY.25.3 OR AY.26 OR AY.26.1 OR AY.27 OR AY.28 OR AY.29 OR AY.29.1 OR AY.29.2 OR AY.30 OR AY.31 OR AY.32 OR AY.33 OR AY.33.1 OR AY.33.2 OR AY.34 OR AY.34.1 OR AY.34.1.1 OR AY.34.2 OR AY.35 OR AY.36 OR AY.36.1 OR AY.37 OR AY.38 OR AY.39 OR AY.39.1 OR AY.39.1.1 OR AY.39.1.2 OR AY.39.1.3 OR AY.39.1.4 OR AY.39.2 OR AY.39.3 OR AY.40 OR AY.41 OR AY.42 OR AY.42.1 OR AY.43 OR AY.43.1 OR AY.43.2 OR AY.43.3 OR AY.43.4 OR AY.43.5 OR AY.43.6 OR AY.43.7 OR AY.43.8 OR AY.43.9 OR AY.44 OR AY.45 OR AY.46 OR AY.46.1 OR AY.46.2 OR AY.46.3 OR AY.46.4 OR AY.46.5 OR AY.46.6 OR AY.46.6.1 OR AY.47 OR AY.48 OR AY.49 OR AY.50 OR AY.51 OR AY.52 OR AY.53 OR AY.54 OR AY.55 OR AY.56 OR AY.57 OR AY.58 OR AY.59 OR AY.60 OR AY.61 OR AY.62 OR AY.63 OR AY.64 OR AY.65 OR AY.66 OR AY.67 OR AY.68 OR AY.69 OR AY.70 OR AY.71 OR AY.72 OR AY.73 OR AY.74 OR AY.75 OR AY.75.2 OR AY.75.3 OR AY.76 OR AY.77 OR AY.78 OR AY.79 OR AY.80 OR AY.81 OR AY.82 OR AY.83 OR AY.84 OR AY.85 OR AY.86 OR AY.87 OR AY.88 OR AY.90 OR AY.91 OR AY.91.1 OR AY.92 OR AY.93 OR AY.94 OR AY.95 OR AY.98 OR AY.98.1 OR AY.98.1.1 OR AY.99 OR AY.99.1 OR AY.99.2 OR AY.100 OR AY.101 OR AY.102 OR AY.102.1 OR AY.102.2 OR AY.103 OR AY.103.1 OR AY.103.2 OR AY.104 OR AY.105 OR AY.106 OR AY.107 OR AY.108 OR AY.109 OR AY.110 OR AY.111 OR AY.112 OR AY.112.1 OR AY.112.2 OR AY.112.3 OR AY.113 OR AY.114 OR AY.116 OR AY.116.1 OR AY.117 OR AY.118 OR AY.119 OR AY.119.1 OR AY.119.2 OR AY.120 OR AY.120.1 OR AY.120.2 OR AY.120.2.1 OR AY.121 OR AY.121.1 OR AY.122 OR AY.122.1 OR AY.122.2 OR AY.122.3 OR AY.122.4 OR AY.122.5 OR AY.122.6 OR AY.123 OR AY.123.1 OR AY.124 OR AY.124.1 OR AY.124.1.1 OR AY.125 OR AY.125.1 OR AY.126 OR AY.127 OR AY.127.1 OR AY.127.2 OR AY.127.3 OR AY.128 OR AY.129 OR AY.130 OR AY.131 OR AY.132 OR AY.133 OR AY.134 OR B.1.617.2,Delta,3.21428571428571,3.07142857142857,0.955555555555556
2021-11-29,3,3,4,4,1,0.55523738234236,0.999884667211762,AY.1 OR AY.2 OR AY.3 OR AY.3.1 OR AY.3.2 OR AY.3.3 OR AY.3.4 OR AY.4 OR AY.4.1 OR AY.4.2 OR AY.4.2.1 OR AY.4.2.2 OR AY.4.2.3 OR AY.4.2.4 OR AY.4.2.5 OR AY.4.3 OR AY.4.4 OR AY.4.5 OR AY.4.6 OR AY.4.7 OR AY.4.8 OR AY.4.9 OR AY.4.10 OR AY.4.11 OR AY.4.12 OR AY.4.13 OR AY.4.14 OR AY.4.15 OR AY.4.16 OR AY.4.17 OR AY.5 OR AY.5.1 OR AY.5.2 OR AY.5.3 OR AY.5.4 OR AY.5.5 OR AY.5.6 OR AY.5.7 OR AY.6 OR AY.7 OR AY.7.1 OR AY.7.2 OR AY.8 OR AY.9 OR AY.9.2 OR AY.9.2.1 OR AY.9.2.2 OR AY.10 OR AY.11 OR AY.13 OR AY.14 OR AY.15 OR AY.16 OR AY.16.1 OR AY.17 OR AY.18 OR AY.19 OR AY.20 OR AY.20.1 OR AY.21 OR AY.22 OR AY.23 OR AY.23.1 OR AY.23.2 OR AY.24 OR AY.24.1 OR AY.25 OR AY.25.1 OR AY.25.1.1 OR AY.25.1.2 OR AY.25.2 OR AY.25.3 OR AY.26 OR AY.26.1 OR AY.27 OR AY.28 OR AY.29 OR AY.29.1 OR AY.29.2 OR AY.30 OR AY.31 OR AY.32 OR AY.33 OR AY.33.1 OR AY.33.2 OR AY.34 OR AY.34.1 OR AY.34.1.1 OR AY.34.2 OR AY.35 OR AY.36 OR AY.36.1 OR AY.37 OR AY.38 OR AY.39 OR AY.39.1 OR AY.39.1.1 OR AY.39.1.2 OR AY.39.1.3 OR AY.39.1.4 OR AY.39.2 OR AY.39.3 OR AY.40 OR AY.41 OR AY.42 OR AY.42.1 OR AY.43 OR AY.43.1 OR AY.43.2 OR AY.43.3 OR AY.43.4 OR AY.43.5 OR AY.43.6 OR AY.43.7 OR AY.43.8 OR AY.43.9 OR AY.44 OR AY.45 OR AY.46 OR AY.46.1 OR AY.46.2 OR AY.46.3 OR AY.46.4 OR AY.46.5 OR AY.46.6 OR AY.46.6.1 OR AY.47 OR AY.48 OR AY.49 OR AY.50 OR AY.51 OR AY.52 OR AY.53 OR AY.54 OR AY.55 OR AY.56 OR AY.57 OR AY.58 OR AY.59 OR AY.60 OR AY.61 OR AY.62 OR AY.63 OR AY.64 OR AY.65 OR AY.66 OR AY.67 OR AY.68 OR AY.69 OR AY.70 OR AY.71 OR AY.72 OR AY.73 OR AY.74 OR AY.75 OR AY.75.2 OR AY.75.3 OR AY.76 OR AY.77 OR AY.78 OR AY.79 OR AY.80 OR AY.81 OR AY.82 OR AY.83 OR AY.84 OR AY.85 OR AY.86 OR AY.87 OR AY.88 OR AY.90 OR AY.91 OR AY.91.1 OR AY.92 OR AY.93 OR AY.94 OR AY.95 OR AY.98 OR AY.98.1 OR AY.98.1.1 OR AY.99 OR AY.99.1 OR AY.99.2 OR AY.100 OR AY.101 OR AY.102 OR AY.102.1 OR AY.102.2 OR AY.103 OR AY.103.1 OR AY.103.2 OR AY.104 OR AY.105 OR AY.106 OR AY.107 OR AY.108 OR AY.109 OR AY.110 OR AY.111 OR AY.112 OR AY.112.1 OR AY.112.2 OR AY.112.3 OR AY.113 OR AY.114 OR AY.116 OR AY.116.1 OR AY.117 OR AY.118 OR AY.119 OR AY.119.1 OR AY.119.2 OR AY.120 OR AY.120.1 OR AY.120.2 OR AY.120.2.1 OR AY.121 OR AY.121.1 OR AY.122 OR AY.122.1 OR AY.122.2 OR AY.122.3 OR AY.122.4 OR AY.122.5 OR AY.122.6 OR AY.123 OR AY.123.1 OR AY.124 OR AY.124.1 OR AY.124.1.1 OR AY.125 OR AY.125.1 OR AY.126 OR AY.127 OR AY.127.1 OR AY.127.2 OR AY.127.3 OR AY.128 OR AY.129 OR AY.130 OR AY.131 OR AY.132 OR AY.133 OR AY.134 OR B.1.617.2,Delta,3.21428571428571,3.07142857142857,0.955555555555556
2021-11-30,1,1,3.16666666666667,3.16666666666667,1,0.46441675695705,0.999849363974563,AY.1 OR AY.2 OR AY.3 OR AY.3.1 OR AY.3.2 OR AY.3.3 OR AY.3.4 OR AY.4 OR AY.4.1 OR AY.4.2 OR AY.4.2.1 OR AY.4.2.2 OR AY.4.2.3 OR AY.4.2.4 OR AY.4.2.5 OR AY.4.3 OR AY.4.4 OR AY.4.5 OR AY.4.6 OR AY.4.7 OR AY.4.8 OR AY.4.9 OR AY.4.10 OR AY.4.11 OR AY.4.12 OR AY.4.13 OR AY.4.14 OR AY.4.15 OR AY.4.16 OR AY.4.17 OR AY.5 OR AY.5.1 OR AY.5.2 OR AY.5.3 OR AY.5.4 OR AY.5.5 OR AY.5.6 OR AY.5.7 OR AY.6 OR AY.7 OR AY.7.1 OR AY.7.2 OR AY.8 OR AY.9 OR AY.9.2 OR AY.9.2.1 OR AY.9.2.2 OR AY.10 OR AY.11 OR AY.13 OR AY.14 OR AY.15 OR AY.16 OR AY.16.1 OR AY.17 OR AY.18 OR AY.19 OR AY.20 OR AY.20.1 OR AY.21 OR AY.22 OR AY.23 OR AY.23.1 OR AY.23.2 OR AY.24 OR AY.24.1 OR AY.25 OR AY.25.1 OR AY.25.1.1 OR AY.25.1.2 OR AY.25.2 OR AY.25.3 OR AY.26 OR AY.26.1 OR AY.27 OR AY.28 OR AY.29 OR AY.29.1 OR AY.29.2 OR AY.30 OR AY.31 OR AY.32 OR AY.33 OR AY.33.1 OR AY.33.2 OR AY.34 OR AY.34.1 OR AY.34.1.1 OR AY.34.2 OR AY.35 OR AY.36 OR AY.36.1 OR AY.37 OR AY.38 OR AY.39 OR AY.39.1 OR AY.39.1.1 OR AY.39.1.2 OR AY.39.1.3 OR AY.39.1.4 OR AY.39.2 OR AY.39.3 OR AY.40 OR AY.41 OR AY.42 OR AY.42.1 OR AY.43 OR AY.43.1 OR AY.43.2 OR AY.43.3 OR AY.43.4 OR AY.43.5 OR AY.43.6 OR AY.43.7 OR AY.43.8 OR AY.43.9 OR AY.44 OR AY.45 OR AY.46 OR AY.46.1 OR AY.46.2 OR AY.46.3 OR AY.46.4 OR AY.46.5 OR AY.46.6 OR AY.46.6.1 OR AY.47 OR AY.48 OR AY.49 OR AY.50 OR AY.51 OR AY.52 OR AY.53 OR AY.54 OR AY.55 OR AY.56 OR AY.57 OR AY.58 OR AY.59 OR AY.60 OR AY.61 OR AY.62 OR AY.63 OR AY.64 OR AY.65 OR AY.66 OR AY.67 OR AY.68 OR AY.69 OR AY.70 OR AY.71 OR AY.72 OR AY.73 OR AY.74 OR AY.75 OR AY.75.2 OR AY.75.3 OR AY.76 OR AY.77 OR AY.78 OR AY.79 OR AY.80 OR AY.81 OR AY.82 OR AY.83 OR AY.84 OR AY.85 OR AY.86 OR AY.87 OR AY.88 OR AY.90 OR AY.91 OR AY.91.1 OR AY.92 OR AY.93 OR AY.94 OR AY.95 OR AY.98 OR AY.98.1 OR AY.98.1.1 OR AY.99 OR AY.99.1 OR AY.99.2 OR AY.100 OR AY.101 OR AY.102 OR AY.102.1 OR AY.102.2 OR AY.103 OR AY.103.1 OR AY.103.2 OR AY.104 OR AY.105 OR AY.106 OR AY.107 OR AY.108 OR AY.109 OR AY.110 OR AY.111 OR AY.112 OR AY.112.1 OR AY.112.2 OR AY.112.3 OR AY.113 OR AY.114 OR AY.116 OR AY.116.1 OR AY.117 OR AY.118 OR AY.119 OR AY.119.1 OR AY.119.2 OR AY.120 OR AY.120.1 OR AY.120.2 OR AY.120.2.1 OR AY.121 OR AY.121.1 OR AY.122 OR AY.122.1 OR AY.122.2 OR AY.122.3 OR AY.122.4 OR AY.122.5 OR AY.122.6 OR AY.123 OR AY.123.1 OR AY.124 OR AY.124.1 OR AY.124.1.1 OR AY.125 OR AY.125.1 OR AY.126 OR AY.127 OR AY.127.1 OR AY.127.2 OR AY.127.3 OR AY.128 OR AY.129 OR AY.130 OR AY.131 OR AY.132 OR AY.133 OR AY.134 OR B.1.617.2,Delta,3.07142857142857,2.92857142857143,0.953488372093023
2021-12-01,5,4,3.33333333333333,3.16666666666667,0.95,0.46441675695705,0.999849363974563,AY.1 OR AY.2 OR AY.3 OR AY.3.1 OR AY.3.2 OR AY.3.3 OR AY.3.4 OR AY.4 OR AY.4.1 OR AY.4.2 OR AY.4.2.1 OR AY.4.2.2 OR AY.4.2.3 OR AY.4.2.4 OR AY.4.2.5 OR AY.4.3 OR AY.4.4 OR AY.4.5 OR AY.4.6 OR AY.4.7 OR AY.4.8 OR AY.4.9 OR AY.4.10 OR AY.4.11 OR AY.4.12 OR AY.4.13 OR AY.4.14 OR AY.4.15 OR AY.4.16 OR AY.4.17 OR AY.5 OR AY.5.1 OR AY.5.2 OR AY.5.3 OR AY.5.4 OR AY.5.5 OR AY.5.6 OR AY.5.7 OR AY.6 OR AY.7 OR AY.7.1 OR AY.7.2 OR AY.8 OR AY.9 OR AY.9.2 OR AY.9.2.1 OR AY.9.2.2 OR AY.10 OR AY.11 OR AY.13 OR AY.14 OR AY.15 OR AY.16 OR AY.16.1 OR AY.17 OR AY.18 OR AY.19 OR AY.20 OR AY.20.1 OR AY.21 OR AY.22 OR AY.23 OR AY.23.1 OR AY.23.2 OR AY.24 OR AY.24.1 OR AY.25 OR AY.25.1 OR AY.25.1.1 OR AY.25.1.2 OR AY.25.2 OR AY.25.3 OR AY.26 OR AY.26.1 OR AY.27 OR AY.28 OR AY.29 OR AY.29.1 OR AY.29.2 OR AY.30 OR AY.31 OR AY.32 OR AY.33 OR AY.33.1 OR AY.33.2 OR AY.34 OR AY.34.1 OR AY.34.1.1 OR AY.34.2 OR AY.35 OR AY.36 OR AY.36.1 OR AY.37 OR AY.38 OR AY.39 OR AY.39.1 OR AY.39.1.1 OR AY.39.1.2 OR AY.39.1.3 OR AY.39.1.4 OR AY.39.2 OR AY.39.3 OR AY.40 OR AY.41 OR AY.42 OR AY.42.1 OR AY.43 OR AY.43.1 OR AY.43.2 OR AY.43.3 OR AY.43.4 OR AY.43.5 OR AY.43.6 OR AY.43.7 OR AY.43.8 OR AY.43.9 OR AY.44 OR AY.45 OR AY.46 OR AY.46.1 OR AY.46.2 OR AY.46.3 OR AY.46.4 OR AY.46.5 OR AY.46.6 OR AY.46.6.1 OR AY.47 OR AY.48 OR AY.49 OR AY.50 OR AY.51 OR AY.52 OR AY.53 OR AY.54 OR AY.55 OR AY.56 OR AY.57 OR AY.58 OR AY.59 OR AY.60 OR AY.61 OR AY.62 OR AY.63 OR AY.64 OR AY.65 OR AY.66 OR AY.67 OR AY.68 OR AY.69 OR AY.70 OR AY.71 OR AY.72 OR AY.73 OR AY.74 OR AY.75 OR AY.75.2 OR AY.75.3 OR AY.76 OR AY.77 OR AY.78 OR AY.79 OR AY.80 OR AY.81 OR AY.82 OR AY.83 OR AY.84 OR AY.85 OR AY.86 OR AY.87 OR AY.88 OR AY.90 OR AY.91 OR AY.91.1 OR AY.92 OR AY.93 OR AY.94 OR AY.95 OR AY.98 OR AY.98.1 OR AY.98.1.1 OR AY.99 OR AY.99.1 OR AY.99.2 OR AY.100 OR AY.101 OR AY.102 OR AY.102.1 OR AY.102.2 OR AY.103 OR AY.103.1 OR AY.103.2 OR AY.104 OR AY.105 OR AY.106 OR AY.107 OR AY.108 OR AY.109 OR AY.110 OR AY.111 OR AY.112 OR AY.112.1 OR AY.112.2 OR AY.112.3 OR AY.113 OR AY.114 OR AY.116 OR AY.116.1 OR AY.117 OR AY.118 OR AY.119 OR AY.119.1 OR AY.119.2 OR AY.120 OR AY.120.1 OR AY.120.2 OR AY.120.2.1 OR AY.121 OR AY.121.1 OR AY.122 OR AY.122.1 OR AY.122.2 OR AY.122.3 OR AY.122.4 OR AY.122.5 OR AY.122.6 OR AY.123 OR AY.123.1 OR AY.124 OR AY.124.1 OR AY.124.1.1 OR AY.125 OR AY.125.1 OR AY.126 OR AY.127 OR AY.127.1 OR AY.127.2 OR AY.127.3 OR AY.128 OR AY.129 OR AY.130 OR AY.131 OR AY.132 OR AY.133 OR AY.134 OR B.1.617.2,Delta,3.21428571428571,3,0.933333333333333
2021-12-02,3,3,3.28571428571429,3.14285714285714,0.956521739130435,0.46441675695705,0.999849363974563,AY.1 OR AY.2 OR AY.3 OR AY.3.1 OR AY.3.2 OR AY.3.3 OR AY.3.4 OR AY.4 OR AY.4.1 OR AY.4.2 OR AY.4.2.1 OR AY.4.2.2 OR AY.4.2.3 OR AY.4.2.4 OR AY.4.2.5 OR AY.4.3 OR AY.4.4 OR AY.4.5 OR AY.4.6 OR AY.4.7 OR AY.4.8 OR AY.4.9 OR AY.4.10 OR AY.4.11 OR AY.4.12 OR AY.4.13 OR AY.4.14 OR AY.4.15 OR AY.4.16 OR AY.4.17 OR AY.5 OR AY.5.1 OR AY.5.2 OR AY.5.3 OR AY.5.4 OR AY.5.5 OR AY.5.6 OR AY.5.7 OR AY.6 OR AY.7 OR AY.7.1 OR AY.7.2 OR AY.8 OR AY.9 OR AY.9.2 OR AY.9.2.1 OR AY.9.2.2 OR AY.10 OR AY.11 OR AY.13 OR AY.14 OR AY.15 OR AY.16 OR AY.16.1 OR AY.17 OR AY.18 OR AY.19 OR AY.20 OR AY.20.1 OR AY.21 OR AY.22 OR AY.23 OR AY.23.1 OR AY.23.2 OR AY.24 OR AY.24.1 OR AY.25 OR AY.25.1 OR AY.25.1.1 OR AY.25.1.2 OR AY.25.2 OR AY.25.3 OR AY.26 OR AY.26.1 OR AY.27 OR AY.28 OR AY.29 OR AY.29.1 OR AY.29.2 OR AY.30 OR AY.31 OR AY.32 OR AY.33 OR AY.33.1 OR AY.33.2 OR AY.34 OR AY.34.1 OR AY.34.1.1 OR AY.34.2 OR AY.35 OR AY.36 OR AY.36.1 OR AY.37 OR AY.38 OR AY.39 OR AY.39.1 OR AY.39.1.1 OR AY.39.1.2 OR AY.39.1.3 OR AY.39.1.4 OR AY.39.2 OR AY.39.3 OR AY.40 OR AY.41 OR AY.42 OR AY.42.1 OR AY.43 OR AY.43.1 OR AY.43.2 OR AY.43.3 OR AY.43.4 OR AY.43.5 OR AY.43.6 OR AY.43.7 OR AY.43.8 OR AY.43.9 OR AY.44 OR AY.45 OR AY.46 OR AY.46.1 OR AY.46.2 OR AY.46.3 OR AY.46.4 OR AY.46.5 OR AY.46.6 OR AY.46.6.1 OR AY.47 OR AY.48 OR AY.49 OR AY.50 OR AY.51 OR AY.52 OR AY.53 OR AY.54 OR AY.55 OR AY.56 OR AY.57 OR AY.58 OR AY.59 OR AY.60 OR AY.61 OR AY.62 OR AY.63 OR AY.64 OR AY.65 OR AY.66 OR AY.67 OR AY.68 OR AY.69 OR AY.70 OR AY.71 OR AY.72 OR AY.73 OR AY.74 OR AY.75 OR AY.75.2 OR AY.75.3 OR AY.76 OR AY.77 OR AY.78 OR AY.79 OR AY.80 OR AY.81 OR AY.82 OR AY.83 OR AY.84 OR AY.85 OR AY.86 OR AY.87 OR AY.88 OR AY.90 OR AY.91 OR AY.91.1 OR AY.92 OR AY.93 OR AY.94 OR AY.95 OR AY.98 OR AY.98.1 OR AY.98.1.1 OR AY.99 OR AY.99.1 OR AY.99.2 OR AY.100 OR AY.101 OR AY.102 OR AY.102.1 OR AY.102.2 OR AY.103 OR AY.103.1 OR AY.103.2 OR AY.104 OR AY.105 OR AY.106 OR AY.107 OR AY.108 OR AY.109 OR AY.110 OR AY.111 OR AY.112 OR AY.112.1 OR AY.112.2 OR AY.112.3 OR AY.113 OR AY.114 OR AY.116 OR AY.116.1 OR AY.117 OR AY.118 OR AY.119 OR AY.119.1 OR AY.119.2 OR AY.120 OR AY.120.1 OR AY.120.2 OR AY.120.2.1 OR AY.121 OR AY.121.1 OR AY.122 OR AY.122.1 OR AY.122.2 OR AY.122.3 OR AY.122.4 OR AY.122.5 OR AY.122.6 OR AY.123 OR AY.123.1 OR AY.124 OR AY.124.1 OR AY.124.1.1 OR AY.125 OR AY.125.1 OR AY.126 OR AY.127 OR AY.127.1 OR AY.127.2 OR AY.127.3 OR AY.128 OR AY.129 OR AY.130 OR AY.131 OR AY.132 OR AY.133 OR AY.134 OR B.1.617.2,Delta,3.21428571428571,3.07142857142857,0.955555555555556
2021-12-03,3,2,3.42857142857143,3.14285714285714,0.916666666666667,0.46441675695705,0.999849363974563,AY.1 OR AY.2 OR AY.3 OR AY.3.1 OR AY.3.2 OR AY.3.3 OR AY.3.4 OR AY.4 OR AY.4.1 OR AY.4.2 OR AY.4.2.1 OR AY.4.2.2 OR AY.4.2.3 OR AY.4.2.4 OR AY.4.2.5 OR AY.4.3 OR AY.4.4 OR AY.4.5 OR AY.4.6 OR AY.4.7 OR AY.4.8 OR AY.4.9 OR AY.4.10 OR AY.4.11 OR AY.4.12 OR AY.4.13 OR AY.4.14 OR AY.4.15 OR AY.4.16 OR AY.4.17 OR AY.5 OR AY.5.1 OR AY.5.2 OR AY.5.3 OR AY.5.4 OR AY.5.5 OR AY.5.6 OR AY.5.7 OR AY.6 OR AY.7 OR AY.7.1 OR AY.7.2 OR AY.8 OR AY.9 OR AY.9.2 OR AY.9.2.1 OR AY.9.2.2 OR AY.10 OR AY.11 OR AY.13 OR AY.14 OR AY.15 OR AY.16 OR AY.16.1 OR AY.17 OR AY.18 OR AY.19 OR AY.20 OR AY.20.1 OR AY.21 OR AY.22 OR AY.23 OR AY.23.1 OR AY.23.2 OR AY.24 OR AY.24.1 OR AY.25 OR AY.25.1 OR AY.25.1.1 OR AY.25.1.2 OR AY.25.2 OR AY.25.3 OR AY.26 OR AY.26.1 OR AY.27 OR AY.28 OR AY.29 OR AY.29.1 OR AY.29.2 OR AY.30 OR AY.31 OR AY.32 OR AY.33 OR AY.33.1 OR AY.33.2 OR AY.34 OR AY.34.1 OR AY.34.1.1 OR AY.34.2 OR AY.35 OR AY.36 OR AY.36.1 OR AY.37 OR AY.38 OR AY.39 OR AY.39.1 OR AY.39.1.1 OR AY.39.1.2 OR AY.39.1.3 OR AY.39.1.4 OR AY.39.2 OR AY.39.3 OR AY.40 OR AY.41 OR AY.42 OR AY.42.1 OR AY.43 OR AY.43.1 OR AY.43.2 OR AY.43.3 OR AY.43.4 OR AY.43.5 OR AY.43.6 OR AY.43.7 OR AY.43.8 OR AY.43.9 OR AY.44 OR AY.45 OR AY.46 OR AY.46.1 OR AY.46.2 OR AY.46.3 OR AY.46.4 OR AY.46.5 OR AY.46.6 OR AY.46.6.1 OR AY.47 OR AY.48 OR AY.49 OR AY.50 OR AY.51 OR AY.52 OR AY.53 OR AY.54 OR AY.55 OR AY.56 OR AY.57 OR AY.58 OR AY.59 OR AY.60 OR AY.61 OR AY.62 OR AY.63 OR AY.64 OR AY.65 OR AY.66 OR AY.67 OR AY.68 OR AY.69 OR AY.70 OR AY.71 OR AY.72 OR AY.73 OR AY.74 OR AY.75 OR AY.75.2 OR AY.75.3 OR AY.76 OR AY.77 OR AY.78 OR AY.79 OR AY.80 OR AY.81 OR AY.82 OR AY.83 OR AY.84 OR AY.85 OR AY.86 OR AY.87 OR AY.88 OR AY.90 OR AY.91 OR AY.91.1 OR AY.92 OR AY.93 OR AY.94 OR AY.95 OR AY.98 OR AY.98.1 OR AY.98.1.1 OR AY.99 OR AY.99.1 OR AY.99.2 OR AY.100 OR AY.101 OR AY.102 OR AY.102.1 OR AY.102.2 OR AY.103 OR AY.103.1 OR AY.103.2 OR AY.104 OR AY.105 OR AY.106 OR AY.107 OR AY.108 OR AY.109 OR AY.110 OR AY.111 OR AY.112 OR AY.112.1 OR AY.112.2 OR AY.112.3 OR AY.113 OR AY.114 OR AY.116 OR AY.116.1 OR AY.117 OR AY.118 OR AY.119 OR AY.119.1 OR AY.119.2 OR AY.120 OR AY.120.1 OR AY.120.2 OR AY.120.2.1 OR AY.121 OR AY.121.1 OR AY.122 OR AY.122.1 OR AY.122.2 OR AY.122.3 OR AY.122.4 OR AY.122.5 OR AY.122.6 OR AY.123 OR AY.123.1 OR AY.124 OR AY.124.1 OR AY.124.1.1 OR AY.125 OR AY.125.1 OR AY.126 OR AY.127 OR AY.127.1 OR AY.127.2 OR AY.127.3 OR AY.128 OR AY.129 OR AY.130 OR AY.131 OR AY.132 OR AY.133 OR AY.134 OR B.1.617.2,Delta,3.28571428571429,3.07142857142857,0.934782608695652
2021-12-04,2,2,3.14285714285714,2.85714285714286,0.909090909090909,0.46441675695705,0.999849363974563,AY.1 OR AY.2 OR AY.3 OR AY.3.1 OR AY.3.2 OR AY.3.3 OR AY.3.4 OR AY.4 OR AY.4.1 OR AY.4.2 OR AY.4.2.1 OR AY.4.2.2 OR AY.4.2.3 OR AY.4.2.4 OR AY.4.2.5 OR AY.4.3 OR AY.4.4 OR AY.4.5 OR AY.4.6 OR AY.4.7 OR AY.4.8 OR AY.4.9 OR AY.4.10 OR AY.4.11 OR AY.4.12 OR AY.4.13 OR AY.4.14 OR AY.4.15 OR AY.4.16 OR AY.4.17 OR AY.5 OR AY.5.1 OR AY.5.2 OR AY.5.3 OR AY.5.4 OR AY.5.5 OR AY.5.6 OR AY.5.7 OR AY.6 OR AY.7 OR AY.7.1 OR AY.7.2 OR AY.8 OR AY.9 OR AY.9.2 OR AY.9.2.1 OR AY.9.2.2 OR AY.10 OR AY.11 OR AY.13 OR AY.14 OR AY.15 OR AY.16 OR AY.16.1 OR AY.17 OR AY.18 OR AY.19 OR AY.20 OR AY.20.1 OR AY.21 OR AY.22 OR AY.23 OR AY.23.1 OR AY.23.2 OR AY.24 OR AY.24.1 OR AY.25 OR AY.25.1 OR AY.25.1.1 OR AY.25.1.2 OR AY.25.2 OR AY.25.3 OR AY.26 OR AY.26.1 OR AY.27 OR AY.28 OR AY.29 OR AY.29.1 OR AY.29.2 OR AY.30 OR AY.31 OR AY.32 OR AY.33 OR AY.33.1 OR AY.33.2 OR AY.34 OR AY.34.1 OR AY.34.1.1 OR AY.34.2 OR AY.35 OR AY.36 OR AY.36.1 OR AY.37 OR AY.38 OR AY.39 OR AY.39.1 OR AY.39.1.1 OR AY.39.1.2 OR AY.39.1.3 OR AY.39.1.4 OR AY.39.2 OR AY.39.3 OR AY.40 OR AY.41 OR AY.42 OR AY.42.1 OR AY.43 OR AY.43.1 OR AY.43.2 OR AY.43.3 OR AY.43.4 OR AY.43.5 OR AY.43.6 OR AY.43.7 OR AY.43.8 OR AY.43.9 OR AY.44 OR AY.45 OR AY.46 OR AY.46.1 OR AY.46.2 OR AY.46.3 OR AY.46.4 OR AY.46.5 OR AY.46.6 OR AY.46.6.1 OR AY.47 OR AY.48 OR AY.49 OR AY.50 OR AY.51 OR AY.52 OR AY.53 OR AY.54 OR AY.55 OR AY.56 OR AY.57 OR AY.58 OR AY.59 OR AY.60 OR AY.61 OR AY.62 OR AY.63 OR AY.64 OR AY.65 OR AY.66 OR AY.67 OR AY.68 OR AY.69 OR AY.70 OR AY.71 OR AY.72 OR AY.73 OR AY.74 OR AY.75 OR AY.75.2 OR AY.75.3 OR AY.76 OR AY.77 OR AY.78 OR AY.79 OR AY.80 OR AY.81 OR AY.82 OR AY.83 OR AY.84 OR AY.85 OR AY.86 OR AY.87 OR AY.88 OR AY.90 OR AY.91 OR AY.91.1 OR AY.92 OR AY.93 OR AY.94 OR AY.95 OR AY.98 OR AY.98.1 OR AY.98.1.1 OR AY.99 OR AY.99.1 OR AY.99.2 OR AY.100 OR AY.101 OR AY.102 OR AY.102.1 OR AY.102.2 OR AY.103 OR AY.103.1 OR AY.103.2 OR AY.104 OR AY.105 OR AY.106 OR AY.107 OR AY.108 OR AY.109 OR AY.110 OR AY.111 OR AY.112 OR AY.112.1 OR AY.112.2 OR AY.112.3 OR AY.113 OR AY.114 OR AY.116 OR AY.116.1 OR AY.117 OR AY.118 OR AY.119 OR AY.119.1 OR AY.119.2 OR AY.120 OR AY.120.1 OR AY.120.2 OR AY.120.2.1 OR AY.121 OR AY.121.1 OR AY.122 OR AY.122.1 OR AY.122.2 OR AY.122.3 OR AY.122.4 OR AY.122.5 OR AY.122.6 OR AY.123 OR AY.123.1 OR AY.124 OR AY.124.1 OR AY.124.1.1 OR AY.125 OR AY.125.1 OR AY.126 OR AY.127 OR AY.127.1 OR AY.127.2 OR AY.127.3 OR AY.128 OR AY.129 OR AY.130 OR AY.131 OR AY.132 OR AY.133 OR AY.134 OR B.1.617.2,Delta,3.28571428571429,3.07142857142857,0.934782608695652
2021-12-05,2,2,2.71428571428571,2.42857142857143,0.894736842105263,0.176736097131257,0.961252382214835,AY.1 OR AY.2 OR AY.3 OR AY.3.1 OR AY.3.2 OR AY.3.3 OR AY.3.4 OR AY.4 OR AY.4.1 OR AY.4.2 OR AY.4.2.1 OR AY.4.2.2 OR AY.4.2.3 OR AY.4.2.4 OR AY.4.2.5 OR AY.4.3 OR AY.4.4 OR AY.4.5 OR AY.4.6 OR AY.4.7 OR AY.4.8 OR AY.4.9 OR AY.4.10 OR AY.4.11 OR AY.4.12 OR AY.4.13 OR AY.4.14 OR AY.4.15 OR AY.4.16 OR AY.4.17 OR AY.5 OR AY.5.1 OR AY.5.2 OR AY.5.3 OR AY.5.4 OR AY.5.5 OR AY.5.6 OR AY.5.7 OR AY.6 OR AY.7 OR AY.7.1 OR AY.7.2 OR AY.8 OR AY.9 OR AY.9.2 OR AY.9.2.1 OR AY.9.2.2 OR AY.10 OR AY.11 OR AY.13 OR AY.14 OR AY.15 OR AY.16 OR AY.16.1 OR AY.17 OR AY.18 OR AY.19 OR AY.20 OR AY.20.1 OR AY.21 OR AY.22 OR AY.23 OR AY.23.1 OR AY.23.2 OR AY.24 OR AY.24.1 OR AY.25 OR AY.25.1 OR AY.25.1.1 OR AY.25.1.2 OR AY.25.2 OR AY.25.3 OR AY.26 OR AY.26.1 OR AY.27 OR AY.28 OR AY.29 OR AY.29.1 OR AY.29.2 OR AY.30 OR AY.31 OR AY.32 OR AY.33 OR AY.33.1 OR AY.33.2 OR AY.34 OR AY.34.1 OR AY.34.1.1 OR AY.34.2 OR AY.35 OR AY.36 OR AY.36.1 OR AY.37 OR AY.38 OR AY.39 OR AY.39.1 OR AY.39.1.1 OR AY.39.1.2 OR AY.39.1.3 OR AY.39.1.4 OR AY.39.2 OR AY.39.3 OR AY.40 OR AY.41 OR AY.42 OR AY.42.1 OR AY.43 OR AY.43.1 OR AY.43.2 OR AY.43.3 OR AY.43.4 OR AY.43.5 OR AY.43.6 OR AY.43.7 OR AY.43.8 OR AY.43.9 OR AY.44 OR AY.45 OR AY.46 OR AY.46.1 OR AY.46.2 OR AY.46.3 OR AY.46.4 OR AY.46.5 OR AY.46.6 OR AY.46.6.1 OR AY.47 OR AY.48 OR AY.49 OR AY.50 OR AY.51 OR AY.52 OR AY.53 OR AY.54 OR AY.55 OR AY.56 OR AY.57 OR AY.58 OR AY.59 OR AY.60 OR AY.61 OR AY.62 OR AY.63 OR AY.64 OR AY.65 OR AY.66 OR AY.67 OR AY.68 OR AY.69 OR AY.70 OR AY.71 OR AY.72 OR AY.73 OR AY.74 OR AY.75 OR AY.75.2 OR AY.75.3 OR AY.76 OR AY.77 OR AY.78 OR AY.79 OR AY.80 OR AY.81 OR AY.82 OR AY.83 OR AY.84 OR AY.85 OR AY.86 OR AY.87 OR AY.88 OR AY.90 OR AY.91 OR AY.91.1 OR AY.92 OR AY.93 OR AY.94 OR AY.95 OR AY.98 OR AY.98.1 OR AY.98.1.1 OR AY.99 OR AY.99.1 OR AY.99.2 OR AY.100 OR AY.101 OR AY.102 OR AY.102.1 OR AY.102.2 OR AY.103 OR AY.103.1 OR AY.103.2 OR AY.104 OR AY.105 OR AY.106 OR AY.107 OR AY.108 OR AY.109 OR AY.110 OR AY.111 OR AY.112 OR AY.112.1 OR AY.112.2 OR AY.112.3 OR AY.113 OR AY.114 OR AY.116 OR AY.116.1 OR AY.117 OR AY.118 OR AY.119 OR AY.119.1 OR AY.119.2 OR AY.120 OR AY.120.1 OR AY.120.2 OR AY.120.2.1 OR AY.121 OR AY.121.1 OR AY.122 OR AY.122.1 OR AY.122.2 OR AY.122.3 OR AY.122.4 OR AY.122.5 OR AY.122.6 OR AY.123 OR AY.123.1 OR AY.124 OR AY.124.1 OR AY.124.1.1 OR AY.125 OR AY.125.1 OR AY.126 OR AY.127 OR AY.127.1 OR AY.127.2 OR AY.127.3 OR AY.128 OR AY.129 OR AY.130 OR AY.131 OR AY.132 OR AY.133 OR AY.134 OR B.1.617.2,Delta,3.28571428571429,3.07142857142857,0.934782608695652
2021-12-06,8,7,3.42857142857143,3,0.875,0.46441675695705,0.999849363974563,AY.1 OR AY.2 OR AY.3 OR AY.3.1 OR AY.3.2 OR AY.3.3 OR AY.3.4 OR AY.4 OR AY.4.1 OR AY.4.2 OR AY.4.2.1 OR AY.4.2.2 OR AY.4.2.3 OR AY.4.2.4 OR AY.4.2.5 OR AY.4.3 OR AY.4.4 OR AY.4.5 OR AY.4.6 OR AY.4.7 OR AY.4.8 OR AY.4.9 OR AY.4.10 OR AY.4.11 OR AY.4.12 OR AY.4.13 OR AY.4.14 OR AY.4.15 OR AY.4.16 OR AY.4.17 OR AY.5 OR AY.5.1 OR AY.5.2 OR AY.5.3 OR AY.5.4 OR AY.5.5 OR AY.5.6 OR AY.5.7 OR AY.6 OR AY.7 OR AY.7.1 OR AY.7.2 OR AY.8 OR AY.9 OR AY.9.2 OR AY.9.2.1 OR AY.9.2.2 OR AY.10 OR AY.11 OR AY.13 OR AY.14 OR AY.15 OR AY.16 OR AY.16.1 OR AY.17 OR AY.18 OR AY.19 OR AY.20 OR AY.20.1 OR AY.21 OR AY.22 OR AY.23 OR AY.23.1 OR AY.23.2 OR AY.24 OR AY.24.1 OR AY.25 OR AY.25.1 OR AY.25.1.1 OR AY.25.1.2 OR AY.25.2 OR AY.25.3 OR AY.26 OR AY.26.1 OR AY.27 OR AY.28 OR AY.29 OR AY.29.1 OR AY.29.2 OR AY.30 OR AY.31 OR AY.32 OR AY.33 OR AY.33.1 OR AY.33.2 OR AY.34 OR AY.34.1 OR AY.34.1.1 OR AY.34.2 OR AY.35 OR AY.36 OR AY.36.1 OR AY.37 OR AY.38 OR AY.39 OR AY.39.1 OR AY.39.1.1 OR AY.39.1.2 OR AY.39.1.3 OR AY.39.1.4 OR AY.39.2 OR AY.39.3 OR AY.40 OR AY.41 OR AY.42 OR AY.42.1 OR AY.43 OR AY.43.1 OR AY.43.2 OR AY.43.3 OR AY.43.4 OR AY.43.5 OR AY.43.6 OR AY.43.7 OR AY.43.8 OR AY.43.9 OR AY.44 OR AY.45 OR AY.46 OR AY.46.1 OR AY.46.2 OR AY.46.3 OR AY.46.4 OR AY.46.5 OR AY.46.6 OR AY.46.6.1 OR AY.47 OR AY.48 OR AY.49 OR AY.50 OR AY.51 OR AY.52 OR AY.53 OR AY.54 OR AY.55 OR AY.56 OR AY.57 OR AY.58 OR AY.59 OR AY.60 OR AY.61 OR AY.62 OR AY.63 OR AY.64 OR AY.65 OR AY.66 OR AY.67 OR AY.68 OR AY.69 OR AY.70 OR AY.71 OR AY.72 OR AY.73 OR AY.74 OR AY.75 OR AY.75.2 OR AY.75.3 OR AY.76 OR AY.77 OR AY.78 OR AY.79 OR AY.80 OR AY.81 OR AY.82 OR AY.83 OR AY.84 OR AY.85 OR AY.86 OR AY.87 OR AY.88 OR AY.90 OR AY.91 OR AY.91.1 OR AY.92 OR AY.93 OR AY.94 OR AY.95 OR AY.98 OR AY.98.1 OR AY.98.1.1 OR AY.99 OR AY.99.1 OR AY.99.2 OR AY.100 OR AY.101 OR AY.102 OR AY.102.1 OR AY.102.2 OR AY.103 OR AY.103.1 OR AY.103.2 OR AY.104 OR AY.105 OR AY.106 OR AY.107 OR AY.108 OR AY.109 OR AY.110 OR AY.111 OR AY.112 OR AY.112.1 OR AY.112.2 OR AY.112.3 OR AY.113 OR AY.114 OR AY.116 OR AY.116.1 OR AY.117 OR AY.118 OR AY.119 OR AY.119.1 OR AY.119.2 OR AY.120 OR AY.120.1 OR AY.120.2 OR AY.120.2.1 OR AY.121 OR AY.121.1 OR AY.122 OR AY.122.1 OR AY.122.2 OR AY.122.3 OR AY.122.4 OR AY.122.5 OR AY.122.6 OR AY.123 OR AY.123.1 OR AY.124 OR AY.124.1 OR AY.124.1.1 OR AY.125 OR AY.125.1 OR AY.126 OR AY.127 OR AY.127.1 OR AY.127.2 OR AY.127.3 OR AY.128 OR AY.129 OR AY.130 OR AY.131 OR AY.132 OR AY.133 OR AY.134 OR B.1.617.2,Delta,3.71428571428571,3.42857142857143,0.923076923076923
2021-12-07,4,4,3.85714285714286,3.42857142857143,0.888888888888889,0.283751679563413,0.971529104912853,AY.1 OR AY.2 OR AY.3 OR AY.3.1 OR AY.3.2 OR AY.3.3 OR AY.3.4 OR AY.4 OR AY.4.1 OR AY.4.2 OR AY.4.2.1 OR AY.4.2.2 OR AY.4.2.3 OR AY.4.2.4 OR AY.4.2.5 OR AY.4.3 OR AY.4.4 OR AY.4.5 OR AY.4.6 OR AY.4.7 OR AY.4.8 OR AY.4.9 OR AY.4.10 OR AY.4.11 OR AY.4.12 OR AY.4.13 OR AY.4.14 OR AY.4.15 OR AY.4.16 OR AY.4.17 OR AY.5 OR AY.5.1 OR AY.5.2 OR AY.5.3 OR AY.5.4 OR AY.5.5 OR AY.5.6 OR AY.5.7 OR AY.6 OR AY.7 OR AY.7.1 OR AY.7.2 OR AY.8 OR AY.9 OR AY.9.2 OR AY.9.2.1 OR AY.9.2.2 OR AY.10 OR AY.11 OR AY.13 OR AY.14 OR AY.15 OR AY.16 OR AY.16.1 OR AY.17 OR AY.18 OR AY.19 OR AY.20 OR AY.20.1 OR AY.21 OR AY.22 OR AY.23 OR AY.23.1 OR AY.23.2 OR AY.24 OR AY.24.1 OR AY.25 OR AY.25.1 OR AY.25.1.1 OR AY.25.1.2 OR AY.25.2 OR AY.25.3 OR AY.26 OR AY.26.1 OR AY.27 OR AY.28 OR AY.29 OR AY.29.1 OR AY.29.2 OR AY.30 OR AY.31 OR AY.32 OR AY.33 OR AY.33.1 OR AY.33.2 OR AY.34 OR AY.34.1 OR AY.34.1.1 OR AY.34.2 OR AY.35 OR AY.36 OR AY.36.1 OR AY.37 OR AY.38 OR AY.39 OR AY.39.1 OR AY.39.1.1 OR AY.39.1.2 OR AY.39.1.3 OR AY.39.1.4 OR AY.39.2 OR AY.39.3 OR AY.40 OR AY.41 OR AY.42 OR AY.42.1 OR AY.43 OR AY.43.1 OR AY.43.2 OR AY.43.3 OR AY.43.4 OR AY.43.5 OR AY.43.6 OR AY.43.7 OR AY.43.8 OR AY.43.9 OR AY.44 OR AY.45 OR AY.46 OR AY.46.1 OR AY.46.2 OR AY.46.3 OR AY.46.4 OR AY.46.5 OR AY.46.6 OR AY.46.6.1 OR AY.47 OR AY.48 OR AY.49 OR AY.50 OR AY.51 OR AY.52 OR AY.53 OR AY.54 OR AY.55 OR AY.56 OR AY.57 OR AY.58 OR AY.59 OR AY.60 OR AY.61 OR AY.62 OR AY.63 OR AY.64 OR AY.65 OR AY.66 OR AY.67 OR AY.68 OR AY.69 OR AY.70 OR AY.71 OR AY.72 OR AY.73 OR AY.74 OR AY.75 OR AY.75.2 OR AY.75.3 OR AY.76 OR AY.77 OR AY.78 OR AY.79 OR AY.80 OR AY.81 OR AY.82 OR AY.83 OR AY.84 OR AY.85 OR AY.86 OR AY.87 OR AY.88 OR AY.90 OR AY.91 OR AY.91.1 OR AY.92 OR AY.93 OR AY.94 OR AY.95 OR AY.98 OR AY.98.1 OR AY.98.1.1 OR AY.99 OR AY.99.1 OR AY.99.2 OR AY.100 OR AY.101 OR AY.102 OR AY.102.1 OR AY.102.2 OR AY.103 OR AY.103.1 OR AY.103.2 OR AY.104 OR AY.105 OR AY.106 OR AY.107 OR AY.108 OR AY.109 OR AY.110 OR AY.111 OR AY.112 OR AY.112.1 OR AY.112.2 OR AY.112.3 OR AY.113 OR AY.114 OR AY.116 OR AY.116.1 OR AY.117 OR AY.118 OR AY.119 OR AY.119.1 OR AY.119.2 OR AY.120 OR AY.120.1 OR AY.120.2 OR AY.120.2.1 OR AY.121 OR AY.121.1 OR AY.122 OR AY.122.1 OR AY.122.2 OR AY.122.3 OR AY.122.4 OR AY.122.5 OR AY.122.6 OR AY.123 OR AY.123.1 OR AY.124 OR AY.124.1 OR AY.124.1.1 OR AY.125 OR AY.125.1 OR AY.126 OR AY.127 OR AY.127.1 OR AY.127.2 OR AY.127.3 OR AY.128 OR AY.129 OR AY.130 OR AY.131 OR AY.132 OR AY.133 OR AY.134 OR B.1.617.2,Delta,3.71428571428571,3.5,0.942307692307692
2021-12-08,4,4,3.71428571428571,3.42857142857143,0.923076923076923,0.283751679563413,0.971529104912853,AY.1 OR AY.2 OR AY.3 OR AY.3.1 OR AY.3.2 OR AY.3.3 OR AY.3.4 OR AY.4 OR AY.4.1 OR AY.4.2 OR AY.4.2.1 OR AY.4.2.2 OR AY.4.2.3 OR AY.4.2.4 OR AY.4.2.5 OR AY.4.3 OR AY.4.4 OR AY.4.5 OR AY.4.6 OR AY.4.7 OR AY.4.8 OR AY.4.9 OR AY.4.10 OR AY.4.11 OR AY.4.12 OR AY.4.13 OR AY.4.14 OR AY.4.15 OR AY.4.16 OR AY.4.17 OR AY.5 OR AY.5.1 OR AY.5.2 OR AY.5.3 OR AY.5.4 OR AY.5.5 OR AY.5.6 OR AY.5.7 OR AY.6 OR AY.7 OR AY.7.1 OR AY.7.2 OR AY.8 OR AY.9 OR AY.9.2 OR AY.9.2.1 OR AY.9.2.2 OR AY.10 OR AY.11 OR AY.13 OR AY.14 OR AY.15 OR AY.16 OR AY.16.1 OR AY.17 OR AY.18 OR AY.19 OR AY.20 OR AY.20.1 OR AY.21 OR AY.22 OR AY.23 OR AY.23.1 OR AY.23.2 OR AY.24 OR AY.24.1 OR AY.25 OR AY.25.1 OR AY.25.1.1 OR AY.25.1.2 OR AY.25.2 OR AY.25.3 OR AY.26 OR AY.26.1 OR AY.27 OR AY.28 OR AY.29 OR AY.29.1 OR AY.29.2 OR AY.30 OR AY.31 OR AY.32 OR AY.33 OR AY.33.1 OR AY.33.2 OR AY.34 OR AY.34.1 OR AY.34.1.1 OR AY.34.2 OR AY.35 OR AY.36 OR AY.36.1 OR AY.37 OR AY.38 OR AY.39 OR AY.39.1 OR AY.39.1.1 OR AY.39.1.2 OR AY.39.1.3 OR AY.39.1.4 OR AY.39.2 OR AY.39.3 OR AY.40 OR AY.41 OR AY.42 OR AY.42.1 OR AY.43 OR AY.43.1 OR AY.43.2 OR AY.43.3 OR AY.43.4 OR AY.43.5 OR AY.43.6 OR AY.43.7 OR AY.43.8 OR AY.43.9 OR AY.44 OR AY.45 OR AY.46 OR AY.46.1 OR AY.46.2 OR AY.46.3 OR AY.46.4 OR AY.46.5 OR AY.46.6 OR AY.46.6.1 OR AY.47 OR AY.48 OR AY.49 OR AY.50 OR AY.51 OR AY.52 OR AY.53 OR AY.54 OR AY.55 OR AY.56 OR AY.57 OR AY.58 OR AY.59 OR AY.60 OR AY.61 OR AY.62 OR AY.63 OR AY.64 OR AY.65 OR AY.66 OR AY.67 OR AY.68 OR AY.69 OR AY.70 OR AY.71 OR AY.72 OR AY.73 OR AY.74 OR AY.75 OR AY.75.2 OR AY.75.3 OR AY.76 OR AY.77 OR AY.78 OR AY.79 OR AY.80 OR AY.81 OR AY.82 OR AY.83 OR AY.84 OR AY.85 OR AY.86 OR AY.87 OR AY.88 OR AY.90 OR AY.91 OR AY.91.1 OR AY.92 OR AY.93 OR AY.94 OR AY.95 OR AY.98 OR AY.98.1 OR AY.98.1.1 OR AY.99 OR AY.99.1 OR AY.99.2 OR AY.100 OR AY.101 OR AY.102 OR AY.102.1 OR AY.102.2 OR AY.103 OR AY.103.1 OR AY.103.2 OR AY.104 OR AY.105 OR AY.106 OR AY.107 OR AY.108 OR AY.109 OR AY.110 OR AY.111 OR AY.112 OR AY.112.1 OR AY.112.2 OR AY.112.3 OR AY.113 OR AY.114 OR AY.116 OR AY.116.1 OR AY.117 OR AY.118 OR AY.119 OR AY.119.1 OR AY.119.2 OR AY.120 OR AY.120.1 OR AY.120.2 OR AY.120.2.1 OR AY.121 OR AY.121.1 OR AY.122 OR AY.122.1 OR AY.122.2 OR AY.122.3 OR AY.122.4 OR AY.122.5 OR AY.122.6 OR AY.123 OR AY.123.1 OR AY.124 OR AY.124.1 OR AY.124.1.1 OR AY.125 OR AY.125.1 OR AY.126 OR AY.127 OR AY.127.1 OR AY.127.2 OR AY.127.3 OR AY.128 OR AY.129 OR AY.130 OR AY.131 OR AY.132 OR AY.133 OR AY.134 OR B.1.617.2,Delta,3.57142857142857,3.35714285714286,0.94
2021-12-09,1,1,3.42857142857143,3.14285714285714,0.916666666666667,0.46441675695705,0.999849363974563,AY.1 OR AY.2 OR AY.3 OR AY.3.1 OR AY.3.2 OR AY.3.3 OR AY.3.4 OR AY.4 OR AY.4.1 OR AY.4.2 OR AY.4.2.1 OR AY.4.2.2 OR AY.4.2.3 OR AY.4.2.4 OR AY.4.2.5 OR AY.4.3 OR AY.4.4 OR AY.4.5 OR AY.4.6 OR AY.4.7 OR AY.4.8 OR AY.4.9 OR AY.4.10 OR AY.4.11 OR AY.4.12 OR AY.4.13 OR AY.4.14 OR AY.4.15 OR AY.4.16 OR AY.4.17 OR AY.5 OR AY.5.1 OR AY.5.2 OR AY.5.3 OR AY.5.4 OR AY.5.5 OR AY.5.6 OR AY.5.7 OR AY.6 OR AY.7 OR AY.7.1 OR AY.7.2 OR AY.8 OR AY.9 OR AY.9.2 OR AY.9.2.1 OR AY.9.2.2 OR AY.10 OR AY.11 OR AY.13 OR AY.14 OR AY.15 OR AY.16 OR AY.16.1 OR AY.17 OR AY.18 OR AY.19 OR AY.20 OR AY.20.1 OR AY.21 OR AY.22 OR AY.23 OR AY.23.1 OR AY.23.2 OR AY.24 OR AY.24.1 OR AY.25 OR AY.25.1 OR AY.25.1.1 OR AY.25.1.2 OR AY.25.2 OR AY.25.3 OR AY.26 OR AY.26.1 OR AY.27 OR AY.28 OR AY.29 OR AY.29.1 OR AY.29.2 OR AY.30 OR AY.31 OR AY.32 OR AY.33 OR AY.33.1 OR AY.33.2 OR AY.34 OR AY.34.1 OR AY.34.1.1 OR AY.34.2 OR AY.35 OR AY.36 OR AY.36.1 OR AY.37 OR AY.38 OR AY.39 OR AY.39.1 OR AY.39.1.1 OR AY.39.1.2 OR AY.39.1.3 OR AY.39.1.4 OR AY.39.2 OR AY.39.3 OR AY.40 OR AY.41 OR AY.42 OR AY.42.1 OR AY.43 OR AY.43.1 OR AY.43.2 OR AY.43.3 OR AY.43.4 OR AY.43.5 OR AY.43.6 OR AY.43.7 OR AY.43.8 OR AY.43.9 OR AY.44 OR AY.45 OR AY.46 OR AY.46.1 OR AY.46.2 OR AY.46.3 OR AY.46.4 OR AY.46.5 OR AY.46.6 OR AY.46.6.1 OR AY.47 OR AY.48 OR AY.49 OR AY.50 OR AY.51 OR AY.52 OR AY.53 OR AY.54 OR AY.55 OR AY.56 OR AY.57 OR AY.58 OR AY.59 OR AY.60 OR AY.61 OR AY.62 OR AY.63 OR AY.64 OR AY.65 OR AY.66 OR AY.67 OR AY.68 OR AY.69 OR AY.70 OR AY.71 OR AY.72 OR AY.73 OR AY.74 OR AY.75 OR AY.75.2 OR AY.75.3 OR AY.76 OR AY.77 OR AY.78 OR AY.79 OR AY.80 OR AY.81 OR AY.82 OR AY.83 OR AY.84 OR AY.85 OR AY.86 OR AY.87 OR AY.88 OR AY.90 OR AY.91 OR AY.91.1 OR AY.92 OR AY.93 OR AY.94 OR AY.95 OR AY.98 OR AY.98.1 OR AY.98.1.1 OR AY.99 OR AY.99.1 OR AY.99.2 OR AY.100 OR AY.101 OR AY.102 OR AY.102.1 OR AY.102.2 OR AY.103 OR AY.103.1 OR AY.103.2 OR AY.104 OR AY.105 OR AY.106 OR AY.107 OR AY.108 OR AY.109 OR AY.110 OR AY.111 OR AY.112 OR AY.112.1 OR AY.112.2 OR AY.112.3 OR AY.113 OR AY.114 OR AY.116 OR AY.116.1 OR AY.117 OR AY.118 OR AY.119 OR AY.119.1 OR AY.119.2 OR AY.120 OR AY.120.1 OR AY.120.2 OR AY.120.2.1 OR AY.121 OR AY.121.1 OR AY.122 OR AY.122.1 OR AY.122.2 OR AY.122.3 OR AY.122.4 OR AY.122.5 OR AY.122.6 OR AY.123 OR AY.123.1 OR AY.124 OR AY.124.1 OR AY.124.1.1 OR AY.125 OR AY.125.1 OR AY.126 OR AY.127 OR AY.127.1 OR AY.127.2 OR AY.127.3 OR AY.128 OR AY.129 OR AY.130 OR AY.131 OR AY.132 OR AY.133 OR AY.134 OR B.1.617.2,Delta,3.35714285714286,3.14285714285714,0.936170212765957
2021-12-10,5,5,3.71428571428571,3.57142857142857,0.961538461538461,0.55523738234236,0.999884667211762,AY.1 OR AY.2 OR AY.3 OR AY.3.1 OR AY.3.2 OR AY.3.3 OR AY.3.4 OR AY.4 OR AY.4.1 OR AY.4.2 OR AY.4.2.1 OR AY.4.2.2 OR AY.4.2.3 OR AY.4.2.4 OR AY.4.2.5 OR AY.4.3 OR AY.4.4 OR AY.4.5 OR AY.4.6 OR AY.4.7 OR AY.4.8 OR AY.4.9 OR AY.4.10 OR AY.4.11 OR AY.4.12 OR AY.4.13 OR AY.4.14 OR AY.4.15 OR AY.4.16 OR AY.4.17 OR AY.5 OR AY.5.1 OR AY.5.2 OR AY.5.3 OR AY.5.4 OR AY.5.5 OR AY.5.6 OR AY.5.7 OR AY.6 OR AY.7 OR AY.7.1 OR AY.7.2 OR AY.8 OR AY.9 OR AY.9.2 OR AY.9.2.1 OR AY.9.2.2 OR AY.10 OR AY.11 OR AY.13 OR AY.14 OR AY.15 OR AY.16 OR AY.16.1 OR AY.17 OR AY.18 OR AY.19 OR AY.20 OR AY.20.1 OR AY.21 OR AY.22 OR AY.23 OR AY.23.1 OR AY.23.2 OR AY.24 OR AY.24.1 OR AY.25 OR AY.25.1 OR AY.25.1.1 OR AY.25.1.2 OR AY.25.2 OR AY.25.3 OR AY.26 OR AY.26.1 OR AY.27 OR AY.28 OR AY.29 OR AY.29.1 OR AY.29.2 OR AY.30 OR AY.31 OR AY.32 OR AY.33 OR AY.33.1 OR AY.33.2 OR AY.34 OR AY.34.1 OR AY.34.1.1 OR AY.34.2 OR AY.35 OR AY.36 OR AY.36.1 OR AY.37 OR AY.38 OR AY.39 OR AY.39.1 OR AY.39.1.1 OR AY.39.1.2 OR AY.39.1.3 OR AY.39.1.4 OR AY.39.2 OR AY.39.3 OR AY.40 OR AY.41 OR AY.42 OR AY.42.1 OR AY.43 OR AY.43.1 OR AY.43.2 OR AY.43.3 OR AY.43.4 OR AY.43.5 OR AY.43.6 OR AY.43.7 OR AY.43.8 OR AY.43.9 OR AY.44 OR AY.45 OR AY.46 OR AY.46.1 OR AY.46.2 OR AY.46.3 OR AY.46.4 OR AY.46.5 OR AY.46.6 OR AY.46.6.1 OR AY.47 OR AY.48 OR AY.49 OR AY.50 OR AY.51 OR AY.52 OR AY.53 OR AY.54 OR AY.55 OR AY.56 OR AY.57 OR AY.58 OR AY.59 OR AY.60 OR AY.61 OR AY.62 OR AY.63 OR AY.64 OR AY.65 OR AY.66 OR AY.67 OR AY.68 OR AY.69 OR AY.70 OR AY.71 OR AY.72 OR AY.73 OR AY.74 OR AY.75 OR AY.75.2 OR AY.75.3 OR AY.76 OR AY.77 OR AY.78 OR AY.79 OR AY.80 OR AY.81 OR AY.82 OR AY.83 OR AY.84 OR AY.85 OR AY.86 OR AY.87 OR AY.88 OR AY.90 OR AY.91 OR AY.91.1 OR AY.92 OR AY.93 OR AY.94 OR AY.95 OR AY.98 OR AY.98.1 OR AY.98.1.1 OR AY.99 OR AY.99.1 OR AY.99.2 OR AY.100 OR AY.101 OR AY.102 OR AY.102.1 OR AY.102.2 OR AY.103 OR AY.103.1 OR AY.103.2 OR AY.104 OR AY.105 OR AY.106 OR AY.107 OR AY.108 OR AY.109 OR AY.110 OR AY.111 OR AY.112 OR AY.112.1 OR AY.112.2 OR AY.112.3 OR AY.113 OR AY.114 OR AY.116 OR AY.116.1 OR AY.117 OR AY.118 OR AY.119 OR AY.119.1 OR AY.119.2 OR AY.120 OR AY.120.1 OR AY.120.2 OR AY.120.2.1 OR AY.121 OR AY.121.1 OR AY.122 OR AY.122.1 OR AY.122.2 OR AY.122.3 OR AY.122.4 OR AY.122.5 OR AY.122.6 OR AY.123 OR AY.123.1 OR AY.124 OR AY.124.1 OR AY.124.1.1 OR AY.125 OR AY.125.1 OR AY.126 OR AY.127 OR AY.127.1 OR AY.127.2 OR AY.127.3 OR AY.128 OR AY.129 OR AY.130 OR AY.131 OR AY.132 OR AY.133 OR AY.134 OR B.1.617.2,Delta,3.57142857142857,3.35714285714286,0.94
2021-12-11,4,4,4,3.85714285714286,0.964285714285714,0.55523738234236,0.999884667211762,AY.1 OR AY.2 OR AY.3 OR AY.3.1 OR AY.3.2 OR AY.3.3 OR AY.3.4 OR AY.4 OR AY.4.1 OR AY.4.2 OR AY.4.2.1 OR AY.4.2.2 OR AY.4.2.3 OR AY.4.2.4 OR AY.4.2.5 OR AY.4.3 OR AY.4.4 OR AY.4.5 OR AY.4.6 OR AY.4.7 OR AY.4.8 OR AY.4.9 OR AY.4.10 OR AY.4.11 OR AY.4.12 OR AY.4.13 OR AY.4.14 OR AY.4.15 OR AY.4.16 OR AY.4.17 OR AY.5 OR AY.5.1 OR AY.5.2 OR AY.5.3 OR AY.5.4 OR AY.5.5 OR AY.5.6 OR AY.5.7 OR AY.6 OR AY.7 OR AY.7.1 OR AY.7.2 OR AY.8 OR AY.9 OR AY.9.2 OR AY.9.2.1 OR AY.9.2.2 OR AY.10 OR AY.11 OR AY.13 OR AY.14 OR AY.15 OR AY.16 OR AY.16.1 OR AY.17 OR AY.18 OR AY.19 OR AY.20 OR AY.20.1 OR AY.21 OR AY.22 OR AY.23 OR AY.23.1 OR AY.23.2 OR AY.24 OR AY.24.1 OR AY.25 OR AY.25.1 OR AY.25.1.1 OR AY.25.1.2 OR AY.25.2 OR AY.25.3 OR AY.26 OR AY.26.1 OR AY.27 OR AY.28 OR AY.29 OR AY.29.1 OR AY.29.2 OR AY.30 OR AY.31 OR AY.32 OR AY.33 OR AY.33.1 OR AY.33.2 OR AY.34 OR AY.34.1 OR AY.34.1.1 OR AY.34.2 OR AY.35 OR AY.36 OR AY.36.1 OR AY.37 OR AY.38 OR AY.39 OR AY.39.1 OR AY.39.1.1 OR AY.39.1.2 OR AY.39.1.3 OR AY.39.1.4 OR AY.39.2 OR AY.39.3 OR AY.40 OR AY.41 OR AY.42 OR AY.42.1 OR AY.43 OR AY.43.1 OR AY.43.2 OR AY.43.3 OR AY.43.4 OR AY.43.5 OR AY.43.6 OR AY.43.7 OR AY.43.8 OR AY.43.9 OR AY.44 OR AY.45 OR AY.46 OR AY.46.1 OR AY.46.2 OR AY.46.3 OR AY.46.4 OR AY.46.5 OR AY.46.6 OR AY.46.6.1 OR AY.47 OR AY.48 OR AY.49 OR AY.50 OR AY.51 OR AY.52 OR AY.53 OR AY.54 OR AY.55 OR AY.56 OR AY.57 OR AY.58 OR AY.59 OR AY.60 OR AY.61 OR AY.62 OR AY.63 OR AY.64 OR AY.65 OR AY.66 OR AY.67 OR AY.68 OR AY.69 OR AY.70 OR AY.71 OR AY.72 OR AY.73 OR AY.74 OR AY.75 OR AY.75.2 OR AY.75.3 OR AY.76 OR AY.77 OR AY.78 OR AY.79 OR AY.80 OR AY.81 OR AY.82 OR AY.83 OR AY.84 OR AY.85 OR AY.86 OR AY.87 OR AY.88 OR AY.90 OR AY.91 OR AY.91.1 OR AY.92 OR AY.93 OR AY.94 OR AY.95 OR AY.98 OR AY.98.1 OR AY.98.1.1 OR AY.99 OR AY.99.1 OR AY.99.2 OR AY.100 OR AY.101 OR AY.102 OR AY.102.1 OR AY.102.2 OR AY.103 OR AY.103.1 OR AY.103.2 OR AY.104 OR AY.105 OR AY.106 OR AY.107 OR AY.108 OR AY.109 OR AY.110 OR AY.111 OR AY.112 OR AY.112.1 OR AY.112.2 OR AY.112.3 OR AY.113 OR AY.114 OR AY.116 OR AY.116.1 OR AY.117 OR AY.118 OR AY.119 OR AY.119.1 OR AY.119.2 OR AY.120 OR AY.120.1 OR AY.120.2 OR AY.120.2.1 OR AY.121 OR AY.121.1 OR AY.122 OR AY.122.1 OR AY.122.2 OR AY.122.3 OR AY.122.4 OR AY.122.5 OR AY.122.6 OR AY.123 OR AY.123.1 OR AY.124 OR AY.124.1 OR AY.124.1.1 OR AY.125 OR AY.125.1 OR AY.126 OR AY.127 OR AY.127.1 OR AY.127.2 OR AY.127.3 OR AY.128 OR AY.129 OR AY.130 OR AY.131 OR AY.132 OR AY.133 OR AY.134 OR B.1.617.2,Delta,3.57142857142857,3.35714285714286,0.94
2021-12-12,3,3,4.14285714285714,4,0.96551724137931,0.55523738234236,0.999884667211762,AY.1 OR AY.2 OR AY.3 OR AY.3.1 OR AY.3.2 OR AY.3.3 OR AY.3.4 OR AY.4 OR AY.4.1 OR AY.4.2 OR AY.4.2.1 OR AY.4.2.2 OR AY.4.2.3 OR AY.4.2.4 OR AY.4.2.5 OR AY.4.3 OR AY.4.4 OR AY.4.5 OR AY.4.6 OR AY.4.7 OR AY.4.8 OR AY.4.9 OR AY.4.10 OR AY.4.11 OR AY.4.12 OR AY.4.13 OR AY.4.14 OR AY.4.15 OR AY.4.16 OR AY.4.17 OR AY.5 OR AY.5.1 OR AY.5.2 OR AY.5.3 OR AY.5.4 OR AY.5.5 OR AY.5.6 OR AY.5.7 OR AY.6 OR AY.7 OR AY.7.1 OR AY.7.2 OR AY.8 OR AY.9 OR AY.9.2 OR AY.9.2.1 OR AY.9.2.2 OR AY.10 OR AY.11 OR AY.13 OR AY.14 OR AY.15 OR AY.16 OR AY.16.1 OR AY.17 OR AY.18 OR AY.19 OR AY.20 OR AY.20.1 OR AY.21 OR AY.22 OR AY.23 OR AY.23.1 OR AY.23.2 OR AY.24 OR AY.24.1 OR AY.25 OR AY.25.1 OR AY.25.1.1 OR AY.25.1.2 OR AY.25.2 OR AY.25.3 OR AY.26 OR AY.26.1 OR AY.27 OR AY.28 OR AY.29 OR AY.29.1 OR AY.29.2 OR AY.30 OR AY.31 OR AY.32 OR AY.33 OR AY.33.1 OR AY.33.2 OR AY.34 OR AY.34.1 OR AY.34.1.1 OR AY.34.2 OR AY.35 OR AY.36 OR AY.36.1 OR AY.37 OR AY.38 OR AY.39 OR AY.39.1 OR AY.39.1.1 OR AY.39.1.2 OR AY.39.1.3 OR AY.39.1.4 OR AY.39.2 OR AY.39.3 OR AY.40 OR AY.41 OR AY.42 OR AY.42.1 OR AY.43 OR AY.43.1 OR AY.43.2 OR AY.43.3 OR AY.43.4 OR AY.43.5 OR AY.43.6 OR AY.43.7 OR AY.43.8 OR AY.43.9 OR AY.44 OR AY.45 OR AY.46 OR AY.46.1 OR AY.46.2 OR AY.46.3 OR AY.46.4 OR AY.46.5 OR AY.46.6 OR AY.46.6.1 OR AY.47 OR AY.48 OR AY.49 OR AY.50 OR AY.51 OR AY.52 OR AY.53 OR AY.54 OR AY.55 OR AY.56 OR AY.57 OR AY.58 OR AY.59 OR AY.60 OR AY.61 OR AY.62 OR AY.63 OR AY.64 OR AY.65 OR AY.66 OR AY.67 OR AY.68 OR AY.69 OR AY.70 OR AY.71 OR AY.72 OR AY.73 OR AY.74 OR AY.75 OR AY.75.2 OR AY.75.3 OR AY.76 OR AY.77 OR AY.78 OR AY.79 OR AY.80 OR AY.81 OR AY.82 OR AY.83 OR AY.84 OR AY.85 OR AY.86 OR AY.87 OR AY.88 OR AY.90 OR AY.91 OR AY.91.1 OR AY.92 OR AY.93 OR AY.94 OR AY.95 OR AY.98 OR AY.98.1 OR AY.98.1.1 OR AY.99 OR AY.99.1 OR AY.99.2 OR AY.100 OR AY.101 OR AY.102 OR AY.102.1 OR AY.102.2 OR AY.103 OR AY.103.1 OR AY.103.2 OR AY.104 OR AY.105 OR AY.106 OR AY.107 OR AY.108 OR AY.109 OR AY.110 OR AY.111 OR AY.112 OR AY.112.1 OR AY.112.2 OR AY.112.3 OR AY.113 OR AY.114 OR AY.116 OR AY.116.1 OR AY.117 OR AY.118 OR AY.119 OR AY.119.1 OR AY.119.2 OR AY.120 OR AY.120.1 OR AY.120.2 OR AY.120.2.1 OR AY.121 OR AY.121.1 OR AY.122 OR AY.122.1 OR AY.122.2 OR AY.122.3 OR AY.122.4 OR AY.122.5 OR AY.122.6 OR AY.123 OR AY.123.1 OR AY.124 OR AY.124.1 OR AY.124.1.1 OR AY.125 OR AY.125.1 OR AY.126 OR AY.127 OR AY.127.1 OR AY.127.2 OR AY.127.3 OR AY.128 OR AY.129 OR AY.130 OR AY.131 OR AY.132 OR AY.133 OR AY.134 OR B.1.617.2,Delta,3.42857142857143,3.21428571428571,0.9375
2021-12-13,6,6,3.85714285714286,3.85714285714286,1,0.55523738234236,0.999884667211762,AY.1 OR AY.2 OR AY.3 OR AY.3.1 OR AY.3.2 OR AY.3.3 OR AY.3.4 OR AY.4 OR AY.4.1 OR AY.4.2 OR AY.4.2.1 OR AY.4.2.2 OR AY.4.2.3 OR AY.4.2.4 OR AY.4.2.5 OR AY.4.3 OR AY.4.4 OR AY.4.5 OR AY.4.6 OR AY.4.7 OR AY.4.8 OR AY.4.9 OR AY.4.10 OR AY.4.11 OR AY.4.12 OR AY.4.13 OR AY.4.14 OR AY.4.15 OR AY.4.16 OR AY.4.17 OR AY.5 OR AY.5.1 OR AY.5.2 OR AY.5.3 OR AY.5.4 OR AY.5.5 OR AY.5.6 OR AY.5.7 OR AY.6 OR AY.7 OR AY.7.1 OR AY.7.2 OR AY.8 OR AY.9 OR AY.9.2 OR AY.9.2.1 OR AY.9.2.2 OR AY.10 OR AY.11 OR AY.13 OR AY.14 OR AY.15 OR AY.16 OR AY.16.1 OR AY.17 OR AY.18 OR AY.19 OR AY.20 OR AY.20.1 OR AY.21 OR AY.22 OR AY.23 OR AY.23.1 OR AY.23.2 OR AY.24 OR AY.24.1 OR AY.25 OR AY.25.1 OR AY.25.1.1 OR AY.25.1.2 OR AY.25.2 OR AY.25.3 OR AY.26 OR AY.26.1 OR AY.27 OR AY.28 OR AY.29 OR AY.29.1 OR AY.29.2 OR AY.30 OR AY.31 OR AY.32 OR AY.33 OR AY.33.1 OR AY.33.2 OR AY.34 OR AY.34.1 OR AY.34.1.1 OR AY.34.2 OR AY.35 OR AY.36 OR AY.36.1 OR AY.37 OR AY.38 OR AY.39 OR AY.39.1 OR AY.39.1.1 OR AY.39.1.2 OR AY.39.1.3 OR AY.39.1.4 OR AY.39.2 OR AY.39.3 OR AY.40 OR AY.41 OR AY.42 OR AY.42.1 OR AY.43 OR AY.43.1 OR AY.43.2 OR AY.43.3 OR AY.43.4 OR AY.43.5 OR AY.43.6 OR AY.43.7 OR AY.43.8 OR AY.43.9 OR AY.44 OR AY.45 OR AY.46 OR AY.46.1 OR AY.46.2 OR AY.46.3 OR AY.46.4 OR AY.46.5 OR AY.46.6 OR AY.46.6.1 OR AY.47 OR AY.48 OR AY.49 OR AY.50 OR AY.51 OR AY.52 OR AY.53 OR AY.54 OR AY.55 OR AY.56 OR AY.57 OR AY.58 OR AY.59 OR AY.60 OR AY.61 OR AY.62 OR AY.63 OR AY.64 OR AY.65 OR AY.66 OR AY.67 OR AY.68 OR AY.69 OR AY.70 OR AY.71 OR AY.72 OR AY.73 OR AY.74 OR AY.75 OR AY.75.2 OR AY.75.3 OR AY.76 OR AY.77 OR AY.78 OR AY.79 OR AY.80 OR AY.81 OR AY.82 OR AY.83 OR AY.84 OR AY.85 OR AY.86 OR AY.87 OR AY.88 OR AY.90 OR AY.91 OR AY.91.1 OR AY.92 OR AY.93 OR AY.94 OR AY.95 OR AY.98 OR AY.98.1 OR AY.98.1.1 OR AY.99 OR AY.99.1 OR AY.99.2 OR AY.100 OR AY.101 OR AY.102 OR AY.102.1 OR AY.102.2 OR AY.103 OR AY.103.1 OR AY.103.2 OR AY.104 OR AY.105 OR AY.106 OR AY.107 OR AY.108 OR AY.109 OR AY.110 OR AY.111 OR AY.112 OR AY.112.1 OR AY.112.2 OR AY.112.3 OR AY.113 OR AY.114 OR AY.116 OR AY.116.1 OR AY.117 OR AY.118 OR AY.119 OR AY.119.1 OR AY.119.2 OR AY.120 OR AY.120.1 OR AY.120.2 OR AY.120.2.1 OR AY.121 OR AY.121.1 OR AY.122 OR AY.122.1 OR AY.122.2 OR AY.122.3 OR AY.122.4 OR AY.122.5 OR AY.122.6 OR AY.123 OR AY.123.1 OR AY.124 OR AY.124.1 OR AY.124.1.1 OR AY.125 OR AY.125.1 OR AY.126 OR AY.127 OR AY.127.1 OR AY.127.2 OR AY.127.3 OR AY.128 OR AY.129 OR AY.130 OR AY.131 OR AY.132 OR AY.133 OR AY.134 OR B.1.617.2,Delta,3.64285714285714,3.42857142857143,0.941176470588235
2021-12-14,4,1,3.85714285714286,3.42857142857143,0.888888888888889,0.283751679563413,0.971529104912853,AY.1 OR AY.2 OR AY.3 OR AY.3.1 OR AY.3.2 OR AY.3.3 OR AY.3.4 OR AY.4 OR AY.4.1 OR AY.4.2 OR AY.4.2.1 OR AY.4.2.2 OR AY.4.2.3 OR AY.4.2.4 OR AY.4.2.5 OR AY.4.3 OR AY.4.4 OR AY.4.5 OR AY.4.6 OR AY.4.7 OR AY.4.8 OR AY.4.9 OR AY.4.10 OR AY.4.11 OR AY.4.12 OR AY.4.13 OR AY.4.14 OR AY.4.15 OR AY.4.16 OR AY.4.17 OR AY.5 OR AY.5.1 OR AY.5.2 OR AY.5.3 OR AY.5.4 OR AY.5.5 OR AY.5.6 OR AY.5.7 OR AY.6 OR AY.7 OR AY.7.1 OR AY.7.2 OR AY.8 OR AY.9 OR AY.9.2 OR AY.9.2.1 OR AY.9.2.2 OR AY.10 OR AY.11 OR AY.13 OR AY.14 OR AY.15 OR AY.16 OR AY.16.1 OR AY.17 OR AY.18 OR AY.19 OR AY.20 OR AY.20.1 OR AY.21 OR AY.22 OR AY.23 OR AY.23.1 OR AY.23.2 OR AY.24 OR AY.24.1 OR AY.25 OR AY.25.1 OR AY.25.1.1 OR AY.25.1.2 OR AY.25.2 OR AY.25.3 OR AY.26 OR AY.26.1 OR AY.27 OR AY.28 OR AY.29 OR AY.29.1 OR AY.29.2 OR AY.30 OR AY.31 OR AY.32 OR AY.33 OR AY.33.1 OR AY.33.2 OR AY.34 OR AY.34.1 OR AY.34.1.1 OR AY.34.2 OR AY.35 OR AY.36 OR AY.36.1 OR AY.37 OR AY.38 OR AY.39 OR AY.39.1 OR AY.39.1.1 OR AY.39.1.2 OR AY.39.1.3 OR AY.39.1.4 OR AY.39.2 OR AY.39.3 OR AY.40 OR AY.41 OR AY.42 OR AY.42.1 OR AY.43 OR AY.43.1 OR AY.43.2 OR AY.43.3 OR AY.43.4 OR AY.43.5 OR AY.43.6 OR AY.43.7 OR AY.43.8 OR AY.43.9 OR AY.44 OR AY.45 OR AY.46 OR AY.46.1 OR AY.46.2 OR AY.46.3 OR AY.46.4 OR AY.46.5 OR AY.46.6 OR AY.46.6.1 OR AY.47 OR AY.48 OR AY.49 OR AY.50 OR AY.51 OR AY.52 OR AY.53 OR AY.54 OR AY.55 OR AY.56 OR AY.57 OR AY.58 OR AY.59 OR AY.60 OR AY.61 OR AY.62 OR AY.63 OR AY.64 OR AY.65 OR AY.66 OR AY.67 OR AY.68 OR AY.69 OR AY.70 OR AY.71 OR AY.72 OR AY.73 OR AY.74 OR AY.75 OR AY.75.2 OR AY.75.3 OR AY.76 OR AY.77 OR AY.78 OR AY.79 OR AY.80 OR AY.81 OR AY.82 OR AY.83 OR AY.84 OR AY.85 OR AY.86 OR AY.87 OR AY.88 OR AY.90 OR AY.91 OR AY.91.1 OR AY.92 OR AY.93 OR AY.94 OR AY.95 OR AY.98 OR AY.98.1 OR AY.98.1.1 OR AY.99 OR AY.99.1 OR AY.99.2 OR AY.100 OR AY.101 OR AY.102 OR AY.102.1 OR AY.102.2 OR AY.103 OR AY.103.1 OR AY.103.2 OR AY.104 OR AY.105 OR AY.106 OR AY.107 OR AY.108 OR AY.109 OR AY.110 OR AY.111 OR AY.112 OR AY.112.1 OR AY.112.2 OR AY.112.3 OR AY.113 OR AY.114 OR AY.116 OR AY.116.1 OR AY.117 OR AY.118 OR AY.119 OR AY.119.1 OR AY.119.2 OR AY.120 OR AY.120.1 OR AY.120.2 OR AY.120.2.1 OR AY.121 OR AY.121.1 OR AY.122 OR AY.122.1 OR AY.122.2 OR AY.122.3 OR AY.122.4 OR AY.122.5 OR AY.122.6 OR AY.123 OR AY.123.1 OR AY.124 OR AY.124.1 OR AY.124.1.1 OR AY.125 OR AY.125.1 OR AY.126 OR AY.127 OR AY.127.1 OR AY.127.2 OR AY.127.3 OR AY.128 OR AY.129 OR AY.130 OR AY.131 OR AY.132 OR AY.133 OR AY.134 OR B.1.617.2,Delta,3.85714285714286,3.42857142857143,0.888888888888889
2021-12-15,7,5,4.28571428571429,3.57142857142857,0.833333333333333,0.55523738234236,0.999884667211762,AY.1 OR AY.2 OR AY.3 OR AY.3.1 OR AY.3.2 OR AY.3.3 OR AY.3.4 OR AY.4 OR AY.4.1 OR AY.4.2 OR AY.4.2.1 OR AY.4.2.2 OR AY.4.2.3 OR AY.4.2.4 OR AY.4.2.5 OR AY.4.3 OR AY.4.4 OR AY.4.5 OR AY.4.6 OR AY.4.7 OR AY.4.8 OR AY.4.9 OR AY.4.10 OR AY.4.11 OR AY.4.12 OR AY.4.13 OR AY.4.14 OR AY.4.15 OR AY.4.16 OR AY.4.17 OR AY.5 OR AY.5.1 OR AY.5.2 OR AY.5.3 OR AY.5.4 OR AY.5.5 OR AY.5.6 OR AY.5.7 OR AY.6 OR AY.7 OR AY.7.1 OR AY.7.2 OR AY.8 OR AY.9 OR AY.9.2 OR AY.9.2.1 OR AY.9.2.2 OR AY.10 OR AY.11 OR AY.13 OR AY.14 OR AY.15 OR AY.16 OR AY.16.1 OR AY.17 OR AY.18 OR AY.19 OR AY.20 OR AY.20.1 OR AY.21 OR AY.22 OR AY.23 OR AY.23.1 OR AY.23.2 OR AY.24 OR AY.24.1 OR AY.25 OR AY.25.1 OR AY.25.1.1 OR AY.25.1.2 OR AY.25.2 OR AY.25.3 OR AY.26 OR AY.26.1 OR AY.27 OR AY.28 OR AY.29 OR AY.29.1 OR AY.29.2 OR AY.30 OR AY.31 OR AY.32 OR AY.33 OR AY.33.1 OR AY.33.2 OR AY.34 OR AY.34.1 OR AY.34.1.1 OR AY.34.2 OR AY.35 OR AY.36 OR AY.36.1 OR AY.37 OR AY.38 OR AY.39 OR AY.39.1 OR AY.39.1.1 OR AY.39.1.2 OR AY.39.1.3 OR AY.39.1.4 OR AY.39.2 OR AY.39.3 OR AY.40 OR AY.41 OR AY.42 OR AY.42.1 OR AY.43 OR AY.43.1 OR AY.43.2 OR AY.43.3 OR AY.43.4 OR AY.43.5 OR AY.43.6 OR AY.43.7 OR AY.43.8 OR AY.43.9 OR AY.44 OR AY.45 OR AY.46 OR AY.46.1 OR AY.46.2 OR AY.46.3 OR AY.46.4 OR AY.46.5 OR AY.46.6 OR AY.46.6.1 OR AY.47 OR AY.48 OR AY.49 OR AY.50 OR AY.51 OR AY.52 OR AY.53 OR AY.54 OR AY.55 OR AY.56 OR AY.57 OR AY.58 OR AY.59 OR AY.60 OR AY.61 OR AY.62 OR AY.63 OR AY.64 OR AY.65 OR AY.66 OR AY.67 OR AY.68 OR AY.69 OR AY.70 OR AY.71 OR AY.72 OR AY.73 OR AY.74 OR AY.75 OR AY.75.2 OR AY.75.3 OR AY.76 OR AY.77 OR AY.78 OR AY.79 OR AY.80 OR AY.81 OR AY.82 OR AY.83 OR AY.84 OR AY.85 OR AY.86 OR AY.87 OR AY.88 OR AY.90 OR AY.91 OR AY.91.1 OR AY.92 OR AY.93 OR AY.94 OR AY.95 OR AY.98 OR AY.98.1 OR AY.98.1.1 OR AY.99 OR AY.99.1 OR AY.99.2 OR AY.100 OR AY.101 OR AY.102 OR AY.102.1 OR AY.102.2 OR AY.103 OR AY.103.1 OR AY.103.2 OR AY.104 OR AY.105 OR AY.106 OR AY.107 OR AY.108 OR AY.109 OR AY.110 OR AY.111 OR AY.112 OR AY.112.1 OR AY.112.2 OR AY.112.3 OR AY.113 OR AY.114 OR AY.116 OR AY.116.1 OR AY.117 OR AY.118 OR AY.119 OR AY.119.1 OR AY.119.2 OR AY.120 OR AY.120.1 OR AY.120.2 OR AY.120.2.1 OR AY.121 OR AY.121.1 OR AY.122 OR AY.122.1 OR AY.122.2 OR AY.122.3 OR AY.122.4 OR AY.122.5 OR AY.122.6 OR AY.123 OR AY.123.1 OR AY.124 OR AY.124.1 OR AY.124.1.1 OR AY.125 OR AY.125.1 OR AY.126 OR AY.127 OR AY.127.1 OR AY.127.2 OR AY.127.3 OR AY.128 OR AY.129 OR AY.130 OR AY.131 OR AY.132 OR AY.133 OR AY.134 OR B.1.617.2,Delta,4,3.5,0.875
2021-12-16,5,4,4.85714285714286,4,0.823529411764706,0.371373599368006,0.977487234000845,AY.1 OR AY.2 OR AY.3 OR AY.3.1 OR AY.3.2 OR AY.3.3 OR AY.3.4 OR AY.4 OR AY.4.1 OR AY.4.2 OR AY.4.2.1 OR AY.4.2.2 OR AY.4.2.3 OR AY.4.2.4 OR AY.4.2.5 OR AY.4.3 OR AY.4.4 OR AY.4.5 OR AY.4.6 OR AY.4.7 OR AY.4.8 OR AY.4.9 OR AY.4.10 OR AY.4.11 OR AY.4.12 OR AY.4.13 OR AY.4.14 OR AY.4.15 OR AY.4.16 OR AY.4.17 OR AY.5 OR AY.5.1 OR AY.5.2 OR AY.5.3 OR AY.5.4 OR AY.5.5 OR AY.5.6 OR AY.5.7 OR AY.6 OR AY.7 OR AY.7.1 OR AY.7.2 OR AY.8 OR AY.9 OR AY.9.2 OR AY.9.2.1 OR AY.9.2.2 OR AY.10 OR AY.11 OR AY.13 OR AY.14 OR AY.15 OR AY.16 OR AY.16.1 OR AY.17 OR AY.18 OR AY.19 OR AY.20 OR AY.20.1 OR AY.21 OR AY.22 OR AY.23 OR AY.23.1 OR AY.23.2 OR AY.24 OR AY.24.1 OR AY.25 OR AY.25.1 OR AY.25.1.1 OR AY.25.1.2 OR AY.25.2 OR AY.25.3 OR AY.26 OR AY.26.1 OR AY.27 OR AY.28 OR AY.29 OR AY.29.1 OR AY.29.2 OR AY.30 OR AY.31 OR AY.32 OR AY.33 OR AY.33.1 OR AY.33.2 OR AY.34 OR AY.34.1 OR AY.34.1.1 OR AY.34.2 OR AY.35 OR AY.36 OR AY.36.1 OR AY.37 OR AY.38 OR AY.39 OR AY.39.1 OR AY.39.1.1 OR AY.39.1.2 OR AY.39.1.3 OR AY.39.1.4 OR AY.39.2 OR AY.39.3 OR AY.40 OR AY.41 OR AY.42 OR AY.42.1 OR AY.43 OR AY.43.1 OR AY.43.2 OR AY.43.3 OR AY.43.4 OR AY.43.5 OR AY.43.6 OR AY.43.7 OR AY.43.8 OR AY.43.9 OR AY.44 OR AY.45 OR AY.46 OR AY.46.1 OR AY.46.2 OR AY.46.3 OR AY.46.4 OR AY.46.5 OR AY.46.6 OR AY.46.6.1 OR AY.47 OR AY.48 OR AY.49 OR AY.50 OR AY.51 OR AY.52 OR AY.53 OR AY.54 OR AY.55 OR AY.56 OR AY.57 OR AY.58 OR AY.59 OR AY.60 OR AY.61 OR AY.62 OR AY.63 OR AY.64 OR AY.65 OR AY.66 OR AY.67 OR AY.68 OR AY.69 OR AY.70 OR AY.71 OR AY.72 OR AY.73 OR AY.74 OR AY.75 OR AY.75.2 OR AY.75.3 OR AY.76 OR AY.77 OR AY.78 OR AY.79 OR AY.80 OR AY.81 OR AY.82 OR AY.83 OR AY.84 OR AY.85 OR AY.86 OR AY.87 OR AY.88 OR AY.90 OR AY.91 OR AY.91.1 OR AY.92 OR AY.93 OR AY.94 OR AY.95 OR AY.98 OR AY.98.1 OR AY.98.1.1 OR AY.99 OR AY.99.1 OR AY.99.2 OR AY.100 OR AY.101 OR AY.102 OR AY.102.1 OR AY.102.2 OR AY.103 OR AY.103.1 OR AY.103.2 OR AY.104 OR AY.105 OR AY.106 OR AY.107 OR AY.108 OR AY.109 OR AY.110 OR AY.111 OR AY.112 OR AY.112.1 OR AY.112.2 OR AY.112.3 OR AY.113 OR AY.114 OR AY.116 OR AY.116.1 OR AY.117 OR AY.118 OR AY.119 OR AY.119.1 OR AY.119.2 OR AY.120 OR AY.120.1 OR AY.120.2 OR AY.120.2.1 OR AY.121 OR AY.121.1 OR AY.122 OR AY.122.1 OR AY.122.2 OR AY.122.3 OR AY.122.4 OR AY.122.5 OR AY.122.6 OR AY.123 OR AY.123.1 OR AY.124 OR AY.124.1 OR AY.124.1.1 OR AY.125 OR AY.125.1 OR AY.126 OR AY.127 OR AY.127.1 OR AY.127.2 OR AY.127.3 OR AY.128 OR AY.129 OR AY.130 OR AY.131 OR AY.132 OR AY.133 OR AY.134 OR B.1.617.2,Delta,4.14285714285714,3.57142857142857,0.862068965517241
2021-12-17,4,2,4.71428571428571,3.57142857142857,0.757575757575758,0.371373599368006,0.977487234000845,AY.1 OR AY.2 OR AY.3 OR AY.3.1 OR AY.3.2 OR AY.3.3 OR AY.3.4 OR AY.4 OR AY.4.1 OR AY.4.2 OR AY.4.2.1 OR AY.4.2.2 OR AY.4.2.3 OR AY.4.2.4 OR AY.4.2.5 OR AY.4.3 OR AY.4.4 OR AY.4.5 OR AY.4.6 OR AY.4.7 OR AY.4.8 OR AY.4.9 OR AY.4.10 OR AY.4.11 OR AY.4.12 OR AY.4.13 OR AY.4.14 OR AY.4.15 OR AY.4.16 OR AY.4.17 OR AY.5 OR AY.5.1 OR AY.5.2 OR AY.5.3 OR AY.5.4 OR AY.5.5 OR AY.5.6 OR AY.5.7 OR AY.6 OR AY.7 OR AY.7.1 OR AY.7.2 OR AY.8 OR AY.9 OR AY.9.2 OR AY.9.2.1 OR AY.9.2.2 OR AY.10 OR AY.11 OR AY.13 OR AY.14 OR AY.15 OR AY.16 OR AY.16.1 OR AY.17 OR AY.18 OR AY.19 OR AY.20 OR AY.20.1 OR AY.21 OR AY.22 OR AY.23 OR AY.23.1 OR AY.23.2 OR AY.24 OR AY.24.1 OR AY.25 OR AY.25.1 OR AY.25.1.1 OR AY.25.1.2 OR AY.25.2 OR AY.25.3 OR AY.26 OR AY.26.1 OR AY.27 OR AY.28 OR AY.29 OR AY.29.1 OR AY.29.2 OR AY.30 OR AY.31 OR AY.32 OR AY.33 OR AY.33.1 OR AY.33.2 OR AY.34 OR AY.34.1 OR AY.34.1.1 OR AY.34.2 OR AY.35 OR AY.36 OR AY.36.1 OR AY.37 OR AY.38 OR AY.39 OR AY.39.1 OR AY.39.1.1 OR AY.39.1.2 OR AY.39.1.3 OR AY.39.1.4 OR AY.39.2 OR AY.39.3 OR AY.40 OR AY.41 OR AY.42 OR AY.42.1 OR AY.43 OR AY.43.1 OR AY.43.2 OR AY.43.3 OR AY.43.4 OR AY.43.5 OR AY.43.6 OR AY.43.7 OR AY.43.8 OR AY.43.9 OR AY.44 OR AY.45 OR AY.46 OR AY.46.1 OR AY.46.2 OR AY.46.3 OR AY.46.4 OR AY.46.5 OR AY.46.6 OR AY.46.6.1 OR AY.47 OR AY.48 OR AY.49 OR AY.50 OR AY.51 OR AY.52 OR AY.53 OR AY.54 OR AY.55 OR AY.56 OR AY.57 OR AY.58 OR AY.59 OR AY.60 OR AY.61 OR AY.62 OR AY.63 OR AY.64 OR AY.65 OR AY.66 OR AY.67 OR AY.68 OR AY.69 OR AY.70 OR AY.71 OR AY.72 OR AY.73 OR AY.74 OR AY.75 OR AY.75.2 OR AY.75.3 OR AY.76 OR AY.77 OR AY.78 OR AY.79 OR AY.80 OR AY.81 OR AY.82 OR AY.83 OR AY.84 OR AY.85 OR AY.86 OR AY.87 OR AY.88 OR AY.90 OR AY.91 OR AY.91.1 OR AY.92 OR AY.93 OR AY.94 OR AY.95 OR AY.98 OR AY.98.1 OR AY.98.1.1 OR AY.99 OR AY.99.1 OR AY.99.2 OR AY.100 OR AY.101 OR AY.102 OR AY.102.1 OR AY.102.2 OR AY.103 OR AY.103.1 OR AY.103.2 OR AY.104 OR AY.105 OR AY.106 OR AY.107 OR AY.108 OR AY.109 OR AY.110 OR AY.111 OR AY.112 OR AY.112.1 OR AY.112.2 OR AY.112.3 OR AY.113 OR AY.114 OR AY.116 OR AY.116.1 OR AY.117 OR AY.118 OR AY.119 OR AY.119.1 OR AY.119.2 OR AY.120 OR AY.120.1 OR AY.120.2 OR AY.120.2.1 OR AY.121 OR AY.121.1 OR AY.122 OR AY.122.1 OR AY.122.2 OR AY.122.3 OR AY.122.4 OR AY.122.5 OR AY.122.6 OR AY.123 OR AY.123.1 OR AY.124 OR AY.124.1 OR AY.124.1.1 OR AY.125 OR AY.125.1 OR AY.126 OR AY.127 OR AY.127.1 OR AY.127.2 OR AY.127.3 OR AY.128 OR AY.129 OR AY.130 OR AY.131 OR AY.132 OR AY.133 OR AY.134 OR B.1.617.2,Delta,4.21428571428571,3.57142857142857,0.847457627118644
2021-12-18,6,1,5,3.14285714285714,0.628571428571429,0.209416664076005,0.905609672655656,AY.1 OR AY.2 OR AY.3 OR AY.3.1 OR AY.3.2 OR AY.3.3 OR AY.3.4 OR AY.4 OR AY.4.1 OR AY.4.2 OR AY.4.2.1 OR AY.4.2.2 OR AY.4.2.3 OR AY.4.2.4 OR AY.4.2.5 OR AY.4.3 OR AY.4.4 OR AY.4.5 OR AY.4.6 OR AY.4.7 OR AY.4.8 OR AY.4.9 OR AY.4.10 OR AY.4.11 OR AY.4.12 OR AY.4.13 OR AY.4.14 OR AY.4.15 OR AY.4.16 OR AY.4.17 OR AY.5 OR AY.5.1 OR AY.5.2 OR AY.5.3 OR AY.5.4 OR AY.5.5 OR AY.5.6 OR AY.5.7 OR AY.6 OR AY.7 OR AY.7.1 OR AY.7.2 OR AY.8 OR AY.9 OR AY.9.2 OR AY.9.2.1 OR AY.9.2.2 OR AY.10 OR AY.11 OR AY.13 OR AY.14 OR AY.15 OR AY.16 OR AY.16.1 OR AY.17 OR AY.18 OR AY.19 OR AY.20 OR AY.20.1 OR AY.21 OR AY.22 OR AY.23 OR AY.23.1 OR AY.23.2 OR AY.24 OR AY.24.1 OR AY.25 OR AY.25.1 OR AY.25.1.1 OR AY.25.1.2 OR AY.25.2 OR AY.25.3 OR AY.26 OR AY.26.1 OR AY.27 OR AY.28 OR AY.29 OR AY.29.1 OR AY.29.2 OR AY.30 OR AY.31 OR AY.32 OR AY.33 OR AY.33.1 OR AY.33.2 OR AY.34 OR AY.34.1 OR AY.34.1.1 OR AY.34.2 OR AY.35 OR AY.36 OR AY.36.1 OR AY.37 OR AY.38 OR AY.39 OR AY.39.1 OR AY.39.1.1 OR AY.39.1.2 OR AY.39.1.3 OR AY.39.1.4 OR AY.39.2 OR AY.39.3 OR AY.40 OR AY.41 OR AY.42 OR AY.42.1 OR AY.43 OR AY.43.1 OR AY.43.2 OR AY.43.3 OR AY.43.4 OR AY.43.5 OR AY.43.6 OR AY.43.7 OR AY.43.8 OR AY.43.9 OR AY.44 OR AY.45 OR AY.46 OR AY.46.1 OR AY.46.2 OR AY.46.3 OR AY.46.4 OR AY.46.5 OR AY.46.6 OR AY.46.6.1 OR AY.47 OR AY.48 OR AY.49 OR AY.50 OR AY.51 OR AY.52 OR AY.53 OR AY.54 OR AY.55 OR AY.56 OR AY.57 OR AY.58 OR AY.59 OR AY.60 OR AY.61 OR AY.62 OR AY.63 OR AY.64 OR AY.65 OR AY.66 OR AY.67 OR AY.68 OR AY.69 OR AY.70 OR AY.71 OR AY.72 OR AY.73 OR AY.74 OR AY.75 OR AY.75.2 OR AY.75.3 OR AY.76 OR AY.77 OR AY.78 OR AY.79 OR AY.80 OR AY.81 OR AY.82 OR AY.83 OR AY.84 OR AY.85 OR AY.86 OR AY.87 OR AY.88 OR AY.90 OR AY.91 OR AY.91.1 OR AY.92 OR AY.93 OR AY.94 OR AY.95 OR AY.98 OR AY.98.1 OR AY.98.1.1 OR AY.99 OR AY.99.1 OR AY.99.2 OR AY.100 OR AY.101 OR AY.102 OR AY.102.1 OR AY.102.2 OR AY.103 OR AY.103.1 OR AY.103.2 OR AY.104 OR AY.105 OR AY.106 OR AY.107 OR AY.108 OR AY.109 OR AY.110 OR AY.111 OR AY.112 OR AY.112.1 OR AY.112.2 OR AY.112.3 OR AY.113 OR AY.114 OR AY.116 OR AY.116.1 OR AY.117 OR AY.118 OR AY.119 OR AY.119.1 OR AY.119.2 OR AY.120 OR AY.120.1 OR AY.120.2 OR AY.120.2.1 OR AY.121 OR AY.121.1 OR AY.122 OR AY.122.1 OR AY.122.2 OR AY.122.3 OR AY.122.4 OR AY.122.5 OR AY.122.6 OR AY.123 OR AY.123.1 OR AY.124 OR AY.124.1 OR AY.124.1.1 OR AY.125 OR AY.125.1 OR AY.126 OR AY.127 OR AY.127.1 OR AY.127.2 OR AY.127.3 OR AY.128 OR AY.129 OR AY.130 OR AY.131 OR AY.132 OR AY.133 OR AY.134 OR B.1.617.2,Delta,4.5,3.5,0.777777777777778
2021-12-20,8,3,5.66666666666667,2.66666666666667,0.470588235294118,0.166808197331845,0.833191802668155,AY.1 OR AY.2 OR AY.3 OR AY.3.1 OR AY.3.2 OR AY.3.3 OR AY.3.4 OR AY.4 OR AY.4.1 OR AY.4.2 OR AY.4.2.1 OR AY.4.2.2 OR AY.4.2.3 OR AY.4.2.4 OR AY.4.2.5 OR AY.4.3 OR AY.4.4 OR AY.4.5 OR AY.4.6 OR AY.4.7 OR AY.4.8 OR AY.4.9 OR AY.4.10 OR AY.4.11 OR AY.4.12 OR AY.4.13 OR AY.4.14 OR AY.4.15 OR AY.4.16 OR AY.4.17 OR AY.5 OR AY.5.1 OR AY.5.2 OR AY.5.3 OR AY.5.4 OR AY.5.5 OR AY.5.6 OR AY.5.7 OR AY.6 OR AY.7 OR AY.7.1 OR AY.7.2 OR AY.8 OR AY.9 OR AY.9.2 OR AY.9.2.1 OR AY.9.2.2 OR AY.10 OR AY.11 OR AY.13 OR AY.14 OR AY.15 OR AY.16 OR AY.16.1 OR AY.17 OR AY.18 OR AY.19 OR AY.20 OR AY.20.1 OR AY.21 OR AY.22 OR AY.23 OR AY.23.1 OR AY.23.2 OR AY.24 OR AY.24.1 OR AY.25 OR AY.25.1 OR AY.25.1.1 OR AY.25.1.2 OR AY.25.2 OR AY.25.3 OR AY.26 OR AY.26.1 OR AY.27 OR AY.28 OR AY.29 OR AY.29.1 OR AY.29.2 OR AY.30 OR AY.31 OR AY.32 OR AY.33 OR AY.33.1 OR AY.33.2 OR AY.34 OR AY.34.1 OR AY.34.1.1 OR AY.34.2 OR AY.35 OR AY.36 OR AY.36.1 OR AY.37 OR AY.38 OR AY.39 OR AY.39.1 OR AY.39.1.1 OR AY.39.1.2 OR AY.39.1.3 OR AY.39.1.4 OR AY.39.2 OR AY.39.3 OR AY.40 OR AY.41 OR AY.42 OR AY.42.1 OR AY.43 OR AY.43.1 OR AY.43.2 OR AY.43.3 OR AY.43.4 OR AY.43.5 OR AY.43.6 OR AY.43.7 OR AY.43.8 OR AY.43.9 OR AY.44 OR AY.45 OR AY.46 OR AY.46.1 OR AY.46.2 OR AY.46.3 OR AY.46.4 OR AY.46.5 OR AY.46.6 OR AY.46.6.1 OR AY.47 OR AY.48 OR AY.49 OR AY.50 OR AY.51 OR AY.52 OR AY.53 OR AY.54 OR AY.55 OR AY.56 OR AY.57 OR AY.58 OR AY.59 OR AY.60 OR AY.61 OR AY.62 OR AY.63 OR AY.64 OR AY.65 OR AY.66 OR AY.67 OR AY.68 OR AY.69 OR AY.70 OR AY.71 OR AY.72 OR AY.73 OR AY.74 OR AY.75 OR AY.75.2 OR AY.75.3 OR AY.76 OR AY.77 OR AY.78 OR AY.79 OR AY.80 OR AY.81 OR AY.82 OR AY.83 OR AY.84 OR AY.85 OR AY.86 OR AY.87 OR AY.88 OR AY.90 OR AY.91 OR AY.91.1 OR AY.92 OR AY.93 OR AY.94 OR AY.95 OR AY.98 OR AY.98.1 OR AY.98.1.1 OR AY.99 OR AY.99.1 OR AY.99.2 OR AY.100 OR AY.101 OR AY.102 OR AY.102.1 OR AY.102.2 OR AY.103 OR AY.103.1 OR AY.103.2 OR AY.104 OR AY.105 OR AY.106 OR AY.107 OR AY.108 OR AY.109 OR AY.110 OR AY.111 OR AY.112 OR AY.112.1 OR AY.112.2 OR AY.112.3 OR AY.113 OR AY.114 OR AY.116 OR AY.116.1 OR AY.117 OR AY.118 OR AY.119 OR AY.119.1 OR AY.119.2 OR AY.120 OR AY.120.1 OR AY.120.2 OR AY.120.2.1 OR AY.121 OR AY.121.1 OR AY.122 OR AY.122.1 OR AY.122.2 OR AY.122.3 OR AY.122.4 OR AY.122.5 OR AY.122.6 OR AY.123 OR AY.123.1 OR AY.124 OR AY.124.1 OR AY.124.1.1 OR AY.125 OR AY.125.1 OR AY.126 OR AY.127 OR AY.127.1 OR AY.127.2 OR AY.127.3 OR AY.128 OR AY.129 OR AY.130 OR AY.131 OR AY.132 OR AY.133 OR AY.134 OR B.1.617.2,Delta,4.92857142857143,3.57142857142857,0.72463768115942
2021-12-21,16,0,7.66666666666667,2.5,0.326086956521739,0.0559668897246588,0.591623510573337,AY.1 OR AY.2 OR AY.3 OR AY.3.1 OR AY.3.2 OR AY.3.3 OR AY.3.4 OR AY.4 OR AY.4.1 OR AY.4.2 OR AY.4.2.1 OR AY.4.2.2 OR AY.4.2.3 OR AY.4.2.4 OR AY.4.2.5 OR AY.4.3 OR AY.4.4 OR AY.4.5 OR AY.4.6 OR AY.4.7 OR AY.4.8 OR AY.4.9 OR AY.4.10 OR AY.4.11 OR AY.4.12 OR AY.4.13 OR AY.4.14 OR AY.4.15 OR AY.4.16 OR AY.4.17 OR AY.5 OR AY.5.1 OR AY.5.2 OR AY.5.3 OR AY.5.4 OR AY.5.5 OR AY.5.6 OR AY.5.7 OR AY.6 OR AY.7 OR AY.7.1 OR AY.7.2 OR AY.8 OR AY.9 OR AY.9.2 OR AY.9.2.1 OR AY.9.2.2 OR AY.10 OR AY.11 OR AY.13 OR AY.14 OR AY.15 OR AY.16 OR AY.16.1 OR AY.17 OR AY.18 OR AY.19 OR AY.20 OR AY.20.1 OR AY.21 OR AY.22 OR AY.23 OR AY.23.1 OR AY.23.2 OR AY.24 OR AY.24.1 OR AY.25 OR AY.25.1 OR AY.25.1.1 OR AY.25.1.2 OR AY.25.2 OR AY.25.3 OR AY.26 OR AY.26.1 OR AY.27 OR AY.28 OR AY.29 OR AY.29.1 OR AY.29.2 OR AY.30 OR AY.31 OR AY.32 OR AY.33 OR AY.33.1 OR AY.33.2 OR AY.34 OR AY.34.1 OR AY.34.1.1 OR AY.34.2 OR AY.35 OR AY.36 OR AY.36.1 OR AY.37 OR AY.38 OR AY.39 OR AY.39.1 OR AY.39.1.1 OR AY.39.1.2 OR AY.39.1.3 OR AY.39.1.4 OR AY.39.2 OR AY.39.3 OR AY.40 OR AY.41 OR AY.42 OR AY.42.1 OR AY.43 OR AY.43.1 OR AY.43.2 OR AY.43.3 OR AY.43.4 OR AY.43.5 OR AY.43.6 OR AY.43.7 OR AY.43.8 OR AY.43.9 OR AY.44 OR AY.45 OR AY.46 OR AY.46.1 OR AY.46.2 OR AY.46.3 OR AY.46.4 OR AY.46.5 OR AY.46.6 OR AY.46.6.1 OR AY.47 OR AY.48 OR AY.49 OR AY.50 OR AY.51 OR AY.52 OR AY.53 OR AY.54 OR AY.55 OR AY.56 OR AY.57 OR AY.58 OR AY.59 OR AY.60 OR AY.61 OR AY.62 OR AY.63 OR AY.64 OR AY.65 OR AY.66 OR AY.67 OR AY.68 OR AY.69 OR AY.70 OR AY.71 OR AY.72 OR AY.73 OR AY.74 OR AY.75 OR AY.75.2 OR AY.75.3 OR AY.76 OR AY.77 OR AY.78 OR AY.79 OR AY.80 OR AY.81 OR AY.82 OR AY.83 OR AY.84 OR AY.85 OR AY.86 OR AY.87 OR AY.88 OR AY.90 OR AY.91 OR AY.91.1 OR AY.92 OR AY.93 OR AY.94 OR AY.95 OR AY.98 OR AY.98.1 OR AY.98.1.1 OR AY.99 OR AY.99.1 OR AY.99.2 OR AY.100 OR AY.101 OR AY.102 OR AY.102.1 OR AY.102.2 OR AY.103 OR AY.103.1 OR AY.103.2 OR AY.104 OR AY.105 OR AY.106 OR AY.107 OR AY.108 OR AY.109 OR AY.110 OR AY.111 OR AY.112 OR AY.112.1 OR AY.112.2 OR AY.112.3 OR AY.113 OR AY.114 OR AY.116 OR AY.116.1 OR AY.117 OR AY.118 OR AY.119 OR AY.119.1 OR AY.119.2 OR AY.120 OR AY.120.1 OR AY.120.2 OR AY.120.2.1 OR AY.121 OR AY.121.1 OR AY.122 OR AY.122.1 OR AY.122.2 OR AY.122.3 OR AY.122.4 OR AY.122.5 OR AY.122.6 OR AY.123 OR AY.123.1 OR AY.124 OR AY.124.1 OR AY.124.1.1 OR AY.125 OR AY.125.1 OR AY.126 OR AY.127 OR AY.127.1 OR AY.127.2 OR AY.127.3 OR AY.128 OR AY.129 OR AY.130 OR AY.131 OR AY.132 OR AY.133 OR AY.134 OR B.1.617.2,Delta,5.5,3.07142857142857,0.558441558441559
2021-12-22,22,1,10.1666666666667,1.83333333333333,0.180327868852459,0.0440594135526308,0.502774496439993,AY.1 OR AY.2 OR AY.3 OR AY.3.1 OR AY.3.2 OR AY.3.3 OR AY.3.4 OR AY.4 OR AY.4.1 OR AY.4.2 OR AY.4.2.1 OR AY.4.2.2 OR AY.4.2.3 OR AY.4.2.4 OR AY.4.2.5 OR AY.4.3 OR AY.4.4 OR AY.4.5 OR AY.4.6 OR AY.4.7 OR AY.4.8 OR AY.4.9 OR AY.4.10 OR AY.4.11 OR AY.4.12 OR AY.4.13 OR AY.4.14 OR AY.4.15 OR AY.4.16 OR AY.4.17 OR AY.5 OR AY.5.1 OR AY.5.2 OR AY.5.3 OR AY.5.4 OR AY.5.5 OR AY.5.6 OR AY.5.7 OR AY.6 OR AY.7 OR AY.7.1 OR AY.7.2 OR AY.8 OR AY.9 OR AY.9.2 OR AY.9.2.1 OR AY.9.2.2 OR AY.10 OR AY.11 OR AY.13 OR AY.14 OR AY.15 OR AY.16 OR AY.16.1 OR AY.17 OR AY.18 OR AY.19 OR AY.20 OR AY.20.1 OR AY.21 OR AY.22 OR AY.23 OR AY.23.1 OR AY.23.2 OR AY.24 OR AY.24.1 OR AY.25 OR AY.25.1 OR AY.25.1.1 OR AY.25.1.2 OR AY.25.2 OR AY.25.3 OR AY.26 OR AY.26.1 OR AY.27 OR AY.28 OR AY.29 OR AY.29.1 OR AY.29.2 OR AY.30 OR AY.31 OR AY.32 OR AY.33 OR AY.33.1 OR AY.33.2 OR AY.34 OR AY.34.1 OR AY.34.1.1 OR AY.34.2 OR AY.35 OR AY.36 OR AY.36.1 OR AY.37 OR AY.38 OR AY.39 OR AY.39.1 OR AY.39.1.1 OR AY.39.1.2 OR AY.39.1.3 OR AY.39.1.4 OR AY.39.2 OR AY.39.3 OR AY.40 OR AY.41 OR AY.42 OR AY.42.1 OR AY.43 OR AY.43.1 OR AY.43.2 OR AY.43.3 OR AY.43.4 OR AY.43.5 OR AY.43.6 OR AY.43.7 OR AY.43.8 OR AY.43.9 OR AY.44 OR AY.45 OR AY.46 OR AY.46.1 OR AY.46.2 OR AY.46.3 OR AY.46.4 OR AY.46.5 OR AY.46.6 OR AY.46.6.1 OR AY.47 OR AY.48 OR AY.49 OR AY.50 OR AY.51 OR AY.52 OR AY.53 OR AY.54 OR AY.55 OR AY.56 OR AY.57 OR AY.58 OR AY.59 OR AY.60 OR AY.61 OR AY.62 OR AY.63 OR AY.64 OR AY.65 OR AY.66 OR AY.67 OR AY.68 OR AY.69 OR AY.70 OR AY.71 OR AY.72 OR AY.73 OR AY.74 OR AY.75 OR AY.75.2 OR AY.75.3 OR AY.76 OR AY.77 OR AY.78 OR AY.79 OR AY.80 OR AY.81 OR AY.82 OR AY.83 OR AY.84 OR AY.85 OR AY.86 OR AY.87 OR AY.88 OR AY.90 OR AY.91 OR AY.91.1 OR AY.92 OR AY.93 OR AY.94 OR AY.95 OR AY.98 OR AY.98.1 OR AY.98.1.1 OR AY.99 OR AY.99.1 OR AY.99.2 OR AY.100 OR AY.101 OR AY.102 OR AY.102.1 OR AY.102.2 OR AY.103 OR AY.103.1 OR AY.103.2 OR AY.104 OR AY.105 OR AY.106 OR AY.107 OR AY.108 OR AY.109 OR AY.110 OR AY.111 OR AY.112 OR AY.112.1 OR AY.112.2 OR AY.112.3 OR AY.113 OR AY.114 OR AY.116 OR AY.116.1 OR AY.117 OR AY.118 OR AY.119 OR AY.119.1 OR AY.119.2 OR AY.120 OR AY.120.1 OR AY.120.2 OR AY.120.2.1 OR AY.121 OR AY.121.1 OR AY.122 OR AY.122.1 OR AY.122.2 OR AY.122.3 OR AY.122.4 OR AY.122.5 OR AY.122.6 OR AY.123 OR AY.123.1 OR AY.124 OR AY.124.1 OR AY.124.1.1 OR AY.125 OR AY.125.1 OR AY.126 OR AY.127 OR AY.127.1 OR AY.127.2 OR AY.127.3 OR AY.128 OR AY.129 OR AY.130 OR AY.131 OR AY.132 OR AY.133 OR AY.134 OR B.1.617.2,Delta,6.78571428571429,2.85714285714286,0.421052631578947
2021-12-23,1,0,9.5,1.16666666666667,0.12280701754386,0.0110116737631611,0.381314771066616,AY.1 OR AY.2 OR AY.3 OR AY.3.1 OR AY.3.2 OR AY.3.3 OR AY.3.4 OR AY.4 OR AY.4.1 OR AY.4.2 OR AY.4.2.1 OR AY.4.2.2 OR AY.4.2.3 OR AY.4.2.4 OR AY.4.2.5 OR AY.4.3 OR AY.4.4 OR AY.4.5 OR AY.4.6 OR AY.4.7 OR AY.4.8 OR AY.4.9 OR AY.4.10 OR AY.4.11 OR AY.4.12 OR AY.4.13 OR AY.4.14 OR AY.4.15 OR AY.4.16 OR AY.4.17 OR AY.5 OR AY.5.1 OR AY.5.2 OR AY.5.3 OR AY.5.4 OR AY.5.5 OR AY.5.6 OR AY.5.7 OR AY.6 OR AY.7 OR AY.7.1 OR AY.7.2 OR AY.8 OR AY.9 OR AY.9.2 OR AY.9.2.1 OR AY.9.2.2 OR AY.10 OR AY.11 OR AY.13 OR AY.14 OR AY.15 OR AY.16 OR AY.16.1 OR AY.17 OR AY.18 OR AY.19 OR AY.20 OR AY.20.1 OR AY.21 OR AY.22 OR AY.23 OR AY.23.1 OR AY.23.2 OR AY.24 OR AY.24.1 OR AY.25 OR AY.25.1 OR AY.25.1.1 OR AY.25.1.2 OR AY.25.2 OR AY.25.3 OR AY.26 OR AY.26.1 OR AY.27 OR AY.28 OR AY.29 OR AY.29.1 OR AY.29.2 OR AY.30 OR AY.31 OR AY.32 OR AY.33 OR AY.33.1 OR AY.33.2 OR AY.34 OR AY.34.1 OR AY.34.1.1 OR AY.34.2 OR AY.35 OR AY.36 OR AY.36.1 OR AY.37 OR AY.38 OR AY.39 OR AY.39.1 OR AY.39.1.1 OR AY.39.1.2 OR AY.39.1.3 OR AY.39.1.4 OR AY.39.2 OR AY.39.3 OR AY.40 OR AY.41 OR AY.42 OR AY.42.1 OR AY.43 OR AY.43.1 OR AY.43.2 OR AY.43.3 OR AY.43.4 OR AY.43.5 OR AY.43.6 OR AY.43.7 OR AY.43.8 OR AY.43.9 OR AY.44 OR AY.45 OR AY.46 OR AY.46.1 OR AY.46.2 OR AY.46.3 OR AY.46.4 OR AY.46.5 OR AY.46.6 OR AY.46.6.1 OR AY.47 OR AY.48 OR AY.49 OR AY.50 OR AY.51 OR AY.52 OR AY.53 OR AY.54 OR AY.55 OR AY.56 OR AY.57 OR AY.58 OR AY.59 OR AY.60 OR AY.61 OR AY.62 OR AY.63 OR AY.64 OR AY.65 OR AY.66 OR AY.67 OR AY.68 OR AY.69 OR AY.70 OR AY.71 OR AY.72 OR AY.73 OR AY.74 OR AY.75 OR AY.75.2 OR AY.75.3 OR AY.76 OR AY.77 OR AY.78 OR AY.79 OR AY.80 OR AY.81 OR AY.82 OR AY.83 OR AY.84 OR AY.85 OR AY.86 OR AY.87 OR AY.88 OR AY.90 OR AY.91 OR AY.91.1 OR AY.92 OR AY.93 OR AY.94 OR AY.95 OR AY.98 OR AY.98.1 OR AY.98.1.1 OR AY.99 OR AY.99.1 OR AY.99.2 OR AY.100 OR AY.101 OR AY.102 OR AY.102.1 OR AY.102.2 OR AY.103 OR AY.103.1 OR AY.103.2 OR AY.104 OR AY.105 OR AY.106 OR AY.107 OR AY.108 OR AY.109 OR AY.110 OR AY.111 OR AY.112 OR AY.112.1 OR AY.112.2 OR AY.112.3 OR AY.113 OR AY.114 OR AY.116 OR AY.116.1 OR AY.117 OR AY.118 OR AY.119 OR AY.119.1 OR AY.119.2 OR AY.120 OR AY.120.1 OR AY.120.2 OR AY.120.2.1 OR AY.121 OR AY.121.1 OR AY.122 OR AY.122.1 OR AY.122.2 OR AY.122.3 OR AY.122.4 OR AY.122.5 OR AY.122.6 OR AY.123 OR AY.123.1 OR AY.124 OR AY.124.1 OR AY.124.1.1 OR AY.125 OR AY.125.1 OR AY.126 OR AY.127 OR AY.127.1 OR AY.127.2 OR AY.127.3 OR AY.128 OR AY.129 OR AY.130 OR AY.131 OR AY.132 OR AY.133 OR AY.134 OR B.1.617.2,Delta,6.57142857142857,2.57142857142857,0.391304347826087
2021-12-24,11,2,10.6666666666667,1.16666666666667,0.109375,0.00999146001069467,0.352975797629219,AY.1 OR AY.2 OR AY.3 OR AY.3.1 OR AY.3.2 OR AY.3.3 OR AY.3.4 OR AY.4 OR AY.4.1 OR AY.4.2 OR AY.4.2.1 OR AY.4.2.2 OR AY.4.2.3 OR AY.4.2.4 OR AY.4.2.5 OR AY.4.3 OR AY.4.4 OR AY.4.5 OR AY.4.6 OR AY.4.7 OR AY.4.8 OR AY.4.9 OR AY.4.10 OR AY.4.11 OR AY.4.12 OR AY.4.13 OR AY.4.14 OR AY.4.15 OR AY.4.16 OR AY.4.17 OR AY.5 OR AY.5.1 OR AY.5.2 OR AY.5.3 OR AY.5.4 OR AY.5.5 OR AY.5.6 OR AY.5.7 OR AY.6 OR AY.7 OR AY.7.1 OR AY.7.2 OR AY.8 OR AY.9 OR AY.9.2 OR AY.9.2.1 OR AY.9.2.2 OR AY.10 OR AY.11 OR AY.13 OR AY.14 OR AY.15 OR AY.16 OR AY.16.1 OR AY.17 OR AY.18 OR AY.19 OR AY.20 OR AY.20.1 OR AY.21 OR AY.22 OR AY.23 OR AY.23.1 OR AY.23.2 OR AY.24 OR AY.24.1 OR AY.25 OR AY.25.1 OR AY.25.1.1 OR AY.25.1.2 OR AY.25.2 OR AY.25.3 OR AY.26 OR AY.26.1 OR AY.27 OR AY.28 OR AY.29 OR AY.29.1 OR AY.29.2 OR AY.30 OR AY.31 OR AY.32 OR AY.33 OR AY.33.1 OR AY.33.2 OR AY.34 OR AY.34.1 OR AY.34.1.1 OR AY.34.2 OR AY.35 OR AY.36 OR AY.36.1 OR AY.37 OR AY.38 OR AY.39 OR AY.39.1 OR AY.39.1.1 OR AY.39.1.2 OR AY.39.1.3 OR AY.39.1.4 OR AY.39.2 OR AY.39.3 OR AY.40 OR AY.41 OR AY.42 OR AY.42.1 OR AY.43 OR AY.43.1 OR AY.43.2 OR AY.43.3 OR AY.43.4 OR AY.43.5 OR AY.43.6 OR AY.43.7 OR AY.43.8 OR AY.43.9 OR AY.44 OR AY.45 OR AY.46 OR AY.46.1 OR AY.46.2 OR AY.46.3 OR AY.46.4 OR AY.46.5 OR AY.46.6 OR AY.46.6.1 OR AY.47 OR AY.48 OR AY.49 OR AY.50 OR AY.51 OR AY.52 OR AY.53 OR AY.54 OR AY.55 OR AY.56 OR AY.57 OR AY.58 OR AY.59 OR AY.60 OR AY.61 OR AY.62 OR AY.63 OR AY.64 OR AY.65 OR AY.66 OR AY.67 OR AY.68 OR AY.69 OR AY.70 OR AY.71 OR AY.72 OR AY.73 OR AY.74 OR AY.75 OR AY.75.2 OR AY.75.3 OR AY.76 OR AY.77 OR AY.78 OR AY.79 OR AY.80 OR AY.81 OR AY.82 OR AY.83 OR AY.84 OR AY.85 OR AY.86 OR AY.87 OR AY.88 OR AY.90 OR AY.91 OR AY.91.1 OR AY.92 OR AY.93 OR AY.94 OR AY.95 OR AY.98 OR AY.98.1 OR AY.98.1.1 OR AY.99 OR AY.99.1 OR AY.99.2 OR AY.100 OR AY.101 OR AY.102 OR AY.102.1 OR AY.102.2 OR AY.103 OR AY.103.1 OR AY.103.2 OR AY.104 OR AY.105 OR AY.106 OR AY.107 OR AY.108 OR AY.109 OR AY.110 OR AY.111 OR AY.112 OR AY.112.1 OR AY.112.2 OR AY.112.3 OR AY.113 OR AY.114 OR AY.116 OR AY.116.1 OR AY.117 OR AY.118 OR AY.119 OR AY.119.1 OR AY.119.2 OR AY.120 OR AY.120.1 OR AY.120.2 OR AY.120.2.1 OR AY.121 OR AY.121.1 OR AY.122 OR AY.122.1 OR AY.122.2 OR AY.122.3 OR AY.122.4 OR AY.122.5 OR AY.122.6 OR AY.123 OR AY.123.1 OR AY.124 OR AY.124.1 OR AY.124.1.1 OR AY.125 OR AY.125.1 OR AY.126 OR AY.127 OR AY.127.1 OR AY.127.2 OR AY.127.3 OR AY.128 OR AY.129 OR AY.130 OR AY.131 OR AY.132 OR AY.133 OR AY.134 OR B.1.617.2,Delta,7.28571428571429,2.64285714285714,0.362745098039216
2021-12-25,9,1,11.1666666666667,1.16666666666667,0.104477611940299,0.00999146001069467,0.352975797629219,AY.1 OR AY.2 OR AY.3 OR AY.3.1 OR AY.3.2 OR AY.3.3 OR AY.3.4 OR AY.4 OR AY.4.1 OR AY.4.2 OR AY.4.2.1 OR AY.4.2.2 OR AY.4.2.3 OR AY.4.2.4 OR AY.4.2.5 OR AY.4.3 OR AY.4.4 OR AY.4.5 OR AY.4.6 OR AY.4.7 OR AY.4.8 OR AY.4.9 OR AY.4.10 OR AY.4.11 OR AY.4.12 OR AY.4.13 OR AY.4.14 OR AY.4.15 OR AY.4.16 OR AY.4.17 OR AY.5 OR AY.5.1 OR AY.5.2 OR AY.5.3 OR AY.5.4 OR AY.5.5 OR AY.5.6 OR AY.5.7 OR AY.6 OR AY.7 OR AY.7.1 OR AY.7.2 OR AY.8 OR AY.9 OR AY.9.2 OR AY.9.2.1 OR AY.9.2.2 OR AY.10 OR AY.11 OR AY.13 OR AY.14 OR AY.15 OR AY.16 OR AY.16.1 OR AY.17 OR AY.18 OR AY.19 OR AY.20 OR AY.20.1 OR AY.21 OR AY.22 OR AY.23 OR AY.23.1 OR AY.23.2 OR AY.24 OR AY.24.1 OR AY.25 OR AY.25.1 OR AY.25.1.1 OR AY.25.1.2 OR AY.25.2 OR AY.25.3 OR AY.26 OR AY.26.1 OR AY.27 OR AY.28 OR AY.29 OR AY.29.1 OR AY.29.2 OR AY.30 OR AY.31 OR AY.32 OR AY.33 OR AY.33.1 OR AY.33.2 OR AY.34 OR AY.34.1 OR AY.34.1.1 OR AY.34.2 OR AY.35 OR AY.36 OR AY.36.1 OR AY.37 OR AY.38 OR AY.39 OR AY.39.1 OR AY.39.1.1 OR AY.39.1.2 OR AY.39.1.3 OR AY.39.1.4 OR AY.39.2 OR AY.39.3 OR AY.40 OR AY.41 OR AY.42 OR AY.42.1 OR AY.43 OR AY.43.1 OR AY.43.2 OR AY.43.3 OR AY.43.4 OR AY.43.5 OR AY.43.6 OR AY.43.7 OR AY.43.8 OR AY.43.9 OR AY.44 OR AY.45 OR AY.46 OR AY.46.1 OR AY.46.2 OR AY.46.3 OR AY.46.4 OR AY.46.5 OR AY.46.6 OR AY.46.6.1 OR AY.47 OR AY.48 OR AY.49 OR AY.50 OR AY.51 OR AY.52 OR AY.53 OR AY.54 OR AY.55 OR AY.56 OR AY.57 OR AY.58 OR AY.59 OR AY.60 OR AY.61 OR AY.62 OR AY.63 OR AY.64 OR AY.65 OR AY.66 OR AY.67 OR AY.68 OR AY.69 OR AY.70 OR AY.71 OR AY.72 OR AY.73 OR AY.74 OR AY.75 OR AY.75.2 OR AY.75.3 OR AY.76 OR AY.77 OR AY.78 OR AY.79 OR AY.80 OR AY.81 OR AY.82 OR AY.83 OR AY.84 OR AY.85 OR AY.86 OR AY.87 OR AY.88 OR AY.90 OR AY.91 OR AY.91.1 OR AY.92 OR AY.93 OR AY.94 OR AY.95 OR AY.98 OR AY.98.1 OR AY.98.1.1 OR AY.99 OR AY.99.1 OR AY.99.2 OR AY.100 OR AY.101 OR AY.102 OR AY.102.1 OR AY.102.2 OR AY.103 OR AY.103.1 OR AY.103.2 OR AY.104 OR AY.105 OR AY.106 OR AY.107 OR AY.108 OR AY.109 OR AY.110 OR AY.111 OR AY.112 OR AY.112.1 OR AY.112.2 OR AY.112.3 OR AY.113 OR AY.114 OR AY.116 OR AY.116.1 OR AY.117 OR AY.118 OR AY.119 OR AY.119.1 OR AY.119.2 OR AY.120 OR AY.120.1 OR AY.120.2 OR AY.120.2.1 OR AY.121 OR AY.121.1 OR AY.122 OR AY.122.1 OR AY.122.2 OR AY.122.3 OR AY.122.4 OR AY.122.5 OR AY.122.6 OR AY.123 OR AY.123.1 OR AY.124 OR AY.124.1 OR AY.124.1.1 OR AY.125 OR AY.125.1 OR AY.126 OR AY.127 OR AY.127.1 OR AY.127.2 OR AY.127.3 OR AY.128 OR AY.129 OR AY.130 OR AY.131 OR AY.132 OR AY.133 OR AY.134 OR B.1.617.2,Delta,7.57142857142857,2.35714285714286,0.311320754716981
2021-12-26,2,0,9.85714285714286,1,0.101449275362319,0.0110116737631611,0.381314771066616,AY.1 OR AY.2 OR AY.3 OR AY.3.1 OR AY.3.2 OR AY.3.3 OR AY.3.4 OR AY.4 OR AY.4.1 OR AY.4.2 OR AY.4.2.1 OR AY.4.2.2 OR AY.4.2.3 OR AY.4.2.4 OR AY.4.2.5 OR AY.4.3 OR AY.4.4 OR AY.4.5 OR AY.4.6 OR AY.4.7 OR AY.4.8 OR AY.4.9 OR AY.4.10 OR AY.4.11 OR AY.4.12 OR AY.4.13 OR AY.4.14 OR AY.4.15 OR AY.4.16 OR AY.4.17 OR AY.5 OR AY.5.1 OR AY.5.2 OR AY.5.3 OR AY.5.4 OR AY.5.5 OR AY.5.6 OR AY.5.7 OR AY.6 OR AY.7 OR AY.7.1 OR AY.7.2 OR AY.8 OR AY.9 OR AY.9.2 OR AY.9.2.1 OR AY.9.2.2 OR AY.10 OR AY.11 OR AY.13 OR AY.14 OR AY.15 OR AY.16 OR AY.16.1 OR AY.17 OR AY.18 OR AY.19 OR AY.20 OR AY.20.1 OR AY.21 OR AY.22 OR AY.23 OR AY.23.1 OR AY.23.2 OR AY.24 OR AY.24.1 OR AY.25 OR AY.25.1 OR AY.25.1.1 OR AY.25.1.2 OR AY.25.2 OR AY.25.3 OR AY.26 OR AY.26.1 OR AY.27 OR AY.28 OR AY.29 OR AY.29.1 OR AY.29.2 OR AY.30 OR AY.31 OR AY.32 OR AY.33 OR AY.33.1 OR AY.33.2 OR AY.34 OR AY.34.1 OR AY.34.1.1 OR AY.34.2 OR AY.35 OR AY.36 OR AY.36.1 OR AY.37 OR AY.38 OR AY.39 OR AY.39.1 OR AY.39.1.1 OR AY.39.1.2 OR AY.39.1.3 OR AY.39.1.4 OR AY.39.2 OR AY.39.3 OR AY.40 OR AY.41 OR AY.42 OR AY.42.1 OR AY.43 OR AY.43.1 OR AY.43.2 OR AY.43.3 OR AY.43.4 OR AY.43.5 OR AY.43.6 OR AY.43.7 OR AY.43.8 OR AY.43.9 OR AY.44 OR AY.45 OR AY.46 OR AY.46.1 OR AY.46.2 OR AY.46.3 OR AY.46.4 OR AY.46.5 OR AY.46.6 OR AY.46.6.1 OR AY.47 OR AY.48 OR AY.49 OR AY.50 OR AY.51 OR AY.52 OR AY.53 OR AY.54 OR AY.55 OR AY.56 OR AY.57 OR AY.58 OR AY.59 OR AY.60 OR AY.61 OR AY.62 OR AY.63 OR AY.64 OR AY.65 OR AY.66 OR AY.67 OR AY.68 OR AY.69 OR AY.70 OR AY.71 OR AY.72 OR AY.73 OR AY.74 OR AY.75 OR AY.75.2 OR AY.75.3 OR AY.76 OR AY.77 OR AY.78 OR AY.79 OR AY.80 OR AY.81 OR AY.82 OR AY.83 OR AY.84 OR AY.85 OR AY.86 OR AY.87 OR AY.88 OR AY.90 OR AY.91 OR AY.91.1 OR AY.92 OR AY.93 OR AY.94 OR AY.95 OR AY.98 OR AY.98.1 OR AY.98.1.1 OR AY.99 OR AY.99.1 OR AY.99.2 OR AY.100 OR AY.101 OR AY.102 OR AY.102.1 OR AY.102.2 OR AY.103 OR AY.103.1 OR AY.103.2 OR AY.104 OR AY.105 OR AY.106 OR AY.107 OR AY.108 OR AY.109 OR AY.110 OR AY.111 OR AY.112 OR AY.112.1 OR AY.112.2 OR AY.112.3 OR AY.113 OR AY.114 OR AY.116 OR AY.116.1 OR AY.117 OR AY.118 OR AY.119 OR AY.119.1 OR AY.119.2 OR AY.120 OR AY.120.1 OR AY.120.2 OR AY.120.2.1 OR AY.121 OR AY.121.1 OR AY.122 OR AY.122.1 OR AY.122.2 OR AY.122.3 OR AY.122.4 OR AY.122.5 OR AY.122.6 OR AY.123 OR AY.123.1 OR AY.124 OR AY.124.1 OR AY.124.1.1 OR AY.125 OR AY.125.1 OR AY.126 OR AY.127 OR AY.127.1 OR AY.127.2 OR AY.127.3 OR AY.128 OR AY.129 OR AY.130 OR AY.131 OR AY.132 OR AY.133 OR AY.134 OR B.1.617.2,Delta,7.42857142857143,2.07142857142857,0.278846153846154
2021-12-27,8,2,9.85714285714286,0.857142857142857,0.0869565217391304,0.0110116737631611,0.381314771066616,AY.1 OR AY.2 OR AY.3 OR AY.3.1 OR AY.3.2 OR AY.3.3 OR AY.3.4 OR AY.4 OR AY.4.1 OR AY.4.2 OR AY.4.2.1 OR AY.4.2.2 OR AY.4.2.3 OR AY.4.2.4 OR AY.4.2.5 OR AY.4.3 OR AY.4.4 OR AY.4.5 OR AY.4.6 OR AY.4.7 OR AY.4.8 OR AY.4.9 OR AY.4.10 OR AY.4.11 OR AY.4.12 OR AY.4.13 OR AY.4.14 OR AY.4.15 OR AY.4.16 OR AY.4.17 OR AY.5 OR AY.5.1 OR AY.5.2 OR AY.5.3 OR AY.5.4 OR AY.5.5 OR AY.5.6 OR AY.5.7 OR AY.6 OR AY.7 OR AY.7.1 OR AY.7.2 OR AY.8 OR AY.9 OR AY.9.2 OR AY.9.2.1 OR AY.9.2.2 OR AY.10 OR AY.11 OR AY.13 OR AY.14 OR AY.15 OR AY.16 OR AY.16.1 OR AY.17 OR AY.18 OR AY.19 OR AY.20 OR AY.20.1 OR AY.21 OR AY.22 OR AY.23 OR AY.23.1 OR AY.23.2 OR AY.24 OR AY.24.1 OR AY.25 OR AY.25.1 OR AY.25.1.1 OR AY.25.1.2 OR AY.25.2 OR AY.25.3 OR AY.26 OR AY.26.1 OR AY.27 OR AY.28 OR AY.29 OR AY.29.1 OR AY.29.2 OR AY.30 OR AY.31 OR AY.32 OR AY.33 OR AY.33.1 OR AY.33.2 OR AY.34 OR AY.34.1 OR AY.34.1.1 OR AY.34.2 OR AY.35 OR AY.36 OR AY.36.1 OR AY.37 OR AY.38 OR AY.39 OR AY.39.1 OR AY.39.1.1 OR AY.39.1.2 OR AY.39.1.3 OR AY.39.1.4 OR AY.39.2 OR AY.39.3 OR AY.40 OR AY.41 OR AY.42 OR AY.42.1 OR AY.43 OR AY.43.1 OR AY.43.2 OR AY.43.3 OR AY.43.4 OR AY.43.5 OR AY.43.6 OR AY.43.7 OR AY.43.8 OR AY.43.9 OR AY.44 OR AY.45 OR AY.46 OR AY.46.1 OR AY.46.2 OR AY.46.3 OR AY.46.4 OR AY.46.5 OR AY.46.6 OR AY.46.6.1 OR AY.47 OR AY.48 OR AY.49 OR AY.50 OR AY.51 OR AY.52 OR AY.53 OR AY.54 OR AY.55 OR AY.56 OR AY.57 OR AY.58 OR AY.59 OR AY.60 OR AY.61 OR AY.62 OR AY.63 OR AY.64 OR AY.65 OR AY.66 OR AY.67 OR AY.68 OR AY.69 OR AY.70 OR AY.71 OR AY.72 OR AY.73 OR AY.74 OR AY.75 OR AY.75.2 OR AY.75.3 OR AY.76 OR AY.77 OR AY.78 OR AY.79 OR AY.80 OR AY.81 OR AY.82 OR AY.83 OR AY.84 OR AY.85 OR AY.86 OR AY.87 OR AY.88 OR AY.90 OR AY.91 OR AY.91.1 OR AY.92 OR AY.93 OR AY.94 OR AY.95 OR AY.98 OR AY.98.1 OR AY.98.1.1 OR AY.99 OR AY.99.1 OR AY.99.2 OR AY.100 OR AY.101 OR AY.102 OR AY.102.1 OR AY.102.2 OR AY.103 OR AY.103.1 OR AY.103.2 OR AY.104 OR AY.105 OR AY.106 OR AY.107 OR AY.108 OR AY.109 OR AY.110 OR AY.111 OR AY.112 OR AY.112.1 OR AY.112.2 OR AY.112.3 OR AY.113 OR AY.114 OR AY.116 OR AY.116.1 OR AY.117 OR AY.118 OR AY.119 OR AY.119.1 OR AY.119.2 OR AY.120 OR AY.120.1 OR AY.120.2 OR AY.120.2.1 OR AY.121 OR AY.121.1 OR AY.122 OR AY.122.1 OR AY.122.2 OR AY.122.3 OR AY.122.4 OR AY.122.5 OR AY.122.6 OR AY.123 OR AY.123.1 OR AY.124 OR AY.124.1 OR AY.124.1.1 OR AY.125 OR AY.125.1 OR AY.126 OR AY.127 OR AY.127.1 OR AY.127.2 OR AY.127.3 OR AY.128 OR AY.129 OR AY.130 OR AY.131 OR AY.132 OR AY.133 OR AY.134 OR B.1.617.2,Delta,7.78571428571429,2,0.256880733944954
2021-12-28,2,1,7.85714285714286,1,0.127272727272727,0.0138382337903208,0.453719321032415,AY.1 OR AY.2 OR AY.3 OR AY.3.1 OR AY.3.2 OR AY.3.3 OR AY.3.4 OR AY.4 OR AY.4.1 OR AY.4.2 OR AY.4.2.1 OR AY.4.2.2 OR AY.4.2.3 OR AY.4.2.4 OR AY.4.2.5 OR AY.4.3 OR AY.4.4 OR AY.4.5 OR AY.4.6 OR AY.4.7 OR AY.4.8 OR AY.4.9 OR AY.4.10 OR AY.4.11 OR AY.4.12 OR AY.4.13 OR AY.4.14 OR AY.4.15 OR AY.4.16 OR AY.4.17 OR AY.5 OR AY.5.1 OR AY.5.2 OR AY.5.3 OR AY.5.4 OR AY.5.5 OR AY.5.6 OR AY.5.7 OR AY.6 OR AY.7 OR AY.7.1 OR AY.7.2 OR AY.8 OR AY.9 OR AY.9.2 OR AY.9.2.1 OR AY.9.2.2 OR AY.10 OR AY.11 OR AY.13 OR AY.14 OR AY.15 OR AY.16 OR AY.16.1 OR AY.17 OR AY.18 OR AY.19 OR AY.20 OR AY.20.1 OR AY.21 OR AY.22 OR AY.23 OR AY.23.1 OR AY.23.2 OR AY.24 OR AY.24.1 OR AY.25 OR AY.25.1 OR AY.25.1.1 OR AY.25.1.2 OR AY.25.2 OR AY.25.3 OR AY.26 OR AY.26.1 OR AY.27 OR AY.28 OR AY.29 OR AY.29.1 OR AY.29.2 OR AY.30 OR AY.31 OR AY.32 OR AY.33 OR AY.33.1 OR AY.33.2 OR AY.34 OR AY.34.1 OR AY.34.1.1 OR AY.34.2 OR AY.35 OR AY.36 OR AY.36.1 OR AY.37 OR AY.38 OR AY.39 OR AY.39.1 OR AY.39.1.1 OR AY.39.1.2 OR AY.39.1.3 OR AY.39.1.4 OR AY.39.2 OR AY.39.3 OR AY.40 OR AY.41 OR AY.42 OR AY.42.1 OR AY.43 OR AY.43.1 OR AY.43.2 OR AY.43.3 OR AY.43.4 OR AY.43.5 OR AY.43.6 OR AY.43.7 OR AY.43.8 OR AY.43.9 OR AY.44 OR AY.45 OR AY.46 OR AY.46.1 OR AY.46.2 OR AY.46.3 OR AY.46.4 OR AY.46.5 OR AY.46.6 OR AY.46.6.1 OR AY.47 OR AY.48 OR AY.49 OR AY.50 OR AY.51 OR AY.52 OR AY.53 OR AY.54 OR AY.55 OR AY.56 OR AY.57 OR AY.58 OR AY.59 OR AY.60 OR AY.61 OR AY.62 OR AY.63 OR AY.64 OR AY.65 OR AY.66 OR AY.67 OR AY.68 OR AY.69 OR AY.70 OR AY.71 OR AY.72 OR AY.73 OR AY.74 OR AY.75 OR AY.75.2 OR AY.75.3 OR AY.76 OR AY.77 OR AY.78 OR AY.79 OR AY.80 OR AY.81 OR AY.82 OR AY.83 OR AY.84 OR AY.85 OR AY.86 OR AY.87 OR AY.88 OR AY.90 OR AY.91 OR AY.91.1 OR AY.92 OR AY.93 OR AY.94 OR AY.95 OR AY.98 OR AY.98.1 OR AY.98.1.1 OR AY.99 OR AY.99.1 OR AY.99.2 OR AY.100 OR AY.101 OR AY.102 OR AY.102.1 OR AY.102.2 OR AY.103 OR AY.103.1 OR AY.103.2 OR AY.104 OR AY.105 OR AY.106 OR AY.107 OR AY.108 OR AY.109 OR AY.110 OR AY.111 OR AY.112 OR AY.112.1 OR AY.112.2 OR AY.112.3 OR AY.113 OR AY.114 OR AY.116 OR AY.116.1 OR AY.117 OR AY.118 OR AY.119 OR AY.119.1 OR AY.119.2 OR AY.120 OR AY.120.1 OR AY.120.2 OR AY.120.2.1 OR AY.121 OR AY.121.1 OR AY.122 OR AY.122.1 OR AY.122.2 OR AY.122.3 OR AY.122.4 OR AY.122.5 OR AY.122.6 OR AY.123 OR AY.123.1 OR AY.124 OR AY.124.1 OR AY.124.1.1 OR AY.125 OR AY.125.1 OR AY.126 OR AY.127 OR AY.127.1 OR AY.127.2 OR AY.127.3 OR AY.128 OR AY.129 OR AY.130 OR AY.131 OR AY.132 OR AY.133 OR AY.134 OR B.1.617.2,Delta,7.5,1.64285714285714,0.219047619047619
2021-12-29,2,2,5,1.14285714285714,0.228571428571429,0.0225127659991551,0.628626400631994,AY.1 OR AY.2 OR AY.3 OR AY.3.1 OR AY.3.2 OR AY.3.3 OR AY.3.4 OR AY.4 OR AY.4.1 OR AY.4.2 OR AY.4.2.1 OR AY.4.2.2 OR AY.4.2.3 OR AY.4.2.4 OR AY.4.2.5 OR AY.4.3 OR AY.4.4 OR AY.4.5 OR AY.4.6 OR AY.4.7 OR AY.4.8 OR AY.4.9 OR AY.4.10 OR AY.4.11 OR AY.4.12 OR AY.4.13 OR AY.4.14 OR AY.4.15 OR AY.4.16 OR AY.4.17 OR AY.5 OR AY.5.1 OR AY.5.2 OR AY.5.3 OR AY.5.4 OR AY.5.5 OR AY.5.6 OR AY.5.7 OR AY.6 OR AY.7 OR AY.7.1 OR AY.7.2 OR AY.8 OR AY.9 OR AY.9.2 OR AY.9.2.1 OR AY.9.2.2 OR AY.10 OR AY.11 OR AY.13 OR AY.14 OR AY.15 OR AY.16 OR AY.16.1 OR AY.17 OR AY.18 OR AY.19 OR AY.20 OR AY.20.1 OR AY.21 OR AY.22 OR AY.23 OR AY.23.1 OR AY.23.2 OR AY.24 OR AY.24.1 OR AY.25 OR AY.25.1 OR AY.25.1.1 OR AY.25.1.2 OR AY.25.2 OR AY.25.3 OR AY.26 OR AY.26.1 OR AY.27 OR AY.28 OR AY.29 OR AY.29.1 OR AY.29.2 OR AY.30 OR AY.31 OR AY.32 OR AY.33 OR AY.33.1 OR AY.33.2 OR AY.34 OR AY.34.1 OR AY.34.1.1 OR AY.34.2 OR AY.35 OR AY.36 OR AY.36.1 OR AY.37 OR AY.38 OR AY.39 OR AY.39.1 OR AY.39.1.1 OR AY.39.1.2 OR AY.39.1.3 OR AY.39.1.4 OR AY.39.2 OR AY.39.3 OR AY.40 OR AY.41 OR AY.42 OR AY.42.1 OR AY.43 OR AY.43.1 OR AY.43.2 OR AY.43.3 OR AY.43.4 OR AY.43.5 OR AY.43.6 OR AY.43.7 OR AY.43.8 OR AY.43.9 OR AY.44 OR AY.45 OR AY.46 OR AY.46.1 OR AY.46.2 OR AY.46.3 OR AY.46.4 OR AY.46.5 OR AY.46.6 OR AY.46.6.1 OR AY.47 OR AY.48 OR AY.49 OR AY.50 OR AY.51 OR AY.52 OR AY.53 OR AY.54 OR AY.55 OR AY.56 OR AY.57 OR AY.58 OR AY.59 OR AY.60 OR AY.61 OR AY.62 OR AY.63 OR AY.64 OR AY.65 OR AY.66 OR AY.67 OR AY.68 OR AY.69 OR AY.70 OR AY.71 OR AY.72 OR AY.73 OR AY.74 OR AY.75 OR AY.75.2 OR AY.75.3 OR AY.76 OR AY.77 OR AY.78 OR AY.79 OR AY.80 OR AY.81 OR AY.82 OR AY.83 OR AY.84 OR AY.85 OR AY.86 OR AY.87 OR AY.88 OR AY.90 OR AY.91 OR AY.91.1 OR AY.92 OR AY.93 OR AY.94 OR AY.95 OR AY.98 OR AY.98.1 OR AY.98.1.1 OR AY.99 OR AY.99.1 OR AY.99.2 OR AY.100 OR AY.101 OR AY.102 OR AY.102.1 OR AY.102.2 OR AY.103 OR AY.103.1 OR AY.103.2 OR AY.104 OR AY.105 OR AY.106 OR AY.107 OR AY.108 OR AY.109 OR AY.110 OR AY.111 OR AY.112 OR AY.112.1 OR AY.112.2 OR AY.112.3 OR AY.113 OR AY.114 OR AY.116 OR AY.116.1 OR AY.117 OR AY.118 OR AY.119 OR AY.119.1 OR AY.119.2 OR AY.120 OR AY.120.1 OR AY.120.2 OR AY.120.2.1 OR AY.121 OR AY.121.1 OR AY.122 OR AY.122.1 OR AY.122.2 OR AY.122.3 OR AY.122.4 OR AY.122.5 OR AY.122.6 OR AY.123 OR AY.123.1 OR AY.124 OR AY.124.1 OR AY.124.1.1 OR AY.125 OR AY.125.1 OR AY.126 OR AY.127 OR AY.127.1 OR AY.127.2 OR AY.127.3 OR AY.128 OR AY.129 OR AY.130 OR AY.131 OR AY.132 OR AY.133 OR AY.134 OR B.1.617.2,Delta,7.35714285714286,1.71428571428571,0.233009708737864
2021-12-30,1,1,5,1.28571428571429,0.257142857142857,0.0225127659991551,0.628626400631994,AY.1 OR AY.2 OR AY.3 OR AY.3.1 OR AY.3.2 OR AY.3.3 OR AY.3.4 OR AY.4 OR AY.4.1 OR AY.4.2 OR AY.4.2.1 OR AY.4.2.2 OR AY.4.2.3 OR AY.4.2.4 OR AY.4.2.5 OR AY.4.3 OR AY.4.4 OR AY.4.5 OR AY.4.6 OR AY.4.7 OR AY.4.8 OR AY.4.9 OR AY.4.10 OR AY.4.11 OR AY.4.12 OR AY.4.13 OR AY.4.14 OR AY.4.15 OR AY.4.16 OR AY.4.17 OR AY.5 OR AY.5.1 OR AY.5.2 OR AY.5.3 OR AY.5.4 OR AY.5.5 OR AY.5.6 OR AY.5.7 OR AY.6 OR AY.7 OR AY.7.1 OR AY.7.2 OR AY.8 OR AY.9 OR AY.9.2 OR AY.9.2.1 OR AY.9.2.2 OR AY.10 OR AY.11 OR AY.13 OR AY.14 OR AY.15 OR AY.16 OR AY.16.1 OR AY.17 OR AY.18 OR AY.19 OR AY.20 OR AY.20.1 OR AY.21 OR AY.22 OR AY.23 OR AY.23.1 OR AY.23.2 OR AY.24 OR AY.24.1 OR AY.25 OR AY.25.1 OR AY.25.1.1 OR AY.25.1.2 OR AY.25.2 OR AY.25.3 OR AY.26 OR AY.26.1 OR AY.27 OR AY.28 OR AY.29 OR AY.29.1 OR AY.29.2 OR AY.30 OR AY.31 OR AY.32 OR AY.33 OR AY.33.1 OR AY.33.2 OR AY.34 OR AY.34.1 OR AY.34.1.1 OR AY.34.2 OR AY.35 OR AY.36 OR AY.36.1 OR AY.37 OR AY.38 OR AY.39 OR AY.39.1 OR AY.39.1.1 OR AY.39.1.2 OR AY.39.1.3 OR AY.39.1.4 OR AY.39.2 OR AY.39.3 OR AY.40 OR AY.41 OR AY.42 OR AY.42.1 OR AY.43 OR AY.43.1 OR AY.43.2 OR AY.43.3 OR AY.43.4 OR AY.43.5 OR AY.43.6 OR AY.43.7 OR AY.43.8 OR AY.43.9 OR AY.44 OR AY.45 OR AY.46 OR AY.46.1 OR AY.46.2 OR AY.46.3 OR AY.46.4 OR AY.46.5 OR AY.46.6 OR AY.46.6.1 OR AY.47 OR AY.48 OR AY.49 OR AY.50 OR AY.51 OR AY.52 OR AY.53 OR AY.54 OR AY.55 OR AY.56 OR AY.57 OR AY.58 OR AY.59 OR AY.60 OR AY.61 OR AY.62 OR AY.63 OR AY.64 OR AY.65 OR AY.66 OR AY.67 OR AY.68 OR AY.69 OR AY.70 OR AY.71 OR AY.72 OR AY.73 OR AY.74 OR AY.75 OR AY.75.2 OR AY.75.3 OR AY.76 OR AY.77 OR AY.78 OR AY.79 OR AY.80 OR AY.81 OR AY.82 OR AY.83 OR AY.84 OR AY.85 OR AY.86 OR AY.87 OR AY.88 OR AY.90 OR AY.91 OR AY.91.1 OR AY.92 OR AY.93 OR AY.94 OR AY.95 OR AY.98 OR AY.98.1 OR AY.98.1.1 OR AY.99 OR AY.99.1 OR AY.99.2 OR AY.100 OR AY.101 OR AY.102 OR AY.102.1 OR AY.102.2 OR AY.103 OR AY.103.1 OR AY.103.2 OR AY.104 OR AY.105 OR AY.106 OR AY.107 OR AY.108 OR AY.109 OR AY.110 OR AY.111 OR AY.112 OR AY.112.1 OR AY.112.2 OR AY.112.3 OR AY.113 OR AY.114 OR AY.116 OR AY.116.1 OR AY.117 OR AY.118 OR AY.119 OR AY.119.1 OR AY.119.2 OR AY.120 OR AY.120.1 OR AY.120.2 OR AY.120.2.1 OR AY.121 OR AY.121.1 OR AY.122 OR AY.122.1 OR AY.122.2 OR AY.122.3 OR AY.122.4 OR AY.122.5 OR AY.122.6 OR AY.123 OR AY.123.1 OR AY.124 OR AY.124.1 OR AY.124.1.1 OR AY.125 OR AY.125.1 OR AY.126 OR AY.127 OR AY.127.1 OR AY.127.2 OR AY.127.3 OR AY.128 OR AY.129 OR AY.130 OR AY.131 OR AY.132 OR AY.133 OR AY.134 OR B.1.617.2,Delta,6.92857142857143,1.42857142857143,0.206185567010309
2021-12-31,1,1,3.57142857142857,1.14285714285714,0.32,0.0284708950871468,0.716248320436587,AY.1 OR AY.2 OR AY.3 OR AY.3.1 OR AY.3.2 OR AY.3.3 OR AY.3.4 OR AY.4 OR AY.4.1 OR AY.4.2 OR AY.4.2.1 OR AY.4.2.2 OR AY.4.2.3 OR AY.4.2.4 OR AY.4.2.5 OR AY.4.3 OR AY.4.4 OR AY.4.5 OR AY.4.6 OR AY.4.7 OR AY.4.8 OR AY.4.9 OR AY.4.10 OR AY.4.11 OR AY.4.12 OR AY.4.13 OR AY.4.14 OR AY.4.15 OR AY.4.16 OR AY.4.17 OR AY.5 OR AY.5.1 OR AY.5.2 OR AY.5.3 OR AY.5.4 OR AY.5.5 OR AY.5.6 OR AY.5.7 OR AY.6 OR AY.7 OR AY.7.1 OR AY.7.2 OR AY.8 OR AY.9 OR AY.9.2 OR AY.9.2.1 OR AY.9.2.2 OR AY.10 OR AY.11 OR AY.13 OR AY.14 OR AY.15 OR AY.16 OR AY.16.1 OR AY.17 OR AY.18 OR AY.19 OR AY.20 OR AY.20.1 OR AY.21 OR AY.22 OR AY.23 OR AY.23.1 OR AY.23.2 OR AY.24 OR AY.24.1 OR AY.25 OR AY.25.1 OR AY.25.1.1 OR AY.25.1.2 OR AY.25.2 OR AY.25.3 OR AY.26 OR AY.26.1 OR AY.27 OR AY.28 OR AY.29 OR AY.29.1 OR AY.29.2 OR AY.30 OR AY.31 OR AY.32 OR AY.33 OR AY.33.1 OR AY.33.2 OR AY.34 OR AY.34.1 OR AY.34.1.1 OR AY.34.2 OR AY.35 OR AY.36 OR AY.36.1 OR AY.37 OR AY.38 OR AY.39 OR AY.39.1 OR AY.39.1.1 OR AY.39.1.2 OR AY.39.1.3 OR AY.39.1.4 OR AY.39.2 OR AY.39.3 OR AY.40 OR AY.41 OR AY.42 OR AY.42.1 OR AY.43 OR AY.43.1 OR AY.43.2 OR AY.43.3 OR AY.43.4 OR AY.43.5 OR AY.43.6 OR AY.43.7 OR AY.43.8 OR AY.43.9 OR AY.44 OR AY.45 OR AY.46 OR AY.46.1 OR AY.46.2 OR AY.46.3 OR AY.46.4 OR AY.46.5 OR AY.46.6 OR AY.46.6.1 OR AY.47 OR AY.48 OR AY.49 OR AY.50 OR AY.51 OR AY.52 OR AY.53 OR AY.54 OR AY.55 OR AY.56 OR AY.57 OR AY.58 OR AY.59 OR AY.60 OR AY.61 OR AY.62 OR AY.63 OR AY.64 OR AY.65 OR AY.66 OR AY.67 OR AY.68 OR AY.69 OR AY.70 OR AY.71 OR AY.72 OR AY.73 OR AY.74 OR AY.75 OR AY.75.2 OR AY.75.3 OR AY.76 OR AY.77 OR AY.78 OR AY.79 OR AY.80 OR AY.81 OR AY.82 OR AY.83 OR AY.84 OR AY.85 OR AY.86 OR AY.87 OR AY.88 OR AY.90 OR AY.91 OR AY.91.1 OR AY.92 OR AY.93 OR AY.94 OR AY.95 OR AY.98 OR AY.98.1 OR AY.98.1.1 OR AY.99 OR AY.99.1 OR AY.99.2 OR AY.100 OR AY.101 OR AY.102 OR AY.102.1 OR AY.102.2 OR AY.103 OR AY.103.1 OR AY.103.2 OR AY.104 OR AY.105 OR AY.106 OR AY.107 OR AY.108 OR AY.109 OR AY.110 OR AY.111 OR AY.112 OR AY.112.1 OR AY.112.2 OR AY.112.3 OR AY.113 OR AY.114 OR AY.116 OR AY.116.1 OR AY.117 OR AY.118 OR AY.119 OR AY.119.1 OR AY.119.2 OR AY.120 OR AY.120.1 OR AY.120.2 OR AY.120.2.1 OR AY.121 OR AY.121.1 OR AY.122 OR AY.122.1 OR AY.122.2 OR AY.122.3 OR AY.122.4 OR AY.122.5 OR AY.122.6 OR AY.123 OR AY.123.1 OR AY.124 OR AY.124.1 OR AY.124.1.1 OR AY.125 OR AY.125.1 OR AY.126 OR AY.127 OR AY.127.1 OR AY.127.2 OR AY.127.3 OR AY.128 OR AY.129 OR AY.130 OR AY.131 OR AY.132 OR AY.133 OR AY.134 OR B.1.617.2,Delta,6.64285714285714,1.21428571428571,0.182795698924731
2022-01-01,3,3,2.71428571428571,1.42857142857143,0.526315789473684,0.0387476177851652,0.823263902868743,AY.1 OR AY.2 OR AY.3 OR AY.3.1 OR AY.3.2 OR AY.3.3 OR AY.3.4 OR AY.4 OR AY.4.1 OR AY.4.2 OR AY.4.2.1 OR AY.4.2.2 OR AY.4.2.3 OR AY.4.2.4 OR AY.4.2.5 OR AY.4.3 OR AY.4.4 OR AY.4.5 OR AY.4.6 OR AY.4.7 OR AY.4.8 OR AY.4.9 OR AY.4.10 OR AY.4.11 OR AY.4.12 OR AY.4.13 OR AY.4.14 OR AY.4.15 OR AY.4.16 OR AY.4.17 OR AY.5 OR AY.5.1 OR AY.5.2 OR AY.5.3 OR AY.5.4 OR AY.5.5 OR AY.5.6 OR AY.5.7 OR AY.6 OR AY.7 OR AY.7.1 OR AY.7.2 OR AY.8 OR AY.9 OR AY.9.2 OR AY.9.2.1 OR AY.9.2.2 OR AY.10 OR AY.11 OR AY.13 OR AY.14 OR AY.15 OR AY.16 OR AY.16.1 OR AY.17 OR AY.18 OR AY.19 OR AY.20 OR AY.20.1 OR AY.21 OR AY.22 OR AY.23 OR AY.23.1 OR AY.23.2 OR AY.24 OR AY.24.1 OR AY.25 OR AY.25.1 OR AY.25.1.1 OR AY.25.1.2 OR AY.25.2 OR AY.25.3 OR AY.26 OR AY.26.1 OR AY.27 OR AY.28 OR AY.29 OR AY.29.1 OR AY.29.2 OR AY.30 OR AY.31 OR AY.32 OR AY.33 OR AY.33.1 OR AY.33.2 OR AY.34 OR AY.34.1 OR AY.34.1.1 OR AY.34.2 OR AY.35 OR AY.36 OR AY.36.1 OR AY.37 OR AY.38 OR AY.39 OR AY.39.1 OR AY.39.1.1 OR AY.39.1.2 OR AY.39.1.3 OR AY.39.1.4 OR AY.39.2 OR AY.39.3 OR AY.40 OR AY.41 OR AY.42 OR AY.42.1 OR AY.43 OR AY.43.1 OR AY.43.2 OR AY.43.3 OR AY.43.4 OR AY.43.5 OR AY.43.6 OR AY.43.7 OR AY.43.8 OR AY.43.9 OR AY.44 OR AY.45 OR AY.46 OR AY.46.1 OR AY.46.2 OR AY.46.3 OR AY.46.4 OR AY.46.5 OR AY.46.6 OR AY.46.6.1 OR AY.47 OR AY.48 OR AY.49 OR AY.50 OR AY.51 OR AY.52 OR AY.53 OR AY.54 OR AY.55 OR AY.56 OR AY.57 OR AY.58 OR AY.59 OR AY.60 OR AY.61 OR AY.62 OR AY.63 OR AY.64 OR AY.65 OR AY.66 OR AY.67 OR AY.68 OR AY.69 OR AY.70 OR AY.71 OR AY.72 OR AY.73 OR AY.74 OR AY.75 OR AY.75.2 OR AY.75.3 OR AY.76 OR AY.77 OR AY.78 OR AY.79 OR AY.80 OR AY.81 OR AY.82 OR AY.83 OR AY.84 OR AY.85 OR AY.86 OR AY.87 OR AY.88 OR AY.90 OR AY.91 OR AY.91.1 OR AY.92 OR AY.93 OR AY.94 OR AY.95 OR AY.98 OR AY.98.1 OR AY.98.1.1 OR AY.99 OR AY.99.1 OR AY.99.2 OR AY.100 OR AY.101 OR AY.102 OR AY.102.1 OR AY.102.2 OR AY.103 OR AY.103.1 OR AY.103.2 OR AY.104 OR AY.105 OR AY.106 OR AY.107 OR AY.108 OR AY.109 OR AY.110 OR AY.111 OR AY.112 OR AY.112.1 OR AY.112.2 OR AY.112.3 OR AY.113 OR AY.114 OR AY.116 OR AY.116.1 OR AY.117 OR AY.118 OR AY.119 OR AY.119.1 OR AY.119.2 OR AY.120 OR AY.120.1 OR AY.120.2 OR AY.120.2.1 OR AY.121 OR AY.121.1 OR AY.122 OR AY.122.1 OR AY.122.2 OR AY.122.3 OR AY.122.4 OR AY.122.5 OR AY.122.6 OR AY.123 OR AY.123.1 OR AY.124 OR AY.124.1 OR AY.124.1.1 OR AY.125 OR AY.125.1 OR AY.126 OR AY.127 OR AY.127.1 OR AY.127.2 OR AY.127.3 OR AY.128 OR AY.129 OR AY.130 OR AY.131 OR AY.132 OR AY.133 OR AY.134 OR B.1.617.2,Delta,6.57142857142857,1.28571428571429,0.195652173913043
2022-01-02,3,0,2.85714285714286,1.42857142857143,0.5,0.0387476177851652,0.823263902868743,AY.1 OR AY.2 OR AY.3 OR AY.3.1 OR AY.3.2 OR AY.3.3 OR AY.3.4 OR AY.4 OR AY.4.1 OR AY.4.2 OR AY.4.2.1 OR AY.4.2.2 OR AY.4.2.3 OR AY.4.2.4 OR AY.4.2.5 OR AY.4.3 OR AY.4.4 OR AY.4.5 OR AY.4.6 OR AY.4.7 OR AY.4.8 OR AY.4.9 OR AY.4.10 OR AY.4.11 OR AY.4.12 OR AY.4.13 OR AY.4.14 OR AY.4.15 OR AY.4.16 OR AY.4.17 OR AY.5 OR AY.5.1 OR AY.5.2 OR AY.5.3 OR AY.5.4 OR AY.5.5 OR AY.5.6 OR AY.5.7 OR AY.6 OR AY.7 OR AY.7.1 OR AY.7.2 OR AY.8 OR AY.9 OR AY.9.2 OR AY.9.2.1 OR AY.9.2.2 OR AY.10 OR AY.11 OR AY.13 OR AY.14 OR AY.15 OR AY.16 OR AY.16.1 OR AY.17 OR AY.18 OR AY.19 OR AY.20 OR AY.20.1 OR AY.21 OR AY.22 OR AY.23 OR AY.23.1 OR AY.23.2 OR AY.24 OR AY.24.1 OR AY.25 OR AY.25.1 OR AY.25.1.1 OR AY.25.1.2 OR AY.25.2 OR AY.25.3 OR AY.26 OR AY.26.1 OR AY.27 OR AY.28 OR AY.29 OR AY.29.1 OR AY.29.2 OR AY.30 OR AY.31 OR AY.32 OR AY.33 OR AY.33.1 OR AY.33.2 OR AY.34 OR AY.34.1 OR AY.34.1.1 OR AY.34.2 OR AY.35 OR AY.36 OR AY.36.1 OR AY.37 OR AY.38 OR AY.39 OR AY.39.1 OR AY.39.1.1 OR AY.39.1.2 OR AY.39.1.3 OR AY.39.1.4 OR AY.39.2 OR AY.39.3 OR AY.40 OR AY.41 OR AY.42 OR AY.42.1 OR AY.43 OR AY.43.1 OR AY.43.2 OR AY.43.3 OR AY.43.4 OR AY.43.5 OR AY.43.6 OR AY.43.7 OR AY.43.8 OR AY.43.9 OR AY.44 OR AY.45 OR AY.46 OR AY.46.1 OR AY.46.2 OR AY.46.3 OR AY.46.4 OR AY.46.5 OR AY.46.6 OR AY.46.6.1 OR AY.47 OR AY.48 OR AY.49 OR AY.50 OR AY.51 OR AY.52 OR AY.53 OR AY.54 OR AY.55 OR AY.56 OR AY.57 OR AY.58 OR AY.59 OR AY.60 OR AY.61 OR AY.62 OR AY.63 OR AY.64 OR AY.65 OR AY.66 OR AY.67 OR AY.68 OR AY.69 OR AY.70 OR AY.71 OR AY.72 OR AY.73 OR AY.74 OR AY.75 OR AY.75.2 OR AY.75.3 OR AY.76 OR AY.77 OR AY.78 OR AY.79 OR AY.80 OR AY.81 OR AY.82 OR AY.83 OR AY.84 OR AY.85 OR AY.86 OR AY.87 OR AY.88 OR AY.90 OR AY.91 OR AY.91.1 OR AY.92 OR AY.93 OR AY.94 OR AY.95 OR AY.98 OR AY.98.1 OR AY.98.1.1 OR AY.99 OR AY.99.1 OR AY.99.2 OR AY.100 OR AY.101 OR AY.102 OR AY.102.1 OR AY.102.2 OR AY.103 OR AY.103.1 OR AY.103.2 OR AY.104 OR AY.105 OR AY.106 OR AY.107 OR AY.108 OR AY.109 OR AY.110 OR AY.111 OR AY.112 OR AY.112.1 OR AY.112.2 OR AY.112.3 OR AY.113 OR AY.114 OR AY.116 OR AY.116.1 OR AY.117 OR AY.118 OR AY.119 OR AY.119.1 OR AY.119.2 OR AY.120 OR AY.120.1 OR AY.120.2 OR AY.120.2.1 OR AY.121 OR AY.121.1 OR AY.122 OR AY.122.1 OR AY.122.2 OR AY.122.3 OR AY.122.4 OR AY.122.5 OR AY.122.6 OR AY.123 OR AY.123.1 OR AY.124 OR AY.124.1 OR AY.124.1.1 OR AY.125 OR AY.125.1 OR AY.126 OR AY.127 OR AY.127.1 OR AY.127.2 OR AY.127.3 OR AY.128 OR AY.129 OR AY.130 OR AY.131 OR AY.132 OR AY.133 OR AY.134 OR B.1.617.2,Delta,6.35714285714286,1.21428571428571,0.191011235955056
2022-01-03,5,1,2.42857142857143,1.28571428571429,0.529411764705882,0.0608302759200974,0.939169724079903,AY.1 OR AY.2 OR AY.3 OR AY.3.1 OR AY.3.2 OR AY.3.3 OR AY.3.4 OR AY.4 OR AY.4.1 OR AY.4.2 OR AY.4.2.1 OR AY.4.2.2 OR AY.4.2.3 OR AY.4.2.4 OR AY.4.2.5 OR AY.4.3 OR AY.4.4 OR AY.4.5 OR AY.4.6 OR AY.4.7 OR AY.4.8 OR AY.4.9 OR AY.4.10 OR AY.4.11 OR AY.4.12 OR AY.4.13 OR AY.4.14 OR AY.4.15 OR AY.4.16 OR AY.4.17 OR AY.5 OR AY.5.1 OR AY.5.2 OR AY.5.3 OR AY.5.4 OR AY.5.5 OR AY.5.6 OR AY.5.7 OR AY.6 OR AY.7 OR AY.7.1 OR AY.7.2 OR AY.8 OR AY.9 OR AY.9.2 OR AY.9.2.1 OR AY.9.2.2 OR AY.10 OR AY.11 OR AY.13 OR AY.14 OR AY.15 OR AY.16 OR AY.16.1 OR AY.17 OR AY.18 OR AY.19 OR AY.20 OR AY.20.1 OR AY.21 OR AY.22 OR AY.23 OR AY.23.1 OR AY.23.2 OR AY.24 OR AY.24.1 OR AY.25 OR AY.25.1 OR AY.25.1.1 OR AY.25.1.2 OR AY.25.2 OR AY.25.3 OR AY.26 OR AY.26.1 OR AY.27 OR AY.28 OR AY.29 OR AY.29.1 OR AY.29.2 OR AY.30 OR AY.31 OR AY.32 OR AY.33 OR AY.33.1 OR AY.33.2 OR AY.34 OR AY.34.1 OR AY.34.1.1 OR AY.34.2 OR AY.35 OR AY.36 OR AY.36.1 OR AY.37 OR AY.38 OR AY.39 OR AY.39.1 OR AY.39.1.1 OR AY.39.1.2 OR AY.39.1.3 OR AY.39.1.4 OR AY.39.2 OR AY.39.3 OR AY.40 OR AY.41 OR AY.42 OR AY.42.1 OR AY.43 OR AY.43.1 OR AY.43.2 OR AY.43.3 OR AY.43.4 OR AY.43.5 OR AY.43.6 OR AY.43.7 OR AY.43.8 OR AY.43.9 OR AY.44 OR AY.45 OR AY.46 OR AY.46.1 OR AY.46.2 OR AY.46.3 OR AY.46.4 OR AY.46.5 OR AY.46.6 OR AY.46.6.1 OR AY.47 OR AY.48 OR AY.49 OR AY.50 OR AY.51 OR AY.52 OR AY.53 OR AY.54 OR AY.55 OR AY.56 OR AY.57 OR AY.58 OR AY.59 OR AY.60 OR AY.61 OR AY.62 OR AY.63 OR AY.64 OR AY.65 OR AY.66 OR AY.67 OR AY.68 OR AY.69 OR AY.70 OR AY.71 OR AY.72 OR AY.73 OR AY.74 OR AY.75 OR AY.75.2 OR AY.75.3 OR AY.76 OR AY.77 OR AY.78 OR AY.79 OR AY.80 OR AY.81 OR AY.82 OR AY.83 OR AY.84 OR AY.85 OR AY.86 OR AY.87 OR AY.88 OR AY.90 OR AY.91 OR AY.91.1 OR AY.92 OR AY.93 OR AY.94 OR AY.95 OR AY.98 OR AY.98.1 OR AY.98.1.1 OR AY.99 OR AY.99.1 OR AY.99.2 OR AY.100 OR AY.101 OR AY.102 OR AY.102.1 OR AY.102.2 OR AY.103 OR AY.103.1 OR AY.103.2 OR AY.104 OR AY.105 OR AY.106 OR AY.107 OR AY.108 OR AY.109 OR AY.110 OR AY.111 OR AY.112 OR AY.112.1 OR AY.112.2 OR AY.112.3 OR AY.113 OR AY.114 OR AY.116 OR AY.116.1 OR AY.117 OR AY.118 OR AY.119 OR AY.119.1 OR AY.119.2 OR AY.120 OR AY.120.1 OR AY.120.2 OR AY.120.2.1 OR AY.121 OR AY.121.1 OR AY.122 OR AY.122.1 OR AY.122.2 OR AY.122.3 OR AY.122.4 OR AY.122.5 OR AY.122.6 OR AY.123 OR AY.123.1 OR AY.124 OR AY.124.1 OR AY.124.1.1 OR AY.125 OR AY.125.1 OR AY.126 OR AY.127 OR AY.127.1 OR AY.127.2 OR AY.127.3 OR AY.128 OR AY.129 OR AY.130 OR AY.131 OR AY.132 OR AY.133 OR AY.134 OR B.1.617.2,Delta,6.14285714285714,1.07142857142857,0.174418604651163
2022-01-04,3,1,2.57142857142857,1.28571428571429,0.5,0.0387476177851652,0.823263902868743,AY.1 OR AY.2 OR AY.3 OR AY.3.1 OR AY.3.2 OR AY.3.3 OR AY.3.4 OR AY.4 OR AY.4.1 OR AY.4.2 OR AY.4.2.1 OR AY.4.2.2 OR AY.4.2.3 OR AY.4.2.4 OR AY.4.2.5 OR AY.4.3 OR AY.4.4 OR AY.4.5 OR AY.4.6 OR AY.4.7 OR AY.4.8 OR AY.4.9 OR AY.4.10 OR AY.4.11 OR AY.4.12 OR AY.4.13 OR AY.4.14 OR AY.4.15 OR AY.4.16 OR AY.4.17 OR AY.5 OR AY.5.1 OR AY.5.2 OR AY.5.3 OR AY.5.4 OR AY.5.5 OR AY.5.6 OR AY.5.7 OR AY.6 OR AY.7 OR AY.7.1 OR AY.7.2 OR AY.8 OR AY.9 OR AY.9.2 OR AY.9.2.1 OR AY.9.2.2 OR AY.10 OR AY.11 OR AY.13 OR AY.14 OR AY.15 OR AY.16 OR AY.16.1 OR AY.17 OR AY.18 OR AY.19 OR AY.20 OR AY.20.1 OR AY.21 OR AY.22 OR AY.23 OR AY.23.1 OR AY.23.2 OR AY.24 OR AY.24.1 OR AY.25 OR AY.25.1 OR AY.25.1.1 OR AY.25.1.2 OR AY.25.2 OR AY.25.3 OR AY.26 OR AY.26.1 OR AY.27 OR AY.28 OR AY.29 OR AY.29.1 OR AY.29.2 OR AY.30 OR AY.31 OR AY.32 OR AY.33 OR AY.33.1 OR AY.33.2 OR AY.34 OR AY.34.1 OR AY.34.1.1 OR AY.34.2 OR AY.35 OR AY.36 OR AY.36.1 OR AY.37 OR AY.38 OR AY.39 OR AY.39.1 OR AY.39.1.1 OR AY.39.1.2 OR AY.39.1.3 OR AY.39.1.4 OR AY.39.2 OR AY.39.3 OR AY.40 OR AY.41 OR AY.42 OR AY.42.1 OR AY.43 OR AY.43.1 OR AY.43.2 OR AY.43.3 OR AY.43.4 OR AY.43.5 OR AY.43.6 OR AY.43.7 OR AY.43.8 OR AY.43.9 OR AY.44 OR AY.45 OR AY.46 OR AY.46.1 OR AY.46.2 OR AY.46.3 OR AY.46.4 OR AY.46.5 OR AY.46.6 OR AY.46.6.1 OR AY.47 OR AY.48 OR AY.49 OR AY.50 OR AY.51 OR AY.52 OR AY.53 OR AY.54 OR AY.55 OR AY.56 OR AY.57 OR AY.58 OR AY.59 OR AY.60 OR AY.61 OR AY.62 OR AY.63 OR AY.64 OR AY.65 OR AY.66 OR AY.67 OR AY.68 OR AY.69 OR AY.70 OR AY.71 OR AY.72 OR AY.73 OR AY.74 OR AY.75 OR AY.75.2 OR AY.75.3 OR AY.76 OR AY.77 OR AY.78 OR AY.79 OR AY.80 OR AY.81 OR AY.82 OR AY.83 OR AY.84 OR AY.85 OR AY.86 OR AY.87 OR AY.88 OR AY.90 OR AY.91 OR AY.91.1 OR AY.92 OR AY.93 OR AY.94 OR AY.95 OR AY.98 OR AY.98.1 OR AY.98.1.1 OR AY.99 OR AY.99.1 OR AY.99.2 OR AY.100 OR AY.101 OR AY.102 OR AY.102.1 OR AY.102.2 OR AY.103 OR AY.103.1 OR AY.103.2 OR AY.104 OR AY.105 OR AY.106 OR AY.107 OR AY.108 OR AY.109 OR AY.110 OR AY.111 OR AY.112 OR AY.112.1 OR AY.112.2 OR AY.112.3 OR AY.113 OR AY.114 OR AY.116 OR AY.116.1 OR AY.117 OR AY.118 OR AY.119 OR AY.119.1 OR AY.119.2 OR AY.120 OR AY.120.1 OR AY.120.2 OR AY.120.2.1 OR AY.121 OR AY.121.1 OR AY.122 OR AY.122.1 OR AY.122.2 OR AY.122.3 OR AY.122.4 OR AY.122.5 OR AY.122.6 OR AY.123 OR AY.123.1 OR AY.124 OR AY.124.1 OR AY.124.1.1 OR AY.125 OR AY.125.1 OR AY.126 OR AY.127 OR AY.127.1 OR AY.127.2 OR AY.127.3 OR AY.128 OR AY.129 OR AY.130 OR AY.131 OR AY.132 OR AY.133 OR AY.134 OR B.1.617.2,Delta,5.21428571428571,1.14285714285714,0.219178082191781
2022-01-05,8,2,3.42857142857143,1.28571428571429,0.375,0.0387476177851652,0.823263902868743,AY.1 OR AY.2 OR AY.3 OR AY.3.1 OR AY.3.2 OR AY.3.3 OR AY.3.4 OR AY.4 OR AY.4.1 OR AY.4.2 OR AY.4.2.1 OR AY.4.2.2 OR AY.4.2.3 OR AY.4.2.4 OR AY.4.2.5 OR AY.4.3 OR AY.4.4 OR AY.4.5 OR AY.4.6 OR AY.4.7 OR AY.4.8 OR AY.4.9 OR AY.4.10 OR AY.4.11 OR AY.4.12 OR AY.4.13 OR AY.4.14 OR AY.4.15 OR AY.4.16 OR AY.4.17 OR AY.5 OR AY.5.1 OR AY.5.2 OR AY.5.3 OR AY.5.4 OR AY.5.5 OR AY.5.6 OR AY.5.7 OR AY.6 OR AY.7 OR AY.7.1 OR AY.7.2 OR AY.8 OR AY.9 OR AY.9.2 OR AY.9.2.1 OR AY.9.2.2 OR AY.10 OR AY.11 OR AY.13 OR AY.14 OR AY.15 OR AY.16 OR AY.16.1 OR AY.17 OR AY.18 OR AY.19 OR AY.20 OR AY.20.1 OR AY.21 OR AY.22 OR AY.23 OR AY.23.1 OR AY.23.2 OR AY.24 OR AY.24.1 OR AY.25 OR AY.25.1 OR AY.25.1.1 OR AY.25.1.2 OR AY.25.2 OR AY.25.3 OR AY.26 OR AY.26.1 OR AY.27 OR AY.28 OR AY.29 OR AY.29.1 OR AY.29.2 OR AY.30 OR AY.31 OR AY.32 OR AY.33 OR AY.33.1 OR AY.33.2 OR AY.34 OR AY.34.1 OR AY.34.1.1 OR AY.34.2 OR AY.35 OR AY.36 OR AY.36.1 OR AY.37 OR AY.38 OR AY.39 OR AY.39.1 OR AY.39.1.1 OR AY.39.1.2 OR AY.39.1.3 OR AY.39.1.4 OR AY.39.2 OR AY.39.3 OR AY.40 OR AY.41 OR AY.42 OR AY.42.1 OR AY.43 OR AY.43.1 OR AY.43.2 OR AY.43.3 OR AY.43.4 OR AY.43.5 OR AY.43.6 OR AY.43.7 OR AY.43.8 OR AY.43.9 OR AY.44 OR AY.45 OR AY.46 OR AY.46.1 OR AY.46.2 OR AY.46.3 OR AY.46.4 OR AY.46.5 OR AY.46.6 OR AY.46.6.1 OR AY.47 OR AY.48 OR AY.49 OR AY.50 OR AY.51 OR AY.52 OR AY.53 OR AY.54 OR AY.55 OR AY.56 OR AY.57 OR AY.58 OR AY.59 OR AY.60 OR AY.61 OR AY.62 OR AY.63 OR AY.64 OR AY.65 OR AY.66 OR AY.67 OR AY.68 OR AY.69 OR AY.70 OR AY.71 OR AY.72 OR AY.73 OR AY.74 OR AY.75 OR AY.75.2 OR AY.75.3 OR AY.76 OR AY.77 OR AY.78 OR AY.79 OR AY.80 OR AY.81 OR AY.82 OR AY.83 OR AY.84 OR AY.85 OR AY.86 OR AY.87 OR AY.88 OR AY.90 OR AY.91 OR AY.91.1 OR AY.92 OR AY.93 OR AY.94 OR AY.95 OR AY.98 OR AY.98.1 OR AY.98.1.1 OR AY.99 OR AY.99.1 OR AY.99.2 OR AY.100 OR AY.101 OR AY.102 OR AY.102.1 OR AY.102.2 OR AY.103 OR AY.103.1 OR AY.103.2 OR AY.104 OR AY.105 OR AY.106 OR AY.107 OR AY.108 OR AY.109 OR AY.110 OR AY.111 OR AY.112 OR AY.112.1 OR AY.112.2 OR AY.112.3 OR AY.113 OR AY.114 OR AY.116 OR AY.116.1 OR AY.117 OR AY.118 OR AY.119 OR AY.119.1 OR AY.119.2 OR AY.120 OR AY.120.1 OR AY.120.2 OR AY.120.2.1 OR AY.121 OR AY.121.1 OR AY.122 OR AY.122.1 OR AY.122.2 OR AY.122.3 OR AY.122.4 OR AY.122.5 OR AY.122.6 OR AY.123 OR AY.123.1 OR AY.124 OR AY.124.1 OR AY.124.1.1 OR AY.125 OR AY.125.1 OR AY.126 OR AY.127 OR AY.127.1 OR AY.127.2 OR AY.127.3 OR AY.128 OR AY.129 OR AY.130 OR AY.131 OR AY.132 OR AY.133 OR AY.134 OR B.1.617.2,Delta,4.21428571428571,1.21428571428571,0.288135593220339
2022-01-06,4,1,3.85714285714286,1.28571428571429,0.333333333333333,0.0284708950871468,0.716248320436587,AY.1 OR AY.2 OR AY.3 OR AY.3.1 OR AY.3.2 OR AY.3.3 OR AY.3.4 OR AY.4 OR AY.4.1 OR AY.4.2 OR AY.4.2.1 OR AY.4.2.2 OR AY.4.2.3 OR AY.4.2.4 OR AY.4.2.5 OR AY.4.3 OR AY.4.4 OR AY.4.5 OR AY.4.6 OR AY.4.7 OR AY.4.8 OR AY.4.9 OR AY.4.10 OR AY.4.11 OR AY.4.12 OR AY.4.13 OR AY.4.14 OR AY.4.15 OR AY.4.16 OR AY.4.17 OR AY.5 OR AY.5.1 OR AY.5.2 OR AY.5.3 OR AY.5.4 OR AY.5.5 OR AY.5.6 OR AY.5.7 OR AY.6 OR AY.7 OR AY.7.1 OR AY.7.2 OR AY.8 OR AY.9 OR AY.9.2 OR AY.9.2.1 OR AY.9.2.2 OR AY.10 OR AY.11 OR AY.13 OR AY.14 OR AY.15 OR AY.16 OR AY.16.1 OR AY.17 OR AY.18 OR AY.19 OR AY.20 OR AY.20.1 OR AY.21 OR AY.22 OR AY.23 OR AY.23.1 OR AY.23.2 OR AY.24 OR AY.24.1 OR AY.25 OR AY.25.1 OR AY.25.1.1 OR AY.25.1.2 OR AY.25.2 OR AY.25.3 OR AY.26 OR AY.26.1 OR AY.27 OR AY.28 OR AY.29 OR AY.29.1 OR AY.29.2 OR AY.30 OR AY.31 OR AY.32 OR AY.33 OR AY.33.1 OR AY.33.2 OR AY.34 OR AY.34.1 OR AY.34.1.1 OR AY.34.2 OR AY.35 OR AY.36 OR AY.36.1 OR AY.37 OR AY.38 OR AY.39 OR AY.39.1 OR AY.39.1.1 OR AY.39.1.2 OR AY.39.1.3 OR AY.39.1.4 OR AY.39.2 OR AY.39.3 OR AY.40 OR AY.41 OR AY.42 OR AY.42.1 OR AY.43 OR AY.43.1 OR AY.43.2 OR AY.43.3 OR AY.43.4 OR AY.43.5 OR AY.43.6 OR AY.43.7 OR AY.43.8 OR AY.43.9 OR AY.44 OR AY.45 OR AY.46 OR AY.46.1 OR AY.46.2 OR AY.46.3 OR AY.46.4 OR AY.46.5 OR AY.46.6 OR AY.46.6.1 OR AY.47 OR AY.48 OR AY.49 OR AY.50 OR AY.51 OR AY.52 OR AY.53 OR AY.54 OR AY.55 OR AY.56 OR AY.57 OR AY.58 OR AY.59 OR AY.60 OR AY.61 OR AY.62 OR AY.63 OR AY.64 OR AY.65 OR AY.66 OR AY.67 OR AY.68 OR AY.69 OR AY.70 OR AY.71 OR AY.72 OR AY.73 OR AY.74 OR AY.75 OR AY.75.2 OR AY.75.3 OR AY.76 OR AY.77 OR AY.78 OR AY.79 OR AY.80 OR AY.81 OR AY.82 OR AY.83 OR AY.84 OR AY.85 OR AY.86 OR AY.87 OR AY.88 OR AY.90 OR AY.91 OR AY.91.1 OR AY.92 OR AY.93 OR AY.94 OR AY.95 OR AY.98 OR AY.98.1 OR AY.98.1.1 OR AY.99 OR AY.99.1 OR AY.99.2 OR AY.100 OR AY.101 OR AY.102 OR AY.102.1 OR AY.102.2 OR AY.103 OR AY.103.1 OR AY.103.2 OR AY.104 OR AY.105 OR AY.106 OR AY.107 OR AY.108 OR AY.109 OR AY.110 OR AY.111 OR AY.112 OR AY.112.1 OR AY.112.2 OR AY.112.3 OR AY.113 OR AY.114 OR AY.116 OR AY.116.1 OR AY.117 OR AY.118 OR AY.119 OR AY.119.1 OR AY.119.2 OR AY.120 OR AY.120.1 OR AY.120.2 OR AY.120.2.1 OR AY.121 OR AY.121.1 OR AY.122 OR AY.122.1 OR AY.122.2 OR AY.122.3 OR AY.122.4 OR AY.122.5 OR AY.122.6 OR AY.123 OR AY.123.1 OR AY.124 OR AY.124.1 OR AY.124.1.1 OR AY.125 OR AY.125.1 OR AY.126 OR AY.127 OR AY.127.1 OR AY.127.2 OR AY.127.3 OR AY.128 OR AY.129 OR AY.130 OR AY.131 OR AY.132 OR AY.133 OR AY.134 OR B.1.617.2,Delta,4.42857142857143,1.28571428571429,0.290322580645161
2022-01-07,8,0,4.85714285714286,1.14285714285714,0.235294117647059,0.0225127659991551,0.628626400631994,AY.1 OR AY.2 OR AY.3 OR AY.3.1 OR AY.3.2 OR AY.3.3 OR AY.3.4 OR AY.4 OR AY.4.1 OR AY.4.2 OR AY.4.2.1 OR AY.4.2.2 OR AY.4.2.3 OR AY.4.2.4 OR AY.4.2.5 OR AY.4.3 OR AY.4.4 OR AY.4.5 OR AY.4.6 OR AY.4.7 OR AY.4.8 OR AY.4.9 OR AY.4.10 OR AY.4.11 OR AY.4.12 OR AY.4.13 OR AY.4.14 OR AY.4.15 OR AY.4.16 OR AY.4.17 OR AY.5 OR AY.5.1 OR AY.5.2 OR AY.5.3 OR AY.5.4 OR AY.5.5 OR AY.5.6 OR AY.5.7 OR AY.6 OR AY.7 OR AY.7.1 OR AY.7.2 OR AY.8 OR AY.9 OR AY.9.2 OR AY.9.2.1 OR AY.9.2.2 OR AY.10 OR AY.11 OR AY.13 OR AY.14 OR AY.15 OR AY.16 OR AY.16.1 OR AY.17 OR AY.18 OR AY.19 OR AY.20 OR AY.20.1 OR AY.21 OR AY.22 OR AY.23 OR AY.23.1 OR AY.23.2 OR AY.24 OR AY.24.1 OR AY.25 OR AY.25.1 OR AY.25.1.1 OR AY.25.1.2 OR AY.25.2 OR AY.25.3 OR AY.26 OR AY.26.1 OR AY.27 OR AY.28 OR AY.29 OR AY.29.1 OR AY.29.2 OR AY.30 OR AY.31 OR AY.32 OR AY.33 OR AY.33.1 OR AY.33.2 OR AY.34 OR AY.34.1 OR AY.34.1.1 OR AY.34.2 OR AY.35 OR AY.36 OR AY.36.1 OR AY.37 OR AY.38 OR AY.39 OR AY.39.1 OR AY.39.1.1 OR AY.39.1.2 OR AY.39.1.3 OR AY.39.1.4 OR AY.39.2 OR AY.39.3 OR AY.40 OR AY.41 OR AY.42 OR AY.42.1 OR AY.43 OR AY.43.1 OR AY.43.2 OR AY.43.3 OR AY.43.4 OR AY.43.5 OR AY.43.6 OR AY.43.7 OR AY.43.8 OR AY.43.9 OR AY.44 OR AY.45 OR AY.46 OR AY.46.1 OR AY.46.2 OR AY.46.3 OR AY.46.4 OR AY.46.5 OR AY.46.6 OR AY.46.6.1 OR AY.47 OR AY.48 OR AY.49 OR AY.50 OR AY.51 OR AY.52 OR AY.53 OR AY.54 OR AY.55 OR AY.56 OR AY.57 OR AY.58 OR AY.59 OR AY.60 OR AY.61 OR AY.62 OR AY.63 OR AY.64 OR AY.65 OR AY.66 OR AY.67 OR AY.68 OR AY.69 OR AY.70 OR AY.71 OR AY.72 OR AY.73 OR AY.74 OR AY.75 OR AY.75.2 OR AY.75.3 OR AY.76 OR AY.77 OR AY.78 OR AY.79 OR AY.80 OR AY.81 OR AY.82 OR AY.83 OR AY.84 OR AY.85 OR AY.86 OR AY.87 OR AY.88 OR AY.90 OR AY.91 OR AY.91.1 OR AY.92 OR AY.93 OR AY.94 OR AY.95 OR AY.98 OR AY.98.1 OR AY.98.1.1 OR AY.99 OR AY.99.1 OR AY.99.2 OR AY.100 OR AY.101 OR AY.102 OR AY.102.1 OR AY.102.2 OR AY.103 OR AY.103.1 OR AY.103.2 OR AY.104 OR AY.105 OR AY.106 OR AY.107 OR AY.108 OR AY.109 OR AY.110 OR AY.111 OR AY.112 OR AY.112.1 OR AY.112.2 OR AY.112.3 OR AY.113 OR AY.114 OR AY.116 OR AY.116.1 OR AY.117 OR AY.118 OR AY.119 OR AY.119.1 OR AY.119.2 OR AY.120 OR AY.120.1 OR AY.120.2 OR AY.120.2.1 OR AY.121 OR AY.121.1 OR AY.122 OR AY.122.1 OR AY.122.2 OR AY.122.3 OR AY.122.4 OR AY.122.5 OR AY.122.6 OR AY.123 OR AY.123.1 OR AY.124 OR AY.124.1 OR AY.124.1.1 OR AY.125 OR AY.125.1 OR AY.126 OR AY.127 OR AY.127.1 OR AY.127.2 OR AY.127.3 OR AY.128 OR AY.129 OR AY.130 OR AY.131 OR AY.132 OR AY.133 OR AY.134 OR B.1.617.2,Delta,4.21428571428571,1.14285714285714,0.271186440677966
2022-01-08,3,0,4.85714285714286,0.714285714285714,0.147058823529412,0.0225127659991551,0.628626400631994,AY.1 OR AY.2 OR AY.3 OR AY.3.1 OR AY.3.2 OR AY.3.3 OR AY.3.4 OR AY.4 OR AY.4.1 OR AY.4.2 OR AY.4.2.1 OR AY.4.2.2 OR AY.4.2.3 OR AY.4.2.4 OR AY.4.2.5 OR AY.4.3 OR AY.4.4 OR AY.4.5 OR AY.4.6 OR AY.4.7 OR AY.4.8 OR AY.4.9 OR AY.4.10 OR AY.4.11 OR AY.4.12 OR AY.4.13 OR AY.4.14 OR AY.4.15 OR AY.4.16 OR AY.4.17 OR AY.5 OR AY.5.1 OR AY.5.2 OR AY.5.3 OR AY.5.4 OR AY.5.5 OR AY.5.6 OR AY.5.7 OR AY.6 OR AY.7 OR AY.7.1 OR AY.7.2 OR AY.8 OR AY.9 OR AY.9.2 OR AY.9.2.1 OR AY.9.2.2 OR AY.10 OR AY.11 OR AY.13 OR AY.14 OR AY.15 OR AY.16 OR AY.16.1 OR AY.17 OR AY.18 OR AY.19 OR AY.20 OR AY.20.1 OR AY.21 OR AY.22 OR AY.23 OR AY.23.1 OR AY.23.2 OR AY.24 OR AY.24.1 OR AY.25 OR AY.25.1 OR AY.25.1.1 OR AY.25.1.2 OR AY.25.2 OR AY.25.3 OR AY.26 OR AY.26.1 OR AY.27 OR AY.28 OR AY.29 OR AY.29.1 OR AY.29.2 OR AY.30 OR AY.31 OR AY.32 OR AY.33 OR AY.33.1 OR AY.33.2 OR AY.34 OR AY.34.1 OR AY.34.1.1 OR AY.34.2 OR AY.35 OR AY.36 OR AY.36.1 OR AY.37 OR AY.38 OR AY.39 OR AY.39.1 OR AY.39.1.1 OR AY.39.1.2 OR AY.39.1.3 OR AY.39.1.4 OR AY.39.2 OR AY.39.3 OR AY.40 OR AY.41 OR AY.42 OR AY.42.1 OR AY.43 OR AY.43.1 OR AY.43.2 OR AY.43.3 OR AY.43.4 OR AY.43.5 OR AY.43.6 OR AY.43.7 OR AY.43.8 OR AY.43.9 OR AY.44 OR AY.45 OR AY.46 OR AY.46.1 OR AY.46.2 OR AY.46.3 OR AY.46.4 OR AY.46.5 OR AY.46.6 OR AY.46.6.1 OR AY.47 OR AY.48 OR AY.49 OR AY.50 OR AY.51 OR AY.52 OR AY.53 OR AY.54 OR AY.55 OR AY.56 OR AY.57 OR AY.58 OR AY.59 OR AY.60 OR AY.61 OR AY.62 OR AY.63 OR AY.64 OR AY.65 OR AY.66 OR AY.67 OR AY.68 OR AY.69 OR AY.70 OR AY.71 OR AY.72 OR AY.73 OR AY.74 OR AY.75 OR AY.75.2 OR AY.75.3 OR AY.76 OR AY.77 OR AY.78 OR AY.79 OR AY.80 OR AY.81 OR AY.82 OR AY.83 OR AY.84 OR AY.85 OR AY.86 OR AY.87 OR AY.88 OR AY.90 OR AY.91 OR AY.91.1 OR AY.92 OR AY.93 OR AY.94 OR AY.95 OR AY.98 OR AY.98.1 OR AY.98.1.1 OR AY.99 OR AY.99.1 OR AY.99.2 OR AY.100 OR AY.101 OR AY.102 OR AY.102.1 OR AY.102.2 OR AY.103 OR AY.103.1 OR AY.103.2 OR AY.104 OR AY.105 OR AY.106 OR AY.107 OR AY.108 OR AY.109 OR AY.110 OR AY.111 OR AY.112 OR AY.112.1 OR AY.112.2 OR AY.112.3 OR AY.113 OR AY.114 OR AY.116 OR AY.116.1 OR AY.117 OR AY.118 OR AY.119 OR AY.119.1 OR AY.119.2 OR AY.120 OR AY.120.1 OR AY.120.2 OR AY.120.2.1 OR AY.121 OR AY.121.1 OR AY.122 OR AY.122.1 OR AY.122.2 OR AY.122.3 OR AY.122.4 OR AY.122.5 OR AY.122.6 OR AY.123 OR AY.123.1 OR AY.124 OR AY.124.1 OR AY.124.1.1 OR AY.125 OR AY.125.1 OR AY.126 OR AY.127 OR AY.127.1 OR AY.127.2 OR AY.127.3 OR AY.128 OR AY.129 OR AY.130 OR AY.131 OR AY.132 OR AY.133 OR AY.134 OR B.1.617.2,Delta,3.78571428571429,1.07142857142857,0.283018867924528
2022-01-09,9,0,5.71428571428571,0.714285714285714,0.125,0.0186201271194422,0.558056773609248,AY.1 OR AY.2 OR AY.3 OR AY.3.1 OR AY.3.2 OR AY.3.3 OR AY.3.4 OR AY.4 OR AY.4.1 OR AY.4.2 OR AY.4.2.1 OR AY.4.2.2 OR AY.4.2.3 OR AY.4.2.4 OR AY.4.2.5 OR AY.4.3 OR AY.4.4 OR AY.4.5 OR AY.4.6 OR AY.4.7 OR AY.4.8 OR AY.4.9 OR AY.4.10 OR AY.4.11 OR AY.4.12 OR AY.4.13 OR AY.4.14 OR AY.4.15 OR AY.4.16 OR AY.4.17 OR AY.5 OR AY.5.1 OR AY.5.2 OR AY.5.3 OR AY.5.4 OR AY.5.5 OR AY.5.6 OR AY.5.7 OR AY.6 OR AY.7 OR AY.7.1 OR AY.7.2 OR AY.8 OR AY.9 OR AY.9.2 OR AY.9.2.1 OR AY.9.2.2 OR AY.10 OR AY.11 OR AY.13 OR AY.14 OR AY.15 OR AY.16 OR AY.16.1 OR AY.17 OR AY.18 OR AY.19 OR AY.20 OR AY.20.1 OR AY.21 OR AY.22 OR AY.23 OR AY.23.1 OR AY.23.2 OR AY.24 OR AY.24.1 OR AY.25 OR AY.25.1 OR AY.25.1.1 OR AY.25.1.2 OR AY.25.2 OR AY.25.3 OR AY.26 OR AY.26.1 OR AY.27 OR AY.28 OR AY.29 OR AY.29.1 OR AY.29.2 OR AY.30 OR AY.31 OR AY.32 OR AY.33 OR AY.33.1 OR AY.33.2 OR AY.34 OR AY.34.1 OR AY.34.1.1 OR AY.34.2 OR AY.35 OR AY.36 OR AY.36.1 OR AY.37 OR AY.38 OR AY.39 OR AY.39.1 OR AY.39.1.1 OR AY.39.1.2 OR AY.39.1.3 OR AY.39.1.4 OR AY.39.2 OR AY.39.3 OR AY.40 OR AY.41 OR AY.42 OR AY.42.1 OR AY.43 OR AY.43.1 OR AY.43.2 OR AY.43.3 OR AY.43.4 OR AY.43.5 OR AY.43.6 OR AY.43.7 OR AY.43.8 OR AY.43.9 OR AY.44 OR AY.45 OR AY.46 OR AY.46.1 OR AY.46.2 OR AY.46.3 OR AY.46.4 OR AY.46.5 OR AY.46.6 OR AY.46.6.1 OR AY.47 OR AY.48 OR AY.49 OR AY.50 OR AY.51 OR AY.52 OR AY.53 OR AY.54 OR AY.55 OR AY.56 OR AY.57 OR AY.58 OR AY.59 OR AY.60 OR AY.61 OR AY.62 OR AY.63 OR AY.64 OR AY.65 OR AY.66 OR AY.67 OR AY.68 OR AY.69 OR AY.70 OR AY.71 OR AY.72 OR AY.73 OR AY.74 OR AY.75 OR AY.75.2 OR AY.75.3 OR AY.76 OR AY.77 OR AY.78 OR AY.79 OR AY.80 OR AY.81 OR AY.82 OR AY.83 OR AY.84 OR AY.85 OR AY.86 OR AY.87 OR AY.88 OR AY.90 OR AY.91 OR AY.91.1 OR AY.92 OR AY.93 OR AY.94 OR AY.95 OR AY.98 OR AY.98.1 OR AY.98.1.1 OR AY.99 OR AY.99.1 OR AY.99.2 OR AY.100 OR AY.101 OR AY.102 OR AY.102.1 OR AY.102.2 OR AY.103 OR AY.103.1 OR AY.103.2 OR AY.104 OR AY.105 OR AY.106 OR AY.107 OR AY.108 OR AY.109 OR AY.110 OR AY.111 OR AY.112 OR AY.112.1 OR AY.112.2 OR AY.112.3 OR AY.113 OR AY.114 OR AY.116 OR AY.116.1 OR AY.117 OR AY.118 OR AY.119 OR AY.119.1 OR AY.119.2 OR AY.120 OR AY.120.1 OR AY.120.2 OR AY.120.2.1 OR AY.121 OR AY.121.1 OR AY.122 OR AY.122.1 OR AY.122.2 OR AY.122.3 OR AY.122.4 OR AY.122.5 OR AY.122.6 OR AY.123 OR AY.123.1 OR AY.124 OR AY.124.1 OR AY.124.1.1 OR AY.125 OR AY.125.1 OR AY.126 OR AY.127 OR AY.127.1 OR AY.127.2 OR AY.127.3 OR AY.128 OR AY.129 OR AY.130 OR AY.131 OR AY.132 OR AY.133 OR AY.134 OR B.1.617.2,Delta,4.28571428571429,1.07142857142857,0.25
2022-01-10,5,0,5.71428571428571,0.571428571428571,0.1,0.0186201271194422,0.558056773609248,AY.1 OR AY.2 OR AY.3 OR AY.3.1 OR AY.3.2 OR AY.3.3 OR AY.3.4 OR AY.4 OR AY.4.1 OR AY.4.2 OR AY.4.2.1 OR AY.4.2.2 OR AY.4.2.3 OR AY.4.2.4 OR AY.4.2.5 OR AY.4.3 OR AY.4.4 OR AY.4.5 OR AY.4.6 OR AY.4.7 OR AY.4.8 OR AY.4.9 OR AY.4.10 OR AY.4.11 OR AY.4.12 OR AY.4.13 OR AY.4.14 OR AY.4.15 OR AY.4.16 OR AY.4.17 OR AY.5 OR AY.5.1 OR AY.5.2 OR AY.5.3 OR AY.5.4 OR AY.5.5 OR AY.5.6 OR AY.5.7 OR AY.6 OR AY.7 OR AY.7.1 OR AY.7.2 OR AY.8 OR AY.9 OR AY.9.2 OR AY.9.2.1 OR AY.9.2.2 OR AY.10 OR AY.11 OR AY.13 OR AY.14 OR AY.15 OR AY.16 OR AY.16.1 OR AY.17 OR AY.18 OR AY.19 OR AY.20 OR AY.20.1 OR AY.21 OR AY.22 OR AY.23 OR AY.23.1 OR AY.23.2 OR AY.24 OR AY.24.1 OR AY.25 OR AY.25.1 OR AY.25.1.1 OR AY.25.1.2 OR AY.25.2 OR AY.25.3 OR AY.26 OR AY.26.1 OR AY.27 OR AY.28 OR AY.29 OR AY.29.1 OR AY.29.2 OR AY.30 OR AY.31 OR AY.32 OR AY.33 OR AY.33.1 OR AY.33.2 OR AY.34 OR AY.34.1 OR AY.34.1.1 OR AY.34.2 OR AY.35 OR AY.36 OR AY.36.1 OR AY.37 OR AY.38 OR AY.39 OR AY.39.1 OR AY.39.1.1 OR AY.39.1.2 OR AY.39.1.3 OR AY.39.1.4 OR AY.39.2 OR AY.39.3 OR AY.40 OR AY.41 OR AY.42 OR AY.42.1 OR AY.43 OR AY.43.1 OR AY.43.2 OR AY.43.3 OR AY.43.4 OR AY.43.5 OR AY.43.6 OR AY.43.7 OR AY.43.8 OR AY.43.9 OR AY.44 OR AY.45 OR AY.46 OR AY.46.1 OR AY.46.2 OR AY.46.3 OR AY.46.4 OR AY.46.5 OR AY.46.6 OR AY.46.6.1 OR AY.47 OR AY.48 OR AY.49 OR AY.50 OR AY.51 OR AY.52 OR AY.53 OR AY.54 OR AY.55 OR AY.56 OR AY.57 OR AY.58 OR AY.59 OR AY.60 OR AY.61 OR AY.62 OR AY.63 OR AY.64 OR AY.65 OR AY.66 OR AY.67 OR AY.68 OR AY.69 OR AY.70 OR AY.71 OR AY.72 OR AY.73 OR AY.74 OR AY.75 OR AY.75.2 OR AY.75.3 OR AY.76 OR AY.77 OR AY.78 OR AY.79 OR AY.80 OR AY.81 OR AY.82 OR AY.83 OR AY.84 OR AY.85 OR AY.86 OR AY.87 OR AY.88 OR AY.90 OR AY.91 OR AY.91.1 OR AY.92 OR AY.93 OR AY.94 OR AY.95 OR AY.98 OR AY.98.1 OR AY.98.1.1 OR AY.99 OR AY.99.1 OR AY.99.2 OR AY.100 OR AY.101 OR AY.102 OR AY.102.1 OR AY.102.2 OR AY.103 OR AY.103.1 OR AY.103.2 OR AY.104 OR AY.105 OR AY.106 OR AY.107 OR AY.108 OR AY.109 OR AY.110 OR AY.111 OR AY.112 OR AY.112.1 OR AY.112.2 OR AY.112.3 OR AY.113 OR AY.114 OR AY.116 OR AY.116.1 OR AY.117 OR AY.118 OR AY.119 OR AY.119.1 OR AY.119.2 OR AY.120 OR AY.120.1 OR AY.120.2 OR AY.120.2.1 OR AY.121 OR AY.121.1 OR AY.122 OR AY.122.1 OR AY.122.2 OR AY.122.3 OR AY.122.4 OR AY.122.5 OR AY.122.6 OR AY.123 OR AY.123.1 OR AY.124 OR AY.124.1 OR AY.124.1.1 OR AY.125 OR AY.125.1 OR AY.126 OR AY.127 OR AY.127.1 OR AY.127.2 OR AY.127.3 OR AY.128 OR AY.129 OR AY.130 OR AY.131 OR AY.132 OR AY.133 OR AY.134 OR B.1.617.2,Delta,4.07142857142857,0.928571428571429,0.228070175438597
2022-01-11,7,2,6.28571428571429,0.714285714285714,0.113636363636364,0.0186201271194422,0.558056773609248,AY.1 OR AY.2 OR AY.3 OR AY.3.1 OR AY.3.2 OR AY.3.3 OR AY.3.4 OR AY.4 OR AY.4.1 OR AY.4.2 OR AY.4.2.1 OR AY.4.2.2 OR AY.4.2.3 OR AY.4.2.4 OR AY.4.2.5 OR AY.4.3 OR AY.4.4 OR AY.4.5 OR AY.4.6 OR AY.4.7 OR AY.4.8 OR AY.4.9 OR AY.4.10 OR AY.4.11 OR AY.4.12 OR AY.4.13 OR AY.4.14 OR AY.4.15 OR AY.4.16 OR AY.4.17 OR AY.5 OR AY.5.1 OR AY.5.2 OR AY.5.3 OR AY.5.4 OR AY.5.5 OR AY.5.6 OR AY.5.7 OR AY.6 OR AY.7 OR AY.7.1 OR AY.7.2 OR AY.8 OR AY.9 OR AY.9.2 OR AY.9.2.1 OR AY.9.2.2 OR AY.10 OR AY.11 OR AY.13 OR AY.14 OR AY.15 OR AY.16 OR AY.16.1 OR AY.17 OR AY.18 OR AY.19 OR AY.20 OR AY.20.1 OR AY.21 OR AY.22 OR AY.23 OR AY.23.1 OR AY.23.2 OR AY.24 OR AY.24.1 OR AY.25 OR AY.25.1 OR AY.25.1.1 OR AY.25.1.2 OR AY.25.2 OR AY.25.3 OR AY.26 OR AY.26.1 OR AY.27 OR AY.28 OR AY.29 OR AY.29.1 OR AY.29.2 OR AY.30 OR AY.31 OR AY.32 OR AY.33 OR AY.33.1 OR AY.33.2 OR AY.34 OR AY.34.1 OR AY.34.1.1 OR AY.34.2 OR AY.35 OR AY.36 OR AY.36.1 OR AY.37 OR AY.38 OR AY.39 OR AY.39.1 OR AY.39.1.1 OR AY.39.1.2 OR AY.39.1.3 OR AY.39.1.4 OR AY.39.2 OR AY.39.3 OR AY.40 OR AY.41 OR AY.42 OR AY.42.1 OR AY.43 OR AY.43.1 OR AY.43.2 OR AY.43.3 OR AY.43.4 OR AY.43.5 OR AY.43.6 OR AY.43.7 OR AY.43.8 OR AY.43.9 OR AY.44 OR AY.45 OR AY.46 OR AY.46.1 OR AY.46.2 OR AY.46.3 OR AY.46.4 OR AY.46.5 OR AY.46.6 OR AY.46.6.1 OR AY.47 OR AY.48 OR AY.49 OR AY.50 OR AY.51 OR AY.52 OR AY.53 OR AY.54 OR AY.55 OR AY.56 OR AY.57 OR AY.58 OR AY.59 OR AY.60 OR AY.61 OR AY.62 OR AY.63 OR AY.64 OR AY.65 OR AY.66 OR AY.67 OR AY.68 OR AY.69 OR AY.70 OR AY.71 OR AY.72 OR AY.73 OR AY.74 OR AY.75 OR AY.75.2 OR AY.75.3 OR AY.76 OR AY.77 OR AY.78 OR AY.79 OR AY.80 OR AY.81 OR AY.82 OR AY.83 OR AY.84 OR AY.85 OR AY.86 OR AY.87 OR AY.88 OR AY.90 OR AY.91 OR AY.91.1 OR AY.92 OR AY.93 OR AY.94 OR AY.95 OR AY.98 OR AY.98.1 OR AY.98.1.1 OR AY.99 OR AY.99.1 OR AY.99.2 OR AY.100 OR AY.101 OR AY.102 OR AY.102.1 OR AY.102.2 OR AY.103 OR AY.103.1 OR AY.103.2 OR AY.104 OR AY.105 OR AY.106 OR AY.107 OR AY.108 OR AY.109 OR AY.110 OR AY.111 OR AY.112 OR AY.112.1 OR AY.112.2 OR AY.112.3 OR AY.113 OR AY.114 OR AY.116 OR AY.116.1 OR AY.117 OR AY.118 OR AY.119 OR AY.119.1 OR AY.119.2 OR AY.120 OR AY.120.1 OR AY.120.2 OR AY.120.2.1 OR AY.121 OR AY.121.1 OR AY.122 OR AY.122.1 OR AY.122.2 OR AY.122.3 OR AY.122.4 OR AY.122.5 OR AY.122.6 OR AY.123 OR AY.123.1 OR AY.124 OR AY.124.1 OR AY.124.1.1 OR AY.125 OR AY.125.1 OR AY.126 OR AY.127 OR AY.127.1 OR AY.127.2 OR AY.127.3 OR AY.128 OR AY.129 OR AY.130 OR AY.131 OR AY.132 OR AY.133 OR AY.134 OR B.1.617.2,Delta,4.42857142857143,1,0.225806451612903
2022-01-12,9,0,6.42857142857143,0.428571428571429,0.0666666666666667,7.84998483662082e-05,0.33038890915155,AY.1 OR AY.2 OR AY.3 OR AY.3.1 OR AY.3.2 OR AY.3.3 OR AY.3.4 OR AY.4 OR AY.4.1 OR AY.4.2 OR AY.4.2.1 OR AY.4.2.2 OR AY.4.2.3 OR AY.4.2.4 OR AY.4.2.5 OR AY.4.3 OR AY.4.4 OR AY.4.5 OR AY.4.6 OR AY.4.7 OR AY.4.8 OR AY.4.9 OR AY.4.10 OR AY.4.11 OR AY.4.12 OR AY.4.13 OR AY.4.14 OR AY.4.15 OR AY.4.16 OR AY.4.17 OR AY.5 OR AY.5.1 OR AY.5.2 OR AY.5.3 OR AY.5.4 OR AY.5.5 OR AY.5.6 OR AY.5.7 OR AY.6 OR AY.7 OR AY.7.1 OR AY.7.2 OR AY.8 OR AY.9 OR AY.9.2 OR AY.9.2.1 OR AY.9.2.2 OR AY.10 OR AY.11 OR AY.13 OR AY.14 OR AY.15 OR AY.16 OR AY.16.1 OR AY.17 OR AY.18 OR AY.19 OR AY.20 OR AY.20.1 OR AY.21 OR AY.22 OR AY.23 OR AY.23.1 OR AY.23.2 OR AY.24 OR AY.24.1 OR AY.25 OR AY.25.1 OR AY.25.1.1 OR AY.25.1.2 OR AY.25.2 OR AY.25.3 OR AY.26 OR AY.26.1 OR AY.27 OR AY.28 OR AY.29 OR AY.29.1 OR AY.29.2 OR AY.30 OR AY.31 OR AY.32 OR AY.33 OR AY.33.1 OR AY.33.2 OR AY.34 OR AY.34.1 OR AY.34.1.1 OR AY.34.2 OR AY.35 OR AY.36 OR AY.36.1 OR AY.37 OR AY.38 OR AY.39 OR AY.39.1 OR AY.39.1.1 OR AY.39.1.2 OR AY.39.1.3 OR AY.39.1.4 OR AY.39.2 OR AY.39.3 OR AY.40 OR AY.41 OR AY.42 OR AY.42.1 OR AY.43 OR AY.43.1 OR AY.43.2 OR AY.43.3 OR AY.43.4 OR AY.43.5 OR AY.43.6 OR AY.43.7 OR AY.43.8 OR AY.43.9 OR AY.44 OR AY.45 OR AY.46 OR AY.46.1 OR AY.46.2 OR AY.46.3 OR AY.46.4 OR AY.46.5 OR AY.46.6 OR AY.46.6.1 OR AY.47 OR AY.48 OR AY.49 OR AY.50 OR AY.51 OR AY.52 OR AY.53 OR AY.54 OR AY.55 OR AY.56 OR AY.57 OR AY.58 OR AY.59 OR AY.60 OR AY.61 OR AY.62 OR AY.63 OR AY.64 OR AY.65 OR AY.66 OR AY.67 OR AY.68 OR AY.69 OR AY.70 OR AY.71 OR AY.72 OR AY.73 OR AY.74 OR AY.75 OR AY.75.2 OR AY.75.3 OR AY.76 OR AY.77 OR AY.78 OR AY.79 OR AY.80 OR AY.81 OR AY.82 OR AY.83 OR AY.84 OR AY.85 OR AY.86 OR AY.87 OR AY.88 OR AY.90 OR AY.91 OR AY.91.1 OR AY.92 OR AY.93 OR AY.94 OR AY.95 OR AY.98 OR AY.98.1 OR AY.98.1.1 OR AY.99 OR AY.99.1 OR AY.99.2 OR AY.100 OR AY.101 OR AY.102 OR AY.102.1 OR AY.102.2 OR AY.103 OR AY.103.1 OR AY.103.2 OR AY.104 OR AY.105 OR AY.106 OR AY.107 OR AY.108 OR AY.109 OR AY.110 OR AY.111 OR AY.112 OR AY.112.1 OR AY.112.2 OR AY.112.3 OR AY.113 OR AY.114 OR AY.116 OR AY.116.1 OR AY.117 OR AY.118 OR AY.119 OR AY.119.1 OR AY.119.2 OR AY.120 OR AY.120.1 OR AY.120.2 OR AY.120.2.1 OR AY.121 OR AY.121.1 OR AY.122 OR AY.122.1 OR AY.122.2 OR AY.122.3 OR AY.122.4 OR AY.122.5 OR AY.122.6 OR AY.123 OR AY.123.1 OR AY.124 OR AY.124.1 OR AY.124.1.1 OR AY.125 OR AY.125.1 OR AY.126 OR AY.127 OR AY.127.1 OR AY.127.2 OR AY.127.3 OR AY.128 OR AY.129 OR AY.130 OR AY.131 OR AY.132 OR AY.133 OR AY.134 OR B.1.617.2,Delta,4.92857142857143,0.857142857142857,0.173913043478261
2022-01-13,5,1,6.57142857142857,0.428571428571429,0.0652173913043478,6.76864642438304e-05,0.29243617366231,AY.1 OR AY.2 OR AY.3 OR AY.3.1 OR AY.3.2 OR AY.3.3 OR AY.3.4 OR AY.4 OR AY.4.1 OR AY.4.2 OR AY.4.2.1 OR AY.4.2.2 OR AY.4.2.3 OR AY.4.2.4 OR AY.4.2.5 OR AY.4.3 OR AY.4.4 OR AY.4.5 OR AY.4.6 OR AY.4.7 OR AY.4.8 OR AY.4.9 OR AY.4.10 OR AY.4.11 OR AY.4.12 OR AY.4.13 OR AY.4.14 OR AY.4.15 OR AY.4.16 OR AY.4.17 OR AY.5 OR AY.5.1 OR AY.5.2 OR AY.5.3 OR AY.5.4 OR AY.5.5 OR AY.5.6 OR AY.5.7 OR AY.6 OR AY.7 OR AY.7.1 OR AY.7.2 OR AY.8 OR AY.9 OR AY.9.2 OR AY.9.2.1 OR AY.9.2.2 OR AY.10 OR AY.11 OR AY.13 OR AY.14 OR AY.15 OR AY.16 OR AY.16.1 OR AY.17 OR AY.18 OR AY.19 OR AY.20 OR AY.20.1 OR AY.21 OR AY.22 OR AY.23 OR AY.23.1 OR AY.23.2 OR AY.24 OR AY.24.1 OR AY.25 OR AY.25.1 OR AY.25.1.1 OR AY.25.1.2 OR AY.25.2 OR AY.25.3 OR AY.26 OR AY.26.1 OR AY.27 OR AY.28 OR AY.29 OR AY.29.1 OR AY.29.2 OR AY.30 OR AY.31 OR AY.32 OR AY.33 OR AY.33.1 OR AY.33.2 OR AY.34 OR AY.34.1 OR AY.34.1.1 OR AY.34.2 OR AY.35 OR AY.36 OR AY.36.1 OR AY.37 OR AY.38 OR AY.39 OR AY.39.1 OR AY.39.1.1 OR AY.39.1.2 OR AY.39.1.3 OR AY.39.1.4 OR AY.39.2 OR AY.39.3 OR AY.40 OR AY.41 OR AY.42 OR AY.42.1 OR AY.43 OR AY.43.1 OR AY.43.2 OR AY.43.3 OR AY.43.4 OR AY.43.5 OR AY.43.6 OR AY.43.7 OR AY.43.8 OR AY.43.9 OR AY.44 OR AY.45 OR AY.46 OR AY.46.1 OR AY.46.2 OR AY.46.3 OR AY.46.4 OR AY.46.5 OR AY.46.6 OR AY.46.6.1 OR AY.47 OR AY.48 OR AY.49 OR AY.50 OR AY.51 OR AY.52 OR AY.53 OR AY.54 OR AY.55 OR AY.56 OR AY.57 OR AY.58 OR AY.59 OR AY.60 OR AY.61 OR AY.62 OR AY.63 OR AY.64 OR AY.65 OR AY.66 OR AY.67 OR AY.68 OR AY.69 OR AY.70 OR AY.71 OR AY.72 OR AY.73 OR AY.74 OR AY.75 OR AY.75.2 OR AY.75.3 OR AY.76 OR AY.77 OR AY.78 OR AY.79 OR AY.80 OR AY.81 OR AY.82 OR AY.83 OR AY.84 OR AY.85 OR AY.86 OR AY.87 OR AY.88 OR AY.90 OR AY.91 OR AY.91.1 OR AY.92 OR AY.93 OR AY.94 OR AY.95 OR AY.98 OR AY.98.1 OR AY.98.1.1 OR AY.99 OR AY.99.1 OR AY.99.2 OR AY.100 OR AY.101 OR AY.102 OR AY.102.1 OR AY.102.2 OR AY.103 OR AY.103.1 OR AY.103.2 OR AY.104 OR AY.105 OR AY.106 OR AY.107 OR AY.108 OR AY.109 OR AY.110 OR AY.111 OR AY.112 OR AY.112.1 OR AY.112.2 OR AY.112.3 OR AY.113 OR AY.114 OR AY.116 OR AY.116.1 OR AY.117 OR AY.118 OR AY.119 OR AY.119.1 OR AY.119.2 OR AY.120 OR AY.120.1 OR AY.120.2 OR AY.120.2.1 OR AY.121 OR AY.121.1 OR AY.122 OR AY.122.1 OR AY.122.2 OR AY.122.3 OR AY.122.4 OR AY.122.5 OR AY.122.6 OR AY.123 OR AY.123.1 OR AY.124 OR AY.124.1 OR AY.124.1.1 OR AY.125 OR AY.125.1 OR AY.126 OR AY.127 OR AY.127.1 OR AY.127.2 OR AY.127.3 OR AY.128 OR AY.129 OR AY.130 OR AY.131 OR AY.132 OR AY.133 OR AY.134 OR B.1.617.2,Delta,5.21428571428571,0.857142857142857,0.164383561643836
2022-01-14,10,0,6.85714285714286,0.428571428571429,0.0625,6.76864642438304e-05,0.29243617366231,AY.1 OR AY.2 OR AY.3 OR AY.3.1 OR AY.3.2 OR AY.3.3 OR AY.3.4 OR AY.4 OR AY.4.1 OR AY.4.2 OR AY.4.2.1 OR AY.4.2.2 OR AY.4.2.3 OR AY.4.2.4 OR AY.4.2.5 OR AY.4.3 OR AY.4.4 OR AY.4.5 OR AY.4.6 OR AY.4.7 OR AY.4.8 OR AY.4.9 OR AY.4.10 OR AY.4.11 OR AY.4.12 OR AY.4.13 OR AY.4.14 OR AY.4.15 OR AY.4.16 OR AY.4.17 OR AY.5 OR AY.5.1 OR AY.5.2 OR AY.5.3 OR AY.5.4 OR AY.5.5 OR AY.5.6 OR AY.5.7 OR AY.6 OR AY.7 OR AY.7.1 OR AY.7.2 OR AY.8 OR AY.9 OR AY.9.2 OR AY.9.2.1 OR AY.9.2.2 OR AY.10 OR AY.11 OR AY.13 OR AY.14 OR AY.15 OR AY.16 OR AY.16.1 OR AY.17 OR AY.18 OR AY.19 OR AY.20 OR AY.20.1 OR AY.21 OR AY.22 OR AY.23 OR AY.23.1 OR AY.23.2 OR AY.24 OR AY.24.1 OR AY.25 OR AY.25.1 OR AY.25.1.1 OR AY.25.1.2 OR AY.25.2 OR AY.25.3 OR AY.26 OR AY.26.1 OR AY.27 OR AY.28 OR AY.29 OR AY.29.1 OR AY.29.2 OR AY.30 OR AY.31 OR AY.32 OR AY.33 OR AY.33.1 OR AY.33.2 OR AY.34 OR AY.34.1 OR AY.34.1.1 OR AY.34.2 OR AY.35 OR AY.36 OR AY.36.1 OR AY.37 OR AY.38 OR AY.39 OR AY.39.1 OR AY.39.1.1 OR AY.39.1.2 OR AY.39.1.3 OR AY.39.1.4 OR AY.39.2 OR AY.39.3 OR AY.40 OR AY.41 OR AY.42 OR AY.42.1 OR AY.43 OR AY.43.1 OR AY.43.2 OR AY.43.3 OR AY.43.4 OR AY.43.5 OR AY.43.6 OR AY.43.7 OR AY.43.8 OR AY.43.9 OR AY.44 OR AY.45 OR AY.46 OR AY.46.1 OR AY.46.2 OR AY.46.3 OR AY.46.4 OR AY.46.5 OR AY.46.6 OR AY.46.6.1 OR AY.47 OR AY.48 OR AY.49 OR AY.50 OR AY.51 OR AY.52 OR AY.53 OR AY.54 OR AY.55 OR AY.56 OR AY.57 OR AY.58 OR AY.59 OR AY.60 OR AY.61 OR AY.62 OR AY.63 OR AY.64 OR AY.65 OR AY.66 OR AY.67 OR AY.68 OR AY.69 OR AY.70 OR AY.71 OR AY.72 OR AY.73 OR AY.74 OR AY.75 OR AY.75.2 OR AY.75.3 OR AY.76 OR AY.77 OR AY.78 OR AY.79 OR AY.80 OR AY.81 OR AY.82 OR AY.83 OR AY.84 OR AY.85 OR AY.86 OR AY.87 OR AY.88 OR AY.90 OR AY.91 OR AY.91.1 OR AY.92 OR AY.93 OR AY.94 OR AY.95 OR AY.98 OR AY.98.1 OR AY.98.1.1 OR AY.99 OR AY.99.1 OR AY.99.2 OR AY.100 OR AY.101 OR AY.102 OR AY.102.1 OR AY.102.2 OR AY.103 OR AY.103.1 OR AY.103.2 OR AY.104 OR AY.105 OR AY.106 OR AY.107 OR AY.108 OR AY.109 OR AY.110 OR AY.111 OR AY.112 OR AY.112.1 OR AY.112.2 OR AY.112.3 OR AY.113 OR AY.114 OR AY.116 OR AY.116.1 OR AY.117 OR AY.118 OR AY.119 OR AY.119.1 OR AY.119.2 OR AY.120 OR AY.120.1 OR AY.120.2 OR AY.120.2.1 OR AY.121 OR AY.121.1 OR AY.122 OR AY.122.1 OR AY.122.2 OR AY.122.3 OR AY.122.4 OR AY.122.5 OR AY.122.6 OR AY.123 OR AY.123.1 OR AY.124 OR AY.124.1 OR AY.124.1.1 OR AY.125 OR AY.125.1 OR AY.126 OR AY.127 OR AY.127.1 OR AY.127.2 OR AY.127.3 OR AY.128 OR AY.129 OR AY.130 OR AY.131 OR AY.132 OR AY.133 OR AY.134 OR B.1.617.2,Delta,5.85714285714286,0.785714285714286,0.134146341463415
2022-01-15,5,0,7.14285714285714,0.428571428571429,0.06,6.76864642438304e-05,0.29243617366231,AY.1 OR AY.2 OR AY.3 OR AY.3.1 OR AY.3.2 OR AY.3.3 OR AY.3.4 OR AY.4 OR AY.4.1 OR AY.4.2 OR AY.4.2.1 OR AY.4.2.2 OR AY.4.2.3 OR AY.4.2.4 OR AY.4.2.5 OR AY.4.3 OR AY.4.4 OR AY.4.5 OR AY.4.6 OR AY.4.7 OR AY.4.8 OR AY.4.9 OR AY.4.10 OR AY.4.11 OR AY.4.12 OR AY.4.13 OR AY.4.14 OR AY.4.15 OR AY.4.16 OR AY.4.17 OR AY.5 OR AY.5.1 OR AY.5.2 OR AY.5.3 OR AY.5.4 OR AY.5.5 OR AY.5.6 OR AY.5.7 OR AY.6 OR AY.7 OR AY.7.1 OR AY.7.2 OR AY.8 OR AY.9 OR AY.9.2 OR AY.9.2.1 OR AY.9.2.2 OR AY.10 OR AY.11 OR AY.13 OR AY.14 OR AY.15 OR AY.16 OR AY.16.1 OR AY.17 OR AY.18 OR AY.19 OR AY.20 OR AY.20.1 OR AY.21 OR AY.22 OR AY.23 OR AY.23.1 OR AY.23.2 OR AY.24 OR AY.24.1 OR AY.25 OR AY.25.1 OR AY.25.1.1 OR AY.25.1.2 OR AY.25.2 OR AY.25.3 OR AY.26 OR AY.26.1 OR AY.27 OR AY.28 OR AY.29 OR AY.29.1 OR AY.29.2 OR AY.30 OR AY.31 OR AY.32 OR AY.33 OR AY.33.1 OR AY.33.2 OR AY.34 OR AY.34.1 OR AY.34.1.1 OR AY.34.2 OR AY.35 OR AY.36 OR AY.36.1 OR AY.37 OR AY.38 OR AY.39 OR AY.39.1 OR AY.39.1.1 OR AY.39.1.2 OR AY.39.1.3 OR AY.39.1.4 OR AY.39.2 OR AY.39.3 OR AY.40 OR AY.41 OR AY.42 OR AY.42.1 OR AY.43 OR AY.43.1 OR AY.43.2 OR AY.43.3 OR AY.43.4 OR AY.43.5 OR AY.43.6 OR AY.43.7 OR AY.43.8 OR AY.43.9 OR AY.44 OR AY.45 OR AY.46 OR AY.46.1 OR AY.46.2 OR AY.46.3 OR AY.46.4 OR AY.46.5 OR AY.46.6 OR AY.46.6.1 OR AY.47 OR AY.48 OR AY.49 OR AY.50 OR AY.51 OR AY.52 OR AY.53 OR AY.54 OR AY.55 OR AY.56 OR AY.57 OR AY.58 OR AY.59 OR AY.60 OR AY.61 OR AY.62 OR AY.63 OR AY.64 OR AY.65 OR AY.66 OR AY.67 OR AY.68 OR AY.69 OR AY.70 OR AY.71 OR AY.72 OR AY.73 OR AY.74 OR AY.75 OR AY.75.2 OR AY.75.3 OR AY.76 OR AY.77 OR AY.78 OR AY.79 OR AY.80 OR AY.81 OR AY.82 OR AY.83 OR AY.84 OR AY.85 OR AY.86 OR AY.87 OR AY.88 OR AY.90 OR AY.91 OR AY.91.1 OR AY.92 OR AY.93 OR AY.94 OR AY.95 OR AY.98 OR AY.98.1 OR AY.98.1.1 OR AY.99 OR AY.99.1 OR AY.99.2 OR AY.100 OR AY.101 OR AY.102 OR AY.102.1 OR AY.102.2 OR AY.103 OR AY.103.1 OR AY.103.2 OR AY.104 OR AY.105 OR AY.106 OR AY.107 OR AY.108 OR AY.109 OR AY.110 OR AY.111 OR AY.112 OR AY.112.1 OR AY.112.2 OR AY.112.3 OR AY.113 OR AY.114 OR AY.116 OR AY.116.1 OR AY.117 OR AY.118 OR AY.119 OR AY.119.1 OR AY.119.2 OR AY.120 OR AY.120.1 OR AY.120.2 OR AY.120.2.1 OR AY.121 OR AY.121.1 OR AY.122 OR AY.122.1 OR AY.122.2 OR AY.122.3 OR AY.122.4 OR AY.122.5 OR AY.122.6 OR AY.123 OR AY.123.1 OR AY.124 OR AY.124.1 OR AY.124.1.1 OR AY.125 OR AY.125.1 OR AY.126 OR AY.127 OR AY.127.1 OR AY.127.2 OR AY.127.3 OR AY.128 OR AY.129 OR AY.130 OR AY.131 OR AY.132 OR AY.133 OR AY.134 OR B.1.617.2,Delta,6,0.571428571428571,0.0952380952380952
2022-01-16,3,0,6.28571428571429,0.428571428571429,0.0681818181818182,7.84998483662082e-05,0.33038890915155,AY.1 OR AY.2 OR AY.3 OR AY.3.1 OR AY.3.2 OR AY.3.3 OR AY.3.4 OR AY.4 OR AY.4.1 OR AY.4.2 OR AY.4.2.1 OR AY.4.2.2 OR AY.4.2.3 OR AY.4.2.4 OR AY.4.2.5 OR AY.4.3 OR AY.4.4 OR AY.4.5 OR AY.4.6 OR AY.4.7 OR AY.4.8 OR AY.4.9 OR AY.4.10 OR AY.4.11 OR AY.4.12 OR AY.4.13 OR AY.4.14 OR AY.4.15 OR AY.4.16 OR AY.4.17 OR AY.5 OR AY.5.1 OR AY.5.2 OR AY.5.3 OR AY.5.4 OR AY.5.5 OR AY.5.6 OR AY.5.7 OR AY.6 OR AY.7 OR AY.7.1 OR AY.7.2 OR AY.8 OR AY.9 OR AY.9.2 OR AY.9.2.1 OR AY.9.2.2 OR AY.10 OR AY.11 OR AY.13 OR AY.14 OR AY.15 OR AY.16 OR AY.16.1 OR AY.17 OR AY.18 OR AY.19 OR AY.20 OR AY.20.1 OR AY.21 OR AY.22 OR AY.23 OR AY.23.1 OR AY.23.2 OR AY.24 OR AY.24.1 OR AY.25 OR AY.25.1 OR AY.25.1.1 OR AY.25.1.2 OR AY.25.2 OR AY.25.3 OR AY.26 OR AY.26.1 OR AY.27 OR AY.28 OR AY.29 OR AY.29.1 OR AY.29.2 OR AY.30 OR AY.31 OR AY.32 OR AY.33 OR AY.33.1 OR AY.33.2 OR AY.34 OR AY.34.1 OR AY.34.1.1 OR AY.34.2 OR AY.35 OR AY.36 OR AY.36.1 OR AY.37 OR AY.38 OR AY.39 OR AY.39.1 OR AY.39.1.1 OR AY.39.1.2 OR AY.39.1.3 OR AY.39.1.4 OR AY.39.2 OR AY.39.3 OR AY.40 OR AY.41 OR AY.42 OR AY.42.1 OR AY.43 OR AY.43.1 OR AY.43.2 OR AY.43.3 OR AY.43.4 OR AY.43.5 OR AY.43.6 OR AY.43.7 OR AY.43.8 OR AY.43.9 OR AY.44 OR AY.45 OR AY.46 OR AY.46.1 OR AY.46.2 OR AY.46.3 OR AY.46.4 OR AY.46.5 OR AY.46.6 OR AY.46.6.1 OR AY.47 OR AY.48 OR AY.49 OR AY.50 OR AY.51 OR AY.52 OR AY.53 OR AY.54 OR AY.55 OR AY.56 OR AY.57 OR AY.58 OR AY.59 OR AY.60 OR AY.61 OR AY.62 OR AY.63 OR AY.64 OR AY.65 OR AY.66 OR AY.67 OR AY.68 OR AY.69 OR AY.70 OR AY.71 OR AY.72 OR AY.73 OR AY.74 OR AY.75 OR AY.75.2 OR AY.75.3 OR AY.76 OR AY.77 OR AY.78 OR AY.79 OR AY.80 OR AY.81 OR AY.82 OR AY.83 OR AY.84 OR AY.85 OR AY.86 OR AY.87 OR AY.88 OR AY.90 OR AY.91 OR AY.91.1 OR AY.92 OR AY.93 OR AY.94 OR AY.95 OR AY.98 OR AY.98.1 OR AY.98.1.1 OR AY.99 OR AY.99.1 OR AY.99.2 OR AY.100 OR AY.101 OR AY.102 OR AY.102.1 OR AY.102.2 OR AY.103 OR AY.103.1 OR AY.103.2 OR AY.104 OR AY.105 OR AY.106 OR AY.107 OR AY.108 OR AY.109 OR AY.110 OR AY.111 OR AY.112 OR AY.112.1 OR AY.112.2 OR AY.112.3 OR AY.113 OR AY.114 OR AY.116 OR AY.116.1 OR AY.117 OR AY.118 OR AY.119 OR AY.119.1 OR AY.119.2 OR AY.120 OR AY.120.1 OR AY.120.2 OR AY.120.2.1 OR AY.121 OR AY.121.1 OR AY.122 OR AY.122.1 OR AY.122.2 OR AY.122.3 OR AY.122.4 OR AY.122.5 OR AY.122.6 OR AY.123 OR AY.123.1 OR AY.124 OR AY.124.1 OR AY.124.1.1 OR AY.125 OR AY.125.1 OR AY.126 OR AY.127 OR AY.127.1 OR AY.127.2 OR AY.127.3 OR AY.128 OR AY.129 OR AY.130 OR AY.131 OR AY.132 OR AY.133 OR AY.134 OR B.1.617.2,Delta,6,0.571428571428571,0.0952380952380952
2022-01-17,2,1,5.85714285714286,0.571428571428571,0.0975609756097561,0.0186201271194422,0.558056773609248,AY.1 OR AY.2 OR AY.3 OR AY.3.1 OR AY.3.2 OR AY.3.3 OR AY.3.4 OR AY.4 OR AY.4.1 OR AY.4.2 OR AY.4.2.1 OR AY.4.2.2 OR AY.4.2.3 OR AY.4.2.4 OR AY.4.2.5 OR AY.4.3 OR AY.4.4 OR AY.4.5 OR AY.4.6 OR AY.4.7 OR AY.4.8 OR AY.4.9 OR AY.4.10 OR AY.4.11 OR AY.4.12 OR AY.4.13 OR AY.4.14 OR AY.4.15 OR AY.4.16 OR AY.4.17 OR AY.5 OR AY.5.1 OR AY.5.2 OR AY.5.3 OR AY.5.4 OR AY.5.5 OR AY.5.6 OR AY.5.7 OR AY.6 OR AY.7 OR AY.7.1 OR AY.7.2 OR AY.8 OR AY.9 OR AY.9.2 OR AY.9.2.1 OR AY.9.2.2 OR AY.10 OR AY.11 OR AY.13 OR AY.14 OR AY.15 OR AY.16 OR AY.16.1 OR AY.17 OR AY.18 OR AY.19 OR AY.20 OR AY.20.1 OR AY.21 OR AY.22 OR AY.23 OR AY.23.1 OR AY.23.2 OR AY.24 OR AY.24.1 OR AY.25 OR AY.25.1 OR AY.25.1.1 OR AY.25.1.2 OR AY.25.2 OR AY.25.3 OR AY.26 OR AY.26.1 OR AY.27 OR AY.28 OR AY.29 OR AY.29.1 OR AY.29.2 OR AY.30 OR AY.31 OR AY.32 OR AY.33 OR AY.33.1 OR AY.33.2 OR AY.34 OR AY.34.1 OR AY.34.1.1 OR AY.34.2 OR AY.35 OR AY.36 OR AY.36.1 OR AY.37 OR AY.38 OR AY.39 OR AY.39.1 OR AY.39.1.1 OR AY.39.1.2 OR AY.39.1.3 OR AY.39.1.4 OR AY.39.2 OR AY.39.3 OR AY.40 OR AY.41 OR AY.42 OR AY.42.1 OR AY.43 OR AY.43.1 OR AY.43.2 OR AY.43.3 OR AY.43.4 OR AY.43.5 OR AY.43.6 OR AY.43.7 OR AY.43.8 OR AY.43.9 OR AY.44 OR AY.45 OR AY.46 OR AY.46.1 OR AY.46.2 OR AY.46.3 OR AY.46.4 OR AY.46.5 OR AY.46.6 OR AY.46.6.1 OR AY.47 OR AY.48 OR AY.49 OR AY.50 OR AY.51 OR AY.52 OR AY.53 OR AY.54 OR AY.55 OR AY.56 OR AY.57 OR AY.58 OR AY.59 OR AY.60 OR AY.61 OR AY.62 OR AY.63 OR AY.64 OR AY.65 OR AY.66 OR AY.67 OR AY.68 OR AY.69 OR AY.70 OR AY.71 OR AY.72 OR AY.73 OR AY.74 OR AY.75 OR AY.75.2 OR AY.75.3 OR AY.76 OR AY.77 OR AY.78 OR AY.79 OR AY.80 OR AY.81 OR AY.82 OR AY.83 OR AY.84 OR AY.85 OR AY.86 OR AY.87 OR AY.88 OR AY.90 OR AY.91 OR AY.91.1 OR AY.92 OR AY.93 OR AY.94 OR AY.95 OR AY.98 OR AY.98.1 OR AY.98.1.1 OR AY.99 OR AY.99.1 OR AY.99.2 OR AY.100 OR AY.101 OR AY.102 OR AY.102.1 OR AY.102.2 OR AY.103 OR AY.103.1 OR AY.103.2 OR AY.104 OR AY.105 OR AY.106 OR AY.107 OR AY.108 OR AY.109 OR AY.110 OR AY.111 OR AY.112 OR AY.112.1 OR AY.112.2 OR AY.112.3 OR AY.113 OR AY.114 OR AY.116 OR AY.116.1 OR AY.117 OR AY.118 OR AY.119 OR AY.119.1 OR AY.119.2 OR AY.120 OR AY.120.1 OR AY.120.2 OR AY.120.2.1 OR AY.121 OR AY.121.1 OR AY.122 OR AY.122.1 OR AY.122.2 OR AY.122.3 OR AY.122.4 OR AY.122.5 OR AY.122.6 OR AY.123 OR AY.123.1 OR AY.124 OR AY.124.1 OR AY.124.1.1 OR AY.125 OR AY.125.1 OR AY.126 OR AY.127 OR AY.127.1 OR AY.127.2 OR AY.127.3 OR AY.128 OR AY.129 OR AY.130 OR AY.131 OR AY.132 OR AY.133 OR AY.134 OR B.1.617.2,Delta,5.78571428571429,0.571428571428571,0.0987654320987654
2022-01-18,3,0,5.28571428571429,0.285714285714286,0.0540540540540541,9.34206000395449e-05,0.379377142299039,AY.1 OR AY.2 OR AY.3 OR AY.3.1 OR AY.3.2 OR AY.3.3 OR AY.3.4 OR AY.4 OR AY.4.1 OR AY.4.2 OR AY.4.2.1 OR AY.4.2.2 OR AY.4.2.3 OR AY.4.2.4 OR AY.4.2.5 OR AY.4.3 OR AY.4.4 OR AY.4.5 OR AY.4.6 OR AY.4.7 OR AY.4.8 OR AY.4.9 OR AY.4.10 OR AY.4.11 OR AY.4.12 OR AY.4.13 OR AY.4.14 OR AY.4.15 OR AY.4.16 OR AY.4.17 OR AY.5 OR AY.5.1 OR AY.5.2 OR AY.5.3 OR AY.5.4 OR AY.5.5 OR AY.5.6 OR AY.5.7 OR AY.6 OR AY.7 OR AY.7.1 OR AY.7.2 OR AY.8 OR AY.9 OR AY.9.2 OR AY.9.2.1 OR AY.9.2.2 OR AY.10 OR AY.11 OR AY.13 OR AY.14 OR AY.15 OR AY.16 OR AY.16.1 OR AY.17 OR AY.18 OR AY.19 OR AY.20 OR AY.20.1 OR AY.21 OR AY.22 OR AY.23 OR AY.23.1 OR AY.23.2 OR AY.24 OR AY.24.1 OR AY.25 OR AY.25.1 OR AY.25.1.1 OR AY.25.1.2 OR AY.25.2 OR AY.25.3 OR AY.26 OR AY.26.1 OR AY.27 OR AY.28 OR AY.29 OR AY.29.1 OR AY.29.2 OR AY.30 OR AY.31 OR AY.32 OR AY.33 OR AY.33.1 OR AY.33.2 OR AY.34 OR AY.34.1 OR AY.34.1.1 OR AY.34.2 OR AY.35 OR AY.36 OR AY.36.1 OR AY.37 OR AY.38 OR AY.39 OR AY.39.1 OR AY.39.1.1 OR AY.39.1.2 OR AY.39.1.3 OR AY.39.1.4 OR AY.39.2 OR AY.39.3 OR AY.40 OR AY.41 OR AY.42 OR AY.42.1 OR AY.43 OR AY.43.1 OR AY.43.2 OR AY.43.3 OR AY.43.4 OR AY.43.5 OR AY.43.6 OR AY.43.7 OR AY.43.8 OR AY.43.9 OR AY.44 OR AY.45 OR AY.46 OR AY.46.1 OR AY.46.2 OR AY.46.3 OR AY.46.4 OR AY.46.5 OR AY.46.6 OR AY.46.6.1 OR AY.47 OR AY.48 OR AY.49 OR AY.50 OR AY.51 OR AY.52 OR AY.53 OR AY.54 OR AY.55 OR AY.56 OR AY.57 OR AY.58 OR AY.59 OR AY.60 OR AY.61 OR AY.62 OR AY.63 OR AY.64 OR AY.65 OR AY.66 OR AY.67 OR AY.68 OR AY.69 OR AY.70 OR AY.71 OR AY.72 OR AY.73 OR AY.74 OR AY.75 OR AY.75.2 OR AY.75.3 OR AY.76 OR AY.77 OR AY.78 OR AY.79 OR AY.80 OR AY.81 OR AY.82 OR AY.83 OR AY.84 OR AY.85 OR AY.86 OR AY.87 OR AY.88 OR AY.90 OR AY.91 OR AY.91.1 OR AY.92 OR AY.93 OR AY.94 OR AY.95 OR AY.98 OR AY.98.1 OR AY.98.1.1 OR AY.99 OR AY.99.1 OR AY.99.2 OR AY.100 OR AY.101 OR AY.102 OR AY.102.1 OR AY.102.2 OR AY.103 OR AY.103.1 OR AY.103.2 OR AY.104 OR AY.105 OR AY.106 OR AY.107 OR AY.108 OR AY.109 OR AY.110 OR AY.111 OR AY.112 OR AY.112.1 OR AY.112.2 OR AY.112.3 OR AY.113 OR AY.114 OR AY.116 OR AY.116.1 OR AY.117 OR AY.118 OR AY.119 OR AY.119.1 OR AY.119.2 OR AY.120 OR AY.120.1 OR AY.120.2 OR AY.120.2.1 OR AY.121 OR AY.121.1 OR AY.122 OR AY.122.1 OR AY.122.2 OR AY.122.3 OR AY.122.4 OR AY.122.5 OR AY.122.6 OR AY.123 OR AY.123.1 OR AY.124 OR AY.124.1 OR AY.124.1.1 OR AY.125 OR AY.125.1 OR AY.126 OR AY.127 OR AY.127.1 OR AY.127.2 OR AY.127.3 OR AY.128 OR AY.129 OR AY.130 OR AY.131 OR AY.132 OR AY.133 OR AY.134 OR B.1.617.2,Delta,5.78571428571429,0.5,0.0864197530864198
2022-01-19,4,0,4.57142857142857,0.285714285714286,0.0625,9.34206000395449e-05,0.379377142299039,AY.1 OR AY.2 OR AY.3 OR AY.3.1 OR AY.3.2 OR AY.3.3 OR AY.3.4 OR AY.4 OR AY.4.1 OR AY.4.2 OR AY.4.2.1 OR AY.4.2.2 OR AY.4.2.3 OR AY.4.2.4 OR AY.4.2.5 OR AY.4.3 OR AY.4.4 OR AY.4.5 OR AY.4.6 OR AY.4.7 OR AY.4.8 OR AY.4.9 OR AY.4.10 OR AY.4.11 OR AY.4.12 OR AY.4.13 OR AY.4.14 OR AY.4.15 OR AY.4.16 OR AY.4.17 OR AY.5 OR AY.5.1 OR AY.5.2 OR AY.5.3 OR AY.5.4 OR AY.5.5 OR AY.5.6 OR AY.5.7 OR AY.6 OR AY.7 OR AY.7.1 OR AY.7.2 OR AY.8 OR AY.9 OR AY.9.2 OR AY.9.2.1 OR AY.9.2.2 OR AY.10 OR AY.11 OR AY.13 OR AY.14 OR AY.15 OR AY.16 OR AY.16.1 OR AY.17 OR AY.18 OR AY.19 OR AY.20 OR AY.20.1 OR AY.21 OR AY.22 OR AY.23 OR AY.23.1 OR AY.23.2 OR AY.24 OR AY.24.1 OR AY.25 OR AY.25.1 OR AY.25.1.1 OR AY.25.1.2 OR AY.25.2 OR AY.25.3 OR AY.26 OR AY.26.1 OR AY.27 OR AY.28 OR AY.29 OR AY.29.1 OR AY.29.2 OR AY.30 OR AY.31 OR AY.32 OR AY.33 OR AY.33.1 OR AY.33.2 OR AY.34 OR AY.34.1 OR AY.34.1.1 OR AY.34.2 OR AY.35 OR AY.36 OR AY.36.1 OR AY.37 OR AY.38 OR AY.39 OR AY.39.1 OR AY.39.1.1 OR AY.39.1.2 OR AY.39.1.3 OR AY.39.1.4 OR AY.39.2 OR AY.39.3 OR AY.40 OR AY.41 OR AY.42 OR AY.42.1 OR AY.43 OR AY.43.1 OR AY.43.2 OR AY.43.3 OR AY.43.4 OR AY.43.5 OR AY.43.6 OR AY.43.7 OR AY.43.8 OR AY.43.9 OR AY.44 OR AY.45 OR AY.46 OR AY.46.1 OR AY.46.2 OR AY.46.3 OR AY.46.4 OR AY.46.5 OR AY.46.6 OR AY.46.6.1 OR AY.47 OR AY.48 OR AY.49 OR AY.50 OR AY.51 OR AY.52 OR AY.53 OR AY.54 OR AY.55 OR AY.56 OR AY.57 OR AY.58 OR AY.59 OR AY.60 OR AY.61 OR AY.62 OR AY.63 OR AY.64 OR AY.65 OR AY.66 OR AY.67 OR AY.68 OR AY.69 OR AY.70 OR AY.71 OR AY.72 OR AY.73 OR AY.74 OR AY.75 OR AY.75.2 OR AY.75.3 OR AY.76 OR AY.77 OR AY.78 OR AY.79 OR AY.80 OR AY.81 OR AY.82 OR AY.83 OR AY.84 OR AY.85 OR AY.86 OR AY.87 OR AY.88 OR AY.90 OR AY.91 OR AY.91.1 OR AY.92 OR AY.93 OR AY.94 OR AY.95 OR AY.98 OR AY.98.1 OR AY.98.1.1 OR AY.99 OR AY.99.1 OR AY.99.2 OR AY.100 OR AY.101 OR AY.102 OR AY.102.1 OR AY.102.2 OR AY.103 OR AY.103.1 OR AY.103.2 OR AY.104 OR AY.105 OR AY.106 OR AY.107 OR AY.108 OR AY.109 OR AY.110 OR AY.111 OR AY.112 OR AY.112.1 OR AY.112.2 OR AY.112.3 OR AY.113 OR AY.114 OR AY.116 OR AY.116.1 OR AY.117 OR AY.118 OR AY.119 OR AY.119.1 OR AY.119.2 OR AY.120 OR AY.120.1 OR AY.120.2 OR AY.120.2.1 OR AY.121 OR AY.121.1 OR AY.122 OR AY.122.1 OR AY.122.2 OR AY.122.3 OR AY.122.4 OR AY.122.5 OR AY.122.6 OR AY.123 OR AY.123.1 OR AY.124 OR AY.124.1 OR AY.124.1.1 OR AY.125 OR AY.125.1 OR AY.126 OR AY.127 OR AY.127.1 OR AY.127.2 OR AY.127.3 OR AY.128 OR AY.129 OR AY.130 OR AY.131 OR AY.132 OR AY.133 OR AY.134 OR B.1.617.2,Delta,5.5,0.357142857142857,0.0649350649350649
2022-01-21,4,0,3.5,0.166666666666667,0.0476190476190476,0.000115332788238275,0.44476261765764,AY.1 OR AY.2 OR AY.3 OR AY.3.1 OR AY.3.2 OR AY.3.3 OR AY.3.4 OR AY.4 OR AY.4.1 OR AY.4.2 OR AY.4.2.1 OR AY.4.2.2 OR AY.4.2.3 OR AY.4.2.4 OR AY.4.2.5 OR AY.4.3 OR AY.4.4 OR AY.4.5 OR AY.4.6 OR AY.4.7 OR AY.4.8 OR AY.4.9 OR AY.4.10 OR AY.4.11 OR AY.4.12 OR AY.4.13 OR AY.4.14 OR AY.4.15 OR AY.4.16 OR AY.4.17 OR AY.5 OR AY.5.1 OR AY.5.2 OR AY.5.3 OR AY.5.4 OR AY.5.5 OR AY.5.6 OR AY.5.7 OR AY.6 OR AY.7 OR AY.7.1 OR AY.7.2 OR AY.8 OR AY.9 OR AY.9.2 OR AY.9.2.1 OR AY.9.2.2 OR AY.10 OR AY.11 OR AY.13 OR AY.14 OR AY.15 OR AY.16 OR AY.16.1 OR AY.17 OR AY.18 OR AY.19 OR AY.20 OR AY.20.1 OR AY.21 OR AY.22 OR AY.23 OR AY.23.1 OR AY.23.2 OR AY.24 OR AY.24.1 OR AY.25 OR AY.25.1 OR AY.25.1.1 OR AY.25.1.2 OR AY.25.2 OR AY.25.3 OR AY.26 OR AY.26.1 OR AY.27 OR AY.28 OR AY.29 OR AY.29.1 OR AY.29.2 OR AY.30 OR AY.31 OR AY.32 OR AY.33 OR AY.33.1 OR AY.33.2 OR AY.34 OR AY.34.1 OR AY.34.1.1 OR AY.34.2 OR AY.35 OR AY.36 OR AY.36.1 OR AY.37 OR AY.38 OR AY.39 OR AY.39.1 OR AY.39.1.1 OR AY.39.1.2 OR AY.39.1.3 OR AY.39.1.4 OR AY.39.2 OR AY.39.3 OR AY.40 OR AY.41 OR AY.42 OR AY.42.1 OR AY.43 OR AY.43.1 OR AY.43.2 OR AY.43.3 OR AY.43.4 OR AY.43.5 OR AY.43.6 OR AY.43.7 OR AY.43.8 OR AY.43.9 OR AY.44 OR AY.45 OR AY.46 OR AY.46.1 OR AY.46.2 OR AY.46.3 OR AY.46.4 OR AY.46.5 OR AY.46.6 OR AY.46.6.1 OR AY.47 OR AY.48 OR AY.49 OR AY.50 OR AY.51 OR AY.52 OR AY.53 OR AY.54 OR AY.55 OR AY.56 OR AY.57 OR AY.58 OR AY.59 OR AY.60 OR AY.61 OR AY.62 OR AY.63 OR AY.64 OR AY.65 OR AY.66 OR AY.67 OR AY.68 OR AY.69 OR AY.70 OR AY.71 OR AY.72 OR AY.73 OR AY.74 OR AY.75 OR AY.75.2 OR AY.75.3 OR AY.76 OR AY.77 OR AY.78 OR AY.79 OR AY.80 OR AY.81 OR AY.82 OR AY.83 OR AY.84 OR AY.85 OR AY.86 OR AY.87 OR AY.88 OR AY.90 OR AY.91 OR AY.91.1 OR AY.92 OR AY.93 OR AY.94 OR AY.95 OR AY.98 OR AY.98.1 OR AY.98.1.1 OR AY.99 OR AY.99.1 OR AY.99.2 OR AY.100 OR AY.101 OR AY.102 OR AY.102.1 OR AY.102.2 OR AY.103 OR AY.103.1 OR AY.103.2 OR AY.104 OR AY.105 OR AY.106 OR AY.107 OR AY.108 OR AY.109 OR AY.110 OR AY.111 OR AY.112 OR AY.112.1 OR AY.112.2 OR AY.112.3 OR AY.113 OR AY.114 OR AY.116 OR AY.116.1 OR AY.117 OR AY.118 OR AY.119 OR AY.119.1 OR AY.119.2 OR AY.120 OR AY.120.1 OR AY.120.2 OR AY.120.2.1 OR AY.121 OR AY.121.1 OR AY.122 OR AY.122.1 OR AY.122.2 OR AY.122.3 OR AY.122.4 OR AY.122.5 OR AY.122.6 OR AY.123 OR AY.123.1 OR AY.124 OR AY.124.1 OR AY.124.1.1 OR AY.125 OR AY.125.1 OR AY.126 OR AY.127 OR AY.127.1 OR AY.127.2 OR AY.127.3 OR AY.128 OR AY.129 OR AY.130 OR AY.131 OR AY.132 OR AY.133 OR AY.134 OR B.1.617.2,Delta,5.5,0.285714285714286,0.051948051948052
2022-01-22,3,0,3.16666666666667,0.166666666666667,0.0526315789473684,0.000150636025436569,0.53558324304295,AY.1 OR AY.2 OR AY.3 OR AY.3.1 OR AY.3.2 OR AY.3.3 OR AY.3.4 OR AY.4 OR AY.4.1 OR AY.4.2 OR AY.4.2.1 OR AY.4.2.2 OR AY.4.2.3 OR AY.4.2.4 OR AY.4.2.5 OR AY.4.3 OR AY.4.4 OR AY.4.5 OR AY.4.6 OR AY.4.7 OR AY.4.8 OR AY.4.9 OR AY.4.10 OR AY.4.11 OR AY.4.12 OR AY.4.13 OR AY.4.14 OR AY.4.15 OR AY.4.16 OR AY.4.17 OR AY.5 OR AY.5.1 OR AY.5.2 OR AY.5.3 OR AY.5.4 OR AY.5.5 OR AY.5.6 OR AY.5.7 OR AY.6 OR AY.7 OR AY.7.1 OR AY.7.2 OR AY.8 OR AY.9 OR AY.9.2 OR AY.9.2.1 OR AY.9.2.2 OR AY.10 OR AY.11 OR AY.13 OR AY.14 OR AY.15 OR AY.16 OR AY.16.1 OR AY.17 OR AY.18 OR AY.19 OR AY.20 OR AY.20.1 OR AY.21 OR AY.22 OR AY.23 OR AY.23.1 OR AY.23.2 OR AY.24 OR AY.24.1 OR AY.25 OR AY.25.1 OR AY.25.1.1 OR AY.25.1.2 OR AY.25.2 OR AY.25.3 OR AY.26 OR AY.26.1 OR AY.27 OR AY.28 OR AY.29 OR AY.29.1 OR AY.29.2 OR AY.30 OR AY.31 OR AY.32 OR AY.33 OR AY.33.1 OR AY.33.2 OR AY.34 OR AY.34.1 OR AY.34.1.1 OR AY.34.2 OR AY.35 OR AY.36 OR AY.36.1 OR AY.37 OR AY.38 OR AY.39 OR AY.39.1 OR AY.39.1.1 OR AY.39.1.2 OR AY.39.1.3 OR AY.39.1.4 OR AY.39.2 OR AY.39.3 OR AY.40 OR AY.41 OR AY.42 OR AY.42.1 OR AY.43 OR AY.43.1 OR AY.43.2 OR AY.43.3 OR AY.43.4 OR AY.43.5 OR AY.43.6 OR AY.43.7 OR AY.43.8 OR AY.43.9 OR AY.44 OR AY.45 OR AY.46 OR AY.46.1 OR AY.46.2 OR AY.46.3 OR AY.46.4 OR AY.46.5 OR AY.46.6 OR AY.46.6.1 OR AY.47 OR AY.48 OR AY.49 OR AY.50 OR AY.51 OR AY.52 OR AY.53 OR AY.54 OR AY.55 OR AY.56 OR AY.57 OR AY.58 OR AY.59 OR AY.60 OR AY.61 OR AY.62 OR AY.63 OR AY.64 OR AY.65 OR AY.66 OR AY.67 OR AY.68 OR AY.69 OR AY.70 OR AY.71 OR AY.72 OR AY.73 OR AY.74 OR AY.75 OR AY.75.2 OR AY.75.3 OR AY.76 OR AY.77 OR AY.78 OR AY.79 OR AY.80 OR AY.81 OR AY.82 OR AY.83 OR AY.84 OR AY.85 OR AY.86 OR AY.87 OR AY.88 OR AY.90 OR AY.91 OR AY.91.1 OR AY.92 OR AY.93 OR AY.94 OR AY.95 OR AY.98 OR AY.98.1 OR AY.98.1.1 OR AY.99 OR AY.99.1 OR AY.99.2 OR AY.100 OR AY.101 OR AY.102 OR AY.102.1 OR AY.102.2 OR AY.103 OR AY.103.1 OR AY.103.2 OR AY.104 OR AY.105 OR AY.106 OR AY.107 OR AY.108 OR AY.109 OR AY.110 OR AY.111 OR AY.112 OR AY.112.1 OR AY.112.2 OR AY.112.3 OR AY.113 OR AY.114 OR AY.116 OR AY.116.1 OR AY.117 OR AY.118 OR AY.119 OR AY.119.1 OR AY.119.2 OR AY.120 OR AY.120.1 OR AY.120.2 OR AY.120.2.1 OR AY.121 OR AY.121.1 OR AY.122 OR AY.122.1 OR AY.122.2 OR AY.122.3 OR AY.122.4 OR AY.122.5 OR AY.122.6 OR AY.123 OR AY.123.1 OR AY.124 OR AY.124.1 OR AY.124.1.1 OR AY.125 OR AY.125.1 OR AY.126 OR AY.127 OR AY.127.1 OR AY.127.2 OR AY.127.3 OR AY.128 OR AY.129 OR AY.130 OR AY.131 OR AY.132 OR AY.133 OR AY.134 OR B.1.617.2,Delta,5.14285714285714,0.285714285714286,0.0555555555555555
2022-01-23,1,0,2.83333333333333,0.166666666666667,0.0588235294117647,0.000150636025436569,0.53558324304295,AY.1 OR AY.2 OR AY.3 OR AY.3.1 OR AY.3.2 OR AY.3.3 OR AY.3.4 OR AY.4 OR AY.4.1 OR AY.4.2 OR AY.4.2.1 OR AY.4.2.2 OR AY.4.2.3 OR AY.4.2.4 OR AY.4.2.5 OR AY.4.3 OR AY.4.4 OR AY.4.5 OR AY.4.6 OR AY.4.7 OR AY.4.8 OR AY.4.9 OR AY.4.10 OR AY.4.11 OR AY.4.12 OR AY.4.13 OR AY.4.14 OR AY.4.15 OR AY.4.16 OR AY.4.17 OR AY.5 OR AY.5.1 OR AY.5.2 OR AY.5.3 OR AY.5.4 OR AY.5.5 OR AY.5.6 OR AY.5.7 OR AY.6 OR AY.7 OR AY.7.1 OR AY.7.2 OR AY.8 OR AY.9 OR AY.9.2 OR AY.9.2.1 OR AY.9.2.2 OR AY.10 OR AY.11 OR AY.13 OR AY.14 OR AY.15 OR AY.16 OR AY.16.1 OR AY.17 OR AY.18 OR AY.19 OR AY.20 OR AY.20.1 OR AY.21 OR AY.22 OR AY.23 OR AY.23.1 OR AY.23.2 OR AY.24 OR AY.24.1 OR AY.25 OR AY.25.1 OR AY.25.1.1 OR AY.25.1.2 OR AY.25.2 OR AY.25.3 OR AY.26 OR AY.26.1 OR AY.27 OR AY.28 OR AY.29 OR AY.29.1 OR AY.29.2 OR AY.30 OR AY.31 OR AY.32 OR AY.33 OR AY.33.1 OR AY.33.2 OR AY.34 OR AY.34.1 OR AY.34.1.1 OR AY.34.2 OR AY.35 OR AY.36 OR AY.36.1 OR AY.37 OR AY.38 OR AY.39 OR AY.39.1 OR AY.39.1.1 OR AY.39.1.2 OR AY.39.1.3 OR AY.39.1.4 OR AY.39.2 OR AY.39.3 OR AY.40 OR AY.41 OR AY.42 OR AY.42.1 OR AY.43 OR AY.43.1 OR AY.43.2 OR AY.43.3 OR AY.43.4 OR AY.43.5 OR AY.43.6 OR AY.43.7 OR AY.43.8 OR AY.43.9 OR AY.44 OR AY.45 OR AY.46 OR AY.46.1 OR AY.46.2 OR AY.46.3 OR AY.46.4 OR AY.46.5 OR AY.46.6 OR AY.46.6.1 OR AY.47 OR AY.48 OR AY.49 OR AY.50 OR AY.51 OR AY.52 OR AY.53 OR AY.54 OR AY.55 OR AY.56 OR AY.57 OR AY.58 OR AY.59 OR AY.60 OR AY.61 OR AY.62 OR AY.63 OR AY.64 OR AY.65 OR AY.66 OR AY.67 OR AY.68 OR AY.69 OR AY.70 OR AY.71 OR AY.72 OR AY.73 OR AY.74 OR AY.75 OR AY.75.2 OR AY.75.3 OR AY.76 OR AY.77 OR AY.78 OR AY.79 OR AY.80 OR AY.81 OR AY.82 OR AY.83 OR AY.84 OR AY.85 OR AY.86 OR AY.87 OR AY.88 OR AY.90 OR AY.91 OR AY.91.1 OR AY.92 OR AY.93 OR AY.94 OR AY.95 OR AY.98 OR AY.98.1 OR AY.98.1.1 OR AY.99 OR AY.99.1 OR AY.99.2 OR AY.100 OR AY.101 OR AY.102 OR AY.102.1 OR AY.102.2 OR AY.103 OR AY.103.1 OR AY.103.2 OR AY.104 OR AY.105 OR AY.106 OR AY.107 OR AY.108 OR AY.109 OR AY.110 OR AY.111 OR AY.112 OR AY.112.1 OR AY.112.2 OR AY.112.3 OR AY.113 OR AY.114 OR AY.116 OR AY.116.1 OR AY.117 OR AY.118 OR AY.119 OR AY.119.1 OR AY.119.2 OR AY.120 OR AY.120.1 OR AY.120.2 OR AY.120.2.1 OR AY.121 OR AY.121.1 OR AY.122 OR AY.122.1 OR AY.122.2 OR AY.122.3 OR AY.122.4 OR AY.122.5 OR AY.122.6 OR AY.123 OR AY.123.1 OR AY.124 OR AY.124.1 OR AY.124.1.1 OR AY.125 OR AY.125.1 OR AY.126 OR AY.127 OR AY.127.1 OR AY.127.2 OR AY.127.3 OR AY.128 OR AY.129 OR AY.130 OR AY.131 OR AY.132 OR AY.133 OR AY.134 OR B.1.617.2,Delta,5,0.285714285714286,0.0571428571428571
2022-01-24,2,0,2.83333333333333,0,0,0.000150636025436569,0.53558324304295,AY.1 OR AY.2 OR AY.3 OR AY.3.1 OR AY.3.2 OR AY.3.3 OR AY.3.4 OR AY.4 OR AY.4.1 OR AY.4.2 OR AY.4.2.1 OR AY.4.2.2 OR AY.4.2.3 OR AY.4.2.4 OR AY.4.2.5 OR AY.4.3 OR AY.4.4 OR AY.4.5 OR AY.4.6 OR AY.4.7 OR AY.4.8 OR AY.4.9 OR AY.4.10 OR AY.4.11 OR AY.4.12 OR AY.4.13 OR AY.4.14 OR AY.4.15 OR AY.4.16 OR AY.4.17 OR AY.5 OR AY.5.1 OR AY.5.2 OR AY.5.3 OR AY.5.4 OR AY.5.5 OR AY.5.6 OR AY.5.7 OR AY.6 OR AY.7 OR AY.7.1 OR AY.7.2 OR AY.8 OR AY.9 OR AY.9.2 OR AY.9.2.1 OR AY.9.2.2 OR AY.10 OR AY.11 OR AY.13 OR AY.14 OR AY.15 OR AY.16 OR AY.16.1 OR AY.17 OR AY.18 OR AY.19 OR AY.20 OR AY.20.1 OR AY.21 OR AY.22 OR AY.23 OR AY.23.1 OR AY.23.2 OR AY.24 OR AY.24.1 OR AY.25 OR AY.25.1 OR AY.25.1.1 OR AY.25.1.2 OR AY.25.2 OR AY.25.3 OR AY.26 OR AY.26.1 OR AY.27 OR AY.28 OR AY.29 OR AY.29.1 OR AY.29.2 OR AY.30 OR AY.31 OR AY.32 OR AY.33 OR AY.33.1 OR AY.33.2 OR AY.34 OR AY.34.1 OR AY.34.1.1 OR AY.34.2 OR AY.35 OR AY.36 OR AY.36.1 OR AY.37 OR AY.38 OR AY.39 OR AY.39.1 OR AY.39.1.1 OR AY.39.1.2 OR AY.39.1.3 OR AY.39.1.4 OR AY.39.2 OR AY.39.3 OR AY.40 OR AY.41 OR AY.42 OR AY.42.1 OR AY.43 OR AY.43.1 OR AY.43.2 OR AY.43.3 OR AY.43.4 OR AY.43.5 OR AY.43.6 OR AY.43.7 OR AY.43.8 OR AY.43.9 OR AY.44 OR AY.45 OR AY.46 OR AY.46.1 OR AY.46.2 OR AY.46.3 OR AY.46.4 OR AY.46.5 OR AY.46.6 OR AY.46.6.1 OR AY.47 OR AY.48 OR AY.49 OR AY.50 OR AY.51 OR AY.52 OR AY.53 OR AY.54 OR AY.55 OR AY.56 OR AY.57 OR AY.58 OR AY.59 OR AY.60 OR AY.61 OR AY.62 OR AY.63 OR AY.64 OR AY.65 OR AY.66 OR AY.67 OR AY.68 OR AY.69 OR AY.70 OR AY.71 OR AY.72 OR AY.73 OR AY.74 OR AY.75 OR AY.75.2 OR AY.75.3 OR AY.76 OR AY.77 OR AY.78 OR AY.79 OR AY.80 OR AY.81 OR AY.82 OR AY.83 OR AY.84 OR AY.85 OR AY.86 OR AY.87 OR AY.88 OR AY.90 OR AY.91 OR AY.91.1 OR AY.92 OR AY.93 OR AY.94 OR AY.95 OR AY.98 OR AY.98.1 OR AY.98.1.1 OR AY.99 OR AY.99.1 OR AY.99.2 OR AY.100 OR AY.101 OR AY.102 OR AY.102.1 OR AY.102.2 OR AY.103 OR AY.103.1 OR AY.103.2 OR AY.104 OR AY.105 OR AY.106 OR AY.107 OR AY.108 OR AY.109 OR AY.110 OR AY.111 OR AY.112 OR AY.112.1 OR AY.112.2 OR AY.112.3 OR AY.113 OR AY.114 OR AY.116 OR AY.116.1 OR AY.117 OR AY.118 OR AY.119 OR AY.119.1 OR AY.119.2 OR AY.120 OR AY.120.1 OR AY.120.2 OR AY.120.2.1 OR AY.121 OR AY.121.1 OR AY.122 OR AY.122.1 OR AY.122.2 OR AY.122.3 OR AY.122.4 OR AY.122.5 OR AY.122.6 OR AY.123 OR AY.123.1 OR AY.124 OR AY.124.1 OR AY.124.1.1 OR AY.125 OR AY.125.1 OR AY.126 OR AY.127 OR AY.127.1 OR AY.127.2 OR AY.127.3 OR AY.128 OR AY.129 OR AY.130 OR AY.131 OR AY.132 OR AY.133 OR AY.134 OR B.1.617.2,Delta,4.5,0.285714285714286,0.0634920634920635
2022-01-25,3,0,2.83333333333333,0,0,0.000150636025436569,0.53558324304295,AY.1 OR AY.2 OR AY.3 OR AY.3.1 OR AY.3.2 OR AY.3.3 OR AY.3.4 OR AY.4 OR AY.4.1 OR AY.4.2 OR AY.4.2.1 OR AY.4.2.2 OR AY.4.2.3 OR AY.4.2.4 OR AY.4.2.5 OR AY.4.3 OR AY.4.4 OR AY.4.5 OR AY.4.6 OR AY.4.7 OR AY.4.8 OR AY.4.9 OR AY.4.10 OR AY.4.11 OR AY.4.12 OR AY.4.13 OR AY.4.14 OR AY.4.15 OR AY.4.16 OR AY.4.17 OR AY.5 OR AY.5.1 OR AY.5.2 OR AY.5.3 OR AY.5.4 OR AY.5.5 OR AY.5.6 OR AY.5.7 OR AY.6 OR AY.7 OR AY.7.1 OR AY.7.2 OR AY.8 OR AY.9 OR AY.9.2 OR AY.9.2.1 OR AY.9.2.2 OR AY.10 OR AY.11 OR AY.13 OR AY.14 OR AY.15 OR AY.16 OR AY.16.1 OR AY.17 OR AY.18 OR AY.19 OR AY.20 OR AY.20.1 OR AY.21 OR AY.22 OR AY.23 OR AY.23.1 OR AY.23.2 OR AY.24 OR AY.24.1 OR AY.25 OR AY.25.1 OR AY.25.1.1 OR AY.25.1.2 OR AY.25.2 OR AY.25.3 OR AY.26 OR AY.26.1 OR AY.27 OR AY.28 OR AY.29 OR AY.29.1 OR AY.29.2 OR AY.30 OR AY.31 OR AY.32 OR AY.33 OR AY.33.1 OR AY.33.2 OR AY.34 OR AY.34.1 OR AY.34.1.1 OR AY.34.2 OR AY.35 OR AY.36 OR AY.36.1 OR AY.37 OR AY.38 OR AY.39 OR AY.39.1 OR AY.39.1.1 OR AY.39.1.2 OR AY.39.1.3 OR AY.39.1.4 OR AY.39.2 OR AY.39.3 OR AY.40 OR AY.41 OR AY.42 OR AY.42.1 OR AY.43 OR AY.43.1 OR AY.43.2 OR AY.43.3 OR AY.43.4 OR AY.43.5 OR AY.43.6 OR AY.43.7 OR AY.43.8 OR AY.43.9 OR AY.44 OR AY.45 OR AY.46 OR AY.46.1 OR AY.46.2 OR AY.46.3 OR AY.46.4 OR AY.46.5 OR AY.46.6 OR AY.46.6.1 OR AY.47 OR AY.48 OR AY.49 OR AY.50 OR AY.51 OR AY.52 OR AY.53 OR AY.54 OR AY.55 OR AY.56 OR AY.57 OR AY.58 OR AY.59 OR AY.60 OR AY.61 OR AY.62 OR AY.63 OR AY.64 OR AY.65 OR AY.66 OR AY.67 OR AY.68 OR AY.69 OR AY.70 OR AY.71 OR AY.72 OR AY.73 OR AY.74 OR AY.75 OR AY.75.2 OR AY.75.3 OR AY.76 OR AY.77 OR AY.78 OR AY.79 OR AY.80 OR AY.81 OR AY.82 OR AY.83 OR AY.84 OR AY.85 OR AY.86 OR AY.87 OR AY.88 OR AY.90 OR AY.91 OR AY.91.1 OR AY.92 OR AY.93 OR AY.94 OR AY.95 OR AY.98 OR AY.98.1 OR AY.98.1.1 OR AY.99 OR AY.99.1 OR AY.99.2 OR AY.100 OR AY.101 OR AY.102 OR AY.102.1 OR AY.102.2 OR AY.103 OR AY.103.1 OR AY.103.2 OR AY.104 OR AY.105 OR AY.106 OR AY.107 OR AY.108 OR AY.109 OR AY.110 OR AY.111 OR AY.112 OR AY.112.1 OR AY.112.2 OR AY.112.3 OR AY.113 OR AY.114 OR AY.116 OR AY.116.1 OR AY.117 OR AY.118 OR AY.119 OR AY.119.1 OR AY.119.2 OR AY.120 OR AY.120.1 OR AY.120.2 OR AY.120.2.1 OR AY.121 OR AY.121.1 OR AY.122 OR AY.122.1 OR AY.122.2 OR AY.122.3 OR AY.122.4 OR AY.122.5 OR AY.122.6 OR AY.123 OR AY.123.1 OR AY.124 OR AY.124.1 OR AY.124.1.1 OR AY.125 OR AY.125.1 OR AY.126 OR AY.127 OR AY.127.1 OR AY.127.2 OR AY.127.3 OR AY.128 OR AY.129 OR AY.130 OR AY.131 OR AY.132 OR AY.133 OR AY.134 OR B.1.617.2,Delta,4.35714285714286,0.285714285714286,0.0655737704918033
2022-01-26,3,0,2.66666666666667,0,0,0.000150636025436569,0.53558324304295,AY.1 OR AY.2 OR AY.3 OR AY.3.1 OR AY.3.2 OR AY.3.3 OR AY.3.4 OR AY.4 OR AY.4.1 OR AY.4.2 OR AY.4.2.1 OR AY.4.2.2 OR AY.4.2.3 OR AY.4.2.4 OR AY.4.2.5 OR AY.4.3 OR AY.4.4 OR AY.4.5 OR AY.4.6 OR AY.4.7 OR AY.4.8 OR AY.4.9 OR AY.4.10 OR AY.4.11 OR AY.4.12 OR AY.4.13 OR AY.4.14 OR AY.4.15 OR AY.4.16 OR AY.4.17 OR AY.5 OR AY.5.1 OR AY.5.2 OR AY.5.3 OR AY.5.4 OR AY.5.5 OR AY.5.6 OR AY.5.7 OR AY.6 OR AY.7 OR AY.7.1 OR AY.7.2 OR AY.8 OR AY.9 OR AY.9.2 OR AY.9.2.1 OR AY.9.2.2 OR AY.10 OR AY.11 OR AY.13 OR AY.14 OR AY.15 OR AY.16 OR AY.16.1 OR AY.17 OR AY.18 OR AY.19 OR AY.20 OR AY.20.1 OR AY.21 OR AY.22 OR AY.23 OR AY.23.1 OR AY.23.2 OR AY.24 OR AY.24.1 OR AY.25 OR AY.25.1 OR AY.25.1.1 OR AY.25.1.2 OR AY.25.2 OR AY.25.3 OR AY.26 OR AY.26.1 OR AY.27 OR AY.28 OR AY.29 OR AY.29.1 OR AY.29.2 OR AY.30 OR AY.31 OR AY.32 OR AY.33 OR AY.33.1 OR AY.33.2 OR AY.34 OR AY.34.1 OR AY.34.1.1 OR AY.34.2 OR AY.35 OR AY.36 OR AY.36.1 OR AY.37 OR AY.38 OR AY.39 OR AY.39.1 OR AY.39.1.1 OR AY.39.1.2 OR AY.39.1.3 OR AY.39.1.4 OR AY.39.2 OR AY.39.3 OR AY.40 OR AY.41 OR AY.42 OR AY.42.1 OR AY.43 OR AY.43.1 OR AY.43.2 OR AY.43.3 OR AY.43.4 OR AY.43.5 OR AY.43.6 OR AY.43.7 OR AY.43.8 OR AY.43.9 OR AY.44 OR AY.45 OR AY.46 OR AY.46.1 OR AY.46.2 OR AY.46.3 OR AY.46.4 OR AY.46.5 OR AY.46.6 OR AY.46.6.1 OR AY.47 OR AY.48 OR AY.49 OR AY.50 OR AY.51 OR AY.52 OR AY.53 OR AY.54 OR AY.55 OR AY.56 OR AY.57 OR AY.58 OR AY.59 OR AY.60 OR AY.61 OR AY.62 OR AY.63 OR AY.64 OR AY.65 OR AY.66 OR AY.67 OR AY.68 OR AY.69 OR AY.70 OR AY.71 OR AY.72 OR AY.73 OR AY.74 OR AY.75 OR AY.75.2 OR AY.75.3 OR AY.76 OR AY.77 OR AY.78 OR AY.79 OR AY.80 OR AY.81 OR AY.82 OR AY.83 OR AY.84 OR AY.85 OR AY.86 OR AY.87 OR AY.88 OR AY.90 OR AY.91 OR AY.91.1 OR AY.92 OR AY.93 OR AY.94 OR AY.95 OR AY.98 OR AY.98.1 OR AY.98.1.1 OR AY.99 OR AY.99.1 OR AY.99.2 OR AY.100 OR AY.101 OR AY.102 OR AY.102.1 OR AY.102.2 OR AY.103 OR AY.103.1 OR AY.103.2 OR AY.104 OR AY.105 OR AY.106 OR AY.107 OR AY.108 OR AY.109 OR AY.110 OR AY.111 OR AY.112 OR AY.112.1 OR AY.112.2 OR AY.112.3 OR AY.113 OR AY.114 OR AY.116 OR AY.116.1 OR AY.117 OR AY.118 OR AY.119 OR AY.119.1 OR AY.119.2 OR AY.120 OR AY.120.1 OR AY.120.2 OR AY.120.2.1 OR AY.121 OR AY.121.1 OR AY.122 OR AY.122.1 OR AY.122.2 OR AY.122.3 OR AY.122.4 OR AY.122.5 OR AY.122.6 OR AY.123 OR AY.123.1 OR AY.124 OR AY.124.1 OR AY.124.1.1 OR AY.125 OR AY.125.1 OR AY.126 OR AY.127 OR AY.127.1 OR AY.127.2 OR AY.127.3 OR AY.128 OR AY.129 OR AY.130 OR AY.131 OR AY.132 OR AY.133 OR AY.134 OR B.1.617.2,Delta,4.07142857142857,0.142857142857143,0.0350877192982456
2022-01-27,6,0,3.14285714285714,0,0,0.000150636025436569,0.53558324304295,AY.1 OR AY.2 OR AY.3 OR AY.3.1 OR AY.3.2 OR AY.3.3 OR AY.3.4 OR AY.4 OR AY.4.1 OR AY.4.2 OR AY.4.2.1 OR AY.4.2.2 OR AY.4.2.3 OR AY.4.2.4 OR AY.4.2.5 OR AY.4.3 OR AY.4.4 OR AY.4.5 OR AY.4.6 OR AY.4.7 OR AY.4.8 OR AY.4.9 OR AY.4.10 OR AY.4.11 OR AY.4.12 OR AY.4.13 OR AY.4.14 OR AY.4.15 OR AY.4.16 OR AY.4.17 OR AY.5 OR AY.5.1 OR AY.5.2 OR AY.5.3 OR AY.5.4 OR AY.5.5 OR AY.5.6 OR AY.5.7 OR AY.6 OR AY.7 OR AY.7.1 OR AY.7.2 OR AY.8 OR AY.9 OR AY.9.2 OR AY.9.2.1 OR AY.9.2.2 OR AY.10 OR AY.11 OR AY.13 OR AY.14 OR AY.15 OR AY.16 OR AY.16.1 OR AY.17 OR AY.18 OR AY.19 OR AY.20 OR AY.20.1 OR AY.21 OR AY.22 OR AY.23 OR AY.23.1 OR AY.23.2 OR AY.24 OR AY.24.1 OR AY.25 OR AY.25.1 OR AY.25.1.1 OR AY.25.1.2 OR AY.25.2 OR AY.25.3 OR AY.26 OR AY.26.1 OR AY.27 OR AY.28 OR AY.29 OR AY.29.1 OR AY.29.2 OR AY.30 OR AY.31 OR AY.32 OR AY.33 OR AY.33.1 OR AY.33.2 OR AY.34 OR AY.34.1 OR AY.34.1.1 OR AY.34.2 OR AY.35 OR AY.36 OR AY.36.1 OR AY.37 OR AY.38 OR AY.39 OR AY.39.1 OR AY.39.1.1 OR AY.39.1.2 OR AY.39.1.3 OR AY.39.1.4 OR AY.39.2 OR AY.39.3 OR AY.40 OR AY.41 OR AY.42 OR AY.42.1 OR AY.43 OR AY.43.1 OR AY.43.2 OR AY.43.3 OR AY.43.4 OR AY.43.5 OR AY.43.6 OR AY.43.7 OR AY.43.8 OR AY.43.9 OR AY.44 OR AY.45 OR AY.46 OR AY.46.1 OR AY.46.2 OR AY.46.3 OR AY.46.4 OR AY.46.5 OR AY.46.6 OR AY.46.6.1 OR AY.47 OR AY.48 OR AY.49 OR AY.50 OR AY.51 OR AY.52 OR AY.53 OR AY.54 OR AY.55 OR AY.56 OR AY.57 OR AY.58 OR AY.59 OR AY.60 OR AY.61 OR AY.62 OR AY.63 OR AY.64 OR AY.65 OR AY.66 OR AY.67 OR AY.68 OR AY.69 OR AY.70 OR AY.71 OR AY.72 OR AY.73 OR AY.74 OR AY.75 OR AY.75.2 OR AY.75.3 OR AY.76 OR AY.77 OR AY.78 OR AY.79 OR AY.80 OR AY.81 OR AY.82 OR AY.83 OR AY.84 OR AY.85 OR AY.86 OR AY.87 OR AY.88 OR AY.90 OR AY.91 OR AY.91.1 OR AY.92 OR AY.93 OR AY.94 OR AY.95 OR AY.98 OR AY.98.1 OR AY.98.1.1 OR AY.99 OR AY.99.1 OR AY.99.2 OR AY.100 OR AY.101 OR AY.102 OR AY.102.1 OR AY.102.2 OR AY.103 OR AY.103.1 OR AY.103.2 OR AY.104 OR AY.105 OR AY.106 OR AY.107 OR AY.108 OR AY.109 OR AY.110 OR AY.111 OR AY.112 OR AY.112.1 OR AY.112.2 OR AY.112.3 OR AY.113 OR AY.114 OR AY.116 OR AY.116.1 OR AY.117 OR AY.118 OR AY.119 OR AY.119.1 OR AY.119.2 OR AY.120 OR AY.120.1 OR AY.120.2 OR AY.120.2.1 OR AY.121 OR AY.121.1 OR AY.122 OR AY.122.1 OR AY.122.2 OR AY.122.3 OR AY.122.4 OR AY.122.5 OR AY.122.6 OR AY.123 OR AY.123.1 OR AY.124 OR AY.124.1 OR AY.124.1.1 OR AY.125 OR AY.125.1 OR AY.126 OR AY.127 OR AY.127.1 OR AY.127.2 OR AY.127.3 OR AY.128 OR AY.129 OR AY.130 OR AY.131 OR AY.132 OR AY.133 OR AY.134 OR B.1.617.2,Delta,3.85714285714286,0.142857142857143,0.037037037037037
2022-01-28,18,0,5.14285714285714,0,0,9.34206000395449e-05,0.379377142299039,AY.1 OR AY.2 OR AY.3 OR AY.3.1 OR AY.3.2 OR AY.3.3 OR AY.3.4 OR AY.4 OR AY.4.1 OR AY.4.2 OR AY.4.2.1 OR AY.4.2.2 OR AY.4.2.3 OR AY.4.2.4 OR AY.4.2.5 OR AY.4.3 OR AY.4.4 OR AY.4.5 OR AY.4.6 OR AY.4.7 OR AY.4.8 OR AY.4.9 OR AY.4.10 OR AY.4.11 OR AY.4.12 OR AY.4.13 OR AY.4.14 OR AY.4.15 OR AY.4.16 OR AY.4.17 OR AY.5 OR AY.5.1 OR AY.5.2 OR AY.5.3 OR AY.5.4 OR AY.5.5 OR AY.5.6 OR AY.5.7 OR AY.6 OR AY.7 OR AY.7.1 OR AY.7.2 OR AY.8 OR AY.9 OR AY.9.2 OR AY.9.2.1 OR AY.9.2.2 OR AY.10 OR AY.11 OR AY.13 OR AY.14 OR AY.15 OR AY.16 OR AY.16.1 OR AY.17 OR AY.18 OR AY.19 OR AY.20 OR AY.20.1 OR AY.21 OR AY.22 OR AY.23 OR AY.23.1 OR AY.23.2 OR AY.24 OR AY.24.1 OR AY.25 OR AY.25.1 OR AY.25.1.1 OR AY.25.1.2 OR AY.25.2 OR AY.25.3 OR AY.26 OR AY.26.1 OR AY.27 OR AY.28 OR AY.29 OR AY.29.1 OR AY.29.2 OR AY.30 OR AY.31 OR AY.32 OR AY.33 OR AY.33.1 OR AY.33.2 OR AY.34 OR AY.34.1 OR AY.34.1.1 OR AY.34.2 OR AY.35 OR AY.36 OR AY.36.1 OR AY.37 OR AY.38 OR AY.39 OR AY.39.1 OR AY.39.1.1 OR AY.39.1.2 OR AY.39.1.3 OR AY.39.1.4 OR AY.39.2 OR AY.39.3 OR AY.40 OR AY.41 OR AY.42 OR AY.42.1 OR AY.43 OR AY.43.1 OR AY.43.2 OR AY.43.3 OR AY.43.4 OR AY.43.5 OR AY.43.6 OR AY.43.7 OR AY.43.8 OR AY.43.9 OR AY.44 OR AY.45 OR AY.46 OR AY.46.1 OR AY.46.2 OR AY.46.3 OR AY.46.4 OR AY.46.5 OR AY.46.6 OR AY.46.6.1 OR AY.47 OR AY.48 OR AY.49 OR AY.50 OR AY.51 OR AY.52 OR AY.53 OR AY.54 OR AY.55 OR AY.56 OR AY.57 OR AY.58 OR AY.59 OR AY.60 OR AY.61 OR AY.62 OR AY.63 OR AY.64 OR AY.65 OR AY.66 OR AY.67 OR AY.68 OR AY.69 OR AY.70 OR AY.71 OR AY.72 OR AY.73 OR AY.74 OR AY.75 OR AY.75.2 OR AY.75.3 OR AY.76 OR AY.77 OR AY.78 OR AY.79 OR AY.80 OR AY.81 OR AY.82 OR AY.83 OR AY.84 OR AY.85 OR AY.86 OR AY.87 OR AY.88 OR AY.90 OR AY.91 OR AY.91.1 OR AY.92 OR AY.93 OR AY.94 OR AY.95 OR AY.98 OR AY.98.1 OR AY.98.1.1 OR AY.99 OR AY.99.1 OR AY.99.2 OR AY.100 OR AY.101 OR AY.102 OR AY.102.1 OR AY.102.2 OR AY.103 OR AY.103.1 OR AY.103.2 OR AY.104 OR AY.105 OR AY.106 OR AY.107 OR AY.108 OR AY.109 OR AY.110 OR AY.111 OR AY.112 OR AY.112.1 OR AY.112.2 OR AY.112.3 OR AY.113 OR AY.114 OR AY.116 OR AY.116.1 OR AY.117 OR AY.118 OR AY.119 OR AY.119.1 OR AY.119.2 OR AY.120 OR AY.120.1 OR AY.120.2 OR AY.120.2.1 OR AY.121 OR AY.121.1 OR AY.122 OR AY.122.1 OR AY.122.2 OR AY.122.3 OR AY.122.4 OR AY.122.5 OR AY.122.6 OR AY.123 OR AY.123.1 OR AY.124 OR AY.124.1 OR AY.124.1.1 OR AY.125 OR AY.125.1 OR AY.126 OR AY.127 OR AY.127.1 OR AY.127.2 OR AY.127.3 OR AY.128 OR AY.129 OR AY.130 OR AY.131 OR AY.132 OR AY.133 OR AY.134 OR B.1.617.2,Delta,4.78571428571429,0.0714285714285714,0.0149253731343284
2022-01-29,4,0,5.28571428571429,0,0,9.34206000395449e-05,0.379377142299039,AY.1 OR AY.2 OR AY.3 OR AY.3.1 OR AY.3.2 OR AY.3.3 OR AY.3.4 OR AY.4 OR AY.4.1 OR AY.4.2 OR AY.4.2.1 OR AY.4.2.2 OR AY.4.2.3 OR AY.4.2.4 OR AY.4.2.5 OR AY.4.3 OR AY.4.4 OR AY.4.5 OR AY.4.6 OR AY.4.7 OR AY.4.8 OR AY.4.9 OR AY.4.10 OR AY.4.11 OR AY.4.12 OR AY.4.13 OR AY.4.14 OR AY.4.15 OR AY.4.16 OR AY.4.17 OR AY.5 OR AY.5.1 OR AY.5.2 OR AY.5.3 OR AY.5.4 OR AY.5.5 OR AY.5.6 OR AY.5.7 OR AY.6 OR AY.7 OR AY.7.1 OR AY.7.2 OR AY.8 OR AY.9 OR AY.9.2 OR AY.9.2.1 OR AY.9.2.2 OR AY.10 OR AY.11 OR AY.13 OR AY.14 OR AY.15 OR AY.16 OR AY.16.1 OR AY.17 OR AY.18 OR AY.19 OR AY.20 OR AY.20.1 OR AY.21 OR AY.22 OR AY.23 OR AY.23.1 OR AY.23.2 OR AY.24 OR AY.24.1 OR AY.25 OR AY.25.1 OR AY.25.1.1 OR AY.25.1.2 OR AY.25.2 OR AY.25.3 OR AY.26 OR AY.26.1 OR AY.27 OR AY.28 OR AY.29 OR AY.29.1 OR AY.29.2 OR AY.30 OR AY.31 OR AY.32 OR AY.33 OR AY.33.1 OR AY.33.2 OR AY.34 OR AY.34.1 OR AY.34.1.1 OR AY.34.2 OR AY.35 OR AY.36 OR AY.36.1 OR AY.37 OR AY.38 OR AY.39 OR AY.39.1 OR AY.39.1.1 OR AY.39.1.2 OR AY.39.1.3 OR AY.39.1.4 OR AY.39.2 OR AY.39.3 OR AY.40 OR AY.41 OR AY.42 OR AY.42.1 OR AY.43 OR AY.43.1 OR AY.43.2 OR AY.43.3 OR AY.43.4 OR AY.43.5 OR AY.43.6 OR AY.43.7 OR AY.43.8 OR AY.43.9 OR AY.44 OR AY.45 OR AY.46 OR AY.46.1 OR AY.46.2 OR AY.46.3 OR AY.46.4 OR AY.46.5 OR AY.46.6 OR AY.46.6.1 OR AY.47 OR AY.48 OR AY.49 OR AY.50 OR AY.51 OR AY.52 OR AY.53 OR AY.54 OR AY.55 OR AY.56 OR AY.57 OR AY.58 OR AY.59 OR AY.60 OR AY.61 OR AY.62 OR AY.63 OR AY.64 OR AY.65 OR AY.66 OR AY.67 OR AY.68 OR AY.69 OR AY.70 OR AY.71 OR AY.72 OR AY.73 OR AY.74 OR AY.75 OR AY.75.2 OR AY.75.3 OR AY.76 OR AY.77 OR AY.78 OR AY.79 OR AY.80 OR AY.81 OR AY.82 OR AY.83 OR AY.84 OR AY.85 OR AY.86 OR AY.87 OR AY.88 OR AY.90 OR AY.91 OR AY.91.1 OR AY.92 OR AY.93 OR AY.94 OR AY.95 OR AY.98 OR AY.98.1 OR AY.98.1.1 OR AY.99 OR AY.99.1 OR AY.99.2 OR AY.100 OR AY.101 OR AY.102 OR AY.102.1 OR AY.102.2 OR AY.103 OR AY.103.1 OR AY.103.2 OR AY.104 OR AY.105 OR AY.106 OR AY.107 OR AY.108 OR AY.109 OR AY.110 OR AY.111 OR AY.112 OR AY.112.1 OR AY.112.2 OR AY.112.3 OR AY.113 OR AY.114 OR AY.116 OR AY.116.1 OR AY.117 OR AY.118 OR AY.119 OR AY.119.1 OR AY.119.2 OR AY.120 OR AY.120.1 OR AY.120.2 OR AY.120.2.1 OR AY.121 OR AY.121.1 OR AY.122 OR AY.122.1 OR AY.122.2 OR AY.122.3 OR AY.122.4 OR AY.122.5 OR AY.122.6 OR AY.123 OR AY.123.1 OR AY.124 OR AY.124.1 OR AY.124.1.1 OR AY.125 OR AY.125.1 OR AY.126 OR AY.127 OR AY.127.1 OR AY.127.2 OR AY.127.3 OR AY.128 OR AY.129 OR AY.130 OR AY.131 OR AY.132 OR AY.133 OR AY.134 OR B.1.617.2,Delta,4.35714285714286,0.0714285714285714,0.0163934426229508
2022-01-30,2,0,5.42857142857143,0,0,9.34206000395449e-05,0.379377142299039,AY.1 OR AY.2 OR AY.3 OR AY.3.1 OR AY.3.2 OR AY.3.3 OR AY.3.4 OR AY.4 OR AY.4.1 OR AY.4.2 OR AY.4.2.1 OR AY.4.2.2 OR AY.4.2.3 OR AY.4.2.4 OR AY.4.2.5 OR AY.4.3 OR AY.4.4 OR AY.4.5 OR AY.4.6 OR AY.4.7 OR AY.4.8 OR AY.4.9 OR AY.4.10 OR AY.4.11 OR AY.4.12 OR AY.4.13 OR AY.4.14 OR AY.4.15 OR AY.4.16 OR AY.4.17 OR AY.5 OR AY.5.1 OR AY.5.2 OR AY.5.3 OR AY.5.4 OR AY.5.5 OR AY.5.6 OR AY.5.7 OR AY.6 OR AY.7 OR AY.7.1 OR AY.7.2 OR AY.8 OR AY.9 OR AY.9.2 OR AY.9.2.1 OR AY.9.2.2 OR AY.10 OR AY.11 OR AY.13 OR AY.14 OR AY.15 OR AY.16 OR AY.16.1 OR AY.17 OR AY.18 OR AY.19 OR AY.20 OR AY.20.1 OR AY.21 OR AY.22 OR AY.23 OR AY.23.1 OR AY.23.2 OR AY.24 OR AY.24.1 OR AY.25 OR AY.25.1 OR AY.25.1.1 OR AY.25.1.2 OR AY.25.2 OR AY.25.3 OR AY.26 OR AY.26.1 OR AY.27 OR AY.28 OR AY.29 OR AY.29.1 OR AY.29.2 OR AY.30 OR AY.31 OR AY.32 OR AY.33 OR AY.33.1 OR AY.33.2 OR AY.34 OR AY.34.1 OR AY.34.1.1 OR AY.34.2 OR AY.35 OR AY.36 OR AY.36.1 OR AY.37 OR AY.38 OR AY.39 OR AY.39.1 OR AY.39.1.1 OR AY.39.1.2 OR AY.39.1.3 OR AY.39.1.4 OR AY.39.2 OR AY.39.3 OR AY.40 OR AY.41 OR AY.42 OR AY.42.1 OR AY.43 OR AY.43.1 OR AY.43.2 OR AY.43.3 OR AY.43.4 OR AY.43.5 OR AY.43.6 OR AY.43.7 OR AY.43.8 OR AY.43.9 OR AY.44 OR AY.45 OR AY.46 OR AY.46.1 OR AY.46.2 OR AY.46.3 OR AY.46.4 OR AY.46.5 OR AY.46.6 OR AY.46.6.1 OR AY.47 OR AY.48 OR AY.49 OR AY.50 OR AY.51 OR AY.52 OR AY.53 OR AY.54 OR AY.55 OR AY.56 OR AY.57 OR AY.58 OR AY.59 OR AY.60 OR AY.61 OR AY.62 OR AY.63 OR AY.64 OR AY.65 OR AY.66 OR AY.67 OR AY.68 OR AY.69 OR AY.70 OR AY.71 OR AY.72 OR AY.73 OR AY.74 OR AY.75 OR AY.75.2 OR AY.75.3 OR AY.76 OR AY.77 OR AY.78 OR AY.79 OR AY.80 OR AY.81 OR AY.82 OR AY.83 OR AY.84 OR AY.85 OR AY.86 OR AY.87 OR AY.88 OR AY.90 OR AY.91 OR AY.91.1 OR AY.92 OR AY.93 OR AY.94 OR AY.95 OR AY.98 OR AY.98.1 OR AY.98.1.1 OR AY.99 OR AY.99.1 OR AY.99.2 OR AY.100 OR AY.101 OR AY.102 OR AY.102.1 OR AY.102.2 OR AY.103 OR AY.103.1 OR AY.103.2 OR AY.104 OR AY.105 OR AY.106 OR AY.107 OR AY.108 OR AY.109 OR AY.110 OR AY.111 OR AY.112 OR AY.112.1 OR AY.112.2 OR AY.112.3 OR AY.113 OR AY.114 OR AY.116 OR AY.116.1 OR AY.117 OR AY.118 OR AY.119 OR AY.119.1 OR AY.119.2 OR AY.120 OR AY.120.1 OR AY.120.2 OR AY.120.2.1 OR AY.121 OR AY.121.1 OR AY.122 OR AY.122.1 OR AY.122.2 OR AY.122.3 OR AY.122.4 OR AY.122.5 OR AY.122.6 OR AY.123 OR AY.123.1 OR AY.124 OR AY.124.1 OR AY.124.1.1 OR AY.125 OR AY.125.1 OR AY.126 OR AY.127 OR AY.127.1 OR AY.127.2 OR AY.127.3 OR AY.128 OR AY.129 OR AY.130 OR AY.131 OR AY.132 OR AY.133 OR AY.134 OR B.1.617.2,Delta,4.14285714285714,0.0714285714285714,0.0172413793103448
2022-01-31,10,0,6.57142857142857,0,0,6.76864642438304e-05,0.29243617366231,AY.1 OR AY.2 OR AY.3 OR AY.3.1 OR AY.3.2 OR AY.3.3 OR AY.3.4 OR AY.4 OR AY.4.1 OR AY.4.2 OR AY.4.2.1 OR AY.4.2.2 OR AY.4.2.3 OR AY.4.2.4 OR AY.4.2.5 OR AY.4.3 OR AY.4.4 OR AY.4.5 OR AY.4.6 OR AY.4.7 OR AY.4.8 OR AY.4.9 OR AY.4.10 OR AY.4.11 OR AY.4.12 OR AY.4.13 OR AY.4.14 OR AY.4.15 OR AY.4.16 OR AY.4.17 OR AY.5 OR AY.5.1 OR AY.5.2 OR AY.5.3 OR AY.5.4 OR AY.5.5 OR AY.5.6 OR AY.5.7 OR AY.6 OR AY.7 OR AY.7.1 OR AY.7.2 OR AY.8 OR AY.9 OR AY.9.2 OR AY.9.2.1 OR AY.9.2.2 OR AY.10 OR AY.11 OR AY.13 OR AY.14 OR AY.15 OR AY.16 OR AY.16.1 OR AY.17 OR AY.18 OR AY.19 OR AY.20 OR AY.20.1 OR AY.21 OR AY.22 OR AY.23 OR AY.23.1 OR AY.23.2 OR AY.24 OR AY.24.1 OR AY.25 OR AY.25.1 OR AY.25.1.1 OR AY.25.1.2 OR AY.25.2 OR AY.25.3 OR AY.26 OR AY.26.1 OR AY.27 OR AY.28 OR AY.29 OR AY.29.1 OR AY.29.2 OR AY.30 OR AY.31 OR AY.32 OR AY.33 OR AY.33.1 OR AY.33.2 OR AY.34 OR AY.34.1 OR AY.34.1.1 OR AY.34.2 OR AY.35 OR AY.36 OR AY.36.1 OR AY.37 OR AY.38 OR AY.39 OR AY.39.1 OR AY.39.1.1 OR AY.39.1.2 OR AY.39.1.3 OR AY.39.1.4 OR AY.39.2 OR AY.39.3 OR AY.40 OR AY.41 OR AY.42 OR AY.42.1 OR AY.43 OR AY.43.1 OR AY.43.2 OR AY.43.3 OR AY.43.4 OR AY.43.5 OR AY.43.6 OR AY.43.7 OR AY.43.8 OR AY.43.9 OR AY.44 OR AY.45 OR AY.46 OR AY.46.1 OR AY.46.2 OR AY.46.3 OR AY.46.4 OR AY.46.5 OR AY.46.6 OR AY.46.6.1 OR AY.47 OR AY.48 OR AY.49 OR AY.50 OR AY.51 OR AY.52 OR AY.53 OR AY.54 OR AY.55 OR AY.56 OR AY.57 OR AY.58 OR AY.59 OR AY.60 OR AY.61 OR AY.62 OR AY.63 OR AY.64 OR AY.65 OR AY.66 OR AY.67 OR AY.68 OR AY.69 OR AY.70 OR AY.71 OR AY.72 OR AY.73 OR AY.74 OR AY.75 OR AY.75.2 OR AY.75.3 OR AY.76 OR AY.77 OR AY.78 OR AY.79 OR AY.80 OR AY.81 OR AY.82 OR AY.83 OR AY.84 OR AY.85 OR AY.86 OR AY.87 OR AY.88 OR AY.90 OR AY.91 OR AY.91.1 OR AY.92 OR AY.93 OR AY.94 OR AY.95 OR AY.98 OR AY.98.1 OR AY.98.1.1 OR AY.99 OR AY.99.1 OR AY.99.2 OR AY.100 OR AY.101 OR AY.102 OR AY.102.1 OR AY.102.2 OR AY.103 OR AY.103.1 OR AY.103.2 OR AY.104 OR AY.105 OR AY.106 OR AY.107 OR AY.108 OR AY.109 OR AY.110 OR AY.111 OR AY.112 OR AY.112.1 OR AY.112.2 OR AY.112.3 OR AY.113 OR AY.114 OR AY.116 OR AY.116.1 OR AY.117 OR AY.118 OR AY.119 OR AY.119.1 OR AY.119.2 OR AY.120 OR AY.120.1 OR AY.120.2 OR AY.120.2.1 OR AY.121 OR AY.121.1 OR AY.122 OR AY.122.1 OR AY.122.2 OR AY.122.3 OR AY.122.4 OR AY.122.5 OR AY.122.6 OR AY.123 OR AY.123.1 OR AY.124 OR AY.124.1 OR AY.124.1.1 OR AY.125 OR AY.125.1 OR AY.126 OR AY.127 OR AY.127.1 OR AY.127.2 OR AY.127.3 OR AY.128 OR AY.129 OR AY.130 OR AY.131 OR AY.132 OR AY.133 OR AY.134 OR B.1.617.2,Delta,4.64285714285714,0.0714285714285714,0.0153846153846154
2022-02-01,16,0,8.42857142857143,0,0,5.94903028944023e-05,0.262217248717186,AY.1 OR AY.2 OR AY.3 OR AY.3.1 OR AY.3.2 OR AY.3.3 OR AY.3.4 OR AY.4 OR AY.4.1 OR AY.4.2 OR AY.4.2.1 OR AY.4.2.2 OR AY.4.2.3 OR AY.4.2.4 OR AY.4.2.5 OR AY.4.3 OR AY.4.4 OR AY.4.5 OR AY.4.6 OR AY.4.7 OR AY.4.8 OR AY.4.9 OR AY.4.10 OR AY.4.11 OR AY.4.12 OR AY.4.13 OR AY.4.14 OR AY.4.15 OR AY.4.16 OR AY.4.17 OR AY.5 OR AY.5.1 OR AY.5.2 OR AY.5.3 OR AY.5.4 OR AY.5.5 OR AY.5.6 OR AY.5.7 OR AY.6 OR AY.7 OR AY.7.1 OR AY.7.2 OR AY.8 OR AY.9 OR AY.9.2 OR AY.9.2.1 OR AY.9.2.2 OR AY.10 OR AY.11 OR AY.13 OR AY.14 OR AY.15 OR AY.16 OR AY.16.1 OR AY.17 OR AY.18 OR AY.19 OR AY.20 OR AY.20.1 OR AY.21 OR AY.22 OR AY.23 OR AY.23.1 OR AY.23.2 OR AY.24 OR AY.24.1 OR AY.25 OR AY.25.1 OR AY.25.1.1 OR AY.25.1.2 OR AY.25.2 OR AY.25.3 OR AY.26 OR AY.26.1 OR AY.27 OR AY.28 OR AY.29 OR AY.29.1 OR AY.29.2 OR AY.30 OR AY.31 OR AY.32 OR AY.33 OR AY.33.1 OR AY.33.2 OR AY.34 OR AY.34.1 OR AY.34.1.1 OR AY.34.2 OR AY.35 OR AY.36 OR AY.36.1 OR AY.37 OR AY.38 OR AY.39 OR AY.39.1 OR AY.39.1.1 OR AY.39.1.2 OR AY.39.1.3 OR AY.39.1.4 OR AY.39.2 OR AY.39.3 OR AY.40 OR AY.41 OR AY.42 OR AY.42.1 OR AY.43 OR AY.43.1 OR AY.43.2 OR AY.43.3 OR AY.43.4 OR AY.43.5 OR AY.43.6 OR AY.43.7 OR AY.43.8 OR AY.43.9 OR AY.44 OR AY.45 OR AY.46 OR AY.46.1 OR AY.46.2 OR AY.46.3 OR AY.46.4 OR AY.46.5 OR AY.46.6 OR AY.46.6.1 OR AY.47 OR AY.48 OR AY.49 OR AY.50 OR AY.51 OR AY.52 OR AY.53 OR AY.54 OR AY.55 OR AY.56 OR AY.57 OR AY.58 OR AY.59 OR AY.60 OR AY.61 OR AY.62 OR AY.63 OR AY.64 OR AY.65 OR AY.66 OR AY.67 OR AY.68 OR AY.69 OR AY.70 OR AY.71 OR AY.72 OR AY.73 OR AY.74 OR AY.75 OR AY.75.2 OR AY.75.3 OR AY.76 OR AY.77 OR AY.78 OR AY.79 OR AY.80 OR AY.81 OR AY.82 OR AY.83 OR AY.84 OR AY.85 OR AY.86 OR AY.87 OR AY.88 OR AY.90 OR AY.91 OR AY.91.1 OR AY.92 OR AY.93 OR AY.94 OR AY.95 OR AY.98 OR AY.98.1 OR AY.98.1.1 OR AY.99 OR AY.99.1 OR AY.99.2 OR AY.100 OR AY.101 OR AY.102 OR AY.102.1 OR AY.102.2 OR AY.103 OR AY.103.1 OR AY.103.2 OR AY.104 OR AY.105 OR AY.106 OR AY.107 OR AY.108 OR AY.109 OR AY.110 OR AY.111 OR AY.112 OR AY.112.1 OR AY.112.2 OR AY.112.3 OR AY.113 OR AY.114 OR AY.116 OR AY.116.1 OR AY.117 OR AY.118 OR AY.119 OR AY.119.1 OR AY.119.2 OR AY.120 OR AY.120.1 OR AY.120.2 OR AY.120.2.1 OR AY.121 OR AY.121.1 OR AY.122 OR AY.122.1 OR AY.122.2 OR AY.122.3 OR AY.122.4 OR AY.122.5 OR AY.122.6 OR AY.123 OR AY.123.1 OR AY.124 OR AY.124.1 OR AY.124.1.1 OR AY.125 OR AY.125.1 OR AY.126 OR AY.127 OR AY.127.1 OR AY.127.2 OR AY.127.3 OR AY.128 OR AY.129 OR AY.130 OR AY.131 OR AY.132 OR AY.133 OR AY.134 OR B.1.617.2,Delta,5.64285714285714,0,0
2022-02-02,6,0,8.85714285714286,0,0,5.3064053418493e-05,0.237610098632903,AY.1 OR AY.2 OR AY.3 OR AY.3.1 OR AY.3.2 OR AY.3.3 OR AY.3.4 OR AY.4 OR AY.4.1 OR AY.4.2 OR AY.4.2.1 OR AY.4.2.2 OR AY.4.2.3 OR AY.4.2.4 OR AY.4.2.5 OR AY.4.3 OR AY.4.4 OR AY.4.5 OR AY.4.6 OR AY.4.7 OR AY.4.8 OR AY.4.9 OR AY.4.10 OR AY.4.11 OR AY.4.12 OR AY.4.13 OR AY.4.14 OR AY.4.15 OR AY.4.16 OR AY.4.17 OR AY.5 OR AY.5.1 OR AY.5.2 OR AY.5.3 OR AY.5.4 OR AY.5.5 OR AY.5.6 OR AY.5.7 OR AY.6 OR AY.7 OR AY.7.1 OR AY.7.2 OR AY.8 OR AY.9 OR AY.9.2 OR AY.9.2.1 OR AY.9.2.2 OR AY.10 OR AY.11 OR AY.13 OR AY.14 OR AY.15 OR AY.16 OR AY.16.1 OR AY.17 OR AY.18 OR AY.19 OR AY.20 OR AY.20.1 OR AY.21 OR AY.22 OR AY.23 OR AY.23.1 OR AY.23.2 OR AY.24 OR AY.24.1 OR AY.25 OR AY.25.1 OR AY.25.1.1 OR AY.25.1.2 OR AY.25.2 OR AY.25.3 OR AY.26 OR AY.26.1 OR AY.27 OR AY.28 OR AY.29 OR AY.29.1 OR AY.29.2 OR AY.30 OR AY.31 OR AY.32 OR AY.33 OR AY.33.1 OR AY.33.2 OR AY.34 OR AY.34.1 OR AY.34.1.1 OR AY.34.2 OR AY.35 OR AY.36 OR AY.36.1 OR AY.37 OR AY.38 OR AY.39 OR AY.39.1 OR AY.39.1.1 OR AY.39.1.2 OR AY.39.1.3 OR AY.39.1.4 OR AY.39.2 OR AY.39.3 OR AY.40 OR AY.41 OR AY.42 OR AY.42.1 OR AY.43 OR AY.43.1 OR AY.43.2 OR AY.43.3 OR AY.43.4 OR AY.43.5 OR AY.43.6 OR AY.43.7 OR AY.43.8 OR AY.43.9 OR AY.44 OR AY.45 OR AY.46 OR AY.46.1 OR AY.46.2 OR AY.46.3 OR AY.46.4 OR AY.46.5 OR AY.46.6 OR AY.46.6.1 OR AY.47 OR AY.48 OR AY.49 OR AY.50 OR AY.51 OR AY.52 OR AY.53 OR AY.54 OR AY.55 OR AY.56 OR AY.57 OR AY.58 OR AY.59 OR AY.60 OR AY.61 OR AY.62 OR AY.63 OR AY.64 OR AY.65 OR AY.66 OR AY.67 OR AY.68 OR AY.69 OR AY.70 OR AY.71 OR AY.72 OR AY.73 OR AY.74 OR AY.75 OR AY.75.2 OR AY.75.3 OR AY.76 OR AY.77 OR AY.78 OR AY.79 OR AY.80 OR AY.81 OR AY.82 OR AY.83 OR AY.84 OR AY.85 OR AY.86 OR AY.87 OR AY.88 OR AY.90 OR AY.91 OR AY.91.1 OR AY.92 OR AY.93 OR AY.94 OR AY.95 OR AY.98 OR AY.98.1 OR AY.98.1.1 OR AY.99 OR AY.99.1 OR AY.99.2 OR AY.100 OR AY.101 OR AY.102 OR AY.102.1 OR AY.102.2 OR AY.103 OR AY.103.1 OR AY.103.2 OR AY.104 OR AY.105 OR AY.106 OR AY.107 OR AY.108 OR AY.109 OR AY.110 OR AY.111 OR AY.112 OR AY.112.1 OR AY.112.2 OR AY.112.3 OR AY.113 OR AY.114 OR AY.116 OR AY.116.1 OR AY.117 OR AY.118 OR AY.119 OR AY.119.1 OR AY.119.2 OR AY.120 OR AY.120.1 OR AY.120.2 OR AY.120.2.1 OR AY.121 OR AY.121.1 OR AY.122 OR AY.122.1 OR AY.122.2 OR AY.122.3 OR AY.122.4 OR AY.122.5 OR AY.122.6 OR AY.123 OR AY.123.1 OR AY.124 OR AY.124.1 OR AY.124.1.1 OR AY.125 OR AY.125.1 OR AY.126 OR AY.127 OR AY.127.1 OR AY.127.2 OR AY.127.3 OR AY.128 OR AY.129 OR AY.130 OR AY.131 OR AY.132 OR AY.133 OR AY.134 OR B.1.617.2,Delta,5.85714285714286,0,0
2022-02-03,9,0,9.28571428571429,0,0,5.3064053418493e-05,0.237610098632903,AY.1 OR AY.2 OR AY.3 OR AY.3.1 OR AY.3.2 OR AY.3.3 OR AY.3.4 OR AY.4 OR AY.4.1 OR AY.4.2 OR AY.4.2.1 OR AY.4.2.2 OR AY.4.2.3 OR AY.4.2.4 OR AY.4.2.5 OR AY.4.3 OR AY.4.4 OR AY.4.5 OR AY.4.6 OR AY.4.7 OR AY.4.8 OR AY.4.9 OR AY.4.10 OR AY.4.11 OR AY.4.12 OR AY.4.13 OR AY.4.14 OR AY.4.15 OR AY.4.16 OR AY.4.17 OR AY.5 OR AY.5.1 OR AY.5.2 OR AY.5.3 OR AY.5.4 OR AY.5.5 OR AY.5.6 OR AY.5.7 OR AY.6 OR AY.7 OR AY.7.1 OR AY.7.2 OR AY.8 OR AY.9 OR AY.9.2 OR AY.9.2.1 OR AY.9.2.2 OR AY.10 OR AY.11 OR AY.13 OR AY.14 OR AY.15 OR AY.16 OR AY.16.1 OR AY.17 OR AY.18 OR AY.19 OR AY.20 OR AY.20.1 OR AY.21 OR AY.22 OR AY.23 OR AY.23.1 OR AY.23.2 OR AY.24 OR AY.24.1 OR AY.25 OR AY.25.1 OR AY.25.1.1 OR AY.25.1.2 OR AY.25.2 OR AY.25.3 OR AY.26 OR AY.26.1 OR AY.27 OR AY.28 OR AY.29 OR AY.29.1 OR AY.29.2 OR AY.30 OR AY.31 OR AY.32 OR AY.33 OR AY.33.1 OR AY.33.2 OR AY.34 OR AY.34.1 OR AY.34.1.1 OR AY.34.2 OR AY.35 OR AY.36 OR AY.36.1 OR AY.37 OR AY.38 OR AY.39 OR AY.39.1 OR AY.39.1.1 OR AY.39.1.2 OR AY.39.1.3 OR AY.39.1.4 OR AY.39.2 OR AY.39.3 OR AY.40 OR AY.41 OR AY.42 OR AY.42.1 OR AY.43 OR AY.43.1 OR AY.43.2 OR AY.43.3 OR AY.43.4 OR AY.43.5 OR AY.43.6 OR AY.43.7 OR AY.43.8 OR AY.43.9 OR AY.44 OR AY.45 OR AY.46 OR AY.46.1 OR AY.46.2 OR AY.46.3 OR AY.46.4 OR AY.46.5 OR AY.46.6 OR AY.46.6.1 OR AY.47 OR AY.48 OR AY.49 OR AY.50 OR AY.51 OR AY.52 OR AY.53 OR AY.54 OR AY.55 OR AY.56 OR AY.57 OR AY.58 OR AY.59 OR AY.60 OR AY.61 OR AY.62 OR AY.63 OR AY.64 OR AY.65 OR AY.66 OR AY.67 OR AY.68 OR AY.69 OR AY.70 OR AY.71 OR AY.72 OR AY.73 OR AY.74 OR AY.75 OR AY.75.2 OR AY.75.3 OR AY.76 OR AY.77 OR AY.78 OR AY.79 OR AY.80 OR AY.81 OR AY.82 OR AY.83 OR AY.84 OR AY.85 OR AY.86 OR AY.87 OR AY.88 OR AY.90 OR AY.91 OR AY.91.1 OR AY.92 OR AY.93 OR AY.94 OR AY.95 OR AY.98 OR AY.98.1 OR AY.98.1.1 OR AY.99 OR AY.99.1 OR AY.99.2 OR AY.100 OR AY.101 OR AY.102 OR AY.102.1 OR AY.102.2 OR AY.103 OR AY.103.1 OR AY.103.2 OR AY.104 OR AY.105 OR AY.106 OR AY.107 OR AY.108 OR AY.109 OR AY.110 OR AY.111 OR AY.112 OR AY.112.1 OR AY.112.2 OR AY.112.3 OR AY.113 OR AY.114 OR AY.116 OR AY.116.1 OR AY.117 OR AY.118 OR AY.119 OR AY.119.1 OR AY.119.2 OR AY.120 OR AY.120.1 OR AY.120.2 OR AY.120.2.1 OR AY.121 OR AY.121.1 OR AY.122 OR AY.122.1 OR AY.122.2 OR AY.122.3 OR AY.122.4 OR AY.122.5 OR AY.122.6 OR AY.123 OR AY.123.1 OR AY.124 OR AY.124.1 OR AY.124.1.1 OR AY.125 OR AY.125.1 OR AY.126 OR AY.127 OR AY.127.1 OR AY.127.2 OR AY.127.3 OR AY.128 OR AY.129 OR AY.130 OR AY.131 OR AY.132 OR AY.133 OR AY.134 OR B.1.617.2,Delta,6.21428571428571,0,0
2022-02-04,18,0,9.28571428571429,0,0,5.3064053418493e-05,0.237610098632903,AY.1 OR AY.2 OR AY.3 OR AY.3.1 OR AY.3.2 OR AY.3.3 OR AY.3.4 OR AY.4 OR AY.4.1 OR AY.4.2 OR AY.4.2.1 OR AY.4.2.2 OR AY.4.2.3 OR AY.4.2.4 OR AY.4.2.5 OR AY.4.3 OR AY.4.4 OR AY.4.5 OR AY.4.6 OR AY.4.7 OR AY.4.8 OR AY.4.9 OR AY.4.10 OR AY.4.11 OR AY.4.12 OR AY.4.13 OR AY.4.14 OR AY.4.15 OR AY.4.16 OR AY.4.17 OR AY.5 OR AY.5.1 OR AY.5.2 OR AY.5.3 OR AY.5.4 OR AY.5.5 OR AY.5.6 OR AY.5.7 OR AY.6 OR AY.7 OR AY.7.1 OR AY.7.2 OR AY.8 OR AY.9 OR AY.9.2 OR AY.9.2.1 OR AY.9.2.2 OR AY.10 OR AY.11 OR AY.13 OR AY.14 OR AY.15 OR AY.16 OR AY.16.1 OR AY.17 OR AY.18 OR AY.19 OR AY.20 OR AY.20.1 OR AY.21 OR AY.22 OR AY.23 OR AY.23.1 OR AY.23.2 OR AY.24 OR AY.24.1 OR AY.25 OR AY.25.1 OR AY.25.1.1 OR AY.25.1.2 OR AY.25.2 OR AY.25.3 OR AY.26 OR AY.26.1 OR AY.27 OR AY.28 OR AY.29 OR AY.29.1 OR AY.29.2 OR AY.30 OR AY.31 OR AY.32 OR AY.33 OR AY.33.1 OR AY.33.2 OR AY.34 OR AY.34.1 OR AY.34.1.1 OR AY.34.2 OR AY.35 OR AY.36 OR AY.36.1 OR AY.37 OR AY.38 OR AY.39 OR AY.39.1 OR AY.39.1.1 OR AY.39.1.2 OR AY.39.1.3 OR AY.39.1.4 OR AY.39.2 OR AY.39.3 OR AY.40 OR AY.41 OR AY.42 OR AY.42.1 OR AY.43 OR AY.43.1 OR AY.43.2 OR AY.43.3 OR AY.43.4 OR AY.43.5 OR AY.43.6 OR AY.43.7 OR AY.43.8 OR AY.43.9 OR AY.44 OR AY.45 OR AY.46 OR AY.46.1 OR AY.46.2 OR AY.46.3 OR AY.46.4 OR AY.46.5 OR AY.46.6 OR AY.46.6.1 OR AY.47 OR AY.48 OR AY.49 OR AY.50 OR AY.51 OR AY.52 OR AY.53 OR AY.54 OR AY.55 OR AY.56 OR AY.57 OR AY.58 OR AY.59 OR AY.60 OR AY.61 OR AY.62 OR AY.63 OR AY.64 OR AY.65 OR AY.66 OR AY.67 OR AY.68 OR AY.69 OR AY.70 OR AY.71 OR AY.72 OR AY.73 OR AY.74 OR AY.75 OR AY.75.2 OR AY.75.3 OR AY.76 OR AY.77 OR AY.78 OR AY.79 OR AY.80 OR AY.81 OR AY.82 OR AY.83 OR AY.84 OR AY.85 OR AY.86 OR AY.87 OR AY.88 OR AY.90 OR AY.91 OR AY.91.1 OR AY.92 OR AY.93 OR AY.94 OR AY.95 OR AY.98 OR AY.98.1 OR AY.98.1.1 OR AY.99 OR AY.99.1 OR AY.99.2 OR AY.100 OR AY.101 OR AY.102 OR AY.102.1 OR AY.102.2 OR AY.103 OR AY.103.1 OR AY.103.2 OR AY.104 OR AY.105 OR AY.106 OR AY.107 OR AY.108 OR AY.109 OR AY.110 OR AY.111 OR AY.112 OR AY.112.1 OR AY.112.2 OR AY.112.3 OR AY.113 OR AY.114 OR AY.116 OR AY.116.1 OR AY.117 OR AY.118 OR AY.119 OR AY.119.1 OR AY.119.2 OR AY.120 OR AY.120.1 OR AY.120.2 OR AY.120.2.1 OR AY.121 OR AY.121.1 OR AY.122 OR AY.122.1 OR AY.122.2 OR AY.122.3 OR AY.122.4 OR AY.122.5 OR AY.122.6 OR AY.123 OR AY.123.1 OR AY.124 OR AY.124.1 OR AY.124.1.1 OR AY.125 OR AY.125.1 OR AY.126 OR AY.127 OR AY.127.1 OR AY.127.2 OR AY.127.3 OR AY.128 OR AY.129 OR AY.130 OR AY.131 OR AY.132 OR AY.133 OR AY.134 OR B.1.617.2,Delta,7.21428571428571,0,0
2022-02-05,2,0,9,0,0,5.3064053418493e-05,0.237610098632903,AY.1 OR AY.2 OR AY.3 OR AY.3.1 OR AY.3.2 OR AY.3.3 OR AY.3.4 OR AY.4 OR AY.4.1 OR AY.4.2 OR AY.4.2.1 OR AY.4.2.2 OR AY.4.2.3 OR AY.4.2.4 OR AY.4.2.5 OR AY.4.3 OR AY.4.4 OR AY.4.5 OR AY.4.6 OR AY.4.7 OR AY.4.8 OR AY.4.9 OR AY.4.10 OR AY.4.11 OR AY.4.12 OR AY.4.13 OR AY.4.14 OR AY.4.15 OR AY.4.16 OR AY.4.17 OR AY.5 OR AY.5.1 OR AY.5.2 OR AY.5.3 OR AY.5.4 OR AY.5.5 OR AY.5.6 OR AY.5.7 OR AY.6 OR AY.7 OR AY.7.1 OR AY.7.2 OR AY.8 OR AY.9 OR AY.9.2 OR AY.9.2.1 OR AY.9.2.2 OR AY.10 OR AY.11 OR AY.13 OR AY.14 OR AY.15 OR AY.16 OR AY.16.1 OR AY.17 OR AY.18 OR AY.19 OR AY.20 OR AY.20.1 OR AY.21 OR AY.22 OR AY.23 OR AY.23.1 OR AY.23.2 OR AY.24 OR AY.24.1 OR AY.25 OR AY.25.1 OR AY.25.1.1 OR AY.25.1.2 OR AY.25.2 OR AY.25.3 OR AY.26 OR AY.26.1 OR AY.27 OR AY.28 OR AY.29 OR AY.29.1 OR AY.29.2 OR AY.30 OR AY.31 OR AY.32 OR AY.33 OR AY.33.1 OR AY.33.2 OR AY.34 OR AY.34.1 OR AY.34.1.1 OR AY.34.2 OR AY.35 OR AY.36 OR AY.36.1 OR AY.37 OR AY.38 OR AY.39 OR AY.39.1 OR AY.39.1.1 OR AY.39.1.2 OR AY.39.1.3 OR AY.39.1.4 OR AY.39.2 OR AY.39.3 OR AY.40 OR AY.41 OR AY.42 OR AY.42.1 OR AY.43 OR AY.43.1 OR AY.43.2 OR AY.43.3 OR AY.43.4 OR AY.43.5 OR AY.43.6 OR AY.43.7 OR AY.43.8 OR AY.43.9 OR AY.44 OR AY.45 OR AY.46 OR AY.46.1 OR AY.46.2 OR AY.46.3 OR AY.46.4 OR AY.46.5 OR AY.46.6 OR AY.46.6.1 OR AY.47 OR AY.48 OR AY.49 OR AY.50 OR AY.51 OR AY.52 OR AY.53 OR AY.54 OR AY.55 OR AY.56 OR AY.57 OR AY.58 OR AY.59 OR AY.60 OR AY.61 OR AY.62 OR AY.63 OR AY.64 OR AY.65 OR AY.66 OR AY.67 OR AY.68 OR AY.69 OR AY.70 OR AY.71 OR AY.72 OR AY.73 OR AY.74 OR AY.75 OR AY.75.2 OR AY.75.3 OR AY.76 OR AY.77 OR AY.78 OR AY.79 OR AY.80 OR AY.81 OR AY.82 OR AY.83 OR AY.84 OR AY.85 OR AY.86 OR AY.87 OR AY.88 OR AY.90 OR AY.91 OR AY.91.1 OR AY.92 OR AY.93 OR AY.94 OR AY.95 OR AY.98 OR AY.98.1 OR AY.98.1.1 OR AY.99 OR AY.99.1 OR AY.99.2 OR AY.100 OR AY.101 OR AY.102 OR AY.102.1 OR AY.102.2 OR AY.103 OR AY.103.1 OR AY.103.2 OR AY.104 OR AY.105 OR AY.106 OR AY.107 OR AY.108 OR AY.109 OR AY.110 OR AY.111 OR AY.112 OR AY.112.1 OR AY.112.2 OR AY.112.3 OR AY.113 OR AY.114 OR AY.116 OR AY.116.1 OR AY.117 OR AY.118 OR AY.119 OR AY.119.1 OR AY.119.2 OR AY.120 OR AY.120.1 OR AY.120.2 OR AY.120.2.1 OR AY.121 OR AY.121.1 OR AY.122 OR AY.122.1 OR AY.122.2 OR AY.122.3 OR AY.122.4 OR AY.122.5 OR AY.122.6 OR AY.123 OR AY.123.1 OR AY.124 OR AY.124.1 OR AY.124.1.1 OR AY.125 OR AY.125.1 OR AY.126 OR AY.127 OR AY.127.1 OR AY.127.2 OR AY.127.3 OR AY.128 OR AY.129 OR AY.130 OR AY.131 OR AY.132 OR AY.133 OR AY.134 OR B.1.617.2,Delta,7.14285714285714,0,0
2022-02-07,6,0,9.5,0,0,4.7890433157582e-05,0.217196267509211,AY.1 OR AY.2 OR AY.3 OR AY.3.1 OR AY.3.2 OR AY.3.3 OR AY.3.4 OR AY.4 OR AY.4.1 OR AY.4.2 OR AY.4.2.1 OR AY.4.2.2 OR AY.4.2.3 OR AY.4.2.4 OR AY.4.2.5 OR AY.4.3 OR AY.4.4 OR AY.4.5 OR AY.4.6 OR AY.4.7 OR AY.4.8 OR AY.4.9 OR AY.4.10 OR AY.4.11 OR AY.4.12 OR AY.4.13 OR AY.4.14 OR AY.4.15 OR AY.4.16 OR AY.4.17 OR AY.5 OR AY.5.1 OR AY.5.2 OR AY.5.3 OR AY.5.4 OR AY.5.5 OR AY.5.6 OR AY.5.7 OR AY.6 OR AY.7 OR AY.7.1 OR AY.7.2 OR AY.8 OR AY.9 OR AY.9.2 OR AY.9.2.1 OR AY.9.2.2 OR AY.10 OR AY.11 OR AY.13 OR AY.14 OR AY.15 OR AY.16 OR AY.16.1 OR AY.17 OR AY.18 OR AY.19 OR AY.20 OR AY.20.1 OR AY.21 OR AY.22 OR AY.23 OR AY.23.1 OR AY.23.2 OR AY.24 OR AY.24.1 OR AY.25 OR AY.25.1 OR AY.25.1.1 OR AY.25.1.2 OR AY.25.2 OR AY.25.3 OR AY.26 OR AY.26.1 OR AY.27 OR AY.28 OR AY.29 OR AY.29.1 OR AY.29.2 OR AY.30 OR AY.31 OR AY.32 OR AY.33 OR AY.33.1 OR AY.33.2 OR AY.34 OR AY.34.1 OR AY.34.1.1 OR AY.34.2 OR AY.35 OR AY.36 OR AY.36.1 OR AY.37 OR AY.38 OR AY.39 OR AY.39.1 OR AY.39.1.1 OR AY.39.1.2 OR AY.39.1.3 OR AY.39.1.4 OR AY.39.2 OR AY.39.3 OR AY.40 OR AY.41 OR AY.42 OR AY.42.1 OR AY.43 OR AY.43.1 OR AY.43.2 OR AY.43.3 OR AY.43.4 OR AY.43.5 OR AY.43.6 OR AY.43.7 OR AY.43.8 OR AY.43.9 OR AY.44 OR AY.45 OR AY.46 OR AY.46.1 OR AY.46.2 OR AY.46.3 OR AY.46.4 OR AY.46.5 OR AY.46.6 OR AY.46.6.1 OR AY.47 OR AY.48 OR AY.49 OR AY.50 OR AY.51 OR AY.52 OR AY.53 OR AY.54 OR AY.55 OR AY.56 OR AY.57 OR AY.58 OR AY.59 OR AY.60 OR AY.61 OR AY.62 OR AY.63 OR AY.64 OR AY.65 OR AY.66 OR AY.67 OR AY.68 OR AY.69 OR AY.70 OR AY.71 OR AY.72 OR AY.73 OR AY.74 OR AY.75 OR AY.75.2 OR AY.75.3 OR AY.76 OR AY.77 OR AY.78 OR AY.79 OR AY.80 OR AY.81 OR AY.82 OR AY.83 OR AY.84 OR AY.85 OR AY.86 OR AY.87 OR AY.88 OR AY.90 OR AY.91 OR AY.91.1 OR AY.92 OR AY.93 OR AY.94 OR AY.95 OR AY.98 OR AY.98.1 OR AY.98.1.1 OR AY.99 OR AY.99.1 OR AY.99.2 OR AY.100 OR AY.101 OR AY.102 OR AY.102.1 OR AY.102.2 OR AY.103 OR AY.103.1 OR AY.103.2 OR AY.104 OR AY.105 OR AY.106 OR AY.107 OR AY.108 OR AY.109 OR AY.110 OR AY.111 OR AY.112 OR AY.112.1 OR AY.112.2 OR AY.112.3 OR AY.113 OR AY.114 OR AY.116 OR AY.116.1 OR AY.117 OR AY.118 OR AY.119 OR AY.119.1 OR AY.119.2 OR AY.120 OR AY.120.1 OR AY.120.2 OR AY.120.2.1 OR AY.121 OR AY.121.1 OR AY.122 OR AY.122.1 OR AY.122.2 OR AY.122.3 OR AY.122.4 OR AY.122.5 OR AY.122.6 OR AY.123 OR AY.123.1 OR AY.124 OR AY.124.1 OR AY.124.1.1 OR AY.125 OR AY.125.1 OR AY.126 OR AY.127 OR AY.127.1 OR AY.127.2 OR AY.127.3 OR AY.128 OR AY.129 OR AY.130 OR AY.131 OR AY.132 OR AY.133 OR AY.134 OR B.1.617.2,Delta,7.5,0,0
2022-02-08,8,0,8.16666666666667,0,0,5.94903028944023e-05,0.262217248717186,AY.1 OR AY.2 OR AY.3 OR AY.3.1 OR AY.3.2 OR AY.3.3 OR AY.3.4 OR AY.4 OR AY.4.1 OR AY.4.2 OR AY.4.2.1 OR AY.4.2.2 OR AY.4.2.3 OR AY.4.2.4 OR AY.4.2.5 OR AY.4.3 OR AY.4.4 OR AY.4.5 OR AY.4.6 OR AY.4.7 OR AY.4.8 OR AY.4.9 OR AY.4.10 OR AY.4.11 OR AY.4.12 OR AY.4.13 OR AY.4.14 OR AY.4.15 OR AY.4.16 OR AY.4.17 OR AY.5 OR AY.5.1 OR AY.5.2 OR AY.5.3 OR AY.5.4 OR AY.5.5 OR AY.5.6 OR AY.5.7 OR AY.6 OR AY.7 OR AY.7.1 OR AY.7.2 OR AY.8 OR AY.9 OR AY.9.2 OR AY.9.2.1 OR AY.9.2.2 OR AY.10 OR AY.11 OR AY.13 OR AY.14 OR AY.15 OR AY.16 OR AY.16.1 OR AY.17 OR AY.18 OR AY.19 OR AY.20 OR AY.20.1 OR AY.21 OR AY.22 OR AY.23 OR AY.23.1 OR AY.23.2 OR AY.24 OR AY.24.1 OR AY.25 OR AY.25.1 OR AY.25.1.1 OR AY.25.1.2 OR AY.25.2 OR AY.25.3 OR AY.26 OR AY.26.1 OR AY.27 OR AY.28 OR AY.29 OR AY.29.1 OR AY.29.2 OR AY.30 OR AY.31 OR AY.32 OR AY.33 OR AY.33.1 OR AY.33.2 OR AY.34 OR AY.34.1 OR AY.34.1.1 OR AY.34.2 OR AY.35 OR AY.36 OR AY.36.1 OR AY.37 OR AY.38 OR AY.39 OR AY.39.1 OR AY.39.1.1 OR AY.39.1.2 OR AY.39.1.3 OR AY.39.1.4 OR AY.39.2 OR AY.39.3 OR AY.40 OR AY.41 OR AY.42 OR AY.42.1 OR AY.43 OR AY.43.1 OR AY.43.2 OR AY.43.3 OR AY.43.4 OR AY.43.5 OR AY.43.6 OR AY.43.7 OR AY.43.8 OR AY.43.9 OR AY.44 OR AY.45 OR AY.46 OR AY.46.1 OR AY.46.2 OR AY.46.3 OR AY.46.4 OR AY.46.5 OR AY.46.6 OR AY.46.6.1 OR AY.47 OR AY.48 OR AY.49 OR AY.50 OR AY.51 OR AY.52 OR AY.53 OR AY.54 OR AY.55 OR AY.56 OR AY.57 OR AY.58 OR AY.59 OR AY.60 OR AY.61 OR AY.62 OR AY.63 OR AY.64 OR AY.65 OR AY.66 OR AY.67 OR AY.68 OR AY.69 OR AY.70 OR AY.71 OR AY.72 OR AY.73 OR AY.74 OR AY.75 OR AY.75.2 OR AY.75.3 OR AY.76 OR AY.77 OR AY.78 OR AY.79 OR AY.80 OR AY.81 OR AY.82 OR AY.83 OR AY.84 OR AY.85 OR AY.86 OR AY.87 OR AY.88 OR AY.90 OR AY.91 OR AY.91.1 OR AY.92 OR AY.93 OR AY.94 OR AY.95 OR AY.98 OR AY.98.1 OR AY.98.1.1 OR AY.99 OR AY.99.1 OR AY.99.2 OR AY.100 OR AY.101 OR AY.102 OR AY.102.1 OR AY.102.2 OR AY.103 OR AY.103.1 OR AY.103.2 OR AY.104 OR AY.105 OR AY.106 OR AY.107 OR AY.108 OR AY.109 OR AY.110 OR AY.111 OR AY.112 OR AY.112.1 OR AY.112.2 OR AY.112.3 OR AY.113 OR AY.114 OR AY.116 OR AY.116.1 OR AY.117 OR AY.118 OR AY.119 OR AY.119.1 OR AY.119.2 OR AY.120 OR AY.120.1 OR AY.120.2 OR AY.120.2.1 OR AY.121 OR AY.121.1 OR AY.122 OR AY.122.1 OR AY.122.2 OR AY.122.3 OR AY.122.4 OR AY.122.5 OR AY.122.6 OR AY.123 OR AY.123.1 OR AY.124 OR AY.124.1 OR AY.124.1.1 OR AY.125 OR AY.125.1 OR AY.126 OR AY.127 OR AY.127.1 OR AY.127.2 OR AY.127.3 OR AY.128 OR AY.129 OR AY.130 OR AY.131 OR AY.132 OR AY.133 OR AY.134 OR B.1.617.2,Delta,7.92857142857143,0,0
2022-02-09,2,0,7.5,0,0,5.94903028944023e-05,0.262217248717186,AY.1 OR AY.2 OR AY.3 OR AY.3.1 OR AY.3.2 OR AY.3.3 OR AY.3.4 OR AY.4 OR AY.4.1 OR AY.4.2 OR AY.4.2.1 OR AY.4.2.2 OR AY.4.2.3 OR AY.4.2.4 OR AY.4.2.5 OR AY.4.3 OR AY.4.4 OR AY.4.5 OR AY.4.6 OR AY.4.7 OR AY.4.8 OR AY.4.9 OR AY.4.10 OR AY.4.11 OR AY.4.12 OR AY.4.13 OR AY.4.14 OR AY.4.15 OR AY.4.16 OR AY.4.17 OR AY.5 OR AY.5.1 OR AY.5.2 OR AY.5.3 OR AY.5.4 OR AY.5.5 OR AY.5.6 OR AY.5.7 OR AY.6 OR AY.7 OR AY.7.1 OR AY.7.2 OR AY.8 OR AY.9 OR AY.9.2 OR AY.9.2.1 OR AY.9.2.2 OR AY.10 OR AY.11 OR AY.13 OR AY.14 OR AY.15 OR AY.16 OR AY.16.1 OR AY.17 OR AY.18 OR AY.19 OR AY.20 OR AY.20.1 OR AY.21 OR AY.22 OR AY.23 OR AY.23.1 OR AY.23.2 OR AY.24 OR AY.24.1 OR AY.25 OR AY.25.1 OR AY.25.1.1 OR AY.25.1.2 OR AY.25.2 OR AY.25.3 OR AY.26 OR AY.26.1 OR AY.27 OR AY.28 OR AY.29 OR AY.29.1 OR AY.29.2 OR AY.30 OR AY.31 OR AY.32 OR AY.33 OR AY.33.1 OR AY.33.2 OR AY.34 OR AY.34.1 OR AY.34.1.1 OR AY.34.2 OR AY.35 OR AY.36 OR AY.36.1 OR AY.37 OR AY.38 OR AY.39 OR AY.39.1 OR AY.39.1.1 OR AY.39.1.2 OR AY.39.1.3 OR AY.39.1.4 OR AY.39.2 OR AY.39.3 OR AY.40 OR AY.41 OR AY.42 OR AY.42.1 OR AY.43 OR AY.43.1 OR AY.43.2 OR AY.43.3 OR AY.43.4 OR AY.43.5 OR AY.43.6 OR AY.43.7 OR AY.43.8 OR AY.43.9 OR AY.44 OR AY.45 OR AY.46 OR AY.46.1 OR AY.46.2 OR AY.46.3 OR AY.46.4 OR AY.46.5 OR AY.46.6 OR AY.46.6.1 OR AY.47 OR AY.48 OR AY.49 OR AY.50 OR AY.51 OR AY.52 OR AY.53 OR AY.54 OR AY.55 OR AY.56 OR AY.57 OR AY.58 OR AY.59 OR AY.60 OR AY.61 OR AY.62 OR AY.63 OR AY.64 OR AY.65 OR AY.66 OR AY.67 OR AY.68 OR AY.69 OR AY.70 OR AY.71 OR AY.72 OR AY.73 OR AY.74 OR AY.75 OR AY.75.2 OR AY.75.3 OR AY.76 OR AY.77 OR AY.78 OR AY.79 OR AY.80 OR AY.81 OR AY.82 OR AY.83 OR AY.84 OR AY.85 OR AY.86 OR AY.87 OR AY.88 OR AY.90 OR AY.91 OR AY.91.1 OR AY.92 OR AY.93 OR AY.94 OR AY.95 OR AY.98 OR AY.98.1 OR AY.98.1.1 OR AY.99 OR AY.99.1 OR AY.99.2 OR AY.100 OR AY.101 OR AY.102 OR AY.102.1 OR AY.102.2 OR AY.103 OR AY.103.1 OR AY.103.2 OR AY.104 OR AY.105 OR AY.106 OR AY.107 OR AY.108 OR AY.109 OR AY.110 OR AY.111 OR AY.112 OR AY.112.1 OR AY.112.2 OR AY.112.3 OR AY.113 OR AY.114 OR AY.116 OR AY.116.1 OR AY.117 OR AY.118 OR AY.119 OR AY.119.1 OR AY.119.2 OR AY.120 OR AY.120.1 OR AY.120.2 OR AY.120.2.1 OR AY.121 OR AY.121.1 OR AY.122 OR AY.122.1 OR AY.122.2 OR AY.122.3 OR AY.122.4 OR AY.122.5 OR AY.122.6 OR AY.123 OR AY.123.1 OR AY.124 OR AY.124.1 OR AY.124.1.1 OR AY.125 OR AY.125.1 OR AY.126 OR AY.127 OR AY.127.1 OR AY.127.2 OR AY.127.3 OR AY.128 OR AY.129 OR AY.130 OR AY.131 OR AY.132 OR AY.133 OR AY.134 OR B.1.617.2,Delta,7.85714285714286,0,0
2022-02-10,2,1,6.33333333333333,0.166666666666667,0.0263157894736842,7.84998483662082e-05,0.33038890915155,AY.1 OR AY.2 OR AY.3 OR AY.3.1 OR AY.3.2 OR AY.3.3 OR AY.3.4 OR AY.4 OR AY.4.1 OR AY.4.2 OR AY.4.2.1 OR AY.4.2.2 OR AY.4.2.3 OR AY.4.2.4 OR AY.4.2.5 OR AY.4.3 OR AY.4.4 OR AY.4.5 OR AY.4.6 OR AY.4.7 OR AY.4.8 OR AY.4.9 OR AY.4.10 OR AY.4.11 OR AY.4.12 OR AY.4.13 OR AY.4.14 OR AY.4.15 OR AY.4.16 OR AY.4.17 OR AY.5 OR AY.5.1 OR AY.5.2 OR AY.5.3 OR AY.5.4 OR AY.5.5 OR AY.5.6 OR AY.5.7 OR AY.6 OR AY.7 OR AY.7.1 OR AY.7.2 OR AY.8 OR AY.9 OR AY.9.2 OR AY.9.2.1 OR AY.9.2.2 OR AY.10 OR AY.11 OR AY.13 OR AY.14 OR AY.15 OR AY.16 OR AY.16.1 OR AY.17 OR AY.18 OR AY.19 OR AY.20 OR AY.20.1 OR AY.21 OR AY.22 OR AY.23 OR AY.23.1 OR AY.23.2 OR AY.24 OR AY.24.1 OR AY.25 OR AY.25.1 OR AY.25.1.1 OR AY.25.1.2 OR AY.25.2 OR AY.25.3 OR AY.26 OR AY.26.1 OR AY.27 OR AY.28 OR AY.29 OR AY.29.1 OR AY.29.2 OR AY.30 OR AY.31 OR AY.32 OR AY.33 OR AY.33.1 OR AY.33.2 OR AY.34 OR AY.34.1 OR AY.34.1.1 OR AY.34.2 OR AY.35 OR AY.36 OR AY.36.1 OR AY.37 OR AY.38 OR AY.39 OR AY.39.1 OR AY.39.1.1 OR AY.39.1.2 OR AY.39.1.3 OR AY.39.1.4 OR AY.39.2 OR AY.39.3 OR AY.40 OR AY.41 OR AY.42 OR AY.42.1 OR AY.43 OR AY.43.1 OR AY.43.2 OR AY.43.3 OR AY.43.4 OR AY.43.5 OR AY.43.6 OR AY.43.7 OR AY.43.8 OR AY.43.9 OR AY.44 OR AY.45 OR AY.46 OR AY.46.1 OR AY.46.2 OR AY.46.3 OR AY.46.4 OR AY.46.5 OR AY.46.6 OR AY.46.6.1 OR AY.47 OR AY.48 OR AY.49 OR AY.50 OR AY.51 OR AY.52 OR AY.53 OR AY.54 OR AY.55 OR AY.56 OR AY.57 OR AY.58 OR AY.59 OR AY.60 OR AY.61 OR AY.62 OR AY.63 OR AY.64 OR AY.65 OR AY.66 OR AY.67 OR AY.68 OR AY.69 OR AY.70 OR AY.71 OR AY.72 OR AY.73 OR AY.74 OR AY.75 OR AY.75.2 OR AY.75.3 OR AY.76 OR AY.77 OR AY.78 OR AY.79 OR AY.80 OR AY.81 OR AY.82 OR AY.83 OR AY.84 OR AY.85 OR AY.86 OR AY.87 OR AY.88 OR AY.90 OR AY.91 OR AY.91.1 OR AY.92 OR AY.93 OR AY.94 OR AY.95 OR AY.98 OR AY.98.1 OR AY.98.1.1 OR AY.99 OR AY.99.1 OR AY.99.2 OR AY.100 OR AY.101 OR AY.102 OR AY.102.1 OR AY.102.2 OR AY.103 OR AY.103.1 OR AY.103.2 OR AY.104 OR AY.105 OR AY.106 OR AY.107 OR AY.108 OR AY.109 OR AY.110 OR AY.111 OR AY.112 OR AY.112.1 OR AY.112.2 OR AY.112.3 OR AY.113 OR AY.114 OR AY.116 OR AY.116.1 OR AY.117 OR AY.118 OR AY.119 OR AY.119.1 OR AY.119.2 OR AY.120 OR AY.120.1 OR AY.120.2 OR AY.120.2.1 OR AY.121 OR AY.121.1 OR AY.122 OR AY.122.1 OR AY.122.2 OR AY.122.3 OR AY.122.4 OR AY.122.5 OR AY.122.6 OR AY.123 OR AY.123.1 OR AY.124 OR AY.124.1 OR AY.124.1.1 OR AY.125 OR AY.125.1 OR AY.126 OR AY.127 OR AY.127.1 OR AY.127.2 OR AY.127.3 OR AY.128 OR AY.129 OR AY.130 OR AY.131 OR AY.132 OR AY.133 OR AY.134 OR B.1.617.2,Delta,7.78571428571429,0.0714285714285714,0.0091743119266055
2022-02-11,5,0,4.16666666666667,0.166666666666667,0.04,0.000115332788238275,0.44476261765764,AY.1 OR AY.2 OR AY.3 OR AY.3.1 OR AY.3.2 OR AY.3.3 OR AY.3.4 OR AY.4 OR AY.4.1 OR AY.4.2 OR AY.4.2.1 OR AY.4.2.2 OR AY.4.2.3 OR AY.4.2.4 OR AY.4.2.5 OR AY.4.3 OR AY.4.4 OR AY.4.5 OR AY.4.6 OR AY.4.7 OR AY.4.8 OR AY.4.9 OR AY.4.10 OR AY.4.11 OR AY.4.12 OR AY.4.13 OR AY.4.14 OR AY.4.15 OR AY.4.16 OR AY.4.17 OR AY.5 OR AY.5.1 OR AY.5.2 OR AY.5.3 OR AY.5.4 OR AY.5.5 OR AY.5.6 OR AY.5.7 OR AY.6 OR AY.7 OR AY.7.1 OR AY.7.2 OR AY.8 OR AY.9 OR AY.9.2 OR AY.9.2.1 OR AY.9.2.2 OR AY.10 OR AY.11 OR AY.13 OR AY.14 OR AY.15 OR AY.16 OR AY.16.1 OR AY.17 OR AY.18 OR AY.19 OR AY.20 OR AY.20.1 OR AY.21 OR AY.22 OR AY.23 OR AY.23.1 OR AY.23.2 OR AY.24 OR AY.24.1 OR AY.25 OR AY.25.1 OR AY.25.1.1 OR AY.25.1.2 OR AY.25.2 OR AY.25.3 OR AY.26 OR AY.26.1 OR AY.27 OR AY.28 OR AY.29 OR AY.29.1 OR AY.29.2 OR AY.30 OR AY.31 OR AY.32 OR AY.33 OR AY.33.1 OR AY.33.2 OR AY.34 OR AY.34.1 OR AY.34.1.1 OR AY.34.2 OR AY.35 OR AY.36 OR AY.36.1 OR AY.37 OR AY.38 OR AY.39 OR AY.39.1 OR AY.39.1.1 OR AY.39.1.2 OR AY.39.1.3 OR AY.39.1.4 OR AY.39.2 OR AY.39.3 OR AY.40 OR AY.41 OR AY.42 OR AY.42.1 OR AY.43 OR AY.43.1 OR AY.43.2 OR AY.43.3 OR AY.43.4 OR AY.43.5 OR AY.43.6 OR AY.43.7 OR AY.43.8 OR AY.43.9 OR AY.44 OR AY.45 OR AY.46 OR AY.46.1 OR AY.46.2 OR AY.46.3 OR AY.46.4 OR AY.46.5 OR AY.46.6 OR AY.46.6.1 OR AY.47 OR AY.48 OR AY.49 OR AY.50 OR AY.51 OR AY.52 OR AY.53 OR AY.54 OR AY.55 OR AY.56 OR AY.57 OR AY.58 OR AY.59 OR AY.60 OR AY.61 OR AY.62 OR AY.63 OR AY.64 OR AY.65 OR AY.66 OR AY.67 OR AY.68 OR AY.69 OR AY.70 OR AY.71 OR AY.72 OR AY.73 OR AY.74 OR AY.75 OR AY.75.2 OR AY.75.3 OR AY.76 OR AY.77 OR AY.78 OR AY.79 OR AY.80 OR AY.81 OR AY.82 OR AY.83 OR AY.84 OR AY.85 OR AY.86 OR AY.87 OR AY.88 OR AY.90 OR AY.91 OR AY.91.1 OR AY.92 OR AY.93 OR AY.94 OR AY.95 OR AY.98 OR AY.98.1 OR AY.98.1.1 OR AY.99 OR AY.99.1 OR AY.99.2 OR AY.100 OR AY.101 OR AY.102 OR AY.102.1 OR AY.102.2 OR AY.103 OR AY.103.1 OR AY.103.2 OR AY.104 OR AY.105 OR AY.106 OR AY.107 OR AY.108 OR AY.109 OR AY.110 OR AY.111 OR AY.112 OR AY.112.1 OR AY.112.2 OR AY.112.3 OR AY.113 OR AY.114 OR AY.116 OR AY.116.1 OR AY.117 OR AY.118 OR AY.119 OR AY.119.1 OR AY.119.2 OR AY.120 OR AY.120.1 OR AY.120.2 OR AY.120.2.1 OR AY.121 OR AY.121.1 OR AY.122 OR AY.122.1 OR AY.122.2 OR AY.122.3 OR AY.122.4 OR AY.122.5 OR AY.122.6 OR AY.123 OR AY.123.1 OR AY.124 OR AY.124.1 OR AY.124.1.1 OR AY.125 OR AY.125.1 OR AY.126 OR AY.127 OR AY.127.1 OR AY.127.2 OR AY.127.3 OR AY.128 OR AY.129 OR AY.130 OR AY.131 OR AY.132 OR AY.133 OR AY.134 OR B.1.617.2,Delta,7.71428571428571,0.0714285714285714,0.00925925925925926
2022-02-13,2,0,4.16666666666667,0.166666666666667,0.04,0.000115332788238275,0.44476261765764,AY.1 OR AY.2 OR AY.3 OR AY.3.1 OR AY.3.2 OR AY.3.3 OR AY.3.4 OR AY.4 OR AY.4.1 OR AY.4.2 OR AY.4.2.1 OR AY.4.2.2 OR AY.4.2.3 OR AY.4.2.4 OR AY.4.2.5 OR AY.4.3 OR AY.4.4 OR AY.4.5 OR AY.4.6 OR AY.4.7 OR AY.4.8 OR AY.4.9 OR AY.4.10 OR AY.4.11 OR AY.4.12 OR AY.4.13 OR AY.4.14 OR AY.4.15 OR AY.4.16 OR AY.4.17 OR AY.5 OR AY.5.1 OR AY.5.2 OR AY.5.3 OR AY.5.4 OR AY.5.5 OR AY.5.6 OR AY.5.7 OR AY.6 OR AY.7 OR AY.7.1 OR AY.7.2 OR AY.8 OR AY.9 OR AY.9.2 OR AY.9.2.1 OR AY.9.2.2 OR AY.10 OR AY.11 OR AY.13 OR AY.14 OR AY.15 OR AY.16 OR AY.16.1 OR AY.17 OR AY.18 OR AY.19 OR AY.20 OR AY.20.1 OR AY.21 OR AY.22 OR AY.23 OR AY.23.1 OR AY.23.2 OR AY.24 OR AY.24.1 OR AY.25 OR AY.25.1 OR AY.25.1.1 OR AY.25.1.2 OR AY.25.2 OR AY.25.3 OR AY.26 OR AY.26.1 OR AY.27 OR AY.28 OR AY.29 OR AY.29.1 OR AY.29.2 OR AY.30 OR AY.31 OR AY.32 OR AY.33 OR AY.33.1 OR AY.33.2 OR AY.34 OR AY.34.1 OR AY.34.1.1 OR AY.34.2 OR AY.35 OR AY.36 OR AY.36.1 OR AY.37 OR AY.38 OR AY.39 OR AY.39.1 OR AY.39.1.1 OR AY.39.1.2 OR AY.39.1.3 OR AY.39.1.4 OR AY.39.2 OR AY.39.3 OR AY.40 OR AY.41 OR AY.42 OR AY.42.1 OR AY.43 OR AY.43.1 OR AY.43.2 OR AY.43.3 OR AY.43.4 OR AY.43.5 OR AY.43.6 OR AY.43.7 OR AY.43.8 OR AY.43.9 OR AY.44 OR AY.45 OR AY.46 OR AY.46.1 OR AY.46.2 OR AY.46.3 OR AY.46.4 OR AY.46.5 OR AY.46.6 OR AY.46.6.1 OR AY.47 OR AY.48 OR AY.49 OR AY.50 OR AY.51 OR AY.52 OR AY.53 OR AY.54 OR AY.55 OR AY.56 OR AY.57 OR AY.58 OR AY.59 OR AY.60 OR AY.61 OR AY.62 OR AY.63 OR AY.64 OR AY.65 OR AY.66 OR AY.67 OR AY.68 OR AY.69 OR AY.70 OR AY.71 OR AY.72 OR AY.73 OR AY.74 OR AY.75 OR AY.75.2 OR AY.75.3 OR AY.76 OR AY.77 OR AY.78 OR AY.79 OR AY.80 OR AY.81 OR AY.82 OR AY.83 OR AY.84 OR AY.85 OR AY.86 OR AY.87 OR AY.88 OR AY.90 OR AY.91 OR AY.91.1 OR AY.92 OR AY.93 OR AY.94 OR AY.95 OR AY.98 OR AY.98.1 OR AY.98.1.1 OR AY.99 OR AY.99.1 OR AY.99.2 OR AY.100 OR AY.101 OR AY.102 OR AY.102.1 OR AY.102.2 OR AY.103 OR AY.103.1 OR AY.103.2 OR AY.104 OR AY.105 OR AY.106 OR AY.107 OR AY.108 OR AY.109 OR AY.110 OR AY.111 OR AY.112 OR AY.112.1 OR AY.112.2 OR AY.112.3 OR AY.113 OR AY.114 OR AY.116 OR AY.116.1 OR AY.117 OR AY.118 OR AY.119 OR AY.119.1 OR AY.119.2 OR AY.120 OR AY.120.1 OR AY.120.2 OR AY.120.2.1 OR AY.121 OR AY.121.1 OR AY.122 OR AY.122.1 OR AY.122.2 OR AY.122.3 OR AY.122.4 OR AY.122.5 OR AY.122.6 OR AY.123 OR AY.123.1 OR AY.124 OR AY.124.1 OR AY.124.1.1 OR AY.125 OR AY.125.1 OR AY.126 OR AY.127 OR AY.127.1 OR AY.127.2 OR AY.127.3 OR AY.128 OR AY.129 OR AY.130 OR AY.131 OR AY.132 OR AY.133 OR AY.134 OR B.1.617.2,Delta,6.57142857142857,0.0714285714285714,0.0108695652173913
2022-02-14,3,0,3.66666666666667,0.166666666666667,0.0454545454545455,0.000115332788238275,0.44476261765764,AY.1 OR AY.2 OR AY.3 OR AY.3.1 OR AY.3.2 OR AY.3.3 OR AY.3.4 OR AY.4 OR AY.4.1 OR AY.4.2 OR AY.4.2.1 OR AY.4.2.2 OR AY.4.2.3 OR AY.4.2.4 OR AY.4.2.5 OR AY.4.3 OR AY.4.4 OR AY.4.5 OR AY.4.6 OR AY.4.7 OR AY.4.8 OR AY.4.9 OR AY.4.10 OR AY.4.11 OR AY.4.12 OR AY.4.13 OR AY.4.14 OR AY.4.15 OR AY.4.16 OR AY.4.17 OR AY.5 OR AY.5.1 OR AY.5.2 OR AY.5.3 OR AY.5.4 OR AY.5.5 OR AY.5.6 OR AY.5.7 OR AY.6 OR AY.7 OR AY.7.1 OR AY.7.2 OR AY.8 OR AY.9 OR AY.9.2 OR AY.9.2.1 OR AY.9.2.2 OR AY.10 OR AY.11 OR AY.13 OR AY.14 OR AY.15 OR AY.16 OR AY.16.1 OR AY.17 OR AY.18 OR AY.19 OR AY.20 OR AY.20.1 OR AY.21 OR AY.22 OR AY.23 OR AY.23.1 OR AY.23.2 OR AY.24 OR AY.24.1 OR AY.25 OR AY.25.1 OR AY.25.1.1 OR AY.25.1.2 OR AY.25.2 OR AY.25.3 OR AY.26 OR AY.26.1 OR AY.27 OR AY.28 OR AY.29 OR AY.29.1 OR AY.29.2 OR AY.30 OR AY.31 OR AY.32 OR AY.33 OR AY.33.1 OR AY.33.2 OR AY.34 OR AY.34.1 OR AY.34.1.1 OR AY.34.2 OR AY.35 OR AY.36 OR AY.36.1 OR AY.37 OR AY.38 OR AY.39 OR AY.39.1 OR AY.39.1.1 OR AY.39.1.2 OR AY.39.1.3 OR AY.39.1.4 OR AY.39.2 OR AY.39.3 OR AY.40 OR AY.41 OR AY.42 OR AY.42.1 OR AY.43 OR AY.43.1 OR AY.43.2 OR AY.43.3 OR AY.43.4 OR AY.43.5 OR AY.43.6 OR AY.43.7 OR AY.43.8 OR AY.43.9 OR AY.44 OR AY.45 OR AY.46 OR AY.46.1 OR AY.46.2 OR AY.46.3 OR AY.46.4 OR AY.46.5 OR AY.46.6 OR AY.46.6.1 OR AY.47 OR AY.48 OR AY.49 OR AY.50 OR AY.51 OR AY.52 OR AY.53 OR AY.54 OR AY.55 OR AY.56 OR AY.57 OR AY.58 OR AY.59 OR AY.60 OR AY.61 OR AY.62 OR AY.63 OR AY.64 OR AY.65 OR AY.66 OR AY.67 OR AY.68 OR AY.69 OR AY.70 OR AY.71 OR AY.72 OR AY.73 OR AY.74 OR AY.75 OR AY.75.2 OR AY.75.3 OR AY.76 OR AY.77 OR AY.78 OR AY.79 OR AY.80 OR AY.81 OR AY.82 OR AY.83 OR AY.84 OR AY.85 OR AY.86 OR AY.87 OR AY.88 OR AY.90 OR AY.91 OR AY.91.1 OR AY.92 OR AY.93 OR AY.94 OR AY.95 OR AY.98 OR AY.98.1 OR AY.98.1.1 OR AY.99 OR AY.99.1 OR AY.99.2 OR AY.100 OR AY.101 OR AY.102 OR AY.102.1 OR AY.102.2 OR AY.103 OR AY.103.1 OR AY.103.2 OR AY.104 OR AY.105 OR AY.106 OR AY.107 OR AY.108 OR AY.109 OR AY.110 OR AY.111 OR AY.112 OR AY.112.1 OR AY.112.2 OR AY.112.3 OR AY.113 OR AY.114 OR AY.116 OR AY.116.1 OR AY.117 OR AY.118 OR AY.119 OR AY.119.1 OR AY.119.2 OR AY.120 OR AY.120.1 OR AY.120.2 OR AY.120.2.1 OR AY.121 OR AY.121.1 OR AY.122 OR AY.122.1 OR AY.122.2 OR AY.122.3 OR AY.122.4 OR AY.122.5 OR AY.122.6 OR AY.123 OR AY.123.1 OR AY.124 OR AY.124.1 OR AY.124.1.1 OR AY.125 OR AY.125.1 OR AY.126 OR AY.127 OR AY.127.1 OR AY.127.2 OR AY.127.3 OR AY.128 OR AY.129 OR AY.130 OR AY.131 OR AY.132 OR AY.133 OR AY.134 OR B.1.617.2,Delta,6.5,0.0714285714285714,0.010989010989011
2022-02-15,5,0,3.16666666666667,0.166666666666667,0.0526315789473684,0.000150636025436569,0.53558324304295,AY.1 OR AY.2 OR AY.3 OR AY.3.1 OR AY.3.2 OR AY.3.3 OR AY.3.4 OR AY.4 OR AY.4.1 OR AY.4.2 OR AY.4.2.1 OR AY.4.2.2 OR AY.4.2.3 OR AY.4.2.4 OR AY.4.2.5 OR AY.4.3 OR AY.4.4 OR AY.4.5 OR AY.4.6 OR AY.4.7 OR AY.4.8 OR AY.4.9 OR AY.4.10 OR AY.4.11 OR AY.4.12 OR AY.4.13 OR AY.4.14 OR AY.4.15 OR AY.4.16 OR AY.4.17 OR AY.5 OR AY.5.1 OR AY.5.2 OR AY.5.3 OR AY.5.4 OR AY.5.5 OR AY.5.6 OR AY.5.7 OR AY.6 OR AY.7 OR AY.7.1 OR AY.7.2 OR AY.8 OR AY.9 OR AY.9.2 OR AY.9.2.1 OR AY.9.2.2 OR AY.10 OR AY.11 OR AY.13 OR AY.14 OR AY.15 OR AY.16 OR AY.16.1 OR AY.17 OR AY.18 OR AY.19 OR AY.20 OR AY.20.1 OR AY.21 OR AY.22 OR AY.23 OR AY.23.1 OR AY.23.2 OR AY.24 OR AY.24.1 OR AY.25 OR AY.25.1 OR AY.25.1.1 OR AY.25.1.2 OR AY.25.2 OR AY.25.3 OR AY.26 OR AY.26.1 OR AY.27 OR AY.28 OR AY.29 OR AY.29.1 OR AY.29.2 OR AY.30 OR AY.31 OR AY.32 OR AY.33 OR AY.33.1 OR AY.33.2 OR AY.34 OR AY.34.1 OR AY.34.1.1 OR AY.34.2 OR AY.35 OR AY.36 OR AY.36.1 OR AY.37 OR AY.38 OR AY.39 OR AY.39.1 OR AY.39.1.1 OR AY.39.1.2 OR AY.39.1.3 OR AY.39.1.4 OR AY.39.2 OR AY.39.3 OR AY.40 OR AY.41 OR AY.42 OR AY.42.1 OR AY.43 OR AY.43.1 OR AY.43.2 OR AY.43.3 OR AY.43.4 OR AY.43.5 OR AY.43.6 OR AY.43.7 OR AY.43.8 OR AY.43.9 OR AY.44 OR AY.45 OR AY.46 OR AY.46.1 OR AY.46.2 OR AY.46.3 OR AY.46.4 OR AY.46.5 OR AY.46.6 OR AY.46.6.1 OR AY.47 OR AY.48 OR AY.49 OR AY.50 OR AY.51 OR AY.52 OR AY.53 OR AY.54 OR AY.55 OR AY.56 OR AY.57 OR AY.58 OR AY.59 OR AY.60 OR AY.61 OR AY.62 OR AY.63 OR AY.64 OR AY.65 OR AY.66 OR AY.67 OR AY.68 OR AY.69 OR AY.70 OR AY.71 OR AY.72 OR AY.73 OR AY.74 OR AY.75 OR AY.75.2 OR AY.75.3 OR AY.76 OR AY.77 OR AY.78 OR AY.79 OR AY.80 OR AY.81 OR AY.82 OR AY.83 OR AY.84 OR AY.85 OR AY.86 OR AY.87 OR AY.88 OR AY.90 OR AY.91 OR AY.91.1 OR AY.92 OR AY.93 OR AY.94 OR AY.95 OR AY.98 OR AY.98.1 OR AY.98.1.1 OR AY.99 OR AY.99.1 OR AY.99.2 OR AY.100 OR AY.101 OR AY.102 OR AY.102.1 OR AY.102.2 OR AY.103 OR AY.103.1 OR AY.103.2 OR AY.104 OR AY.105 OR AY.106 OR AY.107 OR AY.108 OR AY.109 OR AY.110 OR AY.111 OR AY.112 OR AY.112.1 OR AY.112.2 OR AY.112.3 OR AY.113 OR AY.114 OR AY.116 OR AY.116.1 OR AY.117 OR AY.118 OR AY.119 OR AY.119.1 OR AY.119.2 OR AY.120 OR AY.120.1 OR AY.120.2 OR AY.120.2.1 OR AY.121 OR AY.121.1 OR AY.122 OR AY.122.1 OR AY.122.2 OR AY.122.3 OR AY.122.4 OR AY.122.5 OR AY.122.6 OR AY.123 OR AY.123.1 OR AY.124 OR AY.124.1 OR AY.124.1.1 OR AY.125 OR AY.125.1 OR AY.126 OR AY.127 OR AY.127.1 OR AY.127.2 OR AY.127.3 OR AY.128 OR AY.129 OR AY.130 OR AY.131 OR AY.132 OR AY.133 OR AY.134 OR B.1.617.2,Delta,6.71428571428571,0.0714285714285714,0.0106382978723404
2022-02-16,3,0,3.33333333333333,0.166666666666667,0.05,0.000150636025436569,0.53558324304295,AY.1 OR AY.2 OR AY.3 OR AY.3.1 OR AY.3.2 OR AY.3.3 OR AY.3.4 OR AY.4 OR AY.4.1 OR AY.4.2 OR AY.4.2.1 OR AY.4.2.2 OR AY.4.2.3 OR AY.4.2.4 OR AY.4.2.5 OR AY.4.3 OR AY.4.4 OR AY.4.5 OR AY.4.6 OR AY.4.7 OR AY.4.8 OR AY.4.9 OR AY.4.10 OR AY.4.11 OR AY.4.12 OR AY.4.13 OR AY.4.14 OR AY.4.15 OR AY.4.16 OR AY.4.17 OR AY.5 OR AY.5.1 OR AY.5.2 OR AY.5.3 OR AY.5.4 OR AY.5.5 OR AY.5.6 OR AY.5.7 OR AY.6 OR AY.7 OR AY.7.1 OR AY.7.2 OR AY.8 OR AY.9 OR AY.9.2 OR AY.9.2.1 OR AY.9.2.2 OR AY.10 OR AY.11 OR AY.13 OR AY.14 OR AY.15 OR AY.16 OR AY.16.1 OR AY.17 OR AY.18 OR AY.19 OR AY.20 OR AY.20.1 OR AY.21 OR AY.22 OR AY.23 OR AY.23.1 OR AY.23.2 OR AY.24 OR AY.24.1 OR AY.25 OR AY.25.1 OR AY.25.1.1 OR AY.25.1.2 OR AY.25.2 OR AY.25.3 OR AY.26 OR AY.26.1 OR AY.27 OR AY.28 OR AY.29 OR AY.29.1 OR AY.29.2 OR AY.30 OR AY.31 OR AY.32 OR AY.33 OR AY.33.1 OR AY.33.2 OR AY.34 OR AY.34.1 OR AY.34.1.1 OR AY.34.2 OR AY.35 OR AY.36 OR AY.36.1 OR AY.37 OR AY.38 OR AY.39 OR AY.39.1 OR AY.39.1.1 OR AY.39.1.2 OR AY.39.1.3 OR AY.39.1.4 OR AY.39.2 OR AY.39.3 OR AY.40 OR AY.41 OR AY.42 OR AY.42.1 OR AY.43 OR AY.43.1 OR AY.43.2 OR AY.43.3 OR AY.43.4 OR AY.43.5 OR AY.43.6 OR AY.43.7 OR AY.43.8 OR AY.43.9 OR AY.44 OR AY.45 OR AY.46 OR AY.46.1 OR AY.46.2 OR AY.46.3 OR AY.46.4 OR AY.46.5 OR AY.46.6 OR AY.46.6.1 OR AY.47 OR AY.48 OR AY.49 OR AY.50 OR AY.51 OR AY.52 OR AY.53 OR AY.54 OR AY.55 OR AY.56 OR AY.57 OR AY.58 OR AY.59 OR AY.60 OR AY.61 OR AY.62 OR AY.63 OR AY.64 OR AY.65 OR AY.66 OR AY.67 OR AY.68 OR AY.69 OR AY.70 OR AY.71 OR AY.72 OR AY.73 OR AY.74 OR AY.75 OR AY.75.2 OR AY.75.3 OR AY.76 OR AY.77 OR AY.78 OR AY.79 OR AY.80 OR AY.81 OR AY.82 OR AY.83 OR AY.84 OR AY.85 OR AY.86 OR AY.87 OR AY.88 OR AY.90 OR AY.91 OR AY.91.1 OR AY.92 OR AY.93 OR AY.94 OR AY.95 OR AY.98 OR AY.98.1 OR AY.98.1.1 OR AY.99 OR AY.99.1 OR AY.99.2 OR AY.100 OR AY.101 OR AY.102 OR AY.102.1 OR AY.102.2 OR AY.103 OR AY.103.1 OR AY.103.2 OR AY.104 OR AY.105 OR AY.106 OR AY.107 OR AY.108 OR AY.109 OR AY.110 OR AY.111 OR AY.112 OR AY.112.1 OR AY.112.2 OR AY.112.3 OR AY.113 OR AY.114 OR AY.116 OR AY.116.1 OR AY.117 OR AY.118 OR AY.119 OR AY.119.1 OR AY.119.2 OR AY.120 OR AY.120.1 OR AY.120.2 OR AY.120.2.1 OR AY.121 OR AY.121.1 OR AY.122 OR AY.122.1 OR AY.122.2 OR AY.122.3 OR AY.122.4 OR AY.122.5 OR AY.122.6 OR AY.123 OR AY.123.1 OR AY.124 OR AY.124.1 OR AY.124.1.1 OR AY.125 OR AY.125.1 OR AY.126 OR AY.127 OR AY.127.1 OR AY.127.2 OR AY.127.3 OR AY.128 OR AY.129 OR AY.130 OR AY.131 OR AY.132 OR AY.133 OR AY.134 OR B.1.617.2,Delta,6.21428571428571,0.0714285714285714,0.0114942528735632
2022-02-17,1,0,3.16666666666667,0,0,0.000150636025436569,0.53558324304295,AY.1 OR AY.2 OR AY.3 OR AY.3.1 OR AY.3.2 OR AY.3.3 OR AY.3.4 OR AY.4 OR AY.4.1 OR AY.4.2 OR AY.4.2.1 OR AY.4.2.2 OR AY.4.2.3 OR AY.4.2.4 OR AY.4.2.5 OR AY.4.3 OR AY.4.4 OR AY.4.5 OR AY.4.6 OR AY.4.7 OR AY.4.8 OR AY.4.9 OR AY.4.10 OR AY.4.11 OR AY.4.12 OR AY.4.13 OR AY.4.14 OR AY.4.15 OR AY.4.16 OR AY.4.17 OR AY.5 OR AY.5.1 OR AY.5.2 OR AY.5.3 OR AY.5.4 OR AY.5.5 OR AY.5.6 OR AY.5.7 OR AY.6 OR AY.7 OR AY.7.1 OR AY.7.2 OR AY.8 OR AY.9 OR AY.9.2 OR AY.9.2.1 OR AY.9.2.2 OR AY.10 OR AY.11 OR AY.13 OR AY.14 OR AY.15 OR AY.16 OR AY.16.1 OR AY.17 OR AY.18 OR AY.19 OR AY.20 OR AY.20.1 OR AY.21 OR AY.22 OR AY.23 OR AY.23.1 OR AY.23.2 OR AY.24 OR AY.24.1 OR AY.25 OR AY.25.1 OR AY.25.1.1 OR AY.25.1.2 OR AY.25.2 OR AY.25.3 OR AY.26 OR AY.26.1 OR AY.27 OR AY.28 OR AY.29 OR AY.29.1 OR AY.29.2 OR AY.30 OR AY.31 OR AY.32 OR AY.33 OR AY.33.1 OR AY.33.2 OR AY.34 OR AY.34.1 OR AY.34.1.1 OR AY.34.2 OR AY.35 OR AY.36 OR AY.36.1 OR AY.37 OR AY.38 OR AY.39 OR AY.39.1 OR AY.39.1.1 OR AY.39.1.2 OR AY.39.1.3 OR AY.39.1.4 OR AY.39.2 OR AY.39.3 OR AY.40 OR AY.41 OR AY.42 OR AY.42.1 OR AY.43 OR AY.43.1 OR AY.43.2 OR AY.43.3 OR AY.43.4 OR AY.43.5 OR AY.43.6 OR AY.43.7 OR AY.43.8 OR AY.43.9 OR AY.44 OR AY.45 OR AY.46 OR AY.46.1 OR AY.46.2 OR AY.46.3 OR AY.46.4 OR AY.46.5 OR AY.46.6 OR AY.46.6.1 OR AY.47 OR AY.48 OR AY.49 OR AY.50 OR AY.51 OR AY.52 OR AY.53 OR AY.54 OR AY.55 OR AY.56 OR AY.57 OR AY.58 OR AY.59 OR AY.60 OR AY.61 OR AY.62 OR AY.63 OR AY.64 OR AY.65 OR AY.66 OR AY.67 OR AY.68 OR AY.69 OR AY.70 OR AY.71 OR AY.72 OR AY.73 OR AY.74 OR AY.75 OR AY.75.2 OR AY.75.3 OR AY.76 OR AY.77 OR AY.78 OR AY.79 OR AY.80 OR AY.81 OR AY.82 OR AY.83 OR AY.84 OR AY.85 OR AY.86 OR AY.87 OR AY.88 OR AY.90 OR AY.91 OR AY.91.1 OR AY.92 OR AY.93 OR AY.94 OR AY.95 OR AY.98 OR AY.98.1 OR AY.98.1.1 OR AY.99 OR AY.99.1 OR AY.99.2 OR AY.100 OR AY.101 OR AY.102 OR AY.102.1 OR AY.102.2 OR AY.103 OR AY.103.1 OR AY.103.2 OR AY.104 OR AY.105 OR AY.106 OR AY.107 OR AY.108 OR AY.109 OR AY.110 OR AY.111 OR AY.112 OR AY.112.1 OR AY.112.2 OR AY.112.3 OR AY.113 OR AY.114 OR AY.116 OR AY.116.1 OR AY.117 OR AY.118 OR AY.119 OR AY.119.1 OR AY.119.2 OR AY.120 OR AY.120.1 OR AY.120.2 OR AY.120.2.1 OR AY.121 OR AY.121.1 OR AY.122 OR AY.122.1 OR AY.122.2 OR AY.122.3 OR AY.122.4 OR AY.122.5 OR AY.122.6 OR AY.123 OR AY.123.1 OR AY.124 OR AY.124.1 OR AY.124.1.1 OR AY.125 OR AY.125.1 OR AY.126 OR AY.127 OR AY.127.1 OR AY.127.2 OR AY.127.3 OR AY.128 OR AY.129 OR AY.130 OR AY.131 OR AY.132 OR AY.133 OR AY.134 OR B.1.617.2,Delta,5.14285714285714,0.0714285714285714,0.0138888888888889
2022-02-18,2,0,2.66666666666667,0,0,0.000150636025436569,0.53558324304295,AY.1 OR AY.2 OR AY.3 OR AY.3.1 OR AY.3.2 OR AY.3.3 OR AY.3.4 OR AY.4 OR AY.4.1 OR AY.4.2 OR AY.4.2.1 OR AY.4.2.2 OR AY.4.2.3 OR AY.4.2.4 OR AY.4.2.5 OR AY.4.3 OR AY.4.4 OR AY.4.5 OR AY.4.6 OR AY.4.7 OR AY.4.8 OR AY.4.9 OR AY.4.10 OR AY.4.11 OR AY.4.12 OR AY.4.13 OR AY.4.14 OR AY.4.15 OR AY.4.16 OR AY.4.17 OR AY.5 OR AY.5.1 OR AY.5.2 OR AY.5.3 OR AY.5.4 OR AY.5.5 OR AY.5.6 OR AY.5.7 OR AY.6 OR AY.7 OR AY.7.1 OR AY.7.2 OR AY.8 OR AY.9 OR AY.9.2 OR AY.9.2.1 OR AY.9.2.2 OR AY.10 OR AY.11 OR AY.13 OR AY.14 OR AY.15 OR AY.16 OR AY.16.1 OR AY.17 OR AY.18 OR AY.19 OR AY.20 OR AY.20.1 OR AY.21 OR AY.22 OR AY.23 OR AY.23.1 OR AY.23.2 OR AY.24 OR AY.24.1 OR AY.25 OR AY.25.1 OR AY.25.1.1 OR AY.25.1.2 OR AY.25.2 OR AY.25.3 OR AY.26 OR AY.26.1 OR AY.27 OR AY.28 OR AY.29 OR AY.29.1 OR AY.29.2 OR AY.30 OR AY.31 OR AY.32 OR AY.33 OR AY.33.1 OR AY.33.2 OR AY.34 OR AY.34.1 OR AY.34.1.1 OR AY.34.2 OR AY.35 OR AY.36 OR AY.36.1 OR AY.37 OR AY.38 OR AY.39 OR AY.39.1 OR AY.39.1.1 OR AY.39.1.2 OR AY.39.1.3 OR AY.39.1.4 OR AY.39.2 OR AY.39.3 OR AY.40 OR AY.41 OR AY.42 OR AY.42.1 OR AY.43 OR AY.43.1 OR AY.43.2 OR AY.43.3 OR AY.43.4 OR AY.43.5 OR AY.43.6 OR AY.43.7 OR AY.43.8 OR AY.43.9 OR AY.44 OR AY.45 OR AY.46 OR AY.46.1 OR AY.46.2 OR AY.46.3 OR AY.46.4 OR AY.46.5 OR AY.46.6 OR AY.46.6.1 OR AY.47 OR AY.48 OR AY.49 OR AY.50 OR AY.51 OR AY.52 OR AY.53 OR AY.54 OR AY.55 OR AY.56 OR AY.57 OR AY.58 OR AY.59 OR AY.60 OR AY.61 OR AY.62 OR AY.63 OR AY.64 OR AY.65 OR AY.66 OR AY.67 OR AY.68 OR AY.69 OR AY.70 OR AY.71 OR AY.72 OR AY.73 OR AY.74 OR AY.75 OR AY.75.2 OR AY.75.3 OR AY.76 OR AY.77 OR AY.78 OR AY.79 OR AY.80 OR AY.81 OR AY.82 OR AY.83 OR AY.84 OR AY.85 OR AY.86 OR AY.87 OR AY.88 OR AY.90 OR AY.91 OR AY.91.1 OR AY.92 OR AY.93 OR AY.94 OR AY.95 OR AY.98 OR AY.98.1 OR AY.98.1.1 OR AY.99 OR AY.99.1 OR AY.99.2 OR AY.100 OR AY.101 OR AY.102 OR AY.102.1 OR AY.102.2 OR AY.103 OR AY.103.1 OR AY.103.2 OR AY.104 OR AY.105 OR AY.106 OR AY.107 OR AY.108 OR AY.109 OR AY.110 OR AY.111 OR AY.112 OR AY.112.1 OR AY.112.2 OR AY.112.3 OR AY.113 OR AY.114 OR AY.116 OR AY.116.1 OR AY.117 OR AY.118 OR AY.119 OR AY.119.1 OR AY.119.2 OR AY.120 OR AY.120.1 OR AY.120.2 OR AY.120.2.1 OR AY.121 OR AY.121.1 OR AY.122 OR AY.122.1 OR AY.122.2 OR AY.122.3 OR AY.122.4 OR AY.122.5 OR AY.122.6 OR AY.123 OR AY.123.1 OR AY.124 OR AY.124.1 OR AY.124.1.1 OR AY.125 OR AY.125.1 OR AY.126 OR AY.127 OR AY.127.1 OR AY.127.2 OR AY.127.3 OR AY.128 OR AY.129 OR AY.130 OR AY.131 OR AY.132 OR AY.133 OR AY.134 OR B.1.617.2,Delta,4.85714285714286,0.0714285714285714,0.0147058823529412
2022-02-19,2,0,2.57142857142857,0,0,0.000150636025436569,0.53558324304295,AY.1 OR AY.2 OR AY.3 OR AY.3.1 OR AY.3.2 OR AY.3.3 OR AY.3.4 OR AY.4 OR AY.4.1 OR AY.4.2 OR AY.4.2.1 OR AY.4.2.2 OR AY.4.2.3 OR AY.4.2.4 OR AY.4.2.5 OR AY.4.3 OR AY.4.4 OR AY.4.5 OR AY.4.6 OR AY.4.7 OR AY.4.8 OR AY.4.9 OR AY.4.10 OR AY.4.11 OR AY.4.12 OR AY.4.13 OR AY.4.14 OR AY.4.15 OR AY.4.16 OR AY.4.17 OR AY.5 OR AY.5.1 OR AY.5.2 OR AY.5.3 OR AY.5.4 OR AY.5.5 OR AY.5.6 OR AY.5.7 OR AY.6 OR AY.7 OR AY.7.1 OR AY.7.2 OR AY.8 OR AY.9 OR AY.9.2 OR AY.9.2.1 OR AY.9.2.2 OR AY.10 OR AY.11 OR AY.13 OR AY.14 OR AY.15 OR AY.16 OR AY.16.1 OR AY.17 OR AY.18 OR AY.19 OR AY.20 OR AY.20.1 OR AY.21 OR AY.22 OR AY.23 OR AY.23.1 OR AY.23.2 OR AY.24 OR AY.24.1 OR AY.25 OR AY.25.1 OR AY.25.1.1 OR AY.25.1.2 OR AY.25.2 OR AY.25.3 OR AY.26 OR AY.26.1 OR AY.27 OR AY.28 OR AY.29 OR AY.29.1 OR AY.29.2 OR AY.30 OR AY.31 OR AY.32 OR AY.33 OR AY.33.1 OR AY.33.2 OR AY.34 OR AY.34.1 OR AY.34.1.1 OR AY.34.2 OR AY.35 OR AY.36 OR AY.36.1 OR AY.37 OR AY.38 OR AY.39 OR AY.39.1 OR AY.39.1.1 OR AY.39.1.2 OR AY.39.1.3 OR AY.39.1.4 OR AY.39.2 OR AY.39.3 OR AY.40 OR AY.41 OR AY.42 OR AY.42.1 OR AY.43 OR AY.43.1 OR AY.43.2 OR AY.43.3 OR AY.43.4 OR AY.43.5 OR AY.43.6 OR AY.43.7 OR AY.43.8 OR AY.43.9 OR AY.44 OR AY.45 OR AY.46 OR AY.46.1 OR AY.46.2 OR AY.46.3 OR AY.46.4 OR AY.46.5 OR AY.46.6 OR AY.46.6.1 OR AY.47 OR AY.48 OR AY.49 OR AY.50 OR AY.51 OR AY.52 OR AY.53 OR AY.54 OR AY.55 OR AY.56 OR AY.57 OR AY.58 OR AY.59 OR AY.60 OR AY.61 OR AY.62 OR AY.63 OR AY.64 OR AY.65 OR AY.66 OR AY.67 OR AY.68 OR AY.69 OR AY.70 OR AY.71 OR AY.72 OR AY.73 OR AY.74 OR AY.75 OR AY.75.2 OR AY.75.3 OR AY.76 OR AY.77 OR AY.78 OR AY.79 OR AY.80 OR AY.81 OR AY.82 OR AY.83 OR AY.84 OR AY.85 OR AY.86 OR AY.87 OR AY.88 OR AY.90 OR AY.91 OR AY.91.1 OR AY.92 OR AY.93 OR AY.94 OR AY.95 OR AY.98 OR AY.98.1 OR AY.98.1.1 OR AY.99 OR AY.99.1 OR AY.99.2 OR AY.100 OR AY.101 OR AY.102 OR AY.102.1 OR AY.102.2 OR AY.103 OR AY.103.1 OR AY.103.2 OR AY.104 OR AY.105 OR AY.106 OR AY.107 OR AY.108 OR AY.109 OR AY.110 OR AY.111 OR AY.112 OR AY.112.1 OR AY.112.2 OR AY.112.3 OR AY.113 OR AY.114 OR AY.116 OR AY.116.1 OR AY.117 OR AY.118 OR AY.119 OR AY.119.1 OR AY.119.2 OR AY.120 OR AY.120.1 OR AY.120.2 OR AY.120.2.1 OR AY.121 OR AY.121.1 OR AY.122 OR AY.122.1 OR AY.122.2 OR AY.122.3 OR AY.122.4 OR AY.122.5 OR AY.122.6 OR AY.123 OR AY.123.1 OR AY.124 OR AY.124.1 OR AY.124.1.1 OR AY.125 OR AY.125.1 OR AY.126 OR AY.127 OR AY.127.1 OR AY.127.2 OR AY.127.3 OR AY.128 OR AY.129 OR AY.130 OR AY.131 OR AY.132 OR AY.133 OR AY.134 OR B.1.617.2,Delta,4.35714285714286,0.0714285714285714,0.0163934426229508
2022-02-20,1,0,2.42857142857143,0,0,0.000216908470030966,0.666821754401209,AY.1 OR AY.2 OR AY.3 OR AY.3.1 OR AY.3.2 OR AY.3.3 OR AY.3.4 OR AY.4 OR AY.4.1 OR AY.4.2 OR AY.4.2.1 OR AY.4.2.2 OR AY.4.2.3 OR AY.4.2.4 OR AY.4.2.5 OR AY.4.3 OR AY.4.4 OR AY.4.5 OR AY.4.6 OR AY.4.7 OR AY.4.8 OR AY.4.9 OR AY.4.10 OR AY.4.11 OR AY.4.12 OR AY.4.13 OR AY.4.14 OR AY.4.15 OR AY.4.16 OR AY.4.17 OR AY.5 OR AY.5.1 OR AY.5.2 OR AY.5.3 OR AY.5.4 OR AY.5.5 OR AY.5.6 OR AY.5.7 OR AY.6 OR AY.7 OR AY.7.1 OR AY.7.2 OR AY.8 OR AY.9 OR AY.9.2 OR AY.9.2.1 OR AY.9.2.2 OR AY.10 OR AY.11 OR AY.13 OR AY.14 OR AY.15 OR AY.16 OR AY.16.1 OR AY.17 OR AY.18 OR AY.19 OR AY.20 OR AY.20.1 OR AY.21 OR AY.22 OR AY.23 OR AY.23.1 OR AY.23.2 OR AY.24 OR AY.24.1 OR AY.25 OR AY.25.1 OR AY.25.1.1 OR AY.25.1.2 OR AY.25.2 OR AY.25.3 OR AY.26 OR AY.26.1 OR AY.27 OR AY.28 OR AY.29 OR AY.29.1 OR AY.29.2 OR AY.30 OR AY.31 OR AY.32 OR AY.33 OR AY.33.1 OR AY.33.2 OR AY.34 OR AY.34.1 OR AY.34.1.1 OR AY.34.2 OR AY.35 OR AY.36 OR AY.36.1 OR AY.37 OR AY.38 OR AY.39 OR AY.39.1 OR AY.39.1.1 OR AY.39.1.2 OR AY.39.1.3 OR AY.39.1.4 OR AY.39.2 OR AY.39.3 OR AY.40 OR AY.41 OR AY.42 OR AY.42.1 OR AY.43 OR AY.43.1 OR AY.43.2 OR AY.43.3 OR AY.43.4 OR AY.43.5 OR AY.43.6 OR AY.43.7 OR AY.43.8 OR AY.43.9 OR AY.44 OR AY.45 OR AY.46 OR AY.46.1 OR AY.46.2 OR AY.46.3 OR AY.46.4 OR AY.46.5 OR AY.46.6 OR AY.46.6.1 OR AY.47 OR AY.48 OR AY.49 OR AY.50 OR AY.51 OR AY.52 OR AY.53 OR AY.54 OR AY.55 OR AY.56 OR AY.57 OR AY.58 OR AY.59 OR AY.60 OR AY.61 OR AY.62 OR AY.63 OR AY.64 OR AY.65 OR AY.66 OR AY.67 OR AY.68 OR AY.69 OR AY.70 OR AY.71 OR AY.72 OR AY.73 OR AY.74 OR AY.75 OR AY.75.2 OR AY.75.3 OR AY.76 OR AY.77 OR AY.78 OR AY.79 OR AY.80 OR AY.81 OR AY.82 OR AY.83 OR AY.84 OR AY.85 OR AY.86 OR AY.87 OR AY.88 OR AY.90 OR AY.91 OR AY.91.1 OR AY.92 OR AY.93 OR AY.94 OR AY.95 OR AY.98 OR AY.98.1 OR AY.98.1.1 OR AY.99 OR AY.99.1 OR AY.99.2 OR AY.100 OR AY.101 OR AY.102 OR AY.102.1 OR AY.102.2 OR AY.103 OR AY.103.1 OR AY.103.2 OR AY.104 OR AY.105 OR AY.106 OR AY.107 OR AY.108 OR AY.109 OR AY.110 OR AY.111 OR AY.112 OR AY.112.1 OR AY.112.2 OR AY.112.3 OR AY.113 OR AY.114 OR AY.116 OR AY.116.1 OR AY.117 OR AY.118 OR AY.119 OR AY.119.1 OR AY.119.2 OR AY.120 OR AY.120.1 OR AY.120.2 OR AY.120.2.1 OR AY.121 OR AY.121.1 OR AY.122 OR AY.122.1 OR AY.122.2 OR AY.122.3 OR AY.122.4 OR AY.122.5 OR AY.122.6 OR AY.123 OR AY.123.1 OR AY.124 OR AY.124.1 OR AY.124.1.1 OR AY.125 OR AY.125.1 OR AY.126 OR AY.127 OR AY.127.1 OR AY.127.2 OR AY.127.3 OR AY.128 OR AY.129 OR AY.130 OR AY.131 OR AY.132 OR AY.133 OR AY.134 OR B.1.617.2,Delta,3.14285714285714,0.0714285714285714,0.0227272727272727
2022-02-21,3,0,2.42857142857143,0,0,0.000216908470030966,0.666821754401209,AY.1 OR AY.2 OR AY.3 OR AY.3.1 OR AY.3.2 OR AY.3.3 OR AY.3.4 OR AY.4 OR AY.4.1 OR AY.4.2 OR AY.4.2.1 OR AY.4.2.2 OR AY.4.2.3 OR AY.4.2.4 OR AY.4.2.5 OR AY.4.3 OR AY.4.4 OR AY.4.5 OR AY.4.6 OR AY.4.7 OR AY.4.8 OR AY.4.9 OR AY.4.10 OR AY.4.11 OR AY.4.12 OR AY.4.13 OR AY.4.14 OR AY.4.15 OR AY.4.16 OR AY.4.17 OR AY.5 OR AY.5.1 OR AY.5.2 OR AY.5.3 OR AY.5.4 OR AY.5.5 OR AY.5.6 OR AY.5.7 OR AY.6 OR AY.7 OR AY.7.1 OR AY.7.2 OR AY.8 OR AY.9 OR AY.9.2 OR AY.9.2.1 OR AY.9.2.2 OR AY.10 OR AY.11 OR AY.13 OR AY.14 OR AY.15 OR AY.16 OR AY.16.1 OR AY.17 OR AY.18 OR AY.19 OR AY.20 OR AY.20.1 OR AY.21 OR AY.22 OR AY.23 OR AY.23.1 OR AY.23.2 OR AY.24 OR AY.24.1 OR AY.25 OR AY.25.1 OR AY.25.1.1 OR AY.25.1.2 OR AY.25.2 OR AY.25.3 OR AY.26 OR AY.26.1 OR AY.27 OR AY.28 OR AY.29 OR AY.29.1 OR AY.29.2 OR AY.30 OR AY.31 OR AY.32 OR AY.33 OR AY.33.1 OR AY.33.2 OR AY.34 OR AY.34.1 OR AY.34.1.1 OR AY.34.2 OR AY.35 OR AY.36 OR AY.36.1 OR AY.37 OR AY.38 OR AY.39 OR AY.39.1 OR AY.39.1.1 OR AY.39.1.2 OR AY.39.1.3 OR AY.39.1.4 OR AY.39.2 OR AY.39.3 OR AY.40 OR AY.41 OR AY.42 OR AY.42.1 OR AY.43 OR AY.43.1 OR AY.43.2 OR AY.43.3 OR AY.43.4 OR AY.43.5 OR AY.43.6 OR AY.43.7 OR AY.43.8 OR AY.43.9 OR AY.44 OR AY.45 OR AY.46 OR AY.46.1 OR AY.46.2 OR AY.46.3 OR AY.46.4 OR AY.46.5 OR AY.46.6 OR AY.46.6.1 OR AY.47 OR AY.48 OR AY.49 OR AY.50 OR AY.51 OR AY.52 OR AY.53 OR AY.54 OR AY.55 OR AY.56 OR AY.57 OR AY.58 OR AY.59 OR AY.60 OR AY.61 OR AY.62 OR AY.63 OR AY.64 OR AY.65 OR AY.66 OR AY.67 OR AY.68 OR AY.69 OR AY.70 OR AY.71 OR AY.72 OR AY.73 OR AY.74 OR AY.75 OR AY.75.2 OR AY.75.3 OR AY.76 OR AY.77 OR AY.78 OR AY.79 OR AY.80 OR AY.81 OR AY.82 OR AY.83 OR AY.84 OR AY.85 OR AY.86 OR AY.87 OR AY.88 OR AY.90 OR AY.91 OR AY.91.1 OR AY.92 OR AY.93 OR AY.94 OR AY.95 OR AY.98 OR AY.98.1 OR AY.98.1.1 OR AY.99 OR AY.99.1 OR AY.99.2 OR AY.100 OR AY.101 OR AY.102 OR AY.102.1 OR AY.102.2 OR AY.103 OR AY.103.1 OR AY.103.2 OR AY.104 OR AY.105 OR AY.106 OR AY.107 OR AY.108 OR AY.109 OR AY.110 OR AY.111 OR AY.112 OR AY.112.1 OR AY.112.2 OR AY.112.3 OR AY.113 OR AY.114 OR AY.116 OR AY.116.1 OR AY.117 OR AY.118 OR AY.119 OR AY.119.1 OR AY.119.2 OR AY.120 OR AY.120.1 OR AY.120.2 OR AY.120.2.1 OR AY.121 OR AY.121.1 OR AY.122 OR AY.122.1 OR AY.122.2 OR AY.122.3 OR AY.122.4 OR AY.122.5 OR AY.122.6 OR AY.123 OR AY.123.1 OR AY.124 OR AY.124.1 OR AY.124.1.1 OR AY.125 OR AY.125.1 OR AY.126 OR AY.127 OR AY.127.1 OR AY.127.2 OR AY.127.3 OR AY.128 OR AY.129 OR AY.130 OR AY.131 OR AY.132 OR AY.133 OR AY.134 OR B.1.617.2,Delta,3.21428571428571,0.0714285714285714,0.0222222222222222
2022-02-22,8,0,2.85714285714286,0,0,0.000150636025436569,0.53558324304295,AY.1 OR AY.2 OR AY.3 OR AY.3.1 OR AY.3.2 OR AY.3.3 OR AY.3.4 OR AY.4 OR AY.4.1 OR AY.4.2 OR AY.4.2.1 OR AY.4.2.2 OR AY.4.2.3 OR AY.4.2.4 OR AY.4.2.5 OR AY.4.3 OR AY.4.4 OR AY.4.5 OR AY.4.6 OR AY.4.7 OR AY.4.8 OR AY.4.9 OR AY.4.10 OR AY.4.11 OR AY.4.12 OR AY.4.13 OR AY.4.14 OR AY.4.15 OR AY.4.16 OR AY.4.17 OR AY.5 OR AY.5.1 OR AY.5.2 OR AY.5.3 OR AY.5.4 OR AY.5.5 OR AY.5.6 OR AY.5.7 OR AY.6 OR AY.7 OR AY.7.1 OR AY.7.2 OR AY.8 OR AY.9 OR AY.9.2 OR AY.9.2.1 OR AY.9.2.2 OR AY.10 OR AY.11 OR AY.13 OR AY.14 OR AY.15 OR AY.16 OR AY.16.1 OR AY.17 OR AY.18 OR AY.19 OR AY.20 OR AY.20.1 OR AY.21 OR AY.22 OR AY.23 OR AY.23.1 OR AY.23.2 OR AY.24 OR AY.24.1 OR AY.25 OR AY.25.1 OR AY.25.1.1 OR AY.25.1.2 OR AY.25.2 OR AY.25.3 OR AY.26 OR AY.26.1 OR AY.27 OR AY.28 OR AY.29 OR AY.29.1 OR AY.29.2 OR AY.30 OR AY.31 OR AY.32 OR AY.33 OR AY.33.1 OR AY.33.2 OR AY.34 OR AY.34.1 OR AY.34.1.1 OR AY.34.2 OR AY.35 OR AY.36 OR AY.36.1 OR AY.37 OR AY.38 OR AY.39 OR AY.39.1 OR AY.39.1.1 OR AY.39.1.2 OR AY.39.1.3 OR AY.39.1.4 OR AY.39.2 OR AY.39.3 OR AY.40 OR AY.41 OR AY.42 OR AY.42.1 OR AY.43 OR AY.43.1 OR AY.43.2 OR AY.43.3 OR AY.43.4 OR AY.43.5 OR AY.43.6 OR AY.43.7 OR AY.43.8 OR AY.43.9 OR AY.44 OR AY.45 OR AY.46 OR AY.46.1 OR AY.46.2 OR AY.46.3 OR AY.46.4 OR AY.46.5 OR AY.46.6 OR AY.46.6.1 OR AY.47 OR AY.48 OR AY.49 OR AY.50 OR AY.51 OR AY.52 OR AY.53 OR AY.54 OR AY.55 OR AY.56 OR AY.57 OR AY.58 OR AY.59 OR AY.60 OR AY.61 OR AY.62 OR AY.63 OR AY.64 OR AY.65 OR AY.66 OR AY.67 OR AY.68 OR AY.69 OR AY.70 OR AY.71 OR AY.72 OR AY.73 OR AY.74 OR AY.75 OR AY.75.2 OR AY.75.3 OR AY.76 OR AY.77 OR AY.78 OR AY.79 OR AY.80 OR AY.81 OR AY.82 OR AY.83 OR AY.84 OR AY.85 OR AY.86 OR AY.87 OR AY.88 OR AY.90 OR AY.91 OR AY.91.1 OR AY.92 OR AY.93 OR AY.94 OR AY.95 OR AY.98 OR AY.98.1 OR AY.98.1.1 OR AY.99 OR AY.99.1 OR AY.99.2 OR AY.100 OR AY.101 OR AY.102 OR AY.102.1 OR AY.102.2 OR AY.103 OR AY.103.1 OR AY.103.2 OR AY.104 OR AY.105 OR AY.106 OR AY.107 OR AY.108 OR AY.109 OR AY.110 OR AY.111 OR AY.112 OR AY.112.1 OR AY.112.2 OR AY.112.3 OR AY.113 OR AY.114 OR AY.116 OR AY.116.1 OR AY.117 OR AY.118 OR AY.119 OR AY.119.1 OR AY.119.2 OR AY.120 OR AY.120.1 OR AY.120.2 OR AY.120.2.1 OR AY.121 OR AY.121.1 OR AY.122 OR AY.122.1 OR AY.122.2 OR AY.122.3 OR AY.122.4 OR AY.122.5 OR AY.122.6 OR AY.123 OR AY.123.1 OR AY.124 OR AY.124.1 OR AY.124.1.1 OR AY.125 OR AY.125.1 OR AY.126 OR AY.127 OR AY.127.1 OR AY.127.2 OR AY.127.3 OR AY.128 OR AY.129 OR AY.130 OR AY.131 OR AY.132 OR AY.133 OR AY.134 OR B.1.617.2,Delta,3.35714285714286,0.0714285714285714,0.0212765957446809
2022-02-23,2,0,2.71428571428571,0,0,0.000150636025436569,0.53558324304295,AY.1 OR AY.2 OR AY.3 OR AY.3.1 OR AY.3.2 OR AY.3.3 OR AY.3.4 OR AY.4 OR AY.4.1 OR AY.4.2 OR AY.4.2.1 OR AY.4.2.2 OR AY.4.2.3 OR AY.4.2.4 OR AY.4.2.5 OR AY.4.3 OR AY.4.4 OR AY.4.5 OR AY.4.6 OR AY.4.7 OR AY.4.8 OR AY.4.9 OR AY.4.10 OR AY.4.11 OR AY.4.12 OR AY.4.13 OR AY.4.14 OR AY.4.15 OR AY.4.16 OR AY.4.17 OR AY.5 OR AY.5.1 OR AY.5.2 OR AY.5.3 OR AY.5.4 OR AY.5.5 OR AY.5.6 OR AY.5.7 OR AY.6 OR AY.7 OR AY.7.1 OR AY.7.2 OR AY.8 OR AY.9 OR AY.9.2 OR AY.9.2.1 OR AY.9.2.2 OR AY.10 OR AY.11 OR AY.13 OR AY.14 OR AY.15 OR AY.16 OR AY.16.1 OR AY.17 OR AY.18 OR AY.19 OR AY.20 OR AY.20.1 OR AY.21 OR AY.22 OR AY.23 OR AY.23.1 OR AY.23.2 OR AY.24 OR AY.24.1 OR AY.25 OR AY.25.1 OR AY.25.1.1 OR AY.25.1.2 OR AY.25.2 OR AY.25.3 OR AY.26 OR AY.26.1 OR AY.27 OR AY.28 OR AY.29 OR AY.29.1 OR AY.29.2 OR AY.30 OR AY.31 OR AY.32 OR AY.33 OR AY.33.1 OR AY.33.2 OR AY.34 OR AY.34.1 OR AY.34.1.1 OR AY.34.2 OR AY.35 OR AY.36 OR AY.36.1 OR AY.37 OR AY.38 OR AY.39 OR AY.39.1 OR AY.39.1.1 OR AY.39.1.2 OR AY.39.1.3 OR AY.39.1.4 OR AY.39.2 OR AY.39.3 OR AY.40 OR AY.41 OR AY.42 OR AY.42.1 OR AY.43 OR AY.43.1 OR AY.43.2 OR AY.43.3 OR AY.43.4 OR AY.43.5 OR AY.43.6 OR AY.43.7 OR AY.43.8 OR AY.43.9 OR AY.44 OR AY.45 OR AY.46 OR AY.46.1 OR AY.46.2 OR AY.46.3 OR AY.46.4 OR AY.46.5 OR AY.46.6 OR AY.46.6.1 OR AY.47 OR AY.48 OR AY.49 OR AY.50 OR AY.51 OR AY.52 OR AY.53 OR AY.54 OR AY.55 OR AY.56 OR AY.57 OR AY.58 OR AY.59 OR AY.60 OR AY.61 OR AY.62 OR AY.63 OR AY.64 OR AY.65 OR AY.66 OR AY.67 OR AY.68 OR AY.69 OR AY.70 OR AY.71 OR AY.72 OR AY.73 OR AY.74 OR AY.75 OR AY.75.2 OR AY.75.3 OR AY.76 OR AY.77 OR AY.78 OR AY.79 OR AY.80 OR AY.81 OR AY.82 OR AY.83 OR AY.84 OR AY.85 OR AY.86 OR AY.87 OR AY.88 OR AY.90 OR AY.91 OR AY.91.1 OR AY.92 OR AY.93 OR AY.94 OR AY.95 OR AY.98 OR AY.98.1 OR AY.98.1.1 OR AY.99 OR AY.99.1 OR AY.99.2 OR AY.100 OR AY.101 OR AY.102 OR AY.102.1 OR AY.102.2 OR AY.103 OR AY.103.1 OR AY.103.2 OR AY.104 OR AY.105 OR AY.106 OR AY.107 OR AY.108 OR AY.109 OR AY.110 OR AY.111 OR AY.112 OR AY.112.1 OR AY.112.2 OR AY.112.3 OR AY.113 OR AY.114 OR AY.116 OR AY.116.1 OR AY.117 OR AY.118 OR AY.119 OR AY.119.1 OR AY.119.2 OR AY.120 OR AY.120.1 OR AY.120.2 OR AY.120.2.1 OR AY.121 OR AY.121.1 OR AY.122 OR AY.122.1 OR AY.122.2 OR AY.122.3 OR AY.122.4 OR AY.122.5 OR AY.122.6 OR AY.123 OR AY.123.1 OR AY.124 OR AY.124.1 OR AY.124.1.1 OR AY.125 OR AY.125.1 OR AY.126 OR AY.127 OR AY.127.1 OR AY.127.2 OR AY.127.3 OR AY.128 OR AY.129 OR AY.130 OR AY.131 OR AY.132 OR AY.133 OR AY.134 OR B.1.617.2,Delta,2.92857142857143,0.0714285714285714,0.024390243902439
2022-02-24,2,0,2.85714285714286,0,0,0.000150636025436569,0.53558324304295,AY.1 OR AY.2 OR AY.3 OR AY.3.1 OR AY.3.2 OR AY.3.3 OR AY.3.4 OR AY.4 OR AY.4.1 OR AY.4.2 OR AY.4.2.1 OR AY.4.2.2 OR AY.4.2.3 OR AY.4.2.4 OR AY.4.2.5 OR AY.4.3 OR AY.4.4 OR AY.4.5 OR AY.4.6 OR AY.4.7 OR AY.4.8 OR AY.4.9 OR AY.4.10 OR AY.4.11 OR AY.4.12 OR AY.4.13 OR AY.4.14 OR AY.4.15 OR AY.4.16 OR AY.4.17 OR AY.5 OR AY.5.1 OR AY.5.2 OR AY.5.3 OR AY.5.4 OR AY.5.5 OR AY.5.6 OR AY.5.7 OR AY.6 OR AY.7 OR AY.7.1 OR AY.7.2 OR AY.8 OR AY.9 OR AY.9.2 OR AY.9.2.1 OR AY.9.2.2 OR AY.10 OR AY.11 OR AY.13 OR AY.14 OR AY.15 OR AY.16 OR AY.16.1 OR AY.17 OR AY.18 OR AY.19 OR AY.20 OR AY.20.1 OR AY.21 OR AY.22 OR AY.23 OR AY.23.1 OR AY.23.2 OR AY.24 OR AY.24.1 OR AY.25 OR AY.25.1 OR AY.25.1.1 OR AY.25.1.2 OR AY.25.2 OR AY.25.3 OR AY.26 OR AY.26.1 OR AY.27 OR AY.28 OR AY.29 OR AY.29.1 OR AY.29.2 OR AY.30 OR AY.31 OR AY.32 OR AY.33 OR AY.33.1 OR AY.33.2 OR AY.34 OR AY.34.1 OR AY.34.1.1 OR AY.34.2 OR AY.35 OR AY.36 OR AY.36.1 OR AY.37 OR AY.38 OR AY.39 OR AY.39.1 OR AY.39.1.1 OR AY.39.1.2 OR AY.39.1.3 OR AY.39.1.4 OR AY.39.2 OR AY.39.3 OR AY.40 OR AY.41 OR AY.42 OR AY.42.1 OR AY.43 OR AY.43.1 OR AY.43.2 OR AY.43.3 OR AY.43.4 OR AY.43.5 OR AY.43.6 OR AY.43.7 OR AY.43.8 OR AY.43.9 OR AY.44 OR AY.45 OR AY.46 OR AY.46.1 OR AY.46.2 OR AY.46.3 OR AY.46.4 OR AY.46.5 OR AY.46.6 OR AY.46.6.1 OR AY.47 OR AY.48 OR AY.49 OR AY.50 OR AY.51 OR AY.52 OR AY.53 OR AY.54 OR AY.55 OR AY.56 OR AY.57 OR AY.58 OR AY.59 OR AY.60 OR AY.61 OR AY.62 OR AY.63 OR AY.64 OR AY.65 OR AY.66 OR AY.67 OR AY.68 OR AY.69 OR AY.70 OR AY.71 OR AY.72 OR AY.73 OR AY.74 OR AY.75 OR AY.75.2 OR AY.75.3 OR AY.76 OR AY.77 OR AY.78 OR AY.79 OR AY.80 OR AY.81 OR AY.82 OR AY.83 OR AY.84 OR AY.85 OR AY.86 OR AY.87 OR AY.88 OR AY.90 OR AY.91 OR AY.91.1 OR AY.92 OR AY.93 OR AY.94 OR AY.95 OR AY.98 OR AY.98.1 OR AY.98.1.1 OR AY.99 OR AY.99.1 OR AY.99.2 OR AY.100 OR AY.101 OR AY.102 OR AY.102.1 OR AY.102.2 OR AY.103 OR AY.103.1 OR AY.103.2 OR AY.104 OR AY.105 OR AY.106 OR AY.107 OR AY.108 OR AY.109 OR AY.110 OR AY.111 OR AY.112 OR AY.112.1 OR AY.112.2 OR AY.112.3 OR AY.113 OR AY.114 OR AY.116 OR AY.116.1 OR AY.117 OR AY.118 OR AY.119 OR AY.119.1 OR AY.119.2 OR AY.120 OR AY.120.1 OR AY.120.2 OR AY.120.2.1 OR AY.121 OR AY.121.1 OR AY.122 OR AY.122.1 OR AY.122.2 OR AY.122.3 OR AY.122.4 OR AY.122.5 OR AY.122.6 OR AY.123 OR AY.123.1 OR AY.124 OR AY.124.1 OR AY.124.1.1 OR AY.125 OR AY.125.1 OR AY.126 OR AY.127 OR AY.127.1 OR AY.127.2 OR AY.127.3 OR AY.128 OR AY.129 OR AY.130 OR AY.131 OR AY.132 OR AY.133 OR AY.134 OR B.1.617.2,Delta,2.92857142857143,0.0714285714285714,0.024390243902439
2022-02-25,4,0,3.14285714285714,0,0,0.000150636025436569,0.53558324304295,AY.1 OR AY.2 OR AY.3 OR AY.3.1 OR AY.3.2 OR AY.3.3 OR AY.3.4 OR AY.4 OR AY.4.1 OR AY.4.2 OR AY.4.2.1 OR AY.4.2.2 OR AY.4.2.3 OR AY.4.2.4 OR AY.4.2.5 OR AY.4.3 OR AY.4.4 OR AY.4.5 OR AY.4.6 OR AY.4.7 OR AY.4.8 OR AY.4.9 OR AY.4.10 OR AY.4.11 OR AY.4.12 OR AY.4.13 OR AY.4.14 OR AY.4.15 OR AY.4.16 OR AY.4.17 OR AY.5 OR AY.5.1 OR AY.5.2 OR AY.5.3 OR AY.5.4 OR AY.5.5 OR AY.5.6 OR AY.5.7 OR AY.6 OR AY.7 OR AY.7.1 OR AY.7.2 OR AY.8 OR AY.9 OR AY.9.2 OR AY.9.2.1 OR AY.9.2.2 OR AY.10 OR AY.11 OR AY.13 OR AY.14 OR AY.15 OR AY.16 OR AY.16.1 OR AY.17 OR AY.18 OR AY.19 OR AY.20 OR AY.20.1 OR AY.21 OR AY.22 OR AY.23 OR AY.23.1 OR AY.23.2 OR AY.24 OR AY.24.1 OR AY.25 OR AY.25.1 OR AY.25.1.1 OR AY.25.1.2 OR AY.25.2 OR AY.25.3 OR AY.26 OR AY.26.1 OR AY.27 OR AY.28 OR AY.29 OR AY.29.1 OR AY.29.2 OR AY.30 OR AY.31 OR AY.32 OR AY.33 OR AY.33.1 OR AY.33.2 OR AY.34 OR AY.34.1 OR AY.34.1.1 OR AY.34.2 OR AY.35 OR AY.36 OR AY.36.1 OR AY.37 OR AY.38 OR AY.39 OR AY.39.1 OR AY.39.1.1 OR AY.39.1.2 OR AY.39.1.3 OR AY.39.1.4 OR AY.39.2 OR AY.39.3 OR AY.40 OR AY.41 OR AY.42 OR AY.42.1 OR AY.43 OR AY.43.1 OR AY.43.2 OR AY.43.3 OR AY.43.4 OR AY.43.5 OR AY.43.6 OR AY.43.7 OR AY.43.8 OR AY.43.9 OR AY.44 OR AY.45 OR AY.46 OR AY.46.1 OR AY.46.2 OR AY.46.3 OR AY.46.4 OR AY.46.5 OR AY.46.6 OR AY.46.6.1 OR AY.47 OR AY.48 OR AY.49 OR AY.50 OR AY.51 OR AY.52 OR AY.53 OR AY.54 OR AY.55 OR AY.56 OR AY.57 OR AY.58 OR AY.59 OR AY.60 OR AY.61 OR AY.62 OR AY.63 OR AY.64 OR AY.65 OR AY.66 OR AY.67 OR AY.68 OR AY.69 OR AY.70 OR AY.71 OR AY.72 OR AY.73 OR AY.74 OR AY.75 OR AY.75.2 OR AY.75.3 OR AY.76 OR AY.77 OR AY.78 OR AY.79 OR AY.80 OR AY.81 OR AY.82 OR AY.83 OR AY.84 OR AY.85 OR AY.86 OR AY.87 OR AY.88 OR AY.90 OR AY.91 OR AY.91.1 OR AY.92 OR AY.93 OR AY.94 OR AY.95 OR AY.98 OR AY.98.1 OR AY.98.1.1 OR AY.99 OR AY.99.1 OR AY.99.2 OR AY.100 OR AY.101 OR AY.102 OR AY.102.1 OR AY.102.2 OR AY.103 OR AY.103.1 OR AY.103.2 OR AY.104 OR AY.105 OR AY.106 OR AY.107 OR AY.108 OR AY.109 OR AY.110 OR AY.111 OR AY.112 OR AY.112.1 OR AY.112.2 OR AY.112.3 OR AY.113 OR AY.114 OR AY.116 OR AY.116.1 OR AY.117 OR AY.118 OR AY.119 OR AY.119.1 OR AY.119.2 OR AY.120 OR AY.120.1 OR AY.120.2 OR AY.120.2.1 OR AY.121 OR AY.121.1 OR AY.122 OR AY.122.1 OR AY.122.2 OR AY.122.3 OR AY.122.4 OR AY.122.5 OR AY.122.6 OR AY.123 OR AY.123.1 OR AY.124 OR AY.124.1 OR AY.124.1.1 OR AY.125 OR AY.125.1 OR AY.126 OR AY.127 OR AY.127.1 OR AY.127.2 OR AY.127.3 OR AY.128 OR AY.129 OR AY.130 OR AY.131 OR AY.132 OR AY.133 OR AY.134 OR B.1.617.2,Delta,3.07142857142857,0,0
2022-02-26,2,0,3.14285714285714,0,0,0.000150636025436569,0.53558324304295,AY.1 OR AY.2 OR AY.3 OR AY.3.1 OR AY.3.2 OR AY.3.3 OR AY.3.4 OR AY.4 OR AY.4.1 OR AY.4.2 OR AY.4.2.1 OR AY.4.2.2 OR AY.4.2.3 OR AY.4.2.4 OR AY.4.2.5 OR AY.4.3 OR AY.4.4 OR AY.4.5 OR AY.4.6 OR AY.4.7 OR AY.4.8 OR AY.4.9 OR AY.4.10 OR AY.4.11 OR AY.4.12 OR AY.4.13 OR AY.4.14 OR AY.4.15 OR AY.4.16 OR AY.4.17 OR AY.5 OR AY.5.1 OR AY.5.2 OR AY.5.3 OR AY.5.4 OR AY.5.5 OR AY.5.6 OR AY.5.7 OR AY.6 OR AY.7 OR AY.7.1 OR AY.7.2 OR AY.8 OR AY.9 OR AY.9.2 OR AY.9.2.1 OR AY.9.2.2 OR AY.10 OR AY.11 OR AY.13 OR AY.14 OR AY.15 OR AY.16 OR AY.16.1 OR AY.17 OR AY.18 OR AY.19 OR AY.20 OR AY.20.1 OR AY.21 OR AY.22 OR AY.23 OR AY.23.1 OR AY.23.2 OR AY.24 OR AY.24.1 OR AY.25 OR AY.25.1 OR AY.25.1.1 OR AY.25.1.2 OR AY.25.2 OR AY.25.3 OR AY.26 OR AY.26.1 OR AY.27 OR AY.28 OR AY.29 OR AY.29.1 OR AY.29.2 OR AY.30 OR AY.31 OR AY.32 OR AY.33 OR AY.33.1 OR AY.33.2 OR AY.34 OR AY.34.1 OR AY.34.1.1 OR AY.34.2 OR AY.35 OR AY.36 OR AY.36.1 OR AY.37 OR AY.38 OR AY.39 OR AY.39.1 OR AY.39.1.1 OR AY.39.1.2 OR AY.39.1.3 OR AY.39.1.4 OR AY.39.2 OR AY.39.3 OR AY.40 OR AY.41 OR AY.42 OR AY.42.1 OR AY.43 OR AY.43.1 OR AY.43.2 OR AY.43.3 OR AY.43.4 OR AY.43.5 OR AY.43.6 OR AY.43.7 OR AY.43.8 OR AY.43.9 OR AY.44 OR AY.45 OR AY.46 OR AY.46.1 OR AY.46.2 OR AY.46.3 OR AY.46.4 OR AY.46.5 OR AY.46.6 OR AY.46.6.1 OR AY.47 OR AY.48 OR AY.49 OR AY.50 OR AY.51 OR AY.52 OR AY.53 OR AY.54 OR AY.55 OR AY.56 OR AY.57 OR AY.58 OR AY.59 OR AY.60 OR AY.61 OR AY.62 OR AY.63 OR AY.64 OR AY.65 OR AY.66 OR AY.67 OR AY.68 OR AY.69 OR AY.70 OR AY.71 OR AY.72 OR AY.73 OR AY.74 OR AY.75 OR AY.75.2 OR AY.75.3 OR AY.76 OR AY.77 OR AY.78 OR AY.79 OR AY.80 OR AY.81 OR AY.82 OR AY.83 OR AY.84 OR AY.85 OR AY.86 OR AY.87 OR AY.88 OR AY.90 OR AY.91 OR AY.91.1 OR AY.92 OR AY.93 OR AY.94 OR AY.95 OR AY.98 OR AY.98.1 OR AY.98.1.1 OR AY.99 OR AY.99.1 OR AY.99.2 OR AY.100 OR AY.101 OR AY.102 OR AY.102.1 OR AY.102.2 OR AY.103 OR AY.103.1 OR AY.103.2 OR AY.104 OR AY.105 OR AY.106 OR AY.107 OR AY.108 OR AY.109 OR AY.110 OR AY.111 OR AY.112 OR AY.112.1 OR AY.112.2 OR AY.112.3 OR AY.113 OR AY.114 OR AY.116 OR AY.116.1 OR AY.117 OR AY.118 OR AY.119 OR AY.119.1 OR AY.119.2 OR AY.120 OR AY.120.1 OR AY.120.2 OR AY.120.2.1 OR AY.121 OR AY.121.1 OR AY.122 OR AY.122.1 OR AY.122.2 OR AY.122.3 OR AY.122.4 OR AY.122.5 OR AY.122.6 OR AY.123 OR AY.123.1 OR AY.124 OR AY.124.1 OR AY.124.1.1 OR AY.125 OR AY.125.1 OR AY.126 OR AY.127 OR AY.127.1 OR AY.127.2 OR AY.127.3 OR AY.128 OR AY.129 OR AY.130 OR AY.131 OR AY.132 OR AY.133 OR AY.134 OR B.1.617.2,Delta,2.85714285714286,0,0
2022-02-27,2,0,3.28571428571429,0,0,0.000150636025436569,0.53558324304295,AY.1 OR AY.2 OR AY.3 OR AY.3.1 OR AY.3.2 OR AY.3.3 OR AY.3.4 OR AY.4 OR AY.4.1 OR AY.4.2 OR AY.4.2.1 OR AY.4.2.2 OR AY.4.2.3 OR AY.4.2.4 OR AY.4.2.5 OR AY.4.3 OR AY.4.4 OR AY.4.5 OR AY.4.6 OR AY.4.7 OR AY.4.8 OR AY.4.9 OR AY.4.10 OR AY.4.11 OR AY.4.12 OR AY.4.13 OR AY.4.14 OR AY.4.15 OR AY.4.16 OR AY.4.17 OR AY.5 OR AY.5.1 OR AY.5.2 OR AY.5.3 OR AY.5.4 OR AY.5.5 OR AY.5.6 OR AY.5.7 OR AY.6 OR AY.7 OR AY.7.1 OR AY.7.2 OR AY.8 OR AY.9 OR AY.9.2 OR AY.9.2.1 OR AY.9.2.2 OR AY.10 OR AY.11 OR AY.13 OR AY.14 OR AY.15 OR AY.16 OR AY.16.1 OR AY.17 OR AY.18 OR AY.19 OR AY.20 OR AY.20.1 OR AY.21 OR AY.22 OR AY.23 OR AY.23.1 OR AY.23.2 OR AY.24 OR AY.24.1 OR AY.25 OR AY.25.1 OR AY.25.1.1 OR AY.25.1.2 OR AY.25.2 OR AY.25.3 OR AY.26 OR AY.26.1 OR AY.27 OR AY.28 OR AY.29 OR AY.29.1 OR AY.29.2 OR AY.30 OR AY.31 OR AY.32 OR AY.33 OR AY.33.1 OR AY.33.2 OR AY.34 OR AY.34.1 OR AY.34.1.1 OR AY.34.2 OR AY.35 OR AY.36 OR AY.36.1 OR AY.37 OR AY.38 OR AY.39 OR AY.39.1 OR AY.39.1.1 OR AY.39.1.2 OR AY.39.1.3 OR AY.39.1.4 OR AY.39.2 OR AY.39.3 OR AY.40 OR AY.41 OR AY.42 OR AY.42.1 OR AY.43 OR AY.43.1 OR AY.43.2 OR AY.43.3 OR AY.43.4 OR AY.43.5 OR AY.43.6 OR AY.43.7 OR AY.43.8 OR AY.43.9 OR AY.44 OR AY.45 OR AY.46 OR AY.46.1 OR AY.46.2 OR AY.46.3 OR AY.46.4 OR AY.46.5 OR AY.46.6 OR AY.46.6.1 OR AY.47 OR AY.48 OR AY.49 OR AY.50 OR AY.51 OR AY.52 OR AY.53 OR AY.54 OR AY.55 OR AY.56 OR AY.57 OR AY.58 OR AY.59 OR AY.60 OR AY.61 OR AY.62 OR AY.63 OR AY.64 OR AY.65 OR AY.66 OR AY.67 OR AY.68 OR AY.69 OR AY.70 OR AY.71 OR AY.72 OR AY.73 OR AY.74 OR AY.75 OR AY.75.2 OR AY.75.3 OR AY.76 OR AY.77 OR AY.78 OR AY.79 OR AY.80 OR AY.81 OR AY.82 OR AY.83 OR AY.84 OR AY.85 OR AY.86 OR AY.87 OR AY.88 OR AY.90 OR AY.91 OR AY.91.1 OR AY.92 OR AY.93 OR AY.94 OR AY.95 OR AY.98 OR AY.98.1 OR AY.98.1.1 OR AY.99 OR AY.99.1 OR AY.99.2 OR AY.100 OR AY.101 OR AY.102 OR AY.102.1 OR AY.102.2 OR AY.103 OR AY.103.1 OR AY.103.2 OR AY.104 OR AY.105 OR AY.106 OR AY.107 OR AY.108 OR AY.109 OR AY.110 OR AY.111 OR AY.112 OR AY.112.1 OR AY.112.2 OR AY.112.3 OR AY.113 OR AY.114 OR AY.116 OR AY.116.1 OR AY.117 OR AY.118 OR AY.119 OR AY.119.1 OR AY.119.2 OR AY.120 OR AY.120.1 OR AY.120.2 OR AY.120.2.1 OR AY.121 OR AY.121.1 OR AY.122 OR AY.122.1 OR AY.122.2 OR AY.122.3 OR AY.122.4 OR AY.122.5 OR AY.122.6 OR AY.123 OR AY.123.1 OR AY.124 OR AY.124.1 OR AY.124.1.1 OR AY.125 OR AY.125.1 OR AY.126 OR AY.127 OR AY.127.1 OR AY.127.2 OR AY.127.3 OR AY.128 OR AY.129 OR AY.130 OR AY.131 OR AY.132 OR AY.133 OR AY.134 OR B.1.617.2,Delta,2.85714285714286,0,0
2022-03-01,2,0,2.33333333333333,0,0,0.000216908470030966,0.666821754401209,AY.1 OR AY.2 OR AY.3 OR AY.3.1 OR AY.3.2 OR AY.3.3 OR AY.3.4 OR AY.4 OR AY.4.1 OR AY.4.2 OR AY.4.2.1 OR AY.4.2.2 OR AY.4.2.3 OR AY.4.2.4 OR AY.4.2.5 OR AY.4.3 OR AY.4.4 OR AY.4.5 OR AY.4.6 OR AY.4.7 OR AY.4.8 OR AY.4.9 OR AY.4.10 OR AY.4.11 OR AY.4.12 OR AY.4.13 OR AY.4.14 OR AY.4.15 OR AY.4.16 OR AY.4.17 OR AY.5 OR AY.5.1 OR AY.5.2 OR AY.5.3 OR AY.5.4 OR AY.5.5 OR AY.5.6 OR AY.5.7 OR AY.6 OR AY.7 OR AY.7.1 OR AY.7.2 OR AY.8 OR AY.9 OR AY.9.2 OR AY.9.2.1 OR AY.9.2.2 OR AY.10 OR AY.11 OR AY.13 OR AY.14 OR AY.15 OR AY.16 OR AY.16.1 OR AY.17 OR AY.18 OR AY.19 OR AY.20 OR AY.20.1 OR AY.21 OR AY.22 OR AY.23 OR AY.23.1 OR AY.23.2 OR AY.24 OR AY.24.1 OR AY.25 OR AY.25.1 OR AY.25.1.1 OR AY.25.1.2 OR AY.25.2 OR AY.25.3 OR AY.26 OR AY.26.1 OR AY.27 OR AY.28 OR AY.29 OR AY.29.1 OR AY.29.2 OR AY.30 OR AY.31 OR AY.32 OR AY.33 OR AY.33.1 OR AY.33.2 OR AY.34 OR AY.34.1 OR AY.34.1.1 OR AY.34.2 OR AY.35 OR AY.36 OR AY.36.1 OR AY.37 OR AY.38 OR AY.39 OR AY.39.1 OR AY.39.1.1 OR AY.39.1.2 OR AY.39.1.3 OR AY.39.1.4 OR AY.39.2 OR AY.39.3 OR AY.40 OR AY.41 OR AY.42 OR AY.42.1 OR AY.43 OR AY.43.1 OR AY.43.2 OR AY.43.3 OR AY.43.4 OR AY.43.5 OR AY.43.6 OR AY.43.7 OR AY.43.8 OR AY.43.9 OR AY.44 OR AY.45 OR AY.46 OR AY.46.1 OR AY.46.2 OR AY.46.3 OR AY.46.4 OR AY.46.5 OR AY.46.6 OR AY.46.6.1 OR AY.47 OR AY.48 OR AY.49 OR AY.50 OR AY.51 OR AY.52 OR AY.53 OR AY.54 OR AY.55 OR AY.56 OR AY.57 OR AY.58 OR AY.59 OR AY.60 OR AY.61 OR AY.62 OR AY.63 OR AY.64 OR AY.65 OR AY.66 OR AY.67 OR AY.68 OR AY.69 OR AY.70 OR AY.71 OR AY.72 OR AY.73 OR AY.74 OR AY.75 OR AY.75.2 OR AY.75.3 OR AY.76 OR AY.77 OR AY.78 OR AY.79 OR AY.80 OR AY.81 OR AY.82 OR AY.83 OR AY.84 OR AY.85 OR AY.86 OR AY.87 OR AY.88 OR AY.90 OR AY.91 OR AY.91.1 OR AY.92 OR AY.93 OR AY.94 OR AY.95 OR AY.98 OR AY.98.1 OR AY.98.1.1 OR AY.99 OR AY.99.1 OR AY.99.2 OR AY.100 OR AY.101 OR AY.102 OR AY.102.1 OR AY.102.2 OR AY.103 OR AY.103.1 OR AY.103.2 OR AY.104 OR AY.105 OR AY.106 OR AY.107 OR AY.108 OR AY.109 OR AY.110 OR AY.111 OR AY.112 OR AY.112.1 OR AY.112.2 OR AY.112.3 OR AY.113 OR AY.114 OR AY.116 OR AY.116.1 OR AY.117 OR AY.118 OR AY.119 OR AY.119.1 OR AY.119.2 OR AY.120 OR AY.120.1 OR AY.120.2 OR AY.120.2.1 OR AY.121 OR AY.121.1 OR AY.122 OR AY.122.1 OR AY.122.2 OR AY.122.3 OR AY.122.4 OR AY.122.5 OR AY.122.6 OR AY.123 OR AY.123.1 OR AY.124 OR AY.124.1 OR AY.124.1.1 OR AY.125 OR AY.125.1 OR AY.126 OR AY.127 OR AY.127.1 OR AY.127.2 OR AY.127.3 OR AY.128 OR AY.129 OR AY.130 OR AY.131 OR AY.132 OR AY.133 OR AY.134 OR B.1.617.2,Delta,2.78571428571429,0,0
2022-03-02,4,0,2.66666666666667,0,0,0.000150636025436569,0.53558324304295,AY.1 OR AY.2 OR AY.3 OR AY.3.1 OR AY.3.2 OR AY.3.3 OR AY.3.4 OR AY.4 OR AY.4.1 OR AY.4.2 OR AY.4.2.1 OR AY.4.2.2 OR AY.4.2.3 OR AY.4.2.4 OR AY.4.2.5 OR AY.4.3 OR AY.4.4 OR AY.4.5 OR AY.4.6 OR AY.4.7 OR AY.4.8 OR AY.4.9 OR AY.4.10 OR AY.4.11 OR AY.4.12 OR AY.4.13 OR AY.4.14 OR AY.4.15 OR AY.4.16 OR AY.4.17 OR AY.5 OR AY.5.1 OR AY.5.2 OR AY.5.3 OR AY.5.4 OR AY.5.5 OR AY.5.6 OR AY.5.7 OR AY.6 OR AY.7 OR AY.7.1 OR AY.7.2 OR AY.8 OR AY.9 OR AY.9.2 OR AY.9.2.1 OR AY.9.2.2 OR AY.10 OR AY.11 OR AY.13 OR AY.14 OR AY.15 OR AY.16 OR AY.16.1 OR AY.17 OR AY.18 OR AY.19 OR AY.20 OR AY.20.1 OR AY.21 OR AY.22 OR AY.23 OR AY.23.1 OR AY.23.2 OR AY.24 OR AY.24.1 OR AY.25 OR AY.25.1 OR AY.25.1.1 OR AY.25.1.2 OR AY.25.2 OR AY.25.3 OR AY.26 OR AY.26.1 OR AY.27 OR AY.28 OR AY.29 OR AY.29.1 OR AY.29.2 OR AY.30 OR AY.31 OR AY.32 OR AY.33 OR AY.33.1 OR AY.33.2 OR AY.34 OR AY.34.1 OR AY.34.1.1 OR AY.34.2 OR AY.35 OR AY.36 OR AY.36.1 OR AY.37 OR AY.38 OR AY.39 OR AY.39.1 OR AY.39.1.1 OR AY.39.1.2 OR AY.39.1.3 OR AY.39.1.4 OR AY.39.2 OR AY.39.3 OR AY.40 OR AY.41 OR AY.42 OR AY.42.1 OR AY.43 OR AY.43.1 OR AY.43.2 OR AY.43.3 OR AY.43.4 OR AY.43.5 OR AY.43.6 OR AY.43.7 OR AY.43.8 OR AY.43.9 OR AY.44 OR AY.45 OR AY.46 OR AY.46.1 OR AY.46.2 OR AY.46.3 OR AY.46.4 OR AY.46.5 OR AY.46.6 OR AY.46.6.1 OR AY.47 OR AY.48 OR AY.49 OR AY.50 OR AY.51 OR AY.52 OR AY.53 OR AY.54 OR AY.55 OR AY.56 OR AY.57 OR AY.58 OR AY.59 OR AY.60 OR AY.61 OR AY.62 OR AY.63 OR AY.64 OR AY.65 OR AY.66 OR AY.67 OR AY.68 OR AY.69 OR AY.70 OR AY.71 OR AY.72 OR AY.73 OR AY.74 OR AY.75 OR AY.75.2 OR AY.75.3 OR AY.76 OR AY.77 OR AY.78 OR AY.79 OR AY.80 OR AY.81 OR AY.82 OR AY.83 OR AY.84 OR AY.85 OR AY.86 OR AY.87 OR AY.88 OR AY.90 OR AY.91 OR AY.91.1 OR AY.92 OR AY.93 OR AY.94 OR AY.95 OR AY.98 OR AY.98.1 OR AY.98.1.1 OR AY.99 OR AY.99.1 OR AY.99.2 OR AY.100 OR AY.101 OR AY.102 OR AY.102.1 OR AY.102.2 OR AY.103 OR AY.103.1 OR AY.103.2 OR AY.104 OR AY.105 OR AY.106 OR AY.107 OR AY.108 OR AY.109 OR AY.110 OR AY.111 OR AY.112 OR AY.112.1 OR AY.112.2 OR AY.112.3 OR AY.113 OR AY.114 OR AY.116 OR AY.116.1 OR AY.117 OR AY.118 OR AY.119 OR AY.119.1 OR AY.119.2 OR AY.120 OR AY.120.1 OR AY.120.2 OR AY.120.2.1 OR AY.121 OR AY.121.1 OR AY.122 OR AY.122.1 OR AY.122.2 OR AY.122.3 OR AY.122.4 OR AY.122.5 OR AY.122.6 OR AY.123 OR AY.123.1 OR AY.124 OR AY.124.1 OR AY.124.1.1 OR AY.125 OR AY.125.1 OR AY.126 OR AY.127 OR AY.127.1 OR AY.127.2 OR AY.127.3 OR AY.128 OR AY.129 OR AY.130 OR AY.131 OR AY.132 OR AY.133 OR AY.134 OR B.1.617.2,Delta,2.71428571428571,0,0
2022-03-03,2,0,2.66666666666667,0,0,0.000150636025436569,0.53558324304295,AY.1 OR AY.2 OR AY.3 OR AY.3.1 OR AY.3.2 OR AY.3.3 OR AY.3.4 OR AY.4 OR AY.4.1 OR AY.4.2 OR AY.4.2.1 OR AY.4.2.2 OR AY.4.2.3 OR AY.4.2.4 OR AY.4.2.5 OR AY.4.3 OR AY.4.4 OR AY.4.5 OR AY.4.6 OR AY.4.7 OR AY.4.8 OR AY.4.9 OR AY.4.10 OR AY.4.11 OR AY.4.12 OR AY.4.13 OR AY.4.14 OR AY.4.15 OR AY.4.16 OR AY.4.17 OR AY.5 OR AY.5.1 OR AY.5.2 OR AY.5.3 OR AY.5.4 OR AY.5.5 OR AY.5.6 OR AY.5.7 OR AY.6 OR AY.7 OR AY.7.1 OR AY.7.2 OR AY.8 OR AY.9 OR AY.9.2 OR AY.9.2.1 OR AY.9.2.2 OR AY.10 OR AY.11 OR AY.13 OR AY.14 OR AY.15 OR AY.16 OR AY.16.1 OR AY.17 OR AY.18 OR AY.19 OR AY.20 OR AY.20.1 OR AY.21 OR AY.22 OR AY.23 OR AY.23.1 OR AY.23.2 OR AY.24 OR AY.24.1 OR AY.25 OR AY.25.1 OR AY.25.1.1 OR AY.25.1.2 OR AY.25.2 OR AY.25.3 OR AY.26 OR AY.26.1 OR AY.27 OR AY.28 OR AY.29 OR AY.29.1 OR AY.29.2 OR AY.30 OR AY.31 OR AY.32 OR AY.33 OR AY.33.1 OR AY.33.2 OR AY.34 OR AY.34.1 OR AY.34.1.1 OR AY.34.2 OR AY.35 OR AY.36 OR AY.36.1 OR AY.37 OR AY.38 OR AY.39 OR AY.39.1 OR AY.39.1.1 OR AY.39.1.2 OR AY.39.1.3 OR AY.39.1.4 OR AY.39.2 OR AY.39.3 OR AY.40 OR AY.41 OR AY.42 OR AY.42.1 OR AY.43 OR AY.43.1 OR AY.43.2 OR AY.43.3 OR AY.43.4 OR AY.43.5 OR AY.43.6 OR AY.43.7 OR AY.43.8 OR AY.43.9 OR AY.44 OR AY.45 OR AY.46 OR AY.46.1 OR AY.46.2 OR AY.46.3 OR AY.46.4 OR AY.46.5 OR AY.46.6 OR AY.46.6.1 OR AY.47 OR AY.48 OR AY.49 OR AY.50 OR AY.51 OR AY.52 OR AY.53 OR AY.54 OR AY.55 OR AY.56 OR AY.57 OR AY.58 OR AY.59 OR AY.60 OR AY.61 OR AY.62 OR AY.63 OR AY.64 OR AY.65 OR AY.66 OR AY.67 OR AY.68 OR AY.69 OR AY.70 OR AY.71 OR AY.72 OR AY.73 OR AY.74 OR AY.75 OR AY.75.2 OR AY.75.3 OR AY.76 OR AY.77 OR AY.78 OR AY.79 OR AY.80 OR AY.81 OR AY.82 OR AY.83 OR AY.84 OR AY.85 OR AY.86 OR AY.87 OR AY.88 OR AY.90 OR AY.91 OR AY.91.1 OR AY.92 OR AY.93 OR AY.94 OR AY.95 OR AY.98 OR AY.98.1 OR AY.98.1.1 OR AY.99 OR AY.99.1 OR AY.99.2 OR AY.100 OR AY.101 OR AY.102 OR AY.102.1 OR AY.102.2 OR AY.103 OR AY.103.1 OR AY.103.2 OR AY.104 OR AY.105 OR AY.106 OR AY.107 OR AY.108 OR AY.109 OR AY.110 OR AY.111 OR AY.112 OR AY.112.1 OR AY.112.2 OR AY.112.3 OR AY.113 OR AY.114 OR AY.116 OR AY.116.1 OR AY.117 OR AY.118 OR AY.119 OR AY.119.1 OR AY.119.2 OR AY.120 OR AY.120.1 OR AY.120.2 OR AY.120.2.1 OR AY.121 OR AY.121.1 OR AY.122 OR AY.122.1 OR AY.122.2 OR AY.122.3 OR AY.122.4 OR AY.122.5 OR AY.122.6 OR AY.123 OR AY.123.1 OR AY.124 OR AY.124.1 OR AY.124.1.1 OR AY.125 OR AY.125.1 OR AY.126 OR AY.127 OR AY.127.1 OR AY.127.2 OR AY.127.3 OR AY.128 OR AY.129 OR AY.130 OR AY.131 OR AY.132 OR AY.133 OR AY.134 OR B.1.617.2,Delta,2.64285714285714,0,0
2022-03-04,3,0,2.5,0,0,0.000216908470030966,0.666821754401209,AY.1 OR AY.2 OR AY.3 OR AY.3.1 OR AY.3.2 OR AY.3.3 OR AY.3.4 OR AY.4 OR AY.4.1 OR AY.4.2 OR AY.4.2.1 OR AY.4.2.2 OR AY.4.2.3 OR AY.4.2.4 OR AY.4.2.5 OR AY.4.3 OR AY.4.4 OR AY.4.5 OR AY.4.6 OR AY.4.7 OR AY.4.8 OR AY.4.9 OR AY.4.10 OR AY.4.11 OR AY.4.12 OR AY.4.13 OR AY.4.14 OR AY.4.15 OR AY.4.16 OR AY.4.17 OR AY.5 OR AY.5.1 OR AY.5.2 OR AY.5.3 OR AY.5.4 OR AY.5.5 OR AY.5.6 OR AY.5.7 OR AY.6 OR AY.7 OR AY.7.1 OR AY.7.2 OR AY.8 OR AY.9 OR AY.9.2 OR AY.9.2.1 OR AY.9.2.2 OR AY.10 OR AY.11 OR AY.13 OR AY.14 OR AY.15 OR AY.16 OR AY.16.1 OR AY.17 OR AY.18 OR AY.19 OR AY.20 OR AY.20.1 OR AY.21 OR AY.22 OR AY.23 OR AY.23.1 OR AY.23.2 OR AY.24 OR AY.24.1 OR AY.25 OR AY.25.1 OR AY.25.1.1 OR AY.25.1.2 OR AY.25.2 OR AY.25.3 OR AY.26 OR AY.26.1 OR AY.27 OR AY.28 OR AY.29 OR AY.29.1 OR AY.29.2 OR AY.30 OR AY.31 OR AY.32 OR AY.33 OR AY.33.1 OR AY.33.2 OR AY.34 OR AY.34.1 OR AY.34.1.1 OR AY.34.2 OR AY.35 OR AY.36 OR AY.36.1 OR AY.37 OR AY.38 OR AY.39 OR AY.39.1 OR AY.39.1.1 OR AY.39.1.2 OR AY.39.1.3 OR AY.39.1.4 OR AY.39.2 OR AY.39.3 OR AY.40 OR AY.41 OR AY.42 OR AY.42.1 OR AY.43 OR AY.43.1 OR AY.43.2 OR AY.43.3 OR AY.43.4 OR AY.43.5 OR AY.43.6 OR AY.43.7 OR AY.43.8 OR AY.43.9 OR AY.44 OR AY.45 OR AY.46 OR AY.46.1 OR AY.46.2 OR AY.46.3 OR AY.46.4 OR AY.46.5 OR AY.46.6 OR AY.46.6.1 OR AY.47 OR AY.48 OR AY.49 OR AY.50 OR AY.51 OR AY.52 OR AY.53 OR AY.54 OR AY.55 OR AY.56 OR AY.57 OR AY.58 OR AY.59 OR AY.60 OR AY.61 OR AY.62 OR AY.63 OR AY.64 OR AY.65 OR AY.66 OR AY.67 OR AY.68 OR AY.69 OR AY.70 OR AY.71 OR AY.72 OR AY.73 OR AY.74 OR AY.75 OR AY.75.2 OR AY.75.3 OR AY.76 OR AY.77 OR AY.78 OR AY.79 OR AY.80 OR AY.81 OR AY.82 OR AY.83 OR AY.84 OR AY.85 OR AY.86 OR AY.87 OR AY.88 OR AY.90 OR AY.91 OR AY.91.1 OR AY.92 OR AY.93 OR AY.94 OR AY.95 OR AY.98 OR AY.98.1 OR AY.98.1.1 OR AY.99 OR AY.99.1 OR AY.99.2 OR AY.100 OR AY.101 OR AY.102 OR AY.102.1 OR AY.102.2 OR AY.103 OR AY.103.1 OR AY.103.2 OR AY.104 OR AY.105 OR AY.106 OR AY.107 OR AY.108 OR AY.109 OR AY.110 OR AY.111 OR AY.112 OR AY.112.1 OR AY.112.2 OR AY.112.3 OR AY.113 OR AY.114 OR AY.116 OR AY.116.1 OR AY.117 OR AY.118 OR AY.119 OR AY.119.1 OR AY.119.2 OR AY.120 OR AY.120.1 OR AY.120.2 OR AY.120.2.1 OR AY.121 OR AY.121.1 OR AY.122 OR AY.122.1 OR AY.122.2 OR AY.122.3 OR AY.122.4 OR AY.122.5 OR AY.122.6 OR AY.123 OR AY.123.1 OR AY.124 OR AY.124.1 OR AY.124.1.1 OR AY.125 OR AY.125.1 OR AY.126 OR AY.127 OR AY.127.1 OR AY.127.2 OR AY.127.3 OR AY.128 OR AY.129 OR AY.130 OR AY.131 OR AY.132 OR AY.133 OR AY.134 OR B.1.617.2,Delta,2.78571428571429,0,0
2022-03-05,2,1,2.5,0.166666666666667,0.0666666666666667,0.000216908470030966,0.666821754401209,AY.1 OR AY.2 OR AY.3 OR AY.3.1 OR AY.3.2 OR AY.3.3 OR AY.3.4 OR AY.4 OR AY.4.1 OR AY.4.2 OR AY.4.2.1 OR AY.4.2.2 OR AY.4.2.3 OR AY.4.2.4 OR AY.4.2.5 OR AY.4.3 OR AY.4.4 OR AY.4.5 OR AY.4.6 OR AY.4.7 OR AY.4.8 OR AY.4.9 OR AY.4.10 OR AY.4.11 OR AY.4.12 OR AY.4.13 OR AY.4.14 OR AY.4.15 OR AY.4.16 OR AY.4.17 OR AY.5 OR AY.5.1 OR AY.5.2 OR AY.5.3 OR AY.5.4 OR AY.5.5 OR AY.5.6 OR AY.5.7 OR AY.6 OR AY.7 OR AY.7.1 OR AY.7.2 OR AY.8 OR AY.9 OR AY.9.2 OR AY.9.2.1 OR AY.9.2.2 OR AY.10 OR AY.11 OR AY.13 OR AY.14 OR AY.15 OR AY.16 OR AY.16.1 OR AY.17 OR AY.18 OR AY.19 OR AY.20 OR AY.20.1 OR AY.21 OR AY.22 OR AY.23 OR AY.23.1 OR AY.23.2 OR AY.24 OR AY.24.1 OR AY.25 OR AY.25.1 OR AY.25.1.1 OR AY.25.1.2 OR AY.25.2 OR AY.25.3 OR AY.26 OR AY.26.1 OR AY.27 OR AY.28 OR AY.29 OR AY.29.1 OR AY.29.2 OR AY.30 OR AY.31 OR AY.32 OR AY.33 OR AY.33.1 OR AY.33.2 OR AY.34 OR AY.34.1 OR AY.34.1.1 OR AY.34.2 OR AY.35 OR AY.36 OR AY.36.1 OR AY.37 OR AY.38 OR AY.39 OR AY.39.1 OR AY.39.1.1 OR AY.39.1.2 OR AY.39.1.3 OR AY.39.1.4 OR AY.39.2 OR AY.39.3 OR AY.40 OR AY.41 OR AY.42 OR AY.42.1 OR AY.43 OR AY.43.1 OR AY.43.2 OR AY.43.3 OR AY.43.4 OR AY.43.5 OR AY.43.6 OR AY.43.7 OR AY.43.8 OR AY.43.9 OR AY.44 OR AY.45 OR AY.46 OR AY.46.1 OR AY.46.2 OR AY.46.3 OR AY.46.4 OR AY.46.5 OR AY.46.6 OR AY.46.6.1 OR AY.47 OR AY.48 OR AY.49 OR AY.50 OR AY.51 OR AY.52 OR AY.53 OR AY.54 OR AY.55 OR AY.56 OR AY.57 OR AY.58 OR AY.59 OR AY.60 OR AY.61 OR AY.62 OR AY.63 OR AY.64 OR AY.65 OR AY.66 OR AY.67 OR AY.68 OR AY.69 OR AY.70 OR AY.71 OR AY.72 OR AY.73 OR AY.74 OR AY.75 OR AY.75.2 OR AY.75.3 OR AY.76 OR AY.77 OR AY.78 OR AY.79 OR AY.80 OR AY.81 OR AY.82 OR AY.83 OR AY.84 OR AY.85 OR AY.86 OR AY.87 OR AY.88 OR AY.90 OR AY.91 OR AY.91.1 OR AY.92 OR AY.93 OR AY.94 OR AY.95 OR AY.98 OR AY.98.1 OR AY.98.1.1 OR AY.99 OR AY.99.1 OR AY.99.2 OR AY.100 OR AY.101 OR AY.102 OR AY.102.1 OR AY.102.2 OR AY.103 OR AY.103.1 OR AY.103.2 OR AY.104 OR AY.105 OR AY.106 OR AY.107 OR AY.108 OR AY.109 OR AY.110 OR AY.111 OR AY.112 OR AY.112.1 OR AY.112.2 OR AY.112.3 OR AY.113 OR AY.114 OR AY.116 OR AY.116.1 OR AY.117 OR AY.118 OR AY.119 OR AY.119.1 OR AY.119.2 OR AY.120 OR AY.120.1 OR AY.120.2 OR AY.120.2.1 OR AY.121 OR AY.121.1 OR AY.122 OR AY.122.1 OR AY.122.2 OR AY.122.3 OR AY.122.4 OR AY.122.5 OR AY.122.6 OR AY.123 OR AY.123.1 OR AY.124 OR AY.124.1 OR AY.124.1.1 OR AY.125 OR AY.125.1 OR AY.126 OR AY.127 OR AY.127.1 OR AY.127.2 OR AY.127.3 OR AY.128 OR AY.129 OR AY.130 OR AY.131 OR AY.132 OR AY.133 OR AY.134 OR B.1.617.2,Delta,2.78571428571429,0.0714285714285714,0.0256410256410256
2022-03-06,1,0,2.33333333333333,0.166666666666667,0.0714285714285714,0.000216908470030966,0.666821754401209,AY.1 OR AY.2 OR AY.3 OR AY.3.1 OR AY.3.2 OR AY.3.3 OR AY.3.4 OR AY.4 OR AY.4.1 OR AY.4.2 OR AY.4.2.1 OR AY.4.2.2 OR AY.4.2.3 OR AY.4.2.4 OR AY.4.2.5 OR AY.4.3 OR AY.4.4 OR AY.4.5 OR AY.4.6 OR AY.4.7 OR AY.4.8 OR AY.4.9 OR AY.4.10 OR AY.4.11 OR AY.4.12 OR AY.4.13 OR AY.4.14 OR AY.4.15 OR AY.4.16 OR AY.4.17 OR AY.5 OR AY.5.1 OR AY.5.2 OR AY.5.3 OR AY.5.4 OR AY.5.5 OR AY.5.6 OR AY.5.7 OR AY.6 OR AY.7 OR AY.7.1 OR AY.7.2 OR AY.8 OR AY.9 OR AY.9.2 OR AY.9.2.1 OR AY.9.2.2 OR AY.10 OR AY.11 OR AY.13 OR AY.14 OR AY.15 OR AY.16 OR AY.16.1 OR AY.17 OR AY.18 OR AY.19 OR AY.20 OR AY.20.1 OR AY.21 OR AY.22 OR AY.23 OR AY.23.1 OR AY.23.2 OR AY.24 OR AY.24.1 OR AY.25 OR AY.25.1 OR AY.25.1.1 OR AY.25.1.2 OR AY.25.2 OR AY.25.3 OR AY.26 OR AY.26.1 OR AY.27 OR AY.28 OR AY.29 OR AY.29.1 OR AY.29.2 OR AY.30 OR AY.31 OR AY.32 OR AY.33 OR AY.33.1 OR AY.33.2 OR AY.34 OR AY.34.1 OR AY.34.1.1 OR AY.34.2 OR AY.35 OR AY.36 OR AY.36.1 OR AY.37 OR AY.38 OR AY.39 OR AY.39.1 OR AY.39.1.1 OR AY.39.1.2 OR AY.39.1.3 OR AY.39.1.4 OR AY.39.2 OR AY.39.3 OR AY.40 OR AY.41 OR AY.42 OR AY.42.1 OR AY.43 OR AY.43.1 OR AY.43.2 OR AY.43.3 OR AY.43.4 OR AY.43.5 OR AY.43.6 OR AY.43.7 OR AY.43.8 OR AY.43.9 OR AY.44 OR AY.45 OR AY.46 OR AY.46.1 OR AY.46.2 OR AY.46.3 OR AY.46.4 OR AY.46.5 OR AY.46.6 OR AY.46.6.1 OR AY.47 OR AY.48 OR AY.49 OR AY.50 OR AY.51 OR AY.52 OR AY.53 OR AY.54 OR AY.55 OR AY.56 OR AY.57 OR AY.58 OR AY.59 OR AY.60 OR AY.61 OR AY.62 OR AY.63 OR AY.64 OR AY.65 OR AY.66 OR AY.67 OR AY.68 OR AY.69 OR AY.70 OR AY.71 OR AY.72 OR AY.73 OR AY.74 OR AY.75 OR AY.75.2 OR AY.75.3 OR AY.76 OR AY.77 OR AY.78 OR AY.79 OR AY.80 OR AY.81 OR AY.82 OR AY.83 OR AY.84 OR AY.85 OR AY.86 OR AY.87 OR AY.88 OR AY.90 OR AY.91 OR AY.91.1 OR AY.92 OR AY.93 OR AY.94 OR AY.95 OR AY.98 OR AY.98.1 OR AY.98.1.1 OR AY.99 OR AY.99.1 OR AY.99.2 OR AY.100 OR AY.101 OR AY.102 OR AY.102.1 OR AY.102.2 OR AY.103 OR AY.103.1 OR AY.103.2 OR AY.104 OR AY.105 OR AY.106 OR AY.107 OR AY.108 OR AY.109 OR AY.110 OR AY.111 OR AY.112 OR AY.112.1 OR AY.112.2 OR AY.112.3 OR AY.113 OR AY.114 OR AY.116 OR AY.116.1 OR AY.117 OR AY.118 OR AY.119 OR AY.119.1 OR AY.119.2 OR AY.120 OR AY.120.1 OR AY.120.2 OR AY.120.2.1 OR AY.121 OR AY.121.1 OR AY.122 OR AY.122.1 OR AY.122.2 OR AY.122.3 OR AY.122.4 OR AY.122.5 OR AY.122.6 OR AY.123 OR AY.123.1 OR AY.124 OR AY.124.1 OR AY.124.1.1 OR AY.125 OR AY.125.1 OR AY.126 OR AY.127 OR AY.127.1 OR AY.127.2 OR AY.127.3 OR AY.128 OR AY.129 OR AY.130 OR AY.131 OR AY.132 OR AY.133 OR AY.134 OR B.1.617.2,Delta,2.71428571428571,0.0714285714285714,0.0263157894736842
2022-03-07,7,0,3,0.142857142857143,0.0476190476190476,0.000150636025436569,0.53558324304295,AY.1 OR AY.2 OR AY.3 OR AY.3.1 OR AY.3.2 OR AY.3.3 OR AY.3.4 OR AY.4 OR AY.4.1 OR AY.4.2 OR AY.4.2.1 OR AY.4.2.2 OR AY.4.2.3 OR AY.4.2.4 OR AY.4.2.5 OR AY.4.3 OR AY.4.4 OR AY.4.5 OR AY.4.6 OR AY.4.7 OR AY.4.8 OR AY.4.9 OR AY.4.10 OR AY.4.11 OR AY.4.12 OR AY.4.13 OR AY.4.14 OR AY.4.15 OR AY.4.16 OR AY.4.17 OR AY.5 OR AY.5.1 OR AY.5.2 OR AY.5.3 OR AY.5.4 OR AY.5.5 OR AY.5.6 OR AY.5.7 OR AY.6 OR AY.7 OR AY.7.1 OR AY.7.2 OR AY.8 OR AY.9 OR AY.9.2 OR AY.9.2.1 OR AY.9.2.2 OR AY.10 OR AY.11 OR AY.13 OR AY.14 OR AY.15 OR AY.16 OR AY.16.1 OR AY.17 OR AY.18 OR AY.19 OR AY.20 OR AY.20.1 OR AY.21 OR AY.22 OR AY.23 OR AY.23.1 OR AY.23.2 OR AY.24 OR AY.24.1 OR AY.25 OR AY.25.1 OR AY.25.1.1 OR AY.25.1.2 OR AY.25.2 OR AY.25.3 OR AY.26 OR AY.26.1 OR AY.27 OR AY.28 OR AY.29 OR AY.29.1 OR AY.29.2 OR AY.30 OR AY.31 OR AY.32 OR AY.33 OR AY.33.1 OR AY.33.2 OR AY.34 OR AY.34.1 OR AY.34.1.1 OR AY.34.2 OR AY.35 OR AY.36 OR AY.36.1 OR AY.37 OR AY.38 OR AY.39 OR AY.39.1 OR AY.39.1.1 OR AY.39.1.2 OR AY.39.1.3 OR AY.39.1.4 OR AY.39.2 OR AY.39.3 OR AY.40 OR AY.41 OR AY.42 OR AY.42.1 OR AY.43 OR AY.43.1 OR AY.43.2 OR AY.43.3 OR AY.43.4 OR AY.43.5 OR AY.43.6 OR AY.43.7 OR AY.43.8 OR AY.43.9 OR AY.44 OR AY.45 OR AY.46 OR AY.46.1 OR AY.46.2 OR AY.46.3 OR AY.46.4 OR AY.46.5 OR AY.46.6 OR AY.46.6.1 OR AY.47 OR AY.48 OR AY.49 OR AY.50 OR AY.51 OR AY.52 OR AY.53 OR AY.54 OR AY.55 OR AY.56 OR AY.57 OR AY.58 OR AY.59 OR AY.60 OR AY.61 OR AY.62 OR AY.63 OR AY.64 OR AY.65 OR AY.66 OR AY.67 OR AY.68 OR AY.69 OR AY.70 OR AY.71 OR AY.72 OR AY.73 OR AY.74 OR AY.75 OR AY.75.2 OR AY.75.3 OR AY.76 OR AY.77 OR AY.78 OR AY.79 OR AY.80 OR AY.81 OR AY.82 OR AY.83 OR AY.84 OR AY.85 OR AY.86 OR AY.87 OR AY.88 OR AY.90 OR AY.91 OR AY.91.1 OR AY.92 OR AY.93 OR AY.94 OR AY.95 OR AY.98 OR AY.98.1 OR AY.98.1.1 OR AY.99 OR AY.99.1 OR AY.99.2 OR AY.100 OR AY.101 OR AY.102 OR AY.102.1 OR AY.102.2 OR AY.103 OR AY.103.1 OR AY.103.2 OR AY.104 OR AY.105 OR AY.106 OR AY.107 OR AY.108 OR AY.109 OR AY.110 OR AY.111 OR AY.112 OR AY.112.1 OR AY.112.2 OR AY.112.3 OR AY.113 OR AY.114 OR AY.116 OR AY.116.1 OR AY.117 OR AY.118 OR AY.119 OR AY.119.1 OR AY.119.2 OR AY.120 OR AY.120.1 OR AY.120.2 OR AY.120.2.1 OR AY.121 OR AY.121.1 OR AY.122 OR AY.122.1 OR AY.122.2 OR AY.122.3 OR AY.122.4 OR AY.122.5 OR AY.122.6 OR AY.123 OR AY.123.1 OR AY.124 OR AY.124.1 OR AY.124.1.1 OR AY.125 OR AY.125.1 OR AY.126 OR AY.127 OR AY.127.1 OR AY.127.2 OR AY.127.3 OR AY.128 OR AY.129 OR AY.130 OR AY.131 OR AY.132 OR AY.133 OR AY.134 OR B.1.617.2,Delta,3.14285714285714,0.0714285714285714,0.0227272727272727
2022-03-08,2,0,3,0.142857142857143,0.0476190476190476,0.000150636025436569,0.53558324304295,AY.1 OR AY.2 OR AY.3 OR AY.3.1 OR AY.3.2 OR AY.3.3 OR AY.3.4 OR AY.4 OR AY.4.1 OR AY.4.2 OR AY.4.2.1 OR AY.4.2.2 OR AY.4.2.3 OR AY.4.2.4 OR AY.4.2.5 OR AY.4.3 OR AY.4.4 OR AY.4.5 OR AY.4.6 OR AY.4.7 OR AY.4.8 OR AY.4.9 OR AY.4.10 OR AY.4.11 OR AY.4.12 OR AY.4.13 OR AY.4.14 OR AY.4.15 OR AY.4.16 OR AY.4.17 OR AY.5 OR AY.5.1 OR AY.5.2 OR AY.5.3 OR AY.5.4 OR AY.5.5 OR AY.5.6 OR AY.5.7 OR AY.6 OR AY.7 OR AY.7.1 OR AY.7.2 OR AY.8 OR AY.9 OR AY.9.2 OR AY.9.2.1 OR AY.9.2.2 OR AY.10 OR AY.11 OR AY.13 OR AY.14 OR AY.15 OR AY.16 OR AY.16.1 OR AY.17 OR AY.18 OR AY.19 OR AY.20 OR AY.20.1 OR AY.21 OR AY.22 OR AY.23 OR AY.23.1 OR AY.23.2 OR AY.24 OR AY.24.1 OR AY.25 OR AY.25.1 OR AY.25.1.1 OR AY.25.1.2 OR AY.25.2 OR AY.25.3 OR AY.26 OR AY.26.1 OR AY.27 OR AY.28 OR AY.29 OR AY.29.1 OR AY.29.2 OR AY.30 OR AY.31 OR AY.32 OR AY.33 OR AY.33.1 OR AY.33.2 OR AY.34 OR AY.34.1 OR AY.34.1.1 OR AY.34.2 OR AY.35 OR AY.36 OR AY.36.1 OR AY.37 OR AY.38 OR AY.39 OR AY.39.1 OR AY.39.1.1 OR AY.39.1.2 OR AY.39.1.3 OR AY.39.1.4 OR AY.39.2 OR AY.39.3 OR AY.40 OR AY.41 OR AY.42 OR AY.42.1 OR AY.43 OR AY.43.1 OR AY.43.2 OR AY.43.3 OR AY.43.4 OR AY.43.5 OR AY.43.6 OR AY.43.7 OR AY.43.8 OR AY.43.9 OR AY.44 OR AY.45 OR AY.46 OR AY.46.1 OR AY.46.2 OR AY.46.3 OR AY.46.4 OR AY.46.5 OR AY.46.6 OR AY.46.6.1 OR AY.47 OR AY.48 OR AY.49 OR AY.50 OR AY.51 OR AY.52 OR AY.53 OR AY.54 OR AY.55 OR AY.56 OR AY.57 OR AY.58 OR AY.59 OR AY.60 OR AY.61 OR AY.62 OR AY.63 OR AY.64 OR AY.65 OR AY.66 OR AY.67 OR AY.68 OR AY.69 OR AY.70 OR AY.71 OR AY.72 OR AY.73 OR AY.74 OR AY.75 OR AY.75.2 OR AY.75.3 OR AY.76 OR AY.77 OR AY.78 OR AY.79 OR AY.80 OR AY.81 OR AY.82 OR AY.83 OR AY.84 OR AY.85 OR AY.86 OR AY.87 OR AY.88 OR AY.90 OR AY.91 OR AY.91.1 OR AY.92 OR AY.93 OR AY.94 OR AY.95 OR AY.98 OR AY.98.1 OR AY.98.1.1 OR AY.99 OR AY.99.1 OR AY.99.2 OR AY.100 OR AY.101 OR AY.102 OR AY.102.1 OR AY.102.2 OR AY.103 OR AY.103.1 OR AY.103.2 OR AY.104 OR AY.105 OR AY.106 OR AY.107 OR AY.108 OR AY.109 OR AY.110 OR AY.111 OR AY.112 OR AY.112.1 OR AY.112.2 OR AY.112.3 OR AY.113 OR AY.114 OR AY.116 OR AY.116.1 OR AY.117 OR AY.118 OR AY.119 OR AY.119.1 OR AY.119.2 OR AY.120 OR AY.120.1 OR AY.120.2 OR AY.120.2.1 OR AY.121 OR AY.121.1 OR AY.122 OR AY.122.1 OR AY.122.2 OR AY.122.3 OR AY.122.4 OR AY.122.5 OR AY.122.6 OR AY.123 OR AY.123.1 OR AY.124 OR AY.124.1 OR AY.124.1.1 OR AY.125 OR AY.125.1 OR AY.126 OR AY.127 OR AY.127.1 OR AY.127.2 OR AY.127.3 OR AY.128 OR AY.129 OR AY.130 OR AY.131 OR AY.132 OR AY.133 OR AY.134 OR B.1.617.2,Delta,3.07142857142857,0.0714285714285714,0.0232558139534884
2022-03-09,4,0,3,0.142857142857143,0.0476190476190476,0.000150636025436569,0.53558324304295,AY.1 OR AY.2 OR AY.3 OR AY.3.1 OR AY.3.2 OR AY.3.3 OR AY.3.4 OR AY.4 OR AY.4.1 OR AY.4.2 OR AY.4.2.1 OR AY.4.2.2 OR AY.4.2.3 OR AY.4.2.4 OR AY.4.2.5 OR AY.4.3 OR AY.4.4 OR AY.4.5 OR AY.4.6 OR AY.4.7 OR AY.4.8 OR AY.4.9 OR AY.4.10 OR AY.4.11 OR AY.4.12 OR AY.4.13 OR AY.4.14 OR AY.4.15 OR AY.4.16 OR AY.4.17 OR AY.5 OR AY.5.1 OR AY.5.2 OR AY.5.3 OR AY.5.4 OR AY.5.5 OR AY.5.6 OR AY.5.7 OR AY.6 OR AY.7 OR AY.7.1 OR AY.7.2 OR AY.8 OR AY.9 OR AY.9.2 OR AY.9.2.1 OR AY.9.2.2 OR AY.10 OR AY.11 OR AY.13 OR AY.14 OR AY.15 OR AY.16 OR AY.16.1 OR AY.17 OR AY.18 OR AY.19 OR AY.20 OR AY.20.1 OR AY.21 OR AY.22 OR AY.23 OR AY.23.1 OR AY.23.2 OR AY.24 OR AY.24.1 OR AY.25 OR AY.25.1 OR AY.25.1.1 OR AY.25.1.2 OR AY.25.2 OR AY.25.3 OR AY.26 OR AY.26.1 OR AY.27 OR AY.28 OR AY.29 OR AY.29.1 OR AY.29.2 OR AY.30 OR AY.31 OR AY.32 OR AY.33 OR AY.33.1 OR AY.33.2 OR AY.34 OR AY.34.1 OR AY.34.1.1 OR AY.34.2 OR AY.35 OR AY.36 OR AY.36.1 OR AY.37 OR AY.38 OR AY.39 OR AY.39.1 OR AY.39.1.1 OR AY.39.1.2 OR AY.39.1.3 OR AY.39.1.4 OR AY.39.2 OR AY.39.3 OR AY.40 OR AY.41 OR AY.42 OR AY.42.1 OR AY.43 OR AY.43.1 OR AY.43.2 OR AY.43.3 OR AY.43.4 OR AY.43.5 OR AY.43.6 OR AY.43.7 OR AY.43.8 OR AY.43.9 OR AY.44 OR AY.45 OR AY.46 OR AY.46.1 OR AY.46.2 OR AY.46.3 OR AY.46.4 OR AY.46.5 OR AY.46.6 OR AY.46.6.1 OR AY.47 OR AY.48 OR AY.49 OR AY.50 OR AY.51 OR AY.52 OR AY.53 OR AY.54 OR AY.55 OR AY.56 OR AY.57 OR AY.58 OR AY.59 OR AY.60 OR AY.61 OR AY.62 OR AY.63 OR AY.64 OR AY.65 OR AY.66 OR AY.67 OR AY.68 OR AY.69 OR AY.70 OR AY.71 OR AY.72 OR AY.73 OR AY.74 OR AY.75 OR AY.75.2 OR AY.75.3 OR AY.76 OR AY.77 OR AY.78 OR AY.79 OR AY.80 OR AY.81 OR AY.82 OR AY.83 OR AY.84 OR AY.85 OR AY.86 OR AY.87 OR AY.88 OR AY.90 OR AY.91 OR AY.91.1 OR AY.92 OR AY.93 OR AY.94 OR AY.95 OR AY.98 OR AY.98.1 OR AY.98.1.1 OR AY.99 OR AY.99.1 OR AY.99.2 OR AY.100 OR AY.101 OR AY.102 OR AY.102.1 OR AY.102.2 OR AY.103 OR AY.103.1 OR AY.103.2 OR AY.104 OR AY.105 OR AY.106 OR AY.107 OR AY.108 OR AY.109 OR AY.110 OR AY.111 OR AY.112 OR AY.112.1 OR AY.112.2 OR AY.112.3 OR AY.113 OR AY.114 OR AY.116 OR AY.116.1 OR AY.117 OR AY.118 OR AY.119 OR AY.119.1 OR AY.119.2 OR AY.120 OR AY.120.1 OR AY.120.2 OR AY.120.2.1 OR AY.121 OR AY.121.1 OR AY.122 OR AY.122.1 OR AY.122.2 OR AY.122.3 OR AY.122.4 OR AY.122.5 OR AY.122.6 OR AY.123 OR AY.123.1 OR AY.124 OR AY.124.1 OR AY.124.1.1 OR AY.125 OR AY.125.1 OR AY.126 OR AY.127 OR AY.127.1 OR AY.127.2 OR AY.127.3 OR AY.128 OR AY.129 OR AY.130 OR AY.131 OR AY.132 OR AY.133 OR AY.134 OR B.1.617.2,Delta,2.78571428571429,0.0714285714285714,0.0256410256410256
2022-03-10,8,0,3.85714285714286,0.142857142857143,0.037037037037037,0.000115332788238275,0.44476261765764,AY.1 OR AY.2 OR AY.3 OR AY.3.1 OR AY.3.2 OR AY.3.3 OR AY.3.4 OR AY.4 OR AY.4.1 OR AY.4.2 OR AY.4.2.1 OR AY.4.2.2 OR AY.4.2.3 OR AY.4.2.4 OR AY.4.2.5 OR AY.4.3 OR AY.4.4 OR AY.4.5 OR AY.4.6 OR AY.4.7 OR AY.4.8 OR AY.4.9 OR AY.4.10 OR AY.4.11 OR AY.4.12 OR AY.4.13 OR AY.4.14 OR AY.4.15 OR AY.4.16 OR AY.4.17 OR AY.5 OR AY.5.1 OR AY.5.2 OR AY.5.3 OR AY.5.4 OR AY.5.5 OR AY.5.6 OR AY.5.7 OR AY.6 OR AY.7 OR AY.7.1 OR AY.7.2 OR AY.8 OR AY.9 OR AY.9.2 OR AY.9.2.1 OR AY.9.2.2 OR AY.10 OR AY.11 OR AY.13 OR AY.14 OR AY.15 OR AY.16 OR AY.16.1 OR AY.17 OR AY.18 OR AY.19 OR AY.20 OR AY.20.1 OR AY.21 OR AY.22 OR AY.23 OR AY.23.1 OR AY.23.2 OR AY.24 OR AY.24.1 OR AY.25 OR AY.25.1 OR AY.25.1.1 OR AY.25.1.2 OR AY.25.2 OR AY.25.3 OR AY.26 OR AY.26.1 OR AY.27 OR AY.28 OR AY.29 OR AY.29.1 OR AY.29.2 OR AY.30 OR AY.31 OR AY.32 OR AY.33 OR AY.33.1 OR AY.33.2 OR AY.34 OR AY.34.1 OR AY.34.1.1 OR AY.34.2 OR AY.35 OR AY.36 OR AY.36.1 OR AY.37 OR AY.38 OR AY.39 OR AY.39.1 OR AY.39.1.1 OR AY.39.1.2 OR AY.39.1.3 OR AY.39.1.4 OR AY.39.2 OR AY.39.3 OR AY.40 OR AY.41 OR AY.42 OR AY.42.1 OR AY.43 OR AY.43.1 OR AY.43.2 OR AY.43.3 OR AY.43.4 OR AY.43.5 OR AY.43.6 OR AY.43.7 OR AY.43.8 OR AY.43.9 OR AY.44 OR AY.45 OR AY.46 OR AY.46.1 OR AY.46.2 OR AY.46.3 OR AY.46.4 OR AY.46.5 OR AY.46.6 OR AY.46.6.1 OR AY.47 OR AY.48 OR AY.49 OR AY.50 OR AY.51 OR AY.52 OR AY.53 OR AY.54 OR AY.55 OR AY.56 OR AY.57 OR AY.58 OR AY.59 OR AY.60 OR AY.61 OR AY.62 OR AY.63 OR AY.64 OR AY.65 OR AY.66 OR AY.67 OR AY.68 OR AY.69 OR AY.70 OR AY.71 OR AY.72 OR AY.73 OR AY.74 OR AY.75 OR AY.75.2 OR AY.75.3 OR AY.76 OR AY.77 OR AY.78 OR AY.79 OR AY.80 OR AY.81 OR AY.82 OR AY.83 OR AY.84 OR AY.85 OR AY.86 OR AY.87 OR AY.88 OR AY.90 OR AY.91 OR AY.91.1 OR AY.92 OR AY.93 OR AY.94 OR AY.95 OR AY.98 OR AY.98.1 OR AY.98.1.1 OR AY.99 OR AY.99.1 OR AY.99.2 OR AY.100 OR AY.101 OR AY.102 OR AY.102.1 OR AY.102.2 OR AY.103 OR AY.103.1 OR AY.103.2 OR AY.104 OR AY.105 OR AY.106 OR AY.107 OR AY.108 OR AY.109 OR AY.110 OR AY.111 OR AY.112 OR AY.112.1 OR AY.112.2 OR AY.112.3 OR AY.113 OR AY.114 OR AY.116 OR AY.116.1 OR AY.117 OR AY.118 OR AY.119 OR AY.119.1 OR AY.119.2 OR AY.120 OR AY.120.1 OR AY.120.2 OR AY.120.2.1 OR AY.121 OR AY.121.1 OR AY.122 OR AY.122.1 OR AY.122.2 OR AY.122.3 OR AY.122.4 OR AY.122.5 OR AY.122.6 OR AY.123 OR AY.123.1 OR AY.124 OR AY.124.1 OR AY.124.1.1 OR AY.125 OR AY.125.1 OR AY.126 OR AY.127 OR AY.127.1 OR AY.127.2 OR AY.127.3 OR AY.128 OR AY.129 OR AY.130 OR AY.131 OR AY.132 OR AY.133 OR AY.134 OR B.1.617.2,Delta,3.21428571428571,0.0714285714285714,0.0222222222222222
2022-03-11,3,0,3.85714285714286,0.142857142857143,0.037037037037037,0.000115332788238275,0.44476261765764,AY.1 OR AY.2 OR AY.3 OR AY.3.1 OR AY.3.2 OR AY.3.3 OR AY.3.4 OR AY.4 OR AY.4.1 OR AY.4.2 OR AY.4.2.1 OR AY.4.2.2 OR AY.4.2.3 OR AY.4.2.4 OR AY.4.2.5 OR AY.4.3 OR AY.4.4 OR AY.4.5 OR AY.4.6 OR AY.4.7 OR AY.4.8 OR AY.4.9 OR AY.4.10 OR AY.4.11 OR AY.4.12 OR AY.4.13 OR AY.4.14 OR AY.4.15 OR AY.4.16 OR AY.4.17 OR AY.5 OR AY.5.1 OR AY.5.2 OR AY.5.3 OR AY.5.4 OR AY.5.5 OR AY.5.6 OR AY.5.7 OR AY.6 OR AY.7 OR AY.7.1 OR AY.7.2 OR AY.8 OR AY.9 OR AY.9.2 OR AY.9.2.1 OR AY.9.2.2 OR AY.10 OR AY.11 OR AY.13 OR AY.14 OR AY.15 OR AY.16 OR AY.16.1 OR AY.17 OR AY.18 OR AY.19 OR AY.20 OR AY.20.1 OR AY.21 OR AY.22 OR AY.23 OR AY.23.1 OR AY.23.2 OR AY.24 OR AY.24.1 OR AY.25 OR AY.25.1 OR AY.25.1.1 OR AY.25.1.2 OR AY.25.2 OR AY.25.3 OR AY.26 OR AY.26.1 OR AY.27 OR AY.28 OR AY.29 OR AY.29.1 OR AY.29.2 OR AY.30 OR AY.31 OR AY.32 OR AY.33 OR AY.33.1 OR AY.33.2 OR AY.34 OR AY.34.1 OR AY.34.1.1 OR AY.34.2 OR AY.35 OR AY.36 OR AY.36.1 OR AY.37 OR AY.38 OR AY.39 OR AY.39.1 OR AY.39.1.1 OR AY.39.1.2 OR AY.39.1.3 OR AY.39.1.4 OR AY.39.2 OR AY.39.3 OR AY.40 OR AY.41 OR AY.42 OR AY.42.1 OR AY.43 OR AY.43.1 OR AY.43.2 OR AY.43.3 OR AY.43.4 OR AY.43.5 OR AY.43.6 OR AY.43.7 OR AY.43.8 OR AY.43.9 OR AY.44 OR AY.45 OR AY.46 OR AY.46.1 OR AY.46.2 OR AY.46.3 OR AY.46.4 OR AY.46.5 OR AY.46.6 OR AY.46.6.1 OR AY.47 OR AY.48 OR AY.49 OR AY.50 OR AY.51 OR AY.52 OR AY.53 OR AY.54 OR AY.55 OR AY.56 OR AY.57 OR AY.58 OR AY.59 OR AY.60 OR AY.61 OR AY.62 OR AY.63 OR AY.64 OR AY.65 OR AY.66 OR AY.67 OR AY.68 OR AY.69 OR AY.70 OR AY.71 OR AY.72 OR AY.73 OR AY.74 OR AY.75 OR AY.75.2 OR AY.75.3 OR AY.76 OR AY.77 OR AY.78 OR AY.79 OR AY.80 OR AY.81 OR AY.82 OR AY.83 OR AY.84 OR AY.85 OR AY.86 OR AY.87 OR AY.88 OR AY.90 OR AY.91 OR AY.91.1 OR AY.92 OR AY.93 OR AY.94 OR AY.95 OR AY.98 OR AY.98.1 OR AY.98.1.1 OR AY.99 OR AY.99.1 OR AY.99.2 OR AY.100 OR AY.101 OR AY.102 OR AY.102.1 OR AY.102.2 OR AY.103 OR AY.103.1 OR AY.103.2 OR AY.104 OR AY.105 OR AY.106 OR AY.107 OR AY.108 OR AY.109 OR AY.110 OR AY.111 OR AY.112 OR AY.112.1 OR AY.112.2 OR AY.112.3 OR AY.113 OR AY.114 OR AY.116 OR AY.116.1 OR AY.117 OR AY.118 OR AY.119 OR AY.119.1 OR AY.119.2 OR AY.120 OR AY.120.1 OR AY.120.2 OR AY.120.2.1 OR AY.121 OR AY.121.1 OR AY.122 OR AY.122.1 OR AY.122.2 OR AY.122.3 OR AY.122.4 OR AY.122.5 OR AY.122.6 OR AY.123 OR AY.123.1 OR AY.124 OR AY.124.1 OR AY.124.1.1 OR AY.125 OR AY.125.1 OR AY.126 OR AY.127 OR AY.127.1 OR AY.127.2 OR AY.127.3 OR AY.128 OR AY.129 OR AY.130 OR AY.131 OR AY.132 OR AY.133 OR AY.134 OR B.1.617.2,Delta,3.28571428571429,0.0714285714285714,0.0217391304347826
2022-03-12,2,0,3.85714285714286,0,0,0.000115332788238275,0.44476261765764,AY.1 OR AY.2 OR AY.3 OR AY.3.1 OR AY.3.2 OR AY.3.3 OR AY.3.4 OR AY.4 OR AY.4.1 OR AY.4.2 OR AY.4.2.1 OR AY.4.2.2 OR AY.4.2.3 OR AY.4.2.4 OR AY.4.2.5 OR AY.4.3 OR AY.4.4 OR AY.4.5 OR AY.4.6 OR AY.4.7 OR AY.4.8 OR AY.4.9 OR AY.4.10 OR AY.4.11 OR AY.4.12 OR AY.4.13 OR AY.4.14 OR AY.4.15 OR AY.4.16 OR AY.4.17 OR AY.5 OR AY.5.1 OR AY.5.2 OR AY.5.3 OR AY.5.4 OR AY.5.5 OR AY.5.6 OR AY.5.7 OR AY.6 OR AY.7 OR AY.7.1 OR AY.7.2 OR AY.8 OR AY.9 OR AY.9.2 OR AY.9.2.1 OR AY.9.2.2 OR AY.10 OR AY.11 OR AY.13 OR AY.14 OR AY.15 OR AY.16 OR AY.16.1 OR AY.17 OR AY.18 OR AY.19 OR AY.20 OR AY.20.1 OR AY.21 OR AY.22 OR AY.23 OR AY.23.1 OR AY.23.2 OR AY.24 OR AY.24.1 OR AY.25 OR AY.25.1 OR AY.25.1.1 OR AY.25.1.2 OR AY.25.2 OR AY.25.3 OR AY.26 OR AY.26.1 OR AY.27 OR AY.28 OR AY.29 OR AY.29.1 OR AY.29.2 OR AY.30 OR AY.31 OR AY.32 OR AY.33 OR AY.33.1 OR AY.33.2 OR AY.34 OR AY.34.1 OR AY.34.1.1 OR AY.34.2 OR AY.35 OR AY.36 OR AY.36.1 OR AY.37 OR AY.38 OR AY.39 OR AY.39.1 OR AY.39.1.1 OR AY.39.1.2 OR AY.39.1.3 OR AY.39.1.4 OR AY.39.2 OR AY.39.3 OR AY.40 OR AY.41 OR AY.42 OR AY.42.1 OR AY.43 OR AY.43.1 OR AY.43.2 OR AY.43.3 OR AY.43.4 OR AY.43.5 OR AY.43.6 OR AY.43.7 OR AY.43.8 OR AY.43.9 OR AY.44 OR AY.45 OR AY.46 OR AY.46.1 OR AY.46.2 OR AY.46.3 OR AY.46.4 OR AY.46.5 OR AY.46.6 OR AY.46.6.1 OR AY.47 OR AY.48 OR AY.49 OR AY.50 OR AY.51 OR AY.52 OR AY.53 OR AY.54 OR AY.55 OR AY.56 OR AY.57 OR AY.58 OR AY.59 OR AY.60 OR AY.61 OR AY.62 OR AY.63 OR AY.64 OR AY.65 OR AY.66 OR AY.67 OR AY.68 OR AY.69 OR AY.70 OR AY.71 OR AY.72 OR AY.73 OR AY.74 OR AY.75 OR AY.75.2 OR AY.75.3 OR AY.76 OR AY.77 OR AY.78 OR AY.79 OR AY.80 OR AY.81 OR AY.82 OR AY.83 OR AY.84 OR AY.85 OR AY.86 OR AY.87 OR AY.88 OR AY.90 OR AY.91 OR AY.91.1 OR AY.92 OR AY.93 OR AY.94 OR AY.95 OR AY.98 OR AY.98.1 OR AY.98.1.1 OR AY.99 OR AY.99.1 OR AY.99.2 OR AY.100 OR AY.101 OR AY.102 OR AY.102.1 OR AY.102.2 OR AY.103 OR AY.103.1 OR AY.103.2 OR AY.104 OR AY.105 OR AY.106 OR AY.107 OR AY.108 OR AY.109 OR AY.110 OR AY.111 OR AY.112 OR AY.112.1 OR AY.112.2 OR AY.112.3 OR AY.113 OR AY.114 OR AY.116 OR AY.116.1 OR AY.117 OR AY.118 OR AY.119 OR AY.119.1 OR AY.119.2 OR AY.120 OR AY.120.1 OR AY.120.2 OR AY.120.2.1 OR AY.121 OR AY.121.1 OR AY.122 OR AY.122.1 OR AY.122.2 OR AY.122.3 OR AY.122.4 OR AY.122.5 OR AY.122.6 OR AY.123 OR AY.123.1 OR AY.124 OR AY.124.1 OR AY.124.1.1 OR AY.125 OR AY.125.1 OR AY.126 OR AY.127 OR AY.127.1 OR AY.127.2 OR AY.127.3 OR AY.128 OR AY.129 OR AY.130 OR AY.131 OR AY.132 OR AY.133 OR AY.134 OR B.1.617.2,Delta,3.14285714285714,0.0714285714285714,0.0227272727272727
2022-03-13,2,0,4,0,0,0.000115332788238275,0.44476261765764,AY.1 OR AY.2 OR AY.3 OR AY.3.1 OR AY.3.2 OR AY.3.3 OR AY.3.4 OR AY.4 OR AY.4.1 OR AY.4.2 OR AY.4.2.1 OR AY.4.2.2 OR AY.4.2.3 OR AY.4.2.4 OR AY.4.2.5 OR AY.4.3 OR AY.4.4 OR AY.4.5 OR AY.4.6 OR AY.4.7 OR AY.4.8 OR AY.4.9 OR AY.4.10 OR AY.4.11 OR AY.4.12 OR AY.4.13 OR AY.4.14 OR AY.4.15 OR AY.4.16 OR AY.4.17 OR AY.5 OR AY.5.1 OR AY.5.2 OR AY.5.3 OR AY.5.4 OR AY.5.5 OR AY.5.6 OR AY.5.7 OR AY.6 OR AY.7 OR AY.7.1 OR AY.7.2 OR AY.8 OR AY.9 OR AY.9.2 OR AY.9.2.1 OR AY.9.2.2 OR AY.10 OR AY.11 OR AY.13 OR AY.14 OR AY.15 OR AY.16 OR AY.16.1 OR AY.17 OR AY.18 OR AY.19 OR AY.20 OR AY.20.1 OR AY.21 OR AY.22 OR AY.23 OR AY.23.1 OR AY.23.2 OR AY.24 OR AY.24.1 OR AY.25 OR AY.25.1 OR AY.25.1.1 OR AY.25.1.2 OR AY.25.2 OR AY.25.3 OR AY.26 OR AY.26.1 OR AY.27 OR AY.28 OR AY.29 OR AY.29.1 OR AY.29.2 OR AY.30 OR AY.31 OR AY.32 OR AY.33 OR AY.33.1 OR AY.33.2 OR AY.34 OR AY.34.1 OR AY.34.1.1 OR AY.34.2 OR AY.35 OR AY.36 OR AY.36.1 OR AY.37 OR AY.38 OR AY.39 OR AY.39.1 OR AY.39.1.1 OR AY.39.1.2 OR AY.39.1.3 OR AY.39.1.4 OR AY.39.2 OR AY.39.3 OR AY.40 OR AY.41 OR AY.42 OR AY.42.1 OR AY.43 OR AY.43.1 OR AY.43.2 OR AY.43.3 OR AY.43.4 OR AY.43.5 OR AY.43.6 OR AY.43.7 OR AY.43.8 OR AY.43.9 OR AY.44 OR AY.45 OR AY.46 OR AY.46.1 OR AY.46.2 OR AY.46.3 OR AY.46.4 OR AY.46.5 OR AY.46.6 OR AY.46.6.1 OR AY.47 OR AY.48 OR AY.49 OR AY.50 OR AY.51 OR AY.52 OR AY.53 OR AY.54 OR AY.55 OR AY.56 OR AY.57 OR AY.58 OR AY.59 OR AY.60 OR AY.61 OR AY.62 OR AY.63 OR AY.64 OR AY.65 OR AY.66 OR AY.67 OR AY.68 OR AY.69 OR AY.70 OR AY.71 OR AY.72 OR AY.73 OR AY.74 OR AY.75 OR AY.75.2 OR AY.75.3 OR AY.76 OR AY.77 OR AY.78 OR AY.79 OR AY.80 OR AY.81 OR AY.82 OR AY.83 OR AY.84 OR AY.85 OR AY.86 OR AY.87 OR AY.88 OR AY.90 OR AY.91 OR AY.91.1 OR AY.92 OR AY.93 OR AY.94 OR AY.95 OR AY.98 OR AY.98.1 OR AY.98.1.1 OR AY.99 OR AY.99.1 OR AY.99.2 OR AY.100 OR AY.101 OR AY.102 OR AY.102.1 OR AY.102.2 OR AY.103 OR AY.103.1 OR AY.103.2 OR AY.104 OR AY.105 OR AY.106 OR AY.107 OR AY.108 OR AY.109 OR AY.110 OR AY.111 OR AY.112 OR AY.112.1 OR AY.112.2 OR AY.112.3 OR AY.113 OR AY.114 OR AY.116 OR AY.116.1 OR AY.117 OR AY.118 OR AY.119 OR AY.119.1 OR AY.119.2 OR AY.120 OR AY.120.1 OR AY.120.2 OR AY.120.2.1 OR AY.121 OR AY.121.1 OR AY.122 OR AY.122.1 OR AY.122.2 OR AY.122.3 OR AY.122.4 OR AY.122.5 OR AY.122.6 OR AY.123 OR AY.123.1 OR AY.124 OR AY.124.1 OR AY.124.1.1 OR AY.125 OR AY.125.1 OR AY.126 OR AY.127 OR AY.127.1 OR AY.127.2 OR AY.127.3 OR AY.128 OR AY.129 OR AY.130 OR AY.131 OR AY.132 OR AY.133 OR AY.134 OR B.1.617.2,Delta,3.14285714285714,0.0714285714285714,0.0227272727272727
2022-03-14,22,1,6.14285714285714,0.142857142857143,0.0232558139534884,7.84998483662082e-05,0.33038890915155,AY.1 OR AY.2 OR AY.3 OR AY.3.1 OR AY.3.2 OR AY.3.3 OR AY.3.4 OR AY.4 OR AY.4.1 OR AY.4.2 OR AY.4.2.1 OR AY.4.2.2 OR AY.4.2.3 OR AY.4.2.4 OR AY.4.2.5 OR AY.4.3 OR AY.4.4 OR AY.4.5 OR AY.4.6 OR AY.4.7 OR AY.4.8 OR AY.4.9 OR AY.4.10 OR AY.4.11 OR AY.4.12 OR AY.4.13 OR AY.4.14 OR AY.4.15 OR AY.4.16 OR AY.4.17 OR AY.5 OR AY.5.1 OR AY.5.2 OR AY.5.3 OR AY.5.4 OR AY.5.5 OR AY.5.6 OR AY.5.7 OR AY.6 OR AY.7 OR AY.7.1 OR AY.7.2 OR AY.8 OR AY.9 OR AY.9.2 OR AY.9.2.1 OR AY.9.2.2 OR AY.10 OR AY.11 OR AY.13 OR AY.14 OR AY.15 OR AY.16 OR AY.16.1 OR AY.17 OR AY.18 OR AY.19 OR AY.20 OR AY.20.1 OR AY.21 OR AY.22 OR AY.23 OR AY.23.1 OR AY.23.2 OR AY.24 OR AY.24.1 OR AY.25 OR AY.25.1 OR AY.25.1.1 OR AY.25.1.2 OR AY.25.2 OR AY.25.3 OR AY.26 OR AY.26.1 OR AY.27 OR AY.28 OR AY.29 OR AY.29.1 OR AY.29.2 OR AY.30 OR AY.31 OR AY.32 OR AY.33 OR AY.33.1 OR AY.33.2 OR AY.34 OR AY.34.1 OR AY.34.1.1 OR AY.34.2 OR AY.35 OR AY.36 OR AY.36.1 OR AY.37 OR AY.38 OR AY.39 OR AY.39.1 OR AY.39.1.1 OR AY.39.1.2 OR AY.39.1.3 OR AY.39.1.4 OR AY.39.2 OR AY.39.3 OR AY.40 OR AY.41 OR AY.42 OR AY.42.1 OR AY.43 OR AY.43.1 OR AY.43.2 OR AY.43.3 OR AY.43.4 OR AY.43.5 OR AY.43.6 OR AY.43.7 OR AY.43.8 OR AY.43.9 OR AY.44 OR AY.45 OR AY.46 OR AY.46.1 OR AY.46.2 OR AY.46.3 OR AY.46.4 OR AY.46.5 OR AY.46.6 OR AY.46.6.1 OR AY.47 OR AY.48 OR AY.49 OR AY.50 OR AY.51 OR AY.52 OR AY.53 OR AY.54 OR AY.55 OR AY.56 OR AY.57 OR AY.58 OR AY.59 OR AY.60 OR AY.61 OR AY.62 OR AY.63 OR AY.64 OR AY.65 OR AY.66 OR AY.67 OR AY.68 OR AY.69 OR AY.70 OR AY.71 OR AY.72 OR AY.73 OR AY.74 OR AY.75 OR AY.75.2 OR AY.75.3 OR AY.76 OR AY.77 OR AY.78 OR AY.79 OR AY.80 OR AY.81 OR AY.82 OR AY.83 OR AY.84 OR AY.85 OR AY.86 OR AY.87 OR AY.88 OR AY.90 OR AY.91 OR AY.91.1 OR AY.92 OR AY.93 OR AY.94 OR AY.95 OR AY.98 OR AY.98.1 OR AY.98.1.1 OR AY.99 OR AY.99.1 OR AY.99.2 OR AY.100 OR AY.101 OR AY.102 OR AY.102.1 OR AY.102.2 OR AY.103 OR AY.103.1 OR AY.103.2 OR AY.104 OR AY.105 OR AY.106 OR AY.107 OR AY.108 OR AY.109 OR AY.110 OR AY.111 OR AY.112 OR AY.112.1 OR AY.112.2 OR AY.112.3 OR AY.113 OR AY.114 OR AY.116 OR AY.116.1 OR AY.117 OR AY.118 OR AY.119 OR AY.119.1 OR AY.119.2 OR AY.120 OR AY.120.1 OR AY.120.2 OR AY.120.2.1 OR AY.121 OR AY.121.1 OR AY.122 OR AY.122.1 OR AY.122.2 OR AY.122.3 OR AY.122.4 OR AY.122.5 OR AY.122.6 OR AY.123 OR AY.123.1 OR AY.124 OR AY.124.1 OR AY.124.1.1 OR AY.125 OR AY.125.1 OR AY.126 OR AY.127 OR AY.127.1 OR AY.127.2 OR AY.127.3 OR AY.128 OR AY.129 OR AY.130 OR AY.131 OR AY.132 OR AY.133 OR AY.134 OR B.1.617.2,Delta,4.57142857142857,0.142857142857143,0.03125
2022-03-15,20,0,8.71428571428571,0.142857142857143,0.0163934426229508,5.3064053418493e-05,0.237610098632903,AY.1 OR AY.2 OR AY.3 OR AY.3.1 OR AY.3.2 OR AY.3.3 OR AY.3.4 OR AY.4 OR AY.4.1 OR AY.4.2 OR AY.4.2.1 OR AY.4.2.2 OR AY.4.2.3 OR AY.4.2.4 OR AY.4.2.5 OR AY.4.3 OR AY.4.4 OR AY.4.5 OR AY.4.6 OR AY.4.7 OR AY.4.8 OR AY.4.9 OR AY.4.10 OR AY.4.11 OR AY.4.12 OR AY.4.13 OR AY.4.14 OR AY.4.15 OR AY.4.16 OR AY.4.17 OR AY.5 OR AY.5.1 OR AY.5.2 OR AY.5.3 OR AY.5.4 OR AY.5.5 OR AY.5.6 OR AY.5.7 OR AY.6 OR AY.7 OR AY.7.1 OR AY.7.2 OR AY.8 OR AY.9 OR AY.9.2 OR AY.9.2.1 OR AY.9.2.2 OR AY.10 OR AY.11 OR AY.13 OR AY.14 OR AY.15 OR AY.16 OR AY.16.1 OR AY.17 OR AY.18 OR AY.19 OR AY.20 OR AY.20.1 OR AY.21 OR AY.22 OR AY.23 OR AY.23.1 OR AY.23.2 OR AY.24 OR AY.24.1 OR AY.25 OR AY.25.1 OR AY.25.1.1 OR AY.25.1.2 OR AY.25.2 OR AY.25.3 OR AY.26 OR AY.26.1 OR AY.27 OR AY.28 OR AY.29 OR AY.29.1 OR AY.29.2 OR AY.30 OR AY.31 OR AY.32 OR AY.33 OR AY.33.1 OR AY.33.2 OR AY.34 OR AY.34.1 OR AY.34.1.1 OR AY.34.2 OR AY.35 OR AY.36 OR AY.36.1 OR AY.37 OR AY.38 OR AY.39 OR AY.39.1 OR AY.39.1.1 OR AY.39.1.2 OR AY.39.1.3 OR AY.39.1.4 OR AY.39.2 OR AY.39.3 OR AY.40 OR AY.41 OR AY.42 OR AY.42.1 OR AY.43 OR AY.43.1 OR AY.43.2 OR AY.43.3 OR AY.43.4 OR AY.43.5 OR AY.43.6 OR AY.43.7 OR AY.43.8 OR AY.43.9 OR AY.44 OR AY.45 OR AY.46 OR AY.46.1 OR AY.46.2 OR AY.46.3 OR AY.46.4 OR AY.46.5 OR AY.46.6 OR AY.46.6.1 OR AY.47 OR AY.48 OR AY.49 OR AY.50 OR AY.51 OR AY.52 OR AY.53 OR AY.54 OR AY.55 OR AY.56 OR AY.57 OR AY.58 OR AY.59 OR AY.60 OR AY.61 OR AY.62 OR AY.63 OR AY.64 OR AY.65 OR AY.66 OR AY.67 OR AY.68 OR AY.69 OR AY.70 OR AY.71 OR AY.72 OR AY.73 OR AY.74 OR AY.75 OR AY.75.2 OR AY.75.3 OR AY.76 OR AY.77 OR AY.78 OR AY.79 OR AY.80 OR AY.81 OR AY.82 OR AY.83 OR AY.84 OR AY.85 OR AY.86 OR AY.87 OR AY.88 OR AY.90 OR AY.91 OR AY.91.1 OR AY.92 OR AY.93 OR AY.94 OR AY.95 OR AY.98 OR AY.98.1 OR AY.98.1.1 OR AY.99 OR AY.99.1 OR AY.99.2 OR AY.100 OR AY.101 OR AY.102 OR AY.102.1 OR AY.102.2 OR AY.103 OR AY.103.1 OR AY.103.2 OR AY.104 OR AY.105 OR AY.106 OR AY.107 OR AY.108 OR AY.109 OR AY.110 OR AY.111 OR AY.112 OR AY.112.1 OR AY.112.2 OR AY.112.3 OR AY.113 OR AY.114 OR AY.116 OR AY.116.1 OR AY.117 OR AY.118 OR AY.119 OR AY.119.1 OR AY.119.2 OR AY.120 OR AY.120.1 OR AY.120.2 OR AY.120.2.1 OR AY.121 OR AY.121.1 OR AY.122 OR AY.122.1 OR AY.122.2 OR AY.122.3 OR AY.122.4 OR AY.122.5 OR AY.122.6 OR AY.123 OR AY.123.1 OR AY.124 OR AY.124.1 OR AY.124.1.1 OR AY.125 OR AY.125.1 OR AY.126 OR AY.127 OR AY.127.1 OR AY.127.2 OR AY.127.3 OR AY.128 OR AY.129 OR AY.130 OR AY.131 OR AY.132 OR AY.133 OR AY.134 OR B.1.617.2,Delta,5.85714285714286,0.142857142857143,0.024390243902439
2022-03-16,14,0,10.1428571428571,0.142857142857143,0.0140845070422535,4.7890433157582e-05,0.217196267509211,AY.1 OR AY.2 OR AY.3 OR AY.3.1 OR AY.3.2 OR AY.3.3 OR AY.3.4 OR AY.4 OR AY.4.1 OR AY.4.2 OR AY.4.2.1 OR AY.4.2.2 OR AY.4.2.3 OR AY.4.2.4 OR AY.4.2.5 OR AY.4.3 OR AY.4.4 OR AY.4.5 OR AY.4.6 OR AY.4.7 OR AY.4.8 OR AY.4.9 OR AY.4.10 OR AY.4.11 OR AY.4.12 OR AY.4.13 OR AY.4.14 OR AY.4.15 OR AY.4.16 OR AY.4.17 OR AY.5 OR AY.5.1 OR AY.5.2 OR AY.5.3 OR AY.5.4 OR AY.5.5 OR AY.5.6 OR AY.5.7 OR AY.6 OR AY.7 OR AY.7.1 OR AY.7.2 OR AY.8 OR AY.9 OR AY.9.2 OR AY.9.2.1 OR AY.9.2.2 OR AY.10 OR AY.11 OR AY.13 OR AY.14 OR AY.15 OR AY.16 OR AY.16.1 OR AY.17 OR AY.18 OR AY.19 OR AY.20 OR AY.20.1 OR AY.21 OR AY.22 OR AY.23 OR AY.23.1 OR AY.23.2 OR AY.24 OR AY.24.1 OR AY.25 OR AY.25.1 OR AY.25.1.1 OR AY.25.1.2 OR AY.25.2 OR AY.25.3 OR AY.26 OR AY.26.1 OR AY.27 OR AY.28 OR AY.29 OR AY.29.1 OR AY.29.2 OR AY.30 OR AY.31 OR AY.32 OR AY.33 OR AY.33.1 OR AY.33.2 OR AY.34 OR AY.34.1 OR AY.34.1.1 OR AY.34.2 OR AY.35 OR AY.36 OR AY.36.1 OR AY.37 OR AY.38 OR AY.39 OR AY.39.1 OR AY.39.1.1 OR AY.39.1.2 OR AY.39.1.3 OR AY.39.1.4 OR AY.39.2 OR AY.39.3 OR AY.40 OR AY.41 OR AY.42 OR AY.42.1 OR AY.43 OR AY.43.1 OR AY.43.2 OR AY.43.3 OR AY.43.4 OR AY.43.5 OR AY.43.6 OR AY.43.7 OR AY.43.8 OR AY.43.9 OR AY.44 OR AY.45 OR AY.46 OR AY.46.1 OR AY.46.2 OR AY.46.3 OR AY.46.4 OR AY.46.5 OR AY.46.6 OR AY.46.6.1 OR AY.47 OR AY.48 OR AY.49 OR AY.50 OR AY.51 OR AY.52 OR AY.53 OR AY.54 OR AY.55 OR AY.56 OR AY.57 OR AY.58 OR AY.59 OR AY.60 OR AY.61 OR AY.62 OR AY.63 OR AY.64 OR AY.65 OR AY.66 OR AY.67 OR AY.68 OR AY.69 OR AY.70 OR AY.71 OR AY.72 OR AY.73 OR AY.74 OR AY.75 OR AY.75.2 OR AY.75.3 OR AY.76 OR AY.77 OR AY.78 OR AY.79 OR AY.80 OR AY.81 OR AY.82 OR AY.83 OR AY.84 OR AY.85 OR AY.86 OR AY.87 OR AY.88 OR AY.90 OR AY.91 OR AY.91.1 OR AY.92 OR AY.93 OR AY.94 OR AY.95 OR AY.98 OR AY.98.1 OR AY.98.1.1 OR AY.99 OR AY.99.1 OR AY.99.2 OR AY.100 OR AY.101 OR AY.102 OR AY.102.1 OR AY.102.2 OR AY.103 OR AY.103.1 OR AY.103.2 OR AY.104 OR AY.105 OR AY.106 OR AY.107 OR AY.108 OR AY.109 OR AY.110 OR AY.111 OR AY.112 OR AY.112.1 OR AY.112.2 OR AY.112.3 OR AY.113 OR AY.114 OR AY.116 OR AY.116.1 OR AY.117 OR AY.118 OR AY.119 OR AY.119.1 OR AY.119.2 OR AY.120 OR AY.120.1 OR AY.120.2 OR AY.120.2.1 OR AY.121 OR AY.121.1 OR AY.122 OR AY.122.1 OR AY.122.2 OR AY.122.3 OR AY.122.4 OR AY.122.5 OR AY.122.6 OR AY.123 OR AY.123.1 OR AY.124 OR AY.124.1 OR AY.124.1.1 OR AY.125 OR AY.125.1 OR AY.126 OR AY.127 OR AY.127.1 OR AY.127.2 OR AY.127.3 OR AY.128 OR AY.129 OR AY.130 OR AY.131 OR AY.132 OR AY.133 OR AY.134 OR B.1.617.2,Delta,6.57142857142857,0.142857142857143,0.0217391304347826
2022-03-18,2,0,10.3333333333333,0.166666666666667,0.0161290322580645,4.7890433157582e-05,0.217196267509211,AY.1 OR AY.2 OR AY.3 OR AY.3.1 OR AY.3.2 OR AY.3.3 OR AY.3.4 OR AY.4 OR AY.4.1 OR AY.4.2 OR AY.4.2.1 OR AY.4.2.2 OR AY.4.2.3 OR AY.4.2.4 OR AY.4.2.5 OR AY.4.3 OR AY.4.4 OR AY.4.5 OR AY.4.6 OR AY.4.7 OR AY.4.8 OR AY.4.9 OR AY.4.10 OR AY.4.11 OR AY.4.12 OR AY.4.13 OR AY.4.14 OR AY.4.15 OR AY.4.16 OR AY.4.17 OR AY.5 OR AY.5.1 OR AY.5.2 OR AY.5.3 OR AY.5.4 OR AY.5.5 OR AY.5.6 OR AY.5.7 OR AY.6 OR AY.7 OR AY.7.1 OR AY.7.2 OR AY.8 OR AY.9 OR AY.9.2 OR AY.9.2.1 OR AY.9.2.2 OR AY.10 OR AY.11 OR AY.13 OR AY.14 OR AY.15 OR AY.16 OR AY.16.1 OR AY.17 OR AY.18 OR AY.19 OR AY.20 OR AY.20.1 OR AY.21 OR AY.22 OR AY.23 OR AY.23.1 OR AY.23.2 OR AY.24 OR AY.24.1 OR AY.25 OR AY.25.1 OR AY.25.1.1 OR AY.25.1.2 OR AY.25.2 OR AY.25.3 OR AY.26 OR AY.26.1 OR AY.27 OR AY.28 OR AY.29 OR AY.29.1 OR AY.29.2 OR AY.30 OR AY.31 OR AY.32 OR AY.33 OR AY.33.1 OR AY.33.2 OR AY.34 OR AY.34.1 OR AY.34.1.1 OR AY.34.2 OR AY.35 OR AY.36 OR AY.36.1 OR AY.37 OR AY.38 OR AY.39 OR AY.39.1 OR AY.39.1.1 OR AY.39.1.2 OR AY.39.1.3 OR AY.39.1.4 OR AY.39.2 OR AY.39.3 OR AY.40 OR AY.41 OR AY.42 OR AY.42.1 OR AY.43 OR AY.43.1 OR AY.43.2 OR AY.43.3 OR AY.43.4 OR AY.43.5 OR AY.43.6 OR AY.43.7 OR AY.43.8 OR AY.43.9 OR AY.44 OR AY.45 OR AY.46 OR AY.46.1 OR AY.46.2 OR AY.46.3 OR AY.46.4 OR AY.46.5 OR AY.46.6 OR AY.46.6.1 OR AY.47 OR AY.48 OR AY.49 OR AY.50 OR AY.51 OR AY.52 OR AY.53 OR AY.54 OR AY.55 OR AY.56 OR AY.57 OR AY.58 OR AY.59 OR AY.60 OR AY.61 OR AY.62 OR AY.63 OR AY.64 OR AY.65 OR AY.66 OR AY.67 OR AY.68 OR AY.69 OR AY.70 OR AY.71 OR AY.72 OR AY.73 OR AY.74 OR AY.75 OR AY.75.2 OR AY.75.3 OR AY.76 OR AY.77 OR AY.78 OR AY.79 OR AY.80 OR AY.81 OR AY.82 OR AY.83 OR AY.84 OR AY.85 OR AY.86 OR AY.87 OR AY.88 OR AY.90 OR AY.91 OR AY.91.1 OR AY.92 OR AY.93 OR AY.94 OR AY.95 OR AY.98 OR AY.98.1 OR AY.98.1.1 OR AY.99 OR AY.99.1 OR AY.99.2 OR AY.100 OR AY.101 OR AY.102 OR AY.102.1 OR AY.102.2 OR AY.103 OR AY.103.1 OR AY.103.2 OR AY.104 OR AY.105 OR AY.106 OR AY.107 OR AY.108 OR AY.109 OR AY.110 OR AY.111 OR AY.112 OR AY.112.1 OR AY.112.2 OR AY.112.3 OR AY.113 OR AY.114 OR AY.116 OR AY.116.1 OR AY.117 OR AY.118 OR AY.119 OR AY.119.1 OR AY.119.2 OR AY.120 OR AY.120.1 OR AY.120.2 OR AY.120.2.1 OR AY.121 OR AY.121.1 OR AY.122 OR AY.122.1 OR AY.122.2 OR AY.122.3 OR AY.122.4 OR AY.122.5 OR AY.122.6 OR AY.123 OR AY.123.1 OR AY.124 OR AY.124.1 OR AY.124.1.1 OR AY.125 OR AY.125.1 OR AY.126 OR AY.127 OR AY.127.1 OR AY.127.2 OR AY.127.3 OR AY.128 OR AY.129 OR AY.130 OR AY.131 OR AY.132 OR AY.133 OR AY.134 OR B.1.617.2,Delta,6.57142857142857,0.142857142857143,0.0217391304347826
2022-03-19,1,0,10.1666666666667,0.166666666666667,0.0163934426229508,4.7890433157582e-05,0.217196267509211,AY.1 OR AY.2 OR AY.3 OR AY.3.1 OR AY.3.2 OR AY.3.3 OR AY.3.4 OR AY.4 OR AY.4.1 OR AY.4.2 OR AY.4.2.1 OR AY.4.2.2 OR AY.4.2.3 OR AY.4.2.4 OR AY.4.2.5 OR AY.4.3 OR AY.4.4 OR AY.4.5 OR AY.4.6 OR AY.4.7 OR AY.4.8 OR AY.4.9 OR AY.4.10 OR AY.4.11 OR AY.4.12 OR AY.4.13 OR AY.4.14 OR AY.4.15 OR AY.4.16 OR AY.4.17 OR AY.5 OR AY.5.1 OR AY.5.2 OR AY.5.3 OR AY.5.4 OR AY.5.5 OR AY.5.6 OR AY.5.7 OR AY.6 OR AY.7 OR AY.7.1 OR AY.7.2 OR AY.8 OR AY.9 OR AY.9.2 OR AY.9.2.1 OR AY.9.2.2 OR AY.10 OR AY.11 OR AY.13 OR AY.14 OR AY.15 OR AY.16 OR AY.16.1 OR AY.17 OR AY.18 OR AY.19 OR AY.20 OR AY.20.1 OR AY.21 OR AY.22 OR AY.23 OR AY.23.1 OR AY.23.2 OR AY.24 OR AY.24.1 OR AY.25 OR AY.25.1 OR AY.25.1.1 OR AY.25.1.2 OR AY.25.2 OR AY.25.3 OR AY.26 OR AY.26.1 OR AY.27 OR AY.28 OR AY.29 OR AY.29.1 OR AY.29.2 OR AY.30 OR AY.31 OR AY.32 OR AY.33 OR AY.33.1 OR AY.33.2 OR AY.34 OR AY.34.1 OR AY.34.1.1 OR AY.34.2 OR AY.35 OR AY.36 OR AY.36.1 OR AY.37 OR AY.38 OR AY.39 OR AY.39.1 OR AY.39.1.1 OR AY.39.1.2 OR AY.39.1.3 OR AY.39.1.4 OR AY.39.2 OR AY.39.3 OR AY.40 OR AY.41 OR AY.42 OR AY.42.1 OR AY.43 OR AY.43.1 OR AY.43.2 OR AY.43.3 OR AY.43.4 OR AY.43.5 OR AY.43.6 OR AY.43.7 OR AY.43.8 OR AY.43.9 OR AY.44 OR AY.45 OR AY.46 OR AY.46.1 OR AY.46.2 OR AY.46.3 OR AY.46.4 OR AY.46.5 OR AY.46.6 OR AY.46.6.1 OR AY.47 OR AY.48 OR AY.49 OR AY.50 OR AY.51 OR AY.52 OR AY.53 OR AY.54 OR AY.55 OR AY.56 OR AY.57 OR AY.58 OR AY.59 OR AY.60 OR AY.61 OR AY.62 OR AY.63 OR AY.64 OR AY.65 OR AY.66 OR AY.67 OR AY.68 OR AY.69 OR AY.70 OR AY.71 OR AY.72 OR AY.73 OR AY.74 OR AY.75 OR AY.75.2 OR AY.75.3 OR AY.76 OR AY.77 OR AY.78 OR AY.79 OR AY.80 OR AY.81 OR AY.82 OR AY.83 OR AY.84 OR AY.85 OR AY.86 OR AY.87 OR AY.88 OR AY.90 OR AY.91 OR AY.91.1 OR AY.92 OR AY.93 OR AY.94 OR AY.95 OR AY.98 OR AY.98.1 OR AY.98.1.1 OR AY.99 OR AY.99.1 OR AY.99.2 OR AY.100 OR AY.101 OR AY.102 OR AY.102.1 OR AY.102.2 OR AY.103 OR AY.103.1 OR AY.103.2 OR AY.104 OR AY.105 OR AY.106 OR AY.107 OR AY.108 OR AY.109 OR AY.110 OR AY.111 OR AY.112 OR AY.112.1 OR AY.112.2 OR AY.112.3 OR AY.113 OR AY.114 OR AY.116 OR AY.116.1 OR AY.117 OR AY.118 OR AY.119 OR AY.119.1 OR AY.119.2 OR AY.120 OR AY.120.1 OR AY.120.2 OR AY.120.2.1 OR AY.121 OR AY.121.1 OR AY.122 OR AY.122.1 OR AY.122.2 OR AY.122.3 OR AY.122.4 OR AY.122.5 OR AY.122.6 OR AY.123 OR AY.123.1 OR AY.124 OR AY.124.1 OR AY.124.1.1 OR AY.125 OR AY.125.1 OR AY.126 OR AY.127 OR AY.127.1 OR AY.127.2 OR AY.127.3 OR AY.128 OR AY.129 OR AY.130 OR AY.131 OR AY.132 OR AY.133 OR AY.134 OR B.1.617.2,Delta,6.42857142857143,0.142857142857143,0.0222222222222222
2022-03-21,6,0,8.6,0,0,5.3064053418493e-05,0.237610098632903,AY.1 OR AY.2 OR AY.3 OR AY.3.1 OR AY.3.2 OR AY.3.3 OR AY.3.4 OR AY.4 OR AY.4.1 OR AY.4.2 OR AY.4.2.1 OR AY.4.2.2 OR AY.4.2.3 OR AY.4.2.4 OR AY.4.2.5 OR AY.4.3 OR AY.4.4 OR AY.4.5 OR AY.4.6 OR AY.4.7 OR AY.4.8 OR AY.4.9 OR AY.4.10 OR AY.4.11 OR AY.4.12 OR AY.4.13 OR AY.4.14 OR AY.4.15 OR AY.4.16 OR AY.4.17 OR AY.5 OR AY.5.1 OR AY.5.2 OR AY.5.3 OR AY.5.4 OR AY.5.5 OR AY.5.6 OR AY.5.7 OR AY.6 OR AY.7 OR AY.7.1 OR AY.7.2 OR AY.8 OR AY.9 OR AY.9.2 OR AY.9.2.1 OR AY.9.2.2 OR AY.10 OR AY.11 OR AY.13 OR AY.14 OR AY.15 OR AY.16 OR AY.16.1 OR AY.17 OR AY.18 OR AY.19 OR AY.20 OR AY.20.1 OR AY.21 OR AY.22 OR AY.23 OR AY.23.1 OR AY.23.2 OR AY.24 OR AY.24.1 OR AY.25 OR AY.25.1 OR AY.25.1.1 OR AY.25.1.2 OR AY.25.2 OR AY.25.3 OR AY.26 OR AY.26.1 OR AY.27 OR AY.28 OR AY.29 OR AY.29.1 OR AY.29.2 OR AY.30 OR AY.31 OR AY.32 OR AY.33 OR AY.33.1 OR AY.33.2 OR AY.34 OR AY.34.1 OR AY.34.1.1 OR AY.34.2 OR AY.35 OR AY.36 OR AY.36.1 OR AY.37 OR AY.38 OR AY.39 OR AY.39.1 OR AY.39.1.1 OR AY.39.1.2 OR AY.39.1.3 OR AY.39.1.4 OR AY.39.2 OR AY.39.3 OR AY.40 OR AY.41 OR AY.42 OR AY.42.1 OR AY.43 OR AY.43.1 OR AY.43.2 OR AY.43.3 OR AY.43.4 OR AY.43.5 OR AY.43.6 OR AY.43.7 OR AY.43.8 OR AY.43.9 OR AY.44 OR AY.45 OR AY.46 OR AY.46.1 OR AY.46.2 OR AY.46.3 OR AY.46.4 OR AY.46.5 OR AY.46.6 OR AY.46.6.1 OR AY.47 OR AY.48 OR AY.49 OR AY.50 OR AY.51 OR AY.52 OR AY.53 OR AY.54 OR AY.55 OR AY.56 OR AY.57 OR AY.58 OR AY.59 OR AY.60 OR AY.61 OR AY.62 OR AY.63 OR AY.64 OR AY.65 OR AY.66 OR AY.67 OR AY.68 OR AY.69 OR AY.70 OR AY.71 OR AY.72 OR AY.73 OR AY.74 OR AY.75 OR AY.75.2 OR AY.75.3 OR AY.76 OR AY.77 OR AY.78 OR AY.79 OR AY.80 OR AY.81 OR AY.82 OR AY.83 OR AY.84 OR AY.85 OR AY.86 OR AY.87 OR AY.88 OR AY.90 OR AY.91 OR AY.91.1 OR AY.92 OR AY.93 OR AY.94 OR AY.95 OR AY.98 OR AY.98.1 OR AY.98.1.1 OR AY.99 OR AY.99.1 OR AY.99.2 OR AY.100 OR AY.101 OR AY.102 OR AY.102.1 OR AY.102.2 OR AY.103 OR AY.103.1 OR AY.103.2 OR AY.104 OR AY.105 OR AY.106 OR AY.107 OR AY.108 OR AY.109 OR AY.110 OR AY.111 OR AY.112 OR AY.112.1 OR AY.112.2 OR AY.112.3 OR AY.113 OR AY.114 OR AY.116 OR AY.116.1 OR AY.117 OR AY.118 OR AY.119 OR AY.119.1 OR AY.119.2 OR AY.120 OR AY.120.1 OR AY.120.2 OR AY.120.2.1 OR AY.121 OR AY.121.1 OR AY.122 OR AY.122.1 OR AY.122.2 OR AY.122.3 OR AY.122.4 OR AY.122.5 OR AY.122.6 OR AY.123 OR AY.123.1 OR AY.124 OR AY.124.1 OR AY.124.1.1 OR AY.125 OR AY.125.1 OR AY.126 OR AY.127 OR AY.127.1 OR AY.127.2 OR AY.127.3 OR AY.128 OR AY.129 OR AY.130 OR AY.131 OR AY.132 OR AY.133 OR AY.134 OR B.1.617.2,Delta,6.71428571428571,0.0714285714285714,0.0106382978723404
2022-03-22,1,0,4.8,0,0,9.34206000395449e-05,0.379377142299039,AY.1 OR AY.2 OR AY.3 OR AY.3.1 OR AY.3.2 OR AY.3.3 OR AY.3.4 OR AY.4 OR AY.4.1 OR AY.4.2 OR AY.4.2.1 OR AY.4.2.2 OR AY.4.2.3 OR AY.4.2.4 OR AY.4.2.5 OR AY.4.3 OR AY.4.4 OR AY.4.5 OR AY.4.6 OR AY.4.7 OR AY.4.8 OR AY.4.9 OR AY.4.10 OR AY.4.11 OR AY.4.12 OR AY.4.13 OR AY.4.14 OR AY.4.15 OR AY.4.16 OR AY.4.17 OR AY.5 OR AY.5.1 OR AY.5.2 OR AY.5.3 OR AY.5.4 OR AY.5.5 OR AY.5.6 OR AY.5.7 OR AY.6 OR AY.7 OR AY.7.1 OR AY.7.2 OR AY.8 OR AY.9 OR AY.9.2 OR AY.9.2.1 OR AY.9.2.2 OR AY.10 OR AY.11 OR AY.13 OR AY.14 OR AY.15 OR AY.16 OR AY.16.1 OR AY.17 OR AY.18 OR AY.19 OR AY.20 OR AY.20.1 OR AY.21 OR AY.22 OR AY.23 OR AY.23.1 OR AY.23.2 OR AY.24 OR AY.24.1 OR AY.25 OR AY.25.1 OR AY.25.1.1 OR AY.25.1.2 OR AY.25.2 OR AY.25.3 OR AY.26 OR AY.26.1 OR AY.27 OR AY.28 OR AY.29 OR AY.29.1 OR AY.29.2 OR AY.30 OR AY.31 OR AY.32 OR AY.33 OR AY.33.1 OR AY.33.2 OR AY.34 OR AY.34.1 OR AY.34.1.1 OR AY.34.2 OR AY.35 OR AY.36 OR AY.36.1 OR AY.37 OR AY.38 OR AY.39 OR AY.39.1 OR AY.39.1.1 OR AY.39.1.2 OR AY.39.1.3 OR AY.39.1.4 OR AY.39.2 OR AY.39.3 OR AY.40 OR AY.41 OR AY.42 OR AY.42.1 OR AY.43 OR AY.43.1 OR AY.43.2 OR AY.43.3 OR AY.43.4 OR AY.43.5 OR AY.43.6 OR AY.43.7 OR AY.43.8 OR AY.43.9 OR AY.44 OR AY.45 OR AY.46 OR AY.46.1 OR AY.46.2 OR AY.46.3 OR AY.46.4 OR AY.46.5 OR AY.46.6 OR AY.46.6.1 OR AY.47 OR AY.48 OR AY.49 OR AY.50 OR AY.51 OR AY.52 OR AY.53 OR AY.54 OR AY.55 OR AY.56 OR AY.57 OR AY.58 OR AY.59 OR AY.60 OR AY.61 OR AY.62 OR AY.63 OR AY.64 OR AY.65 OR AY.66 OR AY.67 OR AY.68 OR AY.69 OR AY.70 OR AY.71 OR AY.72 OR AY.73 OR AY.74 OR AY.75 OR AY.75.2 OR AY.75.3 OR AY.76 OR AY.77 OR AY.78 OR AY.79 OR AY.80 OR AY.81 OR AY.82 OR AY.83 OR AY.84 OR AY.85 OR AY.86 OR AY.87 OR AY.88 OR AY.90 OR AY.91 OR AY.91.1 OR AY.92 OR AY.93 OR AY.94 OR AY.95 OR AY.98 OR AY.98.1 OR AY.98.1.1 OR AY.99 OR AY.99.1 OR AY.99.2 OR AY.100 OR AY.101 OR AY.102 OR AY.102.1 OR AY.102.2 OR AY.103 OR AY.103.1 OR AY.103.2 OR AY.104 OR AY.105 OR AY.106 OR AY.107 OR AY.108 OR AY.109 OR AY.110 OR AY.111 OR AY.112 OR AY.112.1 OR AY.112.2 OR AY.112.3 OR AY.113 OR AY.114 OR AY.116 OR AY.116.1 OR AY.117 OR AY.118 OR AY.119 OR AY.119.1 OR AY.119.2 OR AY.120 OR AY.120.1 OR AY.120.2 OR AY.120.2.1 OR AY.121 OR AY.121.1 OR AY.122 OR AY.122.1 OR AY.122.2 OR AY.122.3 OR AY.122.4 OR AY.122.5 OR AY.122.6 OR AY.123 OR AY.123.1 OR AY.124 OR AY.124.1 OR AY.124.1.1 OR AY.125 OR AY.125.1 OR AY.126 OR AY.127 OR AY.127.1 OR AY.127.2 OR AY.127.3 OR AY.128 OR AY.129 OR AY.130 OR AY.131 OR AY.132 OR AY.133 OR AY.134 OR B.1.617.2,Delta,6.71428571428571,0.0714285714285714,0.0106382978723404
2022-03-23,1,0,2.2,0,0,0.000216908470030966,0.666821754401209,AY.1 OR AY.2 OR AY.3 OR AY.3.1 OR AY.3.2 OR AY.3.3 OR AY.3.4 OR AY.4 OR AY.4.1 OR AY.4.2 OR AY.4.2.1 OR AY.4.2.2 OR AY.4.2.3 OR AY.4.2.4 OR AY.4.2.5 OR AY.4.3 OR AY.4.4 OR AY.4.5 OR AY.4.6 OR AY.4.7 OR AY.4.8 OR AY.4.9 OR AY.4.10 OR AY.4.11 OR AY.4.12 OR AY.4.13 OR AY.4.14 OR AY.4.15 OR AY.4.16 OR AY.4.17 OR AY.5 OR AY.5.1 OR AY.5.2 OR AY.5.3 OR AY.5.4 OR AY.5.5 OR AY.5.6 OR AY.5.7 OR AY.6 OR AY.7 OR AY.7.1 OR AY.7.2 OR AY.8 OR AY.9 OR AY.9.2 OR AY.9.2.1 OR AY.9.2.2 OR AY.10 OR AY.11 OR AY.13 OR AY.14 OR AY.15 OR AY.16 OR AY.16.1 OR AY.17 OR AY.18 OR AY.19 OR AY.20 OR AY.20.1 OR AY.21 OR AY.22 OR AY.23 OR AY.23.1 OR AY.23.2 OR AY.24 OR AY.24.1 OR AY.25 OR AY.25.1 OR AY.25.1.1 OR AY.25.1.2 OR AY.25.2 OR AY.25.3 OR AY.26 OR AY.26.1 OR AY.27 OR AY.28 OR AY.29 OR AY.29.1 OR AY.29.2 OR AY.30 OR AY.31 OR AY.32 OR AY.33 OR AY.33.1 OR AY.33.2 OR AY.34 OR AY.34.1 OR AY.34.1.1 OR AY.34.2 OR AY.35 OR AY.36 OR AY.36.1 OR AY.37 OR AY.38 OR AY.39 OR AY.39.1 OR AY.39.1.1 OR AY.39.1.2 OR AY.39.1.3 OR AY.39.1.4 OR AY.39.2 OR AY.39.3 OR AY.40 OR AY.41 OR AY.42 OR AY.42.1 OR AY.43 OR AY.43.1 OR AY.43.2 OR AY.43.3 OR AY.43.4 OR AY.43.5 OR AY.43.6 OR AY.43.7 OR AY.43.8 OR AY.43.9 OR AY.44 OR AY.45 OR AY.46 OR AY.46.1 OR AY.46.2 OR AY.46.3 OR AY.46.4 OR AY.46.5 OR AY.46.6 OR AY.46.6.1 OR AY.47 OR AY.48 OR AY.49 OR AY.50 OR AY.51 OR AY.52 OR AY.53 OR AY.54 OR AY.55 OR AY.56 OR AY.57 OR AY.58 OR AY.59 OR AY.60 OR AY.61 OR AY.62 OR AY.63 OR AY.64 OR AY.65 OR AY.66 OR AY.67 OR AY.68 OR AY.69 OR AY.70 OR AY.71 OR AY.72 OR AY.73 OR AY.74 OR AY.75 OR AY.75.2 OR AY.75.3 OR AY.76 OR AY.77 OR AY.78 OR AY.79 OR AY.80 OR AY.81 OR AY.82 OR AY.83 OR AY.84 OR AY.85 OR AY.86 OR AY.87 OR AY.88 OR AY.90 OR AY.91 OR AY.91.1 OR AY.92 OR AY.93 OR AY.94 OR AY.95 OR AY.98 OR AY.98.1 OR AY.98.1.1 OR AY.99 OR AY.99.1 OR AY.99.2 OR AY.100 OR AY.101 OR AY.102 OR AY.102.1 OR AY.102.2 OR AY.103 OR AY.103.1 OR AY.103.2 OR AY.104 OR AY.105 OR AY.106 OR AY.107 OR AY.108 OR AY.109 OR AY.110 OR AY.111 OR AY.112 OR AY.112.1 OR AY.112.2 OR AY.112.3 OR AY.113 OR AY.114 OR AY.116 OR AY.116.1 OR AY.117 OR AY.118 OR AY.119 OR AY.119.1 OR AY.119.2 OR AY.120 OR AY.120.1 OR AY.120.2 OR AY.120.2.1 OR AY.121 OR AY.121.1 OR AY.122 OR AY.122.1 OR AY.122.2 OR AY.122.3 OR AY.122.4 OR AY.122.5 OR AY.122.6 OR AY.123 OR AY.123.1 OR AY.124 OR AY.124.1 OR AY.124.1.1 OR AY.125 OR AY.125.1 OR AY.126 OR AY.127 OR AY.127.1 OR AY.127.2 OR AY.127.3 OR AY.128 OR AY.129 OR AY.130 OR AY.131 OR AY.132 OR AY.133 OR AY.134 OR B.1.617.2,Delta,6.28571428571429,0.0714285714285714,0.0113636363636364
2022-03-25,2,0,2.2,0,0,0.000216908470030966,0.666821754401209,AY.1 OR AY.2 OR AY.3 OR AY.3.1 OR AY.3.2 OR AY.3.3 OR AY.3.4 OR AY.4 OR AY.4.1 OR AY.4.2 OR AY.4.2.1 OR AY.4.2.2 OR AY.4.2.3 OR AY.4.2.4 OR AY.4.2.5 OR AY.4.3 OR AY.4.4 OR AY.4.5 OR AY.4.6 OR AY.4.7 OR AY.4.8 OR AY.4.9 OR AY.4.10 OR AY.4.11 OR AY.4.12 OR AY.4.13 OR AY.4.14 OR AY.4.15 OR AY.4.16 OR AY.4.17 OR AY.5 OR AY.5.1 OR AY.5.2 OR AY.5.3 OR AY.5.4 OR AY.5.5 OR AY.5.6 OR AY.5.7 OR AY.6 OR AY.7 OR AY.7.1 OR AY.7.2 OR AY.8 OR AY.9 OR AY.9.2 OR AY.9.2.1 OR AY.9.2.2 OR AY.10 OR AY.11 OR AY.13 OR AY.14 OR AY.15 OR AY.16 OR AY.16.1 OR AY.17 OR AY.18 OR AY.19 OR AY.20 OR AY.20.1 OR AY.21 OR AY.22 OR AY.23 OR AY.23.1 OR AY.23.2 OR AY.24 OR AY.24.1 OR AY.25 OR AY.25.1 OR AY.25.1.1 OR AY.25.1.2 OR AY.25.2 OR AY.25.3 OR AY.26 OR AY.26.1 OR AY.27 OR AY.28 OR AY.29 OR AY.29.1 OR AY.29.2 OR AY.30 OR AY.31 OR AY.32 OR AY.33 OR AY.33.1 OR AY.33.2 OR AY.34 OR AY.34.1 OR AY.34.1.1 OR AY.34.2 OR AY.35 OR AY.36 OR AY.36.1 OR AY.37 OR AY.38 OR AY.39 OR AY.39.1 OR AY.39.1.1 OR AY.39.1.2 OR AY.39.1.3 OR AY.39.1.4 OR AY.39.2 OR AY.39.3 OR AY.40 OR AY.41 OR AY.42 OR AY.42.1 OR AY.43 OR AY.43.1 OR AY.43.2 OR AY.43.3 OR AY.43.4 OR AY.43.5 OR AY.43.6 OR AY.43.7 OR AY.43.8 OR AY.43.9 OR AY.44 OR AY.45 OR AY.46 OR AY.46.1 OR AY.46.2 OR AY.46.3 OR AY.46.4 OR AY.46.5 OR AY.46.6 OR AY.46.6.1 OR AY.47 OR AY.48 OR AY.49 OR AY.50 OR AY.51 OR AY.52 OR AY.53 OR AY.54 OR AY.55 OR AY.56 OR AY.57 OR AY.58 OR AY.59 OR AY.60 OR AY.61 OR AY.62 OR AY.63 OR AY.64 OR AY.65 OR AY.66 OR AY.67 OR AY.68 OR AY.69 OR AY.70 OR AY.71 OR AY.72 OR AY.73 OR AY.74 OR AY.75 OR AY.75.2 OR AY.75.3 OR AY.76 OR AY.77 OR AY.78 OR AY.79 OR AY.80 OR AY.81 OR AY.82 OR AY.83 OR AY.84 OR AY.85 OR AY.86 OR AY.87 OR AY.88 OR AY.90 OR AY.91 OR AY.91.1 OR AY.92 OR AY.93 OR AY.94 OR AY.95 OR AY.98 OR AY.98.1 OR AY.98.1.1 OR AY.99 OR AY.99.1 OR AY.99.2 OR AY.100 OR AY.101 OR AY.102 OR AY.102.1 OR AY.102.2 OR AY.103 OR AY.103.1 OR AY.103.2 OR AY.104 OR AY.105 OR AY.106 OR AY.107 OR AY.108 OR AY.109 OR AY.110 OR AY.111 OR AY.112 OR AY.112.1 OR AY.112.2 OR AY.112.3 OR AY.113 OR AY.114 OR AY.116 OR AY.116.1 OR AY.117 OR AY.118 OR AY.119 OR AY.119.1 OR AY.119.2 OR AY.120 OR AY.120.1 OR AY.120.2 OR AY.120.2.1 OR AY.121 OR AY.121.1 OR AY.122 OR AY.122.1 OR AY.122.2 OR AY.122.3 OR AY.122.4 OR AY.122.5 OR AY.122.6 OR AY.123 OR AY.123.1 OR AY.124 OR AY.124.1 OR AY.124.1.1 OR AY.125 OR AY.125.1 OR AY.126 OR AY.127 OR AY.127.1 OR AY.127.2 OR AY.127.3 OR AY.128 OR AY.129 OR AY.130 OR AY.131 OR AY.132 OR AY.133 OR AY.134 OR B.1.617.2,Delta,6.28571428571429,0.0714285714285714,0.0113636363636364
2022-03-26,1,0,2.2,0,0,0.000216908470030966,0.666821754401209,AY.1 OR AY.2 OR AY.3 OR AY.3.1 OR AY.3.2 OR AY.3.3 OR AY.3.4 OR AY.4 OR AY.4.1 OR AY.4.2 OR AY.4.2.1 OR AY.4.2.2 OR AY.4.2.3 OR AY.4.2.4 OR AY.4.2.5 OR AY.4.3 OR AY.4.4 OR AY.4.5 OR AY.4.6 OR AY.4.7 OR AY.4.8 OR AY.4.9 OR AY.4.10 OR AY.4.11 OR AY.4.12 OR AY.4.13 OR AY.4.14 OR AY.4.15 OR AY.4.16 OR AY.4.17 OR AY.5 OR AY.5.1 OR AY.5.2 OR AY.5.3 OR AY.5.4 OR AY.5.5 OR AY.5.6 OR AY.5.7 OR AY.6 OR AY.7 OR AY.7.1 OR AY.7.2 OR AY.8 OR AY.9 OR AY.9.2 OR AY.9.2.1 OR AY.9.2.2 OR AY.10 OR AY.11 OR AY.13 OR AY.14 OR AY.15 OR AY.16 OR AY.16.1 OR AY.17 OR AY.18 OR AY.19 OR AY.20 OR AY.20.1 OR AY.21 OR AY.22 OR AY.23 OR AY.23.1 OR AY.23.2 OR AY.24 OR AY.24.1 OR AY.25 OR AY.25.1 OR AY.25.1.1 OR AY.25.1.2 OR AY.25.2 OR AY.25.3 OR AY.26 OR AY.26.1 OR AY.27 OR AY.28 OR AY.29 OR AY.29.1 OR AY.29.2 OR AY.30 OR AY.31 OR AY.32 OR AY.33 OR AY.33.1 OR AY.33.2 OR AY.34 OR AY.34.1 OR AY.34.1.1 OR AY.34.2 OR AY.35 OR AY.36 OR AY.36.1 OR AY.37 OR AY.38 OR AY.39 OR AY.39.1 OR AY.39.1.1 OR AY.39.1.2 OR AY.39.1.3 OR AY.39.1.4 OR AY.39.2 OR AY.39.3 OR AY.40 OR AY.41 OR AY.42 OR AY.42.1 OR AY.43 OR AY.43.1 OR AY.43.2 OR AY.43.3 OR AY.43.4 OR AY.43.5 OR AY.43.6 OR AY.43.7 OR AY.43.8 OR AY.43.9 OR AY.44 OR AY.45 OR AY.46 OR AY.46.1 OR AY.46.2 OR AY.46.3 OR AY.46.4 OR AY.46.5 OR AY.46.6 OR AY.46.6.1 OR AY.47 OR AY.48 OR AY.49 OR AY.50 OR AY.51 OR AY.52 OR AY.53 OR AY.54 OR AY.55 OR AY.56 OR AY.57 OR AY.58 OR AY.59 OR AY.60 OR AY.61 OR AY.62 OR AY.63 OR AY.64 OR AY.65 OR AY.66 OR AY.67 OR AY.68 OR AY.69 OR AY.70 OR AY.71 OR AY.72 OR AY.73 OR AY.74 OR AY.75 OR AY.75.2 OR AY.75.3 OR AY.76 OR AY.77 OR AY.78 OR AY.79 OR AY.80 OR AY.81 OR AY.82 OR AY.83 OR AY.84 OR AY.85 OR AY.86 OR AY.87 OR AY.88 OR AY.90 OR AY.91 OR AY.91.1 OR AY.92 OR AY.93 OR AY.94 OR AY.95 OR AY.98 OR AY.98.1 OR AY.98.1.1 OR AY.99 OR AY.99.1 OR AY.99.2 OR AY.100 OR AY.101 OR AY.102 OR AY.102.1 OR AY.102.2 OR AY.103 OR AY.103.1 OR AY.103.2 OR AY.104 OR AY.105 OR AY.106 OR AY.107 OR AY.108 OR AY.109 OR AY.110 OR AY.111 OR AY.112 OR AY.112.1 OR AY.112.2 OR AY.112.3 OR AY.113 OR AY.114 OR AY.116 OR AY.116.1 OR AY.117 OR AY.118 OR AY.119 OR AY.119.1 OR AY.119.2 OR AY.120 OR AY.120.1 OR AY.120.2 OR AY.120.2.1 OR AY.121 OR AY.121.1 OR AY.122 OR AY.122.1 OR AY.122.2 OR AY.122.3 OR AY.122.4 OR AY.122.5 OR AY.122.6 OR AY.123 OR AY.123.1 OR AY.124 OR AY.124.1 OR AY.124.1.1 OR AY.125 OR AY.125.1 OR AY.126 OR AY.127 OR AY.127.1 OR AY.127.2 OR AY.127.3 OR AY.128 OR AY.129 OR AY.130 OR AY.131 OR AY.132 OR AY.133 OR AY.134 OR B.1.617.2,Delta,6.07142857142857,0.0714285714285714,0.0117647058823529
2022-03-28,7,0,2.4,0,0,0.000216908470030966,0.666821754401209,AY.1 OR AY.2 OR AY.3 OR AY.3.1 OR AY.3.2 OR AY.3.3 OR AY.3.4 OR AY.4 OR AY.4.1 OR AY.4.2 OR AY.4.2.1 OR AY.4.2.2 OR AY.4.2.3 OR AY.4.2.4 OR AY.4.2.5 OR AY.4.3 OR AY.4.4 OR AY.4.5 OR AY.4.6 OR AY.4.7 OR AY.4.8 OR AY.4.9 OR AY.4.10 OR AY.4.11 OR AY.4.12 OR AY.4.13 OR AY.4.14 OR AY.4.15 OR AY.4.16 OR AY.4.17 OR AY.5 OR AY.5.1 OR AY.5.2 OR AY.5.3 OR AY.5.4 OR AY.5.5 OR AY.5.6 OR AY.5.7 OR AY.6 OR AY.7 OR AY.7.1 OR AY.7.2 OR AY.8 OR AY.9 OR AY.9.2 OR AY.9.2.1 OR AY.9.2.2 OR AY.10 OR AY.11 OR AY.13 OR AY.14 OR AY.15 OR AY.16 OR AY.16.1 OR AY.17 OR AY.18 OR AY.19 OR AY.20 OR AY.20.1 OR AY.21 OR AY.22 OR AY.23 OR AY.23.1 OR AY.23.2 OR AY.24 OR AY.24.1 OR AY.25 OR AY.25.1 OR AY.25.1.1 OR AY.25.1.2 OR AY.25.2 OR AY.25.3 OR AY.26 OR AY.26.1 OR AY.27 OR AY.28 OR AY.29 OR AY.29.1 OR AY.29.2 OR AY.30 OR AY.31 OR AY.32 OR AY.33 OR AY.33.1 OR AY.33.2 OR AY.34 OR AY.34.1 OR AY.34.1.1 OR AY.34.2 OR AY.35 OR AY.36 OR AY.36.1 OR AY.37 OR AY.38 OR AY.39 OR AY.39.1 OR AY.39.1.1 OR AY.39.1.2 OR AY.39.1.3 OR AY.39.1.4 OR AY.39.2 OR AY.39.3 OR AY.40 OR AY.41 OR AY.42 OR AY.42.1 OR AY.43 OR AY.43.1 OR AY.43.2 OR AY.43.3 OR AY.43.4 OR AY.43.5 OR AY.43.6 OR AY.43.7 OR AY.43.8 OR AY.43.9 OR AY.44 OR AY.45 OR AY.46 OR AY.46.1 OR AY.46.2 OR AY.46.3 OR AY.46.4 OR AY.46.5 OR AY.46.6 OR AY.46.6.1 OR AY.47 OR AY.48 OR AY.49 OR AY.50 OR AY.51 OR AY.52 OR AY.53 OR AY.54 OR AY.55 OR AY.56 OR AY.57 OR AY.58 OR AY.59 OR AY.60 OR AY.61 OR AY.62 OR AY.63 OR AY.64 OR AY.65 OR AY.66 OR AY.67 OR AY.68 OR AY.69 OR AY.70 OR AY.71 OR AY.72 OR AY.73 OR AY.74 OR AY.75 OR AY.75.2 OR AY.75.3 OR AY.76 OR AY.77 OR AY.78 OR AY.79 OR AY.80 OR AY.81 OR AY.82 OR AY.83 OR AY.84 OR AY.85 OR AY.86 OR AY.87 OR AY.88 OR AY.90 OR AY.91 OR AY.91.1 OR AY.92 OR AY.93 OR AY.94 OR AY.95 OR AY.98 OR AY.98.1 OR AY.98.1.1 OR AY.99 OR AY.99.1 OR AY.99.2 OR AY.100 OR AY.101 OR AY.102 OR AY.102.1 OR AY.102.2 OR AY.103 OR AY.103.1 OR AY.103.2 OR AY.104 OR AY.105 OR AY.106 OR AY.107 OR AY.108 OR AY.109 OR AY.110 OR AY.111 OR AY.112 OR AY.112.1 OR AY.112.2 OR AY.112.3 OR AY.113 OR AY.114 OR AY.116 OR AY.116.1 OR AY.117 OR AY.118 OR AY.119 OR AY.119.1 OR AY.119.2 OR AY.120 OR AY.120.1 OR AY.120.2 OR AY.120.2.1 OR AY.121 OR AY.121.1 OR AY.122 OR AY.122.1 OR AY.122.2 OR AY.122.3 OR AY.122.4 OR AY.122.5 OR AY.122.6 OR AY.123 OR AY.123.1 OR AY.124 OR AY.124.1 OR AY.124.1.1 OR AY.125 OR AY.125.1 OR AY.126 OR AY.127 OR AY.127.1 OR AY.127.2 OR AY.127.3 OR AY.128 OR AY.129 OR AY.130 OR AY.131 OR AY.132 OR AY.133 OR AY.134 OR B.1.617.2,Delta,6,0.0714285714285714,0.0119047619047619
2022-03-29,1,0,2.4,0,0,0.000216908470030966,0.666821754401209,AY.1 OR AY.2 OR AY.3 OR AY.3.1 OR AY.3.2 OR AY.3.3 OR AY.3.4 OR AY.4 OR AY.4.1 OR AY.4.2 OR AY.4.2.1 OR AY.4.2.2 OR AY.4.2.3 OR AY.4.2.4 OR AY.4.2.5 OR AY.4.3 OR AY.4.4 OR AY.4.5 OR AY.4.6 OR AY.4.7 OR AY.4.8 OR AY.4.9 OR AY.4.10 OR AY.4.11 OR AY.4.12 OR AY.4.13 OR AY.4.14 OR AY.4.15 OR AY.4.16 OR AY.4.17 OR AY.5 OR AY.5.1 OR AY.5.2 OR AY.5.3 OR AY.5.4 OR AY.5.5 OR AY.5.6 OR AY.5.7 OR AY.6 OR AY.7 OR AY.7.1 OR AY.7.2 OR AY.8 OR AY.9 OR AY.9.2 OR AY.9.2.1 OR AY.9.2.2 OR AY.10 OR AY.11 OR AY.13 OR AY.14 OR AY.15 OR AY.16 OR AY.16.1 OR AY.17 OR AY.18 OR AY.19 OR AY.20 OR AY.20.1 OR AY.21 OR AY.22 OR AY.23 OR AY.23.1 OR AY.23.2 OR AY.24 OR AY.24.1 OR AY.25 OR AY.25.1 OR AY.25.1.1 OR AY.25.1.2 OR AY.25.2 OR AY.25.3 OR AY.26 OR AY.26.1 OR AY.27 OR AY.28 OR AY.29 OR AY.29.1 OR AY.29.2 OR AY.30 OR AY.31 OR AY.32 OR AY.33 OR AY.33.1 OR AY.33.2 OR AY.34 OR AY.34.1 OR AY.34.1.1 OR AY.34.2 OR AY.35 OR AY.36 OR AY.36.1 OR AY.37 OR AY.38 OR AY.39 OR AY.39.1 OR AY.39.1.1 OR AY.39.1.2 OR AY.39.1.3 OR AY.39.1.4 OR AY.39.2 OR AY.39.3 OR AY.40 OR AY.41 OR AY.42 OR AY.42.1 OR AY.43 OR AY.43.1 OR AY.43.2 OR AY.43.3 OR AY.43.4 OR AY.43.5 OR AY.43.6 OR AY.43.7 OR AY.43.8 OR AY.43.9 OR AY.44 OR AY.45 OR AY.46 OR AY.46.1 OR AY.46.2 OR AY.46.3 OR AY.46.4 OR AY.46.5 OR AY.46.6 OR AY.46.6.1 OR AY.47 OR AY.48 OR AY.49 OR AY.50 OR AY.51 OR AY.52 OR AY.53 OR AY.54 OR AY.55 OR AY.56 OR AY.57 OR AY.58 OR AY.59 OR AY.60 OR AY.61 OR AY.62 OR AY.63 OR AY.64 OR AY.65 OR AY.66 OR AY.67 OR AY.68 OR AY.69 OR AY.70 OR AY.71 OR AY.72 OR AY.73 OR AY.74 OR AY.75 OR AY.75.2 OR AY.75.3 OR AY.76 OR AY.77 OR AY.78 OR AY.79 OR AY.80 OR AY.81 OR AY.82 OR AY.83 OR AY.84 OR AY.85 OR AY.86 OR AY.87 OR AY.88 OR AY.90 OR AY.91 OR AY.91.1 OR AY.92 OR AY.93 OR AY.94 OR AY.95 OR AY.98 OR AY.98.1 OR AY.98.1.1 OR AY.99 OR AY.99.1 OR AY.99.2 OR AY.100 OR AY.101 OR AY.102 OR AY.102.1 OR AY.102.2 OR AY.103 OR AY.103.1 OR AY.103.2 OR AY.104 OR AY.105 OR AY.106 OR AY.107 OR AY.108 OR AY.109 OR AY.110 OR AY.111 OR AY.112 OR AY.112.1 OR AY.112.2 OR AY.112.3 OR AY.113 OR AY.114 OR AY.116 OR AY.116.1 OR AY.117 OR AY.118 OR AY.119 OR AY.119.1 OR AY.119.2 OR AY.120 OR AY.120.1 OR AY.120.2 OR AY.120.2.1 OR AY.121 OR AY.121.1 OR AY.122 OR AY.122.1 OR AY.122.2 OR AY.122.3 OR AY.122.4 OR AY.122.5 OR AY.122.6 OR AY.123 OR AY.123.1 OR AY.124 OR AY.124.1 OR AY.124.1.1 OR AY.125 OR AY.125.1 OR AY.126 OR AY.127 OR AY.127.1 OR AY.127.2 OR AY.127.3 OR AY.128 OR AY.129 OR AY.130 OR AY.131 OR AY.132 OR AY.133 OR AY.134 OR B.1.617.2,Delta,5.85714285714286,0.0714285714285714,0.0121951219512195
2022-03-30,3,0,2.8,0,0,0.000150636025436569,0.53558324304295,AY.1 OR AY.2 OR AY.3 OR AY.3.1 OR AY.3.2 OR AY.3.3 OR AY.3.4 OR AY.4 OR AY.4.1 OR AY.4.2 OR AY.4.2.1 OR AY.4.2.2 OR AY.4.2.3 OR AY.4.2.4 OR AY.4.2.5 OR AY.4.3 OR AY.4.4 OR AY.4.5 OR AY.4.6 OR AY.4.7 OR AY.4.8 OR AY.4.9 OR AY.4.10 OR AY.4.11 OR AY.4.12 OR AY.4.13 OR AY.4.14 OR AY.4.15 OR AY.4.16 OR AY.4.17 OR AY.5 OR AY.5.1 OR AY.5.2 OR AY.5.3 OR AY.5.4 OR AY.5.5 OR AY.5.6 OR AY.5.7 OR AY.6 OR AY.7 OR AY.7.1 OR AY.7.2 OR AY.8 OR AY.9 OR AY.9.2 OR AY.9.2.1 OR AY.9.2.2 OR AY.10 OR AY.11 OR AY.13 OR AY.14 OR AY.15 OR AY.16 OR AY.16.1 OR AY.17 OR AY.18 OR AY.19 OR AY.20 OR AY.20.1 OR AY.21 OR AY.22 OR AY.23 OR AY.23.1 OR AY.23.2 OR AY.24 OR AY.24.1 OR AY.25 OR AY.25.1 OR AY.25.1.1 OR AY.25.1.2 OR AY.25.2 OR AY.25.3 OR AY.26 OR AY.26.1 OR AY.27 OR AY.28 OR AY.29 OR AY.29.1 OR AY.29.2 OR AY.30 OR AY.31 OR AY.32 OR AY.33 OR AY.33.1 OR AY.33.2 OR AY.34 OR AY.34.1 OR AY.34.1.1 OR AY.34.2 OR AY.35 OR AY.36 OR AY.36.1 OR AY.37 OR AY.38 OR AY.39 OR AY.39.1 OR AY.39.1.1 OR AY.39.1.2 OR AY.39.1.3 OR AY.39.1.4 OR AY.39.2 OR AY.39.3 OR AY.40 OR AY.41 OR AY.42 OR AY.42.1 OR AY.43 OR AY.43.1 OR AY.43.2 OR AY.43.3 OR AY.43.4 OR AY.43.5 OR AY.43.6 OR AY.43.7 OR AY.43.8 OR AY.43.9 OR AY.44 OR AY.45 OR AY.46 OR AY.46.1 OR AY.46.2 OR AY.46.3 OR AY.46.4 OR AY.46.5 OR AY.46.6 OR AY.46.6.1 OR AY.47 OR AY.48 OR AY.49 OR AY.50 OR AY.51 OR AY.52 OR AY.53 OR AY.54 OR AY.55 OR AY.56 OR AY.57 OR AY.58 OR AY.59 OR AY.60 OR AY.61 OR AY.62 OR AY.63 OR AY.64 OR AY.65 OR AY.66 OR AY.67 OR AY.68 OR AY.69 OR AY.70 OR AY.71 OR AY.72 OR AY.73 OR AY.74 OR AY.75 OR AY.75.2 OR AY.75.3 OR AY.76 OR AY.77 OR AY.78 OR AY.79 OR AY.80 OR AY.81 OR AY.82 OR AY.83 OR AY.84 OR AY.85 OR AY.86 OR AY.87 OR AY.88 OR AY.90 OR AY.91 OR AY.91.1 OR AY.92 OR AY.93 OR AY.94 OR AY.95 OR AY.98 OR AY.98.1 OR AY.98.1.1 OR AY.99 OR AY.99.1 OR AY.99.2 OR AY.100 OR AY.101 OR AY.102 OR AY.102.1 OR AY.102.2 OR AY.103 OR AY.103.1 OR AY.103.2 OR AY.104 OR AY.105 OR AY.106 OR AY.107 OR AY.108 OR AY.109 OR AY.110 OR AY.111 OR AY.112 OR AY.112.1 OR AY.112.2 OR AY.112.3 OR AY.113 OR AY.114 OR AY.116 OR AY.116.1 OR AY.117 OR AY.118 OR AY.119 OR AY.119.1 OR AY.119.2 OR AY.120 OR AY.120.1 OR AY.120.2 OR AY.120.2.1 OR AY.121 OR AY.121.1 OR AY.122 OR AY.122.1 OR AY.122.2 OR AY.122.3 OR AY.122.4 OR AY.122.5 OR AY.122.6 OR AY.123 OR AY.123.1 OR AY.124 OR AY.124.1 OR AY.124.1.1 OR AY.125 OR AY.125.1 OR AY.126 OR AY.127 OR AY.127.1 OR AY.127.2 OR AY.127.3 OR AY.128 OR AY.129 OR AY.130 OR AY.131 OR AY.132 OR AY.133 OR AY.134 OR B.1.617.2,Delta,5.92857142857143,0.0714285714285714,0.0120481927710843
2022-03-31,5,0,3.16666666666667,0,0,0.000150636025436569,0.53558324304295,AY.1 OR AY.2 OR AY.3 OR AY.3.1 OR AY.3.2 OR AY.3.3 OR AY.3.4 OR AY.4 OR AY.4.1 OR AY.4.2 OR AY.4.2.1 OR AY.4.2.2 OR AY.4.2.3 OR AY.4.2.4 OR AY.4.2.5 OR AY.4.3 OR AY.4.4 OR AY.4.5 OR AY.4.6 OR AY.4.7 OR AY.4.8 OR AY.4.9 OR AY.4.10 OR AY.4.11 OR AY.4.12 OR AY.4.13 OR AY.4.14 OR AY.4.15 OR AY.4.16 OR AY.4.17 OR AY.5 OR AY.5.1 OR AY.5.2 OR AY.5.3 OR AY.5.4 OR AY.5.5 OR AY.5.6 OR AY.5.7 OR AY.6 OR AY.7 OR AY.7.1 OR AY.7.2 OR AY.8 OR AY.9 OR AY.9.2 OR AY.9.2.1 OR AY.9.2.2 OR AY.10 OR AY.11 OR AY.13 OR AY.14 OR AY.15 OR AY.16 OR AY.16.1 OR AY.17 OR AY.18 OR AY.19 OR AY.20 OR AY.20.1 OR AY.21 OR AY.22 OR AY.23 OR AY.23.1 OR AY.23.2 OR AY.24 OR AY.24.1 OR AY.25 OR AY.25.1 OR AY.25.1.1 OR AY.25.1.2 OR AY.25.2 OR AY.25.3 OR AY.26 OR AY.26.1 OR AY.27 OR AY.28 OR AY.29 OR AY.29.1 OR AY.29.2 OR AY.30 OR AY.31 OR AY.32 OR AY.33 OR AY.33.1 OR AY.33.2 OR AY.34 OR AY.34.1 OR AY.34.1.1 OR AY.34.2 OR AY.35 OR AY.36 OR AY.36.1 OR AY.37 OR AY.38 OR AY.39 OR AY.39.1 OR AY.39.1.1 OR AY.39.1.2 OR AY.39.1.3 OR AY.39.1.4 OR AY.39.2 OR AY.39.3 OR AY.40 OR AY.41 OR AY.42 OR AY.42.1 OR AY.43 OR AY.43.1 OR AY.43.2 OR AY.43.3 OR AY.43.4 OR AY.43.5 OR AY.43.6 OR AY.43.7 OR AY.43.8 OR AY.43.9 OR AY.44 OR AY.45 OR AY.46 OR AY.46.1 OR AY.46.2 OR AY.46.3 OR AY.46.4 OR AY.46.5 OR AY.46.6 OR AY.46.6.1 OR AY.47 OR AY.48 OR AY.49 OR AY.50 OR AY.51 OR AY.52 OR AY.53 OR AY.54 OR AY.55 OR AY.56 OR AY.57 OR AY.58 OR AY.59 OR AY.60 OR AY.61 OR AY.62 OR AY.63 OR AY.64 OR AY.65 OR AY.66 OR AY.67 OR AY.68 OR AY.69 OR AY.70 OR AY.71 OR AY.72 OR AY.73 OR AY.74 OR AY.75 OR AY.75.2 OR AY.75.3 OR AY.76 OR AY.77 OR AY.78 OR AY.79 OR AY.80 OR AY.81 OR AY.82 OR AY.83 OR AY.84 OR AY.85 OR AY.86 OR AY.87 OR AY.88 OR AY.90 OR AY.91 OR AY.91.1 OR AY.92 OR AY.93 OR AY.94 OR AY.95 OR AY.98 OR AY.98.1 OR AY.98.1.1 OR AY.99 OR AY.99.1 OR AY.99.2 OR AY.100 OR AY.101 OR AY.102 OR AY.102.1 OR AY.102.2 OR AY.103 OR AY.103.1 OR AY.103.2 OR AY.104 OR AY.105 OR AY.106 OR AY.107 OR AY.108 OR AY.109 OR AY.110 OR AY.111 OR AY.112 OR AY.112.1 OR AY.112.2 OR AY.112.3 OR AY.113 OR AY.114 OR AY.116 OR AY.116.1 OR AY.117 OR AY.118 OR AY.119 OR AY.119.1 OR AY.119.2 OR AY.120 OR AY.120.1 OR AY.120.2 OR AY.120.2.1 OR AY.121 OR AY.121.1 OR AY.122 OR AY.122.1 OR AY.122.2 OR AY.122.3 OR AY.122.4 OR AY.122.5 OR AY.122.6 OR AY.123 OR AY.123.1 OR AY.124 OR AY.124.1 OR AY.124.1.1 OR AY.125 OR AY.125.1 OR AY.126 OR AY.127 OR AY.127.1 OR AY.127.2 OR AY.127.3 OR AY.128 OR AY.129 OR AY.130 OR AY.131 OR AY.132 OR AY.133 OR AY.134 OR B.1.617.2,Delta,6.14285714285714,0.0714285714285714,0.0116279069767442
2022-04-01,2,0,3.16666666666667,0,0,0.000150636025436569,0.53558324304295,AY.1 OR AY.2 OR AY.3 OR AY.3.1 OR AY.3.2 OR AY.3.3 OR AY.3.4 OR AY.4 OR AY.4.1 OR AY.4.2 OR AY.4.2.1 OR AY.4.2.2 OR AY.4.2.3 OR AY.4.2.4 OR AY.4.2.5 OR AY.4.3 OR AY.4.4 OR AY.4.5 OR AY.4.6 OR AY.4.7 OR AY.4.8 OR AY.4.9 OR AY.4.10 OR AY.4.11 OR AY.4.12 OR AY.4.13 OR AY.4.14 OR AY.4.15 OR AY.4.16 OR AY.4.17 OR AY.5 OR AY.5.1 OR AY.5.2 OR AY.5.3 OR AY.5.4 OR AY.5.5 OR AY.5.6 OR AY.5.7 OR AY.6 OR AY.7 OR AY.7.1 OR AY.7.2 OR AY.8 OR AY.9 OR AY.9.2 OR AY.9.2.1 OR AY.9.2.2 OR AY.10 OR AY.11 OR AY.13 OR AY.14 OR AY.15 OR AY.16 OR AY.16.1 OR AY.17 OR AY.18 OR AY.19 OR AY.20 OR AY.20.1 OR AY.21 OR AY.22 OR AY.23 OR AY.23.1 OR AY.23.2 OR AY.24 OR AY.24.1 OR AY.25 OR AY.25.1 OR AY.25.1.1 OR AY.25.1.2 OR AY.25.2 OR AY.25.3 OR AY.26 OR AY.26.1 OR AY.27 OR AY.28 OR AY.29 OR AY.29.1 OR AY.29.2 OR AY.30 OR AY.31 OR AY.32 OR AY.33 OR AY.33.1 OR AY.33.2 OR AY.34 OR AY.34.1 OR AY.34.1.1 OR AY.34.2 OR AY.35 OR AY.36 OR AY.36.1 OR AY.37 OR AY.38 OR AY.39 OR AY.39.1 OR AY.39.1.1 OR AY.39.1.2 OR AY.39.1.3 OR AY.39.1.4 OR AY.39.2 OR AY.39.3 OR AY.40 OR AY.41 OR AY.42 OR AY.42.1 OR AY.43 OR AY.43.1 OR AY.43.2 OR AY.43.3 OR AY.43.4 OR AY.43.5 OR AY.43.6 OR AY.43.7 OR AY.43.8 OR AY.43.9 OR AY.44 OR AY.45 OR AY.46 OR AY.46.1 OR AY.46.2 OR AY.46.3 OR AY.46.4 OR AY.46.5 OR AY.46.6 OR AY.46.6.1 OR AY.47 OR AY.48 OR AY.49 OR AY.50 OR AY.51 OR AY.52 OR AY.53 OR AY.54 OR AY.55 OR AY.56 OR AY.57 OR AY.58 OR AY.59 OR AY.60 OR AY.61 OR AY.62 OR AY.63 OR AY.64 OR AY.65 OR AY.66 OR AY.67 OR AY.68 OR AY.69 OR AY.70 OR AY.71 OR AY.72 OR AY.73 OR AY.74 OR AY.75 OR AY.75.2 OR AY.75.3 OR AY.76 OR AY.77 OR AY.78 OR AY.79 OR AY.80 OR AY.81 OR AY.82 OR AY.83 OR AY.84 OR AY.85 OR AY.86 OR AY.87 OR AY.88 OR AY.90 OR AY.91 OR AY.91.1 OR AY.92 OR AY.93 OR AY.94 OR AY.95 OR AY.98 OR AY.98.1 OR AY.98.1.1 OR AY.99 OR AY.99.1 OR AY.99.2 OR AY.100 OR AY.101 OR AY.102 OR AY.102.1 OR AY.102.2 OR AY.103 OR AY.103.1 OR AY.103.2 OR AY.104 OR AY.105 OR AY.106 OR AY.107 OR AY.108 OR AY.109 OR AY.110 OR AY.111 OR AY.112 OR AY.112.1 OR AY.112.2 OR AY.112.3 OR AY.113 OR AY.114 OR AY.116 OR AY.116.1 OR AY.117 OR AY.118 OR AY.119 OR AY.119.1 OR AY.119.2 OR AY.120 OR AY.120.1 OR AY.120.2 OR AY.120.2.1 OR AY.121 OR AY.121.1 OR AY.122 OR AY.122.1 OR AY.122.2 OR AY.122.3 OR AY.122.4 OR AY.122.5 OR AY.122.6 OR AY.123 OR AY.123.1 OR AY.124 OR AY.124.1 OR AY.124.1.1 OR AY.125 OR AY.125.1 OR AY.126 OR AY.127 OR AY.127.1 OR AY.127.2 OR AY.127.3 OR AY.128 OR AY.129 OR AY.130 OR AY.131 OR AY.132 OR AY.133 OR AY.134 OR B.1.617.2,Delta,4.71428571428571,0,0
2022-04-02,1,0,3.16666666666667,0,0,0.000150636025436569,0.53558324304295,AY.1 OR AY.2 OR AY.3 OR AY.3.1 OR AY.3.2 OR AY.3.3 OR AY.3.4 OR AY.4 OR AY.4.1 OR AY.4.2 OR AY.4.2.1 OR AY.4.2.2 OR AY.4.2.3 OR AY.4.2.4 OR AY.4.2.5 OR AY.4.3 OR AY.4.4 OR AY.4.5 OR AY.4.6 OR AY.4.7 OR AY.4.8 OR AY.4.9 OR AY.4.10 OR AY.4.11 OR AY.4.12 OR AY.4.13 OR AY.4.14 OR AY.4.15 OR AY.4.16 OR AY.4.17 OR AY.5 OR AY.5.1 OR AY.5.2 OR AY.5.3 OR AY.5.4 OR AY.5.5 OR AY.5.6 OR AY.5.7 OR AY.6 OR AY.7 OR AY.7.1 OR AY.7.2 OR AY.8 OR AY.9 OR AY.9.2 OR AY.9.2.1 OR AY.9.2.2 OR AY.10 OR AY.11 OR AY.13 OR AY.14 OR AY.15 OR AY.16 OR AY.16.1 OR AY.17 OR AY.18 OR AY.19 OR AY.20 OR AY.20.1 OR AY.21 OR AY.22 OR AY.23 OR AY.23.1 OR AY.23.2 OR AY.24 OR AY.24.1 OR AY.25 OR AY.25.1 OR AY.25.1.1 OR AY.25.1.2 OR AY.25.2 OR AY.25.3 OR AY.26 OR AY.26.1 OR AY.27 OR AY.28 OR AY.29 OR AY.29.1 OR AY.29.2 OR AY.30 OR AY.31 OR AY.32 OR AY.33 OR AY.33.1 OR AY.33.2 OR AY.34 OR AY.34.1 OR AY.34.1.1 OR AY.34.2 OR AY.35 OR AY.36 OR AY.36.1 OR AY.37 OR AY.38 OR AY.39 OR AY.39.1 OR AY.39.1.1 OR AY.39.1.2 OR AY.39.1.3 OR AY.39.1.4 OR AY.39.2 OR AY.39.3 OR AY.40 OR AY.41 OR AY.42 OR AY.42.1 OR AY.43 OR AY.43.1 OR AY.43.2 OR AY.43.3 OR AY.43.4 OR AY.43.5 OR AY.43.6 OR AY.43.7 OR AY.43.8 OR AY.43.9 OR AY.44 OR AY.45 OR AY.46 OR AY.46.1 OR AY.46.2 OR AY.46.3 OR AY.46.4 OR AY.46.5 OR AY.46.6 OR AY.46.6.1 OR AY.47 OR AY.48 OR AY.49 OR AY.50 OR AY.51 OR AY.52 OR AY.53 OR AY.54 OR AY.55 OR AY.56 OR AY.57 OR AY.58 OR AY.59 OR AY.60 OR AY.61 OR AY.62 OR AY.63 OR AY.64 OR AY.65 OR AY.66 OR AY.67 OR AY.68 OR AY.69 OR AY.70 OR AY.71 OR AY.72 OR AY.73 OR AY.74 OR AY.75 OR AY.75.2 OR AY.75.3 OR AY.76 OR AY.77 OR AY.78 OR AY.79 OR AY.80 OR AY.81 OR AY.82 OR AY.83 OR AY.84 OR AY.85 OR AY.86 OR AY.87 OR AY.88 OR AY.90 OR AY.91 OR AY.91.1 OR AY.92 OR AY.93 OR AY.94 OR AY.95 OR AY.98 OR AY.98.1 OR AY.98.1.1 OR AY.99 OR AY.99.1 OR AY.99.2 OR AY.100 OR AY.101 OR AY.102 OR AY.102.1 OR AY.102.2 OR AY.103 OR AY.103.1 OR AY.103.2 OR AY.104 OR AY.105 OR AY.106 OR AY.107 OR AY.108 OR AY.109 OR AY.110 OR AY.111 OR AY.112 OR AY.112.1 OR AY.112.2 OR AY.112.3 OR AY.113 OR AY.114 OR AY.116 OR AY.116.1 OR AY.117 OR AY.118 OR AY.119 OR AY.119.1 OR AY.119.2 OR AY.120 OR AY.120.1 OR AY.120.2 OR AY.120.2.1 OR AY.121 OR AY.121.1 OR AY.122 OR AY.122.1 OR AY.122.2 OR AY.122.3 OR AY.122.4 OR AY.122.5 OR AY.122.6 OR AY.123 OR AY.123.1 OR AY.124 OR AY.124.1 OR AY.124.1.1 OR AY.125 OR AY.125.1 OR AY.126 OR AY.127 OR AY.127.1 OR AY.127.2 OR AY.127.3 OR AY.128 OR AY.129 OR AY.130 OR AY.131 OR AY.132 OR AY.133 OR AY.134 OR B.1.617.2,Delta,3.35714285714286,0,0
2022-04-03,1,0,2.85714285714286,0,0,0.000150636025436569,0.53558324304295,AY.1 OR AY.2 OR AY.3 OR AY.3.1 OR AY.3.2 OR AY.3.3 OR AY.3.4 OR AY.4 OR AY.4.1 OR AY.4.2 OR AY.4.2.1 OR AY.4.2.2 OR AY.4.2.3 OR AY.4.2.4 OR AY.4.2.5 OR AY.4.3 OR AY.4.4 OR AY.4.5 OR AY.4.6 OR AY.4.7 OR AY.4.8 OR AY.4.9 OR AY.4.10 OR AY.4.11 OR AY.4.12 OR AY.4.13 OR AY.4.14 OR AY.4.15 OR AY.4.16 OR AY.4.17 OR AY.5 OR AY.5.1 OR AY.5.2 OR AY.5.3 OR AY.5.4 OR AY.5.5 OR AY.5.6 OR AY.5.7 OR AY.6 OR AY.7 OR AY.7.1 OR AY.7.2 OR AY.8 OR AY.9 OR AY.9.2 OR AY.9.2.1 OR AY.9.2.2 OR AY.10 OR AY.11 OR AY.13 OR AY.14 OR AY.15 OR AY.16 OR AY.16.1 OR AY.17 OR AY.18 OR AY.19 OR AY.20 OR AY.20.1 OR AY.21 OR AY.22 OR AY.23 OR AY.23.1 OR AY.23.2 OR AY.24 OR AY.24.1 OR AY.25 OR AY.25.1 OR AY.25.1.1 OR AY.25.1.2 OR AY.25.2 OR AY.25.3 OR AY.26 OR AY.26.1 OR AY.27 OR AY.28 OR AY.29 OR AY.29.1 OR AY.29.2 OR AY.30 OR AY.31 OR AY.32 OR AY.33 OR AY.33.1 OR AY.33.2 OR AY.34 OR AY.34.1 OR AY.34.1.1 OR AY.34.2 OR AY.35 OR AY.36 OR AY.36.1 OR AY.37 OR AY.38 OR AY.39 OR AY.39.1 OR AY.39.1.1 OR AY.39.1.2 OR AY.39.1.3 OR AY.39.1.4 OR AY.39.2 OR AY.39.3 OR AY.40 OR AY.41 OR AY.42 OR AY.42.1 OR AY.43 OR AY.43.1 OR AY.43.2 OR AY.43.3 OR AY.43.4 OR AY.43.5 OR AY.43.6 OR AY.43.7 OR AY.43.8 OR AY.43.9 OR AY.44 OR AY.45 OR AY.46 OR AY.46.1 OR AY.46.2 OR AY.46.3 OR AY.46.4 OR AY.46.5 OR AY.46.6 OR AY.46.6.1 OR AY.47 OR AY.48 OR AY.49 OR AY.50 OR AY.51 OR AY.52 OR AY.53 OR AY.54 OR AY.55 OR AY.56 OR AY.57 OR AY.58 OR AY.59 OR AY.60 OR AY.61 OR AY.62 OR AY.63 OR AY.64 OR AY.65 OR AY.66 OR AY.67 OR AY.68 OR AY.69 OR AY.70 OR AY.71 OR AY.72 OR AY.73 OR AY.74 OR AY.75 OR AY.75.2 OR AY.75.3 OR AY.76 OR AY.77 OR AY.78 OR AY.79 OR AY.80 OR AY.81 OR AY.82 OR AY.83 OR AY.84 OR AY.85 OR AY.86 OR AY.87 OR AY.88 OR AY.90 OR AY.91 OR AY.91.1 OR AY.92 OR AY.93 OR AY.94 OR AY.95 OR AY.98 OR AY.98.1 OR AY.98.1.1 OR AY.99 OR AY.99.1 OR AY.99.2 OR AY.100 OR AY.101 OR AY.102 OR AY.102.1 OR AY.102.2 OR AY.103 OR AY.103.1 OR AY.103.2 OR AY.104 OR AY.105 OR AY.106 OR AY.107 OR AY.108 OR AY.109 OR AY.110 OR AY.111 OR AY.112 OR AY.112.1 OR AY.112.2 OR AY.112.3 OR AY.113 OR AY.114 OR AY.116 OR AY.116.1 OR AY.117 OR AY.118 OR AY.119 OR AY.119.1 OR AY.119.2 OR AY.120 OR AY.120.1 OR AY.120.2 OR AY.120.2.1 OR AY.121 OR AY.121.1 OR AY.122 OR AY.122.1 OR AY.122.2 OR AY.122.3 OR AY.122.4 OR AY.122.5 OR AY.122.6 OR AY.123 OR AY.123.1 OR AY.124 OR AY.124.1 OR AY.124.1.1 OR AY.125 OR AY.125.1 OR AY.126 OR AY.127 OR AY.127.1 OR AY.127.2 OR AY.127.3 OR AY.128 OR AY.129 OR AY.130 OR AY.131 OR AY.132 OR AY.133 OR AY.134 OR B.1.617.2,Delta,2.42857142857143,0,0
2022-04-04,2,0,2.14285714285714,0,0,0.000216908470030966,0.666821754401209,AY.1 OR AY.2 OR AY.3 OR AY.3.1 OR AY.3.2 OR AY.3.3 OR AY.3.4 OR AY.4 OR AY.4.1 OR AY.4.2 OR AY.4.2.1 OR AY.4.2.2 OR AY.4.2.3 OR AY.4.2.4 OR AY.4.2.5 OR AY.4.3 OR AY.4.4 OR AY.4.5 OR AY.4.6 OR AY.4.7 OR AY.4.8 OR AY.4.9 OR AY.4.10 OR AY.4.11 OR AY.4.12 OR AY.4.13 OR AY.4.14 OR AY.4.15 OR AY.4.16 OR AY.4.17 OR AY.5 OR AY.5.1 OR AY.5.2 OR AY.5.3 OR AY.5.4 OR AY.5.5 OR AY.5.6 OR AY.5.7 OR AY.6 OR AY.7 OR AY.7.1 OR AY.7.2 OR AY.8 OR AY.9 OR AY.9.2 OR AY.9.2.1 OR AY.9.2.2 OR AY.10 OR AY.11 OR AY.13 OR AY.14 OR AY.15 OR AY.16 OR AY.16.1 OR AY.17 OR AY.18 OR AY.19 OR AY.20 OR AY.20.1 OR AY.21 OR AY.22 OR AY.23 OR AY.23.1 OR AY.23.2 OR AY.24 OR AY.24.1 OR AY.25 OR AY.25.1 OR AY.25.1.1 OR AY.25.1.2 OR AY.25.2 OR AY.25.3 OR AY.26 OR AY.26.1 OR AY.27 OR AY.28 OR AY.29 OR AY.29.1 OR AY.29.2 OR AY.30 OR AY.31 OR AY.32 OR AY.33 OR AY.33.1 OR AY.33.2 OR AY.34 OR AY.34.1 OR AY.34.1.1 OR AY.34.2 OR AY.35 OR AY.36 OR AY.36.1 OR AY.37 OR AY.38 OR AY.39 OR AY.39.1 OR AY.39.1.1 OR AY.39.1.2 OR AY.39.1.3 OR AY.39.1.4 OR AY.39.2 OR AY.39.3 OR AY.40 OR AY.41 OR AY.42 OR AY.42.1 OR AY.43 OR AY.43.1 OR AY.43.2 OR AY.43.3 OR AY.43.4 OR AY.43.5 OR AY.43.6 OR AY.43.7 OR AY.43.8 OR AY.43.9 OR AY.44 OR AY.45 OR AY.46 OR AY.46.1 OR AY.46.2 OR AY.46.3 OR AY.46.4 OR AY.46.5 OR AY.46.6 OR AY.46.6.1 OR AY.47 OR AY.48 OR AY.49 OR AY.50 OR AY.51 OR AY.52 OR AY.53 OR AY.54 OR AY.55 OR AY.56 OR AY.57 OR AY.58 OR AY.59 OR AY.60 OR AY.61 OR AY.62 OR AY.63 OR AY.64 OR AY.65 OR AY.66 OR AY.67 OR AY.68 OR AY.69 OR AY.70 OR AY.71 OR AY.72 OR AY.73 OR AY.74 OR AY.75 OR AY.75.2 OR AY.75.3 OR AY.76 OR AY.77 OR AY.78 OR AY.79 OR AY.80 OR AY.81 OR AY.82 OR AY.83 OR AY.84 OR AY.85 OR AY.86 OR AY.87 OR AY.88 OR AY.90 OR AY.91 OR AY.91.1 OR AY.92 OR AY.93 OR AY.94 OR AY.95 OR AY.98 OR AY.98.1 OR AY.98.1.1 OR AY.99 OR AY.99.1 OR AY.99.2 OR AY.100 OR AY.101 OR AY.102 OR AY.102.1 OR AY.102.2 OR AY.103 OR AY.103.1 OR AY.103.2 OR AY.104 OR AY.105 OR AY.106 OR AY.107 OR AY.108 OR AY.109 OR AY.110 OR AY.111 OR AY.112 OR AY.112.1 OR AY.112.2 OR AY.112.3 OR AY.113 OR AY.114 OR AY.116 OR AY.116.1 OR AY.117 OR AY.118 OR AY.119 OR AY.119.1 OR AY.119.2 OR AY.120 OR AY.120.1 OR AY.120.2 OR AY.120.2.1 OR AY.121 OR AY.121.1 OR AY.122 OR AY.122.1 OR AY.122.2 OR AY.122.3 OR AY.122.4 OR AY.122.5 OR AY.122.6 OR AY.123 OR AY.123.1 OR AY.124 OR AY.124.1 OR AY.124.1.1 OR AY.125 OR AY.125.1 OR AY.126 OR AY.127 OR AY.127.1 OR AY.127.2 OR AY.127.3 OR AY.128 OR AY.129 OR AY.130 OR AY.131 OR AY.132 OR AY.133 OR AY.134 OR B.1.617.2,Delta,2.42857142857143,0,0
2022-04-05,2,0,2.28571428571429,0,0,0.000216908470030966,0.666821754401209,AY.1 OR AY.2 OR AY.3 OR AY.3.1 OR AY.3.2 OR AY.3.3 OR AY.3.4 OR AY.4 OR AY.4.1 OR AY.4.2 OR AY.4.2.1 OR AY.4.2.2 OR AY.4.2.3 OR AY.4.2.4 OR AY.4.2.5 OR AY.4.3 OR AY.4.4 OR AY.4.5 OR AY.4.6 OR AY.4.7 OR AY.4.8 OR AY.4.9 OR AY.4.10 OR AY.4.11 OR AY.4.12 OR AY.4.13 OR AY.4.14 OR AY.4.15 OR AY.4.16 OR AY.4.17 OR AY.5 OR AY.5.1 OR AY.5.2 OR AY.5.3 OR AY.5.4 OR AY.5.5 OR AY.5.6 OR AY.5.7 OR AY.6 OR AY.7 OR AY.7.1 OR AY.7.2 OR AY.8 OR AY.9 OR AY.9.2 OR AY.9.2.1 OR AY.9.2.2 OR AY.10 OR AY.11 OR AY.13 OR AY.14 OR AY.15 OR AY.16 OR AY.16.1 OR AY.17 OR AY.18 OR AY.19 OR AY.20 OR AY.20.1 OR AY.21 OR AY.22 OR AY.23 OR AY.23.1 OR AY.23.2 OR AY.24 OR AY.24.1 OR AY.25 OR AY.25.1 OR AY.25.1.1 OR AY.25.1.2 OR AY.25.2 OR AY.25.3 OR AY.26 OR AY.26.1 OR AY.27 OR AY.28 OR AY.29 OR AY.29.1 OR AY.29.2 OR AY.30 OR AY.31 OR AY.32 OR AY.33 OR AY.33.1 OR AY.33.2 OR AY.34 OR AY.34.1 OR AY.34.1.1 OR AY.34.2 OR AY.35 OR AY.36 OR AY.36.1 OR AY.37 OR AY.38 OR AY.39 OR AY.39.1 OR AY.39.1.1 OR AY.39.1.2 OR AY.39.1.3 OR AY.39.1.4 OR AY.39.2 OR AY.39.3 OR AY.40 OR AY.41 OR AY.42 OR AY.42.1 OR AY.43 OR AY.43.1 OR AY.43.2 OR AY.43.3 OR AY.43.4 OR AY.43.5 OR AY.43.6 OR AY.43.7 OR AY.43.8 OR AY.43.9 OR AY.44 OR AY.45 OR AY.46 OR AY.46.1 OR AY.46.2 OR AY.46.3 OR AY.46.4 OR AY.46.5 OR AY.46.6 OR AY.46.6.1 OR AY.47 OR AY.48 OR AY.49 OR AY.50 OR AY.51 OR AY.52 OR AY.53 OR AY.54 OR AY.55 OR AY.56 OR AY.57 OR AY.58 OR AY.59 OR AY.60 OR AY.61 OR AY.62 OR AY.63 OR AY.64 OR AY.65 OR AY.66 OR AY.67 OR AY.68 OR AY.69 OR AY.70 OR AY.71 OR AY.72 OR AY.73 OR AY.74 OR AY.75 OR AY.75.2 OR AY.75.3 OR AY.76 OR AY.77 OR AY.78 OR AY.79 OR AY.80 OR AY.81 OR AY.82 OR AY.83 OR AY.84 OR AY.85 OR AY.86 OR AY.87 OR AY.88 OR AY.90 OR AY.91 OR AY.91.1 OR AY.92 OR AY.93 OR AY.94 OR AY.95 OR AY.98 OR AY.98.1 OR AY.98.1.1 OR AY.99 OR AY.99.1 OR AY.99.2 OR AY.100 OR AY.101 OR AY.102 OR AY.102.1 OR AY.102.2 OR AY.103 OR AY.103.1 OR AY.103.2 OR AY.104 OR AY.105 OR AY.106 OR AY.107 OR AY.108 OR AY.109 OR AY.110 OR AY.111 OR AY.112 OR AY.112.1 OR AY.112.2 OR AY.112.3 OR AY.113 OR AY.114 OR AY.116 OR AY.116.1 OR AY.117 OR AY.118 OR AY.119 OR AY.119.1 OR AY.119.2 OR AY.120 OR AY.120.1 OR AY.120.2 OR AY.120.2.1 OR AY.121 OR AY.121.1 OR AY.122 OR AY.122.1 OR AY.122.2 OR AY.122.3 OR AY.122.4 OR AY.122.5 OR AY.122.6 OR AY.123 OR AY.123.1 OR AY.124 OR AY.124.1 OR AY.124.1.1 OR AY.125 OR AY.125.1 OR AY.126 OR AY.127 OR AY.127.1 OR AY.127.2 OR AY.127.3 OR AY.128 OR AY.129 OR AY.130 OR AY.131 OR AY.132 OR AY.133 OR AY.134 OR B.1.617.2,Delta,2.5,0,0
2022-04-06,1,0,2,0,0,0.000216908470030966,0.666821754401209,AY.1 OR AY.2 OR AY.3 OR AY.3.1 OR AY.3.2 OR AY.3.3 OR AY.3.4 OR AY.4 OR AY.4.1 OR AY.4.2 OR AY.4.2.1 OR AY.4.2.2 OR AY.4.2.3 OR AY.4.2.4 OR AY.4.2.5 OR AY.4.3 OR AY.4.4 OR AY.4.5 OR AY.4.6 OR AY.4.7 OR AY.4.8 OR AY.4.9 OR AY.4.10 OR AY.4.11 OR AY.4.12 OR AY.4.13 OR AY.4.14 OR AY.4.15 OR AY.4.16 OR AY.4.17 OR AY.5 OR AY.5.1 OR AY.5.2 OR AY.5.3 OR AY.5.4 OR AY.5.5 OR AY.5.6 OR AY.5.7 OR AY.6 OR AY.7 OR AY.7.1 OR AY.7.2 OR AY.8 OR AY.9 OR AY.9.2 OR AY.9.2.1 OR AY.9.2.2 OR AY.10 OR AY.11 OR AY.13 OR AY.14 OR AY.15 OR AY.16 OR AY.16.1 OR AY.17 OR AY.18 OR AY.19 OR AY.20 OR AY.20.1 OR AY.21 OR AY.22 OR AY.23 OR AY.23.1 OR AY.23.2 OR AY.24 OR AY.24.1 OR AY.25 OR AY.25.1 OR AY.25.1.1 OR AY.25.1.2 OR AY.25.2 OR AY.25.3 OR AY.26 OR AY.26.1 OR AY.27 OR AY.28 OR AY.29 OR AY.29.1 OR AY.29.2 OR AY.30 OR AY.31 OR AY.32 OR AY.33 OR AY.33.1 OR AY.33.2 OR AY.34 OR AY.34.1 OR AY.34.1.1 OR AY.34.2 OR AY.35 OR AY.36 OR AY.36.1 OR AY.37 OR AY.38 OR AY.39 OR AY.39.1 OR AY.39.1.1 OR AY.39.1.2 OR AY.39.1.3 OR AY.39.1.4 OR AY.39.2 OR AY.39.3 OR AY.40 OR AY.41 OR AY.42 OR AY.42.1 OR AY.43 OR AY.43.1 OR AY.43.2 OR AY.43.3 OR AY.43.4 OR AY.43.5 OR AY.43.6 OR AY.43.7 OR AY.43.8 OR AY.43.9 OR AY.44 OR AY.45 OR AY.46 OR AY.46.1 OR AY.46.2 OR AY.46.3 OR AY.46.4 OR AY.46.5 OR AY.46.6 OR AY.46.6.1 OR AY.47 OR AY.48 OR AY.49 OR AY.50 OR AY.51 OR AY.52 OR AY.53 OR AY.54 OR AY.55 OR AY.56 OR AY.57 OR AY.58 OR AY.59 OR AY.60 OR AY.61 OR AY.62 OR AY.63 OR AY.64 OR AY.65 OR AY.66 OR AY.67 OR AY.68 OR AY.69 OR AY.70 OR AY.71 OR AY.72 OR AY.73 OR AY.74 OR AY.75 OR AY.75.2 OR AY.75.3 OR AY.76 OR AY.77 OR AY.78 OR AY.79 OR AY.80 OR AY.81 OR AY.82 OR AY.83 OR AY.84 OR AY.85 OR AY.86 OR AY.87 OR AY.88 OR AY.90 OR AY.91 OR AY.91.1 OR AY.92 OR AY.93 OR AY.94 OR AY.95 OR AY.98 OR AY.98.1 OR AY.98.1.1 OR AY.99 OR AY.99.1 OR AY.99.2 OR AY.100 OR AY.101 OR AY.102 OR AY.102.1 OR AY.102.2 OR AY.103 OR AY.103.1 OR AY.103.2 OR AY.104 OR AY.105 OR AY.106 OR AY.107 OR AY.108 OR AY.109 OR AY.110 OR AY.111 OR AY.112 OR AY.112.1 OR AY.112.2 OR AY.112.3 OR AY.113 OR AY.114 OR AY.116 OR AY.116.1 OR AY.117 OR AY.118 OR AY.119 OR AY.119.1 OR AY.119.2 OR AY.120 OR AY.120.1 OR AY.120.2 OR AY.120.2.1 OR AY.121 OR AY.121.1 OR AY.122 OR AY.122.1 OR AY.122.2 OR AY.122.3 OR AY.122.4 OR AY.122.5 OR AY.122.6 OR AY.123 OR AY.123.1 OR AY.124 OR AY.124.1 OR AY.124.1.1 OR AY.125 OR AY.125.1 OR AY.126 OR AY.127 OR AY.127.1 OR AY.127.2 OR AY.127.3 OR AY.128 OR AY.129 OR AY.130 OR AY.131 OR AY.132 OR AY.133 OR AY.134 OR B.1.617.2,Delta,2.14285714285714,0,0
2022-04-07,2,0,1.57142857142857,0,0,0.000216908470030966,0.666821754401209,AY.1 OR AY.2 OR AY.3 OR AY.3.1 OR AY.3.2 OR AY.3.3 OR AY.3.4 OR AY.4 OR AY.4.1 OR AY.4.2 OR AY.4.2.1 OR AY.4.2.2 OR AY.4.2.3 OR AY.4.2.4 OR AY.4.2.5 OR AY.4.3 OR AY.4.4 OR AY.4.5 OR AY.4.6 OR AY.4.7 OR AY.4.8 OR AY.4.9 OR AY.4.10 OR AY.4.11 OR AY.4.12 OR AY.4.13 OR AY.4.14 OR AY.4.15 OR AY.4.16 OR AY.4.17 OR AY.5 OR AY.5.1 OR AY.5.2 OR AY.5.3 OR AY.5.4 OR AY.5.5 OR AY.5.6 OR AY.5.7 OR AY.6 OR AY.7 OR AY.7.1 OR AY.7.2 OR AY.8 OR AY.9 OR AY.9.2 OR AY.9.2.1 OR AY.9.2.2 OR AY.10 OR AY.11 OR AY.13 OR AY.14 OR AY.15 OR AY.16 OR AY.16.1 OR AY.17 OR AY.18 OR AY.19 OR AY.20 OR AY.20.1 OR AY.21 OR AY.22 OR AY.23 OR AY.23.1 OR AY.23.2 OR AY.24 OR AY.24.1 OR AY.25 OR AY.25.1 OR AY.25.1.1 OR AY.25.1.2 OR AY.25.2 OR AY.25.3 OR AY.26 OR AY.26.1 OR AY.27 OR AY.28 OR AY.29 OR AY.29.1 OR AY.29.2 OR AY.30 OR AY.31 OR AY.32 OR AY.33 OR AY.33.1 OR AY.33.2 OR AY.34 OR AY.34.1 OR AY.34.1.1 OR AY.34.2 OR AY.35 OR AY.36 OR AY.36.1 OR AY.37 OR AY.38 OR AY.39 OR AY.39.1 OR AY.39.1.1 OR AY.39.1.2 OR AY.39.1.3 OR AY.39.1.4 OR AY.39.2 OR AY.39.3 OR AY.40 OR AY.41 OR AY.42 OR AY.42.1 OR AY.43 OR AY.43.1 OR AY.43.2 OR AY.43.3 OR AY.43.4 OR AY.43.5 OR AY.43.6 OR AY.43.7 OR AY.43.8 OR AY.43.9 OR AY.44 OR AY.45 OR AY.46 OR AY.46.1 OR AY.46.2 OR AY.46.3 OR AY.46.4 OR AY.46.5 OR AY.46.6 OR AY.46.6.1 OR AY.47 OR AY.48 OR AY.49 OR AY.50 OR AY.51 OR AY.52 OR AY.53 OR AY.54 OR AY.55 OR AY.56 OR AY.57 OR AY.58 OR AY.59 OR AY.60 OR AY.61 OR AY.62 OR AY.63 OR AY.64 OR AY.65 OR AY.66 OR AY.67 OR AY.68 OR AY.69 OR AY.70 OR AY.71 OR AY.72 OR AY.73 OR AY.74 OR AY.75 OR AY.75.2 OR AY.75.3 OR AY.76 OR AY.77 OR AY.78 OR AY.79 OR AY.80 OR AY.81 OR AY.82 OR AY.83 OR AY.84 OR AY.85 OR AY.86 OR AY.87 OR AY.88 OR AY.90 OR AY.91 OR AY.91.1 OR AY.92 OR AY.93 OR AY.94 OR AY.95 OR AY.98 OR AY.98.1 OR AY.98.1.1 OR AY.99 OR AY.99.1 OR AY.99.2 OR AY.100 OR AY.101 OR AY.102 OR AY.102.1 OR AY.102.2 OR AY.103 OR AY.103.1 OR AY.103.2 OR AY.104 OR AY.105 OR AY.106 OR AY.107 OR AY.108 OR AY.109 OR AY.110 OR AY.111 OR AY.112 OR AY.112.1 OR AY.112.2 OR AY.112.3 OR AY.113 OR AY.114 OR AY.116 OR AY.116.1 OR AY.117 OR AY.118 OR AY.119 OR AY.119.1 OR AY.119.2 OR AY.120 OR AY.120.1 OR AY.120.2 OR AY.120.2.1 OR AY.121 OR AY.121.1 OR AY.122 OR AY.122.1 OR AY.122.2 OR AY.122.3 OR AY.122.4 OR AY.122.5 OR AY.122.6 OR AY.123 OR AY.123.1 OR AY.124 OR AY.124.1 OR AY.124.1.1 OR AY.125 OR AY.125.1 OR AY.126 OR AY.127 OR AY.127.1 OR AY.127.2 OR AY.127.3 OR AY.128 OR AY.129 OR AY.130 OR AY.131 OR AY.132 OR AY.133 OR AY.134 OR B.1.617.2,Delta,2.21428571428571,0,0
2022-04-08,1,0,1.42857142857143,0,0,0.000385580980755902,0.853253683690425,AY.1 OR AY.2 OR AY.3 OR AY.3.1 OR AY.3.2 OR AY.3.3 OR AY.3.4 OR AY.4 OR AY.4.1 OR AY.4.2 OR AY.4.2.1 OR AY.4.2.2 OR AY.4.2.3 OR AY.4.2.4 OR AY.4.2.5 OR AY.4.3 OR AY.4.4 OR AY.4.5 OR AY.4.6 OR AY.4.7 OR AY.4.8 OR AY.4.9 OR AY.4.10 OR AY.4.11 OR AY.4.12 OR AY.4.13 OR AY.4.14 OR AY.4.15 OR AY.4.16 OR AY.4.17 OR AY.5 OR AY.5.1 OR AY.5.2 OR AY.5.3 OR AY.5.4 OR AY.5.5 OR AY.5.6 OR AY.5.7 OR AY.6 OR AY.7 OR AY.7.1 OR AY.7.2 OR AY.8 OR AY.9 OR AY.9.2 OR AY.9.2.1 OR AY.9.2.2 OR AY.10 OR AY.11 OR AY.13 OR AY.14 OR AY.15 OR AY.16 OR AY.16.1 OR AY.17 OR AY.18 OR AY.19 OR AY.20 OR AY.20.1 OR AY.21 OR AY.22 OR AY.23 OR AY.23.1 OR AY.23.2 OR AY.24 OR AY.24.1 OR AY.25 OR AY.25.1 OR AY.25.1.1 OR AY.25.1.2 OR AY.25.2 OR AY.25.3 OR AY.26 OR AY.26.1 OR AY.27 OR AY.28 OR AY.29 OR AY.29.1 OR AY.29.2 OR AY.30 OR AY.31 OR AY.32 OR AY.33 OR AY.33.1 OR AY.33.2 OR AY.34 OR AY.34.1 OR AY.34.1.1 OR AY.34.2 OR AY.35 OR AY.36 OR AY.36.1 OR AY.37 OR AY.38 OR AY.39 OR AY.39.1 OR AY.39.1.1 OR AY.39.1.2 OR AY.39.1.3 OR AY.39.1.4 OR AY.39.2 OR AY.39.3 OR AY.40 OR AY.41 OR AY.42 OR AY.42.1 OR AY.43 OR AY.43.1 OR AY.43.2 OR AY.43.3 OR AY.43.4 OR AY.43.5 OR AY.43.6 OR AY.43.7 OR AY.43.8 OR AY.43.9 OR AY.44 OR AY.45 OR AY.46 OR AY.46.1 OR AY.46.2 OR AY.46.3 OR AY.46.4 OR AY.46.5 OR AY.46.6 OR AY.46.6.1 OR AY.47 OR AY.48 OR AY.49 OR AY.50 OR AY.51 OR AY.52 OR AY.53 OR AY.54 OR AY.55 OR AY.56 OR AY.57 OR AY.58 OR AY.59 OR AY.60 OR AY.61 OR AY.62 OR AY.63 OR AY.64 OR AY.65 OR AY.66 OR AY.67 OR AY.68 OR AY.69 OR AY.70 OR AY.71 OR AY.72 OR AY.73 OR AY.74 OR AY.75 OR AY.75.2 OR AY.75.3 OR AY.76 OR AY.77 OR AY.78 OR AY.79 OR AY.80 OR AY.81 OR AY.82 OR AY.83 OR AY.84 OR AY.85 OR AY.86 OR AY.87 OR AY.88 OR AY.90 OR AY.91 OR AY.91.1 OR AY.92 OR AY.93 OR AY.94 OR AY.95 OR AY.98 OR AY.98.1 OR AY.98.1.1 OR AY.99 OR AY.99.1 OR AY.99.2 OR AY.100 OR AY.101 OR AY.102 OR AY.102.1 OR AY.102.2 OR AY.103 OR AY.103.1 OR AY.103.2 OR AY.104 OR AY.105 OR AY.106 OR AY.107 OR AY.108 OR AY.109 OR AY.110 OR AY.111 OR AY.112 OR AY.112.1 OR AY.112.2 OR AY.112.3 OR AY.113 OR AY.114 OR AY.116 OR AY.116.1 OR AY.117 OR AY.118 OR AY.119 OR AY.119.1 OR AY.119.2 OR AY.120 OR AY.120.1 OR AY.120.2 OR AY.120.2.1 OR AY.121 OR AY.121.1 OR AY.122 OR AY.122.1 OR AY.122.2 OR AY.122.3 OR AY.122.4 OR AY.122.5 OR AY.122.6 OR AY.123 OR AY.123.1 OR AY.124 OR AY.124.1 OR AY.124.1.1 OR AY.125 OR AY.125.1 OR AY.126 OR AY.127 OR AY.127.1 OR AY.127.2 OR AY.127.3 OR AY.128 OR AY.129 OR AY.130 OR AY.131 OR AY.132 OR AY.133 OR AY.134 OR B.1.617.2,Delta,2.21428571428571,0,0
2022-04-09,1,0,1.42857142857143,0,0,0.000385580980755902,0.853253683690425,AY.1 OR AY.2 OR AY.3 OR AY.3.1 OR AY.3.2 OR AY.3.3 OR AY.3.4 OR AY.4 OR AY.4.1 OR AY.4.2 OR AY.4.2.1 OR AY.4.2.2 OR AY.4.2.3 OR AY.4.2.4 OR AY.4.2.5 OR AY.4.3 OR AY.4.4 OR AY.4.5 OR AY.4.6 OR AY.4.7 OR AY.4.8 OR AY.4.9 OR AY.4.10 OR AY.4.11 OR AY.4.12 OR AY.4.13 OR AY.4.14 OR AY.4.15 OR AY.4.16 OR AY.4.17 OR AY.5 OR AY.5.1 OR AY.5.2 OR AY.5.3 OR AY.5.4 OR AY.5.5 OR AY.5.6 OR AY.5.7 OR AY.6 OR AY.7 OR AY.7.1 OR AY.7.2 OR AY.8 OR AY.9 OR AY.9.2 OR AY.9.2.1 OR AY.9.2.2 OR AY.10 OR AY.11 OR AY.13 OR AY.14 OR AY.15 OR AY.16 OR AY.16.1 OR AY.17 OR AY.18 OR AY.19 OR AY.20 OR AY.20.1 OR AY.21 OR AY.22 OR AY.23 OR AY.23.1 OR AY.23.2 OR AY.24 OR AY.24.1 OR AY.25 OR AY.25.1 OR AY.25.1.1 OR AY.25.1.2 OR AY.25.2 OR AY.25.3 OR AY.26 OR AY.26.1 OR AY.27 OR AY.28 OR AY.29 OR AY.29.1 OR AY.29.2 OR AY.30 OR AY.31 OR AY.32 OR AY.33 OR AY.33.1 OR AY.33.2 OR AY.34 OR AY.34.1 OR AY.34.1.1 OR AY.34.2 OR AY.35 OR AY.36 OR AY.36.1 OR AY.37 OR AY.38 OR AY.39 OR AY.39.1 OR AY.39.1.1 OR AY.39.1.2 OR AY.39.1.3 OR AY.39.1.4 OR AY.39.2 OR AY.39.3 OR AY.40 OR AY.41 OR AY.42 OR AY.42.1 OR AY.43 OR AY.43.1 OR AY.43.2 OR AY.43.3 OR AY.43.4 OR AY.43.5 OR AY.43.6 OR AY.43.7 OR AY.43.8 OR AY.43.9 OR AY.44 OR AY.45 OR AY.46 OR AY.46.1 OR AY.46.2 OR AY.46.3 OR AY.46.4 OR AY.46.5 OR AY.46.6 OR AY.46.6.1 OR AY.47 OR AY.48 OR AY.49 OR AY.50 OR AY.51 OR AY.52 OR AY.53 OR AY.54 OR AY.55 OR AY.56 OR AY.57 OR AY.58 OR AY.59 OR AY.60 OR AY.61 OR AY.62 OR AY.63 OR AY.64 OR AY.65 OR AY.66 OR AY.67 OR AY.68 OR AY.69 OR AY.70 OR AY.71 OR AY.72 OR AY.73 OR AY.74 OR AY.75 OR AY.75.2 OR AY.75.3 OR AY.76 OR AY.77 OR AY.78 OR AY.79 OR AY.80 OR AY.81 OR AY.82 OR AY.83 OR AY.84 OR AY.85 OR AY.86 OR AY.87 OR AY.88 OR AY.90 OR AY.91 OR AY.91.1 OR AY.92 OR AY.93 OR AY.94 OR AY.95 OR AY.98 OR AY.98.1 OR AY.98.1.1 OR AY.99 OR AY.99.1 OR AY.99.2 OR AY.100 OR AY.101 OR AY.102 OR AY.102.1 OR AY.102.2 OR AY.103 OR AY.103.1 OR AY.103.2 OR AY.104 OR AY.105 OR AY.106 OR AY.107 OR AY.108 OR AY.109 OR AY.110 OR AY.111 OR AY.112 OR AY.112.1 OR AY.112.2 OR AY.112.3 OR AY.113 OR AY.114 OR AY.116 OR AY.116.1 OR AY.117 OR AY.118 OR AY.119 OR AY.119.1 OR AY.119.2 OR AY.120 OR AY.120.1 OR AY.120.2 OR AY.120.2.1 OR AY.121 OR AY.121.1 OR AY.122 OR AY.122.1 OR AY.122.2 OR AY.122.3 OR AY.122.4 OR AY.122.5 OR AY.122.6 OR AY.123 OR AY.123.1 OR AY.124 OR AY.124.1 OR AY.124.1.1 OR AY.125 OR AY.125.1 OR AY.126 OR AY.127 OR AY.127.1 OR AY.127.2 OR AY.127.3 OR AY.128 OR AY.129 OR AY.130 OR AY.131 OR AY.132 OR AY.133 OR AY.134 OR B.1.617.2,Delta,2.14285714285714,0,0
2022-04-10,1,0,1.42857142857143,0,0,0.000385580980755902,0.853253683690425,AY.1 OR AY.2 OR AY.3 OR AY.3.1 OR AY.3.2 OR AY.3.3 OR AY.3.4 OR AY.4 OR AY.4.1 OR AY.4.2 OR AY.4.2.1 OR AY.4.2.2 OR AY.4.2.3 OR AY.4.2.4 OR AY.4.2.5 OR AY.4.3 OR AY.4.4 OR AY.4.5 OR AY.4.6 OR AY.4.7 OR AY.4.8 OR AY.4.9 OR AY.4.10 OR AY.4.11 OR AY.4.12 OR AY.4.13 OR AY.4.14 OR AY.4.15 OR AY.4.16 OR AY.4.17 OR AY.5 OR AY.5.1 OR AY.5.2 OR AY.5.3 OR AY.5.4 OR AY.5.5 OR AY.5.6 OR AY.5.7 OR AY.6 OR AY.7 OR AY.7.1 OR AY.7.2 OR AY.8 OR AY.9 OR AY.9.2 OR AY.9.2.1 OR AY.9.2.2 OR AY.10 OR AY.11 OR AY.13 OR AY.14 OR AY.15 OR AY.16 OR AY.16.1 OR AY.17 OR AY.18 OR AY.19 OR AY.20 OR AY.20.1 OR AY.21 OR AY.22 OR AY.23 OR AY.23.1 OR AY.23.2 OR AY.24 OR AY.24.1 OR AY.25 OR AY.25.1 OR AY.25.1.1 OR AY.25.1.2 OR AY.25.2 OR AY.25.3 OR AY.26 OR AY.26.1 OR AY.27 OR AY.28 OR AY.29 OR AY.29.1 OR AY.29.2 OR AY.30 OR AY.31 OR AY.32 OR AY.33 OR AY.33.1 OR AY.33.2 OR AY.34 OR AY.34.1 OR AY.34.1.1 OR AY.34.2 OR AY.35 OR AY.36 OR AY.36.1 OR AY.37 OR AY.38 OR AY.39 OR AY.39.1 OR AY.39.1.1 OR AY.39.1.2 OR AY.39.1.3 OR AY.39.1.4 OR AY.39.2 OR AY.39.3 OR AY.40 OR AY.41 OR AY.42 OR AY.42.1 OR AY.43 OR AY.43.1 OR AY.43.2 OR AY.43.3 OR AY.43.4 OR AY.43.5 OR AY.43.6 OR AY.43.7 OR AY.43.8 OR AY.43.9 OR AY.44 OR AY.45 OR AY.46 OR AY.46.1 OR AY.46.2 OR AY.46.3 OR AY.46.4 OR AY.46.5 OR AY.46.6 OR AY.46.6.1 OR AY.47 OR AY.48 OR AY.49 OR AY.50 OR AY.51 OR AY.52 OR AY.53 OR AY.54 OR AY.55 OR AY.56 OR AY.57 OR AY.58 OR AY.59 OR AY.60 OR AY.61 OR AY.62 OR AY.63 OR AY.64 OR AY.65 OR AY.66 OR AY.67 OR AY.68 OR AY.69 OR AY.70 OR AY.71 OR AY.72 OR AY.73 OR AY.74 OR AY.75 OR AY.75.2 OR AY.75.3 OR AY.76 OR AY.77 OR AY.78 OR AY.79 OR AY.80 OR AY.81 OR AY.82 OR AY.83 OR AY.84 OR AY.85 OR AY.86 OR AY.87 OR AY.88 OR AY.90 OR AY.91 OR AY.91.1 OR AY.92 OR AY.93 OR AY.94 OR AY.95 OR AY.98 OR AY.98.1 OR AY.98.1.1 OR AY.99 OR AY.99.1 OR AY.99.2 OR AY.100 OR AY.101 OR AY.102 OR AY.102.1 OR AY.102.2 OR AY.103 OR AY.103.1 OR AY.103.2 OR AY.104 OR AY.105 OR AY.106 OR AY.107 OR AY.108 OR AY.109 OR AY.110 OR AY.111 OR AY.112 OR AY.112.1 OR AY.112.2 OR AY.112.3 OR AY.113 OR AY.114 OR AY.116 OR AY.116.1 OR AY.117 OR AY.118 OR AY.119 OR AY.119.1 OR AY.119.2 OR AY.120 OR AY.120.1 OR AY.120.2 OR AY.120.2.1 OR AY.121 OR AY.121.1 OR AY.122 OR AY.122.1 OR AY.122.2 OR AY.122.3 OR AY.122.4 OR AY.122.5 OR AY.122.6 OR AY.123 OR AY.123.1 OR AY.124 OR AY.124.1 OR AY.124.1.1 OR AY.125 OR AY.125.1 OR AY.126 OR AY.127 OR AY.127.1 OR AY.127.2 OR AY.127.3 OR AY.128 OR AY.129 OR AY.130 OR AY.131 OR AY.132 OR AY.133 OR AY.134 OR B.1.617.2,Delta,2.14285714285714,0,0
2022-04-11,3,0,1.57142857142857,0,0,0.000216908470030966,0.666821754401209,AY.1 OR AY.2 OR AY.3 OR AY.3.1 OR AY.3.2 OR AY.3.3 OR AY.3.4 OR AY.4 OR AY.4.1 OR AY.4.2 OR AY.4.2.1 OR AY.4.2.2 OR AY.4.2.3 OR AY.4.2.4 OR AY.4.2.5 OR AY.4.3 OR AY.4.4 OR AY.4.5 OR AY.4.6 OR AY.4.7 OR AY.4.8 OR AY.4.9 OR AY.4.10 OR AY.4.11 OR AY.4.12 OR AY.4.13 OR AY.4.14 OR AY.4.15 OR AY.4.16 OR AY.4.17 OR AY.5 OR AY.5.1 OR AY.5.2 OR AY.5.3 OR AY.5.4 OR AY.5.5 OR AY.5.6 OR AY.5.7 OR AY.6 OR AY.7 OR AY.7.1 OR AY.7.2 OR AY.8 OR AY.9 OR AY.9.2 OR AY.9.2.1 OR AY.9.2.2 OR AY.10 OR AY.11 OR AY.13 OR AY.14 OR AY.15 OR AY.16 OR AY.16.1 OR AY.17 OR AY.18 OR AY.19 OR AY.20 OR AY.20.1 OR AY.21 OR AY.22 OR AY.23 OR AY.23.1 OR AY.23.2 OR AY.24 OR AY.24.1 OR AY.25 OR AY.25.1 OR AY.25.1.1 OR AY.25.1.2 OR AY.25.2 OR AY.25.3 OR AY.26 OR AY.26.1 OR AY.27 OR AY.28 OR AY.29 OR AY.29.1 OR AY.29.2 OR AY.30 OR AY.31 OR AY.32 OR AY.33 OR AY.33.1 OR AY.33.2 OR AY.34 OR AY.34.1 OR AY.34.1.1 OR AY.34.2 OR AY.35 OR AY.36 OR AY.36.1 OR AY.37 OR AY.38 OR AY.39 OR AY.39.1 OR AY.39.1.1 OR AY.39.1.2 OR AY.39.1.3 OR AY.39.1.4 OR AY.39.2 OR AY.39.3 OR AY.40 OR AY.41 OR AY.42 OR AY.42.1 OR AY.43 OR AY.43.1 OR AY.43.2 OR AY.43.3 OR AY.43.4 OR AY.43.5 OR AY.43.6 OR AY.43.7 OR AY.43.8 OR AY.43.9 OR AY.44 OR AY.45 OR AY.46 OR AY.46.1 OR AY.46.2 OR AY.46.3 OR AY.46.4 OR AY.46.5 OR AY.46.6 OR AY.46.6.1 OR AY.47 OR AY.48 OR AY.49 OR AY.50 OR AY.51 OR AY.52 OR AY.53 OR AY.54 OR AY.55 OR AY.56 OR AY.57 OR AY.58 OR AY.59 OR AY.60 OR AY.61 OR AY.62 OR AY.63 OR AY.64 OR AY.65 OR AY.66 OR AY.67 OR AY.68 OR AY.69 OR AY.70 OR AY.71 OR AY.72 OR AY.73 OR AY.74 OR AY.75 OR AY.75.2 OR AY.75.3 OR AY.76 OR AY.77 OR AY.78 OR AY.79 OR AY.80 OR AY.81 OR AY.82 OR AY.83 OR AY.84 OR AY.85 OR AY.86 OR AY.87 OR AY.88 OR AY.90 OR AY.91 OR AY.91.1 OR AY.92 OR AY.93 OR AY.94 OR AY.95 OR AY.98 OR AY.98.1 OR AY.98.1.1 OR AY.99 OR AY.99.1 OR AY.99.2 OR AY.100 OR AY.101 OR AY.102 OR AY.102.1 OR AY.102.2 OR AY.103 OR AY.103.1 OR AY.103.2 OR AY.104 OR AY.105 OR AY.106 OR AY.107 OR AY.108 OR AY.109 OR AY.110 OR AY.111 OR AY.112 OR AY.112.1 OR AY.112.2 OR AY.112.3 OR AY.113 OR AY.114 OR AY.116 OR AY.116.1 OR AY.117 OR AY.118 OR AY.119 OR AY.119.1 OR AY.119.2 OR AY.120 OR AY.120.1 OR AY.120.2 OR AY.120.2.1 OR AY.121 OR AY.121.1 OR AY.122 OR AY.122.1 OR AY.122.2 OR AY.122.3 OR AY.122.4 OR AY.122.5 OR AY.122.6 OR AY.123 OR AY.123.1 OR AY.124 OR AY.124.1 OR AY.124.1.1 OR AY.125 OR AY.125.1 OR AY.126 OR AY.127 OR AY.127.1 OR AY.127.2 OR AY.127.3 OR AY.128 OR AY.129 OR AY.130 OR AY.131 OR AY.132 OR AY.133 OR AY.134 OR B.1.617.2,Delta,1.85714285714286,0,0
2022-04-12,1,0,1.42857142857143,0,0,0.000385580980755902,0.853253683690425,AY.1 OR AY.2 OR AY.3 OR AY.3.1 OR AY.3.2 OR AY.3.3 OR AY.3.4 OR AY.4 OR AY.4.1 OR AY.4.2 OR AY.4.2.1 OR AY.4.2.2 OR AY.4.2.3 OR AY.4.2.4 OR AY.4.2.5 OR AY.4.3 OR AY.4.4 OR AY.4.5 OR AY.4.6 OR AY.4.7 OR AY.4.8 OR AY.4.9 OR AY.4.10 OR AY.4.11 OR AY.4.12 OR AY.4.13 OR AY.4.14 OR AY.4.15 OR AY.4.16 OR AY.4.17 OR AY.5 OR AY.5.1 OR AY.5.2 OR AY.5.3 OR AY.5.4 OR AY.5.5 OR AY.5.6 OR AY.5.7 OR AY.6 OR AY.7 OR AY.7.1 OR AY.7.2 OR AY.8 OR AY.9 OR AY.9.2 OR AY.9.2.1 OR AY.9.2.2 OR AY.10 OR AY.11 OR AY.13 OR AY.14 OR AY.15 OR AY.16 OR AY.16.1 OR AY.17 OR AY.18 OR AY.19 OR AY.20 OR AY.20.1 OR AY.21 OR AY.22 OR AY.23 OR AY.23.1 OR AY.23.2 OR AY.24 OR AY.24.1 OR AY.25 OR AY.25.1 OR AY.25.1.1 OR AY.25.1.2 OR AY.25.2 OR AY.25.3 OR AY.26 OR AY.26.1 OR AY.27 OR AY.28 OR AY.29 OR AY.29.1 OR AY.29.2 OR AY.30 OR AY.31 OR AY.32 OR AY.33 OR AY.33.1 OR AY.33.2 OR AY.34 OR AY.34.1 OR AY.34.1.1 OR AY.34.2 OR AY.35 OR AY.36 OR AY.36.1 OR AY.37 OR AY.38 OR AY.39 OR AY.39.1 OR AY.39.1.1 OR AY.39.1.2 OR AY.39.1.3 OR AY.39.1.4 OR AY.39.2 OR AY.39.3 OR AY.40 OR AY.41 OR AY.42 OR AY.42.1 OR AY.43 OR AY.43.1 OR AY.43.2 OR AY.43.3 OR AY.43.4 OR AY.43.5 OR AY.43.6 OR AY.43.7 OR AY.43.8 OR AY.43.9 OR AY.44 OR AY.45 OR AY.46 OR AY.46.1 OR AY.46.2 OR AY.46.3 OR AY.46.4 OR AY.46.5 OR AY.46.6 OR AY.46.6.1 OR AY.47 OR AY.48 OR AY.49 OR AY.50 OR AY.51 OR AY.52 OR AY.53 OR AY.54 OR AY.55 OR AY.56 OR AY.57 OR AY.58 OR AY.59 OR AY.60 OR AY.61 OR AY.62 OR AY.63 OR AY.64 OR AY.65 OR AY.66 OR AY.67 OR AY.68 OR AY.69 OR AY.70 OR AY.71 OR AY.72 OR AY.73 OR AY.74 OR AY.75 OR AY.75.2 OR AY.75.3 OR AY.76 OR AY.77 OR AY.78 OR AY.79 OR AY.80 OR AY.81 OR AY.82 OR AY.83 OR AY.84 OR AY.85 OR AY.86 OR AY.87 OR AY.88 OR AY.90 OR AY.91 OR AY.91.1 OR AY.92 OR AY.93 OR AY.94 OR AY.95 OR AY.98 OR AY.98.1 OR AY.98.1.1 OR AY.99 OR AY.99.1 OR AY.99.2 OR AY.100 OR AY.101 OR AY.102 OR AY.102.1 OR AY.102.2 OR AY.103 OR AY.103.1 OR AY.103.2 OR AY.104 OR AY.105 OR AY.106 OR AY.107 OR AY.108 OR AY.109 OR AY.110 OR AY.111 OR AY.112 OR AY.112.1 OR AY.112.2 OR AY.112.3 OR AY.113 OR AY.114 OR AY.116 OR AY.116.1 OR AY.117 OR AY.118 OR AY.119 OR AY.119.1 OR AY.119.2 OR AY.120 OR AY.120.1 OR AY.120.2 OR AY.120.2.1 OR AY.121 OR AY.121.1 OR AY.122 OR AY.122.1 OR AY.122.2 OR AY.122.3 OR AY.122.4 OR AY.122.5 OR AY.122.6 OR AY.123 OR AY.123.1 OR AY.124 OR AY.124.1 OR AY.124.1.1 OR AY.125 OR AY.125.1 OR AY.126 OR AY.127 OR AY.127.1 OR AY.127.2 OR AY.127.3 OR AY.128 OR AY.129 OR AY.130 OR AY.131 OR AY.132 OR AY.133 OR AY.134 OR B.1.617.2,Delta,1.85714285714286,0,0
2022-04-13,4,0,1.85714285714286,0,0,0.000216908470030966,0.666821754401209,AY.1 OR AY.2 OR AY.3 OR AY.3.1 OR AY.3.2 OR AY.3.3 OR AY.3.4 OR AY.4 OR AY.4.1 OR AY.4.2 OR AY.4.2.1 OR AY.4.2.2 OR AY.4.2.3 OR AY.4.2.4 OR AY.4.2.5 OR AY.4.3 OR AY.4.4 OR AY.4.5 OR AY.4.6 OR AY.4.7 OR AY.4.8 OR AY.4.9 OR AY.4.10 OR AY.4.11 OR AY.4.12 OR AY.4.13 OR AY.4.14 OR AY.4.15 OR AY.4.16 OR AY.4.17 OR AY.5 OR AY.5.1 OR AY.5.2 OR AY.5.3 OR AY.5.4 OR AY.5.5 OR AY.5.6 OR AY.5.7 OR AY.6 OR AY.7 OR AY.7.1 OR AY.7.2 OR AY.8 OR AY.9 OR AY.9.2 OR AY.9.2.1 OR AY.9.2.2 OR AY.10 OR AY.11 OR AY.13 OR AY.14 OR AY.15 OR AY.16 OR AY.16.1 OR AY.17 OR AY.18 OR AY.19 OR AY.20 OR AY.20.1 OR AY.21 OR AY.22 OR AY.23 OR AY.23.1 OR AY.23.2 OR AY.24 OR AY.24.1 OR AY.25 OR AY.25.1 OR AY.25.1.1 OR AY.25.1.2 OR AY.25.2 OR AY.25.3 OR AY.26 OR AY.26.1 OR AY.27 OR AY.28 OR AY.29 OR AY.29.1 OR AY.29.2 OR AY.30 OR AY.31 OR AY.32 OR AY.33 OR AY.33.1 OR AY.33.2 OR AY.34 OR AY.34.1 OR AY.34.1.1 OR AY.34.2 OR AY.35 OR AY.36 OR AY.36.1 OR AY.37 OR AY.38 OR AY.39 OR AY.39.1 OR AY.39.1.1 OR AY.39.1.2 OR AY.39.1.3 OR AY.39.1.4 OR AY.39.2 OR AY.39.3 OR AY.40 OR AY.41 OR AY.42 OR AY.42.1 OR AY.43 OR AY.43.1 OR AY.43.2 OR AY.43.3 OR AY.43.4 OR AY.43.5 OR AY.43.6 OR AY.43.7 OR AY.43.8 OR AY.43.9 OR AY.44 OR AY.45 OR AY.46 OR AY.46.1 OR AY.46.2 OR AY.46.3 OR AY.46.4 OR AY.46.5 OR AY.46.6 OR AY.46.6.1 OR AY.47 OR AY.48 OR AY.49 OR AY.50 OR AY.51 OR AY.52 OR AY.53 OR AY.54 OR AY.55 OR AY.56 OR AY.57 OR AY.58 OR AY.59 OR AY.60 OR AY.61 OR AY.62 OR AY.63 OR AY.64 OR AY.65 OR AY.66 OR AY.67 OR AY.68 OR AY.69 OR AY.70 OR AY.71 OR AY.72 OR AY.73 OR AY.74 OR AY.75 OR AY.75.2 OR AY.75.3 OR AY.76 OR AY.77 OR AY.78 OR AY.79 OR AY.80 OR AY.81 OR AY.82 OR AY.83 OR AY.84 OR AY.85 OR AY.86 OR AY.87 OR AY.88 OR AY.90 OR AY.91 OR AY.91.1 OR AY.92 OR AY.93 OR AY.94 OR AY.95 OR AY.98 OR AY.98.1 OR AY.98.1.1 OR AY.99 OR AY.99.1 OR AY.99.2 OR AY.100 OR AY.101 OR AY.102 OR AY.102.1 OR AY.102.2 OR AY.103 OR AY.103.1 OR AY.103.2 OR AY.104 OR AY.105 OR AY.106 OR AY.107 OR AY.108 OR AY.109 OR AY.110 OR AY.111 OR AY.112 OR AY.112.1 OR AY.112.2 OR AY.112.3 OR AY.113 OR AY.114 OR AY.116 OR AY.116.1 OR AY.117 OR AY.118 OR AY.119 OR AY.119.1 OR AY.119.2 OR AY.120 OR AY.120.1 OR AY.120.2 OR AY.120.2.1 OR AY.121 OR AY.121.1 OR AY.122 OR AY.122.1 OR AY.122.2 OR AY.122.3 OR AY.122.4 OR AY.122.5 OR AY.122.6 OR AY.123 OR AY.123.1 OR AY.124 OR AY.124.1 OR AY.124.1.1 OR AY.125 OR AY.125.1 OR AY.126 OR AY.127 OR AY.127.1 OR AY.127.2 OR AY.127.3 OR AY.128 OR AY.129 OR AY.130 OR AY.131 OR AY.132 OR AY.133 OR AY.134 OR B.1.617.2,Delta,1.92857142857143,0,0
2022-04-15,1,0,1.83333333333333,0,0,0.000216908470030966,0.666821754401209,AY.1 OR AY.2 OR AY.3 OR AY.3.1 OR AY.3.2 OR AY.3.3 OR AY.3.4 OR AY.4 OR AY.4.1 OR AY.4.2 OR AY.4.2.1 OR AY.4.2.2 OR AY.4.2.3 OR AY.4.2.4 OR AY.4.2.5 OR AY.4.3 OR AY.4.4 OR AY.4.5 OR AY.4.6 OR AY.4.7 OR AY.4.8 OR AY.4.9 OR AY.4.10 OR AY.4.11 OR AY.4.12 OR AY.4.13 OR AY.4.14 OR AY.4.15 OR AY.4.16 OR AY.4.17 OR AY.5 OR AY.5.1 OR AY.5.2 OR AY.5.3 OR AY.5.4 OR AY.5.5 OR AY.5.6 OR AY.5.7 OR AY.6 OR AY.7 OR AY.7.1 OR AY.7.2 OR AY.8 OR AY.9 OR AY.9.2 OR AY.9.2.1 OR AY.9.2.2 OR AY.10 OR AY.11 OR AY.13 OR AY.14 OR AY.15 OR AY.16 OR AY.16.1 OR AY.17 OR AY.18 OR AY.19 OR AY.20 OR AY.20.1 OR AY.21 OR AY.22 OR AY.23 OR AY.23.1 OR AY.23.2 OR AY.24 OR AY.24.1 OR AY.25 OR AY.25.1 OR AY.25.1.1 OR AY.25.1.2 OR AY.25.2 OR AY.25.3 OR AY.26 OR AY.26.1 OR AY.27 OR AY.28 OR AY.29 OR AY.29.1 OR AY.29.2 OR AY.30 OR AY.31 OR AY.32 OR AY.33 OR AY.33.1 OR AY.33.2 OR AY.34 OR AY.34.1 OR AY.34.1.1 OR AY.34.2 OR AY.35 OR AY.36 OR AY.36.1 OR AY.37 OR AY.38 OR AY.39 OR AY.39.1 OR AY.39.1.1 OR AY.39.1.2 OR AY.39.1.3 OR AY.39.1.4 OR AY.39.2 OR AY.39.3 OR AY.40 OR AY.41 OR AY.42 OR AY.42.1 OR AY.43 OR AY.43.1 OR AY.43.2 OR AY.43.3 OR AY.43.4 OR AY.43.5 OR AY.43.6 OR AY.43.7 OR AY.43.8 OR AY.43.9 OR AY.44 OR AY.45 OR AY.46 OR AY.46.1 OR AY.46.2 OR AY.46.3 OR AY.46.4 OR AY.46.5 OR AY.46.6 OR AY.46.6.1 OR AY.47 OR AY.48 OR AY.49 OR AY.50 OR AY.51 OR AY.52 OR AY.53 OR AY.54 OR AY.55 OR AY.56 OR AY.57 OR AY.58 OR AY.59 OR AY.60 OR AY.61 OR AY.62 OR AY.63 OR AY.64 OR AY.65 OR AY.66 OR AY.67 OR AY.68 OR AY.69 OR AY.70 OR AY.71 OR AY.72 OR AY.73 OR AY.74 OR AY.75 OR AY.75.2 OR AY.75.3 OR AY.76 OR AY.77 OR AY.78 OR AY.79 OR AY.80 OR AY.81 OR AY.82 OR AY.83 OR AY.84 OR AY.85 OR AY.86 OR AY.87 OR AY.88 OR AY.90 OR AY.91 OR AY.91.1 OR AY.92 OR AY.93 OR AY.94 OR AY.95 OR AY.98 OR AY.98.1 OR AY.98.1.1 OR AY.99 OR AY.99.1 OR AY.99.2 OR AY.100 OR AY.101 OR AY.102 OR AY.102.1 OR AY.102.2 OR AY.103 OR AY.103.1 OR AY.103.2 OR AY.104 OR AY.105 OR AY.106 OR AY.107 OR AY.108 OR AY.109 OR AY.110 OR AY.111 OR AY.112 OR AY.112.1 OR AY.112.2 OR AY.112.3 OR AY.113 OR AY.114 OR AY.116 OR AY.116.1 OR AY.117 OR AY.118 OR AY.119 OR AY.119.1 OR AY.119.2 OR AY.120 OR AY.120.1 OR AY.120.2 OR AY.120.2.1 OR AY.121 OR AY.121.1 OR AY.122 OR AY.122.1 OR AY.122.2 OR AY.122.3 OR AY.122.4 OR AY.122.5 OR AY.122.6 OR AY.123 OR AY.123.1 OR AY.124 OR AY.124.1 OR AY.124.1.1 OR AY.125 OR AY.125.1 OR AY.126 OR AY.127 OR AY.127.1 OR AY.127.2 OR AY.127.3 OR AY.128 OR AY.129 OR AY.130 OR AY.131 OR AY.132 OR AY.133 OR AY.134 OR B.1.617.2,Delta,1.64285714285714,0,0
2022-04-16,1,0,1.83333333333333,0,0,0.000216908470030966,0.666821754401209,AY.1 OR AY.2 OR AY.3 OR AY.3.1 OR AY.3.2 OR AY.3.3 OR AY.3.4 OR AY.4 OR AY.4.1 OR AY.4.2 OR AY.4.2.1 OR AY.4.2.2 OR AY.4.2.3 OR AY.4.2.4 OR AY.4.2.5 OR AY.4.3 OR AY.4.4 OR AY.4.5 OR AY.4.6 OR AY.4.7 OR AY.4.8 OR AY.4.9 OR AY.4.10 OR AY.4.11 OR AY.4.12 OR AY.4.13 OR AY.4.14 OR AY.4.15 OR AY.4.16 OR AY.4.17 OR AY.5 OR AY.5.1 OR AY.5.2 OR AY.5.3 OR AY.5.4 OR AY.5.5 OR AY.5.6 OR AY.5.7 OR AY.6 OR AY.7 OR AY.7.1 OR AY.7.2 OR AY.8 OR AY.9 OR AY.9.2 OR AY.9.2.1 OR AY.9.2.2 OR AY.10 OR AY.11 OR AY.13 OR AY.14 OR AY.15 OR AY.16 OR AY.16.1 OR AY.17 OR AY.18 OR AY.19 OR AY.20 OR AY.20.1 OR AY.21 OR AY.22 OR AY.23 OR AY.23.1 OR AY.23.2 OR AY.24 OR AY.24.1 OR AY.25 OR AY.25.1 OR AY.25.1.1 OR AY.25.1.2 OR AY.25.2 OR AY.25.3 OR AY.26 OR AY.26.1 OR AY.27 OR AY.28 OR AY.29 OR AY.29.1 OR AY.29.2 OR AY.30 OR AY.31 OR AY.32 OR AY.33 OR AY.33.1 OR AY.33.2 OR AY.34 OR AY.34.1 OR AY.34.1.1 OR AY.34.2 OR AY.35 OR AY.36 OR AY.36.1 OR AY.37 OR AY.38 OR AY.39 OR AY.39.1 OR AY.39.1.1 OR AY.39.1.2 OR AY.39.1.3 OR AY.39.1.4 OR AY.39.2 OR AY.39.3 OR AY.40 OR AY.41 OR AY.42 OR AY.42.1 OR AY.43 OR AY.43.1 OR AY.43.2 OR AY.43.3 OR AY.43.4 OR AY.43.5 OR AY.43.6 OR AY.43.7 OR AY.43.8 OR AY.43.9 OR AY.44 OR AY.45 OR AY.46 OR AY.46.1 OR AY.46.2 OR AY.46.3 OR AY.46.4 OR AY.46.5 OR AY.46.6 OR AY.46.6.1 OR AY.47 OR AY.48 OR AY.49 OR AY.50 OR AY.51 OR AY.52 OR AY.53 OR AY.54 OR AY.55 OR AY.56 OR AY.57 OR AY.58 OR AY.59 OR AY.60 OR AY.61 OR AY.62 OR AY.63 OR AY.64 OR AY.65 OR AY.66 OR AY.67 OR AY.68 OR AY.69 OR AY.70 OR AY.71 OR AY.72 OR AY.73 OR AY.74 OR AY.75 OR AY.75.2 OR AY.75.3 OR AY.76 OR AY.77 OR AY.78 OR AY.79 OR AY.80 OR AY.81 OR AY.82 OR AY.83 OR AY.84 OR AY.85 OR AY.86 OR AY.87 OR AY.88 OR AY.90 OR AY.91 OR AY.91.1 OR AY.92 OR AY.93 OR AY.94 OR AY.95 OR AY.98 OR AY.98.1 OR AY.98.1.1 OR AY.99 OR AY.99.1 OR AY.99.2 OR AY.100 OR AY.101 OR AY.102 OR AY.102.1 OR AY.102.2 OR AY.103 OR AY.103.1 OR AY.103.2 OR AY.104 OR AY.105 OR AY.106 OR AY.107 OR AY.108 OR AY.109 OR AY.110 OR AY.111 OR AY.112 OR AY.112.1 OR AY.112.2 OR AY.112.3 OR AY.113 OR AY.114 OR AY.116 OR AY.116.1 OR AY.117 OR AY.118 OR AY.119 OR AY.119.1 OR AY.119.2 OR AY.120 OR AY.120.1 OR AY.120.2 OR AY.120.2.1 OR AY.121 OR AY.121.1 OR AY.122 OR AY.122.1 OR AY.122.2 OR AY.122.3 OR AY.122.4 OR AY.122.5 OR AY.122.6 OR AY.123 OR AY.123.1 OR AY.124 OR AY.124.1 OR AY.124.1.1 OR AY.125 OR AY.125.1 OR AY.126 OR AY.127 OR AY.127.1 OR AY.127.2 OR AY.127.3 OR AY.128 OR AY.129 OR AY.130 OR AY.131 OR AY.132 OR AY.133 OR AY.134 OR B.1.617.2,Delta,1.57142857142857,0,0
2022-04-18,1,0,1.6,0,0,0.000216908470030966,0.666821754401209,AY.1 OR AY.2 OR AY.3 OR AY.3.1 OR AY.3.2 OR AY.3.3 OR AY.3.4 OR AY.4 OR AY.4.1 OR AY.4.2 OR AY.4.2.1 OR AY.4.2.2 OR AY.4.2.3 OR AY.4.2.4 OR AY.4.2.5 OR AY.4.3 OR AY.4.4 OR AY.4.5 OR AY.4.6 OR AY.4.7 OR AY.4.8 OR AY.4.9 OR AY.4.10 OR AY.4.11 OR AY.4.12 OR AY.4.13 OR AY.4.14 OR AY.4.15 OR AY.4.16 OR AY.4.17 OR AY.5 OR AY.5.1 OR AY.5.2 OR AY.5.3 OR AY.5.4 OR AY.5.5 OR AY.5.6 OR AY.5.7 OR AY.6 OR AY.7 OR AY.7.1 OR AY.7.2 OR AY.8 OR AY.9 OR AY.9.2 OR AY.9.2.1 OR AY.9.2.2 OR AY.10 OR AY.11 OR AY.13 OR AY.14 OR AY.15 OR AY.16 OR AY.16.1 OR AY.17 OR AY.18 OR AY.19 OR AY.20 OR AY.20.1 OR AY.21 OR AY.22 OR AY.23 OR AY.23.1 OR AY.23.2 OR AY.24 OR AY.24.1 OR AY.25 OR AY.25.1 OR AY.25.1.1 OR AY.25.1.2 OR AY.25.2 OR AY.25.3 OR AY.26 OR AY.26.1 OR AY.27 OR AY.28 OR AY.29 OR AY.29.1 OR AY.29.2 OR AY.30 OR AY.31 OR AY.32 OR AY.33 OR AY.33.1 OR AY.33.2 OR AY.34 OR AY.34.1 OR AY.34.1.1 OR AY.34.2 OR AY.35 OR AY.36 OR AY.36.1 OR AY.37 OR AY.38 OR AY.39 OR AY.39.1 OR AY.39.1.1 OR AY.39.1.2 OR AY.39.1.3 OR AY.39.1.4 OR AY.39.2 OR AY.39.3 OR AY.40 OR AY.41 OR AY.42 OR AY.42.1 OR AY.43 OR AY.43.1 OR AY.43.2 OR AY.43.3 OR AY.43.4 OR AY.43.5 OR AY.43.6 OR AY.43.7 OR AY.43.8 OR AY.43.9 OR AY.44 OR AY.45 OR AY.46 OR AY.46.1 OR AY.46.2 OR AY.46.3 OR AY.46.4 OR AY.46.5 OR AY.46.6 OR AY.46.6.1 OR AY.47 OR AY.48 OR AY.49 OR AY.50 OR AY.51 OR AY.52 OR AY.53 OR AY.54 OR AY.55 OR AY.56 OR AY.57 OR AY.58 OR AY.59 OR AY.60 OR AY.61 OR AY.62 OR AY.63 OR AY.64 OR AY.65 OR AY.66 OR AY.67 OR AY.68 OR AY.69 OR AY.70 OR AY.71 OR AY.72 OR AY.73 OR AY.74 OR AY.75 OR AY.75.2 OR AY.75.3 OR AY.76 OR AY.77 OR AY.78 OR AY.79 OR AY.80 OR AY.81 OR AY.82 OR AY.83 OR AY.84 OR AY.85 OR AY.86 OR AY.87 OR AY.88 OR AY.90 OR AY.91 OR AY.91.1 OR AY.92 OR AY.93 OR AY.94 OR AY.95 OR AY.98 OR AY.98.1 OR AY.98.1.1 OR AY.99 OR AY.99.1 OR AY.99.2 OR AY.100 OR AY.101 OR AY.102 OR AY.102.1 OR AY.102.2 OR AY.103 OR AY.103.1 OR AY.103.2 OR AY.104 OR AY.105 OR AY.106 OR AY.107 OR AY.108 OR AY.109 OR AY.110 OR AY.111 OR AY.112 OR AY.112.1 OR AY.112.2 OR AY.112.3 OR AY.113 OR AY.114 OR AY.116 OR AY.116.1 OR AY.117 OR AY.118 OR AY.119 OR AY.119.1 OR AY.119.2 OR AY.120 OR AY.120.1 OR AY.120.2 OR AY.120.2.1 OR AY.121 OR AY.121.1 OR AY.122 OR AY.122.1 OR AY.122.2 OR AY.122.3 OR AY.122.4 OR AY.122.5 OR AY.122.6 OR AY.123 OR AY.123.1 OR AY.124 OR AY.124.1 OR AY.124.1.1 OR AY.125 OR AY.125.1 OR AY.126 OR AY.127 OR AY.127.1 OR AY.127.2 OR AY.127.3 OR AY.128 OR AY.129 OR AY.130 OR AY.131 OR AY.132 OR AY.133 OR AY.134 OR B.1.617.2,Delta,1.57142857142857,0,0
2022-04-19,3,0,2,0,0,0.000216908470030966,0.666821754401209,AY.1 OR AY.2 OR AY.3 OR AY.3.1 OR AY.3.2 OR AY.3.3 OR AY.3.4 OR AY.4 OR AY.4.1 OR AY.4.2 OR AY.4.2.1 OR AY.4.2.2 OR AY.4.2.3 OR AY.4.2.4 OR AY.4.2.5 OR AY.4.3 OR AY.4.4 OR AY.4.5 OR AY.4.6 OR AY.4.7 OR AY.4.8 OR AY.4.9 OR AY.4.10 OR AY.4.11 OR AY.4.12 OR AY.4.13 OR AY.4.14 OR AY.4.15 OR AY.4.16 OR AY.4.17 OR AY.5 OR AY.5.1 OR AY.5.2 OR AY.5.3 OR AY.5.4 OR AY.5.5 OR AY.5.6 OR AY.5.7 OR AY.6 OR AY.7 OR AY.7.1 OR AY.7.2 OR AY.8 OR AY.9 OR AY.9.2 OR AY.9.2.1 OR AY.9.2.2 OR AY.10 OR AY.11 OR AY.13 OR AY.14 OR AY.15 OR AY.16 OR AY.16.1 OR AY.17 OR AY.18 OR AY.19 OR AY.20 OR AY.20.1 OR AY.21 OR AY.22 OR AY.23 OR AY.23.1 OR AY.23.2 OR AY.24 OR AY.24.1 OR AY.25 OR AY.25.1 OR AY.25.1.1 OR AY.25.1.2 OR AY.25.2 OR AY.25.3 OR AY.26 OR AY.26.1 OR AY.27 OR AY.28 OR AY.29 OR AY.29.1 OR AY.29.2 OR AY.30 OR AY.31 OR AY.32 OR AY.33 OR AY.33.1 OR AY.33.2 OR AY.34 OR AY.34.1 OR AY.34.1.1 OR AY.34.2 OR AY.35 OR AY.36 OR AY.36.1 OR AY.37 OR AY.38 OR AY.39 OR AY.39.1 OR AY.39.1.1 OR AY.39.1.2 OR AY.39.1.3 OR AY.39.1.4 OR AY.39.2 OR AY.39.3 OR AY.40 OR AY.41 OR AY.42 OR AY.42.1 OR AY.43 OR AY.43.1 OR AY.43.2 OR AY.43.3 OR AY.43.4 OR AY.43.5 OR AY.43.6 OR AY.43.7 OR AY.43.8 OR AY.43.9 OR AY.44 OR AY.45 OR AY.46 OR AY.46.1 OR AY.46.2 OR AY.46.3 OR AY.46.4 OR AY.46.5 OR AY.46.6 OR AY.46.6.1 OR AY.47 OR AY.48 OR AY.49 OR AY.50 OR AY.51 OR AY.52 OR AY.53 OR AY.54 OR AY.55 OR AY.56 OR AY.57 OR AY.58 OR AY.59 OR AY.60 OR AY.61 OR AY.62 OR AY.63 OR AY.64 OR AY.65 OR AY.66 OR AY.67 OR AY.68 OR AY.69 OR AY.70 OR AY.71 OR AY.72 OR AY.73 OR AY.74 OR AY.75 OR AY.75.2 OR AY.75.3 OR AY.76 OR AY.77 OR AY.78 OR AY.79 OR AY.80 OR AY.81 OR AY.82 OR AY.83 OR AY.84 OR AY.85 OR AY.86 OR AY.87 OR AY.88 OR AY.90 OR AY.91 OR AY.91.1 OR AY.92 OR AY.93 OR AY.94 OR AY.95 OR AY.98 OR AY.98.1 OR AY.98.1.1 OR AY.99 OR AY.99.1 OR AY.99.2 OR AY.100 OR AY.101 OR AY.102 OR AY.102.1 OR AY.102.2 OR AY.103 OR AY.103.1 OR AY.103.2 OR AY.104 OR AY.105 OR AY.106 OR AY.107 OR AY.108 OR AY.109 OR AY.110 OR AY.111 OR AY.112 OR AY.112.1 OR AY.112.2 OR AY.112.3 OR AY.113 OR AY.114 OR AY.116 OR AY.116.1 OR AY.117 OR AY.118 OR AY.119 OR AY.119.1 OR AY.119.2 OR AY.120 OR AY.120.1 OR AY.120.2 OR AY.120.2.1 OR AY.121 OR AY.121.1 OR AY.122 OR AY.122.1 OR AY.122.2 OR AY.122.3 OR AY.122.4 OR AY.122.5 OR AY.122.6 OR AY.123 OR AY.123.1 OR AY.124 OR AY.124.1 OR AY.124.1.1 OR AY.125 OR AY.125.1 OR AY.126 OR AY.127 OR AY.127.1 OR AY.127.2 OR AY.127.3 OR AY.128 OR AY.129 OR AY.130 OR AY.131 OR AY.132 OR AY.133 OR AY.134 OR B.1.617.2,Delta,1.71428571428571,0,0
2022-04-20,1,0,1.4,0,0,0.000385580980755902,0.853253683690425,AY.1 OR AY.2 OR AY.3 OR AY.3.1 OR AY.3.2 OR AY.3.3 OR AY.3.4 OR AY.4 OR AY.4.1 OR AY.4.2 OR AY.4.2.1 OR AY.4.2.2 OR AY.4.2.3 OR AY.4.2.4 OR AY.4.2.5 OR AY.4.3 OR AY.4.4 OR AY.4.5 OR AY.4.6 OR AY.4.7 OR AY.4.8 OR AY.4.9 OR AY.4.10 OR AY.4.11 OR AY.4.12 OR AY.4.13 OR AY.4.14 OR AY.4.15 OR AY.4.16 OR AY.4.17 OR AY.5 OR AY.5.1 OR AY.5.2 OR AY.5.3 OR AY.5.4 OR AY.5.5 OR AY.5.6 OR AY.5.7 OR AY.6 OR AY.7 OR AY.7.1 OR AY.7.2 OR AY.8 OR AY.9 OR AY.9.2 OR AY.9.2.1 OR AY.9.2.2 OR AY.10 OR AY.11 OR AY.13 OR AY.14 OR AY.15 OR AY.16 OR AY.16.1 OR AY.17 OR AY.18 OR AY.19 OR AY.20 OR AY.20.1 OR AY.21 OR AY.22 OR AY.23 OR AY.23.1 OR AY.23.2 OR AY.24 OR AY.24.1 OR AY.25 OR AY.25.1 OR AY.25.1.1 OR AY.25.1.2 OR AY.25.2 OR AY.25.3 OR AY.26 OR AY.26.1 OR AY.27 OR AY.28 OR AY.29 OR AY.29.1 OR AY.29.2 OR AY.30 OR AY.31 OR AY.32 OR AY.33 OR AY.33.1 OR AY.33.2 OR AY.34 OR AY.34.1 OR AY.34.1.1 OR AY.34.2 OR AY.35 OR AY.36 OR AY.36.1 OR AY.37 OR AY.38 OR AY.39 OR AY.39.1 OR AY.39.1.1 OR AY.39.1.2 OR AY.39.1.3 OR AY.39.1.4 OR AY.39.2 OR AY.39.3 OR AY.40 OR AY.41 OR AY.42 OR AY.42.1 OR AY.43 OR AY.43.1 OR AY.43.2 OR AY.43.3 OR AY.43.4 OR AY.43.5 OR AY.43.6 OR AY.43.7 OR AY.43.8 OR AY.43.9 OR AY.44 OR AY.45 OR AY.46 OR AY.46.1 OR AY.46.2 OR AY.46.3 OR AY.46.4 OR AY.46.5 OR AY.46.6 OR AY.46.6.1 OR AY.47 OR AY.48 OR AY.49 OR AY.50 OR AY.51 OR AY.52 OR AY.53 OR AY.54 OR AY.55 OR AY.56 OR AY.57 OR AY.58 OR AY.59 OR AY.60 OR AY.61 OR AY.62 OR AY.63 OR AY.64 OR AY.65 OR AY.66 OR AY.67 OR AY.68 OR AY.69 OR AY.70 OR AY.71 OR AY.72 OR AY.73 OR AY.74 OR AY.75 OR AY.75.2 OR AY.75.3 OR AY.76 OR AY.77 OR AY.78 OR AY.79 OR AY.80 OR AY.81 OR AY.82 OR AY.83 OR AY.84 OR AY.85 OR AY.86 OR AY.87 OR AY.88 OR AY.90 OR AY.91 OR AY.91.1 OR AY.92 OR AY.93 OR AY.94 OR AY.95 OR AY.98 OR AY.98.1 OR AY.98.1.1 OR AY.99 OR AY.99.1 OR AY.99.2 OR AY.100 OR AY.101 OR AY.102 OR AY.102.1 OR AY.102.2 OR AY.103 OR AY.103.1 OR AY.103.2 OR AY.104 OR AY.105 OR AY.106 OR AY.107 OR AY.108 OR AY.109 OR AY.110 OR AY.111 OR AY.112 OR AY.112.1 OR AY.112.2 OR AY.112.3 OR AY.113 OR AY.114 OR AY.116 OR AY.116.1 OR AY.117 OR AY.118 OR AY.119 OR AY.119.1 OR AY.119.2 OR AY.120 OR AY.120.1 OR AY.120.2 OR AY.120.2.1 OR AY.121 OR AY.121.1 OR AY.122 OR AY.122.1 OR AY.122.2 OR AY.122.3 OR AY.122.4 OR AY.122.5 OR AY.122.6 OR AY.123 OR AY.123.1 OR AY.124 OR AY.124.1 OR AY.124.1.1 OR AY.125 OR AY.125.1 OR AY.126 OR AY.127 OR AY.127.1 OR AY.127.2 OR AY.127.3 OR AY.128 OR AY.129 OR AY.130 OR AY.131 OR AY.132 OR AY.133 OR AY.134 OR B.1.617.2,Delta,1.64285714285714,0,0
2022-04-22,3,0,1.8,0,0,0.000216908470030966,0.666821754401209,AY.1 OR AY.2 OR AY.3 OR AY.3.1 OR AY.3.2 OR AY.3.3 OR AY.3.4 OR AY.4 OR AY.4.1 OR AY.4.2 OR AY.4.2.1 OR AY.4.2.2 OR AY.4.2.3 OR AY.4.2.4 OR AY.4.2.5 OR AY.4.3 OR AY.4.4 OR AY.4.5 OR AY.4.6 OR AY.4.7 OR AY.4.8 OR AY.4.9 OR AY.4.10 OR AY.4.11 OR AY.4.12 OR AY.4.13 OR AY.4.14 OR AY.4.15 OR AY.4.16 OR AY.4.17 OR AY.5 OR AY.5.1 OR AY.5.2 OR AY.5.3 OR AY.5.4 OR AY.5.5 OR AY.5.6 OR AY.5.7 OR AY.6 OR AY.7 OR AY.7.1 OR AY.7.2 OR AY.8 OR AY.9 OR AY.9.2 OR AY.9.2.1 OR AY.9.2.2 OR AY.10 OR AY.11 OR AY.13 OR AY.14 OR AY.15 OR AY.16 OR AY.16.1 OR AY.17 OR AY.18 OR AY.19 OR AY.20 OR AY.20.1 OR AY.21 OR AY.22 OR AY.23 OR AY.23.1 OR AY.23.2 OR AY.24 OR AY.24.1 OR AY.25 OR AY.25.1 OR AY.25.1.1 OR AY.25.1.2 OR AY.25.2 OR AY.25.3 OR AY.26 OR AY.26.1 OR AY.27 OR AY.28 OR AY.29 OR AY.29.1 OR AY.29.2 OR AY.30 OR AY.31 OR AY.32 OR AY.33 OR AY.33.1 OR AY.33.2 OR AY.34 OR AY.34.1 OR AY.34.1.1 OR AY.34.2 OR AY.35 OR AY.36 OR AY.36.1 OR AY.37 OR AY.38 OR AY.39 OR AY.39.1 OR AY.39.1.1 OR AY.39.1.2 OR AY.39.1.3 OR AY.39.1.4 OR AY.39.2 OR AY.39.3 OR AY.40 OR AY.41 OR AY.42 OR AY.42.1 OR AY.43 OR AY.43.1 OR AY.43.2 OR AY.43.3 OR AY.43.4 OR AY.43.5 OR AY.43.6 OR AY.43.7 OR AY.43.8 OR AY.43.9 OR AY.44 OR AY.45 OR AY.46 OR AY.46.1 OR AY.46.2 OR AY.46.3 OR AY.46.4 OR AY.46.5 OR AY.46.6 OR AY.46.6.1 OR AY.47 OR AY.48 OR AY.49 OR AY.50 OR AY.51 OR AY.52 OR AY.53 OR AY.54 OR AY.55 OR AY.56 OR AY.57 OR AY.58 OR AY.59 OR AY.60 OR AY.61 OR AY.62 OR AY.63 OR AY.64 OR AY.65 OR AY.66 OR AY.67 OR AY.68 OR AY.69 OR AY.70 OR AY.71 OR AY.72 OR AY.73 OR AY.74 OR AY.75 OR AY.75.2 OR AY.75.3 OR AY.76 OR AY.77 OR AY.78 OR AY.79 OR AY.80 OR AY.81 OR AY.82 OR AY.83 OR AY.84 OR AY.85 OR AY.86 OR AY.87 OR AY.88 OR AY.90 OR AY.91 OR AY.91.1 OR AY.92 OR AY.93 OR AY.94 OR AY.95 OR AY.98 OR AY.98.1 OR AY.98.1.1 OR AY.99 OR AY.99.1 OR AY.99.2 OR AY.100 OR AY.101 OR AY.102 OR AY.102.1 OR AY.102.2 OR AY.103 OR AY.103.1 OR AY.103.2 OR AY.104 OR AY.105 OR AY.106 OR AY.107 OR AY.108 OR AY.109 OR AY.110 OR AY.111 OR AY.112 OR AY.112.1 OR AY.112.2 OR AY.112.3 OR AY.113 OR AY.114 OR AY.116 OR AY.116.1 OR AY.117 OR AY.118 OR AY.119 OR AY.119.1 OR AY.119.2 OR AY.120 OR AY.120.1 OR AY.120.2 OR AY.120.2.1 OR AY.121 OR AY.121.1 OR AY.122 OR AY.122.1 OR AY.122.2 OR AY.122.3 OR AY.122.4 OR AY.122.5 OR AY.122.6 OR AY.123 OR AY.123.1 OR AY.124 OR AY.124.1 OR AY.124.1.1 OR AY.125 OR AY.125.1 OR AY.126 OR AY.127 OR AY.127.1 OR AY.127.2 OR AY.127.3 OR AY.128 OR AY.129 OR AY.130 OR AY.131 OR AY.132 OR AY.133 OR AY.134 OR B.1.617.2,Delta,1.71428571428571,0,0
2022-04-23,1,0,1.8,0,0,0.000216908470030966,0.666821754401209,AY.1 OR AY.2 OR AY.3 OR AY.3.1 OR AY.3.2 OR AY.3.3 OR AY.3.4 OR AY.4 OR AY.4.1 OR AY.4.2 OR AY.4.2.1 OR AY.4.2.2 OR AY.4.2.3 OR AY.4.2.4 OR AY.4.2.5 OR AY.4.3 OR AY.4.4 OR AY.4.5 OR AY.4.6 OR AY.4.7 OR AY.4.8 OR AY.4.9 OR AY.4.10 OR AY.4.11 OR AY.4.12 OR AY.4.13 OR AY.4.14 OR AY.4.15 OR AY.4.16 OR AY.4.17 OR AY.5 OR AY.5.1 OR AY.5.2 OR AY.5.3 OR AY.5.4 OR AY.5.5 OR AY.5.6 OR AY.5.7 OR AY.6 OR AY.7 OR AY.7.1 OR AY.7.2 OR AY.8 OR AY.9 OR AY.9.2 OR AY.9.2.1 OR AY.9.2.2 OR AY.10 OR AY.11 OR AY.13 OR AY.14 OR AY.15 OR AY.16 OR AY.16.1 OR AY.17 OR AY.18 OR AY.19 OR AY.20 OR AY.20.1 OR AY.21 OR AY.22 OR AY.23 OR AY.23.1 OR AY.23.2 OR AY.24 OR AY.24.1 OR AY.25 OR AY.25.1 OR AY.25.1.1 OR AY.25.1.2 OR AY.25.2 OR AY.25.3 OR AY.26 OR AY.26.1 OR AY.27 OR AY.28 OR AY.29 OR AY.29.1 OR AY.29.2 OR AY.30 OR AY.31 OR AY.32 OR AY.33 OR AY.33.1 OR AY.33.2 OR AY.34 OR AY.34.1 OR AY.34.1.1 OR AY.34.2 OR AY.35 OR AY.36 OR AY.36.1 OR AY.37 OR AY.38 OR AY.39 OR AY.39.1 OR AY.39.1.1 OR AY.39.1.2 OR AY.39.1.3 OR AY.39.1.4 OR AY.39.2 OR AY.39.3 OR AY.40 OR AY.41 OR AY.42 OR AY.42.1 OR AY.43 OR AY.43.1 OR AY.43.2 OR AY.43.3 OR AY.43.4 OR AY.43.5 OR AY.43.6 OR AY.43.7 OR AY.43.8 OR AY.43.9 OR AY.44 OR AY.45 OR AY.46 OR AY.46.1 OR AY.46.2 OR AY.46.3 OR AY.46.4 OR AY.46.5 OR AY.46.6 OR AY.46.6.1 OR AY.47 OR AY.48 OR AY.49 OR AY.50 OR AY.51 OR AY.52 OR AY.53 OR AY.54 OR AY.55 OR AY.56 OR AY.57 OR AY.58 OR AY.59 OR AY.60 OR AY.61 OR AY.62 OR AY.63 OR AY.64 OR AY.65 OR AY.66 OR AY.67 OR AY.68 OR AY.69 OR AY.70 OR AY.71 OR AY.72 OR AY.73 OR AY.74 OR AY.75 OR AY.75.2 OR AY.75.3 OR AY.76 OR AY.77 OR AY.78 OR AY.79 OR AY.80 OR AY.81 OR AY.82 OR AY.83 OR AY.84 OR AY.85 OR AY.86 OR AY.87 OR AY.88 OR AY.90 OR AY.91 OR AY.91.1 OR AY.92 OR AY.93 OR AY.94 OR AY.95 OR AY.98 OR AY.98.1 OR AY.98.1.1 OR AY.99 OR AY.99.1 OR AY.99.2 OR AY.100 OR AY.101 OR AY.102 OR AY.102.1 OR AY.102.2 OR AY.103 OR AY.103.1 OR AY.103.2 OR AY.104 OR AY.105 OR AY.106 OR AY.107 OR AY.108 OR AY.109 OR AY.110 OR AY.111 OR AY.112 OR AY.112.1 OR AY.112.2 OR AY.112.3 OR AY.113 OR AY.114 OR AY.116 OR AY.116.1 OR AY.117 OR AY.118 OR AY.119 OR AY.119.1 OR AY.119.2 OR AY.120 OR AY.120.1 OR AY.120.2 OR AY.120.2.1 OR AY.121 OR AY.121.1 OR AY.122 OR AY.122.1 OR AY.122.2 OR AY.122.3 OR AY.122.4 OR AY.122.5 OR AY.122.6 OR AY.123 OR AY.123.1 OR AY.124 OR AY.124.1 OR AY.124.1.1 OR AY.125 OR AY.125.1 OR AY.126 OR AY.127 OR AY.127.1 OR AY.127.2 OR AY.127.3 OR AY.128 OR AY.129 OR AY.130 OR AY.131 OR AY.132 OR AY.133 OR AY.134 OR B.1.617.2,Delta,1.71428571428571,0,0
2022-04-25,1,0,1.8,0,0,0.000216908470030966,0.666821754401209,AY.1 OR AY.2 OR AY.3 OR AY.3.1 OR AY.3.2 OR AY.3.3 OR AY.3.4 OR AY.4 OR AY.4.1 OR AY.4.2 OR AY.4.2.1 OR AY.4.2.2 OR AY.4.2.3 OR AY.4.2.4 OR AY.4.2.5 OR AY.4.3 OR AY.4.4 OR AY.4.5 OR AY.4.6 OR AY.4.7 OR AY.4.8 OR AY.4.9 OR AY.4.10 OR AY.4.11 OR AY.4.12 OR AY.4.13 OR AY.4.14 OR AY.4.15 OR AY.4.16 OR AY.4.17 OR AY.5 OR AY.5.1 OR AY.5.2 OR AY.5.3 OR AY.5.4 OR AY.5.5 OR AY.5.6 OR AY.5.7 OR AY.6 OR AY.7 OR AY.7.1 OR AY.7.2 OR AY.8 OR AY.9 OR AY.9.2 OR AY.9.2.1 OR AY.9.2.2 OR AY.10 OR AY.11 OR AY.13 OR AY.14 OR AY.15 OR AY.16 OR AY.16.1 OR AY.17 OR AY.18 OR AY.19 OR AY.20 OR AY.20.1 OR AY.21 OR AY.22 OR AY.23 OR AY.23.1 OR AY.23.2 OR AY.24 OR AY.24.1 OR AY.25 OR AY.25.1 OR AY.25.1.1 OR AY.25.1.2 OR AY.25.2 OR AY.25.3 OR AY.26 OR AY.26.1 OR AY.27 OR AY.28 OR AY.29 OR AY.29.1 OR AY.29.2 OR AY.30 OR AY.31 OR AY.32 OR AY.33 OR AY.33.1 OR AY.33.2 OR AY.34 OR AY.34.1 OR AY.34.1.1 OR AY.34.2 OR AY.35 OR AY.36 OR AY.36.1 OR AY.37 OR AY.38 OR AY.39 OR AY.39.1 OR AY.39.1.1 OR AY.39.1.2 OR AY.39.1.3 OR AY.39.1.4 OR AY.39.2 OR AY.39.3 OR AY.40 OR AY.41 OR AY.42 OR AY.42.1 OR AY.43 OR AY.43.1 OR AY.43.2 OR AY.43.3 OR AY.43.4 OR AY.43.5 OR AY.43.6 OR AY.43.7 OR AY.43.8 OR AY.43.9 OR AY.44 OR AY.45 OR AY.46 OR AY.46.1 OR AY.46.2 OR AY.46.3 OR AY.46.4 OR AY.46.5 OR AY.46.6 OR AY.46.6.1 OR AY.47 OR AY.48 OR AY.49 OR AY.50 OR AY.51 OR AY.52 OR AY.53 OR AY.54 OR AY.55 OR AY.56 OR AY.57 OR AY.58 OR AY.59 OR AY.60 OR AY.61 OR AY.62 OR AY.63 OR AY.64 OR AY.65 OR AY.66 OR AY.67 OR AY.68 OR AY.69 OR AY.70 OR AY.71 OR AY.72 OR AY.73 OR AY.74 OR AY.75 OR AY.75.2 OR AY.75.3 OR AY.76 OR AY.77 OR AY.78 OR AY.79 OR AY.80 OR AY.81 OR AY.82 OR AY.83 OR AY.84 OR AY.85 OR AY.86 OR AY.87 OR AY.88 OR AY.90 OR AY.91 OR AY.91.1 OR AY.92 OR AY.93 OR AY.94 OR AY.95 OR AY.98 OR AY.98.1 OR AY.98.1.1 OR AY.99 OR AY.99.1 OR AY.99.2 OR AY.100 OR AY.101 OR AY.102 OR AY.102.1 OR AY.102.2 OR AY.103 OR AY.103.1 OR AY.103.2 OR AY.104 OR AY.105 OR AY.106 OR AY.107 OR AY.108 OR AY.109 OR AY.110 OR AY.111 OR AY.112 OR AY.112.1 OR AY.112.2 OR AY.112.3 OR AY.113 OR AY.114 OR AY.116 OR AY.116.1 OR AY.117 OR AY.118 OR AY.119 OR AY.119.1 OR AY.119.2 OR AY.120 OR AY.120.1 OR AY.120.2 OR AY.120.2.1 OR AY.121 OR AY.121.1 OR AY.122 OR AY.122.1 OR AY.122.2 OR AY.122.3 OR AY.122.4 OR AY.122.5 OR AY.122.6 OR AY.123 OR AY.123.1 OR AY.124 OR AY.124.1 OR AY.124.1.1 OR AY.125 OR AY.125.1 OR AY.126 OR AY.127 OR AY.127.1 OR AY.127.2 OR AY.127.3 OR AY.128 OR AY.129 OR AY.130 OR AY.131 OR AY.132 OR AY.133 OR AY.134 OR B.1.617.2,Delta,1.64285714285714,0,0
2022-05-02,1,0,1,0,0,0.000385580980755902,0.853253683690425,AY.1 OR AY.2 OR AY.3 OR AY.3.1 OR AY.3.2 OR AY.3.3 OR AY.3.4 OR AY.4 OR AY.4.1 OR AY.4.2 OR AY.4.2.1 OR AY.4.2.2 OR AY.4.2.3 OR AY.4.2.4 OR AY.4.2.5 OR AY.4.3 OR AY.4.4 OR AY.4.5 OR AY.4.6 OR AY.4.7 OR AY.4.8 OR AY.4.9 OR AY.4.10 OR AY.4.11 OR AY.4.12 OR AY.4.13 OR AY.4.14 OR AY.4.15 OR AY.4.16 OR AY.4.17 OR AY.5 OR AY.5.1 OR AY.5.2 OR AY.5.3 OR AY.5.4 OR AY.5.5 OR AY.5.6 OR AY.5.7 OR AY.6 OR AY.7 OR AY.7.1 OR AY.7.2 OR AY.8 OR AY.9 OR AY.9.2 OR AY.9.2.1 OR AY.9.2.2 OR AY.10 OR AY.11 OR AY.13 OR AY.14 OR AY.15 OR AY.16 OR AY.16.1 OR AY.17 OR AY.18 OR AY.19 OR AY.20 OR AY.20.1 OR AY.21 OR AY.22 OR AY.23 OR AY.23.1 OR AY.23.2 OR AY.24 OR AY.24.1 OR AY.25 OR AY.25.1 OR AY.25.1.1 OR AY.25.1.2 OR AY.25.2 OR AY.25.3 OR AY.26 OR AY.26.1 OR AY.27 OR AY.28 OR AY.29 OR AY.29.1 OR AY.29.2 OR AY.30 OR AY.31 OR AY.32 OR AY.33 OR AY.33.1 OR AY.33.2 OR AY.34 OR AY.34.1 OR AY.34.1.1 OR AY.34.2 OR AY.35 OR AY.36 OR AY.36.1 OR AY.37 OR AY.38 OR AY.39 OR AY.39.1 OR AY.39.1.1 OR AY.39.1.2 OR AY.39.1.3 OR AY.39.1.4 OR AY.39.2 OR AY.39.3 OR AY.40 OR AY.41 OR AY.42 OR AY.42.1 OR AY.43 OR AY.43.1 OR AY.43.2 OR AY.43.3 OR AY.43.4 OR AY.43.5 OR AY.43.6 OR AY.43.7 OR AY.43.8 OR AY.43.9 OR AY.44 OR AY.45 OR AY.46 OR AY.46.1 OR AY.46.2 OR AY.46.3 OR AY.46.4 OR AY.46.5 OR AY.46.6 OR AY.46.6.1 OR AY.47 OR AY.48 OR AY.49 OR AY.50 OR AY.51 OR AY.52 OR AY.53 OR AY.54 OR AY.55 OR AY.56 OR AY.57 OR AY.58 OR AY.59 OR AY.60 OR AY.61 OR AY.62 OR AY.63 OR AY.64 OR AY.65 OR AY.66 OR AY.67 OR AY.68 OR AY.69 OR AY.70 OR AY.71 OR AY.72 OR AY.73 OR AY.74 OR AY.75 OR AY.75.2 OR AY.75.3 OR AY.76 OR AY.77 OR AY.78 OR AY.79 OR AY.80 OR AY.81 OR AY.82 OR AY.83 OR AY.84 OR AY.85 OR AY.86 OR AY.87 OR AY.88 OR AY.90 OR AY.91 OR AY.91.1 OR AY.92 OR AY.93 OR AY.94 OR AY.95 OR AY.98 OR AY.98.1 OR AY.98.1.1 OR AY.99 OR AY.99.1 OR AY.99.2 OR AY.100 OR AY.101 OR AY.102 OR AY.102.1 OR AY.102.2 OR AY.103 OR AY.103.1 OR AY.103.2 OR AY.104 OR AY.105 OR AY.106 OR AY.107 OR AY.108 OR AY.109 OR AY.110 OR AY.111 OR AY.112 OR AY.112.1 OR AY.112.2 OR AY.112.3 OR AY.113 OR AY.114 OR AY.116 OR AY.116.1 OR AY.117 OR AY.118 OR AY.119 OR AY.119.1 OR AY.119.2 OR AY.120 OR AY.120.1 OR AY.120.2 OR AY.120.2.1 OR AY.121 OR AY.121.1 OR AY.122 OR AY.122.1 OR AY.122.2 OR AY.122.3 OR AY.122.4 OR AY.122.5 OR AY.122.6 OR AY.123 OR AY.123.1 OR AY.124 OR AY.124.1 OR AY.124.1.1 OR AY.125 OR AY.125.1 OR AY.126 OR AY.127 OR AY.127.1 OR AY.127.2 OR AY.127.3 OR AY.128 OR AY.129 OR AY.130 OR AY.131 OR AY.132 OR AY.133 OR AY.134 OR B.1.617.2,Delta,1.64285714285714,0,0
2022-05-04,4,0,2.5,0,0,0.000216908470030966,0.666821754401209,AY.1 OR AY.2 OR AY.3 OR AY.3.1 OR AY.3.2 OR AY.3.3 OR AY.3.4 OR AY.4 OR AY.4.1 OR AY.4.2 OR AY.4.2.1 OR AY.4.2.2 OR AY.4.2.3 OR AY.4.2.4 OR AY.4.2.5 OR AY.4.3 OR AY.4.4 OR AY.4.5 OR AY.4.6 OR AY.4.7 OR AY.4.8 OR AY.4.9 OR AY.4.10 OR AY.4.11 OR AY.4.12 OR AY.4.13 OR AY.4.14 OR AY.4.15 OR AY.4.16 OR AY.4.17 OR AY.5 OR AY.5.1 OR AY.5.2 OR AY.5.3 OR AY.5.4 OR AY.5.5 OR AY.5.6 OR AY.5.7 OR AY.6 OR AY.7 OR AY.7.1 OR AY.7.2 OR AY.8 OR AY.9 OR AY.9.2 OR AY.9.2.1 OR AY.9.2.2 OR AY.10 OR AY.11 OR AY.13 OR AY.14 OR AY.15 OR AY.16 OR AY.16.1 OR AY.17 OR AY.18 OR AY.19 OR AY.20 OR AY.20.1 OR AY.21 OR AY.22 OR AY.23 OR AY.23.1 OR AY.23.2 OR AY.24 OR AY.24.1 OR AY.25 OR AY.25.1 OR AY.25.1.1 OR AY.25.1.2 OR AY.25.2 OR AY.25.3 OR AY.26 OR AY.26.1 OR AY.27 OR AY.28 OR AY.29 OR AY.29.1 OR AY.29.2 OR AY.30 OR AY.31 OR AY.32 OR AY.33 OR AY.33.1 OR AY.33.2 OR AY.34 OR AY.34.1 OR AY.34.1.1 OR AY.34.2 OR AY.35 OR AY.36 OR AY.36.1 OR AY.37 OR AY.38 OR AY.39 OR AY.39.1 OR AY.39.1.1 OR AY.39.1.2 OR AY.39.1.3 OR AY.39.1.4 OR AY.39.2 OR AY.39.3 OR AY.40 OR AY.41 OR AY.42 OR AY.42.1 OR AY.43 OR AY.43.1 OR AY.43.2 OR AY.43.3 OR AY.43.4 OR AY.43.5 OR AY.43.6 OR AY.43.7 OR AY.43.8 OR AY.43.9 OR AY.44 OR AY.45 OR AY.46 OR AY.46.1 OR AY.46.2 OR AY.46.3 OR AY.46.4 OR AY.46.5 OR AY.46.6 OR AY.46.6.1 OR AY.47 OR AY.48 OR AY.49 OR AY.50 OR AY.51 OR AY.52 OR AY.53 OR AY.54 OR AY.55 OR AY.56 OR AY.57 OR AY.58 OR AY.59 OR AY.60 OR AY.61 OR AY.62 OR AY.63 OR AY.64 OR AY.65 OR AY.66 OR AY.67 OR AY.68 OR AY.69 OR AY.70 OR AY.71 OR AY.72 OR AY.73 OR AY.74 OR AY.75 OR AY.75.2 OR AY.75.3 OR AY.76 OR AY.77 OR AY.78 OR AY.79 OR AY.80 OR AY.81 OR AY.82 OR AY.83 OR AY.84 OR AY.85 OR AY.86 OR AY.87 OR AY.88 OR AY.90 OR AY.91 OR AY.91.1 OR AY.92 OR AY.93 OR AY.94 OR AY.95 OR AY.98 OR AY.98.1 OR AY.98.1.1 OR AY.99 OR AY.99.1 OR AY.99.2 OR AY.100 OR AY.101 OR AY.102 OR AY.102.1 OR AY.102.2 OR AY.103 OR AY.103.1 OR AY.103.2 OR AY.104 OR AY.105 OR AY.106 OR AY.107 OR AY.108 OR AY.109 OR AY.110 OR AY.111 OR AY.112 OR AY.112.1 OR AY.112.2 OR AY.112.3 OR AY.113 OR AY.114 OR AY.116 OR AY.116.1 OR AY.117 OR AY.118 OR AY.119 OR AY.119.1 OR AY.119.2 OR AY.120 OR AY.120.1 OR AY.120.2 OR AY.120.2.1 OR AY.121 OR AY.121.1 OR AY.122 OR AY.122.1 OR AY.122.2 OR AY.122.3 OR AY.122.4 OR AY.122.5 OR AY.122.6 OR AY.123 OR AY.123.1 OR AY.124 OR AY.124.1 OR AY.124.1.1 OR AY.125 OR AY.125.1 OR AY.126 OR AY.127 OR AY.127.1 OR AY.127.2 OR AY.127.3 OR AY.128 OR AY.129 OR AY.130 OR AY.131 OR AY.132 OR AY.133 OR AY.134 OR B.1.617.2,Delta,1.85714285714286,0,0
2022-05-05,23,0,9.33333333333333,0,0,5.3064053418493e-05,0.237610098632903,AY.1 OR AY.2 OR AY.3 OR AY.3.1 OR AY.3.2 OR AY.3.3 OR AY.3.4 OR AY.4 OR AY.4.1 OR AY.4.2 OR AY.4.2.1 OR AY.4.2.2 OR AY.4.2.3 OR AY.4.2.4 OR AY.4.2.5 OR AY.4.3 OR AY.4.4 OR AY.4.5 OR AY.4.6 OR AY.4.7 OR AY.4.8 OR AY.4.9 OR AY.4.10 OR AY.4.11 OR AY.4.12 OR AY.4.13 OR AY.4.14 OR AY.4.15 OR AY.4.16 OR AY.4.17 OR AY.5 OR AY.5.1 OR AY.5.2 OR AY.5.3 OR AY.5.4 OR AY.5.5 OR AY.5.6 OR AY.5.7 OR AY.6 OR AY.7 OR AY.7.1 OR AY.7.2 OR AY.8 OR AY.9 OR AY.9.2 OR AY.9.2.1 OR AY.9.2.2 OR AY.10 OR AY.11 OR AY.13 OR AY.14 OR AY.15 OR AY.16 OR AY.16.1 OR AY.17 OR AY.18 OR AY.19 OR AY.20 OR AY.20.1 OR AY.21 OR AY.22 OR AY.23 OR AY.23.1 OR AY.23.2 OR AY.24 OR AY.24.1 OR AY.25 OR AY.25.1 OR AY.25.1.1 OR AY.25.1.2 OR AY.25.2 OR AY.25.3 OR AY.26 OR AY.26.1 OR AY.27 OR AY.28 OR AY.29 OR AY.29.1 OR AY.29.2 OR AY.30 OR AY.31 OR AY.32 OR AY.33 OR AY.33.1 OR AY.33.2 OR AY.34 OR AY.34.1 OR AY.34.1.1 OR AY.34.2 OR AY.35 OR AY.36 OR AY.36.1 OR AY.37 OR AY.38 OR AY.39 OR AY.39.1 OR AY.39.1.1 OR AY.39.1.2 OR AY.39.1.3 OR AY.39.1.4 OR AY.39.2 OR AY.39.3 OR AY.40 OR AY.41 OR AY.42 OR AY.42.1 OR AY.43 OR AY.43.1 OR AY.43.2 OR AY.43.3 OR AY.43.4 OR AY.43.5 OR AY.43.6 OR AY.43.7 OR AY.43.8 OR AY.43.9 OR AY.44 OR AY.45 OR AY.46 OR AY.46.1 OR AY.46.2 OR AY.46.3 OR AY.46.4 OR AY.46.5 OR AY.46.6 OR AY.46.6.1 OR AY.47 OR AY.48 OR AY.49 OR AY.50 OR AY.51 OR AY.52 OR AY.53 OR AY.54 OR AY.55 OR AY.56 OR AY.57 OR AY.58 OR AY.59 OR AY.60 OR AY.61 OR AY.62 OR AY.63 OR AY.64 OR AY.65 OR AY.66 OR AY.67 OR AY.68 OR AY.69 OR AY.70 OR AY.71 OR AY.72 OR AY.73 OR AY.74 OR AY.75 OR AY.75.2 OR AY.75.3 OR AY.76 OR AY.77 OR AY.78 OR AY.79 OR AY.80 OR AY.81 OR AY.82 OR AY.83 OR AY.84 OR AY.85 OR AY.86 OR AY.87 OR AY.88 OR AY.90 OR AY.91 OR AY.91.1 OR AY.92 OR AY.93 OR AY.94 OR AY.95 OR AY.98 OR AY.98.1 OR AY.98.1.1 OR AY.99 OR AY.99.1 OR AY.99.2 OR AY.100 OR AY.101 OR AY.102 OR AY.102.1 OR AY.102.2 OR AY.103 OR AY.103.1 OR AY.103.2 OR AY.104 OR AY.105 OR AY.106 OR AY.107 OR AY.108 OR AY.109 OR AY.110 OR AY.111 OR AY.112 OR AY.112.1 OR AY.112.2 OR AY.112.3 OR AY.113 OR AY.114 OR AY.116 OR AY.116.1 OR AY.117 OR AY.118 OR AY.119 OR AY.119.1 OR AY.119.2 OR AY.120 OR AY.120.1 OR AY.120.2 OR AY.120.2.1 OR AY.121 OR AY.121.1 OR AY.122 OR AY.122.1 OR AY.122.2 OR AY.122.3 OR AY.122.4 OR AY.122.5 OR AY.122.6 OR AY.123 OR AY.123.1 OR AY.124 OR AY.124.1 OR AY.124.1.1 OR AY.125 OR AY.125.1 OR AY.126 OR AY.127 OR AY.127.1 OR AY.127.2 OR AY.127.3 OR AY.128 OR AY.129 OR AY.130 OR AY.131 OR AY.132 OR AY.133 OR AY.134 OR B.1.617.2,Delta,3.42857142857143,0,0
2022-05-06,3,0,7.75,0,0,5.94903028944023e-05,0.262217248717186,AY.1 OR AY.2 OR AY.3 OR AY.3.1 OR AY.3.2 OR AY.3.3 OR AY.3.4 OR AY.4 OR AY.4.1 OR AY.4.2 OR AY.4.2.1 OR AY.4.2.2 OR AY.4.2.3 OR AY.4.2.4 OR AY.4.2.5 OR AY.4.3 OR AY.4.4 OR AY.4.5 OR AY.4.6 OR AY.4.7 OR AY.4.8 OR AY.4.9 OR AY.4.10 OR AY.4.11 OR AY.4.12 OR AY.4.13 OR AY.4.14 OR AY.4.15 OR AY.4.16 OR AY.4.17 OR AY.5 OR AY.5.1 OR AY.5.2 OR AY.5.3 OR AY.5.4 OR AY.5.5 OR AY.5.6 OR AY.5.7 OR AY.6 OR AY.7 OR AY.7.1 OR AY.7.2 OR AY.8 OR AY.9 OR AY.9.2 OR AY.9.2.1 OR AY.9.2.2 OR AY.10 OR AY.11 OR AY.13 OR AY.14 OR AY.15 OR AY.16 OR AY.16.1 OR AY.17 OR AY.18 OR AY.19 OR AY.20 OR AY.20.1 OR AY.21 OR AY.22 OR AY.23 OR AY.23.1 OR AY.23.2 OR AY.24 OR AY.24.1 OR AY.25 OR AY.25.1 OR AY.25.1.1 OR AY.25.1.2 OR AY.25.2 OR AY.25.3 OR AY.26 OR AY.26.1 OR AY.27 OR AY.28 OR AY.29 OR AY.29.1 OR AY.29.2 OR AY.30 OR AY.31 OR AY.32 OR AY.33 OR AY.33.1 OR AY.33.2 OR AY.34 OR AY.34.1 OR AY.34.1.1 OR AY.34.2 OR AY.35 OR AY.36 OR AY.36.1 OR AY.37 OR AY.38 OR AY.39 OR AY.39.1 OR AY.39.1.1 OR AY.39.1.2 OR AY.39.1.3 OR AY.39.1.4 OR AY.39.2 OR AY.39.3 OR AY.40 OR AY.41 OR AY.42 OR AY.42.1 OR AY.43 OR AY.43.1 OR AY.43.2 OR AY.43.3 OR AY.43.4 OR AY.43.5 OR AY.43.6 OR AY.43.7 OR AY.43.8 OR AY.43.9 OR AY.44 OR AY.45 OR AY.46 OR AY.46.1 OR AY.46.2 OR AY.46.3 OR AY.46.4 OR AY.46.5 OR AY.46.6 OR AY.46.6.1 OR AY.47 OR AY.48 OR AY.49 OR AY.50 OR AY.51 OR AY.52 OR AY.53 OR AY.54 OR AY.55 OR AY.56 OR AY.57 OR AY.58 OR AY.59 OR AY.60 OR AY.61 OR AY.62 OR AY.63 OR AY.64 OR AY.65 OR AY.66 OR AY.67 OR AY.68 OR AY.69 OR AY.70 OR AY.71 OR AY.72 OR AY.73 OR AY.74 OR AY.75 OR AY.75.2 OR AY.75.3 OR AY.76 OR AY.77 OR AY.78 OR AY.79 OR AY.80 OR AY.81 OR AY.82 OR AY.83 OR AY.84 OR AY.85 OR AY.86 OR AY.87 OR AY.88 OR AY.90 OR AY.91 OR AY.91.1 OR AY.92 OR AY.93 OR AY.94 OR AY.95 OR AY.98 OR AY.98.1 OR AY.98.1.1 OR AY.99 OR AY.99.1 OR AY.99.2 OR AY.100 OR AY.101 OR AY.102 OR AY.102.1 OR AY.102.2 OR AY.103 OR AY.103.1 OR AY.103.2 OR AY.104 OR AY.105 OR AY.106 OR AY.107 OR AY.108 OR AY.109 OR AY.110 OR AY.111 OR AY.112 OR AY.112.1 OR AY.112.2 OR AY.112.3 OR AY.113 OR AY.114 OR AY.116 OR AY.116.1 OR AY.117 OR AY.118 OR AY.119 OR AY.119.1 OR AY.119.2 OR AY.120 OR AY.120.1 OR AY.120.2 OR AY.120.2.1 OR AY.121 OR AY.121.1 OR AY.122 OR AY.122.1 OR AY.122.2 OR AY.122.3 OR AY.122.4 OR AY.122.5 OR AY.122.6 OR AY.123 OR AY.123.1 OR AY.124 OR AY.124.1 OR AY.124.1.1 OR AY.125 OR AY.125.1 OR AY.126 OR AY.127 OR AY.127.1 OR AY.127.2 OR AY.127.3 OR AY.128 OR AY.129 OR AY.130 OR AY.131 OR AY.132 OR AY.133 OR AY.134 OR B.1.617.2,Delta,3.42857142857143,0,0
2022-05-07,2,0,6.6,0,0,6.76864642438304e-05,0.29243617366231,AY.1 OR AY.2 OR AY.3 OR AY.3.1 OR AY.3.2 OR AY.3.3 OR AY.3.4 OR AY.4 OR AY.4.1 OR AY.4.2 OR AY.4.2.1 OR AY.4.2.2 OR AY.4.2.3 OR AY.4.2.4 OR AY.4.2.5 OR AY.4.3 OR AY.4.4 OR AY.4.5 OR AY.4.6 OR AY.4.7 OR AY.4.8 OR AY.4.9 OR AY.4.10 OR AY.4.11 OR AY.4.12 OR AY.4.13 OR AY.4.14 OR AY.4.15 OR AY.4.16 OR AY.4.17 OR AY.5 OR AY.5.1 OR AY.5.2 OR AY.5.3 OR AY.5.4 OR AY.5.5 OR AY.5.6 OR AY.5.7 OR AY.6 OR AY.7 OR AY.7.1 OR AY.7.2 OR AY.8 OR AY.9 OR AY.9.2 OR AY.9.2.1 OR AY.9.2.2 OR AY.10 OR AY.11 OR AY.13 OR AY.14 OR AY.15 OR AY.16 OR AY.16.1 OR AY.17 OR AY.18 OR AY.19 OR AY.20 OR AY.20.1 OR AY.21 OR AY.22 OR AY.23 OR AY.23.1 OR AY.23.2 OR AY.24 OR AY.24.1 OR AY.25 OR AY.25.1 OR AY.25.1.1 OR AY.25.1.2 OR AY.25.2 OR AY.25.3 OR AY.26 OR AY.26.1 OR AY.27 OR AY.28 OR AY.29 OR AY.29.1 OR AY.29.2 OR AY.30 OR AY.31 OR AY.32 OR AY.33 OR AY.33.1 OR AY.33.2 OR AY.34 OR AY.34.1 OR AY.34.1.1 OR AY.34.2 OR AY.35 OR AY.36 OR AY.36.1 OR AY.37 OR AY.38 OR AY.39 OR AY.39.1 OR AY.39.1.1 OR AY.39.1.2 OR AY.39.1.3 OR AY.39.1.4 OR AY.39.2 OR AY.39.3 OR AY.40 OR AY.41 OR AY.42 OR AY.42.1 OR AY.43 OR AY.43.1 OR AY.43.2 OR AY.43.3 OR AY.43.4 OR AY.43.5 OR AY.43.6 OR AY.43.7 OR AY.43.8 OR AY.43.9 OR AY.44 OR AY.45 OR AY.46 OR AY.46.1 OR AY.46.2 OR AY.46.3 OR AY.46.4 OR AY.46.5 OR AY.46.6 OR AY.46.6.1 OR AY.47 OR AY.48 OR AY.49 OR AY.50 OR AY.51 OR AY.52 OR AY.53 OR AY.54 OR AY.55 OR AY.56 OR AY.57 OR AY.58 OR AY.59 OR AY.60 OR AY.61 OR AY.62 OR AY.63 OR AY.64 OR AY.65 OR AY.66 OR AY.67 OR AY.68 OR AY.69 OR AY.70 OR AY.71 OR AY.72 OR AY.73 OR AY.74 OR AY.75 OR AY.75.2 OR AY.75.3 OR AY.76 OR AY.77 OR AY.78 OR AY.79 OR AY.80 OR AY.81 OR AY.82 OR AY.83 OR AY.84 OR AY.85 OR AY.86 OR AY.87 OR AY.88 OR AY.90 OR AY.91 OR AY.91.1 OR AY.92 OR AY.93 OR AY.94 OR AY.95 OR AY.98 OR AY.98.1 OR AY.98.1.1 OR AY.99 OR AY.99.1 OR AY.99.2 OR AY.100 OR AY.101 OR AY.102 OR AY.102.1 OR AY.102.2 OR AY.103 OR AY.103.1 OR AY.103.2 OR AY.104 OR AY.105 OR AY.106 OR AY.107 OR AY.108 OR AY.109 OR AY.110 OR AY.111 OR AY.112 OR AY.112.1 OR AY.112.2 OR AY.112.3 OR AY.113 OR AY.114 OR AY.116 OR AY.116.1 OR AY.117 OR AY.118 OR AY.119 OR AY.119.1 OR AY.119.2 OR AY.120 OR AY.120.1 OR AY.120.2 OR AY.120.2.1 OR AY.121 OR AY.121.1 OR AY.122 OR AY.122.1 OR AY.122.2 OR AY.122.3 OR AY.122.4 OR AY.122.5 OR AY.122.6 OR AY.123 OR AY.123.1 OR AY.124 OR AY.124.1 OR AY.124.1.1 OR AY.125 OR AY.125.1 OR AY.126 OR AY.127 OR AY.127.1 OR AY.127.2 OR AY.127.3 OR AY.128 OR AY.129 OR AY.130 OR AY.131 OR AY.132 OR AY.133 OR AY.134 OR B.1.617.2,Delta,3.5,0,0
2022-05-09,12,0,8.8,0,0,5.3064053418493e-05,0.237610098632903,AY.1 OR AY.2 OR AY.3 OR AY.3.1 OR AY.3.2 OR AY.3.3 OR AY.3.4 OR AY.4 OR AY.4.1 OR AY.4.2 OR AY.4.2.1 OR AY.4.2.2 OR AY.4.2.3 OR AY.4.2.4 OR AY.4.2.5 OR AY.4.3 OR AY.4.4 OR AY.4.5 OR AY.4.6 OR AY.4.7 OR AY.4.8 OR AY.4.9 OR AY.4.10 OR AY.4.11 OR AY.4.12 OR AY.4.13 OR AY.4.14 OR AY.4.15 OR AY.4.16 OR AY.4.17 OR AY.5 OR AY.5.1 OR AY.5.2 OR AY.5.3 OR AY.5.4 OR AY.5.5 OR AY.5.6 OR AY.5.7 OR AY.6 OR AY.7 OR AY.7.1 OR AY.7.2 OR AY.8 OR AY.9 OR AY.9.2 OR AY.9.2.1 OR AY.9.2.2 OR AY.10 OR AY.11 OR AY.13 OR AY.14 OR AY.15 OR AY.16 OR AY.16.1 OR AY.17 OR AY.18 OR AY.19 OR AY.20 OR AY.20.1 OR AY.21 OR AY.22 OR AY.23 OR AY.23.1 OR AY.23.2 OR AY.24 OR AY.24.1 OR AY.25 OR AY.25.1 OR AY.25.1.1 OR AY.25.1.2 OR AY.25.2 OR AY.25.3 OR AY.26 OR AY.26.1 OR AY.27 OR AY.28 OR AY.29 OR AY.29.1 OR AY.29.2 OR AY.30 OR AY.31 OR AY.32 OR AY.33 OR AY.33.1 OR AY.33.2 OR AY.34 OR AY.34.1 OR AY.34.1.1 OR AY.34.2 OR AY.35 OR AY.36 OR AY.36.1 OR AY.37 OR AY.38 OR AY.39 OR AY.39.1 OR AY.39.1.1 OR AY.39.1.2 OR AY.39.1.3 OR AY.39.1.4 OR AY.39.2 OR AY.39.3 OR AY.40 OR AY.41 OR AY.42 OR AY.42.1 OR AY.43 OR AY.43.1 OR AY.43.2 OR AY.43.3 OR AY.43.4 OR AY.43.5 OR AY.43.6 OR AY.43.7 OR AY.43.8 OR AY.43.9 OR AY.44 OR AY.45 OR AY.46 OR AY.46.1 OR AY.46.2 OR AY.46.3 OR AY.46.4 OR AY.46.5 OR AY.46.6 OR AY.46.6.1 OR AY.47 OR AY.48 OR AY.49 OR AY.50 OR AY.51 OR AY.52 OR AY.53 OR AY.54 OR AY.55 OR AY.56 OR AY.57 OR AY.58 OR AY.59 OR AY.60 OR AY.61 OR AY.62 OR AY.63 OR AY.64 OR AY.65 OR AY.66 OR AY.67 OR AY.68 OR AY.69 OR AY.70 OR AY.71 OR AY.72 OR AY.73 OR AY.74 OR AY.75 OR AY.75.2 OR AY.75.3 OR AY.76 OR AY.77 OR AY.78 OR AY.79 OR AY.80 OR AY.81 OR AY.82 OR AY.83 OR AY.84 OR AY.85 OR AY.86 OR AY.87 OR AY.88 OR AY.90 OR AY.91 OR AY.91.1 OR AY.92 OR AY.93 OR AY.94 OR AY.95 OR AY.98 OR AY.98.1 OR AY.98.1.1 OR AY.99 OR AY.99.1 OR AY.99.2 OR AY.100 OR AY.101 OR AY.102 OR AY.102.1 OR AY.102.2 OR AY.103 OR AY.103.1 OR AY.103.2 OR AY.104 OR AY.105 OR AY.106 OR AY.107 OR AY.108 OR AY.109 OR AY.110 OR AY.111 OR AY.112 OR AY.112.1 OR AY.112.2 OR AY.112.3 OR AY.113 OR AY.114 OR AY.116 OR AY.116.1 OR AY.117 OR AY.118 OR AY.119 OR AY.119.1 OR AY.119.2 OR AY.120 OR AY.120.1 OR AY.120.2 OR AY.120.2.1 OR AY.121 OR AY.121.1 OR AY.122 OR AY.122.1 OR AY.122.2 OR AY.122.3 OR AY.122.4 OR AY.122.5 OR AY.122.6 OR AY.123 OR AY.123.1 OR AY.124 OR AY.124.1 OR AY.124.1.1 OR AY.125 OR AY.125.1 OR AY.126 OR AY.127 OR AY.127.1 OR AY.127.2 OR AY.127.3 OR AY.128 OR AY.129 OR AY.130 OR AY.131 OR AY.132 OR AY.133 OR AY.134 OR B.1.617.2,Delta,4.07142857142857,0,0
2022-05-10,11,0,9.16666666666667,0,0,5.3064053418493e-05,0.237610098632903,AY.1 OR AY.2 OR AY.3 OR AY.3.1 OR AY.3.2 OR AY.3.3 OR AY.3.4 OR AY.4 OR AY.4.1 OR AY.4.2 OR AY.4.2.1 OR AY.4.2.2 OR AY.4.2.3 OR AY.4.2.4 OR AY.4.2.5 OR AY.4.3 OR AY.4.4 OR AY.4.5 OR AY.4.6 OR AY.4.7 OR AY.4.8 OR AY.4.9 OR AY.4.10 OR AY.4.11 OR AY.4.12 OR AY.4.13 OR AY.4.14 OR AY.4.15 OR AY.4.16 OR AY.4.17 OR AY.5 OR AY.5.1 OR AY.5.2 OR AY.5.3 OR AY.5.4 OR AY.5.5 OR AY.5.6 OR AY.5.7 OR AY.6 OR AY.7 OR AY.7.1 OR AY.7.2 OR AY.8 OR AY.9 OR AY.9.2 OR AY.9.2.1 OR AY.9.2.2 OR AY.10 OR AY.11 OR AY.13 OR AY.14 OR AY.15 OR AY.16 OR AY.16.1 OR AY.17 OR AY.18 OR AY.19 OR AY.20 OR AY.20.1 OR AY.21 OR AY.22 OR AY.23 OR AY.23.1 OR AY.23.2 OR AY.24 OR AY.24.1 OR AY.25 OR AY.25.1 OR AY.25.1.1 OR AY.25.1.2 OR AY.25.2 OR AY.25.3 OR AY.26 OR AY.26.1 OR AY.27 OR AY.28 OR AY.29 OR AY.29.1 OR AY.29.2 OR AY.30 OR AY.31 OR AY.32 OR AY.33 OR AY.33.1 OR AY.33.2 OR AY.34 OR AY.34.1 OR AY.34.1.1 OR AY.34.2 OR AY.35 OR AY.36 OR AY.36.1 OR AY.37 OR AY.38 OR AY.39 OR AY.39.1 OR AY.39.1.1 OR AY.39.1.2 OR AY.39.1.3 OR AY.39.1.4 OR AY.39.2 OR AY.39.3 OR AY.40 OR AY.41 OR AY.42 OR AY.42.1 OR AY.43 OR AY.43.1 OR AY.43.2 OR AY.43.3 OR AY.43.4 OR AY.43.5 OR AY.43.6 OR AY.43.7 OR AY.43.8 OR AY.43.9 OR AY.44 OR AY.45 OR AY.46 OR AY.46.1 OR AY.46.2 OR AY.46.3 OR AY.46.4 OR AY.46.5 OR AY.46.6 OR AY.46.6.1 OR AY.47 OR AY.48 OR AY.49 OR AY.50 OR AY.51 OR AY.52 OR AY.53 OR AY.54 OR AY.55 OR AY.56 OR AY.57 OR AY.58 OR AY.59 OR AY.60 OR AY.61 OR AY.62 OR AY.63 OR AY.64 OR AY.65 OR AY.66 OR AY.67 OR AY.68 OR AY.69 OR AY.70 OR AY.71 OR AY.72 OR AY.73 OR AY.74 OR AY.75 OR AY.75.2 OR AY.75.3 OR AY.76 OR AY.77 OR AY.78 OR AY.79 OR AY.80 OR AY.81 OR AY.82 OR AY.83 OR AY.84 OR AY.85 OR AY.86 OR AY.87 OR AY.88 OR AY.90 OR AY.91 OR AY.91.1 OR AY.92 OR AY.93 OR AY.94 OR AY.95 OR AY.98 OR AY.98.1 OR AY.98.1.1 OR AY.99 OR AY.99.1 OR AY.99.2 OR AY.100 OR AY.101 OR AY.102 OR AY.102.1 OR AY.102.2 OR AY.103 OR AY.103.1 OR AY.103.2 OR AY.104 OR AY.105 OR AY.106 OR AY.107 OR AY.108 OR AY.109 OR AY.110 OR AY.111 OR AY.112 OR AY.112.1 OR AY.112.2 OR AY.112.3 OR AY.113 OR AY.114 OR AY.116 OR AY.116.1 OR AY.117 OR AY.118 OR AY.119 OR AY.119.1 OR AY.119.2 OR AY.120 OR AY.120.1 OR AY.120.2 OR AY.120.2.1 OR AY.121 OR AY.121.1 OR AY.122 OR AY.122.1 OR AY.122.2 OR AY.122.3 OR AY.122.4 OR AY.122.5 OR AY.122.6 OR AY.123 OR AY.123.1 OR AY.124 OR AY.124.1 OR AY.124.1.1 OR AY.125 OR AY.125.1 OR AY.126 OR AY.127 OR AY.127.1 OR AY.127.2 OR AY.127.3 OR AY.128 OR AY.129 OR AY.130 OR AY.131 OR AY.132 OR AY.133 OR AY.134 OR B.1.617.2,Delta,4.78571428571429,0,0
2022-05-11,9,0,10,0,0,4.7890433157582e-05,0.217196267509211,AY.1 OR AY.2 OR AY.3 OR AY.3.1 OR AY.3.2 OR AY.3.3 OR AY.3.4 OR AY.4 OR AY.4.1 OR AY.4.2 OR AY.4.2.1 OR AY.4.2.2 OR AY.4.2.3 OR AY.4.2.4 OR AY.4.2.5 OR AY.4.3 OR AY.4.4 OR AY.4.5 OR AY.4.6 OR AY.4.7 OR AY.4.8 OR AY.4.9 OR AY.4.10 OR AY.4.11 OR AY.4.12 OR AY.4.13 OR AY.4.14 OR AY.4.15 OR AY.4.16 OR AY.4.17 OR AY.5 OR AY.5.1 OR AY.5.2 OR AY.5.3 OR AY.5.4 OR AY.5.5 OR AY.5.6 OR AY.5.7 OR AY.6 OR AY.7 OR AY.7.1 OR AY.7.2 OR AY.8 OR AY.9 OR AY.9.2 OR AY.9.2.1 OR AY.9.2.2 OR AY.10 OR AY.11 OR AY.13 OR AY.14 OR AY.15 OR AY.16 OR AY.16.1 OR AY.17 OR AY.18 OR AY.19 OR AY.20 OR AY.20.1 OR AY.21 OR AY.22 OR AY.23 OR AY.23.1 OR AY.23.2 OR AY.24 OR AY.24.1 OR AY.25 OR AY.25.1 OR AY.25.1.1 OR AY.25.1.2 OR AY.25.2 OR AY.25.3 OR AY.26 OR AY.26.1 OR AY.27 OR AY.28 OR AY.29 OR AY.29.1 OR AY.29.2 OR AY.30 OR AY.31 OR AY.32 OR AY.33 OR AY.33.1 OR AY.33.2 OR AY.34 OR AY.34.1 OR AY.34.1.1 OR AY.34.2 OR AY.35 OR AY.36 OR AY.36.1 OR AY.37 OR AY.38 OR AY.39 OR AY.39.1 OR AY.39.1.1 OR AY.39.1.2 OR AY.39.1.3 OR AY.39.1.4 OR AY.39.2 OR AY.39.3 OR AY.40 OR AY.41 OR AY.42 OR AY.42.1 OR AY.43 OR AY.43.1 OR AY.43.2 OR AY.43.3 OR AY.43.4 OR AY.43.5 OR AY.43.6 OR AY.43.7 OR AY.43.8 OR AY.43.9 OR AY.44 OR AY.45 OR AY.46 OR AY.46.1 OR AY.46.2 OR AY.46.3 OR AY.46.4 OR AY.46.5 OR AY.46.6 OR AY.46.6.1 OR AY.47 OR AY.48 OR AY.49 OR AY.50 OR AY.51 OR AY.52 OR AY.53 OR AY.54 OR AY.55 OR AY.56 OR AY.57 OR AY.58 OR AY.59 OR AY.60 OR AY.61 OR AY.62 OR AY.63 OR AY.64 OR AY.65 OR AY.66 OR AY.67 OR AY.68 OR AY.69 OR AY.70 OR AY.71 OR AY.72 OR AY.73 OR AY.74 OR AY.75 OR AY.75.2 OR AY.75.3 OR AY.76 OR AY.77 OR AY.78 OR AY.79 OR AY.80 OR AY.81 OR AY.82 OR AY.83 OR AY.84 OR AY.85 OR AY.86 OR AY.87 OR AY.88 OR AY.90 OR AY.91 OR AY.91.1 OR AY.92 OR AY.93 OR AY.94 OR AY.95 OR AY.98 OR AY.98.1 OR AY.98.1.1 OR AY.99 OR AY.99.1 OR AY.99.2 OR AY.100 OR AY.101 OR AY.102 OR AY.102.1 OR AY.102.2 OR AY.103 OR AY.103.1 OR AY.103.2 OR AY.104 OR AY.105 OR AY.106 OR AY.107 OR AY.108 OR AY.109 OR AY.110 OR AY.111 OR AY.112 OR AY.112.1 OR AY.112.2 OR AY.112.3 OR AY.113 OR AY.114 OR AY.116 OR AY.116.1 OR AY.117 OR AY.118 OR AY.119 OR AY.119.1 OR AY.119.2 OR AY.120 OR AY.120.1 OR AY.120.2 OR AY.120.2.1 OR AY.121 OR AY.121.1 OR AY.122 OR AY.122.1 OR AY.122.2 OR AY.122.3 OR AY.122.4 OR AY.122.5 OR AY.122.6 OR AY.123 OR AY.123.1 OR AY.124 OR AY.124.1 OR AY.124.1.1 OR AY.125 OR AY.125.1 OR AY.126 OR AY.127 OR AY.127.1 OR AY.127.2 OR AY.127.3 OR AY.128 OR AY.129 OR AY.130 OR AY.131 OR AY.132 OR AY.133 OR AY.134 OR B.1.617.2,Delta,5.35714285714286,0,0
2022-05-12,1,0,6.33333333333333,0,0,7.84998483662082e-05,0.33038890915155,AY.1 OR AY.2 OR AY.3 OR AY.3.1 OR AY.3.2 OR AY.3.3 OR AY.3.4 OR AY.4 OR AY.4.1 OR AY.4.2 OR AY.4.2.1 OR AY.4.2.2 OR AY.4.2.3 OR AY.4.2.4 OR AY.4.2.5 OR AY.4.3 OR AY.4.4 OR AY.4.5 OR AY.4.6 OR AY.4.7 OR AY.4.8 OR AY.4.9 OR AY.4.10 OR AY.4.11 OR AY.4.12 OR AY.4.13 OR AY.4.14 OR AY.4.15 OR AY.4.16 OR AY.4.17 OR AY.5 OR AY.5.1 OR AY.5.2 OR AY.5.3 OR AY.5.4 OR AY.5.5 OR AY.5.6 OR AY.5.7 OR AY.6 OR AY.7 OR AY.7.1 OR AY.7.2 OR AY.8 OR AY.9 OR AY.9.2 OR AY.9.2.1 OR AY.9.2.2 OR AY.10 OR AY.11 OR AY.13 OR AY.14 OR AY.15 OR AY.16 OR AY.16.1 OR AY.17 OR AY.18 OR AY.19 OR AY.20 OR AY.20.1 OR AY.21 OR AY.22 OR AY.23 OR AY.23.1 OR AY.23.2 OR AY.24 OR AY.24.1 OR AY.25 OR AY.25.1 OR AY.25.1.1 OR AY.25.1.2 OR AY.25.2 OR AY.25.3 OR AY.26 OR AY.26.1 OR AY.27 OR AY.28 OR AY.29 OR AY.29.1 OR AY.29.2 OR AY.30 OR AY.31 OR AY.32 OR AY.33 OR AY.33.1 OR AY.33.2 OR AY.34 OR AY.34.1 OR AY.34.1.1 OR AY.34.2 OR AY.35 OR AY.36 OR AY.36.1 OR AY.37 OR AY.38 OR AY.39 OR AY.39.1 OR AY.39.1.1 OR AY.39.1.2 OR AY.39.1.3 OR AY.39.1.4 OR AY.39.2 OR AY.39.3 OR AY.40 OR AY.41 OR AY.42 OR AY.42.1 OR AY.43 OR AY.43.1 OR AY.43.2 OR AY.43.3 OR AY.43.4 OR AY.43.5 OR AY.43.6 OR AY.43.7 OR AY.43.8 OR AY.43.9 OR AY.44 OR AY.45 OR AY.46 OR AY.46.1 OR AY.46.2 OR AY.46.3 OR AY.46.4 OR AY.46.5 OR AY.46.6 OR AY.46.6.1 OR AY.47 OR AY.48 OR AY.49 OR AY.50 OR AY.51 OR AY.52 OR AY.53 OR AY.54 OR AY.55 OR AY.56 OR AY.57 OR AY.58 OR AY.59 OR AY.60 OR AY.61 OR AY.62 OR AY.63 OR AY.64 OR AY.65 OR AY.66 OR AY.67 OR AY.68 OR AY.69 OR AY.70 OR AY.71 OR AY.72 OR AY.73 OR AY.74 OR AY.75 OR AY.75.2 OR AY.75.3 OR AY.76 OR AY.77 OR AY.78 OR AY.79 OR AY.80 OR AY.81 OR AY.82 OR AY.83 OR AY.84 OR AY.85 OR AY.86 OR AY.87 OR AY.88 OR AY.90 OR AY.91 OR AY.91.1 OR AY.92 OR AY.93 OR AY.94 OR AY.95 OR AY.98 OR AY.98.1 OR AY.98.1.1 OR AY.99 OR AY.99.1 OR AY.99.2 OR AY.100 OR AY.101 OR AY.102 OR AY.102.1 OR AY.102.2 OR AY.103 OR AY.103.1 OR AY.103.2 OR AY.104 OR AY.105 OR AY.106 OR AY.107 OR AY.108 OR AY.109 OR AY.110 OR AY.111 OR AY.112 OR AY.112.1 OR AY.112.2 OR AY.112.3 OR AY.113 OR AY.114 OR AY.116 OR AY.116.1 OR AY.117 OR AY.118 OR AY.119 OR AY.119.1 OR AY.119.2 OR AY.120 OR AY.120.1 OR AY.120.2 OR AY.120.2.1 OR AY.121 OR AY.121.1 OR AY.122 OR AY.122.1 OR AY.122.2 OR AY.122.3 OR AY.122.4 OR AY.122.5 OR AY.122.6 OR AY.123 OR AY.123.1 OR AY.124 OR AY.124.1 OR AY.124.1.1 OR AY.125 OR AY.125.1 OR AY.126 OR AY.127 OR AY.127.1 OR AY.127.2 OR AY.127.3 OR AY.128 OR AY.129 OR AY.130 OR AY.131 OR AY.132 OR AY.133 OR AY.134 OR B.1.617.2,Delta,5.35714285714286,0,0
2022-05-13,11,0,7.66666666666667,0,0,5.94903028944023e-05,0.262217248717186,AY.1 OR AY.2 OR AY.3 OR AY.3.1 OR AY.3.2 OR AY.3.3 OR AY.3.4 OR AY.4 OR AY.4.1 OR AY.4.2 OR AY.4.2.1 OR AY.4.2.2 OR AY.4.2.3 OR AY.4.2.4 OR AY.4.2.5 OR AY.4.3 OR AY.4.4 OR AY.4.5 OR AY.4.6 OR AY.4.7 OR AY.4.8 OR AY.4.9 OR AY.4.10 OR AY.4.11 OR AY.4.12 OR AY.4.13 OR AY.4.14 OR AY.4.15 OR AY.4.16 OR AY.4.17 OR AY.5 OR AY.5.1 OR AY.5.2 OR AY.5.3 OR AY.5.4 OR AY.5.5 OR AY.5.6 OR AY.5.7 OR AY.6 OR AY.7 OR AY.7.1 OR AY.7.2 OR AY.8 OR AY.9 OR AY.9.2 OR AY.9.2.1 OR AY.9.2.2 OR AY.10 OR AY.11 OR AY.13 OR AY.14 OR AY.15 OR AY.16 OR AY.16.1 OR AY.17 OR AY.18 OR AY.19 OR AY.20 OR AY.20.1 OR AY.21 OR AY.22 OR AY.23 OR AY.23.1 OR AY.23.2 OR AY.24 OR AY.24.1 OR AY.25 OR AY.25.1 OR AY.25.1.1 OR AY.25.1.2 OR AY.25.2 OR AY.25.3 OR AY.26 OR AY.26.1 OR AY.27 OR AY.28 OR AY.29 OR AY.29.1 OR AY.29.2 OR AY.30 OR AY.31 OR AY.32 OR AY.33 OR AY.33.1 OR AY.33.2 OR AY.34 OR AY.34.1 OR AY.34.1.1 OR AY.34.2 OR AY.35 OR AY.36 OR AY.36.1 OR AY.37 OR AY.38 OR AY.39 OR AY.39.1 OR AY.39.1.1 OR AY.39.1.2 OR AY.39.1.3 OR AY.39.1.4 OR AY.39.2 OR AY.39.3 OR AY.40 OR AY.41 OR AY.42 OR AY.42.1 OR AY.43 OR AY.43.1 OR AY.43.2 OR AY.43.3 OR AY.43.4 OR AY.43.5 OR AY.43.6 OR AY.43.7 OR AY.43.8 OR AY.43.9 OR AY.44 OR AY.45 OR AY.46 OR AY.46.1 OR AY.46.2 OR AY.46.3 OR AY.46.4 OR AY.46.5 OR AY.46.6 OR AY.46.6.1 OR AY.47 OR AY.48 OR AY.49 OR AY.50 OR AY.51 OR AY.52 OR AY.53 OR AY.54 OR AY.55 OR AY.56 OR AY.57 OR AY.58 OR AY.59 OR AY.60 OR AY.61 OR AY.62 OR AY.63 OR AY.64 OR AY.65 OR AY.66 OR AY.67 OR AY.68 OR AY.69 OR AY.70 OR AY.71 OR AY.72 OR AY.73 OR AY.74 OR AY.75 OR AY.75.2 OR AY.75.3 OR AY.76 OR AY.77 OR AY.78 OR AY.79 OR AY.80 OR AY.81 OR AY.82 OR AY.83 OR AY.84 OR AY.85 OR AY.86 OR AY.87 OR AY.88 OR AY.90 OR AY.91 OR AY.91.1 OR AY.92 OR AY.93 OR AY.94 OR AY.95 OR AY.98 OR AY.98.1 OR AY.98.1.1 OR AY.99 OR AY.99.1 OR AY.99.2 OR AY.100 OR AY.101 OR AY.102 OR AY.102.1 OR AY.102.2 OR AY.103 OR AY.103.1 OR AY.103.2 OR AY.104 OR AY.105 OR AY.106 OR AY.107 OR AY.108 OR AY.109 OR AY.110 OR AY.111 OR AY.112 OR AY.112.1 OR AY.112.2 OR AY.112.3 OR AY.113 OR AY.114 OR AY.116 OR AY.116.1 OR AY.117 OR AY.118 OR AY.119 OR AY.119.1 OR AY.119.2 OR AY.120 OR AY.120.1 OR AY.120.2 OR AY.120.2.1 OR AY.121 OR AY.121.1 OR AY.122 OR AY.122.1 OR AY.122.2 OR AY.122.3 OR AY.122.4 OR AY.122.5 OR AY.122.6 OR AY.123 OR AY.123.1 OR AY.124 OR AY.124.1 OR AY.124.1.1 OR AY.125 OR AY.125.1 OR AY.126 OR AY.127 OR AY.127.1 OR AY.127.2 OR AY.127.3 OR AY.128 OR AY.129 OR AY.130 OR AY.131 OR AY.132 OR AY.133 OR AY.134 OR B.1.617.2,Delta,5.92857142857143,0,0
2022-05-14,4,0,8,0,0,5.94903028944023e-05,0.262217248717186,AY.1 OR AY.2 OR AY.3 OR AY.3.1 OR AY.3.2 OR AY.3.3 OR AY.3.4 OR AY.4 OR AY.4.1 OR AY.4.2 OR AY.4.2.1 OR AY.4.2.2 OR AY.4.2.3 OR AY.4.2.4 OR AY.4.2.5 OR AY.4.3 OR AY.4.4 OR AY.4.5 OR AY.4.6 OR AY.4.7 OR AY.4.8 OR AY.4.9 OR AY.4.10 OR AY.4.11 OR AY.4.12 OR AY.4.13 OR AY.4.14 OR AY.4.15 OR AY.4.16 OR AY.4.17 OR AY.5 OR AY.5.1 OR AY.5.2 OR AY.5.3 OR AY.5.4 OR AY.5.5 OR AY.5.6 OR AY.5.7 OR AY.6 OR AY.7 OR AY.7.1 OR AY.7.2 OR AY.8 OR AY.9 OR AY.9.2 OR AY.9.2.1 OR AY.9.2.2 OR AY.10 OR AY.11 OR AY.13 OR AY.14 OR AY.15 OR AY.16 OR AY.16.1 OR AY.17 OR AY.18 OR AY.19 OR AY.20 OR AY.20.1 OR AY.21 OR AY.22 OR AY.23 OR AY.23.1 OR AY.23.2 OR AY.24 OR AY.24.1 OR AY.25 OR AY.25.1 OR AY.25.1.1 OR AY.25.1.2 OR AY.25.2 OR AY.25.3 OR AY.26 OR AY.26.1 OR AY.27 OR AY.28 OR AY.29 OR AY.29.1 OR AY.29.2 OR AY.30 OR AY.31 OR AY.32 OR AY.33 OR AY.33.1 OR AY.33.2 OR AY.34 OR AY.34.1 OR AY.34.1.1 OR AY.34.2 OR AY.35 OR AY.36 OR AY.36.1 OR AY.37 OR AY.38 OR AY.39 OR AY.39.1 OR AY.39.1.1 OR AY.39.1.2 OR AY.39.1.3 OR AY.39.1.4 OR AY.39.2 OR AY.39.3 OR AY.40 OR AY.41 OR AY.42 OR AY.42.1 OR AY.43 OR AY.43.1 OR AY.43.2 OR AY.43.3 OR AY.43.4 OR AY.43.5 OR AY.43.6 OR AY.43.7 OR AY.43.8 OR AY.43.9 OR AY.44 OR AY.45 OR AY.46 OR AY.46.1 OR AY.46.2 OR AY.46.3 OR AY.46.4 OR AY.46.5 OR AY.46.6 OR AY.46.6.1 OR AY.47 OR AY.48 OR AY.49 OR AY.50 OR AY.51 OR AY.52 OR AY.53 OR AY.54 OR AY.55 OR AY.56 OR AY.57 OR AY.58 OR AY.59 OR AY.60 OR AY.61 OR AY.62 OR AY.63 OR AY.64 OR AY.65 OR AY.66 OR AY.67 OR AY.68 OR AY.69 OR AY.70 OR AY.71 OR AY.72 OR AY.73 OR AY.74 OR AY.75 OR AY.75.2 OR AY.75.3 OR AY.76 OR AY.77 OR AY.78 OR AY.79 OR AY.80 OR AY.81 OR AY.82 OR AY.83 OR AY.84 OR AY.85 OR AY.86 OR AY.87 OR AY.88 OR AY.90 OR AY.91 OR AY.91.1 OR AY.92 OR AY.93 OR AY.94 OR AY.95 OR AY.98 OR AY.98.1 OR AY.98.1.1 OR AY.99 OR AY.99.1 OR AY.99.2 OR AY.100 OR AY.101 OR AY.102 OR AY.102.1 OR AY.102.2 OR AY.103 OR AY.103.1 OR AY.103.2 OR AY.104 OR AY.105 OR AY.106 OR AY.107 OR AY.108 OR AY.109 OR AY.110 OR AY.111 OR AY.112 OR AY.112.1 OR AY.112.2 OR AY.112.3 OR AY.113 OR AY.114 OR AY.116 OR AY.116.1 OR AY.117 OR AY.118 OR AY.119 OR AY.119.1 OR AY.119.2 OR AY.120 OR AY.120.1 OR AY.120.2 OR AY.120.2.1 OR AY.121 OR AY.121.1 OR AY.122 OR AY.122.1 OR AY.122.2 OR AY.122.3 OR AY.122.4 OR AY.122.5 OR AY.122.6 OR AY.123 OR AY.123.1 OR AY.124 OR AY.124.1 OR AY.124.1.1 OR AY.125 OR AY.125.1 OR AY.126 OR AY.127 OR AY.127.1 OR AY.127.2 OR AY.127.3 OR AY.128 OR AY.129 OR AY.130 OR AY.131 OR AY.132 OR AY.133 OR AY.134 OR B.1.617.2,Delta,6.14285714285714,0,0
2022-05-15,9,0,8.14285714285714,0,0,5.94903028944023e-05,0.262217248717186,AY.1 OR AY.2 OR AY.3 OR AY.3.1 OR AY.3.2 OR AY.3.3 OR AY.3.4 OR AY.4 OR AY.4.1 OR AY.4.2 OR AY.4.2.1 OR AY.4.2.2 OR AY.4.2.3 OR AY.4.2.4 OR AY.4.2.5 OR AY.4.3 OR AY.4.4 OR AY.4.5 OR AY.4.6 OR AY.4.7 OR AY.4.8 OR AY.4.9 OR AY.4.10 OR AY.4.11 OR AY.4.12 OR AY.4.13 OR AY.4.14 OR AY.4.15 OR AY.4.16 OR AY.4.17 OR AY.5 OR AY.5.1 OR AY.5.2 OR AY.5.3 OR AY.5.4 OR AY.5.5 OR AY.5.6 OR AY.5.7 OR AY.6 OR AY.7 OR AY.7.1 OR AY.7.2 OR AY.8 OR AY.9 OR AY.9.2 OR AY.9.2.1 OR AY.9.2.2 OR AY.10 OR AY.11 OR AY.13 OR AY.14 OR AY.15 OR AY.16 OR AY.16.1 OR AY.17 OR AY.18 OR AY.19 OR AY.20 OR AY.20.1 OR AY.21 OR AY.22 OR AY.23 OR AY.23.1 OR AY.23.2 OR AY.24 OR AY.24.1 OR AY.25 OR AY.25.1 OR AY.25.1.1 OR AY.25.1.2 OR AY.25.2 OR AY.25.3 OR AY.26 OR AY.26.1 OR AY.27 OR AY.28 OR AY.29 OR AY.29.1 OR AY.29.2 OR AY.30 OR AY.31 OR AY.32 OR AY.33 OR AY.33.1 OR AY.33.2 OR AY.34 OR AY.34.1 OR AY.34.1.1 OR AY.34.2 OR AY.35 OR AY.36 OR AY.36.1 OR AY.37 OR AY.38 OR AY.39 OR AY.39.1 OR AY.39.1.1 OR AY.39.1.2 OR AY.39.1.3 OR AY.39.1.4 OR AY.39.2 OR AY.39.3 OR AY.40 OR AY.41 OR AY.42 OR AY.42.1 OR AY.43 OR AY.43.1 OR AY.43.2 OR AY.43.3 OR AY.43.4 OR AY.43.5 OR AY.43.6 OR AY.43.7 OR AY.43.8 OR AY.43.9 OR AY.44 OR AY.45 OR AY.46 OR AY.46.1 OR AY.46.2 OR AY.46.3 OR AY.46.4 OR AY.46.5 OR AY.46.6 OR AY.46.6.1 OR AY.47 OR AY.48 OR AY.49 OR AY.50 OR AY.51 OR AY.52 OR AY.53 OR AY.54 OR AY.55 OR AY.56 OR AY.57 OR AY.58 OR AY.59 OR AY.60 OR AY.61 OR AY.62 OR AY.63 OR AY.64 OR AY.65 OR AY.66 OR AY.67 OR AY.68 OR AY.69 OR AY.70 OR AY.71 OR AY.72 OR AY.73 OR AY.74 OR AY.75 OR AY.75.2 OR AY.75.3 OR AY.76 OR AY.77 OR AY.78 OR AY.79 OR AY.80 OR AY.81 OR AY.82 OR AY.83 OR AY.84 OR AY.85 OR AY.86 OR AY.87 OR AY.88 OR AY.90 OR AY.91 OR AY.91.1 OR AY.92 OR AY.93 OR AY.94 OR AY.95 OR AY.98 OR AY.98.1 OR AY.98.1.1 OR AY.99 OR AY.99.1 OR AY.99.2 OR AY.100 OR AY.101 OR AY.102 OR AY.102.1 OR AY.102.2 OR AY.103 OR AY.103.1 OR AY.103.2 OR AY.104 OR AY.105 OR AY.106 OR AY.107 OR AY.108 OR AY.109 OR AY.110 OR AY.111 OR AY.112 OR AY.112.1 OR AY.112.2 OR AY.112.3 OR AY.113 OR AY.114 OR AY.116 OR AY.116.1 OR AY.117 OR AY.118 OR AY.119 OR AY.119.1 OR AY.119.2 OR AY.120 OR AY.120.1 OR AY.120.2 OR AY.120.2.1 OR AY.121 OR AY.121.1 OR AY.122 OR AY.122.1 OR AY.122.2 OR AY.122.3 OR AY.122.4 OR AY.122.5 OR AY.122.6 OR AY.123 OR AY.123.1 OR AY.124 OR AY.124.1 OR AY.124.1.1 OR AY.125 OR AY.125.1 OR AY.126 OR AY.127 OR AY.127.1 OR AY.127.2 OR AY.127.3 OR AY.128 OR AY.129 OR AY.130 OR AY.131 OR AY.132 OR AY.133 OR AY.134 OR B.1.617.2,Delta,6.57142857142857,0,0
2022-05-16,8,0,7.57142857142857,0,0,5.94903028944023e-05,0.262217248717186,AY.1 OR AY.2 OR AY.3 OR AY.3.1 OR AY.3.2 OR AY.3.3 OR AY.3.4 OR AY.4 OR AY.4.1 OR AY.4.2 OR AY.4.2.1 OR AY.4.2.2 OR AY.4.2.3 OR AY.4.2.4 OR AY.4.2.5 OR AY.4.3 OR AY.4.4 OR AY.4.5 OR AY.4.6 OR AY.4.7 OR AY.4.8 OR AY.4.9 OR AY.4.10 OR AY.4.11 OR AY.4.12 OR AY.4.13 OR AY.4.14 OR AY.4.15 OR AY.4.16 OR AY.4.17 OR AY.5 OR AY.5.1 OR AY.5.2 OR AY.5.3 OR AY.5.4 OR AY.5.5 OR AY.5.6 OR AY.5.7 OR AY.6 OR AY.7 OR AY.7.1 OR AY.7.2 OR AY.8 OR AY.9 OR AY.9.2 OR AY.9.2.1 OR AY.9.2.2 OR AY.10 OR AY.11 OR AY.13 OR AY.14 OR AY.15 OR AY.16 OR AY.16.1 OR AY.17 OR AY.18 OR AY.19 OR AY.20 OR AY.20.1 OR AY.21 OR AY.22 OR AY.23 OR AY.23.1 OR AY.23.2 OR AY.24 OR AY.24.1 OR AY.25 OR AY.25.1 OR AY.25.1.1 OR AY.25.1.2 OR AY.25.2 OR AY.25.3 OR AY.26 OR AY.26.1 OR AY.27 OR AY.28 OR AY.29 OR AY.29.1 OR AY.29.2 OR AY.30 OR AY.31 OR AY.32 OR AY.33 OR AY.33.1 OR AY.33.2 OR AY.34 OR AY.34.1 OR AY.34.1.1 OR AY.34.2 OR AY.35 OR AY.36 OR AY.36.1 OR AY.37 OR AY.38 OR AY.39 OR AY.39.1 OR AY.39.1.1 OR AY.39.1.2 OR AY.39.1.3 OR AY.39.1.4 OR AY.39.2 OR AY.39.3 OR AY.40 OR AY.41 OR AY.42 OR AY.42.1 OR AY.43 OR AY.43.1 OR AY.43.2 OR AY.43.3 OR AY.43.4 OR AY.43.5 OR AY.43.6 OR AY.43.7 OR AY.43.8 OR AY.43.9 OR AY.44 OR AY.45 OR AY.46 OR AY.46.1 OR AY.46.2 OR AY.46.3 OR AY.46.4 OR AY.46.5 OR AY.46.6 OR AY.46.6.1 OR AY.47 OR AY.48 OR AY.49 OR AY.50 OR AY.51 OR AY.52 OR AY.53 OR AY.54 OR AY.55 OR AY.56 OR AY.57 OR AY.58 OR AY.59 OR AY.60 OR AY.61 OR AY.62 OR AY.63 OR AY.64 OR AY.65 OR AY.66 OR AY.67 OR AY.68 OR AY.69 OR AY.70 OR AY.71 OR AY.72 OR AY.73 OR AY.74 OR AY.75 OR AY.75.2 OR AY.75.3 OR AY.76 OR AY.77 OR AY.78 OR AY.79 OR AY.80 OR AY.81 OR AY.82 OR AY.83 OR AY.84 OR AY.85 OR AY.86 OR AY.87 OR AY.88 OR AY.90 OR AY.91 OR AY.91.1 OR AY.92 OR AY.93 OR AY.94 OR AY.95 OR AY.98 OR AY.98.1 OR AY.98.1.1 OR AY.99 OR AY.99.1 OR AY.99.2 OR AY.100 OR AY.101 OR AY.102 OR AY.102.1 OR AY.102.2 OR AY.103 OR AY.103.1 OR AY.103.2 OR AY.104 OR AY.105 OR AY.106 OR AY.107 OR AY.108 OR AY.109 OR AY.110 OR AY.111 OR AY.112 OR AY.112.1 OR AY.112.2 OR AY.112.3 OR AY.113 OR AY.114 OR AY.116 OR AY.116.1 OR AY.117 OR AY.118 OR AY.119 OR AY.119.1 OR AY.119.2 OR AY.120 OR AY.120.1 OR AY.120.2 OR AY.120.2.1 OR AY.121 OR AY.121.1 OR AY.122 OR AY.122.1 OR AY.122.2 OR AY.122.3 OR AY.122.4 OR AY.122.5 OR AY.122.6 OR AY.123 OR AY.123.1 OR AY.124 OR AY.124.1 OR AY.124.1.1 OR AY.125 OR AY.125.1 OR AY.126 OR AY.127 OR AY.127.1 OR AY.127.2 OR AY.127.3 OR AY.128 OR AY.129 OR AY.130 OR AY.131 OR AY.132 OR AY.133 OR AY.134 OR B.1.617.2,Delta,7.07142857142857,0,0
2022-05-17,10,0,7.42857142857143,0,0,6.76864642438304e-05,0.29243617366231,AY.1 OR AY.2 OR AY.3 OR AY.3.1 OR AY.3.2 OR AY.3.3 OR AY.3.4 OR AY.4 OR AY.4.1 OR AY.4.2 OR AY.4.2.1 OR AY.4.2.2 OR AY.4.2.3 OR AY.4.2.4 OR AY.4.2.5 OR AY.4.3 OR AY.4.4 OR AY.4.5 OR AY.4.6 OR AY.4.7 OR AY.4.8 OR AY.4.9 OR AY.4.10 OR AY.4.11 OR AY.4.12 OR AY.4.13 OR AY.4.14 OR AY.4.15 OR AY.4.16 OR AY.4.17 OR AY.5 OR AY.5.1 OR AY.5.2 OR AY.5.3 OR AY.5.4 OR AY.5.5 OR AY.5.6 OR AY.5.7 OR AY.6 OR AY.7 OR AY.7.1 OR AY.7.2 OR AY.8 OR AY.9 OR AY.9.2 OR AY.9.2.1 OR AY.9.2.2 OR AY.10 OR AY.11 OR AY.13 OR AY.14 OR AY.15 OR AY.16 OR AY.16.1 OR AY.17 OR AY.18 OR AY.19 OR AY.20 OR AY.20.1 OR AY.21 OR AY.22 OR AY.23 OR AY.23.1 OR AY.23.2 OR AY.24 OR AY.24.1 OR AY.25 OR AY.25.1 OR AY.25.1.1 OR AY.25.1.2 OR AY.25.2 OR AY.25.3 OR AY.26 OR AY.26.1 OR AY.27 OR AY.28 OR AY.29 OR AY.29.1 OR AY.29.2 OR AY.30 OR AY.31 OR AY.32 OR AY.33 OR AY.33.1 OR AY.33.2 OR AY.34 OR AY.34.1 OR AY.34.1.1 OR AY.34.2 OR AY.35 OR AY.36 OR AY.36.1 OR AY.37 OR AY.38 OR AY.39 OR AY.39.1 OR AY.39.1.1 OR AY.39.1.2 OR AY.39.1.3 OR AY.39.1.4 OR AY.39.2 OR AY.39.3 OR AY.40 OR AY.41 OR AY.42 OR AY.42.1 OR AY.43 OR AY.43.1 OR AY.43.2 OR AY.43.3 OR AY.43.4 OR AY.43.5 OR AY.43.6 OR AY.43.7 OR AY.43.8 OR AY.43.9 OR AY.44 OR AY.45 OR AY.46 OR AY.46.1 OR AY.46.2 OR AY.46.3 OR AY.46.4 OR AY.46.5 OR AY.46.6 OR AY.46.6.1 OR AY.47 OR AY.48 OR AY.49 OR AY.50 OR AY.51 OR AY.52 OR AY.53 OR AY.54 OR AY.55 OR AY.56 OR AY.57 OR AY.58 OR AY.59 OR AY.60 OR AY.61 OR AY.62 OR AY.63 OR AY.64 OR AY.65 OR AY.66 OR AY.67 OR AY.68 OR AY.69 OR AY.70 OR AY.71 OR AY.72 OR AY.73 OR AY.74 OR AY.75 OR AY.75.2 OR AY.75.3 OR AY.76 OR AY.77 OR AY.78 OR AY.79 OR AY.80 OR AY.81 OR AY.82 OR AY.83 OR AY.84 OR AY.85 OR AY.86 OR AY.87 OR AY.88 OR AY.90 OR AY.91 OR AY.91.1 OR AY.92 OR AY.93 OR AY.94 OR AY.95 OR AY.98 OR AY.98.1 OR AY.98.1.1 OR AY.99 OR AY.99.1 OR AY.99.2 OR AY.100 OR AY.101 OR AY.102 OR AY.102.1 OR AY.102.2 OR AY.103 OR AY.103.1 OR AY.103.2 OR AY.104 OR AY.105 OR AY.106 OR AY.107 OR AY.108 OR AY.109 OR AY.110 OR AY.111 OR AY.112 OR AY.112.1 OR AY.112.2 OR AY.112.3 OR AY.113 OR AY.114 OR AY.116 OR AY.116.1 OR AY.117 OR AY.118 OR AY.119 OR AY.119.1 OR AY.119.2 OR AY.120 OR AY.120.1 OR AY.120.2 OR AY.120.2.1 OR AY.121 OR AY.121.1 OR AY.122 OR AY.122.1 OR AY.122.2 OR AY.122.3 OR AY.122.4 OR AY.122.5 OR AY.122.6 OR AY.123 OR AY.123.1 OR AY.124 OR AY.124.1 OR AY.124.1.1 OR AY.125 OR AY.125.1 OR AY.126 OR AY.127 OR AY.127.1 OR AY.127.2 OR AY.127.3 OR AY.128 OR AY.129 OR AY.130 OR AY.131 OR AY.132 OR AY.133 OR AY.134 OR B.1.617.2,Delta,7.71428571428571,0,0
2022-05-18,5,0,6.85714285714286,0,0,6.76864642438304e-05,0.29243617366231,AY.1 OR AY.2 OR AY.3 OR AY.3.1 OR AY.3.2 OR AY.3.3 OR AY.3.4 OR AY.4 OR AY.4.1 OR AY.4.2 OR AY.4.2.1 OR AY.4.2.2 OR AY.4.2.3 OR AY.4.2.4 OR AY.4.2.5 OR AY.4.3 OR AY.4.4 OR AY.4.5 OR AY.4.6 OR AY.4.7 OR AY.4.8 OR AY.4.9 OR AY.4.10 OR AY.4.11 OR AY.4.12 OR AY.4.13 OR AY.4.14 OR AY.4.15 OR AY.4.16 OR AY.4.17 OR AY.5 OR AY.5.1 OR AY.5.2 OR AY.5.3 OR AY.5.4 OR AY.5.5 OR AY.5.6 OR AY.5.7 OR AY.6 OR AY.7 OR AY.7.1 OR AY.7.2 OR AY.8 OR AY.9 OR AY.9.2 OR AY.9.2.1 OR AY.9.2.2 OR AY.10 OR AY.11 OR AY.13 OR AY.14 OR AY.15 OR AY.16 OR AY.16.1 OR AY.17 OR AY.18 OR AY.19 OR AY.20 OR AY.20.1 OR AY.21 OR AY.22 OR AY.23 OR AY.23.1 OR AY.23.2 OR AY.24 OR AY.24.1 OR AY.25 OR AY.25.1 OR AY.25.1.1 OR AY.25.1.2 OR AY.25.2 OR AY.25.3 OR AY.26 OR AY.26.1 OR AY.27 OR AY.28 OR AY.29 OR AY.29.1 OR AY.29.2 OR AY.30 OR AY.31 OR AY.32 OR AY.33 OR AY.33.1 OR AY.33.2 OR AY.34 OR AY.34.1 OR AY.34.1.1 OR AY.34.2 OR AY.35 OR AY.36 OR AY.36.1 OR AY.37 OR AY.38 OR AY.39 OR AY.39.1 OR AY.39.1.1 OR AY.39.1.2 OR AY.39.1.3 OR AY.39.1.4 OR AY.39.2 OR AY.39.3 OR AY.40 OR AY.41 OR AY.42 OR AY.42.1 OR AY.43 OR AY.43.1 OR AY.43.2 OR AY.43.3 OR AY.43.4 OR AY.43.5 OR AY.43.6 OR AY.43.7 OR AY.43.8 OR AY.43.9 OR AY.44 OR AY.45 OR AY.46 OR AY.46.1 OR AY.46.2 OR AY.46.3 OR AY.46.4 OR AY.46.5 OR AY.46.6 OR AY.46.6.1 OR AY.47 OR AY.48 OR AY.49 OR AY.50 OR AY.51 OR AY.52 OR AY.53 OR AY.54 OR AY.55 OR AY.56 OR AY.57 OR AY.58 OR AY.59 OR AY.60 OR AY.61 OR AY.62 OR AY.63 OR AY.64 OR AY.65 OR AY.66 OR AY.67 OR AY.68 OR AY.69 OR AY.70 OR AY.71 OR AY.72 OR AY.73 OR AY.74 OR AY.75 OR AY.75.2 OR AY.75.3 OR AY.76 OR AY.77 OR AY.78 OR AY.79 OR AY.80 OR AY.81 OR AY.82 OR AY.83 OR AY.84 OR AY.85 OR AY.86 OR AY.87 OR AY.88 OR AY.90 OR AY.91 OR AY.91.1 OR AY.92 OR AY.93 OR AY.94 OR AY.95 OR AY.98 OR AY.98.1 OR AY.98.1.1 OR AY.99 OR AY.99.1 OR AY.99.2 OR AY.100 OR AY.101 OR AY.102 OR AY.102.1 OR AY.102.2 OR AY.103 OR AY.103.1 OR AY.103.2 OR AY.104 OR AY.105 OR AY.106 OR AY.107 OR AY.108 OR AY.109 OR AY.110 OR AY.111 OR AY.112 OR AY.112.1 OR AY.112.2 OR AY.112.3 OR AY.113 OR AY.114 OR AY.116 OR AY.116.1 OR AY.117 OR AY.118 OR AY.119 OR AY.119.1 OR AY.119.2 OR AY.120 OR AY.120.1 OR AY.120.2 OR AY.120.2.1 OR AY.121 OR AY.121.1 OR AY.122 OR AY.122.1 OR AY.122.2 OR AY.122.3 OR AY.122.4 OR AY.122.5 OR AY.122.6 OR AY.123 OR AY.123.1 OR AY.124 OR AY.124.1 OR AY.124.1.1 OR AY.125 OR AY.125.1 OR AY.126 OR AY.127 OR AY.127.1 OR AY.127.2 OR AY.127.3 OR AY.128 OR AY.129 OR AY.130 OR AY.131 OR AY.132 OR AY.133 OR AY.134 OR B.1.617.2,Delta,8,0,0
2022-05-19,8,0,7.85714285714286,0,0,5.94903028944023e-05,0.262217248717186,AY.1 OR AY.2 OR AY.3 OR AY.3.1 OR AY.3.2 OR AY.3.3 OR AY.3.4 OR AY.4 OR AY.4.1 OR AY.4.2 OR AY.4.2.1 OR AY.4.2.2 OR AY.4.2.3 OR AY.4.2.4 OR AY.4.2.5 OR AY.4.3 OR AY.4.4 OR AY.4.5 OR AY.4.6 OR AY.4.7 OR AY.4.8 OR AY.4.9 OR AY.4.10 OR AY.4.11 OR AY.4.12 OR AY.4.13 OR AY.4.14 OR AY.4.15 OR AY.4.16 OR AY.4.17 OR AY.5 OR AY.5.1 OR AY.5.2 OR AY.5.3 OR AY.5.4 OR AY.5.5 OR AY.5.6 OR AY.5.7 OR AY.6 OR AY.7 OR AY.7.1 OR AY.7.2 OR AY.8 OR AY.9 OR AY.9.2 OR AY.9.2.1 OR AY.9.2.2 OR AY.10 OR AY.11 OR AY.13 OR AY.14 OR AY.15 OR AY.16 OR AY.16.1 OR AY.17 OR AY.18 OR AY.19 OR AY.20 OR AY.20.1 OR AY.21 OR AY.22 OR AY.23 OR AY.23.1 OR AY.23.2 OR AY.24 OR AY.24.1 OR AY.25 OR AY.25.1 OR AY.25.1.1 OR AY.25.1.2 OR AY.25.2 OR AY.25.3 OR AY.26 OR AY.26.1 OR AY.27 OR AY.28 OR AY.29 OR AY.29.1 OR AY.29.2 OR AY.30 OR AY.31 OR AY.32 OR AY.33 OR AY.33.1 OR AY.33.2 OR AY.34 OR AY.34.1 OR AY.34.1.1 OR AY.34.2 OR AY.35 OR AY.36 OR AY.36.1 OR AY.37 OR AY.38 OR AY.39 OR AY.39.1 OR AY.39.1.1 OR AY.39.1.2 OR AY.39.1.3 OR AY.39.1.4 OR AY.39.2 OR AY.39.3 OR AY.40 OR AY.41 OR AY.42 OR AY.42.1 OR AY.43 OR AY.43.1 OR AY.43.2 OR AY.43.3 OR AY.43.4 OR AY.43.5 OR AY.43.6 OR AY.43.7 OR AY.43.8 OR AY.43.9 OR AY.44 OR AY.45 OR AY.46 OR AY.46.1 OR AY.46.2 OR AY.46.3 OR AY.46.4 OR AY.46.5 OR AY.46.6 OR AY.46.6.1 OR AY.47 OR AY.48 OR AY.49 OR AY.50 OR AY.51 OR AY.52 OR AY.53 OR AY.54 OR AY.55 OR AY.56 OR AY.57 OR AY.58 OR AY.59 OR AY.60 OR AY.61 OR AY.62 OR AY.63 OR AY.64 OR AY.65 OR AY.66 OR AY.67 OR AY.68 OR AY.69 OR AY.70 OR AY.71 OR AY.72 OR AY.73 OR AY.74 OR AY.75 OR AY.75.2 OR AY.75.3 OR AY.76 OR AY.77 OR AY.78 OR AY.79 OR AY.80 OR AY.81 OR AY.82 OR AY.83 OR AY.84 OR AY.85 OR AY.86 OR AY.87 OR AY.88 OR AY.90 OR AY.91 OR AY.91.1 OR AY.92 OR AY.93 OR AY.94 OR AY.95 OR AY.98 OR AY.98.1 OR AY.98.1.1 OR AY.99 OR AY.99.1 OR AY.99.2 OR AY.100 OR AY.101 OR AY.102 OR AY.102.1 OR AY.102.2 OR AY.103 OR AY.103.1 OR AY.103.2 OR AY.104 OR AY.105 OR AY.106 OR AY.107 OR AY.108 OR AY.109 OR AY.110 OR AY.111 OR AY.112 OR AY.112.1 OR AY.112.2 OR AY.112.3 OR AY.113 OR AY.114 OR AY.116 OR AY.116.1 OR AY.117 OR AY.118 OR AY.119 OR AY.119.1 OR AY.119.2 OR AY.120 OR AY.120.1 OR AY.120.2 OR AY.120.2.1 OR AY.121 OR AY.121.1 OR AY.122 OR AY.122.1 OR AY.122.2 OR AY.122.3 OR AY.122.4 OR AY.122.5 OR AY.122.6 OR AY.123 OR AY.123.1 OR AY.124 OR AY.124.1 OR AY.124.1.1 OR AY.125 OR AY.125.1 OR AY.126 OR AY.127 OR AY.127.1 OR AY.127.2 OR AY.127.3 OR AY.128 OR AY.129 OR AY.130 OR AY.131 OR AY.132 OR AY.133 OR AY.134 OR B.1.617.2,Delta,8.28571428571429,0,0
2022-05-20,3,0,6.71428571428571,0,0,6.76864642438304e-05,0.29243617366231,AY.1 OR AY.2 OR AY.3 OR AY.3.1 OR AY.3.2 OR AY.3.3 OR AY.3.4 OR AY.4 OR AY.4.1 OR AY.4.2 OR AY.4.2.1 OR AY.4.2.2 OR AY.4.2.3 OR AY.4.2.4 OR AY.4.2.5 OR AY.4.3 OR AY.4.4 OR AY.4.5 OR AY.4.6 OR AY.4.7 OR AY.4.8 OR AY.4.9 OR AY.4.10 OR AY.4.11 OR AY.4.12 OR AY.4.13 OR AY.4.14 OR AY.4.15 OR AY.4.16 OR AY.4.17 OR AY.5 OR AY.5.1 OR AY.5.2 OR AY.5.3 OR AY.5.4 OR AY.5.5 OR AY.5.6 OR AY.5.7 OR AY.6 OR AY.7 OR AY.7.1 OR AY.7.2 OR AY.8 OR AY.9 OR AY.9.2 OR AY.9.2.1 OR AY.9.2.2 OR AY.10 OR AY.11 OR AY.13 OR AY.14 OR AY.15 OR AY.16 OR AY.16.1 OR AY.17 OR AY.18 OR AY.19 OR AY.20 OR AY.20.1 OR AY.21 OR AY.22 OR AY.23 OR AY.23.1 OR AY.23.2 OR AY.24 OR AY.24.1 OR AY.25 OR AY.25.1 OR AY.25.1.1 OR AY.25.1.2 OR AY.25.2 OR AY.25.3 OR AY.26 OR AY.26.1 OR AY.27 OR AY.28 OR AY.29 OR AY.29.1 OR AY.29.2 OR AY.30 OR AY.31 OR AY.32 OR AY.33 OR AY.33.1 OR AY.33.2 OR AY.34 OR AY.34.1 OR AY.34.1.1 OR AY.34.2 OR AY.35 OR AY.36 OR AY.36.1 OR AY.37 OR AY.38 OR AY.39 OR AY.39.1 OR AY.39.1.1 OR AY.39.1.2 OR AY.39.1.3 OR AY.39.1.4 OR AY.39.2 OR AY.39.3 OR AY.40 OR AY.41 OR AY.42 OR AY.42.1 OR AY.43 OR AY.43.1 OR AY.43.2 OR AY.43.3 OR AY.43.4 OR AY.43.5 OR AY.43.6 OR AY.43.7 OR AY.43.8 OR AY.43.9 OR AY.44 OR AY.45 OR AY.46 OR AY.46.1 OR AY.46.2 OR AY.46.3 OR AY.46.4 OR AY.46.5 OR AY.46.6 OR AY.46.6.1 OR AY.47 OR AY.48 OR AY.49 OR AY.50 OR AY.51 OR AY.52 OR AY.53 OR AY.54 OR AY.55 OR AY.56 OR AY.57 OR AY.58 OR AY.59 OR AY.60 OR AY.61 OR AY.62 OR AY.63 OR AY.64 OR AY.65 OR AY.66 OR AY.67 OR AY.68 OR AY.69 OR AY.70 OR AY.71 OR AY.72 OR AY.73 OR AY.74 OR AY.75 OR AY.75.2 OR AY.75.3 OR AY.76 OR AY.77 OR AY.78 OR AY.79 OR AY.80 OR AY.81 OR AY.82 OR AY.83 OR AY.84 OR AY.85 OR AY.86 OR AY.87 OR AY.88 OR AY.90 OR AY.91 OR AY.91.1 OR AY.92 OR AY.93 OR AY.94 OR AY.95 OR AY.98 OR AY.98.1 OR AY.98.1.1 OR AY.99 OR AY.99.1 OR AY.99.2 OR AY.100 OR AY.101 OR AY.102 OR AY.102.1 OR AY.102.2 OR AY.103 OR AY.103.1 OR AY.103.2 OR AY.104 OR AY.105 OR AY.106 OR AY.107 OR AY.108 OR AY.109 OR AY.110 OR AY.111 OR AY.112 OR AY.112.1 OR AY.112.2 OR AY.112.3 OR AY.113 OR AY.114 OR AY.116 OR AY.116.1 OR AY.117 OR AY.118 OR AY.119 OR AY.119.1 OR AY.119.2 OR AY.120 OR AY.120.1 OR AY.120.2 OR AY.120.2.1 OR AY.121 OR AY.121.1 OR AY.122 OR AY.122.1 OR AY.122.2 OR AY.122.3 OR AY.122.4 OR AY.122.5 OR AY.122.6 OR AY.123 OR AY.123.1 OR AY.124 OR AY.124.1 OR AY.124.1.1 OR AY.125 OR AY.125.1 OR AY.126 OR AY.127 OR AY.127.1 OR AY.127.2 OR AY.127.3 OR AY.128 OR AY.129 OR AY.130 OR AY.131 OR AY.132 OR AY.133 OR AY.134 OR B.1.617.2,Delta,6.85714285714286,0,0
2022-05-21,4,0,6.71428571428571,0,0,6.76864642438304e-05,0.29243617366231,AY.1 OR AY.2 OR AY.3 OR AY.3.1 OR AY.3.2 OR AY.3.3 OR AY.3.4 OR AY.4 OR AY.4.1 OR AY.4.2 OR AY.4.2.1 OR AY.4.2.2 OR AY.4.2.3 OR AY.4.2.4 OR AY.4.2.5 OR AY.4.3 OR AY.4.4 OR AY.4.5 OR AY.4.6 OR AY.4.7 OR AY.4.8 OR AY.4.9 OR AY.4.10 OR AY.4.11 OR AY.4.12 OR AY.4.13 OR AY.4.14 OR AY.4.15 OR AY.4.16 OR AY.4.17 OR AY.5 OR AY.5.1 OR AY.5.2 OR AY.5.3 OR AY.5.4 OR AY.5.5 OR AY.5.6 OR AY.5.7 OR AY.6 OR AY.7 OR AY.7.1 OR AY.7.2 OR AY.8 OR AY.9 OR AY.9.2 OR AY.9.2.1 OR AY.9.2.2 OR AY.10 OR AY.11 OR AY.13 OR AY.14 OR AY.15 OR AY.16 OR AY.16.1 OR AY.17 OR AY.18 OR AY.19 OR AY.20 OR AY.20.1 OR AY.21 OR AY.22 OR AY.23 OR AY.23.1 OR AY.23.2 OR AY.24 OR AY.24.1 OR AY.25 OR AY.25.1 OR AY.25.1.1 OR AY.25.1.2 OR AY.25.2 OR AY.25.3 OR AY.26 OR AY.26.1 OR AY.27 OR AY.28 OR AY.29 OR AY.29.1 OR AY.29.2 OR AY.30 OR AY.31 OR AY.32 OR AY.33 OR AY.33.1 OR AY.33.2 OR AY.34 OR AY.34.1 OR AY.34.1.1 OR AY.34.2 OR AY.35 OR AY.36 OR AY.36.1 OR AY.37 OR AY.38 OR AY.39 OR AY.39.1 OR AY.39.1.1 OR AY.39.1.2 OR AY.39.1.3 OR AY.39.1.4 OR AY.39.2 OR AY.39.3 OR AY.40 OR AY.41 OR AY.42 OR AY.42.1 OR AY.43 OR AY.43.1 OR AY.43.2 OR AY.43.3 OR AY.43.4 OR AY.43.5 OR AY.43.6 OR AY.43.7 OR AY.43.8 OR AY.43.9 OR AY.44 OR AY.45 OR AY.46 OR AY.46.1 OR AY.46.2 OR AY.46.3 OR AY.46.4 OR AY.46.5 OR AY.46.6 OR AY.46.6.1 OR AY.47 OR AY.48 OR AY.49 OR AY.50 OR AY.51 OR AY.52 OR AY.53 OR AY.54 OR AY.55 OR AY.56 OR AY.57 OR AY.58 OR AY.59 OR AY.60 OR AY.61 OR AY.62 OR AY.63 OR AY.64 OR AY.65 OR AY.66 OR AY.67 OR AY.68 OR AY.69 OR AY.70 OR AY.71 OR AY.72 OR AY.73 OR AY.74 OR AY.75 OR AY.75.2 OR AY.75.3 OR AY.76 OR AY.77 OR AY.78 OR AY.79 OR AY.80 OR AY.81 OR AY.82 OR AY.83 OR AY.84 OR AY.85 OR AY.86 OR AY.87 OR AY.88 OR AY.90 OR AY.91 OR AY.91.1 OR AY.92 OR AY.93 OR AY.94 OR AY.95 OR AY.98 OR AY.98.1 OR AY.98.1.1 OR AY.99 OR AY.99.1 OR AY.99.2 OR AY.100 OR AY.101 OR AY.102 OR AY.102.1 OR AY.102.2 OR AY.103 OR AY.103.1 OR AY.103.2 OR AY.104 OR AY.105 OR AY.106 OR AY.107 OR AY.108 OR AY.109 OR AY.110 OR AY.111 OR AY.112 OR AY.112.1 OR AY.112.2 OR AY.112.3 OR AY.113 OR AY.114 OR AY.116 OR AY.116.1 OR AY.117 OR AY.118 OR AY.119 OR AY.119.1 OR AY.119.2 OR AY.120 OR AY.120.1 OR AY.120.2 OR AY.120.2.1 OR AY.121 OR AY.121.1 OR AY.122 OR AY.122.1 OR AY.122.2 OR AY.122.3 OR AY.122.4 OR AY.122.5 OR AY.122.6 OR AY.123 OR AY.123.1 OR AY.124 OR AY.124.1 OR AY.124.1.1 OR AY.125 OR AY.125.1 OR AY.126 OR AY.127 OR AY.127.1 OR AY.127.2 OR AY.127.3 OR AY.128 OR AY.129 OR AY.130 OR AY.131 OR AY.132 OR AY.133 OR AY.134 OR B.1.617.2,Delta,6.92857142857143,0,0
2022-05-22,1,0,5.57142857142857,0,0,7.84998483662082e-05,0.33038890915155,AY.1 OR AY.2 OR AY.3 OR AY.3.1 OR AY.3.2 OR AY.3.3 OR AY.3.4 OR AY.4 OR AY.4.1 OR AY.4.2 OR AY.4.2.1 OR AY.4.2.2 OR AY.4.2.3 OR AY.4.2.4 OR AY.4.2.5 OR AY.4.3 OR AY.4.4 OR AY.4.5 OR AY.4.6 OR AY.4.7 OR AY.4.8 OR AY.4.9 OR AY.4.10 OR AY.4.11 OR AY.4.12 OR AY.4.13 OR AY.4.14 OR AY.4.15 OR AY.4.16 OR AY.4.17 OR AY.5 OR AY.5.1 OR AY.5.2 OR AY.5.3 OR AY.5.4 OR AY.5.5 OR AY.5.6 OR AY.5.7 OR AY.6 OR AY.7 OR AY.7.1 OR AY.7.2 OR AY.8 OR AY.9 OR AY.9.2 OR AY.9.2.1 OR AY.9.2.2 OR AY.10 OR AY.11 OR AY.13 OR AY.14 OR AY.15 OR AY.16 OR AY.16.1 OR AY.17 OR AY.18 OR AY.19 OR AY.20 OR AY.20.1 OR AY.21 OR AY.22 OR AY.23 OR AY.23.1 OR AY.23.2 OR AY.24 OR AY.24.1 OR AY.25 OR AY.25.1 OR AY.25.1.1 OR AY.25.1.2 OR AY.25.2 OR AY.25.3 OR AY.26 OR AY.26.1 OR AY.27 OR AY.28 OR AY.29 OR AY.29.1 OR AY.29.2 OR AY.30 OR AY.31 OR AY.32 OR AY.33 OR AY.33.1 OR AY.33.2 OR AY.34 OR AY.34.1 OR AY.34.1.1 OR AY.34.2 OR AY.35 OR AY.36 OR AY.36.1 OR AY.37 OR AY.38 OR AY.39 OR AY.39.1 OR AY.39.1.1 OR AY.39.1.2 OR AY.39.1.3 OR AY.39.1.4 OR AY.39.2 OR AY.39.3 OR AY.40 OR AY.41 OR AY.42 OR AY.42.1 OR AY.43 OR AY.43.1 OR AY.43.2 OR AY.43.3 OR AY.43.4 OR AY.43.5 OR AY.43.6 OR AY.43.7 OR AY.43.8 OR AY.43.9 OR AY.44 OR AY.45 OR AY.46 OR AY.46.1 OR AY.46.2 OR AY.46.3 OR AY.46.4 OR AY.46.5 OR AY.46.6 OR AY.46.6.1 OR AY.47 OR AY.48 OR AY.49 OR AY.50 OR AY.51 OR AY.52 OR AY.53 OR AY.54 OR AY.55 OR AY.56 OR AY.57 OR AY.58 OR AY.59 OR AY.60 OR AY.61 OR AY.62 OR AY.63 OR AY.64 OR AY.65 OR AY.66 OR AY.67 OR AY.68 OR AY.69 OR AY.70 OR AY.71 OR AY.72 OR AY.73 OR AY.74 OR AY.75 OR AY.75.2 OR AY.75.3 OR AY.76 OR AY.77 OR AY.78 OR AY.79 OR AY.80 OR AY.81 OR AY.82 OR AY.83 OR AY.84 OR AY.85 OR AY.86 OR AY.87 OR AY.88 OR AY.90 OR AY.91 OR AY.91.1 OR AY.92 OR AY.93 OR AY.94 OR AY.95 OR AY.98 OR AY.98.1 OR AY.98.1.1 OR AY.99 OR AY.99.1 OR AY.99.2 OR AY.100 OR AY.101 OR AY.102 OR AY.102.1 OR AY.102.2 OR AY.103 OR AY.103.1 OR AY.103.2 OR AY.104 OR AY.105 OR AY.106 OR AY.107 OR AY.108 OR AY.109 OR AY.110 OR AY.111 OR AY.112 OR AY.112.1 OR AY.112.2 OR AY.112.3 OR AY.113 OR AY.114 OR AY.116 OR AY.116.1 OR AY.117 OR AY.118 OR AY.119 OR AY.119.1 OR AY.119.2 OR AY.120 OR AY.120.1 OR AY.120.2 OR AY.120.2.1 OR AY.121 OR AY.121.1 OR AY.122 OR AY.122.1 OR AY.122.2 OR AY.122.3 OR AY.122.4 OR AY.122.5 OR AY.122.6 OR AY.123 OR AY.123.1 OR AY.124 OR AY.124.1 OR AY.124.1.1 OR AY.125 OR AY.125.1 OR AY.126 OR AY.127 OR AY.127.1 OR AY.127.2 OR AY.127.3 OR AY.128 OR AY.129 OR AY.130 OR AY.131 OR AY.132 OR AY.133 OR AY.134 OR B.1.617.2,Delta,6.85714285714286,0,0
2022-05-23,5,0,5.14285714285714,0,0,9.34206000395449e-05,0.379377142299039,AY.1 OR AY.2 OR AY.3 OR AY.3.1 OR AY.3.2 OR AY.3.3 OR AY.3.4 OR AY.4 OR AY.4.1 OR AY.4.2 OR AY.4.2.1 OR AY.4.2.2 OR AY.4.2.3 OR AY.4.2.4 OR AY.4.2.5 OR AY.4.3 OR AY.4.4 OR AY.4.5 OR AY.4.6 OR AY.4.7 OR AY.4.8 OR AY.4.9 OR AY.4.10 OR AY.4.11 OR AY.4.12 OR AY.4.13 OR AY.4.14 OR AY.4.15 OR AY.4.16 OR AY.4.17 OR AY.5 OR AY.5.1 OR AY.5.2 OR AY.5.3 OR AY.5.4 OR AY.5.5 OR AY.5.6 OR AY.5.7 OR AY.6 OR AY.7 OR AY.7.1 OR AY.7.2 OR AY.8 OR AY.9 OR AY.9.2 OR AY.9.2.1 OR AY.9.2.2 OR AY.10 OR AY.11 OR AY.13 OR AY.14 OR AY.15 OR AY.16 OR AY.16.1 OR AY.17 OR AY.18 OR AY.19 OR AY.20 OR AY.20.1 OR AY.21 OR AY.22 OR AY.23 OR AY.23.1 OR AY.23.2 OR AY.24 OR AY.24.1 OR AY.25 OR AY.25.1 OR AY.25.1.1 OR AY.25.1.2 OR AY.25.2 OR AY.25.3 OR AY.26 OR AY.26.1 OR AY.27 OR AY.28 OR AY.29 OR AY.29.1 OR AY.29.2 OR AY.30 OR AY.31 OR AY.32 OR AY.33 OR AY.33.1 OR AY.33.2 OR AY.34 OR AY.34.1 OR AY.34.1.1 OR AY.34.2 OR AY.35 OR AY.36 OR AY.36.1 OR AY.37 OR AY.38 OR AY.39 OR AY.39.1 OR AY.39.1.1 OR AY.39.1.2 OR AY.39.1.3 OR AY.39.1.4 OR AY.39.2 OR AY.39.3 OR AY.40 OR AY.41 OR AY.42 OR AY.42.1 OR AY.43 OR AY.43.1 OR AY.43.2 OR AY.43.3 OR AY.43.4 OR AY.43.5 OR AY.43.6 OR AY.43.7 OR AY.43.8 OR AY.43.9 OR AY.44 OR AY.45 OR AY.46 OR AY.46.1 OR AY.46.2 OR AY.46.3 OR AY.46.4 OR AY.46.5 OR AY.46.6 OR AY.46.6.1 OR AY.47 OR AY.48 OR AY.49 OR AY.50 OR AY.51 OR AY.52 OR AY.53 OR AY.54 OR AY.55 OR AY.56 OR AY.57 OR AY.58 OR AY.59 OR AY.60 OR AY.61 OR AY.62 OR AY.63 OR AY.64 OR AY.65 OR AY.66 OR AY.67 OR AY.68 OR AY.69 OR AY.70 OR AY.71 OR AY.72 OR AY.73 OR AY.74 OR AY.75 OR AY.75.2 OR AY.75.3 OR AY.76 OR AY.77 OR AY.78 OR AY.79 OR AY.80 OR AY.81 OR AY.82 OR AY.83 OR AY.84 OR AY.85 OR AY.86 OR AY.87 OR AY.88 OR AY.90 OR AY.91 OR AY.91.1 OR AY.92 OR AY.93 OR AY.94 OR AY.95 OR AY.98 OR AY.98.1 OR AY.98.1.1 OR AY.99 OR AY.99.1 OR AY.99.2 OR AY.100 OR AY.101 OR AY.102 OR AY.102.1 OR AY.102.2 OR AY.103 OR AY.103.1 OR AY.103.2 OR AY.104 OR AY.105 OR AY.106 OR AY.107 OR AY.108 OR AY.109 OR AY.110 OR AY.111 OR AY.112 OR AY.112.1 OR AY.112.2 OR AY.112.3 OR AY.113 OR AY.114 OR AY.116 OR AY.116.1 OR AY.117 OR AY.118 OR AY.119 OR AY.119.1 OR AY.119.2 OR AY.120 OR AY.120.1 OR AY.120.2 OR AY.120.2.1 OR AY.121 OR AY.121.1 OR AY.122 OR AY.122.1 OR AY.122.2 OR AY.122.3 OR AY.122.4 OR AY.122.5 OR AY.122.6 OR AY.123 OR AY.123.1 OR AY.124 OR AY.124.1 OR AY.124.1.1 OR AY.125 OR AY.125.1 OR AY.126 OR AY.127 OR AY.127.1 OR AY.127.2 OR AY.127.3 OR AY.128 OR AY.129 OR AY.130 OR AY.131 OR AY.132 OR AY.133 OR AY.134 OR B.1.617.2,Delta,6.35714285714286,0,0
2022-05-24,6,0,4.57142857142857,0,0,9.34206000395449e-05,0.379377142299039,AY.1 OR AY.2 OR AY.3 OR AY.3.1 OR AY.3.2 OR AY.3.3 OR AY.3.4 OR AY.4 OR AY.4.1 OR AY.4.2 OR AY.4.2.1 OR AY.4.2.2 OR AY.4.2.3 OR AY.4.2.4 OR AY.4.2.5 OR AY.4.3 OR AY.4.4 OR AY.4.5 OR AY.4.6 OR AY.4.7 OR AY.4.8 OR AY.4.9 OR AY.4.10 OR AY.4.11 OR AY.4.12 OR AY.4.13 OR AY.4.14 OR AY.4.15 OR AY.4.16 OR AY.4.17 OR AY.5 OR AY.5.1 OR AY.5.2 OR AY.5.3 OR AY.5.4 OR AY.5.5 OR AY.5.6 OR AY.5.7 OR AY.6 OR AY.7 OR AY.7.1 OR AY.7.2 OR AY.8 OR AY.9 OR AY.9.2 OR AY.9.2.1 OR AY.9.2.2 OR AY.10 OR AY.11 OR AY.13 OR AY.14 OR AY.15 OR AY.16 OR AY.16.1 OR AY.17 OR AY.18 OR AY.19 OR AY.20 OR AY.20.1 OR AY.21 OR AY.22 OR AY.23 OR AY.23.1 OR AY.23.2 OR AY.24 OR AY.24.1 OR AY.25 OR AY.25.1 OR AY.25.1.1 OR AY.25.1.2 OR AY.25.2 OR AY.25.3 OR AY.26 OR AY.26.1 OR AY.27 OR AY.28 OR AY.29 OR AY.29.1 OR AY.29.2 OR AY.30 OR AY.31 OR AY.32 OR AY.33 OR AY.33.1 OR AY.33.2 OR AY.34 OR AY.34.1 OR AY.34.1.1 OR AY.34.2 OR AY.35 OR AY.36 OR AY.36.1 OR AY.37 OR AY.38 OR AY.39 OR AY.39.1 OR AY.39.1.1 OR AY.39.1.2 OR AY.39.1.3 OR AY.39.1.4 OR AY.39.2 OR AY.39.3 OR AY.40 OR AY.41 OR AY.42 OR AY.42.1 OR AY.43 OR AY.43.1 OR AY.43.2 OR AY.43.3 OR AY.43.4 OR AY.43.5 OR AY.43.6 OR AY.43.7 OR AY.43.8 OR AY.43.9 OR AY.44 OR AY.45 OR AY.46 OR AY.46.1 OR AY.46.2 OR AY.46.3 OR AY.46.4 OR AY.46.5 OR AY.46.6 OR AY.46.6.1 OR AY.47 OR AY.48 OR AY.49 OR AY.50 OR AY.51 OR AY.52 OR AY.53 OR AY.54 OR AY.55 OR AY.56 OR AY.57 OR AY.58 OR AY.59 OR AY.60 OR AY.61 OR AY.62 OR AY.63 OR AY.64 OR AY.65 OR AY.66 OR AY.67 OR AY.68 OR AY.69 OR AY.70 OR AY.71 OR AY.72 OR AY.73 OR AY.74 OR AY.75 OR AY.75.2 OR AY.75.3 OR AY.76 OR AY.77 OR AY.78 OR AY.79 OR AY.80 OR AY.81 OR AY.82 OR AY.83 OR AY.84 OR AY.85 OR AY.86 OR AY.87 OR AY.88 OR AY.90 OR AY.91 OR AY.91.1 OR AY.92 OR AY.93 OR AY.94 OR AY.95 OR AY.98 OR AY.98.1 OR AY.98.1.1 OR AY.99 OR AY.99.1 OR AY.99.2 OR AY.100 OR AY.101 OR AY.102 OR AY.102.1 OR AY.102.2 OR AY.103 OR AY.103.1 OR AY.103.2 OR AY.104 OR AY.105 OR AY.106 OR AY.107 OR AY.108 OR AY.109 OR AY.110 OR AY.111 OR AY.112 OR AY.112.1 OR AY.112.2 OR AY.112.3 OR AY.113 OR AY.114 OR AY.116 OR AY.116.1 OR AY.117 OR AY.118 OR AY.119 OR AY.119.1 OR AY.119.2 OR AY.120 OR AY.120.1 OR AY.120.2 OR AY.120.2.1 OR AY.121 OR AY.121.1 OR AY.122 OR AY.122.1 OR AY.122.2 OR AY.122.3 OR AY.122.4 OR AY.122.5 OR AY.122.6 OR AY.123 OR AY.123.1 OR AY.124 OR AY.124.1 OR AY.124.1.1 OR AY.125 OR AY.125.1 OR AY.126 OR AY.127 OR AY.127.1 OR AY.127.2 OR AY.127.3 OR AY.128 OR AY.129 OR AY.130 OR AY.131 OR AY.132 OR AY.133 OR AY.134 OR B.1.617.2,Delta,6,0,0
2022-05-25,1,0,4,0,0,0.000115332788238275,0.44476261765764,AY.1 OR AY.2 OR AY.3 OR AY.3.1 OR AY.3.2 OR AY.3.3 OR AY.3.4 OR AY.4 OR AY.4.1 OR AY.4.2 OR AY.4.2.1 OR AY.4.2.2 OR AY.4.2.3 OR AY.4.2.4 OR AY.4.2.5 OR AY.4.3 OR AY.4.4 OR AY.4.5 OR AY.4.6 OR AY.4.7 OR AY.4.8 OR AY.4.9 OR AY.4.10 OR AY.4.11 OR AY.4.12 OR AY.4.13 OR AY.4.14 OR AY.4.15 OR AY.4.16 OR AY.4.17 OR AY.5 OR AY.5.1 OR AY.5.2 OR AY.5.3 OR AY.5.4 OR AY.5.5 OR AY.5.6 OR AY.5.7 OR AY.6 OR AY.7 OR AY.7.1 OR AY.7.2 OR AY.8 OR AY.9 OR AY.9.2 OR AY.9.2.1 OR AY.9.2.2 OR AY.10 OR AY.11 OR AY.13 OR AY.14 OR AY.15 OR AY.16 OR AY.16.1 OR AY.17 OR AY.18 OR AY.19 OR AY.20 OR AY.20.1 OR AY.21 OR AY.22 OR AY.23 OR AY.23.1 OR AY.23.2 OR AY.24 OR AY.24.1 OR AY.25 OR AY.25.1 OR AY.25.1.1 OR AY.25.1.2 OR AY.25.2 OR AY.25.3 OR AY.26 OR AY.26.1 OR AY.27 OR AY.28 OR AY.29 OR AY.29.1 OR AY.29.2 OR AY.30 OR AY.31 OR AY.32 OR AY.33 OR AY.33.1 OR AY.33.2 OR AY.34 OR AY.34.1 OR AY.34.1.1 OR AY.34.2 OR AY.35 OR AY.36 OR AY.36.1 OR AY.37 OR AY.38 OR AY.39 OR AY.39.1 OR AY.39.1.1 OR AY.39.1.2 OR AY.39.1.3 OR AY.39.1.4 OR AY.39.2 OR AY.39.3 OR AY.40 OR AY.41 OR AY.42 OR AY.42.1 OR AY.43 OR AY.43.1 OR AY.43.2 OR AY.43.3 OR AY.43.4 OR AY.43.5 OR AY.43.6 OR AY.43.7 OR AY.43.8 OR AY.43.9 OR AY.44 OR AY.45 OR AY.46 OR AY.46.1 OR AY.46.2 OR AY.46.3 OR AY.46.4 OR AY.46.5 OR AY.46.6 OR AY.46.6.1 OR AY.47 OR AY.48 OR AY.49 OR AY.50 OR AY.51 OR AY.52 OR AY.53 OR AY.54 OR AY.55 OR AY.56 OR AY.57 OR AY.58 OR AY.59 OR AY.60 OR AY.61 OR AY.62 OR AY.63 OR AY.64 OR AY.65 OR AY.66 OR AY.67 OR AY.68 OR AY.69 OR AY.70 OR AY.71 OR AY.72 OR AY.73 OR AY.74 OR AY.75 OR AY.75.2 OR AY.75.3 OR AY.76 OR AY.77 OR AY.78 OR AY.79 OR AY.80 OR AY.81 OR AY.82 OR AY.83 OR AY.84 OR AY.85 OR AY.86 OR AY.87 OR AY.88 OR AY.90 OR AY.91 OR AY.91.1 OR AY.92 OR AY.93 OR AY.94 OR AY.95 OR AY.98 OR AY.98.1 OR AY.98.1.1 OR AY.99 OR AY.99.1 OR AY.99.2 OR AY.100 OR AY.101 OR AY.102 OR AY.102.1 OR AY.102.2 OR AY.103 OR AY.103.1 OR AY.103.2 OR AY.104 OR AY.105 OR AY.106 OR AY.107 OR AY.108 OR AY.109 OR AY.110 OR AY.111 OR AY.112 OR AY.112.1 OR AY.112.2 OR AY.112.3 OR AY.113 OR AY.114 OR AY.116 OR AY.116.1 OR AY.117 OR AY.118 OR AY.119 OR AY.119.1 OR AY.119.2 OR AY.120 OR AY.120.1 OR AY.120.2 OR AY.120.2.1 OR AY.121 OR AY.121.1 OR AY.122 OR AY.122.1 OR AY.122.2 OR AY.122.3 OR AY.122.4 OR AY.122.5 OR AY.122.6 OR AY.123 OR AY.123.1 OR AY.124 OR AY.124.1 OR AY.124.1.1 OR AY.125 OR AY.125.1 OR AY.126 OR AY.127 OR AY.127.1 OR AY.127.2 OR AY.127.3 OR AY.128 OR AY.129 OR AY.130 OR AY.131 OR AY.132 OR AY.133 OR AY.134 OR B.1.617.2,Delta,5.42857142857143,0,0
2022-05-26,2,0,3.14285714285714,0,0,0.000150636025436569,0.53558324304295,AY.1 OR AY.2 OR AY.3 OR AY.3.1 OR AY.3.2 OR AY.3.3 OR AY.3.4 OR AY.4 OR AY.4.1 OR AY.4.2 OR AY.4.2.1 OR AY.4.2.2 OR AY.4.2.3 OR AY.4.2.4 OR AY.4.2.5 OR AY.4.3 OR AY.4.4 OR AY.4.5 OR AY.4.6 OR AY.4.7 OR AY.4.8 OR AY.4.9 OR AY.4.10 OR AY.4.11 OR AY.4.12 OR AY.4.13 OR AY.4.14 OR AY.4.15 OR AY.4.16 OR AY.4.17 OR AY.5 OR AY.5.1 OR AY.5.2 OR AY.5.3 OR AY.5.4 OR AY.5.5 OR AY.5.6 OR AY.5.7 OR AY.6 OR AY.7 OR AY.7.1 OR AY.7.2 OR AY.8 OR AY.9 OR AY.9.2 OR AY.9.2.1 OR AY.9.2.2 OR AY.10 OR AY.11 OR AY.13 OR AY.14 OR AY.15 OR AY.16 OR AY.16.1 OR AY.17 OR AY.18 OR AY.19 OR AY.20 OR AY.20.1 OR AY.21 OR AY.22 OR AY.23 OR AY.23.1 OR AY.23.2 OR AY.24 OR AY.24.1 OR AY.25 OR AY.25.1 OR AY.25.1.1 OR AY.25.1.2 OR AY.25.2 OR AY.25.3 OR AY.26 OR AY.26.1 OR AY.27 OR AY.28 OR AY.29 OR AY.29.1 OR AY.29.2 OR AY.30 OR AY.31 OR AY.32 OR AY.33 OR AY.33.1 OR AY.33.2 OR AY.34 OR AY.34.1 OR AY.34.1.1 OR AY.34.2 OR AY.35 OR AY.36 OR AY.36.1 OR AY.37 OR AY.38 OR AY.39 OR AY.39.1 OR AY.39.1.1 OR AY.39.1.2 OR AY.39.1.3 OR AY.39.1.4 OR AY.39.2 OR AY.39.3 OR AY.40 OR AY.41 OR AY.42 OR AY.42.1 OR AY.43 OR AY.43.1 OR AY.43.2 OR AY.43.3 OR AY.43.4 OR AY.43.5 OR AY.43.6 OR AY.43.7 OR AY.43.8 OR AY.43.9 OR AY.44 OR AY.45 OR AY.46 OR AY.46.1 OR AY.46.2 OR AY.46.3 OR AY.46.4 OR AY.46.5 OR AY.46.6 OR AY.46.6.1 OR AY.47 OR AY.48 OR AY.49 OR AY.50 OR AY.51 OR AY.52 OR AY.53 OR AY.54 OR AY.55 OR AY.56 OR AY.57 OR AY.58 OR AY.59 OR AY.60 OR AY.61 OR AY.62 OR AY.63 OR AY.64 OR AY.65 OR AY.66 OR AY.67 OR AY.68 OR AY.69 OR AY.70 OR AY.71 OR AY.72 OR AY.73 OR AY.74 OR AY.75 OR AY.75.2 OR AY.75.3 OR AY.76 OR AY.77 OR AY.78 OR AY.79 OR AY.80 OR AY.81 OR AY.82 OR AY.83 OR AY.84 OR AY.85 OR AY.86 OR AY.87 OR AY.88 OR AY.90 OR AY.91 OR AY.91.1 OR AY.92 OR AY.93 OR AY.94 OR AY.95 OR AY.98 OR AY.98.1 OR AY.98.1.1 OR AY.99 OR AY.99.1 OR AY.99.2 OR AY.100 OR AY.101 OR AY.102 OR AY.102.1 OR AY.102.2 OR AY.103 OR AY.103.1 OR AY.103.2 OR AY.104 OR AY.105 OR AY.106 OR AY.107 OR AY.108 OR AY.109 OR AY.110 OR AY.111 OR AY.112 OR AY.112.1 OR AY.112.2 OR AY.112.3 OR AY.113 OR AY.114 OR AY.116 OR AY.116.1 OR AY.117 OR AY.118 OR AY.119 OR AY.119.1 OR AY.119.2 OR AY.120 OR AY.120.1 OR AY.120.2 OR AY.120.2.1 OR AY.121 OR AY.121.1 OR AY.122 OR AY.122.1 OR AY.122.2 OR AY.122.3 OR AY.122.4 OR AY.122.5 OR AY.122.6 OR AY.123 OR AY.123.1 OR AY.124 OR AY.124.1 OR AY.124.1.1 OR AY.125 OR AY.125.1 OR AY.126 OR AY.127 OR AY.127.1 OR AY.127.2 OR AY.127.3 OR AY.128 OR AY.129 OR AY.130 OR AY.131 OR AY.132 OR AY.133 OR AY.134 OR B.1.617.2,Delta,5.5,0,0
2022-05-27,6,0,3.57142857142857,0,0,0.000115332788238275,0.44476261765764,AY.1 OR AY.2 OR AY.3 OR AY.3.1 OR AY.3.2 OR AY.3.3 OR AY.3.4 OR AY.4 OR AY.4.1 OR AY.4.2 OR AY.4.2.1 OR AY.4.2.2 OR AY.4.2.3 OR AY.4.2.4 OR AY.4.2.5 OR AY.4.3 OR AY.4.4 OR AY.4.5 OR AY.4.6 OR AY.4.7 OR AY.4.8 OR AY.4.9 OR AY.4.10 OR AY.4.11 OR AY.4.12 OR AY.4.13 OR AY.4.14 OR AY.4.15 OR AY.4.16 OR AY.4.17 OR AY.5 OR AY.5.1 OR AY.5.2 OR AY.5.3 OR AY.5.4 OR AY.5.5 OR AY.5.6 OR AY.5.7 OR AY.6 OR AY.7 OR AY.7.1 OR AY.7.2 OR AY.8 OR AY.9 OR AY.9.2 OR AY.9.2.1 OR AY.9.2.2 OR AY.10 OR AY.11 OR AY.13 OR AY.14 OR AY.15 OR AY.16 OR AY.16.1 OR AY.17 OR AY.18 OR AY.19 OR AY.20 OR AY.20.1 OR AY.21 OR AY.22 OR AY.23 OR AY.23.1 OR AY.23.2 OR AY.24 OR AY.24.1 OR AY.25 OR AY.25.1 OR AY.25.1.1 OR AY.25.1.2 OR AY.25.2 OR AY.25.3 OR AY.26 OR AY.26.1 OR AY.27 OR AY.28 OR AY.29 OR AY.29.1 OR AY.29.2 OR AY.30 OR AY.31 OR AY.32 OR AY.33 OR AY.33.1 OR AY.33.2 OR AY.34 OR AY.34.1 OR AY.34.1.1 OR AY.34.2 OR AY.35 OR AY.36 OR AY.36.1 OR AY.37 OR AY.38 OR AY.39 OR AY.39.1 OR AY.39.1.1 OR AY.39.1.2 OR AY.39.1.3 OR AY.39.1.4 OR AY.39.2 OR AY.39.3 OR AY.40 OR AY.41 OR AY.42 OR AY.42.1 OR AY.43 OR AY.43.1 OR AY.43.2 OR AY.43.3 OR AY.43.4 OR AY.43.5 OR AY.43.6 OR AY.43.7 OR AY.43.8 OR AY.43.9 OR AY.44 OR AY.45 OR AY.46 OR AY.46.1 OR AY.46.2 OR AY.46.3 OR AY.46.4 OR AY.46.5 OR AY.46.6 OR AY.46.6.1 OR AY.47 OR AY.48 OR AY.49 OR AY.50 OR AY.51 OR AY.52 OR AY.53 OR AY.54 OR AY.55 OR AY.56 OR AY.57 OR AY.58 OR AY.59 OR AY.60 OR AY.61 OR AY.62 OR AY.63 OR AY.64 OR AY.65 OR AY.66 OR AY.67 OR AY.68 OR AY.69 OR AY.70 OR AY.71 OR AY.72 OR AY.73 OR AY.74 OR AY.75 OR AY.75.2 OR AY.75.3 OR AY.76 OR AY.77 OR AY.78 OR AY.79 OR AY.80 OR AY.81 OR AY.82 OR AY.83 OR AY.84 OR AY.85 OR AY.86 OR AY.87 OR AY.88 OR AY.90 OR AY.91 OR AY.91.1 OR AY.92 OR AY.93 OR AY.94 OR AY.95 OR AY.98 OR AY.98.1 OR AY.98.1.1 OR AY.99 OR AY.99.1 OR AY.99.2 OR AY.100 OR AY.101 OR AY.102 OR AY.102.1 OR AY.102.2 OR AY.103 OR AY.103.1 OR AY.103.2 OR AY.104 OR AY.105 OR AY.106 OR AY.107 OR AY.108 OR AY.109 OR AY.110 OR AY.111 OR AY.112 OR AY.112.1 OR AY.112.2 OR AY.112.3 OR AY.113 OR AY.114 OR AY.116 OR AY.116.1 OR AY.117 OR AY.118 OR AY.119 OR AY.119.1 OR AY.119.2 OR AY.120 OR AY.120.1 OR AY.120.2 OR AY.120.2.1 OR AY.121 OR AY.121.1 OR AY.122 OR AY.122.1 OR AY.122.2 OR AY.122.3 OR AY.122.4 OR AY.122.5 OR AY.122.6 OR AY.123 OR AY.123.1 OR AY.124 OR AY.124.1 OR AY.124.1.1 OR AY.125 OR AY.125.1 OR AY.126 OR AY.127 OR AY.127.1 OR AY.127.2 OR AY.127.3 OR AY.128 OR AY.129 OR AY.130 OR AY.131 OR AY.132 OR AY.133 OR AY.134 OR B.1.617.2,Delta,5.14285714285714,0,0
2022-05-28,4,0,3.57142857142857,0,0,0.000115332788238275,0.44476261765764,AY.1 OR AY.2 OR AY.3 OR AY.3.1 OR AY.3.2 OR AY.3.3 OR AY.3.4 OR AY.4 OR AY.4.1 OR AY.4.2 OR AY.4.2.1 OR AY.4.2.2 OR AY.4.2.3 OR AY.4.2.4 OR AY.4.2.5 OR AY.4.3 OR AY.4.4 OR AY.4.5 OR AY.4.6 OR AY.4.7 OR AY.4.8 OR AY.4.9 OR AY.4.10 OR AY.4.11 OR AY.4.12 OR AY.4.13 OR AY.4.14 OR AY.4.15 OR AY.4.16 OR AY.4.17 OR AY.5 OR AY.5.1 OR AY.5.2 OR AY.5.3 OR AY.5.4 OR AY.5.5 OR AY.5.6 OR AY.5.7 OR AY.6 OR AY.7 OR AY.7.1 OR AY.7.2 OR AY.8 OR AY.9 OR AY.9.2 OR AY.9.2.1 OR AY.9.2.2 OR AY.10 OR AY.11 OR AY.13 OR AY.14 OR AY.15 OR AY.16 OR AY.16.1 OR AY.17 OR AY.18 OR AY.19 OR AY.20 OR AY.20.1 OR AY.21 OR AY.22 OR AY.23 OR AY.23.1 OR AY.23.2 OR AY.24 OR AY.24.1 OR AY.25 OR AY.25.1 OR AY.25.1.1 OR AY.25.1.2 OR AY.25.2 OR AY.25.3 OR AY.26 OR AY.26.1 OR AY.27 OR AY.28 OR AY.29 OR AY.29.1 OR AY.29.2 OR AY.30 OR AY.31 OR AY.32 OR AY.33 OR AY.33.1 OR AY.33.2 OR AY.34 OR AY.34.1 OR AY.34.1.1 OR AY.34.2 OR AY.35 OR AY.36 OR AY.36.1 OR AY.37 OR AY.38 OR AY.39 OR AY.39.1 OR AY.39.1.1 OR AY.39.1.2 OR AY.39.1.3 OR AY.39.1.4 OR AY.39.2 OR AY.39.3 OR AY.40 OR AY.41 OR AY.42 OR AY.42.1 OR AY.43 OR AY.43.1 OR AY.43.2 OR AY.43.3 OR AY.43.4 OR AY.43.5 OR AY.43.6 OR AY.43.7 OR AY.43.8 OR AY.43.9 OR AY.44 OR AY.45 OR AY.46 OR AY.46.1 OR AY.46.2 OR AY.46.3 OR AY.46.4 OR AY.46.5 OR AY.46.6 OR AY.46.6.1 OR AY.47 OR AY.48 OR AY.49 OR AY.50 OR AY.51 OR AY.52 OR AY.53 OR AY.54 OR AY.55 OR AY.56 OR AY.57 OR AY.58 OR AY.59 OR AY.60 OR AY.61 OR AY.62 OR AY.63 OR AY.64 OR AY.65 OR AY.66 OR AY.67 OR AY.68 OR AY.69 OR AY.70 OR AY.71 OR AY.72 OR AY.73 OR AY.74 OR AY.75 OR AY.75.2 OR AY.75.3 OR AY.76 OR AY.77 OR AY.78 OR AY.79 OR AY.80 OR AY.81 OR AY.82 OR AY.83 OR AY.84 OR AY.85 OR AY.86 OR AY.87 OR AY.88 OR AY.90 OR AY.91 OR AY.91.1 OR AY.92 OR AY.93 OR AY.94 OR AY.95 OR AY.98 OR AY.98.1 OR AY.98.1.1 OR AY.99 OR AY.99.1 OR AY.99.2 OR AY.100 OR AY.101 OR AY.102 OR AY.102.1 OR AY.102.2 OR AY.103 OR AY.103.1 OR AY.103.2 OR AY.104 OR AY.105 OR AY.106 OR AY.107 OR AY.108 OR AY.109 OR AY.110 OR AY.111 OR AY.112 OR AY.112.1 OR AY.112.2 OR AY.112.3 OR AY.113 OR AY.114 OR AY.116 OR AY.116.1 OR AY.117 OR AY.118 OR AY.119 OR AY.119.1 OR AY.119.2 OR AY.120 OR AY.120.1 OR AY.120.2 OR AY.120.2.1 OR AY.121 OR AY.121.1 OR AY.122 OR AY.122.1 OR AY.122.2 OR AY.122.3 OR AY.122.4 OR AY.122.5 OR AY.122.6 OR AY.123 OR AY.123.1 OR AY.124 OR AY.124.1 OR AY.124.1.1 OR AY.125 OR AY.125.1 OR AY.126 OR AY.127 OR AY.127.1 OR AY.127.2 OR AY.127.3 OR AY.128 OR AY.129 OR AY.130 OR AY.131 OR AY.132 OR AY.133 OR AY.134 OR B.1.617.2,Delta,5.14285714285714,0,0
2022-05-29,7,0,4.42857142857143,0,0,0.000115332788238275,0.44476261765764,AY.1 OR AY.2 OR AY.3 OR AY.3.1 OR AY.3.2 OR AY.3.3 OR AY.3.4 OR AY.4 OR AY.4.1 OR AY.4.2 OR AY.4.2.1 OR AY.4.2.2 OR AY.4.2.3 OR AY.4.2.4 OR AY.4.2.5 OR AY.4.3 OR AY.4.4 OR AY.4.5 OR AY.4.6 OR AY.4.7 OR AY.4.8 OR AY.4.9 OR AY.4.10 OR AY.4.11 OR AY.4.12 OR AY.4.13 OR AY.4.14 OR AY.4.15 OR AY.4.16 OR AY.4.17 OR AY.5 OR AY.5.1 OR AY.5.2 OR AY.5.3 OR AY.5.4 OR AY.5.5 OR AY.5.6 OR AY.5.7 OR AY.6 OR AY.7 OR AY.7.1 OR AY.7.2 OR AY.8 OR AY.9 OR AY.9.2 OR AY.9.2.1 OR AY.9.2.2 OR AY.10 OR AY.11 OR AY.13 OR AY.14 OR AY.15 OR AY.16 OR AY.16.1 OR AY.17 OR AY.18 OR AY.19 OR AY.20 OR AY.20.1 OR AY.21 OR AY.22 OR AY.23 OR AY.23.1 OR AY.23.2 OR AY.24 OR AY.24.1 OR AY.25 OR AY.25.1 OR AY.25.1.1 OR AY.25.1.2 OR AY.25.2 OR AY.25.3 OR AY.26 OR AY.26.1 OR AY.27 OR AY.28 OR AY.29 OR AY.29.1 OR AY.29.2 OR AY.30 OR AY.31 OR AY.32 OR AY.33 OR AY.33.1 OR AY.33.2 OR AY.34 OR AY.34.1 OR AY.34.1.1 OR AY.34.2 OR AY.35 OR AY.36 OR AY.36.1 OR AY.37 OR AY.38 OR AY.39 OR AY.39.1 OR AY.39.1.1 OR AY.39.1.2 OR AY.39.1.3 OR AY.39.1.4 OR AY.39.2 OR AY.39.3 OR AY.40 OR AY.41 OR AY.42 OR AY.42.1 OR AY.43 OR AY.43.1 OR AY.43.2 OR AY.43.3 OR AY.43.4 OR AY.43.5 OR AY.43.6 OR AY.43.7 OR AY.43.8 OR AY.43.9 OR AY.44 OR AY.45 OR AY.46 OR AY.46.1 OR AY.46.2 OR AY.46.3 OR AY.46.4 OR AY.46.5 OR AY.46.6 OR AY.46.6.1 OR AY.47 OR AY.48 OR AY.49 OR AY.50 OR AY.51 OR AY.52 OR AY.53 OR AY.54 OR AY.55 OR AY.56 OR AY.57 OR AY.58 OR AY.59 OR AY.60 OR AY.61 OR AY.62 OR AY.63 OR AY.64 OR AY.65 OR AY.66 OR AY.67 OR AY.68 OR AY.69 OR AY.70 OR AY.71 OR AY.72 OR AY.73 OR AY.74 OR AY.75 OR AY.75.2 OR AY.75.3 OR AY.76 OR AY.77 OR AY.78 OR AY.79 OR AY.80 OR AY.81 OR AY.82 OR AY.83 OR AY.84 OR AY.85 OR AY.86 OR AY.87 OR AY.88 OR AY.90 OR AY.91 OR AY.91.1 OR AY.92 OR AY.93 OR AY.94 OR AY.95 OR AY.98 OR AY.98.1 OR AY.98.1.1 OR AY.99 OR AY.99.1 OR AY.99.2 OR AY.100 OR AY.101 OR AY.102 OR AY.102.1 OR AY.102.2 OR AY.103 OR AY.103.1 OR AY.103.2 OR AY.104 OR AY.105 OR AY.106 OR AY.107 OR AY.108 OR AY.109 OR AY.110 OR AY.111 OR AY.112 OR AY.112.1 OR AY.112.2 OR AY.112.3 OR AY.113 OR AY.114 OR AY.116 OR AY.116.1 OR AY.117 OR AY.118 OR AY.119 OR AY.119.1 OR AY.119.2 OR AY.120 OR AY.120.1 OR AY.120.2 OR AY.120.2.1 OR AY.121 OR AY.121.1 OR AY.122 OR AY.122.1 OR AY.122.2 OR AY.122.3 OR AY.122.4 OR AY.122.5 OR AY.122.6 OR AY.123 OR AY.123.1 OR AY.124 OR AY.124.1 OR AY.124.1.1 OR AY.125 OR AY.125.1 OR AY.126 OR AY.127 OR AY.127.1 OR AY.127.2 OR AY.127.3 OR AY.128 OR AY.129 OR AY.130 OR AY.131 OR AY.132 OR AY.133 OR AY.134 OR B.1.617.2,Delta,5,0,0
2022-05-30,5,0,4.42857142857143,0,0,0.000115332788238275,0.44476261765764,AY.1 OR AY.2 OR AY.3 OR AY.3.1 OR AY.3.2 OR AY.3.3 OR AY.3.4 OR AY.4 OR AY.4.1 OR AY.4.2 OR AY.4.2.1 OR AY.4.2.2 OR AY.4.2.3 OR AY.4.2.4 OR AY.4.2.5 OR AY.4.3 OR AY.4.4 OR AY.4.5 OR AY.4.6 OR AY.4.7 OR AY.4.8 OR AY.4.9 OR AY.4.10 OR AY.4.11 OR AY.4.12 OR AY.4.13 OR AY.4.14 OR AY.4.15 OR AY.4.16 OR AY.4.17 OR AY.5 OR AY.5.1 OR AY.5.2 OR AY.5.3 OR AY.5.4 OR AY.5.5 OR AY.5.6 OR AY.5.7 OR AY.6 OR AY.7 OR AY.7.1 OR AY.7.2 OR AY.8 OR AY.9 OR AY.9.2 OR AY.9.2.1 OR AY.9.2.2 OR AY.10 OR AY.11 OR AY.13 OR AY.14 OR AY.15 OR AY.16 OR AY.16.1 OR AY.17 OR AY.18 OR AY.19 OR AY.20 OR AY.20.1 OR AY.21 OR AY.22 OR AY.23 OR AY.23.1 OR AY.23.2 OR AY.24 OR AY.24.1 OR AY.25 OR AY.25.1 OR AY.25.1.1 OR AY.25.1.2 OR AY.25.2 OR AY.25.3 OR AY.26 OR AY.26.1 OR AY.27 OR AY.28 OR AY.29 OR AY.29.1 OR AY.29.2 OR AY.30 OR AY.31 OR AY.32 OR AY.33 OR AY.33.1 OR AY.33.2 OR AY.34 OR AY.34.1 OR AY.34.1.1 OR AY.34.2 OR AY.35 OR AY.36 OR AY.36.1 OR AY.37 OR AY.38 OR AY.39 OR AY.39.1 OR AY.39.1.1 OR AY.39.1.2 OR AY.39.1.3 OR AY.39.1.4 OR AY.39.2 OR AY.39.3 OR AY.40 OR AY.41 OR AY.42 OR AY.42.1 OR AY.43 OR AY.43.1 OR AY.43.2 OR AY.43.3 OR AY.43.4 OR AY.43.5 OR AY.43.6 OR AY.43.7 OR AY.43.8 OR AY.43.9 OR AY.44 OR AY.45 OR AY.46 OR AY.46.1 OR AY.46.2 OR AY.46.3 OR AY.46.4 OR AY.46.5 OR AY.46.6 OR AY.46.6.1 OR AY.47 OR AY.48 OR AY.49 OR AY.50 OR AY.51 OR AY.52 OR AY.53 OR AY.54 OR AY.55 OR AY.56 OR AY.57 OR AY.58 OR AY.59 OR AY.60 OR AY.61 OR AY.62 OR AY.63 OR AY.64 OR AY.65 OR AY.66 OR AY.67 OR AY.68 OR AY.69 OR AY.70 OR AY.71 OR AY.72 OR AY.73 OR AY.74 OR AY.75 OR AY.75.2 OR AY.75.3 OR AY.76 OR AY.77 OR AY.78 OR AY.79 OR AY.80 OR AY.81 OR AY.82 OR AY.83 OR AY.84 OR AY.85 OR AY.86 OR AY.87 OR AY.88 OR AY.90 OR AY.91 OR AY.91.1 OR AY.92 OR AY.93 OR AY.94 OR AY.95 OR AY.98 OR AY.98.1 OR AY.98.1.1 OR AY.99 OR AY.99.1 OR AY.99.2 OR AY.100 OR AY.101 OR AY.102 OR AY.102.1 OR AY.102.2 OR AY.103 OR AY.103.1 OR AY.103.2 OR AY.104 OR AY.105 OR AY.106 OR AY.107 OR AY.108 OR AY.109 OR AY.110 OR AY.111 OR AY.112 OR AY.112.1 OR AY.112.2 OR AY.112.3 OR AY.113 OR AY.114 OR AY.116 OR AY.116.1 OR AY.117 OR AY.118 OR AY.119 OR AY.119.1 OR AY.119.2 OR AY.120 OR AY.120.1 OR AY.120.2 OR AY.120.2.1 OR AY.121 OR AY.121.1 OR AY.122 OR AY.122.1 OR AY.122.2 OR AY.122.3 OR AY.122.4 OR AY.122.5 OR AY.122.6 OR AY.123 OR AY.123.1 OR AY.124 OR AY.124.1 OR AY.124.1.1 OR AY.125 OR AY.125.1 OR AY.126 OR AY.127 OR AY.127.1 OR AY.127.2 OR AY.127.3 OR AY.128 OR AY.129 OR AY.130 OR AY.131 OR AY.132 OR AY.133 OR AY.134 OR B.1.617.2,Delta,4.78571428571429,0,0
2022-05-31,4,0,4.14285714285714,0,0,0.000115332788238275,0.44476261765764,AY.1 OR AY.2 OR AY.3 OR AY.3.1 OR AY.3.2 OR AY.3.3 OR AY.3.4 OR AY.4 OR AY.4.1 OR AY.4.2 OR AY.4.2.1 OR AY.4.2.2 OR AY.4.2.3 OR AY.4.2.4 OR AY.4.2.5 OR AY.4.3 OR AY.4.4 OR AY.4.5 OR AY.4.6 OR AY.4.7 OR AY.4.8 OR AY.4.9 OR AY.4.10 OR AY.4.11 OR AY.4.12 OR AY.4.13 OR AY.4.14 OR AY.4.15 OR AY.4.16 OR AY.4.17 OR AY.5 OR AY.5.1 OR AY.5.2 OR AY.5.3 OR AY.5.4 OR AY.5.5 OR AY.5.6 OR AY.5.7 OR AY.6 OR AY.7 OR AY.7.1 OR AY.7.2 OR AY.8 OR AY.9 OR AY.9.2 OR AY.9.2.1 OR AY.9.2.2 OR AY.10 OR AY.11 OR AY.13 OR AY.14 OR AY.15 OR AY.16 OR AY.16.1 OR AY.17 OR AY.18 OR AY.19 OR AY.20 OR AY.20.1 OR AY.21 OR AY.22 OR AY.23 OR AY.23.1 OR AY.23.2 OR AY.24 OR AY.24.1 OR AY.25 OR AY.25.1 OR AY.25.1.1 OR AY.25.1.2 OR AY.25.2 OR AY.25.3 OR AY.26 OR AY.26.1 OR AY.27 OR AY.28 OR AY.29 OR AY.29.1 OR AY.29.2 OR AY.30 OR AY.31 OR AY.32 OR AY.33 OR AY.33.1 OR AY.33.2 OR AY.34 OR AY.34.1 OR AY.34.1.1 OR AY.34.2 OR AY.35 OR AY.36 OR AY.36.1 OR AY.37 OR AY.38 OR AY.39 OR AY.39.1 OR AY.39.1.1 OR AY.39.1.2 OR AY.39.1.3 OR AY.39.1.4 OR AY.39.2 OR AY.39.3 OR AY.40 OR AY.41 OR AY.42 OR AY.42.1 OR AY.43 OR AY.43.1 OR AY.43.2 OR AY.43.3 OR AY.43.4 OR AY.43.5 OR AY.43.6 OR AY.43.7 OR AY.43.8 OR AY.43.9 OR AY.44 OR AY.45 OR AY.46 OR AY.46.1 OR AY.46.2 OR AY.46.3 OR AY.46.4 OR AY.46.5 OR AY.46.6 OR AY.46.6.1 OR AY.47 OR AY.48 OR AY.49 OR AY.50 OR AY.51 OR AY.52 OR AY.53 OR AY.54 OR AY.55 OR AY.56 OR AY.57 OR AY.58 OR AY.59 OR AY.60 OR AY.61 OR AY.62 OR AY.63 OR AY.64 OR AY.65 OR AY.66 OR AY.67 OR AY.68 OR AY.69 OR AY.70 OR AY.71 OR AY.72 OR AY.73 OR AY.74 OR AY.75 OR AY.75.2 OR AY.75.3 OR AY.76 OR AY.77 OR AY.78 OR AY.79 OR AY.80 OR AY.81 OR AY.82 OR AY.83 OR AY.84 OR AY.85 OR AY.86 OR AY.87 OR AY.88 OR AY.90 OR AY.91 OR AY.91.1 OR AY.92 OR AY.93 OR AY.94 OR AY.95 OR AY.98 OR AY.98.1 OR AY.98.1.1 OR AY.99 OR AY.99.1 OR AY.99.2 OR AY.100 OR AY.101 OR AY.102 OR AY.102.1 OR AY.102.2 OR AY.103 OR AY.103.1 OR AY.103.2 OR AY.104 OR AY.105 OR AY.106 OR AY.107 OR AY.108 OR AY.109 OR AY.110 OR AY.111 OR AY.112 OR AY.112.1 OR AY.112.2 OR AY.112.3 OR AY.113 OR AY.114 OR AY.116 OR AY.116.1 OR AY.117 OR AY.118 OR AY.119 OR AY.119.1 OR AY.119.2 OR AY.120 OR AY.120.1 OR AY.120.2 OR AY.120.2.1 OR AY.121 OR AY.121.1 OR AY.122 OR AY.122.1 OR AY.122.2 OR AY.122.3 OR AY.122.4 OR AY.122.5 OR AY.122.6 OR AY.123 OR AY.123.1 OR AY.124 OR AY.124.1 OR AY.124.1.1 OR AY.125 OR AY.125.1 OR AY.126 OR AY.127 OR AY.127.1 OR AY.127.2 OR AY.127.3 OR AY.128 OR AY.129 OR AY.130 OR AY.131 OR AY.132 OR AY.133 OR AY.134 OR B.1.617.2,Delta,4.35714285714286,0,0
2022-06-01,13,0,5.85714285714286,0,0,7.84998483662082e-05,0.33038890915155,AY.1 OR AY.2 OR AY.3 OR AY.3.1 OR AY.3.2 OR AY.3.3 OR AY.3.4 OR AY.4 OR AY.4.1 OR AY.4.2 OR AY.4.2.1 OR AY.4.2.2 OR AY.4.2.3 OR AY.4.2.4 OR AY.4.2.5 OR AY.4.3 OR AY.4.4 OR AY.4.5 OR AY.4.6 OR AY.4.7 OR AY.4.8 OR AY.4.9 OR AY.4.10 OR AY.4.11 OR AY.4.12 OR AY.4.13 OR AY.4.14 OR AY.4.15 OR AY.4.16 OR AY.4.17 OR AY.5 OR AY.5.1 OR AY.5.2 OR AY.5.3 OR AY.5.4 OR AY.5.5 OR AY.5.6 OR AY.5.7 OR AY.6 OR AY.7 OR AY.7.1 OR AY.7.2 OR AY.8 OR AY.9 OR AY.9.2 OR AY.9.2.1 OR AY.9.2.2 OR AY.10 OR AY.11 OR AY.13 OR AY.14 OR AY.15 OR AY.16 OR AY.16.1 OR AY.17 OR AY.18 OR AY.19 OR AY.20 OR AY.20.1 OR AY.21 OR AY.22 OR AY.23 OR AY.23.1 OR AY.23.2 OR AY.24 OR AY.24.1 OR AY.25 OR AY.25.1 OR AY.25.1.1 OR AY.25.1.2 OR AY.25.2 OR AY.25.3 OR AY.26 OR AY.26.1 OR AY.27 OR AY.28 OR AY.29 OR AY.29.1 OR AY.29.2 OR AY.30 OR AY.31 OR AY.32 OR AY.33 OR AY.33.1 OR AY.33.2 OR AY.34 OR AY.34.1 OR AY.34.1.1 OR AY.34.2 OR AY.35 OR AY.36 OR AY.36.1 OR AY.37 OR AY.38 OR AY.39 OR AY.39.1 OR AY.39.1.1 OR AY.39.1.2 OR AY.39.1.3 OR AY.39.1.4 OR AY.39.2 OR AY.39.3 OR AY.40 OR AY.41 OR AY.42 OR AY.42.1 OR AY.43 OR AY.43.1 OR AY.43.2 OR AY.43.3 OR AY.43.4 OR AY.43.5 OR AY.43.6 OR AY.43.7 OR AY.43.8 OR AY.43.9 OR AY.44 OR AY.45 OR AY.46 OR AY.46.1 OR AY.46.2 OR AY.46.3 OR AY.46.4 OR AY.46.5 OR AY.46.6 OR AY.46.6.1 OR AY.47 OR AY.48 OR AY.49 OR AY.50 OR AY.51 OR AY.52 OR AY.53 OR AY.54 OR AY.55 OR AY.56 OR AY.57 OR AY.58 OR AY.59 OR AY.60 OR AY.61 OR AY.62 OR AY.63 OR AY.64 OR AY.65 OR AY.66 OR AY.67 OR AY.68 OR AY.69 OR AY.70 OR AY.71 OR AY.72 OR AY.73 OR AY.74 OR AY.75 OR AY.75.2 OR AY.75.3 OR AY.76 OR AY.77 OR AY.78 OR AY.79 OR AY.80 OR AY.81 OR AY.82 OR AY.83 OR AY.84 OR AY.85 OR AY.86 OR AY.87 OR AY.88 OR AY.90 OR AY.91 OR AY.91.1 OR AY.92 OR AY.93 OR AY.94 OR AY.95 OR AY.98 OR AY.98.1 OR AY.98.1.1 OR AY.99 OR AY.99.1 OR AY.99.2 OR AY.100 OR AY.101 OR AY.102 OR AY.102.1 OR AY.102.2 OR AY.103 OR AY.103.1 OR AY.103.2 OR AY.104 OR AY.105 OR AY.106 OR AY.107 OR AY.108 OR AY.109 OR AY.110 OR AY.111 OR AY.112 OR AY.112.1 OR AY.112.2 OR AY.112.3 OR AY.113 OR AY.114 OR AY.116 OR AY.116.1 OR AY.117 OR AY.118 OR AY.119 OR AY.119.1 OR AY.119.2 OR AY.120 OR AY.120.1 OR AY.120.2 OR AY.120.2.1 OR AY.121 OR AY.121.1 OR AY.122 OR AY.122.1 OR AY.122.2 OR AY.122.3 OR AY.122.4 OR AY.122.5 OR AY.122.6 OR AY.123 OR AY.123.1 OR AY.124 OR AY.124.1 OR AY.124.1.1 OR AY.125 OR AY.125.1 OR AY.126 OR AY.127 OR AY.127.1 OR AY.127.2 OR AY.127.3 OR AY.128 OR AY.129 OR AY.130 OR AY.131 OR AY.132 OR AY.133 OR AY.134 OR B.1.617.2,Delta,4.92857142857143,0,0
2022-06-02,10,0,7,0,0,6.76864642438304e-05,0.29243617366231,AY.1 OR AY.2 OR AY.3 OR AY.3.1 OR AY.3.2 OR AY.3.3 OR AY.3.4 OR AY.4 OR AY.4.1 OR AY.4.2 OR AY.4.2.1 OR AY.4.2.2 OR AY.4.2.3 OR AY.4.2.4 OR AY.4.2.5 OR AY.4.3 OR AY.4.4 OR AY.4.5 OR AY.4.6 OR AY.4.7 OR AY.4.8 OR AY.4.9 OR AY.4.10 OR AY.4.11 OR AY.4.12 OR AY.4.13 OR AY.4.14 OR AY.4.15 OR AY.4.16 OR AY.4.17 OR AY.5 OR AY.5.1 OR AY.5.2 OR AY.5.3 OR AY.5.4 OR AY.5.5 OR AY.5.6 OR AY.5.7 OR AY.6 OR AY.7 OR AY.7.1 OR AY.7.2 OR AY.8 OR AY.9 OR AY.9.2 OR AY.9.2.1 OR AY.9.2.2 OR AY.10 OR AY.11 OR AY.13 OR AY.14 OR AY.15 OR AY.16 OR AY.16.1 OR AY.17 OR AY.18 OR AY.19 OR AY.20 OR AY.20.1 OR AY.21 OR AY.22 OR AY.23 OR AY.23.1 OR AY.23.2 OR AY.24 OR AY.24.1 OR AY.25 OR AY.25.1 OR AY.25.1.1 OR AY.25.1.2 OR AY.25.2 OR AY.25.3 OR AY.26 OR AY.26.1 OR AY.27 OR AY.28 OR AY.29 OR AY.29.1 OR AY.29.2 OR AY.30 OR AY.31 OR AY.32 OR AY.33 OR AY.33.1 OR AY.33.2 OR AY.34 OR AY.34.1 OR AY.34.1.1 OR AY.34.2 OR AY.35 OR AY.36 OR AY.36.1 OR AY.37 OR AY.38 OR AY.39 OR AY.39.1 OR AY.39.1.1 OR AY.39.1.2 OR AY.39.1.3 OR AY.39.1.4 OR AY.39.2 OR AY.39.3 OR AY.40 OR AY.41 OR AY.42 OR AY.42.1 OR AY.43 OR AY.43.1 OR AY.43.2 OR AY.43.3 OR AY.43.4 OR AY.43.5 OR AY.43.6 OR AY.43.7 OR AY.43.8 OR AY.43.9 OR AY.44 OR AY.45 OR AY.46 OR AY.46.1 OR AY.46.2 OR AY.46.3 OR AY.46.4 OR AY.46.5 OR AY.46.6 OR AY.46.6.1 OR AY.47 OR AY.48 OR AY.49 OR AY.50 OR AY.51 OR AY.52 OR AY.53 OR AY.54 OR AY.55 OR AY.56 OR AY.57 OR AY.58 OR AY.59 OR AY.60 OR AY.61 OR AY.62 OR AY.63 OR AY.64 OR AY.65 OR AY.66 OR AY.67 OR AY.68 OR AY.69 OR AY.70 OR AY.71 OR AY.72 OR AY.73 OR AY.74 OR AY.75 OR AY.75.2 OR AY.75.3 OR AY.76 OR AY.77 OR AY.78 OR AY.79 OR AY.80 OR AY.81 OR AY.82 OR AY.83 OR AY.84 OR AY.85 OR AY.86 OR AY.87 OR AY.88 OR AY.90 OR AY.91 OR AY.91.1 OR AY.92 OR AY.93 OR AY.94 OR AY.95 OR AY.98 OR AY.98.1 OR AY.98.1.1 OR AY.99 OR AY.99.1 OR AY.99.2 OR AY.100 OR AY.101 OR AY.102 OR AY.102.1 OR AY.102.2 OR AY.103 OR AY.103.1 OR AY.103.2 OR AY.104 OR AY.105 OR AY.106 OR AY.107 OR AY.108 OR AY.109 OR AY.110 OR AY.111 OR AY.112 OR AY.112.1 OR AY.112.2 OR AY.112.3 OR AY.113 OR AY.114 OR AY.116 OR AY.116.1 OR AY.117 OR AY.118 OR AY.119 OR AY.119.1 OR AY.119.2 OR AY.120 OR AY.120.1 OR AY.120.2 OR AY.120.2.1 OR AY.121 OR AY.121.1 OR AY.122 OR AY.122.1 OR AY.122.2 OR AY.122.3 OR AY.122.4 OR AY.122.5 OR AY.122.6 OR AY.123 OR AY.123.1 OR AY.124 OR AY.124.1 OR AY.124.1.1 OR AY.125 OR AY.125.1 OR AY.126 OR AY.127 OR AY.127.1 OR AY.127.2 OR AY.127.3 OR AY.128 OR AY.129 OR AY.130 OR AY.131 OR AY.132 OR AY.133 OR AY.134 OR B.1.617.2,Delta,5.07142857142857,0,0
2022-06-03,20,0,9,0,0,5.3064053418493e-05,0.237610098632903,AY.1 OR AY.2 OR AY.3 OR AY.3.1 OR AY.3.2 OR AY.3.3 OR AY.3.4 OR AY.4 OR AY.4.1 OR AY.4.2 OR AY.4.2.1 OR AY.4.2.2 OR AY.4.2.3 OR AY.4.2.4 OR AY.4.2.5 OR AY.4.3 OR AY.4.4 OR AY.4.5 OR AY.4.6 OR AY.4.7 OR AY.4.8 OR AY.4.9 OR AY.4.10 OR AY.4.11 OR AY.4.12 OR AY.4.13 OR AY.4.14 OR AY.4.15 OR AY.4.16 OR AY.4.17 OR AY.5 OR AY.5.1 OR AY.5.2 OR AY.5.3 OR AY.5.4 OR AY.5.5 OR AY.5.6 OR AY.5.7 OR AY.6 OR AY.7 OR AY.7.1 OR AY.7.2 OR AY.8 OR AY.9 OR AY.9.2 OR AY.9.2.1 OR AY.9.2.2 OR AY.10 OR AY.11 OR AY.13 OR AY.14 OR AY.15 OR AY.16 OR AY.16.1 OR AY.17 OR AY.18 OR AY.19 OR AY.20 OR AY.20.1 OR AY.21 OR AY.22 OR AY.23 OR AY.23.1 OR AY.23.2 OR AY.24 OR AY.24.1 OR AY.25 OR AY.25.1 OR AY.25.1.1 OR AY.25.1.2 OR AY.25.2 OR AY.25.3 OR AY.26 OR AY.26.1 OR AY.27 OR AY.28 OR AY.29 OR AY.29.1 OR AY.29.2 OR AY.30 OR AY.31 OR AY.32 OR AY.33 OR AY.33.1 OR AY.33.2 OR AY.34 OR AY.34.1 OR AY.34.1.1 OR AY.34.2 OR AY.35 OR AY.36 OR AY.36.1 OR AY.37 OR AY.38 OR AY.39 OR AY.39.1 OR AY.39.1.1 OR AY.39.1.2 OR AY.39.1.3 OR AY.39.1.4 OR AY.39.2 OR AY.39.3 OR AY.40 OR AY.41 OR AY.42 OR AY.42.1 OR AY.43 OR AY.43.1 OR AY.43.2 OR AY.43.3 OR AY.43.4 OR AY.43.5 OR AY.43.6 OR AY.43.7 OR AY.43.8 OR AY.43.9 OR AY.44 OR AY.45 OR AY.46 OR AY.46.1 OR AY.46.2 OR AY.46.3 OR AY.46.4 OR AY.46.5 OR AY.46.6 OR AY.46.6.1 OR AY.47 OR AY.48 OR AY.49 OR AY.50 OR AY.51 OR AY.52 OR AY.53 OR AY.54 OR AY.55 OR AY.56 OR AY.57 OR AY.58 OR AY.59 OR AY.60 OR AY.61 OR AY.62 OR AY.63 OR AY.64 OR AY.65 OR AY.66 OR AY.67 OR AY.68 OR AY.69 OR AY.70 OR AY.71 OR AY.72 OR AY.73 OR AY.74 OR AY.75 OR AY.75.2 OR AY.75.3 OR AY.76 OR AY.77 OR AY.78 OR AY.79 OR AY.80 OR AY.81 OR AY.82 OR AY.83 OR AY.84 OR AY.85 OR AY.86 OR AY.87 OR AY.88 OR AY.90 OR AY.91 OR AY.91.1 OR AY.92 OR AY.93 OR AY.94 OR AY.95 OR AY.98 OR AY.98.1 OR AY.98.1.1 OR AY.99 OR AY.99.1 OR AY.99.2 OR AY.100 OR AY.101 OR AY.102 OR AY.102.1 OR AY.102.2 OR AY.103 OR AY.103.1 OR AY.103.2 OR AY.104 OR AY.105 OR AY.106 OR AY.107 OR AY.108 OR AY.109 OR AY.110 OR AY.111 OR AY.112 OR AY.112.1 OR AY.112.2 OR AY.112.3 OR AY.113 OR AY.114 OR AY.116 OR AY.116.1 OR AY.117 OR AY.118 OR AY.119 OR AY.119.1 OR AY.119.2 OR AY.120 OR AY.120.1 OR AY.120.2 OR AY.120.2.1 OR AY.121 OR AY.121.1 OR AY.122 OR AY.122.1 OR AY.122.2 OR AY.122.3 OR AY.122.4 OR AY.122.5 OR AY.122.6 OR AY.123 OR AY.123.1 OR AY.124 OR AY.124.1 OR AY.124.1.1 OR AY.125 OR AY.125.1 OR AY.126 OR AY.127 OR AY.127.1 OR AY.127.2 OR AY.127.3 OR AY.128 OR AY.129 OR AY.130 OR AY.131 OR AY.132 OR AY.133 OR AY.134 OR B.1.617.2,Delta,6.28571428571429,0,0
2022-06-04,6,0,9.28571428571429,0,0,5.3064053418493e-05,0.237610098632903,AY.1 OR AY.2 OR AY.3 OR AY.3.1 OR AY.3.2 OR AY.3.3 OR AY.3.4 OR AY.4 OR AY.4.1 OR AY.4.2 OR AY.4.2.1 OR AY.4.2.2 OR AY.4.2.3 OR AY.4.2.4 OR AY.4.2.5 OR AY.4.3 OR AY.4.4 OR AY.4.5 OR AY.4.6 OR AY.4.7 OR AY.4.8 OR AY.4.9 OR AY.4.10 OR AY.4.11 OR AY.4.12 OR AY.4.13 OR AY.4.14 OR AY.4.15 OR AY.4.16 OR AY.4.17 OR AY.5 OR AY.5.1 OR AY.5.2 OR AY.5.3 OR AY.5.4 OR AY.5.5 OR AY.5.6 OR AY.5.7 OR AY.6 OR AY.7 OR AY.7.1 OR AY.7.2 OR AY.8 OR AY.9 OR AY.9.2 OR AY.9.2.1 OR AY.9.2.2 OR AY.10 OR AY.11 OR AY.13 OR AY.14 OR AY.15 OR AY.16 OR AY.16.1 OR AY.17 OR AY.18 OR AY.19 OR AY.20 OR AY.20.1 OR AY.21 OR AY.22 OR AY.23 OR AY.23.1 OR AY.23.2 OR AY.24 OR AY.24.1 OR AY.25 OR AY.25.1 OR AY.25.1.1 OR AY.25.1.2 OR AY.25.2 OR AY.25.3 OR AY.26 OR AY.26.1 OR AY.27 OR AY.28 OR AY.29 OR AY.29.1 OR AY.29.2 OR AY.30 OR AY.31 OR AY.32 OR AY.33 OR AY.33.1 OR AY.33.2 OR AY.34 OR AY.34.1 OR AY.34.1.1 OR AY.34.2 OR AY.35 OR AY.36 OR AY.36.1 OR AY.37 OR AY.38 OR AY.39 OR AY.39.1 OR AY.39.1.1 OR AY.39.1.2 OR AY.39.1.3 OR AY.39.1.4 OR AY.39.2 OR AY.39.3 OR AY.40 OR AY.41 OR AY.42 OR AY.42.1 OR AY.43 OR AY.43.1 OR AY.43.2 OR AY.43.3 OR AY.43.4 OR AY.43.5 OR AY.43.6 OR AY.43.7 OR AY.43.8 OR AY.43.9 OR AY.44 OR AY.45 OR AY.46 OR AY.46.1 OR AY.46.2 OR AY.46.3 OR AY.46.4 OR AY.46.5 OR AY.46.6 OR AY.46.6.1 OR AY.47 OR AY.48 OR AY.49 OR AY.50 OR AY.51 OR AY.52 OR AY.53 OR AY.54 OR AY.55 OR AY.56 OR AY.57 OR AY.58 OR AY.59 OR AY.60 OR AY.61 OR AY.62 OR AY.63 OR AY.64 OR AY.65 OR AY.66 OR AY.67 OR AY.68 OR AY.69 OR AY.70 OR AY.71 OR AY.72 OR AY.73 OR AY.74 OR AY.75 OR AY.75.2 OR AY.75.3 OR AY.76 OR AY.77 OR AY.78 OR AY.79 OR AY.80 OR AY.81 OR AY.82 OR AY.83 OR AY.84 OR AY.85 OR AY.86 OR AY.87 OR AY.88 OR AY.90 OR AY.91 OR AY.91.1 OR AY.92 OR AY.93 OR AY.94 OR AY.95 OR AY.98 OR AY.98.1 OR AY.98.1.1 OR AY.99 OR AY.99.1 OR AY.99.2 OR AY.100 OR AY.101 OR AY.102 OR AY.102.1 OR AY.102.2 OR AY.103 OR AY.103.1 OR AY.103.2 OR AY.104 OR AY.105 OR AY.106 OR AY.107 OR AY.108 OR AY.109 OR AY.110 OR AY.111 OR AY.112 OR AY.112.1 OR AY.112.2 OR AY.112.3 OR AY.113 OR AY.114 OR AY.116 OR AY.116.1 OR AY.117 OR AY.118 OR AY.119 OR AY.119.1 OR AY.119.2 OR AY.120 OR AY.120.1 OR AY.120.2 OR AY.120.2.1 OR AY.121 OR AY.121.1 OR AY.122 OR AY.122.1 OR AY.122.2 OR AY.122.3 OR AY.122.4 OR AY.122.5 OR AY.122.6 OR AY.123 OR AY.123.1 OR AY.124 OR AY.124.1 OR AY.124.1.1 OR AY.125 OR AY.125.1 OR AY.126 OR AY.127 OR AY.127.1 OR AY.127.2 OR AY.127.3 OR AY.128 OR AY.129 OR AY.130 OR AY.131 OR AY.132 OR AY.133 OR AY.134 OR B.1.617.2,Delta,6.42857142857143,0,0
2022-06-05,6,0,9.14285714285714,0,0,5.3064053418493e-05,0.237610098632903,AY.1 OR AY.2 OR AY.3 OR AY.3.1 OR AY.3.2 OR AY.3.3 OR AY.3.4 OR AY.4 OR AY.4.1 OR AY.4.2 OR AY.4.2.1 OR AY.4.2.2 OR AY.4.2.3 OR AY.4.2.4 OR AY.4.2.5 OR AY.4.3 OR AY.4.4 OR AY.4.5 OR AY.4.6 OR AY.4.7 OR AY.4.8 OR AY.4.9 OR AY.4.10 OR AY.4.11 OR AY.4.12 OR AY.4.13 OR AY.4.14 OR AY.4.15 OR AY.4.16 OR AY.4.17 OR AY.5 OR AY.5.1 OR AY.5.2 OR AY.5.3 OR AY.5.4 OR AY.5.5 OR AY.5.6 OR AY.5.7 OR AY.6 OR AY.7 OR AY.7.1 OR AY.7.2 OR AY.8 OR AY.9 OR AY.9.2 OR AY.9.2.1 OR AY.9.2.2 OR AY.10 OR AY.11 OR AY.13 OR AY.14 OR AY.15 OR AY.16 OR AY.16.1 OR AY.17 OR AY.18 OR AY.19 OR AY.20 OR AY.20.1 OR AY.21 OR AY.22 OR AY.23 OR AY.23.1 OR AY.23.2 OR AY.24 OR AY.24.1 OR AY.25 OR AY.25.1 OR AY.25.1.1 OR AY.25.1.2 OR AY.25.2 OR AY.25.3 OR AY.26 OR AY.26.1 OR AY.27 OR AY.28 OR AY.29 OR AY.29.1 OR AY.29.2 OR AY.30 OR AY.31 OR AY.32 OR AY.33 OR AY.33.1 OR AY.33.2 OR AY.34 OR AY.34.1 OR AY.34.1.1 OR AY.34.2 OR AY.35 OR AY.36 OR AY.36.1 OR AY.37 OR AY.38 OR AY.39 OR AY.39.1 OR AY.39.1.1 OR AY.39.1.2 OR AY.39.1.3 OR AY.39.1.4 OR AY.39.2 OR AY.39.3 OR AY.40 OR AY.41 OR AY.42 OR AY.42.1 OR AY.43 OR AY.43.1 OR AY.43.2 OR AY.43.3 OR AY.43.4 OR AY.43.5 OR AY.43.6 OR AY.43.7 OR AY.43.8 OR AY.43.9 OR AY.44 OR AY.45 OR AY.46 OR AY.46.1 OR AY.46.2 OR AY.46.3 OR AY.46.4 OR AY.46.5 OR AY.46.6 OR AY.46.6.1 OR AY.47 OR AY.48 OR AY.49 OR AY.50 OR AY.51 OR AY.52 OR AY.53 OR AY.54 OR AY.55 OR AY.56 OR AY.57 OR AY.58 OR AY.59 OR AY.60 OR AY.61 OR AY.62 OR AY.63 OR AY.64 OR AY.65 OR AY.66 OR AY.67 OR AY.68 OR AY.69 OR AY.70 OR AY.71 OR AY.72 OR AY.73 OR AY.74 OR AY.75 OR AY.75.2 OR AY.75.3 OR AY.76 OR AY.77 OR AY.78 OR AY.79 OR AY.80 OR AY.81 OR AY.82 OR AY.83 OR AY.84 OR AY.85 OR AY.86 OR AY.87 OR AY.88 OR AY.90 OR AY.91 OR AY.91.1 OR AY.92 OR AY.93 OR AY.94 OR AY.95 OR AY.98 OR AY.98.1 OR AY.98.1.1 OR AY.99 OR AY.99.1 OR AY.99.2 OR AY.100 OR AY.101 OR AY.102 OR AY.102.1 OR AY.102.2 OR AY.103 OR AY.103.1 OR AY.103.2 OR AY.104 OR AY.105 OR AY.106 OR AY.107 OR AY.108 OR AY.109 OR AY.110 OR AY.111 OR AY.112 OR AY.112.1 OR AY.112.2 OR AY.112.3 OR AY.113 OR AY.114 OR AY.116 OR AY.116.1 OR AY.117 OR AY.118 OR AY.119 OR AY.119.1 OR AY.119.2 OR AY.120 OR AY.120.1 OR AY.120.2 OR AY.120.2.1 OR AY.121 OR AY.121.1 OR AY.122 OR AY.122.1 OR AY.122.2 OR AY.122.3 OR AY.122.4 OR AY.122.5 OR AY.122.6 OR AY.123 OR AY.123.1 OR AY.124 OR AY.124.1 OR AY.124.1.1 OR AY.125 OR AY.125.1 OR AY.126 OR AY.127 OR AY.127.1 OR AY.127.2 OR AY.127.3 OR AY.128 OR AY.129 OR AY.130 OR AY.131 OR AY.132 OR AY.133 OR AY.134 OR B.1.617.2,Delta,6.78571428571429,0,0
2022-06-06,12,0,10.1428571428571,0,0,4.7890433157582e-05,0.217196267509211,AY.1 OR AY.2 OR AY.3 OR AY.3.1 OR AY.3.2 OR AY.3.3 OR AY.3.4 OR AY.4 OR AY.4.1 OR AY.4.2 OR AY.4.2.1 OR AY.4.2.2 OR AY.4.2.3 OR AY.4.2.4 OR AY.4.2.5 OR AY.4.3 OR AY.4.4 OR AY.4.5 OR AY.4.6 OR AY.4.7 OR AY.4.8 OR AY.4.9 OR AY.4.10 OR AY.4.11 OR AY.4.12 OR AY.4.13 OR AY.4.14 OR AY.4.15 OR AY.4.16 OR AY.4.17 OR AY.5 OR AY.5.1 OR AY.5.2 OR AY.5.3 OR AY.5.4 OR AY.5.5 OR AY.5.6 OR AY.5.7 OR AY.6 OR AY.7 OR AY.7.1 OR AY.7.2 OR AY.8 OR AY.9 OR AY.9.2 OR AY.9.2.1 OR AY.9.2.2 OR AY.10 OR AY.11 OR AY.13 OR AY.14 OR AY.15 OR AY.16 OR AY.16.1 OR AY.17 OR AY.18 OR AY.19 OR AY.20 OR AY.20.1 OR AY.21 OR AY.22 OR AY.23 OR AY.23.1 OR AY.23.2 OR AY.24 OR AY.24.1 OR AY.25 OR AY.25.1 OR AY.25.1.1 OR AY.25.1.2 OR AY.25.2 OR AY.25.3 OR AY.26 OR AY.26.1 OR AY.27 OR AY.28 OR AY.29 OR AY.29.1 OR AY.29.2 OR AY.30 OR AY.31 OR AY.32 OR AY.33 OR AY.33.1 OR AY.33.2 OR AY.34 OR AY.34.1 OR AY.34.1.1 OR AY.34.2 OR AY.35 OR AY.36 OR AY.36.1 OR AY.37 OR AY.38 OR AY.39 OR AY.39.1 OR AY.39.1.1 OR AY.39.1.2 OR AY.39.1.3 OR AY.39.1.4 OR AY.39.2 OR AY.39.3 OR AY.40 OR AY.41 OR AY.42 OR AY.42.1 OR AY.43 OR AY.43.1 OR AY.43.2 OR AY.43.3 OR AY.43.4 OR AY.43.5 OR AY.43.6 OR AY.43.7 OR AY.43.8 OR AY.43.9 OR AY.44 OR AY.45 OR AY.46 OR AY.46.1 OR AY.46.2 OR AY.46.3 OR AY.46.4 OR AY.46.5 OR AY.46.6 OR AY.46.6.1 OR AY.47 OR AY.48 OR AY.49 OR AY.50 OR AY.51 OR AY.52 OR AY.53 OR AY.54 OR AY.55 OR AY.56 OR AY.57 OR AY.58 OR AY.59 OR AY.60 OR AY.61 OR AY.62 OR AY.63 OR AY.64 OR AY.65 OR AY.66 OR AY.67 OR AY.68 OR AY.69 OR AY.70 OR AY.71 OR AY.72 OR AY.73 OR AY.74 OR AY.75 OR AY.75.2 OR AY.75.3 OR AY.76 OR AY.77 OR AY.78 OR AY.79 OR AY.80 OR AY.81 OR AY.82 OR AY.83 OR AY.84 OR AY.85 OR AY.86 OR AY.87 OR AY.88 OR AY.90 OR AY.91 OR AY.91.1 OR AY.92 OR AY.93 OR AY.94 OR AY.95 OR AY.98 OR AY.98.1 OR AY.98.1.1 OR AY.99 OR AY.99.1 OR AY.99.2 OR AY.100 OR AY.101 OR AY.102 OR AY.102.1 OR AY.102.2 OR AY.103 OR AY.103.1 OR AY.103.2 OR AY.104 OR AY.105 OR AY.106 OR AY.107 OR AY.108 OR AY.109 OR AY.110 OR AY.111 OR AY.112 OR AY.112.1 OR AY.112.2 OR AY.112.3 OR AY.113 OR AY.114 OR AY.116 OR AY.116.1 OR AY.117 OR AY.118 OR AY.119 OR AY.119.1 OR AY.119.2 OR AY.120 OR AY.120.1 OR AY.120.2 OR AY.120.2.1 OR AY.121 OR AY.121.1 OR AY.122 OR AY.122.1 OR AY.122.2 OR AY.122.3 OR AY.122.4 OR AY.122.5 OR AY.122.6 OR AY.123 OR AY.123.1 OR AY.124 OR AY.124.1 OR AY.124.1.1 OR AY.125 OR AY.125.1 OR AY.126 OR AY.127 OR AY.127.1 OR AY.127.2 OR AY.127.3 OR AY.128 OR AY.129 OR AY.130 OR AY.131 OR AY.132 OR AY.133 OR AY.134 OR B.1.617.2,Delta,7.28571428571429,0,0
2022-06-07,16,0,11.8571428571429,0,0,4.00753100765989e-05,0.185305938312485,AY.1 OR AY.2 OR AY.3 OR AY.3.1 OR AY.3.2 OR AY.3.3 OR AY.3.4 OR AY.4 OR AY.4.1 OR AY.4.2 OR AY.4.2.1 OR AY.4.2.2 OR AY.4.2.3 OR AY.4.2.4 OR AY.4.2.5 OR AY.4.3 OR AY.4.4 OR AY.4.5 OR AY.4.6 OR AY.4.7 OR AY.4.8 OR AY.4.9 OR AY.4.10 OR AY.4.11 OR AY.4.12 OR AY.4.13 OR AY.4.14 OR AY.4.15 OR AY.4.16 OR AY.4.17 OR AY.5 OR AY.5.1 OR AY.5.2 OR AY.5.3 OR AY.5.4 OR AY.5.5 OR AY.5.6 OR AY.5.7 OR AY.6 OR AY.7 OR AY.7.1 OR AY.7.2 OR AY.8 OR AY.9 OR AY.9.2 OR AY.9.2.1 OR AY.9.2.2 OR AY.10 OR AY.11 OR AY.13 OR AY.14 OR AY.15 OR AY.16 OR AY.16.1 OR AY.17 OR AY.18 OR AY.19 OR AY.20 OR AY.20.1 OR AY.21 OR AY.22 OR AY.23 OR AY.23.1 OR AY.23.2 OR AY.24 OR AY.24.1 OR AY.25 OR AY.25.1 OR AY.25.1.1 OR AY.25.1.2 OR AY.25.2 OR AY.25.3 OR AY.26 OR AY.26.1 OR AY.27 OR AY.28 OR AY.29 OR AY.29.1 OR AY.29.2 OR AY.30 OR AY.31 OR AY.32 OR AY.33 OR AY.33.1 OR AY.33.2 OR AY.34 OR AY.34.1 OR AY.34.1.1 OR AY.34.2 OR AY.35 OR AY.36 OR AY.36.1 OR AY.37 OR AY.38 OR AY.39 OR AY.39.1 OR AY.39.1.1 OR AY.39.1.2 OR AY.39.1.3 OR AY.39.1.4 OR AY.39.2 OR AY.39.3 OR AY.40 OR AY.41 OR AY.42 OR AY.42.1 OR AY.43 OR AY.43.1 OR AY.43.2 OR AY.43.3 OR AY.43.4 OR AY.43.5 OR AY.43.6 OR AY.43.7 OR AY.43.8 OR AY.43.9 OR AY.44 OR AY.45 OR AY.46 OR AY.46.1 OR AY.46.2 OR AY.46.3 OR AY.46.4 OR AY.46.5 OR AY.46.6 OR AY.46.6.1 OR AY.47 OR AY.48 OR AY.49 OR AY.50 OR AY.51 OR AY.52 OR AY.53 OR AY.54 OR AY.55 OR AY.56 OR AY.57 OR AY.58 OR AY.59 OR AY.60 OR AY.61 OR AY.62 OR AY.63 OR AY.64 OR AY.65 OR AY.66 OR AY.67 OR AY.68 OR AY.69 OR AY.70 OR AY.71 OR AY.72 OR AY.73 OR AY.74 OR AY.75 OR AY.75.2 OR AY.75.3 OR AY.76 OR AY.77 OR AY.78 OR AY.79 OR AY.80 OR AY.81 OR AY.82 OR AY.83 OR AY.84 OR AY.85 OR AY.86 OR AY.87 OR AY.88 OR AY.90 OR AY.91 OR AY.91.1 OR AY.92 OR AY.93 OR AY.94 OR AY.95 OR AY.98 OR AY.98.1 OR AY.98.1.1 OR AY.99 OR AY.99.1 OR AY.99.2 OR AY.100 OR AY.101 OR AY.102 OR AY.102.1 OR AY.102.2 OR AY.103 OR AY.103.1 OR AY.103.2 OR AY.104 OR AY.105 OR AY.106 OR AY.107 OR AY.108 OR AY.109 OR AY.110 OR AY.111 OR AY.112 OR AY.112.1 OR AY.112.2 OR AY.112.3 OR AY.113 OR AY.114 OR AY.116 OR AY.116.1 OR AY.117 OR AY.118 OR AY.119 OR AY.119.1 OR AY.119.2 OR AY.120 OR AY.120.1 OR AY.120.2 OR AY.120.2.1 OR AY.121 OR AY.121.1 OR AY.122 OR AY.122.1 OR AY.122.2 OR AY.122.3 OR AY.122.4 OR AY.122.5 OR AY.122.6 OR AY.123 OR AY.123.1 OR AY.124 OR AY.124.1 OR AY.124.1.1 OR AY.125 OR AY.125.1 OR AY.126 OR AY.127 OR AY.127.1 OR AY.127.2 OR AY.127.3 OR AY.128 OR AY.129 OR AY.130 OR AY.131 OR AY.132 OR AY.133 OR AY.134 OR B.1.617.2,Delta,8,0,0
2022-06-08,18,0,12.5714285714286,0,0,3.70519332987658e-05,0.172619445282057,AY.1 OR AY.2 OR AY.3 OR AY.3.1 OR AY.3.2 OR AY.3.3 OR AY.3.4 OR AY.4 OR AY.4.1 OR AY.4.2 OR AY.4.2.1 OR AY.4.2.2 OR AY.4.2.3 OR AY.4.2.4 OR AY.4.2.5 OR AY.4.3 OR AY.4.4 OR AY.4.5 OR AY.4.6 OR AY.4.7 OR AY.4.8 OR AY.4.9 OR AY.4.10 OR AY.4.11 OR AY.4.12 OR AY.4.13 OR AY.4.14 OR AY.4.15 OR AY.4.16 OR AY.4.17 OR AY.5 OR AY.5.1 OR AY.5.2 OR AY.5.3 OR AY.5.4 OR AY.5.5 OR AY.5.6 OR AY.5.7 OR AY.6 OR AY.7 OR AY.7.1 OR AY.7.2 OR AY.8 OR AY.9 OR AY.9.2 OR AY.9.2.1 OR AY.9.2.2 OR AY.10 OR AY.11 OR AY.13 OR AY.14 OR AY.15 OR AY.16 OR AY.16.1 OR AY.17 OR AY.18 OR AY.19 OR AY.20 OR AY.20.1 OR AY.21 OR AY.22 OR AY.23 OR AY.23.1 OR AY.23.2 OR AY.24 OR AY.24.1 OR AY.25 OR AY.25.1 OR AY.25.1.1 OR AY.25.1.2 OR AY.25.2 OR AY.25.3 OR AY.26 OR AY.26.1 OR AY.27 OR AY.28 OR AY.29 OR AY.29.1 OR AY.29.2 OR AY.30 OR AY.31 OR AY.32 OR AY.33 OR AY.33.1 OR AY.33.2 OR AY.34 OR AY.34.1 OR AY.34.1.1 OR AY.34.2 OR AY.35 OR AY.36 OR AY.36.1 OR AY.37 OR AY.38 OR AY.39 OR AY.39.1 OR AY.39.1.1 OR AY.39.1.2 OR AY.39.1.3 OR AY.39.1.4 OR AY.39.2 OR AY.39.3 OR AY.40 OR AY.41 OR AY.42 OR AY.42.1 OR AY.43 OR AY.43.1 OR AY.43.2 OR AY.43.3 OR AY.43.4 OR AY.43.5 OR AY.43.6 OR AY.43.7 OR AY.43.8 OR AY.43.9 OR AY.44 OR AY.45 OR AY.46 OR AY.46.1 OR AY.46.2 OR AY.46.3 OR AY.46.4 OR AY.46.5 OR AY.46.6 OR AY.46.6.1 OR AY.47 OR AY.48 OR AY.49 OR AY.50 OR AY.51 OR AY.52 OR AY.53 OR AY.54 OR AY.55 OR AY.56 OR AY.57 OR AY.58 OR AY.59 OR AY.60 OR AY.61 OR AY.62 OR AY.63 OR AY.64 OR AY.65 OR AY.66 OR AY.67 OR AY.68 OR AY.69 OR AY.70 OR AY.71 OR AY.72 OR AY.73 OR AY.74 OR AY.75 OR AY.75.2 OR AY.75.3 OR AY.76 OR AY.77 OR AY.78 OR AY.79 OR AY.80 OR AY.81 OR AY.82 OR AY.83 OR AY.84 OR AY.85 OR AY.86 OR AY.87 OR AY.88 OR AY.90 OR AY.91 OR AY.91.1 OR AY.92 OR AY.93 OR AY.94 OR AY.95 OR AY.98 OR AY.98.1 OR AY.98.1.1 OR AY.99 OR AY.99.1 OR AY.99.2 OR AY.100 OR AY.101 OR AY.102 OR AY.102.1 OR AY.102.2 OR AY.103 OR AY.103.1 OR AY.103.2 OR AY.104 OR AY.105 OR AY.106 OR AY.107 OR AY.108 OR AY.109 OR AY.110 OR AY.111 OR AY.112 OR AY.112.1 OR AY.112.2 OR AY.112.3 OR AY.113 OR AY.114 OR AY.116 OR AY.116.1 OR AY.117 OR AY.118 OR AY.119 OR AY.119.1 OR AY.119.2 OR AY.120 OR AY.120.1 OR AY.120.2 OR AY.120.2.1 OR AY.121 OR AY.121.1 OR AY.122 OR AY.122.1 OR AY.122.2 OR AY.122.3 OR AY.122.4 OR AY.122.5 OR AY.122.6 OR AY.123 OR AY.123.1 OR AY.124 OR AY.124.1 OR AY.124.1.1 OR AY.125 OR AY.125.1 OR AY.126 OR AY.127 OR AY.127.1 OR AY.127.2 OR AY.127.3 OR AY.128 OR AY.129 OR AY.130 OR AY.131 OR AY.132 OR AY.133 OR AY.134 OR B.1.617.2,Delta,9.21428571428571,0,0
2022-06-09,22,0,14.2857142857143,0,0,3.44526718020059e-05,0.161553304514194,AY.1 OR AY.2 OR AY.3 OR AY.3.1 OR AY.3.2 OR AY.3.3 OR AY.3.4 OR AY.4 OR AY.4.1 OR AY.4.2 OR AY.4.2.1 OR AY.4.2.2 OR AY.4.2.3 OR AY.4.2.4 OR AY.4.2.5 OR AY.4.3 OR AY.4.4 OR AY.4.5 OR AY.4.6 OR AY.4.7 OR AY.4.8 OR AY.4.9 OR AY.4.10 OR AY.4.11 OR AY.4.12 OR AY.4.13 OR AY.4.14 OR AY.4.15 OR AY.4.16 OR AY.4.17 OR AY.5 OR AY.5.1 OR AY.5.2 OR AY.5.3 OR AY.5.4 OR AY.5.5 OR AY.5.6 OR AY.5.7 OR AY.6 OR AY.7 OR AY.7.1 OR AY.7.2 OR AY.8 OR AY.9 OR AY.9.2 OR AY.9.2.1 OR AY.9.2.2 OR AY.10 OR AY.11 OR AY.13 OR AY.14 OR AY.15 OR AY.16 OR AY.16.1 OR AY.17 OR AY.18 OR AY.19 OR AY.20 OR AY.20.1 OR AY.21 OR AY.22 OR AY.23 OR AY.23.1 OR AY.23.2 OR AY.24 OR AY.24.1 OR AY.25 OR AY.25.1 OR AY.25.1.1 OR AY.25.1.2 OR AY.25.2 OR AY.25.3 OR AY.26 OR AY.26.1 OR AY.27 OR AY.28 OR AY.29 OR AY.29.1 OR AY.29.2 OR AY.30 OR AY.31 OR AY.32 OR AY.33 OR AY.33.1 OR AY.33.2 OR AY.34 OR AY.34.1 OR AY.34.1.1 OR AY.34.2 OR AY.35 OR AY.36 OR AY.36.1 OR AY.37 OR AY.38 OR AY.39 OR AY.39.1 OR AY.39.1.1 OR AY.39.1.2 OR AY.39.1.3 OR AY.39.1.4 OR AY.39.2 OR AY.39.3 OR AY.40 OR AY.41 OR AY.42 OR AY.42.1 OR AY.43 OR AY.43.1 OR AY.43.2 OR AY.43.3 OR AY.43.4 OR AY.43.5 OR AY.43.6 OR AY.43.7 OR AY.43.8 OR AY.43.9 OR AY.44 OR AY.45 OR AY.46 OR AY.46.1 OR AY.46.2 OR AY.46.3 OR AY.46.4 OR AY.46.5 OR AY.46.6 OR AY.46.6.1 OR AY.47 OR AY.48 OR AY.49 OR AY.50 OR AY.51 OR AY.52 OR AY.53 OR AY.54 OR AY.55 OR AY.56 OR AY.57 OR AY.58 OR AY.59 OR AY.60 OR AY.61 OR AY.62 OR AY.63 OR AY.64 OR AY.65 OR AY.66 OR AY.67 OR AY.68 OR AY.69 OR AY.70 OR AY.71 OR AY.72 OR AY.73 OR AY.74 OR AY.75 OR AY.75.2 OR AY.75.3 OR AY.76 OR AY.77 OR AY.78 OR AY.79 OR AY.80 OR AY.81 OR AY.82 OR AY.83 OR AY.84 OR AY.85 OR AY.86 OR AY.87 OR AY.88 OR AY.90 OR AY.91 OR AY.91.1 OR AY.92 OR AY.93 OR AY.94 OR AY.95 OR AY.98 OR AY.98.1 OR AY.98.1.1 OR AY.99 OR AY.99.1 OR AY.99.2 OR AY.100 OR AY.101 OR AY.102 OR AY.102.1 OR AY.102.2 OR AY.103 OR AY.103.1 OR AY.103.2 OR AY.104 OR AY.105 OR AY.106 OR AY.107 OR AY.108 OR AY.109 OR AY.110 OR AY.111 OR AY.112 OR AY.112.1 OR AY.112.2 OR AY.112.3 OR AY.113 OR AY.114 OR AY.116 OR AY.116.1 OR AY.117 OR AY.118 OR AY.119 OR AY.119.1 OR AY.119.2 OR AY.120 OR AY.120.1 OR AY.120.2 OR AY.120.2.1 OR AY.121 OR AY.121.1 OR AY.122 OR AY.122.1 OR AY.122.2 OR AY.122.3 OR AY.122.4 OR AY.122.5 OR AY.122.6 OR AY.123 OR AY.123.1 OR AY.124 OR AY.124.1 OR AY.124.1.1 OR AY.125 OR AY.125.1 OR AY.126 OR AY.127 OR AY.127.1 OR AY.127.2 OR AY.127.3 OR AY.128 OR AY.129 OR AY.130 OR AY.131 OR AY.132 OR AY.133 OR AY.134 OR B.1.617.2,Delta,10.6428571428571,0,0
2022-06-10,14,0,13.4285714285714,0,0,3.70519332987658e-05,0.172619445282057,AY.1 OR AY.2 OR AY.3 OR AY.3.1 OR AY.3.2 OR AY.3.3 OR AY.3.4 OR AY.4 OR AY.4.1 OR AY.4.2 OR AY.4.2.1 OR AY.4.2.2 OR AY.4.2.3 OR AY.4.2.4 OR AY.4.2.5 OR AY.4.3 OR AY.4.4 OR AY.4.5 OR AY.4.6 OR AY.4.7 OR AY.4.8 OR AY.4.9 OR AY.4.10 OR AY.4.11 OR AY.4.12 OR AY.4.13 OR AY.4.14 OR AY.4.15 OR AY.4.16 OR AY.4.17 OR AY.5 OR AY.5.1 OR AY.5.2 OR AY.5.3 OR AY.5.4 OR AY.5.5 OR AY.5.6 OR AY.5.7 OR AY.6 OR AY.7 OR AY.7.1 OR AY.7.2 OR AY.8 OR AY.9 OR AY.9.2 OR AY.9.2.1 OR AY.9.2.2 OR AY.10 OR AY.11 OR AY.13 OR AY.14 OR AY.15 OR AY.16 OR AY.16.1 OR AY.17 OR AY.18 OR AY.19 OR AY.20 OR AY.20.1 OR AY.21 OR AY.22 OR AY.23 OR AY.23.1 OR AY.23.2 OR AY.24 OR AY.24.1 OR AY.25 OR AY.25.1 OR AY.25.1.1 OR AY.25.1.2 OR AY.25.2 OR AY.25.3 OR AY.26 OR AY.26.1 OR AY.27 OR AY.28 OR AY.29 OR AY.29.1 OR AY.29.2 OR AY.30 OR AY.31 OR AY.32 OR AY.33 OR AY.33.1 OR AY.33.2 OR AY.34 OR AY.34.1 OR AY.34.1.1 OR AY.34.2 OR AY.35 OR AY.36 OR AY.36.1 OR AY.37 OR AY.38 OR AY.39 OR AY.39.1 OR AY.39.1.1 OR AY.39.1.2 OR AY.39.1.3 OR AY.39.1.4 OR AY.39.2 OR AY.39.3 OR AY.40 OR AY.41 OR AY.42 OR AY.42.1 OR AY.43 OR AY.43.1 OR AY.43.2 OR AY.43.3 OR AY.43.4 OR AY.43.5 OR AY.43.6 OR AY.43.7 OR AY.43.8 OR AY.43.9 OR AY.44 OR AY.45 OR AY.46 OR AY.46.1 OR AY.46.2 OR AY.46.3 OR AY.46.4 OR AY.46.5 OR AY.46.6 OR AY.46.6.1 OR AY.47 OR AY.48 OR AY.49 OR AY.50 OR AY.51 OR AY.52 OR AY.53 OR AY.54 OR AY.55 OR AY.56 OR AY.57 OR AY.58 OR AY.59 OR AY.60 OR AY.61 OR AY.62 OR AY.63 OR AY.64 OR AY.65 OR AY.66 OR AY.67 OR AY.68 OR AY.69 OR AY.70 OR AY.71 OR AY.72 OR AY.73 OR AY.74 OR AY.75 OR AY.75.2 OR AY.75.3 OR AY.76 OR AY.77 OR AY.78 OR AY.79 OR AY.80 OR AY.81 OR AY.82 OR AY.83 OR AY.84 OR AY.85 OR AY.86 OR AY.87 OR AY.88 OR AY.90 OR AY.91 OR AY.91.1 OR AY.92 OR AY.93 OR AY.94 OR AY.95 OR AY.98 OR AY.98.1 OR AY.98.1.1 OR AY.99 OR AY.99.1 OR AY.99.2 OR AY.100 OR AY.101 OR AY.102 OR AY.102.1 OR AY.102.2 OR AY.103 OR AY.103.1 OR AY.103.2 OR AY.104 OR AY.105 OR AY.106 OR AY.107 OR AY.108 OR AY.109 OR AY.110 OR AY.111 OR AY.112 OR AY.112.1 OR AY.112.2 OR AY.112.3 OR AY.113 OR AY.114 OR AY.116 OR AY.116.1 OR AY.117 OR AY.118 OR AY.119 OR AY.119.1 OR AY.119.2 OR AY.120 OR AY.120.1 OR AY.120.2 OR AY.120.2.1 OR AY.121 OR AY.121.1 OR AY.122 OR AY.122.1 OR AY.122.2 OR AY.122.3 OR AY.122.4 OR AY.122.5 OR AY.122.6 OR AY.123 OR AY.123.1 OR AY.124 OR AY.124.1 OR AY.124.1.1 OR AY.125 OR AY.125.1 OR AY.126 OR AY.127 OR AY.127.1 OR AY.127.2 OR AY.127.3 OR AY.128 OR AY.129 OR AY.130 OR AY.131 OR AY.132 OR AY.133 OR AY.134 OR B.1.617.2,Delta,11.2142857142857,0,0
2022-06-11,7,0,13.5714285714286,0,0,3.44526718020059e-05,0.161553304514194,AY.1 OR AY.2 OR AY.3 OR AY.3.1 OR AY.3.2 OR AY.3.3 OR AY.3.4 OR AY.4 OR AY.4.1 OR AY.4.2 OR AY.4.2.1 OR AY.4.2.2 OR AY.4.2.3 OR AY.4.2.4 OR AY.4.2.5 OR AY.4.3 OR AY.4.4 OR AY.4.5 OR AY.4.6 OR AY.4.7 OR AY.4.8 OR AY.4.9 OR AY.4.10 OR AY.4.11 OR AY.4.12 OR AY.4.13 OR AY.4.14 OR AY.4.15 OR AY.4.16 OR AY.4.17 OR AY.5 OR AY.5.1 OR AY.5.2 OR AY.5.3 OR AY.5.4 OR AY.5.5 OR AY.5.6 OR AY.5.7 OR AY.6 OR AY.7 OR AY.7.1 OR AY.7.2 OR AY.8 OR AY.9 OR AY.9.2 OR AY.9.2.1 OR AY.9.2.2 OR AY.10 OR AY.11 OR AY.13 OR AY.14 OR AY.15 OR AY.16 OR AY.16.1 OR AY.17 OR AY.18 OR AY.19 OR AY.20 OR AY.20.1 OR AY.21 OR AY.22 OR AY.23 OR AY.23.1 OR AY.23.2 OR AY.24 OR AY.24.1 OR AY.25 OR AY.25.1 OR AY.25.1.1 OR AY.25.1.2 OR AY.25.2 OR AY.25.3 OR AY.26 OR AY.26.1 OR AY.27 OR AY.28 OR AY.29 OR AY.29.1 OR AY.29.2 OR AY.30 OR AY.31 OR AY.32 OR AY.33 OR AY.33.1 OR AY.33.2 OR AY.34 OR AY.34.1 OR AY.34.1.1 OR AY.34.2 OR AY.35 OR AY.36 OR AY.36.1 OR AY.37 OR AY.38 OR AY.39 OR AY.39.1 OR AY.39.1.1 OR AY.39.1.2 OR AY.39.1.3 OR AY.39.1.4 OR AY.39.2 OR AY.39.3 OR AY.40 OR AY.41 OR AY.42 OR AY.42.1 OR AY.43 OR AY.43.1 OR AY.43.2 OR AY.43.3 OR AY.43.4 OR AY.43.5 OR AY.43.6 OR AY.43.7 OR AY.43.8 OR AY.43.9 OR AY.44 OR AY.45 OR AY.46 OR AY.46.1 OR AY.46.2 OR AY.46.3 OR AY.46.4 OR AY.46.5 OR AY.46.6 OR AY.46.6.1 OR AY.47 OR AY.48 OR AY.49 OR AY.50 OR AY.51 OR AY.52 OR AY.53 OR AY.54 OR AY.55 OR AY.56 OR AY.57 OR AY.58 OR AY.59 OR AY.60 OR AY.61 OR AY.62 OR AY.63 OR AY.64 OR AY.65 OR AY.66 OR AY.67 OR AY.68 OR AY.69 OR AY.70 OR AY.71 OR AY.72 OR AY.73 OR AY.74 OR AY.75 OR AY.75.2 OR AY.75.3 OR AY.76 OR AY.77 OR AY.78 OR AY.79 OR AY.80 OR AY.81 OR AY.82 OR AY.83 OR AY.84 OR AY.85 OR AY.86 OR AY.87 OR AY.88 OR AY.90 OR AY.91 OR AY.91.1 OR AY.92 OR AY.93 OR AY.94 OR AY.95 OR AY.98 OR AY.98.1 OR AY.98.1.1 OR AY.99 OR AY.99.1 OR AY.99.2 OR AY.100 OR AY.101 OR AY.102 OR AY.102.1 OR AY.102.2 OR AY.103 OR AY.103.1 OR AY.103.2 OR AY.104 OR AY.105 OR AY.106 OR AY.107 OR AY.108 OR AY.109 OR AY.110 OR AY.111 OR AY.112 OR AY.112.1 OR AY.112.2 OR AY.112.3 OR AY.113 OR AY.114 OR AY.116 OR AY.116.1 OR AY.117 OR AY.118 OR AY.119 OR AY.119.1 OR AY.119.2 OR AY.120 OR AY.120.1 OR AY.120.2 OR AY.120.2.1 OR AY.121 OR AY.121.1 OR AY.122 OR AY.122.1 OR AY.122.2 OR AY.122.3 OR AY.122.4 OR AY.122.5 OR AY.122.6 OR AY.123 OR AY.123.1 OR AY.124 OR AY.124.1 OR AY.124.1.1 OR AY.125 OR AY.125.1 OR AY.126 OR AY.127 OR AY.127.1 OR AY.127.2 OR AY.127.3 OR AY.128 OR AY.129 OR AY.130 OR AY.131 OR AY.132 OR AY.133 OR AY.134 OR B.1.617.2,Delta,11.4285714285714,0,0
2022-06-12,6,0,13.5714285714286,0,0,3.44526718020059e-05,0.161553304514194,AY.1 OR AY.2 OR AY.3 OR AY.3.1 OR AY.3.2 OR AY.3.3 OR AY.3.4 OR AY.4 OR AY.4.1 OR AY.4.2 OR AY.4.2.1 OR AY.4.2.2 OR AY.4.2.3 OR AY.4.2.4 OR AY.4.2.5 OR AY.4.3 OR AY.4.4 OR AY.4.5 OR AY.4.6 OR AY.4.7 OR AY.4.8 OR AY.4.9 OR AY.4.10 OR AY.4.11 OR AY.4.12 OR AY.4.13 OR AY.4.14 OR AY.4.15 OR AY.4.16 OR AY.4.17 OR AY.5 OR AY.5.1 OR AY.5.2 OR AY.5.3 OR AY.5.4 OR AY.5.5 OR AY.5.6 OR AY.5.7 OR AY.6 OR AY.7 OR AY.7.1 OR AY.7.2 OR AY.8 OR AY.9 OR AY.9.2 OR AY.9.2.1 OR AY.9.2.2 OR AY.10 OR AY.11 OR AY.13 OR AY.14 OR AY.15 OR AY.16 OR AY.16.1 OR AY.17 OR AY.18 OR AY.19 OR AY.20 OR AY.20.1 OR AY.21 OR AY.22 OR AY.23 OR AY.23.1 OR AY.23.2 OR AY.24 OR AY.24.1 OR AY.25 OR AY.25.1 OR AY.25.1.1 OR AY.25.1.2 OR AY.25.2 OR AY.25.3 OR AY.26 OR AY.26.1 OR AY.27 OR AY.28 OR AY.29 OR AY.29.1 OR AY.29.2 OR AY.30 OR AY.31 OR AY.32 OR AY.33 OR AY.33.1 OR AY.33.2 OR AY.34 OR AY.34.1 OR AY.34.1.1 OR AY.34.2 OR AY.35 OR AY.36 OR AY.36.1 OR AY.37 OR AY.38 OR AY.39 OR AY.39.1 OR AY.39.1.1 OR AY.39.1.2 OR AY.39.1.3 OR AY.39.1.4 OR AY.39.2 OR AY.39.3 OR AY.40 OR AY.41 OR AY.42 OR AY.42.1 OR AY.43 OR AY.43.1 OR AY.43.2 OR AY.43.3 OR AY.43.4 OR AY.43.5 OR AY.43.6 OR AY.43.7 OR AY.43.8 OR AY.43.9 OR AY.44 OR AY.45 OR AY.46 OR AY.46.1 OR AY.46.2 OR AY.46.3 OR AY.46.4 OR AY.46.5 OR AY.46.6 OR AY.46.6.1 OR AY.47 OR AY.48 OR AY.49 OR AY.50 OR AY.51 OR AY.52 OR AY.53 OR AY.54 OR AY.55 OR AY.56 OR AY.57 OR AY.58 OR AY.59 OR AY.60 OR AY.61 OR AY.62 OR AY.63 OR AY.64 OR AY.65 OR AY.66 OR AY.67 OR AY.68 OR AY.69 OR AY.70 OR AY.71 OR AY.72 OR AY.73 OR AY.74 OR AY.75 OR AY.75.2 OR AY.75.3 OR AY.76 OR AY.77 OR AY.78 OR AY.79 OR AY.80 OR AY.81 OR AY.82 OR AY.83 OR AY.84 OR AY.85 OR AY.86 OR AY.87 OR AY.88 OR AY.90 OR AY.91 OR AY.91.1 OR AY.92 OR AY.93 OR AY.94 OR AY.95 OR AY.98 OR AY.98.1 OR AY.98.1.1 OR AY.99 OR AY.99.1 OR AY.99.2 OR AY.100 OR AY.101 OR AY.102 OR AY.102.1 OR AY.102.2 OR AY.103 OR AY.103.1 OR AY.103.2 OR AY.104 OR AY.105 OR AY.106 OR AY.107 OR AY.108 OR AY.109 OR AY.110 OR AY.111 OR AY.112 OR AY.112.1 OR AY.112.2 OR AY.112.3 OR AY.113 OR AY.114 OR AY.116 OR AY.116.1 OR AY.117 OR AY.118 OR AY.119 OR AY.119.1 OR AY.119.2 OR AY.120 OR AY.120.1 OR AY.120.2 OR AY.120.2.1 OR AY.121 OR AY.121.1 OR AY.122 OR AY.122.1 OR AY.122.2 OR AY.122.3 OR AY.122.4 OR AY.122.5 OR AY.122.6 OR AY.123 OR AY.123.1 OR AY.124 OR AY.124.1 OR AY.124.1.1 OR AY.125 OR AY.125.1 OR AY.126 OR AY.127 OR AY.127.1 OR AY.127.2 OR AY.127.3 OR AY.128 OR AY.129 OR AY.130 OR AY.131 OR AY.132 OR AY.133 OR AY.134 OR B.1.617.2,Delta,11.3571428571429,0,0
2022-06-13,13,0,13.7142857142857,0,0,3.44526718020059e-05,0.161553304514194,AY.1 OR AY.2 OR AY.3 OR AY.3.1 OR AY.3.2 OR AY.3.3 OR AY.3.4 OR AY.4 OR AY.4.1 OR AY.4.2 OR AY.4.2.1 OR AY.4.2.2 OR AY.4.2.3 OR AY.4.2.4 OR AY.4.2.5 OR AY.4.3 OR AY.4.4 OR AY.4.5 OR AY.4.6 OR AY.4.7 OR AY.4.8 OR AY.4.9 OR AY.4.10 OR AY.4.11 OR AY.4.12 OR AY.4.13 OR AY.4.14 OR AY.4.15 OR AY.4.16 OR AY.4.17 OR AY.5 OR AY.5.1 OR AY.5.2 OR AY.5.3 OR AY.5.4 OR AY.5.5 OR AY.5.6 OR AY.5.7 OR AY.6 OR AY.7 OR AY.7.1 OR AY.7.2 OR AY.8 OR AY.9 OR AY.9.2 OR AY.9.2.1 OR AY.9.2.2 OR AY.10 OR AY.11 OR AY.13 OR AY.14 OR AY.15 OR AY.16 OR AY.16.1 OR AY.17 OR AY.18 OR AY.19 OR AY.20 OR AY.20.1 OR AY.21 OR AY.22 OR AY.23 OR AY.23.1 OR AY.23.2 OR AY.24 OR AY.24.1 OR AY.25 OR AY.25.1 OR AY.25.1.1 OR AY.25.1.2 OR AY.25.2 OR AY.25.3 OR AY.26 OR AY.26.1 OR AY.27 OR AY.28 OR AY.29 OR AY.29.1 OR AY.29.2 OR AY.30 OR AY.31 OR AY.32 OR AY.33 OR AY.33.1 OR AY.33.2 OR AY.34 OR AY.34.1 OR AY.34.1.1 OR AY.34.2 OR AY.35 OR AY.36 OR AY.36.1 OR AY.37 OR AY.38 OR AY.39 OR AY.39.1 OR AY.39.1.1 OR AY.39.1.2 OR AY.39.1.3 OR AY.39.1.4 OR AY.39.2 OR AY.39.3 OR AY.40 OR AY.41 OR AY.42 OR AY.42.1 OR AY.43 OR AY.43.1 OR AY.43.2 OR AY.43.3 OR AY.43.4 OR AY.43.5 OR AY.43.6 OR AY.43.7 OR AY.43.8 OR AY.43.9 OR AY.44 OR AY.45 OR AY.46 OR AY.46.1 OR AY.46.2 OR AY.46.3 OR AY.46.4 OR AY.46.5 OR AY.46.6 OR AY.46.6.1 OR AY.47 OR AY.48 OR AY.49 OR AY.50 OR AY.51 OR AY.52 OR AY.53 OR AY.54 OR AY.55 OR AY.56 OR AY.57 OR AY.58 OR AY.59 OR AY.60 OR AY.61 OR AY.62 OR AY.63 OR AY.64 OR AY.65 OR AY.66 OR AY.67 OR AY.68 OR AY.69 OR AY.70 OR AY.71 OR AY.72 OR AY.73 OR AY.74 OR AY.75 OR AY.75.2 OR AY.75.3 OR AY.76 OR AY.77 OR AY.78 OR AY.79 OR AY.80 OR AY.81 OR AY.82 OR AY.83 OR AY.84 OR AY.85 OR AY.86 OR AY.87 OR AY.88 OR AY.90 OR AY.91 OR AY.91.1 OR AY.92 OR AY.93 OR AY.94 OR AY.95 OR AY.98 OR AY.98.1 OR AY.98.1.1 OR AY.99 OR AY.99.1 OR AY.99.2 OR AY.100 OR AY.101 OR AY.102 OR AY.102.1 OR AY.102.2 OR AY.103 OR AY.103.1 OR AY.103.2 OR AY.104 OR AY.105 OR AY.106 OR AY.107 OR AY.108 OR AY.109 OR AY.110 OR AY.111 OR AY.112 OR AY.112.1 OR AY.112.2 OR AY.112.3 OR AY.113 OR AY.114 OR AY.116 OR AY.116.1 OR AY.117 OR AY.118 OR AY.119 OR AY.119.1 OR AY.119.2 OR AY.120 OR AY.120.1 OR AY.120.2 OR AY.120.2.1 OR AY.121 OR AY.121.1 OR AY.122 OR AY.122.1 OR AY.122.2 OR AY.122.3 OR AY.122.4 OR AY.122.5 OR AY.122.6 OR AY.123 OR AY.123.1 OR AY.124 OR AY.124.1 OR AY.124.1.1 OR AY.125 OR AY.125.1 OR AY.126 OR AY.127 OR AY.127.1 OR AY.127.2 OR AY.127.3 OR AY.128 OR AY.129 OR AY.130 OR AY.131 OR AY.132 OR AY.133 OR AY.134 OR B.1.617.2,Delta,11.9285714285714,0,0
2022-06-14,12,0,13.1428571428571,0,0,3.70519332987658e-05,0.172619445282057,AY.1 OR AY.2 OR AY.3 OR AY.3.1 OR AY.3.2 OR AY.3.3 OR AY.3.4 OR AY.4 OR AY.4.1 OR AY.4.2 OR AY.4.2.1 OR AY.4.2.2 OR AY.4.2.3 OR AY.4.2.4 OR AY.4.2.5 OR AY.4.3 OR AY.4.4 OR AY.4.5 OR AY.4.6 OR AY.4.7 OR AY.4.8 OR AY.4.9 OR AY.4.10 OR AY.4.11 OR AY.4.12 OR AY.4.13 OR AY.4.14 OR AY.4.15 OR AY.4.16 OR AY.4.17 OR AY.5 OR AY.5.1 OR AY.5.2 OR AY.5.3 OR AY.5.4 OR AY.5.5 OR AY.5.6 OR AY.5.7 OR AY.6 OR AY.7 OR AY.7.1 OR AY.7.2 OR AY.8 OR AY.9 OR AY.9.2 OR AY.9.2.1 OR AY.9.2.2 OR AY.10 OR AY.11 OR AY.13 OR AY.14 OR AY.15 OR AY.16 OR AY.16.1 OR AY.17 OR AY.18 OR AY.19 OR AY.20 OR AY.20.1 OR AY.21 OR AY.22 OR AY.23 OR AY.23.1 OR AY.23.2 OR AY.24 OR AY.24.1 OR AY.25 OR AY.25.1 OR AY.25.1.1 OR AY.25.1.2 OR AY.25.2 OR AY.25.3 OR AY.26 OR AY.26.1 OR AY.27 OR AY.28 OR AY.29 OR AY.29.1 OR AY.29.2 OR AY.30 OR AY.31 OR AY.32 OR AY.33 OR AY.33.1 OR AY.33.2 OR AY.34 OR AY.34.1 OR AY.34.1.1 OR AY.34.2 OR AY.35 OR AY.36 OR AY.36.1 OR AY.37 OR AY.38 OR AY.39 OR AY.39.1 OR AY.39.1.1 OR AY.39.1.2 OR AY.39.1.3 OR AY.39.1.4 OR AY.39.2 OR AY.39.3 OR AY.40 OR AY.41 OR AY.42 OR AY.42.1 OR AY.43 OR AY.43.1 OR AY.43.2 OR AY.43.3 OR AY.43.4 OR AY.43.5 OR AY.43.6 OR AY.43.7 OR AY.43.8 OR AY.43.9 OR AY.44 OR AY.45 OR AY.46 OR AY.46.1 OR AY.46.2 OR AY.46.3 OR AY.46.4 OR AY.46.5 OR AY.46.6 OR AY.46.6.1 OR AY.47 OR AY.48 OR AY.49 OR AY.50 OR AY.51 OR AY.52 OR AY.53 OR AY.54 OR AY.55 OR AY.56 OR AY.57 OR AY.58 OR AY.59 OR AY.60 OR AY.61 OR AY.62 OR AY.63 OR AY.64 OR AY.65 OR AY.66 OR AY.67 OR AY.68 OR AY.69 OR AY.70 OR AY.71 OR AY.72 OR AY.73 OR AY.74 OR AY.75 OR AY.75.2 OR AY.75.3 OR AY.76 OR AY.77 OR AY.78 OR AY.79 OR AY.80 OR AY.81 OR AY.82 OR AY.83 OR AY.84 OR AY.85 OR AY.86 OR AY.87 OR AY.88 OR AY.90 OR AY.91 OR AY.91.1 OR AY.92 OR AY.93 OR AY.94 OR AY.95 OR AY.98 OR AY.98.1 OR AY.98.1.1 OR AY.99 OR AY.99.1 OR AY.99.2 OR AY.100 OR AY.101 OR AY.102 OR AY.102.1 OR AY.102.2 OR AY.103 OR AY.103.1 OR AY.103.2 OR AY.104 OR AY.105 OR AY.106 OR AY.107 OR AY.108 OR AY.109 OR AY.110 OR AY.111 OR AY.112 OR AY.112.1 OR AY.112.2 OR AY.112.3 OR AY.113 OR AY.114 OR AY.116 OR AY.116.1 OR AY.117 OR AY.118 OR AY.119 OR AY.119.1 OR AY.119.2 OR AY.120 OR AY.120.1 OR AY.120.2 OR AY.120.2.1 OR AY.121 OR AY.121.1 OR AY.122 OR AY.122.1 OR AY.122.2 OR AY.122.3 OR AY.122.4 OR AY.122.5 OR AY.122.6 OR AY.123 OR AY.123.1 OR AY.124 OR AY.124.1 OR AY.124.1.1 OR AY.125 OR AY.125.1 OR AY.126 OR AY.127 OR AY.127.1 OR AY.127.2 OR AY.127.3 OR AY.128 OR AY.129 OR AY.130 OR AY.131 OR AY.132 OR AY.133 OR AY.134 OR B.1.617.2,Delta,12.5,0,0
2022-06-15,53,0,18.1428571428571,0,0,2.69031173009093e-05,0.12855821182176,AY.1 OR AY.2 OR AY.3 OR AY.3.1 OR AY.3.2 OR AY.3.3 OR AY.3.4 OR AY.4 OR AY.4.1 OR AY.4.2 OR AY.4.2.1 OR AY.4.2.2 OR AY.4.2.3 OR AY.4.2.4 OR AY.4.2.5 OR AY.4.3 OR AY.4.4 OR AY.4.5 OR AY.4.6 OR AY.4.7 OR AY.4.8 OR AY.4.9 OR AY.4.10 OR AY.4.11 OR AY.4.12 OR AY.4.13 OR AY.4.14 OR AY.4.15 OR AY.4.16 OR AY.4.17 OR AY.5 OR AY.5.1 OR AY.5.2 OR AY.5.3 OR AY.5.4 OR AY.5.5 OR AY.5.6 OR AY.5.7 OR AY.6 OR AY.7 OR AY.7.1 OR AY.7.2 OR AY.8 OR AY.9 OR AY.9.2 OR AY.9.2.1 OR AY.9.2.2 OR AY.10 OR AY.11 OR AY.13 OR AY.14 OR AY.15 OR AY.16 OR AY.16.1 OR AY.17 OR AY.18 OR AY.19 OR AY.20 OR AY.20.1 OR AY.21 OR AY.22 OR AY.23 OR AY.23.1 OR AY.23.2 OR AY.24 OR AY.24.1 OR AY.25 OR AY.25.1 OR AY.25.1.1 OR AY.25.1.2 OR AY.25.2 OR AY.25.3 OR AY.26 OR AY.26.1 OR AY.27 OR AY.28 OR AY.29 OR AY.29.1 OR AY.29.2 OR AY.30 OR AY.31 OR AY.32 OR AY.33 OR AY.33.1 OR AY.33.2 OR AY.34 OR AY.34.1 OR AY.34.1.1 OR AY.34.2 OR AY.35 OR AY.36 OR AY.36.1 OR AY.37 OR AY.38 OR AY.39 OR AY.39.1 OR AY.39.1.1 OR AY.39.1.2 OR AY.39.1.3 OR AY.39.1.4 OR AY.39.2 OR AY.39.3 OR AY.40 OR AY.41 OR AY.42 OR AY.42.1 OR AY.43 OR AY.43.1 OR AY.43.2 OR AY.43.3 OR AY.43.4 OR AY.43.5 OR AY.43.6 OR AY.43.7 OR AY.43.8 OR AY.43.9 OR AY.44 OR AY.45 OR AY.46 OR AY.46.1 OR AY.46.2 OR AY.46.3 OR AY.46.4 OR AY.46.5 OR AY.46.6 OR AY.46.6.1 OR AY.47 OR AY.48 OR AY.49 OR AY.50 OR AY.51 OR AY.52 OR AY.53 OR AY.54 OR AY.55 OR AY.56 OR AY.57 OR AY.58 OR AY.59 OR AY.60 OR AY.61 OR AY.62 OR AY.63 OR AY.64 OR AY.65 OR AY.66 OR AY.67 OR AY.68 OR AY.69 OR AY.70 OR AY.71 OR AY.72 OR AY.73 OR AY.74 OR AY.75 OR AY.75.2 OR AY.75.3 OR AY.76 OR AY.77 OR AY.78 OR AY.79 OR AY.80 OR AY.81 OR AY.82 OR AY.83 OR AY.84 OR AY.85 OR AY.86 OR AY.87 OR AY.88 OR AY.90 OR AY.91 OR AY.91.1 OR AY.92 OR AY.93 OR AY.94 OR AY.95 OR AY.98 OR AY.98.1 OR AY.98.1.1 OR AY.99 OR AY.99.1 OR AY.99.2 OR AY.100 OR AY.101 OR AY.102 OR AY.102.1 OR AY.102.2 OR AY.103 OR AY.103.1 OR AY.103.2 OR AY.104 OR AY.105 OR AY.106 OR AY.107 OR AY.108 OR AY.109 OR AY.110 OR AY.111 OR AY.112 OR AY.112.1 OR AY.112.2 OR AY.112.3 OR AY.113 OR AY.114 OR AY.116 OR AY.116.1 OR AY.117 OR AY.118 OR AY.119 OR AY.119.1 OR AY.119.2 OR AY.120 OR AY.120.1 OR AY.120.2 OR AY.120.2.1 OR AY.121 OR AY.121.1 OR AY.122 OR AY.122.1 OR AY.122.2 OR AY.122.3 OR AY.122.4 OR AY.122.5 OR AY.122.6 OR AY.123 OR AY.123.1 OR AY.124 OR AY.124.1 OR AY.124.1.1 OR AY.125 OR AY.125.1 OR AY.126 OR AY.127 OR AY.127.1 OR AY.127.2 OR AY.127.3 OR AY.128 OR AY.129 OR AY.130 OR AY.131 OR AY.132 OR AY.133 OR AY.134 OR B.1.617.2,Delta,15.3571428571429,0,0
2022-06-16,10,0,16.4285714285714,0,0,3.02134799780236e-05,0.143184137931445,AY.1 OR AY.2 OR AY.3 OR AY.3.1 OR AY.3.2 OR AY.3.3 OR AY.3.4 OR AY.4 OR AY.4.1 OR AY.4.2 OR AY.4.2.1 OR AY.4.2.2 OR AY.4.2.3 OR AY.4.2.4 OR AY.4.2.5 OR AY.4.3 OR AY.4.4 OR AY.4.5 OR AY.4.6 OR AY.4.7 OR AY.4.8 OR AY.4.9 OR AY.4.10 OR AY.4.11 OR AY.4.12 OR AY.4.13 OR AY.4.14 OR AY.4.15 OR AY.4.16 OR AY.4.17 OR AY.5 OR AY.5.1 OR AY.5.2 OR AY.5.3 OR AY.5.4 OR AY.5.5 OR AY.5.6 OR AY.5.7 OR AY.6 OR AY.7 OR AY.7.1 OR AY.7.2 OR AY.8 OR AY.9 OR AY.9.2 OR AY.9.2.1 OR AY.9.2.2 OR AY.10 OR AY.11 OR AY.13 OR AY.14 OR AY.15 OR AY.16 OR AY.16.1 OR AY.17 OR AY.18 OR AY.19 OR AY.20 OR AY.20.1 OR AY.21 OR AY.22 OR AY.23 OR AY.23.1 OR AY.23.2 OR AY.24 OR AY.24.1 OR AY.25 OR AY.25.1 OR AY.25.1.1 OR AY.25.1.2 OR AY.25.2 OR AY.25.3 OR AY.26 OR AY.26.1 OR AY.27 OR AY.28 OR AY.29 OR AY.29.1 OR AY.29.2 OR AY.30 OR AY.31 OR AY.32 OR AY.33 OR AY.33.1 OR AY.33.2 OR AY.34 OR AY.34.1 OR AY.34.1.1 OR AY.34.2 OR AY.35 OR AY.36 OR AY.36.1 OR AY.37 OR AY.38 OR AY.39 OR AY.39.1 OR AY.39.1.1 OR AY.39.1.2 OR AY.39.1.3 OR AY.39.1.4 OR AY.39.2 OR AY.39.3 OR AY.40 OR AY.41 OR AY.42 OR AY.42.1 OR AY.43 OR AY.43.1 OR AY.43.2 OR AY.43.3 OR AY.43.4 OR AY.43.5 OR AY.43.6 OR AY.43.7 OR AY.43.8 OR AY.43.9 OR AY.44 OR AY.45 OR AY.46 OR AY.46.1 OR AY.46.2 OR AY.46.3 OR AY.46.4 OR AY.46.5 OR AY.46.6 OR AY.46.6.1 OR AY.47 OR AY.48 OR AY.49 OR AY.50 OR AY.51 OR AY.52 OR AY.53 OR AY.54 OR AY.55 OR AY.56 OR AY.57 OR AY.58 OR AY.59 OR AY.60 OR AY.61 OR AY.62 OR AY.63 OR AY.64 OR AY.65 OR AY.66 OR AY.67 OR AY.68 OR AY.69 OR AY.70 OR AY.71 OR AY.72 OR AY.73 OR AY.74 OR AY.75 OR AY.75.2 OR AY.75.3 OR AY.76 OR AY.77 OR AY.78 OR AY.79 OR AY.80 OR AY.81 OR AY.82 OR AY.83 OR AY.84 OR AY.85 OR AY.86 OR AY.87 OR AY.88 OR AY.90 OR AY.91 OR AY.91.1 OR AY.92 OR AY.93 OR AY.94 OR AY.95 OR AY.98 OR AY.98.1 OR AY.98.1.1 OR AY.99 OR AY.99.1 OR AY.99.2 OR AY.100 OR AY.101 OR AY.102 OR AY.102.1 OR AY.102.2 OR AY.103 OR AY.103.1 OR AY.103.2 OR AY.104 OR AY.105 OR AY.106 OR AY.107 OR AY.108 OR AY.109 OR AY.110 OR AY.111 OR AY.112 OR AY.112.1 OR AY.112.2 OR AY.112.3 OR AY.113 OR AY.114 OR AY.116 OR AY.116.1 OR AY.117 OR AY.118 OR AY.119 OR AY.119.1 OR AY.119.2 OR AY.120 OR AY.120.1 OR AY.120.2 OR AY.120.2.1 OR AY.121 OR AY.121.1 OR AY.122 OR AY.122.1 OR AY.122.2 OR AY.122.3 OR AY.122.4 OR AY.122.5 OR AY.122.6 OR AY.123 OR AY.123.1 OR AY.124 OR AY.124.1 OR AY.124.1.1 OR AY.125 OR AY.125.1 OR AY.126 OR AY.127 OR AY.127.1 OR AY.127.2 OR AY.127.3 OR AY.128 OR AY.129 OR AY.130 OR AY.131 OR AY.132 OR AY.133 OR AY.134 OR B.1.617.2,Delta,15.3571428571429,0,0
2022-06-17,12,0,16.1428571428571,0,0,3.02134799780236e-05,0.143184137931445,AY.1 OR AY.2 OR AY.3 OR AY.3.1 OR AY.3.2 OR AY.3.3 OR AY.3.4 OR AY.4 OR AY.4.1 OR AY.4.2 OR AY.4.2.1 OR AY.4.2.2 OR AY.4.2.3 OR AY.4.2.4 OR AY.4.2.5 OR AY.4.3 OR AY.4.4 OR AY.4.5 OR AY.4.6 OR AY.4.7 OR AY.4.8 OR AY.4.9 OR AY.4.10 OR AY.4.11 OR AY.4.12 OR AY.4.13 OR AY.4.14 OR AY.4.15 OR AY.4.16 OR AY.4.17 OR AY.5 OR AY.5.1 OR AY.5.2 OR AY.5.3 OR AY.5.4 OR AY.5.5 OR AY.5.6 OR AY.5.7 OR AY.6 OR AY.7 OR AY.7.1 OR AY.7.2 OR AY.8 OR AY.9 OR AY.9.2 OR AY.9.2.1 OR AY.9.2.2 OR AY.10 OR AY.11 OR AY.13 OR AY.14 OR AY.15 OR AY.16 OR AY.16.1 OR AY.17 OR AY.18 OR AY.19 OR AY.20 OR AY.20.1 OR AY.21 OR AY.22 OR AY.23 OR AY.23.1 OR AY.23.2 OR AY.24 OR AY.24.1 OR AY.25 OR AY.25.1 OR AY.25.1.1 OR AY.25.1.2 OR AY.25.2 OR AY.25.3 OR AY.26 OR AY.26.1 OR AY.27 OR AY.28 OR AY.29 OR AY.29.1 OR AY.29.2 OR AY.30 OR AY.31 OR AY.32 OR AY.33 OR AY.33.1 OR AY.33.2 OR AY.34 OR AY.34.1 OR AY.34.1.1 OR AY.34.2 OR AY.35 OR AY.36 OR AY.36.1 OR AY.37 OR AY.38 OR AY.39 OR AY.39.1 OR AY.39.1.1 OR AY.39.1.2 OR AY.39.1.3 OR AY.39.1.4 OR AY.39.2 OR AY.39.3 OR AY.40 OR AY.41 OR AY.42 OR AY.42.1 OR AY.43 OR AY.43.1 OR AY.43.2 OR AY.43.3 OR AY.43.4 OR AY.43.5 OR AY.43.6 OR AY.43.7 OR AY.43.8 OR AY.43.9 OR AY.44 OR AY.45 OR AY.46 OR AY.46.1 OR AY.46.2 OR AY.46.3 OR AY.46.4 OR AY.46.5 OR AY.46.6 OR AY.46.6.1 OR AY.47 OR AY.48 OR AY.49 OR AY.50 OR AY.51 OR AY.52 OR AY.53 OR AY.54 OR AY.55 OR AY.56 OR AY.57 OR AY.58 OR AY.59 OR AY.60 OR AY.61 OR AY.62 OR AY.63 OR AY.64 OR AY.65 OR AY.66 OR AY.67 OR AY.68 OR AY.69 OR AY.70 OR AY.71 OR AY.72 OR AY.73 OR AY.74 OR AY.75 OR AY.75.2 OR AY.75.3 OR AY.76 OR AY.77 OR AY.78 OR AY.79 OR AY.80 OR AY.81 OR AY.82 OR AY.83 OR AY.84 OR AY.85 OR AY.86 OR AY.87 OR AY.88 OR AY.90 OR AY.91 OR AY.91.1 OR AY.92 OR AY.93 OR AY.94 OR AY.95 OR AY.98 OR AY.98.1 OR AY.98.1.1 OR AY.99 OR AY.99.1 OR AY.99.2 OR AY.100 OR AY.101 OR AY.102 OR AY.102.1 OR AY.102.2 OR AY.103 OR AY.103.1 OR AY.103.2 OR AY.104 OR AY.105 OR AY.106 OR AY.107 OR AY.108 OR AY.109 OR AY.110 OR AY.111 OR AY.112 OR AY.112.1 OR AY.112.2 OR AY.112.3 OR AY.113 OR AY.114 OR AY.116 OR AY.116.1 OR AY.117 OR AY.118 OR AY.119 OR AY.119.1 OR AY.119.2 OR AY.120 OR AY.120.1 OR AY.120.2 OR AY.120.2.1 OR AY.121 OR AY.121.1 OR AY.122 OR AY.122.1 OR AY.122.2 OR AY.122.3 OR AY.122.4 OR AY.122.5 OR AY.122.6 OR AY.123 OR AY.123.1 OR AY.124 OR AY.124.1 OR AY.124.1.1 OR AY.125 OR AY.125.1 OR AY.126 OR AY.127 OR AY.127.1 OR AY.127.2 OR AY.127.3 OR AY.128 OR AY.129 OR AY.130 OR AY.131 OR AY.132 OR AY.133 OR AY.134 OR B.1.617.2,Delta,14.7857142857143,0,0
2022-06-18,6,0,16,0,0,3.02134799780236e-05,0.143184137931445,AY.1 OR AY.2 OR AY.3 OR AY.3.1 OR AY.3.2 OR AY.3.3 OR AY.3.4 OR AY.4 OR AY.4.1 OR AY.4.2 OR AY.4.2.1 OR AY.4.2.2 OR AY.4.2.3 OR AY.4.2.4 OR AY.4.2.5 OR AY.4.3 OR AY.4.4 OR AY.4.5 OR AY.4.6 OR AY.4.7 OR AY.4.8 OR AY.4.9 OR AY.4.10 OR AY.4.11 OR AY.4.12 OR AY.4.13 OR AY.4.14 OR AY.4.15 OR AY.4.16 OR AY.4.17 OR AY.5 OR AY.5.1 OR AY.5.2 OR AY.5.3 OR AY.5.4 OR AY.5.5 OR AY.5.6 OR AY.5.7 OR AY.6 OR AY.7 OR AY.7.1 OR AY.7.2 OR AY.8 OR AY.9 OR AY.9.2 OR AY.9.2.1 OR AY.9.2.2 OR AY.10 OR AY.11 OR AY.13 OR AY.14 OR AY.15 OR AY.16 OR AY.16.1 OR AY.17 OR AY.18 OR AY.19 OR AY.20 OR AY.20.1 OR AY.21 OR AY.22 OR AY.23 OR AY.23.1 OR AY.23.2 OR AY.24 OR AY.24.1 OR AY.25 OR AY.25.1 OR AY.25.1.1 OR AY.25.1.2 OR AY.25.2 OR AY.25.3 OR AY.26 OR AY.26.1 OR AY.27 OR AY.28 OR AY.29 OR AY.29.1 OR AY.29.2 OR AY.30 OR AY.31 OR AY.32 OR AY.33 OR AY.33.1 OR AY.33.2 OR AY.34 OR AY.34.1 OR AY.34.1.1 OR AY.34.2 OR AY.35 OR AY.36 OR AY.36.1 OR AY.37 OR AY.38 OR AY.39 OR AY.39.1 OR AY.39.1.1 OR AY.39.1.2 OR AY.39.1.3 OR AY.39.1.4 OR AY.39.2 OR AY.39.3 OR AY.40 OR AY.41 OR AY.42 OR AY.42.1 OR AY.43 OR AY.43.1 OR AY.43.2 OR AY.43.3 OR AY.43.4 OR AY.43.5 OR AY.43.6 OR AY.43.7 OR AY.43.8 OR AY.43.9 OR AY.44 OR AY.45 OR AY.46 OR AY.46.1 OR AY.46.2 OR AY.46.3 OR AY.46.4 OR AY.46.5 OR AY.46.6 OR AY.46.6.1 OR AY.47 OR AY.48 OR AY.49 OR AY.50 OR AY.51 OR AY.52 OR AY.53 OR AY.54 OR AY.55 OR AY.56 OR AY.57 OR AY.58 OR AY.59 OR AY.60 OR AY.61 OR AY.62 OR AY.63 OR AY.64 OR AY.65 OR AY.66 OR AY.67 OR AY.68 OR AY.69 OR AY.70 OR AY.71 OR AY.72 OR AY.73 OR AY.74 OR AY.75 OR AY.75.2 OR AY.75.3 OR AY.76 OR AY.77 OR AY.78 OR AY.79 OR AY.80 OR AY.81 OR AY.82 OR AY.83 OR AY.84 OR AY.85 OR AY.86 OR AY.87 OR AY.88 OR AY.90 OR AY.91 OR AY.91.1 OR AY.92 OR AY.93 OR AY.94 OR AY.95 OR AY.98 OR AY.98.1 OR AY.98.1.1 OR AY.99 OR AY.99.1 OR AY.99.2 OR AY.100 OR AY.101 OR AY.102 OR AY.102.1 OR AY.102.2 OR AY.103 OR AY.103.1 OR AY.103.2 OR AY.104 OR AY.105 OR AY.106 OR AY.107 OR AY.108 OR AY.109 OR AY.110 OR AY.111 OR AY.112 OR AY.112.1 OR AY.112.2 OR AY.112.3 OR AY.113 OR AY.114 OR AY.116 OR AY.116.1 OR AY.117 OR AY.118 OR AY.119 OR AY.119.1 OR AY.119.2 OR AY.120 OR AY.120.1 OR AY.120.2 OR AY.120.2.1 OR AY.121 OR AY.121.1 OR AY.122 OR AY.122.1 OR AY.122.2 OR AY.122.3 OR AY.122.4 OR AY.122.5 OR AY.122.6 OR AY.123 OR AY.123.1 OR AY.124 OR AY.124.1 OR AY.124.1.1 OR AY.125 OR AY.125.1 OR AY.126 OR AY.127 OR AY.127.1 OR AY.127.2 OR AY.127.3 OR AY.128 OR AY.129 OR AY.130 OR AY.131 OR AY.132 OR AY.133 OR AY.134 OR B.1.617.2,Delta,14.7857142857143,0,0
2022-06-19,13,0,17,0,0,2.84623777231095e-05,0.135478437891689,AY.1 OR AY.2 OR AY.3 OR AY.3.1 OR AY.3.2 OR AY.3.3 OR AY.3.4 OR AY.4 OR AY.4.1 OR AY.4.2 OR AY.4.2.1 OR AY.4.2.2 OR AY.4.2.3 OR AY.4.2.4 OR AY.4.2.5 OR AY.4.3 OR AY.4.4 OR AY.4.5 OR AY.4.6 OR AY.4.7 OR AY.4.8 OR AY.4.9 OR AY.4.10 OR AY.4.11 OR AY.4.12 OR AY.4.13 OR AY.4.14 OR AY.4.15 OR AY.4.16 OR AY.4.17 OR AY.5 OR AY.5.1 OR AY.5.2 OR AY.5.3 OR AY.5.4 OR AY.5.5 OR AY.5.6 OR AY.5.7 OR AY.6 OR AY.7 OR AY.7.1 OR AY.7.2 OR AY.8 OR AY.9 OR AY.9.2 OR AY.9.2.1 OR AY.9.2.2 OR AY.10 OR AY.11 OR AY.13 OR AY.14 OR AY.15 OR AY.16 OR AY.16.1 OR AY.17 OR AY.18 OR AY.19 OR AY.20 OR AY.20.1 OR AY.21 OR AY.22 OR AY.23 OR AY.23.1 OR AY.23.2 OR AY.24 OR AY.24.1 OR AY.25 OR AY.25.1 OR AY.25.1.1 OR AY.25.1.2 OR AY.25.2 OR AY.25.3 OR AY.26 OR AY.26.1 OR AY.27 OR AY.28 OR AY.29 OR AY.29.1 OR AY.29.2 OR AY.30 OR AY.31 OR AY.32 OR AY.33 OR AY.33.1 OR AY.33.2 OR AY.34 OR AY.34.1 OR AY.34.1.1 OR AY.34.2 OR AY.35 OR AY.36 OR AY.36.1 OR AY.37 OR AY.38 OR AY.39 OR AY.39.1 OR AY.39.1.1 OR AY.39.1.2 OR AY.39.1.3 OR AY.39.1.4 OR AY.39.2 OR AY.39.3 OR AY.40 OR AY.41 OR AY.42 OR AY.42.1 OR AY.43 OR AY.43.1 OR AY.43.2 OR AY.43.3 OR AY.43.4 OR AY.43.5 OR AY.43.6 OR AY.43.7 OR AY.43.8 OR AY.43.9 OR AY.44 OR AY.45 OR AY.46 OR AY.46.1 OR AY.46.2 OR AY.46.3 OR AY.46.4 OR AY.46.5 OR AY.46.6 OR AY.46.6.1 OR AY.47 OR AY.48 OR AY.49 OR AY.50 OR AY.51 OR AY.52 OR AY.53 OR AY.54 OR AY.55 OR AY.56 OR AY.57 OR AY.58 OR AY.59 OR AY.60 OR AY.61 OR AY.62 OR AY.63 OR AY.64 OR AY.65 OR AY.66 OR AY.67 OR AY.68 OR AY.69 OR AY.70 OR AY.71 OR AY.72 OR AY.73 OR AY.74 OR AY.75 OR AY.75.2 OR AY.75.3 OR AY.76 OR AY.77 OR AY.78 OR AY.79 OR AY.80 OR AY.81 OR AY.82 OR AY.83 OR AY.84 OR AY.85 OR AY.86 OR AY.87 OR AY.88 OR AY.90 OR AY.91 OR AY.91.1 OR AY.92 OR AY.93 OR AY.94 OR AY.95 OR AY.98 OR AY.98.1 OR AY.98.1.1 OR AY.99 OR AY.99.1 OR AY.99.2 OR AY.100 OR AY.101 OR AY.102 OR AY.102.1 OR AY.102.2 OR AY.103 OR AY.103.1 OR AY.103.2 OR AY.104 OR AY.105 OR AY.106 OR AY.107 OR AY.108 OR AY.109 OR AY.110 OR AY.111 OR AY.112 OR AY.112.1 OR AY.112.2 OR AY.112.3 OR AY.113 OR AY.114 OR AY.116 OR AY.116.1 OR AY.117 OR AY.118 OR AY.119 OR AY.119.1 OR AY.119.2 OR AY.120 OR AY.120.1 OR AY.120.2 OR AY.120.2.1 OR AY.121 OR AY.121.1 OR AY.122 OR AY.122.1 OR AY.122.2 OR AY.122.3 OR AY.122.4 OR AY.122.5 OR AY.122.6 OR AY.123 OR AY.123.1 OR AY.124 OR AY.124.1 OR AY.124.1.1 OR AY.125 OR AY.125.1 OR AY.126 OR AY.127 OR AY.127.1 OR AY.127.2 OR AY.127.3 OR AY.128 OR AY.129 OR AY.130 OR AY.131 OR AY.132 OR AY.133 OR AY.134 OR B.1.617.2,Delta,15.2857142857143,0,0
2022-06-20,18,0,17.7142857142857,0,0,2.69031173009093e-05,0.12855821182176,AY.1 OR AY.2 OR AY.3 OR AY.3.1 OR AY.3.2 OR AY.3.3 OR AY.3.4 OR AY.4 OR AY.4.1 OR AY.4.2 OR AY.4.2.1 OR AY.4.2.2 OR AY.4.2.3 OR AY.4.2.4 OR AY.4.2.5 OR AY.4.3 OR AY.4.4 OR AY.4.5 OR AY.4.6 OR AY.4.7 OR AY.4.8 OR AY.4.9 OR AY.4.10 OR AY.4.11 OR AY.4.12 OR AY.4.13 OR AY.4.14 OR AY.4.15 OR AY.4.16 OR AY.4.17 OR AY.5 OR AY.5.1 OR AY.5.2 OR AY.5.3 OR AY.5.4 OR AY.5.5 OR AY.5.6 OR AY.5.7 OR AY.6 OR AY.7 OR AY.7.1 OR AY.7.2 OR AY.8 OR AY.9 OR AY.9.2 OR AY.9.2.1 OR AY.9.2.2 OR AY.10 OR AY.11 OR AY.13 OR AY.14 OR AY.15 OR AY.16 OR AY.16.1 OR AY.17 OR AY.18 OR AY.19 OR AY.20 OR AY.20.1 OR AY.21 OR AY.22 OR AY.23 OR AY.23.1 OR AY.23.2 OR AY.24 OR AY.24.1 OR AY.25 OR AY.25.1 OR AY.25.1.1 OR AY.25.1.2 OR AY.25.2 OR AY.25.3 OR AY.26 OR AY.26.1 OR AY.27 OR AY.28 OR AY.29 OR AY.29.1 OR AY.29.2 OR AY.30 OR AY.31 OR AY.32 OR AY.33 OR AY.33.1 OR AY.33.2 OR AY.34 OR AY.34.1 OR AY.34.1.1 OR AY.34.2 OR AY.35 OR AY.36 OR AY.36.1 OR AY.37 OR AY.38 OR AY.39 OR AY.39.1 OR AY.39.1.1 OR AY.39.1.2 OR AY.39.1.3 OR AY.39.1.4 OR AY.39.2 OR AY.39.3 OR AY.40 OR AY.41 OR AY.42 OR AY.42.1 OR AY.43 OR AY.43.1 OR AY.43.2 OR AY.43.3 OR AY.43.4 OR AY.43.5 OR AY.43.6 OR AY.43.7 OR AY.43.8 OR AY.43.9 OR AY.44 OR AY.45 OR AY.46 OR AY.46.1 OR AY.46.2 OR AY.46.3 OR AY.46.4 OR AY.46.5 OR AY.46.6 OR AY.46.6.1 OR AY.47 OR AY.48 OR AY.49 OR AY.50 OR AY.51 OR AY.52 OR AY.53 OR AY.54 OR AY.55 OR AY.56 OR AY.57 OR AY.58 OR AY.59 OR AY.60 OR AY.61 OR AY.62 OR AY.63 OR AY.64 OR AY.65 OR AY.66 OR AY.67 OR AY.68 OR AY.69 OR AY.70 OR AY.71 OR AY.72 OR AY.73 OR AY.74 OR AY.75 OR AY.75.2 OR AY.75.3 OR AY.76 OR AY.77 OR AY.78 OR AY.79 OR AY.80 OR AY.81 OR AY.82 OR AY.83 OR AY.84 OR AY.85 OR AY.86 OR AY.87 OR AY.88 OR AY.90 OR AY.91 OR AY.91.1 OR AY.92 OR AY.93 OR AY.94 OR AY.95 OR AY.98 OR AY.98.1 OR AY.98.1.1 OR AY.99 OR AY.99.1 OR AY.99.2 OR AY.100 OR AY.101 OR AY.102 OR AY.102.1 OR AY.102.2 OR AY.103 OR AY.103.1 OR AY.103.2 OR AY.104 OR AY.105 OR AY.106 OR AY.107 OR AY.108 OR AY.109 OR AY.110 OR AY.111 OR AY.112 OR AY.112.1 OR AY.112.2 OR AY.112.3 OR AY.113 OR AY.114 OR AY.116 OR AY.116.1 OR AY.117 OR AY.118 OR AY.119 OR AY.119.1 OR AY.119.2 OR AY.120 OR AY.120.1 OR AY.120.2 OR AY.120.2.1 OR AY.121 OR AY.121.1 OR AY.122 OR AY.122.1 OR AY.122.2 OR AY.122.3 OR AY.122.4 OR AY.122.5 OR AY.122.6 OR AY.123 OR AY.123.1 OR AY.124 OR AY.124.1 OR AY.124.1.1 OR AY.125 OR AY.125.1 OR AY.126 OR AY.127 OR AY.127.1 OR AY.127.2 OR AY.127.3 OR AY.128 OR AY.129 OR AY.130 OR AY.131 OR AY.132 OR AY.133 OR AY.134 OR B.1.617.2,Delta,15.7142857142857,0,0
2022-06-21,8,0,17.1428571428571,0,0,2.84623777231095e-05,0.135478437891689,AY.1 OR AY.2 OR AY.3 OR AY.3.1 OR AY.3.2 OR AY.3.3 OR AY.3.4 OR AY.4 OR AY.4.1 OR AY.4.2 OR AY.4.2.1 OR AY.4.2.2 OR AY.4.2.3 OR AY.4.2.4 OR AY.4.2.5 OR AY.4.3 OR AY.4.4 OR AY.4.5 OR AY.4.6 OR AY.4.7 OR AY.4.8 OR AY.4.9 OR AY.4.10 OR AY.4.11 OR AY.4.12 OR AY.4.13 OR AY.4.14 OR AY.4.15 OR AY.4.16 OR AY.4.17 OR AY.5 OR AY.5.1 OR AY.5.2 OR AY.5.3 OR AY.5.4 OR AY.5.5 OR AY.5.6 OR AY.5.7 OR AY.6 OR AY.7 OR AY.7.1 OR AY.7.2 OR AY.8 OR AY.9 OR AY.9.2 OR AY.9.2.1 OR AY.9.2.2 OR AY.10 OR AY.11 OR AY.13 OR AY.14 OR AY.15 OR AY.16 OR AY.16.1 OR AY.17 OR AY.18 OR AY.19 OR AY.20 OR AY.20.1 OR AY.21 OR AY.22 OR AY.23 OR AY.23.1 OR AY.23.2 OR AY.24 OR AY.24.1 OR AY.25 OR AY.25.1 OR AY.25.1.1 OR AY.25.1.2 OR AY.25.2 OR AY.25.3 OR AY.26 OR AY.26.1 OR AY.27 OR AY.28 OR AY.29 OR AY.29.1 OR AY.29.2 OR AY.30 OR AY.31 OR AY.32 OR AY.33 OR AY.33.1 OR AY.33.2 OR AY.34 OR AY.34.1 OR AY.34.1.1 OR AY.34.2 OR AY.35 OR AY.36 OR AY.36.1 OR AY.37 OR AY.38 OR AY.39 OR AY.39.1 OR AY.39.1.1 OR AY.39.1.2 OR AY.39.1.3 OR AY.39.1.4 OR AY.39.2 OR AY.39.3 OR AY.40 OR AY.41 OR AY.42 OR AY.42.1 OR AY.43 OR AY.43.1 OR AY.43.2 OR AY.43.3 OR AY.43.4 OR AY.43.5 OR AY.43.6 OR AY.43.7 OR AY.43.8 OR AY.43.9 OR AY.44 OR AY.45 OR AY.46 OR AY.46.1 OR AY.46.2 OR AY.46.3 OR AY.46.4 OR AY.46.5 OR AY.46.6 OR AY.46.6.1 OR AY.47 OR AY.48 OR AY.49 OR AY.50 OR AY.51 OR AY.52 OR AY.53 OR AY.54 OR AY.55 OR AY.56 OR AY.57 OR AY.58 OR AY.59 OR AY.60 OR AY.61 OR AY.62 OR AY.63 OR AY.64 OR AY.65 OR AY.66 OR AY.67 OR AY.68 OR AY.69 OR AY.70 OR AY.71 OR AY.72 OR AY.73 OR AY.74 OR AY.75 OR AY.75.2 OR AY.75.3 OR AY.76 OR AY.77 OR AY.78 OR AY.79 OR AY.80 OR AY.81 OR AY.82 OR AY.83 OR AY.84 OR AY.85 OR AY.86 OR AY.87 OR AY.88 OR AY.90 OR AY.91 OR AY.91.1 OR AY.92 OR AY.93 OR AY.94 OR AY.95 OR AY.98 OR AY.98.1 OR AY.98.1.1 OR AY.99 OR AY.99.1 OR AY.99.2 OR AY.100 OR AY.101 OR AY.102 OR AY.102.1 OR AY.102.2 OR AY.103 OR AY.103.1 OR AY.103.2 OR AY.104 OR AY.105 OR AY.106 OR AY.107 OR AY.108 OR AY.109 OR AY.110 OR AY.111 OR AY.112 OR AY.112.1 OR AY.112.2 OR AY.112.3 OR AY.113 OR AY.114 OR AY.116 OR AY.116.1 OR AY.117 OR AY.118 OR AY.119 OR AY.119.1 OR AY.119.2 OR AY.120 OR AY.120.1 OR AY.120.2 OR AY.120.2.1 OR AY.121 OR AY.121.1 OR AY.122 OR AY.122.1 OR AY.122.2 OR AY.122.3 OR AY.122.4 OR AY.122.5 OR AY.122.6 OR AY.123 OR AY.123.1 OR AY.124 OR AY.124.1 OR AY.124.1.1 OR AY.125 OR AY.125.1 OR AY.126 OR AY.127 OR AY.127.1 OR AY.127.2 OR AY.127.3 OR AY.128 OR AY.129 OR AY.130 OR AY.131 OR AY.132 OR AY.133 OR AY.134 OR B.1.617.2,Delta,15.1428571428571,0,0
2022-06-22,11,0,11.1428571428571,0,0,4.36357981421897e-05,0.199994569026208,AY.1 OR AY.2 OR AY.3 OR AY.3.1 OR AY.3.2 OR AY.3.3 OR AY.3.4 OR AY.4 OR AY.4.1 OR AY.4.2 OR AY.4.2.1 OR AY.4.2.2 OR AY.4.2.3 OR AY.4.2.4 OR AY.4.2.5 OR AY.4.3 OR AY.4.4 OR AY.4.5 OR AY.4.6 OR AY.4.7 OR AY.4.8 OR AY.4.9 OR AY.4.10 OR AY.4.11 OR AY.4.12 OR AY.4.13 OR AY.4.14 OR AY.4.15 OR AY.4.16 OR AY.4.17 OR AY.5 OR AY.5.1 OR AY.5.2 OR AY.5.3 OR AY.5.4 OR AY.5.5 OR AY.5.6 OR AY.5.7 OR AY.6 OR AY.7 OR AY.7.1 OR AY.7.2 OR AY.8 OR AY.9 OR AY.9.2 OR AY.9.2.1 OR AY.9.2.2 OR AY.10 OR AY.11 OR AY.13 OR AY.14 OR AY.15 OR AY.16 OR AY.16.1 OR AY.17 OR AY.18 OR AY.19 OR AY.20 OR AY.20.1 OR AY.21 OR AY.22 OR AY.23 OR AY.23.1 OR AY.23.2 OR AY.24 OR AY.24.1 OR AY.25 OR AY.25.1 OR AY.25.1.1 OR AY.25.1.2 OR AY.25.2 OR AY.25.3 OR AY.26 OR AY.26.1 OR AY.27 OR AY.28 OR AY.29 OR AY.29.1 OR AY.29.2 OR AY.30 OR AY.31 OR AY.32 OR AY.33 OR AY.33.1 OR AY.33.2 OR AY.34 OR AY.34.1 OR AY.34.1.1 OR AY.34.2 OR AY.35 OR AY.36 OR AY.36.1 OR AY.37 OR AY.38 OR AY.39 OR AY.39.1 OR AY.39.1.1 OR AY.39.1.2 OR AY.39.1.3 OR AY.39.1.4 OR AY.39.2 OR AY.39.3 OR AY.40 OR AY.41 OR AY.42 OR AY.42.1 OR AY.43 OR AY.43.1 OR AY.43.2 OR AY.43.3 OR AY.43.4 OR AY.43.5 OR AY.43.6 OR AY.43.7 OR AY.43.8 OR AY.43.9 OR AY.44 OR AY.45 OR AY.46 OR AY.46.1 OR AY.46.2 OR AY.46.3 OR AY.46.4 OR AY.46.5 OR AY.46.6 OR AY.46.6.1 OR AY.47 OR AY.48 OR AY.49 OR AY.50 OR AY.51 OR AY.52 OR AY.53 OR AY.54 OR AY.55 OR AY.56 OR AY.57 OR AY.58 OR AY.59 OR AY.60 OR AY.61 OR AY.62 OR AY.63 OR AY.64 OR AY.65 OR AY.66 OR AY.67 OR AY.68 OR AY.69 OR AY.70 OR AY.71 OR AY.72 OR AY.73 OR AY.74 OR AY.75 OR AY.75.2 OR AY.75.3 OR AY.76 OR AY.77 OR AY.78 OR AY.79 OR AY.80 OR AY.81 OR AY.82 OR AY.83 OR AY.84 OR AY.85 OR AY.86 OR AY.87 OR AY.88 OR AY.90 OR AY.91 OR AY.91.1 OR AY.92 OR AY.93 OR AY.94 OR AY.95 OR AY.98 OR AY.98.1 OR AY.98.1.1 OR AY.99 OR AY.99.1 OR AY.99.2 OR AY.100 OR AY.101 OR AY.102 OR AY.102.1 OR AY.102.2 OR AY.103 OR AY.103.1 OR AY.103.2 OR AY.104 OR AY.105 OR AY.106 OR AY.107 OR AY.108 OR AY.109 OR AY.110 OR AY.111 OR AY.112 OR AY.112.1 OR AY.112.2 OR AY.112.3 OR AY.113 OR AY.114 OR AY.116 OR AY.116.1 OR AY.117 OR AY.118 OR AY.119 OR AY.119.1 OR AY.119.2 OR AY.120 OR AY.120.1 OR AY.120.2 OR AY.120.2.1 OR AY.121 OR AY.121.1 OR AY.122 OR AY.122.1 OR AY.122.2 OR AY.122.3 OR AY.122.4 OR AY.122.5 OR AY.122.6 OR AY.123 OR AY.123.1 OR AY.124 OR AY.124.1 OR AY.124.1.1 OR AY.125 OR AY.125.1 OR AY.126 OR AY.127 OR AY.127.1 OR AY.127.2 OR AY.127.3 OR AY.128 OR AY.129 OR AY.130 OR AY.131 OR AY.132 OR AY.133 OR AY.134 OR B.1.617.2,Delta,14.6428571428571,0,0
2022-06-23,11,0,11.2857142857143,0,0,4.36357981421897e-05,0.199994569026208,AY.1 OR AY.2 OR AY.3 OR AY.3.1 OR AY.3.2 OR AY.3.3 OR AY.3.4 OR AY.4 OR AY.4.1 OR AY.4.2 OR AY.4.2.1 OR AY.4.2.2 OR AY.4.2.3 OR AY.4.2.4 OR AY.4.2.5 OR AY.4.3 OR AY.4.4 OR AY.4.5 OR AY.4.6 OR AY.4.7 OR AY.4.8 OR AY.4.9 OR AY.4.10 OR AY.4.11 OR AY.4.12 OR AY.4.13 OR AY.4.14 OR AY.4.15 OR AY.4.16 OR AY.4.17 OR AY.5 OR AY.5.1 OR AY.5.2 OR AY.5.3 OR AY.5.4 OR AY.5.5 OR AY.5.6 OR AY.5.7 OR AY.6 OR AY.7 OR AY.7.1 OR AY.7.2 OR AY.8 OR AY.9 OR AY.9.2 OR AY.9.2.1 OR AY.9.2.2 OR AY.10 OR AY.11 OR AY.13 OR AY.14 OR AY.15 OR AY.16 OR AY.16.1 OR AY.17 OR AY.18 OR AY.19 OR AY.20 OR AY.20.1 OR AY.21 OR AY.22 OR AY.23 OR AY.23.1 OR AY.23.2 OR AY.24 OR AY.24.1 OR AY.25 OR AY.25.1 OR AY.25.1.1 OR AY.25.1.2 OR AY.25.2 OR AY.25.3 OR AY.26 OR AY.26.1 OR AY.27 OR AY.28 OR AY.29 OR AY.29.1 OR AY.29.2 OR AY.30 OR AY.31 OR AY.32 OR AY.33 OR AY.33.1 OR AY.33.2 OR AY.34 OR AY.34.1 OR AY.34.1.1 OR AY.34.2 OR AY.35 OR AY.36 OR AY.36.1 OR AY.37 OR AY.38 OR AY.39 OR AY.39.1 OR AY.39.1.1 OR AY.39.1.2 OR AY.39.1.3 OR AY.39.1.4 OR AY.39.2 OR AY.39.3 OR AY.40 OR AY.41 OR AY.42 OR AY.42.1 OR AY.43 OR AY.43.1 OR AY.43.2 OR AY.43.3 OR AY.43.4 OR AY.43.5 OR AY.43.6 OR AY.43.7 OR AY.43.8 OR AY.43.9 OR AY.44 OR AY.45 OR AY.46 OR AY.46.1 OR AY.46.2 OR AY.46.3 OR AY.46.4 OR AY.46.5 OR AY.46.6 OR AY.46.6.1 OR AY.47 OR AY.48 OR AY.49 OR AY.50 OR AY.51 OR AY.52 OR AY.53 OR AY.54 OR AY.55 OR AY.56 OR AY.57 OR AY.58 OR AY.59 OR AY.60 OR AY.61 OR AY.62 OR AY.63 OR AY.64 OR AY.65 OR AY.66 OR AY.67 OR AY.68 OR AY.69 OR AY.70 OR AY.71 OR AY.72 OR AY.73 OR AY.74 OR AY.75 OR AY.75.2 OR AY.75.3 OR AY.76 OR AY.77 OR AY.78 OR AY.79 OR AY.80 OR AY.81 OR AY.82 OR AY.83 OR AY.84 OR AY.85 OR AY.86 OR AY.87 OR AY.88 OR AY.90 OR AY.91 OR AY.91.1 OR AY.92 OR AY.93 OR AY.94 OR AY.95 OR AY.98 OR AY.98.1 OR AY.98.1.1 OR AY.99 OR AY.99.1 OR AY.99.2 OR AY.100 OR AY.101 OR AY.102 OR AY.102.1 OR AY.102.2 OR AY.103 OR AY.103.1 OR AY.103.2 OR AY.104 OR AY.105 OR AY.106 OR AY.107 OR AY.108 OR AY.109 OR AY.110 OR AY.111 OR AY.112 OR AY.112.1 OR AY.112.2 OR AY.112.3 OR AY.113 OR AY.114 OR AY.116 OR AY.116.1 OR AY.117 OR AY.118 OR AY.119 OR AY.119.1 OR AY.119.2 OR AY.120 OR AY.120.1 OR AY.120.2 OR AY.120.2.1 OR AY.121 OR AY.121.1 OR AY.122 OR AY.122.1 OR AY.122.2 OR AY.122.3 OR AY.122.4 OR AY.122.5 OR AY.122.6 OR AY.123 OR AY.123.1 OR AY.124 OR AY.124.1 OR AY.124.1.1 OR AY.125 OR AY.125.1 OR AY.126 OR AY.127 OR AY.127.1 OR AY.127.2 OR AY.127.3 OR AY.128 OR AY.129 OR AY.130 OR AY.131 OR AY.132 OR AY.133 OR AY.134 OR B.1.617.2,Delta,13.8571428571429,0,0
2022-06-24,9,0,10.8571428571429,0,0,4.36357981421897e-05,0.199994569026208,AY.1 OR AY.2 OR AY.3 OR AY.3.1 OR AY.3.2 OR AY.3.3 OR AY.3.4 OR AY.4 OR AY.4.1 OR AY.4.2 OR AY.4.2.1 OR AY.4.2.2 OR AY.4.2.3 OR AY.4.2.4 OR AY.4.2.5 OR AY.4.3 OR AY.4.4 OR AY.4.5 OR AY.4.6 OR AY.4.7 OR AY.4.8 OR AY.4.9 OR AY.4.10 OR AY.4.11 OR AY.4.12 OR AY.4.13 OR AY.4.14 OR AY.4.15 OR AY.4.16 OR AY.4.17 OR AY.5 OR AY.5.1 OR AY.5.2 OR AY.5.3 OR AY.5.4 OR AY.5.5 OR AY.5.6 OR AY.5.7 OR AY.6 OR AY.7 OR AY.7.1 OR AY.7.2 OR AY.8 OR AY.9 OR AY.9.2 OR AY.9.2.1 OR AY.9.2.2 OR AY.10 OR AY.11 OR AY.13 OR AY.14 OR AY.15 OR AY.16 OR AY.16.1 OR AY.17 OR AY.18 OR AY.19 OR AY.20 OR AY.20.1 OR AY.21 OR AY.22 OR AY.23 OR AY.23.1 OR AY.23.2 OR AY.24 OR AY.24.1 OR AY.25 OR AY.25.1 OR AY.25.1.1 OR AY.25.1.2 OR AY.25.2 OR AY.25.3 OR AY.26 OR AY.26.1 OR AY.27 OR AY.28 OR AY.29 OR AY.29.1 OR AY.29.2 OR AY.30 OR AY.31 OR AY.32 OR AY.33 OR AY.33.1 OR AY.33.2 OR AY.34 OR AY.34.1 OR AY.34.1.1 OR AY.34.2 OR AY.35 OR AY.36 OR AY.36.1 OR AY.37 OR AY.38 OR AY.39 OR AY.39.1 OR AY.39.1.1 OR AY.39.1.2 OR AY.39.1.3 OR AY.39.1.4 OR AY.39.2 OR AY.39.3 OR AY.40 OR AY.41 OR AY.42 OR AY.42.1 OR AY.43 OR AY.43.1 OR AY.43.2 OR AY.43.3 OR AY.43.4 OR AY.43.5 OR AY.43.6 OR AY.43.7 OR AY.43.8 OR AY.43.9 OR AY.44 OR AY.45 OR AY.46 OR AY.46.1 OR AY.46.2 OR AY.46.3 OR AY.46.4 OR AY.46.5 OR AY.46.6 OR AY.46.6.1 OR AY.47 OR AY.48 OR AY.49 OR AY.50 OR AY.51 OR AY.52 OR AY.53 OR AY.54 OR AY.55 OR AY.56 OR AY.57 OR AY.58 OR AY.59 OR AY.60 OR AY.61 OR AY.62 OR AY.63 OR AY.64 OR AY.65 OR AY.66 OR AY.67 OR AY.68 OR AY.69 OR AY.70 OR AY.71 OR AY.72 OR AY.73 OR AY.74 OR AY.75 OR AY.75.2 OR AY.75.3 OR AY.76 OR AY.77 OR AY.78 OR AY.79 OR AY.80 OR AY.81 OR AY.82 OR AY.83 OR AY.84 OR AY.85 OR AY.86 OR AY.87 OR AY.88 OR AY.90 OR AY.91 OR AY.91.1 OR AY.92 OR AY.93 OR AY.94 OR AY.95 OR AY.98 OR AY.98.1 OR AY.98.1.1 OR AY.99 OR AY.99.1 OR AY.99.2 OR AY.100 OR AY.101 OR AY.102 OR AY.102.1 OR AY.102.2 OR AY.103 OR AY.103.1 OR AY.103.2 OR AY.104 OR AY.105 OR AY.106 OR AY.107 OR AY.108 OR AY.109 OR AY.110 OR AY.111 OR AY.112 OR AY.112.1 OR AY.112.2 OR AY.112.3 OR AY.113 OR AY.114 OR AY.116 OR AY.116.1 OR AY.117 OR AY.118 OR AY.119 OR AY.119.1 OR AY.119.2 OR AY.120 OR AY.120.1 OR AY.120.2 OR AY.120.2.1 OR AY.121 OR AY.121.1 OR AY.122 OR AY.122.1 OR AY.122.2 OR AY.122.3 OR AY.122.4 OR AY.122.5 OR AY.122.6 OR AY.123 OR AY.123.1 OR AY.124 OR AY.124.1 OR AY.124.1.1 OR AY.125 OR AY.125.1 OR AY.126 OR AY.127 OR AY.127.1 OR AY.127.2 OR AY.127.3 OR AY.128 OR AY.129 OR AY.130 OR AY.131 OR AY.132 OR AY.133 OR AY.134 OR B.1.617.2,Delta,13.5,0,0
2022-06-25,5,0,10.7142857142857,0,0,4.36357981421897e-05,0.199994569026208,AY.1 OR AY.2 OR AY.3 OR AY.3.1 OR AY.3.2 OR AY.3.3 OR AY.3.4 OR AY.4 OR AY.4.1 OR AY.4.2 OR AY.4.2.1 OR AY.4.2.2 OR AY.4.2.3 OR AY.4.2.4 OR AY.4.2.5 OR AY.4.3 OR AY.4.4 OR AY.4.5 OR AY.4.6 OR AY.4.7 OR AY.4.8 OR AY.4.9 OR AY.4.10 OR AY.4.11 OR AY.4.12 OR AY.4.13 OR AY.4.14 OR AY.4.15 OR AY.4.16 OR AY.4.17 OR AY.5 OR AY.5.1 OR AY.5.2 OR AY.5.3 OR AY.5.4 OR AY.5.5 OR AY.5.6 OR AY.5.7 OR AY.6 OR AY.7 OR AY.7.1 OR AY.7.2 OR AY.8 OR AY.9 OR AY.9.2 OR AY.9.2.1 OR AY.9.2.2 OR AY.10 OR AY.11 OR AY.13 OR AY.14 OR AY.15 OR AY.16 OR AY.16.1 OR AY.17 OR AY.18 OR AY.19 OR AY.20 OR AY.20.1 OR AY.21 OR AY.22 OR AY.23 OR AY.23.1 OR AY.23.2 OR AY.24 OR AY.24.1 OR AY.25 OR AY.25.1 OR AY.25.1.1 OR AY.25.1.2 OR AY.25.2 OR AY.25.3 OR AY.26 OR AY.26.1 OR AY.27 OR AY.28 OR AY.29 OR AY.29.1 OR AY.29.2 OR AY.30 OR AY.31 OR AY.32 OR AY.33 OR AY.33.1 OR AY.33.2 OR AY.34 OR AY.34.1 OR AY.34.1.1 OR AY.34.2 OR AY.35 OR AY.36 OR AY.36.1 OR AY.37 OR AY.38 OR AY.39 OR AY.39.1 OR AY.39.1.1 OR AY.39.1.2 OR AY.39.1.3 OR AY.39.1.4 OR AY.39.2 OR AY.39.3 OR AY.40 OR AY.41 OR AY.42 OR AY.42.1 OR AY.43 OR AY.43.1 OR AY.43.2 OR AY.43.3 OR AY.43.4 OR AY.43.5 OR AY.43.6 OR AY.43.7 OR AY.43.8 OR AY.43.9 OR AY.44 OR AY.45 OR AY.46 OR AY.46.1 OR AY.46.2 OR AY.46.3 OR AY.46.4 OR AY.46.5 OR AY.46.6 OR AY.46.6.1 OR AY.47 OR AY.48 OR AY.49 OR AY.50 OR AY.51 OR AY.52 OR AY.53 OR AY.54 OR AY.55 OR AY.56 OR AY.57 OR AY.58 OR AY.59 OR AY.60 OR AY.61 OR AY.62 OR AY.63 OR AY.64 OR AY.65 OR AY.66 OR AY.67 OR AY.68 OR AY.69 OR AY.70 OR AY.71 OR AY.72 OR AY.73 OR AY.74 OR AY.75 OR AY.75.2 OR AY.75.3 OR AY.76 OR AY.77 OR AY.78 OR AY.79 OR AY.80 OR AY.81 OR AY.82 OR AY.83 OR AY.84 OR AY.85 OR AY.86 OR AY.87 OR AY.88 OR AY.90 OR AY.91 OR AY.91.1 OR AY.92 OR AY.93 OR AY.94 OR AY.95 OR AY.98 OR AY.98.1 OR AY.98.1.1 OR AY.99 OR AY.99.1 OR AY.99.2 OR AY.100 OR AY.101 OR AY.102 OR AY.102.1 OR AY.102.2 OR AY.103 OR AY.103.1 OR AY.103.2 OR AY.104 OR AY.105 OR AY.106 OR AY.107 OR AY.108 OR AY.109 OR AY.110 OR AY.111 OR AY.112 OR AY.112.1 OR AY.112.2 OR AY.112.3 OR AY.113 OR AY.114 OR AY.116 OR AY.116.1 OR AY.117 OR AY.118 OR AY.119 OR AY.119.1 OR AY.119.2 OR AY.120 OR AY.120.1 OR AY.120.2 OR AY.120.2.1 OR AY.121 OR AY.121.1 OR AY.122 OR AY.122.1 OR AY.122.2 OR AY.122.3 OR AY.122.4 OR AY.122.5 OR AY.122.6 OR AY.123 OR AY.123.1 OR AY.124 OR AY.124.1 OR AY.124.1.1 OR AY.125 OR AY.125.1 OR AY.126 OR AY.127 OR AY.127.1 OR AY.127.2 OR AY.127.3 OR AY.128 OR AY.129 OR AY.130 OR AY.131 OR AY.132 OR AY.133 OR AY.134 OR B.1.617.2,Delta,13.3571428571429,0,0
2022-06-26,3,0,9.28571428571429,0,0,5.3064053418493e-05,0.237610098632903,AY.1 OR AY.2 OR AY.3 OR AY.3.1 OR AY.3.2 OR AY.3.3 OR AY.3.4 OR AY.4 OR AY.4.1 OR AY.4.2 OR AY.4.2.1 OR AY.4.2.2 OR AY.4.2.3 OR AY.4.2.4 OR AY.4.2.5 OR AY.4.3 OR AY.4.4 OR AY.4.5 OR AY.4.6 OR AY.4.7 OR AY.4.8 OR AY.4.9 OR AY.4.10 OR AY.4.11 OR AY.4.12 OR AY.4.13 OR AY.4.14 OR AY.4.15 OR AY.4.16 OR AY.4.17 OR AY.5 OR AY.5.1 OR AY.5.2 OR AY.5.3 OR AY.5.4 OR AY.5.5 OR AY.5.6 OR AY.5.7 OR AY.6 OR AY.7 OR AY.7.1 OR AY.7.2 OR AY.8 OR AY.9 OR AY.9.2 OR AY.9.2.1 OR AY.9.2.2 OR AY.10 OR AY.11 OR AY.13 OR AY.14 OR AY.15 OR AY.16 OR AY.16.1 OR AY.17 OR AY.18 OR AY.19 OR AY.20 OR AY.20.1 OR AY.21 OR AY.22 OR AY.23 OR AY.23.1 OR AY.23.2 OR AY.24 OR AY.24.1 OR AY.25 OR AY.25.1 OR AY.25.1.1 OR AY.25.1.2 OR AY.25.2 OR AY.25.3 OR AY.26 OR AY.26.1 OR AY.27 OR AY.28 OR AY.29 OR AY.29.1 OR AY.29.2 OR AY.30 OR AY.31 OR AY.32 OR AY.33 OR AY.33.1 OR AY.33.2 OR AY.34 OR AY.34.1 OR AY.34.1.1 OR AY.34.2 OR AY.35 OR AY.36 OR AY.36.1 OR AY.37 OR AY.38 OR AY.39 OR AY.39.1 OR AY.39.1.1 OR AY.39.1.2 OR AY.39.1.3 OR AY.39.1.4 OR AY.39.2 OR AY.39.3 OR AY.40 OR AY.41 OR AY.42 OR AY.42.1 OR AY.43 OR AY.43.1 OR AY.43.2 OR AY.43.3 OR AY.43.4 OR AY.43.5 OR AY.43.6 OR AY.43.7 OR AY.43.8 OR AY.43.9 OR AY.44 OR AY.45 OR AY.46 OR AY.46.1 OR AY.46.2 OR AY.46.3 OR AY.46.4 OR AY.46.5 OR AY.46.6 OR AY.46.6.1 OR AY.47 OR AY.48 OR AY.49 OR AY.50 OR AY.51 OR AY.52 OR AY.53 OR AY.54 OR AY.55 OR AY.56 OR AY.57 OR AY.58 OR AY.59 OR AY.60 OR AY.61 OR AY.62 OR AY.63 OR AY.64 OR AY.65 OR AY.66 OR AY.67 OR AY.68 OR AY.69 OR AY.70 OR AY.71 OR AY.72 OR AY.73 OR AY.74 OR AY.75 OR AY.75.2 OR AY.75.3 OR AY.76 OR AY.77 OR AY.78 OR AY.79 OR AY.80 OR AY.81 OR AY.82 OR AY.83 OR AY.84 OR AY.85 OR AY.86 OR AY.87 OR AY.88 OR AY.90 OR AY.91 OR AY.91.1 OR AY.92 OR AY.93 OR AY.94 OR AY.95 OR AY.98 OR AY.98.1 OR AY.98.1.1 OR AY.99 OR AY.99.1 OR AY.99.2 OR AY.100 OR AY.101 OR AY.102 OR AY.102.1 OR AY.102.2 OR AY.103 OR AY.103.1 OR AY.103.2 OR AY.104 OR AY.105 OR AY.106 OR AY.107 OR AY.108 OR AY.109 OR AY.110 OR AY.111 OR AY.112 OR AY.112.1 OR AY.112.2 OR AY.112.3 OR AY.113 OR AY.114 OR AY.116 OR AY.116.1 OR AY.117 OR AY.118 OR AY.119 OR AY.119.1 OR AY.119.2 OR AY.120 OR AY.120.1 OR AY.120.2 OR AY.120.2.1 OR AY.121 OR AY.121.1 OR AY.122 OR AY.122.1 OR AY.122.2 OR AY.122.3 OR AY.122.4 OR AY.122.5 OR AY.122.6 OR AY.123 OR AY.123.1 OR AY.124 OR AY.124.1 OR AY.124.1.1 OR AY.125 OR AY.125.1 OR AY.126 OR AY.127 OR AY.127.1 OR AY.127.2 OR AY.127.3 OR AY.128 OR AY.129 OR AY.130 OR AY.131 OR AY.132 OR AY.133 OR AY.134 OR B.1.617.2,Delta,13.1428571428571,0,0
2022-06-27,3,0,7.14285714285714,0,0,6.76864642438304e-05,0.29243617366231,AY.1 OR AY.2 OR AY.3 OR AY.3.1 OR AY.3.2 OR AY.3.3 OR AY.3.4 OR AY.4 OR AY.4.1 OR AY.4.2 OR AY.4.2.1 OR AY.4.2.2 OR AY.4.2.3 OR AY.4.2.4 OR AY.4.2.5 OR AY.4.3 OR AY.4.4 OR AY.4.5 OR AY.4.6 OR AY.4.7 OR AY.4.8 OR AY.4.9 OR AY.4.10 OR AY.4.11 OR AY.4.12 OR AY.4.13 OR AY.4.14 OR AY.4.15 OR AY.4.16 OR AY.4.17 OR AY.5 OR AY.5.1 OR AY.5.2 OR AY.5.3 OR AY.5.4 OR AY.5.5 OR AY.5.6 OR AY.5.7 OR AY.6 OR AY.7 OR AY.7.1 OR AY.7.2 OR AY.8 OR AY.9 OR AY.9.2 OR AY.9.2.1 OR AY.9.2.2 OR AY.10 OR AY.11 OR AY.13 OR AY.14 OR AY.15 OR AY.16 OR AY.16.1 OR AY.17 OR AY.18 OR AY.19 OR AY.20 OR AY.20.1 OR AY.21 OR AY.22 OR AY.23 OR AY.23.1 OR AY.23.2 OR AY.24 OR AY.24.1 OR AY.25 OR AY.25.1 OR AY.25.1.1 OR AY.25.1.2 OR AY.25.2 OR AY.25.3 OR AY.26 OR AY.26.1 OR AY.27 OR AY.28 OR AY.29 OR AY.29.1 OR AY.29.2 OR AY.30 OR AY.31 OR AY.32 OR AY.33 OR AY.33.1 OR AY.33.2 OR AY.34 OR AY.34.1 OR AY.34.1.1 OR AY.34.2 OR AY.35 OR AY.36 OR AY.36.1 OR AY.37 OR AY.38 OR AY.39 OR AY.39.1 OR AY.39.1.1 OR AY.39.1.2 OR AY.39.1.3 OR AY.39.1.4 OR AY.39.2 OR AY.39.3 OR AY.40 OR AY.41 OR AY.42 OR AY.42.1 OR AY.43 OR AY.43.1 OR AY.43.2 OR AY.43.3 OR AY.43.4 OR AY.43.5 OR AY.43.6 OR AY.43.7 OR AY.43.8 OR AY.43.9 OR AY.44 OR AY.45 OR AY.46 OR AY.46.1 OR AY.46.2 OR AY.46.3 OR AY.46.4 OR AY.46.5 OR AY.46.6 OR AY.46.6.1 OR AY.47 OR AY.48 OR AY.49 OR AY.50 OR AY.51 OR AY.52 OR AY.53 OR AY.54 OR AY.55 OR AY.56 OR AY.57 OR AY.58 OR AY.59 OR AY.60 OR AY.61 OR AY.62 OR AY.63 OR AY.64 OR AY.65 OR AY.66 OR AY.67 OR AY.68 OR AY.69 OR AY.70 OR AY.71 OR AY.72 OR AY.73 OR AY.74 OR AY.75 OR AY.75.2 OR AY.75.3 OR AY.76 OR AY.77 OR AY.78 OR AY.79 OR AY.80 OR AY.81 OR AY.82 OR AY.83 OR AY.84 OR AY.85 OR AY.86 OR AY.87 OR AY.88 OR AY.90 OR AY.91 OR AY.91.1 OR AY.92 OR AY.93 OR AY.94 OR AY.95 OR AY.98 OR AY.98.1 OR AY.98.1.1 OR AY.99 OR AY.99.1 OR AY.99.2 OR AY.100 OR AY.101 OR AY.102 OR AY.102.1 OR AY.102.2 OR AY.103 OR AY.103.1 OR AY.103.2 OR AY.104 OR AY.105 OR AY.106 OR AY.107 OR AY.108 OR AY.109 OR AY.110 OR AY.111 OR AY.112 OR AY.112.1 OR AY.112.2 OR AY.112.3 OR AY.113 OR AY.114 OR AY.116 OR AY.116.1 OR AY.117 OR AY.118 OR AY.119 OR AY.119.1 OR AY.119.2 OR AY.120 OR AY.120.1 OR AY.120.2 OR AY.120.2.1 OR AY.121 OR AY.121.1 OR AY.122 OR AY.122.1 OR AY.122.2 OR AY.122.3 OR AY.122.4 OR AY.122.5 OR AY.122.6 OR AY.123 OR AY.123.1 OR AY.124 OR AY.124.1 OR AY.124.1.1 OR AY.125 OR AY.125.1 OR AY.126 OR AY.127 OR AY.127.1 OR AY.127.2 OR AY.127.3 OR AY.128 OR AY.129 OR AY.130 OR AY.131 OR AY.132 OR AY.133 OR AY.134 OR B.1.617.2,Delta,12.4285714285714,0,0
2022-06-28,9,0,7.28571428571429,0,0,6.76864642438304e-05,0.29243617366231,AY.1 OR AY.2 OR AY.3 OR AY.3.1 OR AY.3.2 OR AY.3.3 OR AY.3.4 OR AY.4 OR AY.4.1 OR AY.4.2 OR AY.4.2.1 OR AY.4.2.2 OR AY.4.2.3 OR AY.4.2.4 OR AY.4.2.5 OR AY.4.3 OR AY.4.4 OR AY.4.5 OR AY.4.6 OR AY.4.7 OR AY.4.8 OR AY.4.9 OR AY.4.10 OR AY.4.11 OR AY.4.12 OR AY.4.13 OR AY.4.14 OR AY.4.15 OR AY.4.16 OR AY.4.17 OR AY.5 OR AY.5.1 OR AY.5.2 OR AY.5.3 OR AY.5.4 OR AY.5.5 OR AY.5.6 OR AY.5.7 OR AY.6 OR AY.7 OR AY.7.1 OR AY.7.2 OR AY.8 OR AY.9 OR AY.9.2 OR AY.9.2.1 OR AY.9.2.2 OR AY.10 OR AY.11 OR AY.13 OR AY.14 OR AY.15 OR AY.16 OR AY.16.1 OR AY.17 OR AY.18 OR AY.19 OR AY.20 OR AY.20.1 OR AY.21 OR AY.22 OR AY.23 OR AY.23.1 OR AY.23.2 OR AY.24 OR AY.24.1 OR AY.25 OR AY.25.1 OR AY.25.1.1 OR AY.25.1.2 OR AY.25.2 OR AY.25.3 OR AY.26 OR AY.26.1 OR AY.27 OR AY.28 OR AY.29 OR AY.29.1 OR AY.29.2 OR AY.30 OR AY.31 OR AY.32 OR AY.33 OR AY.33.1 OR AY.33.2 OR AY.34 OR AY.34.1 OR AY.34.1.1 OR AY.34.2 OR AY.35 OR AY.36 OR AY.36.1 OR AY.37 OR AY.38 OR AY.39 OR AY.39.1 OR AY.39.1.1 OR AY.39.1.2 OR AY.39.1.3 OR AY.39.1.4 OR AY.39.2 OR AY.39.3 OR AY.40 OR AY.41 OR AY.42 OR AY.42.1 OR AY.43 OR AY.43.1 OR AY.43.2 OR AY.43.3 OR AY.43.4 OR AY.43.5 OR AY.43.6 OR AY.43.7 OR AY.43.8 OR AY.43.9 OR AY.44 OR AY.45 OR AY.46 OR AY.46.1 OR AY.46.2 OR AY.46.3 OR AY.46.4 OR AY.46.5 OR AY.46.6 OR AY.46.6.1 OR AY.47 OR AY.48 OR AY.49 OR AY.50 OR AY.51 OR AY.52 OR AY.53 OR AY.54 OR AY.55 OR AY.56 OR AY.57 OR AY.58 OR AY.59 OR AY.60 OR AY.61 OR AY.62 OR AY.63 OR AY.64 OR AY.65 OR AY.66 OR AY.67 OR AY.68 OR AY.69 OR AY.70 OR AY.71 OR AY.72 OR AY.73 OR AY.74 OR AY.75 OR AY.75.2 OR AY.75.3 OR AY.76 OR AY.77 OR AY.78 OR AY.79 OR AY.80 OR AY.81 OR AY.82 OR AY.83 OR AY.84 OR AY.85 OR AY.86 OR AY.87 OR AY.88 OR AY.90 OR AY.91 OR AY.91.1 OR AY.92 OR AY.93 OR AY.94 OR AY.95 OR AY.98 OR AY.98.1 OR AY.98.1.1 OR AY.99 OR AY.99.1 OR AY.99.2 OR AY.100 OR AY.101 OR AY.102 OR AY.102.1 OR AY.102.2 OR AY.103 OR AY.103.1 OR AY.103.2 OR AY.104 OR AY.105 OR AY.106 OR AY.107 OR AY.108 OR AY.109 OR AY.110 OR AY.111 OR AY.112 OR AY.112.1 OR AY.112.2 OR AY.112.3 OR AY.113 OR AY.114 OR AY.116 OR AY.116.1 OR AY.117 OR AY.118 OR AY.119 OR AY.119.1 OR AY.119.2 OR AY.120 OR AY.120.1 OR AY.120.2 OR AY.120.2.1 OR AY.121 OR AY.121.1 OR AY.122 OR AY.122.1 OR AY.122.2 OR AY.122.3 OR AY.122.4 OR AY.122.5 OR AY.122.6 OR AY.123 OR AY.123.1 OR AY.124 OR AY.124.1 OR AY.124.1.1 OR AY.125 OR AY.125.1 OR AY.126 OR AY.127 OR AY.127.1 OR AY.127.2 OR AY.127.3 OR AY.128 OR AY.129 OR AY.130 OR AY.131 OR AY.132 OR AY.133 OR AY.134 OR B.1.617.2,Delta,12.2142857142857,0,0
2022-06-29,7,0,6.71428571428571,0,0,6.76864642438304e-05,0.29243617366231,AY.1 OR AY.2 OR AY.3 OR AY.3.1 OR AY.3.2 OR AY.3.3 OR AY.3.4 OR AY.4 OR AY.4.1 OR AY.4.2 OR AY.4.2.1 OR AY.4.2.2 OR AY.4.2.3 OR AY.4.2.4 OR AY.4.2.5 OR AY.4.3 OR AY.4.4 OR AY.4.5 OR AY.4.6 OR AY.4.7 OR AY.4.8 OR AY.4.9 OR AY.4.10 OR AY.4.11 OR AY.4.12 OR AY.4.13 OR AY.4.14 OR AY.4.15 OR AY.4.16 OR AY.4.17 OR AY.5 OR AY.5.1 OR AY.5.2 OR AY.5.3 OR AY.5.4 OR AY.5.5 OR AY.5.6 OR AY.5.7 OR AY.6 OR AY.7 OR AY.7.1 OR AY.7.2 OR AY.8 OR AY.9 OR AY.9.2 OR AY.9.2.1 OR AY.9.2.2 OR AY.10 OR AY.11 OR AY.13 OR AY.14 OR AY.15 OR AY.16 OR AY.16.1 OR AY.17 OR AY.18 OR AY.19 OR AY.20 OR AY.20.1 OR AY.21 OR AY.22 OR AY.23 OR AY.23.1 OR AY.23.2 OR AY.24 OR AY.24.1 OR AY.25 OR AY.25.1 OR AY.25.1.1 OR AY.25.1.2 OR AY.25.2 OR AY.25.3 OR AY.26 OR AY.26.1 OR AY.27 OR AY.28 OR AY.29 OR AY.29.1 OR AY.29.2 OR AY.30 OR AY.31 OR AY.32 OR AY.33 OR AY.33.1 OR AY.33.2 OR AY.34 OR AY.34.1 OR AY.34.1.1 OR AY.34.2 OR AY.35 OR AY.36 OR AY.36.1 OR AY.37 OR AY.38 OR AY.39 OR AY.39.1 OR AY.39.1.1 OR AY.39.1.2 OR AY.39.1.3 OR AY.39.1.4 OR AY.39.2 OR AY.39.3 OR AY.40 OR AY.41 OR AY.42 OR AY.42.1 OR AY.43 OR AY.43.1 OR AY.43.2 OR AY.43.3 OR AY.43.4 OR AY.43.5 OR AY.43.6 OR AY.43.7 OR AY.43.8 OR AY.43.9 OR AY.44 OR AY.45 OR AY.46 OR AY.46.1 OR AY.46.2 OR AY.46.3 OR AY.46.4 OR AY.46.5 OR AY.46.6 OR AY.46.6.1 OR AY.47 OR AY.48 OR AY.49 OR AY.50 OR AY.51 OR AY.52 OR AY.53 OR AY.54 OR AY.55 OR AY.56 OR AY.57 OR AY.58 OR AY.59 OR AY.60 OR AY.61 OR AY.62 OR AY.63 OR AY.64 OR AY.65 OR AY.66 OR AY.67 OR AY.68 OR AY.69 OR AY.70 OR AY.71 OR AY.72 OR AY.73 OR AY.74 OR AY.75 OR AY.75.2 OR AY.75.3 OR AY.76 OR AY.77 OR AY.78 OR AY.79 OR AY.80 OR AY.81 OR AY.82 OR AY.83 OR AY.84 OR AY.85 OR AY.86 OR AY.87 OR AY.88 OR AY.90 OR AY.91 OR AY.91.1 OR AY.92 OR AY.93 OR AY.94 OR AY.95 OR AY.98 OR AY.98.1 OR AY.98.1.1 OR AY.99 OR AY.99.1 OR AY.99.2 OR AY.100 OR AY.101 OR AY.102 OR AY.102.1 OR AY.102.2 OR AY.103 OR AY.103.1 OR AY.103.2 OR AY.104 OR AY.105 OR AY.106 OR AY.107 OR AY.108 OR AY.109 OR AY.110 OR AY.111 OR AY.112 OR AY.112.1 OR AY.112.2 OR AY.112.3 OR AY.113 OR AY.114 OR AY.116 OR AY.116.1 OR AY.117 OR AY.118 OR AY.119 OR AY.119.1 OR AY.119.2 OR AY.120 OR AY.120.1 OR AY.120.2 OR AY.120.2.1 OR AY.121 OR AY.121.1 OR AY.122 OR AY.122.1 OR AY.122.2 OR AY.122.3 OR AY.122.4 OR AY.122.5 OR AY.122.6 OR AY.123 OR AY.123.1 OR AY.124 OR AY.124.1 OR AY.124.1.1 OR AY.125 OR AY.125.1 OR AY.126 OR AY.127 OR AY.127.1 OR AY.127.2 OR AY.127.3 OR AY.128 OR AY.129 OR AY.130 OR AY.131 OR AY.132 OR AY.133 OR AY.134 OR B.1.617.2,Delta,8.92857142857143,0,0
2022-06-30,5,0,5.85714285714286,0,0,7.84998483662082e-05,0.33038890915155,AY.1 OR AY.2 OR AY.3 OR AY.3.1 OR AY.3.2 OR AY.3.3 OR AY.3.4 OR AY.4 OR AY.4.1 OR AY.4.2 OR AY.4.2.1 OR AY.4.2.2 OR AY.4.2.3 OR AY.4.2.4 OR AY.4.2.5 OR AY.4.3 OR AY.4.4 OR AY.4.5 OR AY.4.6 OR AY.4.7 OR AY.4.8 OR AY.4.9 OR AY.4.10 OR AY.4.11 OR AY.4.12 OR AY.4.13 OR AY.4.14 OR AY.4.15 OR AY.4.16 OR AY.4.17 OR AY.5 OR AY.5.1 OR AY.5.2 OR AY.5.3 OR AY.5.4 OR AY.5.5 OR AY.5.6 OR AY.5.7 OR AY.6 OR AY.7 OR AY.7.1 OR AY.7.2 OR AY.8 OR AY.9 OR AY.9.2 OR AY.9.2.1 OR AY.9.2.2 OR AY.10 OR AY.11 OR AY.13 OR AY.14 OR AY.15 OR AY.16 OR AY.16.1 OR AY.17 OR AY.18 OR AY.19 OR AY.20 OR AY.20.1 OR AY.21 OR AY.22 OR AY.23 OR AY.23.1 OR AY.23.2 OR AY.24 OR AY.24.1 OR AY.25 OR AY.25.1 OR AY.25.1.1 OR AY.25.1.2 OR AY.25.2 OR AY.25.3 OR AY.26 OR AY.26.1 OR AY.27 OR AY.28 OR AY.29 OR AY.29.1 OR AY.29.2 OR AY.30 OR AY.31 OR AY.32 OR AY.33 OR AY.33.1 OR AY.33.2 OR AY.34 OR AY.34.1 OR AY.34.1.1 OR AY.34.2 OR AY.35 OR AY.36 OR AY.36.1 OR AY.37 OR AY.38 OR AY.39 OR AY.39.1 OR AY.39.1.1 OR AY.39.1.2 OR AY.39.1.3 OR AY.39.1.4 OR AY.39.2 OR AY.39.3 OR AY.40 OR AY.41 OR AY.42 OR AY.42.1 OR AY.43 OR AY.43.1 OR AY.43.2 OR AY.43.3 OR AY.43.4 OR AY.43.5 OR AY.43.6 OR AY.43.7 OR AY.43.8 OR AY.43.9 OR AY.44 OR AY.45 OR AY.46 OR AY.46.1 OR AY.46.2 OR AY.46.3 OR AY.46.4 OR AY.46.5 OR AY.46.6 OR AY.46.6.1 OR AY.47 OR AY.48 OR AY.49 OR AY.50 OR AY.51 OR AY.52 OR AY.53 OR AY.54 OR AY.55 OR AY.56 OR AY.57 OR AY.58 OR AY.59 OR AY.60 OR AY.61 OR AY.62 OR AY.63 OR AY.64 OR AY.65 OR AY.66 OR AY.67 OR AY.68 OR AY.69 OR AY.70 OR AY.71 OR AY.72 OR AY.73 OR AY.74 OR AY.75 OR AY.75.2 OR AY.75.3 OR AY.76 OR AY.77 OR AY.78 OR AY.79 OR AY.80 OR AY.81 OR AY.82 OR AY.83 OR AY.84 OR AY.85 OR AY.86 OR AY.87 OR AY.88 OR AY.90 OR AY.91 OR AY.91.1 OR AY.92 OR AY.93 OR AY.94 OR AY.95 OR AY.98 OR AY.98.1 OR AY.98.1.1 OR AY.99 OR AY.99.1 OR AY.99.2 OR AY.100 OR AY.101 OR AY.102 OR AY.102.1 OR AY.102.2 OR AY.103 OR AY.103.1 OR AY.103.2 OR AY.104 OR AY.105 OR AY.106 OR AY.107 OR AY.108 OR AY.109 OR AY.110 OR AY.111 OR AY.112 OR AY.112.1 OR AY.112.2 OR AY.112.3 OR AY.113 OR AY.114 OR AY.116 OR AY.116.1 OR AY.117 OR AY.118 OR AY.119 OR AY.119.1 OR AY.119.2 OR AY.120 OR AY.120.1 OR AY.120.2 OR AY.120.2.1 OR AY.121 OR AY.121.1 OR AY.122 OR AY.122.1 OR AY.122.2 OR AY.122.3 OR AY.122.4 OR AY.122.5 OR AY.122.6 OR AY.123 OR AY.123.1 OR AY.124 OR AY.124.1 OR AY.124.1.1 OR AY.125 OR AY.125.1 OR AY.126 OR AY.127 OR AY.127.1 OR AY.127.2 OR AY.127.3 OR AY.128 OR AY.129 OR AY.130 OR AY.131 OR AY.132 OR AY.133 OR AY.134 OR B.1.617.2,Delta,8.57142857142857,0,0
2022-07-01,10,0,6,0,0,7.84998483662082e-05,0.33038890915155,AY.1 OR AY.2 OR AY.3 OR AY.3.1 OR AY.3.2 OR AY.3.3 OR AY.3.4 OR AY.4 OR AY.4.1 OR AY.4.2 OR AY.4.2.1 OR AY.4.2.2 OR AY.4.2.3 OR AY.4.2.4 OR AY.4.2.5 OR AY.4.3 OR AY.4.4 OR AY.4.5 OR AY.4.6 OR AY.4.7 OR AY.4.8 OR AY.4.9 OR AY.4.10 OR AY.4.11 OR AY.4.12 OR AY.4.13 OR AY.4.14 OR AY.4.15 OR AY.4.16 OR AY.4.17 OR AY.5 OR AY.5.1 OR AY.5.2 OR AY.5.3 OR AY.5.4 OR AY.5.5 OR AY.5.6 OR AY.5.7 OR AY.6 OR AY.7 OR AY.7.1 OR AY.7.2 OR AY.8 OR AY.9 OR AY.9.2 OR AY.9.2.1 OR AY.9.2.2 OR AY.10 OR AY.11 OR AY.13 OR AY.14 OR AY.15 OR AY.16 OR AY.16.1 OR AY.17 OR AY.18 OR AY.19 OR AY.20 OR AY.20.1 OR AY.21 OR AY.22 OR AY.23 OR AY.23.1 OR AY.23.2 OR AY.24 OR AY.24.1 OR AY.25 OR AY.25.1 OR AY.25.1.1 OR AY.25.1.2 OR AY.25.2 OR AY.25.3 OR AY.26 OR AY.26.1 OR AY.27 OR AY.28 OR AY.29 OR AY.29.1 OR AY.29.2 OR AY.30 OR AY.31 OR AY.32 OR AY.33 OR AY.33.1 OR AY.33.2 OR AY.34 OR AY.34.1 OR AY.34.1.1 OR AY.34.2 OR AY.35 OR AY.36 OR AY.36.1 OR AY.37 OR AY.38 OR AY.39 OR AY.39.1 OR AY.39.1.1 OR AY.39.1.2 OR AY.39.1.3 OR AY.39.1.4 OR AY.39.2 OR AY.39.3 OR AY.40 OR AY.41 OR AY.42 OR AY.42.1 OR AY.43 OR AY.43.1 OR AY.43.2 OR AY.43.3 OR AY.43.4 OR AY.43.5 OR AY.43.6 OR AY.43.7 OR AY.43.8 OR AY.43.9 OR AY.44 OR AY.45 OR AY.46 OR AY.46.1 OR AY.46.2 OR AY.46.3 OR AY.46.4 OR AY.46.5 OR AY.46.6 OR AY.46.6.1 OR AY.47 OR AY.48 OR AY.49 OR AY.50 OR AY.51 OR AY.52 OR AY.53 OR AY.54 OR AY.55 OR AY.56 OR AY.57 OR AY.58 OR AY.59 OR AY.60 OR AY.61 OR AY.62 OR AY.63 OR AY.64 OR AY.65 OR AY.66 OR AY.67 OR AY.68 OR AY.69 OR AY.70 OR AY.71 OR AY.72 OR AY.73 OR AY.74 OR AY.75 OR AY.75.2 OR AY.75.3 OR AY.76 OR AY.77 OR AY.78 OR AY.79 OR AY.80 OR AY.81 OR AY.82 OR AY.83 OR AY.84 OR AY.85 OR AY.86 OR AY.87 OR AY.88 OR AY.90 OR AY.91 OR AY.91.1 OR AY.92 OR AY.93 OR AY.94 OR AY.95 OR AY.98 OR AY.98.1 OR AY.98.1.1 OR AY.99 OR AY.99.1 OR AY.99.2 OR AY.100 OR AY.101 OR AY.102 OR AY.102.1 OR AY.102.2 OR AY.103 OR AY.103.1 OR AY.103.2 OR AY.104 OR AY.105 OR AY.106 OR AY.107 OR AY.108 OR AY.109 OR AY.110 OR AY.111 OR AY.112 OR AY.112.1 OR AY.112.2 OR AY.112.3 OR AY.113 OR AY.114 OR AY.116 OR AY.116.1 OR AY.117 OR AY.118 OR AY.119 OR AY.119.1 OR AY.119.2 OR AY.120 OR AY.120.1 OR AY.120.2 OR AY.120.2.1 OR AY.121 OR AY.121.1 OR AY.122 OR AY.122.1 OR AY.122.2 OR AY.122.3 OR AY.122.4 OR AY.122.5 OR AY.122.6 OR AY.123 OR AY.123.1 OR AY.124 OR AY.124.1 OR AY.124.1.1 OR AY.125 OR AY.125.1 OR AY.126 OR AY.127 OR AY.127.1 OR AY.127.2 OR AY.127.3 OR AY.128 OR AY.129 OR AY.130 OR AY.131 OR AY.132 OR AY.133 OR AY.134 OR B.1.617.2,Delta,8.42857142857143,0,0
2022-07-02,10,0,6.71428571428571,0,0,6.76864642438304e-05,0.29243617366231,AY.1 OR AY.2 OR AY.3 OR AY.3.1 OR AY.3.2 OR AY.3.3 OR AY.3.4 OR AY.4 OR AY.4.1 OR AY.4.2 OR AY.4.2.1 OR AY.4.2.2 OR AY.4.2.3 OR AY.4.2.4 OR AY.4.2.5 OR AY.4.3 OR AY.4.4 OR AY.4.5 OR AY.4.6 OR AY.4.7 OR AY.4.8 OR AY.4.9 OR AY.4.10 OR AY.4.11 OR AY.4.12 OR AY.4.13 OR AY.4.14 OR AY.4.15 OR AY.4.16 OR AY.4.17 OR AY.5 OR AY.5.1 OR AY.5.2 OR AY.5.3 OR AY.5.4 OR AY.5.5 OR AY.5.6 OR AY.5.7 OR AY.6 OR AY.7 OR AY.7.1 OR AY.7.2 OR AY.8 OR AY.9 OR AY.9.2 OR AY.9.2.1 OR AY.9.2.2 OR AY.10 OR AY.11 OR AY.13 OR AY.14 OR AY.15 OR AY.16 OR AY.16.1 OR AY.17 OR AY.18 OR AY.19 OR AY.20 OR AY.20.1 OR AY.21 OR AY.22 OR AY.23 OR AY.23.1 OR AY.23.2 OR AY.24 OR AY.24.1 OR AY.25 OR AY.25.1 OR AY.25.1.1 OR AY.25.1.2 OR AY.25.2 OR AY.25.3 OR AY.26 OR AY.26.1 OR AY.27 OR AY.28 OR AY.29 OR AY.29.1 OR AY.29.2 OR AY.30 OR AY.31 OR AY.32 OR AY.33 OR AY.33.1 OR AY.33.2 OR AY.34 OR AY.34.1 OR AY.34.1.1 OR AY.34.2 OR AY.35 OR AY.36 OR AY.36.1 OR AY.37 OR AY.38 OR AY.39 OR AY.39.1 OR AY.39.1.1 OR AY.39.1.2 OR AY.39.1.3 OR AY.39.1.4 OR AY.39.2 OR AY.39.3 OR AY.40 OR AY.41 OR AY.42 OR AY.42.1 OR AY.43 OR AY.43.1 OR AY.43.2 OR AY.43.3 OR AY.43.4 OR AY.43.5 OR AY.43.6 OR AY.43.7 OR AY.43.8 OR AY.43.9 OR AY.44 OR AY.45 OR AY.46 OR AY.46.1 OR AY.46.2 OR AY.46.3 OR AY.46.4 OR AY.46.5 OR AY.46.6 OR AY.46.6.1 OR AY.47 OR AY.48 OR AY.49 OR AY.50 OR AY.51 OR AY.52 OR AY.53 OR AY.54 OR AY.55 OR AY.56 OR AY.57 OR AY.58 OR AY.59 OR AY.60 OR AY.61 OR AY.62 OR AY.63 OR AY.64 OR AY.65 OR AY.66 OR AY.67 OR AY.68 OR AY.69 OR AY.70 OR AY.71 OR AY.72 OR AY.73 OR AY.74 OR AY.75 OR AY.75.2 OR AY.75.3 OR AY.76 OR AY.77 OR AY.78 OR AY.79 OR AY.80 OR AY.81 OR AY.82 OR AY.83 OR AY.84 OR AY.85 OR AY.86 OR AY.87 OR AY.88 OR AY.90 OR AY.91 OR AY.91.1 OR AY.92 OR AY.93 OR AY.94 OR AY.95 OR AY.98 OR AY.98.1 OR AY.98.1.1 OR AY.99 OR AY.99.1 OR AY.99.2 OR AY.100 OR AY.101 OR AY.102 OR AY.102.1 OR AY.102.2 OR AY.103 OR AY.103.1 OR AY.103.2 OR AY.104 OR AY.105 OR AY.106 OR AY.107 OR AY.108 OR AY.109 OR AY.110 OR AY.111 OR AY.112 OR AY.112.1 OR AY.112.2 OR AY.112.3 OR AY.113 OR AY.114 OR AY.116 OR AY.116.1 OR AY.117 OR AY.118 OR AY.119 OR AY.119.1 OR AY.119.2 OR AY.120 OR AY.120.1 OR AY.120.2 OR AY.120.2.1 OR AY.121 OR AY.121.1 OR AY.122 OR AY.122.1 OR AY.122.2 OR AY.122.3 OR AY.122.4 OR AY.122.5 OR AY.122.6 OR AY.123 OR AY.123.1 OR AY.124 OR AY.124.1 OR AY.124.1.1 OR AY.125 OR AY.125.1 OR AY.126 OR AY.127 OR AY.127.1 OR AY.127.2 OR AY.127.3 OR AY.128 OR AY.129 OR AY.130 OR AY.131 OR AY.132 OR AY.133 OR AY.134 OR B.1.617.2,Delta,8.71428571428571,0,0
2022-07-03,5,0,7,0,0,6.76864642438304e-05,0.29243617366231,AY.1 OR AY.2 OR AY.3 OR AY.3.1 OR AY.3.2 OR AY.3.3 OR AY.3.4 OR AY.4 OR AY.4.1 OR AY.4.2 OR AY.4.2.1 OR AY.4.2.2 OR AY.4.2.3 OR AY.4.2.4 OR AY.4.2.5 OR AY.4.3 OR AY.4.4 OR AY.4.5 OR AY.4.6 OR AY.4.7 OR AY.4.8 OR AY.4.9 OR AY.4.10 OR AY.4.11 OR AY.4.12 OR AY.4.13 OR AY.4.14 OR AY.4.15 OR AY.4.16 OR AY.4.17 OR AY.5 OR AY.5.1 OR AY.5.2 OR AY.5.3 OR AY.5.4 OR AY.5.5 OR AY.5.6 OR AY.5.7 OR AY.6 OR AY.7 OR AY.7.1 OR AY.7.2 OR AY.8 OR AY.9 OR AY.9.2 OR AY.9.2.1 OR AY.9.2.2 OR AY.10 OR AY.11 OR AY.13 OR AY.14 OR AY.15 OR AY.16 OR AY.16.1 OR AY.17 OR AY.18 OR AY.19 OR AY.20 OR AY.20.1 OR AY.21 OR AY.22 OR AY.23 OR AY.23.1 OR AY.23.2 OR AY.24 OR AY.24.1 OR AY.25 OR AY.25.1 OR AY.25.1.1 OR AY.25.1.2 OR AY.25.2 OR AY.25.3 OR AY.26 OR AY.26.1 OR AY.27 OR AY.28 OR AY.29 OR AY.29.1 OR AY.29.2 OR AY.30 OR AY.31 OR AY.32 OR AY.33 OR AY.33.1 OR AY.33.2 OR AY.34 OR AY.34.1 OR AY.34.1.1 OR AY.34.2 OR AY.35 OR AY.36 OR AY.36.1 OR AY.37 OR AY.38 OR AY.39 OR AY.39.1 OR AY.39.1.1 OR AY.39.1.2 OR AY.39.1.3 OR AY.39.1.4 OR AY.39.2 OR AY.39.3 OR AY.40 OR AY.41 OR AY.42 OR AY.42.1 OR AY.43 OR AY.43.1 OR AY.43.2 OR AY.43.3 OR AY.43.4 OR AY.43.5 OR AY.43.6 OR AY.43.7 OR AY.43.8 OR AY.43.9 OR AY.44 OR AY.45 OR AY.46 OR AY.46.1 OR AY.46.2 OR AY.46.3 OR AY.46.4 OR AY.46.5 OR AY.46.6 OR AY.46.6.1 OR AY.47 OR AY.48 OR AY.49 OR AY.50 OR AY.51 OR AY.52 OR AY.53 OR AY.54 OR AY.55 OR AY.56 OR AY.57 OR AY.58 OR AY.59 OR AY.60 OR AY.61 OR AY.62 OR AY.63 OR AY.64 OR AY.65 OR AY.66 OR AY.67 OR AY.68 OR AY.69 OR AY.70 OR AY.71 OR AY.72 OR AY.73 OR AY.74 OR AY.75 OR AY.75.2 OR AY.75.3 OR AY.76 OR AY.77 OR AY.78 OR AY.79 OR AY.80 OR AY.81 OR AY.82 OR AY.83 OR AY.84 OR AY.85 OR AY.86 OR AY.87 OR AY.88 OR AY.90 OR AY.91 OR AY.91.1 OR AY.92 OR AY.93 OR AY.94 OR AY.95 OR AY.98 OR AY.98.1 OR AY.98.1.1 OR AY.99 OR AY.99.1 OR AY.99.2 OR AY.100 OR AY.101 OR AY.102 OR AY.102.1 OR AY.102.2 OR AY.103 OR AY.103.1 OR AY.103.2 OR AY.104 OR AY.105 OR AY.106 OR AY.107 OR AY.108 OR AY.109 OR AY.110 OR AY.111 OR AY.112 OR AY.112.1 OR AY.112.2 OR AY.112.3 OR AY.113 OR AY.114 OR AY.116 OR AY.116.1 OR AY.117 OR AY.118 OR AY.119 OR AY.119.1 OR AY.119.2 OR AY.120 OR AY.120.1 OR AY.120.2 OR AY.120.2.1 OR AY.121 OR AY.121.1 OR AY.122 OR AY.122.1 OR AY.122.2 OR AY.122.3 OR AY.122.4 OR AY.122.5 OR AY.122.6 OR AY.123 OR AY.123.1 OR AY.124 OR AY.124.1 OR AY.124.1.1 OR AY.125 OR AY.125.1 OR AY.126 OR AY.127 OR AY.127.1 OR AY.127.2 OR AY.127.3 OR AY.128 OR AY.129 OR AY.130 OR AY.131 OR AY.132 OR AY.133 OR AY.134 OR B.1.617.2,Delta,8.14285714285714,0,0
2022-07-04,10,0,8,0,0,5.94903028944023e-05,0.262217248717186,AY.1 OR AY.2 OR AY.3 OR AY.3.1 OR AY.3.2 OR AY.3.3 OR AY.3.4 OR AY.4 OR AY.4.1 OR AY.4.2 OR AY.4.2.1 OR AY.4.2.2 OR AY.4.2.3 OR AY.4.2.4 OR AY.4.2.5 OR AY.4.3 OR AY.4.4 OR AY.4.5 OR AY.4.6 OR AY.4.7 OR AY.4.8 OR AY.4.9 OR AY.4.10 OR AY.4.11 OR AY.4.12 OR AY.4.13 OR AY.4.14 OR AY.4.15 OR AY.4.16 OR AY.4.17 OR AY.5 OR AY.5.1 OR AY.5.2 OR AY.5.3 OR AY.5.4 OR AY.5.5 OR AY.5.6 OR AY.5.7 OR AY.6 OR AY.7 OR AY.7.1 OR AY.7.2 OR AY.8 OR AY.9 OR AY.9.2 OR AY.9.2.1 OR AY.9.2.2 OR AY.10 OR AY.11 OR AY.13 OR AY.14 OR AY.15 OR AY.16 OR AY.16.1 OR AY.17 OR AY.18 OR AY.19 OR AY.20 OR AY.20.1 OR AY.21 OR AY.22 OR AY.23 OR AY.23.1 OR AY.23.2 OR AY.24 OR AY.24.1 OR AY.25 OR AY.25.1 OR AY.25.1.1 OR AY.25.1.2 OR AY.25.2 OR AY.25.3 OR AY.26 OR AY.26.1 OR AY.27 OR AY.28 OR AY.29 OR AY.29.1 OR AY.29.2 OR AY.30 OR AY.31 OR AY.32 OR AY.33 OR AY.33.1 OR AY.33.2 OR AY.34 OR AY.34.1 OR AY.34.1.1 OR AY.34.2 OR AY.35 OR AY.36 OR AY.36.1 OR AY.37 OR AY.38 OR AY.39 OR AY.39.1 OR AY.39.1.1 OR AY.39.1.2 OR AY.39.1.3 OR AY.39.1.4 OR AY.39.2 OR AY.39.3 OR AY.40 OR AY.41 OR AY.42 OR AY.42.1 OR AY.43 OR AY.43.1 OR AY.43.2 OR AY.43.3 OR AY.43.4 OR AY.43.5 OR AY.43.6 OR AY.43.7 OR AY.43.8 OR AY.43.9 OR AY.44 OR AY.45 OR AY.46 OR AY.46.1 OR AY.46.2 OR AY.46.3 OR AY.46.4 OR AY.46.5 OR AY.46.6 OR AY.46.6.1 OR AY.47 OR AY.48 OR AY.49 OR AY.50 OR AY.51 OR AY.52 OR AY.53 OR AY.54 OR AY.55 OR AY.56 OR AY.57 OR AY.58 OR AY.59 OR AY.60 OR AY.61 OR AY.62 OR AY.63 OR AY.64 OR AY.65 OR AY.66 OR AY.67 OR AY.68 OR AY.69 OR AY.70 OR AY.71 OR AY.72 OR AY.73 OR AY.74 OR AY.75 OR AY.75.2 OR AY.75.3 OR AY.76 OR AY.77 OR AY.78 OR AY.79 OR AY.80 OR AY.81 OR AY.82 OR AY.83 OR AY.84 OR AY.85 OR AY.86 OR AY.87 OR AY.88 OR AY.90 OR AY.91 OR AY.91.1 OR AY.92 OR AY.93 OR AY.94 OR AY.95 OR AY.98 OR AY.98.1 OR AY.98.1.1 OR AY.99 OR AY.99.1 OR AY.99.2 OR AY.100 OR AY.101 OR AY.102 OR AY.102.1 OR AY.102.2 OR AY.103 OR AY.103.1 OR AY.103.2 OR AY.104 OR AY.105 OR AY.106 OR AY.107 OR AY.108 OR AY.109 OR AY.110 OR AY.111 OR AY.112 OR AY.112.1 OR AY.112.2 OR AY.112.3 OR AY.113 OR AY.114 OR AY.116 OR AY.116.1 OR AY.117 OR AY.118 OR AY.119 OR AY.119.1 OR AY.119.2 OR AY.120 OR AY.120.1 OR AY.120.2 OR AY.120.2.1 OR AY.121 OR AY.121.1 OR AY.122 OR AY.122.1 OR AY.122.2 OR AY.122.3 OR AY.122.4 OR AY.122.5 OR AY.122.6 OR AY.123 OR AY.123.1 OR AY.124 OR AY.124.1 OR AY.124.1.1 OR AY.125 OR AY.125.1 OR AY.126 OR AY.127 OR AY.127.1 OR AY.127.2 OR AY.127.3 OR AY.128 OR AY.129 OR AY.130 OR AY.131 OR AY.132 OR AY.133 OR AY.134 OR B.1.617.2,Delta,7.57142857142857,0,0
2022-07-05,16,0,9,0,0,5.3064053418493e-05,0.237610098632903,AY.1 OR AY.2 OR AY.3 OR AY.3.1 OR AY.3.2 OR AY.3.3 OR AY.3.4 OR AY.4 OR AY.4.1 OR AY.4.2 OR AY.4.2.1 OR AY.4.2.2 OR AY.4.2.3 OR AY.4.2.4 OR AY.4.2.5 OR AY.4.3 OR AY.4.4 OR AY.4.5 OR AY.4.6 OR AY.4.7 OR AY.4.8 OR AY.4.9 OR AY.4.10 OR AY.4.11 OR AY.4.12 OR AY.4.13 OR AY.4.14 OR AY.4.15 OR AY.4.16 OR AY.4.17 OR AY.5 OR AY.5.1 OR AY.5.2 OR AY.5.3 OR AY.5.4 OR AY.5.5 OR AY.5.6 OR AY.5.7 OR AY.6 OR AY.7 OR AY.7.1 OR AY.7.2 OR AY.8 OR AY.9 OR AY.9.2 OR AY.9.2.1 OR AY.9.2.2 OR AY.10 OR AY.11 OR AY.13 OR AY.14 OR AY.15 OR AY.16 OR AY.16.1 OR AY.17 OR AY.18 OR AY.19 OR AY.20 OR AY.20.1 OR AY.21 OR AY.22 OR AY.23 OR AY.23.1 OR AY.23.2 OR AY.24 OR AY.24.1 OR AY.25 OR AY.25.1 OR AY.25.1.1 OR AY.25.1.2 OR AY.25.2 OR AY.25.3 OR AY.26 OR AY.26.1 OR AY.27 OR AY.28 OR AY.29 OR AY.29.1 OR AY.29.2 OR AY.30 OR AY.31 OR AY.32 OR AY.33 OR AY.33.1 OR AY.33.2 OR AY.34 OR AY.34.1 OR AY.34.1.1 OR AY.34.2 OR AY.35 OR AY.36 OR AY.36.1 OR AY.37 OR AY.38 OR AY.39 OR AY.39.1 OR AY.39.1.1 OR AY.39.1.2 OR AY.39.1.3 OR AY.39.1.4 OR AY.39.2 OR AY.39.3 OR AY.40 OR AY.41 OR AY.42 OR AY.42.1 OR AY.43 OR AY.43.1 OR AY.43.2 OR AY.43.3 OR AY.43.4 OR AY.43.5 OR AY.43.6 OR AY.43.7 OR AY.43.8 OR AY.43.9 OR AY.44 OR AY.45 OR AY.46 OR AY.46.1 OR AY.46.2 OR AY.46.3 OR AY.46.4 OR AY.46.5 OR AY.46.6 OR AY.46.6.1 OR AY.47 OR AY.48 OR AY.49 OR AY.50 OR AY.51 OR AY.52 OR AY.53 OR AY.54 OR AY.55 OR AY.56 OR AY.57 OR AY.58 OR AY.59 OR AY.60 OR AY.61 OR AY.62 OR AY.63 OR AY.64 OR AY.65 OR AY.66 OR AY.67 OR AY.68 OR AY.69 OR AY.70 OR AY.71 OR AY.72 OR AY.73 OR AY.74 OR AY.75 OR AY.75.2 OR AY.75.3 OR AY.76 OR AY.77 OR AY.78 OR AY.79 OR AY.80 OR AY.81 OR AY.82 OR AY.83 OR AY.84 OR AY.85 OR AY.86 OR AY.87 OR AY.88 OR AY.90 OR AY.91 OR AY.91.1 OR AY.92 OR AY.93 OR AY.94 OR AY.95 OR AY.98 OR AY.98.1 OR AY.98.1.1 OR AY.99 OR AY.99.1 OR AY.99.2 OR AY.100 OR AY.101 OR AY.102 OR AY.102.1 OR AY.102.2 OR AY.103 OR AY.103.1 OR AY.103.2 OR AY.104 OR AY.105 OR AY.106 OR AY.107 OR AY.108 OR AY.109 OR AY.110 OR AY.111 OR AY.112 OR AY.112.1 OR AY.112.2 OR AY.112.3 OR AY.113 OR AY.114 OR AY.116 OR AY.116.1 OR AY.117 OR AY.118 OR AY.119 OR AY.119.1 OR AY.119.2 OR AY.120 OR AY.120.1 OR AY.120.2 OR AY.120.2.1 OR AY.121 OR AY.121.1 OR AY.122 OR AY.122.1 OR AY.122.2 OR AY.122.3 OR AY.122.4 OR AY.122.5 OR AY.122.6 OR AY.123 OR AY.123.1 OR AY.124 OR AY.124.1 OR AY.124.1.1 OR AY.125 OR AY.125.1 OR AY.126 OR AY.127 OR AY.127.1 OR AY.127.2 OR AY.127.3 OR AY.128 OR AY.129 OR AY.130 OR AY.131 OR AY.132 OR AY.133 OR AY.134 OR B.1.617.2,Delta,8.14285714285714,0,0
2022-07-06,25,0,11.5714285714286,0,0,4.00753100765989e-05,0.185305938312485,AY.1 OR AY.2 OR AY.3 OR AY.3.1 OR AY.3.2 OR AY.3.3 OR AY.3.4 OR AY.4 OR AY.4.1 OR AY.4.2 OR AY.4.2.1 OR AY.4.2.2 OR AY.4.2.3 OR AY.4.2.4 OR AY.4.2.5 OR AY.4.3 OR AY.4.4 OR AY.4.5 OR AY.4.6 OR AY.4.7 OR AY.4.8 OR AY.4.9 OR AY.4.10 OR AY.4.11 OR AY.4.12 OR AY.4.13 OR AY.4.14 OR AY.4.15 OR AY.4.16 OR AY.4.17 OR AY.5 OR AY.5.1 OR AY.5.2 OR AY.5.3 OR AY.5.4 OR AY.5.5 OR AY.5.6 OR AY.5.7 OR AY.6 OR AY.7 OR AY.7.1 OR AY.7.2 OR AY.8 OR AY.9 OR AY.9.2 OR AY.9.2.1 OR AY.9.2.2 OR AY.10 OR AY.11 OR AY.13 OR AY.14 OR AY.15 OR AY.16 OR AY.16.1 OR AY.17 OR AY.18 OR AY.19 OR AY.20 OR AY.20.1 OR AY.21 OR AY.22 OR AY.23 OR AY.23.1 OR AY.23.2 OR AY.24 OR AY.24.1 OR AY.25 OR AY.25.1 OR AY.25.1.1 OR AY.25.1.2 OR AY.25.2 OR AY.25.3 OR AY.26 OR AY.26.1 OR AY.27 OR AY.28 OR AY.29 OR AY.29.1 OR AY.29.2 OR AY.30 OR AY.31 OR AY.32 OR AY.33 OR AY.33.1 OR AY.33.2 OR AY.34 OR AY.34.1 OR AY.34.1.1 OR AY.34.2 OR AY.35 OR AY.36 OR AY.36.1 OR AY.37 OR AY.38 OR AY.39 OR AY.39.1 OR AY.39.1.1 OR AY.39.1.2 OR AY.39.1.3 OR AY.39.1.4 OR AY.39.2 OR AY.39.3 OR AY.40 OR AY.41 OR AY.42 OR AY.42.1 OR AY.43 OR AY.43.1 OR AY.43.2 OR AY.43.3 OR AY.43.4 OR AY.43.5 OR AY.43.6 OR AY.43.7 OR AY.43.8 OR AY.43.9 OR AY.44 OR AY.45 OR AY.46 OR AY.46.1 OR AY.46.2 OR AY.46.3 OR AY.46.4 OR AY.46.5 OR AY.46.6 OR AY.46.6.1 OR AY.47 OR AY.48 OR AY.49 OR AY.50 OR AY.51 OR AY.52 OR AY.53 OR AY.54 OR AY.55 OR AY.56 OR AY.57 OR AY.58 OR AY.59 OR AY.60 OR AY.61 OR AY.62 OR AY.63 OR AY.64 OR AY.65 OR AY.66 OR AY.67 OR AY.68 OR AY.69 OR AY.70 OR AY.71 OR AY.72 OR AY.73 OR AY.74 OR AY.75 OR AY.75.2 OR AY.75.3 OR AY.76 OR AY.77 OR AY.78 OR AY.79 OR AY.80 OR AY.81 OR AY.82 OR AY.83 OR AY.84 OR AY.85 OR AY.86 OR AY.87 OR AY.88 OR AY.90 OR AY.91 OR AY.91.1 OR AY.92 OR AY.93 OR AY.94 OR AY.95 OR AY.98 OR AY.98.1 OR AY.98.1.1 OR AY.99 OR AY.99.1 OR AY.99.2 OR AY.100 OR AY.101 OR AY.102 OR AY.102.1 OR AY.102.2 OR AY.103 OR AY.103.1 OR AY.103.2 OR AY.104 OR AY.105 OR AY.106 OR AY.107 OR AY.108 OR AY.109 OR AY.110 OR AY.111 OR AY.112 OR AY.112.1 OR AY.112.2 OR AY.112.3 OR AY.113 OR AY.114 OR AY.116 OR AY.116.1 OR AY.117 OR AY.118 OR AY.119 OR AY.119.1 OR AY.119.2 OR AY.120 OR AY.120.1 OR AY.120.2 OR AY.120.2.1 OR AY.121 OR AY.121.1 OR AY.122 OR AY.122.1 OR AY.122.2 OR AY.122.3 OR AY.122.4 OR AY.122.5 OR AY.122.6 OR AY.123 OR AY.123.1 OR AY.124 OR AY.124.1 OR AY.124.1.1 OR AY.125 OR AY.125.1 OR AY.126 OR AY.127 OR AY.127.1 OR AY.127.2 OR AY.127.3 OR AY.128 OR AY.129 OR AY.130 OR AY.131 OR AY.132 OR AY.133 OR AY.134 OR B.1.617.2,Delta,9.14285714285714,0,0
2022-07-07,20,0,13.7142857142857,0,0,3.44526718020059e-05,0.161553304514194,AY.1 OR AY.2 OR AY.3 OR AY.3.1 OR AY.3.2 OR AY.3.3 OR AY.3.4 OR AY.4 OR AY.4.1 OR AY.4.2 OR AY.4.2.1 OR AY.4.2.2 OR AY.4.2.3 OR AY.4.2.4 OR AY.4.2.5 OR AY.4.3 OR AY.4.4 OR AY.4.5 OR AY.4.6 OR AY.4.7 OR AY.4.8 OR AY.4.9 OR AY.4.10 OR AY.4.11 OR AY.4.12 OR AY.4.13 OR AY.4.14 OR AY.4.15 OR AY.4.16 OR AY.4.17 OR AY.5 OR AY.5.1 OR AY.5.2 OR AY.5.3 OR AY.5.4 OR AY.5.5 OR AY.5.6 OR AY.5.7 OR AY.6 OR AY.7 OR AY.7.1 OR AY.7.2 OR AY.8 OR AY.9 OR AY.9.2 OR AY.9.2.1 OR AY.9.2.2 OR AY.10 OR AY.11 OR AY.13 OR AY.14 OR AY.15 OR AY.16 OR AY.16.1 OR AY.17 OR AY.18 OR AY.19 OR AY.20 OR AY.20.1 OR AY.21 OR AY.22 OR AY.23 OR AY.23.1 OR AY.23.2 OR AY.24 OR AY.24.1 OR AY.25 OR AY.25.1 OR AY.25.1.1 OR AY.25.1.2 OR AY.25.2 OR AY.25.3 OR AY.26 OR AY.26.1 OR AY.27 OR AY.28 OR AY.29 OR AY.29.1 OR AY.29.2 OR AY.30 OR AY.31 OR AY.32 OR AY.33 OR AY.33.1 OR AY.33.2 OR AY.34 OR AY.34.1 OR AY.34.1.1 OR AY.34.2 OR AY.35 OR AY.36 OR AY.36.1 OR AY.37 OR AY.38 OR AY.39 OR AY.39.1 OR AY.39.1.1 OR AY.39.1.2 OR AY.39.1.3 OR AY.39.1.4 OR AY.39.2 OR AY.39.3 OR AY.40 OR AY.41 OR AY.42 OR AY.42.1 OR AY.43 OR AY.43.1 OR AY.43.2 OR AY.43.3 OR AY.43.4 OR AY.43.5 OR AY.43.6 OR AY.43.7 OR AY.43.8 OR AY.43.9 OR AY.44 OR AY.45 OR AY.46 OR AY.46.1 OR AY.46.2 OR AY.46.3 OR AY.46.4 OR AY.46.5 OR AY.46.6 OR AY.46.6.1 OR AY.47 OR AY.48 OR AY.49 OR AY.50 OR AY.51 OR AY.52 OR AY.53 OR AY.54 OR AY.55 OR AY.56 OR AY.57 OR AY.58 OR AY.59 OR AY.60 OR AY.61 OR AY.62 OR AY.63 OR AY.64 OR AY.65 OR AY.66 OR AY.67 OR AY.68 OR AY.69 OR AY.70 OR AY.71 OR AY.72 OR AY.73 OR AY.74 OR AY.75 OR AY.75.2 OR AY.75.3 OR AY.76 OR AY.77 OR AY.78 OR AY.79 OR AY.80 OR AY.81 OR AY.82 OR AY.83 OR AY.84 OR AY.85 OR AY.86 OR AY.87 OR AY.88 OR AY.90 OR AY.91 OR AY.91.1 OR AY.92 OR AY.93 OR AY.94 OR AY.95 OR AY.98 OR AY.98.1 OR AY.98.1.1 OR AY.99 OR AY.99.1 OR AY.99.2 OR AY.100 OR AY.101 OR AY.102 OR AY.102.1 OR AY.102.2 OR AY.103 OR AY.103.1 OR AY.103.2 OR AY.104 OR AY.105 OR AY.106 OR AY.107 OR AY.108 OR AY.109 OR AY.110 OR AY.111 OR AY.112 OR AY.112.1 OR AY.112.2 OR AY.112.3 OR AY.113 OR AY.114 OR AY.116 OR AY.116.1 OR AY.117 OR AY.118 OR AY.119 OR AY.119.1 OR AY.119.2 OR AY.120 OR AY.120.1 OR AY.120.2 OR AY.120.2.1 OR AY.121 OR AY.121.1 OR AY.122 OR AY.122.1 OR AY.122.2 OR AY.122.3 OR AY.122.4 OR AY.122.5 OR AY.122.6 OR AY.123 OR AY.123.1 OR AY.124 OR AY.124.1 OR AY.124.1.1 OR AY.125 OR AY.125.1 OR AY.126 OR AY.127 OR AY.127.1 OR AY.127.2 OR AY.127.3 OR AY.128 OR AY.129 OR AY.130 OR AY.131 OR AY.132 OR AY.133 OR AY.134 OR B.1.617.2,Delta,9.78571428571429,0,0
2022-07-08,15,0,14.4285714285714,0,0,3.44526718020059e-05,0.161553304514194,AY.1 OR AY.2 OR AY.3 OR AY.3.1 OR AY.3.2 OR AY.3.3 OR AY.3.4 OR AY.4 OR AY.4.1 OR AY.4.2 OR AY.4.2.1 OR AY.4.2.2 OR AY.4.2.3 OR AY.4.2.4 OR AY.4.2.5 OR AY.4.3 OR AY.4.4 OR AY.4.5 OR AY.4.6 OR AY.4.7 OR AY.4.8 OR AY.4.9 OR AY.4.10 OR AY.4.11 OR AY.4.12 OR AY.4.13 OR AY.4.14 OR AY.4.15 OR AY.4.16 OR AY.4.17 OR AY.5 OR AY.5.1 OR AY.5.2 OR AY.5.3 OR AY.5.4 OR AY.5.5 OR AY.5.6 OR AY.5.7 OR AY.6 OR AY.7 OR AY.7.1 OR AY.7.2 OR AY.8 OR AY.9 OR AY.9.2 OR AY.9.2.1 OR AY.9.2.2 OR AY.10 OR AY.11 OR AY.13 OR AY.14 OR AY.15 OR AY.16 OR AY.16.1 OR AY.17 OR AY.18 OR AY.19 OR AY.20 OR AY.20.1 OR AY.21 OR AY.22 OR AY.23 OR AY.23.1 OR AY.23.2 OR AY.24 OR AY.24.1 OR AY.25 OR AY.25.1 OR AY.25.1.1 OR AY.25.1.2 OR AY.25.2 OR AY.25.3 OR AY.26 OR AY.26.1 OR AY.27 OR AY.28 OR AY.29 OR AY.29.1 OR AY.29.2 OR AY.30 OR AY.31 OR AY.32 OR AY.33 OR AY.33.1 OR AY.33.2 OR AY.34 OR AY.34.1 OR AY.34.1.1 OR AY.34.2 OR AY.35 OR AY.36 OR AY.36.1 OR AY.37 OR AY.38 OR AY.39 OR AY.39.1 OR AY.39.1.1 OR AY.39.1.2 OR AY.39.1.3 OR AY.39.1.4 OR AY.39.2 OR AY.39.3 OR AY.40 OR AY.41 OR AY.42 OR AY.42.1 OR AY.43 OR AY.43.1 OR AY.43.2 OR AY.43.3 OR AY.43.4 OR AY.43.5 OR AY.43.6 OR AY.43.7 OR AY.43.8 OR AY.43.9 OR AY.44 OR AY.45 OR AY.46 OR AY.46.1 OR AY.46.2 OR AY.46.3 OR AY.46.4 OR AY.46.5 OR AY.46.6 OR AY.46.6.1 OR AY.47 OR AY.48 OR AY.49 OR AY.50 OR AY.51 OR AY.52 OR AY.53 OR AY.54 OR AY.55 OR AY.56 OR AY.57 OR AY.58 OR AY.59 OR AY.60 OR AY.61 OR AY.62 OR AY.63 OR AY.64 OR AY.65 OR AY.66 OR AY.67 OR AY.68 OR AY.69 OR AY.70 OR AY.71 OR AY.72 OR AY.73 OR AY.74 OR AY.75 OR AY.75.2 OR AY.75.3 OR AY.76 OR AY.77 OR AY.78 OR AY.79 OR AY.80 OR AY.81 OR AY.82 OR AY.83 OR AY.84 OR AY.85 OR AY.86 OR AY.87 OR AY.88 OR AY.90 OR AY.91 OR AY.91.1 OR AY.92 OR AY.93 OR AY.94 OR AY.95 OR AY.98 OR AY.98.1 OR AY.98.1.1 OR AY.99 OR AY.99.1 OR AY.99.2 OR AY.100 OR AY.101 OR AY.102 OR AY.102.1 OR AY.102.2 OR AY.103 OR AY.103.1 OR AY.103.2 OR AY.104 OR AY.105 OR AY.106 OR AY.107 OR AY.108 OR AY.109 OR AY.110 OR AY.111 OR AY.112 OR AY.112.1 OR AY.112.2 OR AY.112.3 OR AY.113 OR AY.114 OR AY.116 OR AY.116.1 OR AY.117 OR AY.118 OR AY.119 OR AY.119.1 OR AY.119.2 OR AY.120 OR AY.120.1 OR AY.120.2 OR AY.120.2.1 OR AY.121 OR AY.121.1 OR AY.122 OR AY.122.1 OR AY.122.2 OR AY.122.3 OR AY.122.4 OR AY.122.5 OR AY.122.6 OR AY.123 OR AY.123.1 OR AY.124 OR AY.124.1 OR AY.124.1.1 OR AY.125 OR AY.125.1 OR AY.126 OR AY.127 OR AY.127.1 OR AY.127.2 OR AY.127.3 OR AY.128 OR AY.129 OR AY.130 OR AY.131 OR AY.132 OR AY.133 OR AY.134 OR B.1.617.2,Delta,10.2142857142857,0,0
2022-07-09,12,0,14.7142857142857,0,0,3.21941443237269e-05,0.151816662114398,AY.1 OR AY.2 OR AY.3 OR AY.3.1 OR AY.3.2 OR AY.3.3 OR AY.3.4 OR AY.4 OR AY.4.1 OR AY.4.2 OR AY.4.2.1 OR AY.4.2.2 OR AY.4.2.3 OR AY.4.2.4 OR AY.4.2.5 OR AY.4.3 OR AY.4.4 OR AY.4.5 OR AY.4.6 OR AY.4.7 OR AY.4.8 OR AY.4.9 OR AY.4.10 OR AY.4.11 OR AY.4.12 OR AY.4.13 OR AY.4.14 OR AY.4.15 OR AY.4.16 OR AY.4.17 OR AY.5 OR AY.5.1 OR AY.5.2 OR AY.5.3 OR AY.5.4 OR AY.5.5 OR AY.5.6 OR AY.5.7 OR AY.6 OR AY.7 OR AY.7.1 OR AY.7.2 OR AY.8 OR AY.9 OR AY.9.2 OR AY.9.2.1 OR AY.9.2.2 OR AY.10 OR AY.11 OR AY.13 OR AY.14 OR AY.15 OR AY.16 OR AY.16.1 OR AY.17 OR AY.18 OR AY.19 OR AY.20 OR AY.20.1 OR AY.21 OR AY.22 OR AY.23 OR AY.23.1 OR AY.23.2 OR AY.24 OR AY.24.1 OR AY.25 OR AY.25.1 OR AY.25.1.1 OR AY.25.1.2 OR AY.25.2 OR AY.25.3 OR AY.26 OR AY.26.1 OR AY.27 OR AY.28 OR AY.29 OR AY.29.1 OR AY.29.2 OR AY.30 OR AY.31 OR AY.32 OR AY.33 OR AY.33.1 OR AY.33.2 OR AY.34 OR AY.34.1 OR AY.34.1.1 OR AY.34.2 OR AY.35 OR AY.36 OR AY.36.1 OR AY.37 OR AY.38 OR AY.39 OR AY.39.1 OR AY.39.1.1 OR AY.39.1.2 OR AY.39.1.3 OR AY.39.1.4 OR AY.39.2 OR AY.39.3 OR AY.40 OR AY.41 OR AY.42 OR AY.42.1 OR AY.43 OR AY.43.1 OR AY.43.2 OR AY.43.3 OR AY.43.4 OR AY.43.5 OR AY.43.6 OR AY.43.7 OR AY.43.8 OR AY.43.9 OR AY.44 OR AY.45 OR AY.46 OR AY.46.1 OR AY.46.2 OR AY.46.3 OR AY.46.4 OR AY.46.5 OR AY.46.6 OR AY.46.6.1 OR AY.47 OR AY.48 OR AY.49 OR AY.50 OR AY.51 OR AY.52 OR AY.53 OR AY.54 OR AY.55 OR AY.56 OR AY.57 OR AY.58 OR AY.59 OR AY.60 OR AY.61 OR AY.62 OR AY.63 OR AY.64 OR AY.65 OR AY.66 OR AY.67 OR AY.68 OR AY.69 OR AY.70 OR AY.71 OR AY.72 OR AY.73 OR AY.74 OR AY.75 OR AY.75.2 OR AY.75.3 OR AY.76 OR AY.77 OR AY.78 OR AY.79 OR AY.80 OR AY.81 OR AY.82 OR AY.83 OR AY.84 OR AY.85 OR AY.86 OR AY.87 OR AY.88 OR AY.90 OR AY.91 OR AY.91.1 OR AY.92 OR AY.93 OR AY.94 OR AY.95 OR AY.98 OR AY.98.1 OR AY.98.1.1 OR AY.99 OR AY.99.1 OR AY.99.2 OR AY.100 OR AY.101 OR AY.102 OR AY.102.1 OR AY.102.2 OR AY.103 OR AY.103.1 OR AY.103.2 OR AY.104 OR AY.105 OR AY.106 OR AY.107 OR AY.108 OR AY.109 OR AY.110 OR AY.111 OR AY.112 OR AY.112.1 OR AY.112.2 OR AY.112.3 OR AY.113 OR AY.114 OR AY.116 OR AY.116.1 OR AY.117 OR AY.118 OR AY.119 OR AY.119.1 OR AY.119.2 OR AY.120 OR AY.120.1 OR AY.120.2 OR AY.120.2.1 OR AY.121 OR AY.121.1 OR AY.122 OR AY.122.1 OR AY.122.2 OR AY.122.3 OR AY.122.4 OR AY.122.5 OR AY.122.6 OR AY.123 OR AY.123.1 OR AY.124 OR AY.124.1 OR AY.124.1.1 OR AY.125 OR AY.125.1 OR AY.126 OR AY.127 OR AY.127.1 OR AY.127.2 OR AY.127.3 OR AY.128 OR AY.129 OR AY.130 OR AY.131 OR AY.132 OR AY.133 OR AY.134 OR B.1.617.2,Delta,10.7142857142857,0,0
2022-07-10,9,0,15.2857142857143,0,0,3.21941443237269e-05,0.151816662114398,AY.1 OR AY.2 OR AY.3 OR AY.3.1 OR AY.3.2 OR AY.3.3 OR AY.3.4 OR AY.4 OR AY.4.1 OR AY.4.2 OR AY.4.2.1 OR AY.4.2.2 OR AY.4.2.3 OR AY.4.2.4 OR AY.4.2.5 OR AY.4.3 OR AY.4.4 OR AY.4.5 OR AY.4.6 OR AY.4.7 OR AY.4.8 OR AY.4.9 OR AY.4.10 OR AY.4.11 OR AY.4.12 OR AY.4.13 OR AY.4.14 OR AY.4.15 OR AY.4.16 OR AY.4.17 OR AY.5 OR AY.5.1 OR AY.5.2 OR AY.5.3 OR AY.5.4 OR AY.5.5 OR AY.5.6 OR AY.5.7 OR AY.6 OR AY.7 OR AY.7.1 OR AY.7.2 OR AY.8 OR AY.9 OR AY.9.2 OR AY.9.2.1 OR AY.9.2.2 OR AY.10 OR AY.11 OR AY.13 OR AY.14 OR AY.15 OR AY.16 OR AY.16.1 OR AY.17 OR AY.18 OR AY.19 OR AY.20 OR AY.20.1 OR AY.21 OR AY.22 OR AY.23 OR AY.23.1 OR AY.23.2 OR AY.24 OR AY.24.1 OR AY.25 OR AY.25.1 OR AY.25.1.1 OR AY.25.1.2 OR AY.25.2 OR AY.25.3 OR AY.26 OR AY.26.1 OR AY.27 OR AY.28 OR AY.29 OR AY.29.1 OR AY.29.2 OR AY.30 OR AY.31 OR AY.32 OR AY.33 OR AY.33.1 OR AY.33.2 OR AY.34 OR AY.34.1 OR AY.34.1.1 OR AY.34.2 OR AY.35 OR AY.36 OR AY.36.1 OR AY.37 OR AY.38 OR AY.39 OR AY.39.1 OR AY.39.1.1 OR AY.39.1.2 OR AY.39.1.3 OR AY.39.1.4 OR AY.39.2 OR AY.39.3 OR AY.40 OR AY.41 OR AY.42 OR AY.42.1 OR AY.43 OR AY.43.1 OR AY.43.2 OR AY.43.3 OR AY.43.4 OR AY.43.5 OR AY.43.6 OR AY.43.7 OR AY.43.8 OR AY.43.9 OR AY.44 OR AY.45 OR AY.46 OR AY.46.1 OR AY.46.2 OR AY.46.3 OR AY.46.4 OR AY.46.5 OR AY.46.6 OR AY.46.6.1 OR AY.47 OR AY.48 OR AY.49 OR AY.50 OR AY.51 OR AY.52 OR AY.53 OR AY.54 OR AY.55 OR AY.56 OR AY.57 OR AY.58 OR AY.59 OR AY.60 OR AY.61 OR AY.62 OR AY.63 OR AY.64 OR AY.65 OR AY.66 OR AY.67 OR AY.68 OR AY.69 OR AY.70 OR AY.71 OR AY.72 OR AY.73 OR AY.74 OR AY.75 OR AY.75.2 OR AY.75.3 OR AY.76 OR AY.77 OR AY.78 OR AY.79 OR AY.80 OR AY.81 OR AY.82 OR AY.83 OR AY.84 OR AY.85 OR AY.86 OR AY.87 OR AY.88 OR AY.90 OR AY.91 OR AY.91.1 OR AY.92 OR AY.93 OR AY.94 OR AY.95 OR AY.98 OR AY.98.1 OR AY.98.1.1 OR AY.99 OR AY.99.1 OR AY.99.2 OR AY.100 OR AY.101 OR AY.102 OR AY.102.1 OR AY.102.2 OR AY.103 OR AY.103.1 OR AY.103.2 OR AY.104 OR AY.105 OR AY.106 OR AY.107 OR AY.108 OR AY.109 OR AY.110 OR AY.111 OR AY.112 OR AY.112.1 OR AY.112.2 OR AY.112.3 OR AY.113 OR AY.114 OR AY.116 OR AY.116.1 OR AY.117 OR AY.118 OR AY.119 OR AY.119.1 OR AY.119.2 OR AY.120 OR AY.120.1 OR AY.120.2 OR AY.120.2.1 OR AY.121 OR AY.121.1 OR AY.122 OR AY.122.1 OR AY.122.2 OR AY.122.3 OR AY.122.4 OR AY.122.5 OR AY.122.6 OR AY.123 OR AY.123.1 OR AY.124 OR AY.124.1 OR AY.124.1.1 OR AY.125 OR AY.125.1 OR AY.126 OR AY.127 OR AY.127.1 OR AY.127.2 OR AY.127.3 OR AY.128 OR AY.129 OR AY.130 OR AY.131 OR AY.132 OR AY.133 OR AY.134 OR B.1.617.2,Delta,11.1428571428571,0,0
2022-07-11,22,0,17,0,0,2.84623777231095e-05,0.135478437891689,AY.1 OR AY.2 OR AY.3 OR AY.3.1 OR AY.3.2 OR AY.3.3 OR AY.3.4 OR AY.4 OR AY.4.1 OR AY.4.2 OR AY.4.2.1 OR AY.4.2.2 OR AY.4.2.3 OR AY.4.2.4 OR AY.4.2.5 OR AY.4.3 OR AY.4.4 OR AY.4.5 OR AY.4.6 OR AY.4.7 OR AY.4.8 OR AY.4.9 OR AY.4.10 OR AY.4.11 OR AY.4.12 OR AY.4.13 OR AY.4.14 OR AY.4.15 OR AY.4.16 OR AY.4.17 OR AY.5 OR AY.5.1 OR AY.5.2 OR AY.5.3 OR AY.5.4 OR AY.5.5 OR AY.5.6 OR AY.5.7 OR AY.6 OR AY.7 OR AY.7.1 OR AY.7.2 OR AY.8 OR AY.9 OR AY.9.2 OR AY.9.2.1 OR AY.9.2.2 OR AY.10 OR AY.11 OR AY.13 OR AY.14 OR AY.15 OR AY.16 OR AY.16.1 OR AY.17 OR AY.18 OR AY.19 OR AY.20 OR AY.20.1 OR AY.21 OR AY.22 OR AY.23 OR AY.23.1 OR AY.23.2 OR AY.24 OR AY.24.1 OR AY.25 OR AY.25.1 OR AY.25.1.1 OR AY.25.1.2 OR AY.25.2 OR AY.25.3 OR AY.26 OR AY.26.1 OR AY.27 OR AY.28 OR AY.29 OR AY.29.1 OR AY.29.2 OR AY.30 OR AY.31 OR AY.32 OR AY.33 OR AY.33.1 OR AY.33.2 OR AY.34 OR AY.34.1 OR AY.34.1.1 OR AY.34.2 OR AY.35 OR AY.36 OR AY.36.1 OR AY.37 OR AY.38 OR AY.39 OR AY.39.1 OR AY.39.1.1 OR AY.39.1.2 OR AY.39.1.3 OR AY.39.1.4 OR AY.39.2 OR AY.39.3 OR AY.40 OR AY.41 OR AY.42 OR AY.42.1 OR AY.43 OR AY.43.1 OR AY.43.2 OR AY.43.3 OR AY.43.4 OR AY.43.5 OR AY.43.6 OR AY.43.7 OR AY.43.8 OR AY.43.9 OR AY.44 OR AY.45 OR AY.46 OR AY.46.1 OR AY.46.2 OR AY.46.3 OR AY.46.4 OR AY.46.5 OR AY.46.6 OR AY.46.6.1 OR AY.47 OR AY.48 OR AY.49 OR AY.50 OR AY.51 OR AY.52 OR AY.53 OR AY.54 OR AY.55 OR AY.56 OR AY.57 OR AY.58 OR AY.59 OR AY.60 OR AY.61 OR AY.62 OR AY.63 OR AY.64 OR AY.65 OR AY.66 OR AY.67 OR AY.68 OR AY.69 OR AY.70 OR AY.71 OR AY.72 OR AY.73 OR AY.74 OR AY.75 OR AY.75.2 OR AY.75.3 OR AY.76 OR AY.77 OR AY.78 OR AY.79 OR AY.80 OR AY.81 OR AY.82 OR AY.83 OR AY.84 OR AY.85 OR AY.86 OR AY.87 OR AY.88 OR AY.90 OR AY.91 OR AY.91.1 OR AY.92 OR AY.93 OR AY.94 OR AY.95 OR AY.98 OR AY.98.1 OR AY.98.1.1 OR AY.99 OR AY.99.1 OR AY.99.2 OR AY.100 OR AY.101 OR AY.102 OR AY.102.1 OR AY.102.2 OR AY.103 OR AY.103.1 OR AY.103.2 OR AY.104 OR AY.105 OR AY.106 OR AY.107 OR AY.108 OR AY.109 OR AY.110 OR AY.111 OR AY.112 OR AY.112.1 OR AY.112.2 OR AY.112.3 OR AY.113 OR AY.114 OR AY.116 OR AY.116.1 OR AY.117 OR AY.118 OR AY.119 OR AY.119.1 OR AY.119.2 OR AY.120 OR AY.120.1 OR AY.120.2 OR AY.120.2.1 OR AY.121 OR AY.121.1 OR AY.122 OR AY.122.1 OR AY.122.2 OR AY.122.3 OR AY.122.4 OR AY.122.5 OR AY.122.6 OR AY.123 OR AY.123.1 OR AY.124 OR AY.124.1 OR AY.124.1.1 OR AY.125 OR AY.125.1 OR AY.126 OR AY.127 OR AY.127.1 OR AY.127.2 OR AY.127.3 OR AY.128 OR AY.129 OR AY.130 OR AY.131 OR AY.132 OR AY.133 OR AY.134 OR B.1.617.2,Delta,12.5,0,0
2022-07-12,9,0,16,0,0,3.02134799780236e-05,0.143184137931445,AY.1 OR AY.2 OR AY.3 OR AY.3.1 OR AY.3.2 OR AY.3.3 OR AY.3.4 OR AY.4 OR AY.4.1 OR AY.4.2 OR AY.4.2.1 OR AY.4.2.2 OR AY.4.2.3 OR AY.4.2.4 OR AY.4.2.5 OR AY.4.3 OR AY.4.4 OR AY.4.5 OR AY.4.6 OR AY.4.7 OR AY.4.8 OR AY.4.9 OR AY.4.10 OR AY.4.11 OR AY.4.12 OR AY.4.13 OR AY.4.14 OR AY.4.15 OR AY.4.16 OR AY.4.17 OR AY.5 OR AY.5.1 OR AY.5.2 OR AY.5.3 OR AY.5.4 OR AY.5.5 OR AY.5.6 OR AY.5.7 OR AY.6 OR AY.7 OR AY.7.1 OR AY.7.2 OR AY.8 OR AY.9 OR AY.9.2 OR AY.9.2.1 OR AY.9.2.2 OR AY.10 OR AY.11 OR AY.13 OR AY.14 OR AY.15 OR AY.16 OR AY.16.1 OR AY.17 OR AY.18 OR AY.19 OR AY.20 OR AY.20.1 OR AY.21 OR AY.22 OR AY.23 OR AY.23.1 OR AY.23.2 OR AY.24 OR AY.24.1 OR AY.25 OR AY.25.1 OR AY.25.1.1 OR AY.25.1.2 OR AY.25.2 OR AY.25.3 OR AY.26 OR AY.26.1 OR AY.27 OR AY.28 OR AY.29 OR AY.29.1 OR AY.29.2 OR AY.30 OR AY.31 OR AY.32 OR AY.33 OR AY.33.1 OR AY.33.2 OR AY.34 OR AY.34.1 OR AY.34.1.1 OR AY.34.2 OR AY.35 OR AY.36 OR AY.36.1 OR AY.37 OR AY.38 OR AY.39 OR AY.39.1 OR AY.39.1.1 OR AY.39.1.2 OR AY.39.1.3 OR AY.39.1.4 OR AY.39.2 OR AY.39.3 OR AY.40 OR AY.41 OR AY.42 OR AY.42.1 OR AY.43 OR AY.43.1 OR AY.43.2 OR AY.43.3 OR AY.43.4 OR AY.43.5 OR AY.43.6 OR AY.43.7 OR AY.43.8 OR AY.43.9 OR AY.44 OR AY.45 OR AY.46 OR AY.46.1 OR AY.46.2 OR AY.46.3 OR AY.46.4 OR AY.46.5 OR AY.46.6 OR AY.46.6.1 OR AY.47 OR AY.48 OR AY.49 OR AY.50 OR AY.51 OR AY.52 OR AY.53 OR AY.54 OR AY.55 OR AY.56 OR AY.57 OR AY.58 OR AY.59 OR AY.60 OR AY.61 OR AY.62 OR AY.63 OR AY.64 OR AY.65 OR AY.66 OR AY.67 OR AY.68 OR AY.69 OR AY.70 OR AY.71 OR AY.72 OR AY.73 OR AY.74 OR AY.75 OR AY.75.2 OR AY.75.3 OR AY.76 OR AY.77 OR AY.78 OR AY.79 OR AY.80 OR AY.81 OR AY.82 OR AY.83 OR AY.84 OR AY.85 OR AY.86 OR AY.87 OR AY.88 OR AY.90 OR AY.91 OR AY.91.1 OR AY.92 OR AY.93 OR AY.94 OR AY.95 OR AY.98 OR AY.98.1 OR AY.98.1.1 OR AY.99 OR AY.99.1 OR AY.99.2 OR AY.100 OR AY.101 OR AY.102 OR AY.102.1 OR AY.102.2 OR AY.103 OR AY.103.1 OR AY.103.2 OR AY.104 OR AY.105 OR AY.106 OR AY.107 OR AY.108 OR AY.109 OR AY.110 OR AY.111 OR AY.112 OR AY.112.1 OR AY.112.2 OR AY.112.3 OR AY.113 OR AY.114 OR AY.116 OR AY.116.1 OR AY.117 OR AY.118 OR AY.119 OR AY.119.1 OR AY.119.2 OR AY.120 OR AY.120.1 OR AY.120.2 OR AY.120.2.1 OR AY.121 OR AY.121.1 OR AY.122 OR AY.122.1 OR AY.122.2 OR AY.122.3 OR AY.122.4 OR AY.122.5 OR AY.122.6 OR AY.123 OR AY.123.1 OR AY.124 OR AY.124.1 OR AY.124.1.1 OR AY.125 OR AY.125.1 OR AY.126 OR AY.127 OR AY.127.1 OR AY.127.2 OR AY.127.3 OR AY.128 OR AY.129 OR AY.130 OR AY.131 OR AY.132 OR AY.133 OR AY.134 OR B.1.617.2,Delta,12.5,0,0
2022-07-13,17,0,14.8571428571429,0,0,3.21941443237269e-05,0.151816662114398,AY.1 OR AY.2 OR AY.3 OR AY.3.1 OR AY.3.2 OR AY.3.3 OR AY.3.4 OR AY.4 OR AY.4.1 OR AY.4.2 OR AY.4.2.1 OR AY.4.2.2 OR AY.4.2.3 OR AY.4.2.4 OR AY.4.2.5 OR AY.4.3 OR AY.4.4 OR AY.4.5 OR AY.4.6 OR AY.4.7 OR AY.4.8 OR AY.4.9 OR AY.4.10 OR AY.4.11 OR AY.4.12 OR AY.4.13 OR AY.4.14 OR AY.4.15 OR AY.4.16 OR AY.4.17 OR AY.5 OR AY.5.1 OR AY.5.2 OR AY.5.3 OR AY.5.4 OR AY.5.5 OR AY.5.6 OR AY.5.7 OR AY.6 OR AY.7 OR AY.7.1 OR AY.7.2 OR AY.8 OR AY.9 OR AY.9.2 OR AY.9.2.1 OR AY.9.2.2 OR AY.10 OR AY.11 OR AY.13 OR AY.14 OR AY.15 OR AY.16 OR AY.16.1 OR AY.17 OR AY.18 OR AY.19 OR AY.20 OR AY.20.1 OR AY.21 OR AY.22 OR AY.23 OR AY.23.1 OR AY.23.2 OR AY.24 OR AY.24.1 OR AY.25 OR AY.25.1 OR AY.25.1.1 OR AY.25.1.2 OR AY.25.2 OR AY.25.3 OR AY.26 OR AY.26.1 OR AY.27 OR AY.28 OR AY.29 OR AY.29.1 OR AY.29.2 OR AY.30 OR AY.31 OR AY.32 OR AY.33 OR AY.33.1 OR AY.33.2 OR AY.34 OR AY.34.1 OR AY.34.1.1 OR AY.34.2 OR AY.35 OR AY.36 OR AY.36.1 OR AY.37 OR AY.38 OR AY.39 OR AY.39.1 OR AY.39.1.1 OR AY.39.1.2 OR AY.39.1.3 OR AY.39.1.4 OR AY.39.2 OR AY.39.3 OR AY.40 OR AY.41 OR AY.42 OR AY.42.1 OR AY.43 OR AY.43.1 OR AY.43.2 OR AY.43.3 OR AY.43.4 OR AY.43.5 OR AY.43.6 OR AY.43.7 OR AY.43.8 OR AY.43.9 OR AY.44 OR AY.45 OR AY.46 OR AY.46.1 OR AY.46.2 OR AY.46.3 OR AY.46.4 OR AY.46.5 OR AY.46.6 OR AY.46.6.1 OR AY.47 OR AY.48 OR AY.49 OR AY.50 OR AY.51 OR AY.52 OR AY.53 OR AY.54 OR AY.55 OR AY.56 OR AY.57 OR AY.58 OR AY.59 OR AY.60 OR AY.61 OR AY.62 OR AY.63 OR AY.64 OR AY.65 OR AY.66 OR AY.67 OR AY.68 OR AY.69 OR AY.70 OR AY.71 OR AY.72 OR AY.73 OR AY.74 OR AY.75 OR AY.75.2 OR AY.75.3 OR AY.76 OR AY.77 OR AY.78 OR AY.79 OR AY.80 OR AY.81 OR AY.82 OR AY.83 OR AY.84 OR AY.85 OR AY.86 OR AY.87 OR AY.88 OR AY.90 OR AY.91 OR AY.91.1 OR AY.92 OR AY.93 OR AY.94 OR AY.95 OR AY.98 OR AY.98.1 OR AY.98.1.1 OR AY.99 OR AY.99.1 OR AY.99.2 OR AY.100 OR AY.101 OR AY.102 OR AY.102.1 OR AY.102.2 OR AY.103 OR AY.103.1 OR AY.103.2 OR AY.104 OR AY.105 OR AY.106 OR AY.107 OR AY.108 OR AY.109 OR AY.110 OR AY.111 OR AY.112 OR AY.112.1 OR AY.112.2 OR AY.112.3 OR AY.113 OR AY.114 OR AY.116 OR AY.116.1 OR AY.117 OR AY.118 OR AY.119 OR AY.119.1 OR AY.119.2 OR AY.120 OR AY.120.1 OR AY.120.2 OR AY.120.2.1 OR AY.121 OR AY.121.1 OR AY.122 OR AY.122.1 OR AY.122.2 OR AY.122.3 OR AY.122.4 OR AY.122.5 OR AY.122.6 OR AY.123 OR AY.123.1 OR AY.124 OR AY.124.1 OR AY.124.1.1 OR AY.125 OR AY.125.1 OR AY.126 OR AY.127 OR AY.127.1 OR AY.127.2 OR AY.127.3 OR AY.128 OR AY.129 OR AY.130 OR AY.131 OR AY.132 OR AY.133 OR AY.134 OR B.1.617.2,Delta,13.2142857142857,0,0
2022-07-14,15,0,14.1428571428571,0,0,3.44526718020059e-05,0.161553304514194,AY.1 OR AY.2 OR AY.3 OR AY.3.1 OR AY.3.2 OR AY.3.3 OR AY.3.4 OR AY.4 OR AY.4.1 OR AY.4.2 OR AY.4.2.1 OR AY.4.2.2 OR AY.4.2.3 OR AY.4.2.4 OR AY.4.2.5 OR AY.4.3 OR AY.4.4 OR AY.4.5 OR AY.4.6 OR AY.4.7 OR AY.4.8 OR AY.4.9 OR AY.4.10 OR AY.4.11 OR AY.4.12 OR AY.4.13 OR AY.4.14 OR AY.4.15 OR AY.4.16 OR AY.4.17 OR AY.5 OR AY.5.1 OR AY.5.2 OR AY.5.3 OR AY.5.4 OR AY.5.5 OR AY.5.6 OR AY.5.7 OR AY.6 OR AY.7 OR AY.7.1 OR AY.7.2 OR AY.8 OR AY.9 OR AY.9.2 OR AY.9.2.1 OR AY.9.2.2 OR AY.10 OR AY.11 OR AY.13 OR AY.14 OR AY.15 OR AY.16 OR AY.16.1 OR AY.17 OR AY.18 OR AY.19 OR AY.20 OR AY.20.1 OR AY.21 OR AY.22 OR AY.23 OR AY.23.1 OR AY.23.2 OR AY.24 OR AY.24.1 OR AY.25 OR AY.25.1 OR AY.25.1.1 OR AY.25.1.2 OR AY.25.2 OR AY.25.3 OR AY.26 OR AY.26.1 OR AY.27 OR AY.28 OR AY.29 OR AY.29.1 OR AY.29.2 OR AY.30 OR AY.31 OR AY.32 OR AY.33 OR AY.33.1 OR AY.33.2 OR AY.34 OR AY.34.1 OR AY.34.1.1 OR AY.34.2 OR AY.35 OR AY.36 OR AY.36.1 OR AY.37 OR AY.38 OR AY.39 OR AY.39.1 OR AY.39.1.1 OR AY.39.1.2 OR AY.39.1.3 OR AY.39.1.4 OR AY.39.2 OR AY.39.3 OR AY.40 OR AY.41 OR AY.42 OR AY.42.1 OR AY.43 OR AY.43.1 OR AY.43.2 OR AY.43.3 OR AY.43.4 OR AY.43.5 OR AY.43.6 OR AY.43.7 OR AY.43.8 OR AY.43.9 OR AY.44 OR AY.45 OR AY.46 OR AY.46.1 OR AY.46.2 OR AY.46.3 OR AY.46.4 OR AY.46.5 OR AY.46.6 OR AY.46.6.1 OR AY.47 OR AY.48 OR AY.49 OR AY.50 OR AY.51 OR AY.52 OR AY.53 OR AY.54 OR AY.55 OR AY.56 OR AY.57 OR AY.58 OR AY.59 OR AY.60 OR AY.61 OR AY.62 OR AY.63 OR AY.64 OR AY.65 OR AY.66 OR AY.67 OR AY.68 OR AY.69 OR AY.70 OR AY.71 OR AY.72 OR AY.73 OR AY.74 OR AY.75 OR AY.75.2 OR AY.75.3 OR AY.76 OR AY.77 OR AY.78 OR AY.79 OR AY.80 OR AY.81 OR AY.82 OR AY.83 OR AY.84 OR AY.85 OR AY.86 OR AY.87 OR AY.88 OR AY.90 OR AY.91 OR AY.91.1 OR AY.92 OR AY.93 OR AY.94 OR AY.95 OR AY.98 OR AY.98.1 OR AY.98.1.1 OR AY.99 OR AY.99.1 OR AY.99.2 OR AY.100 OR AY.101 OR AY.102 OR AY.102.1 OR AY.102.2 OR AY.103 OR AY.103.1 OR AY.103.2 OR AY.104 OR AY.105 OR AY.106 OR AY.107 OR AY.108 OR AY.109 OR AY.110 OR AY.111 OR AY.112 OR AY.112.1 OR AY.112.2 OR AY.112.3 OR AY.113 OR AY.114 OR AY.116 OR AY.116.1 OR AY.117 OR AY.118 OR AY.119 OR AY.119.1 OR AY.119.2 OR AY.120 OR AY.120.1 OR AY.120.2 OR AY.120.2.1 OR AY.121 OR AY.121.1 OR AY.122 OR AY.122.1 OR AY.122.2 OR AY.122.3 OR AY.122.4 OR AY.122.5 OR AY.122.6 OR AY.123 OR AY.123.1 OR AY.124 OR AY.124.1 OR AY.124.1.1 OR AY.125 OR AY.125.1 OR AY.126 OR AY.127 OR AY.127.1 OR AY.127.2 OR AY.127.3 OR AY.128 OR AY.129 OR AY.130 OR AY.131 OR AY.132 OR AY.133 OR AY.134 OR B.1.617.2,Delta,13.9285714285714,0,0
2022-07-15,55,0,19.8571428571429,0,0,2.42464784592428e-05,0.116638982904875,AY.1 OR AY.2 OR AY.3 OR AY.3.1 OR AY.3.2 OR AY.3.3 OR AY.3.4 OR AY.4 OR AY.4.1 OR AY.4.2 OR AY.4.2.1 OR AY.4.2.2 OR AY.4.2.3 OR AY.4.2.4 OR AY.4.2.5 OR AY.4.3 OR AY.4.4 OR AY.4.5 OR AY.4.6 OR AY.4.7 OR AY.4.8 OR AY.4.9 OR AY.4.10 OR AY.4.11 OR AY.4.12 OR AY.4.13 OR AY.4.14 OR AY.4.15 OR AY.4.16 OR AY.4.17 OR AY.5 OR AY.5.1 OR AY.5.2 OR AY.5.3 OR AY.5.4 OR AY.5.5 OR AY.5.6 OR AY.5.7 OR AY.6 OR AY.7 OR AY.7.1 OR AY.7.2 OR AY.8 OR AY.9 OR AY.9.2 OR AY.9.2.1 OR AY.9.2.2 OR AY.10 OR AY.11 OR AY.13 OR AY.14 OR AY.15 OR AY.16 OR AY.16.1 OR AY.17 OR AY.18 OR AY.19 OR AY.20 OR AY.20.1 OR AY.21 OR AY.22 OR AY.23 OR AY.23.1 OR AY.23.2 OR AY.24 OR AY.24.1 OR AY.25 OR AY.25.1 OR AY.25.1.1 OR AY.25.1.2 OR AY.25.2 OR AY.25.3 OR AY.26 OR AY.26.1 OR AY.27 OR AY.28 OR AY.29 OR AY.29.1 OR AY.29.2 OR AY.30 OR AY.31 OR AY.32 OR AY.33 OR AY.33.1 OR AY.33.2 OR AY.34 OR AY.34.1 OR AY.34.1.1 OR AY.34.2 OR AY.35 OR AY.36 OR AY.36.1 OR AY.37 OR AY.38 OR AY.39 OR AY.39.1 OR AY.39.1.1 OR AY.39.1.2 OR AY.39.1.3 OR AY.39.1.4 OR AY.39.2 OR AY.39.3 OR AY.40 OR AY.41 OR AY.42 OR AY.42.1 OR AY.43 OR AY.43.1 OR AY.43.2 OR AY.43.3 OR AY.43.4 OR AY.43.5 OR AY.43.6 OR AY.43.7 OR AY.43.8 OR AY.43.9 OR AY.44 OR AY.45 OR AY.46 OR AY.46.1 OR AY.46.2 OR AY.46.3 OR AY.46.4 OR AY.46.5 OR AY.46.6 OR AY.46.6.1 OR AY.47 OR AY.48 OR AY.49 OR AY.50 OR AY.51 OR AY.52 OR AY.53 OR AY.54 OR AY.55 OR AY.56 OR AY.57 OR AY.58 OR AY.59 OR AY.60 OR AY.61 OR AY.62 OR AY.63 OR AY.64 OR AY.65 OR AY.66 OR AY.67 OR AY.68 OR AY.69 OR AY.70 OR AY.71 OR AY.72 OR AY.73 OR AY.74 OR AY.75 OR AY.75.2 OR AY.75.3 OR AY.76 OR AY.77 OR AY.78 OR AY.79 OR AY.80 OR AY.81 OR AY.82 OR AY.83 OR AY.84 OR AY.85 OR AY.86 OR AY.87 OR AY.88 OR AY.90 OR AY.91 OR AY.91.1 OR AY.92 OR AY.93 OR AY.94 OR AY.95 OR AY.98 OR AY.98.1 OR AY.98.1.1 OR AY.99 OR AY.99.1 OR AY.99.2 OR AY.100 OR AY.101 OR AY.102 OR AY.102.1 OR AY.102.2 OR AY.103 OR AY.103.1 OR AY.103.2 OR AY.104 OR AY.105 OR AY.106 OR AY.107 OR AY.108 OR AY.109 OR AY.110 OR AY.111 OR AY.112 OR AY.112.1 OR AY.112.2 OR AY.112.3 OR AY.113 OR AY.114 OR AY.116 OR AY.116.1 OR AY.117 OR AY.118 OR AY.119 OR AY.119.1 OR AY.119.2 OR AY.120 OR AY.120.1 OR AY.120.2 OR AY.120.2.1 OR AY.121 OR AY.121.1 OR AY.122 OR AY.122.1 OR AY.122.2 OR AY.122.3 OR AY.122.4 OR AY.122.5 OR AY.122.6 OR AY.123 OR AY.123.1 OR AY.124 OR AY.124.1 OR AY.124.1.1 OR AY.125 OR AY.125.1 OR AY.126 OR AY.127 OR AY.127.1 OR AY.127.2 OR AY.127.3 OR AY.128 OR AY.129 OR AY.130 OR AY.131 OR AY.132 OR AY.133 OR AY.134 OR B.1.617.2,Delta,17.1428571428571,0,0
2022-07-16,4,0,18.7142857142857,0,0,2.55058126256953e-05,0.122309404319914,AY.1 OR AY.2 OR AY.3 OR AY.3.1 OR AY.3.2 OR AY.3.3 OR AY.3.4 OR AY.4 OR AY.4.1 OR AY.4.2 OR AY.4.2.1 OR AY.4.2.2 OR AY.4.2.3 OR AY.4.2.4 OR AY.4.2.5 OR AY.4.3 OR AY.4.4 OR AY.4.5 OR AY.4.6 OR AY.4.7 OR AY.4.8 OR AY.4.9 OR AY.4.10 OR AY.4.11 OR AY.4.12 OR AY.4.13 OR AY.4.14 OR AY.4.15 OR AY.4.16 OR AY.4.17 OR AY.5 OR AY.5.1 OR AY.5.2 OR AY.5.3 OR AY.5.4 OR AY.5.5 OR AY.5.6 OR AY.5.7 OR AY.6 OR AY.7 OR AY.7.1 OR AY.7.2 OR AY.8 OR AY.9 OR AY.9.2 OR AY.9.2.1 OR AY.9.2.2 OR AY.10 OR AY.11 OR AY.13 OR AY.14 OR AY.15 OR AY.16 OR AY.16.1 OR AY.17 OR AY.18 OR AY.19 OR AY.20 OR AY.20.1 OR AY.21 OR AY.22 OR AY.23 OR AY.23.1 OR AY.23.2 OR AY.24 OR AY.24.1 OR AY.25 OR AY.25.1 OR AY.25.1.1 OR AY.25.1.2 OR AY.25.2 OR AY.25.3 OR AY.26 OR AY.26.1 OR AY.27 OR AY.28 OR AY.29 OR AY.29.1 OR AY.29.2 OR AY.30 OR AY.31 OR AY.32 OR AY.33 OR AY.33.1 OR AY.33.2 OR AY.34 OR AY.34.1 OR AY.34.1.1 OR AY.34.2 OR AY.35 OR AY.36 OR AY.36.1 OR AY.37 OR AY.38 OR AY.39 OR AY.39.1 OR AY.39.1.1 OR AY.39.1.2 OR AY.39.1.3 OR AY.39.1.4 OR AY.39.2 OR AY.39.3 OR AY.40 OR AY.41 OR AY.42 OR AY.42.1 OR AY.43 OR AY.43.1 OR AY.43.2 OR AY.43.3 OR AY.43.4 OR AY.43.5 OR AY.43.6 OR AY.43.7 OR AY.43.8 OR AY.43.9 OR AY.44 OR AY.45 OR AY.46 OR AY.46.1 OR AY.46.2 OR AY.46.3 OR AY.46.4 OR AY.46.5 OR AY.46.6 OR AY.46.6.1 OR AY.47 OR AY.48 OR AY.49 OR AY.50 OR AY.51 OR AY.52 OR AY.53 OR AY.54 OR AY.55 OR AY.56 OR AY.57 OR AY.58 OR AY.59 OR AY.60 OR AY.61 OR AY.62 OR AY.63 OR AY.64 OR AY.65 OR AY.66 OR AY.67 OR AY.68 OR AY.69 OR AY.70 OR AY.71 OR AY.72 OR AY.73 OR AY.74 OR AY.75 OR AY.75.2 OR AY.75.3 OR AY.76 OR AY.77 OR AY.78 OR AY.79 OR AY.80 OR AY.81 OR AY.82 OR AY.83 OR AY.84 OR AY.85 OR AY.86 OR AY.87 OR AY.88 OR AY.90 OR AY.91 OR AY.91.1 OR AY.92 OR AY.93 OR AY.94 OR AY.95 OR AY.98 OR AY.98.1 OR AY.98.1.1 OR AY.99 OR AY.99.1 OR AY.99.2 OR AY.100 OR AY.101 OR AY.102 OR AY.102.1 OR AY.102.2 OR AY.103 OR AY.103.1 OR AY.103.2 OR AY.104 OR AY.105 OR AY.106 OR AY.107 OR AY.108 OR AY.109 OR AY.110 OR AY.111 OR AY.112 OR AY.112.1 OR AY.112.2 OR AY.112.3 OR AY.113 OR AY.114 OR AY.116 OR AY.116.1 OR AY.117 OR AY.118 OR AY.119 OR AY.119.1 OR AY.119.2 OR AY.120 OR AY.120.1 OR AY.120.2 OR AY.120.2.1 OR AY.121 OR AY.121.1 OR AY.122 OR AY.122.1 OR AY.122.2 OR AY.122.3 OR AY.122.4 OR AY.122.5 OR AY.122.6 OR AY.123 OR AY.123.1 OR AY.124 OR AY.124.1 OR AY.124.1.1 OR AY.125 OR AY.125.1 OR AY.126 OR AY.127 OR AY.127.1 OR AY.127.2 OR AY.127.3 OR AY.128 OR AY.129 OR AY.130 OR AY.131 OR AY.132 OR AY.133 OR AY.134 OR B.1.617.2,Delta,16.7142857142857,0,0
2022-07-17,13,0,19.2857142857143,0,0,2.55058126256953e-05,0.122309404319914,AY.1 OR AY.2 OR AY.3 OR AY.3.1 OR AY.3.2 OR AY.3.3 OR AY.3.4 OR AY.4 OR AY.4.1 OR AY.4.2 OR AY.4.2.1 OR AY.4.2.2 OR AY.4.2.3 OR AY.4.2.4 OR AY.4.2.5 OR AY.4.3 OR AY.4.4 OR AY.4.5 OR AY.4.6 OR AY.4.7 OR AY.4.8 OR AY.4.9 OR AY.4.10 OR AY.4.11 OR AY.4.12 OR AY.4.13 OR AY.4.14 OR AY.4.15 OR AY.4.16 OR AY.4.17 OR AY.5 OR AY.5.1 OR AY.5.2 OR AY.5.3 OR AY.5.4 OR AY.5.5 OR AY.5.6 OR AY.5.7 OR AY.6 OR AY.7 OR AY.7.1 OR AY.7.2 OR AY.8 OR AY.9 OR AY.9.2 OR AY.9.2.1 OR AY.9.2.2 OR AY.10 OR AY.11 OR AY.13 OR AY.14 OR AY.15 OR AY.16 OR AY.16.1 OR AY.17 OR AY.18 OR AY.19 OR AY.20 OR AY.20.1 OR AY.21 OR AY.22 OR AY.23 OR AY.23.1 OR AY.23.2 OR AY.24 OR AY.24.1 OR AY.25 OR AY.25.1 OR AY.25.1.1 OR AY.25.1.2 OR AY.25.2 OR AY.25.3 OR AY.26 OR AY.26.1 OR AY.27 OR AY.28 OR AY.29 OR AY.29.1 OR AY.29.2 OR AY.30 OR AY.31 OR AY.32 OR AY.33 OR AY.33.1 OR AY.33.2 OR AY.34 OR AY.34.1 OR AY.34.1.1 OR AY.34.2 OR AY.35 OR AY.36 OR AY.36.1 OR AY.37 OR AY.38 OR AY.39 OR AY.39.1 OR AY.39.1.1 OR AY.39.1.2 OR AY.39.1.3 OR AY.39.1.4 OR AY.39.2 OR AY.39.3 OR AY.40 OR AY.41 OR AY.42 OR AY.42.1 OR AY.43 OR AY.43.1 OR AY.43.2 OR AY.43.3 OR AY.43.4 OR AY.43.5 OR AY.43.6 OR AY.43.7 OR AY.43.8 OR AY.43.9 OR AY.44 OR AY.45 OR AY.46 OR AY.46.1 OR AY.46.2 OR AY.46.3 OR AY.46.4 OR AY.46.5 OR AY.46.6 OR AY.46.6.1 OR AY.47 OR AY.48 OR AY.49 OR AY.50 OR AY.51 OR AY.52 OR AY.53 OR AY.54 OR AY.55 OR AY.56 OR AY.57 OR AY.58 OR AY.59 OR AY.60 OR AY.61 OR AY.62 OR AY.63 OR AY.64 OR AY.65 OR AY.66 OR AY.67 OR AY.68 OR AY.69 OR AY.70 OR AY.71 OR AY.72 OR AY.73 OR AY.74 OR AY.75 OR AY.75.2 OR AY.75.3 OR AY.76 OR AY.77 OR AY.78 OR AY.79 OR AY.80 OR AY.81 OR AY.82 OR AY.83 OR AY.84 OR AY.85 OR AY.86 OR AY.87 OR AY.88 OR AY.90 OR AY.91 OR AY.91.1 OR AY.92 OR AY.93 OR AY.94 OR AY.95 OR AY.98 OR AY.98.1 OR AY.98.1.1 OR AY.99 OR AY.99.1 OR AY.99.2 OR AY.100 OR AY.101 OR AY.102 OR AY.102.1 OR AY.102.2 OR AY.103 OR AY.103.1 OR AY.103.2 OR AY.104 OR AY.105 OR AY.106 OR AY.107 OR AY.108 OR AY.109 OR AY.110 OR AY.111 OR AY.112 OR AY.112.1 OR AY.112.2 OR AY.112.3 OR AY.113 OR AY.114 OR AY.116 OR AY.116.1 OR AY.117 OR AY.118 OR AY.119 OR AY.119.1 OR AY.119.2 OR AY.120 OR AY.120.1 OR AY.120.2 OR AY.120.2.1 OR AY.121 OR AY.121.1 OR AY.122 OR AY.122.1 OR AY.122.2 OR AY.122.3 OR AY.122.4 OR AY.122.5 OR AY.122.6 OR AY.123 OR AY.123.1 OR AY.124 OR AY.124.1 OR AY.124.1.1 OR AY.125 OR AY.125.1 OR AY.126 OR AY.127 OR AY.127.1 OR AY.127.2 OR AY.127.3 OR AY.128 OR AY.129 OR AY.130 OR AY.131 OR AY.132 OR AY.133 OR AY.134 OR B.1.617.2,Delta,17.2857142857143,0,0
2022-07-18,14,0,18.1428571428571,0,0,2.69031173009093e-05,0.12855821182176,AY.1 OR AY.2 OR AY.3 OR AY.3.1 OR AY.3.2 OR AY.3.3 OR AY.3.4 OR AY.4 OR AY.4.1 OR AY.4.2 OR AY.4.2.1 OR AY.4.2.2 OR AY.4.2.3 OR AY.4.2.4 OR AY.4.2.5 OR AY.4.3 OR AY.4.4 OR AY.4.5 OR AY.4.6 OR AY.4.7 OR AY.4.8 OR AY.4.9 OR AY.4.10 OR AY.4.11 OR AY.4.12 OR AY.4.13 OR AY.4.14 OR AY.4.15 OR AY.4.16 OR AY.4.17 OR AY.5 OR AY.5.1 OR AY.5.2 OR AY.5.3 OR AY.5.4 OR AY.5.5 OR AY.5.6 OR AY.5.7 OR AY.6 OR AY.7 OR AY.7.1 OR AY.7.2 OR AY.8 OR AY.9 OR AY.9.2 OR AY.9.2.1 OR AY.9.2.2 OR AY.10 OR AY.11 OR AY.13 OR AY.14 OR AY.15 OR AY.16 OR AY.16.1 OR AY.17 OR AY.18 OR AY.19 OR AY.20 OR AY.20.1 OR AY.21 OR AY.22 OR AY.23 OR AY.23.1 OR AY.23.2 OR AY.24 OR AY.24.1 OR AY.25 OR AY.25.1 OR AY.25.1.1 OR AY.25.1.2 OR AY.25.2 OR AY.25.3 OR AY.26 OR AY.26.1 OR AY.27 OR AY.28 OR AY.29 OR AY.29.1 OR AY.29.2 OR AY.30 OR AY.31 OR AY.32 OR AY.33 OR AY.33.1 OR AY.33.2 OR AY.34 OR AY.34.1 OR AY.34.1.1 OR AY.34.2 OR AY.35 OR AY.36 OR AY.36.1 OR AY.37 OR AY.38 OR AY.39 OR AY.39.1 OR AY.39.1.1 OR AY.39.1.2 OR AY.39.1.3 OR AY.39.1.4 OR AY.39.2 OR AY.39.3 OR AY.40 OR AY.41 OR AY.42 OR AY.42.1 OR AY.43 OR AY.43.1 OR AY.43.2 OR AY.43.3 OR AY.43.4 OR AY.43.5 OR AY.43.6 OR AY.43.7 OR AY.43.8 OR AY.43.9 OR AY.44 OR AY.45 OR AY.46 OR AY.46.1 OR AY.46.2 OR AY.46.3 OR AY.46.4 OR AY.46.5 OR AY.46.6 OR AY.46.6.1 OR AY.47 OR AY.48 OR AY.49 OR AY.50 OR AY.51 OR AY.52 OR AY.53 OR AY.54 OR AY.55 OR AY.56 OR AY.57 OR AY.58 OR AY.59 OR AY.60 OR AY.61 OR AY.62 OR AY.63 OR AY.64 OR AY.65 OR AY.66 OR AY.67 OR AY.68 OR AY.69 OR AY.70 OR AY.71 OR AY.72 OR AY.73 OR AY.74 OR AY.75 OR AY.75.2 OR AY.75.3 OR AY.76 OR AY.77 OR AY.78 OR AY.79 OR AY.80 OR AY.81 OR AY.82 OR AY.83 OR AY.84 OR AY.85 OR AY.86 OR AY.87 OR AY.88 OR AY.90 OR AY.91 OR AY.91.1 OR AY.92 OR AY.93 OR AY.94 OR AY.95 OR AY.98 OR AY.98.1 OR AY.98.1.1 OR AY.99 OR AY.99.1 OR AY.99.2 OR AY.100 OR AY.101 OR AY.102 OR AY.102.1 OR AY.102.2 OR AY.103 OR AY.103.1 OR AY.103.2 OR AY.104 OR AY.105 OR AY.106 OR AY.107 OR AY.108 OR AY.109 OR AY.110 OR AY.111 OR AY.112 OR AY.112.1 OR AY.112.2 OR AY.112.3 OR AY.113 OR AY.114 OR AY.116 OR AY.116.1 OR AY.117 OR AY.118 OR AY.119 OR AY.119.1 OR AY.119.2 OR AY.120 OR AY.120.1 OR AY.120.2 OR AY.120.2.1 OR AY.121 OR AY.121.1 OR AY.122 OR AY.122.1 OR AY.122.2 OR AY.122.3 OR AY.122.4 OR AY.122.5 OR AY.122.6 OR AY.123 OR AY.123.1 OR AY.124 OR AY.124.1 OR AY.124.1.1 OR AY.125 OR AY.125.1 OR AY.126 OR AY.127 OR AY.127.1 OR AY.127.2 OR AY.127.3 OR AY.128 OR AY.129 OR AY.130 OR AY.131 OR AY.132 OR AY.133 OR AY.134 OR B.1.617.2,Delta,17.5714285714286,0,0
2022-07-19,10,0,18.2857142857143,0,0,2.69031173009093e-05,0.12855821182176,AY.1 OR AY.2 OR AY.3 OR AY.3.1 OR AY.3.2 OR AY.3.3 OR AY.3.4 OR AY.4 OR AY.4.1 OR AY.4.2 OR AY.4.2.1 OR AY.4.2.2 OR AY.4.2.3 OR AY.4.2.4 OR AY.4.2.5 OR AY.4.3 OR AY.4.4 OR AY.4.5 OR AY.4.6 OR AY.4.7 OR AY.4.8 OR AY.4.9 OR AY.4.10 OR AY.4.11 OR AY.4.12 OR AY.4.13 OR AY.4.14 OR AY.4.15 OR AY.4.16 OR AY.4.17 OR AY.5 OR AY.5.1 OR AY.5.2 OR AY.5.3 OR AY.5.4 OR AY.5.5 OR AY.5.6 OR AY.5.7 OR AY.6 OR AY.7 OR AY.7.1 OR AY.7.2 OR AY.8 OR AY.9 OR AY.9.2 OR AY.9.2.1 OR AY.9.2.2 OR AY.10 OR AY.11 OR AY.13 OR AY.14 OR AY.15 OR AY.16 OR AY.16.1 OR AY.17 OR AY.18 OR AY.19 OR AY.20 OR AY.20.1 OR AY.21 OR AY.22 OR AY.23 OR AY.23.1 OR AY.23.2 OR AY.24 OR AY.24.1 OR AY.25 OR AY.25.1 OR AY.25.1.1 OR AY.25.1.2 OR AY.25.2 OR AY.25.3 OR AY.26 OR AY.26.1 OR AY.27 OR AY.28 OR AY.29 OR AY.29.1 OR AY.29.2 OR AY.30 OR AY.31 OR AY.32 OR AY.33 OR AY.33.1 OR AY.33.2 OR AY.34 OR AY.34.1 OR AY.34.1.1 OR AY.34.2 OR AY.35 OR AY.36 OR AY.36.1 OR AY.37 OR AY.38 OR AY.39 OR AY.39.1 OR AY.39.1.1 OR AY.39.1.2 OR AY.39.1.3 OR AY.39.1.4 OR AY.39.2 OR AY.39.3 OR AY.40 OR AY.41 OR AY.42 OR AY.42.1 OR AY.43 OR AY.43.1 OR AY.43.2 OR AY.43.3 OR AY.43.4 OR AY.43.5 OR AY.43.6 OR AY.43.7 OR AY.43.8 OR AY.43.9 OR AY.44 OR AY.45 OR AY.46 OR AY.46.1 OR AY.46.2 OR AY.46.3 OR AY.46.4 OR AY.46.5 OR AY.46.6 OR AY.46.6.1 OR AY.47 OR AY.48 OR AY.49 OR AY.50 OR AY.51 OR AY.52 OR AY.53 OR AY.54 OR AY.55 OR AY.56 OR AY.57 OR AY.58 OR AY.59 OR AY.60 OR AY.61 OR AY.62 OR AY.63 OR AY.64 OR AY.65 OR AY.66 OR AY.67 OR AY.68 OR AY.69 OR AY.70 OR AY.71 OR AY.72 OR AY.73 OR AY.74 OR AY.75 OR AY.75.2 OR AY.75.3 OR AY.76 OR AY.77 OR AY.78 OR AY.79 OR AY.80 OR AY.81 OR AY.82 OR AY.83 OR AY.84 OR AY.85 OR AY.86 OR AY.87 OR AY.88 OR AY.90 OR AY.91 OR AY.91.1 OR AY.92 OR AY.93 OR AY.94 OR AY.95 OR AY.98 OR AY.98.1 OR AY.98.1.1 OR AY.99 OR AY.99.1 OR AY.99.2 OR AY.100 OR AY.101 OR AY.102 OR AY.102.1 OR AY.102.2 OR AY.103 OR AY.103.1 OR AY.103.2 OR AY.104 OR AY.105 OR AY.106 OR AY.107 OR AY.108 OR AY.109 OR AY.110 OR AY.111 OR AY.112 OR AY.112.1 OR AY.112.2 OR AY.112.3 OR AY.113 OR AY.114 OR AY.116 OR AY.116.1 OR AY.117 OR AY.118 OR AY.119 OR AY.119.1 OR AY.119.2 OR AY.120 OR AY.120.1 OR AY.120.2 OR AY.120.2.1 OR AY.121 OR AY.121.1 OR AY.122 OR AY.122.1 OR AY.122.2 OR AY.122.3 OR AY.122.4 OR AY.122.5 OR AY.122.6 OR AY.123 OR AY.123.1 OR AY.124 OR AY.124.1 OR AY.124.1.1 OR AY.125 OR AY.125.1 OR AY.126 OR AY.127 OR AY.127.1 OR AY.127.2 OR AY.127.3 OR AY.128 OR AY.129 OR AY.130 OR AY.131 OR AY.132 OR AY.133 OR AY.134 OR B.1.617.2,Delta,17.1428571428571,0,0
2022-07-20,12,0,17.5714285714286,0,0,2.69031173009093e-05,0.12855821182176,AY.1 OR AY.2 OR AY.3 OR AY.3.1 OR AY.3.2 OR AY.3.3 OR AY.3.4 OR AY.4 OR AY.4.1 OR AY.4.2 OR AY.4.2.1 OR AY.4.2.2 OR AY.4.2.3 OR AY.4.2.4 OR AY.4.2.5 OR AY.4.3 OR AY.4.4 OR AY.4.5 OR AY.4.6 OR AY.4.7 OR AY.4.8 OR AY.4.9 OR AY.4.10 OR AY.4.11 OR AY.4.12 OR AY.4.13 OR AY.4.14 OR AY.4.15 OR AY.4.16 OR AY.4.17 OR AY.5 OR AY.5.1 OR AY.5.2 OR AY.5.3 OR AY.5.4 OR AY.5.5 OR AY.5.6 OR AY.5.7 OR AY.6 OR AY.7 OR AY.7.1 OR AY.7.2 OR AY.8 OR AY.9 OR AY.9.2 OR AY.9.2.1 OR AY.9.2.2 OR AY.10 OR AY.11 OR AY.13 OR AY.14 OR AY.15 OR AY.16 OR AY.16.1 OR AY.17 OR AY.18 OR AY.19 OR AY.20 OR AY.20.1 OR AY.21 OR AY.22 OR AY.23 OR AY.23.1 OR AY.23.2 OR AY.24 OR AY.24.1 OR AY.25 OR AY.25.1 OR AY.25.1.1 OR AY.25.1.2 OR AY.25.2 OR AY.25.3 OR AY.26 OR AY.26.1 OR AY.27 OR AY.28 OR AY.29 OR AY.29.1 OR AY.29.2 OR AY.30 OR AY.31 OR AY.32 OR AY.33 OR AY.33.1 OR AY.33.2 OR AY.34 OR AY.34.1 OR AY.34.1.1 OR AY.34.2 OR AY.35 OR AY.36 OR AY.36.1 OR AY.37 OR AY.38 OR AY.39 OR AY.39.1 OR AY.39.1.1 OR AY.39.1.2 OR AY.39.1.3 OR AY.39.1.4 OR AY.39.2 OR AY.39.3 OR AY.40 OR AY.41 OR AY.42 OR AY.42.1 OR AY.43 OR AY.43.1 OR AY.43.2 OR AY.43.3 OR AY.43.4 OR AY.43.5 OR AY.43.6 OR AY.43.7 OR AY.43.8 OR AY.43.9 OR AY.44 OR AY.45 OR AY.46 OR AY.46.1 OR AY.46.2 OR AY.46.3 OR AY.46.4 OR AY.46.5 OR AY.46.6 OR AY.46.6.1 OR AY.47 OR AY.48 OR AY.49 OR AY.50 OR AY.51 OR AY.52 OR AY.53 OR AY.54 OR AY.55 OR AY.56 OR AY.57 OR AY.58 OR AY.59 OR AY.60 OR AY.61 OR AY.62 OR AY.63 OR AY.64 OR AY.65 OR AY.66 OR AY.67 OR AY.68 OR AY.69 OR AY.70 OR AY.71 OR AY.72 OR AY.73 OR AY.74 OR AY.75 OR AY.75.2 OR AY.75.3 OR AY.76 OR AY.77 OR AY.78 OR AY.79 OR AY.80 OR AY.81 OR AY.82 OR AY.83 OR AY.84 OR AY.85 OR AY.86 OR AY.87 OR AY.88 OR AY.90 OR AY.91 OR AY.91.1 OR AY.92 OR AY.93 OR AY.94 OR AY.95 OR AY.98 OR AY.98.1 OR AY.98.1.1 OR AY.99 OR AY.99.1 OR AY.99.2 OR AY.100 OR AY.101 OR AY.102 OR AY.102.1 OR AY.102.2 OR AY.103 OR AY.103.1 OR AY.103.2 OR AY.104 OR AY.105 OR AY.106 OR AY.107 OR AY.108 OR AY.109 OR AY.110 OR AY.111 OR AY.112 OR AY.112.1 OR AY.112.2 OR AY.112.3 OR AY.113 OR AY.114 OR AY.116 OR AY.116.1 OR AY.117 OR AY.118 OR AY.119 OR AY.119.1 OR AY.119.2 OR AY.120 OR AY.120.1 OR AY.120.2 OR AY.120.2.1 OR AY.121 OR AY.121.1 OR AY.122 OR AY.122.1 OR AY.122.2 OR AY.122.3 OR AY.122.4 OR AY.122.5 OR AY.122.6 OR AY.123 OR AY.123.1 OR AY.124 OR AY.124.1 OR AY.124.1.1 OR AY.125 OR AY.125.1 OR AY.126 OR AY.127 OR AY.127.1 OR AY.127.2 OR AY.127.3 OR AY.128 OR AY.129 OR AY.130 OR AY.131 OR AY.132 OR AY.133 OR AY.134 OR B.1.617.2,Delta,16.2142857142857,0,0
2022-07-21,14,0,17.4285714285714,0,0,2.84623777231095e-05,0.135478437891689,AY.1 OR AY.2 OR AY.3 OR AY.3.1 OR AY.3.2 OR AY.3.3 OR AY.3.4 OR AY.4 OR AY.4.1 OR AY.4.2 OR AY.4.2.1 OR AY.4.2.2 OR AY.4.2.3 OR AY.4.2.4 OR AY.4.2.5 OR AY.4.3 OR AY.4.4 OR AY.4.5 OR AY.4.6 OR AY.4.7 OR AY.4.8 OR AY.4.9 OR AY.4.10 OR AY.4.11 OR AY.4.12 OR AY.4.13 OR AY.4.14 OR AY.4.15 OR AY.4.16 OR AY.4.17 OR AY.5 OR AY.5.1 OR AY.5.2 OR AY.5.3 OR AY.5.4 OR AY.5.5 OR AY.5.6 OR AY.5.7 OR AY.6 OR AY.7 OR AY.7.1 OR AY.7.2 OR AY.8 OR AY.9 OR AY.9.2 OR AY.9.2.1 OR AY.9.2.2 OR AY.10 OR AY.11 OR AY.13 OR AY.14 OR AY.15 OR AY.16 OR AY.16.1 OR AY.17 OR AY.18 OR AY.19 OR AY.20 OR AY.20.1 OR AY.21 OR AY.22 OR AY.23 OR AY.23.1 OR AY.23.2 OR AY.24 OR AY.24.1 OR AY.25 OR AY.25.1 OR AY.25.1.1 OR AY.25.1.2 OR AY.25.2 OR AY.25.3 OR AY.26 OR AY.26.1 OR AY.27 OR AY.28 OR AY.29 OR AY.29.1 OR AY.29.2 OR AY.30 OR AY.31 OR AY.32 OR AY.33 OR AY.33.1 OR AY.33.2 OR AY.34 OR AY.34.1 OR AY.34.1.1 OR AY.34.2 OR AY.35 OR AY.36 OR AY.36.1 OR AY.37 OR AY.38 OR AY.39 OR AY.39.1 OR AY.39.1.1 OR AY.39.1.2 OR AY.39.1.3 OR AY.39.1.4 OR AY.39.2 OR AY.39.3 OR AY.40 OR AY.41 OR AY.42 OR AY.42.1 OR AY.43 OR AY.43.1 OR AY.43.2 OR AY.43.3 OR AY.43.4 OR AY.43.5 OR AY.43.6 OR AY.43.7 OR AY.43.8 OR AY.43.9 OR AY.44 OR AY.45 OR AY.46 OR AY.46.1 OR AY.46.2 OR AY.46.3 OR AY.46.4 OR AY.46.5 OR AY.46.6 OR AY.46.6.1 OR AY.47 OR AY.48 OR AY.49 OR AY.50 OR AY.51 OR AY.52 OR AY.53 OR AY.54 OR AY.55 OR AY.56 OR AY.57 OR AY.58 OR AY.59 OR AY.60 OR AY.61 OR AY.62 OR AY.63 OR AY.64 OR AY.65 OR AY.66 OR AY.67 OR AY.68 OR AY.69 OR AY.70 OR AY.71 OR AY.72 OR AY.73 OR AY.74 OR AY.75 OR AY.75.2 OR AY.75.3 OR AY.76 OR AY.77 OR AY.78 OR AY.79 OR AY.80 OR AY.81 OR AY.82 OR AY.83 OR AY.84 OR AY.85 OR AY.86 OR AY.87 OR AY.88 OR AY.90 OR AY.91 OR AY.91.1 OR AY.92 OR AY.93 OR AY.94 OR AY.95 OR AY.98 OR AY.98.1 OR AY.98.1.1 OR AY.99 OR AY.99.1 OR AY.99.2 OR AY.100 OR AY.101 OR AY.102 OR AY.102.1 OR AY.102.2 OR AY.103 OR AY.103.1 OR AY.103.2 OR AY.104 OR AY.105 OR AY.106 OR AY.107 OR AY.108 OR AY.109 OR AY.110 OR AY.111 OR AY.112 OR AY.112.1 OR AY.112.2 OR AY.112.3 OR AY.113 OR AY.114 OR AY.116 OR AY.116.1 OR AY.117 OR AY.118 OR AY.119 OR AY.119.1 OR AY.119.2 OR AY.120 OR AY.120.1 OR AY.120.2 OR AY.120.2.1 OR AY.121 OR AY.121.1 OR AY.122 OR AY.122.1 OR AY.122.2 OR AY.122.3 OR AY.122.4 OR AY.122.5 OR AY.122.6 OR AY.123 OR AY.123.1 OR AY.124 OR AY.124.1 OR AY.124.1.1 OR AY.125 OR AY.125.1 OR AY.126 OR AY.127 OR AY.127.1 OR AY.127.2 OR AY.127.3 OR AY.128 OR AY.129 OR AY.130 OR AY.131 OR AY.132 OR AY.133 OR AY.134 OR B.1.617.2,Delta,15.7857142857143,0,0
2022-07-22,17,0,12,0,0,4.00753100765989e-05,0.185305938312485,AY.1 OR AY.2 OR AY.3 OR AY.3.1 OR AY.3.2 OR AY.3.3 OR AY.3.4 OR AY.4 OR AY.4.1 OR AY.4.2 OR AY.4.2.1 OR AY.4.2.2 OR AY.4.2.3 OR AY.4.2.4 OR AY.4.2.5 OR AY.4.3 OR AY.4.4 OR AY.4.5 OR AY.4.6 OR AY.4.7 OR AY.4.8 OR AY.4.9 OR AY.4.10 OR AY.4.11 OR AY.4.12 OR AY.4.13 OR AY.4.14 OR AY.4.15 OR AY.4.16 OR AY.4.17 OR AY.5 OR AY.5.1 OR AY.5.2 OR AY.5.3 OR AY.5.4 OR AY.5.5 OR AY.5.6 OR AY.5.7 OR AY.6 OR AY.7 OR AY.7.1 OR AY.7.2 OR AY.8 OR AY.9 OR AY.9.2 OR AY.9.2.1 OR AY.9.2.2 OR AY.10 OR AY.11 OR AY.13 OR AY.14 OR AY.15 OR AY.16 OR AY.16.1 OR AY.17 OR AY.18 OR AY.19 OR AY.20 OR AY.20.1 OR AY.21 OR AY.22 OR AY.23 OR AY.23.1 OR AY.23.2 OR AY.24 OR AY.24.1 OR AY.25 OR AY.25.1 OR AY.25.1.1 OR AY.25.1.2 OR AY.25.2 OR AY.25.3 OR AY.26 OR AY.26.1 OR AY.27 OR AY.28 OR AY.29 OR AY.29.1 OR AY.29.2 OR AY.30 OR AY.31 OR AY.32 OR AY.33 OR AY.33.1 OR AY.33.2 OR AY.34 OR AY.34.1 OR AY.34.1.1 OR AY.34.2 OR AY.35 OR AY.36 OR AY.36.1 OR AY.37 OR AY.38 OR AY.39 OR AY.39.1 OR AY.39.1.1 OR AY.39.1.2 OR AY.39.1.3 OR AY.39.1.4 OR AY.39.2 OR AY.39.3 OR AY.40 OR AY.41 OR AY.42 OR AY.42.1 OR AY.43 OR AY.43.1 OR AY.43.2 OR AY.43.3 OR AY.43.4 OR AY.43.5 OR AY.43.6 OR AY.43.7 OR AY.43.8 OR AY.43.9 OR AY.44 OR AY.45 OR AY.46 OR AY.46.1 OR AY.46.2 OR AY.46.3 OR AY.46.4 OR AY.46.5 OR AY.46.6 OR AY.46.6.1 OR AY.47 OR AY.48 OR AY.49 OR AY.50 OR AY.51 OR AY.52 OR AY.53 OR AY.54 OR AY.55 OR AY.56 OR AY.57 OR AY.58 OR AY.59 OR AY.60 OR AY.61 OR AY.62 OR AY.63 OR AY.64 OR AY.65 OR AY.66 OR AY.67 OR AY.68 OR AY.69 OR AY.70 OR AY.71 OR AY.72 OR AY.73 OR AY.74 OR AY.75 OR AY.75.2 OR AY.75.3 OR AY.76 OR AY.77 OR AY.78 OR AY.79 OR AY.80 OR AY.81 OR AY.82 OR AY.83 OR AY.84 OR AY.85 OR AY.86 OR AY.87 OR AY.88 OR AY.90 OR AY.91 OR AY.91.1 OR AY.92 OR AY.93 OR AY.94 OR AY.95 OR AY.98 OR AY.98.1 OR AY.98.1.1 OR AY.99 OR AY.99.1 OR AY.99.2 OR AY.100 OR AY.101 OR AY.102 OR AY.102.1 OR AY.102.2 OR AY.103 OR AY.103.1 OR AY.103.2 OR AY.104 OR AY.105 OR AY.106 OR AY.107 OR AY.108 OR AY.109 OR AY.110 OR AY.111 OR AY.112 OR AY.112.1 OR AY.112.2 OR AY.112.3 OR AY.113 OR AY.114 OR AY.116 OR AY.116.1 OR AY.117 OR AY.118 OR AY.119 OR AY.119.1 OR AY.119.2 OR AY.120 OR AY.120.1 OR AY.120.2 OR AY.120.2.1 OR AY.121 OR AY.121.1 OR AY.122 OR AY.122.1 OR AY.122.2 OR AY.122.3 OR AY.122.4 OR AY.122.5 OR AY.122.6 OR AY.123 OR AY.123.1 OR AY.124 OR AY.124.1 OR AY.124.1.1 OR AY.125 OR AY.125.1 OR AY.126 OR AY.127 OR AY.127.1 OR AY.127.2 OR AY.127.3 OR AY.128 OR AY.129 OR AY.130 OR AY.131 OR AY.132 OR AY.133 OR AY.134 OR B.1.617.2,Delta,15.9285714285714,0,0
2022-07-23,12,0,13.1428571428571,0,0,3.70519332987658e-05,0.172619445282057,AY.1 OR AY.2 OR AY.3 OR AY.3.1 OR AY.3.2 OR AY.3.3 OR AY.3.4 OR AY.4 OR AY.4.1 OR AY.4.2 OR AY.4.2.1 OR AY.4.2.2 OR AY.4.2.3 OR AY.4.2.4 OR AY.4.2.5 OR AY.4.3 OR AY.4.4 OR AY.4.5 OR AY.4.6 OR AY.4.7 OR AY.4.8 OR AY.4.9 OR AY.4.10 OR AY.4.11 OR AY.4.12 OR AY.4.13 OR AY.4.14 OR AY.4.15 OR AY.4.16 OR AY.4.17 OR AY.5 OR AY.5.1 OR AY.5.2 OR AY.5.3 OR AY.5.4 OR AY.5.5 OR AY.5.6 OR AY.5.7 OR AY.6 OR AY.7 OR AY.7.1 OR AY.7.2 OR AY.8 OR AY.9 OR AY.9.2 OR AY.9.2.1 OR AY.9.2.2 OR AY.10 OR AY.11 OR AY.13 OR AY.14 OR AY.15 OR AY.16 OR AY.16.1 OR AY.17 OR AY.18 OR AY.19 OR AY.20 OR AY.20.1 OR AY.21 OR AY.22 OR AY.23 OR AY.23.1 OR AY.23.2 OR AY.24 OR AY.24.1 OR AY.25 OR AY.25.1 OR AY.25.1.1 OR AY.25.1.2 OR AY.25.2 OR AY.25.3 OR AY.26 OR AY.26.1 OR AY.27 OR AY.28 OR AY.29 OR AY.29.1 OR AY.29.2 OR AY.30 OR AY.31 OR AY.32 OR AY.33 OR AY.33.1 OR AY.33.2 OR AY.34 OR AY.34.1 OR AY.34.1.1 OR AY.34.2 OR AY.35 OR AY.36 OR AY.36.1 OR AY.37 OR AY.38 OR AY.39 OR AY.39.1 OR AY.39.1.1 OR AY.39.1.2 OR AY.39.1.3 OR AY.39.1.4 OR AY.39.2 OR AY.39.3 OR AY.40 OR AY.41 OR AY.42 OR AY.42.1 OR AY.43 OR AY.43.1 OR AY.43.2 OR AY.43.3 OR AY.43.4 OR AY.43.5 OR AY.43.6 OR AY.43.7 OR AY.43.8 OR AY.43.9 OR AY.44 OR AY.45 OR AY.46 OR AY.46.1 OR AY.46.2 OR AY.46.3 OR AY.46.4 OR AY.46.5 OR AY.46.6 OR AY.46.6.1 OR AY.47 OR AY.48 OR AY.49 OR AY.50 OR AY.51 OR AY.52 OR AY.53 OR AY.54 OR AY.55 OR AY.56 OR AY.57 OR AY.58 OR AY.59 OR AY.60 OR AY.61 OR AY.62 OR AY.63 OR AY.64 OR AY.65 OR AY.66 OR AY.67 OR AY.68 OR AY.69 OR AY.70 OR AY.71 OR AY.72 OR AY.73 OR AY.74 OR AY.75 OR AY.75.2 OR AY.75.3 OR AY.76 OR AY.77 OR AY.78 OR AY.79 OR AY.80 OR AY.81 OR AY.82 OR AY.83 OR AY.84 OR AY.85 OR AY.86 OR AY.87 OR AY.88 OR AY.90 OR AY.91 OR AY.91.1 OR AY.92 OR AY.93 OR AY.94 OR AY.95 OR AY.98 OR AY.98.1 OR AY.98.1.1 OR AY.99 OR AY.99.1 OR AY.99.2 OR AY.100 OR AY.101 OR AY.102 OR AY.102.1 OR AY.102.2 OR AY.103 OR AY.103.1 OR AY.103.2 OR AY.104 OR AY.105 OR AY.106 OR AY.107 OR AY.108 OR AY.109 OR AY.110 OR AY.111 OR AY.112 OR AY.112.1 OR AY.112.2 OR AY.112.3 OR AY.113 OR AY.114 OR AY.116 OR AY.116.1 OR AY.117 OR AY.118 OR AY.119 OR AY.119.1 OR AY.119.2 OR AY.120 OR AY.120.1 OR AY.120.2 OR AY.120.2.1 OR AY.121 OR AY.121.1 OR AY.122 OR AY.122.1 OR AY.122.2 OR AY.122.3 OR AY.122.4 OR AY.122.5 OR AY.122.6 OR AY.123 OR AY.123.1 OR AY.124 OR AY.124.1 OR AY.124.1.1 OR AY.125 OR AY.125.1 OR AY.126 OR AY.127 OR AY.127.1 OR AY.127.2 OR AY.127.3 OR AY.128 OR AY.129 OR AY.130 OR AY.131 OR AY.132 OR AY.133 OR AY.134 OR B.1.617.2,Delta,15.9285714285714,0,0
2022-07-24,5,0,12,0,0,4.00753100765989e-05,0.185305938312485,AY.1 OR AY.2 OR AY.3 OR AY.3.1 OR AY.3.2 OR AY.3.3 OR AY.3.4 OR AY.4 OR AY.4.1 OR AY.4.2 OR AY.4.2.1 OR AY.4.2.2 OR AY.4.2.3 OR AY.4.2.4 OR AY.4.2.5 OR AY.4.3 OR AY.4.4 OR AY.4.5 OR AY.4.6 OR AY.4.7 OR AY.4.8 OR AY.4.9 OR AY.4.10 OR AY.4.11 OR AY.4.12 OR AY.4.13 OR AY.4.14 OR AY.4.15 OR AY.4.16 OR AY.4.17 OR AY.5 OR AY.5.1 OR AY.5.2 OR AY.5.3 OR AY.5.4 OR AY.5.5 OR AY.5.6 OR AY.5.7 OR AY.6 OR AY.7 OR AY.7.1 OR AY.7.2 OR AY.8 OR AY.9 OR AY.9.2 OR AY.9.2.1 OR AY.9.2.2 OR AY.10 OR AY.11 OR AY.13 OR AY.14 OR AY.15 OR AY.16 OR AY.16.1 OR AY.17 OR AY.18 OR AY.19 OR AY.20 OR AY.20.1 OR AY.21 OR AY.22 OR AY.23 OR AY.23.1 OR AY.23.2 OR AY.24 OR AY.24.1 OR AY.25 OR AY.25.1 OR AY.25.1.1 OR AY.25.1.2 OR AY.25.2 OR AY.25.3 OR AY.26 OR AY.26.1 OR AY.27 OR AY.28 OR AY.29 OR AY.29.1 OR AY.29.2 OR AY.30 OR AY.31 OR AY.32 OR AY.33 OR AY.33.1 OR AY.33.2 OR AY.34 OR AY.34.1 OR AY.34.1.1 OR AY.34.2 OR AY.35 OR AY.36 OR AY.36.1 OR AY.37 OR AY.38 OR AY.39 OR AY.39.1 OR AY.39.1.1 OR AY.39.1.2 OR AY.39.1.3 OR AY.39.1.4 OR AY.39.2 OR AY.39.3 OR AY.40 OR AY.41 OR AY.42 OR AY.42.1 OR AY.43 OR AY.43.1 OR AY.43.2 OR AY.43.3 OR AY.43.4 OR AY.43.5 OR AY.43.6 OR AY.43.7 OR AY.43.8 OR AY.43.9 OR AY.44 OR AY.45 OR AY.46 OR AY.46.1 OR AY.46.2 OR AY.46.3 OR AY.46.4 OR AY.46.5 OR AY.46.6 OR AY.46.6.1 OR AY.47 OR AY.48 OR AY.49 OR AY.50 OR AY.51 OR AY.52 OR AY.53 OR AY.54 OR AY.55 OR AY.56 OR AY.57 OR AY.58 OR AY.59 OR AY.60 OR AY.61 OR AY.62 OR AY.63 OR AY.64 OR AY.65 OR AY.66 OR AY.67 OR AY.68 OR AY.69 OR AY.70 OR AY.71 OR AY.72 OR AY.73 OR AY.74 OR AY.75 OR AY.75.2 OR AY.75.3 OR AY.76 OR AY.77 OR AY.78 OR AY.79 OR AY.80 OR AY.81 OR AY.82 OR AY.83 OR AY.84 OR AY.85 OR AY.86 OR AY.87 OR AY.88 OR AY.90 OR AY.91 OR AY.91.1 OR AY.92 OR AY.93 OR AY.94 OR AY.95 OR AY.98 OR AY.98.1 OR AY.98.1.1 OR AY.99 OR AY.99.1 OR AY.99.2 OR AY.100 OR AY.101 OR AY.102 OR AY.102.1 OR AY.102.2 OR AY.103 OR AY.103.1 OR AY.103.2 OR AY.104 OR AY.105 OR AY.106 OR AY.107 OR AY.108 OR AY.109 OR AY.110 OR AY.111 OR AY.112 OR AY.112.1 OR AY.112.2 OR AY.112.3 OR AY.113 OR AY.114 OR AY.116 OR AY.116.1 OR AY.117 OR AY.118 OR AY.119 OR AY.119.1 OR AY.119.2 OR AY.120 OR AY.120.1 OR AY.120.2 OR AY.120.2.1 OR AY.121 OR AY.121.1 OR AY.122 OR AY.122.1 OR AY.122.2 OR AY.122.3 OR AY.122.4 OR AY.122.5 OR AY.122.6 OR AY.123 OR AY.123.1 OR AY.124 OR AY.124.1 OR AY.124.1.1 OR AY.125 OR AY.125.1 OR AY.126 OR AY.127 OR AY.127.1 OR AY.127.2 OR AY.127.3 OR AY.128 OR AY.129 OR AY.130 OR AY.131 OR AY.132 OR AY.133 OR AY.134 OR B.1.617.2,Delta,15.6428571428571,0,0
2022-07-25,8,0,11.1428571428571,0,0,4.36357981421897e-05,0.199994569026208,AY.1 OR AY.2 OR AY.3 OR AY.3.1 OR AY.3.2 OR AY.3.3 OR AY.3.4 OR AY.4 OR AY.4.1 OR AY.4.2 OR AY.4.2.1 OR AY.4.2.2 OR AY.4.2.3 OR AY.4.2.4 OR AY.4.2.5 OR AY.4.3 OR AY.4.4 OR AY.4.5 OR AY.4.6 OR AY.4.7 OR AY.4.8 OR AY.4.9 OR AY.4.10 OR AY.4.11 OR AY.4.12 OR AY.4.13 OR AY.4.14 OR AY.4.15 OR AY.4.16 OR AY.4.17 OR AY.5 OR AY.5.1 OR AY.5.2 OR AY.5.3 OR AY.5.4 OR AY.5.5 OR AY.5.6 OR AY.5.7 OR AY.6 OR AY.7 OR AY.7.1 OR AY.7.2 OR AY.8 OR AY.9 OR AY.9.2 OR AY.9.2.1 OR AY.9.2.2 OR AY.10 OR AY.11 OR AY.13 OR AY.14 OR AY.15 OR AY.16 OR AY.16.1 OR AY.17 OR AY.18 OR AY.19 OR AY.20 OR AY.20.1 OR AY.21 OR AY.22 OR AY.23 OR AY.23.1 OR AY.23.2 OR AY.24 OR AY.24.1 OR AY.25 OR AY.25.1 OR AY.25.1.1 OR AY.25.1.2 OR AY.25.2 OR AY.25.3 OR AY.26 OR AY.26.1 OR AY.27 OR AY.28 OR AY.29 OR AY.29.1 OR AY.29.2 OR AY.30 OR AY.31 OR AY.32 OR AY.33 OR AY.33.1 OR AY.33.2 OR AY.34 OR AY.34.1 OR AY.34.1.1 OR AY.34.2 OR AY.35 OR AY.36 OR AY.36.1 OR AY.37 OR AY.38 OR AY.39 OR AY.39.1 OR AY.39.1.1 OR AY.39.1.2 OR AY.39.1.3 OR AY.39.1.4 OR AY.39.2 OR AY.39.3 OR AY.40 OR AY.41 OR AY.42 OR AY.42.1 OR AY.43 OR AY.43.1 OR AY.43.2 OR AY.43.3 OR AY.43.4 OR AY.43.5 OR AY.43.6 OR AY.43.7 OR AY.43.8 OR AY.43.9 OR AY.44 OR AY.45 OR AY.46 OR AY.46.1 OR AY.46.2 OR AY.46.3 OR AY.46.4 OR AY.46.5 OR AY.46.6 OR AY.46.6.1 OR AY.47 OR AY.48 OR AY.49 OR AY.50 OR AY.51 OR AY.52 OR AY.53 OR AY.54 OR AY.55 OR AY.56 OR AY.57 OR AY.58 OR AY.59 OR AY.60 OR AY.61 OR AY.62 OR AY.63 OR AY.64 OR AY.65 OR AY.66 OR AY.67 OR AY.68 OR AY.69 OR AY.70 OR AY.71 OR AY.72 OR AY.73 OR AY.74 OR AY.75 OR AY.75.2 OR AY.75.3 OR AY.76 OR AY.77 OR AY.78 OR AY.79 OR AY.80 OR AY.81 OR AY.82 OR AY.83 OR AY.84 OR AY.85 OR AY.86 OR AY.87 OR AY.88 OR AY.90 OR AY.91 OR AY.91.1 OR AY.92 OR AY.93 OR AY.94 OR AY.95 OR AY.98 OR AY.98.1 OR AY.98.1.1 OR AY.99 OR AY.99.1 OR AY.99.2 OR AY.100 OR AY.101 OR AY.102 OR AY.102.1 OR AY.102.2 OR AY.103 OR AY.103.1 OR AY.103.2 OR AY.104 OR AY.105 OR AY.106 OR AY.107 OR AY.108 OR AY.109 OR AY.110 OR AY.111 OR AY.112 OR AY.112.1 OR AY.112.2 OR AY.112.3 OR AY.113 OR AY.114 OR AY.116 OR AY.116.1 OR AY.117 OR AY.118 OR AY.119 OR AY.119.1 OR AY.119.2 OR AY.120 OR AY.120.1 OR AY.120.2 OR AY.120.2.1 OR AY.121 OR AY.121.1 OR AY.122 OR AY.122.1 OR AY.122.2 OR AY.122.3 OR AY.122.4 OR AY.122.5 OR AY.122.6 OR AY.123 OR AY.123.1 OR AY.124 OR AY.124.1 OR AY.124.1.1 OR AY.125 OR AY.125.1 OR AY.126 OR AY.127 OR AY.127.1 OR AY.127.2 OR AY.127.3 OR AY.128 OR AY.129 OR AY.130 OR AY.131 OR AY.132 OR AY.133 OR AY.134 OR B.1.617.2,Delta,14.6428571428571,0,0
2022-07-26,14,0,11.7142857142857,0,0,4.00753100765989e-05,0.185305938312485,AY.1 OR AY.2 OR AY.3 OR AY.3.1 OR AY.3.2 OR AY.3.3 OR AY.3.4 OR AY.4 OR AY.4.1 OR AY.4.2 OR AY.4.2.1 OR AY.4.2.2 OR AY.4.2.3 OR AY.4.2.4 OR AY.4.2.5 OR AY.4.3 OR AY.4.4 OR AY.4.5 OR AY.4.6 OR AY.4.7 OR AY.4.8 OR AY.4.9 OR AY.4.10 OR AY.4.11 OR AY.4.12 OR AY.4.13 OR AY.4.14 OR AY.4.15 OR AY.4.16 OR AY.4.17 OR AY.5 OR AY.5.1 OR AY.5.2 OR AY.5.3 OR AY.5.4 OR AY.5.5 OR AY.5.6 OR AY.5.7 OR AY.6 OR AY.7 OR AY.7.1 OR AY.7.2 OR AY.8 OR AY.9 OR AY.9.2 OR AY.9.2.1 OR AY.9.2.2 OR AY.10 OR AY.11 OR AY.13 OR AY.14 OR AY.15 OR AY.16 OR AY.16.1 OR AY.17 OR AY.18 OR AY.19 OR AY.20 OR AY.20.1 OR AY.21 OR AY.22 OR AY.23 OR AY.23.1 OR AY.23.2 OR AY.24 OR AY.24.1 OR AY.25 OR AY.25.1 OR AY.25.1.1 OR AY.25.1.2 OR AY.25.2 OR AY.25.3 OR AY.26 OR AY.26.1 OR AY.27 OR AY.28 OR AY.29 OR AY.29.1 OR AY.29.2 OR AY.30 OR AY.31 OR AY.32 OR AY.33 OR AY.33.1 OR AY.33.2 OR AY.34 OR AY.34.1 OR AY.34.1.1 OR AY.34.2 OR AY.35 OR AY.36 OR AY.36.1 OR AY.37 OR AY.38 OR AY.39 OR AY.39.1 OR AY.39.1.1 OR AY.39.1.2 OR AY.39.1.3 OR AY.39.1.4 OR AY.39.2 OR AY.39.3 OR AY.40 OR AY.41 OR AY.42 OR AY.42.1 OR AY.43 OR AY.43.1 OR AY.43.2 OR AY.43.3 OR AY.43.4 OR AY.43.5 OR AY.43.6 OR AY.43.7 OR AY.43.8 OR AY.43.9 OR AY.44 OR AY.45 OR AY.46 OR AY.46.1 OR AY.46.2 OR AY.46.3 OR AY.46.4 OR AY.46.5 OR AY.46.6 OR AY.46.6.1 OR AY.47 OR AY.48 OR AY.49 OR AY.50 OR AY.51 OR AY.52 OR AY.53 OR AY.54 OR AY.55 OR AY.56 OR AY.57 OR AY.58 OR AY.59 OR AY.60 OR AY.61 OR AY.62 OR AY.63 OR AY.64 OR AY.65 OR AY.66 OR AY.67 OR AY.68 OR AY.69 OR AY.70 OR AY.71 OR AY.72 OR AY.73 OR AY.74 OR AY.75 OR AY.75.2 OR AY.75.3 OR AY.76 OR AY.77 OR AY.78 OR AY.79 OR AY.80 OR AY.81 OR AY.82 OR AY.83 OR AY.84 OR AY.85 OR AY.86 OR AY.87 OR AY.88 OR AY.90 OR AY.91 OR AY.91.1 OR AY.92 OR AY.93 OR AY.94 OR AY.95 OR AY.98 OR AY.98.1 OR AY.98.1.1 OR AY.99 OR AY.99.1 OR AY.99.2 OR AY.100 OR AY.101 OR AY.102 OR AY.102.1 OR AY.102.2 OR AY.103 OR AY.103.1 OR AY.103.2 OR AY.104 OR AY.105 OR AY.106 OR AY.107 OR AY.108 OR AY.109 OR AY.110 OR AY.111 OR AY.112 OR AY.112.1 OR AY.112.2 OR AY.112.3 OR AY.113 OR AY.114 OR AY.116 OR AY.116.1 OR AY.117 OR AY.118 OR AY.119 OR AY.119.1 OR AY.119.2 OR AY.120 OR AY.120.1 OR AY.120.2 OR AY.120.2.1 OR AY.121 OR AY.121.1 OR AY.122 OR AY.122.1 OR AY.122.2 OR AY.122.3 OR AY.122.4 OR AY.122.5 OR AY.122.6 OR AY.123 OR AY.123.1 OR AY.124 OR AY.124.1 OR AY.124.1.1 OR AY.125 OR AY.125.1 OR AY.126 OR AY.127 OR AY.127.1 OR AY.127.2 OR AY.127.3 OR AY.128 OR AY.129 OR AY.130 OR AY.131 OR AY.132 OR AY.133 OR AY.134 OR B.1.617.2,Delta,15,0,0
2022-07-27,13,0,11.8571428571429,0,0,4.00753100765989e-05,0.185305938312485,AY.1 OR AY.2 OR AY.3 OR AY.3.1 OR AY.3.2 OR AY.3.3 OR AY.3.4 OR AY.4 OR AY.4.1 OR AY.4.2 OR AY.4.2.1 OR AY.4.2.2 OR AY.4.2.3 OR AY.4.2.4 OR AY.4.2.5 OR AY.4.3 OR AY.4.4 OR AY.4.5 OR AY.4.6 OR AY.4.7 OR AY.4.8 OR AY.4.9 OR AY.4.10 OR AY.4.11 OR AY.4.12 OR AY.4.13 OR AY.4.14 OR AY.4.15 OR AY.4.16 OR AY.4.17 OR AY.5 OR AY.5.1 OR AY.5.2 OR AY.5.3 OR AY.5.4 OR AY.5.5 OR AY.5.6 OR AY.5.7 OR AY.6 OR AY.7 OR AY.7.1 OR AY.7.2 OR AY.8 OR AY.9 OR AY.9.2 OR AY.9.2.1 OR AY.9.2.2 OR AY.10 OR AY.11 OR AY.13 OR AY.14 OR AY.15 OR AY.16 OR AY.16.1 OR AY.17 OR AY.18 OR AY.19 OR AY.20 OR AY.20.1 OR AY.21 OR AY.22 OR AY.23 OR AY.23.1 OR AY.23.2 OR AY.24 OR AY.24.1 OR AY.25 OR AY.25.1 OR AY.25.1.1 OR AY.25.1.2 OR AY.25.2 OR AY.25.3 OR AY.26 OR AY.26.1 OR AY.27 OR AY.28 OR AY.29 OR AY.29.1 OR AY.29.2 OR AY.30 OR AY.31 OR AY.32 OR AY.33 OR AY.33.1 OR AY.33.2 OR AY.34 OR AY.34.1 OR AY.34.1.1 OR AY.34.2 OR AY.35 OR AY.36 OR AY.36.1 OR AY.37 OR AY.38 OR AY.39 OR AY.39.1 OR AY.39.1.1 OR AY.39.1.2 OR AY.39.1.3 OR AY.39.1.4 OR AY.39.2 OR AY.39.3 OR AY.40 OR AY.41 OR AY.42 OR AY.42.1 OR AY.43 OR AY.43.1 OR AY.43.2 OR AY.43.3 OR AY.43.4 OR AY.43.5 OR AY.43.6 OR AY.43.7 OR AY.43.8 OR AY.43.9 OR AY.44 OR AY.45 OR AY.46 OR AY.46.1 OR AY.46.2 OR AY.46.3 OR AY.46.4 OR AY.46.5 OR AY.46.6 OR AY.46.6.1 OR AY.47 OR AY.48 OR AY.49 OR AY.50 OR AY.51 OR AY.52 OR AY.53 OR AY.54 OR AY.55 OR AY.56 OR AY.57 OR AY.58 OR AY.59 OR AY.60 OR AY.61 OR AY.62 OR AY.63 OR AY.64 OR AY.65 OR AY.66 OR AY.67 OR AY.68 OR AY.69 OR AY.70 OR AY.71 OR AY.72 OR AY.73 OR AY.74 OR AY.75 OR AY.75.2 OR AY.75.3 OR AY.76 OR AY.77 OR AY.78 OR AY.79 OR AY.80 OR AY.81 OR AY.82 OR AY.83 OR AY.84 OR AY.85 OR AY.86 OR AY.87 OR AY.88 OR AY.90 OR AY.91 OR AY.91.1 OR AY.92 OR AY.93 OR AY.94 OR AY.95 OR AY.98 OR AY.98.1 OR AY.98.1.1 OR AY.99 OR AY.99.1 OR AY.99.2 OR AY.100 OR AY.101 OR AY.102 OR AY.102.1 OR AY.102.2 OR AY.103 OR AY.103.1 OR AY.103.2 OR AY.104 OR AY.105 OR AY.106 OR AY.107 OR AY.108 OR AY.109 OR AY.110 OR AY.111 OR AY.112 OR AY.112.1 OR AY.112.2 OR AY.112.3 OR AY.113 OR AY.114 OR AY.116 OR AY.116.1 OR AY.117 OR AY.118 OR AY.119 OR AY.119.1 OR AY.119.2 OR AY.120 OR AY.120.1 OR AY.120.2 OR AY.120.2.1 OR AY.121 OR AY.121.1 OR AY.122 OR AY.122.1 OR AY.122.2 OR AY.122.3 OR AY.122.4 OR AY.122.5 OR AY.122.6 OR AY.123 OR AY.123.1 OR AY.124 OR AY.124.1 OR AY.124.1.1 OR AY.125 OR AY.125.1 OR AY.126 OR AY.127 OR AY.127.1 OR AY.127.2 OR AY.127.3 OR AY.128 OR AY.129 OR AY.130 OR AY.131 OR AY.132 OR AY.133 OR AY.134 OR B.1.617.2,Delta,14.7142857142857,0,0
2022-07-28,8,0,11,0,0,4.36357981421897e-05,0.199994569026208,AY.1 OR AY.2 OR AY.3 OR AY.3.1 OR AY.3.2 OR AY.3.3 OR AY.3.4 OR AY.4 OR AY.4.1 OR AY.4.2 OR AY.4.2.1 OR AY.4.2.2 OR AY.4.2.3 OR AY.4.2.4 OR AY.4.2.5 OR AY.4.3 OR AY.4.4 OR AY.4.5 OR AY.4.6 OR AY.4.7 OR AY.4.8 OR AY.4.9 OR AY.4.10 OR AY.4.11 OR AY.4.12 OR AY.4.13 OR AY.4.14 OR AY.4.15 OR AY.4.16 OR AY.4.17 OR AY.5 OR AY.5.1 OR AY.5.2 OR AY.5.3 OR AY.5.4 OR AY.5.5 OR AY.5.6 OR AY.5.7 OR AY.6 OR AY.7 OR AY.7.1 OR AY.7.2 OR AY.8 OR AY.9 OR AY.9.2 OR AY.9.2.1 OR AY.9.2.2 OR AY.10 OR AY.11 OR AY.13 OR AY.14 OR AY.15 OR AY.16 OR AY.16.1 OR AY.17 OR AY.18 OR AY.19 OR AY.20 OR AY.20.1 OR AY.21 OR AY.22 OR AY.23 OR AY.23.1 OR AY.23.2 OR AY.24 OR AY.24.1 OR AY.25 OR AY.25.1 OR AY.25.1.1 OR AY.25.1.2 OR AY.25.2 OR AY.25.3 OR AY.26 OR AY.26.1 OR AY.27 OR AY.28 OR AY.29 OR AY.29.1 OR AY.29.2 OR AY.30 OR AY.31 OR AY.32 OR AY.33 OR AY.33.1 OR AY.33.2 OR AY.34 OR AY.34.1 OR AY.34.1.1 OR AY.34.2 OR AY.35 OR AY.36 OR AY.36.1 OR AY.37 OR AY.38 OR AY.39 OR AY.39.1 OR AY.39.1.1 OR AY.39.1.2 OR AY.39.1.3 OR AY.39.1.4 OR AY.39.2 OR AY.39.3 OR AY.40 OR AY.41 OR AY.42 OR AY.42.1 OR AY.43 OR AY.43.1 OR AY.43.2 OR AY.43.3 OR AY.43.4 OR AY.43.5 OR AY.43.6 OR AY.43.7 OR AY.43.8 OR AY.43.9 OR AY.44 OR AY.45 OR AY.46 OR AY.46.1 OR AY.46.2 OR AY.46.3 OR AY.46.4 OR AY.46.5 OR AY.46.6 OR AY.46.6.1 OR AY.47 OR AY.48 OR AY.49 OR AY.50 OR AY.51 OR AY.52 OR AY.53 OR AY.54 OR AY.55 OR AY.56 OR AY.57 OR AY.58 OR AY.59 OR AY.60 OR AY.61 OR AY.62 OR AY.63 OR AY.64 OR AY.65 OR AY.66 OR AY.67 OR AY.68 OR AY.69 OR AY.70 OR AY.71 OR AY.72 OR AY.73 OR AY.74 OR AY.75 OR AY.75.2 OR AY.75.3 OR AY.76 OR AY.77 OR AY.78 OR AY.79 OR AY.80 OR AY.81 OR AY.82 OR AY.83 OR AY.84 OR AY.85 OR AY.86 OR AY.87 OR AY.88 OR AY.90 OR AY.91 OR AY.91.1 OR AY.92 OR AY.93 OR AY.94 OR AY.95 OR AY.98 OR AY.98.1 OR AY.98.1.1 OR AY.99 OR AY.99.1 OR AY.99.2 OR AY.100 OR AY.101 OR AY.102 OR AY.102.1 OR AY.102.2 OR AY.103 OR AY.103.1 OR AY.103.2 OR AY.104 OR AY.105 OR AY.106 OR AY.107 OR AY.108 OR AY.109 OR AY.110 OR AY.111 OR AY.112 OR AY.112.1 OR AY.112.2 OR AY.112.3 OR AY.113 OR AY.114 OR AY.116 OR AY.116.1 OR AY.117 OR AY.118 OR AY.119 OR AY.119.1 OR AY.119.2 OR AY.120 OR AY.120.1 OR AY.120.2 OR AY.120.2.1 OR AY.121 OR AY.121.1 OR AY.122 OR AY.122.1 OR AY.122.2 OR AY.122.3 OR AY.122.4 OR AY.122.5 OR AY.122.6 OR AY.123 OR AY.123.1 OR AY.124 OR AY.124.1 OR AY.124.1.1 OR AY.125 OR AY.125.1 OR AY.126 OR AY.127 OR AY.127.1 OR AY.127.2 OR AY.127.3 OR AY.128 OR AY.129 OR AY.130 OR AY.131 OR AY.132 OR AY.133 OR AY.134 OR B.1.617.2,Delta,14.2142857142857,0,0
2022-07-29,11,0,10.1428571428571,0,0,4.7890433157582e-05,0.217196267509211,AY.1 OR AY.2 OR AY.3 OR AY.3.1 OR AY.3.2 OR AY.3.3 OR AY.3.4 OR AY.4 OR AY.4.1 OR AY.4.2 OR AY.4.2.1 OR AY.4.2.2 OR AY.4.2.3 OR AY.4.2.4 OR AY.4.2.5 OR AY.4.3 OR AY.4.4 OR AY.4.5 OR AY.4.6 OR AY.4.7 OR AY.4.8 OR AY.4.9 OR AY.4.10 OR AY.4.11 OR AY.4.12 OR AY.4.13 OR AY.4.14 OR AY.4.15 OR AY.4.16 OR AY.4.17 OR AY.5 OR AY.5.1 OR AY.5.2 OR AY.5.3 OR AY.5.4 OR AY.5.5 OR AY.5.6 OR AY.5.7 OR AY.6 OR AY.7 OR AY.7.1 OR AY.7.2 OR AY.8 OR AY.9 OR AY.9.2 OR AY.9.2.1 OR AY.9.2.2 OR AY.10 OR AY.11 OR AY.13 OR AY.14 OR AY.15 OR AY.16 OR AY.16.1 OR AY.17 OR AY.18 OR AY.19 OR AY.20 OR AY.20.1 OR AY.21 OR AY.22 OR AY.23 OR AY.23.1 OR AY.23.2 OR AY.24 OR AY.24.1 OR AY.25 OR AY.25.1 OR AY.25.1.1 OR AY.25.1.2 OR AY.25.2 OR AY.25.3 OR AY.26 OR AY.26.1 OR AY.27 OR AY.28 OR AY.29 OR AY.29.1 OR AY.29.2 OR AY.30 OR AY.31 OR AY.32 OR AY.33 OR AY.33.1 OR AY.33.2 OR AY.34 OR AY.34.1 OR AY.34.1.1 OR AY.34.2 OR AY.35 OR AY.36 OR AY.36.1 OR AY.37 OR AY.38 OR AY.39 OR AY.39.1 OR AY.39.1.1 OR AY.39.1.2 OR AY.39.1.3 OR AY.39.1.4 OR AY.39.2 OR AY.39.3 OR AY.40 OR AY.41 OR AY.42 OR AY.42.1 OR AY.43 OR AY.43.1 OR AY.43.2 OR AY.43.3 OR AY.43.4 OR AY.43.5 OR AY.43.6 OR AY.43.7 OR AY.43.8 OR AY.43.9 OR AY.44 OR AY.45 OR AY.46 OR AY.46.1 OR AY.46.2 OR AY.46.3 OR AY.46.4 OR AY.46.5 OR AY.46.6 OR AY.46.6.1 OR AY.47 OR AY.48 OR AY.49 OR AY.50 OR AY.51 OR AY.52 OR AY.53 OR AY.54 OR AY.55 OR AY.56 OR AY.57 OR AY.58 OR AY.59 OR AY.60 OR AY.61 OR AY.62 OR AY.63 OR AY.64 OR AY.65 OR AY.66 OR AY.67 OR AY.68 OR AY.69 OR AY.70 OR AY.71 OR AY.72 OR AY.73 OR AY.74 OR AY.75 OR AY.75.2 OR AY.75.3 OR AY.76 OR AY.77 OR AY.78 OR AY.79 OR AY.80 OR AY.81 OR AY.82 OR AY.83 OR AY.84 OR AY.85 OR AY.86 OR AY.87 OR AY.88 OR AY.90 OR AY.91 OR AY.91.1 OR AY.92 OR AY.93 OR AY.94 OR AY.95 OR AY.98 OR AY.98.1 OR AY.98.1.1 OR AY.99 OR AY.99.1 OR AY.99.2 OR AY.100 OR AY.101 OR AY.102 OR AY.102.1 OR AY.102.2 OR AY.103 OR AY.103.1 OR AY.103.2 OR AY.104 OR AY.105 OR AY.106 OR AY.107 OR AY.108 OR AY.109 OR AY.110 OR AY.111 OR AY.112 OR AY.112.1 OR AY.112.2 OR AY.112.3 OR AY.113 OR AY.114 OR AY.116 OR AY.116.1 OR AY.117 OR AY.118 OR AY.119 OR AY.119.1 OR AY.119.2 OR AY.120 OR AY.120.1 OR AY.120.2 OR AY.120.2.1 OR AY.121 OR AY.121.1 OR AY.122 OR AY.122.1 OR AY.122.2 OR AY.122.3 OR AY.122.4 OR AY.122.5 OR AY.122.6 OR AY.123 OR AY.123.1 OR AY.124 OR AY.124.1 OR AY.124.1.1 OR AY.125 OR AY.125.1 OR AY.126 OR AY.127 OR AY.127.1 OR AY.127.2 OR AY.127.3 OR AY.128 OR AY.129 OR AY.130 OR AY.131 OR AY.132 OR AY.133 OR AY.134 OR B.1.617.2,Delta,11.0714285714286,0,0
2022-07-30,4,0,9,0,0,5.3064053418493e-05,0.237610098632903,AY.1 OR AY.2 OR AY.3 OR AY.3.1 OR AY.3.2 OR AY.3.3 OR AY.3.4 OR AY.4 OR AY.4.1 OR AY.4.2 OR AY.4.2.1 OR AY.4.2.2 OR AY.4.2.3 OR AY.4.2.4 OR AY.4.2.5 OR AY.4.3 OR AY.4.4 OR AY.4.5 OR AY.4.6 OR AY.4.7 OR AY.4.8 OR AY.4.9 OR AY.4.10 OR AY.4.11 OR AY.4.12 OR AY.4.13 OR AY.4.14 OR AY.4.15 OR AY.4.16 OR AY.4.17 OR AY.5 OR AY.5.1 OR AY.5.2 OR AY.5.3 OR AY.5.4 OR AY.5.5 OR AY.5.6 OR AY.5.7 OR AY.6 OR AY.7 OR AY.7.1 OR AY.7.2 OR AY.8 OR AY.9 OR AY.9.2 OR AY.9.2.1 OR AY.9.2.2 OR AY.10 OR AY.11 OR AY.13 OR AY.14 OR AY.15 OR AY.16 OR AY.16.1 OR AY.17 OR AY.18 OR AY.19 OR AY.20 OR AY.20.1 OR AY.21 OR AY.22 OR AY.23 OR AY.23.1 OR AY.23.2 OR AY.24 OR AY.24.1 OR AY.25 OR AY.25.1 OR AY.25.1.1 OR AY.25.1.2 OR AY.25.2 OR AY.25.3 OR AY.26 OR AY.26.1 OR AY.27 OR AY.28 OR AY.29 OR AY.29.1 OR AY.29.2 OR AY.30 OR AY.31 OR AY.32 OR AY.33 OR AY.33.1 OR AY.33.2 OR AY.34 OR AY.34.1 OR AY.34.1.1 OR AY.34.2 OR AY.35 OR AY.36 OR AY.36.1 OR AY.37 OR AY.38 OR AY.39 OR AY.39.1 OR AY.39.1.1 OR AY.39.1.2 OR AY.39.1.3 OR AY.39.1.4 OR AY.39.2 OR AY.39.3 OR AY.40 OR AY.41 OR AY.42 OR AY.42.1 OR AY.43 OR AY.43.1 OR AY.43.2 OR AY.43.3 OR AY.43.4 OR AY.43.5 OR AY.43.6 OR AY.43.7 OR AY.43.8 OR AY.43.9 OR AY.44 OR AY.45 OR AY.46 OR AY.46.1 OR AY.46.2 OR AY.46.3 OR AY.46.4 OR AY.46.5 OR AY.46.6 OR AY.46.6.1 OR AY.47 OR AY.48 OR AY.49 OR AY.50 OR AY.51 OR AY.52 OR AY.53 OR AY.54 OR AY.55 OR AY.56 OR AY.57 OR AY.58 OR AY.59 OR AY.60 OR AY.61 OR AY.62 OR AY.63 OR AY.64 OR AY.65 OR AY.66 OR AY.67 OR AY.68 OR AY.69 OR AY.70 OR AY.71 OR AY.72 OR AY.73 OR AY.74 OR AY.75 OR AY.75.2 OR AY.75.3 OR AY.76 OR AY.77 OR AY.78 OR AY.79 OR AY.80 OR AY.81 OR AY.82 OR AY.83 OR AY.84 OR AY.85 OR AY.86 OR AY.87 OR AY.88 OR AY.90 OR AY.91 OR AY.91.1 OR AY.92 OR AY.93 OR AY.94 OR AY.95 OR AY.98 OR AY.98.1 OR AY.98.1.1 OR AY.99 OR AY.99.1 OR AY.99.2 OR AY.100 OR AY.101 OR AY.102 OR AY.102.1 OR AY.102.2 OR AY.103 OR AY.103.1 OR AY.103.2 OR AY.104 OR AY.105 OR AY.106 OR AY.107 OR AY.108 OR AY.109 OR AY.110 OR AY.111 OR AY.112 OR AY.112.1 OR AY.112.2 OR AY.112.3 OR AY.113 OR AY.114 OR AY.116 OR AY.116.1 OR AY.117 OR AY.118 OR AY.119 OR AY.119.1 OR AY.119.2 OR AY.120 OR AY.120.1 OR AY.120.2 OR AY.120.2.1 OR AY.121 OR AY.121.1 OR AY.122 OR AY.122.1 OR AY.122.2 OR AY.122.3 OR AY.122.4 OR AY.122.5 OR AY.122.6 OR AY.123 OR AY.123.1 OR AY.124 OR AY.124.1 OR AY.124.1.1 OR AY.125 OR AY.125.1 OR AY.126 OR AY.127 OR AY.127.1 OR AY.127.2 OR AY.127.3 OR AY.128 OR AY.129 OR AY.130 OR AY.131 OR AY.132 OR AY.133 OR AY.134 OR B.1.617.2,Delta,11.0714285714286,0,0
2022-07-31,3,0,8.71428571428571,0,0,5.3064053418493e-05,0.237610098632903,AY.1 OR AY.2 OR AY.3 OR AY.3.1 OR AY.3.2 OR AY.3.3 OR AY.3.4 OR AY.4 OR AY.4.1 OR AY.4.2 OR AY.4.2.1 OR AY.4.2.2 OR AY.4.2.3 OR AY.4.2.4 OR AY.4.2.5 OR AY.4.3 OR AY.4.4 OR AY.4.5 OR AY.4.6 OR AY.4.7 OR AY.4.8 OR AY.4.9 OR AY.4.10 OR AY.4.11 OR AY.4.12 OR AY.4.13 OR AY.4.14 OR AY.4.15 OR AY.4.16 OR AY.4.17 OR AY.5 OR AY.5.1 OR AY.5.2 OR AY.5.3 OR AY.5.4 OR AY.5.5 OR AY.5.6 OR AY.5.7 OR AY.6 OR AY.7 OR AY.7.1 OR AY.7.2 OR AY.8 OR AY.9 OR AY.9.2 OR AY.9.2.1 OR AY.9.2.2 OR AY.10 OR AY.11 OR AY.13 OR AY.14 OR AY.15 OR AY.16 OR AY.16.1 OR AY.17 OR AY.18 OR AY.19 OR AY.20 OR AY.20.1 OR AY.21 OR AY.22 OR AY.23 OR AY.23.1 OR AY.23.2 OR AY.24 OR AY.24.1 OR AY.25 OR AY.25.1 OR AY.25.1.1 OR AY.25.1.2 OR AY.25.2 OR AY.25.3 OR AY.26 OR AY.26.1 OR AY.27 OR AY.28 OR AY.29 OR AY.29.1 OR AY.29.2 OR AY.30 OR AY.31 OR AY.32 OR AY.33 OR AY.33.1 OR AY.33.2 OR AY.34 OR AY.34.1 OR AY.34.1.1 OR AY.34.2 OR AY.35 OR AY.36 OR AY.36.1 OR AY.37 OR AY.38 OR AY.39 OR AY.39.1 OR AY.39.1.1 OR AY.39.1.2 OR AY.39.1.3 OR AY.39.1.4 OR AY.39.2 OR AY.39.3 OR AY.40 OR AY.41 OR AY.42 OR AY.42.1 OR AY.43 OR AY.43.1 OR AY.43.2 OR AY.43.3 OR AY.43.4 OR AY.43.5 OR AY.43.6 OR AY.43.7 OR AY.43.8 OR AY.43.9 OR AY.44 OR AY.45 OR AY.46 OR AY.46.1 OR AY.46.2 OR AY.46.3 OR AY.46.4 OR AY.46.5 OR AY.46.6 OR AY.46.6.1 OR AY.47 OR AY.48 OR AY.49 OR AY.50 OR AY.51 OR AY.52 OR AY.53 OR AY.54 OR AY.55 OR AY.56 OR AY.57 OR AY.58 OR AY.59 OR AY.60 OR AY.61 OR AY.62 OR AY.63 OR AY.64 OR AY.65 OR AY.66 OR AY.67 OR AY.68 OR AY.69 OR AY.70 OR AY.71 OR AY.72 OR AY.73 OR AY.74 OR AY.75 OR AY.75.2 OR AY.75.3 OR AY.76 OR AY.77 OR AY.78 OR AY.79 OR AY.80 OR AY.81 OR AY.82 OR AY.83 OR AY.84 OR AY.85 OR AY.86 OR AY.87 OR AY.88 OR AY.90 OR AY.91 OR AY.91.1 OR AY.92 OR AY.93 OR AY.94 OR AY.95 OR AY.98 OR AY.98.1 OR AY.98.1.1 OR AY.99 OR AY.99.1 OR AY.99.2 OR AY.100 OR AY.101 OR AY.102 OR AY.102.1 OR AY.102.2 OR AY.103 OR AY.103.1 OR AY.103.2 OR AY.104 OR AY.105 OR AY.106 OR AY.107 OR AY.108 OR AY.109 OR AY.110 OR AY.111 OR AY.112 OR AY.112.1 OR AY.112.2 OR AY.112.3 OR AY.113 OR AY.114 OR AY.116 OR AY.116.1 OR AY.117 OR AY.118 OR AY.119 OR AY.119.1 OR AY.119.2 OR AY.120 OR AY.120.1 OR AY.120.2 OR AY.120.2.1 OR AY.121 OR AY.121.1 OR AY.122 OR AY.122.1 OR AY.122.2 OR AY.122.3 OR AY.122.4 OR AY.122.5 OR AY.122.6 OR AY.123 OR AY.123.1 OR AY.124 OR AY.124.1 OR AY.124.1.1 OR AY.125 OR AY.125.1 OR AY.126 OR AY.127 OR AY.127.1 OR AY.127.2 OR AY.127.3 OR AY.128 OR AY.129 OR AY.130 OR AY.131 OR AY.132 OR AY.133 OR AY.134 OR B.1.617.2,Delta,10.3571428571429,0,0
2022-08-01,7,0,8.57142857142857,0,0,5.3064053418493e-05,0.237610098632903,AY.1 OR AY.2 OR AY.3 OR AY.3.1 OR AY.3.2 OR AY.3.3 OR AY.3.4 OR AY.4 OR AY.4.1 OR AY.4.2 OR AY.4.2.1 OR AY.4.2.2 OR AY.4.2.3 OR AY.4.2.4 OR AY.4.2.5 OR AY.4.3 OR AY.4.4 OR AY.4.5 OR AY.4.6 OR AY.4.7 OR AY.4.8 OR AY.4.9 OR AY.4.10 OR AY.4.11 OR AY.4.12 OR AY.4.13 OR AY.4.14 OR AY.4.15 OR AY.4.16 OR AY.4.17 OR AY.5 OR AY.5.1 OR AY.5.2 OR AY.5.3 OR AY.5.4 OR AY.5.5 OR AY.5.6 OR AY.5.7 OR AY.6 OR AY.7 OR AY.7.1 OR AY.7.2 OR AY.8 OR AY.9 OR AY.9.2 OR AY.9.2.1 OR AY.9.2.2 OR AY.10 OR AY.11 OR AY.13 OR AY.14 OR AY.15 OR AY.16 OR AY.16.1 OR AY.17 OR AY.18 OR AY.19 OR AY.20 OR AY.20.1 OR AY.21 OR AY.22 OR AY.23 OR AY.23.1 OR AY.23.2 OR AY.24 OR AY.24.1 OR AY.25 OR AY.25.1 OR AY.25.1.1 OR AY.25.1.2 OR AY.25.2 OR AY.25.3 OR AY.26 OR AY.26.1 OR AY.27 OR AY.28 OR AY.29 OR AY.29.1 OR AY.29.2 OR AY.30 OR AY.31 OR AY.32 OR AY.33 OR AY.33.1 OR AY.33.2 OR AY.34 OR AY.34.1 OR AY.34.1.1 OR AY.34.2 OR AY.35 OR AY.36 OR AY.36.1 OR AY.37 OR AY.38 OR AY.39 OR AY.39.1 OR AY.39.1.1 OR AY.39.1.2 OR AY.39.1.3 OR AY.39.1.4 OR AY.39.2 OR AY.39.3 OR AY.40 OR AY.41 OR AY.42 OR AY.42.1 OR AY.43 OR AY.43.1 OR AY.43.2 OR AY.43.3 OR AY.43.4 OR AY.43.5 OR AY.43.6 OR AY.43.7 OR AY.43.8 OR AY.43.9 OR AY.44 OR AY.45 OR AY.46 OR AY.46.1 OR AY.46.2 OR AY.46.3 OR AY.46.4 OR AY.46.5 OR AY.46.6 OR AY.46.6.1 OR AY.47 OR AY.48 OR AY.49 OR AY.50 OR AY.51 OR AY.52 OR AY.53 OR AY.54 OR AY.55 OR AY.56 OR AY.57 OR AY.58 OR AY.59 OR AY.60 OR AY.61 OR AY.62 OR AY.63 OR AY.64 OR AY.65 OR AY.66 OR AY.67 OR AY.68 OR AY.69 OR AY.70 OR AY.71 OR AY.72 OR AY.73 OR AY.74 OR AY.75 OR AY.75.2 OR AY.75.3 OR AY.76 OR AY.77 OR AY.78 OR AY.79 OR AY.80 OR AY.81 OR AY.82 OR AY.83 OR AY.84 OR AY.85 OR AY.86 OR AY.87 OR AY.88 OR AY.90 OR AY.91 OR AY.91.1 OR AY.92 OR AY.93 OR AY.94 OR AY.95 OR AY.98 OR AY.98.1 OR AY.98.1.1 OR AY.99 OR AY.99.1 OR AY.99.2 OR AY.100 OR AY.101 OR AY.102 OR AY.102.1 OR AY.102.2 OR AY.103 OR AY.103.1 OR AY.103.2 OR AY.104 OR AY.105 OR AY.106 OR AY.107 OR AY.108 OR AY.109 OR AY.110 OR AY.111 OR AY.112 OR AY.112.1 OR AY.112.2 OR AY.112.3 OR AY.113 OR AY.114 OR AY.116 OR AY.116.1 OR AY.117 OR AY.118 OR AY.119 OR AY.119.1 OR AY.119.2 OR AY.120 OR AY.120.1 OR AY.120.2 OR AY.120.2.1 OR AY.121 OR AY.121.1 OR AY.122 OR AY.122.1 OR AY.122.2 OR AY.122.3 OR AY.122.4 OR AY.122.5 OR AY.122.6 OR AY.123 OR AY.123.1 OR AY.124 OR AY.124.1 OR AY.124.1.1 OR AY.125 OR AY.125.1 OR AY.126 OR AY.127 OR AY.127.1 OR AY.127.2 OR AY.127.3 OR AY.128 OR AY.129 OR AY.130 OR AY.131 OR AY.132 OR AY.133 OR AY.134 OR B.1.617.2,Delta,9.85714285714286,0,0
2022-08-02,6,0,7.42857142857143,0,0,6.76864642438304e-05,0.29243617366231,AY.1 OR AY.2 OR AY.3 OR AY.3.1 OR AY.3.2 OR AY.3.3 OR AY.3.4 OR AY.4 OR AY.4.1 OR AY.4.2 OR AY.4.2.1 OR AY.4.2.2 OR AY.4.2.3 OR AY.4.2.4 OR AY.4.2.5 OR AY.4.3 OR AY.4.4 OR AY.4.5 OR AY.4.6 OR AY.4.7 OR AY.4.8 OR AY.4.9 OR AY.4.10 OR AY.4.11 OR AY.4.12 OR AY.4.13 OR AY.4.14 OR AY.4.15 OR AY.4.16 OR AY.4.17 OR AY.5 OR AY.5.1 OR AY.5.2 OR AY.5.3 OR AY.5.4 OR AY.5.5 OR AY.5.6 OR AY.5.7 OR AY.6 OR AY.7 OR AY.7.1 OR AY.7.2 OR AY.8 OR AY.9 OR AY.9.2 OR AY.9.2.1 OR AY.9.2.2 OR AY.10 OR AY.11 OR AY.13 OR AY.14 OR AY.15 OR AY.16 OR AY.16.1 OR AY.17 OR AY.18 OR AY.19 OR AY.20 OR AY.20.1 OR AY.21 OR AY.22 OR AY.23 OR AY.23.1 OR AY.23.2 OR AY.24 OR AY.24.1 OR AY.25 OR AY.25.1 OR AY.25.1.1 OR AY.25.1.2 OR AY.25.2 OR AY.25.3 OR AY.26 OR AY.26.1 OR AY.27 OR AY.28 OR AY.29 OR AY.29.1 OR AY.29.2 OR AY.30 OR AY.31 OR AY.32 OR AY.33 OR AY.33.1 OR AY.33.2 OR AY.34 OR AY.34.1 OR AY.34.1.1 OR AY.34.2 OR AY.35 OR AY.36 OR AY.36.1 OR AY.37 OR AY.38 OR AY.39 OR AY.39.1 OR AY.39.1.1 OR AY.39.1.2 OR AY.39.1.3 OR AY.39.1.4 OR AY.39.2 OR AY.39.3 OR AY.40 OR AY.41 OR AY.42 OR AY.42.1 OR AY.43 OR AY.43.1 OR AY.43.2 OR AY.43.3 OR AY.43.4 OR AY.43.5 OR AY.43.6 OR AY.43.7 OR AY.43.8 OR AY.43.9 OR AY.44 OR AY.45 OR AY.46 OR AY.46.1 OR AY.46.2 OR AY.46.3 OR AY.46.4 OR AY.46.5 OR AY.46.6 OR AY.46.6.1 OR AY.47 OR AY.48 OR AY.49 OR AY.50 OR AY.51 OR AY.52 OR AY.53 OR AY.54 OR AY.55 OR AY.56 OR AY.57 OR AY.58 OR AY.59 OR AY.60 OR AY.61 OR AY.62 OR AY.63 OR AY.64 OR AY.65 OR AY.66 OR AY.67 OR AY.68 OR AY.69 OR AY.70 OR AY.71 OR AY.72 OR AY.73 OR AY.74 OR AY.75 OR AY.75.2 OR AY.75.3 OR AY.76 OR AY.77 OR AY.78 OR AY.79 OR AY.80 OR AY.81 OR AY.82 OR AY.83 OR AY.84 OR AY.85 OR AY.86 OR AY.87 OR AY.88 OR AY.90 OR AY.91 OR AY.91.1 OR AY.92 OR AY.93 OR AY.94 OR AY.95 OR AY.98 OR AY.98.1 OR AY.98.1.1 OR AY.99 OR AY.99.1 OR AY.99.2 OR AY.100 OR AY.101 OR AY.102 OR AY.102.1 OR AY.102.2 OR AY.103 OR AY.103.1 OR AY.103.2 OR AY.104 OR AY.105 OR AY.106 OR AY.107 OR AY.108 OR AY.109 OR AY.110 OR AY.111 OR AY.112 OR AY.112.1 OR AY.112.2 OR AY.112.3 OR AY.113 OR AY.114 OR AY.116 OR AY.116.1 OR AY.117 OR AY.118 OR AY.119 OR AY.119.1 OR AY.119.2 OR AY.120 OR AY.120.1 OR AY.120.2 OR AY.120.2.1 OR AY.121 OR AY.121.1 OR AY.122 OR AY.122.1 OR AY.122.2 OR AY.122.3 OR AY.122.4 OR AY.122.5 OR AY.122.6 OR AY.123 OR AY.123.1 OR AY.124 OR AY.124.1 OR AY.124.1.1 OR AY.125 OR AY.125.1 OR AY.126 OR AY.127 OR AY.127.1 OR AY.127.2 OR AY.127.3 OR AY.128 OR AY.129 OR AY.130 OR AY.131 OR AY.132 OR AY.133 OR AY.134 OR B.1.617.2,Delta,9.57142857142857,0,0
2022-08-03,12,0,7.28571428571429,0,0,6.76864642438304e-05,0.29243617366231,AY.1 OR AY.2 OR AY.3 OR AY.3.1 OR AY.3.2 OR AY.3.3 OR AY.3.4 OR AY.4 OR AY.4.1 OR AY.4.2 OR AY.4.2.1 OR AY.4.2.2 OR AY.4.2.3 OR AY.4.2.4 OR AY.4.2.5 OR AY.4.3 OR AY.4.4 OR AY.4.5 OR AY.4.6 OR AY.4.7 OR AY.4.8 OR AY.4.9 OR AY.4.10 OR AY.4.11 OR AY.4.12 OR AY.4.13 OR AY.4.14 OR AY.4.15 OR AY.4.16 OR AY.4.17 OR AY.5 OR AY.5.1 OR AY.5.2 OR AY.5.3 OR AY.5.4 OR AY.5.5 OR AY.5.6 OR AY.5.7 OR AY.6 OR AY.7 OR AY.7.1 OR AY.7.2 OR AY.8 OR AY.9 OR AY.9.2 OR AY.9.2.1 OR AY.9.2.2 OR AY.10 OR AY.11 OR AY.13 OR AY.14 OR AY.15 OR AY.16 OR AY.16.1 OR AY.17 OR AY.18 OR AY.19 OR AY.20 OR AY.20.1 OR AY.21 OR AY.22 OR AY.23 OR AY.23.1 OR AY.23.2 OR AY.24 OR AY.24.1 OR AY.25 OR AY.25.1 OR AY.25.1.1 OR AY.25.1.2 OR AY.25.2 OR AY.25.3 OR AY.26 OR AY.26.1 OR AY.27 OR AY.28 OR AY.29 OR AY.29.1 OR AY.29.2 OR AY.30 OR AY.31 OR AY.32 OR AY.33 OR AY.33.1 OR AY.33.2 OR AY.34 OR AY.34.1 OR AY.34.1.1 OR AY.34.2 OR AY.35 OR AY.36 OR AY.36.1 OR AY.37 OR AY.38 OR AY.39 OR AY.39.1 OR AY.39.1.1 OR AY.39.1.2 OR AY.39.1.3 OR AY.39.1.4 OR AY.39.2 OR AY.39.3 OR AY.40 OR AY.41 OR AY.42 OR AY.42.1 OR AY.43 OR AY.43.1 OR AY.43.2 OR AY.43.3 OR AY.43.4 OR AY.43.5 OR AY.43.6 OR AY.43.7 OR AY.43.8 OR AY.43.9 OR AY.44 OR AY.45 OR AY.46 OR AY.46.1 OR AY.46.2 OR AY.46.3 OR AY.46.4 OR AY.46.5 OR AY.46.6 OR AY.46.6.1 OR AY.47 OR AY.48 OR AY.49 OR AY.50 OR AY.51 OR AY.52 OR AY.53 OR AY.54 OR AY.55 OR AY.56 OR AY.57 OR AY.58 OR AY.59 OR AY.60 OR AY.61 OR AY.62 OR AY.63 OR AY.64 OR AY.65 OR AY.66 OR AY.67 OR AY.68 OR AY.69 OR AY.70 OR AY.71 OR AY.72 OR AY.73 OR AY.74 OR AY.75 OR AY.75.2 OR AY.75.3 OR AY.76 OR AY.77 OR AY.78 OR AY.79 OR AY.80 OR AY.81 OR AY.82 OR AY.83 OR AY.84 OR AY.85 OR AY.86 OR AY.87 OR AY.88 OR AY.90 OR AY.91 OR AY.91.1 OR AY.92 OR AY.93 OR AY.94 OR AY.95 OR AY.98 OR AY.98.1 OR AY.98.1.1 OR AY.99 OR AY.99.1 OR AY.99.2 OR AY.100 OR AY.101 OR AY.102 OR AY.102.1 OR AY.102.2 OR AY.103 OR AY.103.1 OR AY.103.2 OR AY.104 OR AY.105 OR AY.106 OR AY.107 OR AY.108 OR AY.109 OR AY.110 OR AY.111 OR AY.112 OR AY.112.1 OR AY.112.2 OR AY.112.3 OR AY.113 OR AY.114 OR AY.116 OR AY.116.1 OR AY.117 OR AY.118 OR AY.119 OR AY.119.1 OR AY.119.2 OR AY.120 OR AY.120.1 OR AY.120.2 OR AY.120.2.1 OR AY.121 OR AY.121.1 OR AY.122 OR AY.122.1 OR AY.122.2 OR AY.122.3 OR AY.122.4 OR AY.122.5 OR AY.122.6 OR AY.123 OR AY.123.1 OR AY.124 OR AY.124.1 OR AY.124.1.1 OR AY.125 OR AY.125.1 OR AY.126 OR AY.127 OR AY.127.1 OR AY.127.2 OR AY.127.3 OR AY.128 OR AY.129 OR AY.130 OR AY.131 OR AY.132 OR AY.133 OR AY.134 OR B.1.617.2,Delta,9.57142857142857,0,0
2022-08-04,10,0,7.57142857142857,0,0,5.94903028944023e-05,0.262217248717186,AY.1 OR AY.2 OR AY.3 OR AY.3.1 OR AY.3.2 OR AY.3.3 OR AY.3.4 OR AY.4 OR AY.4.1 OR AY.4.2 OR AY.4.2.1 OR AY.4.2.2 OR AY.4.2.3 OR AY.4.2.4 OR AY.4.2.5 OR AY.4.3 OR AY.4.4 OR AY.4.5 OR AY.4.6 OR AY.4.7 OR AY.4.8 OR AY.4.9 OR AY.4.10 OR AY.4.11 OR AY.4.12 OR AY.4.13 OR AY.4.14 OR AY.4.15 OR AY.4.16 OR AY.4.17 OR AY.5 OR AY.5.1 OR AY.5.2 OR AY.5.3 OR AY.5.4 OR AY.5.5 OR AY.5.6 OR AY.5.7 OR AY.6 OR AY.7 OR AY.7.1 OR AY.7.2 OR AY.8 OR AY.9 OR AY.9.2 OR AY.9.2.1 OR AY.9.2.2 OR AY.10 OR AY.11 OR AY.13 OR AY.14 OR AY.15 OR AY.16 OR AY.16.1 OR AY.17 OR AY.18 OR AY.19 OR AY.20 OR AY.20.1 OR AY.21 OR AY.22 OR AY.23 OR AY.23.1 OR AY.23.2 OR AY.24 OR AY.24.1 OR AY.25 OR AY.25.1 OR AY.25.1.1 OR AY.25.1.2 OR AY.25.2 OR AY.25.3 OR AY.26 OR AY.26.1 OR AY.27 OR AY.28 OR AY.29 OR AY.29.1 OR AY.29.2 OR AY.30 OR AY.31 OR AY.32 OR AY.33 OR AY.33.1 OR AY.33.2 OR AY.34 OR AY.34.1 OR AY.34.1.1 OR AY.34.2 OR AY.35 OR AY.36 OR AY.36.1 OR AY.37 OR AY.38 OR AY.39 OR AY.39.1 OR AY.39.1.1 OR AY.39.1.2 OR AY.39.1.3 OR AY.39.1.4 OR AY.39.2 OR AY.39.3 OR AY.40 OR AY.41 OR AY.42 OR AY.42.1 OR AY.43 OR AY.43.1 OR AY.43.2 OR AY.43.3 OR AY.43.4 OR AY.43.5 OR AY.43.6 OR AY.43.7 OR AY.43.8 OR AY.43.9 OR AY.44 OR AY.45 OR AY.46 OR AY.46.1 OR AY.46.2 OR AY.46.3 OR AY.46.4 OR AY.46.5 OR AY.46.6 OR AY.46.6.1 OR AY.47 OR AY.48 OR AY.49 OR AY.50 OR AY.51 OR AY.52 OR AY.53 OR AY.54 OR AY.55 OR AY.56 OR AY.57 OR AY.58 OR AY.59 OR AY.60 OR AY.61 OR AY.62 OR AY.63 OR AY.64 OR AY.65 OR AY.66 OR AY.67 OR AY.68 OR AY.69 OR AY.70 OR AY.71 OR AY.72 OR AY.73 OR AY.74 OR AY.75 OR AY.75.2 OR AY.75.3 OR AY.76 OR AY.77 OR AY.78 OR AY.79 OR AY.80 OR AY.81 OR AY.82 OR AY.83 OR AY.84 OR AY.85 OR AY.86 OR AY.87 OR AY.88 OR AY.90 OR AY.91 OR AY.91.1 OR AY.92 OR AY.93 OR AY.94 OR AY.95 OR AY.98 OR AY.98.1 OR AY.98.1.1 OR AY.99 OR AY.99.1 OR AY.99.2 OR AY.100 OR AY.101 OR AY.102 OR AY.102.1 OR AY.102.2 OR AY.103 OR AY.103.1 OR AY.103.2 OR AY.104 OR AY.105 OR AY.106 OR AY.107 OR AY.108 OR AY.109 OR AY.110 OR AY.111 OR AY.112 OR AY.112.1 OR AY.112.2 OR AY.112.3 OR AY.113 OR AY.114 OR AY.116 OR AY.116.1 OR AY.117 OR AY.118 OR AY.119 OR AY.119.1 OR AY.119.2 OR AY.120 OR AY.120.1 OR AY.120.2 OR AY.120.2.1 OR AY.121 OR AY.121.1 OR AY.122 OR AY.122.1 OR AY.122.2 OR AY.122.3 OR AY.122.4 OR AY.122.5 OR AY.122.6 OR AY.123 OR AY.123.1 OR AY.124 OR AY.124.1 OR AY.124.1.1 OR AY.125 OR AY.125.1 OR AY.126 OR AY.127 OR AY.127.1 OR AY.127.2 OR AY.127.3 OR AY.128 OR AY.129 OR AY.130 OR AY.131 OR AY.132 OR AY.133 OR AY.134 OR B.1.617.2,Delta,9.28571428571429,0,0
2022-08-05,7,0,7,0,0,6.76864642438304e-05,0.29243617366231,AY.1 OR AY.2 OR AY.3 OR AY.3.1 OR AY.3.2 OR AY.3.3 OR AY.3.4 OR AY.4 OR AY.4.1 OR AY.4.2 OR AY.4.2.1 OR AY.4.2.2 OR AY.4.2.3 OR AY.4.2.4 OR AY.4.2.5 OR AY.4.3 OR AY.4.4 OR AY.4.5 OR AY.4.6 OR AY.4.7 OR AY.4.8 OR AY.4.9 OR AY.4.10 OR AY.4.11 OR AY.4.12 OR AY.4.13 OR AY.4.14 OR AY.4.15 OR AY.4.16 OR AY.4.17 OR AY.5 OR AY.5.1 OR AY.5.2 OR AY.5.3 OR AY.5.4 OR AY.5.5 OR AY.5.6 OR AY.5.7 OR AY.6 OR AY.7 OR AY.7.1 OR AY.7.2 OR AY.8 OR AY.9 OR AY.9.2 OR AY.9.2.1 OR AY.9.2.2 OR AY.10 OR AY.11 OR AY.13 OR AY.14 OR AY.15 OR AY.16 OR AY.16.1 OR AY.17 OR AY.18 OR AY.19 OR AY.20 OR AY.20.1 OR AY.21 OR AY.22 OR AY.23 OR AY.23.1 OR AY.23.2 OR AY.24 OR AY.24.1 OR AY.25 OR AY.25.1 OR AY.25.1.1 OR AY.25.1.2 OR AY.25.2 OR AY.25.3 OR AY.26 OR AY.26.1 OR AY.27 OR AY.28 OR AY.29 OR AY.29.1 OR AY.29.2 OR AY.30 OR AY.31 OR AY.32 OR AY.33 OR AY.33.1 OR AY.33.2 OR AY.34 OR AY.34.1 OR AY.34.1.1 OR AY.34.2 OR AY.35 OR AY.36 OR AY.36.1 OR AY.37 OR AY.38 OR AY.39 OR AY.39.1 OR AY.39.1.1 OR AY.39.1.2 OR AY.39.1.3 OR AY.39.1.4 OR AY.39.2 OR AY.39.3 OR AY.40 OR AY.41 OR AY.42 OR AY.42.1 OR AY.43 OR AY.43.1 OR AY.43.2 OR AY.43.3 OR AY.43.4 OR AY.43.5 OR AY.43.6 OR AY.43.7 OR AY.43.8 OR AY.43.9 OR AY.44 OR AY.45 OR AY.46 OR AY.46.1 OR AY.46.2 OR AY.46.3 OR AY.46.4 OR AY.46.5 OR AY.46.6 OR AY.46.6.1 OR AY.47 OR AY.48 OR AY.49 OR AY.50 OR AY.51 OR AY.52 OR AY.53 OR AY.54 OR AY.55 OR AY.56 OR AY.57 OR AY.58 OR AY.59 OR AY.60 OR AY.61 OR AY.62 OR AY.63 OR AY.64 OR AY.65 OR AY.66 OR AY.67 OR AY.68 OR AY.69 OR AY.70 OR AY.71 OR AY.72 OR AY.73 OR AY.74 OR AY.75 OR AY.75.2 OR AY.75.3 OR AY.76 OR AY.77 OR AY.78 OR AY.79 OR AY.80 OR AY.81 OR AY.82 OR AY.83 OR AY.84 OR AY.85 OR AY.86 OR AY.87 OR AY.88 OR AY.90 OR AY.91 OR AY.91.1 OR AY.92 OR AY.93 OR AY.94 OR AY.95 OR AY.98 OR AY.98.1 OR AY.98.1.1 OR AY.99 OR AY.99.1 OR AY.99.2 OR AY.100 OR AY.101 OR AY.102 OR AY.102.1 OR AY.102.2 OR AY.103 OR AY.103.1 OR AY.103.2 OR AY.104 OR AY.105 OR AY.106 OR AY.107 OR AY.108 OR AY.109 OR AY.110 OR AY.111 OR AY.112 OR AY.112.1 OR AY.112.2 OR AY.112.3 OR AY.113 OR AY.114 OR AY.116 OR AY.116.1 OR AY.117 OR AY.118 OR AY.119 OR AY.119.1 OR AY.119.2 OR AY.120 OR AY.120.1 OR AY.120.2 OR AY.120.2.1 OR AY.121 OR AY.121.1 OR AY.122 OR AY.122.1 OR AY.122.2 OR AY.122.3 OR AY.122.4 OR AY.122.5 OR AY.122.6 OR AY.123 OR AY.123.1 OR AY.124 OR AY.124.1 OR AY.124.1.1 OR AY.125 OR AY.125.1 OR AY.126 OR AY.127 OR AY.127.1 OR AY.127.2 OR AY.127.3 OR AY.128 OR AY.129 OR AY.130 OR AY.131 OR AY.132 OR AY.133 OR AY.134 OR B.1.617.2,Delta,8.57142857142857,0,0
2022-08-06,8,0,7.57142857142857,0,0,5.94903028944023e-05,0.262217248717186,AY.1 OR AY.2 OR AY.3 OR AY.3.1 OR AY.3.2 OR AY.3.3 OR AY.3.4 OR AY.4 OR AY.4.1 OR AY.4.2 OR AY.4.2.1 OR AY.4.2.2 OR AY.4.2.3 OR AY.4.2.4 OR AY.4.2.5 OR AY.4.3 OR AY.4.4 OR AY.4.5 OR AY.4.6 OR AY.4.7 OR AY.4.8 OR AY.4.9 OR AY.4.10 OR AY.4.11 OR AY.4.12 OR AY.4.13 OR AY.4.14 OR AY.4.15 OR AY.4.16 OR AY.4.17 OR AY.5 OR AY.5.1 OR AY.5.2 OR AY.5.3 OR AY.5.4 OR AY.5.5 OR AY.5.6 OR AY.5.7 OR AY.6 OR AY.7 OR AY.7.1 OR AY.7.2 OR AY.8 OR AY.9 OR AY.9.2 OR AY.9.2.1 OR AY.9.2.2 OR AY.10 OR AY.11 OR AY.13 OR AY.14 OR AY.15 OR AY.16 OR AY.16.1 OR AY.17 OR AY.18 OR AY.19 OR AY.20 OR AY.20.1 OR AY.21 OR AY.22 OR AY.23 OR AY.23.1 OR AY.23.2 OR AY.24 OR AY.24.1 OR AY.25 OR AY.25.1 OR AY.25.1.1 OR AY.25.1.2 OR AY.25.2 OR AY.25.3 OR AY.26 OR AY.26.1 OR AY.27 OR AY.28 OR AY.29 OR AY.29.1 OR AY.29.2 OR AY.30 OR AY.31 OR AY.32 OR AY.33 OR AY.33.1 OR AY.33.2 OR AY.34 OR AY.34.1 OR AY.34.1.1 OR AY.34.2 OR AY.35 OR AY.36 OR AY.36.1 OR AY.37 OR AY.38 OR AY.39 OR AY.39.1 OR AY.39.1.1 OR AY.39.1.2 OR AY.39.1.3 OR AY.39.1.4 OR AY.39.2 OR AY.39.3 OR AY.40 OR AY.41 OR AY.42 OR AY.42.1 OR AY.43 OR AY.43.1 OR AY.43.2 OR AY.43.3 OR AY.43.4 OR AY.43.5 OR AY.43.6 OR AY.43.7 OR AY.43.8 OR AY.43.9 OR AY.44 OR AY.45 OR AY.46 OR AY.46.1 OR AY.46.2 OR AY.46.3 OR AY.46.4 OR AY.46.5 OR AY.46.6 OR AY.46.6.1 OR AY.47 OR AY.48 OR AY.49 OR AY.50 OR AY.51 OR AY.52 OR AY.53 OR AY.54 OR AY.55 OR AY.56 OR AY.57 OR AY.58 OR AY.59 OR AY.60 OR AY.61 OR AY.62 OR AY.63 OR AY.64 OR AY.65 OR AY.66 OR AY.67 OR AY.68 OR AY.69 OR AY.70 OR AY.71 OR AY.72 OR AY.73 OR AY.74 OR AY.75 OR AY.75.2 OR AY.75.3 OR AY.76 OR AY.77 OR AY.78 OR AY.79 OR AY.80 OR AY.81 OR AY.82 OR AY.83 OR AY.84 OR AY.85 OR AY.86 OR AY.87 OR AY.88 OR AY.90 OR AY.91 OR AY.91.1 OR AY.92 OR AY.93 OR AY.94 OR AY.95 OR AY.98 OR AY.98.1 OR AY.98.1.1 OR AY.99 OR AY.99.1 OR AY.99.2 OR AY.100 OR AY.101 OR AY.102 OR AY.102.1 OR AY.102.2 OR AY.103 OR AY.103.1 OR AY.103.2 OR AY.104 OR AY.105 OR AY.106 OR AY.107 OR AY.108 OR AY.109 OR AY.110 OR AY.111 OR AY.112 OR AY.112.1 OR AY.112.2 OR AY.112.3 OR AY.113 OR AY.114 OR AY.116 OR AY.116.1 OR AY.117 OR AY.118 OR AY.119 OR AY.119.1 OR AY.119.2 OR AY.120 OR AY.120.1 OR AY.120.2 OR AY.120.2.1 OR AY.121 OR AY.121.1 OR AY.122 OR AY.122.1 OR AY.122.2 OR AY.122.3 OR AY.122.4 OR AY.122.5 OR AY.122.6 OR AY.123 OR AY.123.1 OR AY.124 OR AY.124.1 OR AY.124.1.1 OR AY.125 OR AY.125.1 OR AY.126 OR AY.127 OR AY.127.1 OR AY.127.2 OR AY.127.3 OR AY.128 OR AY.129 OR AY.130 OR AY.131 OR AY.132 OR AY.133 OR AY.134 OR B.1.617.2,Delta,8.28571428571429,0,0
2022-08-07,5,0,7.85714285714286,0,0,5.94903028944023e-05,0.262217248717186,AY.1 OR AY.2 OR AY.3 OR AY.3.1 OR AY.3.2 OR AY.3.3 OR AY.3.4 OR AY.4 OR AY.4.1 OR AY.4.2 OR AY.4.2.1 OR AY.4.2.2 OR AY.4.2.3 OR AY.4.2.4 OR AY.4.2.5 OR AY.4.3 OR AY.4.4 OR AY.4.5 OR AY.4.6 OR AY.4.7 OR AY.4.8 OR AY.4.9 OR AY.4.10 OR AY.4.11 OR AY.4.12 OR AY.4.13 OR AY.4.14 OR AY.4.15 OR AY.4.16 OR AY.4.17 OR AY.5 OR AY.5.1 OR AY.5.2 OR AY.5.3 OR AY.5.4 OR AY.5.5 OR AY.5.6 OR AY.5.7 OR AY.6 OR AY.7 OR AY.7.1 OR AY.7.2 OR AY.8 OR AY.9 OR AY.9.2 OR AY.9.2.1 OR AY.9.2.2 OR AY.10 OR AY.11 OR AY.13 OR AY.14 OR AY.15 OR AY.16 OR AY.16.1 OR AY.17 OR AY.18 OR AY.19 OR AY.20 OR AY.20.1 OR AY.21 OR AY.22 OR AY.23 OR AY.23.1 OR AY.23.2 OR AY.24 OR AY.24.1 OR AY.25 OR AY.25.1 OR AY.25.1.1 OR AY.25.1.2 OR AY.25.2 OR AY.25.3 OR AY.26 OR AY.26.1 OR AY.27 OR AY.28 OR AY.29 OR AY.29.1 OR AY.29.2 OR AY.30 OR AY.31 OR AY.32 OR AY.33 OR AY.33.1 OR AY.33.2 OR AY.34 OR AY.34.1 OR AY.34.1.1 OR AY.34.2 OR AY.35 OR AY.36 OR AY.36.1 OR AY.37 OR AY.38 OR AY.39 OR AY.39.1 OR AY.39.1.1 OR AY.39.1.2 OR AY.39.1.3 OR AY.39.1.4 OR AY.39.2 OR AY.39.3 OR AY.40 OR AY.41 OR AY.42 OR AY.42.1 OR AY.43 OR AY.43.1 OR AY.43.2 OR AY.43.3 OR AY.43.4 OR AY.43.5 OR AY.43.6 OR AY.43.7 OR AY.43.8 OR AY.43.9 OR AY.44 OR AY.45 OR AY.46 OR AY.46.1 OR AY.46.2 OR AY.46.3 OR AY.46.4 OR AY.46.5 OR AY.46.6 OR AY.46.6.1 OR AY.47 OR AY.48 OR AY.49 OR AY.50 OR AY.51 OR AY.52 OR AY.53 OR AY.54 OR AY.55 OR AY.56 OR AY.57 OR AY.58 OR AY.59 OR AY.60 OR AY.61 OR AY.62 OR AY.63 OR AY.64 OR AY.65 OR AY.66 OR AY.67 OR AY.68 OR AY.69 OR AY.70 OR AY.71 OR AY.72 OR AY.73 OR AY.74 OR AY.75 OR AY.75.2 OR AY.75.3 OR AY.76 OR AY.77 OR AY.78 OR AY.79 OR AY.80 OR AY.81 OR AY.82 OR AY.83 OR AY.84 OR AY.85 OR AY.86 OR AY.87 OR AY.88 OR AY.90 OR AY.91 OR AY.91.1 OR AY.92 OR AY.93 OR AY.94 OR AY.95 OR AY.98 OR AY.98.1 OR AY.98.1.1 OR AY.99 OR AY.99.1 OR AY.99.2 OR AY.100 OR AY.101 OR AY.102 OR AY.102.1 OR AY.102.2 OR AY.103 OR AY.103.1 OR AY.103.2 OR AY.104 OR AY.105 OR AY.106 OR AY.107 OR AY.108 OR AY.109 OR AY.110 OR AY.111 OR AY.112 OR AY.112.1 OR AY.112.2 OR AY.112.3 OR AY.113 OR AY.114 OR AY.116 OR AY.116.1 OR AY.117 OR AY.118 OR AY.119 OR AY.119.1 OR AY.119.2 OR AY.120 OR AY.120.1 OR AY.120.2 OR AY.120.2.1 OR AY.121 OR AY.121.1 OR AY.122 OR AY.122.1 OR AY.122.2 OR AY.122.3 OR AY.122.4 OR AY.122.5 OR AY.122.6 OR AY.123 OR AY.123.1 OR AY.124 OR AY.124.1 OR AY.124.1.1 OR AY.125 OR AY.125.1 OR AY.126 OR AY.127 OR AY.127.1 OR AY.127.2 OR AY.127.3 OR AY.128 OR AY.129 OR AY.130 OR AY.131 OR AY.132 OR AY.133 OR AY.134 OR B.1.617.2,Delta,8.28571428571429,0,0
2022-08-08,6,0,7.71428571428571,0,0,5.94903028944023e-05,0.262217248717186,AY.1 OR AY.2 OR AY.3 OR AY.3.1 OR AY.3.2 OR AY.3.3 OR AY.3.4 OR AY.4 OR AY.4.1 OR AY.4.2 OR AY.4.2.1 OR AY.4.2.2 OR AY.4.2.3 OR AY.4.2.4 OR AY.4.2.5 OR AY.4.3 OR AY.4.4 OR AY.4.5 OR AY.4.6 OR AY.4.7 OR AY.4.8 OR AY.4.9 OR AY.4.10 OR AY.4.11 OR AY.4.12 OR AY.4.13 OR AY.4.14 OR AY.4.15 OR AY.4.16 OR AY.4.17 OR AY.5 OR AY.5.1 OR AY.5.2 OR AY.5.3 OR AY.5.4 OR AY.5.5 OR AY.5.6 OR AY.5.7 OR AY.6 OR AY.7 OR AY.7.1 OR AY.7.2 OR AY.8 OR AY.9 OR AY.9.2 OR AY.9.2.1 OR AY.9.2.2 OR AY.10 OR AY.11 OR AY.13 OR AY.14 OR AY.15 OR AY.16 OR AY.16.1 OR AY.17 OR AY.18 OR AY.19 OR AY.20 OR AY.20.1 OR AY.21 OR AY.22 OR AY.23 OR AY.23.1 OR AY.23.2 OR AY.24 OR AY.24.1 OR AY.25 OR AY.25.1 OR AY.25.1.1 OR AY.25.1.2 OR AY.25.2 OR AY.25.3 OR AY.26 OR AY.26.1 OR AY.27 OR AY.28 OR AY.29 OR AY.29.1 OR AY.29.2 OR AY.30 OR AY.31 OR AY.32 OR AY.33 OR AY.33.1 OR AY.33.2 OR AY.34 OR AY.34.1 OR AY.34.1.1 OR AY.34.2 OR AY.35 OR AY.36 OR AY.36.1 OR AY.37 OR AY.38 OR AY.39 OR AY.39.1 OR AY.39.1.1 OR AY.39.1.2 OR AY.39.1.3 OR AY.39.1.4 OR AY.39.2 OR AY.39.3 OR AY.40 OR AY.41 OR AY.42 OR AY.42.1 OR AY.43 OR AY.43.1 OR AY.43.2 OR AY.43.3 OR AY.43.4 OR AY.43.5 OR AY.43.6 OR AY.43.7 OR AY.43.8 OR AY.43.9 OR AY.44 OR AY.45 OR AY.46 OR AY.46.1 OR AY.46.2 OR AY.46.3 OR AY.46.4 OR AY.46.5 OR AY.46.6 OR AY.46.6.1 OR AY.47 OR AY.48 OR AY.49 OR AY.50 OR AY.51 OR AY.52 OR AY.53 OR AY.54 OR AY.55 OR AY.56 OR AY.57 OR AY.58 OR AY.59 OR AY.60 OR AY.61 OR AY.62 OR AY.63 OR AY.64 OR AY.65 OR AY.66 OR AY.67 OR AY.68 OR AY.69 OR AY.70 OR AY.71 OR AY.72 OR AY.73 OR AY.74 OR AY.75 OR AY.75.2 OR AY.75.3 OR AY.76 OR AY.77 OR AY.78 OR AY.79 OR AY.80 OR AY.81 OR AY.82 OR AY.83 OR AY.84 OR AY.85 OR AY.86 OR AY.87 OR AY.88 OR AY.90 OR AY.91 OR AY.91.1 OR AY.92 OR AY.93 OR AY.94 OR AY.95 OR AY.98 OR AY.98.1 OR AY.98.1.1 OR AY.99 OR AY.99.1 OR AY.99.2 OR AY.100 OR AY.101 OR AY.102 OR AY.102.1 OR AY.102.2 OR AY.103 OR AY.103.1 OR AY.103.2 OR AY.104 OR AY.105 OR AY.106 OR AY.107 OR AY.108 OR AY.109 OR AY.110 OR AY.111 OR AY.112 OR AY.112.1 OR AY.112.2 OR AY.112.3 OR AY.113 OR AY.114 OR AY.116 OR AY.116.1 OR AY.117 OR AY.118 OR AY.119 OR AY.119.1 OR AY.119.2 OR AY.120 OR AY.120.1 OR AY.120.2 OR AY.120.2.1 OR AY.121 OR AY.121.1 OR AY.122 OR AY.122.1 OR AY.122.2 OR AY.122.3 OR AY.122.4 OR AY.122.5 OR AY.122.6 OR AY.123 OR AY.123.1 OR AY.124 OR AY.124.1 OR AY.124.1.1 OR AY.125 OR AY.125.1 OR AY.126 OR AY.127 OR AY.127.1 OR AY.127.2 OR AY.127.3 OR AY.128 OR AY.129 OR AY.130 OR AY.131 OR AY.132 OR AY.133 OR AY.134 OR B.1.617.2,Delta,8.14285714285714,0,0
2022-08-09,4,0,7.42857142857143,0,0,6.76864642438304e-05,0.29243617366231,AY.1 OR AY.2 OR AY.3 OR AY.3.1 OR AY.3.2 OR AY.3.3 OR AY.3.4 OR AY.4 OR AY.4.1 OR AY.4.2 OR AY.4.2.1 OR AY.4.2.2 OR AY.4.2.3 OR AY.4.2.4 OR AY.4.2.5 OR AY.4.3 OR AY.4.4 OR AY.4.5 OR AY.4.6 OR AY.4.7 OR AY.4.8 OR AY.4.9 OR AY.4.10 OR AY.4.11 OR AY.4.12 OR AY.4.13 OR AY.4.14 OR AY.4.15 OR AY.4.16 OR AY.4.17 OR AY.5 OR AY.5.1 OR AY.5.2 OR AY.5.3 OR AY.5.4 OR AY.5.5 OR AY.5.6 OR AY.5.7 OR AY.6 OR AY.7 OR AY.7.1 OR AY.7.2 OR AY.8 OR AY.9 OR AY.9.2 OR AY.9.2.1 OR AY.9.2.2 OR AY.10 OR AY.11 OR AY.13 OR AY.14 OR AY.15 OR AY.16 OR AY.16.1 OR AY.17 OR AY.18 OR AY.19 OR AY.20 OR AY.20.1 OR AY.21 OR AY.22 OR AY.23 OR AY.23.1 OR AY.23.2 OR AY.24 OR AY.24.1 OR AY.25 OR AY.25.1 OR AY.25.1.1 OR AY.25.1.2 OR AY.25.2 OR AY.25.3 OR AY.26 OR AY.26.1 OR AY.27 OR AY.28 OR AY.29 OR AY.29.1 OR AY.29.2 OR AY.30 OR AY.31 OR AY.32 OR AY.33 OR AY.33.1 OR AY.33.2 OR AY.34 OR AY.34.1 OR AY.34.1.1 OR AY.34.2 OR AY.35 OR AY.36 OR AY.36.1 OR AY.37 OR AY.38 OR AY.39 OR AY.39.1 OR AY.39.1.1 OR AY.39.1.2 OR AY.39.1.3 OR AY.39.1.4 OR AY.39.2 OR AY.39.3 OR AY.40 OR AY.41 OR AY.42 OR AY.42.1 OR AY.43 OR AY.43.1 OR AY.43.2 OR AY.43.3 OR AY.43.4 OR AY.43.5 OR AY.43.6 OR AY.43.7 OR AY.43.8 OR AY.43.9 OR AY.44 OR AY.45 OR AY.46 OR AY.46.1 OR AY.46.2 OR AY.46.3 OR AY.46.4 OR AY.46.5 OR AY.46.6 OR AY.46.6.1 OR AY.47 OR AY.48 OR AY.49 OR AY.50 OR AY.51 OR AY.52 OR AY.53 OR AY.54 OR AY.55 OR AY.56 OR AY.57 OR AY.58 OR AY.59 OR AY.60 OR AY.61 OR AY.62 OR AY.63 OR AY.64 OR AY.65 OR AY.66 OR AY.67 OR AY.68 OR AY.69 OR AY.70 OR AY.71 OR AY.72 OR AY.73 OR AY.74 OR AY.75 OR AY.75.2 OR AY.75.3 OR AY.76 OR AY.77 OR AY.78 OR AY.79 OR AY.80 OR AY.81 OR AY.82 OR AY.83 OR AY.84 OR AY.85 OR AY.86 OR AY.87 OR AY.88 OR AY.90 OR AY.91 OR AY.91.1 OR AY.92 OR AY.93 OR AY.94 OR AY.95 OR AY.98 OR AY.98.1 OR AY.98.1.1 OR AY.99 OR AY.99.1 OR AY.99.2 OR AY.100 OR AY.101 OR AY.102 OR AY.102.1 OR AY.102.2 OR AY.103 OR AY.103.1 OR AY.103.2 OR AY.104 OR AY.105 OR AY.106 OR AY.107 OR AY.108 OR AY.109 OR AY.110 OR AY.111 OR AY.112 OR AY.112.1 OR AY.112.2 OR AY.112.3 OR AY.113 OR AY.114 OR AY.116 OR AY.116.1 OR AY.117 OR AY.118 OR AY.119 OR AY.119.1 OR AY.119.2 OR AY.120 OR AY.120.1 OR AY.120.2 OR AY.120.2.1 OR AY.121 OR AY.121.1 OR AY.122 OR AY.122.1 OR AY.122.2 OR AY.122.3 OR AY.122.4 OR AY.122.5 OR AY.122.6 OR AY.123 OR AY.123.1 OR AY.124 OR AY.124.1 OR AY.124.1.1 OR AY.125 OR AY.125.1 OR AY.126 OR AY.127 OR AY.127.1 OR AY.127.2 OR AY.127.3 OR AY.128 OR AY.129 OR AY.130 OR AY.131 OR AY.132 OR AY.133 OR AY.134 OR B.1.617.2,Delta,7.42857142857143,0,0
2022-08-10,9,0,7,0,0,6.76864642438304e-05,0.29243617366231,AY.1 OR AY.2 OR AY.3 OR AY.3.1 OR AY.3.2 OR AY.3.3 OR AY.3.4 OR AY.4 OR AY.4.1 OR AY.4.2 OR AY.4.2.1 OR AY.4.2.2 OR AY.4.2.3 OR AY.4.2.4 OR AY.4.2.5 OR AY.4.3 OR AY.4.4 OR AY.4.5 OR AY.4.6 OR AY.4.7 OR AY.4.8 OR AY.4.9 OR AY.4.10 OR AY.4.11 OR AY.4.12 OR AY.4.13 OR AY.4.14 OR AY.4.15 OR AY.4.16 OR AY.4.17 OR AY.5 OR AY.5.1 OR AY.5.2 OR AY.5.3 OR AY.5.4 OR AY.5.5 OR AY.5.6 OR AY.5.7 OR AY.6 OR AY.7 OR AY.7.1 OR AY.7.2 OR AY.8 OR AY.9 OR AY.9.2 OR AY.9.2.1 OR AY.9.2.2 OR AY.10 OR AY.11 OR AY.13 OR AY.14 OR AY.15 OR AY.16 OR AY.16.1 OR AY.17 OR AY.18 OR AY.19 OR AY.20 OR AY.20.1 OR AY.21 OR AY.22 OR AY.23 OR AY.23.1 OR AY.23.2 OR AY.24 OR AY.24.1 OR AY.25 OR AY.25.1 OR AY.25.1.1 OR AY.25.1.2 OR AY.25.2 OR AY.25.3 OR AY.26 OR AY.26.1 OR AY.27 OR AY.28 OR AY.29 OR AY.29.1 OR AY.29.2 OR AY.30 OR AY.31 OR AY.32 OR AY.33 OR AY.33.1 OR AY.33.2 OR AY.34 OR AY.34.1 OR AY.34.1.1 OR AY.34.2 OR AY.35 OR AY.36 OR AY.36.1 OR AY.37 OR AY.38 OR AY.39 OR AY.39.1 OR AY.39.1.1 OR AY.39.1.2 OR AY.39.1.3 OR AY.39.1.4 OR AY.39.2 OR AY.39.3 OR AY.40 OR AY.41 OR AY.42 OR AY.42.1 OR AY.43 OR AY.43.1 OR AY.43.2 OR AY.43.3 OR AY.43.4 OR AY.43.5 OR AY.43.6 OR AY.43.7 OR AY.43.8 OR AY.43.9 OR AY.44 OR AY.45 OR AY.46 OR AY.46.1 OR AY.46.2 OR AY.46.3 OR AY.46.4 OR AY.46.5 OR AY.46.6 OR AY.46.6.1 OR AY.47 OR AY.48 OR AY.49 OR AY.50 OR AY.51 OR AY.52 OR AY.53 OR AY.54 OR AY.55 OR AY.56 OR AY.57 OR AY.58 OR AY.59 OR AY.60 OR AY.61 OR AY.62 OR AY.63 OR AY.64 OR AY.65 OR AY.66 OR AY.67 OR AY.68 OR AY.69 OR AY.70 OR AY.71 OR AY.72 OR AY.73 OR AY.74 OR AY.75 OR AY.75.2 OR AY.75.3 OR AY.76 OR AY.77 OR AY.78 OR AY.79 OR AY.80 OR AY.81 OR AY.82 OR AY.83 OR AY.84 OR AY.85 OR AY.86 OR AY.87 OR AY.88 OR AY.90 OR AY.91 OR AY.91.1 OR AY.92 OR AY.93 OR AY.94 OR AY.95 OR AY.98 OR AY.98.1 OR AY.98.1.1 OR AY.99 OR AY.99.1 OR AY.99.2 OR AY.100 OR AY.101 OR AY.102 OR AY.102.1 OR AY.102.2 OR AY.103 OR AY.103.1 OR AY.103.2 OR AY.104 OR AY.105 OR AY.106 OR AY.107 OR AY.108 OR AY.109 OR AY.110 OR AY.111 OR AY.112 OR AY.112.1 OR AY.112.2 OR AY.112.3 OR AY.113 OR AY.114 OR AY.116 OR AY.116.1 OR AY.117 OR AY.118 OR AY.119 OR AY.119.1 OR AY.119.2 OR AY.120 OR AY.120.1 OR AY.120.2 OR AY.120.2.1 OR AY.121 OR AY.121.1 OR AY.122 OR AY.122.1 OR AY.122.2 OR AY.122.3 OR AY.122.4 OR AY.122.5 OR AY.122.6 OR AY.123 OR AY.123.1 OR AY.124 OR AY.124.1 OR AY.124.1.1 OR AY.125 OR AY.125.1 OR AY.126 OR AY.127 OR AY.127.1 OR AY.127.2 OR AY.127.3 OR AY.128 OR AY.129 OR AY.130 OR AY.131 OR AY.132 OR AY.133 OR AY.134 OR B.1.617.2,Delta,7.14285714285714,0,0
2022-08-11,14,0,7.57142857142857,0,0,5.94903028944023e-05,0.262217248717186,AY.1 OR AY.2 OR AY.3 OR AY.3.1 OR AY.3.2 OR AY.3.3 OR AY.3.4 OR AY.4 OR AY.4.1 OR AY.4.2 OR AY.4.2.1 OR AY.4.2.2 OR AY.4.2.3 OR AY.4.2.4 OR AY.4.2.5 OR AY.4.3 OR AY.4.4 OR AY.4.5 OR AY.4.6 OR AY.4.7 OR AY.4.8 OR AY.4.9 OR AY.4.10 OR AY.4.11 OR AY.4.12 OR AY.4.13 OR AY.4.14 OR AY.4.15 OR AY.4.16 OR AY.4.17 OR AY.5 OR AY.5.1 OR AY.5.2 OR AY.5.3 OR AY.5.4 OR AY.5.5 OR AY.5.6 OR AY.5.7 OR AY.6 OR AY.7 OR AY.7.1 OR AY.7.2 OR AY.8 OR AY.9 OR AY.9.2 OR AY.9.2.1 OR AY.9.2.2 OR AY.10 OR AY.11 OR AY.13 OR AY.14 OR AY.15 OR AY.16 OR AY.16.1 OR AY.17 OR AY.18 OR AY.19 OR AY.20 OR AY.20.1 OR AY.21 OR AY.22 OR AY.23 OR AY.23.1 OR AY.23.2 OR AY.24 OR AY.24.1 OR AY.25 OR AY.25.1 OR AY.25.1.1 OR AY.25.1.2 OR AY.25.2 OR AY.25.3 OR AY.26 OR AY.26.1 OR AY.27 OR AY.28 OR AY.29 OR AY.29.1 OR AY.29.2 OR AY.30 OR AY.31 OR AY.32 OR AY.33 OR AY.33.1 OR AY.33.2 OR AY.34 OR AY.34.1 OR AY.34.1.1 OR AY.34.2 OR AY.35 OR AY.36 OR AY.36.1 OR AY.37 OR AY.38 OR AY.39 OR AY.39.1 OR AY.39.1.1 OR AY.39.1.2 OR AY.39.1.3 OR AY.39.1.4 OR AY.39.2 OR AY.39.3 OR AY.40 OR AY.41 OR AY.42 OR AY.42.1 OR AY.43 OR AY.43.1 OR AY.43.2 OR AY.43.3 OR AY.43.4 OR AY.43.5 OR AY.43.6 OR AY.43.7 OR AY.43.8 OR AY.43.9 OR AY.44 OR AY.45 OR AY.46 OR AY.46.1 OR AY.46.2 OR AY.46.3 OR AY.46.4 OR AY.46.5 OR AY.46.6 OR AY.46.6.1 OR AY.47 OR AY.48 OR AY.49 OR AY.50 OR AY.51 OR AY.52 OR AY.53 OR AY.54 OR AY.55 OR AY.56 OR AY.57 OR AY.58 OR AY.59 OR AY.60 OR AY.61 OR AY.62 OR AY.63 OR AY.64 OR AY.65 OR AY.66 OR AY.67 OR AY.68 OR AY.69 OR AY.70 OR AY.71 OR AY.72 OR AY.73 OR AY.74 OR AY.75 OR AY.75.2 OR AY.75.3 OR AY.76 OR AY.77 OR AY.78 OR AY.79 OR AY.80 OR AY.81 OR AY.82 OR AY.83 OR AY.84 OR AY.85 OR AY.86 OR AY.87 OR AY.88 OR AY.90 OR AY.91 OR AY.91.1 OR AY.92 OR AY.93 OR AY.94 OR AY.95 OR AY.98 OR AY.98.1 OR AY.98.1.1 OR AY.99 OR AY.99.1 OR AY.99.2 OR AY.100 OR AY.101 OR AY.102 OR AY.102.1 OR AY.102.2 OR AY.103 OR AY.103.1 OR AY.103.2 OR AY.104 OR AY.105 OR AY.106 OR AY.107 OR AY.108 OR AY.109 OR AY.110 OR AY.111 OR AY.112 OR AY.112.1 OR AY.112.2 OR AY.112.3 OR AY.113 OR AY.114 OR AY.116 OR AY.116.1 OR AY.117 OR AY.118 OR AY.119 OR AY.119.1 OR AY.119.2 OR AY.120 OR AY.120.1 OR AY.120.2 OR AY.120.2.1 OR AY.121 OR AY.121.1 OR AY.122 OR AY.122.1 OR AY.122.2 OR AY.122.3 OR AY.122.4 OR AY.122.5 OR AY.122.6 OR AY.123 OR AY.123.1 OR AY.124 OR AY.124.1 OR AY.124.1.1 OR AY.125 OR AY.125.1 OR AY.126 OR AY.127 OR AY.127.1 OR AY.127.2 OR AY.127.3 OR AY.128 OR AY.129 OR AY.130 OR AY.131 OR AY.132 OR AY.133 OR AY.134 OR B.1.617.2,Delta,7.57142857142857,0,0
2022-08-12,5,0,7.28571428571429,0,0,6.76864642438304e-05,0.29243617366231,AY.1 OR AY.2 OR AY.3 OR AY.3.1 OR AY.3.2 OR AY.3.3 OR AY.3.4 OR AY.4 OR AY.4.1 OR AY.4.2 OR AY.4.2.1 OR AY.4.2.2 OR AY.4.2.3 OR AY.4.2.4 OR AY.4.2.5 OR AY.4.3 OR AY.4.4 OR AY.4.5 OR AY.4.6 OR AY.4.7 OR AY.4.8 OR AY.4.9 OR AY.4.10 OR AY.4.11 OR AY.4.12 OR AY.4.13 OR AY.4.14 OR AY.4.15 OR AY.4.16 OR AY.4.17 OR AY.5 OR AY.5.1 OR AY.5.2 OR AY.5.3 OR AY.5.4 OR AY.5.5 OR AY.5.6 OR AY.5.7 OR AY.6 OR AY.7 OR AY.7.1 OR AY.7.2 OR AY.8 OR AY.9 OR AY.9.2 OR AY.9.2.1 OR AY.9.2.2 OR AY.10 OR AY.11 OR AY.13 OR AY.14 OR AY.15 OR AY.16 OR AY.16.1 OR AY.17 OR AY.18 OR AY.19 OR AY.20 OR AY.20.1 OR AY.21 OR AY.22 OR AY.23 OR AY.23.1 OR AY.23.2 OR AY.24 OR AY.24.1 OR AY.25 OR AY.25.1 OR AY.25.1.1 OR AY.25.1.2 OR AY.25.2 OR AY.25.3 OR AY.26 OR AY.26.1 OR AY.27 OR AY.28 OR AY.29 OR AY.29.1 OR AY.29.2 OR AY.30 OR AY.31 OR AY.32 OR AY.33 OR AY.33.1 OR AY.33.2 OR AY.34 OR AY.34.1 OR AY.34.1.1 OR AY.34.2 OR AY.35 OR AY.36 OR AY.36.1 OR AY.37 OR AY.38 OR AY.39 OR AY.39.1 OR AY.39.1.1 OR AY.39.1.2 OR AY.39.1.3 OR AY.39.1.4 OR AY.39.2 OR AY.39.3 OR AY.40 OR AY.41 OR AY.42 OR AY.42.1 OR AY.43 OR AY.43.1 OR AY.43.2 OR AY.43.3 OR AY.43.4 OR AY.43.5 OR AY.43.6 OR AY.43.7 OR AY.43.8 OR AY.43.9 OR AY.44 OR AY.45 OR AY.46 OR AY.46.1 OR AY.46.2 OR AY.46.3 OR AY.46.4 OR AY.46.5 OR AY.46.6 OR AY.46.6.1 OR AY.47 OR AY.48 OR AY.49 OR AY.50 OR AY.51 OR AY.52 OR AY.53 OR AY.54 OR AY.55 OR AY.56 OR AY.57 OR AY.58 OR AY.59 OR AY.60 OR AY.61 OR AY.62 OR AY.63 OR AY.64 OR AY.65 OR AY.66 OR AY.67 OR AY.68 OR AY.69 OR AY.70 OR AY.71 OR AY.72 OR AY.73 OR AY.74 OR AY.75 OR AY.75.2 OR AY.75.3 OR AY.76 OR AY.77 OR AY.78 OR AY.79 OR AY.80 OR AY.81 OR AY.82 OR AY.83 OR AY.84 OR AY.85 OR AY.86 OR AY.87 OR AY.88 OR AY.90 OR AY.91 OR AY.91.1 OR AY.92 OR AY.93 OR AY.94 OR AY.95 OR AY.98 OR AY.98.1 OR AY.98.1.1 OR AY.99 OR AY.99.1 OR AY.99.2 OR AY.100 OR AY.101 OR AY.102 OR AY.102.1 OR AY.102.2 OR AY.103 OR AY.103.1 OR AY.103.2 OR AY.104 OR AY.105 OR AY.106 OR AY.107 OR AY.108 OR AY.109 OR AY.110 OR AY.111 OR AY.112 OR AY.112.1 OR AY.112.2 OR AY.112.3 OR AY.113 OR AY.114 OR AY.116 OR AY.116.1 OR AY.117 OR AY.118 OR AY.119 OR AY.119.1 OR AY.119.2 OR AY.120 OR AY.120.1 OR AY.120.2 OR AY.120.2.1 OR AY.121 OR AY.121.1 OR AY.122 OR AY.122.1 OR AY.122.2 OR AY.122.3 OR AY.122.4 OR AY.122.5 OR AY.122.6 OR AY.123 OR AY.123.1 OR AY.124 OR AY.124.1 OR AY.124.1.1 OR AY.125 OR AY.125.1 OR AY.126 OR AY.127 OR AY.127.1 OR AY.127.2 OR AY.127.3 OR AY.128 OR AY.129 OR AY.130 OR AY.131 OR AY.132 OR AY.133 OR AY.134 OR B.1.617.2,Delta,7.14285714285714,0,0
2022-08-14,3,0,6.83333333333333,0,0,6.76864642438304e-05,0.29243617366231,AY.1 OR AY.2 OR AY.3 OR AY.3.1 OR AY.3.2 OR AY.3.3 OR AY.3.4 OR AY.4 OR AY.4.1 OR AY.4.2 OR AY.4.2.1 OR AY.4.2.2 OR AY.4.2.3 OR AY.4.2.4 OR AY.4.2.5 OR AY.4.3 OR AY.4.4 OR AY.4.5 OR AY.4.6 OR AY.4.7 OR AY.4.8 OR AY.4.9 OR AY.4.10 OR AY.4.11 OR AY.4.12 OR AY.4.13 OR AY.4.14 OR AY.4.15 OR AY.4.16 OR AY.4.17 OR AY.5 OR AY.5.1 OR AY.5.2 OR AY.5.3 OR AY.5.4 OR AY.5.5 OR AY.5.6 OR AY.5.7 OR AY.6 OR AY.7 OR AY.7.1 OR AY.7.2 OR AY.8 OR AY.9 OR AY.9.2 OR AY.9.2.1 OR AY.9.2.2 OR AY.10 OR AY.11 OR AY.13 OR AY.14 OR AY.15 OR AY.16 OR AY.16.1 OR AY.17 OR AY.18 OR AY.19 OR AY.20 OR AY.20.1 OR AY.21 OR AY.22 OR AY.23 OR AY.23.1 OR AY.23.2 OR AY.24 OR AY.24.1 OR AY.25 OR AY.25.1 OR AY.25.1.1 OR AY.25.1.2 OR AY.25.2 OR AY.25.3 OR AY.26 OR AY.26.1 OR AY.27 OR AY.28 OR AY.29 OR AY.29.1 OR AY.29.2 OR AY.30 OR AY.31 OR AY.32 OR AY.33 OR AY.33.1 OR AY.33.2 OR AY.34 OR AY.34.1 OR AY.34.1.1 OR AY.34.2 OR AY.35 OR AY.36 OR AY.36.1 OR AY.37 OR AY.38 OR AY.39 OR AY.39.1 OR AY.39.1.1 OR AY.39.1.2 OR AY.39.1.3 OR AY.39.1.4 OR AY.39.2 OR AY.39.3 OR AY.40 OR AY.41 OR AY.42 OR AY.42.1 OR AY.43 OR AY.43.1 OR AY.43.2 OR AY.43.3 OR AY.43.4 OR AY.43.5 OR AY.43.6 OR AY.43.7 OR AY.43.8 OR AY.43.9 OR AY.44 OR AY.45 OR AY.46 OR AY.46.1 OR AY.46.2 OR AY.46.3 OR AY.46.4 OR AY.46.5 OR AY.46.6 OR AY.46.6.1 OR AY.47 OR AY.48 OR AY.49 OR AY.50 OR AY.51 OR AY.52 OR AY.53 OR AY.54 OR AY.55 OR AY.56 OR AY.57 OR AY.58 OR AY.59 OR AY.60 OR AY.61 OR AY.62 OR AY.63 OR AY.64 OR AY.65 OR AY.66 OR AY.67 OR AY.68 OR AY.69 OR AY.70 OR AY.71 OR AY.72 OR AY.73 OR AY.74 OR AY.75 OR AY.75.2 OR AY.75.3 OR AY.76 OR AY.77 OR AY.78 OR AY.79 OR AY.80 OR AY.81 OR AY.82 OR AY.83 OR AY.84 OR AY.85 OR AY.86 OR AY.87 OR AY.88 OR AY.90 OR AY.91 OR AY.91.1 OR AY.92 OR AY.93 OR AY.94 OR AY.95 OR AY.98 OR AY.98.1 OR AY.98.1.1 OR AY.99 OR AY.99.1 OR AY.99.2 OR AY.100 OR AY.101 OR AY.102 OR AY.102.1 OR AY.102.2 OR AY.103 OR AY.103.1 OR AY.103.2 OR AY.104 OR AY.105 OR AY.106 OR AY.107 OR AY.108 OR AY.109 OR AY.110 OR AY.111 OR AY.112 OR AY.112.1 OR AY.112.2 OR AY.112.3 OR AY.113 OR AY.114 OR AY.116 OR AY.116.1 OR AY.117 OR AY.118 OR AY.119 OR AY.119.1 OR AY.119.2 OR AY.120 OR AY.120.1 OR AY.120.2 OR AY.120.2.1 OR AY.121 OR AY.121.1 OR AY.122 OR AY.122.1 OR AY.122.2 OR AY.122.3 OR AY.122.4 OR AY.122.5 OR AY.122.6 OR AY.123 OR AY.123.1 OR AY.124 OR AY.124.1 OR AY.124.1.1 OR AY.125 OR AY.125.1 OR AY.126 OR AY.127 OR AY.127.1 OR AY.127.2 OR AY.127.3 OR AY.128 OR AY.129 OR AY.130 OR AY.131 OR AY.132 OR AY.133 OR AY.134 OR B.1.617.2,Delta,7.07142857142857,0,0
2022-08-15,2,0,6.16666666666667,0,0,7.84998483662082e-05,0.33038890915155,AY.1 OR AY.2 OR AY.3 OR AY.3.1 OR AY.3.2 OR AY.3.3 OR AY.3.4 OR AY.4 OR AY.4.1 OR AY.4.2 OR AY.4.2.1 OR AY.4.2.2 OR AY.4.2.3 OR AY.4.2.4 OR AY.4.2.5 OR AY.4.3 OR AY.4.4 OR AY.4.5 OR AY.4.6 OR AY.4.7 OR AY.4.8 OR AY.4.9 OR AY.4.10 OR AY.4.11 OR AY.4.12 OR AY.4.13 OR AY.4.14 OR AY.4.15 OR AY.4.16 OR AY.4.17 OR AY.5 OR AY.5.1 OR AY.5.2 OR AY.5.3 OR AY.5.4 OR AY.5.5 OR AY.5.6 OR AY.5.7 OR AY.6 OR AY.7 OR AY.7.1 OR AY.7.2 OR AY.8 OR AY.9 OR AY.9.2 OR AY.9.2.1 OR AY.9.2.2 OR AY.10 OR AY.11 OR AY.13 OR AY.14 OR AY.15 OR AY.16 OR AY.16.1 OR AY.17 OR AY.18 OR AY.19 OR AY.20 OR AY.20.1 OR AY.21 OR AY.22 OR AY.23 OR AY.23.1 OR AY.23.2 OR AY.24 OR AY.24.1 OR AY.25 OR AY.25.1 OR AY.25.1.1 OR AY.25.1.2 OR AY.25.2 OR AY.25.3 OR AY.26 OR AY.26.1 OR AY.27 OR AY.28 OR AY.29 OR AY.29.1 OR AY.29.2 OR AY.30 OR AY.31 OR AY.32 OR AY.33 OR AY.33.1 OR AY.33.2 OR AY.34 OR AY.34.1 OR AY.34.1.1 OR AY.34.2 OR AY.35 OR AY.36 OR AY.36.1 OR AY.37 OR AY.38 OR AY.39 OR AY.39.1 OR AY.39.1.1 OR AY.39.1.2 OR AY.39.1.3 OR AY.39.1.4 OR AY.39.2 OR AY.39.3 OR AY.40 OR AY.41 OR AY.42 OR AY.42.1 OR AY.43 OR AY.43.1 OR AY.43.2 OR AY.43.3 OR AY.43.4 OR AY.43.5 OR AY.43.6 OR AY.43.7 OR AY.43.8 OR AY.43.9 OR AY.44 OR AY.45 OR AY.46 OR AY.46.1 OR AY.46.2 OR AY.46.3 OR AY.46.4 OR AY.46.5 OR AY.46.6 OR AY.46.6.1 OR AY.47 OR AY.48 OR AY.49 OR AY.50 OR AY.51 OR AY.52 OR AY.53 OR AY.54 OR AY.55 OR AY.56 OR AY.57 OR AY.58 OR AY.59 OR AY.60 OR AY.61 OR AY.62 OR AY.63 OR AY.64 OR AY.65 OR AY.66 OR AY.67 OR AY.68 OR AY.69 OR AY.70 OR AY.71 OR AY.72 OR AY.73 OR AY.74 OR AY.75 OR AY.75.2 OR AY.75.3 OR AY.76 OR AY.77 OR AY.78 OR AY.79 OR AY.80 OR AY.81 OR AY.82 OR AY.83 OR AY.84 OR AY.85 OR AY.86 OR AY.87 OR AY.88 OR AY.90 OR AY.91 OR AY.91.1 OR AY.92 OR AY.93 OR AY.94 OR AY.95 OR AY.98 OR AY.98.1 OR AY.98.1.1 OR AY.99 OR AY.99.1 OR AY.99.2 OR AY.100 OR AY.101 OR AY.102 OR AY.102.1 OR AY.102.2 OR AY.103 OR AY.103.1 OR AY.103.2 OR AY.104 OR AY.105 OR AY.106 OR AY.107 OR AY.108 OR AY.109 OR AY.110 OR AY.111 OR AY.112 OR AY.112.1 OR AY.112.2 OR AY.112.3 OR AY.113 OR AY.114 OR AY.116 OR AY.116.1 OR AY.117 OR AY.118 OR AY.119 OR AY.119.1 OR AY.119.2 OR AY.120 OR AY.120.1 OR AY.120.2 OR AY.120.2.1 OR AY.121 OR AY.121.1 OR AY.122 OR AY.122.1 OR AY.122.2 OR AY.122.3 OR AY.122.4 OR AY.122.5 OR AY.122.6 OR AY.123 OR AY.123.1 OR AY.124 OR AY.124.1 OR AY.124.1.1 OR AY.125 OR AY.125.1 OR AY.126 OR AY.127 OR AY.127.1 OR AY.127.2 OR AY.127.3 OR AY.128 OR AY.129 OR AY.130 OR AY.131 OR AY.132 OR AY.133 OR AY.134 OR B.1.617.2,Delta,7,0,0
2022-08-16,7,0,6.66666666666667,0,0,6.76864642438304e-05,0.29243617366231,AY.1 OR AY.2 OR AY.3 OR AY.3.1 OR AY.3.2 OR AY.3.3 OR AY.3.4 OR AY.4 OR AY.4.1 OR AY.4.2 OR AY.4.2.1 OR AY.4.2.2 OR AY.4.2.3 OR AY.4.2.4 OR AY.4.2.5 OR AY.4.3 OR AY.4.4 OR AY.4.5 OR AY.4.6 OR AY.4.7 OR AY.4.8 OR AY.4.9 OR AY.4.10 OR AY.4.11 OR AY.4.12 OR AY.4.13 OR AY.4.14 OR AY.4.15 OR AY.4.16 OR AY.4.17 OR AY.5 OR AY.5.1 OR AY.5.2 OR AY.5.3 OR AY.5.4 OR AY.5.5 OR AY.5.6 OR AY.5.7 OR AY.6 OR AY.7 OR AY.7.1 OR AY.7.2 OR AY.8 OR AY.9 OR AY.9.2 OR AY.9.2.1 OR AY.9.2.2 OR AY.10 OR AY.11 OR AY.13 OR AY.14 OR AY.15 OR AY.16 OR AY.16.1 OR AY.17 OR AY.18 OR AY.19 OR AY.20 OR AY.20.1 OR AY.21 OR AY.22 OR AY.23 OR AY.23.1 OR AY.23.2 OR AY.24 OR AY.24.1 OR AY.25 OR AY.25.1 OR AY.25.1.1 OR AY.25.1.2 OR AY.25.2 OR AY.25.3 OR AY.26 OR AY.26.1 OR AY.27 OR AY.28 OR AY.29 OR AY.29.1 OR AY.29.2 OR AY.30 OR AY.31 OR AY.32 OR AY.33 OR AY.33.1 OR AY.33.2 OR AY.34 OR AY.34.1 OR AY.34.1.1 OR AY.34.2 OR AY.35 OR AY.36 OR AY.36.1 OR AY.37 OR AY.38 OR AY.39 OR AY.39.1 OR AY.39.1.1 OR AY.39.1.2 OR AY.39.1.3 OR AY.39.1.4 OR AY.39.2 OR AY.39.3 OR AY.40 OR AY.41 OR AY.42 OR AY.42.1 OR AY.43 OR AY.43.1 OR AY.43.2 OR AY.43.3 OR AY.43.4 OR AY.43.5 OR AY.43.6 OR AY.43.7 OR AY.43.8 OR AY.43.9 OR AY.44 OR AY.45 OR AY.46 OR AY.46.1 OR AY.46.2 OR AY.46.3 OR AY.46.4 OR AY.46.5 OR AY.46.6 OR AY.46.6.1 OR AY.47 OR AY.48 OR AY.49 OR AY.50 OR AY.51 OR AY.52 OR AY.53 OR AY.54 OR AY.55 OR AY.56 OR AY.57 OR AY.58 OR AY.59 OR AY.60 OR AY.61 OR AY.62 OR AY.63 OR AY.64 OR AY.65 OR AY.66 OR AY.67 OR AY.68 OR AY.69 OR AY.70 OR AY.71 OR AY.72 OR AY.73 OR AY.74 OR AY.75 OR AY.75.2 OR AY.75.3 OR AY.76 OR AY.77 OR AY.78 OR AY.79 OR AY.80 OR AY.81 OR AY.82 OR AY.83 OR AY.84 OR AY.85 OR AY.86 OR AY.87 OR AY.88 OR AY.90 OR AY.91 OR AY.91.1 OR AY.92 OR AY.93 OR AY.94 OR AY.95 OR AY.98 OR AY.98.1 OR AY.98.1.1 OR AY.99 OR AY.99.1 OR AY.99.2 OR AY.100 OR AY.101 OR AY.102 OR AY.102.1 OR AY.102.2 OR AY.103 OR AY.103.1 OR AY.103.2 OR AY.104 OR AY.105 OR AY.106 OR AY.107 OR AY.108 OR AY.109 OR AY.110 OR AY.111 OR AY.112 OR AY.112.1 OR AY.112.2 OR AY.112.3 OR AY.113 OR AY.114 OR AY.116 OR AY.116.1 OR AY.117 OR AY.118 OR AY.119 OR AY.119.1 OR AY.119.2 OR AY.120 OR AY.120.1 OR AY.120.2 OR AY.120.2.1 OR AY.121 OR AY.121.1 OR AY.122 OR AY.122.1 OR AY.122.2 OR AY.122.3 OR AY.122.4 OR AY.122.5 OR AY.122.6 OR AY.123 OR AY.123.1 OR AY.124 OR AY.124.1 OR AY.124.1.1 OR AY.125 OR AY.125.1 OR AY.126 OR AY.127 OR AY.127.1 OR AY.127.2 OR AY.127.3 OR AY.128 OR AY.129 OR AY.130 OR AY.131 OR AY.132 OR AY.133 OR AY.134 OR B.1.617.2,Delta,7,0,0
2022-08-17,7,0,6.33333333333333,0,0,7.84998483662082e-05,0.33038890915155,AY.1 OR AY.2 OR AY.3 OR AY.3.1 OR AY.3.2 OR AY.3.3 OR AY.3.4 OR AY.4 OR AY.4.1 OR AY.4.2 OR AY.4.2.1 OR AY.4.2.2 OR AY.4.2.3 OR AY.4.2.4 OR AY.4.2.5 OR AY.4.3 OR AY.4.4 OR AY.4.5 OR AY.4.6 OR AY.4.7 OR AY.4.8 OR AY.4.9 OR AY.4.10 OR AY.4.11 OR AY.4.12 OR AY.4.13 OR AY.4.14 OR AY.4.15 OR AY.4.16 OR AY.4.17 OR AY.5 OR AY.5.1 OR AY.5.2 OR AY.5.3 OR AY.5.4 OR AY.5.5 OR AY.5.6 OR AY.5.7 OR AY.6 OR AY.7 OR AY.7.1 OR AY.7.2 OR AY.8 OR AY.9 OR AY.9.2 OR AY.9.2.1 OR AY.9.2.2 OR AY.10 OR AY.11 OR AY.13 OR AY.14 OR AY.15 OR AY.16 OR AY.16.1 OR AY.17 OR AY.18 OR AY.19 OR AY.20 OR AY.20.1 OR AY.21 OR AY.22 OR AY.23 OR AY.23.1 OR AY.23.2 OR AY.24 OR AY.24.1 OR AY.25 OR AY.25.1 OR AY.25.1.1 OR AY.25.1.2 OR AY.25.2 OR AY.25.3 OR AY.26 OR AY.26.1 OR AY.27 OR AY.28 OR AY.29 OR AY.29.1 OR AY.29.2 OR AY.30 OR AY.31 OR AY.32 OR AY.33 OR AY.33.1 OR AY.33.2 OR AY.34 OR AY.34.1 OR AY.34.1.1 OR AY.34.2 OR AY.35 OR AY.36 OR AY.36.1 OR AY.37 OR AY.38 OR AY.39 OR AY.39.1 OR AY.39.1.1 OR AY.39.1.2 OR AY.39.1.3 OR AY.39.1.4 OR AY.39.2 OR AY.39.3 OR AY.40 OR AY.41 OR AY.42 OR AY.42.1 OR AY.43 OR AY.43.1 OR AY.43.2 OR AY.43.3 OR AY.43.4 OR AY.43.5 OR AY.43.6 OR AY.43.7 OR AY.43.8 OR AY.43.9 OR AY.44 OR AY.45 OR AY.46 OR AY.46.1 OR AY.46.2 OR AY.46.3 OR AY.46.4 OR AY.46.5 OR AY.46.6 OR AY.46.6.1 OR AY.47 OR AY.48 OR AY.49 OR AY.50 OR AY.51 OR AY.52 OR AY.53 OR AY.54 OR AY.55 OR AY.56 OR AY.57 OR AY.58 OR AY.59 OR AY.60 OR AY.61 OR AY.62 OR AY.63 OR AY.64 OR AY.65 OR AY.66 OR AY.67 OR AY.68 OR AY.69 OR AY.70 OR AY.71 OR AY.72 OR AY.73 OR AY.74 OR AY.75 OR AY.75.2 OR AY.75.3 OR AY.76 OR AY.77 OR AY.78 OR AY.79 OR AY.80 OR AY.81 OR AY.82 OR AY.83 OR AY.84 OR AY.85 OR AY.86 OR AY.87 OR AY.88 OR AY.90 OR AY.91 OR AY.91.1 OR AY.92 OR AY.93 OR AY.94 OR AY.95 OR AY.98 OR AY.98.1 OR AY.98.1.1 OR AY.99 OR AY.99.1 OR AY.99.2 OR AY.100 OR AY.101 OR AY.102 OR AY.102.1 OR AY.102.2 OR AY.103 OR AY.103.1 OR AY.103.2 OR AY.104 OR AY.105 OR AY.106 OR AY.107 OR AY.108 OR AY.109 OR AY.110 OR AY.111 OR AY.112 OR AY.112.1 OR AY.112.2 OR AY.112.3 OR AY.113 OR AY.114 OR AY.116 OR AY.116.1 OR AY.117 OR AY.118 OR AY.119 OR AY.119.1 OR AY.119.2 OR AY.120 OR AY.120.1 OR AY.120.2 OR AY.120.2.1 OR AY.121 OR AY.121.1 OR AY.122 OR AY.122.1 OR AY.122.2 OR AY.122.3 OR AY.122.4 OR AY.122.5 OR AY.122.6 OR AY.123 OR AY.123.1 OR AY.124 OR AY.124.1 OR AY.124.1.1 OR AY.125 OR AY.125.1 OR AY.126 OR AY.127 OR AY.127.1 OR AY.127.2 OR AY.127.3 OR AY.128 OR AY.129 OR AY.130 OR AY.131 OR AY.132 OR AY.133 OR AY.134 OR B.1.617.2,Delta,7.07142857142857,0,0
2022-08-18,3,0,4.5,0,0,0.000115332788238275,0.44476261765764,AY.1 OR AY.2 OR AY.3 OR AY.3.1 OR AY.3.2 OR AY.3.3 OR AY.3.4 OR AY.4 OR AY.4.1 OR AY.4.2 OR AY.4.2.1 OR AY.4.2.2 OR AY.4.2.3 OR AY.4.2.4 OR AY.4.2.5 OR AY.4.3 OR AY.4.4 OR AY.4.5 OR AY.4.6 OR AY.4.7 OR AY.4.8 OR AY.4.9 OR AY.4.10 OR AY.4.11 OR AY.4.12 OR AY.4.13 OR AY.4.14 OR AY.4.15 OR AY.4.16 OR AY.4.17 OR AY.5 OR AY.5.1 OR AY.5.2 OR AY.5.3 OR AY.5.4 OR AY.5.5 OR AY.5.6 OR AY.5.7 OR AY.6 OR AY.7 OR AY.7.1 OR AY.7.2 OR AY.8 OR AY.9 OR AY.9.2 OR AY.9.2.1 OR AY.9.2.2 OR AY.10 OR AY.11 OR AY.13 OR AY.14 OR AY.15 OR AY.16 OR AY.16.1 OR AY.17 OR AY.18 OR AY.19 OR AY.20 OR AY.20.1 OR AY.21 OR AY.22 OR AY.23 OR AY.23.1 OR AY.23.2 OR AY.24 OR AY.24.1 OR AY.25 OR AY.25.1 OR AY.25.1.1 OR AY.25.1.2 OR AY.25.2 OR AY.25.3 OR AY.26 OR AY.26.1 OR AY.27 OR AY.28 OR AY.29 OR AY.29.1 OR AY.29.2 OR AY.30 OR AY.31 OR AY.32 OR AY.33 OR AY.33.1 OR AY.33.2 OR AY.34 OR AY.34.1 OR AY.34.1.1 OR AY.34.2 OR AY.35 OR AY.36 OR AY.36.1 OR AY.37 OR AY.38 OR AY.39 OR AY.39.1 OR AY.39.1.1 OR AY.39.1.2 OR AY.39.1.3 OR AY.39.1.4 OR AY.39.2 OR AY.39.3 OR AY.40 OR AY.41 OR AY.42 OR AY.42.1 OR AY.43 OR AY.43.1 OR AY.43.2 OR AY.43.3 OR AY.43.4 OR AY.43.5 OR AY.43.6 OR AY.43.7 OR AY.43.8 OR AY.43.9 OR AY.44 OR AY.45 OR AY.46 OR AY.46.1 OR AY.46.2 OR AY.46.3 OR AY.46.4 OR AY.46.5 OR AY.46.6 OR AY.46.6.1 OR AY.47 OR AY.48 OR AY.49 OR AY.50 OR AY.51 OR AY.52 OR AY.53 OR AY.54 OR AY.55 OR AY.56 OR AY.57 OR AY.58 OR AY.59 OR AY.60 OR AY.61 OR AY.62 OR AY.63 OR AY.64 OR AY.65 OR AY.66 OR AY.67 OR AY.68 OR AY.69 OR AY.70 OR AY.71 OR AY.72 OR AY.73 OR AY.74 OR AY.75 OR AY.75.2 OR AY.75.3 OR AY.76 OR AY.77 OR AY.78 OR AY.79 OR AY.80 OR AY.81 OR AY.82 OR AY.83 OR AY.84 OR AY.85 OR AY.86 OR AY.87 OR AY.88 OR AY.90 OR AY.91 OR AY.91.1 OR AY.92 OR AY.93 OR AY.94 OR AY.95 OR AY.98 OR AY.98.1 OR AY.98.1.1 OR AY.99 OR AY.99.1 OR AY.99.2 OR AY.100 OR AY.101 OR AY.102 OR AY.102.1 OR AY.102.2 OR AY.103 OR AY.103.1 OR AY.103.2 OR AY.104 OR AY.105 OR AY.106 OR AY.107 OR AY.108 OR AY.109 OR AY.110 OR AY.111 OR AY.112 OR AY.112.1 OR AY.112.2 OR AY.112.3 OR AY.113 OR AY.114 OR AY.116 OR AY.116.1 OR AY.117 OR AY.118 OR AY.119 OR AY.119.1 OR AY.119.2 OR AY.120 OR AY.120.1 OR AY.120.2 OR AY.120.2.1 OR AY.121 OR AY.121.1 OR AY.122 OR AY.122.1 OR AY.122.2 OR AY.122.3 OR AY.122.4 OR AY.122.5 OR AY.122.6 OR AY.123 OR AY.123.1 OR AY.124 OR AY.124.1 OR AY.124.1.1 OR AY.125 OR AY.125.1 OR AY.126 OR AY.127 OR AY.127.1 OR AY.127.2 OR AY.127.3 OR AY.128 OR AY.129 OR AY.130 OR AY.131 OR AY.132 OR AY.133 OR AY.134 OR B.1.617.2,Delta,6.42857142857143,0,0
2022-08-19,6,0,4.66666666666667,0,0,9.34206000395449e-05,0.379377142299039,AY.1 OR AY.2 OR AY.3 OR AY.3.1 OR AY.3.2 OR AY.3.3 OR AY.3.4 OR AY.4 OR AY.4.1 OR AY.4.2 OR AY.4.2.1 OR AY.4.2.2 OR AY.4.2.3 OR AY.4.2.4 OR AY.4.2.5 OR AY.4.3 OR AY.4.4 OR AY.4.5 OR AY.4.6 OR AY.4.7 OR AY.4.8 OR AY.4.9 OR AY.4.10 OR AY.4.11 OR AY.4.12 OR AY.4.13 OR AY.4.14 OR AY.4.15 OR AY.4.16 OR AY.4.17 OR AY.5 OR AY.5.1 OR AY.5.2 OR AY.5.3 OR AY.5.4 OR AY.5.5 OR AY.5.6 OR AY.5.7 OR AY.6 OR AY.7 OR AY.7.1 OR AY.7.2 OR AY.8 OR AY.9 OR AY.9.2 OR AY.9.2.1 OR AY.9.2.2 OR AY.10 OR AY.11 OR AY.13 OR AY.14 OR AY.15 OR AY.16 OR AY.16.1 OR AY.17 OR AY.18 OR AY.19 OR AY.20 OR AY.20.1 OR AY.21 OR AY.22 OR AY.23 OR AY.23.1 OR AY.23.2 OR AY.24 OR AY.24.1 OR AY.25 OR AY.25.1 OR AY.25.1.1 OR AY.25.1.2 OR AY.25.2 OR AY.25.3 OR AY.26 OR AY.26.1 OR AY.27 OR AY.28 OR AY.29 OR AY.29.1 OR AY.29.2 OR AY.30 OR AY.31 OR AY.32 OR AY.33 OR AY.33.1 OR AY.33.2 OR AY.34 OR AY.34.1 OR AY.34.1.1 OR AY.34.2 OR AY.35 OR AY.36 OR AY.36.1 OR AY.37 OR AY.38 OR AY.39 OR AY.39.1 OR AY.39.1.1 OR AY.39.1.2 OR AY.39.1.3 OR AY.39.1.4 OR AY.39.2 OR AY.39.3 OR AY.40 OR AY.41 OR AY.42 OR AY.42.1 OR AY.43 OR AY.43.1 OR AY.43.2 OR AY.43.3 OR AY.43.4 OR AY.43.5 OR AY.43.6 OR AY.43.7 OR AY.43.8 OR AY.43.9 OR AY.44 OR AY.45 OR AY.46 OR AY.46.1 OR AY.46.2 OR AY.46.3 OR AY.46.4 OR AY.46.5 OR AY.46.6 OR AY.46.6.1 OR AY.47 OR AY.48 OR AY.49 OR AY.50 OR AY.51 OR AY.52 OR AY.53 OR AY.54 OR AY.55 OR AY.56 OR AY.57 OR AY.58 OR AY.59 OR AY.60 OR AY.61 OR AY.62 OR AY.63 OR AY.64 OR AY.65 OR AY.66 OR AY.67 OR AY.68 OR AY.69 OR AY.70 OR AY.71 OR AY.72 OR AY.73 OR AY.74 OR AY.75 OR AY.75.2 OR AY.75.3 OR AY.76 OR AY.77 OR AY.78 OR AY.79 OR AY.80 OR AY.81 OR AY.82 OR AY.83 OR AY.84 OR AY.85 OR AY.86 OR AY.87 OR AY.88 OR AY.90 OR AY.91 OR AY.91.1 OR AY.92 OR AY.93 OR AY.94 OR AY.95 OR AY.98 OR AY.98.1 OR AY.98.1.1 OR AY.99 OR AY.99.1 OR AY.99.2 OR AY.100 OR AY.101 OR AY.102 OR AY.102.1 OR AY.102.2 OR AY.103 OR AY.103.1 OR AY.103.2 OR AY.104 OR AY.105 OR AY.106 OR AY.107 OR AY.108 OR AY.109 OR AY.110 OR AY.111 OR AY.112 OR AY.112.1 OR AY.112.2 OR AY.112.3 OR AY.113 OR AY.114 OR AY.116 OR AY.116.1 OR AY.117 OR AY.118 OR AY.119 OR AY.119.1 OR AY.119.2 OR AY.120 OR AY.120.1 OR AY.120.2 OR AY.120.2.1 OR AY.121 OR AY.121.1 OR AY.122 OR AY.122.1 OR AY.122.2 OR AY.122.3 OR AY.122.4 OR AY.122.5 OR AY.122.6 OR AY.123 OR AY.123.1 OR AY.124 OR AY.124.1 OR AY.124.1.1 OR AY.125 OR AY.125.1 OR AY.126 OR AY.127 OR AY.127.1 OR AY.127.2 OR AY.127.3 OR AY.128 OR AY.129 OR AY.130 OR AY.131 OR AY.132 OR AY.133 OR AY.134 OR B.1.617.2,Delta,6.14285714285714,0,0
2022-08-20,4,0,4.57142857142857,0,0,9.34206000395449e-05,0.379377142299039,AY.1 OR AY.2 OR AY.3 OR AY.3.1 OR AY.3.2 OR AY.3.3 OR AY.3.4 OR AY.4 OR AY.4.1 OR AY.4.2 OR AY.4.2.1 OR AY.4.2.2 OR AY.4.2.3 OR AY.4.2.4 OR AY.4.2.5 OR AY.4.3 OR AY.4.4 OR AY.4.5 OR AY.4.6 OR AY.4.7 OR AY.4.8 OR AY.4.9 OR AY.4.10 OR AY.4.11 OR AY.4.12 OR AY.4.13 OR AY.4.14 OR AY.4.15 OR AY.4.16 OR AY.4.17 OR AY.5 OR AY.5.1 OR AY.5.2 OR AY.5.3 OR AY.5.4 OR AY.5.5 OR AY.5.6 OR AY.5.7 OR AY.6 OR AY.7 OR AY.7.1 OR AY.7.2 OR AY.8 OR AY.9 OR AY.9.2 OR AY.9.2.1 OR AY.9.2.2 OR AY.10 OR AY.11 OR AY.13 OR AY.14 OR AY.15 OR AY.16 OR AY.16.1 OR AY.17 OR AY.18 OR AY.19 OR AY.20 OR AY.20.1 OR AY.21 OR AY.22 OR AY.23 OR AY.23.1 OR AY.23.2 OR AY.24 OR AY.24.1 OR AY.25 OR AY.25.1 OR AY.25.1.1 OR AY.25.1.2 OR AY.25.2 OR AY.25.3 OR AY.26 OR AY.26.1 OR AY.27 OR AY.28 OR AY.29 OR AY.29.1 OR AY.29.2 OR AY.30 OR AY.31 OR AY.32 OR AY.33 OR AY.33.1 OR AY.33.2 OR AY.34 OR AY.34.1 OR AY.34.1.1 OR AY.34.2 OR AY.35 OR AY.36 OR AY.36.1 OR AY.37 OR AY.38 OR AY.39 OR AY.39.1 OR AY.39.1.1 OR AY.39.1.2 OR AY.39.1.3 OR AY.39.1.4 OR AY.39.2 OR AY.39.3 OR AY.40 OR AY.41 OR AY.42 OR AY.42.1 OR AY.43 OR AY.43.1 OR AY.43.2 OR AY.43.3 OR AY.43.4 OR AY.43.5 OR AY.43.6 OR AY.43.7 OR AY.43.8 OR AY.43.9 OR AY.44 OR AY.45 OR AY.46 OR AY.46.1 OR AY.46.2 OR AY.46.3 OR AY.46.4 OR AY.46.5 OR AY.46.6 OR AY.46.6.1 OR AY.47 OR AY.48 OR AY.49 OR AY.50 OR AY.51 OR AY.52 OR AY.53 OR AY.54 OR AY.55 OR AY.56 OR AY.57 OR AY.58 OR AY.59 OR AY.60 OR AY.61 OR AY.62 OR AY.63 OR AY.64 OR AY.65 OR AY.66 OR AY.67 OR AY.68 OR AY.69 OR AY.70 OR AY.71 OR AY.72 OR AY.73 OR AY.74 OR AY.75 OR AY.75.2 OR AY.75.3 OR AY.76 OR AY.77 OR AY.78 OR AY.79 OR AY.80 OR AY.81 OR AY.82 OR AY.83 OR AY.84 OR AY.85 OR AY.86 OR AY.87 OR AY.88 OR AY.90 OR AY.91 OR AY.91.1 OR AY.92 OR AY.93 OR AY.94 OR AY.95 OR AY.98 OR AY.98.1 OR AY.98.1.1 OR AY.99 OR AY.99.1 OR AY.99.2 OR AY.100 OR AY.101 OR AY.102 OR AY.102.1 OR AY.102.2 OR AY.103 OR AY.103.1 OR AY.103.2 OR AY.104 OR AY.105 OR AY.106 OR AY.107 OR AY.108 OR AY.109 OR AY.110 OR AY.111 OR AY.112 OR AY.112.1 OR AY.112.2 OR AY.112.3 OR AY.113 OR AY.114 OR AY.116 OR AY.116.1 OR AY.117 OR AY.118 OR AY.119 OR AY.119.1 OR AY.119.2 OR AY.120 OR AY.120.1 OR AY.120.2 OR AY.120.2.1 OR AY.121 OR AY.121.1 OR AY.122 OR AY.122.1 OR AY.122.2 OR AY.122.3 OR AY.122.4 OR AY.122.5 OR AY.122.6 OR AY.123 OR AY.123.1 OR AY.124 OR AY.124.1 OR AY.124.1.1 OR AY.125 OR AY.125.1 OR AY.126 OR AY.127 OR AY.127.1 OR AY.127.2 OR AY.127.3 OR AY.128 OR AY.129 OR AY.130 OR AY.131 OR AY.132 OR AY.133 OR AY.134 OR B.1.617.2,Delta,5.92857142857143,0,0
2022-08-21,3,0,4.57142857142857,0,0,9.34206000395449e-05,0.379377142299039,AY.1 OR AY.2 OR AY.3 OR AY.3.1 OR AY.3.2 OR AY.3.3 OR AY.3.4 OR AY.4 OR AY.4.1 OR AY.4.2 OR AY.4.2.1 OR AY.4.2.2 OR AY.4.2.3 OR AY.4.2.4 OR AY.4.2.5 OR AY.4.3 OR AY.4.4 OR AY.4.5 OR AY.4.6 OR AY.4.7 OR AY.4.8 OR AY.4.9 OR AY.4.10 OR AY.4.11 OR AY.4.12 OR AY.4.13 OR AY.4.14 OR AY.4.15 OR AY.4.16 OR AY.4.17 OR AY.5 OR AY.5.1 OR AY.5.2 OR AY.5.3 OR AY.5.4 OR AY.5.5 OR AY.5.6 OR AY.5.7 OR AY.6 OR AY.7 OR AY.7.1 OR AY.7.2 OR AY.8 OR AY.9 OR AY.9.2 OR AY.9.2.1 OR AY.9.2.2 OR AY.10 OR AY.11 OR AY.13 OR AY.14 OR AY.15 OR AY.16 OR AY.16.1 OR AY.17 OR AY.18 OR AY.19 OR AY.20 OR AY.20.1 OR AY.21 OR AY.22 OR AY.23 OR AY.23.1 OR AY.23.2 OR AY.24 OR AY.24.1 OR AY.25 OR AY.25.1 OR AY.25.1.1 OR AY.25.1.2 OR AY.25.2 OR AY.25.3 OR AY.26 OR AY.26.1 OR AY.27 OR AY.28 OR AY.29 OR AY.29.1 OR AY.29.2 OR AY.30 OR AY.31 OR AY.32 OR AY.33 OR AY.33.1 OR AY.33.2 OR AY.34 OR AY.34.1 OR AY.34.1.1 OR AY.34.2 OR AY.35 OR AY.36 OR AY.36.1 OR AY.37 OR AY.38 OR AY.39 OR AY.39.1 OR AY.39.1.1 OR AY.39.1.2 OR AY.39.1.3 OR AY.39.1.4 OR AY.39.2 OR AY.39.3 OR AY.40 OR AY.41 OR AY.42 OR AY.42.1 OR AY.43 OR AY.43.1 OR AY.43.2 OR AY.43.3 OR AY.43.4 OR AY.43.5 OR AY.43.6 OR AY.43.7 OR AY.43.8 OR AY.43.9 OR AY.44 OR AY.45 OR AY.46 OR AY.46.1 OR AY.46.2 OR AY.46.3 OR AY.46.4 OR AY.46.5 OR AY.46.6 OR AY.46.6.1 OR AY.47 OR AY.48 OR AY.49 OR AY.50 OR AY.51 OR AY.52 OR AY.53 OR AY.54 OR AY.55 OR AY.56 OR AY.57 OR AY.58 OR AY.59 OR AY.60 OR AY.61 OR AY.62 OR AY.63 OR AY.64 OR AY.65 OR AY.66 OR AY.67 OR AY.68 OR AY.69 OR AY.70 OR AY.71 OR AY.72 OR AY.73 OR AY.74 OR AY.75 OR AY.75.2 OR AY.75.3 OR AY.76 OR AY.77 OR AY.78 OR AY.79 OR AY.80 OR AY.81 OR AY.82 OR AY.83 OR AY.84 OR AY.85 OR AY.86 OR AY.87 OR AY.88 OR AY.90 OR AY.91 OR AY.91.1 OR AY.92 OR AY.93 OR AY.94 OR AY.95 OR AY.98 OR AY.98.1 OR AY.98.1.1 OR AY.99 OR AY.99.1 OR AY.99.2 OR AY.100 OR AY.101 OR AY.102 OR AY.102.1 OR AY.102.2 OR AY.103 OR AY.103.1 OR AY.103.2 OR AY.104 OR AY.105 OR AY.106 OR AY.107 OR AY.108 OR AY.109 OR AY.110 OR AY.111 OR AY.112 OR AY.112.1 OR AY.112.2 OR AY.112.3 OR AY.113 OR AY.114 OR AY.116 OR AY.116.1 OR AY.117 OR AY.118 OR AY.119 OR AY.119.1 OR AY.119.2 OR AY.120 OR AY.120.1 OR AY.120.2 OR AY.120.2.1 OR AY.121 OR AY.121.1 OR AY.122 OR AY.122.1 OR AY.122.2 OR AY.122.3 OR AY.122.4 OR AY.122.5 OR AY.122.6 OR AY.123 OR AY.123.1 OR AY.124 OR AY.124.1 OR AY.124.1.1 OR AY.125 OR AY.125.1 OR AY.126 OR AY.127 OR AY.127.1 OR AY.127.2 OR AY.127.3 OR AY.128 OR AY.129 OR AY.130 OR AY.131 OR AY.132 OR AY.133 OR AY.134 OR B.1.617.2,Delta,5.57142857142857,0,0
2022-08-22,3,0,4.71428571428571,0,0,9.34206000395449e-05,0.379377142299039,AY.1 OR AY.2 OR AY.3 OR AY.3.1 OR AY.3.2 OR AY.3.3 OR AY.3.4 OR AY.4 OR AY.4.1 OR AY.4.2 OR AY.4.2.1 OR AY.4.2.2 OR AY.4.2.3 OR AY.4.2.4 OR AY.4.2.5 OR AY.4.3 OR AY.4.4 OR AY.4.5 OR AY.4.6 OR AY.4.7 OR AY.4.8 OR AY.4.9 OR AY.4.10 OR AY.4.11 OR AY.4.12 OR AY.4.13 OR AY.4.14 OR AY.4.15 OR AY.4.16 OR AY.4.17 OR AY.5 OR AY.5.1 OR AY.5.2 OR AY.5.3 OR AY.5.4 OR AY.5.5 OR AY.5.6 OR AY.5.7 OR AY.6 OR AY.7 OR AY.7.1 OR AY.7.2 OR AY.8 OR AY.9 OR AY.9.2 OR AY.9.2.1 OR AY.9.2.2 OR AY.10 OR AY.11 OR AY.13 OR AY.14 OR AY.15 OR AY.16 OR AY.16.1 OR AY.17 OR AY.18 OR AY.19 OR AY.20 OR AY.20.1 OR AY.21 OR AY.22 OR AY.23 OR AY.23.1 OR AY.23.2 OR AY.24 OR AY.24.1 OR AY.25 OR AY.25.1 OR AY.25.1.1 OR AY.25.1.2 OR AY.25.2 OR AY.25.3 OR AY.26 OR AY.26.1 OR AY.27 OR AY.28 OR AY.29 OR AY.29.1 OR AY.29.2 OR AY.30 OR AY.31 OR AY.32 OR AY.33 OR AY.33.1 OR AY.33.2 OR AY.34 OR AY.34.1 OR AY.34.1.1 OR AY.34.2 OR AY.35 OR AY.36 OR AY.36.1 OR AY.37 OR AY.38 OR AY.39 OR AY.39.1 OR AY.39.1.1 OR AY.39.1.2 OR AY.39.1.3 OR AY.39.1.4 OR AY.39.2 OR AY.39.3 OR AY.40 OR AY.41 OR AY.42 OR AY.42.1 OR AY.43 OR AY.43.1 OR AY.43.2 OR AY.43.3 OR AY.43.4 OR AY.43.5 OR AY.43.6 OR AY.43.7 OR AY.43.8 OR AY.43.9 OR AY.44 OR AY.45 OR AY.46 OR AY.46.1 OR AY.46.2 OR AY.46.3 OR AY.46.4 OR AY.46.5 OR AY.46.6 OR AY.46.6.1 OR AY.47 OR AY.48 OR AY.49 OR AY.50 OR AY.51 OR AY.52 OR AY.53 OR AY.54 OR AY.55 OR AY.56 OR AY.57 OR AY.58 OR AY.59 OR AY.60 OR AY.61 OR AY.62 OR AY.63 OR AY.64 OR AY.65 OR AY.66 OR AY.67 OR AY.68 OR AY.69 OR AY.70 OR AY.71 OR AY.72 OR AY.73 OR AY.74 OR AY.75 OR AY.75.2 OR AY.75.3 OR AY.76 OR AY.77 OR AY.78 OR AY.79 OR AY.80 OR AY.81 OR AY.82 OR AY.83 OR AY.84 OR AY.85 OR AY.86 OR AY.87 OR AY.88 OR AY.90 OR AY.91 OR AY.91.1 OR AY.92 OR AY.93 OR AY.94 OR AY.95 OR AY.98 OR AY.98.1 OR AY.98.1.1 OR AY.99 OR AY.99.1 OR AY.99.2 OR AY.100 OR AY.101 OR AY.102 OR AY.102.1 OR AY.102.2 OR AY.103 OR AY.103.1 OR AY.103.2 OR AY.104 OR AY.105 OR AY.106 OR AY.107 OR AY.108 OR AY.109 OR AY.110 OR AY.111 OR AY.112 OR AY.112.1 OR AY.112.2 OR AY.112.3 OR AY.113 OR AY.114 OR AY.116 OR AY.116.1 OR AY.117 OR AY.118 OR AY.119 OR AY.119.1 OR AY.119.2 OR AY.120 OR AY.120.1 OR AY.120.2 OR AY.120.2.1 OR AY.121 OR AY.121.1 OR AY.122 OR AY.122.1 OR AY.122.2 OR AY.122.3 OR AY.122.4 OR AY.122.5 OR AY.122.6 OR AY.123 OR AY.123.1 OR AY.124 OR AY.124.1 OR AY.124.1.1 OR AY.125 OR AY.125.1 OR AY.126 OR AY.127 OR AY.127.1 OR AY.127.2 OR AY.127.3 OR AY.128 OR AY.129 OR AY.130 OR AY.131 OR AY.132 OR AY.133 OR AY.134 OR B.1.617.2,Delta,5.42857142857143,0,0
2022-08-23,2,0,4,0,0,0.000115332788238275,0.44476261765764,AY.1 OR AY.2 OR AY.3 OR AY.3.1 OR AY.3.2 OR AY.3.3 OR AY.3.4 OR AY.4 OR AY.4.1 OR AY.4.2 OR AY.4.2.1 OR AY.4.2.2 OR AY.4.2.3 OR AY.4.2.4 OR AY.4.2.5 OR AY.4.3 OR AY.4.4 OR AY.4.5 OR AY.4.6 OR AY.4.7 OR AY.4.8 OR AY.4.9 OR AY.4.10 OR AY.4.11 OR AY.4.12 OR AY.4.13 OR AY.4.14 OR AY.4.15 OR AY.4.16 OR AY.4.17 OR AY.5 OR AY.5.1 OR AY.5.2 OR AY.5.3 OR AY.5.4 OR AY.5.5 OR AY.5.6 OR AY.5.7 OR AY.6 OR AY.7 OR AY.7.1 OR AY.7.2 OR AY.8 OR AY.9 OR AY.9.2 OR AY.9.2.1 OR AY.9.2.2 OR AY.10 OR AY.11 OR AY.13 OR AY.14 OR AY.15 OR AY.16 OR AY.16.1 OR AY.17 OR AY.18 OR AY.19 OR AY.20 OR AY.20.1 OR AY.21 OR AY.22 OR AY.23 OR AY.23.1 OR AY.23.2 OR AY.24 OR AY.24.1 OR AY.25 OR AY.25.1 OR AY.25.1.1 OR AY.25.1.2 OR AY.25.2 OR AY.25.3 OR AY.26 OR AY.26.1 OR AY.27 OR AY.28 OR AY.29 OR AY.29.1 OR AY.29.2 OR AY.30 OR AY.31 OR AY.32 OR AY.33 OR AY.33.1 OR AY.33.2 OR AY.34 OR AY.34.1 OR AY.34.1.1 OR AY.34.2 OR AY.35 OR AY.36 OR AY.36.1 OR AY.37 OR AY.38 OR AY.39 OR AY.39.1 OR AY.39.1.1 OR AY.39.1.2 OR AY.39.1.3 OR AY.39.1.4 OR AY.39.2 OR AY.39.3 OR AY.40 OR AY.41 OR AY.42 OR AY.42.1 OR AY.43 OR AY.43.1 OR AY.43.2 OR AY.43.3 OR AY.43.4 OR AY.43.5 OR AY.43.6 OR AY.43.7 OR AY.43.8 OR AY.43.9 OR AY.44 OR AY.45 OR AY.46 OR AY.46.1 OR AY.46.2 OR AY.46.3 OR AY.46.4 OR AY.46.5 OR AY.46.6 OR AY.46.6.1 OR AY.47 OR AY.48 OR AY.49 OR AY.50 OR AY.51 OR AY.52 OR AY.53 OR AY.54 OR AY.55 OR AY.56 OR AY.57 OR AY.58 OR AY.59 OR AY.60 OR AY.61 OR AY.62 OR AY.63 OR AY.64 OR AY.65 OR AY.66 OR AY.67 OR AY.68 OR AY.69 OR AY.70 OR AY.71 OR AY.72 OR AY.73 OR AY.74 OR AY.75 OR AY.75.2 OR AY.75.3 OR AY.76 OR AY.77 OR AY.78 OR AY.79 OR AY.80 OR AY.81 OR AY.82 OR AY.83 OR AY.84 OR AY.85 OR AY.86 OR AY.87 OR AY.88 OR AY.90 OR AY.91 OR AY.91.1 OR AY.92 OR AY.93 OR AY.94 OR AY.95 OR AY.98 OR AY.98.1 OR AY.98.1.1 OR AY.99 OR AY.99.1 OR AY.99.2 OR AY.100 OR AY.101 OR AY.102 OR AY.102.1 OR AY.102.2 OR AY.103 OR AY.103.1 OR AY.103.2 OR AY.104 OR AY.105 OR AY.106 OR AY.107 OR AY.108 OR AY.109 OR AY.110 OR AY.111 OR AY.112 OR AY.112.1 OR AY.112.2 OR AY.112.3 OR AY.113 OR AY.114 OR AY.116 OR AY.116.1 OR AY.117 OR AY.118 OR AY.119 OR AY.119.1 OR AY.119.2 OR AY.120 OR AY.120.1 OR AY.120.2 OR AY.120.2.1 OR AY.121 OR AY.121.1 OR AY.122 OR AY.122.1 OR AY.122.2 OR AY.122.3 OR AY.122.4 OR AY.122.5 OR AY.122.6 OR AY.123 OR AY.123.1 OR AY.124 OR AY.124.1 OR AY.124.1.1 OR AY.125 OR AY.125.1 OR AY.126 OR AY.127 OR AY.127.1 OR AY.127.2 OR AY.127.3 OR AY.128 OR AY.129 OR AY.130 OR AY.131 OR AY.132 OR AY.133 OR AY.134 OR B.1.617.2,Delta,5.14285714285714,0,0
2022-08-24,5,0,3.71428571428571,0,0,0.000115332788238275,0.44476261765764,AY.1 OR AY.2 OR AY.3 OR AY.3.1 OR AY.3.2 OR AY.3.3 OR AY.3.4 OR AY.4 OR AY.4.1 OR AY.4.2 OR AY.4.2.1 OR AY.4.2.2 OR AY.4.2.3 OR AY.4.2.4 OR AY.4.2.5 OR AY.4.3 OR AY.4.4 OR AY.4.5 OR AY.4.6 OR AY.4.7 OR AY.4.8 OR AY.4.9 OR AY.4.10 OR AY.4.11 OR AY.4.12 OR AY.4.13 OR AY.4.14 OR AY.4.15 OR AY.4.16 OR AY.4.17 OR AY.5 OR AY.5.1 OR AY.5.2 OR AY.5.3 OR AY.5.4 OR AY.5.5 OR AY.5.6 OR AY.5.7 OR AY.6 OR AY.7 OR AY.7.1 OR AY.7.2 OR AY.8 OR AY.9 OR AY.9.2 OR AY.9.2.1 OR AY.9.2.2 OR AY.10 OR AY.11 OR AY.13 OR AY.14 OR AY.15 OR AY.16 OR AY.16.1 OR AY.17 OR AY.18 OR AY.19 OR AY.20 OR AY.20.1 OR AY.21 OR AY.22 OR AY.23 OR AY.23.1 OR AY.23.2 OR AY.24 OR AY.24.1 OR AY.25 OR AY.25.1 OR AY.25.1.1 OR AY.25.1.2 OR AY.25.2 OR AY.25.3 OR AY.26 OR AY.26.1 OR AY.27 OR AY.28 OR AY.29 OR AY.29.1 OR AY.29.2 OR AY.30 OR AY.31 OR AY.32 OR AY.33 OR AY.33.1 OR AY.33.2 OR AY.34 OR AY.34.1 OR AY.34.1.1 OR AY.34.2 OR AY.35 OR AY.36 OR AY.36.1 OR AY.37 OR AY.38 OR AY.39 OR AY.39.1 OR AY.39.1.1 OR AY.39.1.2 OR AY.39.1.3 OR AY.39.1.4 OR AY.39.2 OR AY.39.3 OR AY.40 OR AY.41 OR AY.42 OR AY.42.1 OR AY.43 OR AY.43.1 OR AY.43.2 OR AY.43.3 OR AY.43.4 OR AY.43.5 OR AY.43.6 OR AY.43.7 OR AY.43.8 OR AY.43.9 OR AY.44 OR AY.45 OR AY.46 OR AY.46.1 OR AY.46.2 OR AY.46.3 OR AY.46.4 OR AY.46.5 OR AY.46.6 OR AY.46.6.1 OR AY.47 OR AY.48 OR AY.49 OR AY.50 OR AY.51 OR AY.52 OR AY.53 OR AY.54 OR AY.55 OR AY.56 OR AY.57 OR AY.58 OR AY.59 OR AY.60 OR AY.61 OR AY.62 OR AY.63 OR AY.64 OR AY.65 OR AY.66 OR AY.67 OR AY.68 OR AY.69 OR AY.70 OR AY.71 OR AY.72 OR AY.73 OR AY.74 OR AY.75 OR AY.75.2 OR AY.75.3 OR AY.76 OR AY.77 OR AY.78 OR AY.79 OR AY.80 OR AY.81 OR AY.82 OR AY.83 OR AY.84 OR AY.85 OR AY.86 OR AY.87 OR AY.88 OR AY.90 OR AY.91 OR AY.91.1 OR AY.92 OR AY.93 OR AY.94 OR AY.95 OR AY.98 OR AY.98.1 OR AY.98.1.1 OR AY.99 OR AY.99.1 OR AY.99.2 OR AY.100 OR AY.101 OR AY.102 OR AY.102.1 OR AY.102.2 OR AY.103 OR AY.103.1 OR AY.103.2 OR AY.104 OR AY.105 OR AY.106 OR AY.107 OR AY.108 OR AY.109 OR AY.110 OR AY.111 OR AY.112 OR AY.112.1 OR AY.112.2 OR AY.112.3 OR AY.113 OR AY.114 OR AY.116 OR AY.116.1 OR AY.117 OR AY.118 OR AY.119 OR AY.119.1 OR AY.119.2 OR AY.120 OR AY.120.1 OR AY.120.2 OR AY.120.2.1 OR AY.121 OR AY.121.1 OR AY.122 OR AY.122.1 OR AY.122.2 OR AY.122.3 OR AY.122.4 OR AY.122.5 OR AY.122.6 OR AY.123 OR AY.123.1 OR AY.124 OR AY.124.1 OR AY.124.1.1 OR AY.125 OR AY.125.1 OR AY.126 OR AY.127 OR AY.127.1 OR AY.127.2 OR AY.127.3 OR AY.128 OR AY.129 OR AY.130 OR AY.131 OR AY.132 OR AY.133 OR AY.134 OR B.1.617.2,Delta,5.21428571428571,0,0
2022-08-25,1,0,3.42857142857143,0,0,0.000150636025436569,0.53558324304295,AY.1 OR AY.2 OR AY.3 OR AY.3.1 OR AY.3.2 OR AY.3.3 OR AY.3.4 OR AY.4 OR AY.4.1 OR AY.4.2 OR AY.4.2.1 OR AY.4.2.2 OR AY.4.2.3 OR AY.4.2.4 OR AY.4.2.5 OR AY.4.3 OR AY.4.4 OR AY.4.5 OR AY.4.6 OR AY.4.7 OR AY.4.8 OR AY.4.9 OR AY.4.10 OR AY.4.11 OR AY.4.12 OR AY.4.13 OR AY.4.14 OR AY.4.15 OR AY.4.16 OR AY.4.17 OR AY.5 OR AY.5.1 OR AY.5.2 OR AY.5.3 OR AY.5.4 OR AY.5.5 OR AY.5.6 OR AY.5.7 OR AY.6 OR AY.7 OR AY.7.1 OR AY.7.2 OR AY.8 OR AY.9 OR AY.9.2 OR AY.9.2.1 OR AY.9.2.2 OR AY.10 OR AY.11 OR AY.13 OR AY.14 OR AY.15 OR AY.16 OR AY.16.1 OR AY.17 OR AY.18 OR AY.19 OR AY.20 OR AY.20.1 OR AY.21 OR AY.22 OR AY.23 OR AY.23.1 OR AY.23.2 OR AY.24 OR AY.24.1 OR AY.25 OR AY.25.1 OR AY.25.1.1 OR AY.25.1.2 OR AY.25.2 OR AY.25.3 OR AY.26 OR AY.26.1 OR AY.27 OR AY.28 OR AY.29 OR AY.29.1 OR AY.29.2 OR AY.30 OR AY.31 OR AY.32 OR AY.33 OR AY.33.1 OR AY.33.2 OR AY.34 OR AY.34.1 OR AY.34.1.1 OR AY.34.2 OR AY.35 OR AY.36 OR AY.36.1 OR AY.37 OR AY.38 OR AY.39 OR AY.39.1 OR AY.39.1.1 OR AY.39.1.2 OR AY.39.1.3 OR AY.39.1.4 OR AY.39.2 OR AY.39.3 OR AY.40 OR AY.41 OR AY.42 OR AY.42.1 OR AY.43 OR AY.43.1 OR AY.43.2 OR AY.43.3 OR AY.43.4 OR AY.43.5 OR AY.43.6 OR AY.43.7 OR AY.43.8 OR AY.43.9 OR AY.44 OR AY.45 OR AY.46 OR AY.46.1 OR AY.46.2 OR AY.46.3 OR AY.46.4 OR AY.46.5 OR AY.46.6 OR AY.46.6.1 OR AY.47 OR AY.48 OR AY.49 OR AY.50 OR AY.51 OR AY.52 OR AY.53 OR AY.54 OR AY.55 OR AY.56 OR AY.57 OR AY.58 OR AY.59 OR AY.60 OR AY.61 OR AY.62 OR AY.63 OR AY.64 OR AY.65 OR AY.66 OR AY.67 OR AY.68 OR AY.69 OR AY.70 OR AY.71 OR AY.72 OR AY.73 OR AY.74 OR AY.75 OR AY.75.2 OR AY.75.3 OR AY.76 OR AY.77 OR AY.78 OR AY.79 OR AY.80 OR AY.81 OR AY.82 OR AY.83 OR AY.84 OR AY.85 OR AY.86 OR AY.87 OR AY.88 OR AY.90 OR AY.91 OR AY.91.1 OR AY.92 OR AY.93 OR AY.94 OR AY.95 OR AY.98 OR AY.98.1 OR AY.98.1.1 OR AY.99 OR AY.99.1 OR AY.99.2 OR AY.100 OR AY.101 OR AY.102 OR AY.102.1 OR AY.102.2 OR AY.103 OR AY.103.1 OR AY.103.2 OR AY.104 OR AY.105 OR AY.106 OR AY.107 OR AY.108 OR AY.109 OR AY.110 OR AY.111 OR AY.112 OR AY.112.1 OR AY.112.2 OR AY.112.3 OR AY.113 OR AY.114 OR AY.116 OR AY.116.1 OR AY.117 OR AY.118 OR AY.119 OR AY.119.1 OR AY.119.2 OR AY.120 OR AY.120.1 OR AY.120.2 OR AY.120.2.1 OR AY.121 OR AY.121.1 OR AY.122 OR AY.122.1 OR AY.122.2 OR AY.122.3 OR AY.122.4 OR AY.122.5 OR AY.122.6 OR AY.123 OR AY.123.1 OR AY.124 OR AY.124.1 OR AY.124.1.1 OR AY.125 OR AY.125.1 OR AY.126 OR AY.127 OR AY.127.1 OR AY.127.2 OR AY.127.3 OR AY.128 OR AY.129 OR AY.130 OR AY.131 OR AY.132 OR AY.133 OR AY.134 OR B.1.617.2,Delta,4.64285714285714,0,0
2022-08-27,2,0,2.66666666666667,0,0,0.000150636025436569,0.53558324304295,AY.1 OR AY.2 OR AY.3 OR AY.3.1 OR AY.3.2 OR AY.3.3 OR AY.3.4 OR AY.4 OR AY.4.1 OR AY.4.2 OR AY.4.2.1 OR AY.4.2.2 OR AY.4.2.3 OR AY.4.2.4 OR AY.4.2.5 OR AY.4.3 OR AY.4.4 OR AY.4.5 OR AY.4.6 OR AY.4.7 OR AY.4.8 OR AY.4.9 OR AY.4.10 OR AY.4.11 OR AY.4.12 OR AY.4.13 OR AY.4.14 OR AY.4.15 OR AY.4.16 OR AY.4.17 OR AY.5 OR AY.5.1 OR AY.5.2 OR AY.5.3 OR AY.5.4 OR AY.5.5 OR AY.5.6 OR AY.5.7 OR AY.6 OR AY.7 OR AY.7.1 OR AY.7.2 OR AY.8 OR AY.9 OR AY.9.2 OR AY.9.2.1 OR AY.9.2.2 OR AY.10 OR AY.11 OR AY.13 OR AY.14 OR AY.15 OR AY.16 OR AY.16.1 OR AY.17 OR AY.18 OR AY.19 OR AY.20 OR AY.20.1 OR AY.21 OR AY.22 OR AY.23 OR AY.23.1 OR AY.23.2 OR AY.24 OR AY.24.1 OR AY.25 OR AY.25.1 OR AY.25.1.1 OR AY.25.1.2 OR AY.25.2 OR AY.25.3 OR AY.26 OR AY.26.1 OR AY.27 OR AY.28 OR AY.29 OR AY.29.1 OR AY.29.2 OR AY.30 OR AY.31 OR AY.32 OR AY.33 OR AY.33.1 OR AY.33.2 OR AY.34 OR AY.34.1 OR AY.34.1.1 OR AY.34.2 OR AY.35 OR AY.36 OR AY.36.1 OR AY.37 OR AY.38 OR AY.39 OR AY.39.1 OR AY.39.1.1 OR AY.39.1.2 OR AY.39.1.3 OR AY.39.1.4 OR AY.39.2 OR AY.39.3 OR AY.40 OR AY.41 OR AY.42 OR AY.42.1 OR AY.43 OR AY.43.1 OR AY.43.2 OR AY.43.3 OR AY.43.4 OR AY.43.5 OR AY.43.6 OR AY.43.7 OR AY.43.8 OR AY.43.9 OR AY.44 OR AY.45 OR AY.46 OR AY.46.1 OR AY.46.2 OR AY.46.3 OR AY.46.4 OR AY.46.5 OR AY.46.6 OR AY.46.6.1 OR AY.47 OR AY.48 OR AY.49 OR AY.50 OR AY.51 OR AY.52 OR AY.53 OR AY.54 OR AY.55 OR AY.56 OR AY.57 OR AY.58 OR AY.59 OR AY.60 OR AY.61 OR AY.62 OR AY.63 OR AY.64 OR AY.65 OR AY.66 OR AY.67 OR AY.68 OR AY.69 OR AY.70 OR AY.71 OR AY.72 OR AY.73 OR AY.74 OR AY.75 OR AY.75.2 OR AY.75.3 OR AY.76 OR AY.77 OR AY.78 OR AY.79 OR AY.80 OR AY.81 OR AY.82 OR AY.83 OR AY.84 OR AY.85 OR AY.86 OR AY.87 OR AY.88 OR AY.90 OR AY.91 OR AY.91.1 OR AY.92 OR AY.93 OR AY.94 OR AY.95 OR AY.98 OR AY.98.1 OR AY.98.1.1 OR AY.99 OR AY.99.1 OR AY.99.2 OR AY.100 OR AY.101 OR AY.102 OR AY.102.1 OR AY.102.2 OR AY.103 OR AY.103.1 OR AY.103.2 OR AY.104 OR AY.105 OR AY.106 OR AY.107 OR AY.108 OR AY.109 OR AY.110 OR AY.111 OR AY.112 OR AY.112.1 OR AY.112.2 OR AY.112.3 OR AY.113 OR AY.114 OR AY.116 OR AY.116.1 OR AY.117 OR AY.118 OR AY.119 OR AY.119.1 OR AY.119.2 OR AY.120 OR AY.120.1 OR AY.120.2 OR AY.120.2.1 OR AY.121 OR AY.121.1 OR AY.122 OR AY.122.1 OR AY.122.2 OR AY.122.3 OR AY.122.4 OR AY.122.5 OR AY.122.6 OR AY.123 OR AY.123.1 OR AY.124 OR AY.124.1 OR AY.124.1.1 OR AY.125 OR AY.125.1 OR AY.126 OR AY.127 OR AY.127.1 OR AY.127.2 OR AY.127.3 OR AY.128 OR AY.129 OR AY.130 OR AY.131 OR AY.132 OR AY.133 OR AY.134 OR B.1.617.2,Delta,3.78571428571429,0,0
2022-08-29,3,0,2.6,0,0,0.000150636025436569,0.53558324304295,AY.1 OR AY.2 OR AY.3 OR AY.3.1 OR AY.3.2 OR AY.3.3 OR AY.3.4 OR AY.4 OR AY.4.1 OR AY.4.2 OR AY.4.2.1 OR AY.4.2.2 OR AY.4.2.3 OR AY.4.2.4 OR AY.4.2.5 OR AY.4.3 OR AY.4.4 OR AY.4.5 OR AY.4.6 OR AY.4.7 OR AY.4.8 OR AY.4.9 OR AY.4.10 OR AY.4.11 OR AY.4.12 OR AY.4.13 OR AY.4.14 OR AY.4.15 OR AY.4.16 OR AY.4.17 OR AY.5 OR AY.5.1 OR AY.5.2 OR AY.5.3 OR AY.5.4 OR AY.5.5 OR AY.5.6 OR AY.5.7 OR AY.6 OR AY.7 OR AY.7.1 OR AY.7.2 OR AY.8 OR AY.9 OR AY.9.2 OR AY.9.2.1 OR AY.9.2.2 OR AY.10 OR AY.11 OR AY.13 OR AY.14 OR AY.15 OR AY.16 OR AY.16.1 OR AY.17 OR AY.18 OR AY.19 OR AY.20 OR AY.20.1 OR AY.21 OR AY.22 OR AY.23 OR AY.23.1 OR AY.23.2 OR AY.24 OR AY.24.1 OR AY.25 OR AY.25.1 OR AY.25.1.1 OR AY.25.1.2 OR AY.25.2 OR AY.25.3 OR AY.26 OR AY.26.1 OR AY.27 OR AY.28 OR AY.29 OR AY.29.1 OR AY.29.2 OR AY.30 OR AY.31 OR AY.32 OR AY.33 OR AY.33.1 OR AY.33.2 OR AY.34 OR AY.34.1 OR AY.34.1.1 OR AY.34.2 OR AY.35 OR AY.36 OR AY.36.1 OR AY.37 OR AY.38 OR AY.39 OR AY.39.1 OR AY.39.1.1 OR AY.39.1.2 OR AY.39.1.3 OR AY.39.1.4 OR AY.39.2 OR AY.39.3 OR AY.40 OR AY.41 OR AY.42 OR AY.42.1 OR AY.43 OR AY.43.1 OR AY.43.2 OR AY.43.3 OR AY.43.4 OR AY.43.5 OR AY.43.6 OR AY.43.7 OR AY.43.8 OR AY.43.9 OR AY.44 OR AY.45 OR AY.46 OR AY.46.1 OR AY.46.2 OR AY.46.3 OR AY.46.4 OR AY.46.5 OR AY.46.6 OR AY.46.6.1 OR AY.47 OR AY.48 OR AY.49 OR AY.50 OR AY.51 OR AY.52 OR AY.53 OR AY.54 OR AY.55 OR AY.56 OR AY.57 OR AY.58 OR AY.59 OR AY.60 OR AY.61 OR AY.62 OR AY.63 OR AY.64 OR AY.65 OR AY.66 OR AY.67 OR AY.68 OR AY.69 OR AY.70 OR AY.71 OR AY.72 OR AY.73 OR AY.74 OR AY.75 OR AY.75.2 OR AY.75.3 OR AY.76 OR AY.77 OR AY.78 OR AY.79 OR AY.80 OR AY.81 OR AY.82 OR AY.83 OR AY.84 OR AY.85 OR AY.86 OR AY.87 OR AY.88 OR AY.90 OR AY.91 OR AY.91.1 OR AY.92 OR AY.93 OR AY.94 OR AY.95 OR AY.98 OR AY.98.1 OR AY.98.1.1 OR AY.99 OR AY.99.1 OR AY.99.2 OR AY.100 OR AY.101 OR AY.102 OR AY.102.1 OR AY.102.2 OR AY.103 OR AY.103.1 OR AY.103.2 OR AY.104 OR AY.105 OR AY.106 OR AY.107 OR AY.108 OR AY.109 OR AY.110 OR AY.111 OR AY.112 OR AY.112.1 OR AY.112.2 OR AY.112.3 OR AY.113 OR AY.114 OR AY.116 OR AY.116.1 OR AY.117 OR AY.118 OR AY.119 OR AY.119.1 OR AY.119.2 OR AY.120 OR AY.120.1 OR AY.120.2 OR AY.120.2.1 OR AY.121 OR AY.121.1 OR AY.122 OR AY.122.1 OR AY.122.2 OR AY.122.3 OR AY.122.4 OR AY.122.5 OR AY.122.6 OR AY.123 OR AY.123.1 OR AY.124 OR AY.124.1 OR AY.124.1.1 OR AY.125 OR AY.125.1 OR AY.126 OR AY.127 OR AY.127.1 OR AY.127.2 OR AY.127.3 OR AY.128 OR AY.129 OR AY.130 OR AY.131 OR AY.132 OR AY.133 OR AY.134 OR B.1.617.2,Delta,3.64285714285714,0,0
2022-08-30,1,0,2.4,0,0,0.000216908470030966,0.666821754401209,AY.1 OR AY.2 OR AY.3 OR AY.3.1 OR AY.3.2 OR AY.3.3 OR AY.3.4 OR AY.4 OR AY.4.1 OR AY.4.2 OR AY.4.2.1 OR AY.4.2.2 OR AY.4.2.3 OR AY.4.2.4 OR AY.4.2.5 OR AY.4.3 OR AY.4.4 OR AY.4.5 OR AY.4.6 OR AY.4.7 OR AY.4.8 OR AY.4.9 OR AY.4.10 OR AY.4.11 OR AY.4.12 OR AY.4.13 OR AY.4.14 OR AY.4.15 OR AY.4.16 OR AY.4.17 OR AY.5 OR AY.5.1 OR AY.5.2 OR AY.5.3 OR AY.5.4 OR AY.5.5 OR AY.5.6 OR AY.5.7 OR AY.6 OR AY.7 OR AY.7.1 OR AY.7.2 OR AY.8 OR AY.9 OR AY.9.2 OR AY.9.2.1 OR AY.9.2.2 OR AY.10 OR AY.11 OR AY.13 OR AY.14 OR AY.15 OR AY.16 OR AY.16.1 OR AY.17 OR AY.18 OR AY.19 OR AY.20 OR AY.20.1 OR AY.21 OR AY.22 OR AY.23 OR AY.23.1 OR AY.23.2 OR AY.24 OR AY.24.1 OR AY.25 OR AY.25.1 OR AY.25.1.1 OR AY.25.1.2 OR AY.25.2 OR AY.25.3 OR AY.26 OR AY.26.1 OR AY.27 OR AY.28 OR AY.29 OR AY.29.1 OR AY.29.2 OR AY.30 OR AY.31 OR AY.32 OR AY.33 OR AY.33.1 OR AY.33.2 OR AY.34 OR AY.34.1 OR AY.34.1.1 OR AY.34.2 OR AY.35 OR AY.36 OR AY.36.1 OR AY.37 OR AY.38 OR AY.39 OR AY.39.1 OR AY.39.1.1 OR AY.39.1.2 OR AY.39.1.3 OR AY.39.1.4 OR AY.39.2 OR AY.39.3 OR AY.40 OR AY.41 OR AY.42 OR AY.42.1 OR AY.43 OR AY.43.1 OR AY.43.2 OR AY.43.3 OR AY.43.4 OR AY.43.5 OR AY.43.6 OR AY.43.7 OR AY.43.8 OR AY.43.9 OR AY.44 OR AY.45 OR AY.46 OR AY.46.1 OR AY.46.2 OR AY.46.3 OR AY.46.4 OR AY.46.5 OR AY.46.6 OR AY.46.6.1 OR AY.47 OR AY.48 OR AY.49 OR AY.50 OR AY.51 OR AY.52 OR AY.53 OR AY.54 OR AY.55 OR AY.56 OR AY.57 OR AY.58 OR AY.59 OR AY.60 OR AY.61 OR AY.62 OR AY.63 OR AY.64 OR AY.65 OR AY.66 OR AY.67 OR AY.68 OR AY.69 OR AY.70 OR AY.71 OR AY.72 OR AY.73 OR AY.74 OR AY.75 OR AY.75.2 OR AY.75.3 OR AY.76 OR AY.77 OR AY.78 OR AY.79 OR AY.80 OR AY.81 OR AY.82 OR AY.83 OR AY.84 OR AY.85 OR AY.86 OR AY.87 OR AY.88 OR AY.90 OR AY.91 OR AY.91.1 OR AY.92 OR AY.93 OR AY.94 OR AY.95 OR AY.98 OR AY.98.1 OR AY.98.1.1 OR AY.99 OR AY.99.1 OR AY.99.2 OR AY.100 OR AY.101 OR AY.102 OR AY.102.1 OR AY.102.2 OR AY.103 OR AY.103.1 OR AY.103.2 OR AY.104 OR AY.105 OR AY.106 OR AY.107 OR AY.108 OR AY.109 OR AY.110 OR AY.111 OR AY.112 OR AY.112.1 OR AY.112.2 OR AY.112.3 OR AY.113 OR AY.114 OR AY.116 OR AY.116.1 OR AY.117 OR AY.118 OR AY.119 OR AY.119.1 OR AY.119.2 OR AY.120 OR AY.120.1 OR AY.120.2 OR AY.120.2.1 OR AY.121 OR AY.121.1 OR AY.122 OR AY.122.1 OR AY.122.2 OR AY.122.3 OR AY.122.4 OR AY.122.5 OR AY.122.6 OR AY.123 OR AY.123.1 OR AY.124 OR AY.124.1 OR AY.124.1.1 OR AY.125 OR AY.125.1 OR AY.126 OR AY.127 OR AY.127.1 OR AY.127.2 OR AY.127.3 OR AY.128 OR AY.129 OR AY.130 OR AY.131 OR AY.132 OR AY.133 OR AY.134 OR B.1.617.2,Delta,3.5,0,0
2022-08-31,1,0,1.6,0,0,0.000216908470030966,0.666821754401209,AY.1 OR AY.2 OR AY.3 OR AY.3.1 OR AY.3.2 OR AY.3.3 OR AY.3.4 OR AY.4 OR AY.4.1 OR AY.4.2 OR AY.4.2.1 OR AY.4.2.2 OR AY.4.2.3 OR AY.4.2.4 OR AY.4.2.5 OR AY.4.3 OR AY.4.4 OR AY.4.5 OR AY.4.6 OR AY.4.7 OR AY.4.8 OR AY.4.9 OR AY.4.10 OR AY.4.11 OR AY.4.12 OR AY.4.13 OR AY.4.14 OR AY.4.15 OR AY.4.16 OR AY.4.17 OR AY.5 OR AY.5.1 OR AY.5.2 OR AY.5.3 OR AY.5.4 OR AY.5.5 OR AY.5.6 OR AY.5.7 OR AY.6 OR AY.7 OR AY.7.1 OR AY.7.2 OR AY.8 OR AY.9 OR AY.9.2 OR AY.9.2.1 OR AY.9.2.2 OR AY.10 OR AY.11 OR AY.13 OR AY.14 OR AY.15 OR AY.16 OR AY.16.1 OR AY.17 OR AY.18 OR AY.19 OR AY.20 OR AY.20.1 OR AY.21 OR AY.22 OR AY.23 OR AY.23.1 OR AY.23.2 OR AY.24 OR AY.24.1 OR AY.25 OR AY.25.1 OR AY.25.1.1 OR AY.25.1.2 OR AY.25.2 OR AY.25.3 OR AY.26 OR AY.26.1 OR AY.27 OR AY.28 OR AY.29 OR AY.29.1 OR AY.29.2 OR AY.30 OR AY.31 OR AY.32 OR AY.33 OR AY.33.1 OR AY.33.2 OR AY.34 OR AY.34.1 OR AY.34.1.1 OR AY.34.2 OR AY.35 OR AY.36 OR AY.36.1 OR AY.37 OR AY.38 OR AY.39 OR AY.39.1 OR AY.39.1.1 OR AY.39.1.2 OR AY.39.1.3 OR AY.39.1.4 OR AY.39.2 OR AY.39.3 OR AY.40 OR AY.41 OR AY.42 OR AY.42.1 OR AY.43 OR AY.43.1 OR AY.43.2 OR AY.43.3 OR AY.43.4 OR AY.43.5 OR AY.43.6 OR AY.43.7 OR AY.43.8 OR AY.43.9 OR AY.44 OR AY.45 OR AY.46 OR AY.46.1 OR AY.46.2 OR AY.46.3 OR AY.46.4 OR AY.46.5 OR AY.46.6 OR AY.46.6.1 OR AY.47 OR AY.48 OR AY.49 OR AY.50 OR AY.51 OR AY.52 OR AY.53 OR AY.54 OR AY.55 OR AY.56 OR AY.57 OR AY.58 OR AY.59 OR AY.60 OR AY.61 OR AY.62 OR AY.63 OR AY.64 OR AY.65 OR AY.66 OR AY.67 OR AY.68 OR AY.69 OR AY.70 OR AY.71 OR AY.72 OR AY.73 OR AY.74 OR AY.75 OR AY.75.2 OR AY.75.3 OR AY.76 OR AY.77 OR AY.78 OR AY.79 OR AY.80 OR AY.81 OR AY.82 OR AY.83 OR AY.84 OR AY.85 OR AY.86 OR AY.87 OR AY.88 OR AY.90 OR AY.91 OR AY.91.1 OR AY.92 OR AY.93 OR AY.94 OR AY.95 OR AY.98 OR AY.98.1 OR AY.98.1.1 OR AY.99 OR AY.99.1 OR AY.99.2 OR AY.100 OR AY.101 OR AY.102 OR AY.102.1 OR AY.102.2 OR AY.103 OR AY.103.1 OR AY.103.2 OR AY.104 OR AY.105 OR AY.106 OR AY.107 OR AY.108 OR AY.109 OR AY.110 OR AY.111 OR AY.112 OR AY.112.1 OR AY.112.2 OR AY.112.3 OR AY.113 OR AY.114 OR AY.116 OR AY.116.1 OR AY.117 OR AY.118 OR AY.119 OR AY.119.1 OR AY.119.2 OR AY.120 OR AY.120.1 OR AY.120.2 OR AY.120.2.1 OR AY.121 OR AY.121.1 OR AY.122 OR AY.122.1 OR AY.122.2 OR AY.122.3 OR AY.122.4 OR AY.122.5 OR AY.122.6 OR AY.123 OR AY.123.1 OR AY.124 OR AY.124.1 OR AY.124.1.1 OR AY.125 OR AY.125.1 OR AY.126 OR AY.127 OR AY.127.1 OR AY.127.2 OR AY.127.3 OR AY.128 OR AY.129 OR AY.130 OR AY.131 OR AY.132 OR AY.133 OR AY.134 OR B.1.617.2,Delta,3.42857142857143,0,0
2022-09-01,2,0,1.8,0,0,0.000216908470030966,0.666821754401209,AY.1 OR AY.2 OR AY.3 OR AY.3.1 OR AY.3.2 OR AY.3.3 OR AY.3.4 OR AY.4 OR AY.4.1 OR AY.4.2 OR AY.4.2.1 OR AY.4.2.2 OR AY.4.2.3 OR AY.4.2.4 OR AY.4.2.5 OR AY.4.3 OR AY.4.4 OR AY.4.5 OR AY.4.6 OR AY.4.7 OR AY.4.8 OR AY.4.9 OR AY.4.10 OR AY.4.11 OR AY.4.12 OR AY.4.13 OR AY.4.14 OR AY.4.15 OR AY.4.16 OR AY.4.17 OR AY.5 OR AY.5.1 OR AY.5.2 OR AY.5.3 OR AY.5.4 OR AY.5.5 OR AY.5.6 OR AY.5.7 OR AY.6 OR AY.7 OR AY.7.1 OR AY.7.2 OR AY.8 OR AY.9 OR AY.9.2 OR AY.9.2.1 OR AY.9.2.2 OR AY.10 OR AY.11 OR AY.13 OR AY.14 OR AY.15 OR AY.16 OR AY.16.1 OR AY.17 OR AY.18 OR AY.19 OR AY.20 OR AY.20.1 OR AY.21 OR AY.22 OR AY.23 OR AY.23.1 OR AY.23.2 OR AY.24 OR AY.24.1 OR AY.25 OR AY.25.1 OR AY.25.1.1 OR AY.25.1.2 OR AY.25.2 OR AY.25.3 OR AY.26 OR AY.26.1 OR AY.27 OR AY.28 OR AY.29 OR AY.29.1 OR AY.29.2 OR AY.30 OR AY.31 OR AY.32 OR AY.33 OR AY.33.1 OR AY.33.2 OR AY.34 OR AY.34.1 OR AY.34.1.1 OR AY.34.2 OR AY.35 OR AY.36 OR AY.36.1 OR AY.37 OR AY.38 OR AY.39 OR AY.39.1 OR AY.39.1.1 OR AY.39.1.2 OR AY.39.1.3 OR AY.39.1.4 OR AY.39.2 OR AY.39.3 OR AY.40 OR AY.41 OR AY.42 OR AY.42.1 OR AY.43 OR AY.43.1 OR AY.43.2 OR AY.43.3 OR AY.43.4 OR AY.43.5 OR AY.43.6 OR AY.43.7 OR AY.43.8 OR AY.43.9 OR AY.44 OR AY.45 OR AY.46 OR AY.46.1 OR AY.46.2 OR AY.46.3 OR AY.46.4 OR AY.46.5 OR AY.46.6 OR AY.46.6.1 OR AY.47 OR AY.48 OR AY.49 OR AY.50 OR AY.51 OR AY.52 OR AY.53 OR AY.54 OR AY.55 OR AY.56 OR AY.57 OR AY.58 OR AY.59 OR AY.60 OR AY.61 OR AY.62 OR AY.63 OR AY.64 OR AY.65 OR AY.66 OR AY.67 OR AY.68 OR AY.69 OR AY.70 OR AY.71 OR AY.72 OR AY.73 OR AY.74 OR AY.75 OR AY.75.2 OR AY.75.3 OR AY.76 OR AY.77 OR AY.78 OR AY.79 OR AY.80 OR AY.81 OR AY.82 OR AY.83 OR AY.84 OR AY.85 OR AY.86 OR AY.87 OR AY.88 OR AY.90 OR AY.91 OR AY.91.1 OR AY.92 OR AY.93 OR AY.94 OR AY.95 OR AY.98 OR AY.98.1 OR AY.98.1.1 OR AY.99 OR AY.99.1 OR AY.99.2 OR AY.100 OR AY.101 OR AY.102 OR AY.102.1 OR AY.102.2 OR AY.103 OR AY.103.1 OR AY.103.2 OR AY.104 OR AY.105 OR AY.106 OR AY.107 OR AY.108 OR AY.109 OR AY.110 OR AY.111 OR AY.112 OR AY.112.1 OR AY.112.2 OR AY.112.3 OR AY.113 OR AY.114 OR AY.116 OR AY.116.1 OR AY.117 OR AY.118 OR AY.119 OR AY.119.1 OR AY.119.2 OR AY.120 OR AY.120.1 OR AY.120.2 OR AY.120.2.1 OR AY.121 OR AY.121.1 OR AY.122 OR AY.122.1 OR AY.122.2 OR AY.122.3 OR AY.122.4 OR AY.122.5 OR AY.122.6 OR AY.123 OR AY.123.1 OR AY.124 OR AY.124.1 OR AY.124.1.1 OR AY.125 OR AY.125.1 OR AY.126 OR AY.127 OR AY.127.1 OR AY.127.2 OR AY.127.3 OR AY.128 OR AY.129 OR AY.130 OR AY.131 OR AY.132 OR AY.133 OR AY.134 OR B.1.617.2,Delta,3.07142857142857,0,0
2022-09-02,1,0,1.66666666666667,0,0,0.000216908470030966,0.666821754401209,AY.1 OR AY.2 OR AY.3 OR AY.3.1 OR AY.3.2 OR AY.3.3 OR AY.3.4 OR AY.4 OR AY.4.1 OR AY.4.2 OR AY.4.2.1 OR AY.4.2.2 OR AY.4.2.3 OR AY.4.2.4 OR AY.4.2.5 OR AY.4.3 OR AY.4.4 OR AY.4.5 OR AY.4.6 OR AY.4.7 OR AY.4.8 OR AY.4.9 OR AY.4.10 OR AY.4.11 OR AY.4.12 OR AY.4.13 OR AY.4.14 OR AY.4.15 OR AY.4.16 OR AY.4.17 OR AY.5 OR AY.5.1 OR AY.5.2 OR AY.5.3 OR AY.5.4 OR AY.5.5 OR AY.5.6 OR AY.5.7 OR AY.6 OR AY.7 OR AY.7.1 OR AY.7.2 OR AY.8 OR AY.9 OR AY.9.2 OR AY.9.2.1 OR AY.9.2.2 OR AY.10 OR AY.11 OR AY.13 OR AY.14 OR AY.15 OR AY.16 OR AY.16.1 OR AY.17 OR AY.18 OR AY.19 OR AY.20 OR AY.20.1 OR AY.21 OR AY.22 OR AY.23 OR AY.23.1 OR AY.23.2 OR AY.24 OR AY.24.1 OR AY.25 OR AY.25.1 OR AY.25.1.1 OR AY.25.1.2 OR AY.25.2 OR AY.25.3 OR AY.26 OR AY.26.1 OR AY.27 OR AY.28 OR AY.29 OR AY.29.1 OR AY.29.2 OR AY.30 OR AY.31 OR AY.32 OR AY.33 OR AY.33.1 OR AY.33.2 OR AY.34 OR AY.34.1 OR AY.34.1.1 OR AY.34.2 OR AY.35 OR AY.36 OR AY.36.1 OR AY.37 OR AY.38 OR AY.39 OR AY.39.1 OR AY.39.1.1 OR AY.39.1.2 OR AY.39.1.3 OR AY.39.1.4 OR AY.39.2 OR AY.39.3 OR AY.40 OR AY.41 OR AY.42 OR AY.42.1 OR AY.43 OR AY.43.1 OR AY.43.2 OR AY.43.3 OR AY.43.4 OR AY.43.5 OR AY.43.6 OR AY.43.7 OR AY.43.8 OR AY.43.9 OR AY.44 OR AY.45 OR AY.46 OR AY.46.1 OR AY.46.2 OR AY.46.3 OR AY.46.4 OR AY.46.5 OR AY.46.6 OR AY.46.6.1 OR AY.47 OR AY.48 OR AY.49 OR AY.50 OR AY.51 OR AY.52 OR AY.53 OR AY.54 OR AY.55 OR AY.56 OR AY.57 OR AY.58 OR AY.59 OR AY.60 OR AY.61 OR AY.62 OR AY.63 OR AY.64 OR AY.65 OR AY.66 OR AY.67 OR AY.68 OR AY.69 OR AY.70 OR AY.71 OR AY.72 OR AY.73 OR AY.74 OR AY.75 OR AY.75.2 OR AY.75.3 OR AY.76 OR AY.77 OR AY.78 OR AY.79 OR AY.80 OR AY.81 OR AY.82 OR AY.83 OR AY.84 OR AY.85 OR AY.86 OR AY.87 OR AY.88 OR AY.90 OR AY.91 OR AY.91.1 OR AY.92 OR AY.93 OR AY.94 OR AY.95 OR AY.98 OR AY.98.1 OR AY.98.1.1 OR AY.99 OR AY.99.1 OR AY.99.2 OR AY.100 OR AY.101 OR AY.102 OR AY.102.1 OR AY.102.2 OR AY.103 OR AY.103.1 OR AY.103.2 OR AY.104 OR AY.105 OR AY.106 OR AY.107 OR AY.108 OR AY.109 OR AY.110 OR AY.111 OR AY.112 OR AY.112.1 OR AY.112.2 OR AY.112.3 OR AY.113 OR AY.114 OR AY.116 OR AY.116.1 OR AY.117 OR AY.118 OR AY.119 OR AY.119.1 OR AY.119.2 OR AY.120 OR AY.120.1 OR AY.120.2 OR AY.120.2.1 OR AY.121 OR AY.121.1 OR AY.122 OR AY.122.1 OR AY.122.2 OR AY.122.3 OR AY.122.4 OR AY.122.5 OR AY.122.6 OR AY.123 OR AY.123.1 OR AY.124 OR AY.124.1 OR AY.124.1.1 OR AY.125 OR AY.125.1 OR AY.126 OR AY.127 OR AY.127.1 OR AY.127.2 OR AY.127.3 OR AY.128 OR AY.129 OR AY.130 OR AY.131 OR AY.132 OR AY.133 OR AY.134 OR B.1.617.2,Delta,2.64285714285714,0,0
2022-09-05,1,0,1.2,0,0,0.000385580980755902,0.853253683690425,AY.1 OR AY.2 OR AY.3 OR AY.3.1 OR AY.3.2 OR AY.3.3 OR AY.3.4 OR AY.4 OR AY.4.1 OR AY.4.2 OR AY.4.2.1 OR AY.4.2.2 OR AY.4.2.3 OR AY.4.2.4 OR AY.4.2.5 OR AY.4.3 OR AY.4.4 OR AY.4.5 OR AY.4.6 OR AY.4.7 OR AY.4.8 OR AY.4.9 OR AY.4.10 OR AY.4.11 OR AY.4.12 OR AY.4.13 OR AY.4.14 OR AY.4.15 OR AY.4.16 OR AY.4.17 OR AY.5 OR AY.5.1 OR AY.5.2 OR AY.5.3 OR AY.5.4 OR AY.5.5 OR AY.5.6 OR AY.5.7 OR AY.6 OR AY.7 OR AY.7.1 OR AY.7.2 OR AY.8 OR AY.9 OR AY.9.2 OR AY.9.2.1 OR AY.9.2.2 OR AY.10 OR AY.11 OR AY.13 OR AY.14 OR AY.15 OR AY.16 OR AY.16.1 OR AY.17 OR AY.18 OR AY.19 OR AY.20 OR AY.20.1 OR AY.21 OR AY.22 OR AY.23 OR AY.23.1 OR AY.23.2 OR AY.24 OR AY.24.1 OR AY.25 OR AY.25.1 OR AY.25.1.1 OR AY.25.1.2 OR AY.25.2 OR AY.25.3 OR AY.26 OR AY.26.1 OR AY.27 OR AY.28 OR AY.29 OR AY.29.1 OR AY.29.2 OR AY.30 OR AY.31 OR AY.32 OR AY.33 OR AY.33.1 OR AY.33.2 OR AY.34 OR AY.34.1 OR AY.34.1.1 OR AY.34.2 OR AY.35 OR AY.36 OR AY.36.1 OR AY.37 OR AY.38 OR AY.39 OR AY.39.1 OR AY.39.1.1 OR AY.39.1.2 OR AY.39.1.3 OR AY.39.1.4 OR AY.39.2 OR AY.39.3 OR AY.40 OR AY.41 OR AY.42 OR AY.42.1 OR AY.43 OR AY.43.1 OR AY.43.2 OR AY.43.3 OR AY.43.4 OR AY.43.5 OR AY.43.6 OR AY.43.7 OR AY.43.8 OR AY.43.9 OR AY.44 OR AY.45 OR AY.46 OR AY.46.1 OR AY.46.2 OR AY.46.3 OR AY.46.4 OR AY.46.5 OR AY.46.6 OR AY.46.6.1 OR AY.47 OR AY.48 OR AY.49 OR AY.50 OR AY.51 OR AY.52 OR AY.53 OR AY.54 OR AY.55 OR AY.56 OR AY.57 OR AY.58 OR AY.59 OR AY.60 OR AY.61 OR AY.62 OR AY.63 OR AY.64 OR AY.65 OR AY.66 OR AY.67 OR AY.68 OR AY.69 OR AY.70 OR AY.71 OR AY.72 OR AY.73 OR AY.74 OR AY.75 OR AY.75.2 OR AY.75.3 OR AY.76 OR AY.77 OR AY.78 OR AY.79 OR AY.80 OR AY.81 OR AY.82 OR AY.83 OR AY.84 OR AY.85 OR AY.86 OR AY.87 OR AY.88 OR AY.90 OR AY.91 OR AY.91.1 OR AY.92 OR AY.93 OR AY.94 OR AY.95 OR AY.98 OR AY.98.1 OR AY.98.1.1 OR AY.99 OR AY.99.1 OR AY.99.2 OR AY.100 OR AY.101 OR AY.102 OR AY.102.1 OR AY.102.2 OR AY.103 OR AY.103.1 OR AY.103.2 OR AY.104 OR AY.105 OR AY.106 OR AY.107 OR AY.108 OR AY.109 OR AY.110 OR AY.111 OR AY.112 OR AY.112.1 OR AY.112.2 OR AY.112.3 OR AY.113 OR AY.114 OR AY.116 OR AY.116.1 OR AY.117 OR AY.118 OR AY.119 OR AY.119.1 OR AY.119.2 OR AY.120 OR AY.120.1 OR AY.120.2 OR AY.120.2.1 OR AY.121 OR AY.121.1 OR AY.122 OR AY.122.1 OR AY.122.2 OR AY.122.3 OR AY.122.4 OR AY.122.5 OR AY.122.6 OR AY.123 OR AY.123.1 OR AY.124 OR AY.124.1 OR AY.124.1.1 OR AY.125 OR AY.125.1 OR AY.126 OR AY.127 OR AY.127.1 OR AY.127.2 OR AY.127.3 OR AY.128 OR AY.129 OR AY.130 OR AY.131 OR AY.132 OR AY.133 OR AY.134 OR B.1.617.2,Delta,2.5,0,0
2022-09-07,1,0,1.25,0,0,0.000385580980755902,0.853253683690425,AY.1 OR AY.2 OR AY.3 OR AY.3.1 OR AY.3.2 OR AY.3.3 OR AY.3.4 OR AY.4 OR AY.4.1 OR AY.4.2 OR AY.4.2.1 OR AY.4.2.2 OR AY.4.2.3 OR AY.4.2.4 OR AY.4.2.5 OR AY.4.3 OR AY.4.4 OR AY.4.5 OR AY.4.6 OR AY.4.7 OR AY.4.8 OR AY.4.9 OR AY.4.10 OR AY.4.11 OR AY.4.12 OR AY.4.13 OR AY.4.14 OR AY.4.15 OR AY.4.16 OR AY.4.17 OR AY.5 OR AY.5.1 OR AY.5.2 OR AY.5.3 OR AY.5.4 OR AY.5.5 OR AY.5.6 OR AY.5.7 OR AY.6 OR AY.7 OR AY.7.1 OR AY.7.2 OR AY.8 OR AY.9 OR AY.9.2 OR AY.9.2.1 OR AY.9.2.2 OR AY.10 OR AY.11 OR AY.13 OR AY.14 OR AY.15 OR AY.16 OR AY.16.1 OR AY.17 OR AY.18 OR AY.19 OR AY.20 OR AY.20.1 OR AY.21 OR AY.22 OR AY.23 OR AY.23.1 OR AY.23.2 OR AY.24 OR AY.24.1 OR AY.25 OR AY.25.1 OR AY.25.1.1 OR AY.25.1.2 OR AY.25.2 OR AY.25.3 OR AY.26 OR AY.26.1 OR AY.27 OR AY.28 OR AY.29 OR AY.29.1 OR AY.29.2 OR AY.30 OR AY.31 OR AY.32 OR AY.33 OR AY.33.1 OR AY.33.2 OR AY.34 OR AY.34.1 OR AY.34.1.1 OR AY.34.2 OR AY.35 OR AY.36 OR AY.36.1 OR AY.37 OR AY.38 OR AY.39 OR AY.39.1 OR AY.39.1.1 OR AY.39.1.2 OR AY.39.1.3 OR AY.39.1.4 OR AY.39.2 OR AY.39.3 OR AY.40 OR AY.41 OR AY.42 OR AY.42.1 OR AY.43 OR AY.43.1 OR AY.43.2 OR AY.43.3 OR AY.43.4 OR AY.43.5 OR AY.43.6 OR AY.43.7 OR AY.43.8 OR AY.43.9 OR AY.44 OR AY.45 OR AY.46 OR AY.46.1 OR AY.46.2 OR AY.46.3 OR AY.46.4 OR AY.46.5 OR AY.46.6 OR AY.46.6.1 OR AY.47 OR AY.48 OR AY.49 OR AY.50 OR AY.51 OR AY.52 OR AY.53 OR AY.54 OR AY.55 OR AY.56 OR AY.57 OR AY.58 OR AY.59 OR AY.60 OR AY.61 OR AY.62 OR AY.63 OR AY.64 OR AY.65 OR AY.66 OR AY.67 OR AY.68 OR AY.69 OR AY.70 OR AY.71 OR AY.72 OR AY.73 OR AY.74 OR AY.75 OR AY.75.2 OR AY.75.3 OR AY.76 OR AY.77 OR AY.78 OR AY.79 OR AY.80 OR AY.81 OR AY.82 OR AY.83 OR AY.84 OR AY.85 OR AY.86 OR AY.87 OR AY.88 OR AY.90 OR AY.91 OR AY.91.1 OR AY.92 OR AY.93 OR AY.94 OR AY.95 OR AY.98 OR AY.98.1 OR AY.98.1.1 OR AY.99 OR AY.99.1 OR AY.99.2 OR AY.100 OR AY.101 OR AY.102 OR AY.102.1 OR AY.102.2 OR AY.103 OR AY.103.1 OR AY.103.2 OR AY.104 OR AY.105 OR AY.106 OR AY.107 OR AY.108 OR AY.109 OR AY.110 OR AY.111 OR AY.112 OR AY.112.1 OR AY.112.2 OR AY.112.3 OR AY.113 OR AY.114 OR AY.116 OR AY.116.1 OR AY.117 OR AY.118 OR AY.119 OR AY.119.1 OR AY.119.2 OR AY.120 OR AY.120.1 OR AY.120.2 OR AY.120.2.1 OR AY.121 OR AY.121.1 OR AY.122 OR AY.122.1 OR AY.122.2 OR AY.122.3 OR AY.122.4 OR AY.122.5 OR AY.122.6 OR AY.123 OR AY.123.1 OR AY.124 OR AY.124.1 OR AY.124.1.1 OR AY.125 OR AY.125.1 OR AY.126 OR AY.127 OR AY.127.1 OR AY.127.2 OR AY.127.3 OR AY.128 OR AY.129 OR AY.130 OR AY.131 OR AY.132 OR AY.133 OR AY.134 OR B.1.617.2,Delta,2.14285714285714,0,0
2022-09-08,2,0,1.25,0,0,0.000385580980755902,0.853253683690425,AY.1 OR AY.2 OR AY.3 OR AY.3.1 OR AY.3.2 OR AY.3.3 OR AY.3.4 OR AY.4 OR AY.4.1 OR AY.4.2 OR AY.4.2.1 OR AY.4.2.2 OR AY.4.2.3 OR AY.4.2.4 OR AY.4.2.5 OR AY.4.3 OR AY.4.4 OR AY.4.5 OR AY.4.6 OR AY.4.7 OR AY.4.8 OR AY.4.9 OR AY.4.10 OR AY.4.11 OR AY.4.12 OR AY.4.13 OR AY.4.14 OR AY.4.15 OR AY.4.16 OR AY.4.17 OR AY.5 OR AY.5.1 OR AY.5.2 OR AY.5.3 OR AY.5.4 OR AY.5.5 OR AY.5.6 OR AY.5.7 OR AY.6 OR AY.7 OR AY.7.1 OR AY.7.2 OR AY.8 OR AY.9 OR AY.9.2 OR AY.9.2.1 OR AY.9.2.2 OR AY.10 OR AY.11 OR AY.13 OR AY.14 OR AY.15 OR AY.16 OR AY.16.1 OR AY.17 OR AY.18 OR AY.19 OR AY.20 OR AY.20.1 OR AY.21 OR AY.22 OR AY.23 OR AY.23.1 OR AY.23.2 OR AY.24 OR AY.24.1 OR AY.25 OR AY.25.1 OR AY.25.1.1 OR AY.25.1.2 OR AY.25.2 OR AY.25.3 OR AY.26 OR AY.26.1 OR AY.27 OR AY.28 OR AY.29 OR AY.29.1 OR AY.29.2 OR AY.30 OR AY.31 OR AY.32 OR AY.33 OR AY.33.1 OR AY.33.2 OR AY.34 OR AY.34.1 OR AY.34.1.1 OR AY.34.2 OR AY.35 OR AY.36 OR AY.36.1 OR AY.37 OR AY.38 OR AY.39 OR AY.39.1 OR AY.39.1.1 OR AY.39.1.2 OR AY.39.1.3 OR AY.39.1.4 OR AY.39.2 OR AY.39.3 OR AY.40 OR AY.41 OR AY.42 OR AY.42.1 OR AY.43 OR AY.43.1 OR AY.43.2 OR AY.43.3 OR AY.43.4 OR AY.43.5 OR AY.43.6 OR AY.43.7 OR AY.43.8 OR AY.43.9 OR AY.44 OR AY.45 OR AY.46 OR AY.46.1 OR AY.46.2 OR AY.46.3 OR AY.46.4 OR AY.46.5 OR AY.46.6 OR AY.46.6.1 OR AY.47 OR AY.48 OR AY.49 OR AY.50 OR AY.51 OR AY.52 OR AY.53 OR AY.54 OR AY.55 OR AY.56 OR AY.57 OR AY.58 OR AY.59 OR AY.60 OR AY.61 OR AY.62 OR AY.63 OR AY.64 OR AY.65 OR AY.66 OR AY.67 OR AY.68 OR AY.69 OR AY.70 OR AY.71 OR AY.72 OR AY.73 OR AY.74 OR AY.75 OR AY.75.2 OR AY.75.3 OR AY.76 OR AY.77 OR AY.78 OR AY.79 OR AY.80 OR AY.81 OR AY.82 OR AY.83 OR AY.84 OR AY.85 OR AY.86 OR AY.87 OR AY.88 OR AY.90 OR AY.91 OR AY.91.1 OR AY.92 OR AY.93 OR AY.94 OR AY.95 OR AY.98 OR AY.98.1 OR AY.98.1.1 OR AY.99 OR AY.99.1 OR AY.99.2 OR AY.100 OR AY.101 OR AY.102 OR AY.102.1 OR AY.102.2 OR AY.103 OR AY.103.1 OR AY.103.2 OR AY.104 OR AY.105 OR AY.106 OR AY.107 OR AY.108 OR AY.109 OR AY.110 OR AY.111 OR AY.112 OR AY.112.1 OR AY.112.2 OR AY.112.3 OR AY.113 OR AY.114 OR AY.116 OR AY.116.1 OR AY.117 OR AY.118 OR AY.119 OR AY.119.1 OR AY.119.2 OR AY.120 OR AY.120.1 OR AY.120.2 OR AY.120.2.1 OR AY.121 OR AY.121.1 OR AY.122 OR AY.122.1 OR AY.122.2 OR AY.122.3 OR AY.122.4 OR AY.122.5 OR AY.122.6 OR AY.123 OR AY.123.1 OR AY.124 OR AY.124.1 OR AY.124.1.1 OR AY.125 OR AY.125.1 OR AY.126 OR AY.127 OR AY.127.1 OR AY.127.2 OR AY.127.3 OR AY.128 OR AY.129 OR AY.130 OR AY.131 OR AY.132 OR AY.133 OR AY.134 OR B.1.617.2,Delta,2,0,0
2021-01-31,54,3,15.25,0.75,0.0491803278688525,0.00729021778712626,0.271751314464565,P.1 OR P.1.1 OR P.1.2 OR P.1.3 OR P.1.4 OR P.1.5 OR P.1.6 OR P.1.7 OR P.1.7.1 OR P.1.8 OR P.1.9 OR P.1.10 OR P.1.10.1 OR P.1.10.2 OR P.1.11 OR P.1.12 OR P.1.12.1 OR P.1.13 OR P.1.14 OR P.1.15 OR P.1.16 OR P.1.17 OR P.1.17.1,Gamma,,,
2021-02-01,2,0,15.5,0.75,0.0483870967741936,0.00682872205588686,0.256921429885774,P.1 OR P.1.1 OR P.1.2 OR P.1.3 OR P.1.4 OR P.1.5 OR P.1.6 OR P.1.7 OR P.1.7.1 OR P.1.8 OR P.1.9 OR P.1.10 OR P.1.10.1 OR P.1.10.2 OR P.1.11 OR P.1.12 OR P.1.12.1 OR P.1.13 OR P.1.14 OR P.1.15 OR P.1.16 OR P.1.17 OR P.1.17.1,Gamma,,,
2021-02-02,1,0,15.25,0.75,0.0491803278688525,0.00729021778712626,0.271751314464565,P.1 OR P.1.1 OR P.1.2 OR P.1.3 OR P.1.4 OR P.1.5 OR P.1.6 OR P.1.7 OR P.1.7.1 OR P.1.8 OR P.1.9 OR P.1.10 OR P.1.10.1 OR P.1.10.2 OR P.1.11 OR P.1.12 OR P.1.12.1 OR P.1.13 OR P.1.14 OR P.1.15 OR P.1.16 OR P.1.17 OR P.1.17.1,Gamma,,,
2021-02-03,1,0,12.4,0.6,0.0483870967741936,0.00914432623414849,0.328495726400588,P.1 OR P.1.1 OR P.1.2 OR P.1.3 OR P.1.4 OR P.1.5 OR P.1.6 OR P.1.7 OR P.1.7.1 OR P.1.8 OR P.1.9 OR P.1.10 OR P.1.10.1 OR P.1.10.2 OR P.1.11 OR P.1.12 OR P.1.12.1 OR P.1.13 OR P.1.14 OR P.1.15 OR P.1.16 OR P.1.17 OR P.1.17.1,Gamma,,,
2021-02-04,1,0,10.5,0.5,0.0476190476190476,4.7890433157582e-05,0.217196267509211,P.1 OR P.1.1 OR P.1.2 OR P.1.3 OR P.1.4 OR P.1.5 OR P.1.6 OR P.1.7 OR P.1.7.1 OR P.1.8 OR P.1.9 OR P.1.10 OR P.1.10.1 OR P.1.10.2 OR P.1.11 OR P.1.12 OR P.1.12.1 OR P.1.13 OR P.1.14 OR P.1.15 OR P.1.16 OR P.1.17 OR P.1.17.1,Gamma,,,
2021-02-10,1,0,1,0,0,0.000385580980755902,0.853253683690425,P.1 OR P.1.1 OR P.1.2 OR P.1.3 OR P.1.4 OR P.1.5 OR P.1.6 OR P.1.7 OR P.1.7.1 OR P.1.8 OR P.1.9 OR P.1.10 OR P.1.10.1 OR P.1.10.2 OR P.1.11 OR P.1.12 OR P.1.12.1 OR P.1.13 OR P.1.14 OR P.1.15 OR P.1.16 OR P.1.17 OR P.1.17.1,Gamma,,,
2021-02-13,4,2,2.5,1,0.4,0.0608302759200974,0.939169724079903,P.1 OR P.1.1 OR P.1.2 OR P.1.3 OR P.1.4 OR P.1.5 OR P.1.6 OR P.1.7 OR P.1.7.1 OR P.1.8 OR P.1.9 OR P.1.10 OR P.1.10.1 OR P.1.10.2 OR P.1.11 OR P.1.12 OR P.1.12.1 OR P.1.13 OR P.1.14 OR P.1.15 OR P.1.16 OR P.1.17 OR P.1.17.1,Gamma,,,
2021-02-15,3,1,2.66666666666667,1,0.375,0.0387476177851652,0.823263902868743,P.1 OR P.1.1 OR P.1.2 OR P.1.3 OR P.1.4 OR P.1.5 OR P.1.6 OR P.1.7 OR P.1.7.1 OR P.1.8 OR P.1.9 OR P.1.10 OR P.1.10.1 OR P.1.10.2 OR P.1.11 OR P.1.12 OR P.1.12.1 OR P.1.13 OR P.1.14 OR P.1.15 OR P.1.16 OR P.1.17 OR P.1.17.1,Gamma,,,
2021-02-16,1,0,2.25,0.75,0.333333333333333,0.0608302759200974,0.939169724079903,P.1 OR P.1.1 OR P.1.2 OR P.1.3 OR P.1.4 OR P.1.5 OR P.1.6 OR P.1.7 OR P.1.7.1 OR P.1.8 OR P.1.9 OR P.1.10 OR P.1.10.1 OR P.1.10.2 OR P.1.11 OR P.1.12 OR P.1.12.1 OR P.1.13 OR P.1.14 OR P.1.15 OR P.1.16 OR P.1.17 OR P.1.17.1,Gamma,,,
2021-02-17,1,0,2.25,0.75,0.333333333333333,0.0608302759200974,0.939169724079903,P.1 OR P.1.1 OR P.1.2 OR P.1.3 OR P.1.4 OR P.1.5 OR P.1.6 OR P.1.7 OR P.1.7.1 OR P.1.8 OR P.1.9 OR P.1.10 OR P.1.10.1 OR P.1.10.2 OR P.1.11 OR P.1.12 OR P.1.12.1 OR P.1.13 OR P.1.14 OR P.1.15 OR P.1.16 OR P.1.17 OR P.1.17.1,Gamma,,,
2021-02-18,1,1,2,0.8,0.4,0.0608302759200974,0.939169724079903,P.1 OR P.1.1 OR P.1.2 OR P.1.3 OR P.1.4 OR P.1.5 OR P.1.6 OR P.1.7 OR P.1.7.1 OR P.1.8 OR P.1.9 OR P.1.10 OR P.1.10.1 OR P.1.10.2 OR P.1.11 OR P.1.12 OR P.1.12.1 OR P.1.13 OR P.1.14 OR P.1.15 OR P.1.16 OR P.1.17 OR P.1.17.1,Gamma,,,
2021-02-19,9,0,3.16666666666667,0.666666666666667,0.210526315789474,0.0387476177851652,0.823263902868743,P.1 OR P.1.1 OR P.1.2 OR P.1.3 OR P.1.4 OR P.1.5 OR P.1.6 OR P.1.7 OR P.1.7.1 OR P.1.8 OR P.1.9 OR P.1.10 OR P.1.10.1 OR P.1.10.2 OR P.1.11 OR P.1.12 OR P.1.12.1 OR P.1.13 OR P.1.14 OR P.1.15 OR P.1.16 OR P.1.17 OR P.1.17.1,Gamma,,,
2021-02-20,11,0,4.33333333333333,0.333333333333333,0.0769230769230769,0.000115332788238275,0.44476261765764,P.1 OR P.1.1 OR P.1.2 OR P.1.3 OR P.1.4 OR P.1.5 OR P.1.6 OR P.1.7 OR P.1.7.1 OR P.1.8 OR P.1.9 OR P.1.10 OR P.1.10.1 OR P.1.10.2 OR P.1.11 OR P.1.12 OR P.1.12.1 OR P.1.13 OR P.1.14 OR P.1.15 OR P.1.16 OR P.1.17 OR P.1.17.1,Gamma,,,
2021-02-21,28,8,7.71428571428571,1.42857142857143,0.185185185185185,0.0138382337903208,0.453719321032415,P.1 OR P.1.1 OR P.1.2 OR P.1.3 OR P.1.4 OR P.1.5 OR P.1.6 OR P.1.7 OR P.1.7.1 OR P.1.8 OR P.1.9 OR P.1.10 OR P.1.10.1 OR P.1.10.2 OR P.1.11 OR P.1.12 OR P.1.12.1 OR P.1.13 OR P.1.14 OR P.1.15 OR P.1.16 OR P.1.17 OR P.1.17.1,Gamma,8.42857142857143,1.07142857142857,0.127118644067797
2021-02-22,39,5,12.8571428571429,2,0.155555555555556,0.0334115729535681,0.409005301774811,P.1 OR P.1.1 OR P.1.2 OR P.1.3 OR P.1.4 OR P.1.5 OR P.1.6 OR P.1.7 OR P.1.7.1 OR P.1.8 OR P.1.9 OR P.1.10 OR P.1.10.1 OR P.1.10.2 OR P.1.11 OR P.1.12 OR P.1.12.1 OR P.1.13 OR P.1.14 OR P.1.15 OR P.1.16 OR P.1.17 OR P.1.17.1,Gamma,7.35714285714286,1.21428571428571,0.16504854368932
2021-02-23,7,0,13.7142857142857,2,0.145833333333333,0.0309221275347543,0.384894319607362,P.1 OR P.1.1 OR P.1.2 OR P.1.3 OR P.1.4 OR P.1.5 OR P.1.6 OR P.1.7 OR P.1.7.1 OR P.1.8 OR P.1.9 OR P.1.10 OR P.1.10.1 OR P.1.10.2 OR P.1.11 OR P.1.12 OR P.1.12.1 OR P.1.13 OR P.1.14 OR P.1.15 OR P.1.16 OR P.1.17 OR P.1.17.1,Gamma,7.71428571428571,1.21428571428571,0.157407407407407
2021-02-24,5,3,14.2857142857143,2.42857142857143,0.17,0.0309221275347543,0.384894319607362,P.1 OR P.1.1 OR P.1.2 OR P.1.3 OR P.1.4 OR P.1.5 OR P.1.6 OR P.1.7 OR P.1.7.1 OR P.1.8 OR P.1.9 OR P.1.10 OR P.1.10.1 OR P.1.10.2 OR P.1.11 OR P.1.12 OR P.1.12.1 OR P.1.13 OR P.1.14 OR P.1.15 OR P.1.16 OR P.1.17 OR P.1.17.1,Gamma,8,1.42857142857143,0.178571428571429
2021-02-25,2,1,14.4285714285714,2.42857142857143,0.168316831683168,0.0309221275347543,0.384894319607362,P.1 OR P.1.1 OR P.1.2 OR P.1.3 OR P.1.4 OR P.1.5 OR P.1.6 OR P.1.7 OR P.1.7.1 OR P.1.8 OR P.1.9 OR P.1.10 OR P.1.10.1 OR P.1.10.2 OR P.1.11 OR P.1.12 OR P.1.12.1 OR P.1.13 OR P.1.14 OR P.1.15 OR P.1.16 OR P.1.17 OR P.1.17.1,Gamma,8.07142857142857,1.5,0.185840707964602
2021-02-26,1,0,13.2857142857143,2.42857142857143,0.182795698924731,0.0334115729535681,0.409005301774811,P.1 OR P.1.1 OR P.1.2 OR P.1.3 OR P.1.4 OR P.1.5 OR P.1.6 OR P.1.7 OR P.1.7.1 OR P.1.8 OR P.1.9 OR P.1.10 OR P.1.10.1 OR P.1.10.2 OR P.1.11 OR P.1.12 OR P.1.12.1 OR P.1.13 OR P.1.14 OR P.1.15 OR P.1.16 OR P.1.17 OR P.1.17.1,Gamma,8.07142857142857,1.5,0.185840707964602
2021-02-27,2,1,12,2.57142857142857,0.214285714285714,0.0759423289194849,0.529191083626551,P.1 OR P.1.1 OR P.1.2 OR P.1.3 OR P.1.4 OR P.1.5 OR P.1.6 OR P.1.7 OR P.1.7.1 OR P.1.8 OR P.1.9 OR P.1.10 OR P.1.10.1 OR P.1.10.2 OR P.1.11 OR P.1.12 OR P.1.12.1 OR P.1.13 OR P.1.14 OR P.1.15 OR P.1.16 OR P.1.17 OR P.1.17.1,Gamma,8.14285714285714,1.57142857142857,0.192982456140351
2021-02-28,1,0,8.14285714285714,1.42857142857143,0.175438596491228,0.0138382337903208,0.453719321032415,P.1 OR P.1.1 OR P.1.2 OR P.1.3 OR P.1.4 OR P.1.5 OR P.1.6 OR P.1.7 OR P.1.7.1 OR P.1.8 OR P.1.9 OR P.1.10 OR P.1.10.1 OR P.1.10.2 OR P.1.11 OR P.1.12 OR P.1.12.1 OR P.1.13 OR P.1.14 OR P.1.15 OR P.1.16 OR P.1.17 OR P.1.17.1,Gamma,7.92857142857143,1.42857142857143,0.18018018018018
2021-03-01,4,1,3.14285714285714,0.857142857142857,0.272727272727273,0.0387476177851652,0.823263902868743,P.1 OR P.1.1 OR P.1.2 OR P.1.3 OR P.1.4 OR P.1.5 OR P.1.6 OR P.1.7 OR P.1.7.1 OR P.1.8 OR P.1.9 OR P.1.10 OR P.1.10.1 OR P.1.10.2 OR P.1.11 OR P.1.12 OR P.1.12.1 OR P.1.13 OR P.1.14 OR P.1.15 OR P.1.16 OR P.1.17 OR P.1.17.1,Gamma,8,1.42857142857143,0.178571428571429
2021-03-02,2,1,2.42857142857143,1,0.411764705882353,0.0608302759200974,0.939169724079903,P.1 OR P.1.1 OR P.1.2 OR P.1.3 OR P.1.4 OR P.1.5 OR P.1.6 OR P.1.7 OR P.1.7.1 OR P.1.8 OR P.1.9 OR P.1.10 OR P.1.10.1 OR P.1.10.2 OR P.1.11 OR P.1.12 OR P.1.12.1 OR P.1.13 OR P.1.14 OR P.1.15 OR P.1.16 OR P.1.17 OR P.1.17.1,Gamma,8.07142857142857,1.5,0.185840707964602
2021-03-03,2,1,2,0.714285714285714,0.357142857142857,0.0608302759200974,0.939169724079903,P.1 OR P.1.1 OR P.1.2 OR P.1.3 OR P.1.4 OR P.1.5 OR P.1.6 OR P.1.7 OR P.1.7.1 OR P.1.8 OR P.1.9 OR P.1.10 OR P.1.10.1 OR P.1.10.2 OR P.1.11 OR P.1.12 OR P.1.12.1 OR P.1.13 OR P.1.14 OR P.1.15 OR P.1.16 OR P.1.17 OR P.1.17.1,Gamma,8.14285714285714,1.57142857142857,0.192982456140351
2021-03-04,3,2,2.14285714285714,0.857142857142857,0.4,0.0608302759200974,0.939169724079903,P.1 OR P.1.1 OR P.1.2 OR P.1.3 OR P.1.4 OR P.1.5 OR P.1.6 OR P.1.7 OR P.1.7.1 OR P.1.8 OR P.1.9 OR P.1.10 OR P.1.10.1 OR P.1.10.2 OR P.1.11 OR P.1.12 OR P.1.12.1 OR P.1.13 OR P.1.14 OR P.1.15 OR P.1.16 OR P.1.17 OR P.1.17.1,Gamma,8.28571428571429,1.64285714285714,0.198275862068966
2021-03-07,3,1,2.8,1.2,0.428571428571429,0.0387476177851652,0.823263902868743,P.1 OR P.1.1 OR P.1.2 OR P.1.3 OR P.1.4 OR P.1.5 OR P.1.6 OR P.1.7 OR P.1.7.1 OR P.1.8 OR P.1.9 OR P.1.10 OR P.1.10.1 OR P.1.10.2 OR P.1.11 OR P.1.12 OR P.1.12.1 OR P.1.13 OR P.1.14 OR P.1.15 OR P.1.16 OR P.1.17 OR P.1.17.1,Gamma,7.85714285714286,1.71428571428571,0.218181818181818
2021-03-08,4,2,2.8,1.4,0.5,0.0387476177851652,0.823263902868743,P.1 OR P.1.1 OR P.1.2 OR P.1.3 OR P.1.4 OR P.1.5 OR P.1.6 OR P.1.7 OR P.1.7.1 OR P.1.8 OR P.1.9 OR P.1.10 OR P.1.10.1 OR P.1.10.2 OR P.1.11 OR P.1.12 OR P.1.12.1 OR P.1.13 OR P.1.14 OR P.1.15 OR P.1.16 OR P.1.17 OR P.1.17.1,Gamma,7.35714285714286,1.85714285714286,0.252427184466019
2021-03-09,1,0,2.6,1.2,0.461538461538462,0.0387476177851652,0.823263902868743,P.1 OR P.1.1 OR P.1.2 OR P.1.3 OR P.1.4 OR P.1.5 OR P.1.6 OR P.1.7 OR P.1.7.1 OR P.1.8 OR P.1.9 OR P.1.10 OR P.1.10.1 OR P.1.10.2 OR P.1.11 OR P.1.12 OR P.1.12.1 OR P.1.13 OR P.1.14 OR P.1.15 OR P.1.16 OR P.1.17 OR P.1.17.1,Gamma,5.42857142857143,1.28571428571429,0.236842105263158
2021-03-11,1,1,2.25,1,0.444444444444444,0.0608302759200974,0.939169724079903,P.1 OR P.1.1 OR P.1.2 OR P.1.3 OR P.1.4 OR P.1.5 OR P.1.6 OR P.1.7 OR P.1.7.1 OR P.1.8 OR P.1.9 OR P.1.10 OR P.1.10.1 OR P.1.10.2 OR P.1.11 OR P.1.12 OR P.1.12.1 OR P.1.13 OR P.1.14 OR P.1.15 OR P.1.16 OR P.1.17 OR P.1.17.1,Gamma,2.71428571428571,1,0.368421052631579
2021-03-13,1,1,2,1,0.5,0.0608302759200974,0.939169724079903,P.1 OR P.1.1 OR P.1.2 OR P.1.3 OR P.1.4 OR P.1.5 OR P.1.6 OR P.1.7 OR P.1.7.1 OR P.1.8 OR P.1.9 OR P.1.10 OR P.1.10.1 OR P.1.10.2 OR P.1.11 OR P.1.12 OR P.1.12.1 OR P.1.13 OR P.1.14 OR P.1.15 OR P.1.16 OR P.1.17 OR P.1.17.1,Gamma,2.28571428571429,1.07142857142857,0.46875
2021-03-14,2,1,1.8,1,0.555555555555556,0.0608302759200974,0.939169724079903,P.1 OR P.1.1 OR P.1.2 OR P.1.3 OR P.1.4 OR P.1.5 OR P.1.6 OR P.1.7 OR P.1.7.1 OR P.1.8 OR P.1.9 OR P.1.10 OR P.1.10.1 OR P.1.10.2 OR P.1.11 OR P.1.12 OR P.1.12.1 OR P.1.13 OR P.1.14 OR P.1.15 OR P.1.16 OR P.1.17 OR P.1.17.1,Gamma,2.07142857142857,0.928571428571429,0.448275862068966
2021-03-15,9,2,2.8,1,0.357142857142857,0.0387476177851652,0.823263902868743,P.1 OR P.1.1 OR P.1.2 OR P.1.3 OR P.1.4 OR P.1.5 OR P.1.6 OR P.1.7 OR P.1.7.1 OR P.1.8 OR P.1.9 OR P.1.10 OR P.1.10.1 OR P.1.10.2 OR P.1.11 OR P.1.12 OR P.1.12.1 OR P.1.13 OR P.1.14 OR P.1.15 OR P.1.16 OR P.1.17 OR P.1.17.1,Gamma,2.57142857142857,1,0.388888888888889
2021-03-16,3,1,3.2,1.2,0.375,0.0387476177851652,0.823263902868743,P.1 OR P.1.1 OR P.1.2 OR P.1.3 OR P.1.4 OR P.1.5 OR P.1.6 OR P.1.7 OR P.1.7.1 OR P.1.8 OR P.1.9 OR P.1.10 OR P.1.10.1 OR P.1.10.2 OR P.1.11 OR P.1.12 OR P.1.12.1 OR P.1.13 OR P.1.14 OR P.1.15 OR P.1.16 OR P.1.17 OR P.1.17.1,Gamma,2.71428571428571,1.07142857142857,0.394736842105263
2021-03-17,4,1,3.33333333333333,1.16666666666667,0.35,0.0387476177851652,0.823263902868743,P.1 OR P.1.1 OR P.1.2 OR P.1.3 OR P.1.4 OR P.1.5 OR P.1.6 OR P.1.7 OR P.1.7.1 OR P.1.8 OR P.1.9 OR P.1.10 OR P.1.10.1 OR P.1.10.2 OR P.1.11 OR P.1.12 OR P.1.12.1 OR P.1.13 OR P.1.14 OR P.1.15 OR P.1.16 OR P.1.17 OR P.1.17.1,Gamma,2.85714285714286,1.07142857142857,0.375
2021-03-18,5,4,4,1.66666666666667,0.416666666666667,0.122753882769518,0.877246117230482,P.1 OR P.1.1 OR P.1.2 OR P.1.3 OR P.1.4 OR P.1.5 OR P.1.6 OR P.1.7 OR P.1.7.1 OR P.1.8 OR P.1.9 OR P.1.10 OR P.1.10.1 OR P.1.10.2 OR P.1.11 OR P.1.12 OR P.1.12.1 OR P.1.13 OR P.1.14 OR P.1.15 OR P.1.16 OR P.1.17 OR P.1.17.1,Gamma,3.14285714285714,1.35714285714286,0.431818181818182
2021-03-19,13,6,5.28571428571429,2.28571428571429,0.432432432432432,0.0943903273443441,0.790583335923995,P.1 OR P.1.1 OR P.1.2 OR P.1.3 OR P.1.4 OR P.1.5 OR P.1.6 OR P.1.7 OR P.1.7.1 OR P.1.8 OR P.1.9 OR P.1.10 OR P.1.10.1 OR P.1.10.2 OR P.1.11 OR P.1.12 OR P.1.12.1 OR P.1.13 OR P.1.14 OR P.1.15 OR P.1.16 OR P.1.17 OR P.1.17.1,Gamma,3.78571428571429,1.71428571428571,0.452830188679245
2021-03-20,6,2,6,2.42857142857143,0.404761904761905,0.0767701400348735,0.713576990745803,P.1 OR P.1.1 OR P.1.2 OR P.1.3 OR P.1.4 OR P.1.5 OR P.1.6 OR P.1.7 OR P.1.7.1 OR P.1.8 OR P.1.9 OR P.1.10 OR P.1.10.1 OR P.1.10.2 OR P.1.11 OR P.1.12 OR P.1.12.1 OR P.1.13 OR P.1.14 OR P.1.15 OR P.1.16 OR P.1.17 OR P.1.17.1,Gamma,4.07142857142857,1.78571428571429,0.43859649122807
2021-03-21,3,2,6.14285714285714,2.57142857142857,0.418604651162791,0.166808197331845,0.833191802668155,P.1 OR P.1.1 OR P.1.2 OR P.1.3 OR P.1.4 OR P.1.5 OR P.1.6 OR P.1.7 OR P.1.7.1 OR P.1.8 OR P.1.9 OR P.1.10 OR P.1.10.1 OR P.1.10.2 OR P.1.11 OR P.1.12 OR P.1.12.1 OR P.1.13 OR P.1.14 OR P.1.15 OR P.1.16 OR P.1.17 OR P.1.17.1,Gamma,4.14285714285714,1.85714285714286,0.448275862068966
2021-03-22,2,1,5.14285714285714,2.42857142857143,0.472222222222222,0.0943903273443441,0.790583335923995,P.1 OR P.1.1 OR P.1.2 OR P.1.3 OR P.1.4 OR P.1.5 OR P.1.6 OR P.1.7 OR P.1.7.1 OR P.1.8 OR P.1.9 OR P.1.10 OR P.1.10.1 OR P.1.10.2 OR P.1.11 OR P.1.12 OR P.1.12.1 OR P.1.13 OR P.1.14 OR P.1.15 OR P.1.16 OR P.1.17 OR P.1.17.1,Gamma,4.07142857142857,1.78571428571429,0.43859649122807
2021-03-23,2,1,5,2.42857142857143,0.485714285714286,0.0943903273443441,0.790583335923995,P.1 OR P.1.1 OR P.1.2 OR P.1.3 OR P.1.4 OR P.1.5 OR P.1.6 OR P.1.7 OR P.1.7.1 OR P.1.8 OR P.1.9 OR P.1.10 OR P.1.10.1 OR P.1.10.2 OR P.1.11 OR P.1.12 OR P.1.12.1 OR P.1.13 OR P.1.14 OR P.1.15 OR P.1.16 OR P.1.17 OR P.1.17.1,Gamma,4,1.78571428571429,0.446428571428571
2021-03-24,1,1,4.57142857142857,2.42857142857143,0.53125,0.0943903273443441,0.790583335923995,P.1 OR P.1.1 OR P.1.2 OR P.1.3 OR P.1.4 OR P.1.5 OR P.1.6 OR P.1.7 OR P.1.7.1 OR P.1.8 OR P.1.9 OR P.1.10 OR P.1.10.1 OR P.1.10.2 OR P.1.11 OR P.1.12 OR P.1.12.1 OR P.1.13 OR P.1.14 OR P.1.15 OR P.1.16 OR P.1.17 OR P.1.17.1,Gamma,3.78571428571429,1.71428571428571,0.452830188679245
2021-03-25,2,0,4.14285714285714,1.85714285714286,0.448275862068966,0.122753882769518,0.877246117230482,P.1 OR P.1.1 OR P.1.2 OR P.1.3 OR P.1.4 OR P.1.5 OR P.1.6 OR P.1.7 OR P.1.7.1 OR P.1.8 OR P.1.9 OR P.1.10 OR P.1.10.1 OR P.1.10.2 OR P.1.11 OR P.1.12 OR P.1.12.1 OR P.1.13 OR P.1.14 OR P.1.15 OR P.1.16 OR P.1.17 OR P.1.17.1,Gamma,3.85714285714286,1.71428571428571,0.444444444444444
2021-03-30,4,4,2.33333333333333,1.66666666666667,0.714285714285714,0.333178245598791,0.999783091529969,P.1 OR P.1.1 OR P.1.2 OR P.1.3 OR P.1.4 OR P.1.5 OR P.1.6 OR P.1.7 OR P.1.7.1 OR P.1.8 OR P.1.9 OR P.1.10 OR P.1.10.1 OR P.1.10.2 OR P.1.11 OR P.1.12 OR P.1.12.1 OR P.1.13 OR P.1.14 OR P.1.15 OR P.1.16 OR P.1.17 OR P.1.17.1,Gamma,4.07142857142857,1.92857142857143,0.473684210526316
2021-04-03,2,2,3,3,1,0.46441675695705,0.999849363974563,P.1 OR P.1.1 OR P.1.2 OR P.1.3 OR P.1.4 OR P.1.5 OR P.1.6 OR P.1.7 OR P.1.7.1 OR P.1.8 OR P.1.9 OR P.1.10 OR P.1.10.1 OR P.1.10.2 OR P.1.11 OR P.1.12 OR P.1.12.1 OR P.1.13 OR P.1.14 OR P.1.15 OR P.1.16 OR P.1.17 OR P.1.17.1,Gamma,4.14285714285714,2,0.482758620689655
2021-04-05,3,1,3,2.33333333333333,0.777777777777778,0.176736097131257,0.961252382214835,P.1 OR P.1.1 OR P.1.2 OR P.1.3 OR P.1.4 OR P.1.5 OR P.1.6 OR P.1.7 OR P.1.7.1 OR P.1.8 OR P.1.9 OR P.1.10 OR P.1.10.1 OR P.1.10.2 OR P.1.11 OR P.1.12 OR P.1.12.1 OR P.1.13 OR P.1.14 OR P.1.15 OR P.1.16 OR P.1.17 OR P.1.17.1,Gamma,4.21428571428571,2,0.474576271186441
2021-04-07,4,1,3,1.33333333333333,0.444444444444444,0.0387476177851652,0.823263902868743,P.1 OR P.1.1 OR P.1.2 OR P.1.3 OR P.1.4 OR P.1.5 OR P.1.6 OR P.1.7 OR P.1.7.1 OR P.1.8 OR P.1.9 OR P.1.10 OR P.1.10.1 OR P.1.10.2 OR P.1.11 OR P.1.12 OR P.1.12.1 OR P.1.13 OR P.1.14 OR P.1.15 OR P.1.16 OR P.1.17 OR P.1.17.1,Gamma,3.85714285714286,1.92857142857143,0.5
2021-04-08,1,0,2.5,1,0.4,0.0608302759200974,0.939169724079903,P.1 OR P.1.1 OR P.1.2 OR P.1.3 OR P.1.4 OR P.1.5 OR P.1.6 OR P.1.7 OR P.1.7.1 OR P.1.8 OR P.1.9 OR P.1.10 OR P.1.10.1 OR P.1.10.2 OR P.1.11 OR P.1.12 OR P.1.12.1 OR P.1.13 OR P.1.14 OR P.1.15 OR P.1.16 OR P.1.17 OR P.1.17.1,Gamma,3.71428571428571,1.85714285714286,0.5
2021-04-09,2,1,2.4,1,0.416666666666667,0.0608302759200974,0.939169724079903,P.1 OR P.1.1 OR P.1.2 OR P.1.3 OR P.1.4 OR P.1.5 OR P.1.6 OR P.1.7 OR P.1.7.1 OR P.1.8 OR P.1.9 OR P.1.10 OR P.1.10.1 OR P.1.10.2 OR P.1.11 OR P.1.12 OR P.1.12.1 OR P.1.13 OR P.1.14 OR P.1.15 OR P.1.16 OR P.1.17 OR P.1.17.1,Gamma,3.57142857142857,1.85714285714286,0.52
2021-04-12,6,3,3.25,1.25,0.384615384615385,0.0387476177851652,0.823263902868743,P.1 OR P.1.1 OR P.1.2 OR P.1.3 OR P.1.4 OR P.1.5 OR P.1.6 OR P.1.7 OR P.1.7.1 OR P.1.8 OR P.1.9 OR P.1.10 OR P.1.10.1 OR P.1.10.2 OR P.1.11 OR P.1.12 OR P.1.12.1 OR P.1.13 OR P.1.14 OR P.1.15 OR P.1.16 OR P.1.17 OR P.1.17.1,Gamma,3.64285714285714,1.78571428571429,0.490196078431373
2021-04-13,3,3,3.2,1.6,0.5,0.176736097131257,0.961252382214835,P.1 OR P.1.1 OR P.1.2 OR P.1.3 OR P.1.4 OR P.1.5 OR P.1.6 OR P.1.7 OR P.1.7.1 OR P.1.8 OR P.1.9 OR P.1.10 OR P.1.10.1 OR P.1.10.2 OR P.1.11 OR P.1.12 OR P.1.12.1 OR P.1.13 OR P.1.14 OR P.1.15 OR P.1.16 OR P.1.17 OR P.1.17.1,Gamma,2.92857142857143,1.57142857142857,0.536585365853659
2021-04-16,8,8,5.66666666666667,4.66666666666667,0.823529411764706,0.441943226390752,0.981379872880558,P.1 OR P.1.1 OR P.1.2 OR P.1.3 OR P.1.4 OR P.1.5 OR P.1.6 OR P.1.7 OR P.1.7.1 OR P.1.8 OR P.1.9 OR P.1.10 OR P.1.10.1 OR P.1.10.2 OR P.1.11 OR P.1.12 OR P.1.12.1 OR P.1.13 OR P.1.14 OR P.1.15 OR P.1.16 OR P.1.17 OR P.1.17.1,Gamma,3.07142857142857,2,0.651162790697674
2021-04-17,2,2,4.75,4,0.842105263157895,0.371373599368006,0.977487234000845,P.1 OR P.1.1 OR P.1.2 OR P.1.3 OR P.1.4 OR P.1.5 OR P.1.6 OR P.1.7 OR P.1.7.1 OR P.1.8 OR P.1.9 OR P.1.10 OR P.1.10.1 OR P.1.10.2 OR P.1.11 OR P.1.12 OR P.1.12.1 OR P.1.13 OR P.1.14 OR P.1.15 OR P.1.16 OR P.1.17 OR P.1.17.1,Gamma,3,2,0.666666666666667
2021-04-18,1,1,4,3.4,0.85,0.283751679563413,0.971529104912853,P.1 OR P.1.1 OR P.1.2 OR P.1.3 OR P.1.4 OR P.1.5 OR P.1.6 OR P.1.7 OR P.1.7.1 OR P.1.8 OR P.1.9 OR P.1.10 OR P.1.10.1 OR P.1.10.2 OR P.1.11 OR P.1.12 OR P.1.12.1 OR P.1.13 OR P.1.14 OR P.1.15 OR P.1.16 OR P.1.17 OR P.1.17.1,Gamma,2.92857142857143,2,0.682926829268293
2021-04-20,4,4,3.75,3.75,1,0.55523738234236,0.999884667211762,P.1 OR P.1.1 OR P.1.2 OR P.1.3 OR P.1.4 OR P.1.5 OR P.1.6 OR P.1.7 OR P.1.7.1 OR P.1.8 OR P.1.9 OR P.1.10 OR P.1.10.1 OR P.1.10.2 OR P.1.11 OR P.1.12 OR P.1.12.1 OR P.1.13 OR P.1.14 OR P.1.15 OR P.1.16 OR P.1.17 OR P.1.17.1,Gamma,3.07142857142857,2.21428571428571,0.72093023255814
2021-04-21,1,1,3.2,3.2,1,0.46441675695705,0.999849363974563,P.1 OR P.1.1 OR P.1.2 OR P.1.3 OR P.1.4 OR P.1.5 OR P.1.6 OR P.1.7 OR P.1.7.1 OR P.1.8 OR P.1.9 OR P.1.10 OR P.1.10.1 OR P.1.10.2 OR P.1.11 OR P.1.12 OR P.1.12.1 OR P.1.13 OR P.1.14 OR P.1.15 OR P.1.16 OR P.1.17 OR P.1.17.1,Gamma,3.07142857142857,2.21428571428571,0.72093023255814
2021-04-23,2,2,2,2,1,0.333178245598791,0.999783091529969,P.1 OR P.1.1 OR P.1.2 OR P.1.3 OR P.1.4 OR P.1.5 OR P.1.6 OR P.1.7 OR P.1.7.1 OR P.1.8 OR P.1.9 OR P.1.10 OR P.1.10.1 OR P.1.10.2 OR P.1.11 OR P.1.12 OR P.1.12.1 OR P.1.13 OR P.1.14 OR P.1.15 OR P.1.16 OR P.1.17 OR P.1.17.1,Gamma,3.07142857142857,2.35714285714286,0.767441860465116
2021-04-26,1,1,2,2,1,0.333178245598791,0.999783091529969,P.1 OR P.1.1 OR P.1.2 OR P.1.3 OR P.1.4 OR P.1.5 OR P.1.6 OR P.1.7 OR P.1.7.1 OR P.1.8 OR P.1.9 OR P.1.10 OR P.1.10.1 OR P.1.10.2 OR P.1.11 OR P.1.12 OR P.1.12.1 OR P.1.13 OR P.1.14 OR P.1.15 OR P.1.16 OR P.1.17 OR P.1.17.1,Gamma,2.85714285714286,2.14285714285714,0.75
2021-04-27,2,2,1.5,1.5,1,0.333178245598791,0.999783091529969,P.1 OR P.1.1 OR P.1.2 OR P.1.3 OR P.1.4 OR P.1.5 OR P.1.6 OR P.1.7 OR P.1.7.1 OR P.1.8 OR P.1.9 OR P.1.10 OR P.1.10.1 OR P.1.10.2 OR P.1.11 OR P.1.12 OR P.1.12.1 OR P.1.13 OR P.1.14 OR P.1.15 OR P.1.16 OR P.1.17 OR P.1.17.1,Gamma,2.85714285714286,2.14285714285714,0.75
2021-04-28,2,1,1.75,1.5,0.857142857142857,0.333178245598791,0.999783091529969,P.1 OR P.1.1 OR P.1.2 OR P.1.3 OR P.1.4 OR P.1.5 OR P.1.6 OR P.1.7 OR P.1.7.1 OR P.1.8 OR P.1.9 OR P.1.10 OR P.1.10.1 OR P.1.10.2 OR P.1.11 OR P.1.12 OR P.1.12.1 OR P.1.13 OR P.1.14 OR P.1.15 OR P.1.16 OR P.1.17 OR P.1.17.1,Gamma,2.78571428571429,2.14285714285714,0.769230769230769
2021-04-30,4,3,2.25,1.75,0.777777777777778,0.333178245598791,0.999783091529969,P.1 OR P.1.1 OR P.1.2 OR P.1.3 OR P.1.4 OR P.1.5 OR P.1.6 OR P.1.7 OR P.1.7.1 OR P.1.8 OR P.1.9 OR P.1.10 OR P.1.10.1 OR P.1.10.2 OR P.1.11 OR P.1.12 OR P.1.12.1 OR P.1.13 OR P.1.14 OR P.1.15 OR P.1.16 OR P.1.17 OR P.1.17.1,Gamma,2.78571428571429,2.28571428571429,0.82051282051282
2021-05-01,1,1,2,1.6,0.8,0.333178245598791,0.999783091529969,P.1 OR P.1.1 OR P.1.2 OR P.1.3 OR P.1.4 OR P.1.5 OR P.1.6 OR P.1.7 OR P.1.7.1 OR P.1.8 OR P.1.9 OR P.1.10 OR P.1.10.1 OR P.1.10.2 OR P.1.11 OR P.1.12 OR P.1.12.1 OR P.1.13 OR P.1.14 OR P.1.15 OR P.1.16 OR P.1.17 OR P.1.17.1,Gamma,2.78571428571429,2.35714285714286,0.846153846153846
2021-05-02,3,3,2.16666666666667,1.83333333333333,0.846153846153846,0.333178245598791,0.999783091529969,P.1 OR P.1.1 OR P.1.2 OR P.1.3 OR P.1.4 OR P.1.5 OR P.1.6 OR P.1.7 OR P.1.7.1 OR P.1.8 OR P.1.9 OR P.1.10 OR P.1.10.1 OR P.1.10.2 OR P.1.11 OR P.1.12 OR P.1.12.1 OR P.1.13 OR P.1.14 OR P.1.15 OR P.1.16 OR P.1.17 OR P.1.17.1,Gamma,2.85714285714286,2.5,0.875
2021-05-03,6,5,3,2.5,0.833333333333333,0.176736097131257,0.961252382214835,P.1 OR P.1.1 OR P.1.2 OR P.1.3 OR P.1.4 OR P.1.5 OR P.1.6 OR P.1.7 OR P.1.7.1 OR P.1.8 OR P.1.9 OR P.1.10 OR P.1.10.1 OR P.1.10.2 OR P.1.11 OR P.1.12 OR P.1.12.1 OR P.1.13 OR P.1.14 OR P.1.15 OR P.1.16 OR P.1.17 OR P.1.17.1,Gamma,2.85714285714286,2.64285714285714,0.925
2021-05-04,5,5,3.5,3,0.857142857142857,0.283751679563413,0.971529104912853,P.1 OR P.1.1 OR P.1.2 OR P.1.3 OR P.1.4 OR P.1.5 OR P.1.6 OR P.1.7 OR P.1.7.1 OR P.1.8 OR P.1.9 OR P.1.10 OR P.1.10.1 OR P.1.10.2 OR P.1.11 OR P.1.12 OR P.1.12.1 OR P.1.13 OR P.1.14 OR P.1.15 OR P.1.16 OR P.1.17 OR P.1.17.1,Gamma,3,2.78571428571429,0.928571428571428
2021-05-06,2,2,3.5,3.16666666666667,0.904761904761905,0.283751679563413,0.971529104912853,P.1 OR P.1.1 OR P.1.2 OR P.1.3 OR P.1.4 OR P.1.5 OR P.1.6 OR P.1.7 OR P.1.7.1 OR P.1.8 OR P.1.9 OR P.1.10 OR P.1.10.1 OR P.1.10.2 OR P.1.11 OR P.1.12 OR P.1.12.1 OR P.1.13 OR P.1.14 OR P.1.15 OR P.1.16 OR P.1.17 OR P.1.17.1,Gamma,2.57142857142857,2.35714285714286,0.916666666666667
2021-05-07,2,2,3.16666666666667,3,0.947368421052632,0.46441675695705,0.999849363974563,P.1 OR P.1.1 OR P.1.2 OR P.1.3 OR P.1.4 OR P.1.5 OR P.1.6 OR P.1.7 OR P.1.7.1 OR P.1.8 OR P.1.9 OR P.1.10 OR P.1.10.1 OR P.1.10.2 OR P.1.11 OR P.1.12 OR P.1.12.1 OR P.1.13 OR P.1.14 OR P.1.15 OR P.1.16 OR P.1.17 OR P.1.17.1,Gamma,2.57142857142857,2.35714285714286,0.916666666666667
2021-05-08,2,2,3.33333333333333,3.16666666666667,0.95,0.46441675695705,0.999849363974563,P.1 OR P.1.1 OR P.1.2 OR P.1.3 OR P.1.4 OR P.1.5 OR P.1.6 OR P.1.7 OR P.1.7.1 OR P.1.8 OR P.1.9 OR P.1.10 OR P.1.10.1 OR P.1.10.2 OR P.1.11 OR P.1.12 OR P.1.12.1 OR P.1.13 OR P.1.14 OR P.1.15 OR P.1.16 OR P.1.17 OR P.1.17.1,Gamma,2.64285714285714,2.42857142857143,0.918918918918919
2021-05-10,1,1,2.4,2.4,1,0.333178245598791,0.999783091529969,P.1 OR P.1.1 OR P.1.2 OR P.1.3 OR P.1.4 OR P.1.5 OR P.1.6 OR P.1.7 OR P.1.7.1 OR P.1.8 OR P.1.9 OR P.1.10 OR P.1.10.1 OR P.1.10.2 OR P.1.11 OR P.1.12 OR P.1.12.1 OR P.1.13 OR P.1.14 OR P.1.15 OR P.1.16 OR P.1.17 OR P.1.17.1,Gamma,2.42857142857143,2.21428571428571,0.911764705882353
2021-05-11,1,1,1.6,1.6,1,0.333178245598791,0.999783091529969,P.1 OR P.1.1 OR P.1.2 OR P.1.3 OR P.1.4 OR P.1.5 OR P.1.6 OR P.1.7 OR P.1.7.1 OR P.1.8 OR P.1.9 OR P.1.10 OR P.1.10.1 OR P.1.10.2 OR P.1.11 OR P.1.12 OR P.1.12.1 OR P.1.13 OR P.1.14 OR P.1.15 OR P.1.16 OR P.1.17 OR P.1.17.1,Gamma,2.42857142857143,2.21428571428571,0.911764705882353
2021-05-12,3,3,1.83333333333333,1.83333333333333,1,0.333178245598791,0.999783091529969,P.1 OR P.1.1 OR P.1.2 OR P.1.3 OR P.1.4 OR P.1.5 OR P.1.6 OR P.1.7 OR P.1.7.1 OR P.1.8 OR P.1.9 OR P.1.10 OR P.1.10.1 OR P.1.10.2 OR P.1.11 OR P.1.12 OR P.1.12.1 OR P.1.13 OR P.1.14 OR P.1.15 OR P.1.16 OR P.1.17 OR P.1.17.1,Gamma,2.5,2.28571428571429,0.914285714285714
2021-05-13,2,2,1.83333333333333,1.83333333333333,1,0.333178245598791,0.999783091529969,P.1 OR P.1.1 OR P.1.2 OR P.1.3 OR P.1.4 OR P.1.5 OR P.1.6 OR P.1.7 OR P.1.7.1 OR P.1.8 OR P.1.9 OR P.1.10 OR P.1.10.1 OR P.1.10.2 OR P.1.11 OR P.1.12 OR P.1.12.1 OR P.1.13 OR P.1.14 OR P.1.15 OR P.1.16 OR P.1.17 OR P.1.17.1,Gamma,2.57142857142857,2.35714285714286,0.916666666666667
2021-05-14,1,1,1.66666666666667,1.66666666666667,1,0.333178245598791,0.999783091529969,P.1 OR P.1.1 OR P.1.2 OR P.1.3 OR P.1.4 OR P.1.5 OR P.1.6 OR P.1.7 OR P.1.7.1 OR P.1.8 OR P.1.9 OR P.1.10 OR P.1.10.1 OR P.1.10.2 OR P.1.11 OR P.1.12 OR P.1.12.1 OR P.1.13 OR P.1.14 OR P.1.15 OR P.1.16 OR P.1.17 OR P.1.17.1,Gamma,2.5,2.28571428571429,0.914285714285714
2021-05-15,1,1,1.5,1.5,1,0.333178245598791,0.999783091529969,P.1 OR P.1.1 OR P.1.2 OR P.1.3 OR P.1.4 OR P.1.5 OR P.1.6 OR P.1.7 OR P.1.7.1 OR P.1.8 OR P.1.9 OR P.1.10 OR P.1.10.1 OR P.1.10.2 OR P.1.11 OR P.1.12 OR P.1.12.1 OR P.1.13 OR P.1.14 OR P.1.15 OR P.1.16 OR P.1.17 OR P.1.17.1,Gamma,2.42857142857143,2.28571428571429,0.941176470588235
2021-05-17,2,2,1.66666666666667,1.66666666666667,1,0.333178245598791,0.999783091529969,P.1 OR P.1.1 OR P.1.2 OR P.1.3 OR P.1.4 OR P.1.5 OR P.1.6 OR P.1.7 OR P.1.7.1 OR P.1.8 OR P.1.9 OR P.1.10 OR P.1.10.1 OR P.1.10.2 OR P.1.11 OR P.1.12 OR P.1.12.1 OR P.1.13 OR P.1.14 OR P.1.15 OR P.1.16 OR P.1.17 OR P.1.17.1,Gamma,2.28571428571429,2.21428571428571,0.96875
2021-05-18,1,1,1.66666666666667,1.66666666666667,1,0.333178245598791,0.999783091529969,P.1 OR P.1.1 OR P.1.2 OR P.1.3 OR P.1.4 OR P.1.5 OR P.1.6 OR P.1.7 OR P.1.7.1 OR P.1.8 OR P.1.9 OR P.1.10 OR P.1.10.1 OR P.1.10.2 OR P.1.11 OR P.1.12 OR P.1.12.1 OR P.1.13 OR P.1.14 OR P.1.15 OR P.1.16 OR P.1.17 OR P.1.17.1,Gamma,2.28571428571429,2.21428571428571,0.96875
2021-05-20,2,2,1.4,1.4,1,0.146746316309575,0.999614419019244,P.1 OR P.1.1 OR P.1.2 OR P.1.3 OR P.1.4 OR P.1.5 OR P.1.6 OR P.1.7 OR P.1.7.1 OR P.1.8 OR P.1.9 OR P.1.10 OR P.1.10.1 OR P.1.10.2 OR P.1.11 OR P.1.12 OR P.1.12.1 OR P.1.13 OR P.1.14 OR P.1.15 OR P.1.16 OR P.1.17 OR P.1.17.1,Gamma,2.21428571428571,2.14285714285714,0.967741935483871
2021-05-21,2,2,1.6,1.6,1,0.333178245598791,0.999783091529969,P.1 OR P.1.1 OR P.1.2 OR P.1.3 OR P.1.4 OR P.1.5 OR P.1.6 OR P.1.7 OR P.1.7.1 OR P.1.8 OR P.1.9 OR P.1.10 OR P.1.10.1 OR P.1.10.2 OR P.1.11 OR P.1.12 OR P.1.12.1 OR P.1.13 OR P.1.14 OR P.1.15 OR P.1.16 OR P.1.17 OR P.1.17.1,Gamma,1.92857142857143,1.92857142857143,1
2021-05-24,2,2,1.75,1.75,1,0.333178245598791,0.999783091529969,P.1 OR P.1.1 OR P.1.2 OR P.1.3 OR P.1.4 OR P.1.5 OR P.1.6 OR P.1.7 OR P.1.7.1 OR P.1.8 OR P.1.9 OR P.1.10 OR P.1.10.1 OR P.1.10.2 OR P.1.11 OR P.1.12 OR P.1.12.1 OR P.1.13 OR P.1.14 OR P.1.15 OR P.1.16 OR P.1.17 OR P.1.17.1,Gamma,1.71428571428571,1.71428571428571,1
2021-05-26,1,1,1.75,1.75,1,0.333178245598791,0.999783091529969,P.1 OR P.1.1 OR P.1.2 OR P.1.3 OR P.1.4 OR P.1.5 OR P.1.6 OR P.1.7 OR P.1.7.1 OR P.1.8 OR P.1.9 OR P.1.10 OR P.1.10.1 OR P.1.10.2 OR P.1.11 OR P.1.12 OR P.1.12.1 OR P.1.13 OR P.1.14 OR P.1.15 OR P.1.16 OR P.1.17 OR P.1.17.1,Gamma,1.64285714285714,1.64285714285714,1
2021-05-27,1,1,1.5,1.5,1,0.333178245598791,0.999783091529969,P.1 OR P.1.1 OR P.1.2 OR P.1.3 OR P.1.4 OR P.1.5 OR P.1.6 OR P.1.7 OR P.1.7.1 OR P.1.8 OR P.1.9 OR P.1.10 OR P.1.10.1 OR P.1.10.2 OR P.1.11 OR P.1.12 OR P.1.12.1 OR P.1.13 OR P.1.14 OR P.1.15 OR P.1.16 OR P.1.17 OR P.1.17.1,Gamma,1.57142857142857,1.57142857142857,1
2021-05-28,1,1,1.25,1.25,1,0.146746316309575,0.999614419019244,P.1 OR P.1.1 OR P.1.2 OR P.1.3 OR P.1.4 OR P.1.5 OR P.1.6 OR P.1.7 OR P.1.7.1 OR P.1.8 OR P.1.9 OR P.1.10 OR P.1.10.1 OR P.1.10.2 OR P.1.11 OR P.1.12 OR P.1.12.1 OR P.1.13 OR P.1.14 OR P.1.15 OR P.1.16 OR P.1.17 OR P.1.17.1,Gamma,1.5,1.5,1
2021-05-30,1,1,1.2,1.2,1,0.146746316309575,0.999614419019244,P.1 OR P.1.1 OR P.1.2 OR P.1.3 OR P.1.4 OR P.1.5 OR P.1.6 OR P.1.7 OR P.1.7.1 OR P.1.8 OR P.1.9 OR P.1.10 OR P.1.10.1 OR P.1.10.2 OR P.1.11 OR P.1.12 OR P.1.12.1 OR P.1.13 OR P.1.14 OR P.1.15 OR P.1.16 OR P.1.17 OR P.1.17.1,Gamma,1.5,1.5,1
2021-05-31,13,13,3.4,3.4,1,0.46441675695705,0.999849363974563,P.1 OR P.1.1 OR P.1.2 OR P.1.3 OR P.1.4 OR P.1.5 OR P.1.6 OR P.1.7 OR P.1.7.1 OR P.1.8 OR P.1.9 OR P.1.10 OR P.1.10.1 OR P.1.10.2 OR P.1.11 OR P.1.12 OR P.1.12.1 OR P.1.13 OR P.1.14 OR P.1.15 OR P.1.16 OR P.1.17 OR P.1.17.1,Gamma,2.35714285714286,2.35714285714286,1
2021-06-01,7,7,4,4,1,0.55523738234236,0.999884667211762,P.1 OR P.1.1 OR P.1.2 OR P.1.3 OR P.1.4 OR P.1.5 OR P.1.6 OR P.1.7 OR P.1.7.1 OR P.1.8 OR P.1.9 OR P.1.10 OR P.1.10.1 OR P.1.10.2 OR P.1.11 OR P.1.12 OR P.1.12.1 OR P.1.13 OR P.1.14 OR P.1.15 OR P.1.16 OR P.1.17 OR P.1.17.1,Gamma,2.64285714285714,2.64285714285714,1
2021-06-02,1,1,4,4,1,0.55523738234236,0.999884667211762,P.1 OR P.1.1 OR P.1.2 OR P.1.3 OR P.1.4 OR P.1.5 OR P.1.6 OR P.1.7 OR P.1.7.1 OR P.1.8 OR P.1.9 OR P.1.10 OR P.1.10.1 OR P.1.10.2 OR P.1.11 OR P.1.12 OR P.1.12.1 OR P.1.13 OR P.1.14 OR P.1.15 OR P.1.16 OR P.1.17 OR P.1.17.1,Gamma,2.57142857142857,2.57142857142857,1
2021-06-03,1,1,4,4,1,0.55523738234236,0.999884667211762,P.1 OR P.1.1 OR P.1.2 OR P.1.3 OR P.1.4 OR P.1.5 OR P.1.6 OR P.1.7 OR P.1.7.1 OR P.1.8 OR P.1.9 OR P.1.10 OR P.1.10.1 OR P.1.10.2 OR P.1.11 OR P.1.12 OR P.1.12.1 OR P.1.13 OR P.1.14 OR P.1.15 OR P.1.16 OR P.1.17 OR P.1.17.1,Gamma,2.57142857142857,2.57142857142857,1
2021-06-04,1,1,4,4,1,0.55523738234236,0.999884667211762,P.1 OR P.1.1 OR P.1.2 OR P.1.3 OR P.1.4 OR P.1.5 OR P.1.6 OR P.1.7 OR P.1.7.1 OR P.1.8 OR P.1.9 OR P.1.10 OR P.1.10.1 OR P.1.10.2 OR P.1.11 OR P.1.12 OR P.1.12.1 OR P.1.13 OR P.1.14 OR P.1.15 OR P.1.16 OR P.1.17 OR P.1.17.1,Gamma,2.57142857142857,2.57142857142857,1
2021-06-05,1,1,3.57142857142857,3.57142857142857,1,0.55523738234236,0.999884667211762,P.1 OR P.1.1 OR P.1.2 OR P.1.3 OR P.1.4 OR P.1.5 OR P.1.6 OR P.1.7 OR P.1.7.1 OR P.1.8 OR P.1.9 OR P.1.10 OR P.1.10.1 OR P.1.10.2 OR P.1.11 OR P.1.12 OR P.1.12.1 OR P.1.13 OR P.1.14 OR P.1.15 OR P.1.16 OR P.1.17 OR P.1.17.1,Gamma,2.5,2.5,1
2021-06-06,2,2,3.71428571428571,3.71428571428571,1,0.55523738234236,0.999884667211762,P.1 OR P.1.1 OR P.1.2 OR P.1.3 OR P.1.4 OR P.1.5 OR P.1.6 OR P.1.7 OR P.1.7.1 OR P.1.8 OR P.1.9 OR P.1.10 OR P.1.10.1 OR P.1.10.2 OR P.1.11 OR P.1.12 OR P.1.12.1 OR P.1.13 OR P.1.14 OR P.1.15 OR P.1.16 OR P.1.17 OR P.1.17.1,Gamma,2.57142857142857,2.57142857142857,1
2021-06-07,2,2,2.14285714285714,2.14285714285714,1,0.333178245598791,0.999783091529969,P.1 OR P.1.1 OR P.1.2 OR P.1.3 OR P.1.4 OR P.1.5 OR P.1.6 OR P.1.7 OR P.1.7.1 OR P.1.8 OR P.1.9 OR P.1.10 OR P.1.10.1 OR P.1.10.2 OR P.1.11 OR P.1.12 OR P.1.12.1 OR P.1.13 OR P.1.14 OR P.1.15 OR P.1.16 OR P.1.17 OR P.1.17.1,Gamma,2.57142857142857,2.57142857142857,1
2021-06-08,2,2,1.42857142857143,1.42857142857143,1,0.146746316309575,0.999614419019244,P.1 OR P.1.1 OR P.1.2 OR P.1.3 OR P.1.4 OR P.1.5 OR P.1.6 OR P.1.7 OR P.1.7.1 OR P.1.8 OR P.1.9 OR P.1.10 OR P.1.10.1 OR P.1.10.2 OR P.1.11 OR P.1.12 OR P.1.12.1 OR P.1.13 OR P.1.14 OR P.1.15 OR P.1.16 OR P.1.17 OR P.1.17.1,Gamma,2.57142857142857,2.57142857142857,1
2021-06-09,2,2,1.57142857142857,1.57142857142857,1,0.333178245598791,0.999783091529969,P.1 OR P.1.1 OR P.1.2 OR P.1.3 OR P.1.4 OR P.1.5 OR P.1.6 OR P.1.7 OR P.1.7.1 OR P.1.8 OR P.1.9 OR P.1.10 OR P.1.10.1 OR P.1.10.2 OR P.1.11 OR P.1.12 OR P.1.12.1 OR P.1.13 OR P.1.14 OR P.1.15 OR P.1.16 OR P.1.17 OR P.1.17.1,Gamma,2.57142857142857,2.57142857142857,1
2021-06-10,2,2,1.71428571428571,1.71428571428571,1,0.333178245598791,0.999783091529969,P.1 OR P.1.1 OR P.1.2 OR P.1.3 OR P.1.4 OR P.1.5 OR P.1.6 OR P.1.7 OR P.1.7.1 OR P.1.8 OR P.1.9 OR P.1.10 OR P.1.10.1 OR P.1.10.2 OR P.1.11 OR P.1.12 OR P.1.12.1 OR P.1.13 OR P.1.14 OR P.1.15 OR P.1.16 OR P.1.17 OR P.1.17.1,Gamma,2.64285714285714,2.64285714285714,1
2021-06-11,3,3,2,2,1,0.333178245598791,0.999783091529969,P.1 OR P.1.1 OR P.1.2 OR P.1.3 OR P.1.4 OR P.1.5 OR P.1.6 OR P.1.7 OR P.1.7.1 OR P.1.8 OR P.1.9 OR P.1.10 OR P.1.10.1 OR P.1.10.2 OR P.1.11 OR P.1.12 OR P.1.12.1 OR P.1.13 OR P.1.14 OR P.1.15 OR P.1.16 OR P.1.17 OR P.1.17.1,Gamma,2.78571428571429,2.78571428571429,1
2021-06-12,2,2,2.14285714285714,2.14285714285714,1,0.333178245598791,0.999783091529969,P.1 OR P.1.1 OR P.1.2 OR P.1.3 OR P.1.4 OR P.1.5 OR P.1.6 OR P.1.7 OR P.1.7.1 OR P.1.8 OR P.1.9 OR P.1.10 OR P.1.10.1 OR P.1.10.2 OR P.1.11 OR P.1.12 OR P.1.12.1 OR P.1.13 OR P.1.14 OR P.1.15 OR P.1.16 OR P.1.17 OR P.1.17.1,Gamma,2.85714285714286,2.85714285714286,1
2021-06-14,1,1,2,2,1,0.333178245598791,0.999783091529969,P.1 OR P.1.1 OR P.1.2 OR P.1.3 OR P.1.4 OR P.1.5 OR P.1.6 OR P.1.7 OR P.1.7.1 OR P.1.8 OR P.1.9 OR P.1.10 OR P.1.10.1 OR P.1.10.2 OR P.1.11 OR P.1.12 OR P.1.12.1 OR P.1.13 OR P.1.14 OR P.1.15 OR P.1.16 OR P.1.17 OR P.1.17.1,Gamma,2.85714285714286,2.85714285714286,1
2021-06-15,3,3,2.16666666666667,2.16666666666667,1,0.333178245598791,0.999783091529969,P.1 OR P.1.1 OR P.1.2 OR P.1.3 OR P.1.4 OR P.1.5 OR P.1.6 OR P.1.7 OR P.1.7.1 OR P.1.8 OR P.1.9 OR P.1.10 OR P.1.10.1 OR P.1.10.2 OR P.1.11 OR P.1.12 OR P.1.12.1 OR P.1.13 OR P.1.14 OR P.1.15 OR P.1.16 OR P.1.17 OR P.1.17.1,Gamma,2.14285714285714,2.14285714285714,1
2021-06-16,3,3,2.33333333333333,2.33333333333333,1,0.333178245598791,0.999783091529969,P.1 OR P.1.1 OR P.1.2 OR P.1.3 OR P.1.4 OR P.1.5 OR P.1.6 OR P.1.7 OR P.1.7.1 OR P.1.8 OR P.1.9 OR P.1.10 OR P.1.10.1 OR P.1.10.2 OR P.1.11 OR P.1.12 OR P.1.12.1 OR P.1.13 OR P.1.14 OR P.1.15 OR P.1.16 OR P.1.17 OR P.1.17.1,Gamma,1.85714285714286,1.85714285714286,1
2021-06-17,1,1,2.16666666666667,2.16666666666667,1,0.333178245598791,0.999783091529969,P.1 OR P.1.1 OR P.1.2 OR P.1.3 OR P.1.4 OR P.1.5 OR P.1.6 OR P.1.7 OR P.1.7.1 OR P.1.8 OR P.1.9 OR P.1.10 OR P.1.10.1 OR P.1.10.2 OR P.1.11 OR P.1.12 OR P.1.12.1 OR P.1.13 OR P.1.14 OR P.1.15 OR P.1.16 OR P.1.17 OR P.1.17.1,Gamma,1.85714285714286,1.85714285714286,1
2021-06-18,4,4,2.33333333333333,2.33333333333333,1,0.333178245598791,0.999783091529969,P.1 OR P.1.1 OR P.1.2 OR P.1.3 OR P.1.4 OR P.1.5 OR P.1.6 OR P.1.7 OR P.1.7.1 OR P.1.8 OR P.1.9 OR P.1.10 OR P.1.10.1 OR P.1.10.2 OR P.1.11 OR P.1.12 OR P.1.12.1 OR P.1.13 OR P.1.14 OR P.1.15 OR P.1.16 OR P.1.17 OR P.1.17.1,Gamma,2.07142857142857,2.07142857142857,1
2021-06-19,1,1,2.16666666666667,2.16666666666667,1,0.333178245598791,0.999783091529969,P.1 OR P.1.1 OR P.1.2 OR P.1.3 OR P.1.4 OR P.1.5 OR P.1.6 OR P.1.7 OR P.1.7.1 OR P.1.8 OR P.1.9 OR P.1.10 OR P.1.10.1 OR P.1.10.2 OR P.1.11 OR P.1.12 OR P.1.12.1 OR P.1.13 OR P.1.14 OR P.1.15 OR P.1.16 OR P.1.17 OR P.1.17.1,Gamma,2.07142857142857,2.07142857142857,1
2021-06-22,2,2,2.2,2.2,1,0.333178245598791,0.999783091529969,P.1 OR P.1.1 OR P.1.2 OR P.1.3 OR P.1.4 OR P.1.5 OR P.1.6 OR P.1.7 OR P.1.7.1 OR P.1.8 OR P.1.9 OR P.1.10 OR P.1.10.1 OR P.1.10.2 OR P.1.11 OR P.1.12 OR P.1.12.1 OR P.1.13 OR P.1.14 OR P.1.15 OR P.1.16 OR P.1.17 OR P.1.17.1,Gamma,2.14285714285714,2.14285714285714,1
2021-06-25,1,1,1.33333333333333,1.33333333333333,1,0.146746316309575,0.999614419019244,P.1 OR P.1.1 OR P.1.2 OR P.1.3 OR P.1.4 OR P.1.5 OR P.1.6 OR P.1.7 OR P.1.7.1 OR P.1.8 OR P.1.9 OR P.1.10 OR P.1.10.1 OR P.1.10.2 OR P.1.11 OR P.1.12 OR P.1.12.1 OR P.1.13 OR P.1.14 OR P.1.15 OR P.1.16 OR P.1.17 OR P.1.17.1,Gamma,2.07142857142857,2.07142857142857,1
2021-06-26,1,1,1.33333333333333,1.33333333333333,1,0.146746316309575,0.999614419019244,P.1 OR P.1.1 OR P.1.2 OR P.1.3 OR P.1.4 OR P.1.5 OR P.1.6 OR P.1.7 OR P.1.7.1 OR P.1.8 OR P.1.9 OR P.1.10 OR P.1.10.1 OR P.1.10.2 OR P.1.11 OR P.1.12 OR P.1.12.1 OR P.1.13 OR P.1.14 OR P.1.15 OR P.1.16 OR P.1.17 OR P.1.17.1,Gamma,2,2,1
2021-06-27,1,1,1.25,1.25,1,0.146746316309575,0.999614419019244,P.1 OR P.1.1 OR P.1.2 OR P.1.3 OR P.1.4 OR P.1.5 OR P.1.6 OR P.1.7 OR P.1.7.1 OR P.1.8 OR P.1.9 OR P.1.10 OR P.1.10.1 OR P.1.10.2 OR P.1.11 OR P.1.12 OR P.1.12.1 OR P.1.13 OR P.1.14 OR P.1.15 OR P.1.16 OR P.1.17 OR P.1.17.1,Gamma,1.92857142857143,1.92857142857143,1
2021-06-28,2,1,1.4,1.2,0.857142857142857,0.146746316309575,0.999614419019244,P.1 OR P.1.1 OR P.1.2 OR P.1.3 OR P.1.4 OR P.1.5 OR P.1.6 OR P.1.7 OR P.1.7.1 OR P.1.8 OR P.1.9 OR P.1.10 OR P.1.10.1 OR P.1.10.2 OR P.1.11 OR P.1.12 OR P.1.12.1 OR P.1.13 OR P.1.14 OR P.1.15 OR P.1.16 OR P.1.17 OR P.1.17.1,Gamma,1.92857142857143,1.85714285714286,0.962962962962963
2021-06-29,1,1,1.2,1,0.833333333333333,0.146746316309575,0.999614419019244,P.1 OR P.1.1 OR P.1.2 OR P.1.3 OR P.1.4 OR P.1.5 OR P.1.6 OR P.1.7 OR P.1.7.1 OR P.1.8 OR P.1.9 OR P.1.10 OR P.1.10.1 OR P.1.10.2 OR P.1.11 OR P.1.12 OR P.1.12.1 OR P.1.13 OR P.1.14 OR P.1.15 OR P.1.16 OR P.1.17 OR P.1.17.1,Gamma,1.85714285714286,1.78571428571429,0.961538461538461
2021-06-30,3,3,1.5,1.33333333333333,0.888888888888889,0.0608302759200974,0.939169724079903,P.1 OR P.1.1 OR P.1.2 OR P.1.3 OR P.1.4 OR P.1.5 OR P.1.6 OR P.1.7 OR P.1.7.1 OR P.1.8 OR P.1.9 OR P.1.10 OR P.1.10.1 OR P.1.10.2 OR P.1.11 OR P.1.12 OR P.1.12.1 OR P.1.13 OR P.1.14 OR P.1.15 OR P.1.16 OR P.1.17 OR P.1.17.1,Gamma,1.85714285714286,1.78571428571429,0.961538461538461
2021-07-01,3,3,1.71428571428571,1.57142857142857,0.916666666666667,0.333178245598791,0.999783091529969,P.1 OR P.1.1 OR P.1.2 OR P.1.3 OR P.1.4 OR P.1.5 OR P.1.6 OR P.1.7 OR P.1.7.1 OR P.1.8 OR P.1.9 OR P.1.10 OR P.1.10.1 OR P.1.10.2 OR P.1.11 OR P.1.12 OR P.1.12.1 OR P.1.13 OR P.1.14 OR P.1.15 OR P.1.16 OR P.1.17 OR P.1.17.1,Gamma,1.92857142857143,1.85714285714286,0.962962962962963
2021-07-02,6,6,2.42857142857143,2.28571428571429,0.941176470588235,0.333178245598791,0.999783091529969,P.1 OR P.1.1 OR P.1.2 OR P.1.3 OR P.1.4 OR P.1.5 OR P.1.6 OR P.1.7 OR P.1.7.1 OR P.1.8 OR P.1.9 OR P.1.10 OR P.1.10.1 OR P.1.10.2 OR P.1.11 OR P.1.12 OR P.1.12.1 OR P.1.13 OR P.1.14 OR P.1.15 OR P.1.16 OR P.1.17 OR P.1.17.1,Gamma,2.28571428571429,2.21428571428571,0.96875
2021-07-03,4,4,2.85714285714286,2.71428571428571,0.95,0.46441675695705,0.999849363974563,P.1 OR P.1.1 OR P.1.2 OR P.1.3 OR P.1.4 OR P.1.5 OR P.1.6 OR P.1.7 OR P.1.7.1 OR P.1.8 OR P.1.9 OR P.1.10 OR P.1.10.1 OR P.1.10.2 OR P.1.11 OR P.1.12 OR P.1.12.1 OR P.1.13 OR P.1.14 OR P.1.15 OR P.1.16 OR P.1.17 OR P.1.17.1,Gamma,2.35714285714286,2.28571428571429,0.96969696969697
2021-07-04,2,2,3,2.85714285714286,0.952380952380952,0.46441675695705,0.999849363974563,P.1 OR P.1.1 OR P.1.2 OR P.1.3 OR P.1.4 OR P.1.5 OR P.1.6 OR P.1.7 OR P.1.7.1 OR P.1.8 OR P.1.9 OR P.1.10 OR P.1.10.1 OR P.1.10.2 OR P.1.11 OR P.1.12 OR P.1.12.1 OR P.1.13 OR P.1.14 OR P.1.15 OR P.1.16 OR P.1.17 OR P.1.17.1,Gamma,2.28571428571429,2.21428571428571,0.96875
2021-07-05,7,4,3.71428571428571,3.28571428571429,0.884615384615385,0.283751679563413,0.971529104912853,P.1 OR P.1.1 OR P.1.2 OR P.1.3 OR P.1.4 OR P.1.5 OR P.1.6 OR P.1.7 OR P.1.7.1 OR P.1.8 OR P.1.9 OR P.1.10 OR P.1.10.1 OR P.1.10.2 OR P.1.11 OR P.1.12 OR P.1.12.1 OR P.1.13 OR P.1.14 OR P.1.15 OR P.1.16 OR P.1.17 OR P.1.17.1,Gamma,2.71428571428571,2.42857142857143,0.894736842105263
2021-07-06,11,9,5.14285714285714,4.42857142857143,0.861111111111111,0.371373599368006,0.977487234000845,P.1 OR P.1.1 OR P.1.2 OR P.1.3 OR P.1.4 OR P.1.5 OR P.1.6 OR P.1.7 OR P.1.7.1 OR P.1.8 OR P.1.9 OR P.1.10 OR P.1.10.1 OR P.1.10.2 OR P.1.11 OR P.1.12 OR P.1.12.1 OR P.1.13 OR P.1.14 OR P.1.15 OR P.1.16 OR P.1.17 OR P.1.17.1,Gamma,3.21428571428571,2.78571428571429,0.866666666666667
2021-07-07,16,11,7,5.57142857142857,0.795918367346939,0.499202538380922,0.984123475787253,P.1 OR P.1.1 OR P.1.2 OR P.1.3 OR P.1.4 OR P.1.5 OR P.1.6 OR P.1.7 OR P.1.7.1 OR P.1.8 OR P.1.9 OR P.1.10 OR P.1.10.1 OR P.1.10.2 OR P.1.11 OR P.1.12 OR P.1.12.1 OR P.1.13 OR P.1.14 OR P.1.15 OR P.1.16 OR P.1.17 OR P.1.17.1,Gamma,4.28571428571429,3.5,0.816666666666667
2021-07-08,9,7,7.85714285714286,6.14285714285714,0.781818181818182,0.408376489426663,0.944033110275341,P.1 OR P.1.1 OR P.1.2 OR P.1.3 OR P.1.4 OR P.1.5 OR P.1.6 OR P.1.7 OR P.1.7.1 OR P.1.8 OR P.1.9 OR P.1.10 OR P.1.10.1 OR P.1.10.2 OR P.1.11 OR P.1.12 OR P.1.12.1 OR P.1.13 OR P.1.14 OR P.1.15 OR P.1.16 OR P.1.17 OR P.1.17.1,Gamma,4.78571428571429,3.85714285714286,0.805970149253731
2021-07-09,5,4,7.71428571428571,5.85714285714286,0.759259259259259,0.408376489426663,0.944033110275341,P.1 OR P.1.1 OR P.1.2 OR P.1.3 OR P.1.4 OR P.1.5 OR P.1.6 OR P.1.7 OR P.1.7.1 OR P.1.8 OR P.1.9 OR P.1.10 OR P.1.10.1 OR P.1.10.2 OR P.1.11 OR P.1.12 OR P.1.12.1 OR P.1.13 OR P.1.14 OR P.1.15 OR P.1.16 OR P.1.17 OR P.1.17.1,Gamma,5.07142857142857,4.07142857142857,0.802816901408451
2021-07-10,3,2,7.57142857142857,5.57142857142857,0.735849056603774,0.408376489426663,0.944033110275341,P.1 OR P.1.1 OR P.1.2 OR P.1.3 OR P.1.4 OR P.1.5 OR P.1.6 OR P.1.7 OR P.1.7.1 OR P.1.8 OR P.1.9 OR P.1.10 OR P.1.10.1 OR P.1.10.2 OR P.1.11 OR P.1.12 OR P.1.12.1 OR P.1.13 OR P.1.14 OR P.1.15 OR P.1.16 OR P.1.17 OR P.1.17.1,Gamma,5.21428571428571,4.14285714285714,0.794520547945206
2021-07-11,1,0,7.42857142857143,5.28571428571429,0.711538461538462,0.352338345040579,0.935271733050516,P.1 OR P.1.1 OR P.1.2 OR P.1.3 OR P.1.4 OR P.1.5 OR P.1.6 OR P.1.7 OR P.1.7.1 OR P.1.8 OR P.1.9 OR P.1.10 OR P.1.10.1 OR P.1.10.2 OR P.1.11 OR P.1.12 OR P.1.12.1 OR P.1.13 OR P.1.14 OR P.1.15 OR P.1.16 OR P.1.17 OR P.1.17.1,Gamma,5.21428571428571,4.07142857142857,0.780821917808219
2021-07-12,9,7,7.71428571428571,5.71428571428571,0.740740740740741,0.408376489426663,0.944033110275341,P.1 OR P.1.1 OR P.1.2 OR P.1.3 OR P.1.4 OR P.1.5 OR P.1.6 OR P.1.7 OR P.1.7.1 OR P.1.8 OR P.1.9 OR P.1.10 OR P.1.10.1 OR P.1.10.2 OR P.1.11 OR P.1.12 OR P.1.12.1 OR P.1.13 OR P.1.14 OR P.1.15 OR P.1.16 OR P.1.17 OR P.1.17.1,Gamma,5.71428571428571,4.5,0.7875
2021-07-13,9,8,7.42857142857143,5.57142857142857,0.75,0.499202538380922,0.984123475787253,P.1 OR P.1.1 OR P.1.2 OR P.1.3 OR P.1.4 OR P.1.5 OR P.1.6 OR P.1.7 OR P.1.7.1 OR P.1.8 OR P.1.9 OR P.1.10 OR P.1.10.1 OR P.1.10.2 OR P.1.11 OR P.1.12 OR P.1.12.1 OR P.1.13 OR P.1.14 OR P.1.15 OR P.1.16 OR P.1.17 OR P.1.17.1,Gamma,6.28571428571429,5,0.795454545454546
2021-07-14,2,2,5.42857142857143,4.28571428571429,0.789473684210526,0.371373599368006,0.977487234000845,P.1 OR P.1.1 OR P.1.2 OR P.1.3 OR P.1.4 OR P.1.5 OR P.1.6 OR P.1.7 OR P.1.7.1 OR P.1.8 OR P.1.9 OR P.1.10 OR P.1.10.1 OR P.1.10.2 OR P.1.11 OR P.1.12 OR P.1.12.1 OR P.1.13 OR P.1.14 OR P.1.15 OR P.1.16 OR P.1.17 OR P.1.17.1,Gamma,6.21428571428571,4.92857142857143,0.793103448275862
2021-07-15,7,6,5.14285714285714,4.14285714285714,0.805555555555556,0.371373599368006,0.977487234000845,P.1 OR P.1.1 OR P.1.2 OR P.1.3 OR P.1.4 OR P.1.5 OR P.1.6 OR P.1.7 OR P.1.7.1 OR P.1.8 OR P.1.9 OR P.1.10 OR P.1.10.1 OR P.1.10.2 OR P.1.11 OR P.1.12 OR P.1.12.1 OR P.1.13 OR P.1.14 OR P.1.15 OR P.1.16 OR P.1.17 OR P.1.17.1,Gamma,6.5,5.14285714285714,0.791208791208791
2021-07-16,1,1,4.57142857142857,3.71428571428571,0.8125,0.371373599368006,0.977487234000845,P.1 OR P.1.1 OR P.1.2 OR P.1.3 OR P.1.4 OR P.1.5 OR P.1.6 OR P.1.7 OR P.1.7.1 OR P.1.8 OR P.1.9 OR P.1.10 OR P.1.10.1 OR P.1.10.2 OR P.1.11 OR P.1.12 OR P.1.12.1 OR P.1.13 OR P.1.14 OR P.1.15 OR P.1.16 OR P.1.17 OR P.1.17.1,Gamma,6.14285714285714,4.78571428571429,0.77906976744186
2021-07-17,8,7,5.28571428571429,4.42857142857143,0.837837837837838,0.371373599368006,0.977487234000845,P.1 OR P.1.1 OR P.1.2 OR P.1.3 OR P.1.4 OR P.1.5 OR P.1.6 OR P.1.7 OR P.1.7.1 OR P.1.8 OR P.1.9 OR P.1.10 OR P.1.10.1 OR P.1.10.2 OR P.1.11 OR P.1.12 OR P.1.12.1 OR P.1.13 OR P.1.14 OR P.1.15 OR P.1.16 OR P.1.17 OR P.1.17.1,Gamma,6.42857142857143,5,0.777777777777778
2021-07-18,1,1,5.28571428571429,4.57142857142857,0.864864864864865,0.620622857700961,0.99990657939996,P.1 OR P.1.1 OR P.1.2 OR P.1.3 OR P.1.4 OR P.1.5 OR P.1.6 OR P.1.7 OR P.1.7.1 OR P.1.8 OR P.1.9 OR P.1.10 OR P.1.10.1 OR P.1.10.2 OR P.1.11 OR P.1.12 OR P.1.12.1 OR P.1.13 OR P.1.14 OR P.1.15 OR P.1.16 OR P.1.17 OR P.1.17.1,Gamma,6.35714285714286,4.92857142857143,0.775280898876405
2021-07-19,3,3,4.42857142857143,4,0.903225806451613,0.55523738234236,0.999884667211762,P.1 OR P.1.1 OR P.1.2 OR P.1.3 OR P.1.4 OR P.1.5 OR P.1.6 OR P.1.7 OR P.1.7.1 OR P.1.8 OR P.1.9 OR P.1.10 OR P.1.10.1 OR P.1.10.2 OR P.1.11 OR P.1.12 OR P.1.12.1 OR P.1.13 OR P.1.14 OR P.1.15 OR P.1.16 OR P.1.17 OR P.1.17.1,Gamma,6.07142857142857,4.85714285714286,0.8
2021-07-20,6,5,4,3.57142857142857,0.892857142857143,0.55523738234236,0.999884667211762,P.1 OR P.1.1 OR P.1.2 OR P.1.3 OR P.1.4 OR P.1.5 OR P.1.6 OR P.1.7 OR P.1.7.1 OR P.1.8 OR P.1.9 OR P.1.10 OR P.1.10.1 OR P.1.10.2 OR P.1.11 OR P.1.12 OR P.1.12.1 OR P.1.13 OR P.1.14 OR P.1.15 OR P.1.16 OR P.1.17 OR P.1.17.1,Gamma,5.71428571428571,4.57142857142857,0.8
2021-07-21,3,3,4.14285714285714,3.71428571428571,0.896551724137931,0.55523738234236,0.999884667211762,P.1 OR P.1.1 OR P.1.2 OR P.1.3 OR P.1.4 OR P.1.5 OR P.1.6 OR P.1.7 OR P.1.7.1 OR P.1.8 OR P.1.9 OR P.1.10 OR P.1.10.1 OR P.1.10.2 OR P.1.11 OR P.1.12 OR P.1.12.1 OR P.1.13 OR P.1.14 OR P.1.15 OR P.1.16 OR P.1.17 OR P.1.17.1,Gamma,4.78571428571429,4,0.835820895522388
2021-07-22,1,0,3.28571428571429,2.85714285714286,0.869565217391305,0.46441675695705,0.999849363974563,P.1 OR P.1.1 OR P.1.2 OR P.1.3 OR P.1.4 OR P.1.5 OR P.1.6 OR P.1.7 OR P.1.7.1 OR P.1.8 OR P.1.9 OR P.1.10 OR P.1.10.1 OR P.1.10.2 OR P.1.11 OR P.1.12 OR P.1.12.1 OR P.1.13 OR P.1.14 OR P.1.15 OR P.1.16 OR P.1.17 OR P.1.17.1,Gamma,4.21428571428571,3.5,0.830508474576271
2021-07-23,2,2,3.42857142857143,3,0.875,0.46441675695705,0.999849363974563,P.1 OR P.1.1 OR P.1.2 OR P.1.3 OR P.1.4 OR P.1.5 OR P.1.6 OR P.1.7 OR P.1.7.1 OR P.1.8 OR P.1.9 OR P.1.10 OR P.1.10.1 OR P.1.10.2 OR P.1.11 OR P.1.12 OR P.1.12.1 OR P.1.13 OR P.1.14 OR P.1.15 OR P.1.16 OR P.1.17 OR P.1.17.1,Gamma,4,3.35714285714286,0.839285714285714
2021-07-24,3,2,2.71428571428571,2.28571428571429,0.842105263157895,0.176736097131257,0.961252382214835,P.1 OR P.1.1 OR P.1.2 OR P.1.3 OR P.1.4 OR P.1.5 OR P.1.6 OR P.1.7 OR P.1.7.1 OR P.1.8 OR P.1.9 OR P.1.10 OR P.1.10.1 OR P.1.10.2 OR P.1.11 OR P.1.12 OR P.1.12.1 OR P.1.13 OR P.1.14 OR P.1.15 OR P.1.16 OR P.1.17 OR P.1.17.1,Gamma,4,3.35714285714286,0.839285714285714
2021-07-25,1,1,2.71428571428571,2.28571428571429,0.842105263157895,0.176736097131257,0.961252382214835,P.1 OR P.1.1 OR P.1.2 OR P.1.3 OR P.1.4 OR P.1.5 OR P.1.6 OR P.1.7 OR P.1.7.1 OR P.1.8 OR P.1.9 OR P.1.10 OR P.1.10.1 OR P.1.10.2 OR P.1.11 OR P.1.12 OR P.1.12.1 OR P.1.13 OR P.1.14 OR P.1.15 OR P.1.16 OR P.1.17 OR P.1.17.1,Gamma,4,3.42857142857143,0.857142857142857
2021-07-26,2,2,2.57142857142857,2.14285714285714,0.833333333333333,0.176736097131257,0.961252382214835,P.1 OR P.1.1 OR P.1.2 OR P.1.3 OR P.1.4 OR P.1.5 OR P.1.6 OR P.1.7 OR P.1.7.1 OR P.1.8 OR P.1.9 OR P.1.10 OR P.1.10.1 OR P.1.10.2 OR P.1.11 OR P.1.12 OR P.1.12.1 OR P.1.13 OR P.1.14 OR P.1.15 OR P.1.16 OR P.1.17 OR P.1.17.1,Gamma,3.5,3.07142857142857,0.877551020408163
2021-07-27,6,1,2.57142857142857,1.57142857142857,0.611111111111111,0.176736097131257,0.961252382214835,P.1 OR P.1.1 OR P.1.2 OR P.1.3 OR P.1.4 OR P.1.5 OR P.1.6 OR P.1.7 OR P.1.7.1 OR P.1.8 OR P.1.9 OR P.1.10 OR P.1.10.1 OR P.1.10.2 OR P.1.11 OR P.1.12 OR P.1.12.1 OR P.1.13 OR P.1.14 OR P.1.15 OR P.1.16 OR P.1.17 OR P.1.17.1,Gamma,3.28571428571429,2.57142857142857,0.782608695652174
2021-07-28,2,1,2.42857142857143,1.28571428571429,0.529411764705882,0.0608302759200974,0.939169724079903,P.1 OR P.1.1 OR P.1.2 OR P.1.3 OR P.1.4 OR P.1.5 OR P.1.6 OR P.1.7 OR P.1.7.1 OR P.1.8 OR P.1.9 OR P.1.10 OR P.1.10.1 OR P.1.10.2 OR P.1.11 OR P.1.12 OR P.1.12.1 OR P.1.13 OR P.1.14 OR P.1.15 OR P.1.16 OR P.1.17 OR P.1.17.1,Gamma,3.28571428571429,2.5,0.760869565217391
2021-07-29,1,0,2.42857142857143,1.28571428571429,0.529411764705882,0.0608302759200974,0.939169724079903,P.1 OR P.1.1 OR P.1.2 OR P.1.3 OR P.1.4 OR P.1.5 OR P.1.6 OR P.1.7 OR P.1.7.1 OR P.1.8 OR P.1.9 OR P.1.10 OR P.1.10.1 OR P.1.10.2 OR P.1.11 OR P.1.12 OR P.1.12.1 OR P.1.13 OR P.1.14 OR P.1.15 OR P.1.16 OR P.1.17 OR P.1.17.1,Gamma,2.85714285714286,2.07142857142857,0.725
2021-07-30,3,2,2.57142857142857,1.28571428571429,0.5,0.0387476177851652,0.823263902868743,P.1 OR P.1.1 OR P.1.2 OR P.1.3 OR P.1.4 OR P.1.5 OR P.1.6 OR P.1.7 OR P.1.7.1 OR P.1.8 OR P.1.9 OR P.1.10 OR P.1.10.1 OR P.1.10.2 OR P.1.11 OR P.1.12 OR P.1.12.1 OR P.1.13 OR P.1.14 OR P.1.15 OR P.1.16 OR P.1.17 OR P.1.17.1,Gamma,3,2.14285714285714,0.714285714285714
2021-07-31,4,4,2.71428571428571,1.57142857142857,0.578947368421053,0.176736097131257,0.961252382214835,P.1 OR P.1.1 OR P.1.2 OR P.1.3 OR P.1.4 OR P.1.5 OR P.1.6 OR P.1.7 OR P.1.7.1 OR P.1.8 OR P.1.9 OR P.1.10 OR P.1.10.1 OR P.1.10.2 OR P.1.11 OR P.1.12 OR P.1.12.1 OR P.1.13 OR P.1.14 OR P.1.15 OR P.1.16 OR P.1.17 OR P.1.17.1,Gamma,2.71428571428571,1.92857142857143,0.710526315789474
2021-08-01,2,2,2.85714285714286,1.71428571428571,0.6,0.176736097131257,0.961252382214835,P.1 OR P.1.1 OR P.1.2 OR P.1.3 OR P.1.4 OR P.1.5 OR P.1.6 OR P.1.7 OR P.1.7.1 OR P.1.8 OR P.1.9 OR P.1.10 OR P.1.10.1 OR P.1.10.2 OR P.1.11 OR P.1.12 OR P.1.12.1 OR P.1.13 OR P.1.14 OR P.1.15 OR P.1.16 OR P.1.17 OR P.1.17.1,Gamma,2.78571428571429,2,0.717948717948718
2021-08-02,7,5,3.57142857142857,2.14285714285714,0.6,0.122753882769518,0.877246117230482,P.1 OR P.1.1 OR P.1.2 OR P.1.3 OR P.1.4 OR P.1.5 OR P.1.6 OR P.1.7 OR P.1.7.1 OR P.1.8 OR P.1.9 OR P.1.10 OR P.1.10.1 OR P.1.10.2 OR P.1.11 OR P.1.12 OR P.1.12.1 OR P.1.13 OR P.1.14 OR P.1.15 OR P.1.16 OR P.1.17 OR P.1.17.1,Gamma,3.07142857142857,2.14285714285714,0.697674418604651
2021-08-03,4,1,3.28571428571429,2.14285714285714,0.652173913043478,0.176736097131257,0.961252382214835,P.1 OR P.1.1 OR P.1.2 OR P.1.3 OR P.1.4 OR P.1.5 OR P.1.6 OR P.1.7 OR P.1.7.1 OR P.1.8 OR P.1.9 OR P.1.10 OR P.1.10.1 OR P.1.10.2 OR P.1.11 OR P.1.12 OR P.1.12.1 OR P.1.13 OR P.1.14 OR P.1.15 OR P.1.16 OR P.1.17 OR P.1.17.1,Gamma,2.92857142857143,1.85714285714286,0.634146341463415
2021-08-04,2,2,3.28571428571429,2.28571428571429,0.695652173913044,0.176736097131257,0.961252382214835,P.1 OR P.1.1 OR P.1.2 OR P.1.3 OR P.1.4 OR P.1.5 OR P.1.6 OR P.1.7 OR P.1.7.1 OR P.1.8 OR P.1.9 OR P.1.10 OR P.1.10.1 OR P.1.10.2 OR P.1.11 OR P.1.12 OR P.1.12.1 OR P.1.13 OR P.1.14 OR P.1.15 OR P.1.16 OR P.1.17 OR P.1.17.1,Gamma,2.85714285714286,1.78571428571429,0.625
2021-08-05,8,3,4.28571428571429,2.71428571428571,0.633333333333333,0.283751679563413,0.971529104912853,P.1 OR P.1.1 OR P.1.2 OR P.1.3 OR P.1.4 OR P.1.5 OR P.1.6 OR P.1.7 OR P.1.7.1 OR P.1.8 OR P.1.9 OR P.1.10 OR P.1.10.1 OR P.1.10.2 OR P.1.11 OR P.1.12 OR P.1.12.1 OR P.1.13 OR P.1.14 OR P.1.15 OR P.1.16 OR P.1.17 OR P.1.17.1,Gamma,3.35714285714286,2,0.595744680851064
2021-08-06,6,3,4.71428571428571,2.85714285714286,0.606060606060606,0.209416664076005,0.905609672655656,P.1 OR P.1.1 OR P.1.2 OR P.1.3 OR P.1.4 OR P.1.5 OR P.1.6 OR P.1.7 OR P.1.7.1 OR P.1.8 OR P.1.9 OR P.1.10 OR P.1.10.1 OR P.1.10.2 OR P.1.11 OR P.1.12 OR P.1.12.1 OR P.1.13 OR P.1.14 OR P.1.15 OR P.1.16 OR P.1.17 OR P.1.17.1,Gamma,3.64285714285714,2.07142857142857,0.568627450980392
2021-08-07,8,0,5.28571428571429,2.28571428571429,0.432432432432432,0.0943903273443441,0.790583335923995,P.1 OR P.1.1 OR P.1.2 OR P.1.3 OR P.1.4 OR P.1.5 OR P.1.6 OR P.1.7 OR P.1.7.1 OR P.1.8 OR P.1.9 OR P.1.10 OR P.1.10.1 OR P.1.10.2 OR P.1.11 OR P.1.12 OR P.1.12.1 OR P.1.13 OR P.1.14 OR P.1.15 OR P.1.16 OR P.1.17 OR P.1.17.1,Gamma,4,1.92857142857143,0.482142857142857
2021-08-08,11,3,6.57142857142857,2.42857142857143,0.369565217391304,0.0647282669494835,0.647661654959421,P.1 OR P.1.1 OR P.1.2 OR P.1.3 OR P.1.4 OR P.1.5 OR P.1.6 OR P.1.7 OR P.1.7.1 OR P.1.8 OR P.1.9 OR P.1.10 OR P.1.10.1 OR P.1.10.2 OR P.1.11 OR P.1.12 OR P.1.12.1 OR P.1.13 OR P.1.14 OR P.1.15 OR P.1.16 OR P.1.17 OR P.1.17.1,Gamma,4.71428571428571,2.07142857142857,0.439393939393939
2021-08-09,3,2,6,2,0.333333333333333,0.0767701400348735,0.713576990745803,P.1 OR P.1.1 OR P.1.2 OR P.1.3 OR P.1.4 OR P.1.5 OR P.1.6 OR P.1.7 OR P.1.7.1 OR P.1.8 OR P.1.9 OR P.1.10 OR P.1.10.1 OR P.1.10.2 OR P.1.11 OR P.1.12 OR P.1.12.1 OR P.1.13 OR P.1.14 OR P.1.15 OR P.1.16 OR P.1.17 OR P.1.17.1,Gamma,4.78571428571429,2.07142857142857,0.432835820895522
2021-08-10,4,1,6,2,0.333333333333333,0.0767701400348735,0.713576990745803,P.1 OR P.1.1 OR P.1.2 OR P.1.3 OR P.1.4 OR P.1.5 OR P.1.6 OR P.1.7 OR P.1.7.1 OR P.1.8 OR P.1.9 OR P.1.10 OR P.1.10.1 OR P.1.10.2 OR P.1.11 OR P.1.12 OR P.1.12.1 OR P.1.13 OR P.1.14 OR P.1.15 OR P.1.16 OR P.1.17 OR P.1.17.1,Gamma,4.64285714285714,2.07142857142857,0.446153846153846
2021-08-11,4,2,6.28571428571429,2,0.318181818181818,0.0767701400348735,0.713576990745803,P.1 OR P.1.1 OR P.1.2 OR P.1.3 OR P.1.4 OR P.1.5 OR P.1.6 OR P.1.7 OR P.1.7.1 OR P.1.8 OR P.1.9 OR P.1.10 OR P.1.10.1 OR P.1.10.2 OR P.1.11 OR P.1.12 OR P.1.12.1 OR P.1.13 OR P.1.14 OR P.1.15 OR P.1.16 OR P.1.17 OR P.1.17.1,Gamma,4.78571428571429,2.14285714285714,0.447761194029851
2021-08-12,4,2,5.71428571428571,1.85714285714286,0.325,0.0767701400348735,0.713576990745803,P.1 OR P.1.1 OR P.1.2 OR P.1.3 OR P.1.4 OR P.1.5 OR P.1.6 OR P.1.7 OR P.1.7.1 OR P.1.8 OR P.1.9 OR P.1.10 OR P.1.10.1 OR P.1.10.2 OR P.1.11 OR P.1.12 OR P.1.12.1 OR P.1.13 OR P.1.14 OR P.1.15 OR P.1.16 OR P.1.17 OR P.1.17.1,Gamma,5,2.28571428571429,0.457142857142857
2021-08-13,4,0,5.42857142857143,1.42857142857143,0.263157894736842,0.0225127659991551,0.628626400631994,P.1 OR P.1.1 OR P.1.2 OR P.1.3 OR P.1.4 OR P.1.5 OR P.1.6 OR P.1.7 OR P.1.7.1 OR P.1.8 OR P.1.9 OR P.1.10 OR P.1.10.1 OR P.1.10.2 OR P.1.11 OR P.1.12 OR P.1.12.1 OR P.1.13 OR P.1.14 OR P.1.15 OR P.1.16 OR P.1.17 OR P.1.17.1,Gamma,5.07142857142857,2.14285714285714,0.422535211267606
2021-08-14,3,2,4.71428571428571,1.71428571428571,0.363636363636364,0.0943903273443441,0.790583335923995,P.1 OR P.1.1 OR P.1.2 OR P.1.3 OR P.1.4 OR P.1.5 OR P.1.6 OR P.1.7 OR P.1.7.1 OR P.1.8 OR P.1.9 OR P.1.10 OR P.1.10.1 OR P.1.10.2 OR P.1.11 OR P.1.12 OR P.1.12.1 OR P.1.13 OR P.1.14 OR P.1.15 OR P.1.16 OR P.1.17 OR P.1.17.1,Gamma,5,2,0.4
2021-08-16,5,2,4,1.5,0.375,0.122753882769518,0.877246117230482,P.1 OR P.1.1 OR P.1.2 OR P.1.3 OR P.1.4 OR P.1.5 OR P.1.6 OR P.1.7 OR P.1.7.1 OR P.1.8 OR P.1.9 OR P.1.10 OR P.1.10.1 OR P.1.10.2 OR P.1.11 OR P.1.12 OR P.1.12.1 OR P.1.13 OR P.1.14 OR P.1.15 OR P.1.16 OR P.1.17 OR P.1.17.1,Gamma,5.21428571428571,2,0.383561643835616
2021-08-17,2,0,3.66666666666667,1.33333333333333,0.363636363636364,0.0284708950871468,0.716248320436587,P.1 OR P.1.1 OR P.1.2 OR P.1.3 OR P.1.4 OR P.1.5 OR P.1.6 OR P.1.7 OR P.1.7.1 OR P.1.8 OR P.1.9 OR P.1.10 OR P.1.10.1 OR P.1.10.2 OR P.1.11 OR P.1.12 OR P.1.12.1 OR P.1.13 OR P.1.14 OR P.1.15 OR P.1.16 OR P.1.17 OR P.1.17.1,Gamma,4.85714285714286,1.64285714285714,0.338235294117647
2021-08-18,9,3,4.5,1.5,0.333333333333333,0.122753882769518,0.877246117230482,P.1 OR P.1.1 OR P.1.2 OR P.1.3 OR P.1.4 OR P.1.5 OR P.1.6 OR P.1.7 OR P.1.7.1 OR P.1.8 OR P.1.9 OR P.1.10 OR P.1.10.1 OR P.1.10.2 OR P.1.11 OR P.1.12 OR P.1.12.1 OR P.1.13 OR P.1.14 OR P.1.15 OR P.1.16 OR P.1.17 OR P.1.17.1,Gamma,5.21428571428571,1.78571428571429,0.342465753424658
2021-08-19,7,1,5,1.33333333333333,0.266666666666667,0.0225127659991551,0.628626400631994,P.1 OR P.1.1 OR P.1.2 OR P.1.3 OR P.1.4 OR P.1.5 OR P.1.6 OR P.1.7 OR P.1.7.1 OR P.1.8 OR P.1.9 OR P.1.10 OR P.1.10.1 OR P.1.10.2 OR P.1.11 OR P.1.12 OR P.1.12.1 OR P.1.13 OR P.1.14 OR P.1.15 OR P.1.16 OR P.1.17 OR P.1.17.1,Gamma,5.57142857142857,1.71428571428571,0.307692307692308
2021-08-20,8,1,5.66666666666667,1.5,0.264705882352941,0.0767701400348735,0.713576990745803,P.1 OR P.1.1 OR P.1.2 OR P.1.3 OR P.1.4 OR P.1.5 OR P.1.6 OR P.1.7 OR P.1.7.1 OR P.1.8 OR P.1.9 OR P.1.10 OR P.1.10.1 OR P.1.10.2 OR P.1.11 OR P.1.12 OR P.1.12.1 OR P.1.13 OR P.1.14 OR P.1.15 OR P.1.16 OR P.1.17 OR P.1.17.1,Gamma,5.57142857142857,1.57142857142857,0.282051282051282
2021-08-21,4,1,5.83333333333333,1.33333333333333,0.228571428571429,0.0186201271194422,0.558056773609248,P.1 OR P.1.1 OR P.1.2 OR P.1.3 OR P.1.4 OR P.1.5 OR P.1.6 OR P.1.7 OR P.1.7.1 OR P.1.8 OR P.1.9 OR P.1.10 OR P.1.10.1 OR P.1.10.2 OR P.1.11 OR P.1.12 OR P.1.12.1 OR P.1.13 OR P.1.14 OR P.1.15 OR P.1.16 OR P.1.17 OR P.1.17.1,Gamma,5.42857142857143,1.42857142857143,0.263157894736842
2021-08-22,3,0,5.42857142857143,1.14285714285714,0.210526315789474,0.0225127659991551,0.628626400631994,P.1 OR P.1.1 OR P.1.2 OR P.1.3 OR P.1.4 OR P.1.5 OR P.1.6 OR P.1.7 OR P.1.7.1 OR P.1.8 OR P.1.9 OR P.1.10 OR P.1.10.1 OR P.1.10.2 OR P.1.11 OR P.1.12 OR P.1.12.1 OR P.1.13 OR P.1.14 OR P.1.15 OR P.1.16 OR P.1.17 OR P.1.17.1,Gamma,5.07142857142857,1.42857142857143,0.28169014084507
2021-08-23,7,1,5.71428571428571,1,0.175,0.0186201271194422,0.558056773609248,P.1 OR P.1.1 OR P.1.2 OR P.1.3 OR P.1.4 OR P.1.5 OR P.1.6 OR P.1.7 OR P.1.7.1 OR P.1.8 OR P.1.9 OR P.1.10 OR P.1.10.1 OR P.1.10.2 OR P.1.11 OR P.1.12 OR P.1.12.1 OR P.1.13 OR P.1.14 OR P.1.15 OR P.1.16 OR P.1.17 OR P.1.17.1,Gamma,4.78571428571429,1.28571428571429,0.268656716417911
2021-08-24,7,0,6.42857142857143,1,0.155555555555556,0.0186201271194422,0.558056773609248,P.1 OR P.1.1 OR P.1.2 OR P.1.3 OR P.1.4 OR P.1.5 OR P.1.6 OR P.1.7 OR P.1.7.1 OR P.1.8 OR P.1.9 OR P.1.10 OR P.1.10.1 OR P.1.10.2 OR P.1.11 OR P.1.12 OR P.1.12.1 OR P.1.13 OR P.1.14 OR P.1.15 OR P.1.16 OR P.1.17 OR P.1.17.1,Gamma,5.07142857142857,1.14285714285714,0.225352112676056
2021-08-25,3,1,5.57142857142857,0.714285714285714,0.128205128205128,0.0186201271194422,0.558056773609248,P.1 OR P.1.1 OR P.1.2 OR P.1.3 OR P.1.4 OR P.1.5 OR P.1.6 OR P.1.7 OR P.1.7.1 OR P.1.8 OR P.1.9 OR P.1.10 OR P.1.10.1 OR P.1.10.2 OR P.1.11 OR P.1.12 OR P.1.12.1 OR P.1.13 OR P.1.14 OR P.1.15 OR P.1.16 OR P.1.17 OR P.1.17.1,Gamma,5,1.14285714285714,0.228571428571429
2021-08-26,5,2,5.28571428571429,0.857142857142857,0.162162162162162,0.0225127659991551,0.628626400631994,P.1 OR P.1.1 OR P.1.2 OR P.1.3 OR P.1.4 OR P.1.5 OR P.1.6 OR P.1.7 OR P.1.7.1 OR P.1.8 OR P.1.9 OR P.1.10 OR P.1.10.1 OR P.1.10.2 OR P.1.11 OR P.1.12 OR P.1.12.1 OR P.1.13 OR P.1.14 OR P.1.15 OR P.1.16 OR P.1.17 OR P.1.17.1,Gamma,5.07142857142857,1.14285714285714,0.225352112676056
2021-08-27,5,2,4.85714285714286,1,0.205882352941177,0.0225127659991551,0.628626400631994,P.1 OR P.1.1 OR P.1.2 OR P.1.3 OR P.1.4 OR P.1.5 OR P.1.6 OR P.1.7 OR P.1.7.1 OR P.1.8 OR P.1.9 OR P.1.10 OR P.1.10.1 OR P.1.10.2 OR P.1.11 OR P.1.12 OR P.1.12.1 OR P.1.13 OR P.1.14 OR P.1.15 OR P.1.16 OR P.1.17 OR P.1.17.1,Gamma,5.14285714285714,1.14285714285714,0.222222222222222
2021-08-28,11,4,5.85714285714286,1.42857142857143,0.24390243902439,0.0186201271194422,0.558056773609248,P.1 OR P.1.1 OR P.1.2 OR P.1.3 OR P.1.4 OR P.1.5 OR P.1.6 OR P.1.7 OR P.1.7.1 OR P.1.8 OR P.1.9 OR P.1.10 OR P.1.10.1 OR P.1.10.2 OR P.1.11 OR P.1.12 OR P.1.12.1 OR P.1.13 OR P.1.14 OR P.1.15 OR P.1.16 OR P.1.17 OR P.1.17.1,Gamma,5.64285714285714,1.42857142857143,0.253164556962025
2021-08-29,3,0,5.85714285714286,1.42857142857143,0.24390243902439,0.0186201271194422,0.558056773609248,P.1 OR P.1.1 OR P.1.2 OR P.1.3 OR P.1.4 OR P.1.5 OR P.1.6 OR P.1.7 OR P.1.7.1 OR P.1.8 OR P.1.9 OR P.1.10 OR P.1.10.1 OR P.1.10.2 OR P.1.11 OR P.1.12 OR P.1.12.1 OR P.1.13 OR P.1.14 OR P.1.15 OR P.1.16 OR P.1.17 OR P.1.17.1,Gamma,5.64285714285714,1.28571428571429,0.227848101265823
2021-08-30,7,1,5.85714285714286,1.42857142857143,0.24390243902439,0.0186201271194422,0.558056773609248,P.1 OR P.1.1 OR P.1.2 OR P.1.3 OR P.1.4 OR P.1.5 OR P.1.6 OR P.1.7 OR P.1.7.1 OR P.1.8 OR P.1.9 OR P.1.10 OR P.1.10.1 OR P.1.10.2 OR P.1.11 OR P.1.12 OR P.1.12.1 OR P.1.13 OR P.1.14 OR P.1.15 OR P.1.16 OR P.1.17 OR P.1.17.1,Gamma,5.78571428571429,1.21428571428571,0.209876543209877
2021-08-31,10,0,6.28571428571429,1.42857142857143,0.227272727272727,0.0186201271194422,0.558056773609248,P.1 OR P.1.1 OR P.1.2 OR P.1.3 OR P.1.4 OR P.1.5 OR P.1.6 OR P.1.7 OR P.1.7.1 OR P.1.8 OR P.1.9 OR P.1.10 OR P.1.10.1 OR P.1.10.2 OR P.1.11 OR P.1.12 OR P.1.12.1 OR P.1.13 OR P.1.14 OR P.1.15 OR P.1.16 OR P.1.17 OR P.1.17.1,Gamma,6.35714285714286,1.21428571428571,0.191011235955056
2021-09-01,9,3,7.14285714285714,1.71428571428571,0.24,0.0647282669494835,0.647661654959421,P.1 OR P.1.1 OR P.1.2 OR P.1.3 OR P.1.4 OR P.1.5 OR P.1.6 OR P.1.7 OR P.1.7.1 OR P.1.8 OR P.1.9 OR P.1.10 OR P.1.10.1 OR P.1.10.2 OR P.1.11 OR P.1.12 OR P.1.12.1 OR P.1.13 OR P.1.14 OR P.1.15 OR P.1.16 OR P.1.17 OR P.1.17.1,Gamma,6.35714285714286,1.21428571428571,0.191011235955056
2021-09-02,6,1,7.28571428571429,1.57142857142857,0.215686274509804,0.0647282669494835,0.647661654959421,P.1 OR P.1.1 OR P.1.2 OR P.1.3 OR P.1.4 OR P.1.5 OR P.1.6 OR P.1.7 OR P.1.7.1 OR P.1.8 OR P.1.9 OR P.1.10 OR P.1.10.1 OR P.1.10.2 OR P.1.11 OR P.1.12 OR P.1.12.1 OR P.1.13 OR P.1.14 OR P.1.15 OR P.1.16 OR P.1.17 OR P.1.17.1,Gamma,6.28571428571429,1.21428571428571,0.193181818181818
2021-09-03,5,0,7.28571428571429,1.28571428571429,0.176470588235294,0.0158765242127468,0.500797461619078,P.1 OR P.1.1 OR P.1.2 OR P.1.3 OR P.1.4 OR P.1.5 OR P.1.6 OR P.1.7 OR P.1.7.1 OR P.1.8 OR P.1.9 OR P.1.10 OR P.1.10.1 OR P.1.10.2 OR P.1.11 OR P.1.12 OR P.1.12.1 OR P.1.13 OR P.1.14 OR P.1.15 OR P.1.16 OR P.1.17 OR P.1.17.1,Gamma,6.07142857142857,1.14285714285714,0.188235294117647
2021-09-04,8,0,6.85714285714286,0.714285714285714,0.104166666666667,0.0158765242127468,0.500797461619078,P.1 OR P.1.1 OR P.1.2 OR P.1.3 OR P.1.4 OR P.1.5 OR P.1.6 OR P.1.7 OR P.1.7.1 OR P.1.8 OR P.1.9 OR P.1.10 OR P.1.10.1 OR P.1.10.2 OR P.1.11 OR P.1.12 OR P.1.12.1 OR P.1.13 OR P.1.14 OR P.1.15 OR P.1.16 OR P.1.17 OR P.1.17.1,Gamma,6.35714285714286,1.07142857142857,0.168539325842697
2021-09-05,2,1,6.71428571428571,0.857142857142857,0.127659574468085,0.0158765242127468,0.500797461619078,P.1 OR P.1.1 OR P.1.2 OR P.1.3 OR P.1.4 OR P.1.5 OR P.1.6 OR P.1.7 OR P.1.7.1 OR P.1.8 OR P.1.9 OR P.1.10 OR P.1.10.1 OR P.1.10.2 OR P.1.11 OR P.1.12 OR P.1.12.1 OR P.1.13 OR P.1.14 OR P.1.15 OR P.1.16 OR P.1.17 OR P.1.17.1,Gamma,6.28571428571429,1.14285714285714,0.181818181818182
2021-09-06,5,0,6.42857142857143,0.714285714285714,0.111111111111111,0.0186201271194422,0.558056773609248,P.1 OR P.1.1 OR P.1.2 OR P.1.3 OR P.1.4 OR P.1.5 OR P.1.6 OR P.1.7 OR P.1.7.1 OR P.1.8 OR P.1.9 OR P.1.10 OR P.1.10.1 OR P.1.10.2 OR P.1.11 OR P.1.12 OR P.1.12.1 OR P.1.13 OR P.1.14 OR P.1.15 OR P.1.16 OR P.1.17 OR P.1.17.1,Gamma,6.14285714285714,1.07142857142857,0.174418604651163
2021-09-07,2,0,5.28571428571429,0.714285714285714,0.135135135135135,0.0225127659991551,0.628626400631994,P.1 OR P.1.1 OR P.1.2 OR P.1.3 OR P.1.4 OR P.1.5 OR P.1.6 OR P.1.7 OR P.1.7.1 OR P.1.8 OR P.1.9 OR P.1.10 OR P.1.10.1 OR P.1.10.2 OR P.1.11 OR P.1.12 OR P.1.12.1 OR P.1.13 OR P.1.14 OR P.1.15 OR P.1.16 OR P.1.17 OR P.1.17.1,Gamma,5.78571428571429,1.07142857142857,0.185185185185185
2021-09-08,1,0,4.14285714285714,0.285714285714286,0.0689655172413793,0.000115332788238275,0.44476261765764,P.1 OR P.1.1 OR P.1.2 OR P.1.3 OR P.1.4 OR P.1.5 OR P.1.6 OR P.1.7 OR P.1.7.1 OR P.1.8 OR P.1.9 OR P.1.10 OR P.1.10.1 OR P.1.10.2 OR P.1.11 OR P.1.12 OR P.1.12.1 OR P.1.13 OR P.1.14 OR P.1.15 OR P.1.16 OR P.1.17 OR P.1.17.1,Gamma,5.64285714285714,1,0.177215189873418
2021-09-10,2,0,3.33333333333333,0.166666666666667,0.05,0.000150636025436569,0.53558324304295,P.1 OR P.1.1 OR P.1.2 OR P.1.3 OR P.1.4 OR P.1.5 OR P.1.6 OR P.1.7 OR P.1.7.1 OR P.1.8 OR P.1.9 OR P.1.10 OR P.1.10.1 OR P.1.10.2 OR P.1.11 OR P.1.12 OR P.1.12.1 OR P.1.13 OR P.1.14 OR P.1.15 OR P.1.16 OR P.1.17 OR P.1.17.1,Gamma,5.42857142857143,0.857142857142857,0.157894736842105
2021-09-11,1,0,2.16666666666667,0.166666666666667,0.0769230769230769,0.000216908470030966,0.666821754401209,P.1 OR P.1.1 OR P.1.2 OR P.1.3 OR P.1.4 OR P.1.5 OR P.1.6 OR P.1.7 OR P.1.7.1 OR P.1.8 OR P.1.9 OR P.1.10 OR P.1.10.1 OR P.1.10.2 OR P.1.11 OR P.1.12 OR P.1.12.1 OR P.1.13 OR P.1.14 OR P.1.15 OR P.1.16 OR P.1.17 OR P.1.17.1,Gamma,5.14285714285714,0.714285714285714,0.138888888888889
2021-09-13,1,0,1.4,0,0,0.000385580980755902,0.853253683690425,P.1 OR P.1.1 OR P.1.2 OR P.1.3 OR P.1.4 OR P.1.5 OR P.1.6 OR P.1.7 OR P.1.7.1 OR P.1.8 OR P.1.9 OR P.1.10 OR P.1.10.1 OR P.1.10.2 OR P.1.11 OR P.1.12 OR P.1.12.1 OR P.1.13 OR P.1.14 OR P.1.15 OR P.1.16 OR P.1.17 OR P.1.17.1,Gamma,4.42857142857143,0.428571428571429,0.0967741935483871
2021-09-14,1,0,1.2,0,0,0.000385580980755902,0.853253683690425,P.1 OR P.1.1 OR P.1.2 OR P.1.3 OR P.1.4 OR P.1.5 OR P.1.6 OR P.1.7 OR P.1.7.1 OR P.1.8 OR P.1.9 OR P.1.10 OR P.1.10.1 OR P.1.10.2 OR P.1.11 OR P.1.12 OR P.1.12.1 OR P.1.13 OR P.1.14 OR P.1.15 OR P.1.16 OR P.1.17 OR P.1.17.1,Gamma,4.28571428571429,0.428571428571429,0.1
2021-09-16,5,1,2,0.2,0.1,0.000216908470030966,0.666821754401209,P.1 OR P.1.1 OR P.1.2 OR P.1.3 OR P.1.4 OR P.1.5 OR P.1.6 OR P.1.7 OR P.1.7.1 OR P.1.8 OR P.1.9 OR P.1.10 OR P.1.10.1 OR P.1.10.2 OR P.1.11 OR P.1.12 OR P.1.12.1 OR P.1.13 OR P.1.14 OR P.1.15 OR P.1.16 OR P.1.17 OR P.1.17.1,Gamma,4.14285714285714,0.428571428571429,0.103448275862069
2021-09-17,1,0,1.8,0.2,0.111111111111111,0.000216908470030966,0.666821754401209,P.1 OR P.1.1 OR P.1.2 OR P.1.3 OR P.1.4 OR P.1.5 OR P.1.6 OR P.1.7 OR P.1.7.1 OR P.1.8 OR P.1.9 OR P.1.10 OR P.1.10.1 OR P.1.10.2 OR P.1.11 OR P.1.12 OR P.1.12.1 OR P.1.13 OR P.1.14 OR P.1.15 OR P.1.16 OR P.1.17 OR P.1.17.1,Gamma,3.5,0.428571428571429,0.122448979591837
2021-09-18,2,0,2,0.2,0.1,0.000216908470030966,0.666821754401209,P.1 OR P.1.1 OR P.1.2 OR P.1.3 OR P.1.4 OR P.1.5 OR P.1.6 OR P.1.7 OR P.1.7.1 OR P.1.8 OR P.1.9 OR P.1.10 OR P.1.10.1 OR P.1.10.2 OR P.1.11 OR P.1.12 OR P.1.12.1 OR P.1.13 OR P.1.14 OR P.1.15 OR P.1.16 OR P.1.17 OR P.1.17.1,Gamma,3,0.214285714285714,0.0714285714285714
2021-09-19,3,0,2.16666666666667,0.166666666666667,0.0769230769230769,0.000216908470030966,0.666821754401209,P.1 OR P.1.1 OR P.1.2 OR P.1.3 OR P.1.4 OR P.1.5 OR P.1.6 OR P.1.7 OR P.1.7.1 OR P.1.8 OR P.1.9 OR P.1.10 OR P.1.10.1 OR P.1.10.2 OR P.1.11 OR P.1.12 OR P.1.12.1 OR P.1.13 OR P.1.14 OR P.1.15 OR P.1.16 OR P.1.17 OR P.1.17.1,Gamma,2.78571428571429,0.142857142857143,0.0512820512820513
2021-09-20,3,0,2.5,0.166666666666667,0.0666666666666667,0.000216908470030966,0.666821754401209,P.1 OR P.1.1 OR P.1.2 OR P.1.3 OR P.1.4 OR P.1.5 OR P.1.6 OR P.1.7 OR P.1.7.1 OR P.1.8 OR P.1.9 OR P.1.10 OR P.1.10.1 OR P.1.10.2 OR P.1.11 OR P.1.12 OR P.1.12.1 OR P.1.13 OR P.1.14 OR P.1.15 OR P.1.16 OR P.1.17 OR P.1.17.1,Gamma,2.64285714285714,0.142857142857143,0.0540540540540541
2021-09-21,7,0,3.5,0.166666666666667,0.0476190476190476,0.000115332788238275,0.44476261765764,P.1 OR P.1.1 OR P.1.2 OR P.1.3 OR P.1.4 OR P.1.5 OR P.1.6 OR P.1.7 OR P.1.7.1 OR P.1.8 OR P.1.9 OR P.1.10 OR P.1.10.1 OR P.1.10.2 OR P.1.11 OR P.1.12 OR P.1.12.1 OR P.1.13 OR P.1.14 OR P.1.15 OR P.1.16 OR P.1.17 OR P.1.17.1,Gamma,2.57142857142857,0.142857142857143,0.0555555555555555
2021-09-22,8,0,4.14285714285714,0.142857142857143,0.0344827586206897,0.000115332788238275,0.44476261765764,P.1 OR P.1.1 OR P.1.2 OR P.1.3 OR P.1.4 OR P.1.5 OR P.1.6 OR P.1.7 OR P.1.7.1 OR P.1.8 OR P.1.9 OR P.1.10 OR P.1.10.1 OR P.1.10.2 OR P.1.11 OR P.1.12 OR P.1.12.1 OR P.1.13 OR P.1.14 OR P.1.15 OR P.1.16 OR P.1.17 OR P.1.17.1,Gamma,3,0.0714285714285714,0.0238095238095238
2021-09-24,1,0,4,0,0,0.000115332788238275,0.44476261765764,P.1 OR P.1.1 OR P.1.2 OR P.1.3 OR P.1.4 OR P.1.5 OR P.1.6 OR P.1.7 OR P.1.7.1 OR P.1.8 OR P.1.9 OR P.1.10 OR P.1.10.1 OR P.1.10.2 OR P.1.11 OR P.1.12 OR P.1.12.1 OR P.1.13 OR P.1.14 OR P.1.15 OR P.1.16 OR P.1.17 OR P.1.17.1,Gamma,2.71428571428571,0.0714285714285714,0.0263157894736842
2021-09-25,2,0,4,0,0,0.000115332788238275,0.44476261765764,P.1 OR P.1.1 OR P.1.2 OR P.1.3 OR P.1.4 OR P.1.5 OR P.1.6 OR P.1.7 OR P.1.7.1 OR P.1.8 OR P.1.9 OR P.1.10 OR P.1.10.1 OR P.1.10.2 OR P.1.11 OR P.1.12 OR P.1.12.1 OR P.1.13 OR P.1.14 OR P.1.15 OR P.1.16 OR P.1.17 OR P.1.17.1,Gamma,2.71428571428571,0.0714285714285714,0.0263157894736842
2021-09-27,1,0,3.8,0,0,0.000115332788238275,0.44476261765764,P.1 OR P.1.1 OR P.1.2 OR P.1.3 OR P.1.4 OR P.1.5 OR P.1.6 OR P.1.7 OR P.1.7.1 OR P.1.8 OR P.1.9 OR P.1.10 OR P.1.10.1 OR P.1.10.2 OR P.1.11 OR P.1.12 OR P.1.12.1 OR P.1.13 OR P.1.14 OR P.1.15 OR P.1.16 OR P.1.17 OR P.1.17.1,Gamma,2.71428571428571,0.0714285714285714,0.0263157894736842
2021-09-28,3,0,3,0,0,0.000150636025436569,0.53558324304295,P.1 OR P.1.1 OR P.1.2 OR P.1.3 OR P.1.4 OR P.1.5 OR P.1.6 OR P.1.7 OR P.1.7.1 OR P.1.8 OR P.1.9 OR P.1.10 OR P.1.10.1 OR P.1.10.2 OR P.1.11 OR P.1.12 OR P.1.12.1 OR P.1.13 OR P.1.14 OR P.1.15 OR P.1.16 OR P.1.17 OR P.1.17.1,Gamma,2.78571428571429,0.0714285714285714,0.0256410256410256
2021-09-29,1,0,1.6,0,0,0.000216908470030966,0.666821754401209,P.1 OR P.1.1 OR P.1.2 OR P.1.3 OR P.1.4 OR P.1.5 OR P.1.6 OR P.1.7 OR P.1.7.1 OR P.1.8 OR P.1.9 OR P.1.10 OR P.1.10.1 OR P.1.10.2 OR P.1.11 OR P.1.12 OR P.1.12.1 OR P.1.13 OR P.1.14 OR P.1.15 OR P.1.16 OR P.1.17 OR P.1.17.1,Gamma,2.78571428571429,0.0714285714285714,0.0256410256410256
2021-09-30,6,0,2.33333333333333,0,0,0.000216908470030966,0.666821754401209,P.1 OR P.1.1 OR P.1.2 OR P.1.3 OR P.1.4 OR P.1.5 OR P.1.6 OR P.1.7 OR P.1.7.1 OR P.1.8 OR P.1.9 OR P.1.10 OR P.1.10.1 OR P.1.10.2 OR P.1.11 OR P.1.12 OR P.1.12.1 OR P.1.13 OR P.1.14 OR P.1.15 OR P.1.16 OR P.1.17 OR P.1.17.1,Gamma,3.14285714285714,0.0714285714285714,0.0227272727272727
2021-10-04,1,0,2.75,0,0,0.000150636025436569,0.53558324304295,P.1 OR P.1.1 OR P.1.2 OR P.1.3 OR P.1.4 OR P.1.5 OR P.1.6 OR P.1.7 OR P.1.7.1 OR P.1.8 OR P.1.9 OR P.1.10 OR P.1.10.1 OR P.1.10.2 OR P.1.11 OR P.1.12 OR P.1.12.1 OR P.1.13 OR P.1.14 OR P.1.15 OR P.1.16 OR P.1.17 OR P.1.17.1,Gamma,3.14285714285714,0.0714285714285714,0.0227272727272727
2021-10-07,1,1,1,0.5,0.5,0.000385580980755902,0.853253683690425,P.1 OR P.1.1 OR P.1.2 OR P.1.3 OR P.1.4 OR P.1.5 OR P.1.6 OR P.1.7 OR P.1.7.1 OR P.1.8 OR P.1.9 OR P.1.10 OR P.1.10.1 OR P.1.10.2 OR P.1.11 OR P.1.12 OR P.1.12.1 OR P.1.13 OR P.1.14 OR P.1.15 OR P.1.16 OR P.1.17 OR P.1.17.1,Gamma,2.85714285714286,0.0714285714285714,0.025
2021-10-09,2,0,1.33333333333333,0.333333333333333,0.25,0.000385580980755902,0.853253683690425,P.1 OR P.1.1 OR P.1.2 OR P.1.3 OR P.1.4 OR P.1.5 OR P.1.6 OR P.1.7 OR P.1.7.1 OR P.1.8 OR P.1.9 OR P.1.10 OR P.1.10.1 OR P.1.10.2 OR P.1.11 OR P.1.12 OR P.1.12.1 OR P.1.13 OR P.1.14 OR P.1.15 OR P.1.16 OR P.1.17 OR P.1.17.1,Gamma,2.92857142857143,0.0714285714285714,0.024390243902439
2021-10-10,1,0,1.25,0.25,0.2,0.000385580980755902,0.853253683690425,P.1 OR P.1.1 OR P.1.2 OR P.1.3 OR P.1.4 OR P.1.5 OR P.1.6 OR P.1.7 OR P.1.7.1 OR P.1.8 OR P.1.9 OR P.1.10 OR P.1.10.1 OR P.1.10.2 OR P.1.11 OR P.1.12 OR P.1.12.1 OR P.1.13 OR P.1.14 OR P.1.15 OR P.1.16 OR P.1.17 OR P.1.17.1,Gamma,2.85714285714286,0.0714285714285714,0.025
2021-10-11,1,0,1.25,0.25,0.2,0.000385580980755902,0.853253683690425,P.1 OR P.1.1 OR P.1.2 OR P.1.3 OR P.1.4 OR P.1.5 OR P.1.6 OR P.1.7 OR P.1.7.1 OR P.1.8 OR P.1.9 OR P.1.10 OR P.1.10.1 OR P.1.10.2 OR P.1.11 OR P.1.12 OR P.1.12.1 OR P.1.13 OR P.1.14 OR P.1.15 OR P.1.16 OR P.1.17 OR P.1.17.1,Gamma,2.71428571428571,0.0714285714285714,0.0263157894736842
2021-10-12,2,0,1.4,0.2,0.142857142857143,0.000385580980755902,0.853253683690425,P.1 OR P.1.1 OR P.1.2 OR P.1.3 OR P.1.4 OR P.1.5 OR P.1.6 OR P.1.7 OR P.1.7.1 OR P.1.8 OR P.1.9 OR P.1.10 OR P.1.10.1 OR P.1.10.2 OR P.1.11 OR P.1.12 OR P.1.12.1 OR P.1.13 OR P.1.14 OR P.1.15 OR P.1.16 OR P.1.17 OR P.1.17.1,Gamma,2.64285714285714,0.0714285714285714,0.027027027027027
2021-10-13,1,0,1.33333333333333,0.166666666666667,0.125,0.000385580980755902,0.853253683690425,P.1 OR P.1.1 OR P.1.2 OR P.1.3 OR P.1.4 OR P.1.5 OR P.1.6 OR P.1.7 OR P.1.7.1 OR P.1.8 OR P.1.9 OR P.1.10 OR P.1.10.1 OR P.1.10.2 OR P.1.11 OR P.1.12 OR P.1.12.1 OR P.1.13 OR P.1.14 OR P.1.15 OR P.1.16 OR P.1.17 OR P.1.17.1,Gamma,2.21428571428571,0.0714285714285714,0.032258064516129
2021-10-14,3,0,1.66666666666667,0,0,0.000216908470030966,0.666821754401209,P.1 OR P.1.1 OR P.1.2 OR P.1.3 OR P.1.4 OR P.1.5 OR P.1.6 OR P.1.7 OR P.1.7.1 OR P.1.8 OR P.1.9 OR P.1.10 OR P.1.10.1 OR P.1.10.2 OR P.1.11 OR P.1.12 OR P.1.12.1 OR P.1.13 OR P.1.14 OR P.1.15 OR P.1.16 OR P.1.17 OR P.1.17.1,Gamma,1.85714285714286,0.0714285714285714,0.0384615384615385
2021-10-15,2,0,1.71428571428571,0,0,0.000216908470030966,0.666821754401209,P.1 OR P.1.1 OR P.1.2 OR P.1.3 OR P.1.4 OR P.1.5 OR P.1.6 OR P.1.7 OR P.1.7.1 OR P.1.8 OR P.1.9 OR P.1.10 OR P.1.10.1 OR P.1.10.2 OR P.1.11 OR P.1.12 OR P.1.12.1 OR P.1.13 OR P.1.14 OR P.1.15 OR P.1.16 OR P.1.17 OR P.1.17.1,Gamma,1.92857142857143,0.0714285714285714,0.037037037037037
2021-10-17,1,0,1.66666666666667,0,0,0.000216908470030966,0.666821754401209,P.1 OR P.1.1 OR P.1.2 OR P.1.3 OR P.1.4 OR P.1.5 OR P.1.6 OR P.1.7 OR P.1.7.1 OR P.1.8 OR P.1.9 OR P.1.10 OR P.1.10.1 OR P.1.10.2 OR P.1.11 OR P.1.12 OR P.1.12.1 OR P.1.13 OR P.1.14 OR P.1.15 OR P.1.16 OR P.1.17 OR P.1.17.1,Gamma,1.85714285714286,0.0714285714285714,0.0384615384615385
2021-10-18,2,0,1.83333333333333,0,0,0.000216908470030966,0.666821754401209,P.1 OR P.1.1 OR P.1.2 OR P.1.3 OR P.1.4 OR P.1.5 OR P.1.6 OR P.1.7 OR P.1.7.1 OR P.1.8 OR P.1.9 OR P.1.10 OR P.1.10.1 OR P.1.10.2 OR P.1.11 OR P.1.12 OR P.1.12.1 OR P.1.13 OR P.1.14 OR P.1.15 OR P.1.16 OR P.1.17 OR P.1.17.1,Gamma,1.92857142857143,0.0714285714285714,0.037037037037037
2021-10-19,1,0,1.66666666666667,0,0,0.000216908470030966,0.666821754401209,P.1 OR P.1.1 OR P.1.2 OR P.1.3 OR P.1.4 OR P.1.5 OR P.1.6 OR P.1.7 OR P.1.7.1 OR P.1.8 OR P.1.9 OR P.1.10 OR P.1.10.1 OR P.1.10.2 OR P.1.11 OR P.1.12 OR P.1.12.1 OR P.1.13 OR P.1.14 OR P.1.15 OR P.1.16 OR P.1.17 OR P.1.17.1,Gamma,1.78571428571429,0.0714285714285714,0.04
2021-10-20,3,0,2,0,0,0.000216908470030966,0.666821754401209,P.1 OR P.1.1 OR P.1.2 OR P.1.3 OR P.1.4 OR P.1.5 OR P.1.6 OR P.1.7 OR P.1.7.1 OR P.1.8 OR P.1.9 OR P.1.10 OR P.1.10.1 OR P.1.10.2 OR P.1.11 OR P.1.12 OR P.1.12.1 OR P.1.13 OR P.1.14 OR P.1.15 OR P.1.16 OR P.1.17 OR P.1.17.1,Gamma,1.92857142857143,0.0714285714285714,0.037037037037037
2021-10-21,1,0,1.66666666666667,0,0,0.000216908470030966,0.666821754401209,P.1 OR P.1.1 OR P.1.2 OR P.1.3 OR P.1.4 OR P.1.5 OR P.1.6 OR P.1.7 OR P.1.7.1 OR P.1.8 OR P.1.9 OR P.1.10 OR P.1.10.1 OR P.1.10.2 OR P.1.11 OR P.1.12 OR P.1.12.1 OR P.1.13 OR P.1.14 OR P.1.15 OR P.1.16 OR P.1.17 OR P.1.17.1,Gamma,1.57142857142857,0.0714285714285714,0.0454545454545455
2021-10-22,6,0,2.33333333333333,0,0,0.000216908470030966,0.666821754401209,P.1 OR P.1.1 OR P.1.2 OR P.1.3 OR P.1.4 OR P.1.5 OR P.1.6 OR P.1.7 OR P.1.7.1 OR P.1.8 OR P.1.9 OR P.1.10 OR P.1.10.1 OR P.1.10.2 OR P.1.11 OR P.1.12 OR P.1.12.1 OR P.1.13 OR P.1.14 OR P.1.15 OR P.1.16 OR P.1.17 OR P.1.17.1,Gamma,1.92857142857143,0.0714285714285714,0.037037037037037
2021-10-23,1,0,2.14285714285714,0,0,0.000216908470030966,0.666821754401209,P.1 OR P.1.1 OR P.1.2 OR P.1.3 OR P.1.4 OR P.1.5 OR P.1.6 OR P.1.7 OR P.1.7.1 OR P.1.8 OR P.1.9 OR P.1.10 OR P.1.10.1 OR P.1.10.2 OR P.1.11 OR P.1.12 OR P.1.12.1 OR P.1.13 OR P.1.14 OR P.1.15 OR P.1.16 OR P.1.17 OR P.1.17.1,Gamma,1.92857142857143,0,0
2021-10-24,2,0,2.28571428571429,0,0,0.000216908470030966,0.666821754401209,P.1 OR P.1.1 OR P.1.2 OR P.1.3 OR P.1.4 OR P.1.5 OR P.1.6 OR P.1.7 OR P.1.7.1 OR P.1.8 OR P.1.9 OR P.1.10 OR P.1.10.1 OR P.1.10.2 OR P.1.11 OR P.1.12 OR P.1.12.1 OR P.1.13 OR P.1.14 OR P.1.15 OR P.1.16 OR P.1.17 OR P.1.17.1,Gamma,1.92857142857143,0,0
2021-10-25,3,0,2.42857142857143,0,0,0.000216908470030966,0.666821754401209,P.1 OR P.1.1 OR P.1.2 OR P.1.3 OR P.1.4 OR P.1.5 OR P.1.6 OR P.1.7 OR P.1.7.1 OR P.1.8 OR P.1.9 OR P.1.10 OR P.1.10.1 OR P.1.10.2 OR P.1.11 OR P.1.12 OR P.1.12.1 OR P.1.13 OR P.1.14 OR P.1.15 OR P.1.16 OR P.1.17 OR P.1.17.1,Gamma,2.07142857142857,0,0
2021-10-26,8,0,3.42857142857143,0,0,0.000150636025436569,0.53558324304295,P.1 OR P.1.1 OR P.1.2 OR P.1.3 OR P.1.4 OR P.1.5 OR P.1.6 OR P.1.7 OR P.1.7.1 OR P.1.8 OR P.1.9 OR P.1.10 OR P.1.10.1 OR P.1.10.2 OR P.1.11 OR P.1.12 OR P.1.12.1 OR P.1.13 OR P.1.14 OR P.1.15 OR P.1.16 OR P.1.17 OR P.1.17.1,Gamma,2.57142857142857,0,0
2021-10-27,4,0,3.57142857142857,0,0,0.000115332788238275,0.44476261765764,P.1 OR P.1.1 OR P.1.2 OR P.1.3 OR P.1.4 OR P.1.5 OR P.1.6 OR P.1.7 OR P.1.7.1 OR P.1.8 OR P.1.9 OR P.1.10 OR P.1.10.1 OR P.1.10.2 OR P.1.11 OR P.1.12 OR P.1.12.1 OR P.1.13 OR P.1.14 OR P.1.15 OR P.1.16 OR P.1.17 OR P.1.17.1,Gamma,2.71428571428571,0,0
2021-10-28,7,0,4.42857142857143,0,0,0.000115332788238275,0.44476261765764,P.1 OR P.1.1 OR P.1.2 OR P.1.3 OR P.1.4 OR P.1.5 OR P.1.6 OR P.1.7 OR P.1.7.1 OR P.1.8 OR P.1.9 OR P.1.10 OR P.1.10.1 OR P.1.10.2 OR P.1.11 OR P.1.12 OR P.1.12.1 OR P.1.13 OR P.1.14 OR P.1.15 OR P.1.16 OR P.1.17 OR P.1.17.1,Gamma,3.14285714285714,0,0
2021-10-29,4,0,4.14285714285714,0,0,0.000115332788238275,0.44476261765764,P.1 OR P.1.1 OR P.1.2 OR P.1.3 OR P.1.4 OR P.1.5 OR P.1.6 OR P.1.7 OR P.1.7.1 OR P.1.8 OR P.1.9 OR P.1.10 OR P.1.10.1 OR P.1.10.2 OR P.1.11 OR P.1.12 OR P.1.12.1 OR P.1.13 OR P.1.14 OR P.1.15 OR P.1.16 OR P.1.17 OR P.1.17.1,Gamma,3.21428571428571,0,0
2021-10-31,3,0,4.83333333333333,0,0,9.34206000395449e-05,0.379377142299039,P.1 OR P.1.1 OR P.1.2 OR P.1.3 OR P.1.4 OR P.1.5 OR P.1.6 OR P.1.7 OR P.1.7.1 OR P.1.8 OR P.1.9 OR P.1.10 OR P.1.10.1 OR P.1.10.2 OR P.1.11 OR P.1.12 OR P.1.12.1 OR P.1.13 OR P.1.14 OR P.1.15 OR P.1.16 OR P.1.17 OR P.1.17.1,Gamma,3.28571428571429,0,0
2021-11-01,4,0,5,0,0,9.34206000395449e-05,0.379377142299039,P.1 OR P.1.1 OR P.1.2 OR P.1.3 OR P.1.4 OR P.1.5 OR P.1.6 OR P.1.7 OR P.1.7.1 OR P.1.8 OR P.1.9 OR P.1.10 OR P.1.10.1 OR P.1.10.2 OR P.1.11 OR P.1.12 OR P.1.12.1 OR P.1.13 OR P.1.14 OR P.1.15 OR P.1.16 OR P.1.17 OR P.1.17.1,Gamma,3.5,0,0
2021-11-02,14,0,6,0,0,7.84998483662082e-05,0.33038890915155,P.1 OR P.1.1 OR P.1.2 OR P.1.3 OR P.1.4 OR P.1.5 OR P.1.6 OR P.1.7 OR P.1.7.1 OR P.1.8 OR P.1.9 OR P.1.10 OR P.1.10.1 OR P.1.10.2 OR P.1.11 OR P.1.12 OR P.1.12.1 OR P.1.13 OR P.1.14 OR P.1.15 OR P.1.16 OR P.1.17 OR P.1.17.1,Gamma,4.35714285714286,0,0
2021-11-03,7,0,6.5,0,0,7.84998483662082e-05,0.33038890915155,P.1 OR P.1.1 OR P.1.2 OR P.1.3 OR P.1.4 OR P.1.5 OR P.1.6 OR P.1.7 OR P.1.7.1 OR P.1.8 OR P.1.9 OR P.1.10 OR P.1.10.1 OR P.1.10.2 OR P.1.11 OR P.1.12 OR P.1.12.1 OR P.1.13 OR P.1.14 OR P.1.15 OR P.1.16 OR P.1.17 OR P.1.17.1,Gamma,4.78571428571429,0,0
2021-11-04,3,0,5.83333333333333,0,0,7.84998483662082e-05,0.33038890915155,P.1 OR P.1.1 OR P.1.2 OR P.1.3 OR P.1.4 OR P.1.5 OR P.1.6 OR P.1.7 OR P.1.7.1 OR P.1.8 OR P.1.9 OR P.1.10 OR P.1.10.1 OR P.1.10.2 OR P.1.11 OR P.1.12 OR P.1.12.1 OR P.1.13 OR P.1.14 OR P.1.15 OR P.1.16 OR P.1.17 OR P.1.17.1,Gamma,4.78571428571429,0,0
2021-11-05,9,0,6.66666666666667,0,0,6.76864642438304e-05,0.29243617366231,P.1 OR P.1.1 OR P.1.2 OR P.1.3 OR P.1.4 OR P.1.5 OR P.1.6 OR P.1.7 OR P.1.7.1 OR P.1.8 OR P.1.9 OR P.1.10 OR P.1.10.1 OR P.1.10.2 OR P.1.11 OR P.1.12 OR P.1.12.1 OR P.1.13 OR P.1.14 OR P.1.15 OR P.1.16 OR P.1.17 OR P.1.17.1,Gamma,5.35714285714286,0,0
2021-11-06,4,0,6.28571428571429,0,0,7.84998483662082e-05,0.33038890915155,P.1 OR P.1.1 OR P.1.2 OR P.1.3 OR P.1.4 OR P.1.5 OR P.1.6 OR P.1.7 OR P.1.7.1 OR P.1.8 OR P.1.9 OR P.1.10 OR P.1.10.1 OR P.1.10.2 OR P.1.11 OR P.1.12 OR P.1.12.1 OR P.1.13 OR P.1.14 OR P.1.15 OR P.1.16 OR P.1.17 OR P.1.17.1,Gamma,5.21428571428571,0,0
2021-11-07,1,0,6,0,0,7.84998483662082e-05,0.33038890915155,P.1 OR P.1.1 OR P.1.2 OR P.1.3 OR P.1.4 OR P.1.5 OR P.1.6 OR P.1.7 OR P.1.7.1 OR P.1.8 OR P.1.9 OR P.1.10 OR P.1.10.1 OR P.1.10.2 OR P.1.11 OR P.1.12 OR P.1.12.1 OR P.1.13 OR P.1.14 OR P.1.15 OR P.1.16 OR P.1.17 OR P.1.17.1,Gamma,5.21428571428571,0,0
2021-11-08,9,0,6.71428571428571,0,0,6.76864642438304e-05,0.29243617366231,P.1 OR P.1.1 OR P.1.2 OR P.1.3 OR P.1.4 OR P.1.5 OR P.1.6 OR P.1.7 OR P.1.7.1 OR P.1.8 OR P.1.9 OR P.1.10 OR P.1.10.1 OR P.1.10.2 OR P.1.11 OR P.1.12 OR P.1.12.1 OR P.1.13 OR P.1.14 OR P.1.15 OR P.1.16 OR P.1.17 OR P.1.17.1,Gamma,5.71428571428571,0,0
2021-11-09,4,0,5.28571428571429,0,0,9.34206000395449e-05,0.379377142299039,P.1 OR P.1.1 OR P.1.2 OR P.1.3 OR P.1.4 OR P.1.5 OR P.1.6 OR P.1.7 OR P.1.7.1 OR P.1.8 OR P.1.9 OR P.1.10 OR P.1.10.1 OR P.1.10.2 OR P.1.11 OR P.1.12 OR P.1.12.1 OR P.1.13 OR P.1.14 OR P.1.15 OR P.1.16 OR P.1.17 OR P.1.17.1,Gamma,5.78571428571429,0,0
2021-11-10,3,0,4.71428571428571,0,0,9.34206000395449e-05,0.379377142299039,P.1 OR P.1.1 OR P.1.2 OR P.1.3 OR P.1.4 OR P.1.5 OR P.1.6 OR P.1.7 OR P.1.7.1 OR P.1.8 OR P.1.9 OR P.1.10 OR P.1.10.1 OR P.1.10.2 OR P.1.11 OR P.1.12 OR P.1.12.1 OR P.1.13 OR P.1.14 OR P.1.15 OR P.1.16 OR P.1.17 OR P.1.17.1,Gamma,5.42857142857143,0,0
2021-11-11,5,0,5,0,0,9.34206000395449e-05,0.379377142299039,P.1 OR P.1.1 OR P.1.2 OR P.1.3 OR P.1.4 OR P.1.5 OR P.1.6 OR P.1.7 OR P.1.7.1 OR P.1.8 OR P.1.9 OR P.1.10 OR P.1.10.1 OR P.1.10.2 OR P.1.11 OR P.1.12 OR P.1.12.1 OR P.1.13 OR P.1.14 OR P.1.15 OR P.1.16 OR P.1.17 OR P.1.17.1,Gamma,5.5,0,0
2021-11-12,3,0,4.14285714285714,0,0,0.000115332788238275,0.44476261765764,P.1 OR P.1.1 OR P.1.2 OR P.1.3 OR P.1.4 OR P.1.5 OR P.1.6 OR P.1.7 OR P.1.7.1 OR P.1.8 OR P.1.9 OR P.1.10 OR P.1.10.1 OR P.1.10.2 OR P.1.11 OR P.1.12 OR P.1.12.1 OR P.1.13 OR P.1.14 OR P.1.15 OR P.1.16 OR P.1.17 OR P.1.17.1,Gamma,5.21428571428571,0,0
2021-11-13,3,0,4,0,0,0.000115332788238275,0.44476261765764,P.1 OR P.1.1 OR P.1.2 OR P.1.3 OR P.1.4 OR P.1.5 OR P.1.6 OR P.1.7 OR P.1.7.1 OR P.1.8 OR P.1.9 OR P.1.10 OR P.1.10.1 OR P.1.10.2 OR P.1.11 OR P.1.12 OR P.1.12.1 OR P.1.13 OR P.1.14 OR P.1.15 OR P.1.16 OR P.1.17 OR P.1.17.1,Gamma,5.14285714285714,0,0
2021-11-15,3,0,3.5,0,0,0.000115332788238275,0.44476261765764,P.1 OR P.1.1 OR P.1.2 OR P.1.3 OR P.1.4 OR P.1.5 OR P.1.6 OR P.1.7 OR P.1.7.1 OR P.1.8 OR P.1.9 OR P.1.10 OR P.1.10.1 OR P.1.10.2 OR P.1.11 OR P.1.12 OR P.1.12.1 OR P.1.13 OR P.1.14 OR P.1.15 OR P.1.16 OR P.1.17 OR P.1.17.1,Gamma,5.14285714285714,0,0
2021-11-16,3,0,3.33333333333333,0,0,0.000150636025436569,0.53558324304295,P.1 OR P.1.1 OR P.1.2 OR P.1.3 OR P.1.4 OR P.1.5 OR P.1.6 OR P.1.7 OR P.1.7.1 OR P.1.8 OR P.1.9 OR P.1.10 OR P.1.10.1 OR P.1.10.2 OR P.1.11 OR P.1.12 OR P.1.12.1 OR P.1.13 OR P.1.14 OR P.1.15 OR P.1.16 OR P.1.17 OR P.1.17.1,Gamma,5.07142857142857,0,0
2021-11-17,2,0,3.16666666666667,0,0,0.000150636025436569,0.53558324304295,P.1 OR P.1.1 OR P.1.2 OR P.1.3 OR P.1.4 OR P.1.5 OR P.1.6 OR P.1.7 OR P.1.7.1 OR P.1.8 OR P.1.9 OR P.1.10 OR P.1.10.1 OR P.1.10.2 OR P.1.11 OR P.1.12 OR P.1.12.1 OR P.1.13 OR P.1.14 OR P.1.15 OR P.1.16 OR P.1.17 OR P.1.17.1,Gamma,4.21428571428571,0,0
2021-11-18,2,0,2.66666666666667,0,0,0.000150636025436569,0.53558324304295,P.1 OR P.1.1 OR P.1.2 OR P.1.3 OR P.1.4 OR P.1.5 OR P.1.6 OR P.1.7 OR P.1.7.1 OR P.1.8 OR P.1.9 OR P.1.10 OR P.1.10.1 OR P.1.10.2 OR P.1.11 OR P.1.12 OR P.1.12.1 OR P.1.13 OR P.1.14 OR P.1.15 OR P.1.16 OR P.1.17 OR P.1.17.1,Gamma,3.85714285714286,0,0
2021-11-19,2,0,2.5,0,0,0.000216908470030966,0.666821754401209,P.1 OR P.1.1 OR P.1.2 OR P.1.3 OR P.1.4 OR P.1.5 OR P.1.6 OR P.1.7 OR P.1.7.1 OR P.1.8 OR P.1.9 OR P.1.10 OR P.1.10.1 OR P.1.10.2 OR P.1.11 OR P.1.12 OR P.1.12.1 OR P.1.13 OR P.1.14 OR P.1.15 OR P.1.16 OR P.1.17 OR P.1.17.1,Gamma,3.78571428571429,0,0
2021-11-20,2,0,2.33333333333333,0,0,0.000216908470030966,0.666821754401209,P.1 OR P.1.1 OR P.1.2 OR P.1.3 OR P.1.4 OR P.1.5 OR P.1.6 OR P.1.7 OR P.1.7.1 OR P.1.8 OR P.1.9 OR P.1.10 OR P.1.10.1 OR P.1.10.2 OR P.1.11 OR P.1.12 OR P.1.12.1 OR P.1.13 OR P.1.14 OR P.1.15 OR P.1.16 OR P.1.17 OR P.1.17.1,Gamma,3.28571428571429,0,0
2021-11-22,4,0,2.5,0,0,0.000216908470030966,0.666821754401209,P.1 OR P.1.1 OR P.1.2 OR P.1.3 OR P.1.4 OR P.1.5 OR P.1.6 OR P.1.7 OR P.1.7.1 OR P.1.8 OR P.1.9 OR P.1.10 OR P.1.10.1 OR P.1.10.2 OR P.1.11 OR P.1.12 OR P.1.12.1 OR P.1.13 OR P.1.14 OR P.1.15 OR P.1.16 OR P.1.17 OR P.1.17.1,Gamma,3.28571428571429,0,0
2021-11-23,6,0,3,0,0,0.000150636025436569,0.53558324304295,P.1 OR P.1.1 OR P.1.2 OR P.1.3 OR P.1.4 OR P.1.5 OR P.1.6 OR P.1.7 OR P.1.7.1 OR P.1.8 OR P.1.9 OR P.1.10 OR P.1.10.1 OR P.1.10.2 OR P.1.11 OR P.1.12 OR P.1.12.1 OR P.1.13 OR P.1.14 OR P.1.15 OR P.1.16 OR P.1.17 OR P.1.17.1,Gamma,3.64285714285714,0,0
2021-11-24,4,0,3.33333333333333,0,0,0.000150636025436569,0.53558324304295,P.1 OR P.1.1 OR P.1.2 OR P.1.3 OR P.1.4 OR P.1.5 OR P.1.6 OR P.1.7 OR P.1.7.1 OR P.1.8 OR P.1.9 OR P.1.10 OR P.1.10.1 OR P.1.10.2 OR P.1.11 OR P.1.12 OR P.1.12.1 OR P.1.13 OR P.1.14 OR P.1.15 OR P.1.16 OR P.1.17 OR P.1.17.1,Gamma,3.28571428571429,0,0
2021-11-26,2,0,3.6,0,0,0.000115332788238275,0.44476261765764,P.1 OR P.1.1 OR P.1.2 OR P.1.3 OR P.1.4 OR P.1.5 OR P.1.6 OR P.1.7 OR P.1.7.1 OR P.1.8 OR P.1.9 OR P.1.10 OR P.1.10.1 OR P.1.10.2 OR P.1.11 OR P.1.12 OR P.1.12.1 OR P.1.13 OR P.1.14 OR P.1.15 OR P.1.16 OR P.1.17 OR P.1.17.1,Gamma,3.14285714285714,0,0
2021-11-27,4,0,4,0,0,0.000115332788238275,0.44476261765764,P.1 OR P.1.1 OR P.1.2 OR P.1.3 OR P.1.4 OR P.1.5 OR P.1.6 OR P.1.7 OR P.1.7.1 OR P.1.8 OR P.1.9 OR P.1.10 OR P.1.10.1 OR P.1.10.2 OR P.1.11 OR P.1.12 OR P.1.12.1 OR P.1.13 OR P.1.14 OR P.1.15 OR P.1.16 OR P.1.17 OR P.1.17.1,Gamma,3.21428571428571,0,0
2021-11-28,5,0,4.16666666666667,0,0,0.000115332788238275,0.44476261765764,P.1 OR P.1.1 OR P.1.2 OR P.1.3 OR P.1.4 OR P.1.5 OR P.1.6 OR P.1.7 OR P.1.7.1 OR P.1.8 OR P.1.9 OR P.1.10 OR P.1.10.1 OR P.1.10.2 OR P.1.11 OR P.1.12 OR P.1.12.1 OR P.1.13 OR P.1.14 OR P.1.15 OR P.1.16 OR P.1.17 OR P.1.17.1,Gamma,3.21428571428571,0,0
2021-11-29,3,0,4,0,0,0.000115332788238275,0.44476261765764,P.1 OR P.1.1 OR P.1.2 OR P.1.3 OR P.1.4 OR P.1.5 OR P.1.6 OR P.1.7 OR P.1.7.1 OR P.1.8 OR P.1.9 OR P.1.10 OR P.1.10.1 OR P.1.10.2 OR P.1.11 OR P.1.12 OR P.1.12.1 OR P.1.13 OR P.1.14 OR P.1.15 OR P.1.16 OR P.1.17 OR P.1.17.1,Gamma,3.21428571428571,0,0
2021-11-30,1,0,3.16666666666667,0,0,0.000150636025436569,0.53558324304295,P.1 OR P.1.1 OR P.1.2 OR P.1.3 OR P.1.4 OR P.1.5 OR P.1.6 OR P.1.7 OR P.1.7.1 OR P.1.8 OR P.1.9 OR P.1.10 OR P.1.10.1 OR P.1.10.2 OR P.1.11 OR P.1.12 OR P.1.12.1 OR P.1.13 OR P.1.14 OR P.1.15 OR P.1.16 OR P.1.17 OR P.1.17.1,Gamma,3.07142857142857,0,0
2021-12-01,5,0,3.33333333333333,0,0,0.000150636025436569,0.53558324304295,P.1 OR P.1.1 OR P.1.2 OR P.1.3 OR P.1.4 OR P.1.5 OR P.1.6 OR P.1.7 OR P.1.7.1 OR P.1.8 OR P.1.9 OR P.1.10 OR P.1.10.1 OR P.1.10.2 OR P.1.11 OR P.1.12 OR P.1.12.1 OR P.1.13 OR P.1.14 OR P.1.15 OR P.1.16 OR P.1.17 OR P.1.17.1,Gamma,3.21428571428571,0,0
2021-12-02,3,0,3.28571428571429,0,0,0.000150636025436569,0.53558324304295,P.1 OR P.1.1 OR P.1.2 OR P.1.3 OR P.1.4 OR P.1.5 OR P.1.6 OR P.1.7 OR P.1.7.1 OR P.1.8 OR P.1.9 OR P.1.10 OR P.1.10.1 OR P.1.10.2 OR P.1.11 OR P.1.12 OR P.1.12.1 OR P.1.13 OR P.1.14 OR P.1.15 OR P.1.16 OR P.1.17 OR P.1.17.1,Gamma,3.21428571428571,0,0
2021-12-03,3,0,3.42857142857143,0,0,0.000150636025436569,0.53558324304295,P.1 OR P.1.1 OR P.1.2 OR P.1.3 OR P.1.4 OR P.1.5 OR P.1.6 OR P.1.7 OR P.1.7.1 OR P.1.8 OR P.1.9 OR P.1.10 OR P.1.10.1 OR P.1.10.2 OR P.1.11 OR P.1.12 OR P.1.12.1 OR P.1.13 OR P.1.14 OR P.1.15 OR P.1.16 OR P.1.17 OR P.1.17.1,Gamma,3.28571428571429,0,0
2021-12-04,2,0,3.14285714285714,0,0,0.000150636025436569,0.53558324304295,P.1 OR P.1.1 OR P.1.2 OR P.1.3 OR P.1.4 OR P.1.5 OR P.1.6 OR P.1.7 OR P.1.7.1 OR P.1.8 OR P.1.9 OR P.1.10 OR P.1.10.1 OR P.1.10.2 OR P.1.11 OR P.1.12 OR P.1.12.1 OR P.1.13 OR P.1.14 OR P.1.15 OR P.1.16 OR P.1.17 OR P.1.17.1,Gamma,3.28571428571429,0,0
2021-12-05,2,0,2.71428571428571,0,0,0.000150636025436569,0.53558324304295,P.1 OR P.1.1 OR P.1.2 OR P.1.3 OR P.1.4 OR P.1.5 OR P.1.6 OR P.1.7 OR P.1.7.1 OR P.1.8 OR P.1.9 OR P.1.10 OR P.1.10.1 OR P.1.10.2 OR P.1.11 OR P.1.12 OR P.1.12.1 OR P.1.13 OR P.1.14 OR P.1.15 OR P.1.16 OR P.1.17 OR P.1.17.1,Gamma,3.28571428571429,0,0
2021-12-06,8,0,3.42857142857143,0,0,0.000150636025436569,0.53558324304295,P.1 OR P.1.1 OR P.1.2 OR P.1.3 OR P.1.4 OR P.1.5 OR P.1.6 OR P.1.7 OR P.1.7.1 OR P.1.8 OR P.1.9 OR P.1.10 OR P.1.10.1 OR P.1.10.2 OR P.1.11 OR P.1.12 OR P.1.12.1 OR P.1.13 OR P.1.14 OR P.1.15 OR P.1.16 OR P.1.17 OR P.1.17.1,Gamma,3.71428571428571,0,0
2021-12-07,4,0,3.85714285714286,0,0,0.000115332788238275,0.44476261765764,P.1 OR P.1.1 OR P.1.2 OR P.1.3 OR P.1.4 OR P.1.5 OR P.1.6 OR P.1.7 OR P.1.7.1 OR P.1.8 OR P.1.9 OR P.1.10 OR P.1.10.1 OR P.1.10.2 OR P.1.11 OR P.1.12 OR P.1.12.1 OR P.1.13 OR P.1.14 OR P.1.15 OR P.1.16 OR P.1.17 OR P.1.17.1,Gamma,3.71428571428571,0,0
2021-12-08,4,0,3.71428571428571,0,0,0.000115332788238275,0.44476261765764,P.1 OR P.1.1 OR P.1.2 OR P.1.3 OR P.1.4 OR P.1.5 OR P.1.6 OR P.1.7 OR P.1.7.1 OR P.1.8 OR P.1.9 OR P.1.10 OR P.1.10.1 OR P.1.10.2 OR P.1.11 OR P.1.12 OR P.1.12.1 OR P.1.13 OR P.1.14 OR P.1.15 OR P.1.16 OR P.1.17 OR P.1.17.1,Gamma,3.57142857142857,0,0
2021-12-09,1,0,3.42857142857143,0,0,0.000150636025436569,0.53558324304295,P.1 OR P.1.1 OR P.1.2 OR P.1.3 OR P.1.4 OR P.1.5 OR P.1.6 OR P.1.7 OR P.1.7.1 OR P.1.8 OR P.1.9 OR P.1.10 OR P.1.10.1 OR P.1.10.2 OR P.1.11 OR P.1.12 OR P.1.12.1 OR P.1.13 OR P.1.14 OR P.1.15 OR P.1.16 OR P.1.17 OR P.1.17.1,Gamma,3.35714285714286,0,0
2021-12-10,5,0,3.71428571428571,0,0,0.000115332788238275,0.44476261765764,P.1 OR P.1.1 OR P.1.2 OR P.1.3 OR P.1.4 OR P.1.5 OR P.1.6 OR P.1.7 OR P.1.7.1 OR P.1.8 OR P.1.9 OR P.1.10 OR P.1.10.1 OR P.1.10.2 OR P.1.11 OR P.1.12 OR P.1.12.1 OR P.1.13 OR P.1.14 OR P.1.15 OR P.1.16 OR P.1.17 OR P.1.17.1,Gamma,3.57142857142857,0,0
2021-12-11,4,0,4,0,0,0.000115332788238275,0.44476261765764,P.1 OR P.1.1 OR P.1.2 OR P.1.3 OR P.1.4 OR P.1.5 OR P.1.6 OR P.1.7 OR P.1.7.1 OR P.1.8 OR P.1.9 OR P.1.10 OR P.1.10.1 OR P.1.10.2 OR P.1.11 OR P.1.12 OR P.1.12.1 OR P.1.13 OR P.1.14 OR P.1.15 OR P.1.16 OR P.1.17 OR P.1.17.1,Gamma,3.57142857142857,0,0
2021-12-12,3,0,4.14285714285714,0,0,0.000115332788238275,0.44476261765764,P.1 OR P.1.1 OR P.1.2 OR P.1.3 OR P.1.4 OR P.1.5 OR P.1.6 OR P.1.7 OR P.1.7.1 OR P.1.8 OR P.1.9 OR P.1.10 OR P.1.10.1 OR P.1.10.2 OR P.1.11 OR P.1.12 OR P.1.12.1 OR P.1.13 OR P.1.14 OR P.1.15 OR P.1.16 OR P.1.17 OR P.1.17.1,Gamma,3.42857142857143,0,0
2021-12-13,6,0,3.85714285714286,0,0,0.000115332788238275,0.44476261765764,P.1 OR P.1.1 OR P.1.2 OR P.1.3 OR P.1.4 OR P.1.5 OR P.1.6 OR P.1.7 OR P.1.7.1 OR P.1.8 OR P.1.9 OR P.1.10 OR P.1.10.1 OR P.1.10.2 OR P.1.11 OR P.1.12 OR P.1.12.1 OR P.1.13 OR P.1.14 OR P.1.15 OR P.1.16 OR P.1.17 OR P.1.17.1,Gamma,3.64285714285714,0,0
2021-12-14,4,0,3.85714285714286,0,0,0.000115332788238275,0.44476261765764,P.1 OR P.1.1 OR P.1.2 OR P.1.3 OR P.1.4 OR P.1.5 OR P.1.6 OR P.1.7 OR P.1.7.1 OR P.1.8 OR P.1.9 OR P.1.10 OR P.1.10.1 OR P.1.10.2 OR P.1.11 OR P.1.12 OR P.1.12.1 OR P.1.13 OR P.1.14 OR P.1.15 OR P.1.16 OR P.1.17 OR P.1.17.1,Gamma,3.85714285714286,0,0
2021-12-15,7,0,4.28571428571429,0,0,0.000115332788238275,0.44476261765764,P.1 OR P.1.1 OR P.1.2 OR P.1.3 OR P.1.4 OR P.1.5 OR P.1.6 OR P.1.7 OR P.1.7.1 OR P.1.8 OR P.1.9 OR P.1.10 OR P.1.10.1 OR P.1.10.2 OR P.1.11 OR P.1.12 OR P.1.12.1 OR P.1.13 OR P.1.14 OR P.1.15 OR P.1.16 OR P.1.17 OR P.1.17.1,Gamma,4,0,0
2021-12-16,5,0,4.85714285714286,0,0,9.34206000395449e-05,0.379377142299039,P.1 OR P.1.1 OR P.1.2 OR P.1.3 OR P.1.4 OR P.1.5 OR P.1.6 OR P.1.7 OR P.1.7.1 OR P.1.8 OR P.1.9 OR P.1.10 OR P.1.10.1 OR P.1.10.2 OR P.1.11 OR P.1.12 OR P.1.12.1 OR P.1.13 OR P.1.14 OR P.1.15 OR P.1.16 OR P.1.17 OR P.1.17.1,Gamma,4.14285714285714,0,0
2021-12-17,4,0,4.71428571428571,0,0,9.34206000395449e-05,0.379377142299039,P.1 OR P.1.1 OR P.1.2 OR P.1.3 OR P.1.4 OR P.1.5 OR P.1.6 OR P.1.7 OR P.1.7.1 OR P.1.8 OR P.1.9 OR P.1.10 OR P.1.10.1 OR P.1.10.2 OR P.1.11 OR P.1.12 OR P.1.12.1 OR P.1.13 OR P.1.14 OR P.1.15 OR P.1.16 OR P.1.17 OR P.1.17.1,Gamma,4.21428571428571,0,0
2021-12-18,6,1,5,0.142857142857143,0.0285714285714286,9.34206000395449e-05,0.379377142299039,P.1 OR P.1.1 OR P.1.2 OR P.1.3 OR P.1.4 OR P.1.5 OR P.1.6 OR P.1.7 OR P.1.7.1 OR P.1.8 OR P.1.9 OR P.1.10 OR P.1.10.1 OR P.1.10.2 OR P.1.11 OR P.1.12 OR P.1.12.1 OR P.1.13 OR P.1.14 OR P.1.15 OR P.1.16 OR P.1.17 OR P.1.17.1,Gamma,4.5,0.0714285714285714,0.0158730158730159
2021-12-20,8,0,5.66666666666667,0.166666666666667,0.0294117647058824,7.84998483662082e-05,0.33038890915155,P.1 OR P.1.1 OR P.1.2 OR P.1.3 OR P.1.4 OR P.1.5 OR P.1.6 OR P.1.7 OR P.1.7.1 OR P.1.8 OR P.1.9 OR P.1.10 OR P.1.10.1 OR P.1.10.2 OR P.1.11 OR P.1.12 OR P.1.12.1 OR P.1.13 OR P.1.14 OR P.1.15 OR P.1.16 OR P.1.17 OR P.1.17.1,Gamma,4.92857142857143,0.0714285714285714,0.0144927536231884
2021-12-21,16,1,7.66666666666667,0.333333333333333,0.0434782608695652,5.94903028944023e-05,0.262217248717186,P.1 OR P.1.1 OR P.1.2 OR P.1.3 OR P.1.4 OR P.1.5 OR P.1.6 OR P.1.7 OR P.1.7.1 OR P.1.8 OR P.1.9 OR P.1.10 OR P.1.10.1 OR P.1.10.2 OR P.1.11 OR P.1.12 OR P.1.12.1 OR P.1.13 OR P.1.14 OR P.1.15 OR P.1.16 OR P.1.17 OR P.1.17.1,Gamma,5.5,0.142857142857143,0.025974025974026
2021-12-22,22,0,10.1666666666667,0.333333333333333,0.0327868852459016,4.7890433157582e-05,0.217196267509211,P.1 OR P.1.1 OR P.1.2 OR P.1.3 OR P.1.4 OR P.1.5 OR P.1.6 OR P.1.7 OR P.1.7.1 OR P.1.8 OR P.1.9 OR P.1.10 OR P.1.10.1 OR P.1.10.2 OR P.1.11 OR P.1.12 OR P.1.12.1 OR P.1.13 OR P.1.14 OR P.1.15 OR P.1.16 OR P.1.17 OR P.1.17.1,Gamma,6.78571428571429,0.142857142857143,0.0210526315789474
2021-12-23,1,0,9.5,0.333333333333333,0.0350877192982456,4.7890433157582e-05,0.217196267509211,P.1 OR P.1.1 OR P.1.2 OR P.1.3 OR P.1.4 OR P.1.5 OR P.1.6 OR P.1.7 OR P.1.7.1 OR P.1.8 OR P.1.9 OR P.1.10 OR P.1.10.1 OR P.1.10.2 OR P.1.11 OR P.1.12 OR P.1.12.1 OR P.1.13 OR P.1.14 OR P.1.15 OR P.1.16 OR P.1.17 OR P.1.17.1,Gamma,6.57142857142857,0.142857142857143,0.0217391304347826
2021-12-24,11,0,10.6666666666667,0.333333333333333,0.03125,4.36357981421897e-05,0.199994569026208,P.1 OR P.1.1 OR P.1.2 OR P.1.3 OR P.1.4 OR P.1.5 OR P.1.6 OR P.1.7 OR P.1.7.1 OR P.1.8 OR P.1.9 OR P.1.10 OR P.1.10.1 OR P.1.10.2 OR P.1.11 OR P.1.12 OR P.1.12.1 OR P.1.13 OR P.1.14 OR P.1.15 OR P.1.16 OR P.1.17 OR P.1.17.1,Gamma,7.28571428571429,0.142857142857143,0.0196078431372549
2021-12-25,9,0,11.1666666666667,0.166666666666667,0.0149253731343284,4.36357981421897e-05,0.199994569026208,P.1 OR P.1.1 OR P.1.2 OR P.1.3 OR P.1.4 OR P.1.5 OR P.1.6 OR P.1.7 OR P.1.7.1 OR P.1.8 OR P.1.9 OR P.1.10 OR P.1.10.1 OR P.1.10.2 OR P.1.11 OR P.1.12 OR P.1.12.1 OR P.1.13 OR P.1.14 OR P.1.15 OR P.1.16 OR P.1.17 OR P.1.17.1,Gamma,7.57142857142857,0.142857142857143,0.0188679245283019
2021-12-26,2,0,9.85714285714286,0.142857142857143,0.0144927536231884,4.7890433157582e-05,0.217196267509211,P.1 OR P.1.1 OR P.1.2 OR P.1.3 OR P.1.4 OR P.1.5 OR P.1.6 OR P.1.7 OR P.1.7.1 OR P.1.8 OR P.1.9 OR P.1.10 OR P.1.10.1 OR P.1.10.2 OR P.1.11 OR P.1.12 OR P.1.12.1 OR P.1.13 OR P.1.14 OR P.1.15 OR P.1.16 OR P.1.17 OR P.1.17.1,Gamma,7.42857142857143,0.142857142857143,0.0192307692307692
2021-12-27,8,0,9.85714285714286,0.142857142857143,0.0144927536231884,4.7890433157582e-05,0.217196267509211,P.1 OR P.1.1 OR P.1.2 OR P.1.3 OR P.1.4 OR P.1.5 OR P.1.6 OR P.1.7 OR P.1.7.1 OR P.1.8 OR P.1.9 OR P.1.10 OR P.1.10.1 OR P.1.10.2 OR P.1.11 OR P.1.12 OR P.1.12.1 OR P.1.13 OR P.1.14 OR P.1.15 OR P.1.16 OR P.1.17 OR P.1.17.1,Gamma,7.78571428571429,0.142857142857143,0.018348623853211
2021-12-28,2,0,7.85714285714286,0,0,5.94903028944023e-05,0.262217248717186,P.1 OR P.1.1 OR P.1.2 OR P.1.3 OR P.1.4 OR P.1.5 OR P.1.6 OR P.1.7 OR P.1.7.1 OR P.1.8 OR P.1.9 OR P.1.10 OR P.1.10.1 OR P.1.10.2 OR P.1.11 OR P.1.12 OR P.1.12.1 OR P.1.13 OR P.1.14 OR P.1.15 OR P.1.16 OR P.1.17 OR P.1.17.1,Gamma,7.5,0.142857142857143,0.019047619047619
2021-12-29,2,0,5,0,0,9.34206000395449e-05,0.379377142299039,P.1 OR P.1.1 OR P.1.2 OR P.1.3 OR P.1.4 OR P.1.5 OR P.1.6 OR P.1.7 OR P.1.7.1 OR P.1.8 OR P.1.9 OR P.1.10 OR P.1.10.1 OR P.1.10.2 OR P.1.11 OR P.1.12 OR P.1.12.1 OR P.1.13 OR P.1.14 OR P.1.15 OR P.1.16 OR P.1.17 OR P.1.17.1,Gamma,7.35714285714286,0.142857142857143,0.0194174757281553
2021-12-30,1,0,5,0,0,9.34206000395449e-05,0.379377142299039,P.1 OR P.1.1 OR P.1.2 OR P.1.3 OR P.1.4 OR P.1.5 OR P.1.6 OR P.1.7 OR P.1.7.1 OR P.1.8 OR P.1.9 OR P.1.10 OR P.1.10.1 OR P.1.10.2 OR P.1.11 OR P.1.12 OR P.1.12.1 OR P.1.13 OR P.1.14 OR P.1.15 OR P.1.16 OR P.1.17 OR P.1.17.1,Gamma,6.92857142857143,0.142857142857143,0.0206185567010309
2021-12-31,1,0,3.57142857142857,0,0,0.000115332788238275,0.44476261765764,P.1 OR P.1.1 OR P.1.2 OR P.1.3 OR P.1.4 OR P.1.5 OR P.1.6 OR P.1.7 OR P.1.7.1 OR P.1.8 OR P.1.9 OR P.1.10 OR P.1.10.1 OR P.1.10.2 OR P.1.11 OR P.1.12 OR P.1.12.1 OR P.1.13 OR P.1.14 OR P.1.15 OR P.1.16 OR P.1.17 OR P.1.17.1,Gamma,6.64285714285714,0.142857142857143,0.021505376344086
2022-01-01,3,0,2.71428571428571,0,0,0.000150636025436569,0.53558324304295,P.1 OR P.1.1 OR P.1.2 OR P.1.3 OR P.1.4 OR P.1.5 OR P.1.6 OR P.1.7 OR P.1.7.1 OR P.1.8 OR P.1.9 OR P.1.10 OR P.1.10.1 OR P.1.10.2 OR P.1.11 OR P.1.12 OR P.1.12.1 OR P.1.13 OR P.1.14 OR P.1.15 OR P.1.16 OR P.1.17 OR P.1.17.1,Gamma,6.57142857142857,0.142857142857143,0.0217391304347826
2022-01-02,3,0,2.85714285714286,0,0,0.000150636025436569,0.53558324304295,P.1 OR P.1.1 OR P.1.2 OR P.1.3 OR P.1.4 OR P.1.5 OR P.1.6 OR P.1.7 OR P.1.7.1 OR P.1.8 OR P.1.9 OR P.1.10 OR P.1.10.1 OR P.1.10.2 OR P.1.11 OR P.1.12 OR P.1.12.1 OR P.1.13 OR P.1.14 OR P.1.15 OR P.1.16 OR P.1.17 OR P.1.17.1,Gamma,6.35714285714286,0.0714285714285714,0.0112359550561798
2022-01-03,5,0,2.42857142857143,0,0,0.000216908470030966,0.666821754401209,P.1 OR P.1.1 OR P.1.2 OR P.1.3 OR P.1.4 OR P.1.5 OR P.1.6 OR P.1.7 OR P.1.7.1 OR P.1.8 OR P.1.9 OR P.1.10 OR P.1.10.1 OR P.1.10.2 OR P.1.11 OR P.1.12 OR P.1.12.1 OR P.1.13 OR P.1.14 OR P.1.15 OR P.1.16 OR P.1.17 OR P.1.17.1,Gamma,6.14285714285714,0.0714285714285714,0.0116279069767442
2022-01-04,3,0,2.57142857142857,0,0,0.000150636025436569,0.53558324304295,P.1 OR P.1.1 OR P.1.2 OR P.1.3 OR P.1.4 OR P.1.5 OR P.1.6 OR P.1.7 OR P.1.7.1 OR P.1.8 OR P.1.9 OR P.1.10 OR P.1.10.1 OR P.1.10.2 OR P.1.11 OR P.1.12 OR P.1.12.1 OR P.1.13 OR P.1.14 OR P.1.15 OR P.1.16 OR P.1.17 OR P.1.17.1,Gamma,5.21428571428571,0,0
2022-01-05,8,0,3.42857142857143,0,0,0.000150636025436569,0.53558324304295,P.1 OR P.1.1 OR P.1.2 OR P.1.3 OR P.1.4 OR P.1.5 OR P.1.6 OR P.1.7 OR P.1.7.1 OR P.1.8 OR P.1.9 OR P.1.10 OR P.1.10.1 OR P.1.10.2 OR P.1.11 OR P.1.12 OR P.1.12.1 OR P.1.13 OR P.1.14 OR P.1.15 OR P.1.16 OR P.1.17 OR P.1.17.1,Gamma,4.21428571428571,0,0
2022-01-06,4,0,3.85714285714286,0,0,0.000115332788238275,0.44476261765764,P.1 OR P.1.1 OR P.1.2 OR P.1.3 OR P.1.4 OR P.1.5 OR P.1.6 OR P.1.7 OR P.1.7.1 OR P.1.8 OR P.1.9 OR P.1.10 OR P.1.10.1 OR P.1.10.2 OR P.1.11 OR P.1.12 OR P.1.12.1 OR P.1.13 OR P.1.14 OR P.1.15 OR P.1.16 OR P.1.17 OR P.1.17.1,Gamma,4.42857142857143,0,0
2022-01-07,8,0,4.85714285714286,0,0,9.34206000395449e-05,0.379377142299039,P.1 OR P.1.1 OR P.1.2 OR P.1.3 OR P.1.4 OR P.1.5 OR P.1.6 OR P.1.7 OR P.1.7.1 OR P.1.8 OR P.1.9 OR P.1.10 OR P.1.10.1 OR P.1.10.2 OR P.1.11 OR P.1.12 OR P.1.12.1 OR P.1.13 OR P.1.14 OR P.1.15 OR P.1.16 OR P.1.17 OR P.1.17.1,Gamma,4.21428571428571,0,0
2022-01-08,3,0,4.85714285714286,0,0,9.34206000395449e-05,0.379377142299039,P.1 OR P.1.1 OR P.1.2 OR P.1.3 OR P.1.4 OR P.1.5 OR P.1.6 OR P.1.7 OR P.1.7.1 OR P.1.8 OR P.1.9 OR P.1.10 OR P.1.10.1 OR P.1.10.2 OR P.1.11 OR P.1.12 OR P.1.12.1 OR P.1.13 OR P.1.14 OR P.1.15 OR P.1.16 OR P.1.17 OR P.1.17.1,Gamma,3.78571428571429,0,0
2022-01-09,9,0,5.71428571428571,0,0,7.84998483662082e-05,0.33038890915155,P.1 OR P.1.1 OR P.1.2 OR P.1.3 OR P.1.4 OR P.1.5 OR P.1.6 OR P.1.7 OR P.1.7.1 OR P.1.8 OR P.1.9 OR P.1.10 OR P.1.10.1 OR P.1.10.2 OR P.1.11 OR P.1.12 OR P.1.12.1 OR P.1.13 OR P.1.14 OR P.1.15 OR P.1.16 OR P.1.17 OR P.1.17.1,Gamma,4.28571428571429,0,0
2022-01-10,5,0,5.71428571428571,0,0,7.84998483662082e-05,0.33038890915155,P.1 OR P.1.1 OR P.1.2 OR P.1.3 OR P.1.4 OR P.1.5 OR P.1.6 OR P.1.7 OR P.1.7.1 OR P.1.8 OR P.1.9 OR P.1.10 OR P.1.10.1 OR P.1.10.2 OR P.1.11 OR P.1.12 OR P.1.12.1 OR P.1.13 OR P.1.14 OR P.1.15 OR P.1.16 OR P.1.17 OR P.1.17.1,Gamma,4.07142857142857,0,0
2022-01-11,7,0,6.28571428571429,0,0,7.84998483662082e-05,0.33038890915155,P.1 OR P.1.1 OR P.1.2 OR P.1.3 OR P.1.4 OR P.1.5 OR P.1.6 OR P.1.7 OR P.1.7.1 OR P.1.8 OR P.1.9 OR P.1.10 OR P.1.10.1 OR P.1.10.2 OR P.1.11 OR P.1.12 OR P.1.12.1 OR P.1.13 OR P.1.14 OR P.1.15 OR P.1.16 OR P.1.17 OR P.1.17.1,Gamma,4.42857142857143,0,0
2022-01-12,9,0,6.42857142857143,0,0,7.84998483662082e-05,0.33038890915155,P.1 OR P.1.1 OR P.1.2 OR P.1.3 OR P.1.4 OR P.1.5 OR P.1.6 OR P.1.7 OR P.1.7.1 OR P.1.8 OR P.1.9 OR P.1.10 OR P.1.10.1 OR P.1.10.2 OR P.1.11 OR P.1.12 OR P.1.12.1 OR P.1.13 OR P.1.14 OR P.1.15 OR P.1.16 OR P.1.17 OR P.1.17.1,Gamma,4.92857142857143,0,0
2022-01-13,5,0,6.57142857142857,0,0,6.76864642438304e-05,0.29243617366231,P.1 OR P.1.1 OR P.1.2 OR P.1.3 OR P.1.4 OR P.1.5 OR P.1.6 OR P.1.7 OR P.1.7.1 OR P.1.8 OR P.1.9 OR P.1.10 OR P.1.10.1 OR P.1.10.2 OR P.1.11 OR P.1.12 OR P.1.12.1 OR P.1.13 OR P.1.14 OR P.1.15 OR P.1.16 OR P.1.17 OR P.1.17.1,Gamma,5.21428571428571,0,0
2022-01-14,10,0,6.85714285714286,0,0,6.76864642438304e-05,0.29243617366231,P.1 OR P.1.1 OR P.1.2 OR P.1.3 OR P.1.4 OR P.1.5 OR P.1.6 OR P.1.7 OR P.1.7.1 OR P.1.8 OR P.1.9 OR P.1.10 OR P.1.10.1 OR P.1.10.2 OR P.1.11 OR P.1.12 OR P.1.12.1 OR P.1.13 OR P.1.14 OR P.1.15 OR P.1.16 OR P.1.17 OR P.1.17.1,Gamma,5.85714285714286,0,0
2022-01-15,5,0,7.14285714285714,0,0,6.76864642438304e-05,0.29243617366231,P.1 OR P.1.1 OR P.1.2 OR P.1.3 OR P.1.4 OR P.1.5 OR P.1.6 OR P.1.7 OR P.1.7.1 OR P.1.8 OR P.1.9 OR P.1.10 OR P.1.10.1 OR P.1.10.2 OR P.1.11 OR P.1.12 OR P.1.12.1 OR P.1.13 OR P.1.14 OR P.1.15 OR P.1.16 OR P.1.17 OR P.1.17.1,Gamma,6,0,0
2022-01-16,3,0,6.28571428571429,0,0,7.84998483662082e-05,0.33038890915155,P.1 OR P.1.1 OR P.1.2 OR P.1.3 OR P.1.4 OR P.1.5 OR P.1.6 OR P.1.7 OR P.1.7.1 OR P.1.8 OR P.1.9 OR P.1.10 OR P.1.10.1 OR P.1.10.2 OR P.1.11 OR P.1.12 OR P.1.12.1 OR P.1.13 OR P.1.14 OR P.1.15 OR P.1.16 OR P.1.17 OR P.1.17.1,Gamma,6,0,0
2022-01-17,2,0,5.85714285714286,0,0,7.84998483662082e-05,0.33038890915155,P.1 OR P.1.1 OR P.1.2 OR P.1.3 OR P.1.4 OR P.1.5 OR P.1.6 OR P.1.7 OR P.1.7.1 OR P.1.8 OR P.1.9 OR P.1.10 OR P.1.10.1 OR P.1.10.2 OR P.1.11 OR P.1.12 OR P.1.12.1 OR P.1.13 OR P.1.14 OR P.1.15 OR P.1.16 OR P.1.17 OR P.1.17.1,Gamma,5.78571428571429,0,0
2022-01-18,3,0,5.28571428571429,0,0,9.34206000395449e-05,0.379377142299039,P.1 OR P.1.1 OR P.1.2 OR P.1.3 OR P.1.4 OR P.1.5 OR P.1.6 OR P.1.7 OR P.1.7.1 OR P.1.8 OR P.1.9 OR P.1.10 OR P.1.10.1 OR P.1.10.2 OR P.1.11 OR P.1.12 OR P.1.12.1 OR P.1.13 OR P.1.14 OR P.1.15 OR P.1.16 OR P.1.17 OR P.1.17.1,Gamma,5.78571428571429,0,0
2022-01-19,4,0,4.57142857142857,0,0,9.34206000395449e-05,0.379377142299039,P.1 OR P.1.1 OR P.1.2 OR P.1.3 OR P.1.4 OR P.1.5 OR P.1.6 OR P.1.7 OR P.1.7.1 OR P.1.8 OR P.1.9 OR P.1.10 OR P.1.10.1 OR P.1.10.2 OR P.1.11 OR P.1.12 OR P.1.12.1 OR P.1.13 OR P.1.14 OR P.1.15 OR P.1.16 OR P.1.17 OR P.1.17.1,Gamma,5.5,0,0
2022-01-21,4,0,3.5,0,0,0.000115332788238275,0.44476261765764,P.1 OR P.1.1 OR P.1.2 OR P.1.3 OR P.1.4 OR P.1.5 OR P.1.6 OR P.1.7 OR P.1.7.1 OR P.1.8 OR P.1.9 OR P.1.10 OR P.1.10.1 OR P.1.10.2 OR P.1.11 OR P.1.12 OR P.1.12.1 OR P.1.13 OR P.1.14 OR P.1.15 OR P.1.16 OR P.1.17 OR P.1.17.1,Gamma,5.5,0,0
2022-01-22,3,0,3.16666666666667,0,0,0.000150636025436569,0.53558324304295,P.1 OR P.1.1 OR P.1.2 OR P.1.3 OR P.1.4 OR P.1.5 OR P.1.6 OR P.1.7 OR P.1.7.1 OR P.1.8 OR P.1.9 OR P.1.10 OR P.1.10.1 OR P.1.10.2 OR P.1.11 OR P.1.12 OR P.1.12.1 OR P.1.13 OR P.1.14 OR P.1.15 OR P.1.16 OR P.1.17 OR P.1.17.1,Gamma,5.14285714285714,0,0
2022-01-23,1,0,2.83333333333333,0,0,0.000150636025436569,0.53558324304295,P.1 OR P.1.1 OR P.1.2 OR P.1.3 OR P.1.4 OR P.1.5 OR P.1.6 OR P.1.7 OR P.1.7.1 OR P.1.8 OR P.1.9 OR P.1.10 OR P.1.10.1 OR P.1.10.2 OR P.1.11 OR P.1.12 OR P.1.12.1 OR P.1.13 OR P.1.14 OR P.1.15 OR P.1.16 OR P.1.17 OR P.1.17.1,Gamma,5,0,0
2022-01-24,2,0,2.83333333333333,0,0,0.000150636025436569,0.53558324304295,P.1 OR P.1.1 OR P.1.2 OR P.1.3 OR P.1.4 OR P.1.5 OR P.1.6 OR P.1.7 OR P.1.7.1 OR P.1.8 OR P.1.9 OR P.1.10 OR P.1.10.1 OR P.1.10.2 OR P.1.11 OR P.1.12 OR P.1.12.1 OR P.1.13 OR P.1.14 OR P.1.15 OR P.1.16 OR P.1.17 OR P.1.17.1,Gamma,4.5,0,0
2022-01-25,3,0,2.83333333333333,0,0,0.000150636025436569,0.53558324304295,P.1 OR P.1.1 OR P.1.2 OR P.1.3 OR P.1.4 OR P.1.5 OR P.1.6 OR P.1.7 OR P.1.7.1 OR P.1.8 OR P.1.9 OR P.1.10 OR P.1.10.1 OR P.1.10.2 OR P.1.11 OR P.1.12 OR P.1.12.1 OR P.1.13 OR P.1.14 OR P.1.15 OR P.1.16 OR P.1.17 OR P.1.17.1,Gamma,4.35714285714286,0,0
2022-01-26,3,0,2.66666666666667,0,0,0.000150636025436569,0.53558324304295,P.1 OR P.1.1 OR P.1.2 OR P.1.3 OR P.1.4 OR P.1.5 OR P.1.6 OR P.1.7 OR P.1.7.1 OR P.1.8 OR P.1.9 OR P.1.10 OR P.1.10.1 OR P.1.10.2 OR P.1.11 OR P.1.12 OR P.1.12.1 OR P.1.13 OR P.1.14 OR P.1.15 OR P.1.16 OR P.1.17 OR P.1.17.1,Gamma,4.07142857142857,0,0
2022-01-27,6,0,3.14285714285714,0,0,0.000150636025436569,0.53558324304295,P.1 OR P.1.1 OR P.1.2 OR P.1.3 OR P.1.4 OR P.1.5 OR P.1.6 OR P.1.7 OR P.1.7.1 OR P.1.8 OR P.1.9 OR P.1.10 OR P.1.10.1 OR P.1.10.2 OR P.1.11 OR P.1.12 OR P.1.12.1 OR P.1.13 OR P.1.14 OR P.1.15 OR P.1.16 OR P.1.17 OR P.1.17.1,Gamma,3.85714285714286,0,0
2022-01-28,18,0,5.14285714285714,0,0,9.34206000395449e-05,0.379377142299039,P.1 OR P.1.1 OR P.1.2 OR P.1.3 OR P.1.4 OR P.1.5 OR P.1.6 OR P.1.7 OR P.1.7.1 OR P.1.8 OR P.1.9 OR P.1.10 OR P.1.10.1 OR P.1.10.2 OR P.1.11 OR P.1.12 OR P.1.12.1 OR P.1.13 OR P.1.14 OR P.1.15 OR P.1.16 OR P.1.17 OR P.1.17.1,Gamma,4.78571428571429,0,0
2022-01-29,4,0,5.28571428571429,0,0,9.34206000395449e-05,0.379377142299039,P.1 OR P.1.1 OR P.1.2 OR P.1.3 OR P.1.4 OR P.1.5 OR P.1.6 OR P.1.7 OR P.1.7.1 OR P.1.8 OR P.1.9 OR P.1.10 OR P.1.10.1 OR P.1.10.2 OR P.1.11 OR P.1.12 OR P.1.12.1 OR P.1.13 OR P.1.14 OR P.1.15 OR P.1.16 OR P.1.17 OR P.1.17.1,Gamma,4.35714285714286,0,0
2022-01-30,2,0,5.42857142857143,0,0,9.34206000395449e-05,0.379377142299039,P.1 OR P.1.1 OR P.1.2 OR P.1.3 OR P.1.4 OR P.1.5 OR P.1.6 OR P.1.7 OR P.1.7.1 OR P.1.8 OR P.1.9 OR P.1.10 OR P.1.10.1 OR P.1.10.2 OR P.1.11 OR P.1.12 OR P.1.12.1 OR P.1.13 OR P.1.14 OR P.1.15 OR P.1.16 OR P.1.17 OR P.1.17.1,Gamma,4.14285714285714,0,0
2022-01-31,10,0,6.57142857142857,0,0,6.76864642438304e-05,0.29243617366231,P.1 OR P.1.1 OR P.1.2 OR P.1.3 OR P.1.4 OR P.1.5 OR P.1.6 OR P.1.7 OR P.1.7.1 OR P.1.8 OR P.1.9 OR P.1.10 OR P.1.10.1 OR P.1.10.2 OR P.1.11 OR P.1.12 OR P.1.12.1 OR P.1.13 OR P.1.14 OR P.1.15 OR P.1.16 OR P.1.17 OR P.1.17.1,Gamma,4.64285714285714,0,0
2022-02-01,16,0,8.42857142857143,0,0,5.94903028944023e-05,0.262217248717186,P.1 OR P.1.1 OR P.1.2 OR P.1.3 OR P.1.4 OR P.1.5 OR P.1.6 OR P.1.7 OR P.1.7.1 OR P.1.8 OR P.1.9 OR P.1.10 OR P.1.10.1 OR P.1.10.2 OR P.1.11 OR P.1.12 OR P.1.12.1 OR P.1.13 OR P.1.14 OR P.1.15 OR P.1.16 OR P.1.17 OR P.1.17.1,Gamma,5.64285714285714,0,0
2022-02-02,6,0,8.85714285714286,0,0,5.3064053418493e-05,0.237610098632903,P.1 OR P.1.1 OR P.1.2 OR P.1.3 OR P.1.4 OR P.1.5 OR P.1.6 OR P.1.7 OR P.1.7.1 OR P.1.8 OR P.1.9 OR P.1.10 OR P.1.10.1 OR P.1.10.2 OR P.1.11 OR P.1.12 OR P.1.12.1 OR P.1.13 OR P.1.14 OR P.1.15 OR P.1.16 OR P.1.17 OR P.1.17.1,Gamma,5.85714285714286,0,0
2022-02-03,9,0,9.28571428571429,0,0,5.3064053418493e-05,0.237610098632903,P.1 OR P.1.1 OR P.1.2 OR P.1.3 OR P.1.4 OR P.1.5 OR P.1.6 OR P.1.7 OR P.1.7.1 OR P.1.8 OR P.1.9 OR P.1.10 OR P.1.10.1 OR P.1.10.2 OR P.1.11 OR P.1.12 OR P.1.12.1 OR P.1.13 OR P.1.14 OR P.1.15 OR P.1.16 OR P.1.17 OR P.1.17.1,Gamma,6.21428571428571,0,0
2022-02-04,18,0,9.28571428571429,0,0,5.3064053418493e-05,0.237610098632903,P.1 OR P.1.1 OR P.1.2 OR P.1.3 OR P.1.4 OR P.1.5 OR P.1.6 OR P.1.7 OR P.1.7.1 OR P.1.8 OR P.1.9 OR P.1.10 OR P.1.10.1 OR P.1.10.2 OR P.1.11 OR P.1.12 OR P.1.12.1 OR P.1.13 OR P.1.14 OR P.1.15 OR P.1.16 OR P.1.17 OR P.1.17.1,Gamma,7.21428571428571,0,0
2022-02-05,2,0,9,0,0,5.3064053418493e-05,0.237610098632903,P.1 OR P.1.1 OR P.1.2 OR P.1.3 OR P.1.4 OR P.1.5 OR P.1.6 OR P.1.7 OR P.1.7.1 OR P.1.8 OR P.1.9 OR P.1.10 OR P.1.10.1 OR P.1.10.2 OR P.1.11 OR P.1.12 OR P.1.12.1 OR P.1.13 OR P.1.14 OR P.1.15 OR P.1.16 OR P.1.17 OR P.1.17.1,Gamma,7.14285714285714,0,0
2022-02-07,6,0,9.5,0,0,4.7890433157582e-05,0.217196267509211,P.1 OR P.1.1 OR P.1.2 OR P.1.3 OR P.1.4 OR P.1.5 OR P.1.6 OR P.1.7 OR P.1.7.1 OR P.1.8 OR P.1.9 OR P.1.10 OR P.1.10.1 OR P.1.10.2 OR P.1.11 OR P.1.12 OR P.1.12.1 OR P.1.13 OR P.1.14 OR P.1.15 OR P.1.16 OR P.1.17 OR P.1.17.1,Gamma,7.5,0,0
2022-02-08,8,0,8.16666666666667,0,0,5.94903028944023e-05,0.262217248717186,P.1 OR P.1.1 OR P.1.2 OR P.1.3 OR P.1.4 OR P.1.5 OR P.1.6 OR P.1.7 OR P.1.7.1 OR P.1.8 OR P.1.9 OR P.1.10 OR P.1.10.1 OR P.1.10.2 OR P.1.11 OR P.1.12 OR P.1.12.1 OR P.1.13 OR P.1.14 OR P.1.15 OR P.1.16 OR P.1.17 OR P.1.17.1,Gamma,7.92857142857143,0,0
2022-02-09,2,0,7.5,0,0,5.94903028944023e-05,0.262217248717186,P.1 OR P.1.1 OR P.1.2 OR P.1.3 OR P.1.4 OR P.1.5 OR P.1.6 OR P.1.7 OR P.1.7.1 OR P.1.8 OR P.1.9 OR P.1.10 OR P.1.10.1 OR P.1.10.2 OR P.1.11 OR P.1.12 OR P.1.12.1 OR P.1.13 OR P.1.14 OR P.1.15 OR P.1.16 OR P.1.17 OR P.1.17.1,Gamma,7.85714285714286,0,0
2022-02-10,2,0,6.33333333333333,0,0,7.84998483662082e-05,0.33038890915155,P.1 OR P.1.1 OR P.1.2 OR P.1.3 OR P.1.4 OR P.1.5 OR P.1.6 OR P.1.7 OR P.1.7.1 OR P.1.8 OR P.1.9 OR P.1.10 OR P.1.10.1 OR P.1.10.2 OR P.1.11 OR P.1.12 OR P.1.12.1 OR P.1.13 OR P.1.14 OR P.1.15 OR P.1.16 OR P.1.17 OR P.1.17.1,Gamma,7.78571428571429,0,0
2022-02-11,5,0,4.16666666666667,0,0,0.000115332788238275,0.44476261765764,P.1 OR P.1.1 OR P.1.2 OR P.1.3 OR P.1.4 OR P.1.5 OR P.1.6 OR P.1.7 OR P.1.7.1 OR P.1.8 OR P.1.9 OR P.1.10 OR P.1.10.1 OR P.1.10.2 OR P.1.11 OR P.1.12 OR P.1.12.1 OR P.1.13 OR P.1.14 OR P.1.15 OR P.1.16 OR P.1.17 OR P.1.17.1,Gamma,7.71428571428571,0,0
2022-02-13,2,0,4.16666666666667,0,0,0.000115332788238275,0.44476261765764,P.1 OR P.1.1 OR P.1.2 OR P.1.3 OR P.1.4 OR P.1.5 OR P.1.6 OR P.1.7 OR P.1.7.1 OR P.1.8 OR P.1.9 OR P.1.10 OR P.1.10.1 OR P.1.10.2 OR P.1.11 OR P.1.12 OR P.1.12.1 OR P.1.13 OR P.1.14 OR P.1.15 OR P.1.16 OR P.1.17 OR P.1.17.1,Gamma,6.57142857142857,0,0
2022-02-14,3,0,3.66666666666667,0,0,0.000115332788238275,0.44476261765764,P.1 OR P.1.1 OR P.1.2 OR P.1.3 OR P.1.4 OR P.1.5 OR P.1.6 OR P.1.7 OR P.1.7.1 OR P.1.8 OR P.1.9 OR P.1.10 OR P.1.10.1 OR P.1.10.2 OR P.1.11 OR P.1.12 OR P.1.12.1 OR P.1.13 OR P.1.14 OR P.1.15 OR P.1.16 OR P.1.17 OR P.1.17.1,Gamma,6.5,0,0
2022-02-15,5,0,3.16666666666667,0,0,0.000150636025436569,0.53558324304295,P.1 OR P.1.1 OR P.1.2 OR P.1.3 OR P.1.4 OR P.1.5 OR P.1.6 OR P.1.7 OR P.1.7.1 OR P.1.8 OR P.1.9 OR P.1.10 OR P.1.10.1 OR P.1.10.2 OR P.1.11 OR P.1.12 OR P.1.12.1 OR P.1.13 OR P.1.14 OR P.1.15 OR P.1.16 OR P.1.17 OR P.1.17.1,Gamma,6.71428571428571,0,0
2022-02-16,3,0,3.33333333333333,0,0,0.000150636025436569,0.53558324304295,P.1 OR P.1.1 OR P.1.2 OR P.1.3 OR P.1.4 OR P.1.5 OR P.1.6 OR P.1.7 OR P.1.7.1 OR P.1.8 OR P.1.9 OR P.1.10 OR P.1.10.1 OR P.1.10.2 OR P.1.11 OR P.1.12 OR P.1.12.1 OR P.1.13 OR P.1.14 OR P.1.15 OR P.1.16 OR P.1.17 OR P.1.17.1,Gamma,6.21428571428571,0,0
2022-02-17,1,0,3.16666666666667,0,0,0.000150636025436569,0.53558324304295,P.1 OR P.1.1 OR P.1.2 OR P.1.3 OR P.1.4 OR P.1.5 OR P.1.6 OR P.1.7 OR P.1.7.1 OR P.1.8 OR P.1.9 OR P.1.10 OR P.1.10.1 OR P.1.10.2 OR P.1.11 OR P.1.12 OR P.1.12.1 OR P.1.13 OR P.1.14 OR P.1.15 OR P.1.16 OR P.1.17 OR P.1.17.1,Gamma,5.14285714285714,0,0
2022-02-18,2,0,2.66666666666667,0,0,0.000150636025436569,0.53558324304295,P.1 OR P.1.1 OR P.1.2 OR P.1.3 OR P.1.4 OR P.1.5 OR P.1.6 OR P.1.7 OR P.1.7.1 OR P.1.8 OR P.1.9 OR P.1.10 OR P.1.10.1 OR P.1.10.2 OR P.1.11 OR P.1.12 OR P.1.12.1 OR P.1.13 OR P.1.14 OR P.1.15 OR P.1.16 OR P.1.17 OR P.1.17.1,Gamma,4.85714285714286,0,0
2022-02-19,2,0,2.57142857142857,0,0,0.000150636025436569,0.53558324304295,P.1 OR P.1.1 OR P.1.2 OR P.1.3 OR P.1.4 OR P.1.5 OR P.1.6 OR P.1.7 OR P.1.7.1 OR P.1.8 OR P.1.9 OR P.1.10 OR P.1.10.1 OR P.1.10.2 OR P.1.11 OR P.1.12 OR P.1.12.1 OR P.1.13 OR P.1.14 OR P.1.15 OR P.1.16 OR P.1.17 OR P.1.17.1,Gamma,4.35714285714286,0,0
2022-02-20,1,0,2.42857142857143,0,0,0.000216908470030966,0.666821754401209,P.1 OR P.1.1 OR P.1.2 OR P.1.3 OR P.1.4 OR P.1.5 OR P.1.6 OR P.1.7 OR P.1.7.1 OR P.1.8 OR P.1.9 OR P.1.10 OR P.1.10.1 OR P.1.10.2 OR P.1.11 OR P.1.12 OR P.1.12.1 OR P.1.13 OR P.1.14 OR P.1.15 OR P.1.16 OR P.1.17 OR P.1.17.1,Gamma,3.14285714285714,0,0
2022-02-21,3,0,2.42857142857143,0,0,0.000216908470030966,0.666821754401209,P.1 OR P.1.1 OR P.1.2 OR P.1.3 OR P.1.4 OR P.1.5 OR P.1.6 OR P.1.7 OR P.1.7.1 OR P.1.8 OR P.1.9 OR P.1.10 OR P.1.10.1 OR P.1.10.2 OR P.1.11 OR P.1.12 OR P.1.12.1 OR P.1.13 OR P.1.14 OR P.1.15 OR P.1.16 OR P.1.17 OR P.1.17.1,Gamma,3.21428571428571,0,0
2022-02-22,8,0,2.85714285714286,0,0,0.000150636025436569,0.53558324304295,P.1 OR P.1.1 OR P.1.2 OR P.1.3 OR P.1.4 OR P.1.5 OR P.1.6 OR P.1.7 OR P.1.7.1 OR P.1.8 OR P.1.9 OR P.1.10 OR P.1.10.1 OR P.1.10.2 OR P.1.11 OR P.1.12 OR P.1.12.1 OR P.1.13 OR P.1.14 OR P.1.15 OR P.1.16 OR P.1.17 OR P.1.17.1,Gamma,3.35714285714286,0,0
2022-02-23,2,0,2.71428571428571,0,0,0.000150636025436569,0.53558324304295,P.1 OR P.1.1 OR P.1.2 OR P.1.3 OR P.1.4 OR P.1.5 OR P.1.6 OR P.1.7 OR P.1.7.1 OR P.1.8 OR P.1.9 OR P.1.10 OR P.1.10.1 OR P.1.10.2 OR P.1.11 OR P.1.12 OR P.1.12.1 OR P.1.13 OR P.1.14 OR P.1.15 OR P.1.16 OR P.1.17 OR P.1.17.1,Gamma,2.92857142857143,0,0
2022-02-24,2,0,2.85714285714286,0,0,0.000150636025436569,0.53558324304295,P.1 OR P.1.1 OR P.1.2 OR P.1.3 OR P.1.4 OR P.1.5 OR P.1.6 OR P.1.7 OR P.1.7.1 OR P.1.8 OR P.1.9 OR P.1.10 OR P.1.10.1 OR P.1.10.2 OR P.1.11 OR P.1.12 OR P.1.12.1 OR P.1.13 OR P.1.14 OR P.1.15 OR P.1.16 OR P.1.17 OR P.1.17.1,Gamma,2.92857142857143,0,0
2022-02-25,4,0,3.14285714285714,0,0,0.000150636025436569,0.53558324304295,P.1 OR P.1.1 OR P.1.2 OR P.1.3 OR P.1.4 OR P.1.5 OR P.1.6 OR P.1.7 OR P.1.7.1 OR P.1.8 OR P.1.9 OR P.1.10 OR P.1.10.1 OR P.1.10.2 OR P.1.11 OR P.1.12 OR P.1.12.1 OR P.1.13 OR P.1.14 OR P.1.15 OR P.1.16 OR P.1.17 OR P.1.17.1,Gamma,3.07142857142857,0,0
2022-02-26,2,0,3.14285714285714,0,0,0.000150636025436569,0.53558324304295,P.1 OR P.1.1 OR P.1.2 OR P.1.3 OR P.1.4 OR P.1.5 OR P.1.6 OR P.1.7 OR P.1.7.1 OR P.1.8 OR P.1.9 OR P.1.10 OR P.1.10.1 OR P.1.10.2 OR P.1.11 OR P.1.12 OR P.1.12.1 OR P.1.13 OR P.1.14 OR P.1.15 OR P.1.16 OR P.1.17 OR P.1.17.1,Gamma,2.85714285714286,0,0
2022-02-27,2,0,3.28571428571429,0,0,0.000150636025436569,0.53558324304295,P.1 OR P.1.1 OR P.1.2 OR P.1.3 OR P.1.4 OR P.1.5 OR P.1.6 OR P.1.7 OR P.1.7.1 OR P.1.8 OR P.1.9 OR P.1.10 OR P.1.10.1 OR P.1.10.2 OR P.1.11 OR P.1.12 OR P.1.12.1 OR P.1.13 OR P.1.14 OR P.1.15 OR P.1.16 OR P.1.17 OR P.1.17.1,Gamma,2.85714285714286,0,0
2022-03-01,2,0,2.33333333333333,0,0,0.000216908470030966,0.666821754401209,P.1 OR P.1.1 OR P.1.2 OR P.1.3 OR P.1.4 OR P.1.5 OR P.1.6 OR P.1.7 OR P.1.7.1 OR P.1.8 OR P.1.9 OR P.1.10 OR P.1.10.1 OR P.1.10.2 OR P.1.11 OR P.1.12 OR P.1.12.1 OR P.1.13 OR P.1.14 OR P.1.15 OR P.1.16 OR P.1.17 OR P.1.17.1,Gamma,2.78571428571429,0,0
2022-03-02,4,0,2.66666666666667,0,0,0.000150636025436569,0.53558324304295,P.1 OR P.1.1 OR P.1.2 OR P.1.3 OR P.1.4 OR P.1.5 OR P.1.6 OR P.1.7 OR P.1.7.1 OR P.1.8 OR P.1.9 OR P.1.10 OR P.1.10.1 OR P.1.10.2 OR P.1.11 OR P.1.12 OR P.1.12.1 OR P.1.13 OR P.1.14 OR P.1.15 OR P.1.16 OR P.1.17 OR P.1.17.1,Gamma,2.71428571428571,0,0
2022-03-03,2,0,2.66666666666667,0,0,0.000150636025436569,0.53558324304295,P.1 OR P.1.1 OR P.1.2 OR P.1.3 OR P.1.4 OR P.1.5 OR P.1.6 OR P.1.7 OR P.1.7.1 OR P.1.8 OR P.1.9 OR P.1.10 OR P.1.10.1 OR P.1.10.2 OR P.1.11 OR P.1.12 OR P.1.12.1 OR P.1.13 OR P.1.14 OR P.1.15 OR P.1.16 OR P.1.17 OR P.1.17.1,Gamma,2.64285714285714,0,0
2022-03-04,3,0,2.5,0,0,0.000216908470030966,0.666821754401209,P.1 OR P.1.1 OR P.1.2 OR P.1.3 OR P.1.4 OR P.1.5 OR P.1.6 OR P.1.7 OR P.1.7.1 OR P.1.8 OR P.1.9 OR P.1.10 OR P.1.10.1 OR P.1.10.2 OR P.1.11 OR P.1.12 OR P.1.12.1 OR P.1.13 OR P.1.14 OR P.1.15 OR P.1.16 OR P.1.17 OR P.1.17.1,Gamma,2.78571428571429,0,0
2022-03-05,2,0,2.5,0,0,0.000216908470030966,0.666821754401209,P.1 OR P.1.1 OR P.1.2 OR P.1.3 OR P.1.4 OR P.1.5 OR P.1.6 OR P.1.7 OR P.1.7.1 OR P.1.8 OR P.1.9 OR P.1.10 OR P.1.10.1 OR P.1.10.2 OR P.1.11 OR P.1.12 OR P.1.12.1 OR P.1.13 OR P.1.14 OR P.1.15 OR P.1.16 OR P.1.17 OR P.1.17.1,Gamma,2.78571428571429,0,0
2022-03-06,1,0,2.33333333333333,0,0,0.000216908470030966,0.666821754401209,P.1 OR P.1.1 OR P.1.2 OR P.1.3 OR P.1.4 OR P.1.5 OR P.1.6 OR P.1.7 OR P.1.7.1 OR P.1.8 OR P.1.9 OR P.1.10 OR P.1.10.1 OR P.1.10.2 OR P.1.11 OR P.1.12 OR P.1.12.1 OR P.1.13 OR P.1.14 OR P.1.15 OR P.1.16 OR P.1.17 OR P.1.17.1,Gamma,2.71428571428571,0,0
2022-03-07,7,0,3,0,0,0.000150636025436569,0.53558324304295,P.1 OR P.1.1 OR P.1.2 OR P.1.3 OR P.1.4 OR P.1.5 OR P.1.6 OR P.1.7 OR P.1.7.1 OR P.1.8 OR P.1.9 OR P.1.10 OR P.1.10.1 OR P.1.10.2 OR P.1.11 OR P.1.12 OR P.1.12.1 OR P.1.13 OR P.1.14 OR P.1.15 OR P.1.16 OR P.1.17 OR P.1.17.1,Gamma,3.14285714285714,0,0
2022-03-08,2,0,3,0,0,0.000150636025436569,0.53558324304295,P.1 OR P.1.1 OR P.1.2 OR P.1.3 OR P.1.4 OR P.1.5 OR P.1.6 OR P.1.7 OR P.1.7.1 OR P.1.8 OR P.1.9 OR P.1.10 OR P.1.10.1 OR P.1.10.2 OR P.1.11 OR P.1.12 OR P.1.12.1 OR P.1.13 OR P.1.14 OR P.1.15 OR P.1.16 OR P.1.17 OR P.1.17.1,Gamma,3.07142857142857,0,0
2022-03-09,4,0,3,0,0,0.000150636025436569,0.53558324304295,P.1 OR P.1.1 OR P.1.2 OR P.1.3 OR P.1.4 OR P.1.5 OR P.1.6 OR P.1.7 OR P.1.7.1 OR P.1.8 OR P.1.9 OR P.1.10 OR P.1.10.1 OR P.1.10.2 OR P.1.11 OR P.1.12 OR P.1.12.1 OR P.1.13 OR P.1.14 OR P.1.15 OR P.1.16 OR P.1.17 OR P.1.17.1,Gamma,2.78571428571429,0,0
2022-03-10,8,0,3.85714285714286,0,0,0.000115332788238275,0.44476261765764,P.1 OR P.1.1 OR P.1.2 OR P.1.3 OR P.1.4 OR P.1.5 OR P.1.6 OR P.1.7 OR P.1.7.1 OR P.1.8 OR P.1.9 OR P.1.10 OR P.1.10.1 OR P.1.10.2 OR P.1.11 OR P.1.12 OR P.1.12.1 OR P.1.13 OR P.1.14 OR P.1.15 OR P.1.16 OR P.1.17 OR P.1.17.1,Gamma,3.21428571428571,0,0
2022-03-11,3,0,3.85714285714286,0,0,0.000115332788238275,0.44476261765764,P.1 OR P.1.1 OR P.1.2 OR P.1.3 OR P.1.4 OR P.1.5 OR P.1.6 OR P.1.7 OR P.1.7.1 OR P.1.8 OR P.1.9 OR P.1.10 OR P.1.10.1 OR P.1.10.2 OR P.1.11 OR P.1.12 OR P.1.12.1 OR P.1.13 OR P.1.14 OR P.1.15 OR P.1.16 OR P.1.17 OR P.1.17.1,Gamma,3.28571428571429,0,0
2022-03-12,2,0,3.85714285714286,0,0,0.000115332788238275,0.44476261765764,P.1 OR P.1.1 OR P.1.2 OR P.1.3 OR P.1.4 OR P.1.5 OR P.1.6 OR P.1.7 OR P.1.7.1 OR P.1.8 OR P.1.9 OR P.1.10 OR P.1.10.1 OR P.1.10.2 OR P.1.11 OR P.1.12 OR P.1.12.1 OR P.1.13 OR P.1.14 OR P.1.15 OR P.1.16 OR P.1.17 OR P.1.17.1,Gamma,3.14285714285714,0,0
2022-03-13,2,0,4,0,0,0.000115332788238275,0.44476261765764,P.1 OR P.1.1 OR P.1.2 OR P.1.3 OR P.1.4 OR P.1.5 OR P.1.6 OR P.1.7 OR P.1.7.1 OR P.1.8 OR P.1.9 OR P.1.10 OR P.1.10.1 OR P.1.10.2 OR P.1.11 OR P.1.12 OR P.1.12.1 OR P.1.13 OR P.1.14 OR P.1.15 OR P.1.16 OR P.1.17 OR P.1.17.1,Gamma,3.14285714285714,0,0
2022-03-14,22,0,6.14285714285714,0,0,7.84998483662082e-05,0.33038890915155,P.1 OR P.1.1 OR P.1.2 OR P.1.3 OR P.1.4 OR P.1.5 OR P.1.6 OR P.1.7 OR P.1.7.1 OR P.1.8 OR P.1.9 OR P.1.10 OR P.1.10.1 OR P.1.10.2 OR P.1.11 OR P.1.12 OR P.1.12.1 OR P.1.13 OR P.1.14 OR P.1.15 OR P.1.16 OR P.1.17 OR P.1.17.1,Gamma,4.57142857142857,0,0
2022-03-15,20,0,8.71428571428571,0,0,5.3064053418493e-05,0.237610098632903,P.1 OR P.1.1 OR P.1.2 OR P.1.3 OR P.1.4 OR P.1.5 OR P.1.6 OR P.1.7 OR P.1.7.1 OR P.1.8 OR P.1.9 OR P.1.10 OR P.1.10.1 OR P.1.10.2 OR P.1.11 OR P.1.12 OR P.1.12.1 OR P.1.13 OR P.1.14 OR P.1.15 OR P.1.16 OR P.1.17 OR P.1.17.1,Gamma,5.85714285714286,0,0
2022-03-16,14,0,10.1428571428571,0,0,4.7890433157582e-05,0.217196267509211,P.1 OR P.1.1 OR P.1.2 OR P.1.3 OR P.1.4 OR P.1.5 OR P.1.6 OR P.1.7 OR P.1.7.1 OR P.1.8 OR P.1.9 OR P.1.10 OR P.1.10.1 OR P.1.10.2 OR P.1.11 OR P.1.12 OR P.1.12.1 OR P.1.13 OR P.1.14 OR P.1.15 OR P.1.16 OR P.1.17 OR P.1.17.1,Gamma,6.57142857142857,0,0
2022-03-18,2,0,10.3333333333333,0,0,4.7890433157582e-05,0.217196267509211,P.1 OR P.1.1 OR P.1.2 OR P.1.3 OR P.1.4 OR P.1.5 OR P.1.6 OR P.1.7 OR P.1.7.1 OR P.1.8 OR P.1.9 OR P.1.10 OR P.1.10.1 OR P.1.10.2 OR P.1.11 OR P.1.12 OR P.1.12.1 OR P.1.13 OR P.1.14 OR P.1.15 OR P.1.16 OR P.1.17 OR P.1.17.1,Gamma,6.57142857142857,0,0
2022-03-19,1,0,10.1666666666667,0,0,4.7890433157582e-05,0.217196267509211,P.1 OR P.1.1 OR P.1.2 OR P.1.3 OR P.1.4 OR P.1.5 OR P.1.6 OR P.1.7 OR P.1.7.1 OR P.1.8 OR P.1.9 OR P.1.10 OR P.1.10.1 OR P.1.10.2 OR P.1.11 OR P.1.12 OR P.1.12.1 OR P.1.13 OR P.1.14 OR P.1.15 OR P.1.16 OR P.1.17 OR P.1.17.1,Gamma,6.42857142857143,0,0
2022-03-21,6,0,8.6,0,0,5.3064053418493e-05,0.237610098632903,P.1 OR P.1.1 OR P.1.2 OR P.1.3 OR P.1.4 OR P.1.5 OR P.1.6 OR P.1.7 OR P.1.7.1 OR P.1.8 OR P.1.9 OR P.1.10 OR P.1.10.1 OR P.1.10.2 OR P.1.11 OR P.1.12 OR P.1.12.1 OR P.1.13 OR P.1.14 OR P.1.15 OR P.1.16 OR P.1.17 OR P.1.17.1,Gamma,6.71428571428571,0,0
2022-03-22,1,0,4.8,0,0,9.34206000395449e-05,0.379377142299039,P.1 OR P.1.1 OR P.1.2 OR P.1.3 OR P.1.4 OR P.1.5 OR P.1.6 OR P.1.7 OR P.1.7.1 OR P.1.8 OR P.1.9 OR P.1.10 OR P.1.10.1 OR P.1.10.2 OR P.1.11 OR P.1.12 OR P.1.12.1 OR P.1.13 OR P.1.14 OR P.1.15 OR P.1.16 OR P.1.17 OR P.1.17.1,Gamma,6.71428571428571,0,0
2022-03-23,1,0,2.2,0,0,0.000216908470030966,0.666821754401209,P.1 OR P.1.1 OR P.1.2 OR P.1.3 OR P.1.4 OR P.1.5 OR P.1.6 OR P.1.7 OR P.1.7.1 OR P.1.8 OR P.1.9 OR P.1.10 OR P.1.10.1 OR P.1.10.2 OR P.1.11 OR P.1.12 OR P.1.12.1 OR P.1.13 OR P.1.14 OR P.1.15 OR P.1.16 OR P.1.17 OR P.1.17.1,Gamma,6.28571428571429,0,0
2022-03-25,2,0,2.2,0,0,0.000216908470030966,0.666821754401209,P.1 OR P.1.1 OR P.1.2 OR P.1.3 OR P.1.4 OR P.1.5 OR P.1.6 OR P.1.7 OR P.1.7.1 OR P.1.8 OR P.1.9 OR P.1.10 OR P.1.10.1 OR P.1.10.2 OR P.1.11 OR P.1.12 OR P.1.12.1 OR P.1.13 OR P.1.14 OR P.1.15 OR P.1.16 OR P.1.17 OR P.1.17.1,Gamma,6.28571428571429,0,0
2022-03-26,1,0,2.2,0,0,0.000216908470030966,0.666821754401209,P.1 OR P.1.1 OR P.1.2 OR P.1.3 OR P.1.4 OR P.1.5 OR P.1.6 OR P.1.7 OR P.1.7.1 OR P.1.8 OR P.1.9 OR P.1.10 OR P.1.10.1 OR P.1.10.2 OR P.1.11 OR P.1.12 OR P.1.12.1 OR P.1.13 OR P.1.14 OR P.1.15 OR P.1.16 OR P.1.17 OR P.1.17.1,Gamma,6.07142857142857,0,0
2022-03-28,7,0,2.4,0,0,0.000216908470030966,0.666821754401209,P.1 OR P.1.1 OR P.1.2 OR P.1.3 OR P.1.4 OR P.1.5 OR P.1.6 OR P.1.7 OR P.1.7.1 OR P.1.8 OR P.1.9 OR P.1.10 OR P.1.10.1 OR P.1.10.2 OR P.1.11 OR P.1.12 OR P.1.12.1 OR P.1.13 OR P.1.14 OR P.1.15 OR P.1.16 OR P.1.17 OR P.1.17.1,Gamma,6,0,0
2022-03-29,1,0,2.4,0,0,0.000216908470030966,0.666821754401209,P.1 OR P.1.1 OR P.1.2 OR P.1.3 OR P.1.4 OR P.1.5 OR P.1.6 OR P.1.7 OR P.1.7.1 OR P.1.8 OR P.1.9 OR P.1.10 OR P.1.10.1 OR P.1.10.2 OR P.1.11 OR P.1.12 OR P.1.12.1 OR P.1.13 OR P.1.14 OR P.1.15 OR P.1.16 OR P.1.17 OR P.1.17.1,Gamma,5.85714285714286,0,0
2022-03-30,3,0,2.8,0,0,0.000150636025436569,0.53558324304295,P.1 OR P.1.1 OR P.1.2 OR P.1.3 OR P.1.4 OR P.1.5 OR P.1.6 OR P.1.7 OR P.1.7.1 OR P.1.8 OR P.1.9 OR P.1.10 OR P.1.10.1 OR P.1.10.2 OR P.1.11 OR P.1.12 OR P.1.12.1 OR P.1.13 OR P.1.14 OR P.1.15 OR P.1.16 OR P.1.17 OR P.1.17.1,Gamma,5.92857142857143,0,0
2022-03-31,5,0,3.16666666666667,0,0,0.000150636025436569,0.53558324304295,P.1 OR P.1.1 OR P.1.2 OR P.1.3 OR P.1.4 OR P.1.5 OR P.1.6 OR P.1.7 OR P.1.7.1 OR P.1.8 OR P.1.9 OR P.1.10 OR P.1.10.1 OR P.1.10.2 OR P.1.11 OR P.1.12 OR P.1.12.1 OR P.1.13 OR P.1.14 OR P.1.15 OR P.1.16 OR P.1.17 OR P.1.17.1,Gamma,6.14285714285714,0,0
2022-04-01,2,0,3.16666666666667,0,0,0.000150636025436569,0.53558324304295,P.1 OR P.1.1 OR P.1.2 OR P.1.3 OR P.1.4 OR P.1.5 OR P.1.6 OR P.1.7 OR P.1.7.1 OR P.1.8 OR P.1.9 OR P.1.10 OR P.1.10.1 OR P.1.10.2 OR P.1.11 OR P.1.12 OR P.1.12.1 OR P.1.13 OR P.1.14 OR P.1.15 OR P.1.16 OR P.1.17 OR P.1.17.1,Gamma,4.71428571428571,0,0
2022-04-02,1,0,3.16666666666667,0,0,0.000150636025436569,0.53558324304295,P.1 OR P.1.1 OR P.1.2 OR P.1.3 OR P.1.4 OR P.1.5 OR P.1.6 OR P.1.7 OR P.1.7.1 OR P.1.8 OR P.1.9 OR P.1.10 OR P.1.10.1 OR P.1.10.2 OR P.1.11 OR P.1.12 OR P.1.12.1 OR P.1.13 OR P.1.14 OR P.1.15 OR P.1.16 OR P.1.17 OR P.1.17.1,Gamma,3.35714285714286,0,0
2022-04-03,1,0,2.85714285714286,0,0,0.000150636025436569,0.53558324304295,P.1 OR P.1.1 OR P.1.2 OR P.1.3 OR P.1.4 OR P.1.5 OR P.1.6 OR P.1.7 OR P.1.7.1 OR P.1.8 OR P.1.9 OR P.1.10 OR P.1.10.1 OR P.1.10.2 OR P.1.11 OR P.1.12 OR P.1.12.1 OR P.1.13 OR P.1.14 OR P.1.15 OR P.1.16 OR P.1.17 OR P.1.17.1,Gamma,2.42857142857143,0,0
2022-04-04,2,0,2.14285714285714,0,0,0.000216908470030966,0.666821754401209,P.1 OR P.1.1 OR P.1.2 OR P.1.3 OR P.1.4 OR P.1.5 OR P.1.6 OR P.1.7 OR P.1.7.1 OR P.1.8 OR P.1.9 OR P.1.10 OR P.1.10.1 OR P.1.10.2 OR P.1.11 OR P.1.12 OR P.1.12.1 OR P.1.13 OR P.1.14 OR P.1.15 OR P.1.16 OR P.1.17 OR P.1.17.1,Gamma,2.42857142857143,0,0
2022-04-05,2,0,2.28571428571429,0,0,0.000216908470030966,0.666821754401209,P.1 OR P.1.1 OR P.1.2 OR P.1.3 OR P.1.4 OR P.1.5 OR P.1.6 OR P.1.7 OR P.1.7.1 OR P.1.8 OR P.1.9 OR P.1.10 OR P.1.10.1 OR P.1.10.2 OR P.1.11 OR P.1.12 OR P.1.12.1 OR P.1.13 OR P.1.14 OR P.1.15 OR P.1.16 OR P.1.17 OR P.1.17.1,Gamma,2.5,0,0
2022-04-06,1,0,2,0,0,0.000216908470030966,0.666821754401209,P.1 OR P.1.1 OR P.1.2 OR P.1.3 OR P.1.4 OR P.1.5 OR P.1.6 OR P.1.7 OR P.1.7.1 OR P.1.8 OR P.1.9 OR P.1.10 OR P.1.10.1 OR P.1.10.2 OR P.1.11 OR P.1.12 OR P.1.12.1 OR P.1.13 OR P.1.14 OR P.1.15 OR P.1.16 OR P.1.17 OR P.1.17.1,Gamma,2.14285714285714,0,0
2022-04-07,2,0,1.57142857142857,0,0,0.000216908470030966,0.666821754401209,P.1 OR P.1.1 OR P.1.2 OR P.1.3 OR P.1.4 OR P.1.5 OR P.1.6 OR P.1.7 OR P.1.7.1 OR P.1.8 OR P.1.9 OR P.1.10 OR P.1.10.1 OR P.1.10.2 OR P.1.11 OR P.1.12 OR P.1.12.1 OR P.1.13 OR P.1.14 OR P.1.15 OR P.1.16 OR P.1.17 OR P.1.17.1,Gamma,2.21428571428571,0,0
2022-04-08,1,0,1.42857142857143,0,0,0.000385580980755902,0.853253683690425,P.1 OR P.1.1 OR P.1.2 OR P.1.3 OR P.1.4 OR P.1.5 OR P.1.6 OR P.1.7 OR P.1.7.1 OR P.1.8 OR P.1.9 OR P.1.10 OR P.1.10.1 OR P.1.10.2 OR P.1.11 OR P.1.12 OR P.1.12.1 OR P.1.13 OR P.1.14 OR P.1.15 OR P.1.16 OR P.1.17 OR P.1.17.1,Gamma,2.21428571428571,0,0
2022-04-09,1,0,1.42857142857143,0,0,0.000385580980755902,0.853253683690425,P.1 OR P.1.1 OR P.1.2 OR P.1.3 OR P.1.4 OR P.1.5 OR P.1.6 OR P.1.7 OR P.1.7.1 OR P.1.8 OR P.1.9 OR P.1.10 OR P.1.10.1 OR P.1.10.2 OR P.1.11 OR P.1.12 OR P.1.12.1 OR P.1.13 OR P.1.14 OR P.1.15 OR P.1.16 OR P.1.17 OR P.1.17.1,Gamma,2.14285714285714,0,0
2022-04-10,1,0,1.42857142857143,0,0,0.000385580980755902,0.853253683690425,P.1 OR P.1.1 OR P.1.2 OR P.1.3 OR P.1.4 OR P.1.5 OR P.1.6 OR P.1.7 OR P.1.7.1 OR P.1.8 OR P.1.9 OR P.1.10 OR P.1.10.1 OR P.1.10.2 OR P.1.11 OR P.1.12 OR P.1.12.1 OR P.1.13 OR P.1.14 OR P.1.15 OR P.1.16 OR P.1.17 OR P.1.17.1,Gamma,2.14285714285714,0,0
2022-04-11,3,0,1.57142857142857,0,0,0.000216908470030966,0.666821754401209,P.1 OR P.1.1 OR P.1.2 OR P.1.3 OR P.1.4 OR P.1.5 OR P.1.6 OR P.1.7 OR P.1.7.1 OR P.1.8 OR P.1.9 OR P.1.10 OR P.1.10.1 OR P.1.10.2 OR P.1.11 OR P.1.12 OR P.1.12.1 OR P.1.13 OR P.1.14 OR P.1.15 OR P.1.16 OR P.1.17 OR P.1.17.1,Gamma,1.85714285714286,0,0
2022-04-12,1,0,1.42857142857143,0,0,0.000385580980755902,0.853253683690425,P.1 OR P.1.1 OR P.1.2 OR P.1.3 OR P.1.4 OR P.1.5 OR P.1.6 OR P.1.7 OR P.1.7.1 OR P.1.8 OR P.1.9 OR P.1.10 OR P.1.10.1 OR P.1.10.2 OR P.1.11 OR P.1.12 OR P.1.12.1 OR P.1.13 OR P.1.14 OR P.1.15 OR P.1.16 OR P.1.17 OR P.1.17.1,Gamma,1.85714285714286,0,0
2022-04-13,4,0,1.85714285714286,0,0,0.000216908470030966,0.666821754401209,P.1 OR P.1.1 OR P.1.2 OR P.1.3 OR P.1.4 OR P.1.5 OR P.1.6 OR P.1.7 OR P.1.7.1 OR P.1.8 OR P.1.9 OR P.1.10 OR P.1.10.1 OR P.1.10.2 OR P.1.11 OR P.1.12 OR P.1.12.1 OR P.1.13 OR P.1.14 OR P.1.15 OR P.1.16 OR P.1.17 OR P.1.17.1,Gamma,1.92857142857143,0,0
2022-04-15,1,0,1.83333333333333,0,0,0.000216908470030966,0.666821754401209,P.1 OR P.1.1 OR P.1.2 OR P.1.3 OR P.1.4 OR P.1.5 OR P.1.6 OR P.1.7 OR P.1.7.1 OR P.1.8 OR P.1.9 OR P.1.10 OR P.1.10.1 OR P.1.10.2 OR P.1.11 OR P.1.12 OR P.1.12.1 OR P.1.13 OR P.1.14 OR P.1.15 OR P.1.16 OR P.1.17 OR P.1.17.1,Gamma,1.64285714285714,0,0
2022-04-16,1,0,1.83333333333333,0,0,0.000216908470030966,0.666821754401209,P.1 OR P.1.1 OR P.1.2 OR P.1.3 OR P.1.4 OR P.1.5 OR P.1.6 OR P.1.7 OR P.1.7.1 OR P.1.8 OR P.1.9 OR P.1.10 OR P.1.10.1 OR P.1.10.2 OR P.1.11 OR P.1.12 OR P.1.12.1 OR P.1.13 OR P.1.14 OR P.1.15 OR P.1.16 OR P.1.17 OR P.1.17.1,Gamma,1.57142857142857,0,0
2022-04-18,1,0,1.6,0,0,0.000216908470030966,0.666821754401209,P.1 OR P.1.1 OR P.1.2 OR P.1.3 OR P.1.4 OR P.1.5 OR P.1.6 OR P.1.7 OR P.1.7.1 OR P.1.8 OR P.1.9 OR P.1.10 OR P.1.10.1 OR P.1.10.2 OR P.1.11 OR P.1.12 OR P.1.12.1 OR P.1.13 OR P.1.14 OR P.1.15 OR P.1.16 OR P.1.17 OR P.1.17.1,Gamma,1.57142857142857,0,0
2022-04-19,3,0,2,0,0,0.000216908470030966,0.666821754401209,P.1 OR P.1.1 OR P.1.2 OR P.1.3 OR P.1.4 OR P.1.5 OR P.1.6 OR P.1.7 OR P.1.7.1 OR P.1.8 OR P.1.9 OR P.1.10 OR P.1.10.1 OR P.1.10.2 OR P.1.11 OR P.1.12 OR P.1.12.1 OR P.1.13 OR P.1.14 OR P.1.15 OR P.1.16 OR P.1.17 OR P.1.17.1,Gamma,1.71428571428571,0,0
2022-04-20,1,0,1.4,0,0,0.000385580980755902,0.853253683690425,P.1 OR P.1.1 OR P.1.2 OR P.1.3 OR P.1.4 OR P.1.5 OR P.1.6 OR P.1.7 OR P.1.7.1 OR P.1.8 OR P.1.9 OR P.1.10 OR P.1.10.1 OR P.1.10.2 OR P.1.11 OR P.1.12 OR P.1.12.1 OR P.1.13 OR P.1.14 OR P.1.15 OR P.1.16 OR P.1.17 OR P.1.17.1,Gamma,1.64285714285714,0,0
2022-04-22,3,0,1.8,0,0,0.000216908470030966,0.666821754401209,P.1 OR P.1.1 OR P.1.2 OR P.1.3 OR P.1.4 OR P.1.5 OR P.1.6 OR P.1.7 OR P.1.7.1 OR P.1.8 OR P.1.9 OR P.1.10 OR P.1.10.1 OR P.1.10.2 OR P.1.11 OR P.1.12 OR P.1.12.1 OR P.1.13 OR P.1.14 OR P.1.15 OR P.1.16 OR P.1.17 OR P.1.17.1,Gamma,1.71428571428571,0,0
2022-04-23,1,0,1.8,0,0,0.000216908470030966,0.666821754401209,P.1 OR P.1.1 OR P.1.2 OR P.1.3 OR P.1.4 OR P.1.5 OR P.1.6 OR P.1.7 OR P.1.7.1 OR P.1.8 OR P.1.9 OR P.1.10 OR P.1.10.1 OR P.1.10.2 OR P.1.11 OR P.1.12 OR P.1.12.1 OR P.1.13 OR P.1.14 OR P.1.15 OR P.1.16 OR P.1.17 OR P.1.17.1,Gamma,1.71428571428571,0,0
2022-04-25,1,0,1.8,0,0,0.000216908470030966,0.666821754401209,P.1 OR P.1.1 OR P.1.2 OR P.1.3 OR P.1.4 OR P.1.5 OR P.1.6 OR P.1.7 OR P.1.7.1 OR P.1.8 OR P.1.9 OR P.1.10 OR P.1.10.1 OR P.1.10.2 OR P.1.11 OR P.1.12 OR P.1.12.1 OR P.1.13 OR P.1.14 OR P.1.15 OR P.1.16 OR P.1.17 OR P.1.17.1,Gamma,1.64285714285714,0,0
2022-05-02,1,0,1,0,0,0.000385580980755902,0.853253683690425,P.1 OR P.1.1 OR P.1.2 OR P.1.3 OR P.1.4 OR P.1.5 OR P.1.6 OR P.1.7 OR P.1.7.1 OR P.1.8 OR P.1.9 OR P.1.10 OR P.1.10.1 OR P.1.10.2 OR P.1.11 OR P.1.12 OR P.1.12.1 OR P.1.13 OR P.1.14 OR P.1.15 OR P.1.16 OR P.1.17 OR P.1.17.1,Gamma,1.64285714285714,0,0
2022-05-04,4,0,2.5,0,0,0.000216908470030966,0.666821754401209,P.1 OR P.1.1 OR P.1.2 OR P.1.3 OR P.1.4 OR P.1.5 OR P.1.6 OR P.1.7 OR P.1.7.1 OR P.1.8 OR P.1.9 OR P.1.10 OR P.1.10.1 OR P.1.10.2 OR P.1.11 OR P.1.12 OR P.1.12.1 OR P.1.13 OR P.1.14 OR P.1.15 OR P.1.16 OR P.1.17 OR P.1.17.1,Gamma,1.85714285714286,0,0
2022-05-05,23,0,9.33333333333333,0,0,5.3064053418493e-05,0.237610098632903,P.1 OR P.1.1 OR P.1.2 OR P.1.3 OR P.1.4 OR P.1.5 OR P.1.6 OR P.1.7 OR P.1.7.1 OR P.1.8 OR P.1.9 OR P.1.10 OR P.1.10.1 OR P.1.10.2 OR P.1.11 OR P.1.12 OR P.1.12.1 OR P.1.13 OR P.1.14 OR P.1.15 OR P.1.16 OR P.1.17 OR P.1.17.1,Gamma,3.42857142857143,0,0
2022-05-06,3,0,7.75,0,0,5.94903028944023e-05,0.262217248717186,P.1 OR P.1.1 OR P.1.2 OR P.1.3 OR P.1.4 OR P.1.5 OR P.1.6 OR P.1.7 OR P.1.7.1 OR P.1.8 OR P.1.9 OR P.1.10 OR P.1.10.1 OR P.1.10.2 OR P.1.11 OR P.1.12 OR P.1.12.1 OR P.1.13 OR P.1.14 OR P.1.15 OR P.1.16 OR P.1.17 OR P.1.17.1,Gamma,3.42857142857143,0,0
2022-05-07,2,0,6.6,0,0,6.76864642438304e-05,0.29243617366231,P.1 OR P.1.1 OR P.1.2 OR P.1.3 OR P.1.4 OR P.1.5 OR P.1.6 OR P.1.7 OR P.1.7.1 OR P.1.8 OR P.1.9 OR P.1.10 OR P.1.10.1 OR P.1.10.2 OR P.1.11 OR P.1.12 OR P.1.12.1 OR P.1.13 OR P.1.14 OR P.1.15 OR P.1.16 OR P.1.17 OR P.1.17.1,Gamma,3.5,0,0
2022-05-09,12,0,8.8,0,0,5.3064053418493e-05,0.237610098632903,P.1 OR P.1.1 OR P.1.2 OR P.1.3 OR P.1.4 OR P.1.5 OR P.1.6 OR P.1.7 OR P.1.7.1 OR P.1.8 OR P.1.9 OR P.1.10 OR P.1.10.1 OR P.1.10.2 OR P.1.11 OR P.1.12 OR P.1.12.1 OR P.1.13 OR P.1.14 OR P.1.15 OR P.1.16 OR P.1.17 OR P.1.17.1,Gamma,4.07142857142857,0,0
2022-05-10,11,0,9.16666666666667,0,0,5.3064053418493e-05,0.237610098632903,P.1 OR P.1.1 OR P.1.2 OR P.1.3 OR P.1.4 OR P.1.5 OR P.1.6 OR P.1.7 OR P.1.7.1 OR P.1.8 OR P.1.9 OR P.1.10 OR P.1.10.1 OR P.1.10.2 OR P.1.11 OR P.1.12 OR P.1.12.1 OR P.1.13 OR P.1.14 OR P.1.15 OR P.1.16 OR P.1.17 OR P.1.17.1,Gamma,4.78571428571429,0,0
2022-05-11,9,0,10,0,0,4.7890433157582e-05,0.217196267509211,P.1 OR P.1.1 OR P.1.2 OR P.1.3 OR P.1.4 OR P.1.5 OR P.1.6 OR P.1.7 OR P.1.7.1 OR P.1.8 OR P.1.9 OR P.1.10 OR P.1.10.1 OR P.1.10.2 OR P.1.11 OR P.1.12 OR P.1.12.1 OR P.1.13 OR P.1.14 OR P.1.15 OR P.1.16 OR P.1.17 OR P.1.17.1,Gamma,5.35714285714286,0,0
2022-05-12,1,0,6.33333333333333,0,0,7.84998483662082e-05,0.33038890915155,P.1 OR P.1.1 OR P.1.2 OR P.1.3 OR P.1.4 OR P.1.5 OR P.1.6 OR P.1.7 OR P.1.7.1 OR P.1.8 OR P.1.9 OR P.1.10 OR P.1.10.1 OR P.1.10.2 OR P.1.11 OR P.1.12 OR P.1.12.1 OR P.1.13 OR P.1.14 OR P.1.15 OR P.1.16 OR P.1.17 OR P.1.17.1,Gamma,5.35714285714286,0,0
2022-05-13,11,0,7.66666666666667,0,0,5.94903028944023e-05,0.262217248717186,P.1 OR P.1.1 OR P.1.2 OR P.1.3 OR P.1.4 OR P.1.5 OR P.1.6 OR P.1.7 OR P.1.7.1 OR P.1.8 OR P.1.9 OR P.1.10 OR P.1.10.1 OR P.1.10.2 OR P.1.11 OR P.1.12 OR P.1.12.1 OR P.1.13 OR P.1.14 OR P.1.15 OR P.1.16 OR P.1.17 OR P.1.17.1,Gamma,5.92857142857143,0,0
2022-05-14,4,0,8,0,0,5.94903028944023e-05,0.262217248717186,P.1 OR P.1.1 OR P.1.2 OR P.1.3 OR P.1.4 OR P.1.5 OR P.1.6 OR P.1.7 OR P.1.7.1 OR P.1.8 OR P.1.9 OR P.1.10 OR P.1.10.1 OR P.1.10.2 OR P.1.11 OR P.1.12 OR P.1.12.1 OR P.1.13 OR P.1.14 OR P.1.15 OR P.1.16 OR P.1.17 OR P.1.17.1,Gamma,6.14285714285714,0,0
2022-05-15,9,0,8.14285714285714,0,0,5.94903028944023e-05,0.262217248717186,P.1 OR P.1.1 OR P.1.2 OR P.1.3 OR P.1.4 OR P.1.5 OR P.1.6 OR P.1.7 OR P.1.7.1 OR P.1.8 OR P.1.9 OR P.1.10 OR P.1.10.1 OR P.1.10.2 OR P.1.11 OR P.1.12 OR P.1.12.1 OR P.1.13 OR P.1.14 OR P.1.15 OR P.1.16 OR P.1.17 OR P.1.17.1,Gamma,6.57142857142857,0,0
2022-05-16,8,0,7.57142857142857,0,0,5.94903028944023e-05,0.262217248717186,P.1 OR P.1.1 OR P.1.2 OR P.1.3 OR P.1.4 OR P.1.5 OR P.1.6 OR P.1.7 OR P.1.7.1 OR P.1.8 OR P.1.9 OR P.1.10 OR P.1.10.1 OR P.1.10.2 OR P.1.11 OR P.1.12 OR P.1.12.1 OR P.1.13 OR P.1.14 OR P.1.15 OR P.1.16 OR P.1.17 OR P.1.17.1,Gamma,7.07142857142857,0,0
2022-05-17,10,0,7.42857142857143,0,0,6.76864642438304e-05,0.29243617366231,P.1 OR P.1.1 OR P.1.2 OR P.1.3 OR P.1.4 OR P.1.5 OR P.1.6 OR P.1.7 OR P.1.7.1 OR P.1.8 OR P.1.9 OR P.1.10 OR P.1.10.1 OR P.1.10.2 OR P.1.11 OR P.1.12 OR P.1.12.1 OR P.1.13 OR P.1.14 OR P.1.15 OR P.1.16 OR P.1.17 OR P.1.17.1,Gamma,7.71428571428571,0,0
2022-05-18,5,0,6.85714285714286,0,0,6.76864642438304e-05,0.29243617366231,P.1 OR P.1.1 OR P.1.2 OR P.1.3 OR P.1.4 OR P.1.5 OR P.1.6 OR P.1.7 OR P.1.7.1 OR P.1.8 OR P.1.9 OR P.1.10 OR P.1.10.1 OR P.1.10.2 OR P.1.11 OR P.1.12 OR P.1.12.1 OR P.1.13 OR P.1.14 OR P.1.15 OR P.1.16 OR P.1.17 OR P.1.17.1,Gamma,8,0,0
2022-05-19,8,0,7.85714285714286,0,0,5.94903028944023e-05,0.262217248717186,P.1 OR P.1.1 OR P.1.2 OR P.1.3 OR P.1.4 OR P.1.5 OR P.1.6 OR P.1.7 OR P.1.7.1 OR P.1.8 OR P.1.9 OR P.1.10 OR P.1.10.1 OR P.1.10.2 OR P.1.11 OR P.1.12 OR P.1.12.1 OR P.1.13 OR P.1.14 OR P.1.15 OR P.1.16 OR P.1.17 OR P.1.17.1,Gamma,8.28571428571429,0,0
2022-05-20,3,0,6.71428571428571,0,0,6.76864642438304e-05,0.29243617366231,P.1 OR P.1.1 OR P.1.2 OR P.1.3 OR P.1.4 OR P.1.5 OR P.1.6 OR P.1.7 OR P.1.7.1 OR P.1.8 OR P.1.9 OR P.1.10 OR P.1.10.1 OR P.1.10.2 OR P.1.11 OR P.1.12 OR P.1.12.1 OR P.1.13 OR P.1.14 OR P.1.15 OR P.1.16 OR P.1.17 OR P.1.17.1,Gamma,6.85714285714286,0,0
2022-05-21,4,0,6.71428571428571,0,0,6.76864642438304e-05,0.29243617366231,P.1 OR P.1.1 OR P.1.2 OR P.1.3 OR P.1.4 OR P.1.5 OR P.1.6 OR P.1.7 OR P.1.7.1 OR P.1.8 OR P.1.9 OR P.1.10 OR P.1.10.1 OR P.1.10.2 OR P.1.11 OR P.1.12 OR P.1.12.1 OR P.1.13 OR P.1.14 OR P.1.15 OR P.1.16 OR P.1.17 OR P.1.17.1,Gamma,6.92857142857143,0,0
2022-05-22,1,0,5.57142857142857,0,0,7.84998483662082e-05,0.33038890915155,P.1 OR P.1.1 OR P.1.2 OR P.1.3 OR P.1.4 OR P.1.5 OR P.1.6 OR P.1.7 OR P.1.7.1 OR P.1.8 OR P.1.9 OR P.1.10 OR P.1.10.1 OR P.1.10.2 OR P.1.11 OR P.1.12 OR P.1.12.1 OR P.1.13 OR P.1.14 OR P.1.15 OR P.1.16 OR P.1.17 OR P.1.17.1,Gamma,6.85714285714286,0,0
2022-05-23,5,0,5.14285714285714,0,0,9.34206000395449e-05,0.379377142299039,P.1 OR P.1.1 OR P.1.2 OR P.1.3 OR P.1.4 OR P.1.5 OR P.1.6 OR P.1.7 OR P.1.7.1 OR P.1.8 OR P.1.9 OR P.1.10 OR P.1.10.1 OR P.1.10.2 OR P.1.11 OR P.1.12 OR P.1.12.1 OR P.1.13 OR P.1.14 OR P.1.15 OR P.1.16 OR P.1.17 OR P.1.17.1,Gamma,6.35714285714286,0,0
2022-05-24,6,0,4.57142857142857,0,0,9.34206000395449e-05,0.379377142299039,P.1 OR P.1.1 OR P.1.2 OR P.1.3 OR P.1.4 OR P.1.5 OR P.1.6 OR P.1.7 OR P.1.7.1 OR P.1.8 OR P.1.9 OR P.1.10 OR P.1.10.1 OR P.1.10.2 OR P.1.11 OR P.1.12 OR P.1.12.1 OR P.1.13 OR P.1.14 OR P.1.15 OR P.1.16 OR P.1.17 OR P.1.17.1,Gamma,6,0,0
2022-05-25,1,0,4,0,0,0.000115332788238275,0.44476261765764,P.1 OR P.1.1 OR P.1.2 OR P.1.3 OR P.1.4 OR P.1.5 OR P.1.6 OR P.1.7 OR P.1.7.1 OR P.1.8 OR P.1.9 OR P.1.10 OR P.1.10.1 OR P.1.10.2 OR P.1.11 OR P.1.12 OR P.1.12.1 OR P.1.13 OR P.1.14 OR P.1.15 OR P.1.16 OR P.1.17 OR P.1.17.1,Gamma,5.42857142857143,0,0
2022-05-26,2,0,3.14285714285714,0,0,0.000150636025436569,0.53558324304295,P.1 OR P.1.1 OR P.1.2 OR P.1.3 OR P.1.4 OR P.1.5 OR P.1.6 OR P.1.7 OR P.1.7.1 OR P.1.8 OR P.1.9 OR P.1.10 OR P.1.10.1 OR P.1.10.2 OR P.1.11 OR P.1.12 OR P.1.12.1 OR P.1.13 OR P.1.14 OR P.1.15 OR P.1.16 OR P.1.17 OR P.1.17.1,Gamma,5.5,0,0
2022-05-27,6,0,3.57142857142857,0,0,0.000115332788238275,0.44476261765764,P.1 OR P.1.1 OR P.1.2 OR P.1.3 OR P.1.4 OR P.1.5 OR P.1.6 OR P.1.7 OR P.1.7.1 OR P.1.8 OR P.1.9 OR P.1.10 OR P.1.10.1 OR P.1.10.2 OR P.1.11 OR P.1.12 OR P.1.12.1 OR P.1.13 OR P.1.14 OR P.1.15 OR P.1.16 OR P.1.17 OR P.1.17.1,Gamma,5.14285714285714,0,0
2022-05-28,4,0,3.57142857142857,0,0,0.000115332788238275,0.44476261765764,P.1 OR P.1.1 OR P.1.2 OR P.1.3 OR P.1.4 OR P.1.5 OR P.1.6 OR P.1.7 OR P.1.7.1 OR P.1.8 OR P.1.9 OR P.1.10 OR P.1.10.1 OR P.1.10.2 OR P.1.11 OR P.1.12 OR P.1.12.1 OR P.1.13 OR P.1.14 OR P.1.15 OR P.1.16 OR P.1.17 OR P.1.17.1,Gamma,5.14285714285714,0,0
2022-05-29,7,0,4.42857142857143,0,0,0.000115332788238275,0.44476261765764,P.1 OR P.1.1 OR P.1.2 OR P.1.3 OR P.1.4 OR P.1.5 OR P.1.6 OR P.1.7 OR P.1.7.1 OR P.1.8 OR P.1.9 OR P.1.10 OR P.1.10.1 OR P.1.10.2 OR P.1.11 OR P.1.12 OR P.1.12.1 OR P.1.13 OR P.1.14 OR P.1.15 OR P.1.16 OR P.1.17 OR P.1.17.1,Gamma,5,0,0
2022-05-30,5,0,4.42857142857143,0,0,0.000115332788238275,0.44476261765764,P.1 OR P.1.1 OR P.1.2 OR P.1.3 OR P.1.4 OR P.1.5 OR P.1.6 OR P.1.7 OR P.1.7.1 OR P.1.8 OR P.1.9 OR P.1.10 OR P.1.10.1 OR P.1.10.2 OR P.1.11 OR P.1.12 OR P.1.12.1 OR P.1.13 OR P.1.14 OR P.1.15 OR P.1.16 OR P.1.17 OR P.1.17.1,Gamma,4.78571428571429,0,0
2022-05-31,4,0,4.14285714285714,0,0,0.000115332788238275,0.44476261765764,P.1 OR P.1.1 OR P.1.2 OR P.1.3 OR P.1.4 OR P.1.5 OR P.1.6 OR P.1.7 OR P.1.7.1 OR P.1.8 OR P.1.9 OR P.1.10 OR P.1.10.1 OR P.1.10.2 OR P.1.11 OR P.1.12 OR P.1.12.1 OR P.1.13 OR P.1.14 OR P.1.15 OR P.1.16 OR P.1.17 OR P.1.17.1,Gamma,4.35714285714286,0,0
2022-06-01,13,0,5.85714285714286,0,0,7.84998483662082e-05,0.33038890915155,P.1 OR P.1.1 OR P.1.2 OR P.1.3 OR P.1.4 OR P.1.5 OR P.1.6 OR P.1.7 OR P.1.7.1 OR P.1.8 OR P.1.9 OR P.1.10 OR P.1.10.1 OR P.1.10.2 OR P.1.11 OR P.1.12 OR P.1.12.1 OR P.1.13 OR P.1.14 OR P.1.15 OR P.1.16 OR P.1.17 OR P.1.17.1,Gamma,4.92857142857143,0,0
2022-06-02,10,0,7,0,0,6.76864642438304e-05,0.29243617366231,P.1 OR P.1.1 OR P.1.2 OR P.1.3 OR P.1.4 OR P.1.5 OR P.1.6 OR P.1.7 OR P.1.7.1 OR P.1.8 OR P.1.9 OR P.1.10 OR P.1.10.1 OR P.1.10.2 OR P.1.11 OR P.1.12 OR P.1.12.1 OR P.1.13 OR P.1.14 OR P.1.15 OR P.1.16 OR P.1.17 OR P.1.17.1,Gamma,5.07142857142857,0,0
2022-06-03,20,0,9,0,0,5.3064053418493e-05,0.237610098632903,P.1 OR P.1.1 OR P.1.2 OR P.1.3 OR P.1.4 OR P.1.5 OR P.1.6 OR P.1.7 OR P.1.7.1 OR P.1.8 OR P.1.9 OR P.1.10 OR P.1.10.1 OR P.1.10.2 OR P.1.11 OR P.1.12 OR P.1.12.1 OR P.1.13 OR P.1.14 OR P.1.15 OR P.1.16 OR P.1.17 OR P.1.17.1,Gamma,6.28571428571429,0,0
2022-06-04,6,0,9.28571428571429,0,0,5.3064053418493e-05,0.237610098632903,P.1 OR P.1.1 OR P.1.2 OR P.1.3 OR P.1.4 OR P.1.5 OR P.1.6 OR P.1.7 OR P.1.7.1 OR P.1.8 OR P.1.9 OR P.1.10 OR P.1.10.1 OR P.1.10.2 OR P.1.11 OR P.1.12 OR P.1.12.1 OR P.1.13 OR P.1.14 OR P.1.15 OR P.1.16 OR P.1.17 OR P.1.17.1,Gamma,6.42857142857143,0,0
2022-06-05,6,0,9.14285714285714,0,0,5.3064053418493e-05,0.237610098632903,P.1 OR P.1.1 OR P.1.2 OR P.1.3 OR P.1.4 OR P.1.5 OR P.1.6 OR P.1.7 OR P.1.7.1 OR P.1.8 OR P.1.9 OR P.1.10 OR P.1.10.1 OR P.1.10.2 OR P.1.11 OR P.1.12 OR P.1.12.1 OR P.1.13 OR P.1.14 OR P.1.15 OR P.1.16 OR P.1.17 OR P.1.17.1,Gamma,6.78571428571429,0,0
2022-06-06,12,0,10.1428571428571,0,0,4.7890433157582e-05,0.217196267509211,P.1 OR P.1.1 OR P.1.2 OR P.1.3 OR P.1.4 OR P.1.5 OR P.1.6 OR P.1.7 OR P.1.7.1 OR P.1.8 OR P.1.9 OR P.1.10 OR P.1.10.1 OR P.1.10.2 OR P.1.11 OR P.1.12 OR P.1.12.1 OR P.1.13 OR P.1.14 OR P.1.15 OR P.1.16 OR P.1.17 OR P.1.17.1,Gamma,7.28571428571429,0,0
2022-06-07,16,0,11.8571428571429,0,0,4.00753100765989e-05,0.185305938312485,P.1 OR P.1.1 OR P.1.2 OR P.1.3 OR P.1.4 OR P.1.5 OR P.1.6 OR P.1.7 OR P.1.7.1 OR P.1.8 OR P.1.9 OR P.1.10 OR P.1.10.1 OR P.1.10.2 OR P.1.11 OR P.1.12 OR P.1.12.1 OR P.1.13 OR P.1.14 OR P.1.15 OR P.1.16 OR P.1.17 OR P.1.17.1,Gamma,8,0,0
2022-06-08,18,0,12.5714285714286,0,0,3.70519332987658e-05,0.172619445282057,P.1 OR P.1.1 OR P.1.2 OR P.1.3 OR P.1.4 OR P.1.5 OR P.1.6 OR P.1.7 OR P.1.7.1 OR P.1.8 OR P.1.9 OR P.1.10 OR P.1.10.1 OR P.1.10.2 OR P.1.11 OR P.1.12 OR P.1.12.1 OR P.1.13 OR P.1.14 OR P.1.15 OR P.1.16 OR P.1.17 OR P.1.17.1,Gamma,9.21428571428571,0,0
2022-06-09,22,0,14.2857142857143,0,0,3.44526718020059e-05,0.161553304514194,P.1 OR P.1.1 OR P.1.2 OR P.1.3 OR P.1.4 OR P.1.5 OR P.1.6 OR P.1.7 OR P.1.7.1 OR P.1.8 OR P.1.9 OR P.1.10 OR P.1.10.1 OR P.1.10.2 OR P.1.11 OR P.1.12 OR P.1.12.1 OR P.1.13 OR P.1.14 OR P.1.15 OR P.1.16 OR P.1.17 OR P.1.17.1,Gamma,10.6428571428571,0,0
2022-06-10,14,0,13.4285714285714,0,0,3.70519332987658e-05,0.172619445282057,P.1 OR P.1.1 OR P.1.2 OR P.1.3 OR P.1.4 OR P.1.5 OR P.1.6 OR P.1.7 OR P.1.7.1 OR P.1.8 OR P.1.9 OR P.1.10 OR P.1.10.1 OR P.1.10.2 OR P.1.11 OR P.1.12 OR P.1.12.1 OR P.1.13 OR P.1.14 OR P.1.15 OR P.1.16 OR P.1.17 OR P.1.17.1,Gamma,11.2142857142857,0,0
2022-06-11,7,0,13.5714285714286,0,0,3.44526718020059e-05,0.161553304514194,P.1 OR P.1.1 OR P.1.2 OR P.1.3 OR P.1.4 OR P.1.5 OR P.1.6 OR P.1.7 OR P.1.7.1 OR P.1.8 OR P.1.9 OR P.1.10 OR P.1.10.1 OR P.1.10.2 OR P.1.11 OR P.1.12 OR P.1.12.1 OR P.1.13 OR P.1.14 OR P.1.15 OR P.1.16 OR P.1.17 OR P.1.17.1,Gamma,11.4285714285714,0,0
2022-06-12,6,0,13.5714285714286,0,0,3.44526718020059e-05,0.161553304514194,P.1 OR P.1.1 OR P.1.2 OR P.1.3 OR P.1.4 OR P.1.5 OR P.1.6 OR P.1.7 OR P.1.7.1 OR P.1.8 OR P.1.9 OR P.1.10 OR P.1.10.1 OR P.1.10.2 OR P.1.11 OR P.1.12 OR P.1.12.1 OR P.1.13 OR P.1.14 OR P.1.15 OR P.1.16 OR P.1.17 OR P.1.17.1,Gamma,11.3571428571429,0,0
2022-06-13,13,0,13.7142857142857,0,0,3.44526718020059e-05,0.161553304514194,P.1 OR P.1.1 OR P.1.2 OR P.1.3 OR P.1.4 OR P.1.5 OR P.1.6 OR P.1.7 OR P.1.7.1 OR P.1.8 OR P.1.9 OR P.1.10 OR P.1.10.1 OR P.1.10.2 OR P.1.11 OR P.1.12 OR P.1.12.1 OR P.1.13 OR P.1.14 OR P.1.15 OR P.1.16 OR P.1.17 OR P.1.17.1,Gamma,11.9285714285714,0,0
2022-06-14,12,0,13.1428571428571,0,0,3.70519332987658e-05,0.172619445282057,P.1 OR P.1.1 OR P.1.2 OR P.1.3 OR P.1.4 OR P.1.5 OR P.1.6 OR P.1.7 OR P.1.7.1 OR P.1.8 OR P.1.9 OR P.1.10 OR P.1.10.1 OR P.1.10.2 OR P.1.11 OR P.1.12 OR P.1.12.1 OR P.1.13 OR P.1.14 OR P.1.15 OR P.1.16 OR P.1.17 OR P.1.17.1,Gamma,12.5,0,0
2022-06-15,53,0,18.1428571428571,0,0,2.69031173009093e-05,0.12855821182176,P.1 OR P.1.1 OR P.1.2 OR P.1.3 OR P.1.4 OR P.1.5 OR P.1.6 OR P.1.7 OR P.1.7.1 OR P.1.8 OR P.1.9 OR P.1.10 OR P.1.10.1 OR P.1.10.2 OR P.1.11 OR P.1.12 OR P.1.12.1 OR P.1.13 OR P.1.14 OR P.1.15 OR P.1.16 OR P.1.17 OR P.1.17.1,Gamma,15.3571428571429,0,0
2022-06-16,10,0,16.4285714285714,0,0,3.02134799780236e-05,0.143184137931445,P.1 OR P.1.1 OR P.1.2 OR P.1.3 OR P.1.4 OR P.1.5 OR P.1.6 OR P.1.7 OR P.1.7.1 OR P.1.8 OR P.1.9 OR P.1.10 OR P.1.10.1 OR P.1.10.2 OR P.1.11 OR P.1.12 OR P.1.12.1 OR P.1.13 OR P.1.14 OR P.1.15 OR P.1.16 OR P.1.17 OR P.1.17.1,Gamma,15.3571428571429,0,0
2022-06-17,12,0,16.1428571428571,0,0,3.02134799780236e-05,0.143184137931445,P.1 OR P.1.1 OR P.1.2 OR P.1.3 OR P.1.4 OR P.1.5 OR P.1.6 OR P.1.7 OR P.1.7.1 OR P.1.8 OR P.1.9 OR P.1.10 OR P.1.10.1 OR P.1.10.2 OR P.1.11 OR P.1.12 OR P.1.12.1 OR P.1.13 OR P.1.14 OR P.1.15 OR P.1.16 OR P.1.17 OR P.1.17.1,Gamma,14.7857142857143,0,0
2022-06-18,6,0,16,0,0,3.02134799780236e-05,0.143184137931445,P.1 OR P.1.1 OR P.1.2 OR P.1.3 OR P.1.4 OR P.1.5 OR P.1.6 OR P.1.7 OR P.1.7.1 OR P.1.8 OR P.1.9 OR P.1.10 OR P.1.10.1 OR P.1.10.2 OR P.1.11 OR P.1.12 OR P.1.12.1 OR P.1.13 OR P.1.14 OR P.1.15 OR P.1.16 OR P.1.17 OR P.1.17.1,Gamma,14.7857142857143,0,0
2022-06-19,13,0,17,0,0,2.84623777231095e-05,0.135478437891689,P.1 OR P.1.1 OR P.1.2 OR P.1.3 OR P.1.4 OR P.1.5 OR P.1.6 OR P.1.7 OR P.1.7.1 OR P.1.8 OR P.1.9 OR P.1.10 OR P.1.10.1 OR P.1.10.2 OR P.1.11 OR P.1.12 OR P.1.12.1 OR P.1.13 OR P.1.14 OR P.1.15 OR P.1.16 OR P.1.17 OR P.1.17.1,Gamma,15.2857142857143,0,0
2022-06-20,18,0,17.7142857142857,0,0,2.69031173009093e-05,0.12855821182176,P.1 OR P.1.1 OR P.1.2 OR P.1.3 OR P.1.4 OR P.1.5 OR P.1.6 OR P.1.7 OR P.1.7.1 OR P.1.8 OR P.1.9 OR P.1.10 OR P.1.10.1 OR P.1.10.2 OR P.1.11 OR P.1.12 OR P.1.12.1 OR P.1.13 OR P.1.14 OR P.1.15 OR P.1.16 OR P.1.17 OR P.1.17.1,Gamma,15.7142857142857,0,0
2022-06-21,8,0,17.1428571428571,0,0,2.84623777231095e-05,0.135478437891689,P.1 OR P.1.1 OR P.1.2 OR P.1.3 OR P.1.4 OR P.1.5 OR P.1.6 OR P.1.7 OR P.1.7.1 OR P.1.8 OR P.1.9 OR P.1.10 OR P.1.10.1 OR P.1.10.2 OR P.1.11 OR P.1.12 OR P.1.12.1 OR P.1.13 OR P.1.14 OR P.1.15 OR P.1.16 OR P.1.17 OR P.1.17.1,Gamma,15.1428571428571,0,0
2022-06-22,11,0,11.1428571428571,0,0,4.36357981421897e-05,0.199994569026208,P.1 OR P.1.1 OR P.1.2 OR P.1.3 OR P.1.4 OR P.1.5 OR P.1.6 OR P.1.7 OR P.1.7.1 OR P.1.8 OR P.1.9 OR P.1.10 OR P.1.10.1 OR P.1.10.2 OR P.1.11 OR P.1.12 OR P.1.12.1 OR P.1.13 OR P.1.14 OR P.1.15 OR P.1.16 OR P.1.17 OR P.1.17.1,Gamma,14.6428571428571,0,0
2022-06-23,11,0,11.2857142857143,0,0,4.36357981421897e-05,0.199994569026208,P.1 OR P.1.1 OR P.1.2 OR P.1.3 OR P.1.4 OR P.1.5 OR P.1.6 OR P.1.7 OR P.1.7.1 OR P.1.8 OR P.1.9 OR P.1.10 OR P.1.10.1 OR P.1.10.2 OR P.1.11 OR P.1.12 OR P.1.12.1 OR P.1.13 OR P.1.14 OR P.1.15 OR P.1.16 OR P.1.17 OR P.1.17.1,Gamma,13.8571428571429,0,0
2022-06-24,9,0,10.8571428571429,0,0,4.36357981421897e-05,0.199994569026208,P.1 OR P.1.1 OR P.1.2 OR P.1.3 OR P.1.4 OR P.1.5 OR P.1.6 OR P.1.7 OR P.1.7.1 OR P.1.8 OR P.1.9 OR P.1.10 OR P.1.10.1 OR P.1.10.2 OR P.1.11 OR P.1.12 OR P.1.12.1 OR P.1.13 OR P.1.14 OR P.1.15 OR P.1.16 OR P.1.17 OR P.1.17.1,Gamma,13.5,0,0
2022-06-25,5,0,10.7142857142857,0,0,4.36357981421897e-05,0.199994569026208,P.1 OR P.1.1 OR P.1.2 OR P.1.3 OR P.1.4 OR P.1.5 OR P.1.6 OR P.1.7 OR P.1.7.1 OR P.1.8 OR P.1.9 OR P.1.10 OR P.1.10.1 OR P.1.10.2 OR P.1.11 OR P.1.12 OR P.1.12.1 OR P.1.13 OR P.1.14 OR P.1.15 OR P.1.16 OR P.1.17 OR P.1.17.1,Gamma,13.3571428571429,0,0
2022-06-26,3,0,9.28571428571429,0,0,5.3064053418493e-05,0.237610098632903,P.1 OR P.1.1 OR P.1.2 OR P.1.3 OR P.1.4 OR P.1.5 OR P.1.6 OR P.1.7 OR P.1.7.1 OR P.1.8 OR P.1.9 OR P.1.10 OR P.1.10.1 OR P.1.10.2 OR P.1.11 OR P.1.12 OR P.1.12.1 OR P.1.13 OR P.1.14 OR P.1.15 OR P.1.16 OR P.1.17 OR P.1.17.1,Gamma,13.1428571428571,0,0
2022-06-27,3,0,7.14285714285714,0,0,6.76864642438304e-05,0.29243617366231,P.1 OR P.1.1 OR P.1.2 OR P.1.3 OR P.1.4 OR P.1.5 OR P.1.6 OR P.1.7 OR P.1.7.1 OR P.1.8 OR P.1.9 OR P.1.10 OR P.1.10.1 OR P.1.10.2 OR P.1.11 OR P.1.12 OR P.1.12.1 OR P.1.13 OR P.1.14 OR P.1.15 OR P.1.16 OR P.1.17 OR P.1.17.1,Gamma,12.4285714285714,0,0
2022-06-28,9,0,7.28571428571429,0,0,6.76864642438304e-05,0.29243617366231,P.1 OR P.1.1 OR P.1.2 OR P.1.3 OR P.1.4 OR P.1.5 OR P.1.6 OR P.1.7 OR P.1.7.1 OR P.1.8 OR P.1.9 OR P.1.10 OR P.1.10.1 OR P.1.10.2 OR P.1.11 OR P.1.12 OR P.1.12.1 OR P.1.13 OR P.1.14 OR P.1.15 OR P.1.16 OR P.1.17 OR P.1.17.1,Gamma,12.2142857142857,0,0
2022-06-29,7,0,6.71428571428571,0,0,6.76864642438304e-05,0.29243617366231,P.1 OR P.1.1 OR P.1.2 OR P.1.3 OR P.1.4 OR P.1.5 OR P.1.6 OR P.1.7 OR P.1.7.1 OR P.1.8 OR P.1.9 OR P.1.10 OR P.1.10.1 OR P.1.10.2 OR P.1.11 OR P.1.12 OR P.1.12.1 OR P.1.13 OR P.1.14 OR P.1.15 OR P.1.16 OR P.1.17 OR P.1.17.1,Gamma,8.92857142857143,0,0
2022-06-30,5,0,5.85714285714286,0,0,7.84998483662082e-05,0.33038890915155,P.1 OR P.1.1 OR P.1.2 OR P.1.3 OR P.1.4 OR P.1.5 OR P.1.6 OR P.1.7 OR P.1.7.1 OR P.1.8 OR P.1.9 OR P.1.10 OR P.1.10.1 OR P.1.10.2 OR P.1.11 OR P.1.12 OR P.1.12.1 OR P.1.13 OR P.1.14 OR P.1.15 OR P.1.16 OR P.1.17 OR P.1.17.1,Gamma,8.57142857142857,0,0
2022-07-01,10,0,6,0,0,7.84998483662082e-05,0.33038890915155,P.1 OR P.1.1 OR P.1.2 OR P.1.3 OR P.1.4 OR P.1.5 OR P.1.6 OR P.1.7 OR P.1.7.1 OR P.1.8 OR P.1.9 OR P.1.10 OR P.1.10.1 OR P.1.10.2 OR P.1.11 OR P.1.12 OR P.1.12.1 OR P.1.13 OR P.1.14 OR P.1.15 OR P.1.16 OR P.1.17 OR P.1.17.1,Gamma,8.42857142857143,0,0
2022-07-02,10,0,6.71428571428571,0,0,6.76864642438304e-05,0.29243617366231,P.1 OR P.1.1 OR P.1.2 OR P.1.3 OR P.1.4 OR P.1.5 OR P.1.6 OR P.1.7 OR P.1.7.1 OR P.1.8 OR P.1.9 OR P.1.10 OR P.1.10.1 OR P.1.10.2 OR P.1.11 OR P.1.12 OR P.1.12.1 OR P.1.13 OR P.1.14 OR P.1.15 OR P.1.16 OR P.1.17 OR P.1.17.1,Gamma,8.71428571428571,0,0
2022-07-03,5,0,7,0,0,6.76864642438304e-05,0.29243617366231,P.1 OR P.1.1 OR P.1.2 OR P.1.3 OR P.1.4 OR P.1.5 OR P.1.6 OR P.1.7 OR P.1.7.1 OR P.1.8 OR P.1.9 OR P.1.10 OR P.1.10.1 OR P.1.10.2 OR P.1.11 OR P.1.12 OR P.1.12.1 OR P.1.13 OR P.1.14 OR P.1.15 OR P.1.16 OR P.1.17 OR P.1.17.1,Gamma,8.14285714285714,0,0
2022-07-04,10,0,8,0,0,5.94903028944023e-05,0.262217248717186,P.1 OR P.1.1 OR P.1.2 OR P.1.3 OR P.1.4 OR P.1.5 OR P.1.6 OR P.1.7 OR P.1.7.1 OR P.1.8 OR P.1.9 OR P.1.10 OR P.1.10.1 OR P.1.10.2 OR P.1.11 OR P.1.12 OR P.1.12.1 OR P.1.13 OR P.1.14 OR P.1.15 OR P.1.16 OR P.1.17 OR P.1.17.1,Gamma,7.57142857142857,0,0
2022-07-05,16,0,9,0,0,5.3064053418493e-05,0.237610098632903,P.1 OR P.1.1 OR P.1.2 OR P.1.3 OR P.1.4 OR P.1.5 OR P.1.6 OR P.1.7 OR P.1.7.1 OR P.1.8 OR P.1.9 OR P.1.10 OR P.1.10.1 OR P.1.10.2 OR P.1.11 OR P.1.12 OR P.1.12.1 OR P.1.13 OR P.1.14 OR P.1.15 OR P.1.16 OR P.1.17 OR P.1.17.1,Gamma,8.14285714285714,0,0
2022-07-06,25,0,11.5714285714286,0,0,4.00753100765989e-05,0.185305938312485,P.1 OR P.1.1 OR P.1.2 OR P.1.3 OR P.1.4 OR P.1.5 OR P.1.6 OR P.1.7 OR P.1.7.1 OR P.1.8 OR P.1.9 OR P.1.10 OR P.1.10.1 OR P.1.10.2 OR P.1.11 OR P.1.12 OR P.1.12.1 OR P.1.13 OR P.1.14 OR P.1.15 OR P.1.16 OR P.1.17 OR P.1.17.1,Gamma,9.14285714285714,0,0
2022-07-07,20,0,13.7142857142857,0,0,3.44526718020059e-05,0.161553304514194,P.1 OR P.1.1 OR P.1.2 OR P.1.3 OR P.1.4 OR P.1.5 OR P.1.6 OR P.1.7 OR P.1.7.1 OR P.1.8 OR P.1.9 OR P.1.10 OR P.1.10.1 OR P.1.10.2 OR P.1.11 OR P.1.12 OR P.1.12.1 OR P.1.13 OR P.1.14 OR P.1.15 OR P.1.16 OR P.1.17 OR P.1.17.1,Gamma,9.78571428571429,0,0
2022-07-08,15,0,14.4285714285714,0,0,3.44526718020059e-05,0.161553304514194,P.1 OR P.1.1 OR P.1.2 OR P.1.3 OR P.1.4 OR P.1.5 OR P.1.6 OR P.1.7 OR P.1.7.1 OR P.1.8 OR P.1.9 OR P.1.10 OR P.1.10.1 OR P.1.10.2 OR P.1.11 OR P.1.12 OR P.1.12.1 OR P.1.13 OR P.1.14 OR P.1.15 OR P.1.16 OR P.1.17 OR P.1.17.1,Gamma,10.2142857142857,0,0
2022-07-09,12,0,14.7142857142857,0,0,3.21941443237269e-05,0.151816662114398,P.1 OR P.1.1 OR P.1.2 OR P.1.3 OR P.1.4 OR P.1.5 OR P.1.6 OR P.1.7 OR P.1.7.1 OR P.1.8 OR P.1.9 OR P.1.10 OR P.1.10.1 OR P.1.10.2 OR P.1.11 OR P.1.12 OR P.1.12.1 OR P.1.13 OR P.1.14 OR P.1.15 OR P.1.16 OR P.1.17 OR P.1.17.1,Gamma,10.7142857142857,0,0
2022-07-10,9,0,15.2857142857143,0,0,3.21941443237269e-05,0.151816662114398,P.1 OR P.1.1 OR P.1.2 OR P.1.3 OR P.1.4 OR P.1.5 OR P.1.6 OR P.1.7 OR P.1.7.1 OR P.1.8 OR P.1.9 OR P.1.10 OR P.1.10.1 OR P.1.10.2 OR P.1.11 OR P.1.12 OR P.1.12.1 OR P.1.13 OR P.1.14 OR P.1.15 OR P.1.16 OR P.1.17 OR P.1.17.1,Gamma,11.1428571428571,0,0
2022-07-11,22,0,17,0,0,2.84623777231095e-05,0.135478437891689,P.1 OR P.1.1 OR P.1.2 OR P.1.3 OR P.1.4 OR P.1.5 OR P.1.6 OR P.1.7 OR P.1.7.1 OR P.1.8 OR P.1.9 OR P.1.10 OR P.1.10.1 OR P.1.10.2 OR P.1.11 OR P.1.12 OR P.1.12.1 OR P.1.13 OR P.1.14 OR P.1.15 OR P.1.16 OR P.1.17 OR P.1.17.1,Gamma,12.5,0,0
2022-07-12,9,0,16,0,0,3.02134799780236e-05,0.143184137931445,P.1 OR P.1.1 OR P.1.2 OR P.1.3 OR P.1.4 OR P.1.5 OR P.1.6 OR P.1.7 OR P.1.7.1 OR P.1.8 OR P.1.9 OR P.1.10 OR P.1.10.1 OR P.1.10.2 OR P.1.11 OR P.1.12 OR P.1.12.1 OR P.1.13 OR P.1.14 OR P.1.15 OR P.1.16 OR P.1.17 OR P.1.17.1,Gamma,12.5,0,0
2022-07-13,17,0,14.8571428571429,0,0,3.21941443237269e-05,0.151816662114398,P.1 OR P.1.1 OR P.1.2 OR P.1.3 OR P.1.4 OR P.1.5 OR P.1.6 OR P.1.7 OR P.1.7.1 OR P.1.8 OR P.1.9 OR P.1.10 OR P.1.10.1 OR P.1.10.2 OR P.1.11 OR P.1.12 OR P.1.12.1 OR P.1.13 OR P.1.14 OR P.1.15 OR P.1.16 OR P.1.17 OR P.1.17.1,Gamma,13.2142857142857,0,0
2022-07-14,15,0,14.1428571428571,0,0,3.44526718020059e-05,0.161553304514194,P.1 OR P.1.1 OR P.1.2 OR P.1.3 OR P.1.4 OR P.1.5 OR P.1.6 OR P.1.7 OR P.1.7.1 OR P.1.8 OR P.1.9 OR P.1.10 OR P.1.10.1 OR P.1.10.2 OR P.1.11 OR P.1.12 OR P.1.12.1 OR P.1.13 OR P.1.14 OR P.1.15 OR P.1.16 OR P.1.17 OR P.1.17.1,Gamma,13.9285714285714,0,0
2022-07-15,55,0,19.8571428571429,0,0,2.42464784592428e-05,0.116638982904875,P.1 OR P.1.1 OR P.1.2 OR P.1.3 OR P.1.4 OR P.1.5 OR P.1.6 OR P.1.7 OR P.1.7.1 OR P.1.8 OR P.1.9 OR P.1.10 OR P.1.10.1 OR P.1.10.2 OR P.1.11 OR P.1.12 OR P.1.12.1 OR P.1.13 OR P.1.14 OR P.1.15 OR P.1.16 OR P.1.17 OR P.1.17.1,Gamma,17.1428571428571,0,0
2022-07-16,4,0,18.7142857142857,0,0,2.55058126256953e-05,0.122309404319914,P.1 OR P.1.1 OR P.1.2 OR P.1.3 OR P.1.4 OR P.1.5 OR P.1.6 OR P.1.7 OR P.1.7.1 OR P.1.8 OR P.1.9 OR P.1.10 OR P.1.10.1 OR P.1.10.2 OR P.1.11 OR P.1.12 OR P.1.12.1 OR P.1.13 OR P.1.14 OR P.1.15 OR P.1.16 OR P.1.17 OR P.1.17.1,Gamma,16.7142857142857,0,0
2022-07-17,13,0,19.2857142857143,0,0,2.55058126256953e-05,0.122309404319914,P.1 OR P.1.1 OR P.1.2 OR P.1.3 OR P.1.4 OR P.1.5 OR P.1.6 OR P.1.7 OR P.1.7.1 OR P.1.8 OR P.1.9 OR P.1.10 OR P.1.10.1 OR P.1.10.2 OR P.1.11 OR P.1.12 OR P.1.12.1 OR P.1.13 OR P.1.14 OR P.1.15 OR P.1.16 OR P.1.17 OR P.1.17.1,Gamma,17.2857142857143,0,0
2022-07-18,14,0,18.1428571428571,0,0,2.69031173009093e-05,0.12855821182176,P.1 OR P.1.1 OR P.1.2 OR P.1.3 OR P.1.4 OR P.1.5 OR P.1.6 OR P.1.7 OR P.1.7.1 OR P.1.8 OR P.1.9 OR P.1.10 OR P.1.10.1 OR P.1.10.2 OR P.1.11 OR P.1.12 OR P.1.12.1 OR P.1.13 OR P.1.14 OR P.1.15 OR P.1.16 OR P.1.17 OR P.1.17.1,Gamma,17.5714285714286,0,0
2022-07-19,10,0,18.2857142857143,0,0,2.69031173009093e-05,0.12855821182176,P.1 OR P.1.1 OR P.1.2 OR P.1.3 OR P.1.4 OR P.1.5 OR P.1.6 OR P.1.7 OR P.1.7.1 OR P.1.8 OR P.1.9 OR P.1.10 OR P.1.10.1 OR P.1.10.2 OR P.1.11 OR P.1.12 OR P.1.12.1 OR P.1.13 OR P.1.14 OR P.1.15 OR P.1.16 OR P.1.17 OR P.1.17.1,Gamma,17.1428571428571,0,0
2022-07-20,12,0,17.5714285714286,0,0,2.69031173009093e-05,0.12855821182176,P.1 OR P.1.1 OR P.1.2 OR P.1.3 OR P.1.4 OR P.1.5 OR P.1.6 OR P.1.7 OR P.1.7.1 OR P.1.8 OR P.1.9 OR P.1.10 OR P.1.10.1 OR P.1.10.2 OR P.1.11 OR P.1.12 OR P.1.12.1 OR P.1.13 OR P.1.14 OR P.1.15 OR P.1.16 OR P.1.17 OR P.1.17.1,Gamma,16.2142857142857,0,0
2022-07-21,14,0,17.4285714285714,0,0,2.84623777231095e-05,0.135478437891689,P.1 OR P.1.1 OR P.1.2 OR P.1.3 OR P.1.4 OR P.1.5 OR P.1.6 OR P.1.7 OR P.1.7.1 OR P.1.8 OR P.1.9 OR P.1.10 OR P.1.10.1 OR P.1.10.2 OR P.1.11 OR P.1.12 OR P.1.12.1 OR P.1.13 OR P.1.14 OR P.1.15 OR P.1.16 OR P.1.17 OR P.1.17.1,Gamma,15.7857142857143,0,0
2022-07-22,17,0,12,0,0,4.00753100765989e-05,0.185305938312485,P.1 OR P.1.1 OR P.1.2 OR P.1.3 OR P.1.4 OR P.1.5 OR P.1.6 OR P.1.7 OR P.1.7.1 OR P.1.8 OR P.1.9 OR P.1.10 OR P.1.10.1 OR P.1.10.2 OR P.1.11 OR P.1.12 OR P.1.12.1 OR P.1.13 OR P.1.14 OR P.1.15 OR P.1.16 OR P.1.17 OR P.1.17.1,Gamma,15.9285714285714,0,0
2022-07-23,12,0,13.1428571428571,0,0,3.70519332987658e-05,0.172619445282057,P.1 OR P.1.1 OR P.1.2 OR P.1.3 OR P.1.4 OR P.1.5 OR P.1.6 OR P.1.7 OR P.1.7.1 OR P.1.8 OR P.1.9 OR P.1.10 OR P.1.10.1 OR P.1.10.2 OR P.1.11 OR P.1.12 OR P.1.12.1 OR P.1.13 OR P.1.14 OR P.1.15 OR P.1.16 OR P.1.17 OR P.1.17.1,Gamma,15.9285714285714,0,0
2022-07-24,5,0,12,0,0,4.00753100765989e-05,0.185305938312485,P.1 OR P.1.1 OR P.1.2 OR P.1.3 OR P.1.4 OR P.1.5 OR P.1.6 OR P.1.7 OR P.1.7.1 OR P.1.8 OR P.1.9 OR P.1.10 OR P.1.10.1 OR P.1.10.2 OR P.1.11 OR P.1.12 OR P.1.12.1 OR P.1.13 OR P.1.14 OR P.1.15 OR P.1.16 OR P.1.17 OR P.1.17.1,Gamma,15.6428571428571,0,0
2022-07-25,8,0,11.1428571428571,0,0,4.36357981421897e-05,0.199994569026208,P.1 OR P.1.1 OR P.1.2 OR P.1.3 OR P.1.4 OR P.1.5 OR P.1.6 OR P.1.7 OR P.1.7.1 OR P.1.8 OR P.1.9 OR P.1.10 OR P.1.10.1 OR P.1.10.2 OR P.1.11 OR P.1.12 OR P.1.12.1 OR P.1.13 OR P.1.14 OR P.1.15 OR P.1.16 OR P.1.17 OR P.1.17.1,Gamma,14.6428571428571,0,0
2022-07-26,14,0,11.7142857142857,0,0,4.00753100765989e-05,0.185305938312485,P.1 OR P.1.1 OR P.1.2 OR P.1.3 OR P.1.4 OR P.1.5 OR P.1.6 OR P.1.7 OR P.1.7.1 OR P.1.8 OR P.1.9 OR P.1.10 OR P.1.10.1 OR P.1.10.2 OR P.1.11 OR P.1.12 OR P.1.12.1 OR P.1.13 OR P.1.14 OR P.1.15 OR P.1.16 OR P.1.17 OR P.1.17.1,Gamma,15,0,0
2022-07-27,13,0,11.8571428571429,0,0,4.00753100765989e-05,0.185305938312485,P.1 OR P.1.1 OR P.1.2 OR P.1.3 OR P.1.4 OR P.1.5 OR P.1.6 OR P.1.7 OR P.1.7.1 OR P.1.8 OR P.1.9 OR P.1.10 OR P.1.10.1 OR P.1.10.2 OR P.1.11 OR P.1.12 OR P.1.12.1 OR P.1.13 OR P.1.14 OR P.1.15 OR P.1.16 OR P.1.17 OR P.1.17.1,Gamma,14.7142857142857,0,0
2022-07-28,8,0,11,0,0,4.36357981421897e-05,0.199994569026208,P.1 OR P.1.1 OR P.1.2 OR P.1.3 OR P.1.4 OR P.1.5 OR P.1.6 OR P.1.7 OR P.1.7.1 OR P.1.8 OR P.1.9 OR P.1.10 OR P.1.10.1 OR P.1.10.2 OR P.1.11 OR P.1.12 OR P.1.12.1 OR P.1.13 OR P.1.14 OR P.1.15 OR P.1.16 OR P.1.17 OR P.1.17.1,Gamma,14.2142857142857,0,0
2022-07-29,11,0,10.1428571428571,0,0,4.7890433157582e-05,0.217196267509211,P.1 OR P.1.1 OR P.1.2 OR P.1.3 OR P.1.4 OR P.1.5 OR P.1.6 OR P.1.7 OR P.1.7.1 OR P.1.8 OR P.1.9 OR P.1.10 OR P.1.10.1 OR P.1.10.2 OR P.1.11 OR P.1.12 OR P.1.12.1 OR P.1.13 OR P.1.14 OR P.1.15 OR P.1.16 OR P.1.17 OR P.1.17.1,Gamma,11.0714285714286,0,0
2022-07-30,4,0,9,0,0,5.3064053418493e-05,0.237610098632903,P.1 OR P.1.1 OR P.1.2 OR P.1.3 OR P.1.4 OR P.1.5 OR P.1.6 OR P.1.7 OR P.1.7.1 OR P.1.8 OR P.1.9 OR P.1.10 OR P.1.10.1 OR P.1.10.2 OR P.1.11 OR P.1.12 OR P.1.12.1 OR P.1.13 OR P.1.14 OR P.1.15 OR P.1.16 OR P.1.17 OR P.1.17.1,Gamma,11.0714285714286,0,0
2022-07-31,3,0,8.71428571428571,0,0,5.3064053418493e-05,0.237610098632903,P.1 OR P.1.1 OR P.1.2 OR P.1.3 OR P.1.4 OR P.1.5 OR P.1.6 OR P.1.7 OR P.1.7.1 OR P.1.8 OR P.1.9 OR P.1.10 OR P.1.10.1 OR P.1.10.2 OR P.1.11 OR P.1.12 OR P.1.12.1 OR P.1.13 OR P.1.14 OR P.1.15 OR P.1.16 OR P.1.17 OR P.1.17.1,Gamma,10.3571428571429,0,0
2022-08-01,7,0,8.57142857142857,0,0,5.3064053418493e-05,0.237610098632903,P.1 OR P.1.1 OR P.1.2 OR P.1.3 OR P.1.4 OR P.1.5 OR P.1.6 OR P.1.7 OR P.1.7.1 OR P.1.8 OR P.1.9 OR P.1.10 OR P.1.10.1 OR P.1.10.2 OR P.1.11 OR P.1.12 OR P.1.12.1 OR P.1.13 OR P.1.14 OR P.1.15 OR P.1.16 OR P.1.17 OR P.1.17.1,Gamma,9.85714285714286,0,0
2022-08-02,6,0,7.42857142857143,0,0,6.76864642438304e-05,0.29243617366231,P.1 OR P.1.1 OR P.1.2 OR P.1.3 OR P.1.4 OR P.1.5 OR P.1.6 OR P.1.7 OR P.1.7.1 OR P.1.8 OR P.1.9 OR P.1.10 OR P.1.10.1 OR P.1.10.2 OR P.1.11 OR P.1.12 OR P.1.12.1 OR P.1.13 OR P.1.14 OR P.1.15 OR P.1.16 OR P.1.17 OR P.1.17.1,Gamma,9.57142857142857,0,0
2022-08-03,12,0,7.28571428571429,0,0,6.76864642438304e-05,0.29243617366231,P.1 OR P.1.1 OR P.1.2 OR P.1.3 OR P.1.4 OR P.1.5 OR P.1.6 OR P.1.7 OR P.1.7.1 OR P.1.8 OR P.1.9 OR P.1.10 OR P.1.10.1 OR P.1.10.2 OR P.1.11 OR P.1.12 OR P.1.12.1 OR P.1.13 OR P.1.14 OR P.1.15 OR P.1.16 OR P.1.17 OR P.1.17.1,Gamma,9.57142857142857,0,0
2022-08-04,10,0,7.57142857142857,0,0,5.94903028944023e-05,0.262217248717186,P.1 OR P.1.1 OR P.1.2 OR P.1.3 OR P.1.4 OR P.1.5 OR P.1.6 OR P.1.7 OR P.1.7.1 OR P.1.8 OR P.1.9 OR P.1.10 OR P.1.10.1 OR P.1.10.2 OR P.1.11 OR P.1.12 OR P.1.12.1 OR P.1.13 OR P.1.14 OR P.1.15 OR P.1.16 OR P.1.17 OR P.1.17.1,Gamma,9.28571428571429,0,0
2022-08-05,7,0,7,0,0,6.76864642438304e-05,0.29243617366231,P.1 OR P.1.1 OR P.1.2 OR P.1.3 OR P.1.4 OR P.1.5 OR P.1.6 OR P.1.7 OR P.1.7.1 OR P.1.8 OR P.1.9 OR P.1.10 OR P.1.10.1 OR P.1.10.2 OR P.1.11 OR P.1.12 OR P.1.12.1 OR P.1.13 OR P.1.14 OR P.1.15 OR P.1.16 OR P.1.17 OR P.1.17.1,Gamma,8.57142857142857,0,0
2022-08-06,8,0,7.57142857142857,0,0,5.94903028944023e-05,0.262217248717186,P.1 OR P.1.1 OR P.1.2 OR P.1.3 OR P.1.4 OR P.1.5 OR P.1.6 OR P.1.7 OR P.1.7.1 OR P.1.8 OR P.1.9 OR P.1.10 OR P.1.10.1 OR P.1.10.2 OR P.1.11 OR P.1.12 OR P.1.12.1 OR P.1.13 OR P.1.14 OR P.1.15 OR P.1.16 OR P.1.17 OR P.1.17.1,Gamma,8.28571428571429,0,0
2022-08-07,5,0,7.85714285714286,0,0,5.94903028944023e-05,0.262217248717186,P.1 OR P.1.1 OR P.1.2 OR P.1.3 OR P.1.4 OR P.1.5 OR P.1.6 OR P.1.7 OR P.1.7.1 OR P.1.8 OR P.1.9 OR P.1.10 OR P.1.10.1 OR P.1.10.2 OR P.1.11 OR P.1.12 OR P.1.12.1 OR P.1.13 OR P.1.14 OR P.1.15 OR P.1.16 OR P.1.17 OR P.1.17.1,Gamma,8.28571428571429,0,0
2022-08-08,6,0,7.71428571428571,0,0,5.94903028944023e-05,0.262217248717186,P.1 OR P.1.1 OR P.1.2 OR P.1.3 OR P.1.4 OR P.1.5 OR P.1.6 OR P.1.7 OR P.1.7.1 OR P.1.8 OR P.1.9 OR P.1.10 OR P.1.10.1 OR P.1.10.2 OR P.1.11 OR P.1.12 OR P.1.12.1 OR P.1.13 OR P.1.14 OR P.1.15 OR P.1.16 OR P.1.17 OR P.1.17.1,Gamma,8.14285714285714,0,0
2022-08-09,4,0,7.42857142857143,0,0,6.76864642438304e-05,0.29243617366231,P.1 OR P.1.1 OR P.1.2 OR P.1.3 OR P.1.4 OR P.1.5 OR P.1.6 OR P.1.7 OR P.1.7.1 OR P.1.8 OR P.1.9 OR P.1.10 OR P.1.10.1 OR P.1.10.2 OR P.1.11 OR P.1.12 OR P.1.12.1 OR P.1.13 OR P.1.14 OR P.1.15 OR P.1.16 OR P.1.17 OR P.1.17.1,Gamma,7.42857142857143,0,0
2022-08-10,9,0,7,0,0,6.76864642438304e-05,0.29243617366231,P.1 OR P.1.1 OR P.1.2 OR P.1.3 OR P.1.4 OR P.1.5 OR P.1.6 OR P.1.7 OR P.1.7.1 OR P.1.8 OR P.1.9 OR P.1.10 OR P.1.10.1 OR P.1.10.2 OR P.1.11 OR P.1.12 OR P.1.12.1 OR P.1.13 OR P.1.14 OR P.1.15 OR P.1.16 OR P.1.17 OR P.1.17.1,Gamma,7.14285714285714,0,0
2022-08-11,14,0,7.57142857142857,0,0,5.94903028944023e-05,0.262217248717186,P.1 OR P.1.1 OR P.1.2 OR P.1.3 OR P.1.4 OR P.1.5 OR P.1.6 OR P.1.7 OR P.1.7.1 OR P.1.8 OR P.1.9 OR P.1.10 OR P.1.10.1 OR P.1.10.2 OR P.1.11 OR P.1.12 OR P.1.12.1 OR P.1.13 OR P.1.14 OR P.1.15 OR P.1.16 OR P.1.17 OR P.1.17.1,Gamma,7.57142857142857,0,0
2022-08-12,5,0,7.28571428571429,0,0,6.76864642438304e-05,0.29243617366231,P.1 OR P.1.1 OR P.1.2 OR P.1.3 OR P.1.4 OR P.1.5 OR P.1.6 OR P.1.7 OR P.1.7.1 OR P.1.8 OR P.1.9 OR P.1.10 OR P.1.10.1 OR P.1.10.2 OR P.1.11 OR P.1.12 OR P.1.12.1 OR P.1.13 OR P.1.14 OR P.1.15 OR P.1.16 OR P.1.17 OR P.1.17.1,Gamma,7.14285714285714,0,0
2022-08-14,3,0,6.83333333333333,0,0,6.76864642438304e-05,0.29243617366231,P.1 OR P.1.1 OR P.1.2 OR P.1.3 OR P.1.4 OR P.1.5 OR P.1.6 OR P.1.7 OR P.1.7.1 OR P.1.8 OR P.1.9 OR P.1.10 OR P.1.10.1 OR P.1.10.2 OR P.1.11 OR P.1.12 OR P.1.12.1 OR P.1.13 OR P.1.14 OR P.1.15 OR P.1.16 OR P.1.17 OR P.1.17.1,Gamma,7.07142857142857,0,0
2022-08-15,2,0,6.16666666666667,0,0,7.84998483662082e-05,0.33038890915155,P.1 OR P.1.1 OR P.1.2 OR P.1.3 OR P.1.4 OR P.1.5 OR P.1.6 OR P.1.7 OR P.1.7.1 OR P.1.8 OR P.1.9 OR P.1.10 OR P.1.10.1 OR P.1.10.2 OR P.1.11 OR P.1.12 OR P.1.12.1 OR P.1.13 OR P.1.14 OR P.1.15 OR P.1.16 OR P.1.17 OR P.1.17.1,Gamma,7,0,0
2022-08-16,7,0,6.66666666666667,0,0,6.76864642438304e-05,0.29243617366231,P.1 OR P.1.1 OR P.1.2 OR P.1.3 OR P.1.4 OR P.1.5 OR P.1.6 OR P.1.7 OR P.1.7.1 OR P.1.8 OR P.1.9 OR P.1.10 OR P.1.10.1 OR P.1.10.2 OR P.1.11 OR P.1.12 OR P.1.12.1 OR P.1.13 OR P.1.14 OR P.1.15 OR P.1.16 OR P.1.17 OR P.1.17.1,Gamma,7,0,0
2022-08-17,7,0,6.33333333333333,0,0,7.84998483662082e-05,0.33038890915155,P.1 OR P.1.1 OR P.1.2 OR P.1.3 OR P.1.4 OR P.1.5 OR P.1.6 OR P.1.7 OR P.1.7.1 OR P.1.8 OR P.1.9 OR P.1.10 OR P.1.10.1 OR P.1.10.2 OR P.1.11 OR P.1.12 OR P.1.12.1 OR P.1.13 OR P.1.14 OR P.1.15 OR P.1.16 OR P.1.17 OR P.1.17.1,Gamma,7.07142857142857,0,0
2022-08-18,3,0,4.5,0,0,0.000115332788238275,0.44476261765764,P.1 OR P.1.1 OR P.1.2 OR P.1.3 OR P.1.4 OR P.1.5 OR P.1.6 OR P.1.7 OR P.1.7.1 OR P.1.8 OR P.1.9 OR P.1.10 OR P.1.10.1 OR P.1.10.2 OR P.1.11 OR P.1.12 OR P.1.12.1 OR P.1.13 OR P.1.14 OR P.1.15 OR P.1.16 OR P.1.17 OR P.1.17.1,Gamma,6.42857142857143,0,0
2022-08-19,6,0,4.66666666666667,0,0,9.34206000395449e-05,0.379377142299039,P.1 OR P.1.1 OR P.1.2 OR P.1.3 OR P.1.4 OR P.1.5 OR P.1.6 OR P.1.7 OR P.1.7.1 OR P.1.8 OR P.1.9 OR P.1.10 OR P.1.10.1 OR P.1.10.2 OR P.1.11 OR P.1.12 OR P.1.12.1 OR P.1.13 OR P.1.14 OR P.1.15 OR P.1.16 OR P.1.17 OR P.1.17.1,Gamma,6.14285714285714,0,0
2022-08-20,4,0,4.57142857142857,0,0,9.34206000395449e-05,0.379377142299039,P.1 OR P.1.1 OR P.1.2 OR P.1.3 OR P.1.4 OR P.1.5 OR P.1.6 OR P.1.7 OR P.1.7.1 OR P.1.8 OR P.1.9 OR P.1.10 OR P.1.10.1 OR P.1.10.2 OR P.1.11 OR P.1.12 OR P.1.12.1 OR P.1.13 OR P.1.14 OR P.1.15 OR P.1.16 OR P.1.17 OR P.1.17.1,Gamma,5.92857142857143,0,0
2022-08-21,3,0,4.57142857142857,0,0,9.34206000395449e-05,0.379377142299039,P.1 OR P.1.1 OR P.1.2 OR P.1.3 OR P.1.4 OR P.1.5 OR P.1.6 OR P.1.7 OR P.1.7.1 OR P.1.8 OR P.1.9 OR P.1.10 OR P.1.10.1 OR P.1.10.2 OR P.1.11 OR P.1.12 OR P.1.12.1 OR P.1.13 OR P.1.14 OR P.1.15 OR P.1.16 OR P.1.17 OR P.1.17.1,Gamma,5.57142857142857,0,0
2022-08-22,3,0,4.71428571428571,0,0,9.34206000395449e-05,0.379377142299039,P.1 OR P.1.1 OR P.1.2 OR P.1.3 OR P.1.4 OR P.1.5 OR P.1.6 OR P.1.7 OR P.1.7.1 OR P.1.8 OR P.1.9 OR P.1.10 OR P.1.10.1 OR P.1.10.2 OR P.1.11 OR P.1.12 OR P.1.12.1 OR P.1.13 OR P.1.14 OR P.1.15 OR P.1.16 OR P.1.17 OR P.1.17.1,Gamma,5.42857142857143,0,0
2022-08-23,2,0,4,0,0,0.000115332788238275,0.44476261765764,P.1 OR P.1.1 OR P.1.2 OR P.1.3 OR P.1.4 OR P.1.5 OR P.1.6 OR P.1.7 OR P.1.7.1 OR P.1.8 OR P.1.9 OR P.1.10 OR P.1.10.1 OR P.1.10.2 OR P.1.11 OR P.1.12 OR P.1.12.1 OR P.1.13 OR P.1.14 OR P.1.15 OR P.1.16 OR P.1.17 OR P.1.17.1,Gamma,5.14285714285714,0,0
2022-08-24,5,0,3.71428571428571,0,0,0.000115332788238275,0.44476261765764,P.1 OR P.1.1 OR P.1.2 OR P.1.3 OR P.1.4 OR P.1.5 OR P.1.6 OR P.1.7 OR P.1.7.1 OR P.1.8 OR P.1.9 OR P.1.10 OR P.1.10.1 OR P.1.10.2 OR P.1.11 OR P.1.12 OR P.1.12.1 OR P.1.13 OR P.1.14 OR P.1.15 OR P.1.16 OR P.1.17 OR P.1.17.1,Gamma,5.21428571428571,0,0
2022-08-25,1,0,3.42857142857143,0,0,0.000150636025436569,0.53558324304295,P.1 OR P.1.1 OR P.1.2 OR P.1.3 OR P.1.4 OR P.1.5 OR P.1.6 OR P.1.7 OR P.1.7.1 OR P.1.8 OR P.1.9 OR P.1.10 OR P.1.10.1 OR P.1.10.2 OR P.1.11 OR P.1.12 OR P.1.12.1 OR P.1.13 OR P.1.14 OR P.1.15 OR P.1.16 OR P.1.17 OR P.1.17.1,Gamma,4.64285714285714,0,0
2022-08-27,2,0,2.66666666666667,0,0,0.000150636025436569,0.53558324304295,P.1 OR P.1.1 OR P.1.2 OR P.1.3 OR P.1.4 OR P.1.5 OR P.1.6 OR P.1.7 OR P.1.7.1 OR P.1.8 OR P.1.9 OR P.1.10 OR P.1.10.1 OR P.1.10.2 OR P.1.11 OR P.1.12 OR P.1.12.1 OR P.1.13 OR P.1.14 OR P.1.15 OR P.1.16 OR P.1.17 OR P.1.17.1,Gamma,3.78571428571429,0,0
2022-08-29,3,0,2.6,0,0,0.000150636025436569,0.53558324304295,P.1 OR P.1.1 OR P.1.2 OR P.1.3 OR P.1.4 OR P.1.5 OR P.1.6 OR P.1.7 OR P.1.7.1 OR P.1.8 OR P.1.9 OR P.1.10 OR P.1.10.1 OR P.1.10.2 OR P.1.11 OR P.1.12 OR P.1.12.1 OR P.1.13 OR P.1.14 OR P.1.15 OR P.1.16 OR P.1.17 OR P.1.17.1,Gamma,3.64285714285714,0,0
2022-08-30,1,0,2.4,0,0,0.000216908470030966,0.666821754401209,P.1 OR P.1.1 OR P.1.2 OR P.1.3 OR P.1.4 OR P.1.5 OR P.1.6 OR P.1.7 OR P.1.7.1 OR P.1.8 OR P.1.9 OR P.1.10 OR P.1.10.1 OR P.1.10.2 OR P.1.11 OR P.1.12 OR P.1.12.1 OR P.1.13 OR P.1.14 OR P.1.15 OR P.1.16 OR P.1.17 OR P.1.17.1,Gamma,3.5,0,0
2022-08-31,1,0,1.6,0,0,0.000216908470030966,0.666821754401209,P.1 OR P.1.1 OR P.1.2 OR P.1.3 OR P.1.4 OR P.1.5 OR P.1.6 OR P.1.7 OR P.1.7.1 OR P.1.8 OR P.1.9 OR P.1.10 OR P.1.10.1 OR P.1.10.2 OR P.1.11 OR P.1.12 OR P.1.12.1 OR P.1.13 OR P.1.14 OR P.1.15 OR P.1.16 OR P.1.17 OR P.1.17.1,Gamma,3.42857142857143,0,0
2022-09-01,2,0,1.8,0,0,0.000216908470030966,0.666821754401209,P.1 OR P.1.1 OR P.1.2 OR P.1.3 OR P.1.4 OR P.1.5 OR P.1.6 OR P.1.7 OR P.1.7.1 OR P.1.8 OR P.1.9 OR P.1.10 OR P.1.10.1 OR P.1.10.2 OR P.1.11 OR P.1.12 OR P.1.12.1 OR P.1.13 OR P.1.14 OR P.1.15 OR P.1.16 OR P.1.17 OR P.1.17.1,Gamma,3.07142857142857,0,0
2022-09-02,1,0,1.66666666666667,0,0,0.000216908470030966,0.666821754401209,P.1 OR P.1.1 OR P.1.2 OR P.1.3 OR P.1.4 OR P.1.5 OR P.1.6 OR P.1.7 OR P.1.7.1 OR P.1.8 OR P.1.9 OR P.1.10 OR P.1.10.1 OR P.1.10.2 OR P.1.11 OR P.1.12 OR P.1.12.1 OR P.1.13 OR P.1.14 OR P.1.15 OR P.1.16 OR P.1.17 OR P.1.17.1,Gamma,2.64285714285714,0,0
2022-09-05,1,0,1.2,0,0,0.000385580980755902,0.853253683690425,P.1 OR P.1.1 OR P.1.2 OR P.1.3 OR P.1.4 OR P.1.5 OR P.1.6 OR P.1.7 OR P.1.7.1 OR P.1.8 OR P.1.9 OR P.1.10 OR P.1.10.1 OR P.1.10.2 OR P.1.11 OR P.1.12 OR P.1.12.1 OR P.1.13 OR P.1.14 OR P.1.15 OR P.1.16 OR P.1.17 OR P.1.17.1,Gamma,2.5,0,0
2022-09-07,1,0,1.25,0,0,0.000385580980755902,0.853253683690425,P.1 OR P.1.1 OR P.1.2 OR P.1.3 OR P.1.4 OR P.1.5 OR P.1.6 OR P.1.7 OR P.1.7.1 OR P.1.8 OR P.1.9 OR P.1.10 OR P.1.10.1 OR P.1.10.2 OR P.1.11 OR P.1.12 OR P.1.12.1 OR P.1.13 OR P.1.14 OR P.1.15 OR P.1.16 OR P.1.17 OR P.1.17.1,Gamma,2.14285714285714,0,0
2022-09-08,2,0,1.25,0,0,0.000385580980755902,0.853253683690425,P.1 OR P.1.1 OR P.1.2 OR P.1.3 OR P.1.4 OR P.1.5 OR P.1.6 OR P.1.7 OR P.1.7.1 OR P.1.8 OR P.1.9 OR P.1.10 OR P.1.10.1 OR P.1.10.2 OR P.1.11 OR P.1.12 OR P.1.12.1 OR P.1.13 OR P.1.14 OR P.1.15 OR P.1.16 OR P.1.17 OR P.1.17.1,Gamma,2,0,0
2021-12-14,4,3,3.85714285714286,0.428571428571429,0.111111111111111,0.000115332788238275,0.44476261765764,B.1.1.529 OR BA.1 OR BA.1.1 OR BA.1.1.1 OR BA.1.1.2 OR BA.1.1.3 OR BA.1.1.4 OR BA.1.1.5 OR BA.1.1.6 OR BA.1.1.7 OR BA.1.1.8 OR BA.1.1.9 OR BA.1.1.10 OR BA.1.1.11 OR BA.1.1.12 OR BA.1.1.13 OR BA.1.1.14 OR BA.1.1.15 OR BA.1.1.16 OR BA.1.1.17 OR BA.1.1.18 OR BA.1.2 OR BA.1.3 OR BA.1.4 OR BA.1.5 OR BA.1.6 OR BA.1.7 OR BA.1.8 OR BA.1.9 OR BA.1.10 OR BA.1.12 OR BA.1.13 OR BA.1.13.1 OR BA.1.14 OR BA.1.14.1 OR BA.1.14.2 OR BA.1.15 OR BA.1.15.1 OR BA.1.15.2 OR BA.1.15.3 OR BA.1.16 OR BA.1.16.1 OR BA.1.16.2 OR BA.1.17 OR BA.1.17.1 OR BA.1.17.2 OR BA.1.18 OR BA.1.19 OR BA.1.20 OR BA.1.21 OR BA.1.21.1 OR BA.1.22 OR BA.1.23 OR BA.1.24 OR BA.2 OR BA.2.1 OR BA.2.2 OR BA.2.2.1 OR BA.2.3 OR BA.2.3.1 OR BA.2.3.2 OR BA.2.3.4 OR BA.2.3.5 OR BA.2.3.6 OR BA.2.3.7 OR BA.2.3.8 OR BA.2.3.9 OR BA.2.3.10 OR BA.2.3.11 OR BA.2.3.12 OR BA.2.3.13 OR BA.2.3.14 OR BA.2.3.15 OR BA.2.3.16 OR BA.2.3.17 OR BA.2.3.18 OR BA.2.3.19 OR BA.2.3.20 OR BA.2.3.21 OR BA.2.3.22 OR BA.2.4 OR BA.2.5 OR BA.2.6 OR BA.2.7 OR BA.2.8 OR BA.2.9 OR BA.2.9.1 OR BA.2.9.2 OR BA.2.9.3 OR BA.2.9.4 OR BA.2.9.5 OR BA.2.9.6 OR BA.2.9.7 OR BA.2.10 OR BA.2.10.1 OR BA.2.10.2 OR BA.2.10.3 OR BA.2.10.4 OR BA.2.11 OR BA.2.12 OR BA.2.12.1 OR BA.2.12.2 OR BA.2.13 OR BA.2.13.1 OR BA.2.14 OR BA.2.15 OR BA.2.16 OR BA.2.17 OR BA.2.18 OR BA.2.19 OR BA.2.20 OR BA.2.21 OR BA.2.22 OR BA.2.23 OR BA.2.23.1 OR BA.2.24 OR BA.2.25 OR BA.2.25.1 OR BA.2.26 OR BA.2.27 OR BA.2.28 OR BA.2.29 OR BA.2.30 OR BA.2.31 OR BA.2.31.1 OR BA.2.32 OR BA.2.33 OR BA.2.34 OR BA.2.35 OR BA.2.36 OR BA.2.37 OR BA.2.38 OR BA.2.38.1 OR BA.2.38.2 OR BA.2.38.3 OR BA.2.38.4 OR BA.2.39 OR BA.2.40 OR BA.2.40.1 OR BA.2.41 OR BA.2.42 OR BA.2.43 OR BA.2.44 OR BA.2.45 OR BA.2.46 OR BA.2.47 OR BA.2.48 OR BA.2.49 OR BA.2.50 OR BA.2.51 OR BA.2.52 OR BA.2.53 OR BA.2.54 OR BA.2.55 OR BA.2.56 OR BA.2.56.1 OR BA.2.57 OR BA.2.58 OR BA.2.59 OR BA.2.60 OR BA.2.61 OR BA.2.62 OR BA.2.63 OR BA.2.64 OR BA.2.65 OR BA.2.66 OR BA.2.67 OR BA.2.68 OR BA.2.69 OR BA.2.70 OR BA.2.71 OR BA.2.72 OR BA.2.73 OR BA.2.74 OR BA.2.75 OR BA.2.75.1 OR BA.2.75.2 OR BA.2.75.3 OR BA.2.75.4 OR BA.2.75.5 OR BA.2.75.6 OR BA.2.75.7 OR BA.2.75.8 OR BA.2.75.9 OR BA.2.75.10 OR BA.2.76 OR BA.2.76.1 OR BA.2.76.2 OR BA.2.77 OR BA.2.78 OR BA.2.79 OR BA.2.79.1 OR BA.2.80 OR BA.2.81 OR BA.2.82 OR BA.2.83 OR BA.2.85 OR BA.3 OR BA.3.1 OR BA.4 OR BA.4.1 OR BA.4.1.1 OR BA.4.1.2 OR BA.4.1.3 OR BA.4.1.4 OR BA.4.1.5 OR BA.4.1.6 OR BA.4.1.7 OR BA.4.1.8 OR BA.4.1.9 OR BA.4.1.10 OR BA.4.2 OR BA.4.3 OR BA.4.4 OR BA.4.5 OR BA.4.6 OR BA.4.6.1 OR BA.4.6.2 OR BA.4.6.3 OR BA.4.6.4 OR BA.4.6.5 OR BA.4.7 OR BA.4.8 OR BA.5 OR BA.5.1 OR BA.5.1.1 OR BA.5.1.2 OR BA.5.1.3 OR BA.5.1.4 OR BA.5.1.5 OR BA.5.1.6 OR BA.5.1.7 OR BA.5.1.8 OR BA.5.1.9 OR BA.5.1.10 OR BA.5.1.11 OR BA.5.1.12 OR BA.5.1.14 OR BA.5.1.15 OR BA.5.1.16 OR BA.5.1.17 OR BA.5.1.18 OR BA.5.1.19 OR BA.5.1.20 OR BA.5.1.21 OR BA.5.1.22 OR BA.5.1.23 OR BA.5.1.24 OR BA.5.1.25 OR BA.5.1.26 OR BA.5.1.27 OR BA.5.1.28 OR BA.5.1.29 OR BA.5.1.30 OR BA.5.1.31 OR BA.5.1.32 OR BA.5.2 OR BA.5.2.1 OR BA.5.2.2 OR BA.5.2.3 OR BA.5.2.4 OR BA.5.2.5 OR BA.5.2.6 OR BA.5.2.7 OR BA.5.2.8 OR BA.5.2.9 OR BA.5.2.10 OR BA.5.2.11 OR BA.5.2.12 OR BA.5.2.13 OR BA.5.2.14 OR BA.5.2.16 OR BA.5.2.18 OR BA.5.2.19 OR BA.5.2.20 OR BA.5.2.21 OR BA.5.2.22 OR BA.5.2.23 OR BA.5.2.24 OR BA.5.2.25 OR BA.5.2.26 OR BA.5.2.27 OR BA.5.2.28 OR BA.5.2.29 OR BA.5.2.30 OR BA.5.2.31 OR BA.5.2.32 OR BA.5.2.33 OR BA.5.2.34 OR BA.5.2.35 OR BA.5.2.36 OR BA.5.2.37 OR BA.5.2.38 OR BA.5.2.39 OR BA.5.2.40 OR BA.5.2.41 OR BA.5.2.42 OR BA.5.2.43 OR BA.5.2.44 OR BA.5.2.45 OR BA.5.2.46 OR BA.5.2.47 OR BA.5.2.48 OR BA.5.2.49 OR BA.5.3 OR BA.5.3.1 OR BA.5.3.2 OR BA.5.3.3 OR BA.5.3.4 OR BA.5.3.5 OR BA.5.5 OR BA.5.5.1 OR BA.5.5.2 OR BA.5.5.3 OR BA.5.6 OR BA.5.6.1 OR BA.5.6.2 OR BA.5.6.3 OR BA.5.6.4 OR BA.5.7 OR BA.5.8 OR BA.5.9 OR BA.5.10 OR BA.5.10.1 OR BA.5.11 OR BC.1 OR BC.2 OR BD.1 OR BE.1 OR BE.1.1 OR BE.1.1.1 OR BE.1.1.2 OR BE.1.2 OR BE.1.2.1 OR BE.1.3 OR BE.1.4 OR BE.1.4.1 OR BE.1.4.2 OR BE.1.4.3 OR BE.1.4.4 OR BE.2 OR BE.3 OR BE.4 OR BE.4.1 OR BE.4.1.1 OR BE.4.2 OR BE.5 OR BE.6 OR BE.7 OR BE.8 OR BE.9 OR BE.10 OR BF.1 OR BF.1.1 OR BF.2 OR BF.3 OR BF.3.1 OR BF.4 OR BF.5 OR BF.5.1 OR BF.5.2 OR BF.6 OR BF.7 OR BF.7.1 OR BF.7.2 OR BF.7.3 OR BF.7.4 OR BF.7.4.1 OR BF.7.4.2 OR BF.7.5 OR BF.7.5.1 OR BF.7.6 OR BF.7.7 OR BF.7.8 OR BF.7.9 OR BF.7.10 OR BF.7.11 OR BF.7.12 OR BF.7.13 OR BF.7.13.1 OR BF.7.13.2 OR BF.7.14 OR BF.7.15 OR BF.8 OR BF.9 OR BF.10 OR BF.10.1 OR BF.11 OR BF.11.1 OR BF.11.2 OR BF.11.3 OR BF.11.4 OR BF.11.5 OR BF.12 OR BF.13 OR BF.14 OR BF.15 OR BF.16 OR BF.17 OR BF.18 OR BF.19 OR BF.20 OR BF.21 OR BF.22 OR BF.23 OR BF.24 OR BF.25 OR BF.26 OR BF.27 OR BF.28 OR BF.29 OR BF.30 OR BF.31 OR BF.31.1 OR BF.32 OR BF.33 OR BF.34 OR BG.1 OR BG.2 OR BG.3 OR BG.4 OR BG.5 OR BG.6 OR BG.7 OR BH.1 OR BJ.1 OR BK.1 OR BL.1 OR BL.1.1 OR BL.1.2 OR BL.1.3 OR BL.1.4 OR BL.2 OR BL.2.1 OR BL.3 OR BL.4 OR BL.5 OR BL.6 OR BM.1 OR BM.1.1 OR BM.1.1.1 OR BM.1.1.2 OR BM.1.1.3 OR BM.1.1.4 OR BM.1.1.5 OR BM.2 OR BM.2.1 OR BM.2.2 OR BM.2.3 OR BM.3 OR BM.4 OR BM.4.1 OR BM.4.1.1 OR BM.5 OR BM.6 OR BN.1 OR BN.1.1 OR BN.1.1.1 OR BN.1.2 OR BN.1.2.1 OR BN.1.3 OR BN.1.3.1 OR BN.1.3.2 OR BN.1.3.3 OR BN.1.3.4 OR BN.1.4 OR BN.1.4.1 OR BN.1.5 OR BN.1.5.1 OR BN.1.6 OR BN.1.7 OR BN.1.8 OR BN.1.9 OR BN.2 OR BN.2.1 OR BN.3 OR BN.3.1 OR BN.4 OR BN.5 OR BN.6 OR BP.1 OR BQ.1 OR BQ.1.1 OR BQ.1.1.1 OR BQ.1.1.2 OR BQ.1.1.3 OR BQ.1.1.4 OR BQ.1.1.5 OR BQ.1.1.6 OR BQ.1.1.7 OR BQ.1.1.8 OR BQ.1.1.9 OR BQ.1.1.10 OR BQ.1.1.11 OR BQ.1.1.12 OR BQ.1.1.13 OR BQ.1.1.14 OR BQ.1.1.15 OR BQ.1.1.16 OR BQ.1.1.17 OR BQ.1.1.18 OR BQ.1.1.19 OR BQ.1.1.20 OR BQ.1.1.21 OR BQ.1.1.22 OR BQ.1.1.23 OR BQ.1.1.24 OR BQ.1.1.25 OR BQ.1.1.26 OR BQ.1.1.27 OR BQ.1.1.28 OR BQ.1.1.29 OR BQ.1.1.30 OR BQ.1.1.31 OR BQ.1.1.32 OR BQ.1.1.34 OR BQ.1.1.35 OR BQ.1.1.36 OR BQ.1.2 OR BQ.1.3 OR BQ.1.4 OR BQ.1.5 OR BQ.1.6 OR BQ.1.7 OR BQ.1.8 OR BQ.1.8.1 OR BQ.1.8.2 OR BQ.1.9 OR BQ.1.10 OR BQ.1.10.1 OR BQ.1.11 OR BQ.1.12 OR BQ.1.13 OR BQ.1.13.1 OR BQ.1.14 OR BQ.1.15 OR BQ.1.16 OR BQ.1.17 OR BQ.1.18 OR BQ.1.19 OR BQ.1.20 OR BQ.1.21 OR BQ.1.22 OR BQ.1.23 OR BQ.1.24 OR BQ.1.25 OR BQ.1.25.1 OR BQ.1.26 OR BQ.1.26.1 OR BQ.1.27 OR BQ.1.28 OR BQ.2 OR BR.1 OR BR.1.1 OR BR.1.2 OR BR.2 OR BR.2.1 OR BR.3 OR BR.4 OR BS.1 OR BS.1.1 OR BS.1.2 OR BT.1 OR BT.2 OR BU.1 OR BU.2 OR BU.3 OR BV.1 OR BV.2 OR BW.1 OR BW.1.1 OR BY.1 OR BY.1.1 OR BY.1.1.1 OR BY.1.2 OR BY.1.2.1 OR BZ.1 OR CA.1 OR CA.2 OR CA.3 OR CA.3.1 OR CA.4 OR CA.5 OR CA.6 OR CA.7 OR CB.1 OR CC.1 OR CD.1 OR CD.2 OR CE.1 OR CF.1 OR CG.1 OR CH.1 OR CH.1.1 OR CH.1.1.1 OR CH.1.1.2 OR CH.1.1.3 OR CH.1.1.4 OR CH.1.1.5 OR CH.2 OR CH.3 OR CH.3.1 OR CJ.1 OR CJ.1.1 OR CK.1 OR CK.1.1 OR CK.1.2 OR CK.2 OR CK.2.1 OR CK.2.1.1 OR CK.3 OR CL.1 OR CM.1 OR CM.2 OR CM.2.1 OR CM.3 OR CM.4 OR CM.4.1 OR CM.5 OR CM.5.1 OR CM.5.2 OR CM.6 OR CM.6.1 OR CM.7 OR CM.8 OR CM.8.1 OR CM.9 OR CM.10 OR CM.11 OR CM.12 OR CN.1 OR CN.2 OR CP.1 OR CP.1.1 OR CP.1.2 OR CP.1.3 OR CP.2 OR CP.3 OR CP.4 OR CP.5 OR CP.6 OR CQ.1 OR CQ.1.1 OR CQ.2 OR CR.1 OR CR.1.1 OR CR.1.2 OR CR.1.3 OR CR.2 OR CS.1 OR CT.1 OR CU.1 OR CV.1 OR CV.2 OR CW.1 OR CY.1 OR CZ.1 OR DA.1 OR DB.1 OR DB.2 OR DC.1 OR DD.1 OR DE.1 OR DE.2 OR DF.1 OR DF.1.1 OR DG.1 OR DH.1 OR DJ.1 OR DJ.1.1 OR DJ.1.2 OR DJ.1.3 OR DK.1 OR DL.1 OR DM.1 OR DN.1 OR DN.1.1 OR DP.1 OR DQ.1 OR DR.1 OR DS.1 OR DT.1 OR DU.1 OR DV.1,Omicron,,,
2021-12-15,7,2,4.28571428571429,0.714285714285714,0.166666666666667,0.0284708950871468,0.716248320436587,B.1.1.529 OR BA.1 OR BA.1.1 OR BA.1.1.1 OR BA.1.1.2 OR BA.1.1.3 OR BA.1.1.4 OR BA.1.1.5 OR BA.1.1.6 OR BA.1.1.7 OR BA.1.1.8 OR BA.1.1.9 OR BA.1.1.10 OR BA.1.1.11 OR BA.1.1.12 OR BA.1.1.13 OR BA.1.1.14 OR BA.1.1.15 OR BA.1.1.16 OR BA.1.1.17 OR BA.1.1.18 OR BA.1.2 OR BA.1.3 OR BA.1.4 OR BA.1.5 OR BA.1.6 OR BA.1.7 OR BA.1.8 OR BA.1.9 OR BA.1.10 OR BA.1.12 OR BA.1.13 OR BA.1.13.1 OR BA.1.14 OR BA.1.14.1 OR BA.1.14.2 OR BA.1.15 OR BA.1.15.1 OR BA.1.15.2 OR BA.1.15.3 OR BA.1.16 OR BA.1.16.1 OR BA.1.16.2 OR BA.1.17 OR BA.1.17.1 OR BA.1.17.2 OR BA.1.18 OR BA.1.19 OR BA.1.20 OR BA.1.21 OR BA.1.21.1 OR BA.1.22 OR BA.1.23 OR BA.1.24 OR BA.2 OR BA.2.1 OR BA.2.2 OR BA.2.2.1 OR BA.2.3 OR BA.2.3.1 OR BA.2.3.2 OR BA.2.3.4 OR BA.2.3.5 OR BA.2.3.6 OR BA.2.3.7 OR BA.2.3.8 OR BA.2.3.9 OR BA.2.3.10 OR BA.2.3.11 OR BA.2.3.12 OR BA.2.3.13 OR BA.2.3.14 OR BA.2.3.15 OR BA.2.3.16 OR BA.2.3.17 OR BA.2.3.18 OR BA.2.3.19 OR BA.2.3.20 OR BA.2.3.21 OR BA.2.3.22 OR BA.2.4 OR BA.2.5 OR BA.2.6 OR BA.2.7 OR BA.2.8 OR BA.2.9 OR BA.2.9.1 OR BA.2.9.2 OR BA.2.9.3 OR BA.2.9.4 OR BA.2.9.5 OR BA.2.9.6 OR BA.2.9.7 OR BA.2.10 OR BA.2.10.1 OR BA.2.10.2 OR BA.2.10.3 OR BA.2.10.4 OR BA.2.11 OR BA.2.12 OR BA.2.12.1 OR BA.2.12.2 OR BA.2.13 OR BA.2.13.1 OR BA.2.14 OR BA.2.15 OR BA.2.16 OR BA.2.17 OR BA.2.18 OR BA.2.19 OR BA.2.20 OR BA.2.21 OR BA.2.22 OR BA.2.23 OR BA.2.23.1 OR BA.2.24 OR BA.2.25 OR BA.2.25.1 OR BA.2.26 OR BA.2.27 OR BA.2.28 OR BA.2.29 OR BA.2.30 OR BA.2.31 OR BA.2.31.1 OR BA.2.32 OR BA.2.33 OR BA.2.34 OR BA.2.35 OR BA.2.36 OR BA.2.37 OR BA.2.38 OR BA.2.38.1 OR BA.2.38.2 OR BA.2.38.3 OR BA.2.38.4 OR BA.2.39 OR BA.2.40 OR BA.2.40.1 OR BA.2.41 OR BA.2.42 OR BA.2.43 OR BA.2.44 OR BA.2.45 OR BA.2.46 OR BA.2.47 OR BA.2.48 OR BA.2.49 OR BA.2.50 OR BA.2.51 OR BA.2.52 OR BA.2.53 OR BA.2.54 OR BA.2.55 OR BA.2.56 OR BA.2.56.1 OR BA.2.57 OR BA.2.58 OR BA.2.59 OR BA.2.60 OR BA.2.61 OR BA.2.62 OR BA.2.63 OR BA.2.64 OR BA.2.65 OR BA.2.66 OR BA.2.67 OR BA.2.68 OR BA.2.69 OR BA.2.70 OR BA.2.71 OR BA.2.72 OR BA.2.73 OR BA.2.74 OR BA.2.75 OR BA.2.75.1 OR BA.2.75.2 OR BA.2.75.3 OR BA.2.75.4 OR BA.2.75.5 OR BA.2.75.6 OR BA.2.75.7 OR BA.2.75.8 OR BA.2.75.9 OR BA.2.75.10 OR BA.2.76 OR BA.2.76.1 OR BA.2.76.2 OR BA.2.77 OR BA.2.78 OR BA.2.79 OR BA.2.79.1 OR BA.2.80 OR BA.2.81 OR BA.2.82 OR BA.2.83 OR BA.2.85 OR BA.3 OR BA.3.1 OR BA.4 OR BA.4.1 OR BA.4.1.1 OR BA.4.1.2 OR BA.4.1.3 OR BA.4.1.4 OR BA.4.1.5 OR BA.4.1.6 OR BA.4.1.7 OR BA.4.1.8 OR BA.4.1.9 OR BA.4.1.10 OR BA.4.2 OR BA.4.3 OR BA.4.4 OR BA.4.5 OR BA.4.6 OR BA.4.6.1 OR BA.4.6.2 OR BA.4.6.3 OR BA.4.6.4 OR BA.4.6.5 OR BA.4.7 OR BA.4.8 OR BA.5 OR BA.5.1 OR BA.5.1.1 OR BA.5.1.2 OR BA.5.1.3 OR BA.5.1.4 OR BA.5.1.5 OR BA.5.1.6 OR BA.5.1.7 OR BA.5.1.8 OR BA.5.1.9 OR BA.5.1.10 OR BA.5.1.11 OR BA.5.1.12 OR BA.5.1.14 OR BA.5.1.15 OR BA.5.1.16 OR BA.5.1.17 OR BA.5.1.18 OR BA.5.1.19 OR BA.5.1.20 OR BA.5.1.21 OR BA.5.1.22 OR BA.5.1.23 OR BA.5.1.24 OR BA.5.1.25 OR BA.5.1.26 OR BA.5.1.27 OR BA.5.1.28 OR BA.5.1.29 OR BA.5.1.30 OR BA.5.1.31 OR BA.5.1.32 OR BA.5.2 OR BA.5.2.1 OR BA.5.2.2 OR BA.5.2.3 OR BA.5.2.4 OR BA.5.2.5 OR BA.5.2.6 OR BA.5.2.7 OR BA.5.2.8 OR BA.5.2.9 OR BA.5.2.10 OR BA.5.2.11 OR BA.5.2.12 OR BA.5.2.13 OR BA.5.2.14 OR BA.5.2.16 OR BA.5.2.18 OR BA.5.2.19 OR BA.5.2.20 OR BA.5.2.21 OR BA.5.2.22 OR BA.5.2.23 OR BA.5.2.24 OR BA.5.2.25 OR BA.5.2.26 OR BA.5.2.27 OR BA.5.2.28 OR BA.5.2.29 OR BA.5.2.30 OR BA.5.2.31 OR BA.5.2.32 OR BA.5.2.33 OR BA.5.2.34 OR BA.5.2.35 OR BA.5.2.36 OR BA.5.2.37 OR BA.5.2.38 OR BA.5.2.39 OR BA.5.2.40 OR BA.5.2.41 OR BA.5.2.42 OR BA.5.2.43 OR BA.5.2.44 OR BA.5.2.45 OR BA.5.2.46 OR BA.5.2.47 OR BA.5.2.48 OR BA.5.2.49 OR BA.5.3 OR BA.5.3.1 OR BA.5.3.2 OR BA.5.3.3 OR BA.5.3.4 OR BA.5.3.5 OR BA.5.5 OR BA.5.5.1 OR BA.5.5.2 OR BA.5.5.3 OR BA.5.6 OR BA.5.6.1 OR BA.5.6.2 OR BA.5.6.3 OR BA.5.6.4 OR BA.5.7 OR BA.5.8 OR BA.5.9 OR BA.5.10 OR BA.5.10.1 OR BA.5.11 OR BC.1 OR BC.2 OR BD.1 OR BE.1 OR BE.1.1 OR BE.1.1.1 OR BE.1.1.2 OR BE.1.2 OR BE.1.2.1 OR BE.1.3 OR BE.1.4 OR BE.1.4.1 OR BE.1.4.2 OR BE.1.4.3 OR BE.1.4.4 OR BE.2 OR BE.3 OR BE.4 OR BE.4.1 OR BE.4.1.1 OR BE.4.2 OR BE.5 OR BE.6 OR BE.7 OR BE.8 OR BE.9 OR BE.10 OR BF.1 OR BF.1.1 OR BF.2 OR BF.3 OR BF.3.1 OR BF.4 OR BF.5 OR BF.5.1 OR BF.5.2 OR BF.6 OR BF.7 OR BF.7.1 OR BF.7.2 OR BF.7.3 OR BF.7.4 OR BF.7.4.1 OR BF.7.4.2 OR BF.7.5 OR BF.7.5.1 OR BF.7.6 OR BF.7.7 OR BF.7.8 OR BF.7.9 OR BF.7.10 OR BF.7.11 OR BF.7.12 OR BF.7.13 OR BF.7.13.1 OR BF.7.13.2 OR BF.7.14 OR BF.7.15 OR BF.8 OR BF.9 OR BF.10 OR BF.10.1 OR BF.11 OR BF.11.1 OR BF.11.2 OR BF.11.3 OR BF.11.4 OR BF.11.5 OR BF.12 OR BF.13 OR BF.14 OR BF.15 OR BF.16 OR BF.17 OR BF.18 OR BF.19 OR BF.20 OR BF.21 OR BF.22 OR BF.23 OR BF.24 OR BF.25 OR BF.26 OR BF.27 OR BF.28 OR BF.29 OR BF.30 OR BF.31 OR BF.31.1 OR BF.32 OR BF.33 OR BF.34 OR BG.1 OR BG.2 OR BG.3 OR BG.4 OR BG.5 OR BG.6 OR BG.7 OR BH.1 OR BJ.1 OR BK.1 OR BL.1 OR BL.1.1 OR BL.1.2 OR BL.1.3 OR BL.1.4 OR BL.2 OR BL.2.1 OR BL.3 OR BL.4 OR BL.5 OR BL.6 OR BM.1 OR BM.1.1 OR BM.1.1.1 OR BM.1.1.2 OR BM.1.1.3 OR BM.1.1.4 OR BM.1.1.5 OR BM.2 OR BM.2.1 OR BM.2.2 OR BM.2.3 OR BM.3 OR BM.4 OR BM.4.1 OR BM.4.1.1 OR BM.5 OR BM.6 OR BN.1 OR BN.1.1 OR BN.1.1.1 OR BN.1.2 OR BN.1.2.1 OR BN.1.3 OR BN.1.3.1 OR BN.1.3.2 OR BN.1.3.3 OR BN.1.3.4 OR BN.1.4 OR BN.1.4.1 OR BN.1.5 OR BN.1.5.1 OR BN.1.6 OR BN.1.7 OR BN.1.8 OR BN.1.9 OR BN.2 OR BN.2.1 OR BN.3 OR BN.3.1 OR BN.4 OR BN.5 OR BN.6 OR BP.1 OR BQ.1 OR BQ.1.1 OR BQ.1.1.1 OR BQ.1.1.2 OR BQ.1.1.3 OR BQ.1.1.4 OR BQ.1.1.5 OR BQ.1.1.6 OR BQ.1.1.7 OR BQ.1.1.8 OR BQ.1.1.9 OR BQ.1.1.10 OR BQ.1.1.11 OR BQ.1.1.12 OR BQ.1.1.13 OR BQ.1.1.14 OR BQ.1.1.15 OR BQ.1.1.16 OR BQ.1.1.17 OR BQ.1.1.18 OR BQ.1.1.19 OR BQ.1.1.20 OR BQ.1.1.21 OR BQ.1.1.22 OR BQ.1.1.23 OR BQ.1.1.24 OR BQ.1.1.25 OR BQ.1.1.26 OR BQ.1.1.27 OR BQ.1.1.28 OR BQ.1.1.29 OR BQ.1.1.30 OR BQ.1.1.31 OR BQ.1.1.32 OR BQ.1.1.34 OR BQ.1.1.35 OR BQ.1.1.36 OR BQ.1.2 OR BQ.1.3 OR BQ.1.4 OR BQ.1.5 OR BQ.1.6 OR BQ.1.7 OR BQ.1.8 OR BQ.1.8.1 OR BQ.1.8.2 OR BQ.1.9 OR BQ.1.10 OR BQ.1.10.1 OR BQ.1.11 OR BQ.1.12 OR BQ.1.13 OR BQ.1.13.1 OR BQ.1.14 OR BQ.1.15 OR BQ.1.16 OR BQ.1.17 OR BQ.1.18 OR BQ.1.19 OR BQ.1.20 OR BQ.1.21 OR BQ.1.22 OR BQ.1.23 OR BQ.1.24 OR BQ.1.25 OR BQ.1.25.1 OR BQ.1.26 OR BQ.1.26.1 OR BQ.1.27 OR BQ.1.28 OR BQ.2 OR BR.1 OR BR.1.1 OR BR.1.2 OR BR.2 OR BR.2.1 OR BR.3 OR BR.4 OR BS.1 OR BS.1.1 OR BS.1.2 OR BT.1 OR BT.2 OR BU.1 OR BU.2 OR BU.3 OR BV.1 OR BV.2 OR BW.1 OR BW.1.1 OR BY.1 OR BY.1.1 OR BY.1.1.1 OR BY.1.2 OR BY.1.2.1 OR BZ.1 OR CA.1 OR CA.2 OR CA.3 OR CA.3.1 OR CA.4 OR CA.5 OR CA.6 OR CA.7 OR CB.1 OR CC.1 OR CD.1 OR CD.2 OR CE.1 OR CF.1 OR CG.1 OR CH.1 OR CH.1.1 OR CH.1.1.1 OR CH.1.1.2 OR CH.1.1.3 OR CH.1.1.4 OR CH.1.1.5 OR CH.2 OR CH.3 OR CH.3.1 OR CJ.1 OR CJ.1.1 OR CK.1 OR CK.1.1 OR CK.1.2 OR CK.2 OR CK.2.1 OR CK.2.1.1 OR CK.3 OR CL.1 OR CM.1 OR CM.2 OR CM.2.1 OR CM.3 OR CM.4 OR CM.4.1 OR CM.5 OR CM.5.1 OR CM.5.2 OR CM.6 OR CM.6.1 OR CM.7 OR CM.8 OR CM.8.1 OR CM.9 OR CM.10 OR CM.11 OR CM.12 OR CN.1 OR CN.2 OR CP.1 OR CP.1.1 OR CP.1.2 OR CP.1.3 OR CP.2 OR CP.3 OR CP.4 OR CP.5 OR CP.6 OR CQ.1 OR CQ.1.1 OR CQ.2 OR CR.1 OR CR.1.1 OR CR.1.2 OR CR.1.3 OR CR.2 OR CS.1 OR CT.1 OR CU.1 OR CV.1 OR CV.2 OR CW.1 OR CY.1 OR CZ.1 OR DA.1 OR DB.1 OR DB.2 OR DC.1 OR DD.1 OR DE.1 OR DE.2 OR DF.1 OR DF.1.1 OR DG.1 OR DH.1 OR DJ.1 OR DJ.1.1 OR DJ.1.2 OR DJ.1.3 OR DK.1 OR DL.1 OR DM.1 OR DN.1 OR DN.1.1 OR DP.1 OR DQ.1 OR DR.1 OR DS.1 OR DT.1 OR DU.1 OR DV.1,Omicron,,,
2021-12-16,5,1,4.85714285714286,0.857142857142857,0.176470588235294,0.0225127659991551,0.628626400631994,B.1.1.529 OR BA.1 OR BA.1.1 OR BA.1.1.1 OR BA.1.1.2 OR BA.1.1.3 OR BA.1.1.4 OR BA.1.1.5 OR BA.1.1.6 OR BA.1.1.7 OR BA.1.1.8 OR BA.1.1.9 OR BA.1.1.10 OR BA.1.1.11 OR BA.1.1.12 OR BA.1.1.13 OR BA.1.1.14 OR BA.1.1.15 OR BA.1.1.16 OR BA.1.1.17 OR BA.1.1.18 OR BA.1.2 OR BA.1.3 OR BA.1.4 OR BA.1.5 OR BA.1.6 OR BA.1.7 OR BA.1.8 OR BA.1.9 OR BA.1.10 OR BA.1.12 OR BA.1.13 OR BA.1.13.1 OR BA.1.14 OR BA.1.14.1 OR BA.1.14.2 OR BA.1.15 OR BA.1.15.1 OR BA.1.15.2 OR BA.1.15.3 OR BA.1.16 OR BA.1.16.1 OR BA.1.16.2 OR BA.1.17 OR BA.1.17.1 OR BA.1.17.2 OR BA.1.18 OR BA.1.19 OR BA.1.20 OR BA.1.21 OR BA.1.21.1 OR BA.1.22 OR BA.1.23 OR BA.1.24 OR BA.2 OR BA.2.1 OR BA.2.2 OR BA.2.2.1 OR BA.2.3 OR BA.2.3.1 OR BA.2.3.2 OR BA.2.3.4 OR BA.2.3.5 OR BA.2.3.6 OR BA.2.3.7 OR BA.2.3.8 OR BA.2.3.9 OR BA.2.3.10 OR BA.2.3.11 OR BA.2.3.12 OR BA.2.3.13 OR BA.2.3.14 OR BA.2.3.15 OR BA.2.3.16 OR BA.2.3.17 OR BA.2.3.18 OR BA.2.3.19 OR BA.2.3.20 OR BA.2.3.21 OR BA.2.3.22 OR BA.2.4 OR BA.2.5 OR BA.2.6 OR BA.2.7 OR BA.2.8 OR BA.2.9 OR BA.2.9.1 OR BA.2.9.2 OR BA.2.9.3 OR BA.2.9.4 OR BA.2.9.5 OR BA.2.9.6 OR BA.2.9.7 OR BA.2.10 OR BA.2.10.1 OR BA.2.10.2 OR BA.2.10.3 OR BA.2.10.4 OR BA.2.11 OR BA.2.12 OR BA.2.12.1 OR BA.2.12.2 OR BA.2.13 OR BA.2.13.1 OR BA.2.14 OR BA.2.15 OR BA.2.16 OR BA.2.17 OR BA.2.18 OR BA.2.19 OR BA.2.20 OR BA.2.21 OR BA.2.22 OR BA.2.23 OR BA.2.23.1 OR BA.2.24 OR BA.2.25 OR BA.2.25.1 OR BA.2.26 OR BA.2.27 OR BA.2.28 OR BA.2.29 OR BA.2.30 OR BA.2.31 OR BA.2.31.1 OR BA.2.32 OR BA.2.33 OR BA.2.34 OR BA.2.35 OR BA.2.36 OR BA.2.37 OR BA.2.38 OR BA.2.38.1 OR BA.2.38.2 OR BA.2.38.3 OR BA.2.38.4 OR BA.2.39 OR BA.2.40 OR BA.2.40.1 OR BA.2.41 OR BA.2.42 OR BA.2.43 OR BA.2.44 OR BA.2.45 OR BA.2.46 OR BA.2.47 OR BA.2.48 OR BA.2.49 OR BA.2.50 OR BA.2.51 OR BA.2.52 OR BA.2.53 OR BA.2.54 OR BA.2.55 OR BA.2.56 OR BA.2.56.1 OR BA.2.57 OR BA.2.58 OR BA.2.59 OR BA.2.60 OR BA.2.61 OR BA.2.62 OR BA.2.63 OR BA.2.64 OR BA.2.65 OR BA.2.66 OR BA.2.67 OR BA.2.68 OR BA.2.69 OR BA.2.70 OR BA.2.71 OR BA.2.72 OR BA.2.73 OR BA.2.74 OR BA.2.75 OR BA.2.75.1 OR BA.2.75.2 OR BA.2.75.3 OR BA.2.75.4 OR BA.2.75.5 OR BA.2.75.6 OR BA.2.75.7 OR BA.2.75.8 OR BA.2.75.9 OR BA.2.75.10 OR BA.2.76 OR BA.2.76.1 OR BA.2.76.2 OR BA.2.77 OR BA.2.78 OR BA.2.79 OR BA.2.79.1 OR BA.2.80 OR BA.2.81 OR BA.2.82 OR BA.2.83 OR BA.2.85 OR BA.3 OR BA.3.1 OR BA.4 OR BA.4.1 OR BA.4.1.1 OR BA.4.1.2 OR BA.4.1.3 OR BA.4.1.4 OR BA.4.1.5 OR BA.4.1.6 OR BA.4.1.7 OR BA.4.1.8 OR BA.4.1.9 OR BA.4.1.10 OR BA.4.2 OR BA.4.3 OR BA.4.4 OR BA.4.5 OR BA.4.6 OR BA.4.6.1 OR BA.4.6.2 OR BA.4.6.3 OR BA.4.6.4 OR BA.4.6.5 OR BA.4.7 OR BA.4.8 OR BA.5 OR BA.5.1 OR BA.5.1.1 OR BA.5.1.2 OR BA.5.1.3 OR BA.5.1.4 OR BA.5.1.5 OR BA.5.1.6 OR BA.5.1.7 OR BA.5.1.8 OR BA.5.1.9 OR BA.5.1.10 OR BA.5.1.11 OR BA.5.1.12 OR BA.5.1.14 OR BA.5.1.15 OR BA.5.1.16 OR BA.5.1.17 OR BA.5.1.18 OR BA.5.1.19 OR BA.5.1.20 OR BA.5.1.21 OR BA.5.1.22 OR BA.5.1.23 OR BA.5.1.24 OR BA.5.1.25 OR BA.5.1.26 OR BA.5.1.27 OR BA.5.1.28 OR BA.5.1.29 OR BA.5.1.30 OR BA.5.1.31 OR BA.5.1.32 OR BA.5.2 OR BA.5.2.1 OR BA.5.2.2 OR BA.5.2.3 OR BA.5.2.4 OR BA.5.2.5 OR BA.5.2.6 OR BA.5.2.7 OR BA.5.2.8 OR BA.5.2.9 OR BA.5.2.10 OR BA.5.2.11 OR BA.5.2.12 OR BA.5.2.13 OR BA.5.2.14 OR BA.5.2.16 OR BA.5.2.18 OR BA.5.2.19 OR BA.5.2.20 OR BA.5.2.21 OR BA.5.2.22 OR BA.5.2.23 OR BA.5.2.24 OR BA.5.2.25 OR BA.5.2.26 OR BA.5.2.27 OR BA.5.2.28 OR BA.5.2.29 OR BA.5.2.30 OR BA.5.2.31 OR BA.5.2.32 OR BA.5.2.33 OR BA.5.2.34 OR BA.5.2.35 OR BA.5.2.36 OR BA.5.2.37 OR BA.5.2.38 OR BA.5.2.39 OR BA.5.2.40 OR BA.5.2.41 OR BA.5.2.42 OR BA.5.2.43 OR BA.5.2.44 OR BA.5.2.45 OR BA.5.2.46 OR BA.5.2.47 OR BA.5.2.48 OR BA.5.2.49 OR BA.5.3 OR BA.5.3.1 OR BA.5.3.2 OR BA.5.3.3 OR BA.5.3.4 OR BA.5.3.5 OR BA.5.5 OR BA.5.5.1 OR BA.5.5.2 OR BA.5.5.3 OR BA.5.6 OR BA.5.6.1 OR BA.5.6.2 OR BA.5.6.3 OR BA.5.6.4 OR BA.5.7 OR BA.5.8 OR BA.5.9 OR BA.5.10 OR BA.5.10.1 OR BA.5.11 OR BC.1 OR BC.2 OR BD.1 OR BE.1 OR BE.1.1 OR BE.1.1.1 OR BE.1.1.2 OR BE.1.2 OR BE.1.2.1 OR BE.1.3 OR BE.1.4 OR BE.1.4.1 OR BE.1.4.2 OR BE.1.4.3 OR BE.1.4.4 OR BE.2 OR BE.3 OR BE.4 OR BE.4.1 OR BE.4.1.1 OR BE.4.2 OR BE.5 OR BE.6 OR BE.7 OR BE.8 OR BE.9 OR BE.10 OR BF.1 OR BF.1.1 OR BF.2 OR BF.3 OR BF.3.1 OR BF.4 OR BF.5 OR BF.5.1 OR BF.5.2 OR BF.6 OR BF.7 OR BF.7.1 OR BF.7.2 OR BF.7.3 OR BF.7.4 OR BF.7.4.1 OR BF.7.4.2 OR BF.7.5 OR BF.7.5.1 OR BF.7.6 OR BF.7.7 OR BF.7.8 OR BF.7.9 OR BF.7.10 OR BF.7.11 OR BF.7.12 OR BF.7.13 OR BF.7.13.1 OR BF.7.13.2 OR BF.7.14 OR BF.7.15 OR BF.8 OR BF.9 OR BF.10 OR BF.10.1 OR BF.11 OR BF.11.1 OR BF.11.2 OR BF.11.3 OR BF.11.4 OR BF.11.5 OR BF.12 OR BF.13 OR BF.14 OR BF.15 OR BF.16 OR BF.17 OR BF.18 OR BF.19 OR BF.20 OR BF.21 OR BF.22 OR BF.23 OR BF.24 OR BF.25 OR BF.26 OR BF.27 OR BF.28 OR BF.29 OR BF.30 OR BF.31 OR BF.31.1 OR BF.32 OR BF.33 OR BF.34 OR BG.1 OR BG.2 OR BG.3 OR BG.4 OR BG.5 OR BG.6 OR BG.7 OR BH.1 OR BJ.1 OR BK.1 OR BL.1 OR BL.1.1 OR BL.1.2 OR BL.1.3 OR BL.1.4 OR BL.2 OR BL.2.1 OR BL.3 OR BL.4 OR BL.5 OR BL.6 OR BM.1 OR BM.1.1 OR BM.1.1.1 OR BM.1.1.2 OR BM.1.1.3 OR BM.1.1.4 OR BM.1.1.5 OR BM.2 OR BM.2.1 OR BM.2.2 OR BM.2.3 OR BM.3 OR BM.4 OR BM.4.1 OR BM.4.1.1 OR BM.5 OR BM.6 OR BN.1 OR BN.1.1 OR BN.1.1.1 OR BN.1.2 OR BN.1.2.1 OR BN.1.3 OR BN.1.3.1 OR BN.1.3.2 OR BN.1.3.3 OR BN.1.3.4 OR BN.1.4 OR BN.1.4.1 OR BN.1.5 OR BN.1.5.1 OR BN.1.6 OR BN.1.7 OR BN.1.8 OR BN.1.9 OR BN.2 OR BN.2.1 OR BN.3 OR BN.3.1 OR BN.4 OR BN.5 OR BN.6 OR BP.1 OR BQ.1 OR BQ.1.1 OR BQ.1.1.1 OR BQ.1.1.2 OR BQ.1.1.3 OR BQ.1.1.4 OR BQ.1.1.5 OR BQ.1.1.6 OR BQ.1.1.7 OR BQ.1.1.8 OR BQ.1.1.9 OR BQ.1.1.10 OR BQ.1.1.11 OR BQ.1.1.12 OR BQ.1.1.13 OR BQ.1.1.14 OR BQ.1.1.15 OR BQ.1.1.16 OR BQ.1.1.17 OR BQ.1.1.18 OR BQ.1.1.19 OR BQ.1.1.20 OR BQ.1.1.21 OR BQ.1.1.22 OR BQ.1.1.23 OR BQ.1.1.24 OR BQ.1.1.25 OR BQ.1.1.26 OR BQ.1.1.27 OR BQ.1.1.28 OR BQ.1.1.29 OR BQ.1.1.30 OR BQ.1.1.31 OR BQ.1.1.32 OR BQ.1.1.34 OR BQ.1.1.35 OR BQ.1.1.36 OR BQ.1.2 OR BQ.1.3 OR BQ.1.4 OR BQ.1.5 OR BQ.1.6 OR BQ.1.7 OR BQ.1.8 OR BQ.1.8.1 OR BQ.1.8.2 OR BQ.1.9 OR BQ.1.10 OR BQ.1.10.1 OR BQ.1.11 OR BQ.1.12 OR BQ.1.13 OR BQ.1.13.1 OR BQ.1.14 OR BQ.1.15 OR BQ.1.16 OR BQ.1.17 OR BQ.1.18 OR BQ.1.19 OR BQ.1.20 OR BQ.1.21 OR BQ.1.22 OR BQ.1.23 OR BQ.1.24 OR BQ.1.25 OR BQ.1.25.1 OR BQ.1.26 OR BQ.1.26.1 OR BQ.1.27 OR BQ.1.28 OR BQ.2 OR BR.1 OR BR.1.1 OR BR.1.2 OR BR.2 OR BR.2.1 OR BR.3 OR BR.4 OR BS.1 OR BS.1.1 OR BS.1.2 OR BT.1 OR BT.2 OR BU.1 OR BU.2 OR BU.3 OR BV.1 OR BV.2 OR BW.1 OR BW.1.1 OR BY.1 OR BY.1.1 OR BY.1.1.1 OR BY.1.2 OR BY.1.2.1 OR BZ.1 OR CA.1 OR CA.2 OR CA.3 OR CA.3.1 OR CA.4 OR CA.5 OR CA.6 OR CA.7 OR CB.1 OR CC.1 OR CD.1 OR CD.2 OR CE.1 OR CF.1 OR CG.1 OR CH.1 OR CH.1.1 OR CH.1.1.1 OR CH.1.1.2 OR CH.1.1.3 OR CH.1.1.4 OR CH.1.1.5 OR CH.2 OR CH.3 OR CH.3.1 OR CJ.1 OR CJ.1.1 OR CK.1 OR CK.1.1 OR CK.1.2 OR CK.2 OR CK.2.1 OR CK.2.1.1 OR CK.3 OR CL.1 OR CM.1 OR CM.2 OR CM.2.1 OR CM.3 OR CM.4 OR CM.4.1 OR CM.5 OR CM.5.1 OR CM.5.2 OR CM.6 OR CM.6.1 OR CM.7 OR CM.8 OR CM.8.1 OR CM.9 OR CM.10 OR CM.11 OR CM.12 OR CN.1 OR CN.2 OR CP.1 OR CP.1.1 OR CP.1.2 OR CP.1.3 OR CP.2 OR CP.3 OR CP.4 OR CP.5 OR CP.6 OR CQ.1 OR CQ.1.1 OR CQ.2 OR CR.1 OR CR.1.1 OR CR.1.2 OR CR.1.3 OR CR.2 OR CS.1 OR CT.1 OR CU.1 OR CV.1 OR CV.2 OR CW.1 OR CY.1 OR CZ.1 OR DA.1 OR DB.1 OR DB.2 OR DC.1 OR DD.1 OR DE.1 OR DE.2 OR DF.1 OR DF.1.1 OR DG.1 OR DH.1 OR DJ.1 OR DJ.1.1 OR DJ.1.2 OR DJ.1.3 OR DK.1 OR DL.1 OR DM.1 OR DN.1 OR DN.1.1 OR DP.1 OR DQ.1 OR DR.1 OR DS.1 OR DT.1 OR DU.1 OR DV.1,Omicron,,,
2021-12-17,4,1,4.71428571428571,1,0.212121212121212,0.0225127659991551,0.628626400631994,B.1.1.529 OR BA.1 OR BA.1.1 OR BA.1.1.1 OR BA.1.1.2 OR BA.1.1.3 OR BA.1.1.4 OR BA.1.1.5 OR BA.1.1.6 OR BA.1.1.7 OR BA.1.1.8 OR BA.1.1.9 OR BA.1.1.10 OR BA.1.1.11 OR BA.1.1.12 OR BA.1.1.13 OR BA.1.1.14 OR BA.1.1.15 OR BA.1.1.16 OR BA.1.1.17 OR BA.1.1.18 OR BA.1.2 OR BA.1.3 OR BA.1.4 OR BA.1.5 OR BA.1.6 OR BA.1.7 OR BA.1.8 OR BA.1.9 OR BA.1.10 OR BA.1.12 OR BA.1.13 OR BA.1.13.1 OR BA.1.14 OR BA.1.14.1 OR BA.1.14.2 OR BA.1.15 OR BA.1.15.1 OR BA.1.15.2 OR BA.1.15.3 OR BA.1.16 OR BA.1.16.1 OR BA.1.16.2 OR BA.1.17 OR BA.1.17.1 OR BA.1.17.2 OR BA.1.18 OR BA.1.19 OR BA.1.20 OR BA.1.21 OR BA.1.21.1 OR BA.1.22 OR BA.1.23 OR BA.1.24 OR BA.2 OR BA.2.1 OR BA.2.2 OR BA.2.2.1 OR BA.2.3 OR BA.2.3.1 OR BA.2.3.2 OR BA.2.3.4 OR BA.2.3.5 OR BA.2.3.6 OR BA.2.3.7 OR BA.2.3.8 OR BA.2.3.9 OR BA.2.3.10 OR BA.2.3.11 OR BA.2.3.12 OR BA.2.3.13 OR BA.2.3.14 OR BA.2.3.15 OR BA.2.3.16 OR BA.2.3.17 OR BA.2.3.18 OR BA.2.3.19 OR BA.2.3.20 OR BA.2.3.21 OR BA.2.3.22 OR BA.2.4 OR BA.2.5 OR BA.2.6 OR BA.2.7 OR BA.2.8 OR BA.2.9 OR BA.2.9.1 OR BA.2.9.2 OR BA.2.9.3 OR BA.2.9.4 OR BA.2.9.5 OR BA.2.9.6 OR BA.2.9.7 OR BA.2.10 OR BA.2.10.1 OR BA.2.10.2 OR BA.2.10.3 OR BA.2.10.4 OR BA.2.11 OR BA.2.12 OR BA.2.12.1 OR BA.2.12.2 OR BA.2.13 OR BA.2.13.1 OR BA.2.14 OR BA.2.15 OR BA.2.16 OR BA.2.17 OR BA.2.18 OR BA.2.19 OR BA.2.20 OR BA.2.21 OR BA.2.22 OR BA.2.23 OR BA.2.23.1 OR BA.2.24 OR BA.2.25 OR BA.2.25.1 OR BA.2.26 OR BA.2.27 OR BA.2.28 OR BA.2.29 OR BA.2.30 OR BA.2.31 OR BA.2.31.1 OR BA.2.32 OR BA.2.33 OR BA.2.34 OR BA.2.35 OR BA.2.36 OR BA.2.37 OR BA.2.38 OR BA.2.38.1 OR BA.2.38.2 OR BA.2.38.3 OR BA.2.38.4 OR BA.2.39 OR BA.2.40 OR BA.2.40.1 OR BA.2.41 OR BA.2.42 OR BA.2.43 OR BA.2.44 OR BA.2.45 OR BA.2.46 OR BA.2.47 OR BA.2.48 OR BA.2.49 OR BA.2.50 OR BA.2.51 OR BA.2.52 OR BA.2.53 OR BA.2.54 OR BA.2.55 OR BA.2.56 OR BA.2.56.1 OR BA.2.57 OR BA.2.58 OR BA.2.59 OR BA.2.60 OR BA.2.61 OR BA.2.62 OR BA.2.63 OR BA.2.64 OR BA.2.65 OR BA.2.66 OR BA.2.67 OR BA.2.68 OR BA.2.69 OR BA.2.70 OR BA.2.71 OR BA.2.72 OR BA.2.73 OR BA.2.74 OR BA.2.75 OR BA.2.75.1 OR BA.2.75.2 OR BA.2.75.3 OR BA.2.75.4 OR BA.2.75.5 OR BA.2.75.6 OR BA.2.75.7 OR BA.2.75.8 OR BA.2.75.9 OR BA.2.75.10 OR BA.2.76 OR BA.2.76.1 OR BA.2.76.2 OR BA.2.77 OR BA.2.78 OR BA.2.79 OR BA.2.79.1 OR BA.2.80 OR BA.2.81 OR BA.2.82 OR BA.2.83 OR BA.2.85 OR BA.3 OR BA.3.1 OR BA.4 OR BA.4.1 OR BA.4.1.1 OR BA.4.1.2 OR BA.4.1.3 OR BA.4.1.4 OR BA.4.1.5 OR BA.4.1.6 OR BA.4.1.7 OR BA.4.1.8 OR BA.4.1.9 OR BA.4.1.10 OR BA.4.2 OR BA.4.3 OR BA.4.4 OR BA.4.5 OR BA.4.6 OR BA.4.6.1 OR BA.4.6.2 OR BA.4.6.3 OR BA.4.6.4 OR BA.4.6.5 OR BA.4.7 OR BA.4.8 OR BA.5 OR BA.5.1 OR BA.5.1.1 OR BA.5.1.2 OR BA.5.1.3 OR BA.5.1.4 OR BA.5.1.5 OR BA.5.1.6 OR BA.5.1.7 OR BA.5.1.8 OR BA.5.1.9 OR BA.5.1.10 OR BA.5.1.11 OR BA.5.1.12 OR BA.5.1.14 OR BA.5.1.15 OR BA.5.1.16 OR BA.5.1.17 OR BA.5.1.18 OR BA.5.1.19 OR BA.5.1.20 OR BA.5.1.21 OR BA.5.1.22 OR BA.5.1.23 OR BA.5.1.24 OR BA.5.1.25 OR BA.5.1.26 OR BA.5.1.27 OR BA.5.1.28 OR BA.5.1.29 OR BA.5.1.30 OR BA.5.1.31 OR BA.5.1.32 OR BA.5.2 OR BA.5.2.1 OR BA.5.2.2 OR BA.5.2.3 OR BA.5.2.4 OR BA.5.2.5 OR BA.5.2.6 OR BA.5.2.7 OR BA.5.2.8 OR BA.5.2.9 OR BA.5.2.10 OR BA.5.2.11 OR BA.5.2.12 OR BA.5.2.13 OR BA.5.2.14 OR BA.5.2.16 OR BA.5.2.18 OR BA.5.2.19 OR BA.5.2.20 OR BA.5.2.21 OR BA.5.2.22 OR BA.5.2.23 OR BA.5.2.24 OR BA.5.2.25 OR BA.5.2.26 OR BA.5.2.27 OR BA.5.2.28 OR BA.5.2.29 OR BA.5.2.30 OR BA.5.2.31 OR BA.5.2.32 OR BA.5.2.33 OR BA.5.2.34 OR BA.5.2.35 OR BA.5.2.36 OR BA.5.2.37 OR BA.5.2.38 OR BA.5.2.39 OR BA.5.2.40 OR BA.5.2.41 OR BA.5.2.42 OR BA.5.2.43 OR BA.5.2.44 OR BA.5.2.45 OR BA.5.2.46 OR BA.5.2.47 OR BA.5.2.48 OR BA.5.2.49 OR BA.5.3 OR BA.5.3.1 OR BA.5.3.2 OR BA.5.3.3 OR BA.5.3.4 OR BA.5.3.5 OR BA.5.5 OR BA.5.5.1 OR BA.5.5.2 OR BA.5.5.3 OR BA.5.6 OR BA.5.6.1 OR BA.5.6.2 OR BA.5.6.3 OR BA.5.6.4 OR BA.5.7 OR BA.5.8 OR BA.5.9 OR BA.5.10 OR BA.5.10.1 OR BA.5.11 OR BC.1 OR BC.2 OR BD.1 OR BE.1 OR BE.1.1 OR BE.1.1.1 OR BE.1.1.2 OR BE.1.2 OR BE.1.2.1 OR BE.1.3 OR BE.1.4 OR BE.1.4.1 OR BE.1.4.2 OR BE.1.4.3 OR BE.1.4.4 OR BE.2 OR BE.3 OR BE.4 OR BE.4.1 OR BE.4.1.1 OR BE.4.2 OR BE.5 OR BE.6 OR BE.7 OR BE.8 OR BE.9 OR BE.10 OR BF.1 OR BF.1.1 OR BF.2 OR BF.3 OR BF.3.1 OR BF.4 OR BF.5 OR BF.5.1 OR BF.5.2 OR BF.6 OR BF.7 OR BF.7.1 OR BF.7.2 OR BF.7.3 OR BF.7.4 OR BF.7.4.1 OR BF.7.4.2 OR BF.7.5 OR BF.7.5.1 OR BF.7.6 OR BF.7.7 OR BF.7.8 OR BF.7.9 OR BF.7.10 OR BF.7.11 OR BF.7.12 OR BF.7.13 OR BF.7.13.1 OR BF.7.13.2 OR BF.7.14 OR BF.7.15 OR BF.8 OR BF.9 OR BF.10 OR BF.10.1 OR BF.11 OR BF.11.1 OR BF.11.2 OR BF.11.3 OR BF.11.4 OR BF.11.5 OR BF.12 OR BF.13 OR BF.14 OR BF.15 OR BF.16 OR BF.17 OR BF.18 OR BF.19 OR BF.20 OR BF.21 OR BF.22 OR BF.23 OR BF.24 OR BF.25 OR BF.26 OR BF.27 OR BF.28 OR BF.29 OR BF.30 OR BF.31 OR BF.31.1 OR BF.32 OR BF.33 OR BF.34 OR BG.1 OR BG.2 OR BG.3 OR BG.4 OR BG.5 OR BG.6 OR BG.7 OR BH.1 OR BJ.1 OR BK.1 OR BL.1 OR BL.1.1 OR BL.1.2 OR BL.1.3 OR BL.1.4 OR BL.2 OR BL.2.1 OR BL.3 OR BL.4 OR BL.5 OR BL.6 OR BM.1 OR BM.1.1 OR BM.1.1.1 OR BM.1.1.2 OR BM.1.1.3 OR BM.1.1.4 OR BM.1.1.5 OR BM.2 OR BM.2.1 OR BM.2.2 OR BM.2.3 OR BM.3 OR BM.4 OR BM.4.1 OR BM.4.1.1 OR BM.5 OR BM.6 OR BN.1 OR BN.1.1 OR BN.1.1.1 OR BN.1.2 OR BN.1.2.1 OR BN.1.3 OR BN.1.3.1 OR BN.1.3.2 OR BN.1.3.3 OR BN.1.3.4 OR BN.1.4 OR BN.1.4.1 OR BN.1.5 OR BN.1.5.1 OR BN.1.6 OR BN.1.7 OR BN.1.8 OR BN.1.9 OR BN.2 OR BN.2.1 OR BN.3 OR BN.3.1 OR BN.4 OR BN.5 OR BN.6 OR BP.1 OR BQ.1 OR BQ.1.1 OR BQ.1.1.1 OR BQ.1.1.2 OR BQ.1.1.3 OR BQ.1.1.4 OR BQ.1.1.5 OR BQ.1.1.6 OR BQ.1.1.7 OR BQ.1.1.8 OR BQ.1.1.9 OR BQ.1.1.10 OR BQ.1.1.11 OR BQ.1.1.12 OR BQ.1.1.13 OR BQ.1.1.14 OR BQ.1.1.15 OR BQ.1.1.16 OR BQ.1.1.17 OR BQ.1.1.18 OR BQ.1.1.19 OR BQ.1.1.20 OR BQ.1.1.21 OR BQ.1.1.22 OR BQ.1.1.23 OR BQ.1.1.24 OR BQ.1.1.25 OR BQ.1.1.26 OR BQ.1.1.27 OR BQ.1.1.28 OR BQ.1.1.29 OR BQ.1.1.30 OR BQ.1.1.31 OR BQ.1.1.32 OR BQ.1.1.34 OR BQ.1.1.35 OR BQ.1.1.36 OR BQ.1.2 OR BQ.1.3 OR BQ.1.4 OR BQ.1.5 OR BQ.1.6 OR BQ.1.7 OR BQ.1.8 OR BQ.1.8.1 OR BQ.1.8.2 OR BQ.1.9 OR BQ.1.10 OR BQ.1.10.1 OR BQ.1.11 OR BQ.1.12 OR BQ.1.13 OR BQ.1.13.1 OR BQ.1.14 OR BQ.1.15 OR BQ.1.16 OR BQ.1.17 OR BQ.1.18 OR BQ.1.19 OR BQ.1.20 OR BQ.1.21 OR BQ.1.22 OR BQ.1.23 OR BQ.1.24 OR BQ.1.25 OR BQ.1.25.1 OR BQ.1.26 OR BQ.1.26.1 OR BQ.1.27 OR BQ.1.28 OR BQ.2 OR BR.1 OR BR.1.1 OR BR.1.2 OR BR.2 OR BR.2.1 OR BR.3 OR BR.4 OR BS.1 OR BS.1.1 OR BS.1.2 OR BT.1 OR BT.2 OR BU.1 OR BU.2 OR BU.3 OR BV.1 OR BV.2 OR BW.1 OR BW.1.1 OR BY.1 OR BY.1.1 OR BY.1.1.1 OR BY.1.2 OR BY.1.2.1 OR BZ.1 OR CA.1 OR CA.2 OR CA.3 OR CA.3.1 OR CA.4 OR CA.5 OR CA.6 OR CA.7 OR CB.1 OR CC.1 OR CD.1 OR CD.2 OR CE.1 OR CF.1 OR CG.1 OR CH.1 OR CH.1.1 OR CH.1.1.1 OR CH.1.1.2 OR CH.1.1.3 OR CH.1.1.4 OR CH.1.1.5 OR CH.2 OR CH.3 OR CH.3.1 OR CJ.1 OR CJ.1.1 OR CK.1 OR CK.1.1 OR CK.1.2 OR CK.2 OR CK.2.1 OR CK.2.1.1 OR CK.3 OR CL.1 OR CM.1 OR CM.2 OR CM.2.1 OR CM.3 OR CM.4 OR CM.4.1 OR CM.5 OR CM.5.1 OR CM.5.2 OR CM.6 OR CM.6.1 OR CM.7 OR CM.8 OR CM.8.1 OR CM.9 OR CM.10 OR CM.11 OR CM.12 OR CN.1 OR CN.2 OR CP.1 OR CP.1.1 OR CP.1.2 OR CP.1.3 OR CP.2 OR CP.3 OR CP.4 OR CP.5 OR CP.6 OR CQ.1 OR CQ.1.1 OR CQ.2 OR CR.1 OR CR.1.1 OR CR.1.2 OR CR.1.3 OR CR.2 OR CS.1 OR CT.1 OR CU.1 OR CV.1 OR CV.2 OR CW.1 OR CY.1 OR CZ.1 OR DA.1 OR DB.1 OR DB.2 OR DC.1 OR DD.1 OR DE.1 OR DE.2 OR DF.1 OR DF.1.1 OR DG.1 OR DH.1 OR DJ.1 OR DJ.1.1 OR DJ.1.2 OR DJ.1.3 OR DK.1 OR DL.1 OR DM.1 OR DN.1 OR DN.1.1 OR DP.1 OR DQ.1 OR DR.1 OR DS.1 OR DT.1 OR DU.1 OR DV.1,Omicron,,,
2021-12-18,6,3,5,1.42857142857143,0.285714285714286,0.0225127659991551,0.628626400631994,B.1.1.529 OR BA.1 OR BA.1.1 OR BA.1.1.1 OR BA.1.1.2 OR BA.1.1.3 OR BA.1.1.4 OR BA.1.1.5 OR BA.1.1.6 OR BA.1.1.7 OR BA.1.1.8 OR BA.1.1.9 OR BA.1.1.10 OR BA.1.1.11 OR BA.1.1.12 OR BA.1.1.13 OR BA.1.1.14 OR BA.1.1.15 OR BA.1.1.16 OR BA.1.1.17 OR BA.1.1.18 OR BA.1.2 OR BA.1.3 OR BA.1.4 OR BA.1.5 OR BA.1.6 OR BA.1.7 OR BA.1.8 OR BA.1.9 OR BA.1.10 OR BA.1.12 OR BA.1.13 OR BA.1.13.1 OR BA.1.14 OR BA.1.14.1 OR BA.1.14.2 OR BA.1.15 OR BA.1.15.1 OR BA.1.15.2 OR BA.1.15.3 OR BA.1.16 OR BA.1.16.1 OR BA.1.16.2 OR BA.1.17 OR BA.1.17.1 OR BA.1.17.2 OR BA.1.18 OR BA.1.19 OR BA.1.20 OR BA.1.21 OR BA.1.21.1 OR BA.1.22 OR BA.1.23 OR BA.1.24 OR BA.2 OR BA.2.1 OR BA.2.2 OR BA.2.2.1 OR BA.2.3 OR BA.2.3.1 OR BA.2.3.2 OR BA.2.3.4 OR BA.2.3.5 OR BA.2.3.6 OR BA.2.3.7 OR BA.2.3.8 OR BA.2.3.9 OR BA.2.3.10 OR BA.2.3.11 OR BA.2.3.12 OR BA.2.3.13 OR BA.2.3.14 OR BA.2.3.15 OR BA.2.3.16 OR BA.2.3.17 OR BA.2.3.18 OR BA.2.3.19 OR BA.2.3.20 OR BA.2.3.21 OR BA.2.3.22 OR BA.2.4 OR BA.2.5 OR BA.2.6 OR BA.2.7 OR BA.2.8 OR BA.2.9 OR BA.2.9.1 OR BA.2.9.2 OR BA.2.9.3 OR BA.2.9.4 OR BA.2.9.5 OR BA.2.9.6 OR BA.2.9.7 OR BA.2.10 OR BA.2.10.1 OR BA.2.10.2 OR BA.2.10.3 OR BA.2.10.4 OR BA.2.11 OR BA.2.12 OR BA.2.12.1 OR BA.2.12.2 OR BA.2.13 OR BA.2.13.1 OR BA.2.14 OR BA.2.15 OR BA.2.16 OR BA.2.17 OR BA.2.18 OR BA.2.19 OR BA.2.20 OR BA.2.21 OR BA.2.22 OR BA.2.23 OR BA.2.23.1 OR BA.2.24 OR BA.2.25 OR BA.2.25.1 OR BA.2.26 OR BA.2.27 OR BA.2.28 OR BA.2.29 OR BA.2.30 OR BA.2.31 OR BA.2.31.1 OR BA.2.32 OR BA.2.33 OR BA.2.34 OR BA.2.35 OR BA.2.36 OR BA.2.37 OR BA.2.38 OR BA.2.38.1 OR BA.2.38.2 OR BA.2.38.3 OR BA.2.38.4 OR BA.2.39 OR BA.2.40 OR BA.2.40.1 OR BA.2.41 OR BA.2.42 OR BA.2.43 OR BA.2.44 OR BA.2.45 OR BA.2.46 OR BA.2.47 OR BA.2.48 OR BA.2.49 OR BA.2.50 OR BA.2.51 OR BA.2.52 OR BA.2.53 OR BA.2.54 OR BA.2.55 OR BA.2.56 OR BA.2.56.1 OR BA.2.57 OR BA.2.58 OR BA.2.59 OR BA.2.60 OR BA.2.61 OR BA.2.62 OR BA.2.63 OR BA.2.64 OR BA.2.65 OR BA.2.66 OR BA.2.67 OR BA.2.68 OR BA.2.69 OR BA.2.70 OR BA.2.71 OR BA.2.72 OR BA.2.73 OR BA.2.74 OR BA.2.75 OR BA.2.75.1 OR BA.2.75.2 OR BA.2.75.3 OR BA.2.75.4 OR BA.2.75.5 OR BA.2.75.6 OR BA.2.75.7 OR BA.2.75.8 OR BA.2.75.9 OR BA.2.75.10 OR BA.2.76 OR BA.2.76.1 OR BA.2.76.2 OR BA.2.77 OR BA.2.78 OR BA.2.79 OR BA.2.79.1 OR BA.2.80 OR BA.2.81 OR BA.2.82 OR BA.2.83 OR BA.2.85 OR BA.3 OR BA.3.1 OR BA.4 OR BA.4.1 OR BA.4.1.1 OR BA.4.1.2 OR BA.4.1.3 OR BA.4.1.4 OR BA.4.1.5 OR BA.4.1.6 OR BA.4.1.7 OR BA.4.1.8 OR BA.4.1.9 OR BA.4.1.10 OR BA.4.2 OR BA.4.3 OR BA.4.4 OR BA.4.5 OR BA.4.6 OR BA.4.6.1 OR BA.4.6.2 OR BA.4.6.3 OR BA.4.6.4 OR BA.4.6.5 OR BA.4.7 OR BA.4.8 OR BA.5 OR BA.5.1 OR BA.5.1.1 OR BA.5.1.2 OR BA.5.1.3 OR BA.5.1.4 OR BA.5.1.5 OR BA.5.1.6 OR BA.5.1.7 OR BA.5.1.8 OR BA.5.1.9 OR BA.5.1.10 OR BA.5.1.11 OR BA.5.1.12 OR BA.5.1.14 OR BA.5.1.15 OR BA.5.1.16 OR BA.5.1.17 OR BA.5.1.18 OR BA.5.1.19 OR BA.5.1.20 OR BA.5.1.21 OR BA.5.1.22 OR BA.5.1.23 OR BA.5.1.24 OR BA.5.1.25 OR BA.5.1.26 OR BA.5.1.27 OR BA.5.1.28 OR BA.5.1.29 OR BA.5.1.30 OR BA.5.1.31 OR BA.5.1.32 OR BA.5.2 OR BA.5.2.1 OR BA.5.2.2 OR BA.5.2.3 OR BA.5.2.4 OR BA.5.2.5 OR BA.5.2.6 OR BA.5.2.7 OR BA.5.2.8 OR BA.5.2.9 OR BA.5.2.10 OR BA.5.2.11 OR BA.5.2.12 OR BA.5.2.13 OR BA.5.2.14 OR BA.5.2.16 OR BA.5.2.18 OR BA.5.2.19 OR BA.5.2.20 OR BA.5.2.21 OR BA.5.2.22 OR BA.5.2.23 OR BA.5.2.24 OR BA.5.2.25 OR BA.5.2.26 OR BA.5.2.27 OR BA.5.2.28 OR BA.5.2.29 OR BA.5.2.30 OR BA.5.2.31 OR BA.5.2.32 OR BA.5.2.33 OR BA.5.2.34 OR BA.5.2.35 OR BA.5.2.36 OR BA.5.2.37 OR BA.5.2.38 OR BA.5.2.39 OR BA.5.2.40 OR BA.5.2.41 OR BA.5.2.42 OR BA.5.2.43 OR BA.5.2.44 OR BA.5.2.45 OR BA.5.2.46 OR BA.5.2.47 OR BA.5.2.48 OR BA.5.2.49 OR BA.5.3 OR BA.5.3.1 OR BA.5.3.2 OR BA.5.3.3 OR BA.5.3.4 OR BA.5.3.5 OR BA.5.5 OR BA.5.5.1 OR BA.5.5.2 OR BA.5.5.3 OR BA.5.6 OR BA.5.6.1 OR BA.5.6.2 OR BA.5.6.3 OR BA.5.6.4 OR BA.5.7 OR BA.5.8 OR BA.5.9 OR BA.5.10 OR BA.5.10.1 OR BA.5.11 OR BC.1 OR BC.2 OR BD.1 OR BE.1 OR BE.1.1 OR BE.1.1.1 OR BE.1.1.2 OR BE.1.2 OR BE.1.2.1 OR BE.1.3 OR BE.1.4 OR BE.1.4.1 OR BE.1.4.2 OR BE.1.4.3 OR BE.1.4.4 OR BE.2 OR BE.3 OR BE.4 OR BE.4.1 OR BE.4.1.1 OR BE.4.2 OR BE.5 OR BE.6 OR BE.7 OR BE.8 OR BE.9 OR BE.10 OR BF.1 OR BF.1.1 OR BF.2 OR BF.3 OR BF.3.1 OR BF.4 OR BF.5 OR BF.5.1 OR BF.5.2 OR BF.6 OR BF.7 OR BF.7.1 OR BF.7.2 OR BF.7.3 OR BF.7.4 OR BF.7.4.1 OR BF.7.4.2 OR BF.7.5 OR BF.7.5.1 OR BF.7.6 OR BF.7.7 OR BF.7.8 OR BF.7.9 OR BF.7.10 OR BF.7.11 OR BF.7.12 OR BF.7.13 OR BF.7.13.1 OR BF.7.13.2 OR BF.7.14 OR BF.7.15 OR BF.8 OR BF.9 OR BF.10 OR BF.10.1 OR BF.11 OR BF.11.1 OR BF.11.2 OR BF.11.3 OR BF.11.4 OR BF.11.5 OR BF.12 OR BF.13 OR BF.14 OR BF.15 OR BF.16 OR BF.17 OR BF.18 OR BF.19 OR BF.20 OR BF.21 OR BF.22 OR BF.23 OR BF.24 OR BF.25 OR BF.26 OR BF.27 OR BF.28 OR BF.29 OR BF.30 OR BF.31 OR BF.31.1 OR BF.32 OR BF.33 OR BF.34 OR BG.1 OR BG.2 OR BG.3 OR BG.4 OR BG.5 OR BG.6 OR BG.7 OR BH.1 OR BJ.1 OR BK.1 OR BL.1 OR BL.1.1 OR BL.1.2 OR BL.1.3 OR BL.1.4 OR BL.2 OR BL.2.1 OR BL.3 OR BL.4 OR BL.5 OR BL.6 OR BM.1 OR BM.1.1 OR BM.1.1.1 OR BM.1.1.2 OR BM.1.1.3 OR BM.1.1.4 OR BM.1.1.5 OR BM.2 OR BM.2.1 OR BM.2.2 OR BM.2.3 OR BM.3 OR BM.4 OR BM.4.1 OR BM.4.1.1 OR BM.5 OR BM.6 OR BN.1 OR BN.1.1 OR BN.1.1.1 OR BN.1.2 OR BN.1.2.1 OR BN.1.3 OR BN.1.3.1 OR BN.1.3.2 OR BN.1.3.3 OR BN.1.3.4 OR BN.1.4 OR BN.1.4.1 OR BN.1.5 OR BN.1.5.1 OR BN.1.6 OR BN.1.7 OR BN.1.8 OR BN.1.9 OR BN.2 OR BN.2.1 OR BN.3 OR BN.3.1 OR BN.4 OR BN.5 OR BN.6 OR BP.1 OR BQ.1 OR BQ.1.1 OR BQ.1.1.1 OR BQ.1.1.2 OR BQ.1.1.3 OR BQ.1.1.4 OR BQ.1.1.5 OR BQ.1.1.6 OR BQ.1.1.7 OR BQ.1.1.8 OR BQ.1.1.9 OR BQ.1.1.10 OR BQ.1.1.11 OR BQ.1.1.12 OR BQ.1.1.13 OR BQ.1.1.14 OR BQ.1.1.15 OR BQ.1.1.16 OR BQ.1.1.17 OR BQ.1.1.18 OR BQ.1.1.19 OR BQ.1.1.20 OR BQ.1.1.21 OR BQ.1.1.22 OR BQ.1.1.23 OR BQ.1.1.24 OR BQ.1.1.25 OR BQ.1.1.26 OR BQ.1.1.27 OR BQ.1.1.28 OR BQ.1.1.29 OR BQ.1.1.30 OR BQ.1.1.31 OR BQ.1.1.32 OR BQ.1.1.34 OR BQ.1.1.35 OR BQ.1.1.36 OR BQ.1.2 OR BQ.1.3 OR BQ.1.4 OR BQ.1.5 OR BQ.1.6 OR BQ.1.7 OR BQ.1.8 OR BQ.1.8.1 OR BQ.1.8.2 OR BQ.1.9 OR BQ.1.10 OR BQ.1.10.1 OR BQ.1.11 OR BQ.1.12 OR BQ.1.13 OR BQ.1.13.1 OR BQ.1.14 OR BQ.1.15 OR BQ.1.16 OR BQ.1.17 OR BQ.1.18 OR BQ.1.19 OR BQ.1.20 OR BQ.1.21 OR BQ.1.22 OR BQ.1.23 OR BQ.1.24 OR BQ.1.25 OR BQ.1.25.1 OR BQ.1.26 OR BQ.1.26.1 OR BQ.1.27 OR BQ.1.28 OR BQ.2 OR BR.1 OR BR.1.1 OR BR.1.2 OR BR.2 OR BR.2.1 OR BR.3 OR BR.4 OR BS.1 OR BS.1.1 OR BS.1.2 OR BT.1 OR BT.2 OR BU.1 OR BU.2 OR BU.3 OR BV.1 OR BV.2 OR BW.1 OR BW.1.1 OR BY.1 OR BY.1.1 OR BY.1.1.1 OR BY.1.2 OR BY.1.2.1 OR BZ.1 OR CA.1 OR CA.2 OR CA.3 OR CA.3.1 OR CA.4 OR CA.5 OR CA.6 OR CA.7 OR CB.1 OR CC.1 OR CD.1 OR CD.2 OR CE.1 OR CF.1 OR CG.1 OR CH.1 OR CH.1.1 OR CH.1.1.1 OR CH.1.1.2 OR CH.1.1.3 OR CH.1.1.4 OR CH.1.1.5 OR CH.2 OR CH.3 OR CH.3.1 OR CJ.1 OR CJ.1.1 OR CK.1 OR CK.1.1 OR CK.1.2 OR CK.2 OR CK.2.1 OR CK.2.1.1 OR CK.3 OR CL.1 OR CM.1 OR CM.2 OR CM.2.1 OR CM.3 OR CM.4 OR CM.4.1 OR CM.5 OR CM.5.1 OR CM.5.2 OR CM.6 OR CM.6.1 OR CM.7 OR CM.8 OR CM.8.1 OR CM.9 OR CM.10 OR CM.11 OR CM.12 OR CN.1 OR CN.2 OR CP.1 OR CP.1.1 OR CP.1.2 OR CP.1.3 OR CP.2 OR CP.3 OR CP.4 OR CP.5 OR CP.6 OR CQ.1 OR CQ.1.1 OR CQ.2 OR CR.1 OR CR.1.1 OR CR.1.2 OR CR.1.3 OR CR.2 OR CS.1 OR CT.1 OR CU.1 OR CV.1 OR CV.2 OR CW.1 OR CY.1 OR CZ.1 OR DA.1 OR DB.1 OR DB.2 OR DC.1 OR DD.1 OR DE.1 OR DE.2 OR DF.1 OR DF.1.1 OR DG.1 OR DH.1 OR DJ.1 OR DJ.1.1 OR DJ.1.2 OR DJ.1.3 OR DK.1 OR DL.1 OR DM.1 OR DN.1 OR DN.1.1 OR DP.1 OR DQ.1 OR DR.1 OR DS.1 OR DT.1 OR DU.1 OR DV.1,Omicron,,,
2021-12-20,8,5,5.66666666666667,2.5,0.441176470588235,0.0767701400348735,0.713576990745803,B.1.1.529 OR BA.1 OR BA.1.1 OR BA.1.1.1 OR BA.1.1.2 OR BA.1.1.3 OR BA.1.1.4 OR BA.1.1.5 OR BA.1.1.6 OR BA.1.1.7 OR BA.1.1.8 OR BA.1.1.9 OR BA.1.1.10 OR BA.1.1.11 OR BA.1.1.12 OR BA.1.1.13 OR BA.1.1.14 OR BA.1.1.15 OR BA.1.1.16 OR BA.1.1.17 OR BA.1.1.18 OR BA.1.2 OR BA.1.3 OR BA.1.4 OR BA.1.5 OR BA.1.6 OR BA.1.7 OR BA.1.8 OR BA.1.9 OR BA.1.10 OR BA.1.12 OR BA.1.13 OR BA.1.13.1 OR BA.1.14 OR BA.1.14.1 OR BA.1.14.2 OR BA.1.15 OR BA.1.15.1 OR BA.1.15.2 OR BA.1.15.3 OR BA.1.16 OR BA.1.16.1 OR BA.1.16.2 OR BA.1.17 OR BA.1.17.1 OR BA.1.17.2 OR BA.1.18 OR BA.1.19 OR BA.1.20 OR BA.1.21 OR BA.1.21.1 OR BA.1.22 OR BA.1.23 OR BA.1.24 OR BA.2 OR BA.2.1 OR BA.2.2 OR BA.2.2.1 OR BA.2.3 OR BA.2.3.1 OR BA.2.3.2 OR BA.2.3.4 OR BA.2.3.5 OR BA.2.3.6 OR BA.2.3.7 OR BA.2.3.8 OR BA.2.3.9 OR BA.2.3.10 OR BA.2.3.11 OR BA.2.3.12 OR BA.2.3.13 OR BA.2.3.14 OR BA.2.3.15 OR BA.2.3.16 OR BA.2.3.17 OR BA.2.3.18 OR BA.2.3.19 OR BA.2.3.20 OR BA.2.3.21 OR BA.2.3.22 OR BA.2.4 OR BA.2.5 OR BA.2.6 OR BA.2.7 OR BA.2.8 OR BA.2.9 OR BA.2.9.1 OR BA.2.9.2 OR BA.2.9.3 OR BA.2.9.4 OR BA.2.9.5 OR BA.2.9.6 OR BA.2.9.7 OR BA.2.10 OR BA.2.10.1 OR BA.2.10.2 OR BA.2.10.3 OR BA.2.10.4 OR BA.2.11 OR BA.2.12 OR BA.2.12.1 OR BA.2.12.2 OR BA.2.13 OR BA.2.13.1 OR BA.2.14 OR BA.2.15 OR BA.2.16 OR BA.2.17 OR BA.2.18 OR BA.2.19 OR BA.2.20 OR BA.2.21 OR BA.2.22 OR BA.2.23 OR BA.2.23.1 OR BA.2.24 OR BA.2.25 OR BA.2.25.1 OR BA.2.26 OR BA.2.27 OR BA.2.28 OR BA.2.29 OR BA.2.30 OR BA.2.31 OR BA.2.31.1 OR BA.2.32 OR BA.2.33 OR BA.2.34 OR BA.2.35 OR BA.2.36 OR BA.2.37 OR BA.2.38 OR BA.2.38.1 OR BA.2.38.2 OR BA.2.38.3 OR BA.2.38.4 OR BA.2.39 OR BA.2.40 OR BA.2.40.1 OR BA.2.41 OR BA.2.42 OR BA.2.43 OR BA.2.44 OR BA.2.45 OR BA.2.46 OR BA.2.47 OR BA.2.48 OR BA.2.49 OR BA.2.50 OR BA.2.51 OR BA.2.52 OR BA.2.53 OR BA.2.54 OR BA.2.55 OR BA.2.56 OR BA.2.56.1 OR BA.2.57 OR BA.2.58 OR BA.2.59 OR BA.2.60 OR BA.2.61 OR BA.2.62 OR BA.2.63 OR BA.2.64 OR BA.2.65 OR BA.2.66 OR BA.2.67 OR BA.2.68 OR BA.2.69 OR BA.2.70 OR BA.2.71 OR BA.2.72 OR BA.2.73 OR BA.2.74 OR BA.2.75 OR BA.2.75.1 OR BA.2.75.2 OR BA.2.75.3 OR BA.2.75.4 OR BA.2.75.5 OR BA.2.75.6 OR BA.2.75.7 OR BA.2.75.8 OR BA.2.75.9 OR BA.2.75.10 OR BA.2.76 OR BA.2.76.1 OR BA.2.76.2 OR BA.2.77 OR BA.2.78 OR BA.2.79 OR BA.2.79.1 OR BA.2.80 OR BA.2.81 OR BA.2.82 OR BA.2.83 OR BA.2.85 OR BA.3 OR BA.3.1 OR BA.4 OR BA.4.1 OR BA.4.1.1 OR BA.4.1.2 OR BA.4.1.3 OR BA.4.1.4 OR BA.4.1.5 OR BA.4.1.6 OR BA.4.1.7 OR BA.4.1.8 OR BA.4.1.9 OR BA.4.1.10 OR BA.4.2 OR BA.4.3 OR BA.4.4 OR BA.4.5 OR BA.4.6 OR BA.4.6.1 OR BA.4.6.2 OR BA.4.6.3 OR BA.4.6.4 OR BA.4.6.5 OR BA.4.7 OR BA.4.8 OR BA.5 OR BA.5.1 OR BA.5.1.1 OR BA.5.1.2 OR BA.5.1.3 OR BA.5.1.4 OR BA.5.1.5 OR BA.5.1.6 OR BA.5.1.7 OR BA.5.1.8 OR BA.5.1.9 OR BA.5.1.10 OR BA.5.1.11 OR BA.5.1.12 OR BA.5.1.14 OR BA.5.1.15 OR BA.5.1.16 OR BA.5.1.17 OR BA.5.1.18 OR BA.5.1.19 OR BA.5.1.20 OR BA.5.1.21 OR BA.5.1.22 OR BA.5.1.23 OR BA.5.1.24 OR BA.5.1.25 OR BA.5.1.26 OR BA.5.1.27 OR BA.5.1.28 OR BA.5.1.29 OR BA.5.1.30 OR BA.5.1.31 OR BA.5.1.32 OR BA.5.2 OR BA.5.2.1 OR BA.5.2.2 OR BA.5.2.3 OR BA.5.2.4 OR BA.5.2.5 OR BA.5.2.6 OR BA.5.2.7 OR BA.5.2.8 OR BA.5.2.9 OR BA.5.2.10 OR BA.5.2.11 OR BA.5.2.12 OR BA.5.2.13 OR BA.5.2.14 OR BA.5.2.16 OR BA.5.2.18 OR BA.5.2.19 OR BA.5.2.20 OR BA.5.2.21 OR BA.5.2.22 OR BA.5.2.23 OR BA.5.2.24 OR BA.5.2.25 OR BA.5.2.26 OR BA.5.2.27 OR BA.5.2.28 OR BA.5.2.29 OR BA.5.2.30 OR BA.5.2.31 OR BA.5.2.32 OR BA.5.2.33 OR BA.5.2.34 OR BA.5.2.35 OR BA.5.2.36 OR BA.5.2.37 OR BA.5.2.38 OR BA.5.2.39 OR BA.5.2.40 OR BA.5.2.41 OR BA.5.2.42 OR BA.5.2.43 OR BA.5.2.44 OR BA.5.2.45 OR BA.5.2.46 OR BA.5.2.47 OR BA.5.2.48 OR BA.5.2.49 OR BA.5.3 OR BA.5.3.1 OR BA.5.3.2 OR BA.5.3.3 OR BA.5.3.4 OR BA.5.3.5 OR BA.5.5 OR BA.5.5.1 OR BA.5.5.2 OR BA.5.5.3 OR BA.5.6 OR BA.5.6.1 OR BA.5.6.2 OR BA.5.6.3 OR BA.5.6.4 OR BA.5.7 OR BA.5.8 OR BA.5.9 OR BA.5.10 OR BA.5.10.1 OR BA.5.11 OR BC.1 OR BC.2 OR BD.1 OR BE.1 OR BE.1.1 OR BE.1.1.1 OR BE.1.1.2 OR BE.1.2 OR BE.1.2.1 OR BE.1.3 OR BE.1.4 OR BE.1.4.1 OR BE.1.4.2 OR BE.1.4.3 OR BE.1.4.4 OR BE.2 OR BE.3 OR BE.4 OR BE.4.1 OR BE.4.1.1 OR BE.4.2 OR BE.5 OR BE.6 OR BE.7 OR BE.8 OR BE.9 OR BE.10 OR BF.1 OR BF.1.1 OR BF.2 OR BF.3 OR BF.3.1 OR BF.4 OR BF.5 OR BF.5.1 OR BF.5.2 OR BF.6 OR BF.7 OR BF.7.1 OR BF.7.2 OR BF.7.3 OR BF.7.4 OR BF.7.4.1 OR BF.7.4.2 OR BF.7.5 OR BF.7.5.1 OR BF.7.6 OR BF.7.7 OR BF.7.8 OR BF.7.9 OR BF.7.10 OR BF.7.11 OR BF.7.12 OR BF.7.13 OR BF.7.13.1 OR BF.7.13.2 OR BF.7.14 OR BF.7.15 OR BF.8 OR BF.9 OR BF.10 OR BF.10.1 OR BF.11 OR BF.11.1 OR BF.11.2 OR BF.11.3 OR BF.11.4 OR BF.11.5 OR BF.12 OR BF.13 OR BF.14 OR BF.15 OR BF.16 OR BF.17 OR BF.18 OR BF.19 OR BF.20 OR BF.21 OR BF.22 OR BF.23 OR BF.24 OR BF.25 OR BF.26 OR BF.27 OR BF.28 OR BF.29 OR BF.30 OR BF.31 OR BF.31.1 OR BF.32 OR BF.33 OR BF.34 OR BG.1 OR BG.2 OR BG.3 OR BG.4 OR BG.5 OR BG.6 OR BG.7 OR BH.1 OR BJ.1 OR BK.1 OR BL.1 OR BL.1.1 OR BL.1.2 OR BL.1.3 OR BL.1.4 OR BL.2 OR BL.2.1 OR BL.3 OR BL.4 OR BL.5 OR BL.6 OR BM.1 OR BM.1.1 OR BM.1.1.1 OR BM.1.1.2 OR BM.1.1.3 OR BM.1.1.4 OR BM.1.1.5 OR BM.2 OR BM.2.1 OR BM.2.2 OR BM.2.3 OR BM.3 OR BM.4 OR BM.4.1 OR BM.4.1.1 OR BM.5 OR BM.6 OR BN.1 OR BN.1.1 OR BN.1.1.1 OR BN.1.2 OR BN.1.2.1 OR BN.1.3 OR BN.1.3.1 OR BN.1.3.2 OR BN.1.3.3 OR BN.1.3.4 OR BN.1.4 OR BN.1.4.1 OR BN.1.5 OR BN.1.5.1 OR BN.1.6 OR BN.1.7 OR BN.1.8 OR BN.1.9 OR BN.2 OR BN.2.1 OR BN.3 OR BN.3.1 OR BN.4 OR BN.5 OR BN.6 OR BP.1 OR BQ.1 OR BQ.1.1 OR BQ.1.1.1 OR BQ.1.1.2 OR BQ.1.1.3 OR BQ.1.1.4 OR BQ.1.1.5 OR BQ.1.1.6 OR BQ.1.1.7 OR BQ.1.1.8 OR BQ.1.1.9 OR BQ.1.1.10 OR BQ.1.1.11 OR BQ.1.1.12 OR BQ.1.1.13 OR BQ.1.1.14 OR BQ.1.1.15 OR BQ.1.1.16 OR BQ.1.1.17 OR BQ.1.1.18 OR BQ.1.1.19 OR BQ.1.1.20 OR BQ.1.1.21 OR BQ.1.1.22 OR BQ.1.1.23 OR BQ.1.1.24 OR BQ.1.1.25 OR BQ.1.1.26 OR BQ.1.1.27 OR BQ.1.1.28 OR BQ.1.1.29 OR BQ.1.1.30 OR BQ.1.1.31 OR BQ.1.1.32 OR BQ.1.1.34 OR BQ.1.1.35 OR BQ.1.1.36 OR BQ.1.2 OR BQ.1.3 OR BQ.1.4 OR BQ.1.5 OR BQ.1.6 OR BQ.1.7 OR BQ.1.8 OR BQ.1.8.1 OR BQ.1.8.2 OR BQ.1.9 OR BQ.1.10 OR BQ.1.10.1 OR BQ.1.11 OR BQ.1.12 OR BQ.1.13 OR BQ.1.13.1 OR BQ.1.14 OR BQ.1.15 OR BQ.1.16 OR BQ.1.17 OR BQ.1.18 OR BQ.1.19 OR BQ.1.20 OR BQ.1.21 OR BQ.1.22 OR BQ.1.23 OR BQ.1.24 OR BQ.1.25 OR BQ.1.25.1 OR BQ.1.26 OR BQ.1.26.1 OR BQ.1.27 OR BQ.1.28 OR BQ.2 OR BR.1 OR BR.1.1 OR BR.1.2 OR BR.2 OR BR.2.1 OR BR.3 OR BR.4 OR BS.1 OR BS.1.1 OR BS.1.2 OR BT.1 OR BT.2 OR BU.1 OR BU.2 OR BU.3 OR BV.1 OR BV.2 OR BW.1 OR BW.1.1 OR BY.1 OR BY.1.1 OR BY.1.1.1 OR BY.1.2 OR BY.1.2.1 OR BZ.1 OR CA.1 OR CA.2 OR CA.3 OR CA.3.1 OR CA.4 OR CA.5 OR CA.6 OR CA.7 OR CB.1 OR CC.1 OR CD.1 OR CD.2 OR CE.1 OR CF.1 OR CG.1 OR CH.1 OR CH.1.1 OR CH.1.1.1 OR CH.1.1.2 OR CH.1.1.3 OR CH.1.1.4 OR CH.1.1.5 OR CH.2 OR CH.3 OR CH.3.1 OR CJ.1 OR CJ.1.1 OR CK.1 OR CK.1.1 OR CK.1.2 OR CK.2 OR CK.2.1 OR CK.2.1.1 OR CK.3 OR CL.1 OR CM.1 OR CM.2 OR CM.2.1 OR CM.3 OR CM.4 OR CM.4.1 OR CM.5 OR CM.5.1 OR CM.5.2 OR CM.6 OR CM.6.1 OR CM.7 OR CM.8 OR CM.8.1 OR CM.9 OR CM.10 OR CM.11 OR CM.12 OR CN.1 OR CN.2 OR CP.1 OR CP.1.1 OR CP.1.2 OR CP.1.3 OR CP.2 OR CP.3 OR CP.4 OR CP.5 OR CP.6 OR CQ.1 OR CQ.1.1 OR CQ.2 OR CR.1 OR CR.1.1 OR CR.1.2 OR CR.1.3 OR CR.2 OR CS.1 OR CT.1 OR CU.1 OR CV.1 OR CV.2 OR CW.1 OR CY.1 OR CZ.1 OR DA.1 OR DB.1 OR DB.2 OR DC.1 OR DD.1 OR DE.1 OR DE.2 OR DF.1 OR DF.1.1 OR DG.1 OR DH.1 OR DJ.1 OR DJ.1.1 OR DJ.1.2 OR DJ.1.3 OR DK.1 OR DL.1 OR DM.1 OR DN.1 OR DN.1.1 OR DP.1 OR DQ.1 OR DR.1 OR DS.1 OR DT.1 OR DU.1 OR DV.1,Omicron,,,
2021-12-21,16,15,7.66666666666667,4.5,0.58695652173913,0.198965611281496,0.801034388718504,B.1.1.529 OR BA.1 OR BA.1.1 OR BA.1.1.1 OR BA.1.1.2 OR BA.1.1.3 OR BA.1.1.4 OR BA.1.1.5 OR BA.1.1.6 OR BA.1.1.7 OR BA.1.1.8 OR BA.1.1.9 OR BA.1.1.10 OR BA.1.1.11 OR BA.1.1.12 OR BA.1.1.13 OR BA.1.1.14 OR BA.1.1.15 OR BA.1.1.16 OR BA.1.1.17 OR BA.1.1.18 OR BA.1.2 OR BA.1.3 OR BA.1.4 OR BA.1.5 OR BA.1.6 OR BA.1.7 OR BA.1.8 OR BA.1.9 OR BA.1.10 OR BA.1.12 OR BA.1.13 OR BA.1.13.1 OR BA.1.14 OR BA.1.14.1 OR BA.1.14.2 OR BA.1.15 OR BA.1.15.1 OR BA.1.15.2 OR BA.1.15.3 OR BA.1.16 OR BA.1.16.1 OR BA.1.16.2 OR BA.1.17 OR BA.1.17.1 OR BA.1.17.2 OR BA.1.18 OR BA.1.19 OR BA.1.20 OR BA.1.21 OR BA.1.21.1 OR BA.1.22 OR BA.1.23 OR BA.1.24 OR BA.2 OR BA.2.1 OR BA.2.2 OR BA.2.2.1 OR BA.2.3 OR BA.2.3.1 OR BA.2.3.2 OR BA.2.3.4 OR BA.2.3.5 OR BA.2.3.6 OR BA.2.3.7 OR BA.2.3.8 OR BA.2.3.9 OR BA.2.3.10 OR BA.2.3.11 OR BA.2.3.12 OR BA.2.3.13 OR BA.2.3.14 OR BA.2.3.15 OR BA.2.3.16 OR BA.2.3.17 OR BA.2.3.18 OR BA.2.3.19 OR BA.2.3.20 OR BA.2.3.21 OR BA.2.3.22 OR BA.2.4 OR BA.2.5 OR BA.2.6 OR BA.2.7 OR BA.2.8 OR BA.2.9 OR BA.2.9.1 OR BA.2.9.2 OR BA.2.9.3 OR BA.2.9.4 OR BA.2.9.5 OR BA.2.9.6 OR BA.2.9.7 OR BA.2.10 OR BA.2.10.1 OR BA.2.10.2 OR BA.2.10.3 OR BA.2.10.4 OR BA.2.11 OR BA.2.12 OR BA.2.12.1 OR BA.2.12.2 OR BA.2.13 OR BA.2.13.1 OR BA.2.14 OR BA.2.15 OR BA.2.16 OR BA.2.17 OR BA.2.18 OR BA.2.19 OR BA.2.20 OR BA.2.21 OR BA.2.22 OR BA.2.23 OR BA.2.23.1 OR BA.2.24 OR BA.2.25 OR BA.2.25.1 OR BA.2.26 OR BA.2.27 OR BA.2.28 OR BA.2.29 OR BA.2.30 OR BA.2.31 OR BA.2.31.1 OR BA.2.32 OR BA.2.33 OR BA.2.34 OR BA.2.35 OR BA.2.36 OR BA.2.37 OR BA.2.38 OR BA.2.38.1 OR BA.2.38.2 OR BA.2.38.3 OR BA.2.38.4 OR BA.2.39 OR BA.2.40 OR BA.2.40.1 OR BA.2.41 OR BA.2.42 OR BA.2.43 OR BA.2.44 OR BA.2.45 OR BA.2.46 OR BA.2.47 OR BA.2.48 OR BA.2.49 OR BA.2.50 OR BA.2.51 OR BA.2.52 OR BA.2.53 OR BA.2.54 OR BA.2.55 OR BA.2.56 OR BA.2.56.1 OR BA.2.57 OR BA.2.58 OR BA.2.59 OR BA.2.60 OR BA.2.61 OR BA.2.62 OR BA.2.63 OR BA.2.64 OR BA.2.65 OR BA.2.66 OR BA.2.67 OR BA.2.68 OR BA.2.69 OR BA.2.70 OR BA.2.71 OR BA.2.72 OR BA.2.73 OR BA.2.74 OR BA.2.75 OR BA.2.75.1 OR BA.2.75.2 OR BA.2.75.3 OR BA.2.75.4 OR BA.2.75.5 OR BA.2.75.6 OR BA.2.75.7 OR BA.2.75.8 OR BA.2.75.9 OR BA.2.75.10 OR BA.2.76 OR BA.2.76.1 OR BA.2.76.2 OR BA.2.77 OR BA.2.78 OR BA.2.79 OR BA.2.79.1 OR BA.2.80 OR BA.2.81 OR BA.2.82 OR BA.2.83 OR BA.2.85 OR BA.3 OR BA.3.1 OR BA.4 OR BA.4.1 OR BA.4.1.1 OR BA.4.1.2 OR BA.4.1.3 OR BA.4.1.4 OR BA.4.1.5 OR BA.4.1.6 OR BA.4.1.7 OR BA.4.1.8 OR BA.4.1.9 OR BA.4.1.10 OR BA.4.2 OR BA.4.3 OR BA.4.4 OR BA.4.5 OR BA.4.6 OR BA.4.6.1 OR BA.4.6.2 OR BA.4.6.3 OR BA.4.6.4 OR BA.4.6.5 OR BA.4.7 OR BA.4.8 OR BA.5 OR BA.5.1 OR BA.5.1.1 OR BA.5.1.2 OR BA.5.1.3 OR BA.5.1.4 OR BA.5.1.5 OR BA.5.1.6 OR BA.5.1.7 OR BA.5.1.8 OR BA.5.1.9 OR BA.5.1.10 OR BA.5.1.11 OR BA.5.1.12 OR BA.5.1.14 OR BA.5.1.15 OR BA.5.1.16 OR BA.5.1.17 OR BA.5.1.18 OR BA.5.1.19 OR BA.5.1.20 OR BA.5.1.21 OR BA.5.1.22 OR BA.5.1.23 OR BA.5.1.24 OR BA.5.1.25 OR BA.5.1.26 OR BA.5.1.27 OR BA.5.1.28 OR BA.5.1.29 OR BA.5.1.30 OR BA.5.1.31 OR BA.5.1.32 OR BA.5.2 OR BA.5.2.1 OR BA.5.2.2 OR BA.5.2.3 OR BA.5.2.4 OR BA.5.2.5 OR BA.5.2.6 OR BA.5.2.7 OR BA.5.2.8 OR BA.5.2.9 OR BA.5.2.10 OR BA.5.2.11 OR BA.5.2.12 OR BA.5.2.13 OR BA.5.2.14 OR BA.5.2.16 OR BA.5.2.18 OR BA.5.2.19 OR BA.5.2.20 OR BA.5.2.21 OR BA.5.2.22 OR BA.5.2.23 OR BA.5.2.24 OR BA.5.2.25 OR BA.5.2.26 OR BA.5.2.27 OR BA.5.2.28 OR BA.5.2.29 OR BA.5.2.30 OR BA.5.2.31 OR BA.5.2.32 OR BA.5.2.33 OR BA.5.2.34 OR BA.5.2.35 OR BA.5.2.36 OR BA.5.2.37 OR BA.5.2.38 OR BA.5.2.39 OR BA.5.2.40 OR BA.5.2.41 OR BA.5.2.42 OR BA.5.2.43 OR BA.5.2.44 OR BA.5.2.45 OR BA.5.2.46 OR BA.5.2.47 OR BA.5.2.48 OR BA.5.2.49 OR BA.5.3 OR BA.5.3.1 OR BA.5.3.2 OR BA.5.3.3 OR BA.5.3.4 OR BA.5.3.5 OR BA.5.5 OR BA.5.5.1 OR BA.5.5.2 OR BA.5.5.3 OR BA.5.6 OR BA.5.6.1 OR BA.5.6.2 OR BA.5.6.3 OR BA.5.6.4 OR BA.5.7 OR BA.5.8 OR BA.5.9 OR BA.5.10 OR BA.5.10.1 OR BA.5.11 OR BC.1 OR BC.2 OR BD.1 OR BE.1 OR BE.1.1 OR BE.1.1.1 OR BE.1.1.2 OR BE.1.2 OR BE.1.2.1 OR BE.1.3 OR BE.1.4 OR BE.1.4.1 OR BE.1.4.2 OR BE.1.4.3 OR BE.1.4.4 OR BE.2 OR BE.3 OR BE.4 OR BE.4.1 OR BE.4.1.1 OR BE.4.2 OR BE.5 OR BE.6 OR BE.7 OR BE.8 OR BE.9 OR BE.10 OR BF.1 OR BF.1.1 OR BF.2 OR BF.3 OR BF.3.1 OR BF.4 OR BF.5 OR BF.5.1 OR BF.5.2 OR BF.6 OR BF.7 OR BF.7.1 OR BF.7.2 OR BF.7.3 OR BF.7.4 OR BF.7.4.1 OR BF.7.4.2 OR BF.7.5 OR BF.7.5.1 OR BF.7.6 OR BF.7.7 OR BF.7.8 OR BF.7.9 OR BF.7.10 OR BF.7.11 OR BF.7.12 OR BF.7.13 OR BF.7.13.1 OR BF.7.13.2 OR BF.7.14 OR BF.7.15 OR BF.8 OR BF.9 OR BF.10 OR BF.10.1 OR BF.11 OR BF.11.1 OR BF.11.2 OR BF.11.3 OR BF.11.4 OR BF.11.5 OR BF.12 OR BF.13 OR BF.14 OR BF.15 OR BF.16 OR BF.17 OR BF.18 OR BF.19 OR BF.20 OR BF.21 OR BF.22 OR BF.23 OR BF.24 OR BF.25 OR BF.26 OR BF.27 OR BF.28 OR BF.29 OR BF.30 OR BF.31 OR BF.31.1 OR BF.32 OR BF.33 OR BF.34 OR BG.1 OR BG.2 OR BG.3 OR BG.4 OR BG.5 OR BG.6 OR BG.7 OR BH.1 OR BJ.1 OR BK.1 OR BL.1 OR BL.1.1 OR BL.1.2 OR BL.1.3 OR BL.1.4 OR BL.2 OR BL.2.1 OR BL.3 OR BL.4 OR BL.5 OR BL.6 OR BM.1 OR BM.1.1 OR BM.1.1.1 OR BM.1.1.2 OR BM.1.1.3 OR BM.1.1.4 OR BM.1.1.5 OR BM.2 OR BM.2.1 OR BM.2.2 OR BM.2.3 OR BM.3 OR BM.4 OR BM.4.1 OR BM.4.1.1 OR BM.5 OR BM.6 OR BN.1 OR BN.1.1 OR BN.1.1.1 OR BN.1.2 OR BN.1.2.1 OR BN.1.3 OR BN.1.3.1 OR BN.1.3.2 OR BN.1.3.3 OR BN.1.3.4 OR BN.1.4 OR BN.1.4.1 OR BN.1.5 OR BN.1.5.1 OR BN.1.6 OR BN.1.7 OR BN.1.8 OR BN.1.9 OR BN.2 OR BN.2.1 OR BN.3 OR BN.3.1 OR BN.4 OR BN.5 OR BN.6 OR BP.1 OR BQ.1 OR BQ.1.1 OR BQ.1.1.1 OR BQ.1.1.2 OR BQ.1.1.3 OR BQ.1.1.4 OR BQ.1.1.5 OR BQ.1.1.6 OR BQ.1.1.7 OR BQ.1.1.8 OR BQ.1.1.9 OR BQ.1.1.10 OR BQ.1.1.11 OR BQ.1.1.12 OR BQ.1.1.13 OR BQ.1.1.14 OR BQ.1.1.15 OR BQ.1.1.16 OR BQ.1.1.17 OR BQ.1.1.18 OR BQ.1.1.19 OR BQ.1.1.20 OR BQ.1.1.21 OR BQ.1.1.22 OR BQ.1.1.23 OR BQ.1.1.24 OR BQ.1.1.25 OR BQ.1.1.26 OR BQ.1.1.27 OR BQ.1.1.28 OR BQ.1.1.29 OR BQ.1.1.30 OR BQ.1.1.31 OR BQ.1.1.32 OR BQ.1.1.34 OR BQ.1.1.35 OR BQ.1.1.36 OR BQ.1.2 OR BQ.1.3 OR BQ.1.4 OR BQ.1.5 OR BQ.1.6 OR BQ.1.7 OR BQ.1.8 OR BQ.1.8.1 OR BQ.1.8.2 OR BQ.1.9 OR BQ.1.10 OR BQ.1.10.1 OR BQ.1.11 OR BQ.1.12 OR BQ.1.13 OR BQ.1.13.1 OR BQ.1.14 OR BQ.1.15 OR BQ.1.16 OR BQ.1.17 OR BQ.1.18 OR BQ.1.19 OR BQ.1.20 OR BQ.1.21 OR BQ.1.22 OR BQ.1.23 OR BQ.1.24 OR BQ.1.25 OR BQ.1.25.1 OR BQ.1.26 OR BQ.1.26.1 OR BQ.1.27 OR BQ.1.28 OR BQ.2 OR BR.1 OR BR.1.1 OR BR.1.2 OR BR.2 OR BR.2.1 OR BR.3 OR BR.4 OR BS.1 OR BS.1.1 OR BS.1.2 OR BT.1 OR BT.2 OR BU.1 OR BU.2 OR BU.3 OR BV.1 OR BV.2 OR BW.1 OR BW.1.1 OR BY.1 OR BY.1.1 OR BY.1.1.1 OR BY.1.2 OR BY.1.2.1 OR BZ.1 OR CA.1 OR CA.2 OR CA.3 OR CA.3.1 OR CA.4 OR CA.5 OR CA.6 OR CA.7 OR CB.1 OR CC.1 OR CD.1 OR CD.2 OR CE.1 OR CF.1 OR CG.1 OR CH.1 OR CH.1.1 OR CH.1.1.1 OR CH.1.1.2 OR CH.1.1.3 OR CH.1.1.4 OR CH.1.1.5 OR CH.2 OR CH.3 OR CH.3.1 OR CJ.1 OR CJ.1.1 OR CK.1 OR CK.1.1 OR CK.1.2 OR CK.2 OR CK.2.1 OR CK.2.1.1 OR CK.3 OR CL.1 OR CM.1 OR CM.2 OR CM.2.1 OR CM.3 OR CM.4 OR CM.4.1 OR CM.5 OR CM.5.1 OR CM.5.2 OR CM.6 OR CM.6.1 OR CM.7 OR CM.8 OR CM.8.1 OR CM.9 OR CM.10 OR CM.11 OR CM.12 OR CN.1 OR CN.2 OR CP.1 OR CP.1.1 OR CP.1.2 OR CP.1.3 OR CP.2 OR CP.3 OR CP.4 OR CP.5 OR CP.6 OR CQ.1 OR CQ.1.1 OR CQ.2 OR CR.1 OR CR.1.1 OR CR.1.2 OR CR.1.3 OR CR.2 OR CS.1 OR CT.1 OR CU.1 OR CV.1 OR CV.2 OR CW.1 OR CY.1 OR CZ.1 OR DA.1 OR DB.1 OR DB.2 OR DC.1 OR DD.1 OR DE.1 OR DE.2 OR DF.1 OR DF.1.1 OR DG.1 OR DH.1 OR DJ.1 OR DJ.1.1 OR DJ.1.2 OR DJ.1.3 OR DK.1 OR DL.1 OR DM.1 OR DN.1 OR DN.1.1 OR DP.1 OR DQ.1 OR DR.1 OR DS.1 OR DT.1 OR DU.1 OR DV.1,Omicron,,,
2021-12-22,22,18,10.1666666666667,7.16666666666667,0.704918032786885,0.394181681851329,0.907305406061847,B.1.1.529 OR BA.1 OR BA.1.1 OR BA.1.1.1 OR BA.1.1.2 OR BA.1.1.3 OR BA.1.1.4 OR BA.1.1.5 OR BA.1.1.6 OR BA.1.1.7 OR BA.1.1.8 OR BA.1.1.9 OR BA.1.1.10 OR BA.1.1.11 OR BA.1.1.12 OR BA.1.1.13 OR BA.1.1.14 OR BA.1.1.15 OR BA.1.1.16 OR BA.1.1.17 OR BA.1.1.18 OR BA.1.2 OR BA.1.3 OR BA.1.4 OR BA.1.5 OR BA.1.6 OR BA.1.7 OR BA.1.8 OR BA.1.9 OR BA.1.10 OR BA.1.12 OR BA.1.13 OR BA.1.13.1 OR BA.1.14 OR BA.1.14.1 OR BA.1.14.2 OR BA.1.15 OR BA.1.15.1 OR BA.1.15.2 OR BA.1.15.3 OR BA.1.16 OR BA.1.16.1 OR BA.1.16.2 OR BA.1.17 OR BA.1.17.1 OR BA.1.17.2 OR BA.1.18 OR BA.1.19 OR BA.1.20 OR BA.1.21 OR BA.1.21.1 OR BA.1.22 OR BA.1.23 OR BA.1.24 OR BA.2 OR BA.2.1 OR BA.2.2 OR BA.2.2.1 OR BA.2.3 OR BA.2.3.1 OR BA.2.3.2 OR BA.2.3.4 OR BA.2.3.5 OR BA.2.3.6 OR BA.2.3.7 OR BA.2.3.8 OR BA.2.3.9 OR BA.2.3.10 OR BA.2.3.11 OR BA.2.3.12 OR BA.2.3.13 OR BA.2.3.14 OR BA.2.3.15 OR BA.2.3.16 OR BA.2.3.17 OR BA.2.3.18 OR BA.2.3.19 OR BA.2.3.20 OR BA.2.3.21 OR BA.2.3.22 OR BA.2.4 OR BA.2.5 OR BA.2.6 OR BA.2.7 OR BA.2.8 OR BA.2.9 OR BA.2.9.1 OR BA.2.9.2 OR BA.2.9.3 OR BA.2.9.4 OR BA.2.9.5 OR BA.2.9.6 OR BA.2.9.7 OR BA.2.10 OR BA.2.10.1 OR BA.2.10.2 OR BA.2.10.3 OR BA.2.10.4 OR BA.2.11 OR BA.2.12 OR BA.2.12.1 OR BA.2.12.2 OR BA.2.13 OR BA.2.13.1 OR BA.2.14 OR BA.2.15 OR BA.2.16 OR BA.2.17 OR BA.2.18 OR BA.2.19 OR BA.2.20 OR BA.2.21 OR BA.2.22 OR BA.2.23 OR BA.2.23.1 OR BA.2.24 OR BA.2.25 OR BA.2.25.1 OR BA.2.26 OR BA.2.27 OR BA.2.28 OR BA.2.29 OR BA.2.30 OR BA.2.31 OR BA.2.31.1 OR BA.2.32 OR BA.2.33 OR BA.2.34 OR BA.2.35 OR BA.2.36 OR BA.2.37 OR BA.2.38 OR BA.2.38.1 OR BA.2.38.2 OR BA.2.38.3 OR BA.2.38.4 OR BA.2.39 OR BA.2.40 OR BA.2.40.1 OR BA.2.41 OR BA.2.42 OR BA.2.43 OR BA.2.44 OR BA.2.45 OR BA.2.46 OR BA.2.47 OR BA.2.48 OR BA.2.49 OR BA.2.50 OR BA.2.51 OR BA.2.52 OR BA.2.53 OR BA.2.54 OR BA.2.55 OR BA.2.56 OR BA.2.56.1 OR BA.2.57 OR BA.2.58 OR BA.2.59 OR BA.2.60 OR BA.2.61 OR BA.2.62 OR BA.2.63 OR BA.2.64 OR BA.2.65 OR BA.2.66 OR BA.2.67 OR BA.2.68 OR BA.2.69 OR BA.2.70 OR BA.2.71 OR BA.2.72 OR BA.2.73 OR BA.2.74 OR BA.2.75 OR BA.2.75.1 OR BA.2.75.2 OR BA.2.75.3 OR BA.2.75.4 OR BA.2.75.5 OR BA.2.75.6 OR BA.2.75.7 OR BA.2.75.8 OR BA.2.75.9 OR BA.2.75.10 OR BA.2.76 OR BA.2.76.1 OR BA.2.76.2 OR BA.2.77 OR BA.2.78 OR BA.2.79 OR BA.2.79.1 OR BA.2.80 OR BA.2.81 OR BA.2.82 OR BA.2.83 OR BA.2.85 OR BA.3 OR BA.3.1 OR BA.4 OR BA.4.1 OR BA.4.1.1 OR BA.4.1.2 OR BA.4.1.3 OR BA.4.1.4 OR BA.4.1.5 OR BA.4.1.6 OR BA.4.1.7 OR BA.4.1.8 OR BA.4.1.9 OR BA.4.1.10 OR BA.4.2 OR BA.4.3 OR BA.4.4 OR BA.4.5 OR BA.4.6 OR BA.4.6.1 OR BA.4.6.2 OR BA.4.6.3 OR BA.4.6.4 OR BA.4.6.5 OR BA.4.7 OR BA.4.8 OR BA.5 OR BA.5.1 OR BA.5.1.1 OR BA.5.1.2 OR BA.5.1.3 OR BA.5.1.4 OR BA.5.1.5 OR BA.5.1.6 OR BA.5.1.7 OR BA.5.1.8 OR BA.5.1.9 OR BA.5.1.10 OR BA.5.1.11 OR BA.5.1.12 OR BA.5.1.14 OR BA.5.1.15 OR BA.5.1.16 OR BA.5.1.17 OR BA.5.1.18 OR BA.5.1.19 OR BA.5.1.20 OR BA.5.1.21 OR BA.5.1.22 OR BA.5.1.23 OR BA.5.1.24 OR BA.5.1.25 OR BA.5.1.26 OR BA.5.1.27 OR BA.5.1.28 OR BA.5.1.29 OR BA.5.1.30 OR BA.5.1.31 OR BA.5.1.32 OR BA.5.2 OR BA.5.2.1 OR BA.5.2.2 OR BA.5.2.3 OR BA.5.2.4 OR BA.5.2.5 OR BA.5.2.6 OR BA.5.2.7 OR BA.5.2.8 OR BA.5.2.9 OR BA.5.2.10 OR BA.5.2.11 OR BA.5.2.12 OR BA.5.2.13 OR BA.5.2.14 OR BA.5.2.16 OR BA.5.2.18 OR BA.5.2.19 OR BA.5.2.20 OR BA.5.2.21 OR BA.5.2.22 OR BA.5.2.23 OR BA.5.2.24 OR BA.5.2.25 OR BA.5.2.26 OR BA.5.2.27 OR BA.5.2.28 OR BA.5.2.29 OR BA.5.2.30 OR BA.5.2.31 OR BA.5.2.32 OR BA.5.2.33 OR BA.5.2.34 OR BA.5.2.35 OR BA.5.2.36 OR BA.5.2.37 OR BA.5.2.38 OR BA.5.2.39 OR BA.5.2.40 OR BA.5.2.41 OR BA.5.2.42 OR BA.5.2.43 OR BA.5.2.44 OR BA.5.2.45 OR BA.5.2.46 OR BA.5.2.47 OR BA.5.2.48 OR BA.5.2.49 OR BA.5.3 OR BA.5.3.1 OR BA.5.3.2 OR BA.5.3.3 OR BA.5.3.4 OR BA.5.3.5 OR BA.5.5 OR BA.5.5.1 OR BA.5.5.2 OR BA.5.5.3 OR BA.5.6 OR BA.5.6.1 OR BA.5.6.2 OR BA.5.6.3 OR BA.5.6.4 OR BA.5.7 OR BA.5.8 OR BA.5.9 OR BA.5.10 OR BA.5.10.1 OR BA.5.11 OR BC.1 OR BC.2 OR BD.1 OR BE.1 OR BE.1.1 OR BE.1.1.1 OR BE.1.1.2 OR BE.1.2 OR BE.1.2.1 OR BE.1.3 OR BE.1.4 OR BE.1.4.1 OR BE.1.4.2 OR BE.1.4.3 OR BE.1.4.4 OR BE.2 OR BE.3 OR BE.4 OR BE.4.1 OR BE.4.1.1 OR BE.4.2 OR BE.5 OR BE.6 OR BE.7 OR BE.8 OR BE.9 OR BE.10 OR BF.1 OR BF.1.1 OR BF.2 OR BF.3 OR BF.3.1 OR BF.4 OR BF.5 OR BF.5.1 OR BF.5.2 OR BF.6 OR BF.7 OR BF.7.1 OR BF.7.2 OR BF.7.3 OR BF.7.4 OR BF.7.4.1 OR BF.7.4.2 OR BF.7.5 OR BF.7.5.1 OR BF.7.6 OR BF.7.7 OR BF.7.8 OR BF.7.9 OR BF.7.10 OR BF.7.11 OR BF.7.12 OR BF.7.13 OR BF.7.13.1 OR BF.7.13.2 OR BF.7.14 OR BF.7.15 OR BF.8 OR BF.9 OR BF.10 OR BF.10.1 OR BF.11 OR BF.11.1 OR BF.11.2 OR BF.11.3 OR BF.11.4 OR BF.11.5 OR BF.12 OR BF.13 OR BF.14 OR BF.15 OR BF.16 OR BF.17 OR BF.18 OR BF.19 OR BF.20 OR BF.21 OR BF.22 OR BF.23 OR BF.24 OR BF.25 OR BF.26 OR BF.27 OR BF.28 OR BF.29 OR BF.30 OR BF.31 OR BF.31.1 OR BF.32 OR BF.33 OR BF.34 OR BG.1 OR BG.2 OR BG.3 OR BG.4 OR BG.5 OR BG.6 OR BG.7 OR BH.1 OR BJ.1 OR BK.1 OR BL.1 OR BL.1.1 OR BL.1.2 OR BL.1.3 OR BL.1.4 OR BL.2 OR BL.2.1 OR BL.3 OR BL.4 OR BL.5 OR BL.6 OR BM.1 OR BM.1.1 OR BM.1.1.1 OR BM.1.1.2 OR BM.1.1.3 OR BM.1.1.4 OR BM.1.1.5 OR BM.2 OR BM.2.1 OR BM.2.2 OR BM.2.3 OR BM.3 OR BM.4 OR BM.4.1 OR BM.4.1.1 OR BM.5 OR BM.6 OR BN.1 OR BN.1.1 OR BN.1.1.1 OR BN.1.2 OR BN.1.2.1 OR BN.1.3 OR BN.1.3.1 OR BN.1.3.2 OR BN.1.3.3 OR BN.1.3.4 OR BN.1.4 OR BN.1.4.1 OR BN.1.5 OR BN.1.5.1 OR BN.1.6 OR BN.1.7 OR BN.1.8 OR BN.1.9 OR BN.2 OR BN.2.1 OR BN.3 OR BN.3.1 OR BN.4 OR BN.5 OR BN.6 OR BP.1 OR BQ.1 OR BQ.1.1 OR BQ.1.1.1 OR BQ.1.1.2 OR BQ.1.1.3 OR BQ.1.1.4 OR BQ.1.1.5 OR BQ.1.1.6 OR BQ.1.1.7 OR BQ.1.1.8 OR BQ.1.1.9 OR BQ.1.1.10 OR BQ.1.1.11 OR BQ.1.1.12 OR BQ.1.1.13 OR BQ.1.1.14 OR BQ.1.1.15 OR BQ.1.1.16 OR BQ.1.1.17 OR BQ.1.1.18 OR BQ.1.1.19 OR BQ.1.1.20 OR BQ.1.1.21 OR BQ.1.1.22 OR BQ.1.1.23 OR BQ.1.1.24 OR BQ.1.1.25 OR BQ.1.1.26 OR BQ.1.1.27 OR BQ.1.1.28 OR BQ.1.1.29 OR BQ.1.1.30 OR BQ.1.1.31 OR BQ.1.1.32 OR BQ.1.1.34 OR BQ.1.1.35 OR BQ.1.1.36 OR BQ.1.2 OR BQ.1.3 OR BQ.1.4 OR BQ.1.5 OR BQ.1.6 OR BQ.1.7 OR BQ.1.8 OR BQ.1.8.1 OR BQ.1.8.2 OR BQ.1.9 OR BQ.1.10 OR BQ.1.10.1 OR BQ.1.11 OR BQ.1.12 OR BQ.1.13 OR BQ.1.13.1 OR BQ.1.14 OR BQ.1.15 OR BQ.1.16 OR BQ.1.17 OR BQ.1.18 OR BQ.1.19 OR BQ.1.20 OR BQ.1.21 OR BQ.1.22 OR BQ.1.23 OR BQ.1.24 OR BQ.1.25 OR BQ.1.25.1 OR BQ.1.26 OR BQ.1.26.1 OR BQ.1.27 OR BQ.1.28 OR BQ.2 OR BR.1 OR BR.1.1 OR BR.1.2 OR BR.2 OR BR.2.1 OR BR.3 OR BR.4 OR BS.1 OR BS.1.1 OR BS.1.2 OR BT.1 OR BT.2 OR BU.1 OR BU.2 OR BU.3 OR BV.1 OR BV.2 OR BW.1 OR BW.1.1 OR BY.1 OR BY.1.1 OR BY.1.1.1 OR BY.1.2 OR BY.1.2.1 OR BZ.1 OR CA.1 OR CA.2 OR CA.3 OR CA.3.1 OR CA.4 OR CA.5 OR CA.6 OR CA.7 OR CB.1 OR CC.1 OR CD.1 OR CD.2 OR CE.1 OR CF.1 OR CG.1 OR CH.1 OR CH.1.1 OR CH.1.1.1 OR CH.1.1.2 OR CH.1.1.3 OR CH.1.1.4 OR CH.1.1.5 OR CH.2 OR CH.3 OR CH.3.1 OR CJ.1 OR CJ.1.1 OR CK.1 OR CK.1.1 OR CK.1.2 OR CK.2 OR CK.2.1 OR CK.2.1.1 OR CK.3 OR CL.1 OR CM.1 OR CM.2 OR CM.2.1 OR CM.3 OR CM.4 OR CM.4.1 OR CM.5 OR CM.5.1 OR CM.5.2 OR CM.6 OR CM.6.1 OR CM.7 OR CM.8 OR CM.8.1 OR CM.9 OR CM.10 OR CM.11 OR CM.12 OR CN.1 OR CN.2 OR CP.1 OR CP.1.1 OR CP.1.2 OR CP.1.3 OR CP.2 OR CP.3 OR CP.4 OR CP.5 OR CP.6 OR CQ.1 OR CQ.1.1 OR CQ.2 OR CR.1 OR CR.1.1 OR CR.1.2 OR CR.1.3 OR CR.2 OR CS.1 OR CT.1 OR CU.1 OR CV.1 OR CV.2 OR CW.1 OR CY.1 OR CZ.1 OR DA.1 OR DB.1 OR DB.2 OR DC.1 OR DD.1 OR DE.1 OR DE.2 OR DF.1 OR DF.1.1 OR DG.1 OR DH.1 OR DJ.1 OR DJ.1.1 OR DJ.1.2 OR DJ.1.3 OR DK.1 OR DL.1 OR DM.1 OR DN.1 OR DN.1.1 OR DP.1 OR DQ.1 OR DR.1 OR DS.1 OR DT.1 OR DU.1 OR DV.1,Omicron,,,
2021-12-23,1,1,9.5,7.16666666666667,0.754385964912281,0.394181681851329,0.907305406061847,B.1.1.529 OR BA.1 OR BA.1.1 OR BA.1.1.1 OR BA.1.1.2 OR BA.1.1.3 OR BA.1.1.4 OR BA.1.1.5 OR BA.1.1.6 OR BA.1.1.7 OR BA.1.1.8 OR BA.1.1.9 OR BA.1.1.10 OR BA.1.1.11 OR BA.1.1.12 OR BA.1.1.13 OR BA.1.1.14 OR BA.1.1.15 OR BA.1.1.16 OR BA.1.1.17 OR BA.1.1.18 OR BA.1.2 OR BA.1.3 OR BA.1.4 OR BA.1.5 OR BA.1.6 OR BA.1.7 OR BA.1.8 OR BA.1.9 OR BA.1.10 OR BA.1.12 OR BA.1.13 OR BA.1.13.1 OR BA.1.14 OR BA.1.14.1 OR BA.1.14.2 OR BA.1.15 OR BA.1.15.1 OR BA.1.15.2 OR BA.1.15.3 OR BA.1.16 OR BA.1.16.1 OR BA.1.16.2 OR BA.1.17 OR BA.1.17.1 OR BA.1.17.2 OR BA.1.18 OR BA.1.19 OR BA.1.20 OR BA.1.21 OR BA.1.21.1 OR BA.1.22 OR BA.1.23 OR BA.1.24 OR BA.2 OR BA.2.1 OR BA.2.2 OR BA.2.2.1 OR BA.2.3 OR BA.2.3.1 OR BA.2.3.2 OR BA.2.3.4 OR BA.2.3.5 OR BA.2.3.6 OR BA.2.3.7 OR BA.2.3.8 OR BA.2.3.9 OR BA.2.3.10 OR BA.2.3.11 OR BA.2.3.12 OR BA.2.3.13 OR BA.2.3.14 OR BA.2.3.15 OR BA.2.3.16 OR BA.2.3.17 OR BA.2.3.18 OR BA.2.3.19 OR BA.2.3.20 OR BA.2.3.21 OR BA.2.3.22 OR BA.2.4 OR BA.2.5 OR BA.2.6 OR BA.2.7 OR BA.2.8 OR BA.2.9 OR BA.2.9.1 OR BA.2.9.2 OR BA.2.9.3 OR BA.2.9.4 OR BA.2.9.5 OR BA.2.9.6 OR BA.2.9.7 OR BA.2.10 OR BA.2.10.1 OR BA.2.10.2 OR BA.2.10.3 OR BA.2.10.4 OR BA.2.11 OR BA.2.12 OR BA.2.12.1 OR BA.2.12.2 OR BA.2.13 OR BA.2.13.1 OR BA.2.14 OR BA.2.15 OR BA.2.16 OR BA.2.17 OR BA.2.18 OR BA.2.19 OR BA.2.20 OR BA.2.21 OR BA.2.22 OR BA.2.23 OR BA.2.23.1 OR BA.2.24 OR BA.2.25 OR BA.2.25.1 OR BA.2.26 OR BA.2.27 OR BA.2.28 OR BA.2.29 OR BA.2.30 OR BA.2.31 OR BA.2.31.1 OR BA.2.32 OR BA.2.33 OR BA.2.34 OR BA.2.35 OR BA.2.36 OR BA.2.37 OR BA.2.38 OR BA.2.38.1 OR BA.2.38.2 OR BA.2.38.3 OR BA.2.38.4 OR BA.2.39 OR BA.2.40 OR BA.2.40.1 OR BA.2.41 OR BA.2.42 OR BA.2.43 OR BA.2.44 OR BA.2.45 OR BA.2.46 OR BA.2.47 OR BA.2.48 OR BA.2.49 OR BA.2.50 OR BA.2.51 OR BA.2.52 OR BA.2.53 OR BA.2.54 OR BA.2.55 OR BA.2.56 OR BA.2.56.1 OR BA.2.57 OR BA.2.58 OR BA.2.59 OR BA.2.60 OR BA.2.61 OR BA.2.62 OR BA.2.63 OR BA.2.64 OR BA.2.65 OR BA.2.66 OR BA.2.67 OR BA.2.68 OR BA.2.69 OR BA.2.70 OR BA.2.71 OR BA.2.72 OR BA.2.73 OR BA.2.74 OR BA.2.75 OR BA.2.75.1 OR BA.2.75.2 OR BA.2.75.3 OR BA.2.75.4 OR BA.2.75.5 OR BA.2.75.6 OR BA.2.75.7 OR BA.2.75.8 OR BA.2.75.9 OR BA.2.75.10 OR BA.2.76 OR BA.2.76.1 OR BA.2.76.2 OR BA.2.77 OR BA.2.78 OR BA.2.79 OR BA.2.79.1 OR BA.2.80 OR BA.2.81 OR BA.2.82 OR BA.2.83 OR BA.2.85 OR BA.3 OR BA.3.1 OR BA.4 OR BA.4.1 OR BA.4.1.1 OR BA.4.1.2 OR BA.4.1.3 OR BA.4.1.4 OR BA.4.1.5 OR BA.4.1.6 OR BA.4.1.7 OR BA.4.1.8 OR BA.4.1.9 OR BA.4.1.10 OR BA.4.2 OR BA.4.3 OR BA.4.4 OR BA.4.5 OR BA.4.6 OR BA.4.6.1 OR BA.4.6.2 OR BA.4.6.3 OR BA.4.6.4 OR BA.4.6.5 OR BA.4.7 OR BA.4.8 OR BA.5 OR BA.5.1 OR BA.5.1.1 OR BA.5.1.2 OR BA.5.1.3 OR BA.5.1.4 OR BA.5.1.5 OR BA.5.1.6 OR BA.5.1.7 OR BA.5.1.8 OR BA.5.1.9 OR BA.5.1.10 OR BA.5.1.11 OR BA.5.1.12 OR BA.5.1.14 OR BA.5.1.15 OR BA.5.1.16 OR BA.5.1.17 OR BA.5.1.18 OR BA.5.1.19 OR BA.5.1.20 OR BA.5.1.21 OR BA.5.1.22 OR BA.5.1.23 OR BA.5.1.24 OR BA.5.1.25 OR BA.5.1.26 OR BA.5.1.27 OR BA.5.1.28 OR BA.5.1.29 OR BA.5.1.30 OR BA.5.1.31 OR BA.5.1.32 OR BA.5.2 OR BA.5.2.1 OR BA.5.2.2 OR BA.5.2.3 OR BA.5.2.4 OR BA.5.2.5 OR BA.5.2.6 OR BA.5.2.7 OR BA.5.2.8 OR BA.5.2.9 OR BA.5.2.10 OR BA.5.2.11 OR BA.5.2.12 OR BA.5.2.13 OR BA.5.2.14 OR BA.5.2.16 OR BA.5.2.18 OR BA.5.2.19 OR BA.5.2.20 OR BA.5.2.21 OR BA.5.2.22 OR BA.5.2.23 OR BA.5.2.24 OR BA.5.2.25 OR BA.5.2.26 OR BA.5.2.27 OR BA.5.2.28 OR BA.5.2.29 OR BA.5.2.30 OR BA.5.2.31 OR BA.5.2.32 OR BA.5.2.33 OR BA.5.2.34 OR BA.5.2.35 OR BA.5.2.36 OR BA.5.2.37 OR BA.5.2.38 OR BA.5.2.39 OR BA.5.2.40 OR BA.5.2.41 OR BA.5.2.42 OR BA.5.2.43 OR BA.5.2.44 OR BA.5.2.45 OR BA.5.2.46 OR BA.5.2.47 OR BA.5.2.48 OR BA.5.2.49 OR BA.5.3 OR BA.5.3.1 OR BA.5.3.2 OR BA.5.3.3 OR BA.5.3.4 OR BA.5.3.5 OR BA.5.5 OR BA.5.5.1 OR BA.5.5.2 OR BA.5.5.3 OR BA.5.6 OR BA.5.6.1 OR BA.5.6.2 OR BA.5.6.3 OR BA.5.6.4 OR BA.5.7 OR BA.5.8 OR BA.5.9 OR BA.5.10 OR BA.5.10.1 OR BA.5.11 OR BC.1 OR BC.2 OR BD.1 OR BE.1 OR BE.1.1 OR BE.1.1.1 OR BE.1.1.2 OR BE.1.2 OR BE.1.2.1 OR BE.1.3 OR BE.1.4 OR BE.1.4.1 OR BE.1.4.2 OR BE.1.4.3 OR BE.1.4.4 OR BE.2 OR BE.3 OR BE.4 OR BE.4.1 OR BE.4.1.1 OR BE.4.2 OR BE.5 OR BE.6 OR BE.7 OR BE.8 OR BE.9 OR BE.10 OR BF.1 OR BF.1.1 OR BF.2 OR BF.3 OR BF.3.1 OR BF.4 OR BF.5 OR BF.5.1 OR BF.5.2 OR BF.6 OR BF.7 OR BF.7.1 OR BF.7.2 OR BF.7.3 OR BF.7.4 OR BF.7.4.1 OR BF.7.4.2 OR BF.7.5 OR BF.7.5.1 OR BF.7.6 OR BF.7.7 OR BF.7.8 OR BF.7.9 OR BF.7.10 OR BF.7.11 OR BF.7.12 OR BF.7.13 OR BF.7.13.1 OR BF.7.13.2 OR BF.7.14 OR BF.7.15 OR BF.8 OR BF.9 OR BF.10 OR BF.10.1 OR BF.11 OR BF.11.1 OR BF.11.2 OR BF.11.3 OR BF.11.4 OR BF.11.5 OR BF.12 OR BF.13 OR BF.14 OR BF.15 OR BF.16 OR BF.17 OR BF.18 OR BF.19 OR BF.20 OR BF.21 OR BF.22 OR BF.23 OR BF.24 OR BF.25 OR BF.26 OR BF.27 OR BF.28 OR BF.29 OR BF.30 OR BF.31 OR BF.31.1 OR BF.32 OR BF.33 OR BF.34 OR BG.1 OR BG.2 OR BG.3 OR BG.4 OR BG.5 OR BG.6 OR BG.7 OR BH.1 OR BJ.1 OR BK.1 OR BL.1 OR BL.1.1 OR BL.1.2 OR BL.1.3 OR BL.1.4 OR BL.2 OR BL.2.1 OR BL.3 OR BL.4 OR BL.5 OR BL.6 OR BM.1 OR BM.1.1 OR BM.1.1.1 OR BM.1.1.2 OR BM.1.1.3 OR BM.1.1.4 OR BM.1.1.5 OR BM.2 OR BM.2.1 OR BM.2.2 OR BM.2.3 OR BM.3 OR BM.4 OR BM.4.1 OR BM.4.1.1 OR BM.5 OR BM.6 OR BN.1 OR BN.1.1 OR BN.1.1.1 OR BN.1.2 OR BN.1.2.1 OR BN.1.3 OR BN.1.3.1 OR BN.1.3.2 OR BN.1.3.3 OR BN.1.3.4 OR BN.1.4 OR BN.1.4.1 OR BN.1.5 OR BN.1.5.1 OR BN.1.6 OR BN.1.7 OR BN.1.8 OR BN.1.9 OR BN.2 OR BN.2.1 OR BN.3 OR BN.3.1 OR BN.4 OR BN.5 OR BN.6 OR BP.1 OR BQ.1 OR BQ.1.1 OR BQ.1.1.1 OR BQ.1.1.2 OR BQ.1.1.3 OR BQ.1.1.4 OR BQ.1.1.5 OR BQ.1.1.6 OR BQ.1.1.7 OR BQ.1.1.8 OR BQ.1.1.9 OR BQ.1.1.10 OR BQ.1.1.11 OR BQ.1.1.12 OR BQ.1.1.13 OR BQ.1.1.14 OR BQ.1.1.15 OR BQ.1.1.16 OR BQ.1.1.17 OR BQ.1.1.18 OR BQ.1.1.19 OR BQ.1.1.20 OR BQ.1.1.21 OR BQ.1.1.22 OR BQ.1.1.23 OR BQ.1.1.24 OR BQ.1.1.25 OR BQ.1.1.26 OR BQ.1.1.27 OR BQ.1.1.28 OR BQ.1.1.29 OR BQ.1.1.30 OR BQ.1.1.31 OR BQ.1.1.32 OR BQ.1.1.34 OR BQ.1.1.35 OR BQ.1.1.36 OR BQ.1.2 OR BQ.1.3 OR BQ.1.4 OR BQ.1.5 OR BQ.1.6 OR BQ.1.7 OR BQ.1.8 OR BQ.1.8.1 OR BQ.1.8.2 OR BQ.1.9 OR BQ.1.10 OR BQ.1.10.1 OR BQ.1.11 OR BQ.1.12 OR BQ.1.13 OR BQ.1.13.1 OR BQ.1.14 OR BQ.1.15 OR BQ.1.16 OR BQ.1.17 OR BQ.1.18 OR BQ.1.19 OR BQ.1.20 OR BQ.1.21 OR BQ.1.22 OR BQ.1.23 OR BQ.1.24 OR BQ.1.25 OR BQ.1.25.1 OR BQ.1.26 OR BQ.1.26.1 OR BQ.1.27 OR BQ.1.28 OR BQ.2 OR BR.1 OR BR.1.1 OR BR.1.2 OR BR.2 OR BR.2.1 OR BR.3 OR BR.4 OR BS.1 OR BS.1.1 OR BS.1.2 OR BT.1 OR BT.2 OR BU.1 OR BU.2 OR BU.3 OR BV.1 OR BV.2 OR BW.1 OR BW.1.1 OR BY.1 OR BY.1.1 OR BY.1.1.1 OR BY.1.2 OR BY.1.2.1 OR BZ.1 OR CA.1 OR CA.2 OR CA.3 OR CA.3.1 OR CA.4 OR CA.5 OR CA.6 OR CA.7 OR CB.1 OR CC.1 OR CD.1 OR CD.2 OR CE.1 OR CF.1 OR CG.1 OR CH.1 OR CH.1.1 OR CH.1.1.1 OR CH.1.1.2 OR CH.1.1.3 OR CH.1.1.4 OR CH.1.1.5 OR CH.2 OR CH.3 OR CH.3.1 OR CJ.1 OR CJ.1.1 OR CK.1 OR CK.1.1 OR CK.1.2 OR CK.2 OR CK.2.1 OR CK.2.1.1 OR CK.3 OR CL.1 OR CM.1 OR CM.2 OR CM.2.1 OR CM.3 OR CM.4 OR CM.4.1 OR CM.5 OR CM.5.1 OR CM.5.2 OR CM.6 OR CM.6.1 OR CM.7 OR CM.8 OR CM.8.1 OR CM.9 OR CM.10 OR CM.11 OR CM.12 OR CN.1 OR CN.2 OR CP.1 OR CP.1.1 OR CP.1.2 OR CP.1.3 OR CP.2 OR CP.3 OR CP.4 OR CP.5 OR CP.6 OR CQ.1 OR CQ.1.1 OR CQ.2 OR CR.1 OR CR.1.1 OR CR.1.2 OR CR.1.3 OR CR.2 OR CS.1 OR CT.1 OR CU.1 OR CV.1 OR CV.2 OR CW.1 OR CY.1 OR CZ.1 OR DA.1 OR DB.1 OR DB.2 OR DC.1 OR DD.1 OR DE.1 OR DE.2 OR DF.1 OR DF.1.1 OR DG.1 OR DH.1 OR DJ.1 OR DJ.1.1 OR DJ.1.2 OR DJ.1.3 OR DK.1 OR DL.1 OR DM.1 OR DN.1 OR DN.1.1 OR DP.1 OR DQ.1 OR DR.1 OR DS.1 OR DT.1 OR DU.1 OR DV.1,Omicron,,,
2021-12-24,11,9,10.6666666666667,8.5,0.796875,0.434904519498214,0.916518240169806,B.1.1.529 OR BA.1 OR BA.1.1 OR BA.1.1.1 OR BA.1.1.2 OR BA.1.1.3 OR BA.1.1.4 OR BA.1.1.5 OR BA.1.1.6 OR BA.1.1.7 OR BA.1.1.8 OR BA.1.1.9 OR BA.1.1.10 OR BA.1.1.11 OR BA.1.1.12 OR BA.1.1.13 OR BA.1.1.14 OR BA.1.1.15 OR BA.1.1.16 OR BA.1.1.17 OR BA.1.1.18 OR BA.1.2 OR BA.1.3 OR BA.1.4 OR BA.1.5 OR BA.1.6 OR BA.1.7 OR BA.1.8 OR BA.1.9 OR BA.1.10 OR BA.1.12 OR BA.1.13 OR BA.1.13.1 OR BA.1.14 OR BA.1.14.1 OR BA.1.14.2 OR BA.1.15 OR BA.1.15.1 OR BA.1.15.2 OR BA.1.15.3 OR BA.1.16 OR BA.1.16.1 OR BA.1.16.2 OR BA.1.17 OR BA.1.17.1 OR BA.1.17.2 OR BA.1.18 OR BA.1.19 OR BA.1.20 OR BA.1.21 OR BA.1.21.1 OR BA.1.22 OR BA.1.23 OR BA.1.24 OR BA.2 OR BA.2.1 OR BA.2.2 OR BA.2.2.1 OR BA.2.3 OR BA.2.3.1 OR BA.2.3.2 OR BA.2.3.4 OR BA.2.3.5 OR BA.2.3.6 OR BA.2.3.7 OR BA.2.3.8 OR BA.2.3.9 OR BA.2.3.10 OR BA.2.3.11 OR BA.2.3.12 OR BA.2.3.13 OR BA.2.3.14 OR BA.2.3.15 OR BA.2.3.16 OR BA.2.3.17 OR BA.2.3.18 OR BA.2.3.19 OR BA.2.3.20 OR BA.2.3.21 OR BA.2.3.22 OR BA.2.4 OR BA.2.5 OR BA.2.6 OR BA.2.7 OR BA.2.8 OR BA.2.9 OR BA.2.9.1 OR BA.2.9.2 OR BA.2.9.3 OR BA.2.9.4 OR BA.2.9.5 OR BA.2.9.6 OR BA.2.9.7 OR BA.2.10 OR BA.2.10.1 OR BA.2.10.2 OR BA.2.10.3 OR BA.2.10.4 OR BA.2.11 OR BA.2.12 OR BA.2.12.1 OR BA.2.12.2 OR BA.2.13 OR BA.2.13.1 OR BA.2.14 OR BA.2.15 OR BA.2.16 OR BA.2.17 OR BA.2.18 OR BA.2.19 OR BA.2.20 OR BA.2.21 OR BA.2.22 OR BA.2.23 OR BA.2.23.1 OR BA.2.24 OR BA.2.25 OR BA.2.25.1 OR BA.2.26 OR BA.2.27 OR BA.2.28 OR BA.2.29 OR BA.2.30 OR BA.2.31 OR BA.2.31.1 OR BA.2.32 OR BA.2.33 OR BA.2.34 OR BA.2.35 OR BA.2.36 OR BA.2.37 OR BA.2.38 OR BA.2.38.1 OR BA.2.38.2 OR BA.2.38.3 OR BA.2.38.4 OR BA.2.39 OR BA.2.40 OR BA.2.40.1 OR BA.2.41 OR BA.2.42 OR BA.2.43 OR BA.2.44 OR BA.2.45 OR BA.2.46 OR BA.2.47 OR BA.2.48 OR BA.2.49 OR BA.2.50 OR BA.2.51 OR BA.2.52 OR BA.2.53 OR BA.2.54 OR BA.2.55 OR BA.2.56 OR BA.2.56.1 OR BA.2.57 OR BA.2.58 OR BA.2.59 OR BA.2.60 OR BA.2.61 OR BA.2.62 OR BA.2.63 OR BA.2.64 OR BA.2.65 OR BA.2.66 OR BA.2.67 OR BA.2.68 OR BA.2.69 OR BA.2.70 OR BA.2.71 OR BA.2.72 OR BA.2.73 OR BA.2.74 OR BA.2.75 OR BA.2.75.1 OR BA.2.75.2 OR BA.2.75.3 OR BA.2.75.4 OR BA.2.75.5 OR BA.2.75.6 OR BA.2.75.7 OR BA.2.75.8 OR BA.2.75.9 OR BA.2.75.10 OR BA.2.76 OR BA.2.76.1 OR BA.2.76.2 OR BA.2.77 OR BA.2.78 OR BA.2.79 OR BA.2.79.1 OR BA.2.80 OR BA.2.81 OR BA.2.82 OR BA.2.83 OR BA.2.85 OR BA.3 OR BA.3.1 OR BA.4 OR BA.4.1 OR BA.4.1.1 OR BA.4.1.2 OR BA.4.1.3 OR BA.4.1.4 OR BA.4.1.5 OR BA.4.1.6 OR BA.4.1.7 OR BA.4.1.8 OR BA.4.1.9 OR BA.4.1.10 OR BA.4.2 OR BA.4.3 OR BA.4.4 OR BA.4.5 OR BA.4.6 OR BA.4.6.1 OR BA.4.6.2 OR BA.4.6.3 OR BA.4.6.4 OR BA.4.6.5 OR BA.4.7 OR BA.4.8 OR BA.5 OR BA.5.1 OR BA.5.1.1 OR BA.5.1.2 OR BA.5.1.3 OR BA.5.1.4 OR BA.5.1.5 OR BA.5.1.6 OR BA.5.1.7 OR BA.5.1.8 OR BA.5.1.9 OR BA.5.1.10 OR BA.5.1.11 OR BA.5.1.12 OR BA.5.1.14 OR BA.5.1.15 OR BA.5.1.16 OR BA.5.1.17 OR BA.5.1.18 OR BA.5.1.19 OR BA.5.1.20 OR BA.5.1.21 OR BA.5.1.22 OR BA.5.1.23 OR BA.5.1.24 OR BA.5.1.25 OR BA.5.1.26 OR BA.5.1.27 OR BA.5.1.28 OR BA.5.1.29 OR BA.5.1.30 OR BA.5.1.31 OR BA.5.1.32 OR BA.5.2 OR BA.5.2.1 OR BA.5.2.2 OR BA.5.2.3 OR BA.5.2.4 OR BA.5.2.5 OR BA.5.2.6 OR BA.5.2.7 OR BA.5.2.8 OR BA.5.2.9 OR BA.5.2.10 OR BA.5.2.11 OR BA.5.2.12 OR BA.5.2.13 OR BA.5.2.14 OR BA.5.2.16 OR BA.5.2.18 OR BA.5.2.19 OR BA.5.2.20 OR BA.5.2.21 OR BA.5.2.22 OR BA.5.2.23 OR BA.5.2.24 OR BA.5.2.25 OR BA.5.2.26 OR BA.5.2.27 OR BA.5.2.28 OR BA.5.2.29 OR BA.5.2.30 OR BA.5.2.31 OR BA.5.2.32 OR BA.5.2.33 OR BA.5.2.34 OR BA.5.2.35 OR BA.5.2.36 OR BA.5.2.37 OR BA.5.2.38 OR BA.5.2.39 OR BA.5.2.40 OR BA.5.2.41 OR BA.5.2.42 OR BA.5.2.43 OR BA.5.2.44 OR BA.5.2.45 OR BA.5.2.46 OR BA.5.2.47 OR BA.5.2.48 OR BA.5.2.49 OR BA.5.3 OR BA.5.3.1 OR BA.5.3.2 OR BA.5.3.3 OR BA.5.3.4 OR BA.5.3.5 OR BA.5.5 OR BA.5.5.1 OR BA.5.5.2 OR BA.5.5.3 OR BA.5.6 OR BA.5.6.1 OR BA.5.6.2 OR BA.5.6.3 OR BA.5.6.4 OR BA.5.7 OR BA.5.8 OR BA.5.9 OR BA.5.10 OR BA.5.10.1 OR BA.5.11 OR BC.1 OR BC.2 OR BD.1 OR BE.1 OR BE.1.1 OR BE.1.1.1 OR BE.1.1.2 OR BE.1.2 OR BE.1.2.1 OR BE.1.3 OR BE.1.4 OR BE.1.4.1 OR BE.1.4.2 OR BE.1.4.3 OR BE.1.4.4 OR BE.2 OR BE.3 OR BE.4 OR BE.4.1 OR BE.4.1.1 OR BE.4.2 OR BE.5 OR BE.6 OR BE.7 OR BE.8 OR BE.9 OR BE.10 OR BF.1 OR BF.1.1 OR BF.2 OR BF.3 OR BF.3.1 OR BF.4 OR BF.5 OR BF.5.1 OR BF.5.2 OR BF.6 OR BF.7 OR BF.7.1 OR BF.7.2 OR BF.7.3 OR BF.7.4 OR BF.7.4.1 OR BF.7.4.2 OR BF.7.5 OR BF.7.5.1 OR BF.7.6 OR BF.7.7 OR BF.7.8 OR BF.7.9 OR BF.7.10 OR BF.7.11 OR BF.7.12 OR BF.7.13 OR BF.7.13.1 OR BF.7.13.2 OR BF.7.14 OR BF.7.15 OR BF.8 OR BF.9 OR BF.10 OR BF.10.1 OR BF.11 OR BF.11.1 OR BF.11.2 OR BF.11.3 OR BF.11.4 OR BF.11.5 OR BF.12 OR BF.13 OR BF.14 OR BF.15 OR BF.16 OR BF.17 OR BF.18 OR BF.19 OR BF.20 OR BF.21 OR BF.22 OR BF.23 OR BF.24 OR BF.25 OR BF.26 OR BF.27 OR BF.28 OR BF.29 OR BF.30 OR BF.31 OR BF.31.1 OR BF.32 OR BF.33 OR BF.34 OR BG.1 OR BG.2 OR BG.3 OR BG.4 OR BG.5 OR BG.6 OR BG.7 OR BH.1 OR BJ.1 OR BK.1 OR BL.1 OR BL.1.1 OR BL.1.2 OR BL.1.3 OR BL.1.4 OR BL.2 OR BL.2.1 OR BL.3 OR BL.4 OR BL.5 OR BL.6 OR BM.1 OR BM.1.1 OR BM.1.1.1 OR BM.1.1.2 OR BM.1.1.3 OR BM.1.1.4 OR BM.1.1.5 OR BM.2 OR BM.2.1 OR BM.2.2 OR BM.2.3 OR BM.3 OR BM.4 OR BM.4.1 OR BM.4.1.1 OR BM.5 OR BM.6 OR BN.1 OR BN.1.1 OR BN.1.1.1 OR BN.1.2 OR BN.1.2.1 OR BN.1.3 OR BN.1.3.1 OR BN.1.3.2 OR BN.1.3.3 OR BN.1.3.4 OR BN.1.4 OR BN.1.4.1 OR BN.1.5 OR BN.1.5.1 OR BN.1.6 OR BN.1.7 OR BN.1.8 OR BN.1.9 OR BN.2 OR BN.2.1 OR BN.3 OR BN.3.1 OR BN.4 OR BN.5 OR BN.6 OR BP.1 OR BQ.1 OR BQ.1.1 OR BQ.1.1.1 OR BQ.1.1.2 OR BQ.1.1.3 OR BQ.1.1.4 OR BQ.1.1.5 OR BQ.1.1.6 OR BQ.1.1.7 OR BQ.1.1.8 OR BQ.1.1.9 OR BQ.1.1.10 OR BQ.1.1.11 OR BQ.1.1.12 OR BQ.1.1.13 OR BQ.1.1.14 OR BQ.1.1.15 OR BQ.1.1.16 OR BQ.1.1.17 OR BQ.1.1.18 OR BQ.1.1.19 OR BQ.1.1.20 OR BQ.1.1.21 OR BQ.1.1.22 OR BQ.1.1.23 OR BQ.1.1.24 OR BQ.1.1.25 OR BQ.1.1.26 OR BQ.1.1.27 OR BQ.1.1.28 OR BQ.1.1.29 OR BQ.1.1.30 OR BQ.1.1.31 OR BQ.1.1.32 OR BQ.1.1.34 OR BQ.1.1.35 OR BQ.1.1.36 OR BQ.1.2 OR BQ.1.3 OR BQ.1.4 OR BQ.1.5 OR BQ.1.6 OR BQ.1.7 OR BQ.1.8 OR BQ.1.8.1 OR BQ.1.8.2 OR BQ.1.9 OR BQ.1.10 OR BQ.1.10.1 OR BQ.1.11 OR BQ.1.12 OR BQ.1.13 OR BQ.1.13.1 OR BQ.1.14 OR BQ.1.15 OR BQ.1.16 OR BQ.1.17 OR BQ.1.18 OR BQ.1.19 OR BQ.1.20 OR BQ.1.21 OR BQ.1.22 OR BQ.1.23 OR BQ.1.24 OR BQ.1.25 OR BQ.1.25.1 OR BQ.1.26 OR BQ.1.26.1 OR BQ.1.27 OR BQ.1.28 OR BQ.2 OR BR.1 OR BR.1.1 OR BR.1.2 OR BR.2 OR BR.2.1 OR BR.3 OR BR.4 OR BS.1 OR BS.1.1 OR BS.1.2 OR BT.1 OR BT.2 OR BU.1 OR BU.2 OR BU.3 OR BV.1 OR BV.2 OR BW.1 OR BW.1.1 OR BY.1 OR BY.1.1 OR BY.1.1.1 OR BY.1.2 OR BY.1.2.1 OR BZ.1 OR CA.1 OR CA.2 OR CA.3 OR CA.3.1 OR CA.4 OR CA.5 OR CA.6 OR CA.7 OR CB.1 OR CC.1 OR CD.1 OR CD.2 OR CE.1 OR CF.1 OR CG.1 OR CH.1 OR CH.1.1 OR CH.1.1.1 OR CH.1.1.2 OR CH.1.1.3 OR CH.1.1.4 OR CH.1.1.5 OR CH.2 OR CH.3 OR CH.3.1 OR CJ.1 OR CJ.1.1 OR CK.1 OR CK.1.1 OR CK.1.2 OR CK.2 OR CK.2.1 OR CK.2.1.1 OR CK.3 OR CL.1 OR CM.1 OR CM.2 OR CM.2.1 OR CM.3 OR CM.4 OR CM.4.1 OR CM.5 OR CM.5.1 OR CM.5.2 OR CM.6 OR CM.6.1 OR CM.7 OR CM.8 OR CM.8.1 OR CM.9 OR CM.10 OR CM.11 OR CM.12 OR CN.1 OR CN.2 OR CP.1 OR CP.1.1 OR CP.1.2 OR CP.1.3 OR CP.2 OR CP.3 OR CP.4 OR CP.5 OR CP.6 OR CQ.1 OR CQ.1.1 OR CQ.2 OR CR.1 OR CR.1.1 OR CR.1.2 OR CR.1.3 OR CR.2 OR CS.1 OR CT.1 OR CU.1 OR CV.1 OR CV.2 OR CW.1 OR CY.1 OR CZ.1 OR DA.1 OR DB.1 OR DB.2 OR DC.1 OR DD.1 OR DE.1 OR DE.2 OR DF.1 OR DF.1.1 OR DG.1 OR DH.1 OR DJ.1 OR DJ.1.1 OR DJ.1.2 OR DJ.1.3 OR DK.1 OR DL.1 OR DM.1 OR DN.1 OR DN.1.1 OR DP.1 OR DQ.1 OR DR.1 OR DS.1 OR DT.1 OR DU.1 OR DV.1,Omicron,,,
2021-12-25,9,8,11.1666666666667,9.33333333333333,0.835820895522388,0.532756208977555,0.960173056915009,B.1.1.529 OR BA.1 OR BA.1.1 OR BA.1.1.1 OR BA.1.1.2 OR BA.1.1.3 OR BA.1.1.4 OR BA.1.1.5 OR BA.1.1.6 OR BA.1.1.7 OR BA.1.1.8 OR BA.1.1.9 OR BA.1.1.10 OR BA.1.1.11 OR BA.1.1.12 OR BA.1.1.13 OR BA.1.1.14 OR BA.1.1.15 OR BA.1.1.16 OR BA.1.1.17 OR BA.1.1.18 OR BA.1.2 OR BA.1.3 OR BA.1.4 OR BA.1.5 OR BA.1.6 OR BA.1.7 OR BA.1.8 OR BA.1.9 OR BA.1.10 OR BA.1.12 OR BA.1.13 OR BA.1.13.1 OR BA.1.14 OR BA.1.14.1 OR BA.1.14.2 OR BA.1.15 OR BA.1.15.1 OR BA.1.15.2 OR BA.1.15.3 OR BA.1.16 OR BA.1.16.1 OR BA.1.16.2 OR BA.1.17 OR BA.1.17.1 OR BA.1.17.2 OR BA.1.18 OR BA.1.19 OR BA.1.20 OR BA.1.21 OR BA.1.21.1 OR BA.1.22 OR BA.1.23 OR BA.1.24 OR BA.2 OR BA.2.1 OR BA.2.2 OR BA.2.2.1 OR BA.2.3 OR BA.2.3.1 OR BA.2.3.2 OR BA.2.3.4 OR BA.2.3.5 OR BA.2.3.6 OR BA.2.3.7 OR BA.2.3.8 OR BA.2.3.9 OR BA.2.3.10 OR BA.2.3.11 OR BA.2.3.12 OR BA.2.3.13 OR BA.2.3.14 OR BA.2.3.15 OR BA.2.3.16 OR BA.2.3.17 OR BA.2.3.18 OR BA.2.3.19 OR BA.2.3.20 OR BA.2.3.21 OR BA.2.3.22 OR BA.2.4 OR BA.2.5 OR BA.2.6 OR BA.2.7 OR BA.2.8 OR BA.2.9 OR BA.2.9.1 OR BA.2.9.2 OR BA.2.9.3 OR BA.2.9.4 OR BA.2.9.5 OR BA.2.9.6 OR BA.2.9.7 OR BA.2.10 OR BA.2.10.1 OR BA.2.10.2 OR BA.2.10.3 OR BA.2.10.4 OR BA.2.11 OR BA.2.12 OR BA.2.12.1 OR BA.2.12.2 OR BA.2.13 OR BA.2.13.1 OR BA.2.14 OR BA.2.15 OR BA.2.16 OR BA.2.17 OR BA.2.18 OR BA.2.19 OR BA.2.20 OR BA.2.21 OR BA.2.22 OR BA.2.23 OR BA.2.23.1 OR BA.2.24 OR BA.2.25 OR BA.2.25.1 OR BA.2.26 OR BA.2.27 OR BA.2.28 OR BA.2.29 OR BA.2.30 OR BA.2.31 OR BA.2.31.1 OR BA.2.32 OR BA.2.33 OR BA.2.34 OR BA.2.35 OR BA.2.36 OR BA.2.37 OR BA.2.38 OR BA.2.38.1 OR BA.2.38.2 OR BA.2.38.3 OR BA.2.38.4 OR BA.2.39 OR BA.2.40 OR BA.2.40.1 OR BA.2.41 OR BA.2.42 OR BA.2.43 OR BA.2.44 OR BA.2.45 OR BA.2.46 OR BA.2.47 OR BA.2.48 OR BA.2.49 OR BA.2.50 OR BA.2.51 OR BA.2.52 OR BA.2.53 OR BA.2.54 OR BA.2.55 OR BA.2.56 OR BA.2.56.1 OR BA.2.57 OR BA.2.58 OR BA.2.59 OR BA.2.60 OR BA.2.61 OR BA.2.62 OR BA.2.63 OR BA.2.64 OR BA.2.65 OR BA.2.66 OR BA.2.67 OR BA.2.68 OR BA.2.69 OR BA.2.70 OR BA.2.71 OR BA.2.72 OR BA.2.73 OR BA.2.74 OR BA.2.75 OR BA.2.75.1 OR BA.2.75.2 OR BA.2.75.3 OR BA.2.75.4 OR BA.2.75.5 OR BA.2.75.6 OR BA.2.75.7 OR BA.2.75.8 OR BA.2.75.9 OR BA.2.75.10 OR BA.2.76 OR BA.2.76.1 OR BA.2.76.2 OR BA.2.77 OR BA.2.78 OR BA.2.79 OR BA.2.79.1 OR BA.2.80 OR BA.2.81 OR BA.2.82 OR BA.2.83 OR BA.2.85 OR BA.3 OR BA.3.1 OR BA.4 OR BA.4.1 OR BA.4.1.1 OR BA.4.1.2 OR BA.4.1.3 OR BA.4.1.4 OR BA.4.1.5 OR BA.4.1.6 OR BA.4.1.7 OR BA.4.1.8 OR BA.4.1.9 OR BA.4.1.10 OR BA.4.2 OR BA.4.3 OR BA.4.4 OR BA.4.5 OR BA.4.6 OR BA.4.6.1 OR BA.4.6.2 OR BA.4.6.3 OR BA.4.6.4 OR BA.4.6.5 OR BA.4.7 OR BA.4.8 OR BA.5 OR BA.5.1 OR BA.5.1.1 OR BA.5.1.2 OR BA.5.1.3 OR BA.5.1.4 OR BA.5.1.5 OR BA.5.1.6 OR BA.5.1.7 OR BA.5.1.8 OR BA.5.1.9 OR BA.5.1.10 OR BA.5.1.11 OR BA.5.1.12 OR BA.5.1.14 OR BA.5.1.15 OR BA.5.1.16 OR BA.5.1.17 OR BA.5.1.18 OR BA.5.1.19 OR BA.5.1.20 OR BA.5.1.21 OR BA.5.1.22 OR BA.5.1.23 OR BA.5.1.24 OR BA.5.1.25 OR BA.5.1.26 OR BA.5.1.27 OR BA.5.1.28 OR BA.5.1.29 OR BA.5.1.30 OR BA.5.1.31 OR BA.5.1.32 OR BA.5.2 OR BA.5.2.1 OR BA.5.2.2 OR BA.5.2.3 OR BA.5.2.4 OR BA.5.2.5 OR BA.5.2.6 OR BA.5.2.7 OR BA.5.2.8 OR BA.5.2.9 OR BA.5.2.10 OR BA.5.2.11 OR BA.5.2.12 OR BA.5.2.13 OR BA.5.2.14 OR BA.5.2.16 OR BA.5.2.18 OR BA.5.2.19 OR BA.5.2.20 OR BA.5.2.21 OR BA.5.2.22 OR BA.5.2.23 OR BA.5.2.24 OR BA.5.2.25 OR BA.5.2.26 OR BA.5.2.27 OR BA.5.2.28 OR BA.5.2.29 OR BA.5.2.30 OR BA.5.2.31 OR BA.5.2.32 OR BA.5.2.33 OR BA.5.2.34 OR BA.5.2.35 OR BA.5.2.36 OR BA.5.2.37 OR BA.5.2.38 OR BA.5.2.39 OR BA.5.2.40 OR BA.5.2.41 OR BA.5.2.42 OR BA.5.2.43 OR BA.5.2.44 OR BA.5.2.45 OR BA.5.2.46 OR BA.5.2.47 OR BA.5.2.48 OR BA.5.2.49 OR BA.5.3 OR BA.5.3.1 OR BA.5.3.2 OR BA.5.3.3 OR BA.5.3.4 OR BA.5.3.5 OR BA.5.5 OR BA.5.5.1 OR BA.5.5.2 OR BA.5.5.3 OR BA.5.6 OR BA.5.6.1 OR BA.5.6.2 OR BA.5.6.3 OR BA.5.6.4 OR BA.5.7 OR BA.5.8 OR BA.5.9 OR BA.5.10 OR BA.5.10.1 OR BA.5.11 OR BC.1 OR BC.2 OR BD.1 OR BE.1 OR BE.1.1 OR BE.1.1.1 OR BE.1.1.2 OR BE.1.2 OR BE.1.2.1 OR BE.1.3 OR BE.1.4 OR BE.1.4.1 OR BE.1.4.2 OR BE.1.4.3 OR BE.1.4.4 OR BE.2 OR BE.3 OR BE.4 OR BE.4.1 OR BE.4.1.1 OR BE.4.2 OR BE.5 OR BE.6 OR BE.7 OR BE.8 OR BE.9 OR BE.10 OR BF.1 OR BF.1.1 OR BF.2 OR BF.3 OR BF.3.1 OR BF.4 OR BF.5 OR BF.5.1 OR BF.5.2 OR BF.6 OR BF.7 OR BF.7.1 OR BF.7.2 OR BF.7.3 OR BF.7.4 OR BF.7.4.1 OR BF.7.4.2 OR BF.7.5 OR BF.7.5.1 OR BF.7.6 OR BF.7.7 OR BF.7.8 OR BF.7.9 OR BF.7.10 OR BF.7.11 OR BF.7.12 OR BF.7.13 OR BF.7.13.1 OR BF.7.13.2 OR BF.7.14 OR BF.7.15 OR BF.8 OR BF.9 OR BF.10 OR BF.10.1 OR BF.11 OR BF.11.1 OR BF.11.2 OR BF.11.3 OR BF.11.4 OR BF.11.5 OR BF.12 OR BF.13 OR BF.14 OR BF.15 OR BF.16 OR BF.17 OR BF.18 OR BF.19 OR BF.20 OR BF.21 OR BF.22 OR BF.23 OR BF.24 OR BF.25 OR BF.26 OR BF.27 OR BF.28 OR BF.29 OR BF.30 OR BF.31 OR BF.31.1 OR BF.32 OR BF.33 OR BF.34 OR BG.1 OR BG.2 OR BG.3 OR BG.4 OR BG.5 OR BG.6 OR BG.7 OR BH.1 OR BJ.1 OR BK.1 OR BL.1 OR BL.1.1 OR BL.1.2 OR BL.1.3 OR BL.1.4 OR BL.2 OR BL.2.1 OR BL.3 OR BL.4 OR BL.5 OR BL.6 OR BM.1 OR BM.1.1 OR BM.1.1.1 OR BM.1.1.2 OR BM.1.1.3 OR BM.1.1.4 OR BM.1.1.5 OR BM.2 OR BM.2.1 OR BM.2.2 OR BM.2.3 OR BM.3 OR BM.4 OR BM.4.1 OR BM.4.1.1 OR BM.5 OR BM.6 OR BN.1 OR BN.1.1 OR BN.1.1.1 OR BN.1.2 OR BN.1.2.1 OR BN.1.3 OR BN.1.3.1 OR BN.1.3.2 OR BN.1.3.3 OR BN.1.3.4 OR BN.1.4 OR BN.1.4.1 OR BN.1.5 OR BN.1.5.1 OR BN.1.6 OR BN.1.7 OR BN.1.8 OR BN.1.9 OR BN.2 OR BN.2.1 OR BN.3 OR BN.3.1 OR BN.4 OR BN.5 OR BN.6 OR BP.1 OR BQ.1 OR BQ.1.1 OR BQ.1.1.1 OR BQ.1.1.2 OR BQ.1.1.3 OR BQ.1.1.4 OR BQ.1.1.5 OR BQ.1.1.6 OR BQ.1.1.7 OR BQ.1.1.8 OR BQ.1.1.9 OR BQ.1.1.10 OR BQ.1.1.11 OR BQ.1.1.12 OR BQ.1.1.13 OR BQ.1.1.14 OR BQ.1.1.15 OR BQ.1.1.16 OR BQ.1.1.17 OR BQ.1.1.18 OR BQ.1.1.19 OR BQ.1.1.20 OR BQ.1.1.21 OR BQ.1.1.22 OR BQ.1.1.23 OR BQ.1.1.24 OR BQ.1.1.25 OR BQ.1.1.26 OR BQ.1.1.27 OR BQ.1.1.28 OR BQ.1.1.29 OR BQ.1.1.30 OR BQ.1.1.31 OR BQ.1.1.32 OR BQ.1.1.34 OR BQ.1.1.35 OR BQ.1.1.36 OR BQ.1.2 OR BQ.1.3 OR BQ.1.4 OR BQ.1.5 OR BQ.1.6 OR BQ.1.7 OR BQ.1.8 OR BQ.1.8.1 OR BQ.1.8.2 OR BQ.1.9 OR BQ.1.10 OR BQ.1.10.1 OR BQ.1.11 OR BQ.1.12 OR BQ.1.13 OR BQ.1.13.1 OR BQ.1.14 OR BQ.1.15 OR BQ.1.16 OR BQ.1.17 OR BQ.1.18 OR BQ.1.19 OR BQ.1.20 OR BQ.1.21 OR BQ.1.22 OR BQ.1.23 OR BQ.1.24 OR BQ.1.25 OR BQ.1.25.1 OR BQ.1.26 OR BQ.1.26.1 OR BQ.1.27 OR BQ.1.28 OR BQ.2 OR BR.1 OR BR.1.1 OR BR.1.2 OR BR.2 OR BR.2.1 OR BR.3 OR BR.4 OR BS.1 OR BS.1.1 OR BS.1.2 OR BT.1 OR BT.2 OR BU.1 OR BU.2 OR BU.3 OR BV.1 OR BV.2 OR BW.1 OR BW.1.1 OR BY.1 OR BY.1.1 OR BY.1.1.1 OR BY.1.2 OR BY.1.2.1 OR BZ.1 OR CA.1 OR CA.2 OR CA.3 OR CA.3.1 OR CA.4 OR CA.5 OR CA.6 OR CA.7 OR CB.1 OR CC.1 OR CD.1 OR CD.2 OR CE.1 OR CF.1 OR CG.1 OR CH.1 OR CH.1.1 OR CH.1.1.1 OR CH.1.1.2 OR CH.1.1.3 OR CH.1.1.4 OR CH.1.1.5 OR CH.2 OR CH.3 OR CH.3.1 OR CJ.1 OR CJ.1.1 OR CK.1 OR CK.1.1 OR CK.1.2 OR CK.2 OR CK.2.1 OR CK.2.1.1 OR CK.3 OR CL.1 OR CM.1 OR CM.2 OR CM.2.1 OR CM.3 OR CM.4 OR CM.4.1 OR CM.5 OR CM.5.1 OR CM.5.2 OR CM.6 OR CM.6.1 OR CM.7 OR CM.8 OR CM.8.1 OR CM.9 OR CM.10 OR CM.11 OR CM.12 OR CN.1 OR CN.2 OR CP.1 OR CP.1.1 OR CP.1.2 OR CP.1.3 OR CP.2 OR CP.3 OR CP.4 OR CP.5 OR CP.6 OR CQ.1 OR CQ.1.1 OR CQ.2 OR CR.1 OR CR.1.1 OR CR.1.2 OR CR.1.3 OR CR.2 OR CS.1 OR CT.1 OR CU.1 OR CV.1 OR CV.2 OR CW.1 OR CY.1 OR CZ.1 OR DA.1 OR DB.1 OR DB.2 OR DC.1 OR DD.1 OR DE.1 OR DE.2 OR DF.1 OR DF.1.1 OR DG.1 OR DH.1 OR DJ.1 OR DJ.1.1 OR DJ.1.2 OR DJ.1.3 OR DK.1 OR DL.1 OR DM.1 OR DN.1 OR DN.1.1 OR DP.1 OR DQ.1 OR DR.1 OR DS.1 OR DT.1 OR DU.1 OR DV.1,Omicron,,,
2021-12-26,2,2,9.85714285714286,8.28571428571429,0.840579710144928,0.497225503560007,0.955940586447369,B.1.1.529 OR BA.1 OR BA.1.1 OR BA.1.1.1 OR BA.1.1.2 OR BA.1.1.3 OR BA.1.1.4 OR BA.1.1.5 OR BA.1.1.6 OR BA.1.1.7 OR BA.1.1.8 OR BA.1.1.9 OR BA.1.1.10 OR BA.1.1.11 OR BA.1.1.12 OR BA.1.1.13 OR BA.1.1.14 OR BA.1.1.15 OR BA.1.1.16 OR BA.1.1.17 OR BA.1.1.18 OR BA.1.2 OR BA.1.3 OR BA.1.4 OR BA.1.5 OR BA.1.6 OR BA.1.7 OR BA.1.8 OR BA.1.9 OR BA.1.10 OR BA.1.12 OR BA.1.13 OR BA.1.13.1 OR BA.1.14 OR BA.1.14.1 OR BA.1.14.2 OR BA.1.15 OR BA.1.15.1 OR BA.1.15.2 OR BA.1.15.3 OR BA.1.16 OR BA.1.16.1 OR BA.1.16.2 OR BA.1.17 OR BA.1.17.1 OR BA.1.17.2 OR BA.1.18 OR BA.1.19 OR BA.1.20 OR BA.1.21 OR BA.1.21.1 OR BA.1.22 OR BA.1.23 OR BA.1.24 OR BA.2 OR BA.2.1 OR BA.2.2 OR BA.2.2.1 OR BA.2.3 OR BA.2.3.1 OR BA.2.3.2 OR BA.2.3.4 OR BA.2.3.5 OR BA.2.3.6 OR BA.2.3.7 OR BA.2.3.8 OR BA.2.3.9 OR BA.2.3.10 OR BA.2.3.11 OR BA.2.3.12 OR BA.2.3.13 OR BA.2.3.14 OR BA.2.3.15 OR BA.2.3.16 OR BA.2.3.17 OR BA.2.3.18 OR BA.2.3.19 OR BA.2.3.20 OR BA.2.3.21 OR BA.2.3.22 OR BA.2.4 OR BA.2.5 OR BA.2.6 OR BA.2.7 OR BA.2.8 OR BA.2.9 OR BA.2.9.1 OR BA.2.9.2 OR BA.2.9.3 OR BA.2.9.4 OR BA.2.9.5 OR BA.2.9.6 OR BA.2.9.7 OR BA.2.10 OR BA.2.10.1 OR BA.2.10.2 OR BA.2.10.3 OR BA.2.10.4 OR BA.2.11 OR BA.2.12 OR BA.2.12.1 OR BA.2.12.2 OR BA.2.13 OR BA.2.13.1 OR BA.2.14 OR BA.2.15 OR BA.2.16 OR BA.2.17 OR BA.2.18 OR BA.2.19 OR BA.2.20 OR BA.2.21 OR BA.2.22 OR BA.2.23 OR BA.2.23.1 OR BA.2.24 OR BA.2.25 OR BA.2.25.1 OR BA.2.26 OR BA.2.27 OR BA.2.28 OR BA.2.29 OR BA.2.30 OR BA.2.31 OR BA.2.31.1 OR BA.2.32 OR BA.2.33 OR BA.2.34 OR BA.2.35 OR BA.2.36 OR BA.2.37 OR BA.2.38 OR BA.2.38.1 OR BA.2.38.2 OR BA.2.38.3 OR BA.2.38.4 OR BA.2.39 OR BA.2.40 OR BA.2.40.1 OR BA.2.41 OR BA.2.42 OR BA.2.43 OR BA.2.44 OR BA.2.45 OR BA.2.46 OR BA.2.47 OR BA.2.48 OR BA.2.49 OR BA.2.50 OR BA.2.51 OR BA.2.52 OR BA.2.53 OR BA.2.54 OR BA.2.55 OR BA.2.56 OR BA.2.56.1 OR BA.2.57 OR BA.2.58 OR BA.2.59 OR BA.2.60 OR BA.2.61 OR BA.2.62 OR BA.2.63 OR BA.2.64 OR BA.2.65 OR BA.2.66 OR BA.2.67 OR BA.2.68 OR BA.2.69 OR BA.2.70 OR BA.2.71 OR BA.2.72 OR BA.2.73 OR BA.2.74 OR BA.2.75 OR BA.2.75.1 OR BA.2.75.2 OR BA.2.75.3 OR BA.2.75.4 OR BA.2.75.5 OR BA.2.75.6 OR BA.2.75.7 OR BA.2.75.8 OR BA.2.75.9 OR BA.2.75.10 OR BA.2.76 OR BA.2.76.1 OR BA.2.76.2 OR BA.2.77 OR BA.2.78 OR BA.2.79 OR BA.2.79.1 OR BA.2.80 OR BA.2.81 OR BA.2.82 OR BA.2.83 OR BA.2.85 OR BA.3 OR BA.3.1 OR BA.4 OR BA.4.1 OR BA.4.1.1 OR BA.4.1.2 OR BA.4.1.3 OR BA.4.1.4 OR BA.4.1.5 OR BA.4.1.6 OR BA.4.1.7 OR BA.4.1.8 OR BA.4.1.9 OR BA.4.1.10 OR BA.4.2 OR BA.4.3 OR BA.4.4 OR BA.4.5 OR BA.4.6 OR BA.4.6.1 OR BA.4.6.2 OR BA.4.6.3 OR BA.4.6.4 OR BA.4.6.5 OR BA.4.7 OR BA.4.8 OR BA.5 OR BA.5.1 OR BA.5.1.1 OR BA.5.1.2 OR BA.5.1.3 OR BA.5.1.4 OR BA.5.1.5 OR BA.5.1.6 OR BA.5.1.7 OR BA.5.1.8 OR BA.5.1.9 OR BA.5.1.10 OR BA.5.1.11 OR BA.5.1.12 OR BA.5.1.14 OR BA.5.1.15 OR BA.5.1.16 OR BA.5.1.17 OR BA.5.1.18 OR BA.5.1.19 OR BA.5.1.20 OR BA.5.1.21 OR BA.5.1.22 OR BA.5.1.23 OR BA.5.1.24 OR BA.5.1.25 OR BA.5.1.26 OR BA.5.1.27 OR BA.5.1.28 OR BA.5.1.29 OR BA.5.1.30 OR BA.5.1.31 OR BA.5.1.32 OR BA.5.2 OR BA.5.2.1 OR BA.5.2.2 OR BA.5.2.3 OR BA.5.2.4 OR BA.5.2.5 OR BA.5.2.6 OR BA.5.2.7 OR BA.5.2.8 OR BA.5.2.9 OR BA.5.2.10 OR BA.5.2.11 OR BA.5.2.12 OR BA.5.2.13 OR BA.5.2.14 OR BA.5.2.16 OR BA.5.2.18 OR BA.5.2.19 OR BA.5.2.20 OR BA.5.2.21 OR BA.5.2.22 OR BA.5.2.23 OR BA.5.2.24 OR BA.5.2.25 OR BA.5.2.26 OR BA.5.2.27 OR BA.5.2.28 OR BA.5.2.29 OR BA.5.2.30 OR BA.5.2.31 OR BA.5.2.32 OR BA.5.2.33 OR BA.5.2.34 OR BA.5.2.35 OR BA.5.2.36 OR BA.5.2.37 OR BA.5.2.38 OR BA.5.2.39 OR BA.5.2.40 OR BA.5.2.41 OR BA.5.2.42 OR BA.5.2.43 OR BA.5.2.44 OR BA.5.2.45 OR BA.5.2.46 OR BA.5.2.47 OR BA.5.2.48 OR BA.5.2.49 OR BA.5.3 OR BA.5.3.1 OR BA.5.3.2 OR BA.5.3.3 OR BA.5.3.4 OR BA.5.3.5 OR BA.5.5 OR BA.5.5.1 OR BA.5.5.2 OR BA.5.5.3 OR BA.5.6 OR BA.5.6.1 OR BA.5.6.2 OR BA.5.6.3 OR BA.5.6.4 OR BA.5.7 OR BA.5.8 OR BA.5.9 OR BA.5.10 OR BA.5.10.1 OR BA.5.11 OR BC.1 OR BC.2 OR BD.1 OR BE.1 OR BE.1.1 OR BE.1.1.1 OR BE.1.1.2 OR BE.1.2 OR BE.1.2.1 OR BE.1.3 OR BE.1.4 OR BE.1.4.1 OR BE.1.4.2 OR BE.1.4.3 OR BE.1.4.4 OR BE.2 OR BE.3 OR BE.4 OR BE.4.1 OR BE.4.1.1 OR BE.4.2 OR BE.5 OR BE.6 OR BE.7 OR BE.8 OR BE.9 OR BE.10 OR BF.1 OR BF.1.1 OR BF.2 OR BF.3 OR BF.3.1 OR BF.4 OR BF.5 OR BF.5.1 OR BF.5.2 OR BF.6 OR BF.7 OR BF.7.1 OR BF.7.2 OR BF.7.3 OR BF.7.4 OR BF.7.4.1 OR BF.7.4.2 OR BF.7.5 OR BF.7.5.1 OR BF.7.6 OR BF.7.7 OR BF.7.8 OR BF.7.9 OR BF.7.10 OR BF.7.11 OR BF.7.12 OR BF.7.13 OR BF.7.13.1 OR BF.7.13.2 OR BF.7.14 OR BF.7.15 OR BF.8 OR BF.9 OR BF.10 OR BF.10.1 OR BF.11 OR BF.11.1 OR BF.11.2 OR BF.11.3 OR BF.11.4 OR BF.11.5 OR BF.12 OR BF.13 OR BF.14 OR BF.15 OR BF.16 OR BF.17 OR BF.18 OR BF.19 OR BF.20 OR BF.21 OR BF.22 OR BF.23 OR BF.24 OR BF.25 OR BF.26 OR BF.27 OR BF.28 OR BF.29 OR BF.30 OR BF.31 OR BF.31.1 OR BF.32 OR BF.33 OR BF.34 OR BG.1 OR BG.2 OR BG.3 OR BG.4 OR BG.5 OR BG.6 OR BG.7 OR BH.1 OR BJ.1 OR BK.1 OR BL.1 OR BL.1.1 OR BL.1.2 OR BL.1.3 OR BL.1.4 OR BL.2 OR BL.2.1 OR BL.3 OR BL.4 OR BL.5 OR BL.6 OR BM.1 OR BM.1.1 OR BM.1.1.1 OR BM.1.1.2 OR BM.1.1.3 OR BM.1.1.4 OR BM.1.1.5 OR BM.2 OR BM.2.1 OR BM.2.2 OR BM.2.3 OR BM.3 OR BM.4 OR BM.4.1 OR BM.4.1.1 OR BM.5 OR BM.6 OR BN.1 OR BN.1.1 OR BN.1.1.1 OR BN.1.2 OR BN.1.2.1 OR BN.1.3 OR BN.1.3.1 OR BN.1.3.2 OR BN.1.3.3 OR BN.1.3.4 OR BN.1.4 OR BN.1.4.1 OR BN.1.5 OR BN.1.5.1 OR BN.1.6 OR BN.1.7 OR BN.1.8 OR BN.1.9 OR BN.2 OR BN.2.1 OR BN.3 OR BN.3.1 OR BN.4 OR BN.5 OR BN.6 OR BP.1 OR BQ.1 OR BQ.1.1 OR BQ.1.1.1 OR BQ.1.1.2 OR BQ.1.1.3 OR BQ.1.1.4 OR BQ.1.1.5 OR BQ.1.1.6 OR BQ.1.1.7 OR BQ.1.1.8 OR BQ.1.1.9 OR BQ.1.1.10 OR BQ.1.1.11 OR BQ.1.1.12 OR BQ.1.1.13 OR BQ.1.1.14 OR BQ.1.1.15 OR BQ.1.1.16 OR BQ.1.1.17 OR BQ.1.1.18 OR BQ.1.1.19 OR BQ.1.1.20 OR BQ.1.1.21 OR BQ.1.1.22 OR BQ.1.1.23 OR BQ.1.1.24 OR BQ.1.1.25 OR BQ.1.1.26 OR BQ.1.1.27 OR BQ.1.1.28 OR BQ.1.1.29 OR BQ.1.1.30 OR BQ.1.1.31 OR BQ.1.1.32 OR BQ.1.1.34 OR BQ.1.1.35 OR BQ.1.1.36 OR BQ.1.2 OR BQ.1.3 OR BQ.1.4 OR BQ.1.5 OR BQ.1.6 OR BQ.1.7 OR BQ.1.8 OR BQ.1.8.1 OR BQ.1.8.2 OR BQ.1.9 OR BQ.1.10 OR BQ.1.10.1 OR BQ.1.11 OR BQ.1.12 OR BQ.1.13 OR BQ.1.13.1 OR BQ.1.14 OR BQ.1.15 OR BQ.1.16 OR BQ.1.17 OR BQ.1.18 OR BQ.1.19 OR BQ.1.20 OR BQ.1.21 OR BQ.1.22 OR BQ.1.23 OR BQ.1.24 OR BQ.1.25 OR BQ.1.25.1 OR BQ.1.26 OR BQ.1.26.1 OR BQ.1.27 OR BQ.1.28 OR BQ.2 OR BR.1 OR BR.1.1 OR BR.1.2 OR BR.2 OR BR.2.1 OR BR.3 OR BR.4 OR BS.1 OR BS.1.1 OR BS.1.2 OR BT.1 OR BT.2 OR BU.1 OR BU.2 OR BU.3 OR BV.1 OR BV.2 OR BW.1 OR BW.1.1 OR BY.1 OR BY.1.1 OR BY.1.1.1 OR BY.1.2 OR BY.1.2.1 OR BZ.1 OR CA.1 OR CA.2 OR CA.3 OR CA.3.1 OR CA.4 OR CA.5 OR CA.6 OR CA.7 OR CB.1 OR CC.1 OR CD.1 OR CD.2 OR CE.1 OR CF.1 OR CG.1 OR CH.1 OR CH.1.1 OR CH.1.1.1 OR CH.1.1.2 OR CH.1.1.3 OR CH.1.1.4 OR CH.1.1.5 OR CH.2 OR CH.3 OR CH.3.1 OR CJ.1 OR CJ.1.1 OR CK.1 OR CK.1.1 OR CK.1.2 OR CK.2 OR CK.2.1 OR CK.2.1.1 OR CK.3 OR CL.1 OR CM.1 OR CM.2 OR CM.2.1 OR CM.3 OR CM.4 OR CM.4.1 OR CM.5 OR CM.5.1 OR CM.5.2 OR CM.6 OR CM.6.1 OR CM.7 OR CM.8 OR CM.8.1 OR CM.9 OR CM.10 OR CM.11 OR CM.12 OR CN.1 OR CN.2 OR CP.1 OR CP.1.1 OR CP.1.2 OR CP.1.3 OR CP.2 OR CP.3 OR CP.4 OR CP.5 OR CP.6 OR CQ.1 OR CQ.1.1 OR CQ.2 OR CR.1 OR CR.1.1 OR CR.1.2 OR CR.1.3 OR CR.2 OR CS.1 OR CT.1 OR CU.1 OR CV.1 OR CV.2 OR CW.1 OR CY.1 OR CZ.1 OR DA.1 OR DB.1 OR DB.2 OR DC.1 OR DD.1 OR DE.1 OR DE.2 OR DF.1 OR DF.1.1 OR DG.1 OR DH.1 OR DJ.1 OR DJ.1.1 OR DJ.1.2 OR DJ.1.3 OR DK.1 OR DL.1 OR DM.1 OR DN.1 OR DN.1.1 OR DP.1 OR DQ.1 OR DR.1 OR DS.1 OR DT.1 OR DU.1 OR DV.1,Omicron,,,
2021-12-27,8,6,9.85714285714286,8.42857142857143,0.855072463768116,0.497225503560007,0.955940586447369,B.1.1.529 OR BA.1 OR BA.1.1 OR BA.1.1.1 OR BA.1.1.2 OR BA.1.1.3 OR BA.1.1.4 OR BA.1.1.5 OR BA.1.1.6 OR BA.1.1.7 OR BA.1.1.8 OR BA.1.1.9 OR BA.1.1.10 OR BA.1.1.11 OR BA.1.1.12 OR BA.1.1.13 OR BA.1.1.14 OR BA.1.1.15 OR BA.1.1.16 OR BA.1.1.17 OR BA.1.1.18 OR BA.1.2 OR BA.1.3 OR BA.1.4 OR BA.1.5 OR BA.1.6 OR BA.1.7 OR BA.1.8 OR BA.1.9 OR BA.1.10 OR BA.1.12 OR BA.1.13 OR BA.1.13.1 OR BA.1.14 OR BA.1.14.1 OR BA.1.14.2 OR BA.1.15 OR BA.1.15.1 OR BA.1.15.2 OR BA.1.15.3 OR BA.1.16 OR BA.1.16.1 OR BA.1.16.2 OR BA.1.17 OR BA.1.17.1 OR BA.1.17.2 OR BA.1.18 OR BA.1.19 OR BA.1.20 OR BA.1.21 OR BA.1.21.1 OR BA.1.22 OR BA.1.23 OR BA.1.24 OR BA.2 OR BA.2.1 OR BA.2.2 OR BA.2.2.1 OR BA.2.3 OR BA.2.3.1 OR BA.2.3.2 OR BA.2.3.4 OR BA.2.3.5 OR BA.2.3.6 OR BA.2.3.7 OR BA.2.3.8 OR BA.2.3.9 OR BA.2.3.10 OR BA.2.3.11 OR BA.2.3.12 OR BA.2.3.13 OR BA.2.3.14 OR BA.2.3.15 OR BA.2.3.16 OR BA.2.3.17 OR BA.2.3.18 OR BA.2.3.19 OR BA.2.3.20 OR BA.2.3.21 OR BA.2.3.22 OR BA.2.4 OR BA.2.5 OR BA.2.6 OR BA.2.7 OR BA.2.8 OR BA.2.9 OR BA.2.9.1 OR BA.2.9.2 OR BA.2.9.3 OR BA.2.9.4 OR BA.2.9.5 OR BA.2.9.6 OR BA.2.9.7 OR BA.2.10 OR BA.2.10.1 OR BA.2.10.2 OR BA.2.10.3 OR BA.2.10.4 OR BA.2.11 OR BA.2.12 OR BA.2.12.1 OR BA.2.12.2 OR BA.2.13 OR BA.2.13.1 OR BA.2.14 OR BA.2.15 OR BA.2.16 OR BA.2.17 OR BA.2.18 OR BA.2.19 OR BA.2.20 OR BA.2.21 OR BA.2.22 OR BA.2.23 OR BA.2.23.1 OR BA.2.24 OR BA.2.25 OR BA.2.25.1 OR BA.2.26 OR BA.2.27 OR BA.2.28 OR BA.2.29 OR BA.2.30 OR BA.2.31 OR BA.2.31.1 OR BA.2.32 OR BA.2.33 OR BA.2.34 OR BA.2.35 OR BA.2.36 OR BA.2.37 OR BA.2.38 OR BA.2.38.1 OR BA.2.38.2 OR BA.2.38.3 OR BA.2.38.4 OR BA.2.39 OR BA.2.40 OR BA.2.40.1 OR BA.2.41 OR BA.2.42 OR BA.2.43 OR BA.2.44 OR BA.2.45 OR BA.2.46 OR BA.2.47 OR BA.2.48 OR BA.2.49 OR BA.2.50 OR BA.2.51 OR BA.2.52 OR BA.2.53 OR BA.2.54 OR BA.2.55 OR BA.2.56 OR BA.2.56.1 OR BA.2.57 OR BA.2.58 OR BA.2.59 OR BA.2.60 OR BA.2.61 OR BA.2.62 OR BA.2.63 OR BA.2.64 OR BA.2.65 OR BA.2.66 OR BA.2.67 OR BA.2.68 OR BA.2.69 OR BA.2.70 OR BA.2.71 OR BA.2.72 OR BA.2.73 OR BA.2.74 OR BA.2.75 OR BA.2.75.1 OR BA.2.75.2 OR BA.2.75.3 OR BA.2.75.4 OR BA.2.75.5 OR BA.2.75.6 OR BA.2.75.7 OR BA.2.75.8 OR BA.2.75.9 OR BA.2.75.10 OR BA.2.76 OR BA.2.76.1 OR BA.2.76.2 OR BA.2.77 OR BA.2.78 OR BA.2.79 OR BA.2.79.1 OR BA.2.80 OR BA.2.81 OR BA.2.82 OR BA.2.83 OR BA.2.85 OR BA.3 OR BA.3.1 OR BA.4 OR BA.4.1 OR BA.4.1.1 OR BA.4.1.2 OR BA.4.1.3 OR BA.4.1.4 OR BA.4.1.5 OR BA.4.1.6 OR BA.4.1.7 OR BA.4.1.8 OR BA.4.1.9 OR BA.4.1.10 OR BA.4.2 OR BA.4.3 OR BA.4.4 OR BA.4.5 OR BA.4.6 OR BA.4.6.1 OR BA.4.6.2 OR BA.4.6.3 OR BA.4.6.4 OR BA.4.6.5 OR BA.4.7 OR BA.4.8 OR BA.5 OR BA.5.1 OR BA.5.1.1 OR BA.5.1.2 OR BA.5.1.3 OR BA.5.1.4 OR BA.5.1.5 OR BA.5.1.6 OR BA.5.1.7 OR BA.5.1.8 OR BA.5.1.9 OR BA.5.1.10 OR BA.5.1.11 OR BA.5.1.12 OR BA.5.1.14 OR BA.5.1.15 OR BA.5.1.16 OR BA.5.1.17 OR BA.5.1.18 OR BA.5.1.19 OR BA.5.1.20 OR BA.5.1.21 OR BA.5.1.22 OR BA.5.1.23 OR BA.5.1.24 OR BA.5.1.25 OR BA.5.1.26 OR BA.5.1.27 OR BA.5.1.28 OR BA.5.1.29 OR BA.5.1.30 OR BA.5.1.31 OR BA.5.1.32 OR BA.5.2 OR BA.5.2.1 OR BA.5.2.2 OR BA.5.2.3 OR BA.5.2.4 OR BA.5.2.5 OR BA.5.2.6 OR BA.5.2.7 OR BA.5.2.8 OR BA.5.2.9 OR BA.5.2.10 OR BA.5.2.11 OR BA.5.2.12 OR BA.5.2.13 OR BA.5.2.14 OR BA.5.2.16 OR BA.5.2.18 OR BA.5.2.19 OR BA.5.2.20 OR BA.5.2.21 OR BA.5.2.22 OR BA.5.2.23 OR BA.5.2.24 OR BA.5.2.25 OR BA.5.2.26 OR BA.5.2.27 OR BA.5.2.28 OR BA.5.2.29 OR BA.5.2.30 OR BA.5.2.31 OR BA.5.2.32 OR BA.5.2.33 OR BA.5.2.34 OR BA.5.2.35 OR BA.5.2.36 OR BA.5.2.37 OR BA.5.2.38 OR BA.5.2.39 OR BA.5.2.40 OR BA.5.2.41 OR BA.5.2.42 OR BA.5.2.43 OR BA.5.2.44 OR BA.5.2.45 OR BA.5.2.46 OR BA.5.2.47 OR BA.5.2.48 OR BA.5.2.49 OR BA.5.3 OR BA.5.3.1 OR BA.5.3.2 OR BA.5.3.3 OR BA.5.3.4 OR BA.5.3.5 OR BA.5.5 OR BA.5.5.1 OR BA.5.5.2 OR BA.5.5.3 OR BA.5.6 OR BA.5.6.1 OR BA.5.6.2 OR BA.5.6.3 OR BA.5.6.4 OR BA.5.7 OR BA.5.8 OR BA.5.9 OR BA.5.10 OR BA.5.10.1 OR BA.5.11 OR BC.1 OR BC.2 OR BD.1 OR BE.1 OR BE.1.1 OR BE.1.1.1 OR BE.1.1.2 OR BE.1.2 OR BE.1.2.1 OR BE.1.3 OR BE.1.4 OR BE.1.4.1 OR BE.1.4.2 OR BE.1.4.3 OR BE.1.4.4 OR BE.2 OR BE.3 OR BE.4 OR BE.4.1 OR BE.4.1.1 OR BE.4.2 OR BE.5 OR BE.6 OR BE.7 OR BE.8 OR BE.9 OR BE.10 OR BF.1 OR BF.1.1 OR BF.2 OR BF.3 OR BF.3.1 OR BF.4 OR BF.5 OR BF.5.1 OR BF.5.2 OR BF.6 OR BF.7 OR BF.7.1 OR BF.7.2 OR BF.7.3 OR BF.7.4 OR BF.7.4.1 OR BF.7.4.2 OR BF.7.5 OR BF.7.5.1 OR BF.7.6 OR BF.7.7 OR BF.7.8 OR BF.7.9 OR BF.7.10 OR BF.7.11 OR BF.7.12 OR BF.7.13 OR BF.7.13.1 OR BF.7.13.2 OR BF.7.14 OR BF.7.15 OR BF.8 OR BF.9 OR BF.10 OR BF.10.1 OR BF.11 OR BF.11.1 OR BF.11.2 OR BF.11.3 OR BF.11.4 OR BF.11.5 OR BF.12 OR BF.13 OR BF.14 OR BF.15 OR BF.16 OR BF.17 OR BF.18 OR BF.19 OR BF.20 OR BF.21 OR BF.22 OR BF.23 OR BF.24 OR BF.25 OR BF.26 OR BF.27 OR BF.28 OR BF.29 OR BF.30 OR BF.31 OR BF.31.1 OR BF.32 OR BF.33 OR BF.34 OR BG.1 OR BG.2 OR BG.3 OR BG.4 OR BG.5 OR BG.6 OR BG.7 OR BH.1 OR BJ.1 OR BK.1 OR BL.1 OR BL.1.1 OR BL.1.2 OR BL.1.3 OR BL.1.4 OR BL.2 OR BL.2.1 OR BL.3 OR BL.4 OR BL.5 OR BL.6 OR BM.1 OR BM.1.1 OR BM.1.1.1 OR BM.1.1.2 OR BM.1.1.3 OR BM.1.1.4 OR BM.1.1.5 OR BM.2 OR BM.2.1 OR BM.2.2 OR BM.2.3 OR BM.3 OR BM.4 OR BM.4.1 OR BM.4.1.1 OR BM.5 OR BM.6 OR BN.1 OR BN.1.1 OR BN.1.1.1 OR BN.1.2 OR BN.1.2.1 OR BN.1.3 OR BN.1.3.1 OR BN.1.3.2 OR BN.1.3.3 OR BN.1.3.4 OR BN.1.4 OR BN.1.4.1 OR BN.1.5 OR BN.1.5.1 OR BN.1.6 OR BN.1.7 OR BN.1.8 OR BN.1.9 OR BN.2 OR BN.2.1 OR BN.3 OR BN.3.1 OR BN.4 OR BN.5 OR BN.6 OR BP.1 OR BQ.1 OR BQ.1.1 OR BQ.1.1.1 OR BQ.1.1.2 OR BQ.1.1.3 OR BQ.1.1.4 OR BQ.1.1.5 OR BQ.1.1.6 OR BQ.1.1.7 OR BQ.1.1.8 OR BQ.1.1.9 OR BQ.1.1.10 OR BQ.1.1.11 OR BQ.1.1.12 OR BQ.1.1.13 OR BQ.1.1.14 OR BQ.1.1.15 OR BQ.1.1.16 OR BQ.1.1.17 OR BQ.1.1.18 OR BQ.1.1.19 OR BQ.1.1.20 OR BQ.1.1.21 OR BQ.1.1.22 OR BQ.1.1.23 OR BQ.1.1.24 OR BQ.1.1.25 OR BQ.1.1.26 OR BQ.1.1.27 OR BQ.1.1.28 OR BQ.1.1.29 OR BQ.1.1.30 OR BQ.1.1.31 OR BQ.1.1.32 OR BQ.1.1.34 OR BQ.1.1.35 OR BQ.1.1.36 OR BQ.1.2 OR BQ.1.3 OR BQ.1.4 OR BQ.1.5 OR BQ.1.6 OR BQ.1.7 OR BQ.1.8 OR BQ.1.8.1 OR BQ.1.8.2 OR BQ.1.9 OR BQ.1.10 OR BQ.1.10.1 OR BQ.1.11 OR BQ.1.12 OR BQ.1.13 OR BQ.1.13.1 OR BQ.1.14 OR BQ.1.15 OR BQ.1.16 OR BQ.1.17 OR BQ.1.18 OR BQ.1.19 OR BQ.1.20 OR BQ.1.21 OR BQ.1.22 OR BQ.1.23 OR BQ.1.24 OR BQ.1.25 OR BQ.1.25.1 OR BQ.1.26 OR BQ.1.26.1 OR BQ.1.27 OR BQ.1.28 OR BQ.2 OR BR.1 OR BR.1.1 OR BR.1.2 OR BR.2 OR BR.2.1 OR BR.3 OR BR.4 OR BS.1 OR BS.1.1 OR BS.1.2 OR BT.1 OR BT.2 OR BU.1 OR BU.2 OR BU.3 OR BV.1 OR BV.2 OR BW.1 OR BW.1.1 OR BY.1 OR BY.1.1 OR BY.1.1.1 OR BY.1.2 OR BY.1.2.1 OR BZ.1 OR CA.1 OR CA.2 OR CA.3 OR CA.3.1 OR CA.4 OR CA.5 OR CA.6 OR CA.7 OR CB.1 OR CC.1 OR CD.1 OR CD.2 OR CE.1 OR CF.1 OR CG.1 OR CH.1 OR CH.1.1 OR CH.1.1.1 OR CH.1.1.2 OR CH.1.1.3 OR CH.1.1.4 OR CH.1.1.5 OR CH.2 OR CH.3 OR CH.3.1 OR CJ.1 OR CJ.1.1 OR CK.1 OR CK.1.1 OR CK.1.2 OR CK.2 OR CK.2.1 OR CK.2.1.1 OR CK.3 OR CL.1 OR CM.1 OR CM.2 OR CM.2.1 OR CM.3 OR CM.4 OR CM.4.1 OR CM.5 OR CM.5.1 OR CM.5.2 OR CM.6 OR CM.6.1 OR CM.7 OR CM.8 OR CM.8.1 OR CM.9 OR CM.10 OR CM.11 OR CM.12 OR CN.1 OR CN.2 OR CP.1 OR CP.1.1 OR CP.1.2 OR CP.1.3 OR CP.2 OR CP.3 OR CP.4 OR CP.5 OR CP.6 OR CQ.1 OR CQ.1.1 OR CQ.2 OR CR.1 OR CR.1.1 OR CR.1.2 OR CR.1.3 OR CR.2 OR CS.1 OR CT.1 OR CU.1 OR CV.1 OR CV.2 OR CW.1 OR CY.1 OR CZ.1 OR DA.1 OR DB.1 OR DB.2 OR DC.1 OR DD.1 OR DE.1 OR DE.2 OR DF.1 OR DF.1.1 OR DG.1 OR DH.1 OR DJ.1 OR DJ.1.1 OR DJ.1.2 OR DJ.1.3 OR DK.1 OR DL.1 OR DM.1 OR DN.1 OR DN.1.1 OR DP.1 OR DQ.1 OR DR.1 OR DS.1 OR DT.1 OR DU.1 OR DV.1,Omicron,,,
2021-12-28,2,0,7.85714285714286,6.28571428571429,0.8,0.408376489426663,0.944033110275341,B.1.1.529 OR BA.1 OR BA.1.1 OR BA.1.1.1 OR BA.1.1.2 OR BA.1.1.3 OR BA.1.1.4 OR BA.1.1.5 OR BA.1.1.6 OR BA.1.1.7 OR BA.1.1.8 OR BA.1.1.9 OR BA.1.1.10 OR BA.1.1.11 OR BA.1.1.12 OR BA.1.1.13 OR BA.1.1.14 OR BA.1.1.15 OR BA.1.1.16 OR BA.1.1.17 OR BA.1.1.18 OR BA.1.2 OR BA.1.3 OR BA.1.4 OR BA.1.5 OR BA.1.6 OR BA.1.7 OR BA.1.8 OR BA.1.9 OR BA.1.10 OR BA.1.12 OR BA.1.13 OR BA.1.13.1 OR BA.1.14 OR BA.1.14.1 OR BA.1.14.2 OR BA.1.15 OR BA.1.15.1 OR BA.1.15.2 OR BA.1.15.3 OR BA.1.16 OR BA.1.16.1 OR BA.1.16.2 OR BA.1.17 OR BA.1.17.1 OR BA.1.17.2 OR BA.1.18 OR BA.1.19 OR BA.1.20 OR BA.1.21 OR BA.1.21.1 OR BA.1.22 OR BA.1.23 OR BA.1.24 OR BA.2 OR BA.2.1 OR BA.2.2 OR BA.2.2.1 OR BA.2.3 OR BA.2.3.1 OR BA.2.3.2 OR BA.2.3.4 OR BA.2.3.5 OR BA.2.3.6 OR BA.2.3.7 OR BA.2.3.8 OR BA.2.3.9 OR BA.2.3.10 OR BA.2.3.11 OR BA.2.3.12 OR BA.2.3.13 OR BA.2.3.14 OR BA.2.3.15 OR BA.2.3.16 OR BA.2.3.17 OR BA.2.3.18 OR BA.2.3.19 OR BA.2.3.20 OR BA.2.3.21 OR BA.2.3.22 OR BA.2.4 OR BA.2.5 OR BA.2.6 OR BA.2.7 OR BA.2.8 OR BA.2.9 OR BA.2.9.1 OR BA.2.9.2 OR BA.2.9.3 OR BA.2.9.4 OR BA.2.9.5 OR BA.2.9.6 OR BA.2.9.7 OR BA.2.10 OR BA.2.10.1 OR BA.2.10.2 OR BA.2.10.3 OR BA.2.10.4 OR BA.2.11 OR BA.2.12 OR BA.2.12.1 OR BA.2.12.2 OR BA.2.13 OR BA.2.13.1 OR BA.2.14 OR BA.2.15 OR BA.2.16 OR BA.2.17 OR BA.2.18 OR BA.2.19 OR BA.2.20 OR BA.2.21 OR BA.2.22 OR BA.2.23 OR BA.2.23.1 OR BA.2.24 OR BA.2.25 OR BA.2.25.1 OR BA.2.26 OR BA.2.27 OR BA.2.28 OR BA.2.29 OR BA.2.30 OR BA.2.31 OR BA.2.31.1 OR BA.2.32 OR BA.2.33 OR BA.2.34 OR BA.2.35 OR BA.2.36 OR BA.2.37 OR BA.2.38 OR BA.2.38.1 OR BA.2.38.2 OR BA.2.38.3 OR BA.2.38.4 OR BA.2.39 OR BA.2.40 OR BA.2.40.1 OR BA.2.41 OR BA.2.42 OR BA.2.43 OR BA.2.44 OR BA.2.45 OR BA.2.46 OR BA.2.47 OR BA.2.48 OR BA.2.49 OR BA.2.50 OR BA.2.51 OR BA.2.52 OR BA.2.53 OR BA.2.54 OR BA.2.55 OR BA.2.56 OR BA.2.56.1 OR BA.2.57 OR BA.2.58 OR BA.2.59 OR BA.2.60 OR BA.2.61 OR BA.2.62 OR BA.2.63 OR BA.2.64 OR BA.2.65 OR BA.2.66 OR BA.2.67 OR BA.2.68 OR BA.2.69 OR BA.2.70 OR BA.2.71 OR BA.2.72 OR BA.2.73 OR BA.2.74 OR BA.2.75 OR BA.2.75.1 OR BA.2.75.2 OR BA.2.75.3 OR BA.2.75.4 OR BA.2.75.5 OR BA.2.75.6 OR BA.2.75.7 OR BA.2.75.8 OR BA.2.75.9 OR BA.2.75.10 OR BA.2.76 OR BA.2.76.1 OR BA.2.76.2 OR BA.2.77 OR BA.2.78 OR BA.2.79 OR BA.2.79.1 OR BA.2.80 OR BA.2.81 OR BA.2.82 OR BA.2.83 OR BA.2.85 OR BA.3 OR BA.3.1 OR BA.4 OR BA.4.1 OR BA.4.1.1 OR BA.4.1.2 OR BA.4.1.3 OR BA.4.1.4 OR BA.4.1.5 OR BA.4.1.6 OR BA.4.1.7 OR BA.4.1.8 OR BA.4.1.9 OR BA.4.1.10 OR BA.4.2 OR BA.4.3 OR BA.4.4 OR BA.4.5 OR BA.4.6 OR BA.4.6.1 OR BA.4.6.2 OR BA.4.6.3 OR BA.4.6.4 OR BA.4.6.5 OR BA.4.7 OR BA.4.8 OR BA.5 OR BA.5.1 OR BA.5.1.1 OR BA.5.1.2 OR BA.5.1.3 OR BA.5.1.4 OR BA.5.1.5 OR BA.5.1.6 OR BA.5.1.7 OR BA.5.1.8 OR BA.5.1.9 OR BA.5.1.10 OR BA.5.1.11 OR BA.5.1.12 OR BA.5.1.14 OR BA.5.1.15 OR BA.5.1.16 OR BA.5.1.17 OR BA.5.1.18 OR BA.5.1.19 OR BA.5.1.20 OR BA.5.1.21 OR BA.5.1.22 OR BA.5.1.23 OR BA.5.1.24 OR BA.5.1.25 OR BA.5.1.26 OR BA.5.1.27 OR BA.5.1.28 OR BA.5.1.29 OR BA.5.1.30 OR BA.5.1.31 OR BA.5.1.32 OR BA.5.2 OR BA.5.2.1 OR BA.5.2.2 OR BA.5.2.3 OR BA.5.2.4 OR BA.5.2.5 OR BA.5.2.6 OR BA.5.2.7 OR BA.5.2.8 OR BA.5.2.9 OR BA.5.2.10 OR BA.5.2.11 OR BA.5.2.12 OR BA.5.2.13 OR BA.5.2.14 OR BA.5.2.16 OR BA.5.2.18 OR BA.5.2.19 OR BA.5.2.20 OR BA.5.2.21 OR BA.5.2.22 OR BA.5.2.23 OR BA.5.2.24 OR BA.5.2.25 OR BA.5.2.26 OR BA.5.2.27 OR BA.5.2.28 OR BA.5.2.29 OR BA.5.2.30 OR BA.5.2.31 OR BA.5.2.32 OR BA.5.2.33 OR BA.5.2.34 OR BA.5.2.35 OR BA.5.2.36 OR BA.5.2.37 OR BA.5.2.38 OR BA.5.2.39 OR BA.5.2.40 OR BA.5.2.41 OR BA.5.2.42 OR BA.5.2.43 OR BA.5.2.44 OR BA.5.2.45 OR BA.5.2.46 OR BA.5.2.47 OR BA.5.2.48 OR BA.5.2.49 OR BA.5.3 OR BA.5.3.1 OR BA.5.3.2 OR BA.5.3.3 OR BA.5.3.4 OR BA.5.3.5 OR BA.5.5 OR BA.5.5.1 OR BA.5.5.2 OR BA.5.5.3 OR BA.5.6 OR BA.5.6.1 OR BA.5.6.2 OR BA.5.6.3 OR BA.5.6.4 OR BA.5.7 OR BA.5.8 OR BA.5.9 OR BA.5.10 OR BA.5.10.1 OR BA.5.11 OR BC.1 OR BC.2 OR BD.1 OR BE.1 OR BE.1.1 OR BE.1.1.1 OR BE.1.1.2 OR BE.1.2 OR BE.1.2.1 OR BE.1.3 OR BE.1.4 OR BE.1.4.1 OR BE.1.4.2 OR BE.1.4.3 OR BE.1.4.4 OR BE.2 OR BE.3 OR BE.4 OR BE.4.1 OR BE.4.1.1 OR BE.4.2 OR BE.5 OR BE.6 OR BE.7 OR BE.8 OR BE.9 OR BE.10 OR BF.1 OR BF.1.1 OR BF.2 OR BF.3 OR BF.3.1 OR BF.4 OR BF.5 OR BF.5.1 OR BF.5.2 OR BF.6 OR BF.7 OR BF.7.1 OR BF.7.2 OR BF.7.3 OR BF.7.4 OR BF.7.4.1 OR BF.7.4.2 OR BF.7.5 OR BF.7.5.1 OR BF.7.6 OR BF.7.7 OR BF.7.8 OR BF.7.9 OR BF.7.10 OR BF.7.11 OR BF.7.12 OR BF.7.13 OR BF.7.13.1 OR BF.7.13.2 OR BF.7.14 OR BF.7.15 OR BF.8 OR BF.9 OR BF.10 OR BF.10.1 OR BF.11 OR BF.11.1 OR BF.11.2 OR BF.11.3 OR BF.11.4 OR BF.11.5 OR BF.12 OR BF.13 OR BF.14 OR BF.15 OR BF.16 OR BF.17 OR BF.18 OR BF.19 OR BF.20 OR BF.21 OR BF.22 OR BF.23 OR BF.24 OR BF.25 OR BF.26 OR BF.27 OR BF.28 OR BF.29 OR BF.30 OR BF.31 OR BF.31.1 OR BF.32 OR BF.33 OR BF.34 OR BG.1 OR BG.2 OR BG.3 OR BG.4 OR BG.5 OR BG.6 OR BG.7 OR BH.1 OR BJ.1 OR BK.1 OR BL.1 OR BL.1.1 OR BL.1.2 OR BL.1.3 OR BL.1.4 OR BL.2 OR BL.2.1 OR BL.3 OR BL.4 OR BL.5 OR BL.6 OR BM.1 OR BM.1.1 OR BM.1.1.1 OR BM.1.1.2 OR BM.1.1.3 OR BM.1.1.4 OR BM.1.1.5 OR BM.2 OR BM.2.1 OR BM.2.2 OR BM.2.3 OR BM.3 OR BM.4 OR BM.4.1 OR BM.4.1.1 OR BM.5 OR BM.6 OR BN.1 OR BN.1.1 OR BN.1.1.1 OR BN.1.2 OR BN.1.2.1 OR BN.1.3 OR BN.1.3.1 OR BN.1.3.2 OR BN.1.3.3 OR BN.1.3.4 OR BN.1.4 OR BN.1.4.1 OR BN.1.5 OR BN.1.5.1 OR BN.1.6 OR BN.1.7 OR BN.1.8 OR BN.1.9 OR BN.2 OR BN.2.1 OR BN.3 OR BN.3.1 OR BN.4 OR BN.5 OR BN.6 OR BP.1 OR BQ.1 OR BQ.1.1 OR BQ.1.1.1 OR BQ.1.1.2 OR BQ.1.1.3 OR BQ.1.1.4 OR BQ.1.1.5 OR BQ.1.1.6 OR BQ.1.1.7 OR BQ.1.1.8 OR BQ.1.1.9 OR BQ.1.1.10 OR BQ.1.1.11 OR BQ.1.1.12 OR BQ.1.1.13 OR BQ.1.1.14 OR BQ.1.1.15 OR BQ.1.1.16 OR BQ.1.1.17 OR BQ.1.1.18 OR BQ.1.1.19 OR BQ.1.1.20 OR BQ.1.1.21 OR BQ.1.1.22 OR BQ.1.1.23 OR BQ.1.1.24 OR BQ.1.1.25 OR BQ.1.1.26 OR BQ.1.1.27 OR BQ.1.1.28 OR BQ.1.1.29 OR BQ.1.1.30 OR BQ.1.1.31 OR BQ.1.1.32 OR BQ.1.1.34 OR BQ.1.1.35 OR BQ.1.1.36 OR BQ.1.2 OR BQ.1.3 OR BQ.1.4 OR BQ.1.5 OR BQ.1.6 OR BQ.1.7 OR BQ.1.8 OR BQ.1.8.1 OR BQ.1.8.2 OR BQ.1.9 OR BQ.1.10 OR BQ.1.10.1 OR BQ.1.11 OR BQ.1.12 OR BQ.1.13 OR BQ.1.13.1 OR BQ.1.14 OR BQ.1.15 OR BQ.1.16 OR BQ.1.17 OR BQ.1.18 OR BQ.1.19 OR BQ.1.20 OR BQ.1.21 OR BQ.1.22 OR BQ.1.23 OR BQ.1.24 OR BQ.1.25 OR BQ.1.25.1 OR BQ.1.26 OR BQ.1.26.1 OR BQ.1.27 OR BQ.1.28 OR BQ.2 OR BR.1 OR BR.1.1 OR BR.1.2 OR BR.2 OR BR.2.1 OR BR.3 OR BR.4 OR BS.1 OR BS.1.1 OR BS.1.2 OR BT.1 OR BT.2 OR BU.1 OR BU.2 OR BU.3 OR BV.1 OR BV.2 OR BW.1 OR BW.1.1 OR BY.1 OR BY.1.1 OR BY.1.1.1 OR BY.1.2 OR BY.1.2.1 OR BZ.1 OR CA.1 OR CA.2 OR CA.3 OR CA.3.1 OR CA.4 OR CA.5 OR CA.6 OR CA.7 OR CB.1 OR CC.1 OR CD.1 OR CD.2 OR CE.1 OR CF.1 OR CG.1 OR CH.1 OR CH.1.1 OR CH.1.1.1 OR CH.1.1.2 OR CH.1.1.3 OR CH.1.1.4 OR CH.1.1.5 OR CH.2 OR CH.3 OR CH.3.1 OR CJ.1 OR CJ.1.1 OR CK.1 OR CK.1.1 OR CK.1.2 OR CK.2 OR CK.2.1 OR CK.2.1.1 OR CK.3 OR CL.1 OR CM.1 OR CM.2 OR CM.2.1 OR CM.3 OR CM.4 OR CM.4.1 OR CM.5 OR CM.5.1 OR CM.5.2 OR CM.6 OR CM.6.1 OR CM.7 OR CM.8 OR CM.8.1 OR CM.9 OR CM.10 OR CM.11 OR CM.12 OR CN.1 OR CN.2 OR CP.1 OR CP.1.1 OR CP.1.2 OR CP.1.3 OR CP.2 OR CP.3 OR CP.4 OR CP.5 OR CP.6 OR CQ.1 OR CQ.1.1 OR CQ.2 OR CR.1 OR CR.1.1 OR CR.1.2 OR CR.1.3 OR CR.2 OR CS.1 OR CT.1 OR CU.1 OR CV.1 OR CV.2 OR CW.1 OR CY.1 OR CZ.1 OR DA.1 OR DB.1 OR DB.2 OR DC.1 OR DD.1 OR DE.1 OR DE.2 OR DF.1 OR DF.1.1 OR DG.1 OR DH.1 OR DJ.1 OR DJ.1.1 OR DJ.1.2 OR DJ.1.3 OR DK.1 OR DL.1 OR DM.1 OR DN.1 OR DN.1.1 OR DP.1 OR DQ.1 OR DR.1 OR DS.1 OR DT.1 OR DU.1 OR DV.1,Omicron,7.5,5.28571428571429,0.704761904761905
2021-12-29,2,0,5,3.71428571428571,0.742857142857143,0.371373599368006,0.977487234000845,B.1.1.529 OR BA.1 OR BA.1.1 OR BA.1.1.1 OR BA.1.1.2 OR BA.1.1.3 OR BA.1.1.4 OR BA.1.1.5 OR BA.1.1.6 OR BA.1.1.7 OR BA.1.1.8 OR BA.1.1.9 OR BA.1.1.10 OR BA.1.1.11 OR BA.1.1.12 OR BA.1.1.13 OR BA.1.1.14 OR BA.1.1.15 OR BA.1.1.16 OR BA.1.1.17 OR BA.1.1.18 OR BA.1.2 OR BA.1.3 OR BA.1.4 OR BA.1.5 OR BA.1.6 OR BA.1.7 OR BA.1.8 OR BA.1.9 OR BA.1.10 OR BA.1.12 OR BA.1.13 OR BA.1.13.1 OR BA.1.14 OR BA.1.14.1 OR BA.1.14.2 OR BA.1.15 OR BA.1.15.1 OR BA.1.15.2 OR BA.1.15.3 OR BA.1.16 OR BA.1.16.1 OR BA.1.16.2 OR BA.1.17 OR BA.1.17.1 OR BA.1.17.2 OR BA.1.18 OR BA.1.19 OR BA.1.20 OR BA.1.21 OR BA.1.21.1 OR BA.1.22 OR BA.1.23 OR BA.1.24 OR BA.2 OR BA.2.1 OR BA.2.2 OR BA.2.2.1 OR BA.2.3 OR BA.2.3.1 OR BA.2.3.2 OR BA.2.3.4 OR BA.2.3.5 OR BA.2.3.6 OR BA.2.3.7 OR BA.2.3.8 OR BA.2.3.9 OR BA.2.3.10 OR BA.2.3.11 OR BA.2.3.12 OR BA.2.3.13 OR BA.2.3.14 OR BA.2.3.15 OR BA.2.3.16 OR BA.2.3.17 OR BA.2.3.18 OR BA.2.3.19 OR BA.2.3.20 OR BA.2.3.21 OR BA.2.3.22 OR BA.2.4 OR BA.2.5 OR BA.2.6 OR BA.2.7 OR BA.2.8 OR BA.2.9 OR BA.2.9.1 OR BA.2.9.2 OR BA.2.9.3 OR BA.2.9.4 OR BA.2.9.5 OR BA.2.9.6 OR BA.2.9.7 OR BA.2.10 OR BA.2.10.1 OR BA.2.10.2 OR BA.2.10.3 OR BA.2.10.4 OR BA.2.11 OR BA.2.12 OR BA.2.12.1 OR BA.2.12.2 OR BA.2.13 OR BA.2.13.1 OR BA.2.14 OR BA.2.15 OR BA.2.16 OR BA.2.17 OR BA.2.18 OR BA.2.19 OR BA.2.20 OR BA.2.21 OR BA.2.22 OR BA.2.23 OR BA.2.23.1 OR BA.2.24 OR BA.2.25 OR BA.2.25.1 OR BA.2.26 OR BA.2.27 OR BA.2.28 OR BA.2.29 OR BA.2.30 OR BA.2.31 OR BA.2.31.1 OR BA.2.32 OR BA.2.33 OR BA.2.34 OR BA.2.35 OR BA.2.36 OR BA.2.37 OR BA.2.38 OR BA.2.38.1 OR BA.2.38.2 OR BA.2.38.3 OR BA.2.38.4 OR BA.2.39 OR BA.2.40 OR BA.2.40.1 OR BA.2.41 OR BA.2.42 OR BA.2.43 OR BA.2.44 OR BA.2.45 OR BA.2.46 OR BA.2.47 OR BA.2.48 OR BA.2.49 OR BA.2.50 OR BA.2.51 OR BA.2.52 OR BA.2.53 OR BA.2.54 OR BA.2.55 OR BA.2.56 OR BA.2.56.1 OR BA.2.57 OR BA.2.58 OR BA.2.59 OR BA.2.60 OR BA.2.61 OR BA.2.62 OR BA.2.63 OR BA.2.64 OR BA.2.65 OR BA.2.66 OR BA.2.67 OR BA.2.68 OR BA.2.69 OR BA.2.70 OR BA.2.71 OR BA.2.72 OR BA.2.73 OR BA.2.74 OR BA.2.75 OR BA.2.75.1 OR BA.2.75.2 OR BA.2.75.3 OR BA.2.75.4 OR BA.2.75.5 OR BA.2.75.6 OR BA.2.75.7 OR BA.2.75.8 OR BA.2.75.9 OR BA.2.75.10 OR BA.2.76 OR BA.2.76.1 OR BA.2.76.2 OR BA.2.77 OR BA.2.78 OR BA.2.79 OR BA.2.79.1 OR BA.2.80 OR BA.2.81 OR BA.2.82 OR BA.2.83 OR BA.2.85 OR BA.3 OR BA.3.1 OR BA.4 OR BA.4.1 OR BA.4.1.1 OR BA.4.1.2 OR BA.4.1.3 OR BA.4.1.4 OR BA.4.1.5 OR BA.4.1.6 OR BA.4.1.7 OR BA.4.1.8 OR BA.4.1.9 OR BA.4.1.10 OR BA.4.2 OR BA.4.3 OR BA.4.4 OR BA.4.5 OR BA.4.6 OR BA.4.6.1 OR BA.4.6.2 OR BA.4.6.3 OR BA.4.6.4 OR BA.4.6.5 OR BA.4.7 OR BA.4.8 OR BA.5 OR BA.5.1 OR BA.5.1.1 OR BA.5.1.2 OR BA.5.1.3 OR BA.5.1.4 OR BA.5.1.5 OR BA.5.1.6 OR BA.5.1.7 OR BA.5.1.8 OR BA.5.1.9 OR BA.5.1.10 OR BA.5.1.11 OR BA.5.1.12 OR BA.5.1.14 OR BA.5.1.15 OR BA.5.1.16 OR BA.5.1.17 OR BA.5.1.18 OR BA.5.1.19 OR BA.5.1.20 OR BA.5.1.21 OR BA.5.1.22 OR BA.5.1.23 OR BA.5.1.24 OR BA.5.1.25 OR BA.5.1.26 OR BA.5.1.27 OR BA.5.1.28 OR BA.5.1.29 OR BA.5.1.30 OR BA.5.1.31 OR BA.5.1.32 OR BA.5.2 OR BA.5.2.1 OR BA.5.2.2 OR BA.5.2.3 OR BA.5.2.4 OR BA.5.2.5 OR BA.5.2.6 OR BA.5.2.7 OR BA.5.2.8 OR BA.5.2.9 OR BA.5.2.10 OR BA.5.2.11 OR BA.5.2.12 OR BA.5.2.13 OR BA.5.2.14 OR BA.5.2.16 OR BA.5.2.18 OR BA.5.2.19 OR BA.5.2.20 OR BA.5.2.21 OR BA.5.2.22 OR BA.5.2.23 OR BA.5.2.24 OR BA.5.2.25 OR BA.5.2.26 OR BA.5.2.27 OR BA.5.2.28 OR BA.5.2.29 OR BA.5.2.30 OR BA.5.2.31 OR BA.5.2.32 OR BA.5.2.33 OR BA.5.2.34 OR BA.5.2.35 OR BA.5.2.36 OR BA.5.2.37 OR BA.5.2.38 OR BA.5.2.39 OR BA.5.2.40 OR BA.5.2.41 OR BA.5.2.42 OR BA.5.2.43 OR BA.5.2.44 OR BA.5.2.45 OR BA.5.2.46 OR BA.5.2.47 OR BA.5.2.48 OR BA.5.2.49 OR BA.5.3 OR BA.5.3.1 OR BA.5.3.2 OR BA.5.3.3 OR BA.5.3.4 OR BA.5.3.5 OR BA.5.5 OR BA.5.5.1 OR BA.5.5.2 OR BA.5.5.3 OR BA.5.6 OR BA.5.6.1 OR BA.5.6.2 OR BA.5.6.3 OR BA.5.6.4 OR BA.5.7 OR BA.5.8 OR BA.5.9 OR BA.5.10 OR BA.5.10.1 OR BA.5.11 OR BC.1 OR BC.2 OR BD.1 OR BE.1 OR BE.1.1 OR BE.1.1.1 OR BE.1.1.2 OR BE.1.2 OR BE.1.2.1 OR BE.1.3 OR BE.1.4 OR BE.1.4.1 OR BE.1.4.2 OR BE.1.4.3 OR BE.1.4.4 OR BE.2 OR BE.3 OR BE.4 OR BE.4.1 OR BE.4.1.1 OR BE.4.2 OR BE.5 OR BE.6 OR BE.7 OR BE.8 OR BE.9 OR BE.10 OR BF.1 OR BF.1.1 OR BF.2 OR BF.3 OR BF.3.1 OR BF.4 OR BF.5 OR BF.5.1 OR BF.5.2 OR BF.6 OR BF.7 OR BF.7.1 OR BF.7.2 OR BF.7.3 OR BF.7.4 OR BF.7.4.1 OR BF.7.4.2 OR BF.7.5 OR BF.7.5.1 OR BF.7.6 OR BF.7.7 OR BF.7.8 OR BF.7.9 OR BF.7.10 OR BF.7.11 OR BF.7.12 OR BF.7.13 OR BF.7.13.1 OR BF.7.13.2 OR BF.7.14 OR BF.7.15 OR BF.8 OR BF.9 OR BF.10 OR BF.10.1 OR BF.11 OR BF.11.1 OR BF.11.2 OR BF.11.3 OR BF.11.4 OR BF.11.5 OR BF.12 OR BF.13 OR BF.14 OR BF.15 OR BF.16 OR BF.17 OR BF.18 OR BF.19 OR BF.20 OR BF.21 OR BF.22 OR BF.23 OR BF.24 OR BF.25 OR BF.26 OR BF.27 OR BF.28 OR BF.29 OR BF.30 OR BF.31 OR BF.31.1 OR BF.32 OR BF.33 OR BF.34 OR BG.1 OR BG.2 OR BG.3 OR BG.4 OR BG.5 OR BG.6 OR BG.7 OR BH.1 OR BJ.1 OR BK.1 OR BL.1 OR BL.1.1 OR BL.1.2 OR BL.1.3 OR BL.1.4 OR BL.2 OR BL.2.1 OR BL.3 OR BL.4 OR BL.5 OR BL.6 OR BM.1 OR BM.1.1 OR BM.1.1.1 OR BM.1.1.2 OR BM.1.1.3 OR BM.1.1.4 OR BM.1.1.5 OR BM.2 OR BM.2.1 OR BM.2.2 OR BM.2.3 OR BM.3 OR BM.4 OR BM.4.1 OR BM.4.1.1 OR BM.5 OR BM.6 OR BN.1 OR BN.1.1 OR BN.1.1.1 OR BN.1.2 OR BN.1.2.1 OR BN.1.3 OR BN.1.3.1 OR BN.1.3.2 OR BN.1.3.3 OR BN.1.3.4 OR BN.1.4 OR BN.1.4.1 OR BN.1.5 OR BN.1.5.1 OR BN.1.6 OR BN.1.7 OR BN.1.8 OR BN.1.9 OR BN.2 OR BN.2.1 OR BN.3 OR BN.3.1 OR BN.4 OR BN.5 OR BN.6 OR BP.1 OR BQ.1 OR BQ.1.1 OR BQ.1.1.1 OR BQ.1.1.2 OR BQ.1.1.3 OR BQ.1.1.4 OR BQ.1.1.5 OR BQ.1.1.6 OR BQ.1.1.7 OR BQ.1.1.8 OR BQ.1.1.9 OR BQ.1.1.10 OR BQ.1.1.11 OR BQ.1.1.12 OR BQ.1.1.13 OR BQ.1.1.14 OR BQ.1.1.15 OR BQ.1.1.16 OR BQ.1.1.17 OR BQ.1.1.18 OR BQ.1.1.19 OR BQ.1.1.20 OR BQ.1.1.21 OR BQ.1.1.22 OR BQ.1.1.23 OR BQ.1.1.24 OR BQ.1.1.25 OR BQ.1.1.26 OR BQ.1.1.27 OR BQ.1.1.28 OR BQ.1.1.29 OR BQ.1.1.30 OR BQ.1.1.31 OR BQ.1.1.32 OR BQ.1.1.34 OR BQ.1.1.35 OR BQ.1.1.36 OR BQ.1.2 OR BQ.1.3 OR BQ.1.4 OR BQ.1.5 OR BQ.1.6 OR BQ.1.7 OR BQ.1.8 OR BQ.1.8.1 OR BQ.1.8.2 OR BQ.1.9 OR BQ.1.10 OR BQ.1.10.1 OR BQ.1.11 OR BQ.1.12 OR BQ.1.13 OR BQ.1.13.1 OR BQ.1.14 OR BQ.1.15 OR BQ.1.16 OR BQ.1.17 OR BQ.1.18 OR BQ.1.19 OR BQ.1.20 OR BQ.1.21 OR BQ.1.22 OR BQ.1.23 OR BQ.1.24 OR BQ.1.25 OR BQ.1.25.1 OR BQ.1.26 OR BQ.1.26.1 OR BQ.1.27 OR BQ.1.28 OR BQ.2 OR BR.1 OR BR.1.1 OR BR.1.2 OR BR.2 OR BR.2.1 OR BR.3 OR BR.4 OR BS.1 OR BS.1.1 OR BS.1.2 OR BT.1 OR BT.2 OR BU.1 OR BU.2 OR BU.3 OR BV.1 OR BV.2 OR BW.1 OR BW.1.1 OR BY.1 OR BY.1.1 OR BY.1.1.1 OR BY.1.2 OR BY.1.2.1 OR BZ.1 OR CA.1 OR CA.2 OR CA.3 OR CA.3.1 OR CA.4 OR CA.5 OR CA.6 OR CA.7 OR CB.1 OR CC.1 OR CD.1 OR CD.2 OR CE.1 OR CF.1 OR CG.1 OR CH.1 OR CH.1.1 OR CH.1.1.1 OR CH.1.1.2 OR CH.1.1.3 OR CH.1.1.4 OR CH.1.1.5 OR CH.2 OR CH.3 OR CH.3.1 OR CJ.1 OR CJ.1.1 OR CK.1 OR CK.1.1 OR CK.1.2 OR CK.2 OR CK.2.1 OR CK.2.1.1 OR CK.3 OR CL.1 OR CM.1 OR CM.2 OR CM.2.1 OR CM.3 OR CM.4 OR CM.4.1 OR CM.5 OR CM.5.1 OR CM.5.2 OR CM.6 OR CM.6.1 OR CM.7 OR CM.8 OR CM.8.1 OR CM.9 OR CM.10 OR CM.11 OR CM.12 OR CN.1 OR CN.2 OR CP.1 OR CP.1.1 OR CP.1.2 OR CP.1.3 OR CP.2 OR CP.3 OR CP.4 OR CP.5 OR CP.6 OR CQ.1 OR CQ.1.1 OR CQ.2 OR CR.1 OR CR.1.1 OR CR.1.2 OR CR.1.3 OR CR.2 OR CS.1 OR CT.1 OR CU.1 OR CV.1 OR CV.2 OR CW.1 OR CY.1 OR CZ.1 OR DA.1 OR DB.1 OR DB.2 OR DC.1 OR DD.1 OR DE.1 OR DE.2 OR DF.1 OR DF.1.1 OR DG.1 OR DH.1 OR DJ.1 OR DJ.1.1 OR DJ.1.2 OR DJ.1.3 OR DK.1 OR DL.1 OR DM.1 OR DN.1 OR DN.1.1 OR DP.1 OR DQ.1 OR DR.1 OR DS.1 OR DT.1 OR DU.1 OR DV.1,Omicron,7.35714285714286,5.07142857142857,0.689320388349515
2021-12-30,1,0,5,3.57142857142857,0.714285714285714,0.371373599368006,0.977487234000845,B.1.1.529 OR BA.1 OR BA.1.1 OR BA.1.1.1 OR BA.1.1.2 OR BA.1.1.3 OR BA.1.1.4 OR BA.1.1.5 OR BA.1.1.6 OR BA.1.1.7 OR BA.1.1.8 OR BA.1.1.9 OR BA.1.1.10 OR BA.1.1.11 OR BA.1.1.12 OR BA.1.1.13 OR BA.1.1.14 OR BA.1.1.15 OR BA.1.1.16 OR BA.1.1.17 OR BA.1.1.18 OR BA.1.2 OR BA.1.3 OR BA.1.4 OR BA.1.5 OR BA.1.6 OR BA.1.7 OR BA.1.8 OR BA.1.9 OR BA.1.10 OR BA.1.12 OR BA.1.13 OR BA.1.13.1 OR BA.1.14 OR BA.1.14.1 OR BA.1.14.2 OR BA.1.15 OR BA.1.15.1 OR BA.1.15.2 OR BA.1.15.3 OR BA.1.16 OR BA.1.16.1 OR BA.1.16.2 OR BA.1.17 OR BA.1.17.1 OR BA.1.17.2 OR BA.1.18 OR BA.1.19 OR BA.1.20 OR BA.1.21 OR BA.1.21.1 OR BA.1.22 OR BA.1.23 OR BA.1.24 OR BA.2 OR BA.2.1 OR BA.2.2 OR BA.2.2.1 OR BA.2.3 OR BA.2.3.1 OR BA.2.3.2 OR BA.2.3.4 OR BA.2.3.5 OR BA.2.3.6 OR BA.2.3.7 OR BA.2.3.8 OR BA.2.3.9 OR BA.2.3.10 OR BA.2.3.11 OR BA.2.3.12 OR BA.2.3.13 OR BA.2.3.14 OR BA.2.3.15 OR BA.2.3.16 OR BA.2.3.17 OR BA.2.3.18 OR BA.2.3.19 OR BA.2.3.20 OR BA.2.3.21 OR BA.2.3.22 OR BA.2.4 OR BA.2.5 OR BA.2.6 OR BA.2.7 OR BA.2.8 OR BA.2.9 OR BA.2.9.1 OR BA.2.9.2 OR BA.2.9.3 OR BA.2.9.4 OR BA.2.9.5 OR BA.2.9.6 OR BA.2.9.7 OR BA.2.10 OR BA.2.10.1 OR BA.2.10.2 OR BA.2.10.3 OR BA.2.10.4 OR BA.2.11 OR BA.2.12 OR BA.2.12.1 OR BA.2.12.2 OR BA.2.13 OR BA.2.13.1 OR BA.2.14 OR BA.2.15 OR BA.2.16 OR BA.2.17 OR BA.2.18 OR BA.2.19 OR BA.2.20 OR BA.2.21 OR BA.2.22 OR BA.2.23 OR BA.2.23.1 OR BA.2.24 OR BA.2.25 OR BA.2.25.1 OR BA.2.26 OR BA.2.27 OR BA.2.28 OR BA.2.29 OR BA.2.30 OR BA.2.31 OR BA.2.31.1 OR BA.2.32 OR BA.2.33 OR BA.2.34 OR BA.2.35 OR BA.2.36 OR BA.2.37 OR BA.2.38 OR BA.2.38.1 OR BA.2.38.2 OR BA.2.38.3 OR BA.2.38.4 OR BA.2.39 OR BA.2.40 OR BA.2.40.1 OR BA.2.41 OR BA.2.42 OR BA.2.43 OR BA.2.44 OR BA.2.45 OR BA.2.46 OR BA.2.47 OR BA.2.48 OR BA.2.49 OR BA.2.50 OR BA.2.51 OR BA.2.52 OR BA.2.53 OR BA.2.54 OR BA.2.55 OR BA.2.56 OR BA.2.56.1 OR BA.2.57 OR BA.2.58 OR BA.2.59 OR BA.2.60 OR BA.2.61 OR BA.2.62 OR BA.2.63 OR BA.2.64 OR BA.2.65 OR BA.2.66 OR BA.2.67 OR BA.2.68 OR BA.2.69 OR BA.2.70 OR BA.2.71 OR BA.2.72 OR BA.2.73 OR BA.2.74 OR BA.2.75 OR BA.2.75.1 OR BA.2.75.2 OR BA.2.75.3 OR BA.2.75.4 OR BA.2.75.5 OR BA.2.75.6 OR BA.2.75.7 OR BA.2.75.8 OR BA.2.75.9 OR BA.2.75.10 OR BA.2.76 OR BA.2.76.1 OR BA.2.76.2 OR BA.2.77 OR BA.2.78 OR BA.2.79 OR BA.2.79.1 OR BA.2.80 OR BA.2.81 OR BA.2.82 OR BA.2.83 OR BA.2.85 OR BA.3 OR BA.3.1 OR BA.4 OR BA.4.1 OR BA.4.1.1 OR BA.4.1.2 OR BA.4.1.3 OR BA.4.1.4 OR BA.4.1.5 OR BA.4.1.6 OR BA.4.1.7 OR BA.4.1.8 OR BA.4.1.9 OR BA.4.1.10 OR BA.4.2 OR BA.4.3 OR BA.4.4 OR BA.4.5 OR BA.4.6 OR BA.4.6.1 OR BA.4.6.2 OR BA.4.6.3 OR BA.4.6.4 OR BA.4.6.5 OR BA.4.7 OR BA.4.8 OR BA.5 OR BA.5.1 OR BA.5.1.1 OR BA.5.1.2 OR BA.5.1.3 OR BA.5.1.4 OR BA.5.1.5 OR BA.5.1.6 OR BA.5.1.7 OR BA.5.1.8 OR BA.5.1.9 OR BA.5.1.10 OR BA.5.1.11 OR BA.5.1.12 OR BA.5.1.14 OR BA.5.1.15 OR BA.5.1.16 OR BA.5.1.17 OR BA.5.1.18 OR BA.5.1.19 OR BA.5.1.20 OR BA.5.1.21 OR BA.5.1.22 OR BA.5.1.23 OR BA.5.1.24 OR BA.5.1.25 OR BA.5.1.26 OR BA.5.1.27 OR BA.5.1.28 OR BA.5.1.29 OR BA.5.1.30 OR BA.5.1.31 OR BA.5.1.32 OR BA.5.2 OR BA.5.2.1 OR BA.5.2.2 OR BA.5.2.3 OR BA.5.2.4 OR BA.5.2.5 OR BA.5.2.6 OR BA.5.2.7 OR BA.5.2.8 OR BA.5.2.9 OR BA.5.2.10 OR BA.5.2.11 OR BA.5.2.12 OR BA.5.2.13 OR BA.5.2.14 OR BA.5.2.16 OR BA.5.2.18 OR BA.5.2.19 OR BA.5.2.20 OR BA.5.2.21 OR BA.5.2.22 OR BA.5.2.23 OR BA.5.2.24 OR BA.5.2.25 OR BA.5.2.26 OR BA.5.2.27 OR BA.5.2.28 OR BA.5.2.29 OR BA.5.2.30 OR BA.5.2.31 OR BA.5.2.32 OR BA.5.2.33 OR BA.5.2.34 OR BA.5.2.35 OR BA.5.2.36 OR BA.5.2.37 OR BA.5.2.38 OR BA.5.2.39 OR BA.5.2.40 OR BA.5.2.41 OR BA.5.2.42 OR BA.5.2.43 OR BA.5.2.44 OR BA.5.2.45 OR BA.5.2.46 OR BA.5.2.47 OR BA.5.2.48 OR BA.5.2.49 OR BA.5.3 OR BA.5.3.1 OR BA.5.3.2 OR BA.5.3.3 OR BA.5.3.4 OR BA.5.3.5 OR BA.5.5 OR BA.5.5.1 OR BA.5.5.2 OR BA.5.5.3 OR BA.5.6 OR BA.5.6.1 OR BA.5.6.2 OR BA.5.6.3 OR BA.5.6.4 OR BA.5.7 OR BA.5.8 OR BA.5.9 OR BA.5.10 OR BA.5.10.1 OR BA.5.11 OR BC.1 OR BC.2 OR BD.1 OR BE.1 OR BE.1.1 OR BE.1.1.1 OR BE.1.1.2 OR BE.1.2 OR BE.1.2.1 OR BE.1.3 OR BE.1.4 OR BE.1.4.1 OR BE.1.4.2 OR BE.1.4.3 OR BE.1.4.4 OR BE.2 OR BE.3 OR BE.4 OR BE.4.1 OR BE.4.1.1 OR BE.4.2 OR BE.5 OR BE.6 OR BE.7 OR BE.8 OR BE.9 OR BE.10 OR BF.1 OR BF.1.1 OR BF.2 OR BF.3 OR BF.3.1 OR BF.4 OR BF.5 OR BF.5.1 OR BF.5.2 OR BF.6 OR BF.7 OR BF.7.1 OR BF.7.2 OR BF.7.3 OR BF.7.4 OR BF.7.4.1 OR BF.7.4.2 OR BF.7.5 OR BF.7.5.1 OR BF.7.6 OR BF.7.7 OR BF.7.8 OR BF.7.9 OR BF.7.10 OR BF.7.11 OR BF.7.12 OR BF.7.13 OR BF.7.13.1 OR BF.7.13.2 OR BF.7.14 OR BF.7.15 OR BF.8 OR BF.9 OR BF.10 OR BF.10.1 OR BF.11 OR BF.11.1 OR BF.11.2 OR BF.11.3 OR BF.11.4 OR BF.11.5 OR BF.12 OR BF.13 OR BF.14 OR BF.15 OR BF.16 OR BF.17 OR BF.18 OR BF.19 OR BF.20 OR BF.21 OR BF.22 OR BF.23 OR BF.24 OR BF.25 OR BF.26 OR BF.27 OR BF.28 OR BF.29 OR BF.30 OR BF.31 OR BF.31.1 OR BF.32 OR BF.33 OR BF.34 OR BG.1 OR BG.2 OR BG.3 OR BG.4 OR BG.5 OR BG.6 OR BG.7 OR BH.1 OR BJ.1 OR BK.1 OR BL.1 OR BL.1.1 OR BL.1.2 OR BL.1.3 OR BL.1.4 OR BL.2 OR BL.2.1 OR BL.3 OR BL.4 OR BL.5 OR BL.6 OR BM.1 OR BM.1.1 OR BM.1.1.1 OR BM.1.1.2 OR BM.1.1.3 OR BM.1.1.4 OR BM.1.1.5 OR BM.2 OR BM.2.1 OR BM.2.2 OR BM.2.3 OR BM.3 OR BM.4 OR BM.4.1 OR BM.4.1.1 OR BM.5 OR BM.6 OR BN.1 OR BN.1.1 OR BN.1.1.1 OR BN.1.2 OR BN.1.2.1 OR BN.1.3 OR BN.1.3.1 OR BN.1.3.2 OR BN.1.3.3 OR BN.1.3.4 OR BN.1.4 OR BN.1.4.1 OR BN.1.5 OR BN.1.5.1 OR BN.1.6 OR BN.1.7 OR BN.1.8 OR BN.1.9 OR BN.2 OR BN.2.1 OR BN.3 OR BN.3.1 OR BN.4 OR BN.5 OR BN.6 OR BP.1 OR BQ.1 OR BQ.1.1 OR BQ.1.1.1 OR BQ.1.1.2 OR BQ.1.1.3 OR BQ.1.1.4 OR BQ.1.1.5 OR BQ.1.1.6 OR BQ.1.1.7 OR BQ.1.1.8 OR BQ.1.1.9 OR BQ.1.1.10 OR BQ.1.1.11 OR BQ.1.1.12 OR BQ.1.1.13 OR BQ.1.1.14 OR BQ.1.1.15 OR BQ.1.1.16 OR BQ.1.1.17 OR BQ.1.1.18 OR BQ.1.1.19 OR BQ.1.1.20 OR BQ.1.1.21 OR BQ.1.1.22 OR BQ.1.1.23 OR BQ.1.1.24 OR BQ.1.1.25 OR BQ.1.1.26 OR BQ.1.1.27 OR BQ.1.1.28 OR BQ.1.1.29 OR BQ.1.1.30 OR BQ.1.1.31 OR BQ.1.1.32 OR BQ.1.1.34 OR BQ.1.1.35 OR BQ.1.1.36 OR BQ.1.2 OR BQ.1.3 OR BQ.1.4 OR BQ.1.5 OR BQ.1.6 OR BQ.1.7 OR BQ.1.8 OR BQ.1.8.1 OR BQ.1.8.2 OR BQ.1.9 OR BQ.1.10 OR BQ.1.10.1 OR BQ.1.11 OR BQ.1.12 OR BQ.1.13 OR BQ.1.13.1 OR BQ.1.14 OR BQ.1.15 OR BQ.1.16 OR BQ.1.17 OR BQ.1.18 OR BQ.1.19 OR BQ.1.20 OR BQ.1.21 OR BQ.1.22 OR BQ.1.23 OR BQ.1.24 OR BQ.1.25 OR BQ.1.25.1 OR BQ.1.26 OR BQ.1.26.1 OR BQ.1.27 OR BQ.1.28 OR BQ.2 OR BR.1 OR BR.1.1 OR BR.1.2 OR BR.2 OR BR.2.1 OR BR.3 OR BR.4 OR BS.1 OR BS.1.1 OR BS.1.2 OR BT.1 OR BT.2 OR BU.1 OR BU.2 OR BU.3 OR BV.1 OR BV.2 OR BW.1 OR BW.1.1 OR BY.1 OR BY.1.1 OR BY.1.1.1 OR BY.1.2 OR BY.1.2.1 OR BZ.1 OR CA.1 OR CA.2 OR CA.3 OR CA.3.1 OR CA.4 OR CA.5 OR CA.6 OR CA.7 OR CB.1 OR CC.1 OR CD.1 OR CD.2 OR CE.1 OR CF.1 OR CG.1 OR CH.1 OR CH.1.1 OR CH.1.1.1 OR CH.1.1.2 OR CH.1.1.3 OR CH.1.1.4 OR CH.1.1.5 OR CH.2 OR CH.3 OR CH.3.1 OR CJ.1 OR CJ.1.1 OR CK.1 OR CK.1.1 OR CK.1.2 OR CK.2 OR CK.2.1 OR CK.2.1.1 OR CK.3 OR CL.1 OR CM.1 OR CM.2 OR CM.2.1 OR CM.3 OR CM.4 OR CM.4.1 OR CM.5 OR CM.5.1 OR CM.5.2 OR CM.6 OR CM.6.1 OR CM.7 OR CM.8 OR CM.8.1 OR CM.9 OR CM.10 OR CM.11 OR CM.12 OR CN.1 OR CN.2 OR CP.1 OR CP.1.1 OR CP.1.2 OR CP.1.3 OR CP.2 OR CP.3 OR CP.4 OR CP.5 OR CP.6 OR CQ.1 OR CQ.1.1 OR CQ.2 OR CR.1 OR CR.1.1 OR CR.1.2 OR CR.1.3 OR CR.2 OR CS.1 OR CT.1 OR CU.1 OR CV.1 OR CV.2 OR CW.1 OR CY.1 OR CZ.1 OR DA.1 OR DB.1 OR DB.2 OR DC.1 OR DD.1 OR DE.1 OR DE.2 OR DF.1 OR DF.1.1 OR DG.1 OR DH.1 OR DJ.1 OR DJ.1.1 OR DJ.1.2 OR DJ.1.3 OR DK.1 OR DL.1 OR DM.1 OR DN.1 OR DN.1.1 OR DP.1 OR DQ.1 OR DR.1 OR DS.1 OR DT.1 OR DU.1 OR DV.1,Omicron,6.92857142857143,4.92857142857143,0.711340206185567
2021-12-31,1,0,3.57142857142857,2.28571428571429,0.64,0.122753882769518,0.877246117230482,B.1.1.529 OR BA.1 OR BA.1.1 OR BA.1.1.1 OR BA.1.1.2 OR BA.1.1.3 OR BA.1.1.4 OR BA.1.1.5 OR BA.1.1.6 OR BA.1.1.7 OR BA.1.1.8 OR BA.1.1.9 OR BA.1.1.10 OR BA.1.1.11 OR BA.1.1.12 OR BA.1.1.13 OR BA.1.1.14 OR BA.1.1.15 OR BA.1.1.16 OR BA.1.1.17 OR BA.1.1.18 OR BA.1.2 OR BA.1.3 OR BA.1.4 OR BA.1.5 OR BA.1.6 OR BA.1.7 OR BA.1.8 OR BA.1.9 OR BA.1.10 OR BA.1.12 OR BA.1.13 OR BA.1.13.1 OR BA.1.14 OR BA.1.14.1 OR BA.1.14.2 OR BA.1.15 OR BA.1.15.1 OR BA.1.15.2 OR BA.1.15.3 OR BA.1.16 OR BA.1.16.1 OR BA.1.16.2 OR BA.1.17 OR BA.1.17.1 OR BA.1.17.2 OR BA.1.18 OR BA.1.19 OR BA.1.20 OR BA.1.21 OR BA.1.21.1 OR BA.1.22 OR BA.1.23 OR BA.1.24 OR BA.2 OR BA.2.1 OR BA.2.2 OR BA.2.2.1 OR BA.2.3 OR BA.2.3.1 OR BA.2.3.2 OR BA.2.3.4 OR BA.2.3.5 OR BA.2.3.6 OR BA.2.3.7 OR BA.2.3.8 OR BA.2.3.9 OR BA.2.3.10 OR BA.2.3.11 OR BA.2.3.12 OR BA.2.3.13 OR BA.2.3.14 OR BA.2.3.15 OR BA.2.3.16 OR BA.2.3.17 OR BA.2.3.18 OR BA.2.3.19 OR BA.2.3.20 OR BA.2.3.21 OR BA.2.3.22 OR BA.2.4 OR BA.2.5 OR BA.2.6 OR BA.2.7 OR BA.2.8 OR BA.2.9 OR BA.2.9.1 OR BA.2.9.2 OR BA.2.9.3 OR BA.2.9.4 OR BA.2.9.5 OR BA.2.9.6 OR BA.2.9.7 OR BA.2.10 OR BA.2.10.1 OR BA.2.10.2 OR BA.2.10.3 OR BA.2.10.4 OR BA.2.11 OR BA.2.12 OR BA.2.12.1 OR BA.2.12.2 OR BA.2.13 OR BA.2.13.1 OR BA.2.14 OR BA.2.15 OR BA.2.16 OR BA.2.17 OR BA.2.18 OR BA.2.19 OR BA.2.20 OR BA.2.21 OR BA.2.22 OR BA.2.23 OR BA.2.23.1 OR BA.2.24 OR BA.2.25 OR BA.2.25.1 OR BA.2.26 OR BA.2.27 OR BA.2.28 OR BA.2.29 OR BA.2.30 OR BA.2.31 OR BA.2.31.1 OR BA.2.32 OR BA.2.33 OR BA.2.34 OR BA.2.35 OR BA.2.36 OR BA.2.37 OR BA.2.38 OR BA.2.38.1 OR BA.2.38.2 OR BA.2.38.3 OR BA.2.38.4 OR BA.2.39 OR BA.2.40 OR BA.2.40.1 OR BA.2.41 OR BA.2.42 OR BA.2.43 OR BA.2.44 OR BA.2.45 OR BA.2.46 OR BA.2.47 OR BA.2.48 OR BA.2.49 OR BA.2.50 OR BA.2.51 OR BA.2.52 OR BA.2.53 OR BA.2.54 OR BA.2.55 OR BA.2.56 OR BA.2.56.1 OR BA.2.57 OR BA.2.58 OR BA.2.59 OR BA.2.60 OR BA.2.61 OR BA.2.62 OR BA.2.63 OR BA.2.64 OR BA.2.65 OR BA.2.66 OR BA.2.67 OR BA.2.68 OR BA.2.69 OR BA.2.70 OR BA.2.71 OR BA.2.72 OR BA.2.73 OR BA.2.74 OR BA.2.75 OR BA.2.75.1 OR BA.2.75.2 OR BA.2.75.3 OR BA.2.75.4 OR BA.2.75.5 OR BA.2.75.6 OR BA.2.75.7 OR BA.2.75.8 OR BA.2.75.9 OR BA.2.75.10 OR BA.2.76 OR BA.2.76.1 OR BA.2.76.2 OR BA.2.77 OR BA.2.78 OR BA.2.79 OR BA.2.79.1 OR BA.2.80 OR BA.2.81 OR BA.2.82 OR BA.2.83 OR BA.2.85 OR BA.3 OR BA.3.1 OR BA.4 OR BA.4.1 OR BA.4.1.1 OR BA.4.1.2 OR BA.4.1.3 OR BA.4.1.4 OR BA.4.1.5 OR BA.4.1.6 OR BA.4.1.7 OR BA.4.1.8 OR BA.4.1.9 OR BA.4.1.10 OR BA.4.2 OR BA.4.3 OR BA.4.4 OR BA.4.5 OR BA.4.6 OR BA.4.6.1 OR BA.4.6.2 OR BA.4.6.3 OR BA.4.6.4 OR BA.4.6.5 OR BA.4.7 OR BA.4.8 OR BA.5 OR BA.5.1 OR BA.5.1.1 OR BA.5.1.2 OR BA.5.1.3 OR BA.5.1.4 OR BA.5.1.5 OR BA.5.1.6 OR BA.5.1.7 OR BA.5.1.8 OR BA.5.1.9 OR BA.5.1.10 OR BA.5.1.11 OR BA.5.1.12 OR BA.5.1.14 OR BA.5.1.15 OR BA.5.1.16 OR BA.5.1.17 OR BA.5.1.18 OR BA.5.1.19 OR BA.5.1.20 OR BA.5.1.21 OR BA.5.1.22 OR BA.5.1.23 OR BA.5.1.24 OR BA.5.1.25 OR BA.5.1.26 OR BA.5.1.27 OR BA.5.1.28 OR BA.5.1.29 OR BA.5.1.30 OR BA.5.1.31 OR BA.5.1.32 OR BA.5.2 OR BA.5.2.1 OR BA.5.2.2 OR BA.5.2.3 OR BA.5.2.4 OR BA.5.2.5 OR BA.5.2.6 OR BA.5.2.7 OR BA.5.2.8 OR BA.5.2.9 OR BA.5.2.10 OR BA.5.2.11 OR BA.5.2.12 OR BA.5.2.13 OR BA.5.2.14 OR BA.5.2.16 OR BA.5.2.18 OR BA.5.2.19 OR BA.5.2.20 OR BA.5.2.21 OR BA.5.2.22 OR BA.5.2.23 OR BA.5.2.24 OR BA.5.2.25 OR BA.5.2.26 OR BA.5.2.27 OR BA.5.2.28 OR BA.5.2.29 OR BA.5.2.30 OR BA.5.2.31 OR BA.5.2.32 OR BA.5.2.33 OR BA.5.2.34 OR BA.5.2.35 OR BA.5.2.36 OR BA.5.2.37 OR BA.5.2.38 OR BA.5.2.39 OR BA.5.2.40 OR BA.5.2.41 OR BA.5.2.42 OR BA.5.2.43 OR BA.5.2.44 OR BA.5.2.45 OR BA.5.2.46 OR BA.5.2.47 OR BA.5.2.48 OR BA.5.2.49 OR BA.5.3 OR BA.5.3.1 OR BA.5.3.2 OR BA.5.3.3 OR BA.5.3.4 OR BA.5.3.5 OR BA.5.5 OR BA.5.5.1 OR BA.5.5.2 OR BA.5.5.3 OR BA.5.6 OR BA.5.6.1 OR BA.5.6.2 OR BA.5.6.3 OR BA.5.6.4 OR BA.5.7 OR BA.5.8 OR BA.5.9 OR BA.5.10 OR BA.5.10.1 OR BA.5.11 OR BC.1 OR BC.2 OR BD.1 OR BE.1 OR BE.1.1 OR BE.1.1.1 OR BE.1.1.2 OR BE.1.2 OR BE.1.2.1 OR BE.1.3 OR BE.1.4 OR BE.1.4.1 OR BE.1.4.2 OR BE.1.4.3 OR BE.1.4.4 OR BE.2 OR BE.3 OR BE.4 OR BE.4.1 OR BE.4.1.1 OR BE.4.2 OR BE.5 OR BE.6 OR BE.7 OR BE.8 OR BE.9 OR BE.10 OR BF.1 OR BF.1.1 OR BF.2 OR BF.3 OR BF.3.1 OR BF.4 OR BF.5 OR BF.5.1 OR BF.5.2 OR BF.6 OR BF.7 OR BF.7.1 OR BF.7.2 OR BF.7.3 OR BF.7.4 OR BF.7.4.1 OR BF.7.4.2 OR BF.7.5 OR BF.7.5.1 OR BF.7.6 OR BF.7.7 OR BF.7.8 OR BF.7.9 OR BF.7.10 OR BF.7.11 OR BF.7.12 OR BF.7.13 OR BF.7.13.1 OR BF.7.13.2 OR BF.7.14 OR BF.7.15 OR BF.8 OR BF.9 OR BF.10 OR BF.10.1 OR BF.11 OR BF.11.1 OR BF.11.2 OR BF.11.3 OR BF.11.4 OR BF.11.5 OR BF.12 OR BF.13 OR BF.14 OR BF.15 OR BF.16 OR BF.17 OR BF.18 OR BF.19 OR BF.20 OR BF.21 OR BF.22 OR BF.23 OR BF.24 OR BF.25 OR BF.26 OR BF.27 OR BF.28 OR BF.29 OR BF.30 OR BF.31 OR BF.31.1 OR BF.32 OR BF.33 OR BF.34 OR BG.1 OR BG.2 OR BG.3 OR BG.4 OR BG.5 OR BG.6 OR BG.7 OR BH.1 OR BJ.1 OR BK.1 OR BL.1 OR BL.1.1 OR BL.1.2 OR BL.1.3 OR BL.1.4 OR BL.2 OR BL.2.1 OR BL.3 OR BL.4 OR BL.5 OR BL.6 OR BM.1 OR BM.1.1 OR BM.1.1.1 OR BM.1.1.2 OR BM.1.1.3 OR BM.1.1.4 OR BM.1.1.5 OR BM.2 OR BM.2.1 OR BM.2.2 OR BM.2.3 OR BM.3 OR BM.4 OR BM.4.1 OR BM.4.1.1 OR BM.5 OR BM.6 OR BN.1 OR BN.1.1 OR BN.1.1.1 OR BN.1.2 OR BN.1.2.1 OR BN.1.3 OR BN.1.3.1 OR BN.1.3.2 OR BN.1.3.3 OR BN.1.3.4 OR BN.1.4 OR BN.1.4.1 OR BN.1.5 OR BN.1.5.1 OR BN.1.6 OR BN.1.7 OR BN.1.8 OR BN.1.9 OR BN.2 OR BN.2.1 OR BN.3 OR BN.3.1 OR BN.4 OR BN.5 OR BN.6 OR BP.1 OR BQ.1 OR BQ.1.1 OR BQ.1.1.1 OR BQ.1.1.2 OR BQ.1.1.3 OR BQ.1.1.4 OR BQ.1.1.5 OR BQ.1.1.6 OR BQ.1.1.7 OR BQ.1.1.8 OR BQ.1.1.9 OR BQ.1.1.10 OR BQ.1.1.11 OR BQ.1.1.12 OR BQ.1.1.13 OR BQ.1.1.14 OR BQ.1.1.15 OR BQ.1.1.16 OR BQ.1.1.17 OR BQ.1.1.18 OR BQ.1.1.19 OR BQ.1.1.20 OR BQ.1.1.21 OR BQ.1.1.22 OR BQ.1.1.23 OR BQ.1.1.24 OR BQ.1.1.25 OR BQ.1.1.26 OR BQ.1.1.27 OR BQ.1.1.28 OR BQ.1.1.29 OR BQ.1.1.30 OR BQ.1.1.31 OR BQ.1.1.32 OR BQ.1.1.34 OR BQ.1.1.35 OR BQ.1.1.36 OR BQ.1.2 OR BQ.1.3 OR BQ.1.4 OR BQ.1.5 OR BQ.1.6 OR BQ.1.7 OR BQ.1.8 OR BQ.1.8.1 OR BQ.1.8.2 OR BQ.1.9 OR BQ.1.10 OR BQ.1.10.1 OR BQ.1.11 OR BQ.1.12 OR BQ.1.13 OR BQ.1.13.1 OR BQ.1.14 OR BQ.1.15 OR BQ.1.16 OR BQ.1.17 OR BQ.1.18 OR BQ.1.19 OR BQ.1.20 OR BQ.1.21 OR BQ.1.22 OR BQ.1.23 OR BQ.1.24 OR BQ.1.25 OR BQ.1.25.1 OR BQ.1.26 OR BQ.1.26.1 OR BQ.1.27 OR BQ.1.28 OR BQ.2 OR BR.1 OR BR.1.1 OR BR.1.2 OR BR.2 OR BR.2.1 OR BR.3 OR BR.4 OR BS.1 OR BS.1.1 OR BS.1.2 OR BT.1 OR BT.2 OR BU.1 OR BU.2 OR BU.3 OR BV.1 OR BV.2 OR BW.1 OR BW.1.1 OR BY.1 OR BY.1.1 OR BY.1.1.1 OR BY.1.2 OR BY.1.2.1 OR BZ.1 OR CA.1 OR CA.2 OR CA.3 OR CA.3.1 OR CA.4 OR CA.5 OR CA.6 OR CA.7 OR CB.1 OR CC.1 OR CD.1 OR CD.2 OR CE.1 OR CF.1 OR CG.1 OR CH.1 OR CH.1.1 OR CH.1.1.1 OR CH.1.1.2 OR CH.1.1.3 OR CH.1.1.4 OR CH.1.1.5 OR CH.2 OR CH.3 OR CH.3.1 OR CJ.1 OR CJ.1.1 OR CK.1 OR CK.1.1 OR CK.1.2 OR CK.2 OR CK.2.1 OR CK.2.1.1 OR CK.3 OR CL.1 OR CM.1 OR CM.2 OR CM.2.1 OR CM.3 OR CM.4 OR CM.4.1 OR CM.5 OR CM.5.1 OR CM.5.2 OR CM.6 OR CM.6.1 OR CM.7 OR CM.8 OR CM.8.1 OR CM.9 OR CM.10 OR CM.11 OR CM.12 OR CN.1 OR CN.2 OR CP.1 OR CP.1.1 OR CP.1.2 OR CP.1.3 OR CP.2 OR CP.3 OR CP.4 OR CP.5 OR CP.6 OR CQ.1 OR CQ.1.1 OR CQ.2 OR CR.1 OR CR.1.1 OR CR.1.2 OR CR.1.3 OR CR.2 OR CS.1 OR CT.1 OR CU.1 OR CV.1 OR CV.2 OR CW.1 OR CY.1 OR CZ.1 OR DA.1 OR DB.1 OR DB.2 OR DC.1 OR DD.1 OR DE.1 OR DE.2 OR DF.1 OR DF.1.1 OR DG.1 OR DH.1 OR DJ.1 OR DJ.1.1 OR DJ.1.2 OR DJ.1.3 OR DK.1 OR DL.1 OR DM.1 OR DN.1 OR DN.1.1 OR DP.1 OR DQ.1 OR DR.1 OR DS.1 OR DT.1 OR DU.1 OR DV.1,Omicron,6.64285714285714,4.85714285714286,0.731182795698925
2022-01-01,3,0,2.71428571428571,1.14285714285714,0.421052631578947,0.0387476177851652,0.823263902868743,B.1.1.529 OR BA.1 OR BA.1.1 OR BA.1.1.1 OR BA.1.1.2 OR BA.1.1.3 OR BA.1.1.4 OR BA.1.1.5 OR BA.1.1.6 OR BA.1.1.7 OR BA.1.1.8 OR BA.1.1.9 OR BA.1.1.10 OR BA.1.1.11 OR BA.1.1.12 OR BA.1.1.13 OR BA.1.1.14 OR BA.1.1.15 OR BA.1.1.16 OR BA.1.1.17 OR BA.1.1.18 OR BA.1.2 OR BA.1.3 OR BA.1.4 OR BA.1.5 OR BA.1.6 OR BA.1.7 OR BA.1.8 OR BA.1.9 OR BA.1.10 OR BA.1.12 OR BA.1.13 OR BA.1.13.1 OR BA.1.14 OR BA.1.14.1 OR BA.1.14.2 OR BA.1.15 OR BA.1.15.1 OR BA.1.15.2 OR BA.1.15.3 OR BA.1.16 OR BA.1.16.1 OR BA.1.16.2 OR BA.1.17 OR BA.1.17.1 OR BA.1.17.2 OR BA.1.18 OR BA.1.19 OR BA.1.20 OR BA.1.21 OR BA.1.21.1 OR BA.1.22 OR BA.1.23 OR BA.1.24 OR BA.2 OR BA.2.1 OR BA.2.2 OR BA.2.2.1 OR BA.2.3 OR BA.2.3.1 OR BA.2.3.2 OR BA.2.3.4 OR BA.2.3.5 OR BA.2.3.6 OR BA.2.3.7 OR BA.2.3.8 OR BA.2.3.9 OR BA.2.3.10 OR BA.2.3.11 OR BA.2.3.12 OR BA.2.3.13 OR BA.2.3.14 OR BA.2.3.15 OR BA.2.3.16 OR BA.2.3.17 OR BA.2.3.18 OR BA.2.3.19 OR BA.2.3.20 OR BA.2.3.21 OR BA.2.3.22 OR BA.2.4 OR BA.2.5 OR BA.2.6 OR BA.2.7 OR BA.2.8 OR BA.2.9 OR BA.2.9.1 OR BA.2.9.2 OR BA.2.9.3 OR BA.2.9.4 OR BA.2.9.5 OR BA.2.9.6 OR BA.2.9.7 OR BA.2.10 OR BA.2.10.1 OR BA.2.10.2 OR BA.2.10.3 OR BA.2.10.4 OR BA.2.11 OR BA.2.12 OR BA.2.12.1 OR BA.2.12.2 OR BA.2.13 OR BA.2.13.1 OR BA.2.14 OR BA.2.15 OR BA.2.16 OR BA.2.17 OR BA.2.18 OR BA.2.19 OR BA.2.20 OR BA.2.21 OR BA.2.22 OR BA.2.23 OR BA.2.23.1 OR BA.2.24 OR BA.2.25 OR BA.2.25.1 OR BA.2.26 OR BA.2.27 OR BA.2.28 OR BA.2.29 OR BA.2.30 OR BA.2.31 OR BA.2.31.1 OR BA.2.32 OR BA.2.33 OR BA.2.34 OR BA.2.35 OR BA.2.36 OR BA.2.37 OR BA.2.38 OR BA.2.38.1 OR BA.2.38.2 OR BA.2.38.3 OR BA.2.38.4 OR BA.2.39 OR BA.2.40 OR BA.2.40.1 OR BA.2.41 OR BA.2.42 OR BA.2.43 OR BA.2.44 OR BA.2.45 OR BA.2.46 OR BA.2.47 OR BA.2.48 OR BA.2.49 OR BA.2.50 OR BA.2.51 OR BA.2.52 OR BA.2.53 OR BA.2.54 OR BA.2.55 OR BA.2.56 OR BA.2.56.1 OR BA.2.57 OR BA.2.58 OR BA.2.59 OR BA.2.60 OR BA.2.61 OR BA.2.62 OR BA.2.63 OR BA.2.64 OR BA.2.65 OR BA.2.66 OR BA.2.67 OR BA.2.68 OR BA.2.69 OR BA.2.70 OR BA.2.71 OR BA.2.72 OR BA.2.73 OR BA.2.74 OR BA.2.75 OR BA.2.75.1 OR BA.2.75.2 OR BA.2.75.3 OR BA.2.75.4 OR BA.2.75.5 OR BA.2.75.6 OR BA.2.75.7 OR BA.2.75.8 OR BA.2.75.9 OR BA.2.75.10 OR BA.2.76 OR BA.2.76.1 OR BA.2.76.2 OR BA.2.77 OR BA.2.78 OR BA.2.79 OR BA.2.79.1 OR BA.2.80 OR BA.2.81 OR BA.2.82 OR BA.2.83 OR BA.2.85 OR BA.3 OR BA.3.1 OR BA.4 OR BA.4.1 OR BA.4.1.1 OR BA.4.1.2 OR BA.4.1.3 OR BA.4.1.4 OR BA.4.1.5 OR BA.4.1.6 OR BA.4.1.7 OR BA.4.1.8 OR BA.4.1.9 OR BA.4.1.10 OR BA.4.2 OR BA.4.3 OR BA.4.4 OR BA.4.5 OR BA.4.6 OR BA.4.6.1 OR BA.4.6.2 OR BA.4.6.3 OR BA.4.6.4 OR BA.4.6.5 OR BA.4.7 OR BA.4.8 OR BA.5 OR BA.5.1 OR BA.5.1.1 OR BA.5.1.2 OR BA.5.1.3 OR BA.5.1.4 OR BA.5.1.5 OR BA.5.1.6 OR BA.5.1.7 OR BA.5.1.8 OR BA.5.1.9 OR BA.5.1.10 OR BA.5.1.11 OR BA.5.1.12 OR BA.5.1.14 OR BA.5.1.15 OR BA.5.1.16 OR BA.5.1.17 OR BA.5.1.18 OR BA.5.1.19 OR BA.5.1.20 OR BA.5.1.21 OR BA.5.1.22 OR BA.5.1.23 OR BA.5.1.24 OR BA.5.1.25 OR BA.5.1.26 OR BA.5.1.27 OR BA.5.1.28 OR BA.5.1.29 OR BA.5.1.30 OR BA.5.1.31 OR BA.5.1.32 OR BA.5.2 OR BA.5.2.1 OR BA.5.2.2 OR BA.5.2.3 OR BA.5.2.4 OR BA.5.2.5 OR BA.5.2.6 OR BA.5.2.7 OR BA.5.2.8 OR BA.5.2.9 OR BA.5.2.10 OR BA.5.2.11 OR BA.5.2.12 OR BA.5.2.13 OR BA.5.2.14 OR BA.5.2.16 OR BA.5.2.18 OR BA.5.2.19 OR BA.5.2.20 OR BA.5.2.21 OR BA.5.2.22 OR BA.5.2.23 OR BA.5.2.24 OR BA.5.2.25 OR BA.5.2.26 OR BA.5.2.27 OR BA.5.2.28 OR BA.5.2.29 OR BA.5.2.30 OR BA.5.2.31 OR BA.5.2.32 OR BA.5.2.33 OR BA.5.2.34 OR BA.5.2.35 OR BA.5.2.36 OR BA.5.2.37 OR BA.5.2.38 OR BA.5.2.39 OR BA.5.2.40 OR BA.5.2.41 OR BA.5.2.42 OR BA.5.2.43 OR BA.5.2.44 OR BA.5.2.45 OR BA.5.2.46 OR BA.5.2.47 OR BA.5.2.48 OR BA.5.2.49 OR BA.5.3 OR BA.5.3.1 OR BA.5.3.2 OR BA.5.3.3 OR BA.5.3.4 OR BA.5.3.5 OR BA.5.5 OR BA.5.5.1 OR BA.5.5.2 OR BA.5.5.3 OR BA.5.6 OR BA.5.6.1 OR BA.5.6.2 OR BA.5.6.3 OR BA.5.6.4 OR BA.5.7 OR BA.5.8 OR BA.5.9 OR BA.5.10 OR BA.5.10.1 OR BA.5.11 OR BC.1 OR BC.2 OR BD.1 OR BE.1 OR BE.1.1 OR BE.1.1.1 OR BE.1.1.2 OR BE.1.2 OR BE.1.2.1 OR BE.1.3 OR BE.1.4 OR BE.1.4.1 OR BE.1.4.2 OR BE.1.4.3 OR BE.1.4.4 OR BE.2 OR BE.3 OR BE.4 OR BE.4.1 OR BE.4.1.1 OR BE.4.2 OR BE.5 OR BE.6 OR BE.7 OR BE.8 OR BE.9 OR BE.10 OR BF.1 OR BF.1.1 OR BF.2 OR BF.3 OR BF.3.1 OR BF.4 OR BF.5 OR BF.5.1 OR BF.5.2 OR BF.6 OR BF.7 OR BF.7.1 OR BF.7.2 OR BF.7.3 OR BF.7.4 OR BF.7.4.1 OR BF.7.4.2 OR BF.7.5 OR BF.7.5.1 OR BF.7.6 OR BF.7.7 OR BF.7.8 OR BF.7.9 OR BF.7.10 OR BF.7.11 OR BF.7.12 OR BF.7.13 OR BF.7.13.1 OR BF.7.13.2 OR BF.7.14 OR BF.7.15 OR BF.8 OR BF.9 OR BF.10 OR BF.10.1 OR BF.11 OR BF.11.1 OR BF.11.2 OR BF.11.3 OR BF.11.4 OR BF.11.5 OR BF.12 OR BF.13 OR BF.14 OR BF.15 OR BF.16 OR BF.17 OR BF.18 OR BF.19 OR BF.20 OR BF.21 OR BF.22 OR BF.23 OR BF.24 OR BF.25 OR BF.26 OR BF.27 OR BF.28 OR BF.29 OR BF.30 OR BF.31 OR BF.31.1 OR BF.32 OR BF.33 OR BF.34 OR BG.1 OR BG.2 OR BG.3 OR BG.4 OR BG.5 OR BG.6 OR BG.7 OR BH.1 OR BJ.1 OR BK.1 OR BL.1 OR BL.1.1 OR BL.1.2 OR BL.1.3 OR BL.1.4 OR BL.2 OR BL.2.1 OR BL.3 OR BL.4 OR BL.5 OR BL.6 OR BM.1 OR BM.1.1 OR BM.1.1.1 OR BM.1.1.2 OR BM.1.1.3 OR BM.1.1.4 OR BM.1.1.5 OR BM.2 OR BM.2.1 OR BM.2.2 OR BM.2.3 OR BM.3 OR BM.4 OR BM.4.1 OR BM.4.1.1 OR BM.5 OR BM.6 OR BN.1 OR BN.1.1 OR BN.1.1.1 OR BN.1.2 OR BN.1.2.1 OR BN.1.3 OR BN.1.3.1 OR BN.1.3.2 OR BN.1.3.3 OR BN.1.3.4 OR BN.1.4 OR BN.1.4.1 OR BN.1.5 OR BN.1.5.1 OR BN.1.6 OR BN.1.7 OR BN.1.8 OR BN.1.9 OR BN.2 OR BN.2.1 OR BN.3 OR BN.3.1 OR BN.4 OR BN.5 OR BN.6 OR BP.1 OR BQ.1 OR BQ.1.1 OR BQ.1.1.1 OR BQ.1.1.2 OR BQ.1.1.3 OR BQ.1.1.4 OR BQ.1.1.5 OR BQ.1.1.6 OR BQ.1.1.7 OR BQ.1.1.8 OR BQ.1.1.9 OR BQ.1.1.10 OR BQ.1.1.11 OR BQ.1.1.12 OR BQ.1.1.13 OR BQ.1.1.14 OR BQ.1.1.15 OR BQ.1.1.16 OR BQ.1.1.17 OR BQ.1.1.18 OR BQ.1.1.19 OR BQ.1.1.20 OR BQ.1.1.21 OR BQ.1.1.22 OR BQ.1.1.23 OR BQ.1.1.24 OR BQ.1.1.25 OR BQ.1.1.26 OR BQ.1.1.27 OR BQ.1.1.28 OR BQ.1.1.29 OR BQ.1.1.30 OR BQ.1.1.31 OR BQ.1.1.32 OR BQ.1.1.34 OR BQ.1.1.35 OR BQ.1.1.36 OR BQ.1.2 OR BQ.1.3 OR BQ.1.4 OR BQ.1.5 OR BQ.1.6 OR BQ.1.7 OR BQ.1.8 OR BQ.1.8.1 OR BQ.1.8.2 OR BQ.1.9 OR BQ.1.10 OR BQ.1.10.1 OR BQ.1.11 OR BQ.1.12 OR BQ.1.13 OR BQ.1.13.1 OR BQ.1.14 OR BQ.1.15 OR BQ.1.16 OR BQ.1.17 OR BQ.1.18 OR BQ.1.19 OR BQ.1.20 OR BQ.1.21 OR BQ.1.22 OR BQ.1.23 OR BQ.1.24 OR BQ.1.25 OR BQ.1.25.1 OR BQ.1.26 OR BQ.1.26.1 OR BQ.1.27 OR BQ.1.28 OR BQ.2 OR BR.1 OR BR.1.1 OR BR.1.2 OR BR.2 OR BR.2.1 OR BR.3 OR BR.4 OR BS.1 OR BS.1.1 OR BS.1.2 OR BT.1 OR BT.2 OR BU.1 OR BU.2 OR BU.3 OR BV.1 OR BV.2 OR BW.1 OR BW.1.1 OR BY.1 OR BY.1.1 OR BY.1.1.1 OR BY.1.2 OR BY.1.2.1 OR BZ.1 OR CA.1 OR CA.2 OR CA.3 OR CA.3.1 OR CA.4 OR CA.5 OR CA.6 OR CA.7 OR CB.1 OR CC.1 OR CD.1 OR CD.2 OR CE.1 OR CF.1 OR CG.1 OR CH.1 OR CH.1.1 OR CH.1.1.1 OR CH.1.1.2 OR CH.1.1.3 OR CH.1.1.4 OR CH.1.1.5 OR CH.2 OR CH.3 OR CH.3.1 OR CJ.1 OR CJ.1.1 OR CK.1 OR CK.1.1 OR CK.1.2 OR CK.2 OR CK.2.1 OR CK.2.1.1 OR CK.3 OR CL.1 OR CM.1 OR CM.2 OR CM.2.1 OR CM.3 OR CM.4 OR CM.4.1 OR CM.5 OR CM.5.1 OR CM.5.2 OR CM.6 OR CM.6.1 OR CM.7 OR CM.8 OR CM.8.1 OR CM.9 OR CM.10 OR CM.11 OR CM.12 OR CN.1 OR CN.2 OR CP.1 OR CP.1.1 OR CP.1.2 OR CP.1.3 OR CP.2 OR CP.3 OR CP.4 OR CP.5 OR CP.6 OR CQ.1 OR CQ.1.1 OR CQ.2 OR CR.1 OR CR.1.1 OR CR.1.2 OR CR.1.3 OR CR.2 OR CS.1 OR CT.1 OR CU.1 OR CV.1 OR CV.2 OR CW.1 OR CY.1 OR CZ.1 OR DA.1 OR DB.1 OR DB.2 OR DC.1 OR DD.1 OR DE.1 OR DE.2 OR DF.1 OR DF.1.1 OR DG.1 OR DH.1 OR DJ.1 OR DJ.1.1 OR DJ.1.2 OR DJ.1.3 OR DK.1 OR DL.1 OR DM.1 OR DN.1 OR DN.1.1 OR DP.1 OR DQ.1 OR DR.1 OR DS.1 OR DT.1 OR DU.1 OR DV.1,Omicron,6.57142857142857,4.78571428571429,0.728260869565217
2022-01-02,3,3,2.85714285714286,1.28571428571429,0.45,0.0387476177851652,0.823263902868743,B.1.1.529 OR BA.1 OR BA.1.1 OR BA.1.1.1 OR BA.1.1.2 OR BA.1.1.3 OR BA.1.1.4 OR BA.1.1.5 OR BA.1.1.6 OR BA.1.1.7 OR BA.1.1.8 OR BA.1.1.9 OR BA.1.1.10 OR BA.1.1.11 OR BA.1.1.12 OR BA.1.1.13 OR BA.1.1.14 OR BA.1.1.15 OR BA.1.1.16 OR BA.1.1.17 OR BA.1.1.18 OR BA.1.2 OR BA.1.3 OR BA.1.4 OR BA.1.5 OR BA.1.6 OR BA.1.7 OR BA.1.8 OR BA.1.9 OR BA.1.10 OR BA.1.12 OR BA.1.13 OR BA.1.13.1 OR BA.1.14 OR BA.1.14.1 OR BA.1.14.2 OR BA.1.15 OR BA.1.15.1 OR BA.1.15.2 OR BA.1.15.3 OR BA.1.16 OR BA.1.16.1 OR BA.1.16.2 OR BA.1.17 OR BA.1.17.1 OR BA.1.17.2 OR BA.1.18 OR BA.1.19 OR BA.1.20 OR BA.1.21 OR BA.1.21.1 OR BA.1.22 OR BA.1.23 OR BA.1.24 OR BA.2 OR BA.2.1 OR BA.2.2 OR BA.2.2.1 OR BA.2.3 OR BA.2.3.1 OR BA.2.3.2 OR BA.2.3.4 OR BA.2.3.5 OR BA.2.3.6 OR BA.2.3.7 OR BA.2.3.8 OR BA.2.3.9 OR BA.2.3.10 OR BA.2.3.11 OR BA.2.3.12 OR BA.2.3.13 OR BA.2.3.14 OR BA.2.3.15 OR BA.2.3.16 OR BA.2.3.17 OR BA.2.3.18 OR BA.2.3.19 OR BA.2.3.20 OR BA.2.3.21 OR BA.2.3.22 OR BA.2.4 OR BA.2.5 OR BA.2.6 OR BA.2.7 OR BA.2.8 OR BA.2.9 OR BA.2.9.1 OR BA.2.9.2 OR BA.2.9.3 OR BA.2.9.4 OR BA.2.9.5 OR BA.2.9.6 OR BA.2.9.7 OR BA.2.10 OR BA.2.10.1 OR BA.2.10.2 OR BA.2.10.3 OR BA.2.10.4 OR BA.2.11 OR BA.2.12 OR BA.2.12.1 OR BA.2.12.2 OR BA.2.13 OR BA.2.13.1 OR BA.2.14 OR BA.2.15 OR BA.2.16 OR BA.2.17 OR BA.2.18 OR BA.2.19 OR BA.2.20 OR BA.2.21 OR BA.2.22 OR BA.2.23 OR BA.2.23.1 OR BA.2.24 OR BA.2.25 OR BA.2.25.1 OR BA.2.26 OR BA.2.27 OR BA.2.28 OR BA.2.29 OR BA.2.30 OR BA.2.31 OR BA.2.31.1 OR BA.2.32 OR BA.2.33 OR BA.2.34 OR BA.2.35 OR BA.2.36 OR BA.2.37 OR BA.2.38 OR BA.2.38.1 OR BA.2.38.2 OR BA.2.38.3 OR BA.2.38.4 OR BA.2.39 OR BA.2.40 OR BA.2.40.1 OR BA.2.41 OR BA.2.42 OR BA.2.43 OR BA.2.44 OR BA.2.45 OR BA.2.46 OR BA.2.47 OR BA.2.48 OR BA.2.49 OR BA.2.50 OR BA.2.51 OR BA.2.52 OR BA.2.53 OR BA.2.54 OR BA.2.55 OR BA.2.56 OR BA.2.56.1 OR BA.2.57 OR BA.2.58 OR BA.2.59 OR BA.2.60 OR BA.2.61 OR BA.2.62 OR BA.2.63 OR BA.2.64 OR BA.2.65 OR BA.2.66 OR BA.2.67 OR BA.2.68 OR BA.2.69 OR BA.2.70 OR BA.2.71 OR BA.2.72 OR BA.2.73 OR BA.2.74 OR BA.2.75 OR BA.2.75.1 OR BA.2.75.2 OR BA.2.75.3 OR BA.2.75.4 OR BA.2.75.5 OR BA.2.75.6 OR BA.2.75.7 OR BA.2.75.8 OR BA.2.75.9 OR BA.2.75.10 OR BA.2.76 OR BA.2.76.1 OR BA.2.76.2 OR BA.2.77 OR BA.2.78 OR BA.2.79 OR BA.2.79.1 OR BA.2.80 OR BA.2.81 OR BA.2.82 OR BA.2.83 OR BA.2.85 OR BA.3 OR BA.3.1 OR BA.4 OR BA.4.1 OR BA.4.1.1 OR BA.4.1.2 OR BA.4.1.3 OR BA.4.1.4 OR BA.4.1.5 OR BA.4.1.6 OR BA.4.1.7 OR BA.4.1.8 OR BA.4.1.9 OR BA.4.1.10 OR BA.4.2 OR BA.4.3 OR BA.4.4 OR BA.4.5 OR BA.4.6 OR BA.4.6.1 OR BA.4.6.2 OR BA.4.6.3 OR BA.4.6.4 OR BA.4.6.5 OR BA.4.7 OR BA.4.8 OR BA.5 OR BA.5.1 OR BA.5.1.1 OR BA.5.1.2 OR BA.5.1.3 OR BA.5.1.4 OR BA.5.1.5 OR BA.5.1.6 OR BA.5.1.7 OR BA.5.1.8 OR BA.5.1.9 OR BA.5.1.10 OR BA.5.1.11 OR BA.5.1.12 OR BA.5.1.14 OR BA.5.1.15 OR BA.5.1.16 OR BA.5.1.17 OR BA.5.1.18 OR BA.5.1.19 OR BA.5.1.20 OR BA.5.1.21 OR BA.5.1.22 OR BA.5.1.23 OR BA.5.1.24 OR BA.5.1.25 OR BA.5.1.26 OR BA.5.1.27 OR BA.5.1.28 OR BA.5.1.29 OR BA.5.1.30 OR BA.5.1.31 OR BA.5.1.32 OR BA.5.2 OR BA.5.2.1 OR BA.5.2.2 OR BA.5.2.3 OR BA.5.2.4 OR BA.5.2.5 OR BA.5.2.6 OR BA.5.2.7 OR BA.5.2.8 OR BA.5.2.9 OR BA.5.2.10 OR BA.5.2.11 OR BA.5.2.12 OR BA.5.2.13 OR BA.5.2.14 OR BA.5.2.16 OR BA.5.2.18 OR BA.5.2.19 OR BA.5.2.20 OR BA.5.2.21 OR BA.5.2.22 OR BA.5.2.23 OR BA.5.2.24 OR BA.5.2.25 OR BA.5.2.26 OR BA.5.2.27 OR BA.5.2.28 OR BA.5.2.29 OR BA.5.2.30 OR BA.5.2.31 OR BA.5.2.32 OR BA.5.2.33 OR BA.5.2.34 OR BA.5.2.35 OR BA.5.2.36 OR BA.5.2.37 OR BA.5.2.38 OR BA.5.2.39 OR BA.5.2.40 OR BA.5.2.41 OR BA.5.2.42 OR BA.5.2.43 OR BA.5.2.44 OR BA.5.2.45 OR BA.5.2.46 OR BA.5.2.47 OR BA.5.2.48 OR BA.5.2.49 OR BA.5.3 OR BA.5.3.1 OR BA.5.3.2 OR BA.5.3.3 OR BA.5.3.4 OR BA.5.3.5 OR BA.5.5 OR BA.5.5.1 OR BA.5.5.2 OR BA.5.5.3 OR BA.5.6 OR BA.5.6.1 OR BA.5.6.2 OR BA.5.6.3 OR BA.5.6.4 OR BA.5.7 OR BA.5.8 OR BA.5.9 OR BA.5.10 OR BA.5.10.1 OR BA.5.11 OR BC.1 OR BC.2 OR BD.1 OR BE.1 OR BE.1.1 OR BE.1.1.1 OR BE.1.1.2 OR BE.1.2 OR BE.1.2.1 OR BE.1.3 OR BE.1.4 OR BE.1.4.1 OR BE.1.4.2 OR BE.1.4.3 OR BE.1.4.4 OR BE.2 OR BE.3 OR BE.4 OR BE.4.1 OR BE.4.1.1 OR BE.4.2 OR BE.5 OR BE.6 OR BE.7 OR BE.8 OR BE.9 OR BE.10 OR BF.1 OR BF.1.1 OR BF.2 OR BF.3 OR BF.3.1 OR BF.4 OR BF.5 OR BF.5.1 OR BF.5.2 OR BF.6 OR BF.7 OR BF.7.1 OR BF.7.2 OR BF.7.3 OR BF.7.4 OR BF.7.4.1 OR BF.7.4.2 OR BF.7.5 OR BF.7.5.1 OR BF.7.6 OR BF.7.7 OR BF.7.8 OR BF.7.9 OR BF.7.10 OR BF.7.11 OR BF.7.12 OR BF.7.13 OR BF.7.13.1 OR BF.7.13.2 OR BF.7.14 OR BF.7.15 OR BF.8 OR BF.9 OR BF.10 OR BF.10.1 OR BF.11 OR BF.11.1 OR BF.11.2 OR BF.11.3 OR BF.11.4 OR BF.11.5 OR BF.12 OR BF.13 OR BF.14 OR BF.15 OR BF.16 OR BF.17 OR BF.18 OR BF.19 OR BF.20 OR BF.21 OR BF.22 OR BF.23 OR BF.24 OR BF.25 OR BF.26 OR BF.27 OR BF.28 OR BF.29 OR BF.30 OR BF.31 OR BF.31.1 OR BF.32 OR BF.33 OR BF.34 OR BG.1 OR BG.2 OR BG.3 OR BG.4 OR BG.5 OR BG.6 OR BG.7 OR BH.1 OR BJ.1 OR BK.1 OR BL.1 OR BL.1.1 OR BL.1.2 OR BL.1.3 OR BL.1.4 OR BL.2 OR BL.2.1 OR BL.3 OR BL.4 OR BL.5 OR BL.6 OR BM.1 OR BM.1.1 OR BM.1.1.1 OR BM.1.1.2 OR BM.1.1.3 OR BM.1.1.4 OR BM.1.1.5 OR BM.2 OR BM.2.1 OR BM.2.2 OR BM.2.3 OR BM.3 OR BM.4 OR BM.4.1 OR BM.4.1.1 OR BM.5 OR BM.6 OR BN.1 OR BN.1.1 OR BN.1.1.1 OR BN.1.2 OR BN.1.2.1 OR BN.1.3 OR BN.1.3.1 OR BN.1.3.2 OR BN.1.3.3 OR BN.1.3.4 OR BN.1.4 OR BN.1.4.1 OR BN.1.5 OR BN.1.5.1 OR BN.1.6 OR BN.1.7 OR BN.1.8 OR BN.1.9 OR BN.2 OR BN.2.1 OR BN.3 OR BN.3.1 OR BN.4 OR BN.5 OR BN.6 OR BP.1 OR BQ.1 OR BQ.1.1 OR BQ.1.1.1 OR BQ.1.1.2 OR BQ.1.1.3 OR BQ.1.1.4 OR BQ.1.1.5 OR BQ.1.1.6 OR BQ.1.1.7 OR BQ.1.1.8 OR BQ.1.1.9 OR BQ.1.1.10 OR BQ.1.1.11 OR BQ.1.1.12 OR BQ.1.1.13 OR BQ.1.1.14 OR BQ.1.1.15 OR BQ.1.1.16 OR BQ.1.1.17 OR BQ.1.1.18 OR BQ.1.1.19 OR BQ.1.1.20 OR BQ.1.1.21 OR BQ.1.1.22 OR BQ.1.1.23 OR BQ.1.1.24 OR BQ.1.1.25 OR BQ.1.1.26 OR BQ.1.1.27 OR BQ.1.1.28 OR BQ.1.1.29 OR BQ.1.1.30 OR BQ.1.1.31 OR BQ.1.1.32 OR BQ.1.1.34 OR BQ.1.1.35 OR BQ.1.1.36 OR BQ.1.2 OR BQ.1.3 OR BQ.1.4 OR BQ.1.5 OR BQ.1.6 OR BQ.1.7 OR BQ.1.8 OR BQ.1.8.1 OR BQ.1.8.2 OR BQ.1.9 OR BQ.1.10 OR BQ.1.10.1 OR BQ.1.11 OR BQ.1.12 OR BQ.1.13 OR BQ.1.13.1 OR BQ.1.14 OR BQ.1.15 OR BQ.1.16 OR BQ.1.17 OR BQ.1.18 OR BQ.1.19 OR BQ.1.20 OR BQ.1.21 OR BQ.1.22 OR BQ.1.23 OR BQ.1.24 OR BQ.1.25 OR BQ.1.25.1 OR BQ.1.26 OR BQ.1.26.1 OR BQ.1.27 OR BQ.1.28 OR BQ.2 OR BR.1 OR BR.1.1 OR BR.1.2 OR BR.2 OR BR.2.1 OR BR.3 OR BR.4 OR BS.1 OR BS.1.1 OR BS.1.2 OR BT.1 OR BT.2 OR BU.1 OR BU.2 OR BU.3 OR BV.1 OR BV.2 OR BW.1 OR BW.1.1 OR BY.1 OR BY.1.1 OR BY.1.1.1 OR BY.1.2 OR BY.1.2.1 OR BZ.1 OR CA.1 OR CA.2 OR CA.3 OR CA.3.1 OR CA.4 OR CA.5 OR CA.6 OR CA.7 OR CB.1 OR CC.1 OR CD.1 OR CD.2 OR CE.1 OR CF.1 OR CG.1 OR CH.1 OR CH.1.1 OR CH.1.1.1 OR CH.1.1.2 OR CH.1.1.3 OR CH.1.1.4 OR CH.1.1.5 OR CH.2 OR CH.3 OR CH.3.1 OR CJ.1 OR CJ.1.1 OR CK.1 OR CK.1.1 OR CK.1.2 OR CK.2 OR CK.2.1 OR CK.2.1.1 OR CK.3 OR CL.1 OR CM.1 OR CM.2 OR CM.2.1 OR CM.3 OR CM.4 OR CM.4.1 OR CM.5 OR CM.5.1 OR CM.5.2 OR CM.6 OR CM.6.1 OR CM.7 OR CM.8 OR CM.8.1 OR CM.9 OR CM.10 OR CM.11 OR CM.12 OR CN.1 OR CN.2 OR CP.1 OR CP.1.1 OR CP.1.2 OR CP.1.3 OR CP.2 OR CP.3 OR CP.4 OR CP.5 OR CP.6 OR CQ.1 OR CQ.1.1 OR CQ.2 OR CR.1 OR CR.1.1 OR CR.1.2 OR CR.1.3 OR CR.2 OR CS.1 OR CT.1 OR CU.1 OR CV.1 OR CV.2 OR CW.1 OR CY.1 OR CZ.1 OR DA.1 OR DB.1 OR DB.2 OR DC.1 OR DD.1 OR DE.1 OR DE.2 OR DF.1 OR DF.1.1 OR DG.1 OR DH.1 OR DJ.1 OR DJ.1.1 OR DJ.1.2 OR DJ.1.3 OR DK.1 OR DL.1 OR DM.1 OR DN.1 OR DN.1.1 OR DP.1 OR DQ.1 OR DR.1 OR DS.1 OR DT.1 OR DU.1 OR DV.1,Omicron,6.35714285714286,4.78571428571429,0.752808988764045
2022-01-03,5,3,2.42857142857143,0.857142857142857,0.352941176470588,0.0608302759200974,0.939169724079903,B.1.1.529 OR BA.1 OR BA.1.1 OR BA.1.1.1 OR BA.1.1.2 OR BA.1.1.3 OR BA.1.1.4 OR BA.1.1.5 OR BA.1.1.6 OR BA.1.1.7 OR BA.1.1.8 OR BA.1.1.9 OR BA.1.1.10 OR BA.1.1.11 OR BA.1.1.12 OR BA.1.1.13 OR BA.1.1.14 OR BA.1.1.15 OR BA.1.1.16 OR BA.1.1.17 OR BA.1.1.18 OR BA.1.2 OR BA.1.3 OR BA.1.4 OR BA.1.5 OR BA.1.6 OR BA.1.7 OR BA.1.8 OR BA.1.9 OR BA.1.10 OR BA.1.12 OR BA.1.13 OR BA.1.13.1 OR BA.1.14 OR BA.1.14.1 OR BA.1.14.2 OR BA.1.15 OR BA.1.15.1 OR BA.1.15.2 OR BA.1.15.3 OR BA.1.16 OR BA.1.16.1 OR BA.1.16.2 OR BA.1.17 OR BA.1.17.1 OR BA.1.17.2 OR BA.1.18 OR BA.1.19 OR BA.1.20 OR BA.1.21 OR BA.1.21.1 OR BA.1.22 OR BA.1.23 OR BA.1.24 OR BA.2 OR BA.2.1 OR BA.2.2 OR BA.2.2.1 OR BA.2.3 OR BA.2.3.1 OR BA.2.3.2 OR BA.2.3.4 OR BA.2.3.5 OR BA.2.3.6 OR BA.2.3.7 OR BA.2.3.8 OR BA.2.3.9 OR BA.2.3.10 OR BA.2.3.11 OR BA.2.3.12 OR BA.2.3.13 OR BA.2.3.14 OR BA.2.3.15 OR BA.2.3.16 OR BA.2.3.17 OR BA.2.3.18 OR BA.2.3.19 OR BA.2.3.20 OR BA.2.3.21 OR BA.2.3.22 OR BA.2.4 OR BA.2.5 OR BA.2.6 OR BA.2.7 OR BA.2.8 OR BA.2.9 OR BA.2.9.1 OR BA.2.9.2 OR BA.2.9.3 OR BA.2.9.4 OR BA.2.9.5 OR BA.2.9.6 OR BA.2.9.7 OR BA.2.10 OR BA.2.10.1 OR BA.2.10.2 OR BA.2.10.3 OR BA.2.10.4 OR BA.2.11 OR BA.2.12 OR BA.2.12.1 OR BA.2.12.2 OR BA.2.13 OR BA.2.13.1 OR BA.2.14 OR BA.2.15 OR BA.2.16 OR BA.2.17 OR BA.2.18 OR BA.2.19 OR BA.2.20 OR BA.2.21 OR BA.2.22 OR BA.2.23 OR BA.2.23.1 OR BA.2.24 OR BA.2.25 OR BA.2.25.1 OR BA.2.26 OR BA.2.27 OR BA.2.28 OR BA.2.29 OR BA.2.30 OR BA.2.31 OR BA.2.31.1 OR BA.2.32 OR BA.2.33 OR BA.2.34 OR BA.2.35 OR BA.2.36 OR BA.2.37 OR BA.2.38 OR BA.2.38.1 OR BA.2.38.2 OR BA.2.38.3 OR BA.2.38.4 OR BA.2.39 OR BA.2.40 OR BA.2.40.1 OR BA.2.41 OR BA.2.42 OR BA.2.43 OR BA.2.44 OR BA.2.45 OR BA.2.46 OR BA.2.47 OR BA.2.48 OR BA.2.49 OR BA.2.50 OR BA.2.51 OR BA.2.52 OR BA.2.53 OR BA.2.54 OR BA.2.55 OR BA.2.56 OR BA.2.56.1 OR BA.2.57 OR BA.2.58 OR BA.2.59 OR BA.2.60 OR BA.2.61 OR BA.2.62 OR BA.2.63 OR BA.2.64 OR BA.2.65 OR BA.2.66 OR BA.2.67 OR BA.2.68 OR BA.2.69 OR BA.2.70 OR BA.2.71 OR BA.2.72 OR BA.2.73 OR BA.2.74 OR BA.2.75 OR BA.2.75.1 OR BA.2.75.2 OR BA.2.75.3 OR BA.2.75.4 OR BA.2.75.5 OR BA.2.75.6 OR BA.2.75.7 OR BA.2.75.8 OR BA.2.75.9 OR BA.2.75.10 OR BA.2.76 OR BA.2.76.1 OR BA.2.76.2 OR BA.2.77 OR BA.2.78 OR BA.2.79 OR BA.2.79.1 OR BA.2.80 OR BA.2.81 OR BA.2.82 OR BA.2.83 OR BA.2.85 OR BA.3 OR BA.3.1 OR BA.4 OR BA.4.1 OR BA.4.1.1 OR BA.4.1.2 OR BA.4.1.3 OR BA.4.1.4 OR BA.4.1.5 OR BA.4.1.6 OR BA.4.1.7 OR BA.4.1.8 OR BA.4.1.9 OR BA.4.1.10 OR BA.4.2 OR BA.4.3 OR BA.4.4 OR BA.4.5 OR BA.4.6 OR BA.4.6.1 OR BA.4.6.2 OR BA.4.6.3 OR BA.4.6.4 OR BA.4.6.5 OR BA.4.7 OR BA.4.8 OR BA.5 OR BA.5.1 OR BA.5.1.1 OR BA.5.1.2 OR BA.5.1.3 OR BA.5.1.4 OR BA.5.1.5 OR BA.5.1.6 OR BA.5.1.7 OR BA.5.1.8 OR BA.5.1.9 OR BA.5.1.10 OR BA.5.1.11 OR BA.5.1.12 OR BA.5.1.14 OR BA.5.1.15 OR BA.5.1.16 OR BA.5.1.17 OR BA.5.1.18 OR BA.5.1.19 OR BA.5.1.20 OR BA.5.1.21 OR BA.5.1.22 OR BA.5.1.23 OR BA.5.1.24 OR BA.5.1.25 OR BA.5.1.26 OR BA.5.1.27 OR BA.5.1.28 OR BA.5.1.29 OR BA.5.1.30 OR BA.5.1.31 OR BA.5.1.32 OR BA.5.2 OR BA.5.2.1 OR BA.5.2.2 OR BA.5.2.3 OR BA.5.2.4 OR BA.5.2.5 OR BA.5.2.6 OR BA.5.2.7 OR BA.5.2.8 OR BA.5.2.9 OR BA.5.2.10 OR BA.5.2.11 OR BA.5.2.12 OR BA.5.2.13 OR BA.5.2.14 OR BA.5.2.16 OR BA.5.2.18 OR BA.5.2.19 OR BA.5.2.20 OR BA.5.2.21 OR BA.5.2.22 OR BA.5.2.23 OR BA.5.2.24 OR BA.5.2.25 OR BA.5.2.26 OR BA.5.2.27 OR BA.5.2.28 OR BA.5.2.29 OR BA.5.2.30 OR BA.5.2.31 OR BA.5.2.32 OR BA.5.2.33 OR BA.5.2.34 OR BA.5.2.35 OR BA.5.2.36 OR BA.5.2.37 OR BA.5.2.38 OR BA.5.2.39 OR BA.5.2.40 OR BA.5.2.41 OR BA.5.2.42 OR BA.5.2.43 OR BA.5.2.44 OR BA.5.2.45 OR BA.5.2.46 OR BA.5.2.47 OR BA.5.2.48 OR BA.5.2.49 OR BA.5.3 OR BA.5.3.1 OR BA.5.3.2 OR BA.5.3.3 OR BA.5.3.4 OR BA.5.3.5 OR BA.5.5 OR BA.5.5.1 OR BA.5.5.2 OR BA.5.5.3 OR BA.5.6 OR BA.5.6.1 OR BA.5.6.2 OR BA.5.6.3 OR BA.5.6.4 OR BA.5.7 OR BA.5.8 OR BA.5.9 OR BA.5.10 OR BA.5.10.1 OR BA.5.11 OR BC.1 OR BC.2 OR BD.1 OR BE.1 OR BE.1.1 OR BE.1.1.1 OR BE.1.1.2 OR BE.1.2 OR BE.1.2.1 OR BE.1.3 OR BE.1.4 OR BE.1.4.1 OR BE.1.4.2 OR BE.1.4.3 OR BE.1.4.4 OR BE.2 OR BE.3 OR BE.4 OR BE.4.1 OR BE.4.1.1 OR BE.4.2 OR BE.5 OR BE.6 OR BE.7 OR BE.8 OR BE.9 OR BE.10 OR BF.1 OR BF.1.1 OR BF.2 OR BF.3 OR BF.3.1 OR BF.4 OR BF.5 OR BF.5.1 OR BF.5.2 OR BF.6 OR BF.7 OR BF.7.1 OR BF.7.2 OR BF.7.3 OR BF.7.4 OR BF.7.4.1 OR BF.7.4.2 OR BF.7.5 OR BF.7.5.1 OR BF.7.6 OR BF.7.7 OR BF.7.8 OR BF.7.9 OR BF.7.10 OR BF.7.11 OR BF.7.12 OR BF.7.13 OR BF.7.13.1 OR BF.7.13.2 OR BF.7.14 OR BF.7.15 OR BF.8 OR BF.9 OR BF.10 OR BF.10.1 OR BF.11 OR BF.11.1 OR BF.11.2 OR BF.11.3 OR BF.11.4 OR BF.11.5 OR BF.12 OR BF.13 OR BF.14 OR BF.15 OR BF.16 OR BF.17 OR BF.18 OR BF.19 OR BF.20 OR BF.21 OR BF.22 OR BF.23 OR BF.24 OR BF.25 OR BF.26 OR BF.27 OR BF.28 OR BF.29 OR BF.30 OR BF.31 OR BF.31.1 OR BF.32 OR BF.33 OR BF.34 OR BG.1 OR BG.2 OR BG.3 OR BG.4 OR BG.5 OR BG.6 OR BG.7 OR BH.1 OR BJ.1 OR BK.1 OR BL.1 OR BL.1.1 OR BL.1.2 OR BL.1.3 OR BL.1.4 OR BL.2 OR BL.2.1 OR BL.3 OR BL.4 OR BL.5 OR BL.6 OR BM.1 OR BM.1.1 OR BM.1.1.1 OR BM.1.1.2 OR BM.1.1.3 OR BM.1.1.4 OR BM.1.1.5 OR BM.2 OR BM.2.1 OR BM.2.2 OR BM.2.3 OR BM.3 OR BM.4 OR BM.4.1 OR BM.4.1.1 OR BM.5 OR BM.6 OR BN.1 OR BN.1.1 OR BN.1.1.1 OR BN.1.2 OR BN.1.2.1 OR BN.1.3 OR BN.1.3.1 OR BN.1.3.2 OR BN.1.3.3 OR BN.1.3.4 OR BN.1.4 OR BN.1.4.1 OR BN.1.5 OR BN.1.5.1 OR BN.1.6 OR BN.1.7 OR BN.1.8 OR BN.1.9 OR BN.2 OR BN.2.1 OR BN.3 OR BN.3.1 OR BN.4 OR BN.5 OR BN.6 OR BP.1 OR BQ.1 OR BQ.1.1 OR BQ.1.1.1 OR BQ.1.1.2 OR BQ.1.1.3 OR BQ.1.1.4 OR BQ.1.1.5 OR BQ.1.1.6 OR BQ.1.1.7 OR BQ.1.1.8 OR BQ.1.1.9 OR BQ.1.1.10 OR BQ.1.1.11 OR BQ.1.1.12 OR BQ.1.1.13 OR BQ.1.1.14 OR BQ.1.1.15 OR BQ.1.1.16 OR BQ.1.1.17 OR BQ.1.1.18 OR BQ.1.1.19 OR BQ.1.1.20 OR BQ.1.1.21 OR BQ.1.1.22 OR BQ.1.1.23 OR BQ.1.1.24 OR BQ.1.1.25 OR BQ.1.1.26 OR BQ.1.1.27 OR BQ.1.1.28 OR BQ.1.1.29 OR BQ.1.1.30 OR BQ.1.1.31 OR BQ.1.1.32 OR BQ.1.1.34 OR BQ.1.1.35 OR BQ.1.1.36 OR BQ.1.2 OR BQ.1.3 OR BQ.1.4 OR BQ.1.5 OR BQ.1.6 OR BQ.1.7 OR BQ.1.8 OR BQ.1.8.1 OR BQ.1.8.2 OR BQ.1.9 OR BQ.1.10 OR BQ.1.10.1 OR BQ.1.11 OR BQ.1.12 OR BQ.1.13 OR BQ.1.13.1 OR BQ.1.14 OR BQ.1.15 OR BQ.1.16 OR BQ.1.17 OR BQ.1.18 OR BQ.1.19 OR BQ.1.20 OR BQ.1.21 OR BQ.1.22 OR BQ.1.23 OR BQ.1.24 OR BQ.1.25 OR BQ.1.25.1 OR BQ.1.26 OR BQ.1.26.1 OR BQ.1.27 OR BQ.1.28 OR BQ.2 OR BR.1 OR BR.1.1 OR BR.1.2 OR BR.2 OR BR.2.1 OR BR.3 OR BR.4 OR BS.1 OR BS.1.1 OR BS.1.2 OR BT.1 OR BT.2 OR BU.1 OR BU.2 OR BU.3 OR BV.1 OR BV.2 OR BW.1 OR BW.1.1 OR BY.1 OR BY.1.1 OR BY.1.1.1 OR BY.1.2 OR BY.1.2.1 OR BZ.1 OR CA.1 OR CA.2 OR CA.3 OR CA.3.1 OR CA.4 OR CA.5 OR CA.6 OR CA.7 OR CB.1 OR CC.1 OR CD.1 OR CD.2 OR CE.1 OR CF.1 OR CG.1 OR CH.1 OR CH.1.1 OR CH.1.1.1 OR CH.1.1.2 OR CH.1.1.3 OR CH.1.1.4 OR CH.1.1.5 OR CH.2 OR CH.3 OR CH.3.1 OR CJ.1 OR CJ.1.1 OR CK.1 OR CK.1.1 OR CK.1.2 OR CK.2 OR CK.2.1 OR CK.2.1.1 OR CK.3 OR CL.1 OR CM.1 OR CM.2 OR CM.2.1 OR CM.3 OR CM.4 OR CM.4.1 OR CM.5 OR CM.5.1 OR CM.5.2 OR CM.6 OR CM.6.1 OR CM.7 OR CM.8 OR CM.8.1 OR CM.9 OR CM.10 OR CM.11 OR CM.12 OR CN.1 OR CN.2 OR CP.1 OR CP.1.1 OR CP.1.2 OR CP.1.3 OR CP.2 OR CP.3 OR CP.4 OR CP.5 OR CP.6 OR CQ.1 OR CQ.1.1 OR CQ.2 OR CR.1 OR CR.1.1 OR CR.1.2 OR CR.1.3 OR CR.2 OR CS.1 OR CT.1 OR CU.1 OR CV.1 OR CV.2 OR CW.1 OR CY.1 OR CZ.1 OR DA.1 OR DB.1 OR DB.2 OR DC.1 OR DD.1 OR DE.1 OR DE.2 OR DF.1 OR DF.1.1 OR DG.1 OR DH.1 OR DJ.1 OR DJ.1.1 OR DJ.1.2 OR DJ.1.3 OR DK.1 OR DL.1 OR DM.1 OR DN.1 OR DN.1.1 OR DP.1 OR DQ.1 OR DR.1 OR DS.1 OR DT.1 OR DU.1 OR DV.1,Omicron,6.14285714285714,4.64285714285714,0.755813953488372
2022-01-04,3,2,2.57142857142857,1.14285714285714,0.444444444444444,0.0387476177851652,0.823263902868743,B.1.1.529 OR BA.1 OR BA.1.1 OR BA.1.1.1 OR BA.1.1.2 OR BA.1.1.3 OR BA.1.1.4 OR BA.1.1.5 OR BA.1.1.6 OR BA.1.1.7 OR BA.1.1.8 OR BA.1.1.9 OR BA.1.1.10 OR BA.1.1.11 OR BA.1.1.12 OR BA.1.1.13 OR BA.1.1.14 OR BA.1.1.15 OR BA.1.1.16 OR BA.1.1.17 OR BA.1.1.18 OR BA.1.2 OR BA.1.3 OR BA.1.4 OR BA.1.5 OR BA.1.6 OR BA.1.7 OR BA.1.8 OR BA.1.9 OR BA.1.10 OR BA.1.12 OR BA.1.13 OR BA.1.13.1 OR BA.1.14 OR BA.1.14.1 OR BA.1.14.2 OR BA.1.15 OR BA.1.15.1 OR BA.1.15.2 OR BA.1.15.3 OR BA.1.16 OR BA.1.16.1 OR BA.1.16.2 OR BA.1.17 OR BA.1.17.1 OR BA.1.17.2 OR BA.1.18 OR BA.1.19 OR BA.1.20 OR BA.1.21 OR BA.1.21.1 OR BA.1.22 OR BA.1.23 OR BA.1.24 OR BA.2 OR BA.2.1 OR BA.2.2 OR BA.2.2.1 OR BA.2.3 OR BA.2.3.1 OR BA.2.3.2 OR BA.2.3.4 OR BA.2.3.5 OR BA.2.3.6 OR BA.2.3.7 OR BA.2.3.8 OR BA.2.3.9 OR BA.2.3.10 OR BA.2.3.11 OR BA.2.3.12 OR BA.2.3.13 OR BA.2.3.14 OR BA.2.3.15 OR BA.2.3.16 OR BA.2.3.17 OR BA.2.3.18 OR BA.2.3.19 OR BA.2.3.20 OR BA.2.3.21 OR BA.2.3.22 OR BA.2.4 OR BA.2.5 OR BA.2.6 OR BA.2.7 OR BA.2.8 OR BA.2.9 OR BA.2.9.1 OR BA.2.9.2 OR BA.2.9.3 OR BA.2.9.4 OR BA.2.9.5 OR BA.2.9.6 OR BA.2.9.7 OR BA.2.10 OR BA.2.10.1 OR BA.2.10.2 OR BA.2.10.3 OR BA.2.10.4 OR BA.2.11 OR BA.2.12 OR BA.2.12.1 OR BA.2.12.2 OR BA.2.13 OR BA.2.13.1 OR BA.2.14 OR BA.2.15 OR BA.2.16 OR BA.2.17 OR BA.2.18 OR BA.2.19 OR BA.2.20 OR BA.2.21 OR BA.2.22 OR BA.2.23 OR BA.2.23.1 OR BA.2.24 OR BA.2.25 OR BA.2.25.1 OR BA.2.26 OR BA.2.27 OR BA.2.28 OR BA.2.29 OR BA.2.30 OR BA.2.31 OR BA.2.31.1 OR BA.2.32 OR BA.2.33 OR BA.2.34 OR BA.2.35 OR BA.2.36 OR BA.2.37 OR BA.2.38 OR BA.2.38.1 OR BA.2.38.2 OR BA.2.38.3 OR BA.2.38.4 OR BA.2.39 OR BA.2.40 OR BA.2.40.1 OR BA.2.41 OR BA.2.42 OR BA.2.43 OR BA.2.44 OR BA.2.45 OR BA.2.46 OR BA.2.47 OR BA.2.48 OR BA.2.49 OR BA.2.50 OR BA.2.51 OR BA.2.52 OR BA.2.53 OR BA.2.54 OR BA.2.55 OR BA.2.56 OR BA.2.56.1 OR BA.2.57 OR BA.2.58 OR BA.2.59 OR BA.2.60 OR BA.2.61 OR BA.2.62 OR BA.2.63 OR BA.2.64 OR BA.2.65 OR BA.2.66 OR BA.2.67 OR BA.2.68 OR BA.2.69 OR BA.2.70 OR BA.2.71 OR BA.2.72 OR BA.2.73 OR BA.2.74 OR BA.2.75 OR BA.2.75.1 OR BA.2.75.2 OR BA.2.75.3 OR BA.2.75.4 OR BA.2.75.5 OR BA.2.75.6 OR BA.2.75.7 OR BA.2.75.8 OR BA.2.75.9 OR BA.2.75.10 OR BA.2.76 OR BA.2.76.1 OR BA.2.76.2 OR BA.2.77 OR BA.2.78 OR BA.2.79 OR BA.2.79.1 OR BA.2.80 OR BA.2.81 OR BA.2.82 OR BA.2.83 OR BA.2.85 OR BA.3 OR BA.3.1 OR BA.4 OR BA.4.1 OR BA.4.1.1 OR BA.4.1.2 OR BA.4.1.3 OR BA.4.1.4 OR BA.4.1.5 OR BA.4.1.6 OR BA.4.1.7 OR BA.4.1.8 OR BA.4.1.9 OR BA.4.1.10 OR BA.4.2 OR BA.4.3 OR BA.4.4 OR BA.4.5 OR BA.4.6 OR BA.4.6.1 OR BA.4.6.2 OR BA.4.6.3 OR BA.4.6.4 OR BA.4.6.5 OR BA.4.7 OR BA.4.8 OR BA.5 OR BA.5.1 OR BA.5.1.1 OR BA.5.1.2 OR BA.5.1.3 OR BA.5.1.4 OR BA.5.1.5 OR BA.5.1.6 OR BA.5.1.7 OR BA.5.1.8 OR BA.5.1.9 OR BA.5.1.10 OR BA.5.1.11 OR BA.5.1.12 OR BA.5.1.14 OR BA.5.1.15 OR BA.5.1.16 OR BA.5.1.17 OR BA.5.1.18 OR BA.5.1.19 OR BA.5.1.20 OR BA.5.1.21 OR BA.5.1.22 OR BA.5.1.23 OR BA.5.1.24 OR BA.5.1.25 OR BA.5.1.26 OR BA.5.1.27 OR BA.5.1.28 OR BA.5.1.29 OR BA.5.1.30 OR BA.5.1.31 OR BA.5.1.32 OR BA.5.2 OR BA.5.2.1 OR BA.5.2.2 OR BA.5.2.3 OR BA.5.2.4 OR BA.5.2.5 OR BA.5.2.6 OR BA.5.2.7 OR BA.5.2.8 OR BA.5.2.9 OR BA.5.2.10 OR BA.5.2.11 OR BA.5.2.12 OR BA.5.2.13 OR BA.5.2.14 OR BA.5.2.16 OR BA.5.2.18 OR BA.5.2.19 OR BA.5.2.20 OR BA.5.2.21 OR BA.5.2.22 OR BA.5.2.23 OR BA.5.2.24 OR BA.5.2.25 OR BA.5.2.26 OR BA.5.2.27 OR BA.5.2.28 OR BA.5.2.29 OR BA.5.2.30 OR BA.5.2.31 OR BA.5.2.32 OR BA.5.2.33 OR BA.5.2.34 OR BA.5.2.35 OR BA.5.2.36 OR BA.5.2.37 OR BA.5.2.38 OR BA.5.2.39 OR BA.5.2.40 OR BA.5.2.41 OR BA.5.2.42 OR BA.5.2.43 OR BA.5.2.44 OR BA.5.2.45 OR BA.5.2.46 OR BA.5.2.47 OR BA.5.2.48 OR BA.5.2.49 OR BA.5.3 OR BA.5.3.1 OR BA.5.3.2 OR BA.5.3.3 OR BA.5.3.4 OR BA.5.3.5 OR BA.5.5 OR BA.5.5.1 OR BA.5.5.2 OR BA.5.5.3 OR BA.5.6 OR BA.5.6.1 OR BA.5.6.2 OR BA.5.6.3 OR BA.5.6.4 OR BA.5.7 OR BA.5.8 OR BA.5.9 OR BA.5.10 OR BA.5.10.1 OR BA.5.11 OR BC.1 OR BC.2 OR BD.1 OR BE.1 OR BE.1.1 OR BE.1.1.1 OR BE.1.1.2 OR BE.1.2 OR BE.1.2.1 OR BE.1.3 OR BE.1.4 OR BE.1.4.1 OR BE.1.4.2 OR BE.1.4.3 OR BE.1.4.4 OR BE.2 OR BE.3 OR BE.4 OR BE.4.1 OR BE.4.1.1 OR BE.4.2 OR BE.5 OR BE.6 OR BE.7 OR BE.8 OR BE.9 OR BE.10 OR BF.1 OR BF.1.1 OR BF.2 OR BF.3 OR BF.3.1 OR BF.4 OR BF.5 OR BF.5.1 OR BF.5.2 OR BF.6 OR BF.7 OR BF.7.1 OR BF.7.2 OR BF.7.3 OR BF.7.4 OR BF.7.4.1 OR BF.7.4.2 OR BF.7.5 OR BF.7.5.1 OR BF.7.6 OR BF.7.7 OR BF.7.8 OR BF.7.9 OR BF.7.10 OR BF.7.11 OR BF.7.12 OR BF.7.13 OR BF.7.13.1 OR BF.7.13.2 OR BF.7.14 OR BF.7.15 OR BF.8 OR BF.9 OR BF.10 OR BF.10.1 OR BF.11 OR BF.11.1 OR BF.11.2 OR BF.11.3 OR BF.11.4 OR BF.11.5 OR BF.12 OR BF.13 OR BF.14 OR BF.15 OR BF.16 OR BF.17 OR BF.18 OR BF.19 OR BF.20 OR BF.21 OR BF.22 OR BF.23 OR BF.24 OR BF.25 OR BF.26 OR BF.27 OR BF.28 OR BF.29 OR BF.30 OR BF.31 OR BF.31.1 OR BF.32 OR BF.33 OR BF.34 OR BG.1 OR BG.2 OR BG.3 OR BG.4 OR BG.5 OR BG.6 OR BG.7 OR BH.1 OR BJ.1 OR BK.1 OR BL.1 OR BL.1.1 OR BL.1.2 OR BL.1.3 OR BL.1.4 OR BL.2 OR BL.2.1 OR BL.3 OR BL.4 OR BL.5 OR BL.6 OR BM.1 OR BM.1.1 OR BM.1.1.1 OR BM.1.1.2 OR BM.1.1.3 OR BM.1.1.4 OR BM.1.1.5 OR BM.2 OR BM.2.1 OR BM.2.2 OR BM.2.3 OR BM.3 OR BM.4 OR BM.4.1 OR BM.4.1.1 OR BM.5 OR BM.6 OR BN.1 OR BN.1.1 OR BN.1.1.1 OR BN.1.2 OR BN.1.2.1 OR BN.1.3 OR BN.1.3.1 OR BN.1.3.2 OR BN.1.3.3 OR BN.1.3.4 OR BN.1.4 OR BN.1.4.1 OR BN.1.5 OR BN.1.5.1 OR BN.1.6 OR BN.1.7 OR BN.1.8 OR BN.1.9 OR BN.2 OR BN.2.1 OR BN.3 OR BN.3.1 OR BN.4 OR BN.5 OR BN.6 OR BP.1 OR BQ.1 OR BQ.1.1 OR BQ.1.1.1 OR BQ.1.1.2 OR BQ.1.1.3 OR BQ.1.1.4 OR BQ.1.1.5 OR BQ.1.1.6 OR BQ.1.1.7 OR BQ.1.1.8 OR BQ.1.1.9 OR BQ.1.1.10 OR BQ.1.1.11 OR BQ.1.1.12 OR BQ.1.1.13 OR BQ.1.1.14 OR BQ.1.1.15 OR BQ.1.1.16 OR BQ.1.1.17 OR BQ.1.1.18 OR BQ.1.1.19 OR BQ.1.1.20 OR BQ.1.1.21 OR BQ.1.1.22 OR BQ.1.1.23 OR BQ.1.1.24 OR BQ.1.1.25 OR BQ.1.1.26 OR BQ.1.1.27 OR BQ.1.1.28 OR BQ.1.1.29 OR BQ.1.1.30 OR BQ.1.1.31 OR BQ.1.1.32 OR BQ.1.1.34 OR BQ.1.1.35 OR BQ.1.1.36 OR BQ.1.2 OR BQ.1.3 OR BQ.1.4 OR BQ.1.5 OR BQ.1.6 OR BQ.1.7 OR BQ.1.8 OR BQ.1.8.1 OR BQ.1.8.2 OR BQ.1.9 OR BQ.1.10 OR BQ.1.10.1 OR BQ.1.11 OR BQ.1.12 OR BQ.1.13 OR BQ.1.13.1 OR BQ.1.14 OR BQ.1.15 OR BQ.1.16 OR BQ.1.17 OR BQ.1.18 OR BQ.1.19 OR BQ.1.20 OR BQ.1.21 OR BQ.1.22 OR BQ.1.23 OR BQ.1.24 OR BQ.1.25 OR BQ.1.25.1 OR BQ.1.26 OR BQ.1.26.1 OR BQ.1.27 OR BQ.1.28 OR BQ.2 OR BR.1 OR BR.1.1 OR BR.1.2 OR BR.2 OR BR.2.1 OR BR.3 OR BR.4 OR BS.1 OR BS.1.1 OR BS.1.2 OR BT.1 OR BT.2 OR BU.1 OR BU.2 OR BU.3 OR BV.1 OR BV.2 OR BW.1 OR BW.1.1 OR BY.1 OR BY.1.1 OR BY.1.1.1 OR BY.1.2 OR BY.1.2.1 OR BZ.1 OR CA.1 OR CA.2 OR CA.3 OR CA.3.1 OR CA.4 OR CA.5 OR CA.6 OR CA.7 OR CB.1 OR CC.1 OR CD.1 OR CD.2 OR CE.1 OR CF.1 OR CG.1 OR CH.1 OR CH.1.1 OR CH.1.1.1 OR CH.1.1.2 OR CH.1.1.3 OR CH.1.1.4 OR CH.1.1.5 OR CH.2 OR CH.3 OR CH.3.1 OR CJ.1 OR CJ.1.1 OR CK.1 OR CK.1.1 OR CK.1.2 OR CK.2 OR CK.2.1 OR CK.2.1.1 OR CK.3 OR CL.1 OR CM.1 OR CM.2 OR CM.2.1 OR CM.3 OR CM.4 OR CM.4.1 OR CM.5 OR CM.5.1 OR CM.5.2 OR CM.6 OR CM.6.1 OR CM.7 OR CM.8 OR CM.8.1 OR CM.9 OR CM.10 OR CM.11 OR CM.12 OR CN.1 OR CN.2 OR CP.1 OR CP.1.1 OR CP.1.2 OR CP.1.3 OR CP.2 OR CP.3 OR CP.4 OR CP.5 OR CP.6 OR CQ.1 OR CQ.1.1 OR CQ.2 OR CR.1 OR CR.1.1 OR CR.1.2 OR CR.1.3 OR CR.2 OR CS.1 OR CT.1 OR CU.1 OR CV.1 OR CV.2 OR CW.1 OR CY.1 OR CZ.1 OR DA.1 OR DB.1 OR DB.2 OR DC.1 OR DD.1 OR DE.1 OR DE.2 OR DF.1 OR DF.1.1 OR DG.1 OR DH.1 OR DJ.1 OR DJ.1.1 OR DJ.1.2 OR DJ.1.3 OR DK.1 OR DL.1 OR DM.1 OR DN.1 OR DN.1.1 OR DP.1 OR DQ.1 OR DR.1 OR DS.1 OR DT.1 OR DU.1 OR DV.1,Omicron,5.21428571428571,3.71428571428571,0.712328767123288
2022-01-05,8,6,3.42857142857143,2,0.583333333333333,0.176736097131257,0.961252382214835,B.1.1.529 OR BA.1 OR BA.1.1 OR BA.1.1.1 OR BA.1.1.2 OR BA.1.1.3 OR BA.1.1.4 OR BA.1.1.5 OR BA.1.1.6 OR BA.1.1.7 OR BA.1.1.8 OR BA.1.1.9 OR BA.1.1.10 OR BA.1.1.11 OR BA.1.1.12 OR BA.1.1.13 OR BA.1.1.14 OR BA.1.1.15 OR BA.1.1.16 OR BA.1.1.17 OR BA.1.1.18 OR BA.1.2 OR BA.1.3 OR BA.1.4 OR BA.1.5 OR BA.1.6 OR BA.1.7 OR BA.1.8 OR BA.1.9 OR BA.1.10 OR BA.1.12 OR BA.1.13 OR BA.1.13.1 OR BA.1.14 OR BA.1.14.1 OR BA.1.14.2 OR BA.1.15 OR BA.1.15.1 OR BA.1.15.2 OR BA.1.15.3 OR BA.1.16 OR BA.1.16.1 OR BA.1.16.2 OR BA.1.17 OR BA.1.17.1 OR BA.1.17.2 OR BA.1.18 OR BA.1.19 OR BA.1.20 OR BA.1.21 OR BA.1.21.1 OR BA.1.22 OR BA.1.23 OR BA.1.24 OR BA.2 OR BA.2.1 OR BA.2.2 OR BA.2.2.1 OR BA.2.3 OR BA.2.3.1 OR BA.2.3.2 OR BA.2.3.4 OR BA.2.3.5 OR BA.2.3.6 OR BA.2.3.7 OR BA.2.3.8 OR BA.2.3.9 OR BA.2.3.10 OR BA.2.3.11 OR BA.2.3.12 OR BA.2.3.13 OR BA.2.3.14 OR BA.2.3.15 OR BA.2.3.16 OR BA.2.3.17 OR BA.2.3.18 OR BA.2.3.19 OR BA.2.3.20 OR BA.2.3.21 OR BA.2.3.22 OR BA.2.4 OR BA.2.5 OR BA.2.6 OR BA.2.7 OR BA.2.8 OR BA.2.9 OR BA.2.9.1 OR BA.2.9.2 OR BA.2.9.3 OR BA.2.9.4 OR BA.2.9.5 OR BA.2.9.6 OR BA.2.9.7 OR BA.2.10 OR BA.2.10.1 OR BA.2.10.2 OR BA.2.10.3 OR BA.2.10.4 OR BA.2.11 OR BA.2.12 OR BA.2.12.1 OR BA.2.12.2 OR BA.2.13 OR BA.2.13.1 OR BA.2.14 OR BA.2.15 OR BA.2.16 OR BA.2.17 OR BA.2.18 OR BA.2.19 OR BA.2.20 OR BA.2.21 OR BA.2.22 OR BA.2.23 OR BA.2.23.1 OR BA.2.24 OR BA.2.25 OR BA.2.25.1 OR BA.2.26 OR BA.2.27 OR BA.2.28 OR BA.2.29 OR BA.2.30 OR BA.2.31 OR BA.2.31.1 OR BA.2.32 OR BA.2.33 OR BA.2.34 OR BA.2.35 OR BA.2.36 OR BA.2.37 OR BA.2.38 OR BA.2.38.1 OR BA.2.38.2 OR BA.2.38.3 OR BA.2.38.4 OR BA.2.39 OR BA.2.40 OR BA.2.40.1 OR BA.2.41 OR BA.2.42 OR BA.2.43 OR BA.2.44 OR BA.2.45 OR BA.2.46 OR BA.2.47 OR BA.2.48 OR BA.2.49 OR BA.2.50 OR BA.2.51 OR BA.2.52 OR BA.2.53 OR BA.2.54 OR BA.2.55 OR BA.2.56 OR BA.2.56.1 OR BA.2.57 OR BA.2.58 OR BA.2.59 OR BA.2.60 OR BA.2.61 OR BA.2.62 OR BA.2.63 OR BA.2.64 OR BA.2.65 OR BA.2.66 OR BA.2.67 OR BA.2.68 OR BA.2.69 OR BA.2.70 OR BA.2.71 OR BA.2.72 OR BA.2.73 OR BA.2.74 OR BA.2.75 OR BA.2.75.1 OR BA.2.75.2 OR BA.2.75.3 OR BA.2.75.4 OR BA.2.75.5 OR BA.2.75.6 OR BA.2.75.7 OR BA.2.75.8 OR BA.2.75.9 OR BA.2.75.10 OR BA.2.76 OR BA.2.76.1 OR BA.2.76.2 OR BA.2.77 OR BA.2.78 OR BA.2.79 OR BA.2.79.1 OR BA.2.80 OR BA.2.81 OR BA.2.82 OR BA.2.83 OR BA.2.85 OR BA.3 OR BA.3.1 OR BA.4 OR BA.4.1 OR BA.4.1.1 OR BA.4.1.2 OR BA.4.1.3 OR BA.4.1.4 OR BA.4.1.5 OR BA.4.1.6 OR BA.4.1.7 OR BA.4.1.8 OR BA.4.1.9 OR BA.4.1.10 OR BA.4.2 OR BA.4.3 OR BA.4.4 OR BA.4.5 OR BA.4.6 OR BA.4.6.1 OR BA.4.6.2 OR BA.4.6.3 OR BA.4.6.4 OR BA.4.6.5 OR BA.4.7 OR BA.4.8 OR BA.5 OR BA.5.1 OR BA.5.1.1 OR BA.5.1.2 OR BA.5.1.3 OR BA.5.1.4 OR BA.5.1.5 OR BA.5.1.6 OR BA.5.1.7 OR BA.5.1.8 OR BA.5.1.9 OR BA.5.1.10 OR BA.5.1.11 OR BA.5.1.12 OR BA.5.1.14 OR BA.5.1.15 OR BA.5.1.16 OR BA.5.1.17 OR BA.5.1.18 OR BA.5.1.19 OR BA.5.1.20 OR BA.5.1.21 OR BA.5.1.22 OR BA.5.1.23 OR BA.5.1.24 OR BA.5.1.25 OR BA.5.1.26 OR BA.5.1.27 OR BA.5.1.28 OR BA.5.1.29 OR BA.5.1.30 OR BA.5.1.31 OR BA.5.1.32 OR BA.5.2 OR BA.5.2.1 OR BA.5.2.2 OR BA.5.2.3 OR BA.5.2.4 OR BA.5.2.5 OR BA.5.2.6 OR BA.5.2.7 OR BA.5.2.8 OR BA.5.2.9 OR BA.5.2.10 OR BA.5.2.11 OR BA.5.2.12 OR BA.5.2.13 OR BA.5.2.14 OR BA.5.2.16 OR BA.5.2.18 OR BA.5.2.19 OR BA.5.2.20 OR BA.5.2.21 OR BA.5.2.22 OR BA.5.2.23 OR BA.5.2.24 OR BA.5.2.25 OR BA.5.2.26 OR BA.5.2.27 OR BA.5.2.28 OR BA.5.2.29 OR BA.5.2.30 OR BA.5.2.31 OR BA.5.2.32 OR BA.5.2.33 OR BA.5.2.34 OR BA.5.2.35 OR BA.5.2.36 OR BA.5.2.37 OR BA.5.2.38 OR BA.5.2.39 OR BA.5.2.40 OR BA.5.2.41 OR BA.5.2.42 OR BA.5.2.43 OR BA.5.2.44 OR BA.5.2.45 OR BA.5.2.46 OR BA.5.2.47 OR BA.5.2.48 OR BA.5.2.49 OR BA.5.3 OR BA.5.3.1 OR BA.5.3.2 OR BA.5.3.3 OR BA.5.3.4 OR BA.5.3.5 OR BA.5.5 OR BA.5.5.1 OR BA.5.5.2 OR BA.5.5.3 OR BA.5.6 OR BA.5.6.1 OR BA.5.6.2 OR BA.5.6.3 OR BA.5.6.4 OR BA.5.7 OR BA.5.8 OR BA.5.9 OR BA.5.10 OR BA.5.10.1 OR BA.5.11 OR BC.1 OR BC.2 OR BD.1 OR BE.1 OR BE.1.1 OR BE.1.1.1 OR BE.1.1.2 OR BE.1.2 OR BE.1.2.1 OR BE.1.3 OR BE.1.4 OR BE.1.4.1 OR BE.1.4.2 OR BE.1.4.3 OR BE.1.4.4 OR BE.2 OR BE.3 OR BE.4 OR BE.4.1 OR BE.4.1.1 OR BE.4.2 OR BE.5 OR BE.6 OR BE.7 OR BE.8 OR BE.9 OR BE.10 OR BF.1 OR BF.1.1 OR BF.2 OR BF.3 OR BF.3.1 OR BF.4 OR BF.5 OR BF.5.1 OR BF.5.2 OR BF.6 OR BF.7 OR BF.7.1 OR BF.7.2 OR BF.7.3 OR BF.7.4 OR BF.7.4.1 OR BF.7.4.2 OR BF.7.5 OR BF.7.5.1 OR BF.7.6 OR BF.7.7 OR BF.7.8 OR BF.7.9 OR BF.7.10 OR BF.7.11 OR BF.7.12 OR BF.7.13 OR BF.7.13.1 OR BF.7.13.2 OR BF.7.14 OR BF.7.15 OR BF.8 OR BF.9 OR BF.10 OR BF.10.1 OR BF.11 OR BF.11.1 OR BF.11.2 OR BF.11.3 OR BF.11.4 OR BF.11.5 OR BF.12 OR BF.13 OR BF.14 OR BF.15 OR BF.16 OR BF.17 OR BF.18 OR BF.19 OR BF.20 OR BF.21 OR BF.22 OR BF.23 OR BF.24 OR BF.25 OR BF.26 OR BF.27 OR BF.28 OR BF.29 OR BF.30 OR BF.31 OR BF.31.1 OR BF.32 OR BF.33 OR BF.34 OR BG.1 OR BG.2 OR BG.3 OR BG.4 OR BG.5 OR BG.6 OR BG.7 OR BH.1 OR BJ.1 OR BK.1 OR BL.1 OR BL.1.1 OR BL.1.2 OR BL.1.3 OR BL.1.4 OR BL.2 OR BL.2.1 OR BL.3 OR BL.4 OR BL.5 OR BL.6 OR BM.1 OR BM.1.1 OR BM.1.1.1 OR BM.1.1.2 OR BM.1.1.3 OR BM.1.1.4 OR BM.1.1.5 OR BM.2 OR BM.2.1 OR BM.2.2 OR BM.2.3 OR BM.3 OR BM.4 OR BM.4.1 OR BM.4.1.1 OR BM.5 OR BM.6 OR BN.1 OR BN.1.1 OR BN.1.1.1 OR BN.1.2 OR BN.1.2.1 OR BN.1.3 OR BN.1.3.1 OR BN.1.3.2 OR BN.1.3.3 OR BN.1.3.4 OR BN.1.4 OR BN.1.4.1 OR BN.1.5 OR BN.1.5.1 OR BN.1.6 OR BN.1.7 OR BN.1.8 OR BN.1.9 OR BN.2 OR BN.2.1 OR BN.3 OR BN.3.1 OR BN.4 OR BN.5 OR BN.6 OR BP.1 OR BQ.1 OR BQ.1.1 OR BQ.1.1.1 OR BQ.1.1.2 OR BQ.1.1.3 OR BQ.1.1.4 OR BQ.1.1.5 OR BQ.1.1.6 OR BQ.1.1.7 OR BQ.1.1.8 OR BQ.1.1.9 OR BQ.1.1.10 OR BQ.1.1.11 OR BQ.1.1.12 OR BQ.1.1.13 OR BQ.1.1.14 OR BQ.1.1.15 OR BQ.1.1.16 OR BQ.1.1.17 OR BQ.1.1.18 OR BQ.1.1.19 OR BQ.1.1.20 OR BQ.1.1.21 OR BQ.1.1.22 OR BQ.1.1.23 OR BQ.1.1.24 OR BQ.1.1.25 OR BQ.1.1.26 OR BQ.1.1.27 OR BQ.1.1.28 OR BQ.1.1.29 OR BQ.1.1.30 OR BQ.1.1.31 OR BQ.1.1.32 OR BQ.1.1.34 OR BQ.1.1.35 OR BQ.1.1.36 OR BQ.1.2 OR BQ.1.3 OR BQ.1.4 OR BQ.1.5 OR BQ.1.6 OR BQ.1.7 OR BQ.1.8 OR BQ.1.8.1 OR BQ.1.8.2 OR BQ.1.9 OR BQ.1.10 OR BQ.1.10.1 OR BQ.1.11 OR BQ.1.12 OR BQ.1.13 OR BQ.1.13.1 OR BQ.1.14 OR BQ.1.15 OR BQ.1.16 OR BQ.1.17 OR BQ.1.18 OR BQ.1.19 OR BQ.1.20 OR BQ.1.21 OR BQ.1.22 OR BQ.1.23 OR BQ.1.24 OR BQ.1.25 OR BQ.1.25.1 OR BQ.1.26 OR BQ.1.26.1 OR BQ.1.27 OR BQ.1.28 OR BQ.2 OR BR.1 OR BR.1.1 OR BR.1.2 OR BR.2 OR BR.2.1 OR BR.3 OR BR.4 OR BS.1 OR BS.1.1 OR BS.1.2 OR BT.1 OR BT.2 OR BU.1 OR BU.2 OR BU.3 OR BV.1 OR BV.2 OR BW.1 OR BW.1.1 OR BY.1 OR BY.1.1 OR BY.1.1.1 OR BY.1.2 OR BY.1.2.1 OR BZ.1 OR CA.1 OR CA.2 OR CA.3 OR CA.3.1 OR CA.4 OR CA.5 OR CA.6 OR CA.7 OR CB.1 OR CC.1 OR CD.1 OR CD.2 OR CE.1 OR CF.1 OR CG.1 OR CH.1 OR CH.1.1 OR CH.1.1.1 OR CH.1.1.2 OR CH.1.1.3 OR CH.1.1.4 OR CH.1.1.5 OR CH.2 OR CH.3 OR CH.3.1 OR CJ.1 OR CJ.1.1 OR CK.1 OR CK.1.1 OR CK.1.2 OR CK.2 OR CK.2.1 OR CK.2.1.1 OR CK.3 OR CL.1 OR CM.1 OR CM.2 OR CM.2.1 OR CM.3 OR CM.4 OR CM.4.1 OR CM.5 OR CM.5.1 OR CM.5.2 OR CM.6 OR CM.6.1 OR CM.7 OR CM.8 OR CM.8.1 OR CM.9 OR CM.10 OR CM.11 OR CM.12 OR CN.1 OR CN.2 OR CP.1 OR CP.1.1 OR CP.1.2 OR CP.1.3 OR CP.2 OR CP.3 OR CP.4 OR CP.5 OR CP.6 OR CQ.1 OR CQ.1.1 OR CQ.2 OR CR.1 OR CR.1.1 OR CR.1.2 OR CR.1.3 OR CR.2 OR CS.1 OR CT.1 OR CU.1 OR CV.1 OR CV.2 OR CW.1 OR CY.1 OR CZ.1 OR DA.1 OR DB.1 OR DB.2 OR DC.1 OR DD.1 OR DE.1 OR DE.2 OR DF.1 OR DF.1.1 OR DG.1 OR DH.1 OR DJ.1 OR DJ.1.1 OR DJ.1.2 OR DJ.1.3 OR DK.1 OR DL.1 OR DM.1 OR DN.1 OR DN.1.1 OR DP.1 OR DQ.1 OR DR.1 OR DS.1 OR DT.1 OR DU.1 OR DV.1,Omicron,4.21428571428571,2.85714285714286,0.677966101694915
2022-01-06,4,3,3.85714285714286,2.42857142857143,0.62962962962963,0.122753882769518,0.877246117230482,B.1.1.529 OR BA.1 OR BA.1.1 OR BA.1.1.1 OR BA.1.1.2 OR BA.1.1.3 OR BA.1.1.4 OR BA.1.1.5 OR BA.1.1.6 OR BA.1.1.7 OR BA.1.1.8 OR BA.1.1.9 OR BA.1.1.10 OR BA.1.1.11 OR BA.1.1.12 OR BA.1.1.13 OR BA.1.1.14 OR BA.1.1.15 OR BA.1.1.16 OR BA.1.1.17 OR BA.1.1.18 OR BA.1.2 OR BA.1.3 OR BA.1.4 OR BA.1.5 OR BA.1.6 OR BA.1.7 OR BA.1.8 OR BA.1.9 OR BA.1.10 OR BA.1.12 OR BA.1.13 OR BA.1.13.1 OR BA.1.14 OR BA.1.14.1 OR BA.1.14.2 OR BA.1.15 OR BA.1.15.1 OR BA.1.15.2 OR BA.1.15.3 OR BA.1.16 OR BA.1.16.1 OR BA.1.16.2 OR BA.1.17 OR BA.1.17.1 OR BA.1.17.2 OR BA.1.18 OR BA.1.19 OR BA.1.20 OR BA.1.21 OR BA.1.21.1 OR BA.1.22 OR BA.1.23 OR BA.1.24 OR BA.2 OR BA.2.1 OR BA.2.2 OR BA.2.2.1 OR BA.2.3 OR BA.2.3.1 OR BA.2.3.2 OR BA.2.3.4 OR BA.2.3.5 OR BA.2.3.6 OR BA.2.3.7 OR BA.2.3.8 OR BA.2.3.9 OR BA.2.3.10 OR BA.2.3.11 OR BA.2.3.12 OR BA.2.3.13 OR BA.2.3.14 OR BA.2.3.15 OR BA.2.3.16 OR BA.2.3.17 OR BA.2.3.18 OR BA.2.3.19 OR BA.2.3.20 OR BA.2.3.21 OR BA.2.3.22 OR BA.2.4 OR BA.2.5 OR BA.2.6 OR BA.2.7 OR BA.2.8 OR BA.2.9 OR BA.2.9.1 OR BA.2.9.2 OR BA.2.9.3 OR BA.2.9.4 OR BA.2.9.5 OR BA.2.9.6 OR BA.2.9.7 OR BA.2.10 OR BA.2.10.1 OR BA.2.10.2 OR BA.2.10.3 OR BA.2.10.4 OR BA.2.11 OR BA.2.12 OR BA.2.12.1 OR BA.2.12.2 OR BA.2.13 OR BA.2.13.1 OR BA.2.14 OR BA.2.15 OR BA.2.16 OR BA.2.17 OR BA.2.18 OR BA.2.19 OR BA.2.20 OR BA.2.21 OR BA.2.22 OR BA.2.23 OR BA.2.23.1 OR BA.2.24 OR BA.2.25 OR BA.2.25.1 OR BA.2.26 OR BA.2.27 OR BA.2.28 OR BA.2.29 OR BA.2.30 OR BA.2.31 OR BA.2.31.1 OR BA.2.32 OR BA.2.33 OR BA.2.34 OR BA.2.35 OR BA.2.36 OR BA.2.37 OR BA.2.38 OR BA.2.38.1 OR BA.2.38.2 OR BA.2.38.3 OR BA.2.38.4 OR BA.2.39 OR BA.2.40 OR BA.2.40.1 OR BA.2.41 OR BA.2.42 OR BA.2.43 OR BA.2.44 OR BA.2.45 OR BA.2.46 OR BA.2.47 OR BA.2.48 OR BA.2.49 OR BA.2.50 OR BA.2.51 OR BA.2.52 OR BA.2.53 OR BA.2.54 OR BA.2.55 OR BA.2.56 OR BA.2.56.1 OR BA.2.57 OR BA.2.58 OR BA.2.59 OR BA.2.60 OR BA.2.61 OR BA.2.62 OR BA.2.63 OR BA.2.64 OR BA.2.65 OR BA.2.66 OR BA.2.67 OR BA.2.68 OR BA.2.69 OR BA.2.70 OR BA.2.71 OR BA.2.72 OR BA.2.73 OR BA.2.74 OR BA.2.75 OR BA.2.75.1 OR BA.2.75.2 OR BA.2.75.3 OR BA.2.75.4 OR BA.2.75.5 OR BA.2.75.6 OR BA.2.75.7 OR BA.2.75.8 OR BA.2.75.9 OR BA.2.75.10 OR BA.2.76 OR BA.2.76.1 OR BA.2.76.2 OR BA.2.77 OR BA.2.78 OR BA.2.79 OR BA.2.79.1 OR BA.2.80 OR BA.2.81 OR BA.2.82 OR BA.2.83 OR BA.2.85 OR BA.3 OR BA.3.1 OR BA.4 OR BA.4.1 OR BA.4.1.1 OR BA.4.1.2 OR BA.4.1.3 OR BA.4.1.4 OR BA.4.1.5 OR BA.4.1.6 OR BA.4.1.7 OR BA.4.1.8 OR BA.4.1.9 OR BA.4.1.10 OR BA.4.2 OR BA.4.3 OR BA.4.4 OR BA.4.5 OR BA.4.6 OR BA.4.6.1 OR BA.4.6.2 OR BA.4.6.3 OR BA.4.6.4 OR BA.4.6.5 OR BA.4.7 OR BA.4.8 OR BA.5 OR BA.5.1 OR BA.5.1.1 OR BA.5.1.2 OR BA.5.1.3 OR BA.5.1.4 OR BA.5.1.5 OR BA.5.1.6 OR BA.5.1.7 OR BA.5.1.8 OR BA.5.1.9 OR BA.5.1.10 OR BA.5.1.11 OR BA.5.1.12 OR BA.5.1.14 OR BA.5.1.15 OR BA.5.1.16 OR BA.5.1.17 OR BA.5.1.18 OR BA.5.1.19 OR BA.5.1.20 OR BA.5.1.21 OR BA.5.1.22 OR BA.5.1.23 OR BA.5.1.24 OR BA.5.1.25 OR BA.5.1.26 OR BA.5.1.27 OR BA.5.1.28 OR BA.5.1.29 OR BA.5.1.30 OR BA.5.1.31 OR BA.5.1.32 OR BA.5.2 OR BA.5.2.1 OR BA.5.2.2 OR BA.5.2.3 OR BA.5.2.4 OR BA.5.2.5 OR BA.5.2.6 OR BA.5.2.7 OR BA.5.2.8 OR BA.5.2.9 OR BA.5.2.10 OR BA.5.2.11 OR BA.5.2.12 OR BA.5.2.13 OR BA.5.2.14 OR BA.5.2.16 OR BA.5.2.18 OR BA.5.2.19 OR BA.5.2.20 OR BA.5.2.21 OR BA.5.2.22 OR BA.5.2.23 OR BA.5.2.24 OR BA.5.2.25 OR BA.5.2.26 OR BA.5.2.27 OR BA.5.2.28 OR BA.5.2.29 OR BA.5.2.30 OR BA.5.2.31 OR BA.5.2.32 OR BA.5.2.33 OR BA.5.2.34 OR BA.5.2.35 OR BA.5.2.36 OR BA.5.2.37 OR BA.5.2.38 OR BA.5.2.39 OR BA.5.2.40 OR BA.5.2.41 OR BA.5.2.42 OR BA.5.2.43 OR BA.5.2.44 OR BA.5.2.45 OR BA.5.2.46 OR BA.5.2.47 OR BA.5.2.48 OR BA.5.2.49 OR BA.5.3 OR BA.5.3.1 OR BA.5.3.2 OR BA.5.3.3 OR BA.5.3.4 OR BA.5.3.5 OR BA.5.5 OR BA.5.5.1 OR BA.5.5.2 OR BA.5.5.3 OR BA.5.6 OR BA.5.6.1 OR BA.5.6.2 OR BA.5.6.3 OR BA.5.6.4 OR BA.5.7 OR BA.5.8 OR BA.5.9 OR BA.5.10 OR BA.5.10.1 OR BA.5.11 OR BC.1 OR BC.2 OR BD.1 OR BE.1 OR BE.1.1 OR BE.1.1.1 OR BE.1.1.2 OR BE.1.2 OR BE.1.2.1 OR BE.1.3 OR BE.1.4 OR BE.1.4.1 OR BE.1.4.2 OR BE.1.4.3 OR BE.1.4.4 OR BE.2 OR BE.3 OR BE.4 OR BE.4.1 OR BE.4.1.1 OR BE.4.2 OR BE.5 OR BE.6 OR BE.7 OR BE.8 OR BE.9 OR BE.10 OR BF.1 OR BF.1.1 OR BF.2 OR BF.3 OR BF.3.1 OR BF.4 OR BF.5 OR BF.5.1 OR BF.5.2 OR BF.6 OR BF.7 OR BF.7.1 OR BF.7.2 OR BF.7.3 OR BF.7.4 OR BF.7.4.1 OR BF.7.4.2 OR BF.7.5 OR BF.7.5.1 OR BF.7.6 OR BF.7.7 OR BF.7.8 OR BF.7.9 OR BF.7.10 OR BF.7.11 OR BF.7.12 OR BF.7.13 OR BF.7.13.1 OR BF.7.13.2 OR BF.7.14 OR BF.7.15 OR BF.8 OR BF.9 OR BF.10 OR BF.10.1 OR BF.11 OR BF.11.1 OR BF.11.2 OR BF.11.3 OR BF.11.4 OR BF.11.5 OR BF.12 OR BF.13 OR BF.14 OR BF.15 OR BF.16 OR BF.17 OR BF.18 OR BF.19 OR BF.20 OR BF.21 OR BF.22 OR BF.23 OR BF.24 OR BF.25 OR BF.26 OR BF.27 OR BF.28 OR BF.29 OR BF.30 OR BF.31 OR BF.31.1 OR BF.32 OR BF.33 OR BF.34 OR BG.1 OR BG.2 OR BG.3 OR BG.4 OR BG.5 OR BG.6 OR BG.7 OR BH.1 OR BJ.1 OR BK.1 OR BL.1 OR BL.1.1 OR BL.1.2 OR BL.1.3 OR BL.1.4 OR BL.2 OR BL.2.1 OR BL.3 OR BL.4 OR BL.5 OR BL.6 OR BM.1 OR BM.1.1 OR BM.1.1.1 OR BM.1.1.2 OR BM.1.1.3 OR BM.1.1.4 OR BM.1.1.5 OR BM.2 OR BM.2.1 OR BM.2.2 OR BM.2.3 OR BM.3 OR BM.4 OR BM.4.1 OR BM.4.1.1 OR BM.5 OR BM.6 OR BN.1 OR BN.1.1 OR BN.1.1.1 OR BN.1.2 OR BN.1.2.1 OR BN.1.3 OR BN.1.3.1 OR BN.1.3.2 OR BN.1.3.3 OR BN.1.3.4 OR BN.1.4 OR BN.1.4.1 OR BN.1.5 OR BN.1.5.1 OR BN.1.6 OR BN.1.7 OR BN.1.8 OR BN.1.9 OR BN.2 OR BN.2.1 OR BN.3 OR BN.3.1 OR BN.4 OR BN.5 OR BN.6 OR BP.1 OR BQ.1 OR BQ.1.1 OR BQ.1.1.1 OR BQ.1.1.2 OR BQ.1.1.3 OR BQ.1.1.4 OR BQ.1.1.5 OR BQ.1.1.6 OR BQ.1.1.7 OR BQ.1.1.8 OR BQ.1.1.9 OR BQ.1.1.10 OR BQ.1.1.11 OR BQ.1.1.12 OR BQ.1.1.13 OR BQ.1.1.14 OR BQ.1.1.15 OR BQ.1.1.16 OR BQ.1.1.17 OR BQ.1.1.18 OR BQ.1.1.19 OR BQ.1.1.20 OR BQ.1.1.21 OR BQ.1.1.22 OR BQ.1.1.23 OR BQ.1.1.24 OR BQ.1.1.25 OR BQ.1.1.26 OR BQ.1.1.27 OR BQ.1.1.28 OR BQ.1.1.29 OR BQ.1.1.30 OR BQ.1.1.31 OR BQ.1.1.32 OR BQ.1.1.34 OR BQ.1.1.35 OR BQ.1.1.36 OR BQ.1.2 OR BQ.1.3 OR BQ.1.4 OR BQ.1.5 OR BQ.1.6 OR BQ.1.7 OR BQ.1.8 OR BQ.1.8.1 OR BQ.1.8.2 OR BQ.1.9 OR BQ.1.10 OR BQ.1.10.1 OR BQ.1.11 OR BQ.1.12 OR BQ.1.13 OR BQ.1.13.1 OR BQ.1.14 OR BQ.1.15 OR BQ.1.16 OR BQ.1.17 OR BQ.1.18 OR BQ.1.19 OR BQ.1.20 OR BQ.1.21 OR BQ.1.22 OR BQ.1.23 OR BQ.1.24 OR BQ.1.25 OR BQ.1.25.1 OR BQ.1.26 OR BQ.1.26.1 OR BQ.1.27 OR BQ.1.28 OR BQ.2 OR BR.1 OR BR.1.1 OR BR.1.2 OR BR.2 OR BR.2.1 OR BR.3 OR BR.4 OR BS.1 OR BS.1.1 OR BS.1.2 OR BT.1 OR BT.2 OR BU.1 OR BU.2 OR BU.3 OR BV.1 OR BV.2 OR BW.1 OR BW.1.1 OR BY.1 OR BY.1.1 OR BY.1.1.1 OR BY.1.2 OR BY.1.2.1 OR BZ.1 OR CA.1 OR CA.2 OR CA.3 OR CA.3.1 OR CA.4 OR CA.5 OR CA.6 OR CA.7 OR CB.1 OR CC.1 OR CD.1 OR CD.2 OR CE.1 OR CF.1 OR CG.1 OR CH.1 OR CH.1.1 OR CH.1.1.1 OR CH.1.1.2 OR CH.1.1.3 OR CH.1.1.4 OR CH.1.1.5 OR CH.2 OR CH.3 OR CH.3.1 OR CJ.1 OR CJ.1.1 OR CK.1 OR CK.1.1 OR CK.1.2 OR CK.2 OR CK.2.1 OR CK.2.1.1 OR CK.3 OR CL.1 OR CM.1 OR CM.2 OR CM.2.1 OR CM.3 OR CM.4 OR CM.4.1 OR CM.5 OR CM.5.1 OR CM.5.2 OR CM.6 OR CM.6.1 OR CM.7 OR CM.8 OR CM.8.1 OR CM.9 OR CM.10 OR CM.11 OR CM.12 OR CN.1 OR CN.2 OR CP.1 OR CP.1.1 OR CP.1.2 OR CP.1.3 OR CP.2 OR CP.3 OR CP.4 OR CP.5 OR CP.6 OR CQ.1 OR CQ.1.1 OR CQ.2 OR CR.1 OR CR.1.1 OR CR.1.2 OR CR.1.3 OR CR.2 OR CS.1 OR CT.1 OR CU.1 OR CV.1 OR CV.2 OR CW.1 OR CY.1 OR CZ.1 OR DA.1 OR DB.1 OR DB.2 OR DC.1 OR DD.1 OR DE.1 OR DE.2 OR DF.1 OR DF.1.1 OR DG.1 OR DH.1 OR DJ.1 OR DJ.1.1 OR DJ.1.2 OR DJ.1.3 OR DK.1 OR DL.1 OR DM.1 OR DN.1 OR DN.1.1 OR DP.1 OR DQ.1 OR DR.1 OR DS.1 OR DT.1 OR DU.1 OR DV.1,Omicron,4.42857142857143,3,0.67741935483871
2022-01-07,8,8,4.85714285714286,3.57142857142857,0.735294117647059,0.371373599368006,0.977487234000845,B.1.1.529 OR BA.1 OR BA.1.1 OR BA.1.1.1 OR BA.1.1.2 OR BA.1.1.3 OR BA.1.1.4 OR BA.1.1.5 OR BA.1.1.6 OR BA.1.1.7 OR BA.1.1.8 OR BA.1.1.9 OR BA.1.1.10 OR BA.1.1.11 OR BA.1.1.12 OR BA.1.1.13 OR BA.1.1.14 OR BA.1.1.15 OR BA.1.1.16 OR BA.1.1.17 OR BA.1.1.18 OR BA.1.2 OR BA.1.3 OR BA.1.4 OR BA.1.5 OR BA.1.6 OR BA.1.7 OR BA.1.8 OR BA.1.9 OR BA.1.10 OR BA.1.12 OR BA.1.13 OR BA.1.13.1 OR BA.1.14 OR BA.1.14.1 OR BA.1.14.2 OR BA.1.15 OR BA.1.15.1 OR BA.1.15.2 OR BA.1.15.3 OR BA.1.16 OR BA.1.16.1 OR BA.1.16.2 OR BA.1.17 OR BA.1.17.1 OR BA.1.17.2 OR BA.1.18 OR BA.1.19 OR BA.1.20 OR BA.1.21 OR BA.1.21.1 OR BA.1.22 OR BA.1.23 OR BA.1.24 OR BA.2 OR BA.2.1 OR BA.2.2 OR BA.2.2.1 OR BA.2.3 OR BA.2.3.1 OR BA.2.3.2 OR BA.2.3.4 OR BA.2.3.5 OR BA.2.3.6 OR BA.2.3.7 OR BA.2.3.8 OR BA.2.3.9 OR BA.2.3.10 OR BA.2.3.11 OR BA.2.3.12 OR BA.2.3.13 OR BA.2.3.14 OR BA.2.3.15 OR BA.2.3.16 OR BA.2.3.17 OR BA.2.3.18 OR BA.2.3.19 OR BA.2.3.20 OR BA.2.3.21 OR BA.2.3.22 OR BA.2.4 OR BA.2.5 OR BA.2.6 OR BA.2.7 OR BA.2.8 OR BA.2.9 OR BA.2.9.1 OR BA.2.9.2 OR BA.2.9.3 OR BA.2.9.4 OR BA.2.9.5 OR BA.2.9.6 OR BA.2.9.7 OR BA.2.10 OR BA.2.10.1 OR BA.2.10.2 OR BA.2.10.3 OR BA.2.10.4 OR BA.2.11 OR BA.2.12 OR BA.2.12.1 OR BA.2.12.2 OR BA.2.13 OR BA.2.13.1 OR BA.2.14 OR BA.2.15 OR BA.2.16 OR BA.2.17 OR BA.2.18 OR BA.2.19 OR BA.2.20 OR BA.2.21 OR BA.2.22 OR BA.2.23 OR BA.2.23.1 OR BA.2.24 OR BA.2.25 OR BA.2.25.1 OR BA.2.26 OR BA.2.27 OR BA.2.28 OR BA.2.29 OR BA.2.30 OR BA.2.31 OR BA.2.31.1 OR BA.2.32 OR BA.2.33 OR BA.2.34 OR BA.2.35 OR BA.2.36 OR BA.2.37 OR BA.2.38 OR BA.2.38.1 OR BA.2.38.2 OR BA.2.38.3 OR BA.2.38.4 OR BA.2.39 OR BA.2.40 OR BA.2.40.1 OR BA.2.41 OR BA.2.42 OR BA.2.43 OR BA.2.44 OR BA.2.45 OR BA.2.46 OR BA.2.47 OR BA.2.48 OR BA.2.49 OR BA.2.50 OR BA.2.51 OR BA.2.52 OR BA.2.53 OR BA.2.54 OR BA.2.55 OR BA.2.56 OR BA.2.56.1 OR BA.2.57 OR BA.2.58 OR BA.2.59 OR BA.2.60 OR BA.2.61 OR BA.2.62 OR BA.2.63 OR BA.2.64 OR BA.2.65 OR BA.2.66 OR BA.2.67 OR BA.2.68 OR BA.2.69 OR BA.2.70 OR BA.2.71 OR BA.2.72 OR BA.2.73 OR BA.2.74 OR BA.2.75 OR BA.2.75.1 OR BA.2.75.2 OR BA.2.75.3 OR BA.2.75.4 OR BA.2.75.5 OR BA.2.75.6 OR BA.2.75.7 OR BA.2.75.8 OR BA.2.75.9 OR BA.2.75.10 OR BA.2.76 OR BA.2.76.1 OR BA.2.76.2 OR BA.2.77 OR BA.2.78 OR BA.2.79 OR BA.2.79.1 OR BA.2.80 OR BA.2.81 OR BA.2.82 OR BA.2.83 OR BA.2.85 OR BA.3 OR BA.3.1 OR BA.4 OR BA.4.1 OR BA.4.1.1 OR BA.4.1.2 OR BA.4.1.3 OR BA.4.1.4 OR BA.4.1.5 OR BA.4.1.6 OR BA.4.1.7 OR BA.4.1.8 OR BA.4.1.9 OR BA.4.1.10 OR BA.4.2 OR BA.4.3 OR BA.4.4 OR BA.4.5 OR BA.4.6 OR BA.4.6.1 OR BA.4.6.2 OR BA.4.6.3 OR BA.4.6.4 OR BA.4.6.5 OR BA.4.7 OR BA.4.8 OR BA.5 OR BA.5.1 OR BA.5.1.1 OR BA.5.1.2 OR BA.5.1.3 OR BA.5.1.4 OR BA.5.1.5 OR BA.5.1.6 OR BA.5.1.7 OR BA.5.1.8 OR BA.5.1.9 OR BA.5.1.10 OR BA.5.1.11 OR BA.5.1.12 OR BA.5.1.14 OR BA.5.1.15 OR BA.5.1.16 OR BA.5.1.17 OR BA.5.1.18 OR BA.5.1.19 OR BA.5.1.20 OR BA.5.1.21 OR BA.5.1.22 OR BA.5.1.23 OR BA.5.1.24 OR BA.5.1.25 OR BA.5.1.26 OR BA.5.1.27 OR BA.5.1.28 OR BA.5.1.29 OR BA.5.1.30 OR BA.5.1.31 OR BA.5.1.32 OR BA.5.2 OR BA.5.2.1 OR BA.5.2.2 OR BA.5.2.3 OR BA.5.2.4 OR BA.5.2.5 OR BA.5.2.6 OR BA.5.2.7 OR BA.5.2.8 OR BA.5.2.9 OR BA.5.2.10 OR BA.5.2.11 OR BA.5.2.12 OR BA.5.2.13 OR BA.5.2.14 OR BA.5.2.16 OR BA.5.2.18 OR BA.5.2.19 OR BA.5.2.20 OR BA.5.2.21 OR BA.5.2.22 OR BA.5.2.23 OR BA.5.2.24 OR BA.5.2.25 OR BA.5.2.26 OR BA.5.2.27 OR BA.5.2.28 OR BA.5.2.29 OR BA.5.2.30 OR BA.5.2.31 OR BA.5.2.32 OR BA.5.2.33 OR BA.5.2.34 OR BA.5.2.35 OR BA.5.2.36 OR BA.5.2.37 OR BA.5.2.38 OR BA.5.2.39 OR BA.5.2.40 OR BA.5.2.41 OR BA.5.2.42 OR BA.5.2.43 OR BA.5.2.44 OR BA.5.2.45 OR BA.5.2.46 OR BA.5.2.47 OR BA.5.2.48 OR BA.5.2.49 OR BA.5.3 OR BA.5.3.1 OR BA.5.3.2 OR BA.5.3.3 OR BA.5.3.4 OR BA.5.3.5 OR BA.5.5 OR BA.5.5.1 OR BA.5.5.2 OR BA.5.5.3 OR BA.5.6 OR BA.5.6.1 OR BA.5.6.2 OR BA.5.6.3 OR BA.5.6.4 OR BA.5.7 OR BA.5.8 OR BA.5.9 OR BA.5.10 OR BA.5.10.1 OR BA.5.11 OR BC.1 OR BC.2 OR BD.1 OR BE.1 OR BE.1.1 OR BE.1.1.1 OR BE.1.1.2 OR BE.1.2 OR BE.1.2.1 OR BE.1.3 OR BE.1.4 OR BE.1.4.1 OR BE.1.4.2 OR BE.1.4.3 OR BE.1.4.4 OR BE.2 OR BE.3 OR BE.4 OR BE.4.1 OR BE.4.1.1 OR BE.4.2 OR BE.5 OR BE.6 OR BE.7 OR BE.8 OR BE.9 OR BE.10 OR BF.1 OR BF.1.1 OR BF.2 OR BF.3 OR BF.3.1 OR BF.4 OR BF.5 OR BF.5.1 OR BF.5.2 OR BF.6 OR BF.7 OR BF.7.1 OR BF.7.2 OR BF.7.3 OR BF.7.4 OR BF.7.4.1 OR BF.7.4.2 OR BF.7.5 OR BF.7.5.1 OR BF.7.6 OR BF.7.7 OR BF.7.8 OR BF.7.9 OR BF.7.10 OR BF.7.11 OR BF.7.12 OR BF.7.13 OR BF.7.13.1 OR BF.7.13.2 OR BF.7.14 OR BF.7.15 OR BF.8 OR BF.9 OR BF.10 OR BF.10.1 OR BF.11 OR BF.11.1 OR BF.11.2 OR BF.11.3 OR BF.11.4 OR BF.11.5 OR BF.12 OR BF.13 OR BF.14 OR BF.15 OR BF.16 OR BF.17 OR BF.18 OR BF.19 OR BF.20 OR BF.21 OR BF.22 OR BF.23 OR BF.24 OR BF.25 OR BF.26 OR BF.27 OR BF.28 OR BF.29 OR BF.30 OR BF.31 OR BF.31.1 OR BF.32 OR BF.33 OR BF.34 OR BG.1 OR BG.2 OR BG.3 OR BG.4 OR BG.5 OR BG.6 OR BG.7 OR BH.1 OR BJ.1 OR BK.1 OR BL.1 OR BL.1.1 OR BL.1.2 OR BL.1.3 OR BL.1.4 OR BL.2 OR BL.2.1 OR BL.3 OR BL.4 OR BL.5 OR BL.6 OR BM.1 OR BM.1.1 OR BM.1.1.1 OR BM.1.1.2 OR BM.1.1.3 OR BM.1.1.4 OR BM.1.1.5 OR BM.2 OR BM.2.1 OR BM.2.2 OR BM.2.3 OR BM.3 OR BM.4 OR BM.4.1 OR BM.4.1.1 OR BM.5 OR BM.6 OR BN.1 OR BN.1.1 OR BN.1.1.1 OR BN.1.2 OR BN.1.2.1 OR BN.1.3 OR BN.1.3.1 OR BN.1.3.2 OR BN.1.3.3 OR BN.1.3.4 OR BN.1.4 OR BN.1.4.1 OR BN.1.5 OR BN.1.5.1 OR BN.1.6 OR BN.1.7 OR BN.1.8 OR BN.1.9 OR BN.2 OR BN.2.1 OR BN.3 OR BN.3.1 OR BN.4 OR BN.5 OR BN.6 OR BP.1 OR BQ.1 OR BQ.1.1 OR BQ.1.1.1 OR BQ.1.1.2 OR BQ.1.1.3 OR BQ.1.1.4 OR BQ.1.1.5 OR BQ.1.1.6 OR BQ.1.1.7 OR BQ.1.1.8 OR BQ.1.1.9 OR BQ.1.1.10 OR BQ.1.1.11 OR BQ.1.1.12 OR BQ.1.1.13 OR BQ.1.1.14 OR BQ.1.1.15 OR BQ.1.1.16 OR BQ.1.1.17 OR BQ.1.1.18 OR BQ.1.1.19 OR BQ.1.1.20 OR BQ.1.1.21 OR BQ.1.1.22 OR BQ.1.1.23 OR BQ.1.1.24 OR BQ.1.1.25 OR BQ.1.1.26 OR BQ.1.1.27 OR BQ.1.1.28 OR BQ.1.1.29 OR BQ.1.1.30 OR BQ.1.1.31 OR BQ.1.1.32 OR BQ.1.1.34 OR BQ.1.1.35 OR BQ.1.1.36 OR BQ.1.2 OR BQ.1.3 OR BQ.1.4 OR BQ.1.5 OR BQ.1.6 OR BQ.1.7 OR BQ.1.8 OR BQ.1.8.1 OR BQ.1.8.2 OR BQ.1.9 OR BQ.1.10 OR BQ.1.10.1 OR BQ.1.11 OR BQ.1.12 OR BQ.1.13 OR BQ.1.13.1 OR BQ.1.14 OR BQ.1.15 OR BQ.1.16 OR BQ.1.17 OR BQ.1.18 OR BQ.1.19 OR BQ.1.20 OR BQ.1.21 OR BQ.1.22 OR BQ.1.23 OR BQ.1.24 OR BQ.1.25 OR BQ.1.25.1 OR BQ.1.26 OR BQ.1.26.1 OR BQ.1.27 OR BQ.1.28 OR BQ.2 OR BR.1 OR BR.1.1 OR BR.1.2 OR BR.2 OR BR.2.1 OR BR.3 OR BR.4 OR BS.1 OR BS.1.1 OR BS.1.2 OR BT.1 OR BT.2 OR BU.1 OR BU.2 OR BU.3 OR BV.1 OR BV.2 OR BW.1 OR BW.1.1 OR BY.1 OR BY.1.1 OR BY.1.1.1 OR BY.1.2 OR BY.1.2.1 OR BZ.1 OR CA.1 OR CA.2 OR CA.3 OR CA.3.1 OR CA.4 OR CA.5 OR CA.6 OR CA.7 OR CB.1 OR CC.1 OR CD.1 OR CD.2 OR CE.1 OR CF.1 OR CG.1 OR CH.1 OR CH.1.1 OR CH.1.1.1 OR CH.1.1.2 OR CH.1.1.3 OR CH.1.1.4 OR CH.1.1.5 OR CH.2 OR CH.3 OR CH.3.1 OR CJ.1 OR CJ.1.1 OR CK.1 OR CK.1.1 OR CK.1.2 OR CK.2 OR CK.2.1 OR CK.2.1.1 OR CK.3 OR CL.1 OR CM.1 OR CM.2 OR CM.2.1 OR CM.3 OR CM.4 OR CM.4.1 OR CM.5 OR CM.5.1 OR CM.5.2 OR CM.6 OR CM.6.1 OR CM.7 OR CM.8 OR CM.8.1 OR CM.9 OR CM.10 OR CM.11 OR CM.12 OR CN.1 OR CN.2 OR CP.1 OR CP.1.1 OR CP.1.2 OR CP.1.3 OR CP.2 OR CP.3 OR CP.4 OR CP.5 OR CP.6 OR CQ.1 OR CQ.1.1 OR CQ.2 OR CR.1 OR CR.1.1 OR CR.1.2 OR CR.1.3 OR CR.2 OR CS.1 OR CT.1 OR CU.1 OR CV.1 OR CV.2 OR CW.1 OR CY.1 OR CZ.1 OR DA.1 OR DB.1 OR DB.2 OR DC.1 OR DD.1 OR DE.1 OR DE.2 OR DF.1 OR DF.1.1 OR DG.1 OR DH.1 OR DJ.1 OR DJ.1.1 OR DJ.1.2 OR DJ.1.3 OR DK.1 OR DL.1 OR DM.1 OR DN.1 OR DN.1.1 OR DP.1 OR DQ.1 OR DR.1 OR DS.1 OR DT.1 OR DU.1 OR DV.1,Omicron,4.21428571428571,2.92857142857143,0.694915254237288
2022-01-08,3,3,4.85714285714286,4,0.823529411764706,0.371373599368006,0.977487234000845,B.1.1.529 OR BA.1 OR BA.1.1 OR BA.1.1.1 OR BA.1.1.2 OR BA.1.1.3 OR BA.1.1.4 OR BA.1.1.5 OR BA.1.1.6 OR BA.1.1.7 OR BA.1.1.8 OR BA.1.1.9 OR BA.1.1.10 OR BA.1.1.11 OR BA.1.1.12 OR BA.1.1.13 OR BA.1.1.14 OR BA.1.1.15 OR BA.1.1.16 OR BA.1.1.17 OR BA.1.1.18 OR BA.1.2 OR BA.1.3 OR BA.1.4 OR BA.1.5 OR BA.1.6 OR BA.1.7 OR BA.1.8 OR BA.1.9 OR BA.1.10 OR BA.1.12 OR BA.1.13 OR BA.1.13.1 OR BA.1.14 OR BA.1.14.1 OR BA.1.14.2 OR BA.1.15 OR BA.1.15.1 OR BA.1.15.2 OR BA.1.15.3 OR BA.1.16 OR BA.1.16.1 OR BA.1.16.2 OR BA.1.17 OR BA.1.17.1 OR BA.1.17.2 OR BA.1.18 OR BA.1.19 OR BA.1.20 OR BA.1.21 OR BA.1.21.1 OR BA.1.22 OR BA.1.23 OR BA.1.24 OR BA.2 OR BA.2.1 OR BA.2.2 OR BA.2.2.1 OR BA.2.3 OR BA.2.3.1 OR BA.2.3.2 OR BA.2.3.4 OR BA.2.3.5 OR BA.2.3.6 OR BA.2.3.7 OR BA.2.3.8 OR BA.2.3.9 OR BA.2.3.10 OR BA.2.3.11 OR BA.2.3.12 OR BA.2.3.13 OR BA.2.3.14 OR BA.2.3.15 OR BA.2.3.16 OR BA.2.3.17 OR BA.2.3.18 OR BA.2.3.19 OR BA.2.3.20 OR BA.2.3.21 OR BA.2.3.22 OR BA.2.4 OR BA.2.5 OR BA.2.6 OR BA.2.7 OR BA.2.8 OR BA.2.9 OR BA.2.9.1 OR BA.2.9.2 OR BA.2.9.3 OR BA.2.9.4 OR BA.2.9.5 OR BA.2.9.6 OR BA.2.9.7 OR BA.2.10 OR BA.2.10.1 OR BA.2.10.2 OR BA.2.10.3 OR BA.2.10.4 OR BA.2.11 OR BA.2.12 OR BA.2.12.1 OR BA.2.12.2 OR BA.2.13 OR BA.2.13.1 OR BA.2.14 OR BA.2.15 OR BA.2.16 OR BA.2.17 OR BA.2.18 OR BA.2.19 OR BA.2.20 OR BA.2.21 OR BA.2.22 OR BA.2.23 OR BA.2.23.1 OR BA.2.24 OR BA.2.25 OR BA.2.25.1 OR BA.2.26 OR BA.2.27 OR BA.2.28 OR BA.2.29 OR BA.2.30 OR BA.2.31 OR BA.2.31.1 OR BA.2.32 OR BA.2.33 OR BA.2.34 OR BA.2.35 OR BA.2.36 OR BA.2.37 OR BA.2.38 OR BA.2.38.1 OR BA.2.38.2 OR BA.2.38.3 OR BA.2.38.4 OR BA.2.39 OR BA.2.40 OR BA.2.40.1 OR BA.2.41 OR BA.2.42 OR BA.2.43 OR BA.2.44 OR BA.2.45 OR BA.2.46 OR BA.2.47 OR BA.2.48 OR BA.2.49 OR BA.2.50 OR BA.2.51 OR BA.2.52 OR BA.2.53 OR BA.2.54 OR BA.2.55 OR BA.2.56 OR BA.2.56.1 OR BA.2.57 OR BA.2.58 OR BA.2.59 OR BA.2.60 OR BA.2.61 OR BA.2.62 OR BA.2.63 OR BA.2.64 OR BA.2.65 OR BA.2.66 OR BA.2.67 OR BA.2.68 OR BA.2.69 OR BA.2.70 OR BA.2.71 OR BA.2.72 OR BA.2.73 OR BA.2.74 OR BA.2.75 OR BA.2.75.1 OR BA.2.75.2 OR BA.2.75.3 OR BA.2.75.4 OR BA.2.75.5 OR BA.2.75.6 OR BA.2.75.7 OR BA.2.75.8 OR BA.2.75.9 OR BA.2.75.10 OR BA.2.76 OR BA.2.76.1 OR BA.2.76.2 OR BA.2.77 OR BA.2.78 OR BA.2.79 OR BA.2.79.1 OR BA.2.80 OR BA.2.81 OR BA.2.82 OR BA.2.83 OR BA.2.85 OR BA.3 OR BA.3.1 OR BA.4 OR BA.4.1 OR BA.4.1.1 OR BA.4.1.2 OR BA.4.1.3 OR BA.4.1.4 OR BA.4.1.5 OR BA.4.1.6 OR BA.4.1.7 OR BA.4.1.8 OR BA.4.1.9 OR BA.4.1.10 OR BA.4.2 OR BA.4.3 OR BA.4.4 OR BA.4.5 OR BA.4.6 OR BA.4.6.1 OR BA.4.6.2 OR BA.4.6.3 OR BA.4.6.4 OR BA.4.6.5 OR BA.4.7 OR BA.4.8 OR BA.5 OR BA.5.1 OR BA.5.1.1 OR BA.5.1.2 OR BA.5.1.3 OR BA.5.1.4 OR BA.5.1.5 OR BA.5.1.6 OR BA.5.1.7 OR BA.5.1.8 OR BA.5.1.9 OR BA.5.1.10 OR BA.5.1.11 OR BA.5.1.12 OR BA.5.1.14 OR BA.5.1.15 OR BA.5.1.16 OR BA.5.1.17 OR BA.5.1.18 OR BA.5.1.19 OR BA.5.1.20 OR BA.5.1.21 OR BA.5.1.22 OR BA.5.1.23 OR BA.5.1.24 OR BA.5.1.25 OR BA.5.1.26 OR BA.5.1.27 OR BA.5.1.28 OR BA.5.1.29 OR BA.5.1.30 OR BA.5.1.31 OR BA.5.1.32 OR BA.5.2 OR BA.5.2.1 OR BA.5.2.2 OR BA.5.2.3 OR BA.5.2.4 OR BA.5.2.5 OR BA.5.2.6 OR BA.5.2.7 OR BA.5.2.8 OR BA.5.2.9 OR BA.5.2.10 OR BA.5.2.11 OR BA.5.2.12 OR BA.5.2.13 OR BA.5.2.14 OR BA.5.2.16 OR BA.5.2.18 OR BA.5.2.19 OR BA.5.2.20 OR BA.5.2.21 OR BA.5.2.22 OR BA.5.2.23 OR BA.5.2.24 OR BA.5.2.25 OR BA.5.2.26 OR BA.5.2.27 OR BA.5.2.28 OR BA.5.2.29 OR BA.5.2.30 OR BA.5.2.31 OR BA.5.2.32 OR BA.5.2.33 OR BA.5.2.34 OR BA.5.2.35 OR BA.5.2.36 OR BA.5.2.37 OR BA.5.2.38 OR BA.5.2.39 OR BA.5.2.40 OR BA.5.2.41 OR BA.5.2.42 OR BA.5.2.43 OR BA.5.2.44 OR BA.5.2.45 OR BA.5.2.46 OR BA.5.2.47 OR BA.5.2.48 OR BA.5.2.49 OR BA.5.3 OR BA.5.3.1 OR BA.5.3.2 OR BA.5.3.3 OR BA.5.3.4 OR BA.5.3.5 OR BA.5.5 OR BA.5.5.1 OR BA.5.5.2 OR BA.5.5.3 OR BA.5.6 OR BA.5.6.1 OR BA.5.6.2 OR BA.5.6.3 OR BA.5.6.4 OR BA.5.7 OR BA.5.8 OR BA.5.9 OR BA.5.10 OR BA.5.10.1 OR BA.5.11 OR BC.1 OR BC.2 OR BD.1 OR BE.1 OR BE.1.1 OR BE.1.1.1 OR BE.1.1.2 OR BE.1.2 OR BE.1.2.1 OR BE.1.3 OR BE.1.4 OR BE.1.4.1 OR BE.1.4.2 OR BE.1.4.3 OR BE.1.4.4 OR BE.2 OR BE.3 OR BE.4 OR BE.4.1 OR BE.4.1.1 OR BE.4.2 OR BE.5 OR BE.6 OR BE.7 OR BE.8 OR BE.9 OR BE.10 OR BF.1 OR BF.1.1 OR BF.2 OR BF.3 OR BF.3.1 OR BF.4 OR BF.5 OR BF.5.1 OR BF.5.2 OR BF.6 OR BF.7 OR BF.7.1 OR BF.7.2 OR BF.7.3 OR BF.7.4 OR BF.7.4.1 OR BF.7.4.2 OR BF.7.5 OR BF.7.5.1 OR BF.7.6 OR BF.7.7 OR BF.7.8 OR BF.7.9 OR BF.7.10 OR BF.7.11 OR BF.7.12 OR BF.7.13 OR BF.7.13.1 OR BF.7.13.2 OR BF.7.14 OR BF.7.15 OR BF.8 OR BF.9 OR BF.10 OR BF.10.1 OR BF.11 OR BF.11.1 OR BF.11.2 OR BF.11.3 OR BF.11.4 OR BF.11.5 OR BF.12 OR BF.13 OR BF.14 OR BF.15 OR BF.16 OR BF.17 OR BF.18 OR BF.19 OR BF.20 OR BF.21 OR BF.22 OR BF.23 OR BF.24 OR BF.25 OR BF.26 OR BF.27 OR BF.28 OR BF.29 OR BF.30 OR BF.31 OR BF.31.1 OR BF.32 OR BF.33 OR BF.34 OR BG.1 OR BG.2 OR BG.3 OR BG.4 OR BG.5 OR BG.6 OR BG.7 OR BH.1 OR BJ.1 OR BK.1 OR BL.1 OR BL.1.1 OR BL.1.2 OR BL.1.3 OR BL.1.4 OR BL.2 OR BL.2.1 OR BL.3 OR BL.4 OR BL.5 OR BL.6 OR BM.1 OR BM.1.1 OR BM.1.1.1 OR BM.1.1.2 OR BM.1.1.3 OR BM.1.1.4 OR BM.1.1.5 OR BM.2 OR BM.2.1 OR BM.2.2 OR BM.2.3 OR BM.3 OR BM.4 OR BM.4.1 OR BM.4.1.1 OR BM.5 OR BM.6 OR BN.1 OR BN.1.1 OR BN.1.1.1 OR BN.1.2 OR BN.1.2.1 OR BN.1.3 OR BN.1.3.1 OR BN.1.3.2 OR BN.1.3.3 OR BN.1.3.4 OR BN.1.4 OR BN.1.4.1 OR BN.1.5 OR BN.1.5.1 OR BN.1.6 OR BN.1.7 OR BN.1.8 OR BN.1.9 OR BN.2 OR BN.2.1 OR BN.3 OR BN.3.1 OR BN.4 OR BN.5 OR BN.6 OR BP.1 OR BQ.1 OR BQ.1.1 OR BQ.1.1.1 OR BQ.1.1.2 OR BQ.1.1.3 OR BQ.1.1.4 OR BQ.1.1.5 OR BQ.1.1.6 OR BQ.1.1.7 OR BQ.1.1.8 OR BQ.1.1.9 OR BQ.1.1.10 OR BQ.1.1.11 OR BQ.1.1.12 OR BQ.1.1.13 OR BQ.1.1.14 OR BQ.1.1.15 OR BQ.1.1.16 OR BQ.1.1.17 OR BQ.1.1.18 OR BQ.1.1.19 OR BQ.1.1.20 OR BQ.1.1.21 OR BQ.1.1.22 OR BQ.1.1.23 OR BQ.1.1.24 OR BQ.1.1.25 OR BQ.1.1.26 OR BQ.1.1.27 OR BQ.1.1.28 OR BQ.1.1.29 OR BQ.1.1.30 OR BQ.1.1.31 OR BQ.1.1.32 OR BQ.1.1.34 OR BQ.1.1.35 OR BQ.1.1.36 OR BQ.1.2 OR BQ.1.3 OR BQ.1.4 OR BQ.1.5 OR BQ.1.6 OR BQ.1.7 OR BQ.1.8 OR BQ.1.8.1 OR BQ.1.8.2 OR BQ.1.9 OR BQ.1.10 OR BQ.1.10.1 OR BQ.1.11 OR BQ.1.12 OR BQ.1.13 OR BQ.1.13.1 OR BQ.1.14 OR BQ.1.15 OR BQ.1.16 OR BQ.1.17 OR BQ.1.18 OR BQ.1.19 OR BQ.1.20 OR BQ.1.21 OR BQ.1.22 OR BQ.1.23 OR BQ.1.24 OR BQ.1.25 OR BQ.1.25.1 OR BQ.1.26 OR BQ.1.26.1 OR BQ.1.27 OR BQ.1.28 OR BQ.2 OR BR.1 OR BR.1.1 OR BR.1.2 OR BR.2 OR BR.2.1 OR BR.3 OR BR.4 OR BS.1 OR BS.1.1 OR BS.1.2 OR BT.1 OR BT.2 OR BU.1 OR BU.2 OR BU.3 OR BV.1 OR BV.2 OR BW.1 OR BW.1.1 OR BY.1 OR BY.1.1 OR BY.1.1.1 OR BY.1.2 OR BY.1.2.1 OR BZ.1 OR CA.1 OR CA.2 OR CA.3 OR CA.3.1 OR CA.4 OR CA.5 OR CA.6 OR CA.7 OR CB.1 OR CC.1 OR CD.1 OR CD.2 OR CE.1 OR CF.1 OR CG.1 OR CH.1 OR CH.1.1 OR CH.1.1.1 OR CH.1.1.2 OR CH.1.1.3 OR CH.1.1.4 OR CH.1.1.5 OR CH.2 OR CH.3 OR CH.3.1 OR CJ.1 OR CJ.1.1 OR CK.1 OR CK.1.1 OR CK.1.2 OR CK.2 OR CK.2.1 OR CK.2.1.1 OR CK.3 OR CL.1 OR CM.1 OR CM.2 OR CM.2.1 OR CM.3 OR CM.4 OR CM.4.1 OR CM.5 OR CM.5.1 OR CM.5.2 OR CM.6 OR CM.6.1 OR CM.7 OR CM.8 OR CM.8.1 OR CM.9 OR CM.10 OR CM.11 OR CM.12 OR CN.1 OR CN.2 OR CP.1 OR CP.1.1 OR CP.1.2 OR CP.1.3 OR CP.2 OR CP.3 OR CP.4 OR CP.5 OR CP.6 OR CQ.1 OR CQ.1.1 OR CQ.2 OR CR.1 OR CR.1.1 OR CR.1.2 OR CR.1.3 OR CR.2 OR CS.1 OR CT.1 OR CU.1 OR CV.1 OR CV.2 OR CW.1 OR CY.1 OR CZ.1 OR DA.1 OR DB.1 OR DB.2 OR DC.1 OR DD.1 OR DE.1 OR DE.2 OR DF.1 OR DF.1.1 OR DG.1 OR DH.1 OR DJ.1 OR DJ.1.1 OR DJ.1.2 OR DJ.1.3 OR DK.1 OR DL.1 OR DM.1 OR DN.1 OR DN.1.1 OR DP.1 OR DQ.1 OR DR.1 OR DS.1 OR DT.1 OR DU.1 OR DV.1,Omicron,3.78571428571429,2.57142857142857,0.679245283018868
2022-01-09,9,9,5.71428571428571,4.85714285714286,0.85,0.441943226390752,0.981379872880558,B.1.1.529 OR BA.1 OR BA.1.1 OR BA.1.1.1 OR BA.1.1.2 OR BA.1.1.3 OR BA.1.1.4 OR BA.1.1.5 OR BA.1.1.6 OR BA.1.1.7 OR BA.1.1.8 OR BA.1.1.9 OR BA.1.1.10 OR BA.1.1.11 OR BA.1.1.12 OR BA.1.1.13 OR BA.1.1.14 OR BA.1.1.15 OR BA.1.1.16 OR BA.1.1.17 OR BA.1.1.18 OR BA.1.2 OR BA.1.3 OR BA.1.4 OR BA.1.5 OR BA.1.6 OR BA.1.7 OR BA.1.8 OR BA.1.9 OR BA.1.10 OR BA.1.12 OR BA.1.13 OR BA.1.13.1 OR BA.1.14 OR BA.1.14.1 OR BA.1.14.2 OR BA.1.15 OR BA.1.15.1 OR BA.1.15.2 OR BA.1.15.3 OR BA.1.16 OR BA.1.16.1 OR BA.1.16.2 OR BA.1.17 OR BA.1.17.1 OR BA.1.17.2 OR BA.1.18 OR BA.1.19 OR BA.1.20 OR BA.1.21 OR BA.1.21.1 OR BA.1.22 OR BA.1.23 OR BA.1.24 OR BA.2 OR BA.2.1 OR BA.2.2 OR BA.2.2.1 OR BA.2.3 OR BA.2.3.1 OR BA.2.3.2 OR BA.2.3.4 OR BA.2.3.5 OR BA.2.3.6 OR BA.2.3.7 OR BA.2.3.8 OR BA.2.3.9 OR BA.2.3.10 OR BA.2.3.11 OR BA.2.3.12 OR BA.2.3.13 OR BA.2.3.14 OR BA.2.3.15 OR BA.2.3.16 OR BA.2.3.17 OR BA.2.3.18 OR BA.2.3.19 OR BA.2.3.20 OR BA.2.3.21 OR BA.2.3.22 OR BA.2.4 OR BA.2.5 OR BA.2.6 OR BA.2.7 OR BA.2.8 OR BA.2.9 OR BA.2.9.1 OR BA.2.9.2 OR BA.2.9.3 OR BA.2.9.4 OR BA.2.9.5 OR BA.2.9.6 OR BA.2.9.7 OR BA.2.10 OR BA.2.10.1 OR BA.2.10.2 OR BA.2.10.3 OR BA.2.10.4 OR BA.2.11 OR BA.2.12 OR BA.2.12.1 OR BA.2.12.2 OR BA.2.13 OR BA.2.13.1 OR BA.2.14 OR BA.2.15 OR BA.2.16 OR BA.2.17 OR BA.2.18 OR BA.2.19 OR BA.2.20 OR BA.2.21 OR BA.2.22 OR BA.2.23 OR BA.2.23.1 OR BA.2.24 OR BA.2.25 OR BA.2.25.1 OR BA.2.26 OR BA.2.27 OR BA.2.28 OR BA.2.29 OR BA.2.30 OR BA.2.31 OR BA.2.31.1 OR BA.2.32 OR BA.2.33 OR BA.2.34 OR BA.2.35 OR BA.2.36 OR BA.2.37 OR BA.2.38 OR BA.2.38.1 OR BA.2.38.2 OR BA.2.38.3 OR BA.2.38.4 OR BA.2.39 OR BA.2.40 OR BA.2.40.1 OR BA.2.41 OR BA.2.42 OR BA.2.43 OR BA.2.44 OR BA.2.45 OR BA.2.46 OR BA.2.47 OR BA.2.48 OR BA.2.49 OR BA.2.50 OR BA.2.51 OR BA.2.52 OR BA.2.53 OR BA.2.54 OR BA.2.55 OR BA.2.56 OR BA.2.56.1 OR BA.2.57 OR BA.2.58 OR BA.2.59 OR BA.2.60 OR BA.2.61 OR BA.2.62 OR BA.2.63 OR BA.2.64 OR BA.2.65 OR BA.2.66 OR BA.2.67 OR BA.2.68 OR BA.2.69 OR BA.2.70 OR BA.2.71 OR BA.2.72 OR BA.2.73 OR BA.2.74 OR BA.2.75 OR BA.2.75.1 OR BA.2.75.2 OR BA.2.75.3 OR BA.2.75.4 OR BA.2.75.5 OR BA.2.75.6 OR BA.2.75.7 OR BA.2.75.8 OR BA.2.75.9 OR BA.2.75.10 OR BA.2.76 OR BA.2.76.1 OR BA.2.76.2 OR BA.2.77 OR BA.2.78 OR BA.2.79 OR BA.2.79.1 OR BA.2.80 OR BA.2.81 OR BA.2.82 OR BA.2.83 OR BA.2.85 OR BA.3 OR BA.3.1 OR BA.4 OR BA.4.1 OR BA.4.1.1 OR BA.4.1.2 OR BA.4.1.3 OR BA.4.1.4 OR BA.4.1.5 OR BA.4.1.6 OR BA.4.1.7 OR BA.4.1.8 OR BA.4.1.9 OR BA.4.1.10 OR BA.4.2 OR BA.4.3 OR BA.4.4 OR BA.4.5 OR BA.4.6 OR BA.4.6.1 OR BA.4.6.2 OR BA.4.6.3 OR BA.4.6.4 OR BA.4.6.5 OR BA.4.7 OR BA.4.8 OR BA.5 OR BA.5.1 OR BA.5.1.1 OR BA.5.1.2 OR BA.5.1.3 OR BA.5.1.4 OR BA.5.1.5 OR BA.5.1.6 OR BA.5.1.7 OR BA.5.1.8 OR BA.5.1.9 OR BA.5.1.10 OR BA.5.1.11 OR BA.5.1.12 OR BA.5.1.14 OR BA.5.1.15 OR BA.5.1.16 OR BA.5.1.17 OR BA.5.1.18 OR BA.5.1.19 OR BA.5.1.20 OR BA.5.1.21 OR BA.5.1.22 OR BA.5.1.23 OR BA.5.1.24 OR BA.5.1.25 OR BA.5.1.26 OR BA.5.1.27 OR BA.5.1.28 OR BA.5.1.29 OR BA.5.1.30 OR BA.5.1.31 OR BA.5.1.32 OR BA.5.2 OR BA.5.2.1 OR BA.5.2.2 OR BA.5.2.3 OR BA.5.2.4 OR BA.5.2.5 OR BA.5.2.6 OR BA.5.2.7 OR BA.5.2.8 OR BA.5.2.9 OR BA.5.2.10 OR BA.5.2.11 OR BA.5.2.12 OR BA.5.2.13 OR BA.5.2.14 OR BA.5.2.16 OR BA.5.2.18 OR BA.5.2.19 OR BA.5.2.20 OR BA.5.2.21 OR BA.5.2.22 OR BA.5.2.23 OR BA.5.2.24 OR BA.5.2.25 OR BA.5.2.26 OR BA.5.2.27 OR BA.5.2.28 OR BA.5.2.29 OR BA.5.2.30 OR BA.5.2.31 OR BA.5.2.32 OR BA.5.2.33 OR BA.5.2.34 OR BA.5.2.35 OR BA.5.2.36 OR BA.5.2.37 OR BA.5.2.38 OR BA.5.2.39 OR BA.5.2.40 OR BA.5.2.41 OR BA.5.2.42 OR BA.5.2.43 OR BA.5.2.44 OR BA.5.2.45 OR BA.5.2.46 OR BA.5.2.47 OR BA.5.2.48 OR BA.5.2.49 OR BA.5.3 OR BA.5.3.1 OR BA.5.3.2 OR BA.5.3.3 OR BA.5.3.4 OR BA.5.3.5 OR BA.5.5 OR BA.5.5.1 OR BA.5.5.2 OR BA.5.5.3 OR BA.5.6 OR BA.5.6.1 OR BA.5.6.2 OR BA.5.6.3 OR BA.5.6.4 OR BA.5.7 OR BA.5.8 OR BA.5.9 OR BA.5.10 OR BA.5.10.1 OR BA.5.11 OR BC.1 OR BC.2 OR BD.1 OR BE.1 OR BE.1.1 OR BE.1.1.1 OR BE.1.1.2 OR BE.1.2 OR BE.1.2.1 OR BE.1.3 OR BE.1.4 OR BE.1.4.1 OR BE.1.4.2 OR BE.1.4.3 OR BE.1.4.4 OR BE.2 OR BE.3 OR BE.4 OR BE.4.1 OR BE.4.1.1 OR BE.4.2 OR BE.5 OR BE.6 OR BE.7 OR BE.8 OR BE.9 OR BE.10 OR BF.1 OR BF.1.1 OR BF.2 OR BF.3 OR BF.3.1 OR BF.4 OR BF.5 OR BF.5.1 OR BF.5.2 OR BF.6 OR BF.7 OR BF.7.1 OR BF.7.2 OR BF.7.3 OR BF.7.4 OR BF.7.4.1 OR BF.7.4.2 OR BF.7.5 OR BF.7.5.1 OR BF.7.6 OR BF.7.7 OR BF.7.8 OR BF.7.9 OR BF.7.10 OR BF.7.11 OR BF.7.12 OR BF.7.13 OR BF.7.13.1 OR BF.7.13.2 OR BF.7.14 OR BF.7.15 OR BF.8 OR BF.9 OR BF.10 OR BF.10.1 OR BF.11 OR BF.11.1 OR BF.11.2 OR BF.11.3 OR BF.11.4 OR BF.11.5 OR BF.12 OR BF.13 OR BF.14 OR BF.15 OR BF.16 OR BF.17 OR BF.18 OR BF.19 OR BF.20 OR BF.21 OR BF.22 OR BF.23 OR BF.24 OR BF.25 OR BF.26 OR BF.27 OR BF.28 OR BF.29 OR BF.30 OR BF.31 OR BF.31.1 OR BF.32 OR BF.33 OR BF.34 OR BG.1 OR BG.2 OR BG.3 OR BG.4 OR BG.5 OR BG.6 OR BG.7 OR BH.1 OR BJ.1 OR BK.1 OR BL.1 OR BL.1.1 OR BL.1.2 OR BL.1.3 OR BL.1.4 OR BL.2 OR BL.2.1 OR BL.3 OR BL.4 OR BL.5 OR BL.6 OR BM.1 OR BM.1.1 OR BM.1.1.1 OR BM.1.1.2 OR BM.1.1.3 OR BM.1.1.4 OR BM.1.1.5 OR BM.2 OR BM.2.1 OR BM.2.2 OR BM.2.3 OR BM.3 OR BM.4 OR BM.4.1 OR BM.4.1.1 OR BM.5 OR BM.6 OR BN.1 OR BN.1.1 OR BN.1.1.1 OR BN.1.2 OR BN.1.2.1 OR BN.1.3 OR BN.1.3.1 OR BN.1.3.2 OR BN.1.3.3 OR BN.1.3.4 OR BN.1.4 OR BN.1.4.1 OR BN.1.5 OR BN.1.5.1 OR BN.1.6 OR BN.1.7 OR BN.1.8 OR BN.1.9 OR BN.2 OR BN.2.1 OR BN.3 OR BN.3.1 OR BN.4 OR BN.5 OR BN.6 OR BP.1 OR BQ.1 OR BQ.1.1 OR BQ.1.1.1 OR BQ.1.1.2 OR BQ.1.1.3 OR BQ.1.1.4 OR BQ.1.1.5 OR BQ.1.1.6 OR BQ.1.1.7 OR BQ.1.1.8 OR BQ.1.1.9 OR BQ.1.1.10 OR BQ.1.1.11 OR BQ.1.1.12 OR BQ.1.1.13 OR BQ.1.1.14 OR BQ.1.1.15 OR BQ.1.1.16 OR BQ.1.1.17 OR BQ.1.1.18 OR BQ.1.1.19 OR BQ.1.1.20 OR BQ.1.1.21 OR BQ.1.1.22 OR BQ.1.1.23 OR BQ.1.1.24 OR BQ.1.1.25 OR BQ.1.1.26 OR BQ.1.1.27 OR BQ.1.1.28 OR BQ.1.1.29 OR BQ.1.1.30 OR BQ.1.1.31 OR BQ.1.1.32 OR BQ.1.1.34 OR BQ.1.1.35 OR BQ.1.1.36 OR BQ.1.2 OR BQ.1.3 OR BQ.1.4 OR BQ.1.5 OR BQ.1.6 OR BQ.1.7 OR BQ.1.8 OR BQ.1.8.1 OR BQ.1.8.2 OR BQ.1.9 OR BQ.1.10 OR BQ.1.10.1 OR BQ.1.11 OR BQ.1.12 OR BQ.1.13 OR BQ.1.13.1 OR BQ.1.14 OR BQ.1.15 OR BQ.1.16 OR BQ.1.17 OR BQ.1.18 OR BQ.1.19 OR BQ.1.20 OR BQ.1.21 OR BQ.1.22 OR BQ.1.23 OR BQ.1.24 OR BQ.1.25 OR BQ.1.25.1 OR BQ.1.26 OR BQ.1.26.1 OR BQ.1.27 OR BQ.1.28 OR BQ.2 OR BR.1 OR BR.1.1 OR BR.1.2 OR BR.2 OR BR.2.1 OR BR.3 OR BR.4 OR BS.1 OR BS.1.1 OR BS.1.2 OR BT.1 OR BT.2 OR BU.1 OR BU.2 OR BU.3 OR BV.1 OR BV.2 OR BW.1 OR BW.1.1 OR BY.1 OR BY.1.1 OR BY.1.1.1 OR BY.1.2 OR BY.1.2.1 OR BZ.1 OR CA.1 OR CA.2 OR CA.3 OR CA.3.1 OR CA.4 OR CA.5 OR CA.6 OR CA.7 OR CB.1 OR CC.1 OR CD.1 OR CD.2 OR CE.1 OR CF.1 OR CG.1 OR CH.1 OR CH.1.1 OR CH.1.1.1 OR CH.1.1.2 OR CH.1.1.3 OR CH.1.1.4 OR CH.1.1.5 OR CH.2 OR CH.3 OR CH.3.1 OR CJ.1 OR CJ.1.1 OR CK.1 OR CK.1.1 OR CK.1.2 OR CK.2 OR CK.2.1 OR CK.2.1.1 OR CK.3 OR CL.1 OR CM.1 OR CM.2 OR CM.2.1 OR CM.3 OR CM.4 OR CM.4.1 OR CM.5 OR CM.5.1 OR CM.5.2 OR CM.6 OR CM.6.1 OR CM.7 OR CM.8 OR CM.8.1 OR CM.9 OR CM.10 OR CM.11 OR CM.12 OR CN.1 OR CN.2 OR CP.1 OR CP.1.1 OR CP.1.2 OR CP.1.3 OR CP.2 OR CP.3 OR CP.4 OR CP.5 OR CP.6 OR CQ.1 OR CQ.1.1 OR CQ.2 OR CR.1 OR CR.1.1 OR CR.1.2 OR CR.1.3 OR CR.2 OR CS.1 OR CT.1 OR CU.1 OR CV.1 OR CV.2 OR CW.1 OR CY.1 OR CZ.1 OR DA.1 OR DB.1 OR DB.2 OR DC.1 OR DD.1 OR DE.1 OR DE.2 OR DF.1 OR DF.1.1 OR DG.1 OR DH.1 OR DJ.1 OR DJ.1.1 OR DJ.1.2 OR DJ.1.3 OR DK.1 OR DL.1 OR DM.1 OR DN.1 OR DN.1.1 OR DP.1 OR DQ.1 OR DR.1 OR DS.1 OR DT.1 OR DU.1 OR DV.1,Omicron,4.28571428571429,3.07142857142857,0.716666666666667
2022-01-10,5,5,5.71428571428571,5.14285714285714,0.9,0.441943226390752,0.981379872880558,B.1.1.529 OR BA.1 OR BA.1.1 OR BA.1.1.1 OR BA.1.1.2 OR BA.1.1.3 OR BA.1.1.4 OR BA.1.1.5 OR BA.1.1.6 OR BA.1.1.7 OR BA.1.1.8 OR BA.1.1.9 OR BA.1.1.10 OR BA.1.1.11 OR BA.1.1.12 OR BA.1.1.13 OR BA.1.1.14 OR BA.1.1.15 OR BA.1.1.16 OR BA.1.1.17 OR BA.1.1.18 OR BA.1.2 OR BA.1.3 OR BA.1.4 OR BA.1.5 OR BA.1.6 OR BA.1.7 OR BA.1.8 OR BA.1.9 OR BA.1.10 OR BA.1.12 OR BA.1.13 OR BA.1.13.1 OR BA.1.14 OR BA.1.14.1 OR BA.1.14.2 OR BA.1.15 OR BA.1.15.1 OR BA.1.15.2 OR BA.1.15.3 OR BA.1.16 OR BA.1.16.1 OR BA.1.16.2 OR BA.1.17 OR BA.1.17.1 OR BA.1.17.2 OR BA.1.18 OR BA.1.19 OR BA.1.20 OR BA.1.21 OR BA.1.21.1 OR BA.1.22 OR BA.1.23 OR BA.1.24 OR BA.2 OR BA.2.1 OR BA.2.2 OR BA.2.2.1 OR BA.2.3 OR BA.2.3.1 OR BA.2.3.2 OR BA.2.3.4 OR BA.2.3.5 OR BA.2.3.6 OR BA.2.3.7 OR BA.2.3.8 OR BA.2.3.9 OR BA.2.3.10 OR BA.2.3.11 OR BA.2.3.12 OR BA.2.3.13 OR BA.2.3.14 OR BA.2.3.15 OR BA.2.3.16 OR BA.2.3.17 OR BA.2.3.18 OR BA.2.3.19 OR BA.2.3.20 OR BA.2.3.21 OR BA.2.3.22 OR BA.2.4 OR BA.2.5 OR BA.2.6 OR BA.2.7 OR BA.2.8 OR BA.2.9 OR BA.2.9.1 OR BA.2.9.2 OR BA.2.9.3 OR BA.2.9.4 OR BA.2.9.5 OR BA.2.9.6 OR BA.2.9.7 OR BA.2.10 OR BA.2.10.1 OR BA.2.10.2 OR BA.2.10.3 OR BA.2.10.4 OR BA.2.11 OR BA.2.12 OR BA.2.12.1 OR BA.2.12.2 OR BA.2.13 OR BA.2.13.1 OR BA.2.14 OR BA.2.15 OR BA.2.16 OR BA.2.17 OR BA.2.18 OR BA.2.19 OR BA.2.20 OR BA.2.21 OR BA.2.22 OR BA.2.23 OR BA.2.23.1 OR BA.2.24 OR BA.2.25 OR BA.2.25.1 OR BA.2.26 OR BA.2.27 OR BA.2.28 OR BA.2.29 OR BA.2.30 OR BA.2.31 OR BA.2.31.1 OR BA.2.32 OR BA.2.33 OR BA.2.34 OR BA.2.35 OR BA.2.36 OR BA.2.37 OR BA.2.38 OR BA.2.38.1 OR BA.2.38.2 OR BA.2.38.3 OR BA.2.38.4 OR BA.2.39 OR BA.2.40 OR BA.2.40.1 OR BA.2.41 OR BA.2.42 OR BA.2.43 OR BA.2.44 OR BA.2.45 OR BA.2.46 OR BA.2.47 OR BA.2.48 OR BA.2.49 OR BA.2.50 OR BA.2.51 OR BA.2.52 OR BA.2.53 OR BA.2.54 OR BA.2.55 OR BA.2.56 OR BA.2.56.1 OR BA.2.57 OR BA.2.58 OR BA.2.59 OR BA.2.60 OR BA.2.61 OR BA.2.62 OR BA.2.63 OR BA.2.64 OR BA.2.65 OR BA.2.66 OR BA.2.67 OR BA.2.68 OR BA.2.69 OR BA.2.70 OR BA.2.71 OR BA.2.72 OR BA.2.73 OR BA.2.74 OR BA.2.75 OR BA.2.75.1 OR BA.2.75.2 OR BA.2.75.3 OR BA.2.75.4 OR BA.2.75.5 OR BA.2.75.6 OR BA.2.75.7 OR BA.2.75.8 OR BA.2.75.9 OR BA.2.75.10 OR BA.2.76 OR BA.2.76.1 OR BA.2.76.2 OR BA.2.77 OR BA.2.78 OR BA.2.79 OR BA.2.79.1 OR BA.2.80 OR BA.2.81 OR BA.2.82 OR BA.2.83 OR BA.2.85 OR BA.3 OR BA.3.1 OR BA.4 OR BA.4.1 OR BA.4.1.1 OR BA.4.1.2 OR BA.4.1.3 OR BA.4.1.4 OR BA.4.1.5 OR BA.4.1.6 OR BA.4.1.7 OR BA.4.1.8 OR BA.4.1.9 OR BA.4.1.10 OR BA.4.2 OR BA.4.3 OR BA.4.4 OR BA.4.5 OR BA.4.6 OR BA.4.6.1 OR BA.4.6.2 OR BA.4.6.3 OR BA.4.6.4 OR BA.4.6.5 OR BA.4.7 OR BA.4.8 OR BA.5 OR BA.5.1 OR BA.5.1.1 OR BA.5.1.2 OR BA.5.1.3 OR BA.5.1.4 OR BA.5.1.5 OR BA.5.1.6 OR BA.5.1.7 OR BA.5.1.8 OR BA.5.1.9 OR BA.5.1.10 OR BA.5.1.11 OR BA.5.1.12 OR BA.5.1.14 OR BA.5.1.15 OR BA.5.1.16 OR BA.5.1.17 OR BA.5.1.18 OR BA.5.1.19 OR BA.5.1.20 OR BA.5.1.21 OR BA.5.1.22 OR BA.5.1.23 OR BA.5.1.24 OR BA.5.1.25 OR BA.5.1.26 OR BA.5.1.27 OR BA.5.1.28 OR BA.5.1.29 OR BA.5.1.30 OR BA.5.1.31 OR BA.5.1.32 OR BA.5.2 OR BA.5.2.1 OR BA.5.2.2 OR BA.5.2.3 OR BA.5.2.4 OR BA.5.2.5 OR BA.5.2.6 OR BA.5.2.7 OR BA.5.2.8 OR BA.5.2.9 OR BA.5.2.10 OR BA.5.2.11 OR BA.5.2.12 OR BA.5.2.13 OR BA.5.2.14 OR BA.5.2.16 OR BA.5.2.18 OR BA.5.2.19 OR BA.5.2.20 OR BA.5.2.21 OR BA.5.2.22 OR BA.5.2.23 OR BA.5.2.24 OR BA.5.2.25 OR BA.5.2.26 OR BA.5.2.27 OR BA.5.2.28 OR BA.5.2.29 OR BA.5.2.30 OR BA.5.2.31 OR BA.5.2.32 OR BA.5.2.33 OR BA.5.2.34 OR BA.5.2.35 OR BA.5.2.36 OR BA.5.2.37 OR BA.5.2.38 OR BA.5.2.39 OR BA.5.2.40 OR BA.5.2.41 OR BA.5.2.42 OR BA.5.2.43 OR BA.5.2.44 OR BA.5.2.45 OR BA.5.2.46 OR BA.5.2.47 OR BA.5.2.48 OR BA.5.2.49 OR BA.5.3 OR BA.5.3.1 OR BA.5.3.2 OR BA.5.3.3 OR BA.5.3.4 OR BA.5.3.5 OR BA.5.5 OR BA.5.5.1 OR BA.5.5.2 OR BA.5.5.3 OR BA.5.6 OR BA.5.6.1 OR BA.5.6.2 OR BA.5.6.3 OR BA.5.6.4 OR BA.5.7 OR BA.5.8 OR BA.5.9 OR BA.5.10 OR BA.5.10.1 OR BA.5.11 OR BC.1 OR BC.2 OR BD.1 OR BE.1 OR BE.1.1 OR BE.1.1.1 OR BE.1.1.2 OR BE.1.2 OR BE.1.2.1 OR BE.1.3 OR BE.1.4 OR BE.1.4.1 OR BE.1.4.2 OR BE.1.4.3 OR BE.1.4.4 OR BE.2 OR BE.3 OR BE.4 OR BE.4.1 OR BE.4.1.1 OR BE.4.2 OR BE.5 OR BE.6 OR BE.7 OR BE.8 OR BE.9 OR BE.10 OR BF.1 OR BF.1.1 OR BF.2 OR BF.3 OR BF.3.1 OR BF.4 OR BF.5 OR BF.5.1 OR BF.5.2 OR BF.6 OR BF.7 OR BF.7.1 OR BF.7.2 OR BF.7.3 OR BF.7.4 OR BF.7.4.1 OR BF.7.4.2 OR BF.7.5 OR BF.7.5.1 OR BF.7.6 OR BF.7.7 OR BF.7.8 OR BF.7.9 OR BF.7.10 OR BF.7.11 OR BF.7.12 OR BF.7.13 OR BF.7.13.1 OR BF.7.13.2 OR BF.7.14 OR BF.7.15 OR BF.8 OR BF.9 OR BF.10 OR BF.10.1 OR BF.11 OR BF.11.1 OR BF.11.2 OR BF.11.3 OR BF.11.4 OR BF.11.5 OR BF.12 OR BF.13 OR BF.14 OR BF.15 OR BF.16 OR BF.17 OR BF.18 OR BF.19 OR BF.20 OR BF.21 OR BF.22 OR BF.23 OR BF.24 OR BF.25 OR BF.26 OR BF.27 OR BF.28 OR BF.29 OR BF.30 OR BF.31 OR BF.31.1 OR BF.32 OR BF.33 OR BF.34 OR BG.1 OR BG.2 OR BG.3 OR BG.4 OR BG.5 OR BG.6 OR BG.7 OR BH.1 OR BJ.1 OR BK.1 OR BL.1 OR BL.1.1 OR BL.1.2 OR BL.1.3 OR BL.1.4 OR BL.2 OR BL.2.1 OR BL.3 OR BL.4 OR BL.5 OR BL.6 OR BM.1 OR BM.1.1 OR BM.1.1.1 OR BM.1.1.2 OR BM.1.1.3 OR BM.1.1.4 OR BM.1.1.5 OR BM.2 OR BM.2.1 OR BM.2.2 OR BM.2.3 OR BM.3 OR BM.4 OR BM.4.1 OR BM.4.1.1 OR BM.5 OR BM.6 OR BN.1 OR BN.1.1 OR BN.1.1.1 OR BN.1.2 OR BN.1.2.1 OR BN.1.3 OR BN.1.3.1 OR BN.1.3.2 OR BN.1.3.3 OR BN.1.3.4 OR BN.1.4 OR BN.1.4.1 OR BN.1.5 OR BN.1.5.1 OR BN.1.6 OR BN.1.7 OR BN.1.8 OR BN.1.9 OR BN.2 OR BN.2.1 OR BN.3 OR BN.3.1 OR BN.4 OR BN.5 OR BN.6 OR BP.1 OR BQ.1 OR BQ.1.1 OR BQ.1.1.1 OR BQ.1.1.2 OR BQ.1.1.3 OR BQ.1.1.4 OR BQ.1.1.5 OR BQ.1.1.6 OR BQ.1.1.7 OR BQ.1.1.8 OR BQ.1.1.9 OR BQ.1.1.10 OR BQ.1.1.11 OR BQ.1.1.12 OR BQ.1.1.13 OR BQ.1.1.14 OR BQ.1.1.15 OR BQ.1.1.16 OR BQ.1.1.17 OR BQ.1.1.18 OR BQ.1.1.19 OR BQ.1.1.20 OR BQ.1.1.21 OR BQ.1.1.22 OR BQ.1.1.23 OR BQ.1.1.24 OR BQ.1.1.25 OR BQ.1.1.26 OR BQ.1.1.27 OR BQ.1.1.28 OR BQ.1.1.29 OR BQ.1.1.30 OR BQ.1.1.31 OR BQ.1.1.32 OR BQ.1.1.34 OR BQ.1.1.35 OR BQ.1.1.36 OR BQ.1.2 OR BQ.1.3 OR BQ.1.4 OR BQ.1.5 OR BQ.1.6 OR BQ.1.7 OR BQ.1.8 OR BQ.1.8.1 OR BQ.1.8.2 OR BQ.1.9 OR BQ.1.10 OR BQ.1.10.1 OR BQ.1.11 OR BQ.1.12 OR BQ.1.13 OR BQ.1.13.1 OR BQ.1.14 OR BQ.1.15 OR BQ.1.16 OR BQ.1.17 OR BQ.1.18 OR BQ.1.19 OR BQ.1.20 OR BQ.1.21 OR BQ.1.22 OR BQ.1.23 OR BQ.1.24 OR BQ.1.25 OR BQ.1.25.1 OR BQ.1.26 OR BQ.1.26.1 OR BQ.1.27 OR BQ.1.28 OR BQ.2 OR BR.1 OR BR.1.1 OR BR.1.2 OR BR.2 OR BR.2.1 OR BR.3 OR BR.4 OR BS.1 OR BS.1.1 OR BS.1.2 OR BT.1 OR BT.2 OR BU.1 OR BU.2 OR BU.3 OR BV.1 OR BV.2 OR BW.1 OR BW.1.1 OR BY.1 OR BY.1.1 OR BY.1.1.1 OR BY.1.2 OR BY.1.2.1 OR BZ.1 OR CA.1 OR CA.2 OR CA.3 OR CA.3.1 OR CA.4 OR CA.5 OR CA.6 OR CA.7 OR CB.1 OR CC.1 OR CD.1 OR CD.2 OR CE.1 OR CF.1 OR CG.1 OR CH.1 OR CH.1.1 OR CH.1.1.1 OR CH.1.1.2 OR CH.1.1.3 OR CH.1.1.4 OR CH.1.1.5 OR CH.2 OR CH.3 OR CH.3.1 OR CJ.1 OR CJ.1.1 OR CK.1 OR CK.1.1 OR CK.1.2 OR CK.2 OR CK.2.1 OR CK.2.1.1 OR CK.3 OR CL.1 OR CM.1 OR CM.2 OR CM.2.1 OR CM.3 OR CM.4 OR CM.4.1 OR CM.5 OR CM.5.1 OR CM.5.2 OR CM.6 OR CM.6.1 OR CM.7 OR CM.8 OR CM.8.1 OR CM.9 OR CM.10 OR CM.11 OR CM.12 OR CN.1 OR CN.2 OR CP.1 OR CP.1.1 OR CP.1.2 OR CP.1.3 OR CP.2 OR CP.3 OR CP.4 OR CP.5 OR CP.6 OR CQ.1 OR CQ.1.1 OR CQ.2 OR CR.1 OR CR.1.1 OR CR.1.2 OR CR.1.3 OR CR.2 OR CS.1 OR CT.1 OR CU.1 OR CV.1 OR CV.2 OR CW.1 OR CY.1 OR CZ.1 OR DA.1 OR DB.1 OR DB.2 OR DC.1 OR DD.1 OR DE.1 OR DE.2 OR DF.1 OR DF.1.1 OR DG.1 OR DH.1 OR DJ.1 OR DJ.1.1 OR DJ.1.2 OR DJ.1.3 OR DK.1 OR DL.1 OR DM.1 OR DN.1 OR DN.1.1 OR DP.1 OR DQ.1 OR DR.1 OR DS.1 OR DT.1 OR DU.1 OR DV.1,Omicron,4.07142857142857,3,0.736842105263158
2022-01-11,7,5,6.28571428571429,5.57142857142857,0.886363636363636,0.66961109084845,0.999921500151634,B.1.1.529 OR BA.1 OR BA.1.1 OR BA.1.1.1 OR BA.1.1.2 OR BA.1.1.3 OR BA.1.1.4 OR BA.1.1.5 OR BA.1.1.6 OR BA.1.1.7 OR BA.1.1.8 OR BA.1.1.9 OR BA.1.1.10 OR BA.1.1.11 OR BA.1.1.12 OR BA.1.1.13 OR BA.1.1.14 OR BA.1.1.15 OR BA.1.1.16 OR BA.1.1.17 OR BA.1.1.18 OR BA.1.2 OR BA.1.3 OR BA.1.4 OR BA.1.5 OR BA.1.6 OR BA.1.7 OR BA.1.8 OR BA.1.9 OR BA.1.10 OR BA.1.12 OR BA.1.13 OR BA.1.13.1 OR BA.1.14 OR BA.1.14.1 OR BA.1.14.2 OR BA.1.15 OR BA.1.15.1 OR BA.1.15.2 OR BA.1.15.3 OR BA.1.16 OR BA.1.16.1 OR BA.1.16.2 OR BA.1.17 OR BA.1.17.1 OR BA.1.17.2 OR BA.1.18 OR BA.1.19 OR BA.1.20 OR BA.1.21 OR BA.1.21.1 OR BA.1.22 OR BA.1.23 OR BA.1.24 OR BA.2 OR BA.2.1 OR BA.2.2 OR BA.2.2.1 OR BA.2.3 OR BA.2.3.1 OR BA.2.3.2 OR BA.2.3.4 OR BA.2.3.5 OR BA.2.3.6 OR BA.2.3.7 OR BA.2.3.8 OR BA.2.3.9 OR BA.2.3.10 OR BA.2.3.11 OR BA.2.3.12 OR BA.2.3.13 OR BA.2.3.14 OR BA.2.3.15 OR BA.2.3.16 OR BA.2.3.17 OR BA.2.3.18 OR BA.2.3.19 OR BA.2.3.20 OR BA.2.3.21 OR BA.2.3.22 OR BA.2.4 OR BA.2.5 OR BA.2.6 OR BA.2.7 OR BA.2.8 OR BA.2.9 OR BA.2.9.1 OR BA.2.9.2 OR BA.2.9.3 OR BA.2.9.4 OR BA.2.9.5 OR BA.2.9.6 OR BA.2.9.7 OR BA.2.10 OR BA.2.10.1 OR BA.2.10.2 OR BA.2.10.3 OR BA.2.10.4 OR BA.2.11 OR BA.2.12 OR BA.2.12.1 OR BA.2.12.2 OR BA.2.13 OR BA.2.13.1 OR BA.2.14 OR BA.2.15 OR BA.2.16 OR BA.2.17 OR BA.2.18 OR BA.2.19 OR BA.2.20 OR BA.2.21 OR BA.2.22 OR BA.2.23 OR BA.2.23.1 OR BA.2.24 OR BA.2.25 OR BA.2.25.1 OR BA.2.26 OR BA.2.27 OR BA.2.28 OR BA.2.29 OR BA.2.30 OR BA.2.31 OR BA.2.31.1 OR BA.2.32 OR BA.2.33 OR BA.2.34 OR BA.2.35 OR BA.2.36 OR BA.2.37 OR BA.2.38 OR BA.2.38.1 OR BA.2.38.2 OR BA.2.38.3 OR BA.2.38.4 OR BA.2.39 OR BA.2.40 OR BA.2.40.1 OR BA.2.41 OR BA.2.42 OR BA.2.43 OR BA.2.44 OR BA.2.45 OR BA.2.46 OR BA.2.47 OR BA.2.48 OR BA.2.49 OR BA.2.50 OR BA.2.51 OR BA.2.52 OR BA.2.53 OR BA.2.54 OR BA.2.55 OR BA.2.56 OR BA.2.56.1 OR BA.2.57 OR BA.2.58 OR BA.2.59 OR BA.2.60 OR BA.2.61 OR BA.2.62 OR BA.2.63 OR BA.2.64 OR BA.2.65 OR BA.2.66 OR BA.2.67 OR BA.2.68 OR BA.2.69 OR BA.2.70 OR BA.2.71 OR BA.2.72 OR BA.2.73 OR BA.2.74 OR BA.2.75 OR BA.2.75.1 OR BA.2.75.2 OR BA.2.75.3 OR BA.2.75.4 OR BA.2.75.5 OR BA.2.75.6 OR BA.2.75.7 OR BA.2.75.8 OR BA.2.75.9 OR BA.2.75.10 OR BA.2.76 OR BA.2.76.1 OR BA.2.76.2 OR BA.2.77 OR BA.2.78 OR BA.2.79 OR BA.2.79.1 OR BA.2.80 OR BA.2.81 OR BA.2.82 OR BA.2.83 OR BA.2.85 OR BA.3 OR BA.3.1 OR BA.4 OR BA.4.1 OR BA.4.1.1 OR BA.4.1.2 OR BA.4.1.3 OR BA.4.1.4 OR BA.4.1.5 OR BA.4.1.6 OR BA.4.1.7 OR BA.4.1.8 OR BA.4.1.9 OR BA.4.1.10 OR BA.4.2 OR BA.4.3 OR BA.4.4 OR BA.4.5 OR BA.4.6 OR BA.4.6.1 OR BA.4.6.2 OR BA.4.6.3 OR BA.4.6.4 OR BA.4.6.5 OR BA.4.7 OR BA.4.8 OR BA.5 OR BA.5.1 OR BA.5.1.1 OR BA.5.1.2 OR BA.5.1.3 OR BA.5.1.4 OR BA.5.1.5 OR BA.5.1.6 OR BA.5.1.7 OR BA.5.1.8 OR BA.5.1.9 OR BA.5.1.10 OR BA.5.1.11 OR BA.5.1.12 OR BA.5.1.14 OR BA.5.1.15 OR BA.5.1.16 OR BA.5.1.17 OR BA.5.1.18 OR BA.5.1.19 OR BA.5.1.20 OR BA.5.1.21 OR BA.5.1.22 OR BA.5.1.23 OR BA.5.1.24 OR BA.5.1.25 OR BA.5.1.26 OR BA.5.1.27 OR BA.5.1.28 OR BA.5.1.29 OR BA.5.1.30 OR BA.5.1.31 OR BA.5.1.32 OR BA.5.2 OR BA.5.2.1 OR BA.5.2.2 OR BA.5.2.3 OR BA.5.2.4 OR BA.5.2.5 OR BA.5.2.6 OR BA.5.2.7 OR BA.5.2.8 OR BA.5.2.9 OR BA.5.2.10 OR BA.5.2.11 OR BA.5.2.12 OR BA.5.2.13 OR BA.5.2.14 OR BA.5.2.16 OR BA.5.2.18 OR BA.5.2.19 OR BA.5.2.20 OR BA.5.2.21 OR BA.5.2.22 OR BA.5.2.23 OR BA.5.2.24 OR BA.5.2.25 OR BA.5.2.26 OR BA.5.2.27 OR BA.5.2.28 OR BA.5.2.29 OR BA.5.2.30 OR BA.5.2.31 OR BA.5.2.32 OR BA.5.2.33 OR BA.5.2.34 OR BA.5.2.35 OR BA.5.2.36 OR BA.5.2.37 OR BA.5.2.38 OR BA.5.2.39 OR BA.5.2.40 OR BA.5.2.41 OR BA.5.2.42 OR BA.5.2.43 OR BA.5.2.44 OR BA.5.2.45 OR BA.5.2.46 OR BA.5.2.47 OR BA.5.2.48 OR BA.5.2.49 OR BA.5.3 OR BA.5.3.1 OR BA.5.3.2 OR BA.5.3.3 OR BA.5.3.4 OR BA.5.3.5 OR BA.5.5 OR BA.5.5.1 OR BA.5.5.2 OR BA.5.5.3 OR BA.5.6 OR BA.5.6.1 OR BA.5.6.2 OR BA.5.6.3 OR BA.5.6.4 OR BA.5.7 OR BA.5.8 OR BA.5.9 OR BA.5.10 OR BA.5.10.1 OR BA.5.11 OR BC.1 OR BC.2 OR BD.1 OR BE.1 OR BE.1.1 OR BE.1.1.1 OR BE.1.1.2 OR BE.1.2 OR BE.1.2.1 OR BE.1.3 OR BE.1.4 OR BE.1.4.1 OR BE.1.4.2 OR BE.1.4.3 OR BE.1.4.4 OR BE.2 OR BE.3 OR BE.4 OR BE.4.1 OR BE.4.1.1 OR BE.4.2 OR BE.5 OR BE.6 OR BE.7 OR BE.8 OR BE.9 OR BE.10 OR BF.1 OR BF.1.1 OR BF.2 OR BF.3 OR BF.3.1 OR BF.4 OR BF.5 OR BF.5.1 OR BF.5.2 OR BF.6 OR BF.7 OR BF.7.1 OR BF.7.2 OR BF.7.3 OR BF.7.4 OR BF.7.4.1 OR BF.7.4.2 OR BF.7.5 OR BF.7.5.1 OR BF.7.6 OR BF.7.7 OR BF.7.8 OR BF.7.9 OR BF.7.10 OR BF.7.11 OR BF.7.12 OR BF.7.13 OR BF.7.13.1 OR BF.7.13.2 OR BF.7.14 OR BF.7.15 OR BF.8 OR BF.9 OR BF.10 OR BF.10.1 OR BF.11 OR BF.11.1 OR BF.11.2 OR BF.11.3 OR BF.11.4 OR BF.11.5 OR BF.12 OR BF.13 OR BF.14 OR BF.15 OR BF.16 OR BF.17 OR BF.18 OR BF.19 OR BF.20 OR BF.21 OR BF.22 OR BF.23 OR BF.24 OR BF.25 OR BF.26 OR BF.27 OR BF.28 OR BF.29 OR BF.30 OR BF.31 OR BF.31.1 OR BF.32 OR BF.33 OR BF.34 OR BG.1 OR BG.2 OR BG.3 OR BG.4 OR BG.5 OR BG.6 OR BG.7 OR BH.1 OR BJ.1 OR BK.1 OR BL.1 OR BL.1.1 OR BL.1.2 OR BL.1.3 OR BL.1.4 OR BL.2 OR BL.2.1 OR BL.3 OR BL.4 OR BL.5 OR BL.6 OR BM.1 OR BM.1.1 OR BM.1.1.1 OR BM.1.1.2 OR BM.1.1.3 OR BM.1.1.4 OR BM.1.1.5 OR BM.2 OR BM.2.1 OR BM.2.2 OR BM.2.3 OR BM.3 OR BM.4 OR BM.4.1 OR BM.4.1.1 OR BM.5 OR BM.6 OR BN.1 OR BN.1.1 OR BN.1.1.1 OR BN.1.2 OR BN.1.2.1 OR BN.1.3 OR BN.1.3.1 OR BN.1.3.2 OR BN.1.3.3 OR BN.1.3.4 OR BN.1.4 OR BN.1.4.1 OR BN.1.5 OR BN.1.5.1 OR BN.1.6 OR BN.1.7 OR BN.1.8 OR BN.1.9 OR BN.2 OR BN.2.1 OR BN.3 OR BN.3.1 OR BN.4 OR BN.5 OR BN.6 OR BP.1 OR BQ.1 OR BQ.1.1 OR BQ.1.1.1 OR BQ.1.1.2 OR BQ.1.1.3 OR BQ.1.1.4 OR BQ.1.1.5 OR BQ.1.1.6 OR BQ.1.1.7 OR BQ.1.1.8 OR BQ.1.1.9 OR BQ.1.1.10 OR BQ.1.1.11 OR BQ.1.1.12 OR BQ.1.1.13 OR BQ.1.1.14 OR BQ.1.1.15 OR BQ.1.1.16 OR BQ.1.1.17 OR BQ.1.1.18 OR BQ.1.1.19 OR BQ.1.1.20 OR BQ.1.1.21 OR BQ.1.1.22 OR BQ.1.1.23 OR BQ.1.1.24 OR BQ.1.1.25 OR BQ.1.1.26 OR BQ.1.1.27 OR BQ.1.1.28 OR BQ.1.1.29 OR BQ.1.1.30 OR BQ.1.1.31 OR BQ.1.1.32 OR BQ.1.1.34 OR BQ.1.1.35 OR BQ.1.1.36 OR BQ.1.2 OR BQ.1.3 OR BQ.1.4 OR BQ.1.5 OR BQ.1.6 OR BQ.1.7 OR BQ.1.8 OR BQ.1.8.1 OR BQ.1.8.2 OR BQ.1.9 OR BQ.1.10 OR BQ.1.10.1 OR BQ.1.11 OR BQ.1.12 OR BQ.1.13 OR BQ.1.13.1 OR BQ.1.14 OR BQ.1.15 OR BQ.1.16 OR BQ.1.17 OR BQ.1.18 OR BQ.1.19 OR BQ.1.20 OR BQ.1.21 OR BQ.1.22 OR BQ.1.23 OR BQ.1.24 OR BQ.1.25 OR BQ.1.25.1 OR BQ.1.26 OR BQ.1.26.1 OR BQ.1.27 OR BQ.1.28 OR BQ.2 OR BR.1 OR BR.1.1 OR BR.1.2 OR BR.2 OR BR.2.1 OR BR.3 OR BR.4 OR BS.1 OR BS.1.1 OR BS.1.2 OR BT.1 OR BT.2 OR BU.1 OR BU.2 OR BU.3 OR BV.1 OR BV.2 OR BW.1 OR BW.1.1 OR BY.1 OR BY.1.1 OR BY.1.1.1 OR BY.1.2 OR BY.1.2.1 OR BZ.1 OR CA.1 OR CA.2 OR CA.3 OR CA.3.1 OR CA.4 OR CA.5 OR CA.6 OR CA.7 OR CB.1 OR CC.1 OR CD.1 OR CD.2 OR CE.1 OR CF.1 OR CG.1 OR CH.1 OR CH.1.1 OR CH.1.1.1 OR CH.1.1.2 OR CH.1.1.3 OR CH.1.1.4 OR CH.1.1.5 OR CH.2 OR CH.3 OR CH.3.1 OR CJ.1 OR CJ.1.1 OR CK.1 OR CK.1.1 OR CK.1.2 OR CK.2 OR CK.2.1 OR CK.2.1.1 OR CK.3 OR CL.1 OR CM.1 OR CM.2 OR CM.2.1 OR CM.3 OR CM.4 OR CM.4.1 OR CM.5 OR CM.5.1 OR CM.5.2 OR CM.6 OR CM.6.1 OR CM.7 OR CM.8 OR CM.8.1 OR CM.9 OR CM.10 OR CM.11 OR CM.12 OR CN.1 OR CN.2 OR CP.1 OR CP.1.1 OR CP.1.2 OR CP.1.3 OR CP.2 OR CP.3 OR CP.4 OR CP.5 OR CP.6 OR CQ.1 OR CQ.1.1 OR CQ.2 OR CR.1 OR CR.1.1 OR CR.1.2 OR CR.1.3 OR CR.2 OR CS.1 OR CT.1 OR CU.1 OR CV.1 OR CV.2 OR CW.1 OR CY.1 OR CZ.1 OR DA.1 OR DB.1 OR DB.2 OR DC.1 OR DD.1 OR DE.1 OR DE.2 OR DF.1 OR DF.1.1 OR DG.1 OR DH.1 OR DJ.1 OR DJ.1.1 OR DJ.1.2 OR DJ.1.3 OR DK.1 OR DL.1 OR DM.1 OR DN.1 OR DN.1.1 OR DP.1 OR DQ.1 OR DR.1 OR DS.1 OR DT.1 OR DU.1 OR DV.1,Omicron,4.42857142857143,3.35714285714286,0.758064516129032
2022-01-12,9,8,6.42857142857143,5.85714285714286,0.911111111111111,0.66961109084845,0.999921500151634,B.1.1.529 OR BA.1 OR BA.1.1 OR BA.1.1.1 OR BA.1.1.2 OR BA.1.1.3 OR BA.1.1.4 OR BA.1.1.5 OR BA.1.1.6 OR BA.1.1.7 OR BA.1.1.8 OR BA.1.1.9 OR BA.1.1.10 OR BA.1.1.11 OR BA.1.1.12 OR BA.1.1.13 OR BA.1.1.14 OR BA.1.1.15 OR BA.1.1.16 OR BA.1.1.17 OR BA.1.1.18 OR BA.1.2 OR BA.1.3 OR BA.1.4 OR BA.1.5 OR BA.1.6 OR BA.1.7 OR BA.1.8 OR BA.1.9 OR BA.1.10 OR BA.1.12 OR BA.1.13 OR BA.1.13.1 OR BA.1.14 OR BA.1.14.1 OR BA.1.14.2 OR BA.1.15 OR BA.1.15.1 OR BA.1.15.2 OR BA.1.15.3 OR BA.1.16 OR BA.1.16.1 OR BA.1.16.2 OR BA.1.17 OR BA.1.17.1 OR BA.1.17.2 OR BA.1.18 OR BA.1.19 OR BA.1.20 OR BA.1.21 OR BA.1.21.1 OR BA.1.22 OR BA.1.23 OR BA.1.24 OR BA.2 OR BA.2.1 OR BA.2.2 OR BA.2.2.1 OR BA.2.3 OR BA.2.3.1 OR BA.2.3.2 OR BA.2.3.4 OR BA.2.3.5 OR BA.2.3.6 OR BA.2.3.7 OR BA.2.3.8 OR BA.2.3.9 OR BA.2.3.10 OR BA.2.3.11 OR BA.2.3.12 OR BA.2.3.13 OR BA.2.3.14 OR BA.2.3.15 OR BA.2.3.16 OR BA.2.3.17 OR BA.2.3.18 OR BA.2.3.19 OR BA.2.3.20 OR BA.2.3.21 OR BA.2.3.22 OR BA.2.4 OR BA.2.5 OR BA.2.6 OR BA.2.7 OR BA.2.8 OR BA.2.9 OR BA.2.9.1 OR BA.2.9.2 OR BA.2.9.3 OR BA.2.9.4 OR BA.2.9.5 OR BA.2.9.6 OR BA.2.9.7 OR BA.2.10 OR BA.2.10.1 OR BA.2.10.2 OR BA.2.10.3 OR BA.2.10.4 OR BA.2.11 OR BA.2.12 OR BA.2.12.1 OR BA.2.12.2 OR BA.2.13 OR BA.2.13.1 OR BA.2.14 OR BA.2.15 OR BA.2.16 OR BA.2.17 OR BA.2.18 OR BA.2.19 OR BA.2.20 OR BA.2.21 OR BA.2.22 OR BA.2.23 OR BA.2.23.1 OR BA.2.24 OR BA.2.25 OR BA.2.25.1 OR BA.2.26 OR BA.2.27 OR BA.2.28 OR BA.2.29 OR BA.2.30 OR BA.2.31 OR BA.2.31.1 OR BA.2.32 OR BA.2.33 OR BA.2.34 OR BA.2.35 OR BA.2.36 OR BA.2.37 OR BA.2.38 OR BA.2.38.1 OR BA.2.38.2 OR BA.2.38.3 OR BA.2.38.4 OR BA.2.39 OR BA.2.40 OR BA.2.40.1 OR BA.2.41 OR BA.2.42 OR BA.2.43 OR BA.2.44 OR BA.2.45 OR BA.2.46 OR BA.2.47 OR BA.2.48 OR BA.2.49 OR BA.2.50 OR BA.2.51 OR BA.2.52 OR BA.2.53 OR BA.2.54 OR BA.2.55 OR BA.2.56 OR BA.2.56.1 OR BA.2.57 OR BA.2.58 OR BA.2.59 OR BA.2.60 OR BA.2.61 OR BA.2.62 OR BA.2.63 OR BA.2.64 OR BA.2.65 OR BA.2.66 OR BA.2.67 OR BA.2.68 OR BA.2.69 OR BA.2.70 OR BA.2.71 OR BA.2.72 OR BA.2.73 OR BA.2.74 OR BA.2.75 OR BA.2.75.1 OR BA.2.75.2 OR BA.2.75.3 OR BA.2.75.4 OR BA.2.75.5 OR BA.2.75.6 OR BA.2.75.7 OR BA.2.75.8 OR BA.2.75.9 OR BA.2.75.10 OR BA.2.76 OR BA.2.76.1 OR BA.2.76.2 OR BA.2.77 OR BA.2.78 OR BA.2.79 OR BA.2.79.1 OR BA.2.80 OR BA.2.81 OR BA.2.82 OR BA.2.83 OR BA.2.85 OR BA.3 OR BA.3.1 OR BA.4 OR BA.4.1 OR BA.4.1.1 OR BA.4.1.2 OR BA.4.1.3 OR BA.4.1.4 OR BA.4.1.5 OR BA.4.1.6 OR BA.4.1.7 OR BA.4.1.8 OR BA.4.1.9 OR BA.4.1.10 OR BA.4.2 OR BA.4.3 OR BA.4.4 OR BA.4.5 OR BA.4.6 OR BA.4.6.1 OR BA.4.6.2 OR BA.4.6.3 OR BA.4.6.4 OR BA.4.6.5 OR BA.4.7 OR BA.4.8 OR BA.5 OR BA.5.1 OR BA.5.1.1 OR BA.5.1.2 OR BA.5.1.3 OR BA.5.1.4 OR BA.5.1.5 OR BA.5.1.6 OR BA.5.1.7 OR BA.5.1.8 OR BA.5.1.9 OR BA.5.1.10 OR BA.5.1.11 OR BA.5.1.12 OR BA.5.1.14 OR BA.5.1.15 OR BA.5.1.16 OR BA.5.1.17 OR BA.5.1.18 OR BA.5.1.19 OR BA.5.1.20 OR BA.5.1.21 OR BA.5.1.22 OR BA.5.1.23 OR BA.5.1.24 OR BA.5.1.25 OR BA.5.1.26 OR BA.5.1.27 OR BA.5.1.28 OR BA.5.1.29 OR BA.5.1.30 OR BA.5.1.31 OR BA.5.1.32 OR BA.5.2 OR BA.5.2.1 OR BA.5.2.2 OR BA.5.2.3 OR BA.5.2.4 OR BA.5.2.5 OR BA.5.2.6 OR BA.5.2.7 OR BA.5.2.8 OR BA.5.2.9 OR BA.5.2.10 OR BA.5.2.11 OR BA.5.2.12 OR BA.5.2.13 OR BA.5.2.14 OR BA.5.2.16 OR BA.5.2.18 OR BA.5.2.19 OR BA.5.2.20 OR BA.5.2.21 OR BA.5.2.22 OR BA.5.2.23 OR BA.5.2.24 OR BA.5.2.25 OR BA.5.2.26 OR BA.5.2.27 OR BA.5.2.28 OR BA.5.2.29 OR BA.5.2.30 OR BA.5.2.31 OR BA.5.2.32 OR BA.5.2.33 OR BA.5.2.34 OR BA.5.2.35 OR BA.5.2.36 OR BA.5.2.37 OR BA.5.2.38 OR BA.5.2.39 OR BA.5.2.40 OR BA.5.2.41 OR BA.5.2.42 OR BA.5.2.43 OR BA.5.2.44 OR BA.5.2.45 OR BA.5.2.46 OR BA.5.2.47 OR BA.5.2.48 OR BA.5.2.49 OR BA.5.3 OR BA.5.3.1 OR BA.5.3.2 OR BA.5.3.3 OR BA.5.3.4 OR BA.5.3.5 OR BA.5.5 OR BA.5.5.1 OR BA.5.5.2 OR BA.5.5.3 OR BA.5.6 OR BA.5.6.1 OR BA.5.6.2 OR BA.5.6.3 OR BA.5.6.4 OR BA.5.7 OR BA.5.8 OR BA.5.9 OR BA.5.10 OR BA.5.10.1 OR BA.5.11 OR BC.1 OR BC.2 OR BD.1 OR BE.1 OR BE.1.1 OR BE.1.1.1 OR BE.1.1.2 OR BE.1.2 OR BE.1.2.1 OR BE.1.3 OR BE.1.4 OR BE.1.4.1 OR BE.1.4.2 OR BE.1.4.3 OR BE.1.4.4 OR BE.2 OR BE.3 OR BE.4 OR BE.4.1 OR BE.4.1.1 OR BE.4.2 OR BE.5 OR BE.6 OR BE.7 OR BE.8 OR BE.9 OR BE.10 OR BF.1 OR BF.1.1 OR BF.2 OR BF.3 OR BF.3.1 OR BF.4 OR BF.5 OR BF.5.1 OR BF.5.2 OR BF.6 OR BF.7 OR BF.7.1 OR BF.7.2 OR BF.7.3 OR BF.7.4 OR BF.7.4.1 OR BF.7.4.2 OR BF.7.5 OR BF.7.5.1 OR BF.7.6 OR BF.7.7 OR BF.7.8 OR BF.7.9 OR BF.7.10 OR BF.7.11 OR BF.7.12 OR BF.7.13 OR BF.7.13.1 OR BF.7.13.2 OR BF.7.14 OR BF.7.15 OR BF.8 OR BF.9 OR BF.10 OR BF.10.1 OR BF.11 OR BF.11.1 OR BF.11.2 OR BF.11.3 OR BF.11.4 OR BF.11.5 OR BF.12 OR BF.13 OR BF.14 OR BF.15 OR BF.16 OR BF.17 OR BF.18 OR BF.19 OR BF.20 OR BF.21 OR BF.22 OR BF.23 OR BF.24 OR BF.25 OR BF.26 OR BF.27 OR BF.28 OR BF.29 OR BF.30 OR BF.31 OR BF.31.1 OR BF.32 OR BF.33 OR BF.34 OR BG.1 OR BG.2 OR BG.3 OR BG.4 OR BG.5 OR BG.6 OR BG.7 OR BH.1 OR BJ.1 OR BK.1 OR BL.1 OR BL.1.1 OR BL.1.2 OR BL.1.3 OR BL.1.4 OR BL.2 OR BL.2.1 OR BL.3 OR BL.4 OR BL.5 OR BL.6 OR BM.1 OR BM.1.1 OR BM.1.1.1 OR BM.1.1.2 OR BM.1.1.3 OR BM.1.1.4 OR BM.1.1.5 OR BM.2 OR BM.2.1 OR BM.2.2 OR BM.2.3 OR BM.3 OR BM.4 OR BM.4.1 OR BM.4.1.1 OR BM.5 OR BM.6 OR BN.1 OR BN.1.1 OR BN.1.1.1 OR BN.1.2 OR BN.1.2.1 OR BN.1.3 OR BN.1.3.1 OR BN.1.3.2 OR BN.1.3.3 OR BN.1.3.4 OR BN.1.4 OR BN.1.4.1 OR BN.1.5 OR BN.1.5.1 OR BN.1.6 OR BN.1.7 OR BN.1.8 OR BN.1.9 OR BN.2 OR BN.2.1 OR BN.3 OR BN.3.1 OR BN.4 OR BN.5 OR BN.6 OR BP.1 OR BQ.1 OR BQ.1.1 OR BQ.1.1.1 OR BQ.1.1.2 OR BQ.1.1.3 OR BQ.1.1.4 OR BQ.1.1.5 OR BQ.1.1.6 OR BQ.1.1.7 OR BQ.1.1.8 OR BQ.1.1.9 OR BQ.1.1.10 OR BQ.1.1.11 OR BQ.1.1.12 OR BQ.1.1.13 OR BQ.1.1.14 OR BQ.1.1.15 OR BQ.1.1.16 OR BQ.1.1.17 OR BQ.1.1.18 OR BQ.1.1.19 OR BQ.1.1.20 OR BQ.1.1.21 OR BQ.1.1.22 OR BQ.1.1.23 OR BQ.1.1.24 OR BQ.1.1.25 OR BQ.1.1.26 OR BQ.1.1.27 OR BQ.1.1.28 OR BQ.1.1.29 OR BQ.1.1.30 OR BQ.1.1.31 OR BQ.1.1.32 OR BQ.1.1.34 OR BQ.1.1.35 OR BQ.1.1.36 OR BQ.1.2 OR BQ.1.3 OR BQ.1.4 OR BQ.1.5 OR BQ.1.6 OR BQ.1.7 OR BQ.1.8 OR BQ.1.8.1 OR BQ.1.8.2 OR BQ.1.9 OR BQ.1.10 OR BQ.1.10.1 OR BQ.1.11 OR BQ.1.12 OR BQ.1.13 OR BQ.1.13.1 OR BQ.1.14 OR BQ.1.15 OR BQ.1.16 OR BQ.1.17 OR BQ.1.18 OR BQ.1.19 OR BQ.1.20 OR BQ.1.21 OR BQ.1.22 OR BQ.1.23 OR BQ.1.24 OR BQ.1.25 OR BQ.1.25.1 OR BQ.1.26 OR BQ.1.26.1 OR BQ.1.27 OR BQ.1.28 OR BQ.2 OR BR.1 OR BR.1.1 OR BR.1.2 OR BR.2 OR BR.2.1 OR BR.3 OR BR.4 OR BS.1 OR BS.1.1 OR BS.1.2 OR BT.1 OR BT.2 OR BU.1 OR BU.2 OR BU.3 OR BV.1 OR BV.2 OR BW.1 OR BW.1.1 OR BY.1 OR BY.1.1 OR BY.1.1.1 OR BY.1.2 OR BY.1.2.1 OR BZ.1 OR CA.1 OR CA.2 OR CA.3 OR CA.3.1 OR CA.4 OR CA.5 OR CA.6 OR CA.7 OR CB.1 OR CC.1 OR CD.1 OR CD.2 OR CE.1 OR CF.1 OR CG.1 OR CH.1 OR CH.1.1 OR CH.1.1.1 OR CH.1.1.2 OR CH.1.1.3 OR CH.1.1.4 OR CH.1.1.5 OR CH.2 OR CH.3 OR CH.3.1 OR CJ.1 OR CJ.1.1 OR CK.1 OR CK.1.1 OR CK.1.2 OR CK.2 OR CK.2.1 OR CK.2.1.1 OR CK.3 OR CL.1 OR CM.1 OR CM.2 OR CM.2.1 OR CM.3 OR CM.4 OR CM.4.1 OR CM.5 OR CM.5.1 OR CM.5.2 OR CM.6 OR CM.6.1 OR CM.7 OR CM.8 OR CM.8.1 OR CM.9 OR CM.10 OR CM.11 OR CM.12 OR CN.1 OR CN.2 OR CP.1 OR CP.1.1 OR CP.1.2 OR CP.1.3 OR CP.2 OR CP.3 OR CP.4 OR CP.5 OR CP.6 OR CQ.1 OR CQ.1.1 OR CQ.2 OR CR.1 OR CR.1.1 OR CR.1.2 OR CR.1.3 OR CR.2 OR CS.1 OR CT.1 OR CU.1 OR CV.1 OR CV.2 OR CW.1 OR CY.1 OR CZ.1 OR DA.1 OR DB.1 OR DB.2 OR DC.1 OR DD.1 OR DE.1 OR DE.2 OR DF.1 OR DF.1.1 OR DG.1 OR DH.1 OR DJ.1 OR DJ.1.1 OR DJ.1.2 OR DJ.1.3 OR DK.1 OR DL.1 OR DM.1 OR DN.1 OR DN.1.1 OR DP.1 OR DQ.1 OR DR.1 OR DS.1 OR DT.1 OR DU.1 OR DV.1,Omicron,4.92857142857143,3.92857142857143,0.797101449275362
2022-01-13,5,3,6.57142857142857,5.85714285714286,0.891304347826087,0.499202538380922,0.984123475787253,B.1.1.529 OR BA.1 OR BA.1.1 OR BA.1.1.1 OR BA.1.1.2 OR BA.1.1.3 OR BA.1.1.4 OR BA.1.1.5 OR BA.1.1.6 OR BA.1.1.7 OR BA.1.1.8 OR BA.1.1.9 OR BA.1.1.10 OR BA.1.1.11 OR BA.1.1.12 OR BA.1.1.13 OR BA.1.1.14 OR BA.1.1.15 OR BA.1.1.16 OR BA.1.1.17 OR BA.1.1.18 OR BA.1.2 OR BA.1.3 OR BA.1.4 OR BA.1.5 OR BA.1.6 OR BA.1.7 OR BA.1.8 OR BA.1.9 OR BA.1.10 OR BA.1.12 OR BA.1.13 OR BA.1.13.1 OR BA.1.14 OR BA.1.14.1 OR BA.1.14.2 OR BA.1.15 OR BA.1.15.1 OR BA.1.15.2 OR BA.1.15.3 OR BA.1.16 OR BA.1.16.1 OR BA.1.16.2 OR BA.1.17 OR BA.1.17.1 OR BA.1.17.2 OR BA.1.18 OR BA.1.19 OR BA.1.20 OR BA.1.21 OR BA.1.21.1 OR BA.1.22 OR BA.1.23 OR BA.1.24 OR BA.2 OR BA.2.1 OR BA.2.2 OR BA.2.2.1 OR BA.2.3 OR BA.2.3.1 OR BA.2.3.2 OR BA.2.3.4 OR BA.2.3.5 OR BA.2.3.6 OR BA.2.3.7 OR BA.2.3.8 OR BA.2.3.9 OR BA.2.3.10 OR BA.2.3.11 OR BA.2.3.12 OR BA.2.3.13 OR BA.2.3.14 OR BA.2.3.15 OR BA.2.3.16 OR BA.2.3.17 OR BA.2.3.18 OR BA.2.3.19 OR BA.2.3.20 OR BA.2.3.21 OR BA.2.3.22 OR BA.2.4 OR BA.2.5 OR BA.2.6 OR BA.2.7 OR BA.2.8 OR BA.2.9 OR BA.2.9.1 OR BA.2.9.2 OR BA.2.9.3 OR BA.2.9.4 OR BA.2.9.5 OR BA.2.9.6 OR BA.2.9.7 OR BA.2.10 OR BA.2.10.1 OR BA.2.10.2 OR BA.2.10.3 OR BA.2.10.4 OR BA.2.11 OR BA.2.12 OR BA.2.12.1 OR BA.2.12.2 OR BA.2.13 OR BA.2.13.1 OR BA.2.14 OR BA.2.15 OR BA.2.16 OR BA.2.17 OR BA.2.18 OR BA.2.19 OR BA.2.20 OR BA.2.21 OR BA.2.22 OR BA.2.23 OR BA.2.23.1 OR BA.2.24 OR BA.2.25 OR BA.2.25.1 OR BA.2.26 OR BA.2.27 OR BA.2.28 OR BA.2.29 OR BA.2.30 OR BA.2.31 OR BA.2.31.1 OR BA.2.32 OR BA.2.33 OR BA.2.34 OR BA.2.35 OR BA.2.36 OR BA.2.37 OR BA.2.38 OR BA.2.38.1 OR BA.2.38.2 OR BA.2.38.3 OR BA.2.38.4 OR BA.2.39 OR BA.2.40 OR BA.2.40.1 OR BA.2.41 OR BA.2.42 OR BA.2.43 OR BA.2.44 OR BA.2.45 OR BA.2.46 OR BA.2.47 OR BA.2.48 OR BA.2.49 OR BA.2.50 OR BA.2.51 OR BA.2.52 OR BA.2.53 OR BA.2.54 OR BA.2.55 OR BA.2.56 OR BA.2.56.1 OR BA.2.57 OR BA.2.58 OR BA.2.59 OR BA.2.60 OR BA.2.61 OR BA.2.62 OR BA.2.63 OR BA.2.64 OR BA.2.65 OR BA.2.66 OR BA.2.67 OR BA.2.68 OR BA.2.69 OR BA.2.70 OR BA.2.71 OR BA.2.72 OR BA.2.73 OR BA.2.74 OR BA.2.75 OR BA.2.75.1 OR BA.2.75.2 OR BA.2.75.3 OR BA.2.75.4 OR BA.2.75.5 OR BA.2.75.6 OR BA.2.75.7 OR BA.2.75.8 OR BA.2.75.9 OR BA.2.75.10 OR BA.2.76 OR BA.2.76.1 OR BA.2.76.2 OR BA.2.77 OR BA.2.78 OR BA.2.79 OR BA.2.79.1 OR BA.2.80 OR BA.2.81 OR BA.2.82 OR BA.2.83 OR BA.2.85 OR BA.3 OR BA.3.1 OR BA.4 OR BA.4.1 OR BA.4.1.1 OR BA.4.1.2 OR BA.4.1.3 OR BA.4.1.4 OR BA.4.1.5 OR BA.4.1.6 OR BA.4.1.7 OR BA.4.1.8 OR BA.4.1.9 OR BA.4.1.10 OR BA.4.2 OR BA.4.3 OR BA.4.4 OR BA.4.5 OR BA.4.6 OR BA.4.6.1 OR BA.4.6.2 OR BA.4.6.3 OR BA.4.6.4 OR BA.4.6.5 OR BA.4.7 OR BA.4.8 OR BA.5 OR BA.5.1 OR BA.5.1.1 OR BA.5.1.2 OR BA.5.1.3 OR BA.5.1.4 OR BA.5.1.5 OR BA.5.1.6 OR BA.5.1.7 OR BA.5.1.8 OR BA.5.1.9 OR BA.5.1.10 OR BA.5.1.11 OR BA.5.1.12 OR BA.5.1.14 OR BA.5.1.15 OR BA.5.1.16 OR BA.5.1.17 OR BA.5.1.18 OR BA.5.1.19 OR BA.5.1.20 OR BA.5.1.21 OR BA.5.1.22 OR BA.5.1.23 OR BA.5.1.24 OR BA.5.1.25 OR BA.5.1.26 OR BA.5.1.27 OR BA.5.1.28 OR BA.5.1.29 OR BA.5.1.30 OR BA.5.1.31 OR BA.5.1.32 OR BA.5.2 OR BA.5.2.1 OR BA.5.2.2 OR BA.5.2.3 OR BA.5.2.4 OR BA.5.2.5 OR BA.5.2.6 OR BA.5.2.7 OR BA.5.2.8 OR BA.5.2.9 OR BA.5.2.10 OR BA.5.2.11 OR BA.5.2.12 OR BA.5.2.13 OR BA.5.2.14 OR BA.5.2.16 OR BA.5.2.18 OR BA.5.2.19 OR BA.5.2.20 OR BA.5.2.21 OR BA.5.2.22 OR BA.5.2.23 OR BA.5.2.24 OR BA.5.2.25 OR BA.5.2.26 OR BA.5.2.27 OR BA.5.2.28 OR BA.5.2.29 OR BA.5.2.30 OR BA.5.2.31 OR BA.5.2.32 OR BA.5.2.33 OR BA.5.2.34 OR BA.5.2.35 OR BA.5.2.36 OR BA.5.2.37 OR BA.5.2.38 OR BA.5.2.39 OR BA.5.2.40 OR BA.5.2.41 OR BA.5.2.42 OR BA.5.2.43 OR BA.5.2.44 OR BA.5.2.45 OR BA.5.2.46 OR BA.5.2.47 OR BA.5.2.48 OR BA.5.2.49 OR BA.5.3 OR BA.5.3.1 OR BA.5.3.2 OR BA.5.3.3 OR BA.5.3.4 OR BA.5.3.5 OR BA.5.5 OR BA.5.5.1 OR BA.5.5.2 OR BA.5.5.3 OR BA.5.6 OR BA.5.6.1 OR BA.5.6.2 OR BA.5.6.3 OR BA.5.6.4 OR BA.5.7 OR BA.5.8 OR BA.5.9 OR BA.5.10 OR BA.5.10.1 OR BA.5.11 OR BC.1 OR BC.2 OR BD.1 OR BE.1 OR BE.1.1 OR BE.1.1.1 OR BE.1.1.2 OR BE.1.2 OR BE.1.2.1 OR BE.1.3 OR BE.1.4 OR BE.1.4.1 OR BE.1.4.2 OR BE.1.4.3 OR BE.1.4.4 OR BE.2 OR BE.3 OR BE.4 OR BE.4.1 OR BE.4.1.1 OR BE.4.2 OR BE.5 OR BE.6 OR BE.7 OR BE.8 OR BE.9 OR BE.10 OR BF.1 OR BF.1.1 OR BF.2 OR BF.3 OR BF.3.1 OR BF.4 OR BF.5 OR BF.5.1 OR BF.5.2 OR BF.6 OR BF.7 OR BF.7.1 OR BF.7.2 OR BF.7.3 OR BF.7.4 OR BF.7.4.1 OR BF.7.4.2 OR BF.7.5 OR BF.7.5.1 OR BF.7.6 OR BF.7.7 OR BF.7.8 OR BF.7.9 OR BF.7.10 OR BF.7.11 OR BF.7.12 OR BF.7.13 OR BF.7.13.1 OR BF.7.13.2 OR BF.7.14 OR BF.7.15 OR BF.8 OR BF.9 OR BF.10 OR BF.10.1 OR BF.11 OR BF.11.1 OR BF.11.2 OR BF.11.3 OR BF.11.4 OR BF.11.5 OR BF.12 OR BF.13 OR BF.14 OR BF.15 OR BF.16 OR BF.17 OR BF.18 OR BF.19 OR BF.20 OR BF.21 OR BF.22 OR BF.23 OR BF.24 OR BF.25 OR BF.26 OR BF.27 OR BF.28 OR BF.29 OR BF.30 OR BF.31 OR BF.31.1 OR BF.32 OR BF.33 OR BF.34 OR BG.1 OR BG.2 OR BG.3 OR BG.4 OR BG.5 OR BG.6 OR BG.7 OR BH.1 OR BJ.1 OR BK.1 OR BL.1 OR BL.1.1 OR BL.1.2 OR BL.1.3 OR BL.1.4 OR BL.2 OR BL.2.1 OR BL.3 OR BL.4 OR BL.5 OR BL.6 OR BM.1 OR BM.1.1 OR BM.1.1.1 OR BM.1.1.2 OR BM.1.1.3 OR BM.1.1.4 OR BM.1.1.5 OR BM.2 OR BM.2.1 OR BM.2.2 OR BM.2.3 OR BM.3 OR BM.4 OR BM.4.1 OR BM.4.1.1 OR BM.5 OR BM.6 OR BN.1 OR BN.1.1 OR BN.1.1.1 OR BN.1.2 OR BN.1.2.1 OR BN.1.3 OR BN.1.3.1 OR BN.1.3.2 OR BN.1.3.3 OR BN.1.3.4 OR BN.1.4 OR BN.1.4.1 OR BN.1.5 OR BN.1.5.1 OR BN.1.6 OR BN.1.7 OR BN.1.8 OR BN.1.9 OR BN.2 OR BN.2.1 OR BN.3 OR BN.3.1 OR BN.4 OR BN.5 OR BN.6 OR BP.1 OR BQ.1 OR BQ.1.1 OR BQ.1.1.1 OR BQ.1.1.2 OR BQ.1.1.3 OR BQ.1.1.4 OR BQ.1.1.5 OR BQ.1.1.6 OR BQ.1.1.7 OR BQ.1.1.8 OR BQ.1.1.9 OR BQ.1.1.10 OR BQ.1.1.11 OR BQ.1.1.12 OR BQ.1.1.13 OR BQ.1.1.14 OR BQ.1.1.15 OR BQ.1.1.16 OR BQ.1.1.17 OR BQ.1.1.18 OR BQ.1.1.19 OR BQ.1.1.20 OR BQ.1.1.21 OR BQ.1.1.22 OR BQ.1.1.23 OR BQ.1.1.24 OR BQ.1.1.25 OR BQ.1.1.26 OR BQ.1.1.27 OR BQ.1.1.28 OR BQ.1.1.29 OR BQ.1.1.30 OR BQ.1.1.31 OR BQ.1.1.32 OR BQ.1.1.34 OR BQ.1.1.35 OR BQ.1.1.36 OR BQ.1.2 OR BQ.1.3 OR BQ.1.4 OR BQ.1.5 OR BQ.1.6 OR BQ.1.7 OR BQ.1.8 OR BQ.1.8.1 OR BQ.1.8.2 OR BQ.1.9 OR BQ.1.10 OR BQ.1.10.1 OR BQ.1.11 OR BQ.1.12 OR BQ.1.13 OR BQ.1.13.1 OR BQ.1.14 OR BQ.1.15 OR BQ.1.16 OR BQ.1.17 OR BQ.1.18 OR BQ.1.19 OR BQ.1.20 OR BQ.1.21 OR BQ.1.22 OR BQ.1.23 OR BQ.1.24 OR BQ.1.25 OR BQ.1.25.1 OR BQ.1.26 OR BQ.1.26.1 OR BQ.1.27 OR BQ.1.28 OR BQ.2 OR BR.1 OR BR.1.1 OR BR.1.2 OR BR.2 OR BR.2.1 OR BR.3 OR BR.4 OR BS.1 OR BS.1.1 OR BS.1.2 OR BT.1 OR BT.2 OR BU.1 OR BU.2 OR BU.3 OR BV.1 OR BV.2 OR BW.1 OR BW.1.1 OR BY.1 OR BY.1.1 OR BY.1.1.1 OR BY.1.2 OR BY.1.2.1 OR BZ.1 OR CA.1 OR CA.2 OR CA.3 OR CA.3.1 OR CA.4 OR CA.5 OR CA.6 OR CA.7 OR CB.1 OR CC.1 OR CD.1 OR CD.2 OR CE.1 OR CF.1 OR CG.1 OR CH.1 OR CH.1.1 OR CH.1.1.1 OR CH.1.1.2 OR CH.1.1.3 OR CH.1.1.4 OR CH.1.1.5 OR CH.2 OR CH.3 OR CH.3.1 OR CJ.1 OR CJ.1.1 OR CK.1 OR CK.1.1 OR CK.1.2 OR CK.2 OR CK.2.1 OR CK.2.1.1 OR CK.3 OR CL.1 OR CM.1 OR CM.2 OR CM.2.1 OR CM.3 OR CM.4 OR CM.4.1 OR CM.5 OR CM.5.1 OR CM.5.2 OR CM.6 OR CM.6.1 OR CM.7 OR CM.8 OR CM.8.1 OR CM.9 OR CM.10 OR CM.11 OR CM.12 OR CN.1 OR CN.2 OR CP.1 OR CP.1.1 OR CP.1.2 OR CP.1.3 OR CP.2 OR CP.3 OR CP.4 OR CP.5 OR CP.6 OR CQ.1 OR CQ.1.1 OR CQ.2 OR CR.1 OR CR.1.1 OR CR.1.2 OR CR.1.3 OR CR.2 OR CS.1 OR CT.1 OR CU.1 OR CV.1 OR CV.2 OR CW.1 OR CY.1 OR CZ.1 OR DA.1 OR DB.1 OR DB.2 OR DC.1 OR DD.1 OR DE.1 OR DE.2 OR DF.1 OR DF.1.1 OR DG.1 OR DH.1 OR DJ.1 OR DJ.1.1 OR DJ.1.2 OR DJ.1.3 OR DK.1 OR DL.1 OR DM.1 OR DN.1 OR DN.1.1 OR DP.1 OR DQ.1 OR DR.1 OR DS.1 OR DT.1 OR DU.1 OR DV.1,Omicron,5.21428571428571,4.14285714285714,0.794520547945206
2022-01-14,10,10,6.85714285714286,6.14285714285714,0.895833333333334,0.499202538380922,0.984123475787253,B.1.1.529 OR BA.1 OR BA.1.1 OR BA.1.1.1 OR BA.1.1.2 OR BA.1.1.3 OR BA.1.1.4 OR BA.1.1.5 OR BA.1.1.6 OR BA.1.1.7 OR BA.1.1.8 OR BA.1.1.9 OR BA.1.1.10 OR BA.1.1.11 OR BA.1.1.12 OR BA.1.1.13 OR BA.1.1.14 OR BA.1.1.15 OR BA.1.1.16 OR BA.1.1.17 OR BA.1.1.18 OR BA.1.2 OR BA.1.3 OR BA.1.4 OR BA.1.5 OR BA.1.6 OR BA.1.7 OR BA.1.8 OR BA.1.9 OR BA.1.10 OR BA.1.12 OR BA.1.13 OR BA.1.13.1 OR BA.1.14 OR BA.1.14.1 OR BA.1.14.2 OR BA.1.15 OR BA.1.15.1 OR BA.1.15.2 OR BA.1.15.3 OR BA.1.16 OR BA.1.16.1 OR BA.1.16.2 OR BA.1.17 OR BA.1.17.1 OR BA.1.17.2 OR BA.1.18 OR BA.1.19 OR BA.1.20 OR BA.1.21 OR BA.1.21.1 OR BA.1.22 OR BA.1.23 OR BA.1.24 OR BA.2 OR BA.2.1 OR BA.2.2 OR BA.2.2.1 OR BA.2.3 OR BA.2.3.1 OR BA.2.3.2 OR BA.2.3.4 OR BA.2.3.5 OR BA.2.3.6 OR BA.2.3.7 OR BA.2.3.8 OR BA.2.3.9 OR BA.2.3.10 OR BA.2.3.11 OR BA.2.3.12 OR BA.2.3.13 OR BA.2.3.14 OR BA.2.3.15 OR BA.2.3.16 OR BA.2.3.17 OR BA.2.3.18 OR BA.2.3.19 OR BA.2.3.20 OR BA.2.3.21 OR BA.2.3.22 OR BA.2.4 OR BA.2.5 OR BA.2.6 OR BA.2.7 OR BA.2.8 OR BA.2.9 OR BA.2.9.1 OR BA.2.9.2 OR BA.2.9.3 OR BA.2.9.4 OR BA.2.9.5 OR BA.2.9.6 OR BA.2.9.7 OR BA.2.10 OR BA.2.10.1 OR BA.2.10.2 OR BA.2.10.3 OR BA.2.10.4 OR BA.2.11 OR BA.2.12 OR BA.2.12.1 OR BA.2.12.2 OR BA.2.13 OR BA.2.13.1 OR BA.2.14 OR BA.2.15 OR BA.2.16 OR BA.2.17 OR BA.2.18 OR BA.2.19 OR BA.2.20 OR BA.2.21 OR BA.2.22 OR BA.2.23 OR BA.2.23.1 OR BA.2.24 OR BA.2.25 OR BA.2.25.1 OR BA.2.26 OR BA.2.27 OR BA.2.28 OR BA.2.29 OR BA.2.30 OR BA.2.31 OR BA.2.31.1 OR BA.2.32 OR BA.2.33 OR BA.2.34 OR BA.2.35 OR BA.2.36 OR BA.2.37 OR BA.2.38 OR BA.2.38.1 OR BA.2.38.2 OR BA.2.38.3 OR BA.2.38.4 OR BA.2.39 OR BA.2.40 OR BA.2.40.1 OR BA.2.41 OR BA.2.42 OR BA.2.43 OR BA.2.44 OR BA.2.45 OR BA.2.46 OR BA.2.47 OR BA.2.48 OR BA.2.49 OR BA.2.50 OR BA.2.51 OR BA.2.52 OR BA.2.53 OR BA.2.54 OR BA.2.55 OR BA.2.56 OR BA.2.56.1 OR BA.2.57 OR BA.2.58 OR BA.2.59 OR BA.2.60 OR BA.2.61 OR BA.2.62 OR BA.2.63 OR BA.2.64 OR BA.2.65 OR BA.2.66 OR BA.2.67 OR BA.2.68 OR BA.2.69 OR BA.2.70 OR BA.2.71 OR BA.2.72 OR BA.2.73 OR BA.2.74 OR BA.2.75 OR BA.2.75.1 OR BA.2.75.2 OR BA.2.75.3 OR BA.2.75.4 OR BA.2.75.5 OR BA.2.75.6 OR BA.2.75.7 OR BA.2.75.8 OR BA.2.75.9 OR BA.2.75.10 OR BA.2.76 OR BA.2.76.1 OR BA.2.76.2 OR BA.2.77 OR BA.2.78 OR BA.2.79 OR BA.2.79.1 OR BA.2.80 OR BA.2.81 OR BA.2.82 OR BA.2.83 OR BA.2.85 OR BA.3 OR BA.3.1 OR BA.4 OR BA.4.1 OR BA.4.1.1 OR BA.4.1.2 OR BA.4.1.3 OR BA.4.1.4 OR BA.4.1.5 OR BA.4.1.6 OR BA.4.1.7 OR BA.4.1.8 OR BA.4.1.9 OR BA.4.1.10 OR BA.4.2 OR BA.4.3 OR BA.4.4 OR BA.4.5 OR BA.4.6 OR BA.4.6.1 OR BA.4.6.2 OR BA.4.6.3 OR BA.4.6.4 OR BA.4.6.5 OR BA.4.7 OR BA.4.8 OR BA.5 OR BA.5.1 OR BA.5.1.1 OR BA.5.1.2 OR BA.5.1.3 OR BA.5.1.4 OR BA.5.1.5 OR BA.5.1.6 OR BA.5.1.7 OR BA.5.1.8 OR BA.5.1.9 OR BA.5.1.10 OR BA.5.1.11 OR BA.5.1.12 OR BA.5.1.14 OR BA.5.1.15 OR BA.5.1.16 OR BA.5.1.17 OR BA.5.1.18 OR BA.5.1.19 OR BA.5.1.20 OR BA.5.1.21 OR BA.5.1.22 OR BA.5.1.23 OR BA.5.1.24 OR BA.5.1.25 OR BA.5.1.26 OR BA.5.1.27 OR BA.5.1.28 OR BA.5.1.29 OR BA.5.1.30 OR BA.5.1.31 OR BA.5.1.32 OR BA.5.2 OR BA.5.2.1 OR BA.5.2.2 OR BA.5.2.3 OR BA.5.2.4 OR BA.5.2.5 OR BA.5.2.6 OR BA.5.2.7 OR BA.5.2.8 OR BA.5.2.9 OR BA.5.2.10 OR BA.5.2.11 OR BA.5.2.12 OR BA.5.2.13 OR BA.5.2.14 OR BA.5.2.16 OR BA.5.2.18 OR BA.5.2.19 OR BA.5.2.20 OR BA.5.2.21 OR BA.5.2.22 OR BA.5.2.23 OR BA.5.2.24 OR BA.5.2.25 OR BA.5.2.26 OR BA.5.2.27 OR BA.5.2.28 OR BA.5.2.29 OR BA.5.2.30 OR BA.5.2.31 OR BA.5.2.32 OR BA.5.2.33 OR BA.5.2.34 OR BA.5.2.35 OR BA.5.2.36 OR BA.5.2.37 OR BA.5.2.38 OR BA.5.2.39 OR BA.5.2.40 OR BA.5.2.41 OR BA.5.2.42 OR BA.5.2.43 OR BA.5.2.44 OR BA.5.2.45 OR BA.5.2.46 OR BA.5.2.47 OR BA.5.2.48 OR BA.5.2.49 OR BA.5.3 OR BA.5.3.1 OR BA.5.3.2 OR BA.5.3.3 OR BA.5.3.4 OR BA.5.3.5 OR BA.5.5 OR BA.5.5.1 OR BA.5.5.2 OR BA.5.5.3 OR BA.5.6 OR BA.5.6.1 OR BA.5.6.2 OR BA.5.6.3 OR BA.5.6.4 OR BA.5.7 OR BA.5.8 OR BA.5.9 OR BA.5.10 OR BA.5.10.1 OR BA.5.11 OR BC.1 OR BC.2 OR BD.1 OR BE.1 OR BE.1.1 OR BE.1.1.1 OR BE.1.1.2 OR BE.1.2 OR BE.1.2.1 OR BE.1.3 OR BE.1.4 OR BE.1.4.1 OR BE.1.4.2 OR BE.1.4.3 OR BE.1.4.4 OR BE.2 OR BE.3 OR BE.4 OR BE.4.1 OR BE.4.1.1 OR BE.4.2 OR BE.5 OR BE.6 OR BE.7 OR BE.8 OR BE.9 OR BE.10 OR BF.1 OR BF.1.1 OR BF.2 OR BF.3 OR BF.3.1 OR BF.4 OR BF.5 OR BF.5.1 OR BF.5.2 OR BF.6 OR BF.7 OR BF.7.1 OR BF.7.2 OR BF.7.3 OR BF.7.4 OR BF.7.4.1 OR BF.7.4.2 OR BF.7.5 OR BF.7.5.1 OR BF.7.6 OR BF.7.7 OR BF.7.8 OR BF.7.9 OR BF.7.10 OR BF.7.11 OR BF.7.12 OR BF.7.13 OR BF.7.13.1 OR BF.7.13.2 OR BF.7.14 OR BF.7.15 OR BF.8 OR BF.9 OR BF.10 OR BF.10.1 OR BF.11 OR BF.11.1 OR BF.11.2 OR BF.11.3 OR BF.11.4 OR BF.11.5 OR BF.12 OR BF.13 OR BF.14 OR BF.15 OR BF.16 OR BF.17 OR BF.18 OR BF.19 OR BF.20 OR BF.21 OR BF.22 OR BF.23 OR BF.24 OR BF.25 OR BF.26 OR BF.27 OR BF.28 OR BF.29 OR BF.30 OR BF.31 OR BF.31.1 OR BF.32 OR BF.33 OR BF.34 OR BG.1 OR BG.2 OR BG.3 OR BG.4 OR BG.5 OR BG.6 OR BG.7 OR BH.1 OR BJ.1 OR BK.1 OR BL.1 OR BL.1.1 OR BL.1.2 OR BL.1.3 OR BL.1.4 OR BL.2 OR BL.2.1 OR BL.3 OR BL.4 OR BL.5 OR BL.6 OR BM.1 OR BM.1.1 OR BM.1.1.1 OR BM.1.1.2 OR BM.1.1.3 OR BM.1.1.4 OR BM.1.1.5 OR BM.2 OR BM.2.1 OR BM.2.2 OR BM.2.3 OR BM.3 OR BM.4 OR BM.4.1 OR BM.4.1.1 OR BM.5 OR BM.6 OR BN.1 OR BN.1.1 OR BN.1.1.1 OR BN.1.2 OR BN.1.2.1 OR BN.1.3 OR BN.1.3.1 OR BN.1.3.2 OR BN.1.3.3 OR BN.1.3.4 OR BN.1.4 OR BN.1.4.1 OR BN.1.5 OR BN.1.5.1 OR BN.1.6 OR BN.1.7 OR BN.1.8 OR BN.1.9 OR BN.2 OR BN.2.1 OR BN.3 OR BN.3.1 OR BN.4 OR BN.5 OR BN.6 OR BP.1 OR BQ.1 OR BQ.1.1 OR BQ.1.1.1 OR BQ.1.1.2 OR BQ.1.1.3 OR BQ.1.1.4 OR BQ.1.1.5 OR BQ.1.1.6 OR BQ.1.1.7 OR BQ.1.1.8 OR BQ.1.1.9 OR BQ.1.1.10 OR BQ.1.1.11 OR BQ.1.1.12 OR BQ.1.1.13 OR BQ.1.1.14 OR BQ.1.1.15 OR BQ.1.1.16 OR BQ.1.1.17 OR BQ.1.1.18 OR BQ.1.1.19 OR BQ.1.1.20 OR BQ.1.1.21 OR BQ.1.1.22 OR BQ.1.1.23 OR BQ.1.1.24 OR BQ.1.1.25 OR BQ.1.1.26 OR BQ.1.1.27 OR BQ.1.1.28 OR BQ.1.1.29 OR BQ.1.1.30 OR BQ.1.1.31 OR BQ.1.1.32 OR BQ.1.1.34 OR BQ.1.1.35 OR BQ.1.1.36 OR BQ.1.2 OR BQ.1.3 OR BQ.1.4 OR BQ.1.5 OR BQ.1.6 OR BQ.1.7 OR BQ.1.8 OR BQ.1.8.1 OR BQ.1.8.2 OR BQ.1.9 OR BQ.1.10 OR BQ.1.10.1 OR BQ.1.11 OR BQ.1.12 OR BQ.1.13 OR BQ.1.13.1 OR BQ.1.14 OR BQ.1.15 OR BQ.1.16 OR BQ.1.17 OR BQ.1.18 OR BQ.1.19 OR BQ.1.20 OR BQ.1.21 OR BQ.1.22 OR BQ.1.23 OR BQ.1.24 OR BQ.1.25 OR BQ.1.25.1 OR BQ.1.26 OR BQ.1.26.1 OR BQ.1.27 OR BQ.1.28 OR BQ.2 OR BR.1 OR BR.1.1 OR BR.1.2 OR BR.2 OR BR.2.1 OR BR.3 OR BR.4 OR BS.1 OR BS.1.1 OR BS.1.2 OR BT.1 OR BT.2 OR BU.1 OR BU.2 OR BU.3 OR BV.1 OR BV.2 OR BW.1 OR BW.1.1 OR BY.1 OR BY.1.1 OR BY.1.1.1 OR BY.1.2 OR BY.1.2.1 OR BZ.1 OR CA.1 OR CA.2 OR CA.3 OR CA.3.1 OR CA.4 OR CA.5 OR CA.6 OR CA.7 OR CB.1 OR CC.1 OR CD.1 OR CD.2 OR CE.1 OR CF.1 OR CG.1 OR CH.1 OR CH.1.1 OR CH.1.1.1 OR CH.1.1.2 OR CH.1.1.3 OR CH.1.1.4 OR CH.1.1.5 OR CH.2 OR CH.3 OR CH.3.1 OR CJ.1 OR CJ.1.1 OR CK.1 OR CK.1.1 OR CK.1.2 OR CK.2 OR CK.2.1 OR CK.2.1.1 OR CK.3 OR CL.1 OR CM.1 OR CM.2 OR CM.2.1 OR CM.3 OR CM.4 OR CM.4.1 OR CM.5 OR CM.5.1 OR CM.5.2 OR CM.6 OR CM.6.1 OR CM.7 OR CM.8 OR CM.8.1 OR CM.9 OR CM.10 OR CM.11 OR CM.12 OR CN.1 OR CN.2 OR CP.1 OR CP.1.1 OR CP.1.2 OR CP.1.3 OR CP.2 OR CP.3 OR CP.4 OR CP.5 OR CP.6 OR CQ.1 OR CQ.1.1 OR CQ.2 OR CR.1 OR CR.1.1 OR CR.1.2 OR CR.1.3 OR CR.2 OR CS.1 OR CT.1 OR CU.1 OR CV.1 OR CV.2 OR CW.1 OR CY.1 OR CZ.1 OR DA.1 OR DB.1 OR DB.2 OR DC.1 OR DD.1 OR DE.1 OR DE.2 OR DF.1 OR DF.1.1 OR DG.1 OR DH.1 OR DJ.1 OR DJ.1.1 OR DJ.1.2 OR DJ.1.3 OR DK.1 OR DL.1 OR DM.1 OR DN.1 OR DN.1.1 OR DP.1 OR DQ.1 OR DR.1 OR DS.1 OR DT.1 OR DU.1 OR DV.1,Omicron,5.85714285714286,4.85714285714286,0.829268292682927
2022-01-15,5,5,7.14285714285714,6.42857142857143,0.9,0.499202538380922,0.984123475787253,B.1.1.529 OR BA.1 OR BA.1.1 OR BA.1.1.1 OR BA.1.1.2 OR BA.1.1.3 OR BA.1.1.4 OR BA.1.1.5 OR BA.1.1.6 OR BA.1.1.7 OR BA.1.1.8 OR BA.1.1.9 OR BA.1.1.10 OR BA.1.1.11 OR BA.1.1.12 OR BA.1.1.13 OR BA.1.1.14 OR BA.1.1.15 OR BA.1.1.16 OR BA.1.1.17 OR BA.1.1.18 OR BA.1.2 OR BA.1.3 OR BA.1.4 OR BA.1.5 OR BA.1.6 OR BA.1.7 OR BA.1.8 OR BA.1.9 OR BA.1.10 OR BA.1.12 OR BA.1.13 OR BA.1.13.1 OR BA.1.14 OR BA.1.14.1 OR BA.1.14.2 OR BA.1.15 OR BA.1.15.1 OR BA.1.15.2 OR BA.1.15.3 OR BA.1.16 OR BA.1.16.1 OR BA.1.16.2 OR BA.1.17 OR BA.1.17.1 OR BA.1.17.2 OR BA.1.18 OR BA.1.19 OR BA.1.20 OR BA.1.21 OR BA.1.21.1 OR BA.1.22 OR BA.1.23 OR BA.1.24 OR BA.2 OR BA.2.1 OR BA.2.2 OR BA.2.2.1 OR BA.2.3 OR BA.2.3.1 OR BA.2.3.2 OR BA.2.3.4 OR BA.2.3.5 OR BA.2.3.6 OR BA.2.3.7 OR BA.2.3.8 OR BA.2.3.9 OR BA.2.3.10 OR BA.2.3.11 OR BA.2.3.12 OR BA.2.3.13 OR BA.2.3.14 OR BA.2.3.15 OR BA.2.3.16 OR BA.2.3.17 OR BA.2.3.18 OR BA.2.3.19 OR BA.2.3.20 OR BA.2.3.21 OR BA.2.3.22 OR BA.2.4 OR BA.2.5 OR BA.2.6 OR BA.2.7 OR BA.2.8 OR BA.2.9 OR BA.2.9.1 OR BA.2.9.2 OR BA.2.9.3 OR BA.2.9.4 OR BA.2.9.5 OR BA.2.9.6 OR BA.2.9.7 OR BA.2.10 OR BA.2.10.1 OR BA.2.10.2 OR BA.2.10.3 OR BA.2.10.4 OR BA.2.11 OR BA.2.12 OR BA.2.12.1 OR BA.2.12.2 OR BA.2.13 OR BA.2.13.1 OR BA.2.14 OR BA.2.15 OR BA.2.16 OR BA.2.17 OR BA.2.18 OR BA.2.19 OR BA.2.20 OR BA.2.21 OR BA.2.22 OR BA.2.23 OR BA.2.23.1 OR BA.2.24 OR BA.2.25 OR BA.2.25.1 OR BA.2.26 OR BA.2.27 OR BA.2.28 OR BA.2.29 OR BA.2.30 OR BA.2.31 OR BA.2.31.1 OR BA.2.32 OR BA.2.33 OR BA.2.34 OR BA.2.35 OR BA.2.36 OR BA.2.37 OR BA.2.38 OR BA.2.38.1 OR BA.2.38.2 OR BA.2.38.3 OR BA.2.38.4 OR BA.2.39 OR BA.2.40 OR BA.2.40.1 OR BA.2.41 OR BA.2.42 OR BA.2.43 OR BA.2.44 OR BA.2.45 OR BA.2.46 OR BA.2.47 OR BA.2.48 OR BA.2.49 OR BA.2.50 OR BA.2.51 OR BA.2.52 OR BA.2.53 OR BA.2.54 OR BA.2.55 OR BA.2.56 OR BA.2.56.1 OR BA.2.57 OR BA.2.58 OR BA.2.59 OR BA.2.60 OR BA.2.61 OR BA.2.62 OR BA.2.63 OR BA.2.64 OR BA.2.65 OR BA.2.66 OR BA.2.67 OR BA.2.68 OR BA.2.69 OR BA.2.70 OR BA.2.71 OR BA.2.72 OR BA.2.73 OR BA.2.74 OR BA.2.75 OR BA.2.75.1 OR BA.2.75.2 OR BA.2.75.3 OR BA.2.75.4 OR BA.2.75.5 OR BA.2.75.6 OR BA.2.75.7 OR BA.2.75.8 OR BA.2.75.9 OR BA.2.75.10 OR BA.2.76 OR BA.2.76.1 OR BA.2.76.2 OR BA.2.77 OR BA.2.78 OR BA.2.79 OR BA.2.79.1 OR BA.2.80 OR BA.2.81 OR BA.2.82 OR BA.2.83 OR BA.2.85 OR BA.3 OR BA.3.1 OR BA.4 OR BA.4.1 OR BA.4.1.1 OR BA.4.1.2 OR BA.4.1.3 OR BA.4.1.4 OR BA.4.1.5 OR BA.4.1.6 OR BA.4.1.7 OR BA.4.1.8 OR BA.4.1.9 OR BA.4.1.10 OR BA.4.2 OR BA.4.3 OR BA.4.4 OR BA.4.5 OR BA.4.6 OR BA.4.6.1 OR BA.4.6.2 OR BA.4.6.3 OR BA.4.6.4 OR BA.4.6.5 OR BA.4.7 OR BA.4.8 OR BA.5 OR BA.5.1 OR BA.5.1.1 OR BA.5.1.2 OR BA.5.1.3 OR BA.5.1.4 OR BA.5.1.5 OR BA.5.1.6 OR BA.5.1.7 OR BA.5.1.8 OR BA.5.1.9 OR BA.5.1.10 OR BA.5.1.11 OR BA.5.1.12 OR BA.5.1.14 OR BA.5.1.15 OR BA.5.1.16 OR BA.5.1.17 OR BA.5.1.18 OR BA.5.1.19 OR BA.5.1.20 OR BA.5.1.21 OR BA.5.1.22 OR BA.5.1.23 OR BA.5.1.24 OR BA.5.1.25 OR BA.5.1.26 OR BA.5.1.27 OR BA.5.1.28 OR BA.5.1.29 OR BA.5.1.30 OR BA.5.1.31 OR BA.5.1.32 OR BA.5.2 OR BA.5.2.1 OR BA.5.2.2 OR BA.5.2.3 OR BA.5.2.4 OR BA.5.2.5 OR BA.5.2.6 OR BA.5.2.7 OR BA.5.2.8 OR BA.5.2.9 OR BA.5.2.10 OR BA.5.2.11 OR BA.5.2.12 OR BA.5.2.13 OR BA.5.2.14 OR BA.5.2.16 OR BA.5.2.18 OR BA.5.2.19 OR BA.5.2.20 OR BA.5.2.21 OR BA.5.2.22 OR BA.5.2.23 OR BA.5.2.24 OR BA.5.2.25 OR BA.5.2.26 OR BA.5.2.27 OR BA.5.2.28 OR BA.5.2.29 OR BA.5.2.30 OR BA.5.2.31 OR BA.5.2.32 OR BA.5.2.33 OR BA.5.2.34 OR BA.5.2.35 OR BA.5.2.36 OR BA.5.2.37 OR BA.5.2.38 OR BA.5.2.39 OR BA.5.2.40 OR BA.5.2.41 OR BA.5.2.42 OR BA.5.2.43 OR BA.5.2.44 OR BA.5.2.45 OR BA.5.2.46 OR BA.5.2.47 OR BA.5.2.48 OR BA.5.2.49 OR BA.5.3 OR BA.5.3.1 OR BA.5.3.2 OR BA.5.3.3 OR BA.5.3.4 OR BA.5.3.5 OR BA.5.5 OR BA.5.5.1 OR BA.5.5.2 OR BA.5.5.3 OR BA.5.6 OR BA.5.6.1 OR BA.5.6.2 OR BA.5.6.3 OR BA.5.6.4 OR BA.5.7 OR BA.5.8 OR BA.5.9 OR BA.5.10 OR BA.5.10.1 OR BA.5.11 OR BC.1 OR BC.2 OR BD.1 OR BE.1 OR BE.1.1 OR BE.1.1.1 OR BE.1.1.2 OR BE.1.2 OR BE.1.2.1 OR BE.1.3 OR BE.1.4 OR BE.1.4.1 OR BE.1.4.2 OR BE.1.4.3 OR BE.1.4.4 OR BE.2 OR BE.3 OR BE.4 OR BE.4.1 OR BE.4.1.1 OR BE.4.2 OR BE.5 OR BE.6 OR BE.7 OR BE.8 OR BE.9 OR BE.10 OR BF.1 OR BF.1.1 OR BF.2 OR BF.3 OR BF.3.1 OR BF.4 OR BF.5 OR BF.5.1 OR BF.5.2 OR BF.6 OR BF.7 OR BF.7.1 OR BF.7.2 OR BF.7.3 OR BF.7.4 OR BF.7.4.1 OR BF.7.4.2 OR BF.7.5 OR BF.7.5.1 OR BF.7.6 OR BF.7.7 OR BF.7.8 OR BF.7.9 OR BF.7.10 OR BF.7.11 OR BF.7.12 OR BF.7.13 OR BF.7.13.1 OR BF.7.13.2 OR BF.7.14 OR BF.7.15 OR BF.8 OR BF.9 OR BF.10 OR BF.10.1 OR BF.11 OR BF.11.1 OR BF.11.2 OR BF.11.3 OR BF.11.4 OR BF.11.5 OR BF.12 OR BF.13 OR BF.14 OR BF.15 OR BF.16 OR BF.17 OR BF.18 OR BF.19 OR BF.20 OR BF.21 OR BF.22 OR BF.23 OR BF.24 OR BF.25 OR BF.26 OR BF.27 OR BF.28 OR BF.29 OR BF.30 OR BF.31 OR BF.31.1 OR BF.32 OR BF.33 OR BF.34 OR BG.1 OR BG.2 OR BG.3 OR BG.4 OR BG.5 OR BG.6 OR BG.7 OR BH.1 OR BJ.1 OR BK.1 OR BL.1 OR BL.1.1 OR BL.1.2 OR BL.1.3 OR BL.1.4 OR BL.2 OR BL.2.1 OR BL.3 OR BL.4 OR BL.5 OR BL.6 OR BM.1 OR BM.1.1 OR BM.1.1.1 OR BM.1.1.2 OR BM.1.1.3 OR BM.1.1.4 OR BM.1.1.5 OR BM.2 OR BM.2.1 OR BM.2.2 OR BM.2.3 OR BM.3 OR BM.4 OR BM.4.1 OR BM.4.1.1 OR BM.5 OR BM.6 OR BN.1 OR BN.1.1 OR BN.1.1.1 OR BN.1.2 OR BN.1.2.1 OR BN.1.3 OR BN.1.3.1 OR BN.1.3.2 OR BN.1.3.3 OR BN.1.3.4 OR BN.1.4 OR BN.1.4.1 OR BN.1.5 OR BN.1.5.1 OR BN.1.6 OR BN.1.7 OR BN.1.8 OR BN.1.9 OR BN.2 OR BN.2.1 OR BN.3 OR BN.3.1 OR BN.4 OR BN.5 OR BN.6 OR BP.1 OR BQ.1 OR BQ.1.1 OR BQ.1.1.1 OR BQ.1.1.2 OR BQ.1.1.3 OR BQ.1.1.4 OR BQ.1.1.5 OR BQ.1.1.6 OR BQ.1.1.7 OR BQ.1.1.8 OR BQ.1.1.9 OR BQ.1.1.10 OR BQ.1.1.11 OR BQ.1.1.12 OR BQ.1.1.13 OR BQ.1.1.14 OR BQ.1.1.15 OR BQ.1.1.16 OR BQ.1.1.17 OR BQ.1.1.18 OR BQ.1.1.19 OR BQ.1.1.20 OR BQ.1.1.21 OR BQ.1.1.22 OR BQ.1.1.23 OR BQ.1.1.24 OR BQ.1.1.25 OR BQ.1.1.26 OR BQ.1.1.27 OR BQ.1.1.28 OR BQ.1.1.29 OR BQ.1.1.30 OR BQ.1.1.31 OR BQ.1.1.32 OR BQ.1.1.34 OR BQ.1.1.35 OR BQ.1.1.36 OR BQ.1.2 OR BQ.1.3 OR BQ.1.4 OR BQ.1.5 OR BQ.1.6 OR BQ.1.7 OR BQ.1.8 OR BQ.1.8.1 OR BQ.1.8.2 OR BQ.1.9 OR BQ.1.10 OR BQ.1.10.1 OR BQ.1.11 OR BQ.1.12 OR BQ.1.13 OR BQ.1.13.1 OR BQ.1.14 OR BQ.1.15 OR BQ.1.16 OR BQ.1.17 OR BQ.1.18 OR BQ.1.19 OR BQ.1.20 OR BQ.1.21 OR BQ.1.22 OR BQ.1.23 OR BQ.1.24 OR BQ.1.25 OR BQ.1.25.1 OR BQ.1.26 OR BQ.1.26.1 OR BQ.1.27 OR BQ.1.28 OR BQ.2 OR BR.1 OR BR.1.1 OR BR.1.2 OR BR.2 OR BR.2.1 OR BR.3 OR BR.4 OR BS.1 OR BS.1.1 OR BS.1.2 OR BT.1 OR BT.2 OR BU.1 OR BU.2 OR BU.3 OR BV.1 OR BV.2 OR BW.1 OR BW.1.1 OR BY.1 OR BY.1.1 OR BY.1.1.1 OR BY.1.2 OR BY.1.2.1 OR BZ.1 OR CA.1 OR CA.2 OR CA.3 OR CA.3.1 OR CA.4 OR CA.5 OR CA.6 OR CA.7 OR CB.1 OR CC.1 OR CD.1 OR CD.2 OR CE.1 OR CF.1 OR CG.1 OR CH.1 OR CH.1.1 OR CH.1.1.1 OR CH.1.1.2 OR CH.1.1.3 OR CH.1.1.4 OR CH.1.1.5 OR CH.2 OR CH.3 OR CH.3.1 OR CJ.1 OR CJ.1.1 OR CK.1 OR CK.1.1 OR CK.1.2 OR CK.2 OR CK.2.1 OR CK.2.1.1 OR CK.3 OR CL.1 OR CM.1 OR CM.2 OR CM.2.1 OR CM.3 OR CM.4 OR CM.4.1 OR CM.5 OR CM.5.1 OR CM.5.2 OR CM.6 OR CM.6.1 OR CM.7 OR CM.8 OR CM.8.1 OR CM.9 OR CM.10 OR CM.11 OR CM.12 OR CN.1 OR CN.2 OR CP.1 OR CP.1.1 OR CP.1.2 OR CP.1.3 OR CP.2 OR CP.3 OR CP.4 OR CP.5 OR CP.6 OR CQ.1 OR CQ.1.1 OR CQ.2 OR CR.1 OR CR.1.1 OR CR.1.2 OR CR.1.3 OR CR.2 OR CS.1 OR CT.1 OR CU.1 OR CV.1 OR CV.2 OR CW.1 OR CY.1 OR CZ.1 OR DA.1 OR DB.1 OR DB.2 OR DC.1 OR DD.1 OR DE.1 OR DE.2 OR DF.1 OR DF.1.1 OR DG.1 OR DH.1 OR DJ.1 OR DJ.1.1 OR DJ.1.2 OR DJ.1.3 OR DK.1 OR DL.1 OR DM.1 OR DN.1 OR DN.1.1 OR DP.1 OR DQ.1 OR DR.1 OR DS.1 OR DT.1 OR DU.1 OR DV.1,Omicron,6,5.21428571428571,0.869047619047619
2022-01-16,3,3,6.28571428571429,5.57142857142857,0.886363636363636,0.66961109084845,0.999921500151634,B.1.1.529 OR BA.1 OR BA.1.1 OR BA.1.1.1 OR BA.1.1.2 OR BA.1.1.3 OR BA.1.1.4 OR BA.1.1.5 OR BA.1.1.6 OR BA.1.1.7 OR BA.1.1.8 OR BA.1.1.9 OR BA.1.1.10 OR BA.1.1.11 OR BA.1.1.12 OR BA.1.1.13 OR BA.1.1.14 OR BA.1.1.15 OR BA.1.1.16 OR BA.1.1.17 OR BA.1.1.18 OR BA.1.2 OR BA.1.3 OR BA.1.4 OR BA.1.5 OR BA.1.6 OR BA.1.7 OR BA.1.8 OR BA.1.9 OR BA.1.10 OR BA.1.12 OR BA.1.13 OR BA.1.13.1 OR BA.1.14 OR BA.1.14.1 OR BA.1.14.2 OR BA.1.15 OR BA.1.15.1 OR BA.1.15.2 OR BA.1.15.3 OR BA.1.16 OR BA.1.16.1 OR BA.1.16.2 OR BA.1.17 OR BA.1.17.1 OR BA.1.17.2 OR BA.1.18 OR BA.1.19 OR BA.1.20 OR BA.1.21 OR BA.1.21.1 OR BA.1.22 OR BA.1.23 OR BA.1.24 OR BA.2 OR BA.2.1 OR BA.2.2 OR BA.2.2.1 OR BA.2.3 OR BA.2.3.1 OR BA.2.3.2 OR BA.2.3.4 OR BA.2.3.5 OR BA.2.3.6 OR BA.2.3.7 OR BA.2.3.8 OR BA.2.3.9 OR BA.2.3.10 OR BA.2.3.11 OR BA.2.3.12 OR BA.2.3.13 OR BA.2.3.14 OR BA.2.3.15 OR BA.2.3.16 OR BA.2.3.17 OR BA.2.3.18 OR BA.2.3.19 OR BA.2.3.20 OR BA.2.3.21 OR BA.2.3.22 OR BA.2.4 OR BA.2.5 OR BA.2.6 OR BA.2.7 OR BA.2.8 OR BA.2.9 OR BA.2.9.1 OR BA.2.9.2 OR BA.2.9.3 OR BA.2.9.4 OR BA.2.9.5 OR BA.2.9.6 OR BA.2.9.7 OR BA.2.10 OR BA.2.10.1 OR BA.2.10.2 OR BA.2.10.3 OR BA.2.10.4 OR BA.2.11 OR BA.2.12 OR BA.2.12.1 OR BA.2.12.2 OR BA.2.13 OR BA.2.13.1 OR BA.2.14 OR BA.2.15 OR BA.2.16 OR BA.2.17 OR BA.2.18 OR BA.2.19 OR BA.2.20 OR BA.2.21 OR BA.2.22 OR BA.2.23 OR BA.2.23.1 OR BA.2.24 OR BA.2.25 OR BA.2.25.1 OR BA.2.26 OR BA.2.27 OR BA.2.28 OR BA.2.29 OR BA.2.30 OR BA.2.31 OR BA.2.31.1 OR BA.2.32 OR BA.2.33 OR BA.2.34 OR BA.2.35 OR BA.2.36 OR BA.2.37 OR BA.2.38 OR BA.2.38.1 OR BA.2.38.2 OR BA.2.38.3 OR BA.2.38.4 OR BA.2.39 OR BA.2.40 OR BA.2.40.1 OR BA.2.41 OR BA.2.42 OR BA.2.43 OR BA.2.44 OR BA.2.45 OR BA.2.46 OR BA.2.47 OR BA.2.48 OR BA.2.49 OR BA.2.50 OR BA.2.51 OR BA.2.52 OR BA.2.53 OR BA.2.54 OR BA.2.55 OR BA.2.56 OR BA.2.56.1 OR BA.2.57 OR BA.2.58 OR BA.2.59 OR BA.2.60 OR BA.2.61 OR BA.2.62 OR BA.2.63 OR BA.2.64 OR BA.2.65 OR BA.2.66 OR BA.2.67 OR BA.2.68 OR BA.2.69 OR BA.2.70 OR BA.2.71 OR BA.2.72 OR BA.2.73 OR BA.2.74 OR BA.2.75 OR BA.2.75.1 OR BA.2.75.2 OR BA.2.75.3 OR BA.2.75.4 OR BA.2.75.5 OR BA.2.75.6 OR BA.2.75.7 OR BA.2.75.8 OR BA.2.75.9 OR BA.2.75.10 OR BA.2.76 OR BA.2.76.1 OR BA.2.76.2 OR BA.2.77 OR BA.2.78 OR BA.2.79 OR BA.2.79.1 OR BA.2.80 OR BA.2.81 OR BA.2.82 OR BA.2.83 OR BA.2.85 OR BA.3 OR BA.3.1 OR BA.4 OR BA.4.1 OR BA.4.1.1 OR BA.4.1.2 OR BA.4.1.3 OR BA.4.1.4 OR BA.4.1.5 OR BA.4.1.6 OR BA.4.1.7 OR BA.4.1.8 OR BA.4.1.9 OR BA.4.1.10 OR BA.4.2 OR BA.4.3 OR BA.4.4 OR BA.4.5 OR BA.4.6 OR BA.4.6.1 OR BA.4.6.2 OR BA.4.6.3 OR BA.4.6.4 OR BA.4.6.5 OR BA.4.7 OR BA.4.8 OR BA.5 OR BA.5.1 OR BA.5.1.1 OR BA.5.1.2 OR BA.5.1.3 OR BA.5.1.4 OR BA.5.1.5 OR BA.5.1.6 OR BA.5.1.7 OR BA.5.1.8 OR BA.5.1.9 OR BA.5.1.10 OR BA.5.1.11 OR BA.5.1.12 OR BA.5.1.14 OR BA.5.1.15 OR BA.5.1.16 OR BA.5.1.17 OR BA.5.1.18 OR BA.5.1.19 OR BA.5.1.20 OR BA.5.1.21 OR BA.5.1.22 OR BA.5.1.23 OR BA.5.1.24 OR BA.5.1.25 OR BA.5.1.26 OR BA.5.1.27 OR BA.5.1.28 OR BA.5.1.29 OR BA.5.1.30 OR BA.5.1.31 OR BA.5.1.32 OR BA.5.2 OR BA.5.2.1 OR BA.5.2.2 OR BA.5.2.3 OR BA.5.2.4 OR BA.5.2.5 OR BA.5.2.6 OR BA.5.2.7 OR BA.5.2.8 OR BA.5.2.9 OR BA.5.2.10 OR BA.5.2.11 OR BA.5.2.12 OR BA.5.2.13 OR BA.5.2.14 OR BA.5.2.16 OR BA.5.2.18 OR BA.5.2.19 OR BA.5.2.20 OR BA.5.2.21 OR BA.5.2.22 OR BA.5.2.23 OR BA.5.2.24 OR BA.5.2.25 OR BA.5.2.26 OR BA.5.2.27 OR BA.5.2.28 OR BA.5.2.29 OR BA.5.2.30 OR BA.5.2.31 OR BA.5.2.32 OR BA.5.2.33 OR BA.5.2.34 OR BA.5.2.35 OR BA.5.2.36 OR BA.5.2.37 OR BA.5.2.38 OR BA.5.2.39 OR BA.5.2.40 OR BA.5.2.41 OR BA.5.2.42 OR BA.5.2.43 OR BA.5.2.44 OR BA.5.2.45 OR BA.5.2.46 OR BA.5.2.47 OR BA.5.2.48 OR BA.5.2.49 OR BA.5.3 OR BA.5.3.1 OR BA.5.3.2 OR BA.5.3.3 OR BA.5.3.4 OR BA.5.3.5 OR BA.5.5 OR BA.5.5.1 OR BA.5.5.2 OR BA.5.5.3 OR BA.5.6 OR BA.5.6.1 OR BA.5.6.2 OR BA.5.6.3 OR BA.5.6.4 OR BA.5.7 OR BA.5.8 OR BA.5.9 OR BA.5.10 OR BA.5.10.1 OR BA.5.11 OR BC.1 OR BC.2 OR BD.1 OR BE.1 OR BE.1.1 OR BE.1.1.1 OR BE.1.1.2 OR BE.1.2 OR BE.1.2.1 OR BE.1.3 OR BE.1.4 OR BE.1.4.1 OR BE.1.4.2 OR BE.1.4.3 OR BE.1.4.4 OR BE.2 OR BE.3 OR BE.4 OR BE.4.1 OR BE.4.1.1 OR BE.4.2 OR BE.5 OR BE.6 OR BE.7 OR BE.8 OR BE.9 OR BE.10 OR BF.1 OR BF.1.1 OR BF.2 OR BF.3 OR BF.3.1 OR BF.4 OR BF.5 OR BF.5.1 OR BF.5.2 OR BF.6 OR BF.7 OR BF.7.1 OR BF.7.2 OR BF.7.3 OR BF.7.4 OR BF.7.4.1 OR BF.7.4.2 OR BF.7.5 OR BF.7.5.1 OR BF.7.6 OR BF.7.7 OR BF.7.8 OR BF.7.9 OR BF.7.10 OR BF.7.11 OR BF.7.12 OR BF.7.13 OR BF.7.13.1 OR BF.7.13.2 OR BF.7.14 OR BF.7.15 OR BF.8 OR BF.9 OR BF.10 OR BF.10.1 OR BF.11 OR BF.11.1 OR BF.11.2 OR BF.11.3 OR BF.11.4 OR BF.11.5 OR BF.12 OR BF.13 OR BF.14 OR BF.15 OR BF.16 OR BF.17 OR BF.18 OR BF.19 OR BF.20 OR BF.21 OR BF.22 OR BF.23 OR BF.24 OR BF.25 OR BF.26 OR BF.27 OR BF.28 OR BF.29 OR BF.30 OR BF.31 OR BF.31.1 OR BF.32 OR BF.33 OR BF.34 OR BG.1 OR BG.2 OR BG.3 OR BG.4 OR BG.5 OR BG.6 OR BG.7 OR BH.1 OR BJ.1 OR BK.1 OR BL.1 OR BL.1.1 OR BL.1.2 OR BL.1.3 OR BL.1.4 OR BL.2 OR BL.2.1 OR BL.3 OR BL.4 OR BL.5 OR BL.6 OR BM.1 OR BM.1.1 OR BM.1.1.1 OR BM.1.1.2 OR BM.1.1.3 OR BM.1.1.4 OR BM.1.1.5 OR BM.2 OR BM.2.1 OR BM.2.2 OR BM.2.3 OR BM.3 OR BM.4 OR BM.4.1 OR BM.4.1.1 OR BM.5 OR BM.6 OR BN.1 OR BN.1.1 OR BN.1.1.1 OR BN.1.2 OR BN.1.2.1 OR BN.1.3 OR BN.1.3.1 OR BN.1.3.2 OR BN.1.3.3 OR BN.1.3.4 OR BN.1.4 OR BN.1.4.1 OR BN.1.5 OR BN.1.5.1 OR BN.1.6 OR BN.1.7 OR BN.1.8 OR BN.1.9 OR BN.2 OR BN.2.1 OR BN.3 OR BN.3.1 OR BN.4 OR BN.5 OR BN.6 OR BP.1 OR BQ.1 OR BQ.1.1 OR BQ.1.1.1 OR BQ.1.1.2 OR BQ.1.1.3 OR BQ.1.1.4 OR BQ.1.1.5 OR BQ.1.1.6 OR BQ.1.1.7 OR BQ.1.1.8 OR BQ.1.1.9 OR BQ.1.1.10 OR BQ.1.1.11 OR BQ.1.1.12 OR BQ.1.1.13 OR BQ.1.1.14 OR BQ.1.1.15 OR BQ.1.1.16 OR BQ.1.1.17 OR BQ.1.1.18 OR BQ.1.1.19 OR BQ.1.1.20 OR BQ.1.1.21 OR BQ.1.1.22 OR BQ.1.1.23 OR BQ.1.1.24 OR BQ.1.1.25 OR BQ.1.1.26 OR BQ.1.1.27 OR BQ.1.1.28 OR BQ.1.1.29 OR BQ.1.1.30 OR BQ.1.1.31 OR BQ.1.1.32 OR BQ.1.1.34 OR BQ.1.1.35 OR BQ.1.1.36 OR BQ.1.2 OR BQ.1.3 OR BQ.1.4 OR BQ.1.5 OR BQ.1.6 OR BQ.1.7 OR BQ.1.8 OR BQ.1.8.1 OR BQ.1.8.2 OR BQ.1.9 OR BQ.1.10 OR BQ.1.10.1 OR BQ.1.11 OR BQ.1.12 OR BQ.1.13 OR BQ.1.13.1 OR BQ.1.14 OR BQ.1.15 OR BQ.1.16 OR BQ.1.17 OR BQ.1.18 OR BQ.1.19 OR BQ.1.20 OR BQ.1.21 OR BQ.1.22 OR BQ.1.23 OR BQ.1.24 OR BQ.1.25 OR BQ.1.25.1 OR BQ.1.26 OR BQ.1.26.1 OR BQ.1.27 OR BQ.1.28 OR BQ.2 OR BR.1 OR BR.1.1 OR BR.1.2 OR BR.2 OR BR.2.1 OR BR.3 OR BR.4 OR BS.1 OR BS.1.1 OR BS.1.2 OR BT.1 OR BT.2 OR BU.1 OR BU.2 OR BU.3 OR BV.1 OR BV.2 OR BW.1 OR BW.1.1 OR BY.1 OR BY.1.1 OR BY.1.1.1 OR BY.1.2 OR BY.1.2.1 OR BZ.1 OR CA.1 OR CA.2 OR CA.3 OR CA.3.1 OR CA.4 OR CA.5 OR CA.6 OR CA.7 OR CB.1 OR CC.1 OR CD.1 OR CD.2 OR CE.1 OR CF.1 OR CG.1 OR CH.1 OR CH.1.1 OR CH.1.1.1 OR CH.1.1.2 OR CH.1.1.3 OR CH.1.1.4 OR CH.1.1.5 OR CH.2 OR CH.3 OR CH.3.1 OR CJ.1 OR CJ.1.1 OR CK.1 OR CK.1.1 OR CK.1.2 OR CK.2 OR CK.2.1 OR CK.2.1.1 OR CK.3 OR CL.1 OR CM.1 OR CM.2 OR CM.2.1 OR CM.3 OR CM.4 OR CM.4.1 OR CM.5 OR CM.5.1 OR CM.5.2 OR CM.6 OR CM.6.1 OR CM.7 OR CM.8 OR CM.8.1 OR CM.9 OR CM.10 OR CM.11 OR CM.12 OR CN.1 OR CN.2 OR CP.1 OR CP.1.1 OR CP.1.2 OR CP.1.3 OR CP.2 OR CP.3 OR CP.4 OR CP.5 OR CP.6 OR CQ.1 OR CQ.1.1 OR CQ.2 OR CR.1 OR CR.1.1 OR CR.1.2 OR CR.1.3 OR CR.2 OR CS.1 OR CT.1 OR CU.1 OR CV.1 OR CV.2 OR CW.1 OR CY.1 OR CZ.1 OR DA.1 OR DB.1 OR DB.2 OR DC.1 OR DD.1 OR DE.1 OR DE.2 OR DF.1 OR DF.1.1 OR DG.1 OR DH.1 OR DJ.1 OR DJ.1.1 OR DJ.1.2 OR DJ.1.3 OR DK.1 OR DL.1 OR DM.1 OR DN.1 OR DN.1.1 OR DP.1 OR DQ.1 OR DR.1 OR DS.1 OR DT.1 OR DU.1 OR DV.1,Omicron,6,5.21428571428571,0.869047619047619
2022-01-17,2,1,5.85714285714286,5,0.853658536585366,0.441943226390752,0.981379872880558,B.1.1.529 OR BA.1 OR BA.1.1 OR BA.1.1.1 OR BA.1.1.2 OR BA.1.1.3 OR BA.1.1.4 OR BA.1.1.5 OR BA.1.1.6 OR BA.1.1.7 OR BA.1.1.8 OR BA.1.1.9 OR BA.1.1.10 OR BA.1.1.11 OR BA.1.1.12 OR BA.1.1.13 OR BA.1.1.14 OR BA.1.1.15 OR BA.1.1.16 OR BA.1.1.17 OR BA.1.1.18 OR BA.1.2 OR BA.1.3 OR BA.1.4 OR BA.1.5 OR BA.1.6 OR BA.1.7 OR BA.1.8 OR BA.1.9 OR BA.1.10 OR BA.1.12 OR BA.1.13 OR BA.1.13.1 OR BA.1.14 OR BA.1.14.1 OR BA.1.14.2 OR BA.1.15 OR BA.1.15.1 OR BA.1.15.2 OR BA.1.15.3 OR BA.1.16 OR BA.1.16.1 OR BA.1.16.2 OR BA.1.17 OR BA.1.17.1 OR BA.1.17.2 OR BA.1.18 OR BA.1.19 OR BA.1.20 OR BA.1.21 OR BA.1.21.1 OR BA.1.22 OR BA.1.23 OR BA.1.24 OR BA.2 OR BA.2.1 OR BA.2.2 OR BA.2.2.1 OR BA.2.3 OR BA.2.3.1 OR BA.2.3.2 OR BA.2.3.4 OR BA.2.3.5 OR BA.2.3.6 OR BA.2.3.7 OR BA.2.3.8 OR BA.2.3.9 OR BA.2.3.10 OR BA.2.3.11 OR BA.2.3.12 OR BA.2.3.13 OR BA.2.3.14 OR BA.2.3.15 OR BA.2.3.16 OR BA.2.3.17 OR BA.2.3.18 OR BA.2.3.19 OR BA.2.3.20 OR BA.2.3.21 OR BA.2.3.22 OR BA.2.4 OR BA.2.5 OR BA.2.6 OR BA.2.7 OR BA.2.8 OR BA.2.9 OR BA.2.9.1 OR BA.2.9.2 OR BA.2.9.3 OR BA.2.9.4 OR BA.2.9.5 OR BA.2.9.6 OR BA.2.9.7 OR BA.2.10 OR BA.2.10.1 OR BA.2.10.2 OR BA.2.10.3 OR BA.2.10.4 OR BA.2.11 OR BA.2.12 OR BA.2.12.1 OR BA.2.12.2 OR BA.2.13 OR BA.2.13.1 OR BA.2.14 OR BA.2.15 OR BA.2.16 OR BA.2.17 OR BA.2.18 OR BA.2.19 OR BA.2.20 OR BA.2.21 OR BA.2.22 OR BA.2.23 OR BA.2.23.1 OR BA.2.24 OR BA.2.25 OR BA.2.25.1 OR BA.2.26 OR BA.2.27 OR BA.2.28 OR BA.2.29 OR BA.2.30 OR BA.2.31 OR BA.2.31.1 OR BA.2.32 OR BA.2.33 OR BA.2.34 OR BA.2.35 OR BA.2.36 OR BA.2.37 OR BA.2.38 OR BA.2.38.1 OR BA.2.38.2 OR BA.2.38.3 OR BA.2.38.4 OR BA.2.39 OR BA.2.40 OR BA.2.40.1 OR BA.2.41 OR BA.2.42 OR BA.2.43 OR BA.2.44 OR BA.2.45 OR BA.2.46 OR BA.2.47 OR BA.2.48 OR BA.2.49 OR BA.2.50 OR BA.2.51 OR BA.2.52 OR BA.2.53 OR BA.2.54 OR BA.2.55 OR BA.2.56 OR BA.2.56.1 OR BA.2.57 OR BA.2.58 OR BA.2.59 OR BA.2.60 OR BA.2.61 OR BA.2.62 OR BA.2.63 OR BA.2.64 OR BA.2.65 OR BA.2.66 OR BA.2.67 OR BA.2.68 OR BA.2.69 OR BA.2.70 OR BA.2.71 OR BA.2.72 OR BA.2.73 OR BA.2.74 OR BA.2.75 OR BA.2.75.1 OR BA.2.75.2 OR BA.2.75.3 OR BA.2.75.4 OR BA.2.75.5 OR BA.2.75.6 OR BA.2.75.7 OR BA.2.75.8 OR BA.2.75.9 OR BA.2.75.10 OR BA.2.76 OR BA.2.76.1 OR BA.2.76.2 OR BA.2.77 OR BA.2.78 OR BA.2.79 OR BA.2.79.1 OR BA.2.80 OR BA.2.81 OR BA.2.82 OR BA.2.83 OR BA.2.85 OR BA.3 OR BA.3.1 OR BA.4 OR BA.4.1 OR BA.4.1.1 OR BA.4.1.2 OR BA.4.1.3 OR BA.4.1.4 OR BA.4.1.5 OR BA.4.1.6 OR BA.4.1.7 OR BA.4.1.8 OR BA.4.1.9 OR BA.4.1.10 OR BA.4.2 OR BA.4.3 OR BA.4.4 OR BA.4.5 OR BA.4.6 OR BA.4.6.1 OR BA.4.6.2 OR BA.4.6.3 OR BA.4.6.4 OR BA.4.6.5 OR BA.4.7 OR BA.4.8 OR BA.5 OR BA.5.1 OR BA.5.1.1 OR BA.5.1.2 OR BA.5.1.3 OR BA.5.1.4 OR BA.5.1.5 OR BA.5.1.6 OR BA.5.1.7 OR BA.5.1.8 OR BA.5.1.9 OR BA.5.1.10 OR BA.5.1.11 OR BA.5.1.12 OR BA.5.1.14 OR BA.5.1.15 OR BA.5.1.16 OR BA.5.1.17 OR BA.5.1.18 OR BA.5.1.19 OR BA.5.1.20 OR BA.5.1.21 OR BA.5.1.22 OR BA.5.1.23 OR BA.5.1.24 OR BA.5.1.25 OR BA.5.1.26 OR BA.5.1.27 OR BA.5.1.28 OR BA.5.1.29 OR BA.5.1.30 OR BA.5.1.31 OR BA.5.1.32 OR BA.5.2 OR BA.5.2.1 OR BA.5.2.2 OR BA.5.2.3 OR BA.5.2.4 OR BA.5.2.5 OR BA.5.2.6 OR BA.5.2.7 OR BA.5.2.8 OR BA.5.2.9 OR BA.5.2.10 OR BA.5.2.11 OR BA.5.2.12 OR BA.5.2.13 OR BA.5.2.14 OR BA.5.2.16 OR BA.5.2.18 OR BA.5.2.19 OR BA.5.2.20 OR BA.5.2.21 OR BA.5.2.22 OR BA.5.2.23 OR BA.5.2.24 OR BA.5.2.25 OR BA.5.2.26 OR BA.5.2.27 OR BA.5.2.28 OR BA.5.2.29 OR BA.5.2.30 OR BA.5.2.31 OR BA.5.2.32 OR BA.5.2.33 OR BA.5.2.34 OR BA.5.2.35 OR BA.5.2.36 OR BA.5.2.37 OR BA.5.2.38 OR BA.5.2.39 OR BA.5.2.40 OR BA.5.2.41 OR BA.5.2.42 OR BA.5.2.43 OR BA.5.2.44 OR BA.5.2.45 OR BA.5.2.46 OR BA.5.2.47 OR BA.5.2.48 OR BA.5.2.49 OR BA.5.3 OR BA.5.3.1 OR BA.5.3.2 OR BA.5.3.3 OR BA.5.3.4 OR BA.5.3.5 OR BA.5.5 OR BA.5.5.1 OR BA.5.5.2 OR BA.5.5.3 OR BA.5.6 OR BA.5.6.1 OR BA.5.6.2 OR BA.5.6.3 OR BA.5.6.4 OR BA.5.7 OR BA.5.8 OR BA.5.9 OR BA.5.10 OR BA.5.10.1 OR BA.5.11 OR BC.1 OR BC.2 OR BD.1 OR BE.1 OR BE.1.1 OR BE.1.1.1 OR BE.1.1.2 OR BE.1.2 OR BE.1.2.1 OR BE.1.3 OR BE.1.4 OR BE.1.4.1 OR BE.1.4.2 OR BE.1.4.3 OR BE.1.4.4 OR BE.2 OR BE.3 OR BE.4 OR BE.4.1 OR BE.4.1.1 OR BE.4.2 OR BE.5 OR BE.6 OR BE.7 OR BE.8 OR BE.9 OR BE.10 OR BF.1 OR BF.1.1 OR BF.2 OR BF.3 OR BF.3.1 OR BF.4 OR BF.5 OR BF.5.1 OR BF.5.2 OR BF.6 OR BF.7 OR BF.7.1 OR BF.7.2 OR BF.7.3 OR BF.7.4 OR BF.7.4.1 OR BF.7.4.2 OR BF.7.5 OR BF.7.5.1 OR BF.7.6 OR BF.7.7 OR BF.7.8 OR BF.7.9 OR BF.7.10 OR BF.7.11 OR BF.7.12 OR BF.7.13 OR BF.7.13.1 OR BF.7.13.2 OR BF.7.14 OR BF.7.15 OR BF.8 OR BF.9 OR BF.10 OR BF.10.1 OR BF.11 OR BF.11.1 OR BF.11.2 OR BF.11.3 OR BF.11.4 OR BF.11.5 OR BF.12 OR BF.13 OR BF.14 OR BF.15 OR BF.16 OR BF.17 OR BF.18 OR BF.19 OR BF.20 OR BF.21 OR BF.22 OR BF.23 OR BF.24 OR BF.25 OR BF.26 OR BF.27 OR BF.28 OR BF.29 OR BF.30 OR BF.31 OR BF.31.1 OR BF.32 OR BF.33 OR BF.34 OR BG.1 OR BG.2 OR BG.3 OR BG.4 OR BG.5 OR BG.6 OR BG.7 OR BH.1 OR BJ.1 OR BK.1 OR BL.1 OR BL.1.1 OR BL.1.2 OR BL.1.3 OR BL.1.4 OR BL.2 OR BL.2.1 OR BL.3 OR BL.4 OR BL.5 OR BL.6 OR BM.1 OR BM.1.1 OR BM.1.1.1 OR BM.1.1.2 OR BM.1.1.3 OR BM.1.1.4 OR BM.1.1.5 OR BM.2 OR BM.2.1 OR BM.2.2 OR BM.2.3 OR BM.3 OR BM.4 OR BM.4.1 OR BM.4.1.1 OR BM.5 OR BM.6 OR BN.1 OR BN.1.1 OR BN.1.1.1 OR BN.1.2 OR BN.1.2.1 OR BN.1.3 OR BN.1.3.1 OR BN.1.3.2 OR BN.1.3.3 OR BN.1.3.4 OR BN.1.4 OR BN.1.4.1 OR BN.1.5 OR BN.1.5.1 OR BN.1.6 OR BN.1.7 OR BN.1.8 OR BN.1.9 OR BN.2 OR BN.2.1 OR BN.3 OR BN.3.1 OR BN.4 OR BN.5 OR BN.6 OR BP.1 OR BQ.1 OR BQ.1.1 OR BQ.1.1.1 OR BQ.1.1.2 OR BQ.1.1.3 OR BQ.1.1.4 OR BQ.1.1.5 OR BQ.1.1.6 OR BQ.1.1.7 OR BQ.1.1.8 OR BQ.1.1.9 OR BQ.1.1.10 OR BQ.1.1.11 OR BQ.1.1.12 OR BQ.1.1.13 OR BQ.1.1.14 OR BQ.1.1.15 OR BQ.1.1.16 OR BQ.1.1.17 OR BQ.1.1.18 OR BQ.1.1.19 OR BQ.1.1.20 OR BQ.1.1.21 OR BQ.1.1.22 OR BQ.1.1.23 OR BQ.1.1.24 OR BQ.1.1.25 OR BQ.1.1.26 OR BQ.1.1.27 OR BQ.1.1.28 OR BQ.1.1.29 OR BQ.1.1.30 OR BQ.1.1.31 OR BQ.1.1.32 OR BQ.1.1.34 OR BQ.1.1.35 OR BQ.1.1.36 OR BQ.1.2 OR BQ.1.3 OR BQ.1.4 OR BQ.1.5 OR BQ.1.6 OR BQ.1.7 OR BQ.1.8 OR BQ.1.8.1 OR BQ.1.8.2 OR BQ.1.9 OR BQ.1.10 OR BQ.1.10.1 OR BQ.1.11 OR BQ.1.12 OR BQ.1.13 OR BQ.1.13.1 OR BQ.1.14 OR BQ.1.15 OR BQ.1.16 OR BQ.1.17 OR BQ.1.18 OR BQ.1.19 OR BQ.1.20 OR BQ.1.21 OR BQ.1.22 OR BQ.1.23 OR BQ.1.24 OR BQ.1.25 OR BQ.1.25.1 OR BQ.1.26 OR BQ.1.26.1 OR BQ.1.27 OR BQ.1.28 OR BQ.2 OR BR.1 OR BR.1.1 OR BR.1.2 OR BR.2 OR BR.2.1 OR BR.3 OR BR.4 OR BS.1 OR BS.1.1 OR BS.1.2 OR BT.1 OR BT.2 OR BU.1 OR BU.2 OR BU.3 OR BV.1 OR BV.2 OR BW.1 OR BW.1.1 OR BY.1 OR BY.1.1 OR BY.1.1.1 OR BY.1.2 OR BY.1.2.1 OR BZ.1 OR CA.1 OR CA.2 OR CA.3 OR CA.3.1 OR CA.4 OR CA.5 OR CA.6 OR CA.7 OR CB.1 OR CC.1 OR CD.1 OR CD.2 OR CE.1 OR CF.1 OR CG.1 OR CH.1 OR CH.1.1 OR CH.1.1.1 OR CH.1.1.2 OR CH.1.1.3 OR CH.1.1.4 OR CH.1.1.5 OR CH.2 OR CH.3 OR CH.3.1 OR CJ.1 OR CJ.1.1 OR CK.1 OR CK.1.1 OR CK.1.2 OR CK.2 OR CK.2.1 OR CK.2.1.1 OR CK.3 OR CL.1 OR CM.1 OR CM.2 OR CM.2.1 OR CM.3 OR CM.4 OR CM.4.1 OR CM.5 OR CM.5.1 OR CM.5.2 OR CM.6 OR CM.6.1 OR CM.7 OR CM.8 OR CM.8.1 OR CM.9 OR CM.10 OR CM.11 OR CM.12 OR CN.1 OR CN.2 OR CP.1 OR CP.1.1 OR CP.1.2 OR CP.1.3 OR CP.2 OR CP.3 OR CP.4 OR CP.5 OR CP.6 OR CQ.1 OR CQ.1.1 OR CQ.2 OR CR.1 OR CR.1.1 OR CR.1.2 OR CR.1.3 OR CR.2 OR CS.1 OR CT.1 OR CU.1 OR CV.1 OR CV.2 OR CW.1 OR CY.1 OR CZ.1 OR DA.1 OR DB.1 OR DB.2 OR DC.1 OR DD.1 OR DE.1 OR DE.2 OR DF.1 OR DF.1.1 OR DG.1 OR DH.1 OR DJ.1 OR DJ.1.1 OR DJ.1.2 OR DJ.1.3 OR DK.1 OR DL.1 OR DM.1 OR DN.1 OR DN.1.1 OR DP.1 OR DQ.1 OR DR.1 OR DS.1 OR DT.1 OR DU.1 OR DV.1,Omicron,5.78571428571429,5.07142857142857,0.876543209876543
2022-01-18,3,3,5.28571428571429,4.71428571428571,0.891891891891892,0.620622857700961,0.99990657939996,B.1.1.529 OR BA.1 OR BA.1.1 OR BA.1.1.1 OR BA.1.1.2 OR BA.1.1.3 OR BA.1.1.4 OR BA.1.1.5 OR BA.1.1.6 OR BA.1.1.7 OR BA.1.1.8 OR BA.1.1.9 OR BA.1.1.10 OR BA.1.1.11 OR BA.1.1.12 OR BA.1.1.13 OR BA.1.1.14 OR BA.1.1.15 OR BA.1.1.16 OR BA.1.1.17 OR BA.1.1.18 OR BA.1.2 OR BA.1.3 OR BA.1.4 OR BA.1.5 OR BA.1.6 OR BA.1.7 OR BA.1.8 OR BA.1.9 OR BA.1.10 OR BA.1.12 OR BA.1.13 OR BA.1.13.1 OR BA.1.14 OR BA.1.14.1 OR BA.1.14.2 OR BA.1.15 OR BA.1.15.1 OR BA.1.15.2 OR BA.1.15.3 OR BA.1.16 OR BA.1.16.1 OR BA.1.16.2 OR BA.1.17 OR BA.1.17.1 OR BA.1.17.2 OR BA.1.18 OR BA.1.19 OR BA.1.20 OR BA.1.21 OR BA.1.21.1 OR BA.1.22 OR BA.1.23 OR BA.1.24 OR BA.2 OR BA.2.1 OR BA.2.2 OR BA.2.2.1 OR BA.2.3 OR BA.2.3.1 OR BA.2.3.2 OR BA.2.3.4 OR BA.2.3.5 OR BA.2.3.6 OR BA.2.3.7 OR BA.2.3.8 OR BA.2.3.9 OR BA.2.3.10 OR BA.2.3.11 OR BA.2.3.12 OR BA.2.3.13 OR BA.2.3.14 OR BA.2.3.15 OR BA.2.3.16 OR BA.2.3.17 OR BA.2.3.18 OR BA.2.3.19 OR BA.2.3.20 OR BA.2.3.21 OR BA.2.3.22 OR BA.2.4 OR BA.2.5 OR BA.2.6 OR BA.2.7 OR BA.2.8 OR BA.2.9 OR BA.2.9.1 OR BA.2.9.2 OR BA.2.9.3 OR BA.2.9.4 OR BA.2.9.5 OR BA.2.9.6 OR BA.2.9.7 OR BA.2.10 OR BA.2.10.1 OR BA.2.10.2 OR BA.2.10.3 OR BA.2.10.4 OR BA.2.11 OR BA.2.12 OR BA.2.12.1 OR BA.2.12.2 OR BA.2.13 OR BA.2.13.1 OR BA.2.14 OR BA.2.15 OR BA.2.16 OR BA.2.17 OR BA.2.18 OR BA.2.19 OR BA.2.20 OR BA.2.21 OR BA.2.22 OR BA.2.23 OR BA.2.23.1 OR BA.2.24 OR BA.2.25 OR BA.2.25.1 OR BA.2.26 OR BA.2.27 OR BA.2.28 OR BA.2.29 OR BA.2.30 OR BA.2.31 OR BA.2.31.1 OR BA.2.32 OR BA.2.33 OR BA.2.34 OR BA.2.35 OR BA.2.36 OR BA.2.37 OR BA.2.38 OR BA.2.38.1 OR BA.2.38.2 OR BA.2.38.3 OR BA.2.38.4 OR BA.2.39 OR BA.2.40 OR BA.2.40.1 OR BA.2.41 OR BA.2.42 OR BA.2.43 OR BA.2.44 OR BA.2.45 OR BA.2.46 OR BA.2.47 OR BA.2.48 OR BA.2.49 OR BA.2.50 OR BA.2.51 OR BA.2.52 OR BA.2.53 OR BA.2.54 OR BA.2.55 OR BA.2.56 OR BA.2.56.1 OR BA.2.57 OR BA.2.58 OR BA.2.59 OR BA.2.60 OR BA.2.61 OR BA.2.62 OR BA.2.63 OR BA.2.64 OR BA.2.65 OR BA.2.66 OR BA.2.67 OR BA.2.68 OR BA.2.69 OR BA.2.70 OR BA.2.71 OR BA.2.72 OR BA.2.73 OR BA.2.74 OR BA.2.75 OR BA.2.75.1 OR BA.2.75.2 OR BA.2.75.3 OR BA.2.75.4 OR BA.2.75.5 OR BA.2.75.6 OR BA.2.75.7 OR BA.2.75.8 OR BA.2.75.9 OR BA.2.75.10 OR BA.2.76 OR BA.2.76.1 OR BA.2.76.2 OR BA.2.77 OR BA.2.78 OR BA.2.79 OR BA.2.79.1 OR BA.2.80 OR BA.2.81 OR BA.2.82 OR BA.2.83 OR BA.2.85 OR BA.3 OR BA.3.1 OR BA.4 OR BA.4.1 OR BA.4.1.1 OR BA.4.1.2 OR BA.4.1.3 OR BA.4.1.4 OR BA.4.1.5 OR BA.4.1.6 OR BA.4.1.7 OR BA.4.1.8 OR BA.4.1.9 OR BA.4.1.10 OR BA.4.2 OR BA.4.3 OR BA.4.4 OR BA.4.5 OR BA.4.6 OR BA.4.6.1 OR BA.4.6.2 OR BA.4.6.3 OR BA.4.6.4 OR BA.4.6.5 OR BA.4.7 OR BA.4.8 OR BA.5 OR BA.5.1 OR BA.5.1.1 OR BA.5.1.2 OR BA.5.1.3 OR BA.5.1.4 OR BA.5.1.5 OR BA.5.1.6 OR BA.5.1.7 OR BA.5.1.8 OR BA.5.1.9 OR BA.5.1.10 OR BA.5.1.11 OR BA.5.1.12 OR BA.5.1.14 OR BA.5.1.15 OR BA.5.1.16 OR BA.5.1.17 OR BA.5.1.18 OR BA.5.1.19 OR BA.5.1.20 OR BA.5.1.21 OR BA.5.1.22 OR BA.5.1.23 OR BA.5.1.24 OR BA.5.1.25 OR BA.5.1.26 OR BA.5.1.27 OR BA.5.1.28 OR BA.5.1.29 OR BA.5.1.30 OR BA.5.1.31 OR BA.5.1.32 OR BA.5.2 OR BA.5.2.1 OR BA.5.2.2 OR BA.5.2.3 OR BA.5.2.4 OR BA.5.2.5 OR BA.5.2.6 OR BA.5.2.7 OR BA.5.2.8 OR BA.5.2.9 OR BA.5.2.10 OR BA.5.2.11 OR BA.5.2.12 OR BA.5.2.13 OR BA.5.2.14 OR BA.5.2.16 OR BA.5.2.18 OR BA.5.2.19 OR BA.5.2.20 OR BA.5.2.21 OR BA.5.2.22 OR BA.5.2.23 OR BA.5.2.24 OR BA.5.2.25 OR BA.5.2.26 OR BA.5.2.27 OR BA.5.2.28 OR BA.5.2.29 OR BA.5.2.30 OR BA.5.2.31 OR BA.5.2.32 OR BA.5.2.33 OR BA.5.2.34 OR BA.5.2.35 OR BA.5.2.36 OR BA.5.2.37 OR BA.5.2.38 OR BA.5.2.39 OR BA.5.2.40 OR BA.5.2.41 OR BA.5.2.42 OR BA.5.2.43 OR BA.5.2.44 OR BA.5.2.45 OR BA.5.2.46 OR BA.5.2.47 OR BA.5.2.48 OR BA.5.2.49 OR BA.5.3 OR BA.5.3.1 OR BA.5.3.2 OR BA.5.3.3 OR BA.5.3.4 OR BA.5.3.5 OR BA.5.5 OR BA.5.5.1 OR BA.5.5.2 OR BA.5.5.3 OR BA.5.6 OR BA.5.6.1 OR BA.5.6.2 OR BA.5.6.3 OR BA.5.6.4 OR BA.5.7 OR BA.5.8 OR BA.5.9 OR BA.5.10 OR BA.5.10.1 OR BA.5.11 OR BC.1 OR BC.2 OR BD.1 OR BE.1 OR BE.1.1 OR BE.1.1.1 OR BE.1.1.2 OR BE.1.2 OR BE.1.2.1 OR BE.1.3 OR BE.1.4 OR BE.1.4.1 OR BE.1.4.2 OR BE.1.4.3 OR BE.1.4.4 OR BE.2 OR BE.3 OR BE.4 OR BE.4.1 OR BE.4.1.1 OR BE.4.2 OR BE.5 OR BE.6 OR BE.7 OR BE.8 OR BE.9 OR BE.10 OR BF.1 OR BF.1.1 OR BF.2 OR BF.3 OR BF.3.1 OR BF.4 OR BF.5 OR BF.5.1 OR BF.5.2 OR BF.6 OR BF.7 OR BF.7.1 OR BF.7.2 OR BF.7.3 OR BF.7.4 OR BF.7.4.1 OR BF.7.4.2 OR BF.7.5 OR BF.7.5.1 OR BF.7.6 OR BF.7.7 OR BF.7.8 OR BF.7.9 OR BF.7.10 OR BF.7.11 OR BF.7.12 OR BF.7.13 OR BF.7.13.1 OR BF.7.13.2 OR BF.7.14 OR BF.7.15 OR BF.8 OR BF.9 OR BF.10 OR BF.10.1 OR BF.11 OR BF.11.1 OR BF.11.2 OR BF.11.3 OR BF.11.4 OR BF.11.5 OR BF.12 OR BF.13 OR BF.14 OR BF.15 OR BF.16 OR BF.17 OR BF.18 OR BF.19 OR BF.20 OR BF.21 OR BF.22 OR BF.23 OR BF.24 OR BF.25 OR BF.26 OR BF.27 OR BF.28 OR BF.29 OR BF.30 OR BF.31 OR BF.31.1 OR BF.32 OR BF.33 OR BF.34 OR BG.1 OR BG.2 OR BG.3 OR BG.4 OR BG.5 OR BG.6 OR BG.7 OR BH.1 OR BJ.1 OR BK.1 OR BL.1 OR BL.1.1 OR BL.1.2 OR BL.1.3 OR BL.1.4 OR BL.2 OR BL.2.1 OR BL.3 OR BL.4 OR BL.5 OR BL.6 OR BM.1 OR BM.1.1 OR BM.1.1.1 OR BM.1.1.2 OR BM.1.1.3 OR BM.1.1.4 OR BM.1.1.5 OR BM.2 OR BM.2.1 OR BM.2.2 OR BM.2.3 OR BM.3 OR BM.4 OR BM.4.1 OR BM.4.1.1 OR BM.5 OR BM.6 OR BN.1 OR BN.1.1 OR BN.1.1.1 OR BN.1.2 OR BN.1.2.1 OR BN.1.3 OR BN.1.3.1 OR BN.1.3.2 OR BN.1.3.3 OR BN.1.3.4 OR BN.1.4 OR BN.1.4.1 OR BN.1.5 OR BN.1.5.1 OR BN.1.6 OR BN.1.7 OR BN.1.8 OR BN.1.9 OR BN.2 OR BN.2.1 OR BN.3 OR BN.3.1 OR BN.4 OR BN.5 OR BN.6 OR BP.1 OR BQ.1 OR BQ.1.1 OR BQ.1.1.1 OR BQ.1.1.2 OR BQ.1.1.3 OR BQ.1.1.4 OR BQ.1.1.5 OR BQ.1.1.6 OR BQ.1.1.7 OR BQ.1.1.8 OR BQ.1.1.9 OR BQ.1.1.10 OR BQ.1.1.11 OR BQ.1.1.12 OR BQ.1.1.13 OR BQ.1.1.14 OR BQ.1.1.15 OR BQ.1.1.16 OR BQ.1.1.17 OR BQ.1.1.18 OR BQ.1.1.19 OR BQ.1.1.20 OR BQ.1.1.21 OR BQ.1.1.22 OR BQ.1.1.23 OR BQ.1.1.24 OR BQ.1.1.25 OR BQ.1.1.26 OR BQ.1.1.27 OR BQ.1.1.28 OR BQ.1.1.29 OR BQ.1.1.30 OR BQ.1.1.31 OR BQ.1.1.32 OR BQ.1.1.34 OR BQ.1.1.35 OR BQ.1.1.36 OR BQ.1.2 OR BQ.1.3 OR BQ.1.4 OR BQ.1.5 OR BQ.1.6 OR BQ.1.7 OR BQ.1.8 OR BQ.1.8.1 OR BQ.1.8.2 OR BQ.1.9 OR BQ.1.10 OR BQ.1.10.1 OR BQ.1.11 OR BQ.1.12 OR BQ.1.13 OR BQ.1.13.1 OR BQ.1.14 OR BQ.1.15 OR BQ.1.16 OR BQ.1.17 OR BQ.1.18 OR BQ.1.19 OR BQ.1.20 OR BQ.1.21 OR BQ.1.22 OR BQ.1.23 OR BQ.1.24 OR BQ.1.25 OR BQ.1.25.1 OR BQ.1.26 OR BQ.1.26.1 OR BQ.1.27 OR BQ.1.28 OR BQ.2 OR BR.1 OR BR.1.1 OR BR.1.2 OR BR.2 OR BR.2.1 OR BR.3 OR BR.4 OR BS.1 OR BS.1.1 OR BS.1.2 OR BT.1 OR BT.2 OR BU.1 OR BU.2 OR BU.3 OR BV.1 OR BV.2 OR BW.1 OR BW.1.1 OR BY.1 OR BY.1.1 OR BY.1.1.1 OR BY.1.2 OR BY.1.2.1 OR BZ.1 OR CA.1 OR CA.2 OR CA.3 OR CA.3.1 OR CA.4 OR CA.5 OR CA.6 OR CA.7 OR CB.1 OR CC.1 OR CD.1 OR CD.2 OR CE.1 OR CF.1 OR CG.1 OR CH.1 OR CH.1.1 OR CH.1.1.1 OR CH.1.1.2 OR CH.1.1.3 OR CH.1.1.4 OR CH.1.1.5 OR CH.2 OR CH.3 OR CH.3.1 OR CJ.1 OR CJ.1.1 OR CK.1 OR CK.1.1 OR CK.1.2 OR CK.2 OR CK.2.1 OR CK.2.1.1 OR CK.3 OR CL.1 OR CM.1 OR CM.2 OR CM.2.1 OR CM.3 OR CM.4 OR CM.4.1 OR CM.5 OR CM.5.1 OR CM.5.2 OR CM.6 OR CM.6.1 OR CM.7 OR CM.8 OR CM.8.1 OR CM.9 OR CM.10 OR CM.11 OR CM.12 OR CN.1 OR CN.2 OR CP.1 OR CP.1.1 OR CP.1.2 OR CP.1.3 OR CP.2 OR CP.3 OR CP.4 OR CP.5 OR CP.6 OR CQ.1 OR CQ.1.1 OR CQ.2 OR CR.1 OR CR.1.1 OR CR.1.2 OR CR.1.3 OR CR.2 OR CS.1 OR CT.1 OR CU.1 OR CV.1 OR CV.2 OR CW.1 OR CY.1 OR CZ.1 OR DA.1 OR DB.1 OR DB.2 OR DC.1 OR DD.1 OR DE.1 OR DE.2 OR DF.1 OR DF.1.1 OR DG.1 OR DH.1 OR DJ.1 OR DJ.1.1 OR DJ.1.2 OR DJ.1.3 OR DK.1 OR DL.1 OR DM.1 OR DN.1 OR DN.1.1 OR DP.1 OR DQ.1 OR DR.1 OR DS.1 OR DT.1 OR DU.1 OR DV.1,Omicron,5.78571428571429,5.14285714285714,0.888888888888889
2022-01-19,4,4,4.57142857142857,4.14285714285714,0.90625,0.371373599368006,0.977487234000845,B.1.1.529 OR BA.1 OR BA.1.1 OR BA.1.1.1 OR BA.1.1.2 OR BA.1.1.3 OR BA.1.1.4 OR BA.1.1.5 OR BA.1.1.6 OR BA.1.1.7 OR BA.1.1.8 OR BA.1.1.9 OR BA.1.1.10 OR BA.1.1.11 OR BA.1.1.12 OR BA.1.1.13 OR BA.1.1.14 OR BA.1.1.15 OR BA.1.1.16 OR BA.1.1.17 OR BA.1.1.18 OR BA.1.2 OR BA.1.3 OR BA.1.4 OR BA.1.5 OR BA.1.6 OR BA.1.7 OR BA.1.8 OR BA.1.9 OR BA.1.10 OR BA.1.12 OR BA.1.13 OR BA.1.13.1 OR BA.1.14 OR BA.1.14.1 OR BA.1.14.2 OR BA.1.15 OR BA.1.15.1 OR BA.1.15.2 OR BA.1.15.3 OR BA.1.16 OR BA.1.16.1 OR BA.1.16.2 OR BA.1.17 OR BA.1.17.1 OR BA.1.17.2 OR BA.1.18 OR BA.1.19 OR BA.1.20 OR BA.1.21 OR BA.1.21.1 OR BA.1.22 OR BA.1.23 OR BA.1.24 OR BA.2 OR BA.2.1 OR BA.2.2 OR BA.2.2.1 OR BA.2.3 OR BA.2.3.1 OR BA.2.3.2 OR BA.2.3.4 OR BA.2.3.5 OR BA.2.3.6 OR BA.2.3.7 OR BA.2.3.8 OR BA.2.3.9 OR BA.2.3.10 OR BA.2.3.11 OR BA.2.3.12 OR BA.2.3.13 OR BA.2.3.14 OR BA.2.3.15 OR BA.2.3.16 OR BA.2.3.17 OR BA.2.3.18 OR BA.2.3.19 OR BA.2.3.20 OR BA.2.3.21 OR BA.2.3.22 OR BA.2.4 OR BA.2.5 OR BA.2.6 OR BA.2.7 OR BA.2.8 OR BA.2.9 OR BA.2.9.1 OR BA.2.9.2 OR BA.2.9.3 OR BA.2.9.4 OR BA.2.9.5 OR BA.2.9.6 OR BA.2.9.7 OR BA.2.10 OR BA.2.10.1 OR BA.2.10.2 OR BA.2.10.3 OR BA.2.10.4 OR BA.2.11 OR BA.2.12 OR BA.2.12.1 OR BA.2.12.2 OR BA.2.13 OR BA.2.13.1 OR BA.2.14 OR BA.2.15 OR BA.2.16 OR BA.2.17 OR BA.2.18 OR BA.2.19 OR BA.2.20 OR BA.2.21 OR BA.2.22 OR BA.2.23 OR BA.2.23.1 OR BA.2.24 OR BA.2.25 OR BA.2.25.1 OR BA.2.26 OR BA.2.27 OR BA.2.28 OR BA.2.29 OR BA.2.30 OR BA.2.31 OR BA.2.31.1 OR BA.2.32 OR BA.2.33 OR BA.2.34 OR BA.2.35 OR BA.2.36 OR BA.2.37 OR BA.2.38 OR BA.2.38.1 OR BA.2.38.2 OR BA.2.38.3 OR BA.2.38.4 OR BA.2.39 OR BA.2.40 OR BA.2.40.1 OR BA.2.41 OR BA.2.42 OR BA.2.43 OR BA.2.44 OR BA.2.45 OR BA.2.46 OR BA.2.47 OR BA.2.48 OR BA.2.49 OR BA.2.50 OR BA.2.51 OR BA.2.52 OR BA.2.53 OR BA.2.54 OR BA.2.55 OR BA.2.56 OR BA.2.56.1 OR BA.2.57 OR BA.2.58 OR BA.2.59 OR BA.2.60 OR BA.2.61 OR BA.2.62 OR BA.2.63 OR BA.2.64 OR BA.2.65 OR BA.2.66 OR BA.2.67 OR BA.2.68 OR BA.2.69 OR BA.2.70 OR BA.2.71 OR BA.2.72 OR BA.2.73 OR BA.2.74 OR BA.2.75 OR BA.2.75.1 OR BA.2.75.2 OR BA.2.75.3 OR BA.2.75.4 OR BA.2.75.5 OR BA.2.75.6 OR BA.2.75.7 OR BA.2.75.8 OR BA.2.75.9 OR BA.2.75.10 OR BA.2.76 OR BA.2.76.1 OR BA.2.76.2 OR BA.2.77 OR BA.2.78 OR BA.2.79 OR BA.2.79.1 OR BA.2.80 OR BA.2.81 OR BA.2.82 OR BA.2.83 OR BA.2.85 OR BA.3 OR BA.3.1 OR BA.4 OR BA.4.1 OR BA.4.1.1 OR BA.4.1.2 OR BA.4.1.3 OR BA.4.1.4 OR BA.4.1.5 OR BA.4.1.6 OR BA.4.1.7 OR BA.4.1.8 OR BA.4.1.9 OR BA.4.1.10 OR BA.4.2 OR BA.4.3 OR BA.4.4 OR BA.4.5 OR BA.4.6 OR BA.4.6.1 OR BA.4.6.2 OR BA.4.6.3 OR BA.4.6.4 OR BA.4.6.5 OR BA.4.7 OR BA.4.8 OR BA.5 OR BA.5.1 OR BA.5.1.1 OR BA.5.1.2 OR BA.5.1.3 OR BA.5.1.4 OR BA.5.1.5 OR BA.5.1.6 OR BA.5.1.7 OR BA.5.1.8 OR BA.5.1.9 OR BA.5.1.10 OR BA.5.1.11 OR BA.5.1.12 OR BA.5.1.14 OR BA.5.1.15 OR BA.5.1.16 OR BA.5.1.17 OR BA.5.1.18 OR BA.5.1.19 OR BA.5.1.20 OR BA.5.1.21 OR BA.5.1.22 OR BA.5.1.23 OR BA.5.1.24 OR BA.5.1.25 OR BA.5.1.26 OR BA.5.1.27 OR BA.5.1.28 OR BA.5.1.29 OR BA.5.1.30 OR BA.5.1.31 OR BA.5.1.32 OR BA.5.2 OR BA.5.2.1 OR BA.5.2.2 OR BA.5.2.3 OR BA.5.2.4 OR BA.5.2.5 OR BA.5.2.6 OR BA.5.2.7 OR BA.5.2.8 OR BA.5.2.9 OR BA.5.2.10 OR BA.5.2.11 OR BA.5.2.12 OR BA.5.2.13 OR BA.5.2.14 OR BA.5.2.16 OR BA.5.2.18 OR BA.5.2.19 OR BA.5.2.20 OR BA.5.2.21 OR BA.5.2.22 OR BA.5.2.23 OR BA.5.2.24 OR BA.5.2.25 OR BA.5.2.26 OR BA.5.2.27 OR BA.5.2.28 OR BA.5.2.29 OR BA.5.2.30 OR BA.5.2.31 OR BA.5.2.32 OR BA.5.2.33 OR BA.5.2.34 OR BA.5.2.35 OR BA.5.2.36 OR BA.5.2.37 OR BA.5.2.38 OR BA.5.2.39 OR BA.5.2.40 OR BA.5.2.41 OR BA.5.2.42 OR BA.5.2.43 OR BA.5.2.44 OR BA.5.2.45 OR BA.5.2.46 OR BA.5.2.47 OR BA.5.2.48 OR BA.5.2.49 OR BA.5.3 OR BA.5.3.1 OR BA.5.3.2 OR BA.5.3.3 OR BA.5.3.4 OR BA.5.3.5 OR BA.5.5 OR BA.5.5.1 OR BA.5.5.2 OR BA.5.5.3 OR BA.5.6 OR BA.5.6.1 OR BA.5.6.2 OR BA.5.6.3 OR BA.5.6.4 OR BA.5.7 OR BA.5.8 OR BA.5.9 OR BA.5.10 OR BA.5.10.1 OR BA.5.11 OR BC.1 OR BC.2 OR BD.1 OR BE.1 OR BE.1.1 OR BE.1.1.1 OR BE.1.1.2 OR BE.1.2 OR BE.1.2.1 OR BE.1.3 OR BE.1.4 OR BE.1.4.1 OR BE.1.4.2 OR BE.1.4.3 OR BE.1.4.4 OR BE.2 OR BE.3 OR BE.4 OR BE.4.1 OR BE.4.1.1 OR BE.4.2 OR BE.5 OR BE.6 OR BE.7 OR BE.8 OR BE.9 OR BE.10 OR BF.1 OR BF.1.1 OR BF.2 OR BF.3 OR BF.3.1 OR BF.4 OR BF.5 OR BF.5.1 OR BF.5.2 OR BF.6 OR BF.7 OR BF.7.1 OR BF.7.2 OR BF.7.3 OR BF.7.4 OR BF.7.4.1 OR BF.7.4.2 OR BF.7.5 OR BF.7.5.1 OR BF.7.6 OR BF.7.7 OR BF.7.8 OR BF.7.9 OR BF.7.10 OR BF.7.11 OR BF.7.12 OR BF.7.13 OR BF.7.13.1 OR BF.7.13.2 OR BF.7.14 OR BF.7.15 OR BF.8 OR BF.9 OR BF.10 OR BF.10.1 OR BF.11 OR BF.11.1 OR BF.11.2 OR BF.11.3 OR BF.11.4 OR BF.11.5 OR BF.12 OR BF.13 OR BF.14 OR BF.15 OR BF.16 OR BF.17 OR BF.18 OR BF.19 OR BF.20 OR BF.21 OR BF.22 OR BF.23 OR BF.24 OR BF.25 OR BF.26 OR BF.27 OR BF.28 OR BF.29 OR BF.30 OR BF.31 OR BF.31.1 OR BF.32 OR BF.33 OR BF.34 OR BG.1 OR BG.2 OR BG.3 OR BG.4 OR BG.5 OR BG.6 OR BG.7 OR BH.1 OR BJ.1 OR BK.1 OR BL.1 OR BL.1.1 OR BL.1.2 OR BL.1.3 OR BL.1.4 OR BL.2 OR BL.2.1 OR BL.3 OR BL.4 OR BL.5 OR BL.6 OR BM.1 OR BM.1.1 OR BM.1.1.1 OR BM.1.1.2 OR BM.1.1.3 OR BM.1.1.4 OR BM.1.1.5 OR BM.2 OR BM.2.1 OR BM.2.2 OR BM.2.3 OR BM.3 OR BM.4 OR BM.4.1 OR BM.4.1.1 OR BM.5 OR BM.6 OR BN.1 OR BN.1.1 OR BN.1.1.1 OR BN.1.2 OR BN.1.2.1 OR BN.1.3 OR BN.1.3.1 OR BN.1.3.2 OR BN.1.3.3 OR BN.1.3.4 OR BN.1.4 OR BN.1.4.1 OR BN.1.5 OR BN.1.5.1 OR BN.1.6 OR BN.1.7 OR BN.1.8 OR BN.1.9 OR BN.2 OR BN.2.1 OR BN.3 OR BN.3.1 OR BN.4 OR BN.5 OR BN.6 OR BP.1 OR BQ.1 OR BQ.1.1 OR BQ.1.1.1 OR BQ.1.1.2 OR BQ.1.1.3 OR BQ.1.1.4 OR BQ.1.1.5 OR BQ.1.1.6 OR BQ.1.1.7 OR BQ.1.1.8 OR BQ.1.1.9 OR BQ.1.1.10 OR BQ.1.1.11 OR BQ.1.1.12 OR BQ.1.1.13 OR BQ.1.1.14 OR BQ.1.1.15 OR BQ.1.1.16 OR BQ.1.1.17 OR BQ.1.1.18 OR BQ.1.1.19 OR BQ.1.1.20 OR BQ.1.1.21 OR BQ.1.1.22 OR BQ.1.1.23 OR BQ.1.1.24 OR BQ.1.1.25 OR BQ.1.1.26 OR BQ.1.1.27 OR BQ.1.1.28 OR BQ.1.1.29 OR BQ.1.1.30 OR BQ.1.1.31 OR BQ.1.1.32 OR BQ.1.1.34 OR BQ.1.1.35 OR BQ.1.1.36 OR BQ.1.2 OR BQ.1.3 OR BQ.1.4 OR BQ.1.5 OR BQ.1.6 OR BQ.1.7 OR BQ.1.8 OR BQ.1.8.1 OR BQ.1.8.2 OR BQ.1.9 OR BQ.1.10 OR BQ.1.10.1 OR BQ.1.11 OR BQ.1.12 OR BQ.1.13 OR BQ.1.13.1 OR BQ.1.14 OR BQ.1.15 OR BQ.1.16 OR BQ.1.17 OR BQ.1.18 OR BQ.1.19 OR BQ.1.20 OR BQ.1.21 OR BQ.1.22 OR BQ.1.23 OR BQ.1.24 OR BQ.1.25 OR BQ.1.25.1 OR BQ.1.26 OR BQ.1.26.1 OR BQ.1.27 OR BQ.1.28 OR BQ.2 OR BR.1 OR BR.1.1 OR BR.1.2 OR BR.2 OR BR.2.1 OR BR.3 OR BR.4 OR BS.1 OR BS.1.1 OR BS.1.2 OR BT.1 OR BT.2 OR BU.1 OR BU.2 OR BU.3 OR BV.1 OR BV.2 OR BW.1 OR BW.1.1 OR BY.1 OR BY.1.1 OR BY.1.1.1 OR BY.1.2 OR BY.1.2.1 OR BZ.1 OR CA.1 OR CA.2 OR CA.3 OR CA.3.1 OR CA.4 OR CA.5 OR CA.6 OR CA.7 OR CB.1 OR CC.1 OR CD.1 OR CD.2 OR CE.1 OR CF.1 OR CG.1 OR CH.1 OR CH.1.1 OR CH.1.1.1 OR CH.1.1.2 OR CH.1.1.3 OR CH.1.1.4 OR CH.1.1.5 OR CH.2 OR CH.3 OR CH.3.1 OR CJ.1 OR CJ.1.1 OR CK.1 OR CK.1.1 OR CK.1.2 OR CK.2 OR CK.2.1 OR CK.2.1.1 OR CK.3 OR CL.1 OR CM.1 OR CM.2 OR CM.2.1 OR CM.3 OR CM.4 OR CM.4.1 OR CM.5 OR CM.5.1 OR CM.5.2 OR CM.6 OR CM.6.1 OR CM.7 OR CM.8 OR CM.8.1 OR CM.9 OR CM.10 OR CM.11 OR CM.12 OR CN.1 OR CN.2 OR CP.1 OR CP.1.1 OR CP.1.2 OR CP.1.3 OR CP.2 OR CP.3 OR CP.4 OR CP.5 OR CP.6 OR CQ.1 OR CQ.1.1 OR CQ.2 OR CR.1 OR CR.1.1 OR CR.1.2 OR CR.1.3 OR CR.2 OR CS.1 OR CT.1 OR CU.1 OR CV.1 OR CV.2 OR CW.1 OR CY.1 OR CZ.1 OR DA.1 OR DB.1 OR DB.2 OR DC.1 OR DD.1 OR DE.1 OR DE.2 OR DF.1 OR DF.1.1 OR DG.1 OR DH.1 OR DJ.1 OR DJ.1.1 OR DJ.1.2 OR DJ.1.3 OR DK.1 OR DL.1 OR DM.1 OR DN.1 OR DN.1.1 OR DP.1 OR DQ.1 OR DR.1 OR DS.1 OR DT.1 OR DU.1 OR DV.1,Omicron,5.5,5,0.909090909090909
2022-01-21,4,3,3.5,3.16666666666667,0.904761904761905,0.283751679563413,0.971529104912853,B.1.1.529 OR BA.1 OR BA.1.1 OR BA.1.1.1 OR BA.1.1.2 OR BA.1.1.3 OR BA.1.1.4 OR BA.1.1.5 OR BA.1.1.6 OR BA.1.1.7 OR BA.1.1.8 OR BA.1.1.9 OR BA.1.1.10 OR BA.1.1.11 OR BA.1.1.12 OR BA.1.1.13 OR BA.1.1.14 OR BA.1.1.15 OR BA.1.1.16 OR BA.1.1.17 OR BA.1.1.18 OR BA.1.2 OR BA.1.3 OR BA.1.4 OR BA.1.5 OR BA.1.6 OR BA.1.7 OR BA.1.8 OR BA.1.9 OR BA.1.10 OR BA.1.12 OR BA.1.13 OR BA.1.13.1 OR BA.1.14 OR BA.1.14.1 OR BA.1.14.2 OR BA.1.15 OR BA.1.15.1 OR BA.1.15.2 OR BA.1.15.3 OR BA.1.16 OR BA.1.16.1 OR BA.1.16.2 OR BA.1.17 OR BA.1.17.1 OR BA.1.17.2 OR BA.1.18 OR BA.1.19 OR BA.1.20 OR BA.1.21 OR BA.1.21.1 OR BA.1.22 OR BA.1.23 OR BA.1.24 OR BA.2 OR BA.2.1 OR BA.2.2 OR BA.2.2.1 OR BA.2.3 OR BA.2.3.1 OR BA.2.3.2 OR BA.2.3.4 OR BA.2.3.5 OR BA.2.3.6 OR BA.2.3.7 OR BA.2.3.8 OR BA.2.3.9 OR BA.2.3.10 OR BA.2.3.11 OR BA.2.3.12 OR BA.2.3.13 OR BA.2.3.14 OR BA.2.3.15 OR BA.2.3.16 OR BA.2.3.17 OR BA.2.3.18 OR BA.2.3.19 OR BA.2.3.20 OR BA.2.3.21 OR BA.2.3.22 OR BA.2.4 OR BA.2.5 OR BA.2.6 OR BA.2.7 OR BA.2.8 OR BA.2.9 OR BA.2.9.1 OR BA.2.9.2 OR BA.2.9.3 OR BA.2.9.4 OR BA.2.9.5 OR BA.2.9.6 OR BA.2.9.7 OR BA.2.10 OR BA.2.10.1 OR BA.2.10.2 OR BA.2.10.3 OR BA.2.10.4 OR BA.2.11 OR BA.2.12 OR BA.2.12.1 OR BA.2.12.2 OR BA.2.13 OR BA.2.13.1 OR BA.2.14 OR BA.2.15 OR BA.2.16 OR BA.2.17 OR BA.2.18 OR BA.2.19 OR BA.2.20 OR BA.2.21 OR BA.2.22 OR BA.2.23 OR BA.2.23.1 OR BA.2.24 OR BA.2.25 OR BA.2.25.1 OR BA.2.26 OR BA.2.27 OR BA.2.28 OR BA.2.29 OR BA.2.30 OR BA.2.31 OR BA.2.31.1 OR BA.2.32 OR BA.2.33 OR BA.2.34 OR BA.2.35 OR BA.2.36 OR BA.2.37 OR BA.2.38 OR BA.2.38.1 OR BA.2.38.2 OR BA.2.38.3 OR BA.2.38.4 OR BA.2.39 OR BA.2.40 OR BA.2.40.1 OR BA.2.41 OR BA.2.42 OR BA.2.43 OR BA.2.44 OR BA.2.45 OR BA.2.46 OR BA.2.47 OR BA.2.48 OR BA.2.49 OR BA.2.50 OR BA.2.51 OR BA.2.52 OR BA.2.53 OR BA.2.54 OR BA.2.55 OR BA.2.56 OR BA.2.56.1 OR BA.2.57 OR BA.2.58 OR BA.2.59 OR BA.2.60 OR BA.2.61 OR BA.2.62 OR BA.2.63 OR BA.2.64 OR BA.2.65 OR BA.2.66 OR BA.2.67 OR BA.2.68 OR BA.2.69 OR BA.2.70 OR BA.2.71 OR BA.2.72 OR BA.2.73 OR BA.2.74 OR BA.2.75 OR BA.2.75.1 OR BA.2.75.2 OR BA.2.75.3 OR BA.2.75.4 OR BA.2.75.5 OR BA.2.75.6 OR BA.2.75.7 OR BA.2.75.8 OR BA.2.75.9 OR BA.2.75.10 OR BA.2.76 OR BA.2.76.1 OR BA.2.76.2 OR BA.2.77 OR BA.2.78 OR BA.2.79 OR BA.2.79.1 OR BA.2.80 OR BA.2.81 OR BA.2.82 OR BA.2.83 OR BA.2.85 OR BA.3 OR BA.3.1 OR BA.4 OR BA.4.1 OR BA.4.1.1 OR BA.4.1.2 OR BA.4.1.3 OR BA.4.1.4 OR BA.4.1.5 OR BA.4.1.6 OR BA.4.1.7 OR BA.4.1.8 OR BA.4.1.9 OR BA.4.1.10 OR BA.4.2 OR BA.4.3 OR BA.4.4 OR BA.4.5 OR BA.4.6 OR BA.4.6.1 OR BA.4.6.2 OR BA.4.6.3 OR BA.4.6.4 OR BA.4.6.5 OR BA.4.7 OR BA.4.8 OR BA.5 OR BA.5.1 OR BA.5.1.1 OR BA.5.1.2 OR BA.5.1.3 OR BA.5.1.4 OR BA.5.1.5 OR BA.5.1.6 OR BA.5.1.7 OR BA.5.1.8 OR BA.5.1.9 OR BA.5.1.10 OR BA.5.1.11 OR BA.5.1.12 OR BA.5.1.14 OR BA.5.1.15 OR BA.5.1.16 OR BA.5.1.17 OR BA.5.1.18 OR BA.5.1.19 OR BA.5.1.20 OR BA.5.1.21 OR BA.5.1.22 OR BA.5.1.23 OR BA.5.1.24 OR BA.5.1.25 OR BA.5.1.26 OR BA.5.1.27 OR BA.5.1.28 OR BA.5.1.29 OR BA.5.1.30 OR BA.5.1.31 OR BA.5.1.32 OR BA.5.2 OR BA.5.2.1 OR BA.5.2.2 OR BA.5.2.3 OR BA.5.2.4 OR BA.5.2.5 OR BA.5.2.6 OR BA.5.2.7 OR BA.5.2.8 OR BA.5.2.9 OR BA.5.2.10 OR BA.5.2.11 OR BA.5.2.12 OR BA.5.2.13 OR BA.5.2.14 OR BA.5.2.16 OR BA.5.2.18 OR BA.5.2.19 OR BA.5.2.20 OR BA.5.2.21 OR BA.5.2.22 OR BA.5.2.23 OR BA.5.2.24 OR BA.5.2.25 OR BA.5.2.26 OR BA.5.2.27 OR BA.5.2.28 OR BA.5.2.29 OR BA.5.2.30 OR BA.5.2.31 OR BA.5.2.32 OR BA.5.2.33 OR BA.5.2.34 OR BA.5.2.35 OR BA.5.2.36 OR BA.5.2.37 OR BA.5.2.38 OR BA.5.2.39 OR BA.5.2.40 OR BA.5.2.41 OR BA.5.2.42 OR BA.5.2.43 OR BA.5.2.44 OR BA.5.2.45 OR BA.5.2.46 OR BA.5.2.47 OR BA.5.2.48 OR BA.5.2.49 OR BA.5.3 OR BA.5.3.1 OR BA.5.3.2 OR BA.5.3.3 OR BA.5.3.4 OR BA.5.3.5 OR BA.5.5 OR BA.5.5.1 OR BA.5.5.2 OR BA.5.5.3 OR BA.5.6 OR BA.5.6.1 OR BA.5.6.2 OR BA.5.6.3 OR BA.5.6.4 OR BA.5.7 OR BA.5.8 OR BA.5.9 OR BA.5.10 OR BA.5.10.1 OR BA.5.11 OR BC.1 OR BC.2 OR BD.1 OR BE.1 OR BE.1.1 OR BE.1.1.1 OR BE.1.1.2 OR BE.1.2 OR BE.1.2.1 OR BE.1.3 OR BE.1.4 OR BE.1.4.1 OR BE.1.4.2 OR BE.1.4.3 OR BE.1.4.4 OR BE.2 OR BE.3 OR BE.4 OR BE.4.1 OR BE.4.1.1 OR BE.4.2 OR BE.5 OR BE.6 OR BE.7 OR BE.8 OR BE.9 OR BE.10 OR BF.1 OR BF.1.1 OR BF.2 OR BF.3 OR BF.3.1 OR BF.4 OR BF.5 OR BF.5.1 OR BF.5.2 OR BF.6 OR BF.7 OR BF.7.1 OR BF.7.2 OR BF.7.3 OR BF.7.4 OR BF.7.4.1 OR BF.7.4.2 OR BF.7.5 OR BF.7.5.1 OR BF.7.6 OR BF.7.7 OR BF.7.8 OR BF.7.9 OR BF.7.10 OR BF.7.11 OR BF.7.12 OR BF.7.13 OR BF.7.13.1 OR BF.7.13.2 OR BF.7.14 OR BF.7.15 OR BF.8 OR BF.9 OR BF.10 OR BF.10.1 OR BF.11 OR BF.11.1 OR BF.11.2 OR BF.11.3 OR BF.11.4 OR BF.11.5 OR BF.12 OR BF.13 OR BF.14 OR BF.15 OR BF.16 OR BF.17 OR BF.18 OR BF.19 OR BF.20 OR BF.21 OR BF.22 OR BF.23 OR BF.24 OR BF.25 OR BF.26 OR BF.27 OR BF.28 OR BF.29 OR BF.30 OR BF.31 OR BF.31.1 OR BF.32 OR BF.33 OR BF.34 OR BG.1 OR BG.2 OR BG.3 OR BG.4 OR BG.5 OR BG.6 OR BG.7 OR BH.1 OR BJ.1 OR BK.1 OR BL.1 OR BL.1.1 OR BL.1.2 OR BL.1.3 OR BL.1.4 OR BL.2 OR BL.2.1 OR BL.3 OR BL.4 OR BL.5 OR BL.6 OR BM.1 OR BM.1.1 OR BM.1.1.1 OR BM.1.1.2 OR BM.1.1.3 OR BM.1.1.4 OR BM.1.1.5 OR BM.2 OR BM.2.1 OR BM.2.2 OR BM.2.3 OR BM.3 OR BM.4 OR BM.4.1 OR BM.4.1.1 OR BM.5 OR BM.6 OR BN.1 OR BN.1.1 OR BN.1.1.1 OR BN.1.2 OR BN.1.2.1 OR BN.1.3 OR BN.1.3.1 OR BN.1.3.2 OR BN.1.3.3 OR BN.1.3.4 OR BN.1.4 OR BN.1.4.1 OR BN.1.5 OR BN.1.5.1 OR BN.1.6 OR BN.1.7 OR BN.1.8 OR BN.1.9 OR BN.2 OR BN.2.1 OR BN.3 OR BN.3.1 OR BN.4 OR BN.5 OR BN.6 OR BP.1 OR BQ.1 OR BQ.1.1 OR BQ.1.1.1 OR BQ.1.1.2 OR BQ.1.1.3 OR BQ.1.1.4 OR BQ.1.1.5 OR BQ.1.1.6 OR BQ.1.1.7 OR BQ.1.1.8 OR BQ.1.1.9 OR BQ.1.1.10 OR BQ.1.1.11 OR BQ.1.1.12 OR BQ.1.1.13 OR BQ.1.1.14 OR BQ.1.1.15 OR BQ.1.1.16 OR BQ.1.1.17 OR BQ.1.1.18 OR BQ.1.1.19 OR BQ.1.1.20 OR BQ.1.1.21 OR BQ.1.1.22 OR BQ.1.1.23 OR BQ.1.1.24 OR BQ.1.1.25 OR BQ.1.1.26 OR BQ.1.1.27 OR BQ.1.1.28 OR BQ.1.1.29 OR BQ.1.1.30 OR BQ.1.1.31 OR BQ.1.1.32 OR BQ.1.1.34 OR BQ.1.1.35 OR BQ.1.1.36 OR BQ.1.2 OR BQ.1.3 OR BQ.1.4 OR BQ.1.5 OR BQ.1.6 OR BQ.1.7 OR BQ.1.8 OR BQ.1.8.1 OR BQ.1.8.2 OR BQ.1.9 OR BQ.1.10 OR BQ.1.10.1 OR BQ.1.11 OR BQ.1.12 OR BQ.1.13 OR BQ.1.13.1 OR BQ.1.14 OR BQ.1.15 OR BQ.1.16 OR BQ.1.17 OR BQ.1.18 OR BQ.1.19 OR BQ.1.20 OR BQ.1.21 OR BQ.1.22 OR BQ.1.23 OR BQ.1.24 OR BQ.1.25 OR BQ.1.25.1 OR BQ.1.26 OR BQ.1.26.1 OR BQ.1.27 OR BQ.1.28 OR BQ.2 OR BR.1 OR BR.1.1 OR BR.1.2 OR BR.2 OR BR.2.1 OR BR.3 OR BR.4 OR BS.1 OR BS.1.1 OR BS.1.2 OR BT.1 OR BT.2 OR BU.1 OR BU.2 OR BU.3 OR BV.1 OR BV.2 OR BW.1 OR BW.1.1 OR BY.1 OR BY.1.1 OR BY.1.1.1 OR BY.1.2 OR BY.1.2.1 OR BZ.1 OR CA.1 OR CA.2 OR CA.3 OR CA.3.1 OR CA.4 OR CA.5 OR CA.6 OR CA.7 OR CB.1 OR CC.1 OR CD.1 OR CD.2 OR CE.1 OR CF.1 OR CG.1 OR CH.1 OR CH.1.1 OR CH.1.1.1 OR CH.1.1.2 OR CH.1.1.3 OR CH.1.1.4 OR CH.1.1.5 OR CH.2 OR CH.3 OR CH.3.1 OR CJ.1 OR CJ.1.1 OR CK.1 OR CK.1.1 OR CK.1.2 OR CK.2 OR CK.2.1 OR CK.2.1.1 OR CK.3 OR CL.1 OR CM.1 OR CM.2 OR CM.2.1 OR CM.3 OR CM.4 OR CM.4.1 OR CM.5 OR CM.5.1 OR CM.5.2 OR CM.6 OR CM.6.1 OR CM.7 OR CM.8 OR CM.8.1 OR CM.9 OR CM.10 OR CM.11 OR CM.12 OR CN.1 OR CN.2 OR CP.1 OR CP.1.1 OR CP.1.2 OR CP.1.3 OR CP.2 OR CP.3 OR CP.4 OR CP.5 OR CP.6 OR CQ.1 OR CQ.1.1 OR CQ.2 OR CR.1 OR CR.1.1 OR CR.1.2 OR CR.1.3 OR CR.2 OR CS.1 OR CT.1 OR CU.1 OR CV.1 OR CV.2 OR CW.1 OR CY.1 OR CZ.1 OR DA.1 OR DB.1 OR DB.2 OR DC.1 OR DD.1 OR DE.1 OR DE.2 OR DF.1 OR DF.1.1 OR DG.1 OR DH.1 OR DJ.1 OR DJ.1.1 OR DJ.1.2 OR DJ.1.3 OR DK.1 OR DL.1 OR DM.1 OR DN.1 OR DN.1.1 OR DP.1 OR DQ.1 OR DR.1 OR DS.1 OR DT.1 OR DU.1 OR DV.1,Omicron,5.5,5,0.909090909090909
2022-01-22,3,3,3.16666666666667,2.83333333333333,0.894736842105263,0.46441675695705,0.999849363974563,B.1.1.529 OR BA.1 OR BA.1.1 OR BA.1.1.1 OR BA.1.1.2 OR BA.1.1.3 OR BA.1.1.4 OR BA.1.1.5 OR BA.1.1.6 OR BA.1.1.7 OR BA.1.1.8 OR BA.1.1.9 OR BA.1.1.10 OR BA.1.1.11 OR BA.1.1.12 OR BA.1.1.13 OR BA.1.1.14 OR BA.1.1.15 OR BA.1.1.16 OR BA.1.1.17 OR BA.1.1.18 OR BA.1.2 OR BA.1.3 OR BA.1.4 OR BA.1.5 OR BA.1.6 OR BA.1.7 OR BA.1.8 OR BA.1.9 OR BA.1.10 OR BA.1.12 OR BA.1.13 OR BA.1.13.1 OR BA.1.14 OR BA.1.14.1 OR BA.1.14.2 OR BA.1.15 OR BA.1.15.1 OR BA.1.15.2 OR BA.1.15.3 OR BA.1.16 OR BA.1.16.1 OR BA.1.16.2 OR BA.1.17 OR BA.1.17.1 OR BA.1.17.2 OR BA.1.18 OR BA.1.19 OR BA.1.20 OR BA.1.21 OR BA.1.21.1 OR BA.1.22 OR BA.1.23 OR BA.1.24 OR BA.2 OR BA.2.1 OR BA.2.2 OR BA.2.2.1 OR BA.2.3 OR BA.2.3.1 OR BA.2.3.2 OR BA.2.3.4 OR BA.2.3.5 OR BA.2.3.6 OR BA.2.3.7 OR BA.2.3.8 OR BA.2.3.9 OR BA.2.3.10 OR BA.2.3.11 OR BA.2.3.12 OR BA.2.3.13 OR BA.2.3.14 OR BA.2.3.15 OR BA.2.3.16 OR BA.2.3.17 OR BA.2.3.18 OR BA.2.3.19 OR BA.2.3.20 OR BA.2.3.21 OR BA.2.3.22 OR BA.2.4 OR BA.2.5 OR BA.2.6 OR BA.2.7 OR BA.2.8 OR BA.2.9 OR BA.2.9.1 OR BA.2.9.2 OR BA.2.9.3 OR BA.2.9.4 OR BA.2.9.5 OR BA.2.9.6 OR BA.2.9.7 OR BA.2.10 OR BA.2.10.1 OR BA.2.10.2 OR BA.2.10.3 OR BA.2.10.4 OR BA.2.11 OR BA.2.12 OR BA.2.12.1 OR BA.2.12.2 OR BA.2.13 OR BA.2.13.1 OR BA.2.14 OR BA.2.15 OR BA.2.16 OR BA.2.17 OR BA.2.18 OR BA.2.19 OR BA.2.20 OR BA.2.21 OR BA.2.22 OR BA.2.23 OR BA.2.23.1 OR BA.2.24 OR BA.2.25 OR BA.2.25.1 OR BA.2.26 OR BA.2.27 OR BA.2.28 OR BA.2.29 OR BA.2.30 OR BA.2.31 OR BA.2.31.1 OR BA.2.32 OR BA.2.33 OR BA.2.34 OR BA.2.35 OR BA.2.36 OR BA.2.37 OR BA.2.38 OR BA.2.38.1 OR BA.2.38.2 OR BA.2.38.3 OR BA.2.38.4 OR BA.2.39 OR BA.2.40 OR BA.2.40.1 OR BA.2.41 OR BA.2.42 OR BA.2.43 OR BA.2.44 OR BA.2.45 OR BA.2.46 OR BA.2.47 OR BA.2.48 OR BA.2.49 OR BA.2.50 OR BA.2.51 OR BA.2.52 OR BA.2.53 OR BA.2.54 OR BA.2.55 OR BA.2.56 OR BA.2.56.1 OR BA.2.57 OR BA.2.58 OR BA.2.59 OR BA.2.60 OR BA.2.61 OR BA.2.62 OR BA.2.63 OR BA.2.64 OR BA.2.65 OR BA.2.66 OR BA.2.67 OR BA.2.68 OR BA.2.69 OR BA.2.70 OR BA.2.71 OR BA.2.72 OR BA.2.73 OR BA.2.74 OR BA.2.75 OR BA.2.75.1 OR BA.2.75.2 OR BA.2.75.3 OR BA.2.75.4 OR BA.2.75.5 OR BA.2.75.6 OR BA.2.75.7 OR BA.2.75.8 OR BA.2.75.9 OR BA.2.75.10 OR BA.2.76 OR BA.2.76.1 OR BA.2.76.2 OR BA.2.77 OR BA.2.78 OR BA.2.79 OR BA.2.79.1 OR BA.2.80 OR BA.2.81 OR BA.2.82 OR BA.2.83 OR BA.2.85 OR BA.3 OR BA.3.1 OR BA.4 OR BA.4.1 OR BA.4.1.1 OR BA.4.1.2 OR BA.4.1.3 OR BA.4.1.4 OR BA.4.1.5 OR BA.4.1.6 OR BA.4.1.7 OR BA.4.1.8 OR BA.4.1.9 OR BA.4.1.10 OR BA.4.2 OR BA.4.3 OR BA.4.4 OR BA.4.5 OR BA.4.6 OR BA.4.6.1 OR BA.4.6.2 OR BA.4.6.3 OR BA.4.6.4 OR BA.4.6.5 OR BA.4.7 OR BA.4.8 OR BA.5 OR BA.5.1 OR BA.5.1.1 OR BA.5.1.2 OR BA.5.1.3 OR BA.5.1.4 OR BA.5.1.5 OR BA.5.1.6 OR BA.5.1.7 OR BA.5.1.8 OR BA.5.1.9 OR BA.5.1.10 OR BA.5.1.11 OR BA.5.1.12 OR BA.5.1.14 OR BA.5.1.15 OR BA.5.1.16 OR BA.5.1.17 OR BA.5.1.18 OR BA.5.1.19 OR BA.5.1.20 OR BA.5.1.21 OR BA.5.1.22 OR BA.5.1.23 OR BA.5.1.24 OR BA.5.1.25 OR BA.5.1.26 OR BA.5.1.27 OR BA.5.1.28 OR BA.5.1.29 OR BA.5.1.30 OR BA.5.1.31 OR BA.5.1.32 OR BA.5.2 OR BA.5.2.1 OR BA.5.2.2 OR BA.5.2.3 OR BA.5.2.4 OR BA.5.2.5 OR BA.5.2.6 OR BA.5.2.7 OR BA.5.2.8 OR BA.5.2.9 OR BA.5.2.10 OR BA.5.2.11 OR BA.5.2.12 OR BA.5.2.13 OR BA.5.2.14 OR BA.5.2.16 OR BA.5.2.18 OR BA.5.2.19 OR BA.5.2.20 OR BA.5.2.21 OR BA.5.2.22 OR BA.5.2.23 OR BA.5.2.24 OR BA.5.2.25 OR BA.5.2.26 OR BA.5.2.27 OR BA.5.2.28 OR BA.5.2.29 OR BA.5.2.30 OR BA.5.2.31 OR BA.5.2.32 OR BA.5.2.33 OR BA.5.2.34 OR BA.5.2.35 OR BA.5.2.36 OR BA.5.2.37 OR BA.5.2.38 OR BA.5.2.39 OR BA.5.2.40 OR BA.5.2.41 OR BA.5.2.42 OR BA.5.2.43 OR BA.5.2.44 OR BA.5.2.45 OR BA.5.2.46 OR BA.5.2.47 OR BA.5.2.48 OR BA.5.2.49 OR BA.5.3 OR BA.5.3.1 OR BA.5.3.2 OR BA.5.3.3 OR BA.5.3.4 OR BA.5.3.5 OR BA.5.5 OR BA.5.5.1 OR BA.5.5.2 OR BA.5.5.3 OR BA.5.6 OR BA.5.6.1 OR BA.5.6.2 OR BA.5.6.3 OR BA.5.6.4 OR BA.5.7 OR BA.5.8 OR BA.5.9 OR BA.5.10 OR BA.5.10.1 OR BA.5.11 OR BC.1 OR BC.2 OR BD.1 OR BE.1 OR BE.1.1 OR BE.1.1.1 OR BE.1.1.2 OR BE.1.2 OR BE.1.2.1 OR BE.1.3 OR BE.1.4 OR BE.1.4.1 OR BE.1.4.2 OR BE.1.4.3 OR BE.1.4.4 OR BE.2 OR BE.3 OR BE.4 OR BE.4.1 OR BE.4.1.1 OR BE.4.2 OR BE.5 OR BE.6 OR BE.7 OR BE.8 OR BE.9 OR BE.10 OR BF.1 OR BF.1.1 OR BF.2 OR BF.3 OR BF.3.1 OR BF.4 OR BF.5 OR BF.5.1 OR BF.5.2 OR BF.6 OR BF.7 OR BF.7.1 OR BF.7.2 OR BF.7.3 OR BF.7.4 OR BF.7.4.1 OR BF.7.4.2 OR BF.7.5 OR BF.7.5.1 OR BF.7.6 OR BF.7.7 OR BF.7.8 OR BF.7.9 OR BF.7.10 OR BF.7.11 OR BF.7.12 OR BF.7.13 OR BF.7.13.1 OR BF.7.13.2 OR BF.7.14 OR BF.7.15 OR BF.8 OR BF.9 OR BF.10 OR BF.10.1 OR BF.11 OR BF.11.1 OR BF.11.2 OR BF.11.3 OR BF.11.4 OR BF.11.5 OR BF.12 OR BF.13 OR BF.14 OR BF.15 OR BF.16 OR BF.17 OR BF.18 OR BF.19 OR BF.20 OR BF.21 OR BF.22 OR BF.23 OR BF.24 OR BF.25 OR BF.26 OR BF.27 OR BF.28 OR BF.29 OR BF.30 OR BF.31 OR BF.31.1 OR BF.32 OR BF.33 OR BF.34 OR BG.1 OR BG.2 OR BG.3 OR BG.4 OR BG.5 OR BG.6 OR BG.7 OR BH.1 OR BJ.1 OR BK.1 OR BL.1 OR BL.1.1 OR BL.1.2 OR BL.1.3 OR BL.1.4 OR BL.2 OR BL.2.1 OR BL.3 OR BL.4 OR BL.5 OR BL.6 OR BM.1 OR BM.1.1 OR BM.1.1.1 OR BM.1.1.2 OR BM.1.1.3 OR BM.1.1.4 OR BM.1.1.5 OR BM.2 OR BM.2.1 OR BM.2.2 OR BM.2.3 OR BM.3 OR BM.4 OR BM.4.1 OR BM.4.1.1 OR BM.5 OR BM.6 OR BN.1 OR BN.1.1 OR BN.1.1.1 OR BN.1.2 OR BN.1.2.1 OR BN.1.3 OR BN.1.3.1 OR BN.1.3.2 OR BN.1.3.3 OR BN.1.3.4 OR BN.1.4 OR BN.1.4.1 OR BN.1.5 OR BN.1.5.1 OR BN.1.6 OR BN.1.7 OR BN.1.8 OR BN.1.9 OR BN.2 OR BN.2.1 OR BN.3 OR BN.3.1 OR BN.4 OR BN.5 OR BN.6 OR BP.1 OR BQ.1 OR BQ.1.1 OR BQ.1.1.1 OR BQ.1.1.2 OR BQ.1.1.3 OR BQ.1.1.4 OR BQ.1.1.5 OR BQ.1.1.6 OR BQ.1.1.7 OR BQ.1.1.8 OR BQ.1.1.9 OR BQ.1.1.10 OR BQ.1.1.11 OR BQ.1.1.12 OR BQ.1.1.13 OR BQ.1.1.14 OR BQ.1.1.15 OR BQ.1.1.16 OR BQ.1.1.17 OR BQ.1.1.18 OR BQ.1.1.19 OR BQ.1.1.20 OR BQ.1.1.21 OR BQ.1.1.22 OR BQ.1.1.23 OR BQ.1.1.24 OR BQ.1.1.25 OR BQ.1.1.26 OR BQ.1.1.27 OR BQ.1.1.28 OR BQ.1.1.29 OR BQ.1.1.30 OR BQ.1.1.31 OR BQ.1.1.32 OR BQ.1.1.34 OR BQ.1.1.35 OR BQ.1.1.36 OR BQ.1.2 OR BQ.1.3 OR BQ.1.4 OR BQ.1.5 OR BQ.1.6 OR BQ.1.7 OR BQ.1.8 OR BQ.1.8.1 OR BQ.1.8.2 OR BQ.1.9 OR BQ.1.10 OR BQ.1.10.1 OR BQ.1.11 OR BQ.1.12 OR BQ.1.13 OR BQ.1.13.1 OR BQ.1.14 OR BQ.1.15 OR BQ.1.16 OR BQ.1.17 OR BQ.1.18 OR BQ.1.19 OR BQ.1.20 OR BQ.1.21 OR BQ.1.22 OR BQ.1.23 OR BQ.1.24 OR BQ.1.25 OR BQ.1.25.1 OR BQ.1.26 OR BQ.1.26.1 OR BQ.1.27 OR BQ.1.28 OR BQ.2 OR BR.1 OR BR.1.1 OR BR.1.2 OR BR.2 OR BR.2.1 OR BR.3 OR BR.4 OR BS.1 OR BS.1.1 OR BS.1.2 OR BT.1 OR BT.2 OR BU.1 OR BU.2 OR BU.3 OR BV.1 OR BV.2 OR BW.1 OR BW.1.1 OR BY.1 OR BY.1.1 OR BY.1.1.1 OR BY.1.2 OR BY.1.2.1 OR BZ.1 OR CA.1 OR CA.2 OR CA.3 OR CA.3.1 OR CA.4 OR CA.5 OR CA.6 OR CA.7 OR CB.1 OR CC.1 OR CD.1 OR CD.2 OR CE.1 OR CF.1 OR CG.1 OR CH.1 OR CH.1.1 OR CH.1.1.1 OR CH.1.1.2 OR CH.1.1.3 OR CH.1.1.4 OR CH.1.1.5 OR CH.2 OR CH.3 OR CH.3.1 OR CJ.1 OR CJ.1.1 OR CK.1 OR CK.1.1 OR CK.1.2 OR CK.2 OR CK.2.1 OR CK.2.1.1 OR CK.3 OR CL.1 OR CM.1 OR CM.2 OR CM.2.1 OR CM.3 OR CM.4 OR CM.4.1 OR CM.5 OR CM.5.1 OR CM.5.2 OR CM.6 OR CM.6.1 OR CM.7 OR CM.8 OR CM.8.1 OR CM.9 OR CM.10 OR CM.11 OR CM.12 OR CN.1 OR CN.2 OR CP.1 OR CP.1.1 OR CP.1.2 OR CP.1.3 OR CP.2 OR CP.3 OR CP.4 OR CP.5 OR CP.6 OR CQ.1 OR CQ.1.1 OR CQ.2 OR CR.1 OR CR.1.1 OR CR.1.2 OR CR.1.3 OR CR.2 OR CS.1 OR CT.1 OR CU.1 OR CV.1 OR CV.2 OR CW.1 OR CY.1 OR CZ.1 OR DA.1 OR DB.1 OR DB.2 OR DC.1 OR DD.1 OR DE.1 OR DE.2 OR DF.1 OR DF.1.1 OR DG.1 OR DH.1 OR DJ.1 OR DJ.1.1 OR DJ.1.2 OR DJ.1.3 OR DK.1 OR DL.1 OR DM.1 OR DN.1 OR DN.1.1 OR DP.1 OR DQ.1 OR DR.1 OR DS.1 OR DT.1 OR DU.1 OR DV.1,Omicron,5.14285714285714,4.64285714285714,0.902777777777778
2022-01-23,1,1,2.83333333333333,2.5,0.882352941176471,0.176736097131257,0.961252382214835,B.1.1.529 OR BA.1 OR BA.1.1 OR BA.1.1.1 OR BA.1.1.2 OR BA.1.1.3 OR BA.1.1.4 OR BA.1.1.5 OR BA.1.1.6 OR BA.1.1.7 OR BA.1.1.8 OR BA.1.1.9 OR BA.1.1.10 OR BA.1.1.11 OR BA.1.1.12 OR BA.1.1.13 OR BA.1.1.14 OR BA.1.1.15 OR BA.1.1.16 OR BA.1.1.17 OR BA.1.1.18 OR BA.1.2 OR BA.1.3 OR BA.1.4 OR BA.1.5 OR BA.1.6 OR BA.1.7 OR BA.1.8 OR BA.1.9 OR BA.1.10 OR BA.1.12 OR BA.1.13 OR BA.1.13.1 OR BA.1.14 OR BA.1.14.1 OR BA.1.14.2 OR BA.1.15 OR BA.1.15.1 OR BA.1.15.2 OR BA.1.15.3 OR BA.1.16 OR BA.1.16.1 OR BA.1.16.2 OR BA.1.17 OR BA.1.17.1 OR BA.1.17.2 OR BA.1.18 OR BA.1.19 OR BA.1.20 OR BA.1.21 OR BA.1.21.1 OR BA.1.22 OR BA.1.23 OR BA.1.24 OR BA.2 OR BA.2.1 OR BA.2.2 OR BA.2.2.1 OR BA.2.3 OR BA.2.3.1 OR BA.2.3.2 OR BA.2.3.4 OR BA.2.3.5 OR BA.2.3.6 OR BA.2.3.7 OR BA.2.3.8 OR BA.2.3.9 OR BA.2.3.10 OR BA.2.3.11 OR BA.2.3.12 OR BA.2.3.13 OR BA.2.3.14 OR BA.2.3.15 OR BA.2.3.16 OR BA.2.3.17 OR BA.2.3.18 OR BA.2.3.19 OR BA.2.3.20 OR BA.2.3.21 OR BA.2.3.22 OR BA.2.4 OR BA.2.5 OR BA.2.6 OR BA.2.7 OR BA.2.8 OR BA.2.9 OR BA.2.9.1 OR BA.2.9.2 OR BA.2.9.3 OR BA.2.9.4 OR BA.2.9.5 OR BA.2.9.6 OR BA.2.9.7 OR BA.2.10 OR BA.2.10.1 OR BA.2.10.2 OR BA.2.10.3 OR BA.2.10.4 OR BA.2.11 OR BA.2.12 OR BA.2.12.1 OR BA.2.12.2 OR BA.2.13 OR BA.2.13.1 OR BA.2.14 OR BA.2.15 OR BA.2.16 OR BA.2.17 OR BA.2.18 OR BA.2.19 OR BA.2.20 OR BA.2.21 OR BA.2.22 OR BA.2.23 OR BA.2.23.1 OR BA.2.24 OR BA.2.25 OR BA.2.25.1 OR BA.2.26 OR BA.2.27 OR BA.2.28 OR BA.2.29 OR BA.2.30 OR BA.2.31 OR BA.2.31.1 OR BA.2.32 OR BA.2.33 OR BA.2.34 OR BA.2.35 OR BA.2.36 OR BA.2.37 OR BA.2.38 OR BA.2.38.1 OR BA.2.38.2 OR BA.2.38.3 OR BA.2.38.4 OR BA.2.39 OR BA.2.40 OR BA.2.40.1 OR BA.2.41 OR BA.2.42 OR BA.2.43 OR BA.2.44 OR BA.2.45 OR BA.2.46 OR BA.2.47 OR BA.2.48 OR BA.2.49 OR BA.2.50 OR BA.2.51 OR BA.2.52 OR BA.2.53 OR BA.2.54 OR BA.2.55 OR BA.2.56 OR BA.2.56.1 OR BA.2.57 OR BA.2.58 OR BA.2.59 OR BA.2.60 OR BA.2.61 OR BA.2.62 OR BA.2.63 OR BA.2.64 OR BA.2.65 OR BA.2.66 OR BA.2.67 OR BA.2.68 OR BA.2.69 OR BA.2.70 OR BA.2.71 OR BA.2.72 OR BA.2.73 OR BA.2.74 OR BA.2.75 OR BA.2.75.1 OR BA.2.75.2 OR BA.2.75.3 OR BA.2.75.4 OR BA.2.75.5 OR BA.2.75.6 OR BA.2.75.7 OR BA.2.75.8 OR BA.2.75.9 OR BA.2.75.10 OR BA.2.76 OR BA.2.76.1 OR BA.2.76.2 OR BA.2.77 OR BA.2.78 OR BA.2.79 OR BA.2.79.1 OR BA.2.80 OR BA.2.81 OR BA.2.82 OR BA.2.83 OR BA.2.85 OR BA.3 OR BA.3.1 OR BA.4 OR BA.4.1 OR BA.4.1.1 OR BA.4.1.2 OR BA.4.1.3 OR BA.4.1.4 OR BA.4.1.5 OR BA.4.1.6 OR BA.4.1.7 OR BA.4.1.8 OR BA.4.1.9 OR BA.4.1.10 OR BA.4.2 OR BA.4.3 OR BA.4.4 OR BA.4.5 OR BA.4.6 OR BA.4.6.1 OR BA.4.6.2 OR BA.4.6.3 OR BA.4.6.4 OR BA.4.6.5 OR BA.4.7 OR BA.4.8 OR BA.5 OR BA.5.1 OR BA.5.1.1 OR BA.5.1.2 OR BA.5.1.3 OR BA.5.1.4 OR BA.5.1.5 OR BA.5.1.6 OR BA.5.1.7 OR BA.5.1.8 OR BA.5.1.9 OR BA.5.1.10 OR BA.5.1.11 OR BA.5.1.12 OR BA.5.1.14 OR BA.5.1.15 OR BA.5.1.16 OR BA.5.1.17 OR BA.5.1.18 OR BA.5.1.19 OR BA.5.1.20 OR BA.5.1.21 OR BA.5.1.22 OR BA.5.1.23 OR BA.5.1.24 OR BA.5.1.25 OR BA.5.1.26 OR BA.5.1.27 OR BA.5.1.28 OR BA.5.1.29 OR BA.5.1.30 OR BA.5.1.31 OR BA.5.1.32 OR BA.5.2 OR BA.5.2.1 OR BA.5.2.2 OR BA.5.2.3 OR BA.5.2.4 OR BA.5.2.5 OR BA.5.2.6 OR BA.5.2.7 OR BA.5.2.8 OR BA.5.2.9 OR BA.5.2.10 OR BA.5.2.11 OR BA.5.2.12 OR BA.5.2.13 OR BA.5.2.14 OR BA.5.2.16 OR BA.5.2.18 OR BA.5.2.19 OR BA.5.2.20 OR BA.5.2.21 OR BA.5.2.22 OR BA.5.2.23 OR BA.5.2.24 OR BA.5.2.25 OR BA.5.2.26 OR BA.5.2.27 OR BA.5.2.28 OR BA.5.2.29 OR BA.5.2.30 OR BA.5.2.31 OR BA.5.2.32 OR BA.5.2.33 OR BA.5.2.34 OR BA.5.2.35 OR BA.5.2.36 OR BA.5.2.37 OR BA.5.2.38 OR BA.5.2.39 OR BA.5.2.40 OR BA.5.2.41 OR BA.5.2.42 OR BA.5.2.43 OR BA.5.2.44 OR BA.5.2.45 OR BA.5.2.46 OR BA.5.2.47 OR BA.5.2.48 OR BA.5.2.49 OR BA.5.3 OR BA.5.3.1 OR BA.5.3.2 OR BA.5.3.3 OR BA.5.3.4 OR BA.5.3.5 OR BA.5.5 OR BA.5.5.1 OR BA.5.5.2 OR BA.5.5.3 OR BA.5.6 OR BA.5.6.1 OR BA.5.6.2 OR BA.5.6.3 OR BA.5.6.4 OR BA.5.7 OR BA.5.8 OR BA.5.9 OR BA.5.10 OR BA.5.10.1 OR BA.5.11 OR BC.1 OR BC.2 OR BD.1 OR BE.1 OR BE.1.1 OR BE.1.1.1 OR BE.1.1.2 OR BE.1.2 OR BE.1.2.1 OR BE.1.3 OR BE.1.4 OR BE.1.4.1 OR BE.1.4.2 OR BE.1.4.3 OR BE.1.4.4 OR BE.2 OR BE.3 OR BE.4 OR BE.4.1 OR BE.4.1.1 OR BE.4.2 OR BE.5 OR BE.6 OR BE.7 OR BE.8 OR BE.9 OR BE.10 OR BF.1 OR BF.1.1 OR BF.2 OR BF.3 OR BF.3.1 OR BF.4 OR BF.5 OR BF.5.1 OR BF.5.2 OR BF.6 OR BF.7 OR BF.7.1 OR BF.7.2 OR BF.7.3 OR BF.7.4 OR BF.7.4.1 OR BF.7.4.2 OR BF.7.5 OR BF.7.5.1 OR BF.7.6 OR BF.7.7 OR BF.7.8 OR BF.7.9 OR BF.7.10 OR BF.7.11 OR BF.7.12 OR BF.7.13 OR BF.7.13.1 OR BF.7.13.2 OR BF.7.14 OR BF.7.15 OR BF.8 OR BF.9 OR BF.10 OR BF.10.1 OR BF.11 OR BF.11.1 OR BF.11.2 OR BF.11.3 OR BF.11.4 OR BF.11.5 OR BF.12 OR BF.13 OR BF.14 OR BF.15 OR BF.16 OR BF.17 OR BF.18 OR BF.19 OR BF.20 OR BF.21 OR BF.22 OR BF.23 OR BF.24 OR BF.25 OR BF.26 OR BF.27 OR BF.28 OR BF.29 OR BF.30 OR BF.31 OR BF.31.1 OR BF.32 OR BF.33 OR BF.34 OR BG.1 OR BG.2 OR BG.3 OR BG.4 OR BG.5 OR BG.6 OR BG.7 OR BH.1 OR BJ.1 OR BK.1 OR BL.1 OR BL.1.1 OR BL.1.2 OR BL.1.3 OR BL.1.4 OR BL.2 OR BL.2.1 OR BL.3 OR BL.4 OR BL.5 OR BL.6 OR BM.1 OR BM.1.1 OR BM.1.1.1 OR BM.1.1.2 OR BM.1.1.3 OR BM.1.1.4 OR BM.1.1.5 OR BM.2 OR BM.2.1 OR BM.2.2 OR BM.2.3 OR BM.3 OR BM.4 OR BM.4.1 OR BM.4.1.1 OR BM.5 OR BM.6 OR BN.1 OR BN.1.1 OR BN.1.1.1 OR BN.1.2 OR BN.1.2.1 OR BN.1.3 OR BN.1.3.1 OR BN.1.3.2 OR BN.1.3.3 OR BN.1.3.4 OR BN.1.4 OR BN.1.4.1 OR BN.1.5 OR BN.1.5.1 OR BN.1.6 OR BN.1.7 OR BN.1.8 OR BN.1.9 OR BN.2 OR BN.2.1 OR BN.3 OR BN.3.1 OR BN.4 OR BN.5 OR BN.6 OR BP.1 OR BQ.1 OR BQ.1.1 OR BQ.1.1.1 OR BQ.1.1.2 OR BQ.1.1.3 OR BQ.1.1.4 OR BQ.1.1.5 OR BQ.1.1.6 OR BQ.1.1.7 OR BQ.1.1.8 OR BQ.1.1.9 OR BQ.1.1.10 OR BQ.1.1.11 OR BQ.1.1.12 OR BQ.1.1.13 OR BQ.1.1.14 OR BQ.1.1.15 OR BQ.1.1.16 OR BQ.1.1.17 OR BQ.1.1.18 OR BQ.1.1.19 OR BQ.1.1.20 OR BQ.1.1.21 OR BQ.1.1.22 OR BQ.1.1.23 OR BQ.1.1.24 OR BQ.1.1.25 OR BQ.1.1.26 OR BQ.1.1.27 OR BQ.1.1.28 OR BQ.1.1.29 OR BQ.1.1.30 OR BQ.1.1.31 OR BQ.1.1.32 OR BQ.1.1.34 OR BQ.1.1.35 OR BQ.1.1.36 OR BQ.1.2 OR BQ.1.3 OR BQ.1.4 OR BQ.1.5 OR BQ.1.6 OR BQ.1.7 OR BQ.1.8 OR BQ.1.8.1 OR BQ.1.8.2 OR BQ.1.9 OR BQ.1.10 OR BQ.1.10.1 OR BQ.1.11 OR BQ.1.12 OR BQ.1.13 OR BQ.1.13.1 OR BQ.1.14 OR BQ.1.15 OR BQ.1.16 OR BQ.1.17 OR BQ.1.18 OR BQ.1.19 OR BQ.1.20 OR BQ.1.21 OR BQ.1.22 OR BQ.1.23 OR BQ.1.24 OR BQ.1.25 OR BQ.1.25.1 OR BQ.1.26 OR BQ.1.26.1 OR BQ.1.27 OR BQ.1.28 OR BQ.2 OR BR.1 OR BR.1.1 OR BR.1.2 OR BR.2 OR BR.2.1 OR BR.3 OR BR.4 OR BS.1 OR BS.1.1 OR BS.1.2 OR BT.1 OR BT.2 OR BU.1 OR BU.2 OR BU.3 OR BV.1 OR BV.2 OR BW.1 OR BW.1.1 OR BY.1 OR BY.1.1 OR BY.1.1.1 OR BY.1.2 OR BY.1.2.1 OR BZ.1 OR CA.1 OR CA.2 OR CA.3 OR CA.3.1 OR CA.4 OR CA.5 OR CA.6 OR CA.7 OR CB.1 OR CC.1 OR CD.1 OR CD.2 OR CE.1 OR CF.1 OR CG.1 OR CH.1 OR CH.1.1 OR CH.1.1.1 OR CH.1.1.2 OR CH.1.1.3 OR CH.1.1.4 OR CH.1.1.5 OR CH.2 OR CH.3 OR CH.3.1 OR CJ.1 OR CJ.1.1 OR CK.1 OR CK.1.1 OR CK.1.2 OR CK.2 OR CK.2.1 OR CK.2.1.1 OR CK.3 OR CL.1 OR CM.1 OR CM.2 OR CM.2.1 OR CM.3 OR CM.4 OR CM.4.1 OR CM.5 OR CM.5.1 OR CM.5.2 OR CM.6 OR CM.6.1 OR CM.7 OR CM.8 OR CM.8.1 OR CM.9 OR CM.10 OR CM.11 OR CM.12 OR CN.1 OR CN.2 OR CP.1 OR CP.1.1 OR CP.1.2 OR CP.1.3 OR CP.2 OR CP.3 OR CP.4 OR CP.5 OR CP.6 OR CQ.1 OR CQ.1.1 OR CQ.2 OR CR.1 OR CR.1.1 OR CR.1.2 OR CR.1.3 OR CR.2 OR CS.1 OR CT.1 OR CU.1 OR CV.1 OR CV.2 OR CW.1 OR CY.1 OR CZ.1 OR DA.1 OR DB.1 OR DB.2 OR DC.1 OR DD.1 OR DE.1 OR DE.2 OR DF.1 OR DF.1.1 OR DG.1 OR DH.1 OR DJ.1 OR DJ.1.1 OR DJ.1.2 OR DJ.1.3 OR DK.1 OR DL.1 OR DM.1 OR DN.1 OR DN.1.1 OR DP.1 OR DQ.1 OR DR.1 OR DS.1 OR DT.1 OR DU.1 OR DV.1,Omicron,5,4.5,0.9
2022-01-24,2,2,2.83333333333333,2.66666666666667,0.941176470588235,0.46441675695705,0.999849363974563,B.1.1.529 OR BA.1 OR BA.1.1 OR BA.1.1.1 OR BA.1.1.2 OR BA.1.1.3 OR BA.1.1.4 OR BA.1.1.5 OR BA.1.1.6 OR BA.1.1.7 OR BA.1.1.8 OR BA.1.1.9 OR BA.1.1.10 OR BA.1.1.11 OR BA.1.1.12 OR BA.1.1.13 OR BA.1.1.14 OR BA.1.1.15 OR BA.1.1.16 OR BA.1.1.17 OR BA.1.1.18 OR BA.1.2 OR BA.1.3 OR BA.1.4 OR BA.1.5 OR BA.1.6 OR BA.1.7 OR BA.1.8 OR BA.1.9 OR BA.1.10 OR BA.1.12 OR BA.1.13 OR BA.1.13.1 OR BA.1.14 OR BA.1.14.1 OR BA.1.14.2 OR BA.1.15 OR BA.1.15.1 OR BA.1.15.2 OR BA.1.15.3 OR BA.1.16 OR BA.1.16.1 OR BA.1.16.2 OR BA.1.17 OR BA.1.17.1 OR BA.1.17.2 OR BA.1.18 OR BA.1.19 OR BA.1.20 OR BA.1.21 OR BA.1.21.1 OR BA.1.22 OR BA.1.23 OR BA.1.24 OR BA.2 OR BA.2.1 OR BA.2.2 OR BA.2.2.1 OR BA.2.3 OR BA.2.3.1 OR BA.2.3.2 OR BA.2.3.4 OR BA.2.3.5 OR BA.2.3.6 OR BA.2.3.7 OR BA.2.3.8 OR BA.2.3.9 OR BA.2.3.10 OR BA.2.3.11 OR BA.2.3.12 OR BA.2.3.13 OR BA.2.3.14 OR BA.2.3.15 OR BA.2.3.16 OR BA.2.3.17 OR BA.2.3.18 OR BA.2.3.19 OR BA.2.3.20 OR BA.2.3.21 OR BA.2.3.22 OR BA.2.4 OR BA.2.5 OR BA.2.6 OR BA.2.7 OR BA.2.8 OR BA.2.9 OR BA.2.9.1 OR BA.2.9.2 OR BA.2.9.3 OR BA.2.9.4 OR BA.2.9.5 OR BA.2.9.6 OR BA.2.9.7 OR BA.2.10 OR BA.2.10.1 OR BA.2.10.2 OR BA.2.10.3 OR BA.2.10.4 OR BA.2.11 OR BA.2.12 OR BA.2.12.1 OR BA.2.12.2 OR BA.2.13 OR BA.2.13.1 OR BA.2.14 OR BA.2.15 OR BA.2.16 OR BA.2.17 OR BA.2.18 OR BA.2.19 OR BA.2.20 OR BA.2.21 OR BA.2.22 OR BA.2.23 OR BA.2.23.1 OR BA.2.24 OR BA.2.25 OR BA.2.25.1 OR BA.2.26 OR BA.2.27 OR BA.2.28 OR BA.2.29 OR BA.2.30 OR BA.2.31 OR BA.2.31.1 OR BA.2.32 OR BA.2.33 OR BA.2.34 OR BA.2.35 OR BA.2.36 OR BA.2.37 OR BA.2.38 OR BA.2.38.1 OR BA.2.38.2 OR BA.2.38.3 OR BA.2.38.4 OR BA.2.39 OR BA.2.40 OR BA.2.40.1 OR BA.2.41 OR BA.2.42 OR BA.2.43 OR BA.2.44 OR BA.2.45 OR BA.2.46 OR BA.2.47 OR BA.2.48 OR BA.2.49 OR BA.2.50 OR BA.2.51 OR BA.2.52 OR BA.2.53 OR BA.2.54 OR BA.2.55 OR BA.2.56 OR BA.2.56.1 OR BA.2.57 OR BA.2.58 OR BA.2.59 OR BA.2.60 OR BA.2.61 OR BA.2.62 OR BA.2.63 OR BA.2.64 OR BA.2.65 OR BA.2.66 OR BA.2.67 OR BA.2.68 OR BA.2.69 OR BA.2.70 OR BA.2.71 OR BA.2.72 OR BA.2.73 OR BA.2.74 OR BA.2.75 OR BA.2.75.1 OR BA.2.75.2 OR BA.2.75.3 OR BA.2.75.4 OR BA.2.75.5 OR BA.2.75.6 OR BA.2.75.7 OR BA.2.75.8 OR BA.2.75.9 OR BA.2.75.10 OR BA.2.76 OR BA.2.76.1 OR BA.2.76.2 OR BA.2.77 OR BA.2.78 OR BA.2.79 OR BA.2.79.1 OR BA.2.80 OR BA.2.81 OR BA.2.82 OR BA.2.83 OR BA.2.85 OR BA.3 OR BA.3.1 OR BA.4 OR BA.4.1 OR BA.4.1.1 OR BA.4.1.2 OR BA.4.1.3 OR BA.4.1.4 OR BA.4.1.5 OR BA.4.1.6 OR BA.4.1.7 OR BA.4.1.8 OR BA.4.1.9 OR BA.4.1.10 OR BA.4.2 OR BA.4.3 OR BA.4.4 OR BA.4.5 OR BA.4.6 OR BA.4.6.1 OR BA.4.6.2 OR BA.4.6.3 OR BA.4.6.4 OR BA.4.6.5 OR BA.4.7 OR BA.4.8 OR BA.5 OR BA.5.1 OR BA.5.1.1 OR BA.5.1.2 OR BA.5.1.3 OR BA.5.1.4 OR BA.5.1.5 OR BA.5.1.6 OR BA.5.1.7 OR BA.5.1.8 OR BA.5.1.9 OR BA.5.1.10 OR BA.5.1.11 OR BA.5.1.12 OR BA.5.1.14 OR BA.5.1.15 OR BA.5.1.16 OR BA.5.1.17 OR BA.5.1.18 OR BA.5.1.19 OR BA.5.1.20 OR BA.5.1.21 OR BA.5.1.22 OR BA.5.1.23 OR BA.5.1.24 OR BA.5.1.25 OR BA.5.1.26 OR BA.5.1.27 OR BA.5.1.28 OR BA.5.1.29 OR BA.5.1.30 OR BA.5.1.31 OR BA.5.1.32 OR BA.5.2 OR BA.5.2.1 OR BA.5.2.2 OR BA.5.2.3 OR BA.5.2.4 OR BA.5.2.5 OR BA.5.2.6 OR BA.5.2.7 OR BA.5.2.8 OR BA.5.2.9 OR BA.5.2.10 OR BA.5.2.11 OR BA.5.2.12 OR BA.5.2.13 OR BA.5.2.14 OR BA.5.2.16 OR BA.5.2.18 OR BA.5.2.19 OR BA.5.2.20 OR BA.5.2.21 OR BA.5.2.22 OR BA.5.2.23 OR BA.5.2.24 OR BA.5.2.25 OR BA.5.2.26 OR BA.5.2.27 OR BA.5.2.28 OR BA.5.2.29 OR BA.5.2.30 OR BA.5.2.31 OR BA.5.2.32 OR BA.5.2.33 OR BA.5.2.34 OR BA.5.2.35 OR BA.5.2.36 OR BA.5.2.37 OR BA.5.2.38 OR BA.5.2.39 OR BA.5.2.40 OR BA.5.2.41 OR BA.5.2.42 OR BA.5.2.43 OR BA.5.2.44 OR BA.5.2.45 OR BA.5.2.46 OR BA.5.2.47 OR BA.5.2.48 OR BA.5.2.49 OR BA.5.3 OR BA.5.3.1 OR BA.5.3.2 OR BA.5.3.3 OR BA.5.3.4 OR BA.5.3.5 OR BA.5.5 OR BA.5.5.1 OR BA.5.5.2 OR BA.5.5.3 OR BA.5.6 OR BA.5.6.1 OR BA.5.6.2 OR BA.5.6.3 OR BA.5.6.4 OR BA.5.7 OR BA.5.8 OR BA.5.9 OR BA.5.10 OR BA.5.10.1 OR BA.5.11 OR BC.1 OR BC.2 OR BD.1 OR BE.1 OR BE.1.1 OR BE.1.1.1 OR BE.1.1.2 OR BE.1.2 OR BE.1.2.1 OR BE.1.3 OR BE.1.4 OR BE.1.4.1 OR BE.1.4.2 OR BE.1.4.3 OR BE.1.4.4 OR BE.2 OR BE.3 OR BE.4 OR BE.4.1 OR BE.4.1.1 OR BE.4.2 OR BE.5 OR BE.6 OR BE.7 OR BE.8 OR BE.9 OR BE.10 OR BF.1 OR BF.1.1 OR BF.2 OR BF.3 OR BF.3.1 OR BF.4 OR BF.5 OR BF.5.1 OR BF.5.2 OR BF.6 OR BF.7 OR BF.7.1 OR BF.7.2 OR BF.7.3 OR BF.7.4 OR BF.7.4.1 OR BF.7.4.2 OR BF.7.5 OR BF.7.5.1 OR BF.7.6 OR BF.7.7 OR BF.7.8 OR BF.7.9 OR BF.7.10 OR BF.7.11 OR BF.7.12 OR BF.7.13 OR BF.7.13.1 OR BF.7.13.2 OR BF.7.14 OR BF.7.15 OR BF.8 OR BF.9 OR BF.10 OR BF.10.1 OR BF.11 OR BF.11.1 OR BF.11.2 OR BF.11.3 OR BF.11.4 OR BF.11.5 OR BF.12 OR BF.13 OR BF.14 OR BF.15 OR BF.16 OR BF.17 OR BF.18 OR BF.19 OR BF.20 OR BF.21 OR BF.22 OR BF.23 OR BF.24 OR BF.25 OR BF.26 OR BF.27 OR BF.28 OR BF.29 OR BF.30 OR BF.31 OR BF.31.1 OR BF.32 OR BF.33 OR BF.34 OR BG.1 OR BG.2 OR BG.3 OR BG.4 OR BG.5 OR BG.6 OR BG.7 OR BH.1 OR BJ.1 OR BK.1 OR BL.1 OR BL.1.1 OR BL.1.2 OR BL.1.3 OR BL.1.4 OR BL.2 OR BL.2.1 OR BL.3 OR BL.4 OR BL.5 OR BL.6 OR BM.1 OR BM.1.1 OR BM.1.1.1 OR BM.1.1.2 OR BM.1.1.3 OR BM.1.1.4 OR BM.1.1.5 OR BM.2 OR BM.2.1 OR BM.2.2 OR BM.2.3 OR BM.3 OR BM.4 OR BM.4.1 OR BM.4.1.1 OR BM.5 OR BM.6 OR BN.1 OR BN.1.1 OR BN.1.1.1 OR BN.1.2 OR BN.1.2.1 OR BN.1.3 OR BN.1.3.1 OR BN.1.3.2 OR BN.1.3.3 OR BN.1.3.4 OR BN.1.4 OR BN.1.4.1 OR BN.1.5 OR BN.1.5.1 OR BN.1.6 OR BN.1.7 OR BN.1.8 OR BN.1.9 OR BN.2 OR BN.2.1 OR BN.3 OR BN.3.1 OR BN.4 OR BN.5 OR BN.6 OR BP.1 OR BQ.1 OR BQ.1.1 OR BQ.1.1.1 OR BQ.1.1.2 OR BQ.1.1.3 OR BQ.1.1.4 OR BQ.1.1.5 OR BQ.1.1.6 OR BQ.1.1.7 OR BQ.1.1.8 OR BQ.1.1.9 OR BQ.1.1.10 OR BQ.1.1.11 OR BQ.1.1.12 OR BQ.1.1.13 OR BQ.1.1.14 OR BQ.1.1.15 OR BQ.1.1.16 OR BQ.1.1.17 OR BQ.1.1.18 OR BQ.1.1.19 OR BQ.1.1.20 OR BQ.1.1.21 OR BQ.1.1.22 OR BQ.1.1.23 OR BQ.1.1.24 OR BQ.1.1.25 OR BQ.1.1.26 OR BQ.1.1.27 OR BQ.1.1.28 OR BQ.1.1.29 OR BQ.1.1.30 OR BQ.1.1.31 OR BQ.1.1.32 OR BQ.1.1.34 OR BQ.1.1.35 OR BQ.1.1.36 OR BQ.1.2 OR BQ.1.3 OR BQ.1.4 OR BQ.1.5 OR BQ.1.6 OR BQ.1.7 OR BQ.1.8 OR BQ.1.8.1 OR BQ.1.8.2 OR BQ.1.9 OR BQ.1.10 OR BQ.1.10.1 OR BQ.1.11 OR BQ.1.12 OR BQ.1.13 OR BQ.1.13.1 OR BQ.1.14 OR BQ.1.15 OR BQ.1.16 OR BQ.1.17 OR BQ.1.18 OR BQ.1.19 OR BQ.1.20 OR BQ.1.21 OR BQ.1.22 OR BQ.1.23 OR BQ.1.24 OR BQ.1.25 OR BQ.1.25.1 OR BQ.1.26 OR BQ.1.26.1 OR BQ.1.27 OR BQ.1.28 OR BQ.2 OR BR.1 OR BR.1.1 OR BR.1.2 OR BR.2 OR BR.2.1 OR BR.3 OR BR.4 OR BS.1 OR BS.1.1 OR BS.1.2 OR BT.1 OR BT.2 OR BU.1 OR BU.2 OR BU.3 OR BV.1 OR BV.2 OR BW.1 OR BW.1.1 OR BY.1 OR BY.1.1 OR BY.1.1.1 OR BY.1.2 OR BY.1.2.1 OR BZ.1 OR CA.1 OR CA.2 OR CA.3 OR CA.3.1 OR CA.4 OR CA.5 OR CA.6 OR CA.7 OR CB.1 OR CC.1 OR CD.1 OR CD.2 OR CE.1 OR CF.1 OR CG.1 OR CH.1 OR CH.1.1 OR CH.1.1.1 OR CH.1.1.2 OR CH.1.1.3 OR CH.1.1.4 OR CH.1.1.5 OR CH.2 OR CH.3 OR CH.3.1 OR CJ.1 OR CJ.1.1 OR CK.1 OR CK.1.1 OR CK.1.2 OR CK.2 OR CK.2.1 OR CK.2.1.1 OR CK.3 OR CL.1 OR CM.1 OR CM.2 OR CM.2.1 OR CM.3 OR CM.4 OR CM.4.1 OR CM.5 OR CM.5.1 OR CM.5.2 OR CM.6 OR CM.6.1 OR CM.7 OR CM.8 OR CM.8.1 OR CM.9 OR CM.10 OR CM.11 OR CM.12 OR CN.1 OR CN.2 OR CP.1 OR CP.1.1 OR CP.1.2 OR CP.1.3 OR CP.2 OR CP.3 OR CP.4 OR CP.5 OR CP.6 OR CQ.1 OR CQ.1.1 OR CQ.2 OR CR.1 OR CR.1.1 OR CR.1.2 OR CR.1.3 OR CR.2 OR CS.1 OR CT.1 OR CU.1 OR CV.1 OR CV.2 OR CW.1 OR CY.1 OR CZ.1 OR DA.1 OR DB.1 OR DB.2 OR DC.1 OR DD.1 OR DE.1 OR DE.2 OR DF.1 OR DF.1.1 OR DG.1 OR DH.1 OR DJ.1 OR DJ.1.1 OR DJ.1.2 OR DJ.1.3 OR DK.1 OR DL.1 OR DM.1 OR DN.1 OR DN.1.1 OR DP.1 OR DQ.1 OR DR.1 OR DS.1 OR DT.1 OR DU.1 OR DV.1,Omicron,4.5,4,0.888888888888889
2022-01-25,3,3,2.83333333333333,2.66666666666667,0.941176470588235,0.46441675695705,0.999849363974563,B.1.1.529 OR BA.1 OR BA.1.1 OR BA.1.1.1 OR BA.1.1.2 OR BA.1.1.3 OR BA.1.1.4 OR BA.1.1.5 OR BA.1.1.6 OR BA.1.1.7 OR BA.1.1.8 OR BA.1.1.9 OR BA.1.1.10 OR BA.1.1.11 OR BA.1.1.12 OR BA.1.1.13 OR BA.1.1.14 OR BA.1.1.15 OR BA.1.1.16 OR BA.1.1.17 OR BA.1.1.18 OR BA.1.2 OR BA.1.3 OR BA.1.4 OR BA.1.5 OR BA.1.6 OR BA.1.7 OR BA.1.8 OR BA.1.9 OR BA.1.10 OR BA.1.12 OR BA.1.13 OR BA.1.13.1 OR BA.1.14 OR BA.1.14.1 OR BA.1.14.2 OR BA.1.15 OR BA.1.15.1 OR BA.1.15.2 OR BA.1.15.3 OR BA.1.16 OR BA.1.16.1 OR BA.1.16.2 OR BA.1.17 OR BA.1.17.1 OR BA.1.17.2 OR BA.1.18 OR BA.1.19 OR BA.1.20 OR BA.1.21 OR BA.1.21.1 OR BA.1.22 OR BA.1.23 OR BA.1.24 OR BA.2 OR BA.2.1 OR BA.2.2 OR BA.2.2.1 OR BA.2.3 OR BA.2.3.1 OR BA.2.3.2 OR BA.2.3.4 OR BA.2.3.5 OR BA.2.3.6 OR BA.2.3.7 OR BA.2.3.8 OR BA.2.3.9 OR BA.2.3.10 OR BA.2.3.11 OR BA.2.3.12 OR BA.2.3.13 OR BA.2.3.14 OR BA.2.3.15 OR BA.2.3.16 OR BA.2.3.17 OR BA.2.3.18 OR BA.2.3.19 OR BA.2.3.20 OR BA.2.3.21 OR BA.2.3.22 OR BA.2.4 OR BA.2.5 OR BA.2.6 OR BA.2.7 OR BA.2.8 OR BA.2.9 OR BA.2.9.1 OR BA.2.9.2 OR BA.2.9.3 OR BA.2.9.4 OR BA.2.9.5 OR BA.2.9.6 OR BA.2.9.7 OR BA.2.10 OR BA.2.10.1 OR BA.2.10.2 OR BA.2.10.3 OR BA.2.10.4 OR BA.2.11 OR BA.2.12 OR BA.2.12.1 OR BA.2.12.2 OR BA.2.13 OR BA.2.13.1 OR BA.2.14 OR BA.2.15 OR BA.2.16 OR BA.2.17 OR BA.2.18 OR BA.2.19 OR BA.2.20 OR BA.2.21 OR BA.2.22 OR BA.2.23 OR BA.2.23.1 OR BA.2.24 OR BA.2.25 OR BA.2.25.1 OR BA.2.26 OR BA.2.27 OR BA.2.28 OR BA.2.29 OR BA.2.30 OR BA.2.31 OR BA.2.31.1 OR BA.2.32 OR BA.2.33 OR BA.2.34 OR BA.2.35 OR BA.2.36 OR BA.2.37 OR BA.2.38 OR BA.2.38.1 OR BA.2.38.2 OR BA.2.38.3 OR BA.2.38.4 OR BA.2.39 OR BA.2.40 OR BA.2.40.1 OR BA.2.41 OR BA.2.42 OR BA.2.43 OR BA.2.44 OR BA.2.45 OR BA.2.46 OR BA.2.47 OR BA.2.48 OR BA.2.49 OR BA.2.50 OR BA.2.51 OR BA.2.52 OR BA.2.53 OR BA.2.54 OR BA.2.55 OR BA.2.56 OR BA.2.56.1 OR BA.2.57 OR BA.2.58 OR BA.2.59 OR BA.2.60 OR BA.2.61 OR BA.2.62 OR BA.2.63 OR BA.2.64 OR BA.2.65 OR BA.2.66 OR BA.2.67 OR BA.2.68 OR BA.2.69 OR BA.2.70 OR BA.2.71 OR BA.2.72 OR BA.2.73 OR BA.2.74 OR BA.2.75 OR BA.2.75.1 OR BA.2.75.2 OR BA.2.75.3 OR BA.2.75.4 OR BA.2.75.5 OR BA.2.75.6 OR BA.2.75.7 OR BA.2.75.8 OR BA.2.75.9 OR BA.2.75.10 OR BA.2.76 OR BA.2.76.1 OR BA.2.76.2 OR BA.2.77 OR BA.2.78 OR BA.2.79 OR BA.2.79.1 OR BA.2.80 OR BA.2.81 OR BA.2.82 OR BA.2.83 OR BA.2.85 OR BA.3 OR BA.3.1 OR BA.4 OR BA.4.1 OR BA.4.1.1 OR BA.4.1.2 OR BA.4.1.3 OR BA.4.1.4 OR BA.4.1.5 OR BA.4.1.6 OR BA.4.1.7 OR BA.4.1.8 OR BA.4.1.9 OR BA.4.1.10 OR BA.4.2 OR BA.4.3 OR BA.4.4 OR BA.4.5 OR BA.4.6 OR BA.4.6.1 OR BA.4.6.2 OR BA.4.6.3 OR BA.4.6.4 OR BA.4.6.5 OR BA.4.7 OR BA.4.8 OR BA.5 OR BA.5.1 OR BA.5.1.1 OR BA.5.1.2 OR BA.5.1.3 OR BA.5.1.4 OR BA.5.1.5 OR BA.5.1.6 OR BA.5.1.7 OR BA.5.1.8 OR BA.5.1.9 OR BA.5.1.10 OR BA.5.1.11 OR BA.5.1.12 OR BA.5.1.14 OR BA.5.1.15 OR BA.5.1.16 OR BA.5.1.17 OR BA.5.1.18 OR BA.5.1.19 OR BA.5.1.20 OR BA.5.1.21 OR BA.5.1.22 OR BA.5.1.23 OR BA.5.1.24 OR BA.5.1.25 OR BA.5.1.26 OR BA.5.1.27 OR BA.5.1.28 OR BA.5.1.29 OR BA.5.1.30 OR BA.5.1.31 OR BA.5.1.32 OR BA.5.2 OR BA.5.2.1 OR BA.5.2.2 OR BA.5.2.3 OR BA.5.2.4 OR BA.5.2.5 OR BA.5.2.6 OR BA.5.2.7 OR BA.5.2.8 OR BA.5.2.9 OR BA.5.2.10 OR BA.5.2.11 OR BA.5.2.12 OR BA.5.2.13 OR BA.5.2.14 OR BA.5.2.16 OR BA.5.2.18 OR BA.5.2.19 OR BA.5.2.20 OR BA.5.2.21 OR BA.5.2.22 OR BA.5.2.23 OR BA.5.2.24 OR BA.5.2.25 OR BA.5.2.26 OR BA.5.2.27 OR BA.5.2.28 OR BA.5.2.29 OR BA.5.2.30 OR BA.5.2.31 OR BA.5.2.32 OR BA.5.2.33 OR BA.5.2.34 OR BA.5.2.35 OR BA.5.2.36 OR BA.5.2.37 OR BA.5.2.38 OR BA.5.2.39 OR BA.5.2.40 OR BA.5.2.41 OR BA.5.2.42 OR BA.5.2.43 OR BA.5.2.44 OR BA.5.2.45 OR BA.5.2.46 OR BA.5.2.47 OR BA.5.2.48 OR BA.5.2.49 OR BA.5.3 OR BA.5.3.1 OR BA.5.3.2 OR BA.5.3.3 OR BA.5.3.4 OR BA.5.3.5 OR BA.5.5 OR BA.5.5.1 OR BA.5.5.2 OR BA.5.5.3 OR BA.5.6 OR BA.5.6.1 OR BA.5.6.2 OR BA.5.6.3 OR BA.5.6.4 OR BA.5.7 OR BA.5.8 OR BA.5.9 OR BA.5.10 OR BA.5.10.1 OR BA.5.11 OR BC.1 OR BC.2 OR BD.1 OR BE.1 OR BE.1.1 OR BE.1.1.1 OR BE.1.1.2 OR BE.1.2 OR BE.1.2.1 OR BE.1.3 OR BE.1.4 OR BE.1.4.1 OR BE.1.4.2 OR BE.1.4.3 OR BE.1.4.4 OR BE.2 OR BE.3 OR BE.4 OR BE.4.1 OR BE.4.1.1 OR BE.4.2 OR BE.5 OR BE.6 OR BE.7 OR BE.8 OR BE.9 OR BE.10 OR BF.1 OR BF.1.1 OR BF.2 OR BF.3 OR BF.3.1 OR BF.4 OR BF.5 OR BF.5.1 OR BF.5.2 OR BF.6 OR BF.7 OR BF.7.1 OR BF.7.2 OR BF.7.3 OR BF.7.4 OR BF.7.4.1 OR BF.7.4.2 OR BF.7.5 OR BF.7.5.1 OR BF.7.6 OR BF.7.7 OR BF.7.8 OR BF.7.9 OR BF.7.10 OR BF.7.11 OR BF.7.12 OR BF.7.13 OR BF.7.13.1 OR BF.7.13.2 OR BF.7.14 OR BF.7.15 OR BF.8 OR BF.9 OR BF.10 OR BF.10.1 OR BF.11 OR BF.11.1 OR BF.11.2 OR BF.11.3 OR BF.11.4 OR BF.11.5 OR BF.12 OR BF.13 OR BF.14 OR BF.15 OR BF.16 OR BF.17 OR BF.18 OR BF.19 OR BF.20 OR BF.21 OR BF.22 OR BF.23 OR BF.24 OR BF.25 OR BF.26 OR BF.27 OR BF.28 OR BF.29 OR BF.30 OR BF.31 OR BF.31.1 OR BF.32 OR BF.33 OR BF.34 OR BG.1 OR BG.2 OR BG.3 OR BG.4 OR BG.5 OR BG.6 OR BG.7 OR BH.1 OR BJ.1 OR BK.1 OR BL.1 OR BL.1.1 OR BL.1.2 OR BL.1.3 OR BL.1.4 OR BL.2 OR BL.2.1 OR BL.3 OR BL.4 OR BL.5 OR BL.6 OR BM.1 OR BM.1.1 OR BM.1.1.1 OR BM.1.1.2 OR BM.1.1.3 OR BM.1.1.4 OR BM.1.1.5 OR BM.2 OR BM.2.1 OR BM.2.2 OR BM.2.3 OR BM.3 OR BM.4 OR BM.4.1 OR BM.4.1.1 OR BM.5 OR BM.6 OR BN.1 OR BN.1.1 OR BN.1.1.1 OR BN.1.2 OR BN.1.2.1 OR BN.1.3 OR BN.1.3.1 OR BN.1.3.2 OR BN.1.3.3 OR BN.1.3.4 OR BN.1.4 OR BN.1.4.1 OR BN.1.5 OR BN.1.5.1 OR BN.1.6 OR BN.1.7 OR BN.1.8 OR BN.1.9 OR BN.2 OR BN.2.1 OR BN.3 OR BN.3.1 OR BN.4 OR BN.5 OR BN.6 OR BP.1 OR BQ.1 OR BQ.1.1 OR BQ.1.1.1 OR BQ.1.1.2 OR BQ.1.1.3 OR BQ.1.1.4 OR BQ.1.1.5 OR BQ.1.1.6 OR BQ.1.1.7 OR BQ.1.1.8 OR BQ.1.1.9 OR BQ.1.1.10 OR BQ.1.1.11 OR BQ.1.1.12 OR BQ.1.1.13 OR BQ.1.1.14 OR BQ.1.1.15 OR BQ.1.1.16 OR BQ.1.1.17 OR BQ.1.1.18 OR BQ.1.1.19 OR BQ.1.1.20 OR BQ.1.1.21 OR BQ.1.1.22 OR BQ.1.1.23 OR BQ.1.1.24 OR BQ.1.1.25 OR BQ.1.1.26 OR BQ.1.1.27 OR BQ.1.1.28 OR BQ.1.1.29 OR BQ.1.1.30 OR BQ.1.1.31 OR BQ.1.1.32 OR BQ.1.1.34 OR BQ.1.1.35 OR BQ.1.1.36 OR BQ.1.2 OR BQ.1.3 OR BQ.1.4 OR BQ.1.5 OR BQ.1.6 OR BQ.1.7 OR BQ.1.8 OR BQ.1.8.1 OR BQ.1.8.2 OR BQ.1.9 OR BQ.1.10 OR BQ.1.10.1 OR BQ.1.11 OR BQ.1.12 OR BQ.1.13 OR BQ.1.13.1 OR BQ.1.14 OR BQ.1.15 OR BQ.1.16 OR BQ.1.17 OR BQ.1.18 OR BQ.1.19 OR BQ.1.20 OR BQ.1.21 OR BQ.1.22 OR BQ.1.23 OR BQ.1.24 OR BQ.1.25 OR BQ.1.25.1 OR BQ.1.26 OR BQ.1.26.1 OR BQ.1.27 OR BQ.1.28 OR BQ.2 OR BR.1 OR BR.1.1 OR BR.1.2 OR BR.2 OR BR.2.1 OR BR.3 OR BR.4 OR BS.1 OR BS.1.1 OR BS.1.2 OR BT.1 OR BT.2 OR BU.1 OR BU.2 OR BU.3 OR BV.1 OR BV.2 OR BW.1 OR BW.1.1 OR BY.1 OR BY.1.1 OR BY.1.1.1 OR BY.1.2 OR BY.1.2.1 OR BZ.1 OR CA.1 OR CA.2 OR CA.3 OR CA.3.1 OR CA.4 OR CA.5 OR CA.6 OR CA.7 OR CB.1 OR CC.1 OR CD.1 OR CD.2 OR CE.1 OR CF.1 OR CG.1 OR CH.1 OR CH.1.1 OR CH.1.1.1 OR CH.1.1.2 OR CH.1.1.3 OR CH.1.1.4 OR CH.1.1.5 OR CH.2 OR CH.3 OR CH.3.1 OR CJ.1 OR CJ.1.1 OR CK.1 OR CK.1.1 OR CK.1.2 OR CK.2 OR CK.2.1 OR CK.2.1.1 OR CK.3 OR CL.1 OR CM.1 OR CM.2 OR CM.2.1 OR CM.3 OR CM.4 OR CM.4.1 OR CM.5 OR CM.5.1 OR CM.5.2 OR CM.6 OR CM.6.1 OR CM.7 OR CM.8 OR CM.8.1 OR CM.9 OR CM.10 OR CM.11 OR CM.12 OR CN.1 OR CN.2 OR CP.1 OR CP.1.1 OR CP.1.2 OR CP.1.3 OR CP.2 OR CP.3 OR CP.4 OR CP.5 OR CP.6 OR CQ.1 OR CQ.1.1 OR CQ.2 OR CR.1 OR CR.1.1 OR CR.1.2 OR CR.1.3 OR CR.2 OR CS.1 OR CT.1 OR CU.1 OR CV.1 OR CV.2 OR CW.1 OR CY.1 OR CZ.1 OR DA.1 OR DB.1 OR DB.2 OR DC.1 OR DD.1 OR DE.1 OR DE.2 OR DF.1 OR DF.1.1 OR DG.1 OR DH.1 OR DJ.1 OR DJ.1.1 OR DJ.1.2 OR DJ.1.3 OR DK.1 OR DL.1 OR DM.1 OR DN.1 OR DN.1.1 OR DP.1 OR DQ.1 OR DR.1 OR DS.1 OR DT.1 OR DU.1 OR DV.1,Omicron,4.35714285714286,3.85714285714286,0.885245901639344
2022-01-26,3,3,2.66666666666667,2.5,0.9375,0.176736097131257,0.961252382214835,B.1.1.529 OR BA.1 OR BA.1.1 OR BA.1.1.1 OR BA.1.1.2 OR BA.1.1.3 OR BA.1.1.4 OR BA.1.1.5 OR BA.1.1.6 OR BA.1.1.7 OR BA.1.1.8 OR BA.1.1.9 OR BA.1.1.10 OR BA.1.1.11 OR BA.1.1.12 OR BA.1.1.13 OR BA.1.1.14 OR BA.1.1.15 OR BA.1.1.16 OR BA.1.1.17 OR BA.1.1.18 OR BA.1.2 OR BA.1.3 OR BA.1.4 OR BA.1.5 OR BA.1.6 OR BA.1.7 OR BA.1.8 OR BA.1.9 OR BA.1.10 OR BA.1.12 OR BA.1.13 OR BA.1.13.1 OR BA.1.14 OR BA.1.14.1 OR BA.1.14.2 OR BA.1.15 OR BA.1.15.1 OR BA.1.15.2 OR BA.1.15.3 OR BA.1.16 OR BA.1.16.1 OR BA.1.16.2 OR BA.1.17 OR BA.1.17.1 OR BA.1.17.2 OR BA.1.18 OR BA.1.19 OR BA.1.20 OR BA.1.21 OR BA.1.21.1 OR BA.1.22 OR BA.1.23 OR BA.1.24 OR BA.2 OR BA.2.1 OR BA.2.2 OR BA.2.2.1 OR BA.2.3 OR BA.2.3.1 OR BA.2.3.2 OR BA.2.3.4 OR BA.2.3.5 OR BA.2.3.6 OR BA.2.3.7 OR BA.2.3.8 OR BA.2.3.9 OR BA.2.3.10 OR BA.2.3.11 OR BA.2.3.12 OR BA.2.3.13 OR BA.2.3.14 OR BA.2.3.15 OR BA.2.3.16 OR BA.2.3.17 OR BA.2.3.18 OR BA.2.3.19 OR BA.2.3.20 OR BA.2.3.21 OR BA.2.3.22 OR BA.2.4 OR BA.2.5 OR BA.2.6 OR BA.2.7 OR BA.2.8 OR BA.2.9 OR BA.2.9.1 OR BA.2.9.2 OR BA.2.9.3 OR BA.2.9.4 OR BA.2.9.5 OR BA.2.9.6 OR BA.2.9.7 OR BA.2.10 OR BA.2.10.1 OR BA.2.10.2 OR BA.2.10.3 OR BA.2.10.4 OR BA.2.11 OR BA.2.12 OR BA.2.12.1 OR BA.2.12.2 OR BA.2.13 OR BA.2.13.1 OR BA.2.14 OR BA.2.15 OR BA.2.16 OR BA.2.17 OR BA.2.18 OR BA.2.19 OR BA.2.20 OR BA.2.21 OR BA.2.22 OR BA.2.23 OR BA.2.23.1 OR BA.2.24 OR BA.2.25 OR BA.2.25.1 OR BA.2.26 OR BA.2.27 OR BA.2.28 OR BA.2.29 OR BA.2.30 OR BA.2.31 OR BA.2.31.1 OR BA.2.32 OR BA.2.33 OR BA.2.34 OR BA.2.35 OR BA.2.36 OR BA.2.37 OR BA.2.38 OR BA.2.38.1 OR BA.2.38.2 OR BA.2.38.3 OR BA.2.38.4 OR BA.2.39 OR BA.2.40 OR BA.2.40.1 OR BA.2.41 OR BA.2.42 OR BA.2.43 OR BA.2.44 OR BA.2.45 OR BA.2.46 OR BA.2.47 OR BA.2.48 OR BA.2.49 OR BA.2.50 OR BA.2.51 OR BA.2.52 OR BA.2.53 OR BA.2.54 OR BA.2.55 OR BA.2.56 OR BA.2.56.1 OR BA.2.57 OR BA.2.58 OR BA.2.59 OR BA.2.60 OR BA.2.61 OR BA.2.62 OR BA.2.63 OR BA.2.64 OR BA.2.65 OR BA.2.66 OR BA.2.67 OR BA.2.68 OR BA.2.69 OR BA.2.70 OR BA.2.71 OR BA.2.72 OR BA.2.73 OR BA.2.74 OR BA.2.75 OR BA.2.75.1 OR BA.2.75.2 OR BA.2.75.3 OR BA.2.75.4 OR BA.2.75.5 OR BA.2.75.6 OR BA.2.75.7 OR BA.2.75.8 OR BA.2.75.9 OR BA.2.75.10 OR BA.2.76 OR BA.2.76.1 OR BA.2.76.2 OR BA.2.77 OR BA.2.78 OR BA.2.79 OR BA.2.79.1 OR BA.2.80 OR BA.2.81 OR BA.2.82 OR BA.2.83 OR BA.2.85 OR BA.3 OR BA.3.1 OR BA.4 OR BA.4.1 OR BA.4.1.1 OR BA.4.1.2 OR BA.4.1.3 OR BA.4.1.4 OR BA.4.1.5 OR BA.4.1.6 OR BA.4.1.7 OR BA.4.1.8 OR BA.4.1.9 OR BA.4.1.10 OR BA.4.2 OR BA.4.3 OR BA.4.4 OR BA.4.5 OR BA.4.6 OR BA.4.6.1 OR BA.4.6.2 OR BA.4.6.3 OR BA.4.6.4 OR BA.4.6.5 OR BA.4.7 OR BA.4.8 OR BA.5 OR BA.5.1 OR BA.5.1.1 OR BA.5.1.2 OR BA.5.1.3 OR BA.5.1.4 OR BA.5.1.5 OR BA.5.1.6 OR BA.5.1.7 OR BA.5.1.8 OR BA.5.1.9 OR BA.5.1.10 OR BA.5.1.11 OR BA.5.1.12 OR BA.5.1.14 OR BA.5.1.15 OR BA.5.1.16 OR BA.5.1.17 OR BA.5.1.18 OR BA.5.1.19 OR BA.5.1.20 OR BA.5.1.21 OR BA.5.1.22 OR BA.5.1.23 OR BA.5.1.24 OR BA.5.1.25 OR BA.5.1.26 OR BA.5.1.27 OR BA.5.1.28 OR BA.5.1.29 OR BA.5.1.30 OR BA.5.1.31 OR BA.5.1.32 OR BA.5.2 OR BA.5.2.1 OR BA.5.2.2 OR BA.5.2.3 OR BA.5.2.4 OR BA.5.2.5 OR BA.5.2.6 OR BA.5.2.7 OR BA.5.2.8 OR BA.5.2.9 OR BA.5.2.10 OR BA.5.2.11 OR BA.5.2.12 OR BA.5.2.13 OR BA.5.2.14 OR BA.5.2.16 OR BA.5.2.18 OR BA.5.2.19 OR BA.5.2.20 OR BA.5.2.21 OR BA.5.2.22 OR BA.5.2.23 OR BA.5.2.24 OR BA.5.2.25 OR BA.5.2.26 OR BA.5.2.27 OR BA.5.2.28 OR BA.5.2.29 OR BA.5.2.30 OR BA.5.2.31 OR BA.5.2.32 OR BA.5.2.33 OR BA.5.2.34 OR BA.5.2.35 OR BA.5.2.36 OR BA.5.2.37 OR BA.5.2.38 OR BA.5.2.39 OR BA.5.2.40 OR BA.5.2.41 OR BA.5.2.42 OR BA.5.2.43 OR BA.5.2.44 OR BA.5.2.45 OR BA.5.2.46 OR BA.5.2.47 OR BA.5.2.48 OR BA.5.2.49 OR BA.5.3 OR BA.5.3.1 OR BA.5.3.2 OR BA.5.3.3 OR BA.5.3.4 OR BA.5.3.5 OR BA.5.5 OR BA.5.5.1 OR BA.5.5.2 OR BA.5.5.3 OR BA.5.6 OR BA.5.6.1 OR BA.5.6.2 OR BA.5.6.3 OR BA.5.6.4 OR BA.5.7 OR BA.5.8 OR BA.5.9 OR BA.5.10 OR BA.5.10.1 OR BA.5.11 OR BC.1 OR BC.2 OR BD.1 OR BE.1 OR BE.1.1 OR BE.1.1.1 OR BE.1.1.2 OR BE.1.2 OR BE.1.2.1 OR BE.1.3 OR BE.1.4 OR BE.1.4.1 OR BE.1.4.2 OR BE.1.4.3 OR BE.1.4.4 OR BE.2 OR BE.3 OR BE.4 OR BE.4.1 OR BE.4.1.1 OR BE.4.2 OR BE.5 OR BE.6 OR BE.7 OR BE.8 OR BE.9 OR BE.10 OR BF.1 OR BF.1.1 OR BF.2 OR BF.3 OR BF.3.1 OR BF.4 OR BF.5 OR BF.5.1 OR BF.5.2 OR BF.6 OR BF.7 OR BF.7.1 OR BF.7.2 OR BF.7.3 OR BF.7.4 OR BF.7.4.1 OR BF.7.4.2 OR BF.7.5 OR BF.7.5.1 OR BF.7.6 OR BF.7.7 OR BF.7.8 OR BF.7.9 OR BF.7.10 OR BF.7.11 OR BF.7.12 OR BF.7.13 OR BF.7.13.1 OR BF.7.13.2 OR BF.7.14 OR BF.7.15 OR BF.8 OR BF.9 OR BF.10 OR BF.10.1 OR BF.11 OR BF.11.1 OR BF.11.2 OR BF.11.3 OR BF.11.4 OR BF.11.5 OR BF.12 OR BF.13 OR BF.14 OR BF.15 OR BF.16 OR BF.17 OR BF.18 OR BF.19 OR BF.20 OR BF.21 OR BF.22 OR BF.23 OR BF.24 OR BF.25 OR BF.26 OR BF.27 OR BF.28 OR BF.29 OR BF.30 OR BF.31 OR BF.31.1 OR BF.32 OR BF.33 OR BF.34 OR BG.1 OR BG.2 OR BG.3 OR BG.4 OR BG.5 OR BG.6 OR BG.7 OR BH.1 OR BJ.1 OR BK.1 OR BL.1 OR BL.1.1 OR BL.1.2 OR BL.1.3 OR BL.1.4 OR BL.2 OR BL.2.1 OR BL.3 OR BL.4 OR BL.5 OR BL.6 OR BM.1 OR BM.1.1 OR BM.1.1.1 OR BM.1.1.2 OR BM.1.1.3 OR BM.1.1.4 OR BM.1.1.5 OR BM.2 OR BM.2.1 OR BM.2.2 OR BM.2.3 OR BM.3 OR BM.4 OR BM.4.1 OR BM.4.1.1 OR BM.5 OR BM.6 OR BN.1 OR BN.1.1 OR BN.1.1.1 OR BN.1.2 OR BN.1.2.1 OR BN.1.3 OR BN.1.3.1 OR BN.1.3.2 OR BN.1.3.3 OR BN.1.3.4 OR BN.1.4 OR BN.1.4.1 OR BN.1.5 OR BN.1.5.1 OR BN.1.6 OR BN.1.7 OR BN.1.8 OR BN.1.9 OR BN.2 OR BN.2.1 OR BN.3 OR BN.3.1 OR BN.4 OR BN.5 OR BN.6 OR BP.1 OR BQ.1 OR BQ.1.1 OR BQ.1.1.1 OR BQ.1.1.2 OR BQ.1.1.3 OR BQ.1.1.4 OR BQ.1.1.5 OR BQ.1.1.6 OR BQ.1.1.7 OR BQ.1.1.8 OR BQ.1.1.9 OR BQ.1.1.10 OR BQ.1.1.11 OR BQ.1.1.12 OR BQ.1.1.13 OR BQ.1.1.14 OR BQ.1.1.15 OR BQ.1.1.16 OR BQ.1.1.17 OR BQ.1.1.18 OR BQ.1.1.19 OR BQ.1.1.20 OR BQ.1.1.21 OR BQ.1.1.22 OR BQ.1.1.23 OR BQ.1.1.24 OR BQ.1.1.25 OR BQ.1.1.26 OR BQ.1.1.27 OR BQ.1.1.28 OR BQ.1.1.29 OR BQ.1.1.30 OR BQ.1.1.31 OR BQ.1.1.32 OR BQ.1.1.34 OR BQ.1.1.35 OR BQ.1.1.36 OR BQ.1.2 OR BQ.1.3 OR BQ.1.4 OR BQ.1.5 OR BQ.1.6 OR BQ.1.7 OR BQ.1.8 OR BQ.1.8.1 OR BQ.1.8.2 OR BQ.1.9 OR BQ.1.10 OR BQ.1.10.1 OR BQ.1.11 OR BQ.1.12 OR BQ.1.13 OR BQ.1.13.1 OR BQ.1.14 OR BQ.1.15 OR BQ.1.16 OR BQ.1.17 OR BQ.1.18 OR BQ.1.19 OR BQ.1.20 OR BQ.1.21 OR BQ.1.22 OR BQ.1.23 OR BQ.1.24 OR BQ.1.25 OR BQ.1.25.1 OR BQ.1.26 OR BQ.1.26.1 OR BQ.1.27 OR BQ.1.28 OR BQ.2 OR BR.1 OR BR.1.1 OR BR.1.2 OR BR.2 OR BR.2.1 OR BR.3 OR BR.4 OR BS.1 OR BS.1.1 OR BS.1.2 OR BT.1 OR BT.2 OR BU.1 OR BU.2 OR BU.3 OR BV.1 OR BV.2 OR BW.1 OR BW.1.1 OR BY.1 OR BY.1.1 OR BY.1.1.1 OR BY.1.2 OR BY.1.2.1 OR BZ.1 OR CA.1 OR CA.2 OR CA.3 OR CA.3.1 OR CA.4 OR CA.5 OR CA.6 OR CA.7 OR CB.1 OR CC.1 OR CD.1 OR CD.2 OR CE.1 OR CF.1 OR CG.1 OR CH.1 OR CH.1.1 OR CH.1.1.1 OR CH.1.1.2 OR CH.1.1.3 OR CH.1.1.4 OR CH.1.1.5 OR CH.2 OR CH.3 OR CH.3.1 OR CJ.1 OR CJ.1.1 OR CK.1 OR CK.1.1 OR CK.1.2 OR CK.2 OR CK.2.1 OR CK.2.1.1 OR CK.3 OR CL.1 OR CM.1 OR CM.2 OR CM.2.1 OR CM.3 OR CM.4 OR CM.4.1 OR CM.5 OR CM.5.1 OR CM.5.2 OR CM.6 OR CM.6.1 OR CM.7 OR CM.8 OR CM.8.1 OR CM.9 OR CM.10 OR CM.11 OR CM.12 OR CN.1 OR CN.2 OR CP.1 OR CP.1.1 OR CP.1.2 OR CP.1.3 OR CP.2 OR CP.3 OR CP.4 OR CP.5 OR CP.6 OR CQ.1 OR CQ.1.1 OR CQ.2 OR CR.1 OR CR.1.1 OR CR.1.2 OR CR.1.3 OR CR.2 OR CS.1 OR CT.1 OR CU.1 OR CV.1 OR CV.2 OR CW.1 OR CY.1 OR CZ.1 OR DA.1 OR DB.1 OR DB.2 OR DC.1 OR DD.1 OR DE.1 OR DE.2 OR DF.1 OR DF.1.1 OR DG.1 OR DH.1 OR DJ.1 OR DJ.1.1 OR DJ.1.2 OR DJ.1.3 OR DK.1 OR DL.1 OR DM.1 OR DN.1 OR DN.1.1 OR DP.1 OR DQ.1 OR DR.1 OR DS.1 OR DT.1 OR DU.1 OR DV.1,Omicron,4.07142857142857,3.71428571428571,0.912280701754386
2022-01-27,6,6,3.14285714285714,3,0.954545454545455,0.46441675695705,0.999849363974563,B.1.1.529 OR BA.1 OR BA.1.1 OR BA.1.1.1 OR BA.1.1.2 OR BA.1.1.3 OR BA.1.1.4 OR BA.1.1.5 OR BA.1.1.6 OR BA.1.1.7 OR BA.1.1.8 OR BA.1.1.9 OR BA.1.1.10 OR BA.1.1.11 OR BA.1.1.12 OR BA.1.1.13 OR BA.1.1.14 OR BA.1.1.15 OR BA.1.1.16 OR BA.1.1.17 OR BA.1.1.18 OR BA.1.2 OR BA.1.3 OR BA.1.4 OR BA.1.5 OR BA.1.6 OR BA.1.7 OR BA.1.8 OR BA.1.9 OR BA.1.10 OR BA.1.12 OR BA.1.13 OR BA.1.13.1 OR BA.1.14 OR BA.1.14.1 OR BA.1.14.2 OR BA.1.15 OR BA.1.15.1 OR BA.1.15.2 OR BA.1.15.3 OR BA.1.16 OR BA.1.16.1 OR BA.1.16.2 OR BA.1.17 OR BA.1.17.1 OR BA.1.17.2 OR BA.1.18 OR BA.1.19 OR BA.1.20 OR BA.1.21 OR BA.1.21.1 OR BA.1.22 OR BA.1.23 OR BA.1.24 OR BA.2 OR BA.2.1 OR BA.2.2 OR BA.2.2.1 OR BA.2.3 OR BA.2.3.1 OR BA.2.3.2 OR BA.2.3.4 OR BA.2.3.5 OR BA.2.3.6 OR BA.2.3.7 OR BA.2.3.8 OR BA.2.3.9 OR BA.2.3.10 OR BA.2.3.11 OR BA.2.3.12 OR BA.2.3.13 OR BA.2.3.14 OR BA.2.3.15 OR BA.2.3.16 OR BA.2.3.17 OR BA.2.3.18 OR BA.2.3.19 OR BA.2.3.20 OR BA.2.3.21 OR BA.2.3.22 OR BA.2.4 OR BA.2.5 OR BA.2.6 OR BA.2.7 OR BA.2.8 OR BA.2.9 OR BA.2.9.1 OR BA.2.9.2 OR BA.2.9.3 OR BA.2.9.4 OR BA.2.9.5 OR BA.2.9.6 OR BA.2.9.7 OR BA.2.10 OR BA.2.10.1 OR BA.2.10.2 OR BA.2.10.3 OR BA.2.10.4 OR BA.2.11 OR BA.2.12 OR BA.2.12.1 OR BA.2.12.2 OR BA.2.13 OR BA.2.13.1 OR BA.2.14 OR BA.2.15 OR BA.2.16 OR BA.2.17 OR BA.2.18 OR BA.2.19 OR BA.2.20 OR BA.2.21 OR BA.2.22 OR BA.2.23 OR BA.2.23.1 OR BA.2.24 OR BA.2.25 OR BA.2.25.1 OR BA.2.26 OR BA.2.27 OR BA.2.28 OR BA.2.29 OR BA.2.30 OR BA.2.31 OR BA.2.31.1 OR BA.2.32 OR BA.2.33 OR BA.2.34 OR BA.2.35 OR BA.2.36 OR BA.2.37 OR BA.2.38 OR BA.2.38.1 OR BA.2.38.2 OR BA.2.38.3 OR BA.2.38.4 OR BA.2.39 OR BA.2.40 OR BA.2.40.1 OR BA.2.41 OR BA.2.42 OR BA.2.43 OR BA.2.44 OR BA.2.45 OR BA.2.46 OR BA.2.47 OR BA.2.48 OR BA.2.49 OR BA.2.50 OR BA.2.51 OR BA.2.52 OR BA.2.53 OR BA.2.54 OR BA.2.55 OR BA.2.56 OR BA.2.56.1 OR BA.2.57 OR BA.2.58 OR BA.2.59 OR BA.2.60 OR BA.2.61 OR BA.2.62 OR BA.2.63 OR BA.2.64 OR BA.2.65 OR BA.2.66 OR BA.2.67 OR BA.2.68 OR BA.2.69 OR BA.2.70 OR BA.2.71 OR BA.2.72 OR BA.2.73 OR BA.2.74 OR BA.2.75 OR BA.2.75.1 OR BA.2.75.2 OR BA.2.75.3 OR BA.2.75.4 OR BA.2.75.5 OR BA.2.75.6 OR BA.2.75.7 OR BA.2.75.8 OR BA.2.75.9 OR BA.2.75.10 OR BA.2.76 OR BA.2.76.1 OR BA.2.76.2 OR BA.2.77 OR BA.2.78 OR BA.2.79 OR BA.2.79.1 OR BA.2.80 OR BA.2.81 OR BA.2.82 OR BA.2.83 OR BA.2.85 OR BA.3 OR BA.3.1 OR BA.4 OR BA.4.1 OR BA.4.1.1 OR BA.4.1.2 OR BA.4.1.3 OR BA.4.1.4 OR BA.4.1.5 OR BA.4.1.6 OR BA.4.1.7 OR BA.4.1.8 OR BA.4.1.9 OR BA.4.1.10 OR BA.4.2 OR BA.4.3 OR BA.4.4 OR BA.4.5 OR BA.4.6 OR BA.4.6.1 OR BA.4.6.2 OR BA.4.6.3 OR BA.4.6.4 OR BA.4.6.5 OR BA.4.7 OR BA.4.8 OR BA.5 OR BA.5.1 OR BA.5.1.1 OR BA.5.1.2 OR BA.5.1.3 OR BA.5.1.4 OR BA.5.1.5 OR BA.5.1.6 OR BA.5.1.7 OR BA.5.1.8 OR BA.5.1.9 OR BA.5.1.10 OR BA.5.1.11 OR BA.5.1.12 OR BA.5.1.14 OR BA.5.1.15 OR BA.5.1.16 OR BA.5.1.17 OR BA.5.1.18 OR BA.5.1.19 OR BA.5.1.20 OR BA.5.1.21 OR BA.5.1.22 OR BA.5.1.23 OR BA.5.1.24 OR BA.5.1.25 OR BA.5.1.26 OR BA.5.1.27 OR BA.5.1.28 OR BA.5.1.29 OR BA.5.1.30 OR BA.5.1.31 OR BA.5.1.32 OR BA.5.2 OR BA.5.2.1 OR BA.5.2.2 OR BA.5.2.3 OR BA.5.2.4 OR BA.5.2.5 OR BA.5.2.6 OR BA.5.2.7 OR BA.5.2.8 OR BA.5.2.9 OR BA.5.2.10 OR BA.5.2.11 OR BA.5.2.12 OR BA.5.2.13 OR BA.5.2.14 OR BA.5.2.16 OR BA.5.2.18 OR BA.5.2.19 OR BA.5.2.20 OR BA.5.2.21 OR BA.5.2.22 OR BA.5.2.23 OR BA.5.2.24 OR BA.5.2.25 OR BA.5.2.26 OR BA.5.2.27 OR BA.5.2.28 OR BA.5.2.29 OR BA.5.2.30 OR BA.5.2.31 OR BA.5.2.32 OR BA.5.2.33 OR BA.5.2.34 OR BA.5.2.35 OR BA.5.2.36 OR BA.5.2.37 OR BA.5.2.38 OR BA.5.2.39 OR BA.5.2.40 OR BA.5.2.41 OR BA.5.2.42 OR BA.5.2.43 OR BA.5.2.44 OR BA.5.2.45 OR BA.5.2.46 OR BA.5.2.47 OR BA.5.2.48 OR BA.5.2.49 OR BA.5.3 OR BA.5.3.1 OR BA.5.3.2 OR BA.5.3.3 OR BA.5.3.4 OR BA.5.3.5 OR BA.5.5 OR BA.5.5.1 OR BA.5.5.2 OR BA.5.5.3 OR BA.5.6 OR BA.5.6.1 OR BA.5.6.2 OR BA.5.6.3 OR BA.5.6.4 OR BA.5.7 OR BA.5.8 OR BA.5.9 OR BA.5.10 OR BA.5.10.1 OR BA.5.11 OR BC.1 OR BC.2 OR BD.1 OR BE.1 OR BE.1.1 OR BE.1.1.1 OR BE.1.1.2 OR BE.1.2 OR BE.1.2.1 OR BE.1.3 OR BE.1.4 OR BE.1.4.1 OR BE.1.4.2 OR BE.1.4.3 OR BE.1.4.4 OR BE.2 OR BE.3 OR BE.4 OR BE.4.1 OR BE.4.1.1 OR BE.4.2 OR BE.5 OR BE.6 OR BE.7 OR BE.8 OR BE.9 OR BE.10 OR BF.1 OR BF.1.1 OR BF.2 OR BF.3 OR BF.3.1 OR BF.4 OR BF.5 OR BF.5.1 OR BF.5.2 OR BF.6 OR BF.7 OR BF.7.1 OR BF.7.2 OR BF.7.3 OR BF.7.4 OR BF.7.4.1 OR BF.7.4.2 OR BF.7.5 OR BF.7.5.1 OR BF.7.6 OR BF.7.7 OR BF.7.8 OR BF.7.9 OR BF.7.10 OR BF.7.11 OR BF.7.12 OR BF.7.13 OR BF.7.13.1 OR BF.7.13.2 OR BF.7.14 OR BF.7.15 OR BF.8 OR BF.9 OR BF.10 OR BF.10.1 OR BF.11 OR BF.11.1 OR BF.11.2 OR BF.11.3 OR BF.11.4 OR BF.11.5 OR BF.12 OR BF.13 OR BF.14 OR BF.15 OR BF.16 OR BF.17 OR BF.18 OR BF.19 OR BF.20 OR BF.21 OR BF.22 OR BF.23 OR BF.24 OR BF.25 OR BF.26 OR BF.27 OR BF.28 OR BF.29 OR BF.30 OR BF.31 OR BF.31.1 OR BF.32 OR BF.33 OR BF.34 OR BG.1 OR BG.2 OR BG.3 OR BG.4 OR BG.5 OR BG.6 OR BG.7 OR BH.1 OR BJ.1 OR BK.1 OR BL.1 OR BL.1.1 OR BL.1.2 OR BL.1.3 OR BL.1.4 OR BL.2 OR BL.2.1 OR BL.3 OR BL.4 OR BL.5 OR BL.6 OR BM.1 OR BM.1.1 OR BM.1.1.1 OR BM.1.1.2 OR BM.1.1.3 OR BM.1.1.4 OR BM.1.1.5 OR BM.2 OR BM.2.1 OR BM.2.2 OR BM.2.3 OR BM.3 OR BM.4 OR BM.4.1 OR BM.4.1.1 OR BM.5 OR BM.6 OR BN.1 OR BN.1.1 OR BN.1.1.1 OR BN.1.2 OR BN.1.2.1 OR BN.1.3 OR BN.1.3.1 OR BN.1.3.2 OR BN.1.3.3 OR BN.1.3.4 OR BN.1.4 OR BN.1.4.1 OR BN.1.5 OR BN.1.5.1 OR BN.1.6 OR BN.1.7 OR BN.1.8 OR BN.1.9 OR BN.2 OR BN.2.1 OR BN.3 OR BN.3.1 OR BN.4 OR BN.5 OR BN.6 OR BP.1 OR BQ.1 OR BQ.1.1 OR BQ.1.1.1 OR BQ.1.1.2 OR BQ.1.1.3 OR BQ.1.1.4 OR BQ.1.1.5 OR BQ.1.1.6 OR BQ.1.1.7 OR BQ.1.1.8 OR BQ.1.1.9 OR BQ.1.1.10 OR BQ.1.1.11 OR BQ.1.1.12 OR BQ.1.1.13 OR BQ.1.1.14 OR BQ.1.1.15 OR BQ.1.1.16 OR BQ.1.1.17 OR BQ.1.1.18 OR BQ.1.1.19 OR BQ.1.1.20 OR BQ.1.1.21 OR BQ.1.1.22 OR BQ.1.1.23 OR BQ.1.1.24 OR BQ.1.1.25 OR BQ.1.1.26 OR BQ.1.1.27 OR BQ.1.1.28 OR BQ.1.1.29 OR BQ.1.1.30 OR BQ.1.1.31 OR BQ.1.1.32 OR BQ.1.1.34 OR BQ.1.1.35 OR BQ.1.1.36 OR BQ.1.2 OR BQ.1.3 OR BQ.1.4 OR BQ.1.5 OR BQ.1.6 OR BQ.1.7 OR BQ.1.8 OR BQ.1.8.1 OR BQ.1.8.2 OR BQ.1.9 OR BQ.1.10 OR BQ.1.10.1 OR BQ.1.11 OR BQ.1.12 OR BQ.1.13 OR BQ.1.13.1 OR BQ.1.14 OR BQ.1.15 OR BQ.1.16 OR BQ.1.17 OR BQ.1.18 OR BQ.1.19 OR BQ.1.20 OR BQ.1.21 OR BQ.1.22 OR BQ.1.23 OR BQ.1.24 OR BQ.1.25 OR BQ.1.25.1 OR BQ.1.26 OR BQ.1.26.1 OR BQ.1.27 OR BQ.1.28 OR BQ.2 OR BR.1 OR BR.1.1 OR BR.1.2 OR BR.2 OR BR.2.1 OR BR.3 OR BR.4 OR BS.1 OR BS.1.1 OR BS.1.2 OR BT.1 OR BT.2 OR BU.1 OR BU.2 OR BU.3 OR BV.1 OR BV.2 OR BW.1 OR BW.1.1 OR BY.1 OR BY.1.1 OR BY.1.1.1 OR BY.1.2 OR BY.1.2.1 OR BZ.1 OR CA.1 OR CA.2 OR CA.3 OR CA.3.1 OR CA.4 OR CA.5 OR CA.6 OR CA.7 OR CB.1 OR CC.1 OR CD.1 OR CD.2 OR CE.1 OR CF.1 OR CG.1 OR CH.1 OR CH.1.1 OR CH.1.1.1 OR CH.1.1.2 OR CH.1.1.3 OR CH.1.1.4 OR CH.1.1.5 OR CH.2 OR CH.3 OR CH.3.1 OR CJ.1 OR CJ.1.1 OR CK.1 OR CK.1.1 OR CK.1.2 OR CK.2 OR CK.2.1 OR CK.2.1.1 OR CK.3 OR CL.1 OR CM.1 OR CM.2 OR CM.2.1 OR CM.3 OR CM.4 OR CM.4.1 OR CM.5 OR CM.5.1 OR CM.5.2 OR CM.6 OR CM.6.1 OR CM.7 OR CM.8 OR CM.8.1 OR CM.9 OR CM.10 OR CM.11 OR CM.12 OR CN.1 OR CN.2 OR CP.1 OR CP.1.1 OR CP.1.2 OR CP.1.3 OR CP.2 OR CP.3 OR CP.4 OR CP.5 OR CP.6 OR CQ.1 OR CQ.1.1 OR CQ.2 OR CR.1 OR CR.1.1 OR CR.1.2 OR CR.1.3 OR CR.2 OR CS.1 OR CT.1 OR CU.1 OR CV.1 OR CV.2 OR CW.1 OR CY.1 OR CZ.1 OR DA.1 OR DB.1 OR DB.2 OR DC.1 OR DD.1 OR DE.1 OR DE.2 OR DF.1 OR DF.1.1 OR DG.1 OR DH.1 OR DJ.1 OR DJ.1.1 OR DJ.1.2 OR DJ.1.3 OR DK.1 OR DL.1 OR DM.1 OR DN.1 OR DN.1.1 OR DP.1 OR DQ.1 OR DR.1 OR DS.1 OR DT.1 OR DU.1 OR DV.1,Omicron,3.85714285714286,3.57142857142857,0.925925925925926
2022-01-28,18,18,5.14285714285714,5.14285714285714,1,0.620622857700961,0.99990657939996,B.1.1.529 OR BA.1 OR BA.1.1 OR BA.1.1.1 OR BA.1.1.2 OR BA.1.1.3 OR BA.1.1.4 OR BA.1.1.5 OR BA.1.1.6 OR BA.1.1.7 OR BA.1.1.8 OR BA.1.1.9 OR BA.1.1.10 OR BA.1.1.11 OR BA.1.1.12 OR BA.1.1.13 OR BA.1.1.14 OR BA.1.1.15 OR BA.1.1.16 OR BA.1.1.17 OR BA.1.1.18 OR BA.1.2 OR BA.1.3 OR BA.1.4 OR BA.1.5 OR BA.1.6 OR BA.1.7 OR BA.1.8 OR BA.1.9 OR BA.1.10 OR BA.1.12 OR BA.1.13 OR BA.1.13.1 OR BA.1.14 OR BA.1.14.1 OR BA.1.14.2 OR BA.1.15 OR BA.1.15.1 OR BA.1.15.2 OR BA.1.15.3 OR BA.1.16 OR BA.1.16.1 OR BA.1.16.2 OR BA.1.17 OR BA.1.17.1 OR BA.1.17.2 OR BA.1.18 OR BA.1.19 OR BA.1.20 OR BA.1.21 OR BA.1.21.1 OR BA.1.22 OR BA.1.23 OR BA.1.24 OR BA.2 OR BA.2.1 OR BA.2.2 OR BA.2.2.1 OR BA.2.3 OR BA.2.3.1 OR BA.2.3.2 OR BA.2.3.4 OR BA.2.3.5 OR BA.2.3.6 OR BA.2.3.7 OR BA.2.3.8 OR BA.2.3.9 OR BA.2.3.10 OR BA.2.3.11 OR BA.2.3.12 OR BA.2.3.13 OR BA.2.3.14 OR BA.2.3.15 OR BA.2.3.16 OR BA.2.3.17 OR BA.2.3.18 OR BA.2.3.19 OR BA.2.3.20 OR BA.2.3.21 OR BA.2.3.22 OR BA.2.4 OR BA.2.5 OR BA.2.6 OR BA.2.7 OR BA.2.8 OR BA.2.9 OR BA.2.9.1 OR BA.2.9.2 OR BA.2.9.3 OR BA.2.9.4 OR BA.2.9.5 OR BA.2.9.6 OR BA.2.9.7 OR BA.2.10 OR BA.2.10.1 OR BA.2.10.2 OR BA.2.10.3 OR BA.2.10.4 OR BA.2.11 OR BA.2.12 OR BA.2.12.1 OR BA.2.12.2 OR BA.2.13 OR BA.2.13.1 OR BA.2.14 OR BA.2.15 OR BA.2.16 OR BA.2.17 OR BA.2.18 OR BA.2.19 OR BA.2.20 OR BA.2.21 OR BA.2.22 OR BA.2.23 OR BA.2.23.1 OR BA.2.24 OR BA.2.25 OR BA.2.25.1 OR BA.2.26 OR BA.2.27 OR BA.2.28 OR BA.2.29 OR BA.2.30 OR BA.2.31 OR BA.2.31.1 OR BA.2.32 OR BA.2.33 OR BA.2.34 OR BA.2.35 OR BA.2.36 OR BA.2.37 OR BA.2.38 OR BA.2.38.1 OR BA.2.38.2 OR BA.2.38.3 OR BA.2.38.4 OR BA.2.39 OR BA.2.40 OR BA.2.40.1 OR BA.2.41 OR BA.2.42 OR BA.2.43 OR BA.2.44 OR BA.2.45 OR BA.2.46 OR BA.2.47 OR BA.2.48 OR BA.2.49 OR BA.2.50 OR BA.2.51 OR BA.2.52 OR BA.2.53 OR BA.2.54 OR BA.2.55 OR BA.2.56 OR BA.2.56.1 OR BA.2.57 OR BA.2.58 OR BA.2.59 OR BA.2.60 OR BA.2.61 OR BA.2.62 OR BA.2.63 OR BA.2.64 OR BA.2.65 OR BA.2.66 OR BA.2.67 OR BA.2.68 OR BA.2.69 OR BA.2.70 OR BA.2.71 OR BA.2.72 OR BA.2.73 OR BA.2.74 OR BA.2.75 OR BA.2.75.1 OR BA.2.75.2 OR BA.2.75.3 OR BA.2.75.4 OR BA.2.75.5 OR BA.2.75.6 OR BA.2.75.7 OR BA.2.75.8 OR BA.2.75.9 OR BA.2.75.10 OR BA.2.76 OR BA.2.76.1 OR BA.2.76.2 OR BA.2.77 OR BA.2.78 OR BA.2.79 OR BA.2.79.1 OR BA.2.80 OR BA.2.81 OR BA.2.82 OR BA.2.83 OR BA.2.85 OR BA.3 OR BA.3.1 OR BA.4 OR BA.4.1 OR BA.4.1.1 OR BA.4.1.2 OR BA.4.1.3 OR BA.4.1.4 OR BA.4.1.5 OR BA.4.1.6 OR BA.4.1.7 OR BA.4.1.8 OR BA.4.1.9 OR BA.4.1.10 OR BA.4.2 OR BA.4.3 OR BA.4.4 OR BA.4.5 OR BA.4.6 OR BA.4.6.1 OR BA.4.6.2 OR BA.4.6.3 OR BA.4.6.4 OR BA.4.6.5 OR BA.4.7 OR BA.4.8 OR BA.5 OR BA.5.1 OR BA.5.1.1 OR BA.5.1.2 OR BA.5.1.3 OR BA.5.1.4 OR BA.5.1.5 OR BA.5.1.6 OR BA.5.1.7 OR BA.5.1.8 OR BA.5.1.9 OR BA.5.1.10 OR BA.5.1.11 OR BA.5.1.12 OR BA.5.1.14 OR BA.5.1.15 OR BA.5.1.16 OR BA.5.1.17 OR BA.5.1.18 OR BA.5.1.19 OR BA.5.1.20 OR BA.5.1.21 OR BA.5.1.22 OR BA.5.1.23 OR BA.5.1.24 OR BA.5.1.25 OR BA.5.1.26 OR BA.5.1.27 OR BA.5.1.28 OR BA.5.1.29 OR BA.5.1.30 OR BA.5.1.31 OR BA.5.1.32 OR BA.5.2 OR BA.5.2.1 OR BA.5.2.2 OR BA.5.2.3 OR BA.5.2.4 OR BA.5.2.5 OR BA.5.2.6 OR BA.5.2.7 OR BA.5.2.8 OR BA.5.2.9 OR BA.5.2.10 OR BA.5.2.11 OR BA.5.2.12 OR BA.5.2.13 OR BA.5.2.14 OR BA.5.2.16 OR BA.5.2.18 OR BA.5.2.19 OR BA.5.2.20 OR BA.5.2.21 OR BA.5.2.22 OR BA.5.2.23 OR BA.5.2.24 OR BA.5.2.25 OR BA.5.2.26 OR BA.5.2.27 OR BA.5.2.28 OR BA.5.2.29 OR BA.5.2.30 OR BA.5.2.31 OR BA.5.2.32 OR BA.5.2.33 OR BA.5.2.34 OR BA.5.2.35 OR BA.5.2.36 OR BA.5.2.37 OR BA.5.2.38 OR BA.5.2.39 OR BA.5.2.40 OR BA.5.2.41 OR BA.5.2.42 OR BA.5.2.43 OR BA.5.2.44 OR BA.5.2.45 OR BA.5.2.46 OR BA.5.2.47 OR BA.5.2.48 OR BA.5.2.49 OR BA.5.3 OR BA.5.3.1 OR BA.5.3.2 OR BA.5.3.3 OR BA.5.3.4 OR BA.5.3.5 OR BA.5.5 OR BA.5.5.1 OR BA.5.5.2 OR BA.5.5.3 OR BA.5.6 OR BA.5.6.1 OR BA.5.6.2 OR BA.5.6.3 OR BA.5.6.4 OR BA.5.7 OR BA.5.8 OR BA.5.9 OR BA.5.10 OR BA.5.10.1 OR BA.5.11 OR BC.1 OR BC.2 OR BD.1 OR BE.1 OR BE.1.1 OR BE.1.1.1 OR BE.1.1.2 OR BE.1.2 OR BE.1.2.1 OR BE.1.3 OR BE.1.4 OR BE.1.4.1 OR BE.1.4.2 OR BE.1.4.3 OR BE.1.4.4 OR BE.2 OR BE.3 OR BE.4 OR BE.4.1 OR BE.4.1.1 OR BE.4.2 OR BE.5 OR BE.6 OR BE.7 OR BE.8 OR BE.9 OR BE.10 OR BF.1 OR BF.1.1 OR BF.2 OR BF.3 OR BF.3.1 OR BF.4 OR BF.5 OR BF.5.1 OR BF.5.2 OR BF.6 OR BF.7 OR BF.7.1 OR BF.7.2 OR BF.7.3 OR BF.7.4 OR BF.7.4.1 OR BF.7.4.2 OR BF.7.5 OR BF.7.5.1 OR BF.7.6 OR BF.7.7 OR BF.7.8 OR BF.7.9 OR BF.7.10 OR BF.7.11 OR BF.7.12 OR BF.7.13 OR BF.7.13.1 OR BF.7.13.2 OR BF.7.14 OR BF.7.15 OR BF.8 OR BF.9 OR BF.10 OR BF.10.1 OR BF.11 OR BF.11.1 OR BF.11.2 OR BF.11.3 OR BF.11.4 OR BF.11.5 OR BF.12 OR BF.13 OR BF.14 OR BF.15 OR BF.16 OR BF.17 OR BF.18 OR BF.19 OR BF.20 OR BF.21 OR BF.22 OR BF.23 OR BF.24 OR BF.25 OR BF.26 OR BF.27 OR BF.28 OR BF.29 OR BF.30 OR BF.31 OR BF.31.1 OR BF.32 OR BF.33 OR BF.34 OR BG.1 OR BG.2 OR BG.3 OR BG.4 OR BG.5 OR BG.6 OR BG.7 OR BH.1 OR BJ.1 OR BK.1 OR BL.1 OR BL.1.1 OR BL.1.2 OR BL.1.3 OR BL.1.4 OR BL.2 OR BL.2.1 OR BL.3 OR BL.4 OR BL.5 OR BL.6 OR BM.1 OR BM.1.1 OR BM.1.1.1 OR BM.1.1.2 OR BM.1.1.3 OR BM.1.1.4 OR BM.1.1.5 OR BM.2 OR BM.2.1 OR BM.2.2 OR BM.2.3 OR BM.3 OR BM.4 OR BM.4.1 OR BM.4.1.1 OR BM.5 OR BM.6 OR BN.1 OR BN.1.1 OR BN.1.1.1 OR BN.1.2 OR BN.1.2.1 OR BN.1.3 OR BN.1.3.1 OR BN.1.3.2 OR BN.1.3.3 OR BN.1.3.4 OR BN.1.4 OR BN.1.4.1 OR BN.1.5 OR BN.1.5.1 OR BN.1.6 OR BN.1.7 OR BN.1.8 OR BN.1.9 OR BN.2 OR BN.2.1 OR BN.3 OR BN.3.1 OR BN.4 OR BN.5 OR BN.6 OR BP.1 OR BQ.1 OR BQ.1.1 OR BQ.1.1.1 OR BQ.1.1.2 OR BQ.1.1.3 OR BQ.1.1.4 OR BQ.1.1.5 OR BQ.1.1.6 OR BQ.1.1.7 OR BQ.1.1.8 OR BQ.1.1.9 OR BQ.1.1.10 OR BQ.1.1.11 OR BQ.1.1.12 OR BQ.1.1.13 OR BQ.1.1.14 OR BQ.1.1.15 OR BQ.1.1.16 OR BQ.1.1.17 OR BQ.1.1.18 OR BQ.1.1.19 OR BQ.1.1.20 OR BQ.1.1.21 OR BQ.1.1.22 OR BQ.1.1.23 OR BQ.1.1.24 OR BQ.1.1.25 OR BQ.1.1.26 OR BQ.1.1.27 OR BQ.1.1.28 OR BQ.1.1.29 OR BQ.1.1.30 OR BQ.1.1.31 OR BQ.1.1.32 OR BQ.1.1.34 OR BQ.1.1.35 OR BQ.1.1.36 OR BQ.1.2 OR BQ.1.3 OR BQ.1.4 OR BQ.1.5 OR BQ.1.6 OR BQ.1.7 OR BQ.1.8 OR BQ.1.8.1 OR BQ.1.8.2 OR BQ.1.9 OR BQ.1.10 OR BQ.1.10.1 OR BQ.1.11 OR BQ.1.12 OR BQ.1.13 OR BQ.1.13.1 OR BQ.1.14 OR BQ.1.15 OR BQ.1.16 OR BQ.1.17 OR BQ.1.18 OR BQ.1.19 OR BQ.1.20 OR BQ.1.21 OR BQ.1.22 OR BQ.1.23 OR BQ.1.24 OR BQ.1.25 OR BQ.1.25.1 OR BQ.1.26 OR BQ.1.26.1 OR BQ.1.27 OR BQ.1.28 OR BQ.2 OR BR.1 OR BR.1.1 OR BR.1.2 OR BR.2 OR BR.2.1 OR BR.3 OR BR.4 OR BS.1 OR BS.1.1 OR BS.1.2 OR BT.1 OR BT.2 OR BU.1 OR BU.2 OR BU.3 OR BV.1 OR BV.2 OR BW.1 OR BW.1.1 OR BY.1 OR BY.1.1 OR BY.1.1.1 OR BY.1.2 OR BY.1.2.1 OR BZ.1 OR CA.1 OR CA.2 OR CA.3 OR CA.3.1 OR CA.4 OR CA.5 OR CA.6 OR CA.7 OR CB.1 OR CC.1 OR CD.1 OR CD.2 OR CE.1 OR CF.1 OR CG.1 OR CH.1 OR CH.1.1 OR CH.1.1.1 OR CH.1.1.2 OR CH.1.1.3 OR CH.1.1.4 OR CH.1.1.5 OR CH.2 OR CH.3 OR CH.3.1 OR CJ.1 OR CJ.1.1 OR CK.1 OR CK.1.1 OR CK.1.2 OR CK.2 OR CK.2.1 OR CK.2.1.1 OR CK.3 OR CL.1 OR CM.1 OR CM.2 OR CM.2.1 OR CM.3 OR CM.4 OR CM.4.1 OR CM.5 OR CM.5.1 OR CM.5.2 OR CM.6 OR CM.6.1 OR CM.7 OR CM.8 OR CM.8.1 OR CM.9 OR CM.10 OR CM.11 OR CM.12 OR CN.1 OR CN.2 OR CP.1 OR CP.1.1 OR CP.1.2 OR CP.1.3 OR CP.2 OR CP.3 OR CP.4 OR CP.5 OR CP.6 OR CQ.1 OR CQ.1.1 OR CQ.2 OR CR.1 OR CR.1.1 OR CR.1.2 OR CR.1.3 OR CR.2 OR CS.1 OR CT.1 OR CU.1 OR CV.1 OR CV.2 OR CW.1 OR CY.1 OR CZ.1 OR DA.1 OR DB.1 OR DB.2 OR DC.1 OR DD.1 OR DE.1 OR DE.2 OR DF.1 OR DF.1.1 OR DG.1 OR DH.1 OR DJ.1 OR DJ.1.1 OR DJ.1.2 OR DJ.1.3 OR DK.1 OR DL.1 OR DM.1 OR DN.1 OR DN.1.1 OR DP.1 OR DQ.1 OR DR.1 OR DS.1 OR DT.1 OR DU.1 OR DV.1,Omicron,4.78571428571429,4.64285714285714,0.970149253731343
2022-01-29,4,4,5.28571428571429,5.28571428571429,1,0.620622857700961,0.99990657939996,B.1.1.529 OR BA.1 OR BA.1.1 OR BA.1.1.1 OR BA.1.1.2 OR BA.1.1.3 OR BA.1.1.4 OR BA.1.1.5 OR BA.1.1.6 OR BA.1.1.7 OR BA.1.1.8 OR BA.1.1.9 OR BA.1.1.10 OR BA.1.1.11 OR BA.1.1.12 OR BA.1.1.13 OR BA.1.1.14 OR BA.1.1.15 OR BA.1.1.16 OR BA.1.1.17 OR BA.1.1.18 OR BA.1.2 OR BA.1.3 OR BA.1.4 OR BA.1.5 OR BA.1.6 OR BA.1.7 OR BA.1.8 OR BA.1.9 OR BA.1.10 OR BA.1.12 OR BA.1.13 OR BA.1.13.1 OR BA.1.14 OR BA.1.14.1 OR BA.1.14.2 OR BA.1.15 OR BA.1.15.1 OR BA.1.15.2 OR BA.1.15.3 OR BA.1.16 OR BA.1.16.1 OR BA.1.16.2 OR BA.1.17 OR BA.1.17.1 OR BA.1.17.2 OR BA.1.18 OR BA.1.19 OR BA.1.20 OR BA.1.21 OR BA.1.21.1 OR BA.1.22 OR BA.1.23 OR BA.1.24 OR BA.2 OR BA.2.1 OR BA.2.2 OR BA.2.2.1 OR BA.2.3 OR BA.2.3.1 OR BA.2.3.2 OR BA.2.3.4 OR BA.2.3.5 OR BA.2.3.6 OR BA.2.3.7 OR BA.2.3.8 OR BA.2.3.9 OR BA.2.3.10 OR BA.2.3.11 OR BA.2.3.12 OR BA.2.3.13 OR BA.2.3.14 OR BA.2.3.15 OR BA.2.3.16 OR BA.2.3.17 OR BA.2.3.18 OR BA.2.3.19 OR BA.2.3.20 OR BA.2.3.21 OR BA.2.3.22 OR BA.2.4 OR BA.2.5 OR BA.2.6 OR BA.2.7 OR BA.2.8 OR BA.2.9 OR BA.2.9.1 OR BA.2.9.2 OR BA.2.9.3 OR BA.2.9.4 OR BA.2.9.5 OR BA.2.9.6 OR BA.2.9.7 OR BA.2.10 OR BA.2.10.1 OR BA.2.10.2 OR BA.2.10.3 OR BA.2.10.4 OR BA.2.11 OR BA.2.12 OR BA.2.12.1 OR BA.2.12.2 OR BA.2.13 OR BA.2.13.1 OR BA.2.14 OR BA.2.15 OR BA.2.16 OR BA.2.17 OR BA.2.18 OR BA.2.19 OR BA.2.20 OR BA.2.21 OR BA.2.22 OR BA.2.23 OR BA.2.23.1 OR BA.2.24 OR BA.2.25 OR BA.2.25.1 OR BA.2.26 OR BA.2.27 OR BA.2.28 OR BA.2.29 OR BA.2.30 OR BA.2.31 OR BA.2.31.1 OR BA.2.32 OR BA.2.33 OR BA.2.34 OR BA.2.35 OR BA.2.36 OR BA.2.37 OR BA.2.38 OR BA.2.38.1 OR BA.2.38.2 OR BA.2.38.3 OR BA.2.38.4 OR BA.2.39 OR BA.2.40 OR BA.2.40.1 OR BA.2.41 OR BA.2.42 OR BA.2.43 OR BA.2.44 OR BA.2.45 OR BA.2.46 OR BA.2.47 OR BA.2.48 OR BA.2.49 OR BA.2.50 OR BA.2.51 OR BA.2.52 OR BA.2.53 OR BA.2.54 OR BA.2.55 OR BA.2.56 OR BA.2.56.1 OR BA.2.57 OR BA.2.58 OR BA.2.59 OR BA.2.60 OR BA.2.61 OR BA.2.62 OR BA.2.63 OR BA.2.64 OR BA.2.65 OR BA.2.66 OR BA.2.67 OR BA.2.68 OR BA.2.69 OR BA.2.70 OR BA.2.71 OR BA.2.72 OR BA.2.73 OR BA.2.74 OR BA.2.75 OR BA.2.75.1 OR BA.2.75.2 OR BA.2.75.3 OR BA.2.75.4 OR BA.2.75.5 OR BA.2.75.6 OR BA.2.75.7 OR BA.2.75.8 OR BA.2.75.9 OR BA.2.75.10 OR BA.2.76 OR BA.2.76.1 OR BA.2.76.2 OR BA.2.77 OR BA.2.78 OR BA.2.79 OR BA.2.79.1 OR BA.2.80 OR BA.2.81 OR BA.2.82 OR BA.2.83 OR BA.2.85 OR BA.3 OR BA.3.1 OR BA.4 OR BA.4.1 OR BA.4.1.1 OR BA.4.1.2 OR BA.4.1.3 OR BA.4.1.4 OR BA.4.1.5 OR BA.4.1.6 OR BA.4.1.7 OR BA.4.1.8 OR BA.4.1.9 OR BA.4.1.10 OR BA.4.2 OR BA.4.3 OR BA.4.4 OR BA.4.5 OR BA.4.6 OR BA.4.6.1 OR BA.4.6.2 OR BA.4.6.3 OR BA.4.6.4 OR BA.4.6.5 OR BA.4.7 OR BA.4.8 OR BA.5 OR BA.5.1 OR BA.5.1.1 OR BA.5.1.2 OR BA.5.1.3 OR BA.5.1.4 OR BA.5.1.5 OR BA.5.1.6 OR BA.5.1.7 OR BA.5.1.8 OR BA.5.1.9 OR BA.5.1.10 OR BA.5.1.11 OR BA.5.1.12 OR BA.5.1.14 OR BA.5.1.15 OR BA.5.1.16 OR BA.5.1.17 OR BA.5.1.18 OR BA.5.1.19 OR BA.5.1.20 OR BA.5.1.21 OR BA.5.1.22 OR BA.5.1.23 OR BA.5.1.24 OR BA.5.1.25 OR BA.5.1.26 OR BA.5.1.27 OR BA.5.1.28 OR BA.5.1.29 OR BA.5.1.30 OR BA.5.1.31 OR BA.5.1.32 OR BA.5.2 OR BA.5.2.1 OR BA.5.2.2 OR BA.5.2.3 OR BA.5.2.4 OR BA.5.2.5 OR BA.5.2.6 OR BA.5.2.7 OR BA.5.2.8 OR BA.5.2.9 OR BA.5.2.10 OR BA.5.2.11 OR BA.5.2.12 OR BA.5.2.13 OR BA.5.2.14 OR BA.5.2.16 OR BA.5.2.18 OR BA.5.2.19 OR BA.5.2.20 OR BA.5.2.21 OR BA.5.2.22 OR BA.5.2.23 OR BA.5.2.24 OR BA.5.2.25 OR BA.5.2.26 OR BA.5.2.27 OR BA.5.2.28 OR BA.5.2.29 OR BA.5.2.30 OR BA.5.2.31 OR BA.5.2.32 OR BA.5.2.33 OR BA.5.2.34 OR BA.5.2.35 OR BA.5.2.36 OR BA.5.2.37 OR BA.5.2.38 OR BA.5.2.39 OR BA.5.2.40 OR BA.5.2.41 OR BA.5.2.42 OR BA.5.2.43 OR BA.5.2.44 OR BA.5.2.45 OR BA.5.2.46 OR BA.5.2.47 OR BA.5.2.48 OR BA.5.2.49 OR BA.5.3 OR BA.5.3.1 OR BA.5.3.2 OR BA.5.3.3 OR BA.5.3.4 OR BA.5.3.5 OR BA.5.5 OR BA.5.5.1 OR BA.5.5.2 OR BA.5.5.3 OR BA.5.6 OR BA.5.6.1 OR BA.5.6.2 OR BA.5.6.3 OR BA.5.6.4 OR BA.5.7 OR BA.5.8 OR BA.5.9 OR BA.5.10 OR BA.5.10.1 OR BA.5.11 OR BC.1 OR BC.2 OR BD.1 OR BE.1 OR BE.1.1 OR BE.1.1.1 OR BE.1.1.2 OR BE.1.2 OR BE.1.2.1 OR BE.1.3 OR BE.1.4 OR BE.1.4.1 OR BE.1.4.2 OR BE.1.4.3 OR BE.1.4.4 OR BE.2 OR BE.3 OR BE.4 OR BE.4.1 OR BE.4.1.1 OR BE.4.2 OR BE.5 OR BE.6 OR BE.7 OR BE.8 OR BE.9 OR BE.10 OR BF.1 OR BF.1.1 OR BF.2 OR BF.3 OR BF.3.1 OR BF.4 OR BF.5 OR BF.5.1 OR BF.5.2 OR BF.6 OR BF.7 OR BF.7.1 OR BF.7.2 OR BF.7.3 OR BF.7.4 OR BF.7.4.1 OR BF.7.4.2 OR BF.7.5 OR BF.7.5.1 OR BF.7.6 OR BF.7.7 OR BF.7.8 OR BF.7.9 OR BF.7.10 OR BF.7.11 OR BF.7.12 OR BF.7.13 OR BF.7.13.1 OR BF.7.13.2 OR BF.7.14 OR BF.7.15 OR BF.8 OR BF.9 OR BF.10 OR BF.10.1 OR BF.11 OR BF.11.1 OR BF.11.2 OR BF.11.3 OR BF.11.4 OR BF.11.5 OR BF.12 OR BF.13 OR BF.14 OR BF.15 OR BF.16 OR BF.17 OR BF.18 OR BF.19 OR BF.20 OR BF.21 OR BF.22 OR BF.23 OR BF.24 OR BF.25 OR BF.26 OR BF.27 OR BF.28 OR BF.29 OR BF.30 OR BF.31 OR BF.31.1 OR BF.32 OR BF.33 OR BF.34 OR BG.1 OR BG.2 OR BG.3 OR BG.4 OR BG.5 OR BG.6 OR BG.7 OR BH.1 OR BJ.1 OR BK.1 OR BL.1 OR BL.1.1 OR BL.1.2 OR BL.1.3 OR BL.1.4 OR BL.2 OR BL.2.1 OR BL.3 OR BL.4 OR BL.5 OR BL.6 OR BM.1 OR BM.1.1 OR BM.1.1.1 OR BM.1.1.2 OR BM.1.1.3 OR BM.1.1.4 OR BM.1.1.5 OR BM.2 OR BM.2.1 OR BM.2.2 OR BM.2.3 OR BM.3 OR BM.4 OR BM.4.1 OR BM.4.1.1 OR BM.5 OR BM.6 OR BN.1 OR BN.1.1 OR BN.1.1.1 OR BN.1.2 OR BN.1.2.1 OR BN.1.3 OR BN.1.3.1 OR BN.1.3.2 OR BN.1.3.3 OR BN.1.3.4 OR BN.1.4 OR BN.1.4.1 OR BN.1.5 OR BN.1.5.1 OR BN.1.6 OR BN.1.7 OR BN.1.8 OR BN.1.9 OR BN.2 OR BN.2.1 OR BN.3 OR BN.3.1 OR BN.4 OR BN.5 OR BN.6 OR BP.1 OR BQ.1 OR BQ.1.1 OR BQ.1.1.1 OR BQ.1.1.2 OR BQ.1.1.3 OR BQ.1.1.4 OR BQ.1.1.5 OR BQ.1.1.6 OR BQ.1.1.7 OR BQ.1.1.8 OR BQ.1.1.9 OR BQ.1.1.10 OR BQ.1.1.11 OR BQ.1.1.12 OR BQ.1.1.13 OR BQ.1.1.14 OR BQ.1.1.15 OR BQ.1.1.16 OR BQ.1.1.17 OR BQ.1.1.18 OR BQ.1.1.19 OR BQ.1.1.20 OR BQ.1.1.21 OR BQ.1.1.22 OR BQ.1.1.23 OR BQ.1.1.24 OR BQ.1.1.25 OR BQ.1.1.26 OR BQ.1.1.27 OR BQ.1.1.28 OR BQ.1.1.29 OR BQ.1.1.30 OR BQ.1.1.31 OR BQ.1.1.32 OR BQ.1.1.34 OR BQ.1.1.35 OR BQ.1.1.36 OR BQ.1.2 OR BQ.1.3 OR BQ.1.4 OR BQ.1.5 OR BQ.1.6 OR BQ.1.7 OR BQ.1.8 OR BQ.1.8.1 OR BQ.1.8.2 OR BQ.1.9 OR BQ.1.10 OR BQ.1.10.1 OR BQ.1.11 OR BQ.1.12 OR BQ.1.13 OR BQ.1.13.1 OR BQ.1.14 OR BQ.1.15 OR BQ.1.16 OR BQ.1.17 OR BQ.1.18 OR BQ.1.19 OR BQ.1.20 OR BQ.1.21 OR BQ.1.22 OR BQ.1.23 OR BQ.1.24 OR BQ.1.25 OR BQ.1.25.1 OR BQ.1.26 OR BQ.1.26.1 OR BQ.1.27 OR BQ.1.28 OR BQ.2 OR BR.1 OR BR.1.1 OR BR.1.2 OR BR.2 OR BR.2.1 OR BR.3 OR BR.4 OR BS.1 OR BS.1.1 OR BS.1.2 OR BT.1 OR BT.2 OR BU.1 OR BU.2 OR BU.3 OR BV.1 OR BV.2 OR BW.1 OR BW.1.1 OR BY.1 OR BY.1.1 OR BY.1.1.1 OR BY.1.2 OR BY.1.2.1 OR BZ.1 OR CA.1 OR CA.2 OR CA.3 OR CA.3.1 OR CA.4 OR CA.5 OR CA.6 OR CA.7 OR CB.1 OR CC.1 OR CD.1 OR CD.2 OR CE.1 OR CF.1 OR CG.1 OR CH.1 OR CH.1.1 OR CH.1.1.1 OR CH.1.1.2 OR CH.1.1.3 OR CH.1.1.4 OR CH.1.1.5 OR CH.2 OR CH.3 OR CH.3.1 OR CJ.1 OR CJ.1.1 OR CK.1 OR CK.1.1 OR CK.1.2 OR CK.2 OR CK.2.1 OR CK.2.1.1 OR CK.3 OR CL.1 OR CM.1 OR CM.2 OR CM.2.1 OR CM.3 OR CM.4 OR CM.4.1 OR CM.5 OR CM.5.1 OR CM.5.2 OR CM.6 OR CM.6.1 OR CM.7 OR CM.8 OR CM.8.1 OR CM.9 OR CM.10 OR CM.11 OR CM.12 OR CN.1 OR CN.2 OR CP.1 OR CP.1.1 OR CP.1.2 OR CP.1.3 OR CP.2 OR CP.3 OR CP.4 OR CP.5 OR CP.6 OR CQ.1 OR CQ.1.1 OR CQ.2 OR CR.1 OR CR.1.1 OR CR.1.2 OR CR.1.3 OR CR.2 OR CS.1 OR CT.1 OR CU.1 OR CV.1 OR CV.2 OR CW.1 OR CY.1 OR CZ.1 OR DA.1 OR DB.1 OR DB.2 OR DC.1 OR DD.1 OR DE.1 OR DE.2 OR DF.1 OR DF.1.1 OR DG.1 OR DH.1 OR DJ.1 OR DJ.1.1 OR DJ.1.2 OR DJ.1.3 OR DK.1 OR DL.1 OR DM.1 OR DN.1 OR DN.1.1 OR DP.1 OR DQ.1 OR DR.1 OR DS.1 OR DT.1 OR DU.1 OR DV.1,Omicron,4.35714285714286,4.21428571428571,0.967213114754098
2022-01-30,2,2,5.42857142857143,5.42857142857143,1,0.620622857700961,0.99990657939996,B.1.1.529 OR BA.1 OR BA.1.1 OR BA.1.1.1 OR BA.1.1.2 OR BA.1.1.3 OR BA.1.1.4 OR BA.1.1.5 OR BA.1.1.6 OR BA.1.1.7 OR BA.1.1.8 OR BA.1.1.9 OR BA.1.1.10 OR BA.1.1.11 OR BA.1.1.12 OR BA.1.1.13 OR BA.1.1.14 OR BA.1.1.15 OR BA.1.1.16 OR BA.1.1.17 OR BA.1.1.18 OR BA.1.2 OR BA.1.3 OR BA.1.4 OR BA.1.5 OR BA.1.6 OR BA.1.7 OR BA.1.8 OR BA.1.9 OR BA.1.10 OR BA.1.12 OR BA.1.13 OR BA.1.13.1 OR BA.1.14 OR BA.1.14.1 OR BA.1.14.2 OR BA.1.15 OR BA.1.15.1 OR BA.1.15.2 OR BA.1.15.3 OR BA.1.16 OR BA.1.16.1 OR BA.1.16.2 OR BA.1.17 OR BA.1.17.1 OR BA.1.17.2 OR BA.1.18 OR BA.1.19 OR BA.1.20 OR BA.1.21 OR BA.1.21.1 OR BA.1.22 OR BA.1.23 OR BA.1.24 OR BA.2 OR BA.2.1 OR BA.2.2 OR BA.2.2.1 OR BA.2.3 OR BA.2.3.1 OR BA.2.3.2 OR BA.2.3.4 OR BA.2.3.5 OR BA.2.3.6 OR BA.2.3.7 OR BA.2.3.8 OR BA.2.3.9 OR BA.2.3.10 OR BA.2.3.11 OR BA.2.3.12 OR BA.2.3.13 OR BA.2.3.14 OR BA.2.3.15 OR BA.2.3.16 OR BA.2.3.17 OR BA.2.3.18 OR BA.2.3.19 OR BA.2.3.20 OR BA.2.3.21 OR BA.2.3.22 OR BA.2.4 OR BA.2.5 OR BA.2.6 OR BA.2.7 OR BA.2.8 OR BA.2.9 OR BA.2.9.1 OR BA.2.9.2 OR BA.2.9.3 OR BA.2.9.4 OR BA.2.9.5 OR BA.2.9.6 OR BA.2.9.7 OR BA.2.10 OR BA.2.10.1 OR BA.2.10.2 OR BA.2.10.3 OR BA.2.10.4 OR BA.2.11 OR BA.2.12 OR BA.2.12.1 OR BA.2.12.2 OR BA.2.13 OR BA.2.13.1 OR BA.2.14 OR BA.2.15 OR BA.2.16 OR BA.2.17 OR BA.2.18 OR BA.2.19 OR BA.2.20 OR BA.2.21 OR BA.2.22 OR BA.2.23 OR BA.2.23.1 OR BA.2.24 OR BA.2.25 OR BA.2.25.1 OR BA.2.26 OR BA.2.27 OR BA.2.28 OR BA.2.29 OR BA.2.30 OR BA.2.31 OR BA.2.31.1 OR BA.2.32 OR BA.2.33 OR BA.2.34 OR BA.2.35 OR BA.2.36 OR BA.2.37 OR BA.2.38 OR BA.2.38.1 OR BA.2.38.2 OR BA.2.38.3 OR BA.2.38.4 OR BA.2.39 OR BA.2.40 OR BA.2.40.1 OR BA.2.41 OR BA.2.42 OR BA.2.43 OR BA.2.44 OR BA.2.45 OR BA.2.46 OR BA.2.47 OR BA.2.48 OR BA.2.49 OR BA.2.50 OR BA.2.51 OR BA.2.52 OR BA.2.53 OR BA.2.54 OR BA.2.55 OR BA.2.56 OR BA.2.56.1 OR BA.2.57 OR BA.2.58 OR BA.2.59 OR BA.2.60 OR BA.2.61 OR BA.2.62 OR BA.2.63 OR BA.2.64 OR BA.2.65 OR BA.2.66 OR BA.2.67 OR BA.2.68 OR BA.2.69 OR BA.2.70 OR BA.2.71 OR BA.2.72 OR BA.2.73 OR BA.2.74 OR BA.2.75 OR BA.2.75.1 OR BA.2.75.2 OR BA.2.75.3 OR BA.2.75.4 OR BA.2.75.5 OR BA.2.75.6 OR BA.2.75.7 OR BA.2.75.8 OR BA.2.75.9 OR BA.2.75.10 OR BA.2.76 OR BA.2.76.1 OR BA.2.76.2 OR BA.2.77 OR BA.2.78 OR BA.2.79 OR BA.2.79.1 OR BA.2.80 OR BA.2.81 OR BA.2.82 OR BA.2.83 OR BA.2.85 OR BA.3 OR BA.3.1 OR BA.4 OR BA.4.1 OR BA.4.1.1 OR BA.4.1.2 OR BA.4.1.3 OR BA.4.1.4 OR BA.4.1.5 OR BA.4.1.6 OR BA.4.1.7 OR BA.4.1.8 OR BA.4.1.9 OR BA.4.1.10 OR BA.4.2 OR BA.4.3 OR BA.4.4 OR BA.4.5 OR BA.4.6 OR BA.4.6.1 OR BA.4.6.2 OR BA.4.6.3 OR BA.4.6.4 OR BA.4.6.5 OR BA.4.7 OR BA.4.8 OR BA.5 OR BA.5.1 OR BA.5.1.1 OR BA.5.1.2 OR BA.5.1.3 OR BA.5.1.4 OR BA.5.1.5 OR BA.5.1.6 OR BA.5.1.7 OR BA.5.1.8 OR BA.5.1.9 OR BA.5.1.10 OR BA.5.1.11 OR BA.5.1.12 OR BA.5.1.14 OR BA.5.1.15 OR BA.5.1.16 OR BA.5.1.17 OR BA.5.1.18 OR BA.5.1.19 OR BA.5.1.20 OR BA.5.1.21 OR BA.5.1.22 OR BA.5.1.23 OR BA.5.1.24 OR BA.5.1.25 OR BA.5.1.26 OR BA.5.1.27 OR BA.5.1.28 OR BA.5.1.29 OR BA.5.1.30 OR BA.5.1.31 OR BA.5.1.32 OR BA.5.2 OR BA.5.2.1 OR BA.5.2.2 OR BA.5.2.3 OR BA.5.2.4 OR BA.5.2.5 OR BA.5.2.6 OR BA.5.2.7 OR BA.5.2.8 OR BA.5.2.9 OR BA.5.2.10 OR BA.5.2.11 OR BA.5.2.12 OR BA.5.2.13 OR BA.5.2.14 OR BA.5.2.16 OR BA.5.2.18 OR BA.5.2.19 OR BA.5.2.20 OR BA.5.2.21 OR BA.5.2.22 OR BA.5.2.23 OR BA.5.2.24 OR BA.5.2.25 OR BA.5.2.26 OR BA.5.2.27 OR BA.5.2.28 OR BA.5.2.29 OR BA.5.2.30 OR BA.5.2.31 OR BA.5.2.32 OR BA.5.2.33 OR BA.5.2.34 OR BA.5.2.35 OR BA.5.2.36 OR BA.5.2.37 OR BA.5.2.38 OR BA.5.2.39 OR BA.5.2.40 OR BA.5.2.41 OR BA.5.2.42 OR BA.5.2.43 OR BA.5.2.44 OR BA.5.2.45 OR BA.5.2.46 OR BA.5.2.47 OR BA.5.2.48 OR BA.5.2.49 OR BA.5.3 OR BA.5.3.1 OR BA.5.3.2 OR BA.5.3.3 OR BA.5.3.4 OR BA.5.3.5 OR BA.5.5 OR BA.5.5.1 OR BA.5.5.2 OR BA.5.5.3 OR BA.5.6 OR BA.5.6.1 OR BA.5.6.2 OR BA.5.6.3 OR BA.5.6.4 OR BA.5.7 OR BA.5.8 OR BA.5.9 OR BA.5.10 OR BA.5.10.1 OR BA.5.11 OR BC.1 OR BC.2 OR BD.1 OR BE.1 OR BE.1.1 OR BE.1.1.1 OR BE.1.1.2 OR BE.1.2 OR BE.1.2.1 OR BE.1.3 OR BE.1.4 OR BE.1.4.1 OR BE.1.4.2 OR BE.1.4.3 OR BE.1.4.4 OR BE.2 OR BE.3 OR BE.4 OR BE.4.1 OR BE.4.1.1 OR BE.4.2 OR BE.5 OR BE.6 OR BE.7 OR BE.8 OR BE.9 OR BE.10 OR BF.1 OR BF.1.1 OR BF.2 OR BF.3 OR BF.3.1 OR BF.4 OR BF.5 OR BF.5.1 OR BF.5.2 OR BF.6 OR BF.7 OR BF.7.1 OR BF.7.2 OR BF.7.3 OR BF.7.4 OR BF.7.4.1 OR BF.7.4.2 OR BF.7.5 OR BF.7.5.1 OR BF.7.6 OR BF.7.7 OR BF.7.8 OR BF.7.9 OR BF.7.10 OR BF.7.11 OR BF.7.12 OR BF.7.13 OR BF.7.13.1 OR BF.7.13.2 OR BF.7.14 OR BF.7.15 OR BF.8 OR BF.9 OR BF.10 OR BF.10.1 OR BF.11 OR BF.11.1 OR BF.11.2 OR BF.11.3 OR BF.11.4 OR BF.11.5 OR BF.12 OR BF.13 OR BF.14 OR BF.15 OR BF.16 OR BF.17 OR BF.18 OR BF.19 OR BF.20 OR BF.21 OR BF.22 OR BF.23 OR BF.24 OR BF.25 OR BF.26 OR BF.27 OR BF.28 OR BF.29 OR BF.30 OR BF.31 OR BF.31.1 OR BF.32 OR BF.33 OR BF.34 OR BG.1 OR BG.2 OR BG.3 OR BG.4 OR BG.5 OR BG.6 OR BG.7 OR BH.1 OR BJ.1 OR BK.1 OR BL.1 OR BL.1.1 OR BL.1.2 OR BL.1.3 OR BL.1.4 OR BL.2 OR BL.2.1 OR BL.3 OR BL.4 OR BL.5 OR BL.6 OR BM.1 OR BM.1.1 OR BM.1.1.1 OR BM.1.1.2 OR BM.1.1.3 OR BM.1.1.4 OR BM.1.1.5 OR BM.2 OR BM.2.1 OR BM.2.2 OR BM.2.3 OR BM.3 OR BM.4 OR BM.4.1 OR BM.4.1.1 OR BM.5 OR BM.6 OR BN.1 OR BN.1.1 OR BN.1.1.1 OR BN.1.2 OR BN.1.2.1 OR BN.1.3 OR BN.1.3.1 OR BN.1.3.2 OR BN.1.3.3 OR BN.1.3.4 OR BN.1.4 OR BN.1.4.1 OR BN.1.5 OR BN.1.5.1 OR BN.1.6 OR BN.1.7 OR BN.1.8 OR BN.1.9 OR BN.2 OR BN.2.1 OR BN.3 OR BN.3.1 OR BN.4 OR BN.5 OR BN.6 OR BP.1 OR BQ.1 OR BQ.1.1 OR BQ.1.1.1 OR BQ.1.1.2 OR BQ.1.1.3 OR BQ.1.1.4 OR BQ.1.1.5 OR BQ.1.1.6 OR BQ.1.1.7 OR BQ.1.1.8 OR BQ.1.1.9 OR BQ.1.1.10 OR BQ.1.1.11 OR BQ.1.1.12 OR BQ.1.1.13 OR BQ.1.1.14 OR BQ.1.1.15 OR BQ.1.1.16 OR BQ.1.1.17 OR BQ.1.1.18 OR BQ.1.1.19 OR BQ.1.1.20 OR BQ.1.1.21 OR BQ.1.1.22 OR BQ.1.1.23 OR BQ.1.1.24 OR BQ.1.1.25 OR BQ.1.1.26 OR BQ.1.1.27 OR BQ.1.1.28 OR BQ.1.1.29 OR BQ.1.1.30 OR BQ.1.1.31 OR BQ.1.1.32 OR BQ.1.1.34 OR BQ.1.1.35 OR BQ.1.1.36 OR BQ.1.2 OR BQ.1.3 OR BQ.1.4 OR BQ.1.5 OR BQ.1.6 OR BQ.1.7 OR BQ.1.8 OR BQ.1.8.1 OR BQ.1.8.2 OR BQ.1.9 OR BQ.1.10 OR BQ.1.10.1 OR BQ.1.11 OR BQ.1.12 OR BQ.1.13 OR BQ.1.13.1 OR BQ.1.14 OR BQ.1.15 OR BQ.1.16 OR BQ.1.17 OR BQ.1.18 OR BQ.1.19 OR BQ.1.20 OR BQ.1.21 OR BQ.1.22 OR BQ.1.23 OR BQ.1.24 OR BQ.1.25 OR BQ.1.25.1 OR BQ.1.26 OR BQ.1.26.1 OR BQ.1.27 OR BQ.1.28 OR BQ.2 OR BR.1 OR BR.1.1 OR BR.1.2 OR BR.2 OR BR.2.1 OR BR.3 OR BR.4 OR BS.1 OR BS.1.1 OR BS.1.2 OR BT.1 OR BT.2 OR BU.1 OR BU.2 OR BU.3 OR BV.1 OR BV.2 OR BW.1 OR BW.1.1 OR BY.1 OR BY.1.1 OR BY.1.1.1 OR BY.1.2 OR BY.1.2.1 OR BZ.1 OR CA.1 OR CA.2 OR CA.3 OR CA.3.1 OR CA.4 OR CA.5 OR CA.6 OR CA.7 OR CB.1 OR CC.1 OR CD.1 OR CD.2 OR CE.1 OR CF.1 OR CG.1 OR CH.1 OR CH.1.1 OR CH.1.1.1 OR CH.1.1.2 OR CH.1.1.3 OR CH.1.1.4 OR CH.1.1.5 OR CH.2 OR CH.3 OR CH.3.1 OR CJ.1 OR CJ.1.1 OR CK.1 OR CK.1.1 OR CK.1.2 OR CK.2 OR CK.2.1 OR CK.2.1.1 OR CK.3 OR CL.1 OR CM.1 OR CM.2 OR CM.2.1 OR CM.3 OR CM.4 OR CM.4.1 OR CM.5 OR CM.5.1 OR CM.5.2 OR CM.6 OR CM.6.1 OR CM.7 OR CM.8 OR CM.8.1 OR CM.9 OR CM.10 OR CM.11 OR CM.12 OR CN.1 OR CN.2 OR CP.1 OR CP.1.1 OR CP.1.2 OR CP.1.3 OR CP.2 OR CP.3 OR CP.4 OR CP.5 OR CP.6 OR CQ.1 OR CQ.1.1 OR CQ.2 OR CR.1 OR CR.1.1 OR CR.1.2 OR CR.1.3 OR CR.2 OR CS.1 OR CT.1 OR CU.1 OR CV.1 OR CV.2 OR CW.1 OR CY.1 OR CZ.1 OR DA.1 OR DB.1 OR DB.2 OR DC.1 OR DD.1 OR DE.1 OR DE.2 OR DF.1 OR DF.1.1 OR DG.1 OR DH.1 OR DJ.1 OR DJ.1.1 OR DJ.1.2 OR DJ.1.3 OR DK.1 OR DL.1 OR DM.1 OR DN.1 OR DN.1.1 OR DP.1 OR DQ.1 OR DR.1 OR DS.1 OR DT.1 OR DU.1 OR DV.1,Omicron,4.14285714285714,4,0.96551724137931
2022-01-31,10,10,6.57142857142857,6.57142857142857,1,0.70756382633769,0.999932313535756,B.1.1.529 OR BA.1 OR BA.1.1 OR BA.1.1.1 OR BA.1.1.2 OR BA.1.1.3 OR BA.1.1.4 OR BA.1.1.5 OR BA.1.1.6 OR BA.1.1.7 OR BA.1.1.8 OR BA.1.1.9 OR BA.1.1.10 OR BA.1.1.11 OR BA.1.1.12 OR BA.1.1.13 OR BA.1.1.14 OR BA.1.1.15 OR BA.1.1.16 OR BA.1.1.17 OR BA.1.1.18 OR BA.1.2 OR BA.1.3 OR BA.1.4 OR BA.1.5 OR BA.1.6 OR BA.1.7 OR BA.1.8 OR BA.1.9 OR BA.1.10 OR BA.1.12 OR BA.1.13 OR BA.1.13.1 OR BA.1.14 OR BA.1.14.1 OR BA.1.14.2 OR BA.1.15 OR BA.1.15.1 OR BA.1.15.2 OR BA.1.15.3 OR BA.1.16 OR BA.1.16.1 OR BA.1.16.2 OR BA.1.17 OR BA.1.17.1 OR BA.1.17.2 OR BA.1.18 OR BA.1.19 OR BA.1.20 OR BA.1.21 OR BA.1.21.1 OR BA.1.22 OR BA.1.23 OR BA.1.24 OR BA.2 OR BA.2.1 OR BA.2.2 OR BA.2.2.1 OR BA.2.3 OR BA.2.3.1 OR BA.2.3.2 OR BA.2.3.4 OR BA.2.3.5 OR BA.2.3.6 OR BA.2.3.7 OR BA.2.3.8 OR BA.2.3.9 OR BA.2.3.10 OR BA.2.3.11 OR BA.2.3.12 OR BA.2.3.13 OR BA.2.3.14 OR BA.2.3.15 OR BA.2.3.16 OR BA.2.3.17 OR BA.2.3.18 OR BA.2.3.19 OR BA.2.3.20 OR BA.2.3.21 OR BA.2.3.22 OR BA.2.4 OR BA.2.5 OR BA.2.6 OR BA.2.7 OR BA.2.8 OR BA.2.9 OR BA.2.9.1 OR BA.2.9.2 OR BA.2.9.3 OR BA.2.9.4 OR BA.2.9.5 OR BA.2.9.6 OR BA.2.9.7 OR BA.2.10 OR BA.2.10.1 OR BA.2.10.2 OR BA.2.10.3 OR BA.2.10.4 OR BA.2.11 OR BA.2.12 OR BA.2.12.1 OR BA.2.12.2 OR BA.2.13 OR BA.2.13.1 OR BA.2.14 OR BA.2.15 OR BA.2.16 OR BA.2.17 OR BA.2.18 OR BA.2.19 OR BA.2.20 OR BA.2.21 OR BA.2.22 OR BA.2.23 OR BA.2.23.1 OR BA.2.24 OR BA.2.25 OR BA.2.25.1 OR BA.2.26 OR BA.2.27 OR BA.2.28 OR BA.2.29 OR BA.2.30 OR BA.2.31 OR BA.2.31.1 OR BA.2.32 OR BA.2.33 OR BA.2.34 OR BA.2.35 OR BA.2.36 OR BA.2.37 OR BA.2.38 OR BA.2.38.1 OR BA.2.38.2 OR BA.2.38.3 OR BA.2.38.4 OR BA.2.39 OR BA.2.40 OR BA.2.40.1 OR BA.2.41 OR BA.2.42 OR BA.2.43 OR BA.2.44 OR BA.2.45 OR BA.2.46 OR BA.2.47 OR BA.2.48 OR BA.2.49 OR BA.2.50 OR BA.2.51 OR BA.2.52 OR BA.2.53 OR BA.2.54 OR BA.2.55 OR BA.2.56 OR BA.2.56.1 OR BA.2.57 OR BA.2.58 OR BA.2.59 OR BA.2.60 OR BA.2.61 OR BA.2.62 OR BA.2.63 OR BA.2.64 OR BA.2.65 OR BA.2.66 OR BA.2.67 OR BA.2.68 OR BA.2.69 OR BA.2.70 OR BA.2.71 OR BA.2.72 OR BA.2.73 OR BA.2.74 OR BA.2.75 OR BA.2.75.1 OR BA.2.75.2 OR BA.2.75.3 OR BA.2.75.4 OR BA.2.75.5 OR BA.2.75.6 OR BA.2.75.7 OR BA.2.75.8 OR BA.2.75.9 OR BA.2.75.10 OR BA.2.76 OR BA.2.76.1 OR BA.2.76.2 OR BA.2.77 OR BA.2.78 OR BA.2.79 OR BA.2.79.1 OR BA.2.80 OR BA.2.81 OR BA.2.82 OR BA.2.83 OR BA.2.85 OR BA.3 OR BA.3.1 OR BA.4 OR BA.4.1 OR BA.4.1.1 OR BA.4.1.2 OR BA.4.1.3 OR BA.4.1.4 OR BA.4.1.5 OR BA.4.1.6 OR BA.4.1.7 OR BA.4.1.8 OR BA.4.1.9 OR BA.4.1.10 OR BA.4.2 OR BA.4.3 OR BA.4.4 OR BA.4.5 OR BA.4.6 OR BA.4.6.1 OR BA.4.6.2 OR BA.4.6.3 OR BA.4.6.4 OR BA.4.6.5 OR BA.4.7 OR BA.4.8 OR BA.5 OR BA.5.1 OR BA.5.1.1 OR BA.5.1.2 OR BA.5.1.3 OR BA.5.1.4 OR BA.5.1.5 OR BA.5.1.6 OR BA.5.1.7 OR BA.5.1.8 OR BA.5.1.9 OR BA.5.1.10 OR BA.5.1.11 OR BA.5.1.12 OR BA.5.1.14 OR BA.5.1.15 OR BA.5.1.16 OR BA.5.1.17 OR BA.5.1.18 OR BA.5.1.19 OR BA.5.1.20 OR BA.5.1.21 OR BA.5.1.22 OR BA.5.1.23 OR BA.5.1.24 OR BA.5.1.25 OR BA.5.1.26 OR BA.5.1.27 OR BA.5.1.28 OR BA.5.1.29 OR BA.5.1.30 OR BA.5.1.31 OR BA.5.1.32 OR BA.5.2 OR BA.5.2.1 OR BA.5.2.2 OR BA.5.2.3 OR BA.5.2.4 OR BA.5.2.5 OR BA.5.2.6 OR BA.5.2.7 OR BA.5.2.8 OR BA.5.2.9 OR BA.5.2.10 OR BA.5.2.11 OR BA.5.2.12 OR BA.5.2.13 OR BA.5.2.14 OR BA.5.2.16 OR BA.5.2.18 OR BA.5.2.19 OR BA.5.2.20 OR BA.5.2.21 OR BA.5.2.22 OR BA.5.2.23 OR BA.5.2.24 OR BA.5.2.25 OR BA.5.2.26 OR BA.5.2.27 OR BA.5.2.28 OR BA.5.2.29 OR BA.5.2.30 OR BA.5.2.31 OR BA.5.2.32 OR BA.5.2.33 OR BA.5.2.34 OR BA.5.2.35 OR BA.5.2.36 OR BA.5.2.37 OR BA.5.2.38 OR BA.5.2.39 OR BA.5.2.40 OR BA.5.2.41 OR BA.5.2.42 OR BA.5.2.43 OR BA.5.2.44 OR BA.5.2.45 OR BA.5.2.46 OR BA.5.2.47 OR BA.5.2.48 OR BA.5.2.49 OR BA.5.3 OR BA.5.3.1 OR BA.5.3.2 OR BA.5.3.3 OR BA.5.3.4 OR BA.5.3.5 OR BA.5.5 OR BA.5.5.1 OR BA.5.5.2 OR BA.5.5.3 OR BA.5.6 OR BA.5.6.1 OR BA.5.6.2 OR BA.5.6.3 OR BA.5.6.4 OR BA.5.7 OR BA.5.8 OR BA.5.9 OR BA.5.10 OR BA.5.10.1 OR BA.5.11 OR BC.1 OR BC.2 OR BD.1 OR BE.1 OR BE.1.1 OR BE.1.1.1 OR BE.1.1.2 OR BE.1.2 OR BE.1.2.1 OR BE.1.3 OR BE.1.4 OR BE.1.4.1 OR BE.1.4.2 OR BE.1.4.3 OR BE.1.4.4 OR BE.2 OR BE.3 OR BE.4 OR BE.4.1 OR BE.4.1.1 OR BE.4.2 OR BE.5 OR BE.6 OR BE.7 OR BE.8 OR BE.9 OR BE.10 OR BF.1 OR BF.1.1 OR BF.2 OR BF.3 OR BF.3.1 OR BF.4 OR BF.5 OR BF.5.1 OR BF.5.2 OR BF.6 OR BF.7 OR BF.7.1 OR BF.7.2 OR BF.7.3 OR BF.7.4 OR BF.7.4.1 OR BF.7.4.2 OR BF.7.5 OR BF.7.5.1 OR BF.7.6 OR BF.7.7 OR BF.7.8 OR BF.7.9 OR BF.7.10 OR BF.7.11 OR BF.7.12 OR BF.7.13 OR BF.7.13.1 OR BF.7.13.2 OR BF.7.14 OR BF.7.15 OR BF.8 OR BF.9 OR BF.10 OR BF.10.1 OR BF.11 OR BF.11.1 OR BF.11.2 OR BF.11.3 OR BF.11.4 OR BF.11.5 OR BF.12 OR BF.13 OR BF.14 OR BF.15 OR BF.16 OR BF.17 OR BF.18 OR BF.19 OR BF.20 OR BF.21 OR BF.22 OR BF.23 OR BF.24 OR BF.25 OR BF.26 OR BF.27 OR BF.28 OR BF.29 OR BF.30 OR BF.31 OR BF.31.1 OR BF.32 OR BF.33 OR BF.34 OR BG.1 OR BG.2 OR BG.3 OR BG.4 OR BG.5 OR BG.6 OR BG.7 OR BH.1 OR BJ.1 OR BK.1 OR BL.1 OR BL.1.1 OR BL.1.2 OR BL.1.3 OR BL.1.4 OR BL.2 OR BL.2.1 OR BL.3 OR BL.4 OR BL.5 OR BL.6 OR BM.1 OR BM.1.1 OR BM.1.1.1 OR BM.1.1.2 OR BM.1.1.3 OR BM.1.1.4 OR BM.1.1.5 OR BM.2 OR BM.2.1 OR BM.2.2 OR BM.2.3 OR BM.3 OR BM.4 OR BM.4.1 OR BM.4.1.1 OR BM.5 OR BM.6 OR BN.1 OR BN.1.1 OR BN.1.1.1 OR BN.1.2 OR BN.1.2.1 OR BN.1.3 OR BN.1.3.1 OR BN.1.3.2 OR BN.1.3.3 OR BN.1.3.4 OR BN.1.4 OR BN.1.4.1 OR BN.1.5 OR BN.1.5.1 OR BN.1.6 OR BN.1.7 OR BN.1.8 OR BN.1.9 OR BN.2 OR BN.2.1 OR BN.3 OR BN.3.1 OR BN.4 OR BN.5 OR BN.6 OR BP.1 OR BQ.1 OR BQ.1.1 OR BQ.1.1.1 OR BQ.1.1.2 OR BQ.1.1.3 OR BQ.1.1.4 OR BQ.1.1.5 OR BQ.1.1.6 OR BQ.1.1.7 OR BQ.1.1.8 OR BQ.1.1.9 OR BQ.1.1.10 OR BQ.1.1.11 OR BQ.1.1.12 OR BQ.1.1.13 OR BQ.1.1.14 OR BQ.1.1.15 OR BQ.1.1.16 OR BQ.1.1.17 OR BQ.1.1.18 OR BQ.1.1.19 OR BQ.1.1.20 OR BQ.1.1.21 OR BQ.1.1.22 OR BQ.1.1.23 OR BQ.1.1.24 OR BQ.1.1.25 OR BQ.1.1.26 OR BQ.1.1.27 OR BQ.1.1.28 OR BQ.1.1.29 OR BQ.1.1.30 OR BQ.1.1.31 OR BQ.1.1.32 OR BQ.1.1.34 OR BQ.1.1.35 OR BQ.1.1.36 OR BQ.1.2 OR BQ.1.3 OR BQ.1.4 OR BQ.1.5 OR BQ.1.6 OR BQ.1.7 OR BQ.1.8 OR BQ.1.8.1 OR BQ.1.8.2 OR BQ.1.9 OR BQ.1.10 OR BQ.1.10.1 OR BQ.1.11 OR BQ.1.12 OR BQ.1.13 OR BQ.1.13.1 OR BQ.1.14 OR BQ.1.15 OR BQ.1.16 OR BQ.1.17 OR BQ.1.18 OR BQ.1.19 OR BQ.1.20 OR BQ.1.21 OR BQ.1.22 OR BQ.1.23 OR BQ.1.24 OR BQ.1.25 OR BQ.1.25.1 OR BQ.1.26 OR BQ.1.26.1 OR BQ.1.27 OR BQ.1.28 OR BQ.2 OR BR.1 OR BR.1.1 OR BR.1.2 OR BR.2 OR BR.2.1 OR BR.3 OR BR.4 OR BS.1 OR BS.1.1 OR BS.1.2 OR BT.1 OR BT.2 OR BU.1 OR BU.2 OR BU.3 OR BV.1 OR BV.2 OR BW.1 OR BW.1.1 OR BY.1 OR BY.1.1 OR BY.1.1.1 OR BY.1.2 OR BY.1.2.1 OR BZ.1 OR CA.1 OR CA.2 OR CA.3 OR CA.3.1 OR CA.4 OR CA.5 OR CA.6 OR CA.7 OR CB.1 OR CC.1 OR CD.1 OR CD.2 OR CE.1 OR CF.1 OR CG.1 OR CH.1 OR CH.1.1 OR CH.1.1.1 OR CH.1.1.2 OR CH.1.1.3 OR CH.1.1.4 OR CH.1.1.5 OR CH.2 OR CH.3 OR CH.3.1 OR CJ.1 OR CJ.1.1 OR CK.1 OR CK.1.1 OR CK.1.2 OR CK.2 OR CK.2.1 OR CK.2.1.1 OR CK.3 OR CL.1 OR CM.1 OR CM.2 OR CM.2.1 OR CM.3 OR CM.4 OR CM.4.1 OR CM.5 OR CM.5.1 OR CM.5.2 OR CM.6 OR CM.6.1 OR CM.7 OR CM.8 OR CM.8.1 OR CM.9 OR CM.10 OR CM.11 OR CM.12 OR CN.1 OR CN.2 OR CP.1 OR CP.1.1 OR CP.1.2 OR CP.1.3 OR CP.2 OR CP.3 OR CP.4 OR CP.5 OR CP.6 OR CQ.1 OR CQ.1.1 OR CQ.2 OR CR.1 OR CR.1.1 OR CR.1.2 OR CR.1.3 OR CR.2 OR CS.1 OR CT.1 OR CU.1 OR CV.1 OR CV.2 OR CW.1 OR CY.1 OR CZ.1 OR DA.1 OR DB.1 OR DB.2 OR DC.1 OR DD.1 OR DE.1 OR DE.2 OR DF.1 OR DF.1.1 OR DG.1 OR DH.1 OR DJ.1 OR DJ.1.1 OR DJ.1.2 OR DJ.1.3 OR DK.1 OR DL.1 OR DM.1 OR DN.1 OR DN.1.1 OR DP.1 OR DQ.1 OR DR.1 OR DS.1 OR DT.1 OR DU.1 OR DV.1,Omicron,4.64285714285714,4.5,0.969230769230769
2022-02-01,16,16,8.42857142857143,8.42857142857143,1,0.737782751282814,0.999940509697106,B.1.1.529 OR BA.1 OR BA.1.1 OR BA.1.1.1 OR BA.1.1.2 OR BA.1.1.3 OR BA.1.1.4 OR BA.1.1.5 OR BA.1.1.6 OR BA.1.1.7 OR BA.1.1.8 OR BA.1.1.9 OR BA.1.1.10 OR BA.1.1.11 OR BA.1.1.12 OR BA.1.1.13 OR BA.1.1.14 OR BA.1.1.15 OR BA.1.1.16 OR BA.1.1.17 OR BA.1.1.18 OR BA.1.2 OR BA.1.3 OR BA.1.4 OR BA.1.5 OR BA.1.6 OR BA.1.7 OR BA.1.8 OR BA.1.9 OR BA.1.10 OR BA.1.12 OR BA.1.13 OR BA.1.13.1 OR BA.1.14 OR BA.1.14.1 OR BA.1.14.2 OR BA.1.15 OR BA.1.15.1 OR BA.1.15.2 OR BA.1.15.3 OR BA.1.16 OR BA.1.16.1 OR BA.1.16.2 OR BA.1.17 OR BA.1.17.1 OR BA.1.17.2 OR BA.1.18 OR BA.1.19 OR BA.1.20 OR BA.1.21 OR BA.1.21.1 OR BA.1.22 OR BA.1.23 OR BA.1.24 OR BA.2 OR BA.2.1 OR BA.2.2 OR BA.2.2.1 OR BA.2.3 OR BA.2.3.1 OR BA.2.3.2 OR BA.2.3.4 OR BA.2.3.5 OR BA.2.3.6 OR BA.2.3.7 OR BA.2.3.8 OR BA.2.3.9 OR BA.2.3.10 OR BA.2.3.11 OR BA.2.3.12 OR BA.2.3.13 OR BA.2.3.14 OR BA.2.3.15 OR BA.2.3.16 OR BA.2.3.17 OR BA.2.3.18 OR BA.2.3.19 OR BA.2.3.20 OR BA.2.3.21 OR BA.2.3.22 OR BA.2.4 OR BA.2.5 OR BA.2.6 OR BA.2.7 OR BA.2.8 OR BA.2.9 OR BA.2.9.1 OR BA.2.9.2 OR BA.2.9.3 OR BA.2.9.4 OR BA.2.9.5 OR BA.2.9.6 OR BA.2.9.7 OR BA.2.10 OR BA.2.10.1 OR BA.2.10.2 OR BA.2.10.3 OR BA.2.10.4 OR BA.2.11 OR BA.2.12 OR BA.2.12.1 OR BA.2.12.2 OR BA.2.13 OR BA.2.13.1 OR BA.2.14 OR BA.2.15 OR BA.2.16 OR BA.2.17 OR BA.2.18 OR BA.2.19 OR BA.2.20 OR BA.2.21 OR BA.2.22 OR BA.2.23 OR BA.2.23.1 OR BA.2.24 OR BA.2.25 OR BA.2.25.1 OR BA.2.26 OR BA.2.27 OR BA.2.28 OR BA.2.29 OR BA.2.30 OR BA.2.31 OR BA.2.31.1 OR BA.2.32 OR BA.2.33 OR BA.2.34 OR BA.2.35 OR BA.2.36 OR BA.2.37 OR BA.2.38 OR BA.2.38.1 OR BA.2.38.2 OR BA.2.38.3 OR BA.2.38.4 OR BA.2.39 OR BA.2.40 OR BA.2.40.1 OR BA.2.41 OR BA.2.42 OR BA.2.43 OR BA.2.44 OR BA.2.45 OR BA.2.46 OR BA.2.47 OR BA.2.48 OR BA.2.49 OR BA.2.50 OR BA.2.51 OR BA.2.52 OR BA.2.53 OR BA.2.54 OR BA.2.55 OR BA.2.56 OR BA.2.56.1 OR BA.2.57 OR BA.2.58 OR BA.2.59 OR BA.2.60 OR BA.2.61 OR BA.2.62 OR BA.2.63 OR BA.2.64 OR BA.2.65 OR BA.2.66 OR BA.2.67 OR BA.2.68 OR BA.2.69 OR BA.2.70 OR BA.2.71 OR BA.2.72 OR BA.2.73 OR BA.2.74 OR BA.2.75 OR BA.2.75.1 OR BA.2.75.2 OR BA.2.75.3 OR BA.2.75.4 OR BA.2.75.5 OR BA.2.75.6 OR BA.2.75.7 OR BA.2.75.8 OR BA.2.75.9 OR BA.2.75.10 OR BA.2.76 OR BA.2.76.1 OR BA.2.76.2 OR BA.2.77 OR BA.2.78 OR BA.2.79 OR BA.2.79.1 OR BA.2.80 OR BA.2.81 OR BA.2.82 OR BA.2.83 OR BA.2.85 OR BA.3 OR BA.3.1 OR BA.4 OR BA.4.1 OR BA.4.1.1 OR BA.4.1.2 OR BA.4.1.3 OR BA.4.1.4 OR BA.4.1.5 OR BA.4.1.6 OR BA.4.1.7 OR BA.4.1.8 OR BA.4.1.9 OR BA.4.1.10 OR BA.4.2 OR BA.4.3 OR BA.4.4 OR BA.4.5 OR BA.4.6 OR BA.4.6.1 OR BA.4.6.2 OR BA.4.6.3 OR BA.4.6.4 OR BA.4.6.5 OR BA.4.7 OR BA.4.8 OR BA.5 OR BA.5.1 OR BA.5.1.1 OR BA.5.1.2 OR BA.5.1.3 OR BA.5.1.4 OR BA.5.1.5 OR BA.5.1.6 OR BA.5.1.7 OR BA.5.1.8 OR BA.5.1.9 OR BA.5.1.10 OR BA.5.1.11 OR BA.5.1.12 OR BA.5.1.14 OR BA.5.1.15 OR BA.5.1.16 OR BA.5.1.17 OR BA.5.1.18 OR BA.5.1.19 OR BA.5.1.20 OR BA.5.1.21 OR BA.5.1.22 OR BA.5.1.23 OR BA.5.1.24 OR BA.5.1.25 OR BA.5.1.26 OR BA.5.1.27 OR BA.5.1.28 OR BA.5.1.29 OR BA.5.1.30 OR BA.5.1.31 OR BA.5.1.32 OR BA.5.2 OR BA.5.2.1 OR BA.5.2.2 OR BA.5.2.3 OR BA.5.2.4 OR BA.5.2.5 OR BA.5.2.6 OR BA.5.2.7 OR BA.5.2.8 OR BA.5.2.9 OR BA.5.2.10 OR BA.5.2.11 OR BA.5.2.12 OR BA.5.2.13 OR BA.5.2.14 OR BA.5.2.16 OR BA.5.2.18 OR BA.5.2.19 OR BA.5.2.20 OR BA.5.2.21 OR BA.5.2.22 OR BA.5.2.23 OR BA.5.2.24 OR BA.5.2.25 OR BA.5.2.26 OR BA.5.2.27 OR BA.5.2.28 OR BA.5.2.29 OR BA.5.2.30 OR BA.5.2.31 OR BA.5.2.32 OR BA.5.2.33 OR BA.5.2.34 OR BA.5.2.35 OR BA.5.2.36 OR BA.5.2.37 OR BA.5.2.38 OR BA.5.2.39 OR BA.5.2.40 OR BA.5.2.41 OR BA.5.2.42 OR BA.5.2.43 OR BA.5.2.44 OR BA.5.2.45 OR BA.5.2.46 OR BA.5.2.47 OR BA.5.2.48 OR BA.5.2.49 OR BA.5.3 OR BA.5.3.1 OR BA.5.3.2 OR BA.5.3.3 OR BA.5.3.4 OR BA.5.3.5 OR BA.5.5 OR BA.5.5.1 OR BA.5.5.2 OR BA.5.5.3 OR BA.5.6 OR BA.5.6.1 OR BA.5.6.2 OR BA.5.6.3 OR BA.5.6.4 OR BA.5.7 OR BA.5.8 OR BA.5.9 OR BA.5.10 OR BA.5.10.1 OR BA.5.11 OR BC.1 OR BC.2 OR BD.1 OR BE.1 OR BE.1.1 OR BE.1.1.1 OR BE.1.1.2 OR BE.1.2 OR BE.1.2.1 OR BE.1.3 OR BE.1.4 OR BE.1.4.1 OR BE.1.4.2 OR BE.1.4.3 OR BE.1.4.4 OR BE.2 OR BE.3 OR BE.4 OR BE.4.1 OR BE.4.1.1 OR BE.4.2 OR BE.5 OR BE.6 OR BE.7 OR BE.8 OR BE.9 OR BE.10 OR BF.1 OR BF.1.1 OR BF.2 OR BF.3 OR BF.3.1 OR BF.4 OR BF.5 OR BF.5.1 OR BF.5.2 OR BF.6 OR BF.7 OR BF.7.1 OR BF.7.2 OR BF.7.3 OR BF.7.4 OR BF.7.4.1 OR BF.7.4.2 OR BF.7.5 OR BF.7.5.1 OR BF.7.6 OR BF.7.7 OR BF.7.8 OR BF.7.9 OR BF.7.10 OR BF.7.11 OR BF.7.12 OR BF.7.13 OR BF.7.13.1 OR BF.7.13.2 OR BF.7.14 OR BF.7.15 OR BF.8 OR BF.9 OR BF.10 OR BF.10.1 OR BF.11 OR BF.11.1 OR BF.11.2 OR BF.11.3 OR BF.11.4 OR BF.11.5 OR BF.12 OR BF.13 OR BF.14 OR BF.15 OR BF.16 OR BF.17 OR BF.18 OR BF.19 OR BF.20 OR BF.21 OR BF.22 OR BF.23 OR BF.24 OR BF.25 OR BF.26 OR BF.27 OR BF.28 OR BF.29 OR BF.30 OR BF.31 OR BF.31.1 OR BF.32 OR BF.33 OR BF.34 OR BG.1 OR BG.2 OR BG.3 OR BG.4 OR BG.5 OR BG.6 OR BG.7 OR BH.1 OR BJ.1 OR BK.1 OR BL.1 OR BL.1.1 OR BL.1.2 OR BL.1.3 OR BL.1.4 OR BL.2 OR BL.2.1 OR BL.3 OR BL.4 OR BL.5 OR BL.6 OR BM.1 OR BM.1.1 OR BM.1.1.1 OR BM.1.1.2 OR BM.1.1.3 OR BM.1.1.4 OR BM.1.1.5 OR BM.2 OR BM.2.1 OR BM.2.2 OR BM.2.3 OR BM.3 OR BM.4 OR BM.4.1 OR BM.4.1.1 OR BM.5 OR BM.6 OR BN.1 OR BN.1.1 OR BN.1.1.1 OR BN.1.2 OR BN.1.2.1 OR BN.1.3 OR BN.1.3.1 OR BN.1.3.2 OR BN.1.3.3 OR BN.1.3.4 OR BN.1.4 OR BN.1.4.1 OR BN.1.5 OR BN.1.5.1 OR BN.1.6 OR BN.1.7 OR BN.1.8 OR BN.1.9 OR BN.2 OR BN.2.1 OR BN.3 OR BN.3.1 OR BN.4 OR BN.5 OR BN.6 OR BP.1 OR BQ.1 OR BQ.1.1 OR BQ.1.1.1 OR BQ.1.1.2 OR BQ.1.1.3 OR BQ.1.1.4 OR BQ.1.1.5 OR BQ.1.1.6 OR BQ.1.1.7 OR BQ.1.1.8 OR BQ.1.1.9 OR BQ.1.1.10 OR BQ.1.1.11 OR BQ.1.1.12 OR BQ.1.1.13 OR BQ.1.1.14 OR BQ.1.1.15 OR BQ.1.1.16 OR BQ.1.1.17 OR BQ.1.1.18 OR BQ.1.1.19 OR BQ.1.1.20 OR BQ.1.1.21 OR BQ.1.1.22 OR BQ.1.1.23 OR BQ.1.1.24 OR BQ.1.1.25 OR BQ.1.1.26 OR BQ.1.1.27 OR BQ.1.1.28 OR BQ.1.1.29 OR BQ.1.1.30 OR BQ.1.1.31 OR BQ.1.1.32 OR BQ.1.1.34 OR BQ.1.1.35 OR BQ.1.1.36 OR BQ.1.2 OR BQ.1.3 OR BQ.1.4 OR BQ.1.5 OR BQ.1.6 OR BQ.1.7 OR BQ.1.8 OR BQ.1.8.1 OR BQ.1.8.2 OR BQ.1.9 OR BQ.1.10 OR BQ.1.10.1 OR BQ.1.11 OR BQ.1.12 OR BQ.1.13 OR BQ.1.13.1 OR BQ.1.14 OR BQ.1.15 OR BQ.1.16 OR BQ.1.17 OR BQ.1.18 OR BQ.1.19 OR BQ.1.20 OR BQ.1.21 OR BQ.1.22 OR BQ.1.23 OR BQ.1.24 OR BQ.1.25 OR BQ.1.25.1 OR BQ.1.26 OR BQ.1.26.1 OR BQ.1.27 OR BQ.1.28 OR BQ.2 OR BR.1 OR BR.1.1 OR BR.1.2 OR BR.2 OR BR.2.1 OR BR.3 OR BR.4 OR BS.1 OR BS.1.1 OR BS.1.2 OR BT.1 OR BT.2 OR BU.1 OR BU.2 OR BU.3 OR BV.1 OR BV.2 OR BW.1 OR BW.1.1 OR BY.1 OR BY.1.1 OR BY.1.1.1 OR BY.1.2 OR BY.1.2.1 OR BZ.1 OR CA.1 OR CA.2 OR CA.3 OR CA.3.1 OR CA.4 OR CA.5 OR CA.6 OR CA.7 OR CB.1 OR CC.1 OR CD.1 OR CD.2 OR CE.1 OR CF.1 OR CG.1 OR CH.1 OR CH.1.1 OR CH.1.1.1 OR CH.1.1.2 OR CH.1.1.3 OR CH.1.1.4 OR CH.1.1.5 OR CH.2 OR CH.3 OR CH.3.1 OR CJ.1 OR CJ.1.1 OR CK.1 OR CK.1.1 OR CK.1.2 OR CK.2 OR CK.2.1 OR CK.2.1.1 OR CK.3 OR CL.1 OR CM.1 OR CM.2 OR CM.2.1 OR CM.3 OR CM.4 OR CM.4.1 OR CM.5 OR CM.5.1 OR CM.5.2 OR CM.6 OR CM.6.1 OR CM.7 OR CM.8 OR CM.8.1 OR CM.9 OR CM.10 OR CM.11 OR CM.12 OR CN.1 OR CN.2 OR CP.1 OR CP.1.1 OR CP.1.2 OR CP.1.3 OR CP.2 OR CP.3 OR CP.4 OR CP.5 OR CP.6 OR CQ.1 OR CQ.1.1 OR CQ.2 OR CR.1 OR CR.1.1 OR CR.1.2 OR CR.1.3 OR CR.2 OR CS.1 OR CT.1 OR CU.1 OR CV.1 OR CV.2 OR CW.1 OR CY.1 OR CZ.1 OR DA.1 OR DB.1 OR DB.2 OR DC.1 OR DD.1 OR DE.1 OR DE.2 OR DF.1 OR DF.1.1 OR DG.1 OR DH.1 OR DJ.1 OR DJ.1.1 OR DJ.1.2 OR DJ.1.3 OR DK.1 OR DL.1 OR DM.1 OR DN.1 OR DN.1.1 OR DP.1 OR DQ.1 OR DR.1 OR DS.1 OR DT.1 OR DU.1 OR DV.1,Omicron,5.64285714285714,5.57142857142857,0.987341772151899
2022-02-02,6,6,8.85714285714286,8.85714285714286,1,0.762389901367097,0.999946935946581,B.1.1.529 OR BA.1 OR BA.1.1 OR BA.1.1.1 OR BA.1.1.2 OR BA.1.1.3 OR BA.1.1.4 OR BA.1.1.5 OR BA.1.1.6 OR BA.1.1.7 OR BA.1.1.8 OR BA.1.1.9 OR BA.1.1.10 OR BA.1.1.11 OR BA.1.1.12 OR BA.1.1.13 OR BA.1.1.14 OR BA.1.1.15 OR BA.1.1.16 OR BA.1.1.17 OR BA.1.1.18 OR BA.1.2 OR BA.1.3 OR BA.1.4 OR BA.1.5 OR BA.1.6 OR BA.1.7 OR BA.1.8 OR BA.1.9 OR BA.1.10 OR BA.1.12 OR BA.1.13 OR BA.1.13.1 OR BA.1.14 OR BA.1.14.1 OR BA.1.14.2 OR BA.1.15 OR BA.1.15.1 OR BA.1.15.2 OR BA.1.15.3 OR BA.1.16 OR BA.1.16.1 OR BA.1.16.2 OR BA.1.17 OR BA.1.17.1 OR BA.1.17.2 OR BA.1.18 OR BA.1.19 OR BA.1.20 OR BA.1.21 OR BA.1.21.1 OR BA.1.22 OR BA.1.23 OR BA.1.24 OR BA.2 OR BA.2.1 OR BA.2.2 OR BA.2.2.1 OR BA.2.3 OR BA.2.3.1 OR BA.2.3.2 OR BA.2.3.4 OR BA.2.3.5 OR BA.2.3.6 OR BA.2.3.7 OR BA.2.3.8 OR BA.2.3.9 OR BA.2.3.10 OR BA.2.3.11 OR BA.2.3.12 OR BA.2.3.13 OR BA.2.3.14 OR BA.2.3.15 OR BA.2.3.16 OR BA.2.3.17 OR BA.2.3.18 OR BA.2.3.19 OR BA.2.3.20 OR BA.2.3.21 OR BA.2.3.22 OR BA.2.4 OR BA.2.5 OR BA.2.6 OR BA.2.7 OR BA.2.8 OR BA.2.9 OR BA.2.9.1 OR BA.2.9.2 OR BA.2.9.3 OR BA.2.9.4 OR BA.2.9.5 OR BA.2.9.6 OR BA.2.9.7 OR BA.2.10 OR BA.2.10.1 OR BA.2.10.2 OR BA.2.10.3 OR BA.2.10.4 OR BA.2.11 OR BA.2.12 OR BA.2.12.1 OR BA.2.12.2 OR BA.2.13 OR BA.2.13.1 OR BA.2.14 OR BA.2.15 OR BA.2.16 OR BA.2.17 OR BA.2.18 OR BA.2.19 OR BA.2.20 OR BA.2.21 OR BA.2.22 OR BA.2.23 OR BA.2.23.1 OR BA.2.24 OR BA.2.25 OR BA.2.25.1 OR BA.2.26 OR BA.2.27 OR BA.2.28 OR BA.2.29 OR BA.2.30 OR BA.2.31 OR BA.2.31.1 OR BA.2.32 OR BA.2.33 OR BA.2.34 OR BA.2.35 OR BA.2.36 OR BA.2.37 OR BA.2.38 OR BA.2.38.1 OR BA.2.38.2 OR BA.2.38.3 OR BA.2.38.4 OR BA.2.39 OR BA.2.40 OR BA.2.40.1 OR BA.2.41 OR BA.2.42 OR BA.2.43 OR BA.2.44 OR BA.2.45 OR BA.2.46 OR BA.2.47 OR BA.2.48 OR BA.2.49 OR BA.2.50 OR BA.2.51 OR BA.2.52 OR BA.2.53 OR BA.2.54 OR BA.2.55 OR BA.2.56 OR BA.2.56.1 OR BA.2.57 OR BA.2.58 OR BA.2.59 OR BA.2.60 OR BA.2.61 OR BA.2.62 OR BA.2.63 OR BA.2.64 OR BA.2.65 OR BA.2.66 OR BA.2.67 OR BA.2.68 OR BA.2.69 OR BA.2.70 OR BA.2.71 OR BA.2.72 OR BA.2.73 OR BA.2.74 OR BA.2.75 OR BA.2.75.1 OR BA.2.75.2 OR BA.2.75.3 OR BA.2.75.4 OR BA.2.75.5 OR BA.2.75.6 OR BA.2.75.7 OR BA.2.75.8 OR BA.2.75.9 OR BA.2.75.10 OR BA.2.76 OR BA.2.76.1 OR BA.2.76.2 OR BA.2.77 OR BA.2.78 OR BA.2.79 OR BA.2.79.1 OR BA.2.80 OR BA.2.81 OR BA.2.82 OR BA.2.83 OR BA.2.85 OR BA.3 OR BA.3.1 OR BA.4 OR BA.4.1 OR BA.4.1.1 OR BA.4.1.2 OR BA.4.1.3 OR BA.4.1.4 OR BA.4.1.5 OR BA.4.1.6 OR BA.4.1.7 OR BA.4.1.8 OR BA.4.1.9 OR BA.4.1.10 OR BA.4.2 OR BA.4.3 OR BA.4.4 OR BA.4.5 OR BA.4.6 OR BA.4.6.1 OR BA.4.6.2 OR BA.4.6.3 OR BA.4.6.4 OR BA.4.6.5 OR BA.4.7 OR BA.4.8 OR BA.5 OR BA.5.1 OR BA.5.1.1 OR BA.5.1.2 OR BA.5.1.3 OR BA.5.1.4 OR BA.5.1.5 OR BA.5.1.6 OR BA.5.1.7 OR BA.5.1.8 OR BA.5.1.9 OR BA.5.1.10 OR BA.5.1.11 OR BA.5.1.12 OR BA.5.1.14 OR BA.5.1.15 OR BA.5.1.16 OR BA.5.1.17 OR BA.5.1.18 OR BA.5.1.19 OR BA.5.1.20 OR BA.5.1.21 OR BA.5.1.22 OR BA.5.1.23 OR BA.5.1.24 OR BA.5.1.25 OR BA.5.1.26 OR BA.5.1.27 OR BA.5.1.28 OR BA.5.1.29 OR BA.5.1.30 OR BA.5.1.31 OR BA.5.1.32 OR BA.5.2 OR BA.5.2.1 OR BA.5.2.2 OR BA.5.2.3 OR BA.5.2.4 OR BA.5.2.5 OR BA.5.2.6 OR BA.5.2.7 OR BA.5.2.8 OR BA.5.2.9 OR BA.5.2.10 OR BA.5.2.11 OR BA.5.2.12 OR BA.5.2.13 OR BA.5.2.14 OR BA.5.2.16 OR BA.5.2.18 OR BA.5.2.19 OR BA.5.2.20 OR BA.5.2.21 OR BA.5.2.22 OR BA.5.2.23 OR BA.5.2.24 OR BA.5.2.25 OR BA.5.2.26 OR BA.5.2.27 OR BA.5.2.28 OR BA.5.2.29 OR BA.5.2.30 OR BA.5.2.31 OR BA.5.2.32 OR BA.5.2.33 OR BA.5.2.34 OR BA.5.2.35 OR BA.5.2.36 OR BA.5.2.37 OR BA.5.2.38 OR BA.5.2.39 OR BA.5.2.40 OR BA.5.2.41 OR BA.5.2.42 OR BA.5.2.43 OR BA.5.2.44 OR BA.5.2.45 OR BA.5.2.46 OR BA.5.2.47 OR BA.5.2.48 OR BA.5.2.49 OR BA.5.3 OR BA.5.3.1 OR BA.5.3.2 OR BA.5.3.3 OR BA.5.3.4 OR BA.5.3.5 OR BA.5.5 OR BA.5.5.1 OR BA.5.5.2 OR BA.5.5.3 OR BA.5.6 OR BA.5.6.1 OR BA.5.6.2 OR BA.5.6.3 OR BA.5.6.4 OR BA.5.7 OR BA.5.8 OR BA.5.9 OR BA.5.10 OR BA.5.10.1 OR BA.5.11 OR BC.1 OR BC.2 OR BD.1 OR BE.1 OR BE.1.1 OR BE.1.1.1 OR BE.1.1.2 OR BE.1.2 OR BE.1.2.1 OR BE.1.3 OR BE.1.4 OR BE.1.4.1 OR BE.1.4.2 OR BE.1.4.3 OR BE.1.4.4 OR BE.2 OR BE.3 OR BE.4 OR BE.4.1 OR BE.4.1.1 OR BE.4.2 OR BE.5 OR BE.6 OR BE.7 OR BE.8 OR BE.9 OR BE.10 OR BF.1 OR BF.1.1 OR BF.2 OR BF.3 OR BF.3.1 OR BF.4 OR BF.5 OR BF.5.1 OR BF.5.2 OR BF.6 OR BF.7 OR BF.7.1 OR BF.7.2 OR BF.7.3 OR BF.7.4 OR BF.7.4.1 OR BF.7.4.2 OR BF.7.5 OR BF.7.5.1 OR BF.7.6 OR BF.7.7 OR BF.7.8 OR BF.7.9 OR BF.7.10 OR BF.7.11 OR BF.7.12 OR BF.7.13 OR BF.7.13.1 OR BF.7.13.2 OR BF.7.14 OR BF.7.15 OR BF.8 OR BF.9 OR BF.10 OR BF.10.1 OR BF.11 OR BF.11.1 OR BF.11.2 OR BF.11.3 OR BF.11.4 OR BF.11.5 OR BF.12 OR BF.13 OR BF.14 OR BF.15 OR BF.16 OR BF.17 OR BF.18 OR BF.19 OR BF.20 OR BF.21 OR BF.22 OR BF.23 OR BF.24 OR BF.25 OR BF.26 OR BF.27 OR BF.28 OR BF.29 OR BF.30 OR BF.31 OR BF.31.1 OR BF.32 OR BF.33 OR BF.34 OR BG.1 OR BG.2 OR BG.3 OR BG.4 OR BG.5 OR BG.6 OR BG.7 OR BH.1 OR BJ.1 OR BK.1 OR BL.1 OR BL.1.1 OR BL.1.2 OR BL.1.3 OR BL.1.4 OR BL.2 OR BL.2.1 OR BL.3 OR BL.4 OR BL.5 OR BL.6 OR BM.1 OR BM.1.1 OR BM.1.1.1 OR BM.1.1.2 OR BM.1.1.3 OR BM.1.1.4 OR BM.1.1.5 OR BM.2 OR BM.2.1 OR BM.2.2 OR BM.2.3 OR BM.3 OR BM.4 OR BM.4.1 OR BM.4.1.1 OR BM.5 OR BM.6 OR BN.1 OR BN.1.1 OR BN.1.1.1 OR BN.1.2 OR BN.1.2.1 OR BN.1.3 OR BN.1.3.1 OR BN.1.3.2 OR BN.1.3.3 OR BN.1.3.4 OR BN.1.4 OR BN.1.4.1 OR BN.1.5 OR BN.1.5.1 OR BN.1.6 OR BN.1.7 OR BN.1.8 OR BN.1.9 OR BN.2 OR BN.2.1 OR BN.3 OR BN.3.1 OR BN.4 OR BN.5 OR BN.6 OR BP.1 OR BQ.1 OR BQ.1.1 OR BQ.1.1.1 OR BQ.1.1.2 OR BQ.1.1.3 OR BQ.1.1.4 OR BQ.1.1.5 OR BQ.1.1.6 OR BQ.1.1.7 OR BQ.1.1.8 OR BQ.1.1.9 OR BQ.1.1.10 OR BQ.1.1.11 OR BQ.1.1.12 OR BQ.1.1.13 OR BQ.1.1.14 OR BQ.1.1.15 OR BQ.1.1.16 OR BQ.1.1.17 OR BQ.1.1.18 OR BQ.1.1.19 OR BQ.1.1.20 OR BQ.1.1.21 OR BQ.1.1.22 OR BQ.1.1.23 OR BQ.1.1.24 OR BQ.1.1.25 OR BQ.1.1.26 OR BQ.1.1.27 OR BQ.1.1.28 OR BQ.1.1.29 OR BQ.1.1.30 OR BQ.1.1.31 OR BQ.1.1.32 OR BQ.1.1.34 OR BQ.1.1.35 OR BQ.1.1.36 OR BQ.1.2 OR BQ.1.3 OR BQ.1.4 OR BQ.1.5 OR BQ.1.6 OR BQ.1.7 OR BQ.1.8 OR BQ.1.8.1 OR BQ.1.8.2 OR BQ.1.9 OR BQ.1.10 OR BQ.1.10.1 OR BQ.1.11 OR BQ.1.12 OR BQ.1.13 OR BQ.1.13.1 OR BQ.1.14 OR BQ.1.15 OR BQ.1.16 OR BQ.1.17 OR BQ.1.18 OR BQ.1.19 OR BQ.1.20 OR BQ.1.21 OR BQ.1.22 OR BQ.1.23 OR BQ.1.24 OR BQ.1.25 OR BQ.1.25.1 OR BQ.1.26 OR BQ.1.26.1 OR BQ.1.27 OR BQ.1.28 OR BQ.2 OR BR.1 OR BR.1.1 OR BR.1.2 OR BR.2 OR BR.2.1 OR BR.3 OR BR.4 OR BS.1 OR BS.1.1 OR BS.1.2 OR BT.1 OR BT.2 OR BU.1 OR BU.2 OR BU.3 OR BV.1 OR BV.2 OR BW.1 OR BW.1.1 OR BY.1 OR BY.1.1 OR BY.1.1.1 OR BY.1.2 OR BY.1.2.1 OR BZ.1 OR CA.1 OR CA.2 OR CA.3 OR CA.3.1 OR CA.4 OR CA.5 OR CA.6 OR CA.7 OR CB.1 OR CC.1 OR CD.1 OR CD.2 OR CE.1 OR CF.1 OR CG.1 OR CH.1 OR CH.1.1 OR CH.1.1.1 OR CH.1.1.2 OR CH.1.1.3 OR CH.1.1.4 OR CH.1.1.5 OR CH.2 OR CH.3 OR CH.3.1 OR CJ.1 OR CJ.1.1 OR CK.1 OR CK.1.1 OR CK.1.2 OR CK.2 OR CK.2.1 OR CK.2.1.1 OR CK.3 OR CL.1 OR CM.1 OR CM.2 OR CM.2.1 OR CM.3 OR CM.4 OR CM.4.1 OR CM.5 OR CM.5.1 OR CM.5.2 OR CM.6 OR CM.6.1 OR CM.7 OR CM.8 OR CM.8.1 OR CM.9 OR CM.10 OR CM.11 OR CM.12 OR CN.1 OR CN.2 OR CP.1 OR CP.1.1 OR CP.1.2 OR CP.1.3 OR CP.2 OR CP.3 OR CP.4 OR CP.5 OR CP.6 OR CQ.1 OR CQ.1.1 OR CQ.2 OR CR.1 OR CR.1.1 OR CR.1.2 OR CR.1.3 OR CR.2 OR CS.1 OR CT.1 OR CU.1 OR CV.1 OR CV.2 OR CW.1 OR CY.1 OR CZ.1 OR DA.1 OR DB.1 OR DB.2 OR DC.1 OR DD.1 OR DE.1 OR DE.2 OR DF.1 OR DF.1.1 OR DG.1 OR DH.1 OR DJ.1 OR DJ.1.1 OR DJ.1.2 OR DJ.1.3 OR DK.1 OR DL.1 OR DM.1 OR DN.1 OR DN.1.1 OR DP.1 OR DQ.1 OR DR.1 OR DS.1 OR DT.1 OR DU.1 OR DV.1,Omicron,5.85714285714286,5.78571428571429,0.987804878048781
2022-02-03,9,9,9.28571428571429,9.28571428571429,1,0.762389901367097,0.999946935946581,B.1.1.529 OR BA.1 OR BA.1.1 OR BA.1.1.1 OR BA.1.1.2 OR BA.1.1.3 OR BA.1.1.4 OR BA.1.1.5 OR BA.1.1.6 OR BA.1.1.7 OR BA.1.1.8 OR BA.1.1.9 OR BA.1.1.10 OR BA.1.1.11 OR BA.1.1.12 OR BA.1.1.13 OR BA.1.1.14 OR BA.1.1.15 OR BA.1.1.16 OR BA.1.1.17 OR BA.1.1.18 OR BA.1.2 OR BA.1.3 OR BA.1.4 OR BA.1.5 OR BA.1.6 OR BA.1.7 OR BA.1.8 OR BA.1.9 OR BA.1.10 OR BA.1.12 OR BA.1.13 OR BA.1.13.1 OR BA.1.14 OR BA.1.14.1 OR BA.1.14.2 OR BA.1.15 OR BA.1.15.1 OR BA.1.15.2 OR BA.1.15.3 OR BA.1.16 OR BA.1.16.1 OR BA.1.16.2 OR BA.1.17 OR BA.1.17.1 OR BA.1.17.2 OR BA.1.18 OR BA.1.19 OR BA.1.20 OR BA.1.21 OR BA.1.21.1 OR BA.1.22 OR BA.1.23 OR BA.1.24 OR BA.2 OR BA.2.1 OR BA.2.2 OR BA.2.2.1 OR BA.2.3 OR BA.2.3.1 OR BA.2.3.2 OR BA.2.3.4 OR BA.2.3.5 OR BA.2.3.6 OR BA.2.3.7 OR BA.2.3.8 OR BA.2.3.9 OR BA.2.3.10 OR BA.2.3.11 OR BA.2.3.12 OR BA.2.3.13 OR BA.2.3.14 OR BA.2.3.15 OR BA.2.3.16 OR BA.2.3.17 OR BA.2.3.18 OR BA.2.3.19 OR BA.2.3.20 OR BA.2.3.21 OR BA.2.3.22 OR BA.2.4 OR BA.2.5 OR BA.2.6 OR BA.2.7 OR BA.2.8 OR BA.2.9 OR BA.2.9.1 OR BA.2.9.2 OR BA.2.9.3 OR BA.2.9.4 OR BA.2.9.5 OR BA.2.9.6 OR BA.2.9.7 OR BA.2.10 OR BA.2.10.1 OR BA.2.10.2 OR BA.2.10.3 OR BA.2.10.4 OR BA.2.11 OR BA.2.12 OR BA.2.12.1 OR BA.2.12.2 OR BA.2.13 OR BA.2.13.1 OR BA.2.14 OR BA.2.15 OR BA.2.16 OR BA.2.17 OR BA.2.18 OR BA.2.19 OR BA.2.20 OR BA.2.21 OR BA.2.22 OR BA.2.23 OR BA.2.23.1 OR BA.2.24 OR BA.2.25 OR BA.2.25.1 OR BA.2.26 OR BA.2.27 OR BA.2.28 OR BA.2.29 OR BA.2.30 OR BA.2.31 OR BA.2.31.1 OR BA.2.32 OR BA.2.33 OR BA.2.34 OR BA.2.35 OR BA.2.36 OR BA.2.37 OR BA.2.38 OR BA.2.38.1 OR BA.2.38.2 OR BA.2.38.3 OR BA.2.38.4 OR BA.2.39 OR BA.2.40 OR BA.2.40.1 OR BA.2.41 OR BA.2.42 OR BA.2.43 OR BA.2.44 OR BA.2.45 OR BA.2.46 OR BA.2.47 OR BA.2.48 OR BA.2.49 OR BA.2.50 OR BA.2.51 OR BA.2.52 OR BA.2.53 OR BA.2.54 OR BA.2.55 OR BA.2.56 OR BA.2.56.1 OR BA.2.57 OR BA.2.58 OR BA.2.59 OR BA.2.60 OR BA.2.61 OR BA.2.62 OR BA.2.63 OR BA.2.64 OR BA.2.65 OR BA.2.66 OR BA.2.67 OR BA.2.68 OR BA.2.69 OR BA.2.70 OR BA.2.71 OR BA.2.72 OR BA.2.73 OR BA.2.74 OR BA.2.75 OR BA.2.75.1 OR BA.2.75.2 OR BA.2.75.3 OR BA.2.75.4 OR BA.2.75.5 OR BA.2.75.6 OR BA.2.75.7 OR BA.2.75.8 OR BA.2.75.9 OR BA.2.75.10 OR BA.2.76 OR BA.2.76.1 OR BA.2.76.2 OR BA.2.77 OR BA.2.78 OR BA.2.79 OR BA.2.79.1 OR BA.2.80 OR BA.2.81 OR BA.2.82 OR BA.2.83 OR BA.2.85 OR BA.3 OR BA.3.1 OR BA.4 OR BA.4.1 OR BA.4.1.1 OR BA.4.1.2 OR BA.4.1.3 OR BA.4.1.4 OR BA.4.1.5 OR BA.4.1.6 OR BA.4.1.7 OR BA.4.1.8 OR BA.4.1.9 OR BA.4.1.10 OR BA.4.2 OR BA.4.3 OR BA.4.4 OR BA.4.5 OR BA.4.6 OR BA.4.6.1 OR BA.4.6.2 OR BA.4.6.3 OR BA.4.6.4 OR BA.4.6.5 OR BA.4.7 OR BA.4.8 OR BA.5 OR BA.5.1 OR BA.5.1.1 OR BA.5.1.2 OR BA.5.1.3 OR BA.5.1.4 OR BA.5.1.5 OR BA.5.1.6 OR BA.5.1.7 OR BA.5.1.8 OR BA.5.1.9 OR BA.5.1.10 OR BA.5.1.11 OR BA.5.1.12 OR BA.5.1.14 OR BA.5.1.15 OR BA.5.1.16 OR BA.5.1.17 OR BA.5.1.18 OR BA.5.1.19 OR BA.5.1.20 OR BA.5.1.21 OR BA.5.1.22 OR BA.5.1.23 OR BA.5.1.24 OR BA.5.1.25 OR BA.5.1.26 OR BA.5.1.27 OR BA.5.1.28 OR BA.5.1.29 OR BA.5.1.30 OR BA.5.1.31 OR BA.5.1.32 OR BA.5.2 OR BA.5.2.1 OR BA.5.2.2 OR BA.5.2.3 OR BA.5.2.4 OR BA.5.2.5 OR BA.5.2.6 OR BA.5.2.7 OR BA.5.2.8 OR BA.5.2.9 OR BA.5.2.10 OR BA.5.2.11 OR BA.5.2.12 OR BA.5.2.13 OR BA.5.2.14 OR BA.5.2.16 OR BA.5.2.18 OR BA.5.2.19 OR BA.5.2.20 OR BA.5.2.21 OR BA.5.2.22 OR BA.5.2.23 OR BA.5.2.24 OR BA.5.2.25 OR BA.5.2.26 OR BA.5.2.27 OR BA.5.2.28 OR BA.5.2.29 OR BA.5.2.30 OR BA.5.2.31 OR BA.5.2.32 OR BA.5.2.33 OR BA.5.2.34 OR BA.5.2.35 OR BA.5.2.36 OR BA.5.2.37 OR BA.5.2.38 OR BA.5.2.39 OR BA.5.2.40 OR BA.5.2.41 OR BA.5.2.42 OR BA.5.2.43 OR BA.5.2.44 OR BA.5.2.45 OR BA.5.2.46 OR BA.5.2.47 OR BA.5.2.48 OR BA.5.2.49 OR BA.5.3 OR BA.5.3.1 OR BA.5.3.2 OR BA.5.3.3 OR BA.5.3.4 OR BA.5.3.5 OR BA.5.5 OR BA.5.5.1 OR BA.5.5.2 OR BA.5.5.3 OR BA.5.6 OR BA.5.6.1 OR BA.5.6.2 OR BA.5.6.3 OR BA.5.6.4 OR BA.5.7 OR BA.5.8 OR BA.5.9 OR BA.5.10 OR BA.5.10.1 OR BA.5.11 OR BC.1 OR BC.2 OR BD.1 OR BE.1 OR BE.1.1 OR BE.1.1.1 OR BE.1.1.2 OR BE.1.2 OR BE.1.2.1 OR BE.1.3 OR BE.1.4 OR BE.1.4.1 OR BE.1.4.2 OR BE.1.4.3 OR BE.1.4.4 OR BE.2 OR BE.3 OR BE.4 OR BE.4.1 OR BE.4.1.1 OR BE.4.2 OR BE.5 OR BE.6 OR BE.7 OR BE.8 OR BE.9 OR BE.10 OR BF.1 OR BF.1.1 OR BF.2 OR BF.3 OR BF.3.1 OR BF.4 OR BF.5 OR BF.5.1 OR BF.5.2 OR BF.6 OR BF.7 OR BF.7.1 OR BF.7.2 OR BF.7.3 OR BF.7.4 OR BF.7.4.1 OR BF.7.4.2 OR BF.7.5 OR BF.7.5.1 OR BF.7.6 OR BF.7.7 OR BF.7.8 OR BF.7.9 OR BF.7.10 OR BF.7.11 OR BF.7.12 OR BF.7.13 OR BF.7.13.1 OR BF.7.13.2 OR BF.7.14 OR BF.7.15 OR BF.8 OR BF.9 OR BF.10 OR BF.10.1 OR BF.11 OR BF.11.1 OR BF.11.2 OR BF.11.3 OR BF.11.4 OR BF.11.5 OR BF.12 OR BF.13 OR BF.14 OR BF.15 OR BF.16 OR BF.17 OR BF.18 OR BF.19 OR BF.20 OR BF.21 OR BF.22 OR BF.23 OR BF.24 OR BF.25 OR BF.26 OR BF.27 OR BF.28 OR BF.29 OR BF.30 OR BF.31 OR BF.31.1 OR BF.32 OR BF.33 OR BF.34 OR BG.1 OR BG.2 OR BG.3 OR BG.4 OR BG.5 OR BG.6 OR BG.7 OR BH.1 OR BJ.1 OR BK.1 OR BL.1 OR BL.1.1 OR BL.1.2 OR BL.1.3 OR BL.1.4 OR BL.2 OR BL.2.1 OR BL.3 OR BL.4 OR BL.5 OR BL.6 OR BM.1 OR BM.1.1 OR BM.1.1.1 OR BM.1.1.2 OR BM.1.1.3 OR BM.1.1.4 OR BM.1.1.5 OR BM.2 OR BM.2.1 OR BM.2.2 OR BM.2.3 OR BM.3 OR BM.4 OR BM.4.1 OR BM.4.1.1 OR BM.5 OR BM.6 OR BN.1 OR BN.1.1 OR BN.1.1.1 OR BN.1.2 OR BN.1.2.1 OR BN.1.3 OR BN.1.3.1 OR BN.1.3.2 OR BN.1.3.3 OR BN.1.3.4 OR BN.1.4 OR BN.1.4.1 OR BN.1.5 OR BN.1.5.1 OR BN.1.6 OR BN.1.7 OR BN.1.8 OR BN.1.9 OR BN.2 OR BN.2.1 OR BN.3 OR BN.3.1 OR BN.4 OR BN.5 OR BN.6 OR BP.1 OR BQ.1 OR BQ.1.1 OR BQ.1.1.1 OR BQ.1.1.2 OR BQ.1.1.3 OR BQ.1.1.4 OR BQ.1.1.5 OR BQ.1.1.6 OR BQ.1.1.7 OR BQ.1.1.8 OR BQ.1.1.9 OR BQ.1.1.10 OR BQ.1.1.11 OR BQ.1.1.12 OR BQ.1.1.13 OR BQ.1.1.14 OR BQ.1.1.15 OR BQ.1.1.16 OR BQ.1.1.17 OR BQ.1.1.18 OR BQ.1.1.19 OR BQ.1.1.20 OR BQ.1.1.21 OR BQ.1.1.22 OR BQ.1.1.23 OR BQ.1.1.24 OR BQ.1.1.25 OR BQ.1.1.26 OR BQ.1.1.27 OR BQ.1.1.28 OR BQ.1.1.29 OR BQ.1.1.30 OR BQ.1.1.31 OR BQ.1.1.32 OR BQ.1.1.34 OR BQ.1.1.35 OR BQ.1.1.36 OR BQ.1.2 OR BQ.1.3 OR BQ.1.4 OR BQ.1.5 OR BQ.1.6 OR BQ.1.7 OR BQ.1.8 OR BQ.1.8.1 OR BQ.1.8.2 OR BQ.1.9 OR BQ.1.10 OR BQ.1.10.1 OR BQ.1.11 OR BQ.1.12 OR BQ.1.13 OR BQ.1.13.1 OR BQ.1.14 OR BQ.1.15 OR BQ.1.16 OR BQ.1.17 OR BQ.1.18 OR BQ.1.19 OR BQ.1.20 OR BQ.1.21 OR BQ.1.22 OR BQ.1.23 OR BQ.1.24 OR BQ.1.25 OR BQ.1.25.1 OR BQ.1.26 OR BQ.1.26.1 OR BQ.1.27 OR BQ.1.28 OR BQ.2 OR BR.1 OR BR.1.1 OR BR.1.2 OR BR.2 OR BR.2.1 OR BR.3 OR BR.4 OR BS.1 OR BS.1.1 OR BS.1.2 OR BT.1 OR BT.2 OR BU.1 OR BU.2 OR BU.3 OR BV.1 OR BV.2 OR BW.1 OR BW.1.1 OR BY.1 OR BY.1.1 OR BY.1.1.1 OR BY.1.2 OR BY.1.2.1 OR BZ.1 OR CA.1 OR CA.2 OR CA.3 OR CA.3.1 OR CA.4 OR CA.5 OR CA.6 OR CA.7 OR CB.1 OR CC.1 OR CD.1 OR CD.2 OR CE.1 OR CF.1 OR CG.1 OR CH.1 OR CH.1.1 OR CH.1.1.1 OR CH.1.1.2 OR CH.1.1.3 OR CH.1.1.4 OR CH.1.1.5 OR CH.2 OR CH.3 OR CH.3.1 OR CJ.1 OR CJ.1.1 OR CK.1 OR CK.1.1 OR CK.1.2 OR CK.2 OR CK.2.1 OR CK.2.1.1 OR CK.3 OR CL.1 OR CM.1 OR CM.2 OR CM.2.1 OR CM.3 OR CM.4 OR CM.4.1 OR CM.5 OR CM.5.1 OR CM.5.2 OR CM.6 OR CM.6.1 OR CM.7 OR CM.8 OR CM.8.1 OR CM.9 OR CM.10 OR CM.11 OR CM.12 OR CN.1 OR CN.2 OR CP.1 OR CP.1.1 OR CP.1.2 OR CP.1.3 OR CP.2 OR CP.3 OR CP.4 OR CP.5 OR CP.6 OR CQ.1 OR CQ.1.1 OR CQ.2 OR CR.1 OR CR.1.1 OR CR.1.2 OR CR.1.3 OR CR.2 OR CS.1 OR CT.1 OR CU.1 OR CV.1 OR CV.2 OR CW.1 OR CY.1 OR CZ.1 OR DA.1 OR DB.1 OR DB.2 OR DC.1 OR DD.1 OR DE.1 OR DE.2 OR DF.1 OR DF.1.1 OR DG.1 OR DH.1 OR DJ.1 OR DJ.1.1 OR DJ.1.2 OR DJ.1.3 OR DK.1 OR DL.1 OR DM.1 OR DN.1 OR DN.1.1 OR DP.1 OR DQ.1 OR DR.1 OR DS.1 OR DT.1 OR DU.1 OR DV.1,Omicron,6.21428571428571,6.14285714285714,0.988505747126437
2022-02-04,18,18,9.28571428571429,9.28571428571429,1,0.762389901367097,0.999946935946581,B.1.1.529 OR BA.1 OR BA.1.1 OR BA.1.1.1 OR BA.1.1.2 OR BA.1.1.3 OR BA.1.1.4 OR BA.1.1.5 OR BA.1.1.6 OR BA.1.1.7 OR BA.1.1.8 OR BA.1.1.9 OR BA.1.1.10 OR BA.1.1.11 OR BA.1.1.12 OR BA.1.1.13 OR BA.1.1.14 OR BA.1.1.15 OR BA.1.1.16 OR BA.1.1.17 OR BA.1.1.18 OR BA.1.2 OR BA.1.3 OR BA.1.4 OR BA.1.5 OR BA.1.6 OR BA.1.7 OR BA.1.8 OR BA.1.9 OR BA.1.10 OR BA.1.12 OR BA.1.13 OR BA.1.13.1 OR BA.1.14 OR BA.1.14.1 OR BA.1.14.2 OR BA.1.15 OR BA.1.15.1 OR BA.1.15.2 OR BA.1.15.3 OR BA.1.16 OR BA.1.16.1 OR BA.1.16.2 OR BA.1.17 OR BA.1.17.1 OR BA.1.17.2 OR BA.1.18 OR BA.1.19 OR BA.1.20 OR BA.1.21 OR BA.1.21.1 OR BA.1.22 OR BA.1.23 OR BA.1.24 OR BA.2 OR BA.2.1 OR BA.2.2 OR BA.2.2.1 OR BA.2.3 OR BA.2.3.1 OR BA.2.3.2 OR BA.2.3.4 OR BA.2.3.5 OR BA.2.3.6 OR BA.2.3.7 OR BA.2.3.8 OR BA.2.3.9 OR BA.2.3.10 OR BA.2.3.11 OR BA.2.3.12 OR BA.2.3.13 OR BA.2.3.14 OR BA.2.3.15 OR BA.2.3.16 OR BA.2.3.17 OR BA.2.3.18 OR BA.2.3.19 OR BA.2.3.20 OR BA.2.3.21 OR BA.2.3.22 OR BA.2.4 OR BA.2.5 OR BA.2.6 OR BA.2.7 OR BA.2.8 OR BA.2.9 OR BA.2.9.1 OR BA.2.9.2 OR BA.2.9.3 OR BA.2.9.4 OR BA.2.9.5 OR BA.2.9.6 OR BA.2.9.7 OR BA.2.10 OR BA.2.10.1 OR BA.2.10.2 OR BA.2.10.3 OR BA.2.10.4 OR BA.2.11 OR BA.2.12 OR BA.2.12.1 OR BA.2.12.2 OR BA.2.13 OR BA.2.13.1 OR BA.2.14 OR BA.2.15 OR BA.2.16 OR BA.2.17 OR BA.2.18 OR BA.2.19 OR BA.2.20 OR BA.2.21 OR BA.2.22 OR BA.2.23 OR BA.2.23.1 OR BA.2.24 OR BA.2.25 OR BA.2.25.1 OR BA.2.26 OR BA.2.27 OR BA.2.28 OR BA.2.29 OR BA.2.30 OR BA.2.31 OR BA.2.31.1 OR BA.2.32 OR BA.2.33 OR BA.2.34 OR BA.2.35 OR BA.2.36 OR BA.2.37 OR BA.2.38 OR BA.2.38.1 OR BA.2.38.2 OR BA.2.38.3 OR BA.2.38.4 OR BA.2.39 OR BA.2.40 OR BA.2.40.1 OR BA.2.41 OR BA.2.42 OR BA.2.43 OR BA.2.44 OR BA.2.45 OR BA.2.46 OR BA.2.47 OR BA.2.48 OR BA.2.49 OR BA.2.50 OR BA.2.51 OR BA.2.52 OR BA.2.53 OR BA.2.54 OR BA.2.55 OR BA.2.56 OR BA.2.56.1 OR BA.2.57 OR BA.2.58 OR BA.2.59 OR BA.2.60 OR BA.2.61 OR BA.2.62 OR BA.2.63 OR BA.2.64 OR BA.2.65 OR BA.2.66 OR BA.2.67 OR BA.2.68 OR BA.2.69 OR BA.2.70 OR BA.2.71 OR BA.2.72 OR BA.2.73 OR BA.2.74 OR BA.2.75 OR BA.2.75.1 OR BA.2.75.2 OR BA.2.75.3 OR BA.2.75.4 OR BA.2.75.5 OR BA.2.75.6 OR BA.2.75.7 OR BA.2.75.8 OR BA.2.75.9 OR BA.2.75.10 OR BA.2.76 OR BA.2.76.1 OR BA.2.76.2 OR BA.2.77 OR BA.2.78 OR BA.2.79 OR BA.2.79.1 OR BA.2.80 OR BA.2.81 OR BA.2.82 OR BA.2.83 OR BA.2.85 OR BA.3 OR BA.3.1 OR BA.4 OR BA.4.1 OR BA.4.1.1 OR BA.4.1.2 OR BA.4.1.3 OR BA.4.1.4 OR BA.4.1.5 OR BA.4.1.6 OR BA.4.1.7 OR BA.4.1.8 OR BA.4.1.9 OR BA.4.1.10 OR BA.4.2 OR BA.4.3 OR BA.4.4 OR BA.4.5 OR BA.4.6 OR BA.4.6.1 OR BA.4.6.2 OR BA.4.6.3 OR BA.4.6.4 OR BA.4.6.5 OR BA.4.7 OR BA.4.8 OR BA.5 OR BA.5.1 OR BA.5.1.1 OR BA.5.1.2 OR BA.5.1.3 OR BA.5.1.4 OR BA.5.1.5 OR BA.5.1.6 OR BA.5.1.7 OR BA.5.1.8 OR BA.5.1.9 OR BA.5.1.10 OR BA.5.1.11 OR BA.5.1.12 OR BA.5.1.14 OR BA.5.1.15 OR BA.5.1.16 OR BA.5.1.17 OR BA.5.1.18 OR BA.5.1.19 OR BA.5.1.20 OR BA.5.1.21 OR BA.5.1.22 OR BA.5.1.23 OR BA.5.1.24 OR BA.5.1.25 OR BA.5.1.26 OR BA.5.1.27 OR BA.5.1.28 OR BA.5.1.29 OR BA.5.1.30 OR BA.5.1.31 OR BA.5.1.32 OR BA.5.2 OR BA.5.2.1 OR BA.5.2.2 OR BA.5.2.3 OR BA.5.2.4 OR BA.5.2.5 OR BA.5.2.6 OR BA.5.2.7 OR BA.5.2.8 OR BA.5.2.9 OR BA.5.2.10 OR BA.5.2.11 OR BA.5.2.12 OR BA.5.2.13 OR BA.5.2.14 OR BA.5.2.16 OR BA.5.2.18 OR BA.5.2.19 OR BA.5.2.20 OR BA.5.2.21 OR BA.5.2.22 OR BA.5.2.23 OR BA.5.2.24 OR BA.5.2.25 OR BA.5.2.26 OR BA.5.2.27 OR BA.5.2.28 OR BA.5.2.29 OR BA.5.2.30 OR BA.5.2.31 OR BA.5.2.32 OR BA.5.2.33 OR BA.5.2.34 OR BA.5.2.35 OR BA.5.2.36 OR BA.5.2.37 OR BA.5.2.38 OR BA.5.2.39 OR BA.5.2.40 OR BA.5.2.41 OR BA.5.2.42 OR BA.5.2.43 OR BA.5.2.44 OR BA.5.2.45 OR BA.5.2.46 OR BA.5.2.47 OR BA.5.2.48 OR BA.5.2.49 OR BA.5.3 OR BA.5.3.1 OR BA.5.3.2 OR BA.5.3.3 OR BA.5.3.4 OR BA.5.3.5 OR BA.5.5 OR BA.5.5.1 OR BA.5.5.2 OR BA.5.5.3 OR BA.5.6 OR BA.5.6.1 OR BA.5.6.2 OR BA.5.6.3 OR BA.5.6.4 OR BA.5.7 OR BA.5.8 OR BA.5.9 OR BA.5.10 OR BA.5.10.1 OR BA.5.11 OR BC.1 OR BC.2 OR BD.1 OR BE.1 OR BE.1.1 OR BE.1.1.1 OR BE.1.1.2 OR BE.1.2 OR BE.1.2.1 OR BE.1.3 OR BE.1.4 OR BE.1.4.1 OR BE.1.4.2 OR BE.1.4.3 OR BE.1.4.4 OR BE.2 OR BE.3 OR BE.4 OR BE.4.1 OR BE.4.1.1 OR BE.4.2 OR BE.5 OR BE.6 OR BE.7 OR BE.8 OR BE.9 OR BE.10 OR BF.1 OR BF.1.1 OR BF.2 OR BF.3 OR BF.3.1 OR BF.4 OR BF.5 OR BF.5.1 OR BF.5.2 OR BF.6 OR BF.7 OR BF.7.1 OR BF.7.2 OR BF.7.3 OR BF.7.4 OR BF.7.4.1 OR BF.7.4.2 OR BF.7.5 OR BF.7.5.1 OR BF.7.6 OR BF.7.7 OR BF.7.8 OR BF.7.9 OR BF.7.10 OR BF.7.11 OR BF.7.12 OR BF.7.13 OR BF.7.13.1 OR BF.7.13.2 OR BF.7.14 OR BF.7.15 OR BF.8 OR BF.9 OR BF.10 OR BF.10.1 OR BF.11 OR BF.11.1 OR BF.11.2 OR BF.11.3 OR BF.11.4 OR BF.11.5 OR BF.12 OR BF.13 OR BF.14 OR BF.15 OR BF.16 OR BF.17 OR BF.18 OR BF.19 OR BF.20 OR BF.21 OR BF.22 OR BF.23 OR BF.24 OR BF.25 OR BF.26 OR BF.27 OR BF.28 OR BF.29 OR BF.30 OR BF.31 OR BF.31.1 OR BF.32 OR BF.33 OR BF.34 OR BG.1 OR BG.2 OR BG.3 OR BG.4 OR BG.5 OR BG.6 OR BG.7 OR BH.1 OR BJ.1 OR BK.1 OR BL.1 OR BL.1.1 OR BL.1.2 OR BL.1.3 OR BL.1.4 OR BL.2 OR BL.2.1 OR BL.3 OR BL.4 OR BL.5 OR BL.6 OR BM.1 OR BM.1.1 OR BM.1.1.1 OR BM.1.1.2 OR BM.1.1.3 OR BM.1.1.4 OR BM.1.1.5 OR BM.2 OR BM.2.1 OR BM.2.2 OR BM.2.3 OR BM.3 OR BM.4 OR BM.4.1 OR BM.4.1.1 OR BM.5 OR BM.6 OR BN.1 OR BN.1.1 OR BN.1.1.1 OR BN.1.2 OR BN.1.2.1 OR BN.1.3 OR BN.1.3.1 OR BN.1.3.2 OR BN.1.3.3 OR BN.1.3.4 OR BN.1.4 OR BN.1.4.1 OR BN.1.5 OR BN.1.5.1 OR BN.1.6 OR BN.1.7 OR BN.1.8 OR BN.1.9 OR BN.2 OR BN.2.1 OR BN.3 OR BN.3.1 OR BN.4 OR BN.5 OR BN.6 OR BP.1 OR BQ.1 OR BQ.1.1 OR BQ.1.1.1 OR BQ.1.1.2 OR BQ.1.1.3 OR BQ.1.1.4 OR BQ.1.1.5 OR BQ.1.1.6 OR BQ.1.1.7 OR BQ.1.1.8 OR BQ.1.1.9 OR BQ.1.1.10 OR BQ.1.1.11 OR BQ.1.1.12 OR BQ.1.1.13 OR BQ.1.1.14 OR BQ.1.1.15 OR BQ.1.1.16 OR BQ.1.1.17 OR BQ.1.1.18 OR BQ.1.1.19 OR BQ.1.1.20 OR BQ.1.1.21 OR BQ.1.1.22 OR BQ.1.1.23 OR BQ.1.1.24 OR BQ.1.1.25 OR BQ.1.1.26 OR BQ.1.1.27 OR BQ.1.1.28 OR BQ.1.1.29 OR BQ.1.1.30 OR BQ.1.1.31 OR BQ.1.1.32 OR BQ.1.1.34 OR BQ.1.1.35 OR BQ.1.1.36 OR BQ.1.2 OR BQ.1.3 OR BQ.1.4 OR BQ.1.5 OR BQ.1.6 OR BQ.1.7 OR BQ.1.8 OR BQ.1.8.1 OR BQ.1.8.2 OR BQ.1.9 OR BQ.1.10 OR BQ.1.10.1 OR BQ.1.11 OR BQ.1.12 OR BQ.1.13 OR BQ.1.13.1 OR BQ.1.14 OR BQ.1.15 OR BQ.1.16 OR BQ.1.17 OR BQ.1.18 OR BQ.1.19 OR BQ.1.20 OR BQ.1.21 OR BQ.1.22 OR BQ.1.23 OR BQ.1.24 OR BQ.1.25 OR BQ.1.25.1 OR BQ.1.26 OR BQ.1.26.1 OR BQ.1.27 OR BQ.1.28 OR BQ.2 OR BR.1 OR BR.1.1 OR BR.1.2 OR BR.2 OR BR.2.1 OR BR.3 OR BR.4 OR BS.1 OR BS.1.1 OR BS.1.2 OR BT.1 OR BT.2 OR BU.1 OR BU.2 OR BU.3 OR BV.1 OR BV.2 OR BW.1 OR BW.1.1 OR BY.1 OR BY.1.1 OR BY.1.1.1 OR BY.1.2 OR BY.1.2.1 OR BZ.1 OR CA.1 OR CA.2 OR CA.3 OR CA.3.1 OR CA.4 OR CA.5 OR CA.6 OR CA.7 OR CB.1 OR CC.1 OR CD.1 OR CD.2 OR CE.1 OR CF.1 OR CG.1 OR CH.1 OR CH.1.1 OR CH.1.1.1 OR CH.1.1.2 OR CH.1.1.3 OR CH.1.1.4 OR CH.1.1.5 OR CH.2 OR CH.3 OR CH.3.1 OR CJ.1 OR CJ.1.1 OR CK.1 OR CK.1.1 OR CK.1.2 OR CK.2 OR CK.2.1 OR CK.2.1.1 OR CK.3 OR CL.1 OR CM.1 OR CM.2 OR CM.2.1 OR CM.3 OR CM.4 OR CM.4.1 OR CM.5 OR CM.5.1 OR CM.5.2 OR CM.6 OR CM.6.1 OR CM.7 OR CM.8 OR CM.8.1 OR CM.9 OR CM.10 OR CM.11 OR CM.12 OR CN.1 OR CN.2 OR CP.1 OR CP.1.1 OR CP.1.2 OR CP.1.3 OR CP.2 OR CP.3 OR CP.4 OR CP.5 OR CP.6 OR CQ.1 OR CQ.1.1 OR CQ.2 OR CR.1 OR CR.1.1 OR CR.1.2 OR CR.1.3 OR CR.2 OR CS.1 OR CT.1 OR CU.1 OR CV.1 OR CV.2 OR CW.1 OR CY.1 OR CZ.1 OR DA.1 OR DB.1 OR DB.2 OR DC.1 OR DD.1 OR DE.1 OR DE.2 OR DF.1 OR DF.1.1 OR DG.1 OR DH.1 OR DJ.1 OR DJ.1.1 OR DJ.1.2 OR DJ.1.3 OR DK.1 OR DL.1 OR DM.1 OR DN.1 OR DN.1.1 OR DP.1 OR DQ.1 OR DR.1 OR DS.1 OR DT.1 OR DU.1 OR DV.1,Omicron,7.21428571428571,7.21428571428571,1
2022-02-05,2,2,9,9,1,0.762389901367097,0.999946935946581,B.1.1.529 OR BA.1 OR BA.1.1 OR BA.1.1.1 OR BA.1.1.2 OR BA.1.1.3 OR BA.1.1.4 OR BA.1.1.5 OR BA.1.1.6 OR BA.1.1.7 OR BA.1.1.8 OR BA.1.1.9 OR BA.1.1.10 OR BA.1.1.11 OR BA.1.1.12 OR BA.1.1.13 OR BA.1.1.14 OR BA.1.1.15 OR BA.1.1.16 OR BA.1.1.17 OR BA.1.1.18 OR BA.1.2 OR BA.1.3 OR BA.1.4 OR BA.1.5 OR BA.1.6 OR BA.1.7 OR BA.1.8 OR BA.1.9 OR BA.1.10 OR BA.1.12 OR BA.1.13 OR BA.1.13.1 OR BA.1.14 OR BA.1.14.1 OR BA.1.14.2 OR BA.1.15 OR BA.1.15.1 OR BA.1.15.2 OR BA.1.15.3 OR BA.1.16 OR BA.1.16.1 OR BA.1.16.2 OR BA.1.17 OR BA.1.17.1 OR BA.1.17.2 OR BA.1.18 OR BA.1.19 OR BA.1.20 OR BA.1.21 OR BA.1.21.1 OR BA.1.22 OR BA.1.23 OR BA.1.24 OR BA.2 OR BA.2.1 OR BA.2.2 OR BA.2.2.1 OR BA.2.3 OR BA.2.3.1 OR BA.2.3.2 OR BA.2.3.4 OR BA.2.3.5 OR BA.2.3.6 OR BA.2.3.7 OR BA.2.3.8 OR BA.2.3.9 OR BA.2.3.10 OR BA.2.3.11 OR BA.2.3.12 OR BA.2.3.13 OR BA.2.3.14 OR BA.2.3.15 OR BA.2.3.16 OR BA.2.3.17 OR BA.2.3.18 OR BA.2.3.19 OR BA.2.3.20 OR BA.2.3.21 OR BA.2.3.22 OR BA.2.4 OR BA.2.5 OR BA.2.6 OR BA.2.7 OR BA.2.8 OR BA.2.9 OR BA.2.9.1 OR BA.2.9.2 OR BA.2.9.3 OR BA.2.9.4 OR BA.2.9.5 OR BA.2.9.6 OR BA.2.9.7 OR BA.2.10 OR BA.2.10.1 OR BA.2.10.2 OR BA.2.10.3 OR BA.2.10.4 OR BA.2.11 OR BA.2.12 OR BA.2.12.1 OR BA.2.12.2 OR BA.2.13 OR BA.2.13.1 OR BA.2.14 OR BA.2.15 OR BA.2.16 OR BA.2.17 OR BA.2.18 OR BA.2.19 OR BA.2.20 OR BA.2.21 OR BA.2.22 OR BA.2.23 OR BA.2.23.1 OR BA.2.24 OR BA.2.25 OR BA.2.25.1 OR BA.2.26 OR BA.2.27 OR BA.2.28 OR BA.2.29 OR BA.2.30 OR BA.2.31 OR BA.2.31.1 OR BA.2.32 OR BA.2.33 OR BA.2.34 OR BA.2.35 OR BA.2.36 OR BA.2.37 OR BA.2.38 OR BA.2.38.1 OR BA.2.38.2 OR BA.2.38.3 OR BA.2.38.4 OR BA.2.39 OR BA.2.40 OR BA.2.40.1 OR BA.2.41 OR BA.2.42 OR BA.2.43 OR BA.2.44 OR BA.2.45 OR BA.2.46 OR BA.2.47 OR BA.2.48 OR BA.2.49 OR BA.2.50 OR BA.2.51 OR BA.2.52 OR BA.2.53 OR BA.2.54 OR BA.2.55 OR BA.2.56 OR BA.2.56.1 OR BA.2.57 OR BA.2.58 OR BA.2.59 OR BA.2.60 OR BA.2.61 OR BA.2.62 OR BA.2.63 OR BA.2.64 OR BA.2.65 OR BA.2.66 OR BA.2.67 OR BA.2.68 OR BA.2.69 OR BA.2.70 OR BA.2.71 OR BA.2.72 OR BA.2.73 OR BA.2.74 OR BA.2.75 OR BA.2.75.1 OR BA.2.75.2 OR BA.2.75.3 OR BA.2.75.4 OR BA.2.75.5 OR BA.2.75.6 OR BA.2.75.7 OR BA.2.75.8 OR BA.2.75.9 OR BA.2.75.10 OR BA.2.76 OR BA.2.76.1 OR BA.2.76.2 OR BA.2.77 OR BA.2.78 OR BA.2.79 OR BA.2.79.1 OR BA.2.80 OR BA.2.81 OR BA.2.82 OR BA.2.83 OR BA.2.85 OR BA.3 OR BA.3.1 OR BA.4 OR BA.4.1 OR BA.4.1.1 OR BA.4.1.2 OR BA.4.1.3 OR BA.4.1.4 OR BA.4.1.5 OR BA.4.1.6 OR BA.4.1.7 OR BA.4.1.8 OR BA.4.1.9 OR BA.4.1.10 OR BA.4.2 OR BA.4.3 OR BA.4.4 OR BA.4.5 OR BA.4.6 OR BA.4.6.1 OR BA.4.6.2 OR BA.4.6.3 OR BA.4.6.4 OR BA.4.6.5 OR BA.4.7 OR BA.4.8 OR BA.5 OR BA.5.1 OR BA.5.1.1 OR BA.5.1.2 OR BA.5.1.3 OR BA.5.1.4 OR BA.5.1.5 OR BA.5.1.6 OR BA.5.1.7 OR BA.5.1.8 OR BA.5.1.9 OR BA.5.1.10 OR BA.5.1.11 OR BA.5.1.12 OR BA.5.1.14 OR BA.5.1.15 OR BA.5.1.16 OR BA.5.1.17 OR BA.5.1.18 OR BA.5.1.19 OR BA.5.1.20 OR BA.5.1.21 OR BA.5.1.22 OR BA.5.1.23 OR BA.5.1.24 OR BA.5.1.25 OR BA.5.1.26 OR BA.5.1.27 OR BA.5.1.28 OR BA.5.1.29 OR BA.5.1.30 OR BA.5.1.31 OR BA.5.1.32 OR BA.5.2 OR BA.5.2.1 OR BA.5.2.2 OR BA.5.2.3 OR BA.5.2.4 OR BA.5.2.5 OR BA.5.2.6 OR BA.5.2.7 OR BA.5.2.8 OR BA.5.2.9 OR BA.5.2.10 OR BA.5.2.11 OR BA.5.2.12 OR BA.5.2.13 OR BA.5.2.14 OR BA.5.2.16 OR BA.5.2.18 OR BA.5.2.19 OR BA.5.2.20 OR BA.5.2.21 OR BA.5.2.22 OR BA.5.2.23 OR BA.5.2.24 OR BA.5.2.25 OR BA.5.2.26 OR BA.5.2.27 OR BA.5.2.28 OR BA.5.2.29 OR BA.5.2.30 OR BA.5.2.31 OR BA.5.2.32 OR BA.5.2.33 OR BA.5.2.34 OR BA.5.2.35 OR BA.5.2.36 OR BA.5.2.37 OR BA.5.2.38 OR BA.5.2.39 OR BA.5.2.40 OR BA.5.2.41 OR BA.5.2.42 OR BA.5.2.43 OR BA.5.2.44 OR BA.5.2.45 OR BA.5.2.46 OR BA.5.2.47 OR BA.5.2.48 OR BA.5.2.49 OR BA.5.3 OR BA.5.3.1 OR BA.5.3.2 OR BA.5.3.3 OR BA.5.3.4 OR BA.5.3.5 OR BA.5.5 OR BA.5.5.1 OR BA.5.5.2 OR BA.5.5.3 OR BA.5.6 OR BA.5.6.1 OR BA.5.6.2 OR BA.5.6.3 OR BA.5.6.4 OR BA.5.7 OR BA.5.8 OR BA.5.9 OR BA.5.10 OR BA.5.10.1 OR BA.5.11 OR BC.1 OR BC.2 OR BD.1 OR BE.1 OR BE.1.1 OR BE.1.1.1 OR BE.1.1.2 OR BE.1.2 OR BE.1.2.1 OR BE.1.3 OR BE.1.4 OR BE.1.4.1 OR BE.1.4.2 OR BE.1.4.3 OR BE.1.4.4 OR BE.2 OR BE.3 OR BE.4 OR BE.4.1 OR BE.4.1.1 OR BE.4.2 OR BE.5 OR BE.6 OR BE.7 OR BE.8 OR BE.9 OR BE.10 OR BF.1 OR BF.1.1 OR BF.2 OR BF.3 OR BF.3.1 OR BF.4 OR BF.5 OR BF.5.1 OR BF.5.2 OR BF.6 OR BF.7 OR BF.7.1 OR BF.7.2 OR BF.7.3 OR BF.7.4 OR BF.7.4.1 OR BF.7.4.2 OR BF.7.5 OR BF.7.5.1 OR BF.7.6 OR BF.7.7 OR BF.7.8 OR BF.7.9 OR BF.7.10 OR BF.7.11 OR BF.7.12 OR BF.7.13 OR BF.7.13.1 OR BF.7.13.2 OR BF.7.14 OR BF.7.15 OR BF.8 OR BF.9 OR BF.10 OR BF.10.1 OR BF.11 OR BF.11.1 OR BF.11.2 OR BF.11.3 OR BF.11.4 OR BF.11.5 OR BF.12 OR BF.13 OR BF.14 OR BF.15 OR BF.16 OR BF.17 OR BF.18 OR BF.19 OR BF.20 OR BF.21 OR BF.22 OR BF.23 OR BF.24 OR BF.25 OR BF.26 OR BF.27 OR BF.28 OR BF.29 OR BF.30 OR BF.31 OR BF.31.1 OR BF.32 OR BF.33 OR BF.34 OR BG.1 OR BG.2 OR BG.3 OR BG.4 OR BG.5 OR BG.6 OR BG.7 OR BH.1 OR BJ.1 OR BK.1 OR BL.1 OR BL.1.1 OR BL.1.2 OR BL.1.3 OR BL.1.4 OR BL.2 OR BL.2.1 OR BL.3 OR BL.4 OR BL.5 OR BL.6 OR BM.1 OR BM.1.1 OR BM.1.1.1 OR BM.1.1.2 OR BM.1.1.3 OR BM.1.1.4 OR BM.1.1.5 OR BM.2 OR BM.2.1 OR BM.2.2 OR BM.2.3 OR BM.3 OR BM.4 OR BM.4.1 OR BM.4.1.1 OR BM.5 OR BM.6 OR BN.1 OR BN.1.1 OR BN.1.1.1 OR BN.1.2 OR BN.1.2.1 OR BN.1.3 OR BN.1.3.1 OR BN.1.3.2 OR BN.1.3.3 OR BN.1.3.4 OR BN.1.4 OR BN.1.4.1 OR BN.1.5 OR BN.1.5.1 OR BN.1.6 OR BN.1.7 OR BN.1.8 OR BN.1.9 OR BN.2 OR BN.2.1 OR BN.3 OR BN.3.1 OR BN.4 OR BN.5 OR BN.6 OR BP.1 OR BQ.1 OR BQ.1.1 OR BQ.1.1.1 OR BQ.1.1.2 OR BQ.1.1.3 OR BQ.1.1.4 OR BQ.1.1.5 OR BQ.1.1.6 OR BQ.1.1.7 OR BQ.1.1.8 OR BQ.1.1.9 OR BQ.1.1.10 OR BQ.1.1.11 OR BQ.1.1.12 OR BQ.1.1.13 OR BQ.1.1.14 OR BQ.1.1.15 OR BQ.1.1.16 OR BQ.1.1.17 OR BQ.1.1.18 OR BQ.1.1.19 OR BQ.1.1.20 OR BQ.1.1.21 OR BQ.1.1.22 OR BQ.1.1.23 OR BQ.1.1.24 OR BQ.1.1.25 OR BQ.1.1.26 OR BQ.1.1.27 OR BQ.1.1.28 OR BQ.1.1.29 OR BQ.1.1.30 OR BQ.1.1.31 OR BQ.1.1.32 OR BQ.1.1.34 OR BQ.1.1.35 OR BQ.1.1.36 OR BQ.1.2 OR BQ.1.3 OR BQ.1.4 OR BQ.1.5 OR BQ.1.6 OR BQ.1.7 OR BQ.1.8 OR BQ.1.8.1 OR BQ.1.8.2 OR BQ.1.9 OR BQ.1.10 OR BQ.1.10.1 OR BQ.1.11 OR BQ.1.12 OR BQ.1.13 OR BQ.1.13.1 OR BQ.1.14 OR BQ.1.15 OR BQ.1.16 OR BQ.1.17 OR BQ.1.18 OR BQ.1.19 OR BQ.1.20 OR BQ.1.21 OR BQ.1.22 OR BQ.1.23 OR BQ.1.24 OR BQ.1.25 OR BQ.1.25.1 OR BQ.1.26 OR BQ.1.26.1 OR BQ.1.27 OR BQ.1.28 OR BQ.2 OR BR.1 OR BR.1.1 OR BR.1.2 OR BR.2 OR BR.2.1 OR BR.3 OR BR.4 OR BS.1 OR BS.1.1 OR BS.1.2 OR BT.1 OR BT.2 OR BU.1 OR BU.2 OR BU.3 OR BV.1 OR BV.2 OR BW.1 OR BW.1.1 OR BY.1 OR BY.1.1 OR BY.1.1.1 OR BY.1.2 OR BY.1.2.1 OR BZ.1 OR CA.1 OR CA.2 OR CA.3 OR CA.3.1 OR CA.4 OR CA.5 OR CA.6 OR CA.7 OR CB.1 OR CC.1 OR CD.1 OR CD.2 OR CE.1 OR CF.1 OR CG.1 OR CH.1 OR CH.1.1 OR CH.1.1.1 OR CH.1.1.2 OR CH.1.1.3 OR CH.1.1.4 OR CH.1.1.5 OR CH.2 OR CH.3 OR CH.3.1 OR CJ.1 OR CJ.1.1 OR CK.1 OR CK.1.1 OR CK.1.2 OR CK.2 OR CK.2.1 OR CK.2.1.1 OR CK.3 OR CL.1 OR CM.1 OR CM.2 OR CM.2.1 OR CM.3 OR CM.4 OR CM.4.1 OR CM.5 OR CM.5.1 OR CM.5.2 OR CM.6 OR CM.6.1 OR CM.7 OR CM.8 OR CM.8.1 OR CM.9 OR CM.10 OR CM.11 OR CM.12 OR CN.1 OR CN.2 OR CP.1 OR CP.1.1 OR CP.1.2 OR CP.1.3 OR CP.2 OR CP.3 OR CP.4 OR CP.5 OR CP.6 OR CQ.1 OR CQ.1.1 OR CQ.2 OR CR.1 OR CR.1.1 OR CR.1.2 OR CR.1.3 OR CR.2 OR CS.1 OR CT.1 OR CU.1 OR CV.1 OR CV.2 OR CW.1 OR CY.1 OR CZ.1 OR DA.1 OR DB.1 OR DB.2 OR DC.1 OR DD.1 OR DE.1 OR DE.2 OR DF.1 OR DF.1.1 OR DG.1 OR DH.1 OR DJ.1 OR DJ.1.1 OR DJ.1.2 OR DJ.1.3 OR DK.1 OR DL.1 OR DM.1 OR DN.1 OR DN.1.1 OR DP.1 OR DQ.1 OR DR.1 OR DS.1 OR DT.1 OR DU.1 OR DV.1,Omicron,7.14285714285714,7.14285714285714,1
2022-02-07,6,6,9.5,9.5,1,0.78280373249079,0.999952109566842,B.1.1.529 OR BA.1 OR BA.1.1 OR BA.1.1.1 OR BA.1.1.2 OR BA.1.1.3 OR BA.1.1.4 OR BA.1.1.5 OR BA.1.1.6 OR BA.1.1.7 OR BA.1.1.8 OR BA.1.1.9 OR BA.1.1.10 OR BA.1.1.11 OR BA.1.1.12 OR BA.1.1.13 OR BA.1.1.14 OR BA.1.1.15 OR BA.1.1.16 OR BA.1.1.17 OR BA.1.1.18 OR BA.1.2 OR BA.1.3 OR BA.1.4 OR BA.1.5 OR BA.1.6 OR BA.1.7 OR BA.1.8 OR BA.1.9 OR BA.1.10 OR BA.1.12 OR BA.1.13 OR BA.1.13.1 OR BA.1.14 OR BA.1.14.1 OR BA.1.14.2 OR BA.1.15 OR BA.1.15.1 OR BA.1.15.2 OR BA.1.15.3 OR BA.1.16 OR BA.1.16.1 OR BA.1.16.2 OR BA.1.17 OR BA.1.17.1 OR BA.1.17.2 OR BA.1.18 OR BA.1.19 OR BA.1.20 OR BA.1.21 OR BA.1.21.1 OR BA.1.22 OR BA.1.23 OR BA.1.24 OR BA.2 OR BA.2.1 OR BA.2.2 OR BA.2.2.1 OR BA.2.3 OR BA.2.3.1 OR BA.2.3.2 OR BA.2.3.4 OR BA.2.3.5 OR BA.2.3.6 OR BA.2.3.7 OR BA.2.3.8 OR BA.2.3.9 OR BA.2.3.10 OR BA.2.3.11 OR BA.2.3.12 OR BA.2.3.13 OR BA.2.3.14 OR BA.2.3.15 OR BA.2.3.16 OR BA.2.3.17 OR BA.2.3.18 OR BA.2.3.19 OR BA.2.3.20 OR BA.2.3.21 OR BA.2.3.22 OR BA.2.4 OR BA.2.5 OR BA.2.6 OR BA.2.7 OR BA.2.8 OR BA.2.9 OR BA.2.9.1 OR BA.2.9.2 OR BA.2.9.3 OR BA.2.9.4 OR BA.2.9.5 OR BA.2.9.6 OR BA.2.9.7 OR BA.2.10 OR BA.2.10.1 OR BA.2.10.2 OR BA.2.10.3 OR BA.2.10.4 OR BA.2.11 OR BA.2.12 OR BA.2.12.1 OR BA.2.12.2 OR BA.2.13 OR BA.2.13.1 OR BA.2.14 OR BA.2.15 OR BA.2.16 OR BA.2.17 OR BA.2.18 OR BA.2.19 OR BA.2.20 OR BA.2.21 OR BA.2.22 OR BA.2.23 OR BA.2.23.1 OR BA.2.24 OR BA.2.25 OR BA.2.25.1 OR BA.2.26 OR BA.2.27 OR BA.2.28 OR BA.2.29 OR BA.2.30 OR BA.2.31 OR BA.2.31.1 OR BA.2.32 OR BA.2.33 OR BA.2.34 OR BA.2.35 OR BA.2.36 OR BA.2.37 OR BA.2.38 OR BA.2.38.1 OR BA.2.38.2 OR BA.2.38.3 OR BA.2.38.4 OR BA.2.39 OR BA.2.40 OR BA.2.40.1 OR BA.2.41 OR BA.2.42 OR BA.2.43 OR BA.2.44 OR BA.2.45 OR BA.2.46 OR BA.2.47 OR BA.2.48 OR BA.2.49 OR BA.2.50 OR BA.2.51 OR BA.2.52 OR BA.2.53 OR BA.2.54 OR BA.2.55 OR BA.2.56 OR BA.2.56.1 OR BA.2.57 OR BA.2.58 OR BA.2.59 OR BA.2.60 OR BA.2.61 OR BA.2.62 OR BA.2.63 OR BA.2.64 OR BA.2.65 OR BA.2.66 OR BA.2.67 OR BA.2.68 OR BA.2.69 OR BA.2.70 OR BA.2.71 OR BA.2.72 OR BA.2.73 OR BA.2.74 OR BA.2.75 OR BA.2.75.1 OR BA.2.75.2 OR BA.2.75.3 OR BA.2.75.4 OR BA.2.75.5 OR BA.2.75.6 OR BA.2.75.7 OR BA.2.75.8 OR BA.2.75.9 OR BA.2.75.10 OR BA.2.76 OR BA.2.76.1 OR BA.2.76.2 OR BA.2.77 OR BA.2.78 OR BA.2.79 OR BA.2.79.1 OR BA.2.80 OR BA.2.81 OR BA.2.82 OR BA.2.83 OR BA.2.85 OR BA.3 OR BA.3.1 OR BA.4 OR BA.4.1 OR BA.4.1.1 OR BA.4.1.2 OR BA.4.1.3 OR BA.4.1.4 OR BA.4.1.5 OR BA.4.1.6 OR BA.4.1.7 OR BA.4.1.8 OR BA.4.1.9 OR BA.4.1.10 OR BA.4.2 OR BA.4.3 OR BA.4.4 OR BA.4.5 OR BA.4.6 OR BA.4.6.1 OR BA.4.6.2 OR BA.4.6.3 OR BA.4.6.4 OR BA.4.6.5 OR BA.4.7 OR BA.4.8 OR BA.5 OR BA.5.1 OR BA.5.1.1 OR BA.5.1.2 OR BA.5.1.3 OR BA.5.1.4 OR BA.5.1.5 OR BA.5.1.6 OR BA.5.1.7 OR BA.5.1.8 OR BA.5.1.9 OR BA.5.1.10 OR BA.5.1.11 OR BA.5.1.12 OR BA.5.1.14 OR BA.5.1.15 OR BA.5.1.16 OR BA.5.1.17 OR BA.5.1.18 OR BA.5.1.19 OR BA.5.1.20 OR BA.5.1.21 OR BA.5.1.22 OR BA.5.1.23 OR BA.5.1.24 OR BA.5.1.25 OR BA.5.1.26 OR BA.5.1.27 OR BA.5.1.28 OR BA.5.1.29 OR BA.5.1.30 OR BA.5.1.31 OR BA.5.1.32 OR BA.5.2 OR BA.5.2.1 OR BA.5.2.2 OR BA.5.2.3 OR BA.5.2.4 OR BA.5.2.5 OR BA.5.2.6 OR BA.5.2.7 OR BA.5.2.8 OR BA.5.2.9 OR BA.5.2.10 OR BA.5.2.11 OR BA.5.2.12 OR BA.5.2.13 OR BA.5.2.14 OR BA.5.2.16 OR BA.5.2.18 OR BA.5.2.19 OR BA.5.2.20 OR BA.5.2.21 OR BA.5.2.22 OR BA.5.2.23 OR BA.5.2.24 OR BA.5.2.25 OR BA.5.2.26 OR BA.5.2.27 OR BA.5.2.28 OR BA.5.2.29 OR BA.5.2.30 OR BA.5.2.31 OR BA.5.2.32 OR BA.5.2.33 OR BA.5.2.34 OR BA.5.2.35 OR BA.5.2.36 OR BA.5.2.37 OR BA.5.2.38 OR BA.5.2.39 OR BA.5.2.40 OR BA.5.2.41 OR BA.5.2.42 OR BA.5.2.43 OR BA.5.2.44 OR BA.5.2.45 OR BA.5.2.46 OR BA.5.2.47 OR BA.5.2.48 OR BA.5.2.49 OR BA.5.3 OR BA.5.3.1 OR BA.5.3.2 OR BA.5.3.3 OR BA.5.3.4 OR BA.5.3.5 OR BA.5.5 OR BA.5.5.1 OR BA.5.5.2 OR BA.5.5.3 OR BA.5.6 OR BA.5.6.1 OR BA.5.6.2 OR BA.5.6.3 OR BA.5.6.4 OR BA.5.7 OR BA.5.8 OR BA.5.9 OR BA.5.10 OR BA.5.10.1 OR BA.5.11 OR BC.1 OR BC.2 OR BD.1 OR BE.1 OR BE.1.1 OR BE.1.1.1 OR BE.1.1.2 OR BE.1.2 OR BE.1.2.1 OR BE.1.3 OR BE.1.4 OR BE.1.4.1 OR BE.1.4.2 OR BE.1.4.3 OR BE.1.4.4 OR BE.2 OR BE.3 OR BE.4 OR BE.4.1 OR BE.4.1.1 OR BE.4.2 OR BE.5 OR BE.6 OR BE.7 OR BE.8 OR BE.9 OR BE.10 OR BF.1 OR BF.1.1 OR BF.2 OR BF.3 OR BF.3.1 OR BF.4 OR BF.5 OR BF.5.1 OR BF.5.2 OR BF.6 OR BF.7 OR BF.7.1 OR BF.7.2 OR BF.7.3 OR BF.7.4 OR BF.7.4.1 OR BF.7.4.2 OR BF.7.5 OR BF.7.5.1 OR BF.7.6 OR BF.7.7 OR BF.7.8 OR BF.7.9 OR BF.7.10 OR BF.7.11 OR BF.7.12 OR BF.7.13 OR BF.7.13.1 OR BF.7.13.2 OR BF.7.14 OR BF.7.15 OR BF.8 OR BF.9 OR BF.10 OR BF.10.1 OR BF.11 OR BF.11.1 OR BF.11.2 OR BF.11.3 OR BF.11.4 OR BF.11.5 OR BF.12 OR BF.13 OR BF.14 OR BF.15 OR BF.16 OR BF.17 OR BF.18 OR BF.19 OR BF.20 OR BF.21 OR BF.22 OR BF.23 OR BF.24 OR BF.25 OR BF.26 OR BF.27 OR BF.28 OR BF.29 OR BF.30 OR BF.31 OR BF.31.1 OR BF.32 OR BF.33 OR BF.34 OR BG.1 OR BG.2 OR BG.3 OR BG.4 OR BG.5 OR BG.6 OR BG.7 OR BH.1 OR BJ.1 OR BK.1 OR BL.1 OR BL.1.1 OR BL.1.2 OR BL.1.3 OR BL.1.4 OR BL.2 OR BL.2.1 OR BL.3 OR BL.4 OR BL.5 OR BL.6 OR BM.1 OR BM.1.1 OR BM.1.1.1 OR BM.1.1.2 OR BM.1.1.3 OR BM.1.1.4 OR BM.1.1.5 OR BM.2 OR BM.2.1 OR BM.2.2 OR BM.2.3 OR BM.3 OR BM.4 OR BM.4.1 OR BM.4.1.1 OR BM.5 OR BM.6 OR BN.1 OR BN.1.1 OR BN.1.1.1 OR BN.1.2 OR BN.1.2.1 OR BN.1.3 OR BN.1.3.1 OR BN.1.3.2 OR BN.1.3.3 OR BN.1.3.4 OR BN.1.4 OR BN.1.4.1 OR BN.1.5 OR BN.1.5.1 OR BN.1.6 OR BN.1.7 OR BN.1.8 OR BN.1.9 OR BN.2 OR BN.2.1 OR BN.3 OR BN.3.1 OR BN.4 OR BN.5 OR BN.6 OR BP.1 OR BQ.1 OR BQ.1.1 OR BQ.1.1.1 OR BQ.1.1.2 OR BQ.1.1.3 OR BQ.1.1.4 OR BQ.1.1.5 OR BQ.1.1.6 OR BQ.1.1.7 OR BQ.1.1.8 OR BQ.1.1.9 OR BQ.1.1.10 OR BQ.1.1.11 OR BQ.1.1.12 OR BQ.1.1.13 OR BQ.1.1.14 OR BQ.1.1.15 OR BQ.1.1.16 OR BQ.1.1.17 OR BQ.1.1.18 OR BQ.1.1.19 OR BQ.1.1.20 OR BQ.1.1.21 OR BQ.1.1.22 OR BQ.1.1.23 OR BQ.1.1.24 OR BQ.1.1.25 OR BQ.1.1.26 OR BQ.1.1.27 OR BQ.1.1.28 OR BQ.1.1.29 OR BQ.1.1.30 OR BQ.1.1.31 OR BQ.1.1.32 OR BQ.1.1.34 OR BQ.1.1.35 OR BQ.1.1.36 OR BQ.1.2 OR BQ.1.3 OR BQ.1.4 OR BQ.1.5 OR BQ.1.6 OR BQ.1.7 OR BQ.1.8 OR BQ.1.8.1 OR BQ.1.8.2 OR BQ.1.9 OR BQ.1.10 OR BQ.1.10.1 OR BQ.1.11 OR BQ.1.12 OR BQ.1.13 OR BQ.1.13.1 OR BQ.1.14 OR BQ.1.15 OR BQ.1.16 OR BQ.1.17 OR BQ.1.18 OR BQ.1.19 OR BQ.1.20 OR BQ.1.21 OR BQ.1.22 OR BQ.1.23 OR BQ.1.24 OR BQ.1.25 OR BQ.1.25.1 OR BQ.1.26 OR BQ.1.26.1 OR BQ.1.27 OR BQ.1.28 OR BQ.2 OR BR.1 OR BR.1.1 OR BR.1.2 OR BR.2 OR BR.2.1 OR BR.3 OR BR.4 OR BS.1 OR BS.1.1 OR BS.1.2 OR BT.1 OR BT.2 OR BU.1 OR BU.2 OR BU.3 OR BV.1 OR BV.2 OR BW.1 OR BW.1.1 OR BY.1 OR BY.1.1 OR BY.1.1.1 OR BY.1.2 OR BY.1.2.1 OR BZ.1 OR CA.1 OR CA.2 OR CA.3 OR CA.3.1 OR CA.4 OR CA.5 OR CA.6 OR CA.7 OR CB.1 OR CC.1 OR CD.1 OR CD.2 OR CE.1 OR CF.1 OR CG.1 OR CH.1 OR CH.1.1 OR CH.1.1.1 OR CH.1.1.2 OR CH.1.1.3 OR CH.1.1.4 OR CH.1.1.5 OR CH.2 OR CH.3 OR CH.3.1 OR CJ.1 OR CJ.1.1 OR CK.1 OR CK.1.1 OR CK.1.2 OR CK.2 OR CK.2.1 OR CK.2.1.1 OR CK.3 OR CL.1 OR CM.1 OR CM.2 OR CM.2.1 OR CM.3 OR CM.4 OR CM.4.1 OR CM.5 OR CM.5.1 OR CM.5.2 OR CM.6 OR CM.6.1 OR CM.7 OR CM.8 OR CM.8.1 OR CM.9 OR CM.10 OR CM.11 OR CM.12 OR CN.1 OR CN.2 OR CP.1 OR CP.1.1 OR CP.1.2 OR CP.1.3 OR CP.2 OR CP.3 OR CP.4 OR CP.5 OR CP.6 OR CQ.1 OR CQ.1.1 OR CQ.2 OR CR.1 OR CR.1.1 OR CR.1.2 OR CR.1.3 OR CR.2 OR CS.1 OR CT.1 OR CU.1 OR CV.1 OR CV.2 OR CW.1 OR CY.1 OR CZ.1 OR DA.1 OR DB.1 OR DB.2 OR DC.1 OR DD.1 OR DE.1 OR DE.2 OR DF.1 OR DF.1.1 OR DG.1 OR DH.1 OR DJ.1 OR DJ.1.1 OR DJ.1.2 OR DJ.1.3 OR DK.1 OR DL.1 OR DM.1 OR DN.1 OR DN.1.1 OR DP.1 OR DQ.1 OR DR.1 OR DS.1 OR DT.1 OR DU.1 OR DV.1,Omicron,7.5,7.5,1
2022-02-08,8,8,8.16666666666667,8.16666666666667,1,0.737782751282814,0.999940509697106,B.1.1.529 OR BA.1 OR BA.1.1 OR BA.1.1.1 OR BA.1.1.2 OR BA.1.1.3 OR BA.1.1.4 OR BA.1.1.5 OR BA.1.1.6 OR BA.1.1.7 OR BA.1.1.8 OR BA.1.1.9 OR BA.1.1.10 OR BA.1.1.11 OR BA.1.1.12 OR BA.1.1.13 OR BA.1.1.14 OR BA.1.1.15 OR BA.1.1.16 OR BA.1.1.17 OR BA.1.1.18 OR BA.1.2 OR BA.1.3 OR BA.1.4 OR BA.1.5 OR BA.1.6 OR BA.1.7 OR BA.1.8 OR BA.1.9 OR BA.1.10 OR BA.1.12 OR BA.1.13 OR BA.1.13.1 OR BA.1.14 OR BA.1.14.1 OR BA.1.14.2 OR BA.1.15 OR BA.1.15.1 OR BA.1.15.2 OR BA.1.15.3 OR BA.1.16 OR BA.1.16.1 OR BA.1.16.2 OR BA.1.17 OR BA.1.17.1 OR BA.1.17.2 OR BA.1.18 OR BA.1.19 OR BA.1.20 OR BA.1.21 OR BA.1.21.1 OR BA.1.22 OR BA.1.23 OR BA.1.24 OR BA.2 OR BA.2.1 OR BA.2.2 OR BA.2.2.1 OR BA.2.3 OR BA.2.3.1 OR BA.2.3.2 OR BA.2.3.4 OR BA.2.3.5 OR BA.2.3.6 OR BA.2.3.7 OR BA.2.3.8 OR BA.2.3.9 OR BA.2.3.10 OR BA.2.3.11 OR BA.2.3.12 OR BA.2.3.13 OR BA.2.3.14 OR BA.2.3.15 OR BA.2.3.16 OR BA.2.3.17 OR BA.2.3.18 OR BA.2.3.19 OR BA.2.3.20 OR BA.2.3.21 OR BA.2.3.22 OR BA.2.4 OR BA.2.5 OR BA.2.6 OR BA.2.7 OR BA.2.8 OR BA.2.9 OR BA.2.9.1 OR BA.2.9.2 OR BA.2.9.3 OR BA.2.9.4 OR BA.2.9.5 OR BA.2.9.6 OR BA.2.9.7 OR BA.2.10 OR BA.2.10.1 OR BA.2.10.2 OR BA.2.10.3 OR BA.2.10.4 OR BA.2.11 OR BA.2.12 OR BA.2.12.1 OR BA.2.12.2 OR BA.2.13 OR BA.2.13.1 OR BA.2.14 OR BA.2.15 OR BA.2.16 OR BA.2.17 OR BA.2.18 OR BA.2.19 OR BA.2.20 OR BA.2.21 OR BA.2.22 OR BA.2.23 OR BA.2.23.1 OR BA.2.24 OR BA.2.25 OR BA.2.25.1 OR BA.2.26 OR BA.2.27 OR BA.2.28 OR BA.2.29 OR BA.2.30 OR BA.2.31 OR BA.2.31.1 OR BA.2.32 OR BA.2.33 OR BA.2.34 OR BA.2.35 OR BA.2.36 OR BA.2.37 OR BA.2.38 OR BA.2.38.1 OR BA.2.38.2 OR BA.2.38.3 OR BA.2.38.4 OR BA.2.39 OR BA.2.40 OR BA.2.40.1 OR BA.2.41 OR BA.2.42 OR BA.2.43 OR BA.2.44 OR BA.2.45 OR BA.2.46 OR BA.2.47 OR BA.2.48 OR BA.2.49 OR BA.2.50 OR BA.2.51 OR BA.2.52 OR BA.2.53 OR BA.2.54 OR BA.2.55 OR BA.2.56 OR BA.2.56.1 OR BA.2.57 OR BA.2.58 OR BA.2.59 OR BA.2.60 OR BA.2.61 OR BA.2.62 OR BA.2.63 OR BA.2.64 OR BA.2.65 OR BA.2.66 OR BA.2.67 OR BA.2.68 OR BA.2.69 OR BA.2.70 OR BA.2.71 OR BA.2.72 OR BA.2.73 OR BA.2.74 OR BA.2.75 OR BA.2.75.1 OR BA.2.75.2 OR BA.2.75.3 OR BA.2.75.4 OR BA.2.75.5 OR BA.2.75.6 OR BA.2.75.7 OR BA.2.75.8 OR BA.2.75.9 OR BA.2.75.10 OR BA.2.76 OR BA.2.76.1 OR BA.2.76.2 OR BA.2.77 OR BA.2.78 OR BA.2.79 OR BA.2.79.1 OR BA.2.80 OR BA.2.81 OR BA.2.82 OR BA.2.83 OR BA.2.85 OR BA.3 OR BA.3.1 OR BA.4 OR BA.4.1 OR BA.4.1.1 OR BA.4.1.2 OR BA.4.1.3 OR BA.4.1.4 OR BA.4.1.5 OR BA.4.1.6 OR BA.4.1.7 OR BA.4.1.8 OR BA.4.1.9 OR BA.4.1.10 OR BA.4.2 OR BA.4.3 OR BA.4.4 OR BA.4.5 OR BA.4.6 OR BA.4.6.1 OR BA.4.6.2 OR BA.4.6.3 OR BA.4.6.4 OR BA.4.6.5 OR BA.4.7 OR BA.4.8 OR BA.5 OR BA.5.1 OR BA.5.1.1 OR BA.5.1.2 OR BA.5.1.3 OR BA.5.1.4 OR BA.5.1.5 OR BA.5.1.6 OR BA.5.1.7 OR BA.5.1.8 OR BA.5.1.9 OR BA.5.1.10 OR BA.5.1.11 OR BA.5.1.12 OR BA.5.1.14 OR BA.5.1.15 OR BA.5.1.16 OR BA.5.1.17 OR BA.5.1.18 OR BA.5.1.19 OR BA.5.1.20 OR BA.5.1.21 OR BA.5.1.22 OR BA.5.1.23 OR BA.5.1.24 OR BA.5.1.25 OR BA.5.1.26 OR BA.5.1.27 OR BA.5.1.28 OR BA.5.1.29 OR BA.5.1.30 OR BA.5.1.31 OR BA.5.1.32 OR BA.5.2 OR BA.5.2.1 OR BA.5.2.2 OR BA.5.2.3 OR BA.5.2.4 OR BA.5.2.5 OR BA.5.2.6 OR BA.5.2.7 OR BA.5.2.8 OR BA.5.2.9 OR BA.5.2.10 OR BA.5.2.11 OR BA.5.2.12 OR BA.5.2.13 OR BA.5.2.14 OR BA.5.2.16 OR BA.5.2.18 OR BA.5.2.19 OR BA.5.2.20 OR BA.5.2.21 OR BA.5.2.22 OR BA.5.2.23 OR BA.5.2.24 OR BA.5.2.25 OR BA.5.2.26 OR BA.5.2.27 OR BA.5.2.28 OR BA.5.2.29 OR BA.5.2.30 OR BA.5.2.31 OR BA.5.2.32 OR BA.5.2.33 OR BA.5.2.34 OR BA.5.2.35 OR BA.5.2.36 OR BA.5.2.37 OR BA.5.2.38 OR BA.5.2.39 OR BA.5.2.40 OR BA.5.2.41 OR BA.5.2.42 OR BA.5.2.43 OR BA.5.2.44 OR BA.5.2.45 OR BA.5.2.46 OR BA.5.2.47 OR BA.5.2.48 OR BA.5.2.49 OR BA.5.3 OR BA.5.3.1 OR BA.5.3.2 OR BA.5.3.3 OR BA.5.3.4 OR BA.5.3.5 OR BA.5.5 OR BA.5.5.1 OR BA.5.5.2 OR BA.5.5.3 OR BA.5.6 OR BA.5.6.1 OR BA.5.6.2 OR BA.5.6.3 OR BA.5.6.4 OR BA.5.7 OR BA.5.8 OR BA.5.9 OR BA.5.10 OR BA.5.10.1 OR BA.5.11 OR BC.1 OR BC.2 OR BD.1 OR BE.1 OR BE.1.1 OR BE.1.1.1 OR BE.1.1.2 OR BE.1.2 OR BE.1.2.1 OR BE.1.3 OR BE.1.4 OR BE.1.4.1 OR BE.1.4.2 OR BE.1.4.3 OR BE.1.4.4 OR BE.2 OR BE.3 OR BE.4 OR BE.4.1 OR BE.4.1.1 OR BE.4.2 OR BE.5 OR BE.6 OR BE.7 OR BE.8 OR BE.9 OR BE.10 OR BF.1 OR BF.1.1 OR BF.2 OR BF.3 OR BF.3.1 OR BF.4 OR BF.5 OR BF.5.1 OR BF.5.2 OR BF.6 OR BF.7 OR BF.7.1 OR BF.7.2 OR BF.7.3 OR BF.7.4 OR BF.7.4.1 OR BF.7.4.2 OR BF.7.5 OR BF.7.5.1 OR BF.7.6 OR BF.7.7 OR BF.7.8 OR BF.7.9 OR BF.7.10 OR BF.7.11 OR BF.7.12 OR BF.7.13 OR BF.7.13.1 OR BF.7.13.2 OR BF.7.14 OR BF.7.15 OR BF.8 OR BF.9 OR BF.10 OR BF.10.1 OR BF.11 OR BF.11.1 OR BF.11.2 OR BF.11.3 OR BF.11.4 OR BF.11.5 OR BF.12 OR BF.13 OR BF.14 OR BF.15 OR BF.16 OR BF.17 OR BF.18 OR BF.19 OR BF.20 OR BF.21 OR BF.22 OR BF.23 OR BF.24 OR BF.25 OR BF.26 OR BF.27 OR BF.28 OR BF.29 OR BF.30 OR BF.31 OR BF.31.1 OR BF.32 OR BF.33 OR BF.34 OR BG.1 OR BG.2 OR BG.3 OR BG.4 OR BG.5 OR BG.6 OR BG.7 OR BH.1 OR BJ.1 OR BK.1 OR BL.1 OR BL.1.1 OR BL.1.2 OR BL.1.3 OR BL.1.4 OR BL.2 OR BL.2.1 OR BL.3 OR BL.4 OR BL.5 OR BL.6 OR BM.1 OR BM.1.1 OR BM.1.1.1 OR BM.1.1.2 OR BM.1.1.3 OR BM.1.1.4 OR BM.1.1.5 OR BM.2 OR BM.2.1 OR BM.2.2 OR BM.2.3 OR BM.3 OR BM.4 OR BM.4.1 OR BM.4.1.1 OR BM.5 OR BM.6 OR BN.1 OR BN.1.1 OR BN.1.1.1 OR BN.1.2 OR BN.1.2.1 OR BN.1.3 OR BN.1.3.1 OR BN.1.3.2 OR BN.1.3.3 OR BN.1.3.4 OR BN.1.4 OR BN.1.4.1 OR BN.1.5 OR BN.1.5.1 OR BN.1.6 OR BN.1.7 OR BN.1.8 OR BN.1.9 OR BN.2 OR BN.2.1 OR BN.3 OR BN.3.1 OR BN.4 OR BN.5 OR BN.6 OR BP.1 OR BQ.1 OR BQ.1.1 OR BQ.1.1.1 OR BQ.1.1.2 OR BQ.1.1.3 OR BQ.1.1.4 OR BQ.1.1.5 OR BQ.1.1.6 OR BQ.1.1.7 OR BQ.1.1.8 OR BQ.1.1.9 OR BQ.1.1.10 OR BQ.1.1.11 OR BQ.1.1.12 OR BQ.1.1.13 OR BQ.1.1.14 OR BQ.1.1.15 OR BQ.1.1.16 OR BQ.1.1.17 OR BQ.1.1.18 OR BQ.1.1.19 OR BQ.1.1.20 OR BQ.1.1.21 OR BQ.1.1.22 OR BQ.1.1.23 OR BQ.1.1.24 OR BQ.1.1.25 OR BQ.1.1.26 OR BQ.1.1.27 OR BQ.1.1.28 OR BQ.1.1.29 OR BQ.1.1.30 OR BQ.1.1.31 OR BQ.1.1.32 OR BQ.1.1.34 OR BQ.1.1.35 OR BQ.1.1.36 OR BQ.1.2 OR BQ.1.3 OR BQ.1.4 OR BQ.1.5 OR BQ.1.6 OR BQ.1.7 OR BQ.1.8 OR BQ.1.8.1 OR BQ.1.8.2 OR BQ.1.9 OR BQ.1.10 OR BQ.1.10.1 OR BQ.1.11 OR BQ.1.12 OR BQ.1.13 OR BQ.1.13.1 OR BQ.1.14 OR BQ.1.15 OR BQ.1.16 OR BQ.1.17 OR BQ.1.18 OR BQ.1.19 OR BQ.1.20 OR BQ.1.21 OR BQ.1.22 OR BQ.1.23 OR BQ.1.24 OR BQ.1.25 OR BQ.1.25.1 OR BQ.1.26 OR BQ.1.26.1 OR BQ.1.27 OR BQ.1.28 OR BQ.2 OR BR.1 OR BR.1.1 OR BR.1.2 OR BR.2 OR BR.2.1 OR BR.3 OR BR.4 OR BS.1 OR BS.1.1 OR BS.1.2 OR BT.1 OR BT.2 OR BU.1 OR BU.2 OR BU.3 OR BV.1 OR BV.2 OR BW.1 OR BW.1.1 OR BY.1 OR BY.1.1 OR BY.1.1.1 OR BY.1.2 OR BY.1.2.1 OR BZ.1 OR CA.1 OR CA.2 OR CA.3 OR CA.3.1 OR CA.4 OR CA.5 OR CA.6 OR CA.7 OR CB.1 OR CC.1 OR CD.1 OR CD.2 OR CE.1 OR CF.1 OR CG.1 OR CH.1 OR CH.1.1 OR CH.1.1.1 OR CH.1.1.2 OR CH.1.1.3 OR CH.1.1.4 OR CH.1.1.5 OR CH.2 OR CH.3 OR CH.3.1 OR CJ.1 OR CJ.1.1 OR CK.1 OR CK.1.1 OR CK.1.2 OR CK.2 OR CK.2.1 OR CK.2.1.1 OR CK.3 OR CL.1 OR CM.1 OR CM.2 OR CM.2.1 OR CM.3 OR CM.4 OR CM.4.1 OR CM.5 OR CM.5.1 OR CM.5.2 OR CM.6 OR CM.6.1 OR CM.7 OR CM.8 OR CM.8.1 OR CM.9 OR CM.10 OR CM.11 OR CM.12 OR CN.1 OR CN.2 OR CP.1 OR CP.1.1 OR CP.1.2 OR CP.1.3 OR CP.2 OR CP.3 OR CP.4 OR CP.5 OR CP.6 OR CQ.1 OR CQ.1.1 OR CQ.2 OR CR.1 OR CR.1.1 OR CR.1.2 OR CR.1.3 OR CR.2 OR CS.1 OR CT.1 OR CU.1 OR CV.1 OR CV.2 OR CW.1 OR CY.1 OR CZ.1 OR DA.1 OR DB.1 OR DB.2 OR DC.1 OR DD.1 OR DE.1 OR DE.2 OR DF.1 OR DF.1.1 OR DG.1 OR DH.1 OR DJ.1 OR DJ.1.1 OR DJ.1.2 OR DJ.1.3 OR DK.1 OR DL.1 OR DM.1 OR DN.1 OR DN.1.1 OR DP.1 OR DQ.1 OR DR.1 OR DS.1 OR DT.1 OR DU.1 OR DV.1,Omicron,7.92857142857143,7.92857142857143,1
2022-02-09,2,2,7.5,7.5,1,0.737782751282814,0.999940509697106,B.1.1.529 OR BA.1 OR BA.1.1 OR BA.1.1.1 OR BA.1.1.2 OR BA.1.1.3 OR BA.1.1.4 OR BA.1.1.5 OR BA.1.1.6 OR BA.1.1.7 OR BA.1.1.8 OR BA.1.1.9 OR BA.1.1.10 OR BA.1.1.11 OR BA.1.1.12 OR BA.1.1.13 OR BA.1.1.14 OR BA.1.1.15 OR BA.1.1.16 OR BA.1.1.17 OR BA.1.1.18 OR BA.1.2 OR BA.1.3 OR BA.1.4 OR BA.1.5 OR BA.1.6 OR BA.1.7 OR BA.1.8 OR BA.1.9 OR BA.1.10 OR BA.1.12 OR BA.1.13 OR BA.1.13.1 OR BA.1.14 OR BA.1.14.1 OR BA.1.14.2 OR BA.1.15 OR BA.1.15.1 OR BA.1.15.2 OR BA.1.15.3 OR BA.1.16 OR BA.1.16.1 OR BA.1.16.2 OR BA.1.17 OR BA.1.17.1 OR BA.1.17.2 OR BA.1.18 OR BA.1.19 OR BA.1.20 OR BA.1.21 OR BA.1.21.1 OR BA.1.22 OR BA.1.23 OR BA.1.24 OR BA.2 OR BA.2.1 OR BA.2.2 OR BA.2.2.1 OR BA.2.3 OR BA.2.3.1 OR BA.2.3.2 OR BA.2.3.4 OR BA.2.3.5 OR BA.2.3.6 OR BA.2.3.7 OR BA.2.3.8 OR BA.2.3.9 OR BA.2.3.10 OR BA.2.3.11 OR BA.2.3.12 OR BA.2.3.13 OR BA.2.3.14 OR BA.2.3.15 OR BA.2.3.16 OR BA.2.3.17 OR BA.2.3.18 OR BA.2.3.19 OR BA.2.3.20 OR BA.2.3.21 OR BA.2.3.22 OR BA.2.4 OR BA.2.5 OR BA.2.6 OR BA.2.7 OR BA.2.8 OR BA.2.9 OR BA.2.9.1 OR BA.2.9.2 OR BA.2.9.3 OR BA.2.9.4 OR BA.2.9.5 OR BA.2.9.6 OR BA.2.9.7 OR BA.2.10 OR BA.2.10.1 OR BA.2.10.2 OR BA.2.10.3 OR BA.2.10.4 OR BA.2.11 OR BA.2.12 OR BA.2.12.1 OR BA.2.12.2 OR BA.2.13 OR BA.2.13.1 OR BA.2.14 OR BA.2.15 OR BA.2.16 OR BA.2.17 OR BA.2.18 OR BA.2.19 OR BA.2.20 OR BA.2.21 OR BA.2.22 OR BA.2.23 OR BA.2.23.1 OR BA.2.24 OR BA.2.25 OR BA.2.25.1 OR BA.2.26 OR BA.2.27 OR BA.2.28 OR BA.2.29 OR BA.2.30 OR BA.2.31 OR BA.2.31.1 OR BA.2.32 OR BA.2.33 OR BA.2.34 OR BA.2.35 OR BA.2.36 OR BA.2.37 OR BA.2.38 OR BA.2.38.1 OR BA.2.38.2 OR BA.2.38.3 OR BA.2.38.4 OR BA.2.39 OR BA.2.40 OR BA.2.40.1 OR BA.2.41 OR BA.2.42 OR BA.2.43 OR BA.2.44 OR BA.2.45 OR BA.2.46 OR BA.2.47 OR BA.2.48 OR BA.2.49 OR BA.2.50 OR BA.2.51 OR BA.2.52 OR BA.2.53 OR BA.2.54 OR BA.2.55 OR BA.2.56 OR BA.2.56.1 OR BA.2.57 OR BA.2.58 OR BA.2.59 OR BA.2.60 OR BA.2.61 OR BA.2.62 OR BA.2.63 OR BA.2.64 OR BA.2.65 OR BA.2.66 OR BA.2.67 OR BA.2.68 OR BA.2.69 OR BA.2.70 OR BA.2.71 OR BA.2.72 OR BA.2.73 OR BA.2.74 OR BA.2.75 OR BA.2.75.1 OR BA.2.75.2 OR BA.2.75.3 OR BA.2.75.4 OR BA.2.75.5 OR BA.2.75.6 OR BA.2.75.7 OR BA.2.75.8 OR BA.2.75.9 OR BA.2.75.10 OR BA.2.76 OR BA.2.76.1 OR BA.2.76.2 OR BA.2.77 OR BA.2.78 OR BA.2.79 OR BA.2.79.1 OR BA.2.80 OR BA.2.81 OR BA.2.82 OR BA.2.83 OR BA.2.85 OR BA.3 OR BA.3.1 OR BA.4 OR BA.4.1 OR BA.4.1.1 OR BA.4.1.2 OR BA.4.1.3 OR BA.4.1.4 OR BA.4.1.5 OR BA.4.1.6 OR BA.4.1.7 OR BA.4.1.8 OR BA.4.1.9 OR BA.4.1.10 OR BA.4.2 OR BA.4.3 OR BA.4.4 OR BA.4.5 OR BA.4.6 OR BA.4.6.1 OR BA.4.6.2 OR BA.4.6.3 OR BA.4.6.4 OR BA.4.6.5 OR BA.4.7 OR BA.4.8 OR BA.5 OR BA.5.1 OR BA.5.1.1 OR BA.5.1.2 OR BA.5.1.3 OR BA.5.1.4 OR BA.5.1.5 OR BA.5.1.6 OR BA.5.1.7 OR BA.5.1.8 OR BA.5.1.9 OR BA.5.1.10 OR BA.5.1.11 OR BA.5.1.12 OR BA.5.1.14 OR BA.5.1.15 OR BA.5.1.16 OR BA.5.1.17 OR BA.5.1.18 OR BA.5.1.19 OR BA.5.1.20 OR BA.5.1.21 OR BA.5.1.22 OR BA.5.1.23 OR BA.5.1.24 OR BA.5.1.25 OR BA.5.1.26 OR BA.5.1.27 OR BA.5.1.28 OR BA.5.1.29 OR BA.5.1.30 OR BA.5.1.31 OR BA.5.1.32 OR BA.5.2 OR BA.5.2.1 OR BA.5.2.2 OR BA.5.2.3 OR BA.5.2.4 OR BA.5.2.5 OR BA.5.2.6 OR BA.5.2.7 OR BA.5.2.8 OR BA.5.2.9 OR BA.5.2.10 OR BA.5.2.11 OR BA.5.2.12 OR BA.5.2.13 OR BA.5.2.14 OR BA.5.2.16 OR BA.5.2.18 OR BA.5.2.19 OR BA.5.2.20 OR BA.5.2.21 OR BA.5.2.22 OR BA.5.2.23 OR BA.5.2.24 OR BA.5.2.25 OR BA.5.2.26 OR BA.5.2.27 OR BA.5.2.28 OR BA.5.2.29 OR BA.5.2.30 OR BA.5.2.31 OR BA.5.2.32 OR BA.5.2.33 OR BA.5.2.34 OR BA.5.2.35 OR BA.5.2.36 OR BA.5.2.37 OR BA.5.2.38 OR BA.5.2.39 OR BA.5.2.40 OR BA.5.2.41 OR BA.5.2.42 OR BA.5.2.43 OR BA.5.2.44 OR BA.5.2.45 OR BA.5.2.46 OR BA.5.2.47 OR BA.5.2.48 OR BA.5.2.49 OR BA.5.3 OR BA.5.3.1 OR BA.5.3.2 OR BA.5.3.3 OR BA.5.3.4 OR BA.5.3.5 OR BA.5.5 OR BA.5.5.1 OR BA.5.5.2 OR BA.5.5.3 OR BA.5.6 OR BA.5.6.1 OR BA.5.6.2 OR BA.5.6.3 OR BA.5.6.4 OR BA.5.7 OR BA.5.8 OR BA.5.9 OR BA.5.10 OR BA.5.10.1 OR BA.5.11 OR BC.1 OR BC.2 OR BD.1 OR BE.1 OR BE.1.1 OR BE.1.1.1 OR BE.1.1.2 OR BE.1.2 OR BE.1.2.1 OR BE.1.3 OR BE.1.4 OR BE.1.4.1 OR BE.1.4.2 OR BE.1.4.3 OR BE.1.4.4 OR BE.2 OR BE.3 OR BE.4 OR BE.4.1 OR BE.4.1.1 OR BE.4.2 OR BE.5 OR BE.6 OR BE.7 OR BE.8 OR BE.9 OR BE.10 OR BF.1 OR BF.1.1 OR BF.2 OR BF.3 OR BF.3.1 OR BF.4 OR BF.5 OR BF.5.1 OR BF.5.2 OR BF.6 OR BF.7 OR BF.7.1 OR BF.7.2 OR BF.7.3 OR BF.7.4 OR BF.7.4.1 OR BF.7.4.2 OR BF.7.5 OR BF.7.5.1 OR BF.7.6 OR BF.7.7 OR BF.7.8 OR BF.7.9 OR BF.7.10 OR BF.7.11 OR BF.7.12 OR BF.7.13 OR BF.7.13.1 OR BF.7.13.2 OR BF.7.14 OR BF.7.15 OR BF.8 OR BF.9 OR BF.10 OR BF.10.1 OR BF.11 OR BF.11.1 OR BF.11.2 OR BF.11.3 OR BF.11.4 OR BF.11.5 OR BF.12 OR BF.13 OR BF.14 OR BF.15 OR BF.16 OR BF.17 OR BF.18 OR BF.19 OR BF.20 OR BF.21 OR BF.22 OR BF.23 OR BF.24 OR BF.25 OR BF.26 OR BF.27 OR BF.28 OR BF.29 OR BF.30 OR BF.31 OR BF.31.1 OR BF.32 OR BF.33 OR BF.34 OR BG.1 OR BG.2 OR BG.3 OR BG.4 OR BG.5 OR BG.6 OR BG.7 OR BH.1 OR BJ.1 OR BK.1 OR BL.1 OR BL.1.1 OR BL.1.2 OR BL.1.3 OR BL.1.4 OR BL.2 OR BL.2.1 OR BL.3 OR BL.4 OR BL.5 OR BL.6 OR BM.1 OR BM.1.1 OR BM.1.1.1 OR BM.1.1.2 OR BM.1.1.3 OR BM.1.1.4 OR BM.1.1.5 OR BM.2 OR BM.2.1 OR BM.2.2 OR BM.2.3 OR BM.3 OR BM.4 OR BM.4.1 OR BM.4.1.1 OR BM.5 OR BM.6 OR BN.1 OR BN.1.1 OR BN.1.1.1 OR BN.1.2 OR BN.1.2.1 OR BN.1.3 OR BN.1.3.1 OR BN.1.3.2 OR BN.1.3.3 OR BN.1.3.4 OR BN.1.4 OR BN.1.4.1 OR BN.1.5 OR BN.1.5.1 OR BN.1.6 OR BN.1.7 OR BN.1.8 OR BN.1.9 OR BN.2 OR BN.2.1 OR BN.3 OR BN.3.1 OR BN.4 OR BN.5 OR BN.6 OR BP.1 OR BQ.1 OR BQ.1.1 OR BQ.1.1.1 OR BQ.1.1.2 OR BQ.1.1.3 OR BQ.1.1.4 OR BQ.1.1.5 OR BQ.1.1.6 OR BQ.1.1.7 OR BQ.1.1.8 OR BQ.1.1.9 OR BQ.1.1.10 OR BQ.1.1.11 OR BQ.1.1.12 OR BQ.1.1.13 OR BQ.1.1.14 OR BQ.1.1.15 OR BQ.1.1.16 OR BQ.1.1.17 OR BQ.1.1.18 OR BQ.1.1.19 OR BQ.1.1.20 OR BQ.1.1.21 OR BQ.1.1.22 OR BQ.1.1.23 OR BQ.1.1.24 OR BQ.1.1.25 OR BQ.1.1.26 OR BQ.1.1.27 OR BQ.1.1.28 OR BQ.1.1.29 OR BQ.1.1.30 OR BQ.1.1.31 OR BQ.1.1.32 OR BQ.1.1.34 OR BQ.1.1.35 OR BQ.1.1.36 OR BQ.1.2 OR BQ.1.3 OR BQ.1.4 OR BQ.1.5 OR BQ.1.6 OR BQ.1.7 OR BQ.1.8 OR BQ.1.8.1 OR BQ.1.8.2 OR BQ.1.9 OR BQ.1.10 OR BQ.1.10.1 OR BQ.1.11 OR BQ.1.12 OR BQ.1.13 OR BQ.1.13.1 OR BQ.1.14 OR BQ.1.15 OR BQ.1.16 OR BQ.1.17 OR BQ.1.18 OR BQ.1.19 OR BQ.1.20 OR BQ.1.21 OR BQ.1.22 OR BQ.1.23 OR BQ.1.24 OR BQ.1.25 OR BQ.1.25.1 OR BQ.1.26 OR BQ.1.26.1 OR BQ.1.27 OR BQ.1.28 OR BQ.2 OR BR.1 OR BR.1.1 OR BR.1.2 OR BR.2 OR BR.2.1 OR BR.3 OR BR.4 OR BS.1 OR BS.1.1 OR BS.1.2 OR BT.1 OR BT.2 OR BU.1 OR BU.2 OR BU.3 OR BV.1 OR BV.2 OR BW.1 OR BW.1.1 OR BY.1 OR BY.1.1 OR BY.1.1.1 OR BY.1.2 OR BY.1.2.1 OR BZ.1 OR CA.1 OR CA.2 OR CA.3 OR CA.3.1 OR CA.4 OR CA.5 OR CA.6 OR CA.7 OR CB.1 OR CC.1 OR CD.1 OR CD.2 OR CE.1 OR CF.1 OR CG.1 OR CH.1 OR CH.1.1 OR CH.1.1.1 OR CH.1.1.2 OR CH.1.1.3 OR CH.1.1.4 OR CH.1.1.5 OR CH.2 OR CH.3 OR CH.3.1 OR CJ.1 OR CJ.1.1 OR CK.1 OR CK.1.1 OR CK.1.2 OR CK.2 OR CK.2.1 OR CK.2.1.1 OR CK.3 OR CL.1 OR CM.1 OR CM.2 OR CM.2.1 OR CM.3 OR CM.4 OR CM.4.1 OR CM.5 OR CM.5.1 OR CM.5.2 OR CM.6 OR CM.6.1 OR CM.7 OR CM.8 OR CM.8.1 OR CM.9 OR CM.10 OR CM.11 OR CM.12 OR CN.1 OR CN.2 OR CP.1 OR CP.1.1 OR CP.1.2 OR CP.1.3 OR CP.2 OR CP.3 OR CP.4 OR CP.5 OR CP.6 OR CQ.1 OR CQ.1.1 OR CQ.2 OR CR.1 OR CR.1.1 OR CR.1.2 OR CR.1.3 OR CR.2 OR CS.1 OR CT.1 OR CU.1 OR CV.1 OR CV.2 OR CW.1 OR CY.1 OR CZ.1 OR DA.1 OR DB.1 OR DB.2 OR DC.1 OR DD.1 OR DE.1 OR DE.2 OR DF.1 OR DF.1.1 OR DG.1 OR DH.1 OR DJ.1 OR DJ.1.1 OR DJ.1.2 OR DJ.1.3 OR DK.1 OR DL.1 OR DM.1 OR DN.1 OR DN.1.1 OR DP.1 OR DQ.1 OR DR.1 OR DS.1 OR DT.1 OR DU.1 OR DV.1,Omicron,7.85714285714286,7.85714285714286,1
2022-02-10,2,1,6.33333333333333,6.16666666666667,0.973684210526316,0.66961109084845,0.999921500151634,B.1.1.529 OR BA.1 OR BA.1.1 OR BA.1.1.1 OR BA.1.1.2 OR BA.1.1.3 OR BA.1.1.4 OR BA.1.1.5 OR BA.1.1.6 OR BA.1.1.7 OR BA.1.1.8 OR BA.1.1.9 OR BA.1.1.10 OR BA.1.1.11 OR BA.1.1.12 OR BA.1.1.13 OR BA.1.1.14 OR BA.1.1.15 OR BA.1.1.16 OR BA.1.1.17 OR BA.1.1.18 OR BA.1.2 OR BA.1.3 OR BA.1.4 OR BA.1.5 OR BA.1.6 OR BA.1.7 OR BA.1.8 OR BA.1.9 OR BA.1.10 OR BA.1.12 OR BA.1.13 OR BA.1.13.1 OR BA.1.14 OR BA.1.14.1 OR BA.1.14.2 OR BA.1.15 OR BA.1.15.1 OR BA.1.15.2 OR BA.1.15.3 OR BA.1.16 OR BA.1.16.1 OR BA.1.16.2 OR BA.1.17 OR BA.1.17.1 OR BA.1.17.2 OR BA.1.18 OR BA.1.19 OR BA.1.20 OR BA.1.21 OR BA.1.21.1 OR BA.1.22 OR BA.1.23 OR BA.1.24 OR BA.2 OR BA.2.1 OR BA.2.2 OR BA.2.2.1 OR BA.2.3 OR BA.2.3.1 OR BA.2.3.2 OR BA.2.3.4 OR BA.2.3.5 OR BA.2.3.6 OR BA.2.3.7 OR BA.2.3.8 OR BA.2.3.9 OR BA.2.3.10 OR BA.2.3.11 OR BA.2.3.12 OR BA.2.3.13 OR BA.2.3.14 OR BA.2.3.15 OR BA.2.3.16 OR BA.2.3.17 OR BA.2.3.18 OR BA.2.3.19 OR BA.2.3.20 OR BA.2.3.21 OR BA.2.3.22 OR BA.2.4 OR BA.2.5 OR BA.2.6 OR BA.2.7 OR BA.2.8 OR BA.2.9 OR BA.2.9.1 OR BA.2.9.2 OR BA.2.9.3 OR BA.2.9.4 OR BA.2.9.5 OR BA.2.9.6 OR BA.2.9.7 OR BA.2.10 OR BA.2.10.1 OR BA.2.10.2 OR BA.2.10.3 OR BA.2.10.4 OR BA.2.11 OR BA.2.12 OR BA.2.12.1 OR BA.2.12.2 OR BA.2.13 OR BA.2.13.1 OR BA.2.14 OR BA.2.15 OR BA.2.16 OR BA.2.17 OR BA.2.18 OR BA.2.19 OR BA.2.20 OR BA.2.21 OR BA.2.22 OR BA.2.23 OR BA.2.23.1 OR BA.2.24 OR BA.2.25 OR BA.2.25.1 OR BA.2.26 OR BA.2.27 OR BA.2.28 OR BA.2.29 OR BA.2.30 OR BA.2.31 OR BA.2.31.1 OR BA.2.32 OR BA.2.33 OR BA.2.34 OR BA.2.35 OR BA.2.36 OR BA.2.37 OR BA.2.38 OR BA.2.38.1 OR BA.2.38.2 OR BA.2.38.3 OR BA.2.38.4 OR BA.2.39 OR BA.2.40 OR BA.2.40.1 OR BA.2.41 OR BA.2.42 OR BA.2.43 OR BA.2.44 OR BA.2.45 OR BA.2.46 OR BA.2.47 OR BA.2.48 OR BA.2.49 OR BA.2.50 OR BA.2.51 OR BA.2.52 OR BA.2.53 OR BA.2.54 OR BA.2.55 OR BA.2.56 OR BA.2.56.1 OR BA.2.57 OR BA.2.58 OR BA.2.59 OR BA.2.60 OR BA.2.61 OR BA.2.62 OR BA.2.63 OR BA.2.64 OR BA.2.65 OR BA.2.66 OR BA.2.67 OR BA.2.68 OR BA.2.69 OR BA.2.70 OR BA.2.71 OR BA.2.72 OR BA.2.73 OR BA.2.74 OR BA.2.75 OR BA.2.75.1 OR BA.2.75.2 OR BA.2.75.3 OR BA.2.75.4 OR BA.2.75.5 OR BA.2.75.6 OR BA.2.75.7 OR BA.2.75.8 OR BA.2.75.9 OR BA.2.75.10 OR BA.2.76 OR BA.2.76.1 OR BA.2.76.2 OR BA.2.77 OR BA.2.78 OR BA.2.79 OR BA.2.79.1 OR BA.2.80 OR BA.2.81 OR BA.2.82 OR BA.2.83 OR BA.2.85 OR BA.3 OR BA.3.1 OR BA.4 OR BA.4.1 OR BA.4.1.1 OR BA.4.1.2 OR BA.4.1.3 OR BA.4.1.4 OR BA.4.1.5 OR BA.4.1.6 OR BA.4.1.7 OR BA.4.1.8 OR BA.4.1.9 OR BA.4.1.10 OR BA.4.2 OR BA.4.3 OR BA.4.4 OR BA.4.5 OR BA.4.6 OR BA.4.6.1 OR BA.4.6.2 OR BA.4.6.3 OR BA.4.6.4 OR BA.4.6.5 OR BA.4.7 OR BA.4.8 OR BA.5 OR BA.5.1 OR BA.5.1.1 OR BA.5.1.2 OR BA.5.1.3 OR BA.5.1.4 OR BA.5.1.5 OR BA.5.1.6 OR BA.5.1.7 OR BA.5.1.8 OR BA.5.1.9 OR BA.5.1.10 OR BA.5.1.11 OR BA.5.1.12 OR BA.5.1.14 OR BA.5.1.15 OR BA.5.1.16 OR BA.5.1.17 OR BA.5.1.18 OR BA.5.1.19 OR BA.5.1.20 OR BA.5.1.21 OR BA.5.1.22 OR BA.5.1.23 OR BA.5.1.24 OR BA.5.1.25 OR BA.5.1.26 OR BA.5.1.27 OR BA.5.1.28 OR BA.5.1.29 OR BA.5.1.30 OR BA.5.1.31 OR BA.5.1.32 OR BA.5.2 OR BA.5.2.1 OR BA.5.2.2 OR BA.5.2.3 OR BA.5.2.4 OR BA.5.2.5 OR BA.5.2.6 OR BA.5.2.7 OR BA.5.2.8 OR BA.5.2.9 OR BA.5.2.10 OR BA.5.2.11 OR BA.5.2.12 OR BA.5.2.13 OR BA.5.2.14 OR BA.5.2.16 OR BA.5.2.18 OR BA.5.2.19 OR BA.5.2.20 OR BA.5.2.21 OR BA.5.2.22 OR BA.5.2.23 OR BA.5.2.24 OR BA.5.2.25 OR BA.5.2.26 OR BA.5.2.27 OR BA.5.2.28 OR BA.5.2.29 OR BA.5.2.30 OR BA.5.2.31 OR BA.5.2.32 OR BA.5.2.33 OR BA.5.2.34 OR BA.5.2.35 OR BA.5.2.36 OR BA.5.2.37 OR BA.5.2.38 OR BA.5.2.39 OR BA.5.2.40 OR BA.5.2.41 OR BA.5.2.42 OR BA.5.2.43 OR BA.5.2.44 OR BA.5.2.45 OR BA.5.2.46 OR BA.5.2.47 OR BA.5.2.48 OR BA.5.2.49 OR BA.5.3 OR BA.5.3.1 OR BA.5.3.2 OR BA.5.3.3 OR BA.5.3.4 OR BA.5.3.5 OR BA.5.5 OR BA.5.5.1 OR BA.5.5.2 OR BA.5.5.3 OR BA.5.6 OR BA.5.6.1 OR BA.5.6.2 OR BA.5.6.3 OR BA.5.6.4 OR BA.5.7 OR BA.5.8 OR BA.5.9 OR BA.5.10 OR BA.5.10.1 OR BA.5.11 OR BC.1 OR BC.2 OR BD.1 OR BE.1 OR BE.1.1 OR BE.1.1.1 OR BE.1.1.2 OR BE.1.2 OR BE.1.2.1 OR BE.1.3 OR BE.1.4 OR BE.1.4.1 OR BE.1.4.2 OR BE.1.4.3 OR BE.1.4.4 OR BE.2 OR BE.3 OR BE.4 OR BE.4.1 OR BE.4.1.1 OR BE.4.2 OR BE.5 OR BE.6 OR BE.7 OR BE.8 OR BE.9 OR BE.10 OR BF.1 OR BF.1.1 OR BF.2 OR BF.3 OR BF.3.1 OR BF.4 OR BF.5 OR BF.5.1 OR BF.5.2 OR BF.6 OR BF.7 OR BF.7.1 OR BF.7.2 OR BF.7.3 OR BF.7.4 OR BF.7.4.1 OR BF.7.4.2 OR BF.7.5 OR BF.7.5.1 OR BF.7.6 OR BF.7.7 OR BF.7.8 OR BF.7.9 OR BF.7.10 OR BF.7.11 OR BF.7.12 OR BF.7.13 OR BF.7.13.1 OR BF.7.13.2 OR BF.7.14 OR BF.7.15 OR BF.8 OR BF.9 OR BF.10 OR BF.10.1 OR BF.11 OR BF.11.1 OR BF.11.2 OR BF.11.3 OR BF.11.4 OR BF.11.5 OR BF.12 OR BF.13 OR BF.14 OR BF.15 OR BF.16 OR BF.17 OR BF.18 OR BF.19 OR BF.20 OR BF.21 OR BF.22 OR BF.23 OR BF.24 OR BF.25 OR BF.26 OR BF.27 OR BF.28 OR BF.29 OR BF.30 OR BF.31 OR BF.31.1 OR BF.32 OR BF.33 OR BF.34 OR BG.1 OR BG.2 OR BG.3 OR BG.4 OR BG.5 OR BG.6 OR BG.7 OR BH.1 OR BJ.1 OR BK.1 OR BL.1 OR BL.1.1 OR BL.1.2 OR BL.1.3 OR BL.1.4 OR BL.2 OR BL.2.1 OR BL.3 OR BL.4 OR BL.5 OR BL.6 OR BM.1 OR BM.1.1 OR BM.1.1.1 OR BM.1.1.2 OR BM.1.1.3 OR BM.1.1.4 OR BM.1.1.5 OR BM.2 OR BM.2.1 OR BM.2.2 OR BM.2.3 OR BM.3 OR BM.4 OR BM.4.1 OR BM.4.1.1 OR BM.5 OR BM.6 OR BN.1 OR BN.1.1 OR BN.1.1.1 OR BN.1.2 OR BN.1.2.1 OR BN.1.3 OR BN.1.3.1 OR BN.1.3.2 OR BN.1.3.3 OR BN.1.3.4 OR BN.1.4 OR BN.1.4.1 OR BN.1.5 OR BN.1.5.1 OR BN.1.6 OR BN.1.7 OR BN.1.8 OR BN.1.9 OR BN.2 OR BN.2.1 OR BN.3 OR BN.3.1 OR BN.4 OR BN.5 OR BN.6 OR BP.1 OR BQ.1 OR BQ.1.1 OR BQ.1.1.1 OR BQ.1.1.2 OR BQ.1.1.3 OR BQ.1.1.4 OR BQ.1.1.5 OR BQ.1.1.6 OR BQ.1.1.7 OR BQ.1.1.8 OR BQ.1.1.9 OR BQ.1.1.10 OR BQ.1.1.11 OR BQ.1.1.12 OR BQ.1.1.13 OR BQ.1.1.14 OR BQ.1.1.15 OR BQ.1.1.16 OR BQ.1.1.17 OR BQ.1.1.18 OR BQ.1.1.19 OR BQ.1.1.20 OR BQ.1.1.21 OR BQ.1.1.22 OR BQ.1.1.23 OR BQ.1.1.24 OR BQ.1.1.25 OR BQ.1.1.26 OR BQ.1.1.27 OR BQ.1.1.28 OR BQ.1.1.29 OR BQ.1.1.30 OR BQ.1.1.31 OR BQ.1.1.32 OR BQ.1.1.34 OR BQ.1.1.35 OR BQ.1.1.36 OR BQ.1.2 OR BQ.1.3 OR BQ.1.4 OR BQ.1.5 OR BQ.1.6 OR BQ.1.7 OR BQ.1.8 OR BQ.1.8.1 OR BQ.1.8.2 OR BQ.1.9 OR BQ.1.10 OR BQ.1.10.1 OR BQ.1.11 OR BQ.1.12 OR BQ.1.13 OR BQ.1.13.1 OR BQ.1.14 OR BQ.1.15 OR BQ.1.16 OR BQ.1.17 OR BQ.1.18 OR BQ.1.19 OR BQ.1.20 OR BQ.1.21 OR BQ.1.22 OR BQ.1.23 OR BQ.1.24 OR BQ.1.25 OR BQ.1.25.1 OR BQ.1.26 OR BQ.1.26.1 OR BQ.1.27 OR BQ.1.28 OR BQ.2 OR BR.1 OR BR.1.1 OR BR.1.2 OR BR.2 OR BR.2.1 OR BR.3 OR BR.4 OR BS.1 OR BS.1.1 OR BS.1.2 OR BT.1 OR BT.2 OR BU.1 OR BU.2 OR BU.3 OR BV.1 OR BV.2 OR BW.1 OR BW.1.1 OR BY.1 OR BY.1.1 OR BY.1.1.1 OR BY.1.2 OR BY.1.2.1 OR BZ.1 OR CA.1 OR CA.2 OR CA.3 OR CA.3.1 OR CA.4 OR CA.5 OR CA.6 OR CA.7 OR CB.1 OR CC.1 OR CD.1 OR CD.2 OR CE.1 OR CF.1 OR CG.1 OR CH.1 OR CH.1.1 OR CH.1.1.1 OR CH.1.1.2 OR CH.1.1.3 OR CH.1.1.4 OR CH.1.1.5 OR CH.2 OR CH.3 OR CH.3.1 OR CJ.1 OR CJ.1.1 OR CK.1 OR CK.1.1 OR CK.1.2 OR CK.2 OR CK.2.1 OR CK.2.1.1 OR CK.3 OR CL.1 OR CM.1 OR CM.2 OR CM.2.1 OR CM.3 OR CM.4 OR CM.4.1 OR CM.5 OR CM.5.1 OR CM.5.2 OR CM.6 OR CM.6.1 OR CM.7 OR CM.8 OR CM.8.1 OR CM.9 OR CM.10 OR CM.11 OR CM.12 OR CN.1 OR CN.2 OR CP.1 OR CP.1.1 OR CP.1.2 OR CP.1.3 OR CP.2 OR CP.3 OR CP.4 OR CP.5 OR CP.6 OR CQ.1 OR CQ.1.1 OR CQ.2 OR CR.1 OR CR.1.1 OR CR.1.2 OR CR.1.3 OR CR.2 OR CS.1 OR CT.1 OR CU.1 OR CV.1 OR CV.2 OR CW.1 OR CY.1 OR CZ.1 OR DA.1 OR DB.1 OR DB.2 OR DC.1 OR DD.1 OR DE.1 OR DE.2 OR DF.1 OR DF.1.1 OR DG.1 OR DH.1 OR DJ.1 OR DJ.1.1 OR DJ.1.2 OR DJ.1.3 OR DK.1 OR DL.1 OR DM.1 OR DN.1 OR DN.1.1 OR DP.1 OR DQ.1 OR DR.1 OR DS.1 OR DT.1 OR DU.1 OR DV.1,Omicron,7.78571428571429,7.71428571428571,0.990825688073395
2022-02-11,5,5,4.16666666666667,4,0.96,0.55523738234236,0.999884667211762,B.1.1.529 OR BA.1 OR BA.1.1 OR BA.1.1.1 OR BA.1.1.2 OR BA.1.1.3 OR BA.1.1.4 OR BA.1.1.5 OR BA.1.1.6 OR BA.1.1.7 OR BA.1.1.8 OR BA.1.1.9 OR BA.1.1.10 OR BA.1.1.11 OR BA.1.1.12 OR BA.1.1.13 OR BA.1.1.14 OR BA.1.1.15 OR BA.1.1.16 OR BA.1.1.17 OR BA.1.1.18 OR BA.1.2 OR BA.1.3 OR BA.1.4 OR BA.1.5 OR BA.1.6 OR BA.1.7 OR BA.1.8 OR BA.1.9 OR BA.1.10 OR BA.1.12 OR BA.1.13 OR BA.1.13.1 OR BA.1.14 OR BA.1.14.1 OR BA.1.14.2 OR BA.1.15 OR BA.1.15.1 OR BA.1.15.2 OR BA.1.15.3 OR BA.1.16 OR BA.1.16.1 OR BA.1.16.2 OR BA.1.17 OR BA.1.17.1 OR BA.1.17.2 OR BA.1.18 OR BA.1.19 OR BA.1.20 OR BA.1.21 OR BA.1.21.1 OR BA.1.22 OR BA.1.23 OR BA.1.24 OR BA.2 OR BA.2.1 OR BA.2.2 OR BA.2.2.1 OR BA.2.3 OR BA.2.3.1 OR BA.2.3.2 OR BA.2.3.4 OR BA.2.3.5 OR BA.2.3.6 OR BA.2.3.7 OR BA.2.3.8 OR BA.2.3.9 OR BA.2.3.10 OR BA.2.3.11 OR BA.2.3.12 OR BA.2.3.13 OR BA.2.3.14 OR BA.2.3.15 OR BA.2.3.16 OR BA.2.3.17 OR BA.2.3.18 OR BA.2.3.19 OR BA.2.3.20 OR BA.2.3.21 OR BA.2.3.22 OR BA.2.4 OR BA.2.5 OR BA.2.6 OR BA.2.7 OR BA.2.8 OR BA.2.9 OR BA.2.9.1 OR BA.2.9.2 OR BA.2.9.3 OR BA.2.9.4 OR BA.2.9.5 OR BA.2.9.6 OR BA.2.9.7 OR BA.2.10 OR BA.2.10.1 OR BA.2.10.2 OR BA.2.10.3 OR BA.2.10.4 OR BA.2.11 OR BA.2.12 OR BA.2.12.1 OR BA.2.12.2 OR BA.2.13 OR BA.2.13.1 OR BA.2.14 OR BA.2.15 OR BA.2.16 OR BA.2.17 OR BA.2.18 OR BA.2.19 OR BA.2.20 OR BA.2.21 OR BA.2.22 OR BA.2.23 OR BA.2.23.1 OR BA.2.24 OR BA.2.25 OR BA.2.25.1 OR BA.2.26 OR BA.2.27 OR BA.2.28 OR BA.2.29 OR BA.2.30 OR BA.2.31 OR BA.2.31.1 OR BA.2.32 OR BA.2.33 OR BA.2.34 OR BA.2.35 OR BA.2.36 OR BA.2.37 OR BA.2.38 OR BA.2.38.1 OR BA.2.38.2 OR BA.2.38.3 OR BA.2.38.4 OR BA.2.39 OR BA.2.40 OR BA.2.40.1 OR BA.2.41 OR BA.2.42 OR BA.2.43 OR BA.2.44 OR BA.2.45 OR BA.2.46 OR BA.2.47 OR BA.2.48 OR BA.2.49 OR BA.2.50 OR BA.2.51 OR BA.2.52 OR BA.2.53 OR BA.2.54 OR BA.2.55 OR BA.2.56 OR BA.2.56.1 OR BA.2.57 OR BA.2.58 OR BA.2.59 OR BA.2.60 OR BA.2.61 OR BA.2.62 OR BA.2.63 OR BA.2.64 OR BA.2.65 OR BA.2.66 OR BA.2.67 OR BA.2.68 OR BA.2.69 OR BA.2.70 OR BA.2.71 OR BA.2.72 OR BA.2.73 OR BA.2.74 OR BA.2.75 OR BA.2.75.1 OR BA.2.75.2 OR BA.2.75.3 OR BA.2.75.4 OR BA.2.75.5 OR BA.2.75.6 OR BA.2.75.7 OR BA.2.75.8 OR BA.2.75.9 OR BA.2.75.10 OR BA.2.76 OR BA.2.76.1 OR BA.2.76.2 OR BA.2.77 OR BA.2.78 OR BA.2.79 OR BA.2.79.1 OR BA.2.80 OR BA.2.81 OR BA.2.82 OR BA.2.83 OR BA.2.85 OR BA.3 OR BA.3.1 OR BA.4 OR BA.4.1 OR BA.4.1.1 OR BA.4.1.2 OR BA.4.1.3 OR BA.4.1.4 OR BA.4.1.5 OR BA.4.1.6 OR BA.4.1.7 OR BA.4.1.8 OR BA.4.1.9 OR BA.4.1.10 OR BA.4.2 OR BA.4.3 OR BA.4.4 OR BA.4.5 OR BA.4.6 OR BA.4.6.1 OR BA.4.6.2 OR BA.4.6.3 OR BA.4.6.4 OR BA.4.6.5 OR BA.4.7 OR BA.4.8 OR BA.5 OR BA.5.1 OR BA.5.1.1 OR BA.5.1.2 OR BA.5.1.3 OR BA.5.1.4 OR BA.5.1.5 OR BA.5.1.6 OR BA.5.1.7 OR BA.5.1.8 OR BA.5.1.9 OR BA.5.1.10 OR BA.5.1.11 OR BA.5.1.12 OR BA.5.1.14 OR BA.5.1.15 OR BA.5.1.16 OR BA.5.1.17 OR BA.5.1.18 OR BA.5.1.19 OR BA.5.1.20 OR BA.5.1.21 OR BA.5.1.22 OR BA.5.1.23 OR BA.5.1.24 OR BA.5.1.25 OR BA.5.1.26 OR BA.5.1.27 OR BA.5.1.28 OR BA.5.1.29 OR BA.5.1.30 OR BA.5.1.31 OR BA.5.1.32 OR BA.5.2 OR BA.5.2.1 OR BA.5.2.2 OR BA.5.2.3 OR BA.5.2.4 OR BA.5.2.5 OR BA.5.2.6 OR BA.5.2.7 OR BA.5.2.8 OR BA.5.2.9 OR BA.5.2.10 OR BA.5.2.11 OR BA.5.2.12 OR BA.5.2.13 OR BA.5.2.14 OR BA.5.2.16 OR BA.5.2.18 OR BA.5.2.19 OR BA.5.2.20 OR BA.5.2.21 OR BA.5.2.22 OR BA.5.2.23 OR BA.5.2.24 OR BA.5.2.25 OR BA.5.2.26 OR BA.5.2.27 OR BA.5.2.28 OR BA.5.2.29 OR BA.5.2.30 OR BA.5.2.31 OR BA.5.2.32 OR BA.5.2.33 OR BA.5.2.34 OR BA.5.2.35 OR BA.5.2.36 OR BA.5.2.37 OR BA.5.2.38 OR BA.5.2.39 OR BA.5.2.40 OR BA.5.2.41 OR BA.5.2.42 OR BA.5.2.43 OR BA.5.2.44 OR BA.5.2.45 OR BA.5.2.46 OR BA.5.2.47 OR BA.5.2.48 OR BA.5.2.49 OR BA.5.3 OR BA.5.3.1 OR BA.5.3.2 OR BA.5.3.3 OR BA.5.3.4 OR BA.5.3.5 OR BA.5.5 OR BA.5.5.1 OR BA.5.5.2 OR BA.5.5.3 OR BA.5.6 OR BA.5.6.1 OR BA.5.6.2 OR BA.5.6.3 OR BA.5.6.4 OR BA.5.7 OR BA.5.8 OR BA.5.9 OR BA.5.10 OR BA.5.10.1 OR BA.5.11 OR BC.1 OR BC.2 OR BD.1 OR BE.1 OR BE.1.1 OR BE.1.1.1 OR BE.1.1.2 OR BE.1.2 OR BE.1.2.1 OR BE.1.3 OR BE.1.4 OR BE.1.4.1 OR BE.1.4.2 OR BE.1.4.3 OR BE.1.4.4 OR BE.2 OR BE.3 OR BE.4 OR BE.4.1 OR BE.4.1.1 OR BE.4.2 OR BE.5 OR BE.6 OR BE.7 OR BE.8 OR BE.9 OR BE.10 OR BF.1 OR BF.1.1 OR BF.2 OR BF.3 OR BF.3.1 OR BF.4 OR BF.5 OR BF.5.1 OR BF.5.2 OR BF.6 OR BF.7 OR BF.7.1 OR BF.7.2 OR BF.7.3 OR BF.7.4 OR BF.7.4.1 OR BF.7.4.2 OR BF.7.5 OR BF.7.5.1 OR BF.7.6 OR BF.7.7 OR BF.7.8 OR BF.7.9 OR BF.7.10 OR BF.7.11 OR BF.7.12 OR BF.7.13 OR BF.7.13.1 OR BF.7.13.2 OR BF.7.14 OR BF.7.15 OR BF.8 OR BF.9 OR BF.10 OR BF.10.1 OR BF.11 OR BF.11.1 OR BF.11.2 OR BF.11.3 OR BF.11.4 OR BF.11.5 OR BF.12 OR BF.13 OR BF.14 OR BF.15 OR BF.16 OR BF.17 OR BF.18 OR BF.19 OR BF.20 OR BF.21 OR BF.22 OR BF.23 OR BF.24 OR BF.25 OR BF.26 OR BF.27 OR BF.28 OR BF.29 OR BF.30 OR BF.31 OR BF.31.1 OR BF.32 OR BF.33 OR BF.34 OR BG.1 OR BG.2 OR BG.3 OR BG.4 OR BG.5 OR BG.6 OR BG.7 OR BH.1 OR BJ.1 OR BK.1 OR BL.1 OR BL.1.1 OR BL.1.2 OR BL.1.3 OR BL.1.4 OR BL.2 OR BL.2.1 OR BL.3 OR BL.4 OR BL.5 OR BL.6 OR BM.1 OR BM.1.1 OR BM.1.1.1 OR BM.1.1.2 OR BM.1.1.3 OR BM.1.1.4 OR BM.1.1.5 OR BM.2 OR BM.2.1 OR BM.2.2 OR BM.2.3 OR BM.3 OR BM.4 OR BM.4.1 OR BM.4.1.1 OR BM.5 OR BM.6 OR BN.1 OR BN.1.1 OR BN.1.1.1 OR BN.1.2 OR BN.1.2.1 OR BN.1.3 OR BN.1.3.1 OR BN.1.3.2 OR BN.1.3.3 OR BN.1.3.4 OR BN.1.4 OR BN.1.4.1 OR BN.1.5 OR BN.1.5.1 OR BN.1.6 OR BN.1.7 OR BN.1.8 OR BN.1.9 OR BN.2 OR BN.2.1 OR BN.3 OR BN.3.1 OR BN.4 OR BN.5 OR BN.6 OR BP.1 OR BQ.1 OR BQ.1.1 OR BQ.1.1.1 OR BQ.1.1.2 OR BQ.1.1.3 OR BQ.1.1.4 OR BQ.1.1.5 OR BQ.1.1.6 OR BQ.1.1.7 OR BQ.1.1.8 OR BQ.1.1.9 OR BQ.1.1.10 OR BQ.1.1.11 OR BQ.1.1.12 OR BQ.1.1.13 OR BQ.1.1.14 OR BQ.1.1.15 OR BQ.1.1.16 OR BQ.1.1.17 OR BQ.1.1.18 OR BQ.1.1.19 OR BQ.1.1.20 OR BQ.1.1.21 OR BQ.1.1.22 OR BQ.1.1.23 OR BQ.1.1.24 OR BQ.1.1.25 OR BQ.1.1.26 OR BQ.1.1.27 OR BQ.1.1.28 OR BQ.1.1.29 OR BQ.1.1.30 OR BQ.1.1.31 OR BQ.1.1.32 OR BQ.1.1.34 OR BQ.1.1.35 OR BQ.1.1.36 OR BQ.1.2 OR BQ.1.3 OR BQ.1.4 OR BQ.1.5 OR BQ.1.6 OR BQ.1.7 OR BQ.1.8 OR BQ.1.8.1 OR BQ.1.8.2 OR BQ.1.9 OR BQ.1.10 OR BQ.1.10.1 OR BQ.1.11 OR BQ.1.12 OR BQ.1.13 OR BQ.1.13.1 OR BQ.1.14 OR BQ.1.15 OR BQ.1.16 OR BQ.1.17 OR BQ.1.18 OR BQ.1.19 OR BQ.1.20 OR BQ.1.21 OR BQ.1.22 OR BQ.1.23 OR BQ.1.24 OR BQ.1.25 OR BQ.1.25.1 OR BQ.1.26 OR BQ.1.26.1 OR BQ.1.27 OR BQ.1.28 OR BQ.2 OR BR.1 OR BR.1.1 OR BR.1.2 OR BR.2 OR BR.2.1 OR BR.3 OR BR.4 OR BS.1 OR BS.1.1 OR BS.1.2 OR BT.1 OR BT.2 OR BU.1 OR BU.2 OR BU.3 OR BV.1 OR BV.2 OR BW.1 OR BW.1.1 OR BY.1 OR BY.1.1 OR BY.1.1.1 OR BY.1.2 OR BY.1.2.1 OR BZ.1 OR CA.1 OR CA.2 OR CA.3 OR CA.3.1 OR CA.4 OR CA.5 OR CA.6 OR CA.7 OR CB.1 OR CC.1 OR CD.1 OR CD.2 OR CE.1 OR CF.1 OR CG.1 OR CH.1 OR CH.1.1 OR CH.1.1.1 OR CH.1.1.2 OR CH.1.1.3 OR CH.1.1.4 OR CH.1.1.5 OR CH.2 OR CH.3 OR CH.3.1 OR CJ.1 OR CJ.1.1 OR CK.1 OR CK.1.1 OR CK.1.2 OR CK.2 OR CK.2.1 OR CK.2.1.1 OR CK.3 OR CL.1 OR CM.1 OR CM.2 OR CM.2.1 OR CM.3 OR CM.4 OR CM.4.1 OR CM.5 OR CM.5.1 OR CM.5.2 OR CM.6 OR CM.6.1 OR CM.7 OR CM.8 OR CM.8.1 OR CM.9 OR CM.10 OR CM.11 OR CM.12 OR CN.1 OR CN.2 OR CP.1 OR CP.1.1 OR CP.1.2 OR CP.1.3 OR CP.2 OR CP.3 OR CP.4 OR CP.5 OR CP.6 OR CQ.1 OR CQ.1.1 OR CQ.2 OR CR.1 OR CR.1.1 OR CR.1.2 OR CR.1.3 OR CR.2 OR CS.1 OR CT.1 OR CU.1 OR CV.1 OR CV.2 OR CW.1 OR CY.1 OR CZ.1 OR DA.1 OR DB.1 OR DB.2 OR DC.1 OR DD.1 OR DE.1 OR DE.2 OR DF.1 OR DF.1.1 OR DG.1 OR DH.1 OR DJ.1 OR DJ.1.1 OR DJ.1.2 OR DJ.1.3 OR DK.1 OR DL.1 OR DM.1 OR DN.1 OR DN.1.1 OR DP.1 OR DQ.1 OR DR.1 OR DS.1 OR DT.1 OR DU.1 OR DV.1,Omicron,7.71428571428571,7.64285714285714,0.990740740740741
2022-02-13,2,2,4.16666666666667,4,0.96,0.55523738234236,0.999884667211762,B.1.1.529 OR BA.1 OR BA.1.1 OR BA.1.1.1 OR BA.1.1.2 OR BA.1.1.3 OR BA.1.1.4 OR BA.1.1.5 OR BA.1.1.6 OR BA.1.1.7 OR BA.1.1.8 OR BA.1.1.9 OR BA.1.1.10 OR BA.1.1.11 OR BA.1.1.12 OR BA.1.1.13 OR BA.1.1.14 OR BA.1.1.15 OR BA.1.1.16 OR BA.1.1.17 OR BA.1.1.18 OR BA.1.2 OR BA.1.3 OR BA.1.4 OR BA.1.5 OR BA.1.6 OR BA.1.7 OR BA.1.8 OR BA.1.9 OR BA.1.10 OR BA.1.12 OR BA.1.13 OR BA.1.13.1 OR BA.1.14 OR BA.1.14.1 OR BA.1.14.2 OR BA.1.15 OR BA.1.15.1 OR BA.1.15.2 OR BA.1.15.3 OR BA.1.16 OR BA.1.16.1 OR BA.1.16.2 OR BA.1.17 OR BA.1.17.1 OR BA.1.17.2 OR BA.1.18 OR BA.1.19 OR BA.1.20 OR BA.1.21 OR BA.1.21.1 OR BA.1.22 OR BA.1.23 OR BA.1.24 OR BA.2 OR BA.2.1 OR BA.2.2 OR BA.2.2.1 OR BA.2.3 OR BA.2.3.1 OR BA.2.3.2 OR BA.2.3.4 OR BA.2.3.5 OR BA.2.3.6 OR BA.2.3.7 OR BA.2.3.8 OR BA.2.3.9 OR BA.2.3.10 OR BA.2.3.11 OR BA.2.3.12 OR BA.2.3.13 OR BA.2.3.14 OR BA.2.3.15 OR BA.2.3.16 OR BA.2.3.17 OR BA.2.3.18 OR BA.2.3.19 OR BA.2.3.20 OR BA.2.3.21 OR BA.2.3.22 OR BA.2.4 OR BA.2.5 OR BA.2.6 OR BA.2.7 OR BA.2.8 OR BA.2.9 OR BA.2.9.1 OR BA.2.9.2 OR BA.2.9.3 OR BA.2.9.4 OR BA.2.9.5 OR BA.2.9.6 OR BA.2.9.7 OR BA.2.10 OR BA.2.10.1 OR BA.2.10.2 OR BA.2.10.3 OR BA.2.10.4 OR BA.2.11 OR BA.2.12 OR BA.2.12.1 OR BA.2.12.2 OR BA.2.13 OR BA.2.13.1 OR BA.2.14 OR BA.2.15 OR BA.2.16 OR BA.2.17 OR BA.2.18 OR BA.2.19 OR BA.2.20 OR BA.2.21 OR BA.2.22 OR BA.2.23 OR BA.2.23.1 OR BA.2.24 OR BA.2.25 OR BA.2.25.1 OR BA.2.26 OR BA.2.27 OR BA.2.28 OR BA.2.29 OR BA.2.30 OR BA.2.31 OR BA.2.31.1 OR BA.2.32 OR BA.2.33 OR BA.2.34 OR BA.2.35 OR BA.2.36 OR BA.2.37 OR BA.2.38 OR BA.2.38.1 OR BA.2.38.2 OR BA.2.38.3 OR BA.2.38.4 OR BA.2.39 OR BA.2.40 OR BA.2.40.1 OR BA.2.41 OR BA.2.42 OR BA.2.43 OR BA.2.44 OR BA.2.45 OR BA.2.46 OR BA.2.47 OR BA.2.48 OR BA.2.49 OR BA.2.50 OR BA.2.51 OR BA.2.52 OR BA.2.53 OR BA.2.54 OR BA.2.55 OR BA.2.56 OR BA.2.56.1 OR BA.2.57 OR BA.2.58 OR BA.2.59 OR BA.2.60 OR BA.2.61 OR BA.2.62 OR BA.2.63 OR BA.2.64 OR BA.2.65 OR BA.2.66 OR BA.2.67 OR BA.2.68 OR BA.2.69 OR BA.2.70 OR BA.2.71 OR BA.2.72 OR BA.2.73 OR BA.2.74 OR BA.2.75 OR BA.2.75.1 OR BA.2.75.2 OR BA.2.75.3 OR BA.2.75.4 OR BA.2.75.5 OR BA.2.75.6 OR BA.2.75.7 OR BA.2.75.8 OR BA.2.75.9 OR BA.2.75.10 OR BA.2.76 OR BA.2.76.1 OR BA.2.76.2 OR BA.2.77 OR BA.2.78 OR BA.2.79 OR BA.2.79.1 OR BA.2.80 OR BA.2.81 OR BA.2.82 OR BA.2.83 OR BA.2.85 OR BA.3 OR BA.3.1 OR BA.4 OR BA.4.1 OR BA.4.1.1 OR BA.4.1.2 OR BA.4.1.3 OR BA.4.1.4 OR BA.4.1.5 OR BA.4.1.6 OR BA.4.1.7 OR BA.4.1.8 OR BA.4.1.9 OR BA.4.1.10 OR BA.4.2 OR BA.4.3 OR BA.4.4 OR BA.4.5 OR BA.4.6 OR BA.4.6.1 OR BA.4.6.2 OR BA.4.6.3 OR BA.4.6.4 OR BA.4.6.5 OR BA.4.7 OR BA.4.8 OR BA.5 OR BA.5.1 OR BA.5.1.1 OR BA.5.1.2 OR BA.5.1.3 OR BA.5.1.4 OR BA.5.1.5 OR BA.5.1.6 OR BA.5.1.7 OR BA.5.1.8 OR BA.5.1.9 OR BA.5.1.10 OR BA.5.1.11 OR BA.5.1.12 OR BA.5.1.14 OR BA.5.1.15 OR BA.5.1.16 OR BA.5.1.17 OR BA.5.1.18 OR BA.5.1.19 OR BA.5.1.20 OR BA.5.1.21 OR BA.5.1.22 OR BA.5.1.23 OR BA.5.1.24 OR BA.5.1.25 OR BA.5.1.26 OR BA.5.1.27 OR BA.5.1.28 OR BA.5.1.29 OR BA.5.1.30 OR BA.5.1.31 OR BA.5.1.32 OR BA.5.2 OR BA.5.2.1 OR BA.5.2.2 OR BA.5.2.3 OR BA.5.2.4 OR BA.5.2.5 OR BA.5.2.6 OR BA.5.2.7 OR BA.5.2.8 OR BA.5.2.9 OR BA.5.2.10 OR BA.5.2.11 OR BA.5.2.12 OR BA.5.2.13 OR BA.5.2.14 OR BA.5.2.16 OR BA.5.2.18 OR BA.5.2.19 OR BA.5.2.20 OR BA.5.2.21 OR BA.5.2.22 OR BA.5.2.23 OR BA.5.2.24 OR BA.5.2.25 OR BA.5.2.26 OR BA.5.2.27 OR BA.5.2.28 OR BA.5.2.29 OR BA.5.2.30 OR BA.5.2.31 OR BA.5.2.32 OR BA.5.2.33 OR BA.5.2.34 OR BA.5.2.35 OR BA.5.2.36 OR BA.5.2.37 OR BA.5.2.38 OR BA.5.2.39 OR BA.5.2.40 OR BA.5.2.41 OR BA.5.2.42 OR BA.5.2.43 OR BA.5.2.44 OR BA.5.2.45 OR BA.5.2.46 OR BA.5.2.47 OR BA.5.2.48 OR BA.5.2.49 OR BA.5.3 OR BA.5.3.1 OR BA.5.3.2 OR BA.5.3.3 OR BA.5.3.4 OR BA.5.3.5 OR BA.5.5 OR BA.5.5.1 OR BA.5.5.2 OR BA.5.5.3 OR BA.5.6 OR BA.5.6.1 OR BA.5.6.2 OR BA.5.6.3 OR BA.5.6.4 OR BA.5.7 OR BA.5.8 OR BA.5.9 OR BA.5.10 OR BA.5.10.1 OR BA.5.11 OR BC.1 OR BC.2 OR BD.1 OR BE.1 OR BE.1.1 OR BE.1.1.1 OR BE.1.1.2 OR BE.1.2 OR BE.1.2.1 OR BE.1.3 OR BE.1.4 OR BE.1.4.1 OR BE.1.4.2 OR BE.1.4.3 OR BE.1.4.4 OR BE.2 OR BE.3 OR BE.4 OR BE.4.1 OR BE.4.1.1 OR BE.4.2 OR BE.5 OR BE.6 OR BE.7 OR BE.8 OR BE.9 OR BE.10 OR BF.1 OR BF.1.1 OR BF.2 OR BF.3 OR BF.3.1 OR BF.4 OR BF.5 OR BF.5.1 OR BF.5.2 OR BF.6 OR BF.7 OR BF.7.1 OR BF.7.2 OR BF.7.3 OR BF.7.4 OR BF.7.4.1 OR BF.7.4.2 OR BF.7.5 OR BF.7.5.1 OR BF.7.6 OR BF.7.7 OR BF.7.8 OR BF.7.9 OR BF.7.10 OR BF.7.11 OR BF.7.12 OR BF.7.13 OR BF.7.13.1 OR BF.7.13.2 OR BF.7.14 OR BF.7.15 OR BF.8 OR BF.9 OR BF.10 OR BF.10.1 OR BF.11 OR BF.11.1 OR BF.11.2 OR BF.11.3 OR BF.11.4 OR BF.11.5 OR BF.12 OR BF.13 OR BF.14 OR BF.15 OR BF.16 OR BF.17 OR BF.18 OR BF.19 OR BF.20 OR BF.21 OR BF.22 OR BF.23 OR BF.24 OR BF.25 OR BF.26 OR BF.27 OR BF.28 OR BF.29 OR BF.30 OR BF.31 OR BF.31.1 OR BF.32 OR BF.33 OR BF.34 OR BG.1 OR BG.2 OR BG.3 OR BG.4 OR BG.5 OR BG.6 OR BG.7 OR BH.1 OR BJ.1 OR BK.1 OR BL.1 OR BL.1.1 OR BL.1.2 OR BL.1.3 OR BL.1.4 OR BL.2 OR BL.2.1 OR BL.3 OR BL.4 OR BL.5 OR BL.6 OR BM.1 OR BM.1.1 OR BM.1.1.1 OR BM.1.1.2 OR BM.1.1.3 OR BM.1.1.4 OR BM.1.1.5 OR BM.2 OR BM.2.1 OR BM.2.2 OR BM.2.3 OR BM.3 OR BM.4 OR BM.4.1 OR BM.4.1.1 OR BM.5 OR BM.6 OR BN.1 OR BN.1.1 OR BN.1.1.1 OR BN.1.2 OR BN.1.2.1 OR BN.1.3 OR BN.1.3.1 OR BN.1.3.2 OR BN.1.3.3 OR BN.1.3.4 OR BN.1.4 OR BN.1.4.1 OR BN.1.5 OR BN.1.5.1 OR BN.1.6 OR BN.1.7 OR BN.1.8 OR BN.1.9 OR BN.2 OR BN.2.1 OR BN.3 OR BN.3.1 OR BN.4 OR BN.5 OR BN.6 OR BP.1 OR BQ.1 OR BQ.1.1 OR BQ.1.1.1 OR BQ.1.1.2 OR BQ.1.1.3 OR BQ.1.1.4 OR BQ.1.1.5 OR BQ.1.1.6 OR BQ.1.1.7 OR BQ.1.1.8 OR BQ.1.1.9 OR BQ.1.1.10 OR BQ.1.1.11 OR BQ.1.1.12 OR BQ.1.1.13 OR BQ.1.1.14 OR BQ.1.1.15 OR BQ.1.1.16 OR BQ.1.1.17 OR BQ.1.1.18 OR BQ.1.1.19 OR BQ.1.1.20 OR BQ.1.1.21 OR BQ.1.1.22 OR BQ.1.1.23 OR BQ.1.1.24 OR BQ.1.1.25 OR BQ.1.1.26 OR BQ.1.1.27 OR BQ.1.1.28 OR BQ.1.1.29 OR BQ.1.1.30 OR BQ.1.1.31 OR BQ.1.1.32 OR BQ.1.1.34 OR BQ.1.1.35 OR BQ.1.1.36 OR BQ.1.2 OR BQ.1.3 OR BQ.1.4 OR BQ.1.5 OR BQ.1.6 OR BQ.1.7 OR BQ.1.8 OR BQ.1.8.1 OR BQ.1.8.2 OR BQ.1.9 OR BQ.1.10 OR BQ.1.10.1 OR BQ.1.11 OR BQ.1.12 OR BQ.1.13 OR BQ.1.13.1 OR BQ.1.14 OR BQ.1.15 OR BQ.1.16 OR BQ.1.17 OR BQ.1.18 OR BQ.1.19 OR BQ.1.20 OR BQ.1.21 OR BQ.1.22 OR BQ.1.23 OR BQ.1.24 OR BQ.1.25 OR BQ.1.25.1 OR BQ.1.26 OR BQ.1.26.1 OR BQ.1.27 OR BQ.1.28 OR BQ.2 OR BR.1 OR BR.1.1 OR BR.1.2 OR BR.2 OR BR.2.1 OR BR.3 OR BR.4 OR BS.1 OR BS.1.1 OR BS.1.2 OR BT.1 OR BT.2 OR BU.1 OR BU.2 OR BU.3 OR BV.1 OR BV.2 OR BW.1 OR BW.1.1 OR BY.1 OR BY.1.1 OR BY.1.1.1 OR BY.1.2 OR BY.1.2.1 OR BZ.1 OR CA.1 OR CA.2 OR CA.3 OR CA.3.1 OR CA.4 OR CA.5 OR CA.6 OR CA.7 OR CB.1 OR CC.1 OR CD.1 OR CD.2 OR CE.1 OR CF.1 OR CG.1 OR CH.1 OR CH.1.1 OR CH.1.1.1 OR CH.1.1.2 OR CH.1.1.3 OR CH.1.1.4 OR CH.1.1.5 OR CH.2 OR CH.3 OR CH.3.1 OR CJ.1 OR CJ.1.1 OR CK.1 OR CK.1.1 OR CK.1.2 OR CK.2 OR CK.2.1 OR CK.2.1.1 OR CK.3 OR CL.1 OR CM.1 OR CM.2 OR CM.2.1 OR CM.3 OR CM.4 OR CM.4.1 OR CM.5 OR CM.5.1 OR CM.5.2 OR CM.6 OR CM.6.1 OR CM.7 OR CM.8 OR CM.8.1 OR CM.9 OR CM.10 OR CM.11 OR CM.12 OR CN.1 OR CN.2 OR CP.1 OR CP.1.1 OR CP.1.2 OR CP.1.3 OR CP.2 OR CP.3 OR CP.4 OR CP.5 OR CP.6 OR CQ.1 OR CQ.1.1 OR CQ.2 OR CR.1 OR CR.1.1 OR CR.1.2 OR CR.1.3 OR CR.2 OR CS.1 OR CT.1 OR CU.1 OR CV.1 OR CV.2 OR CW.1 OR CY.1 OR CZ.1 OR DA.1 OR DB.1 OR DB.2 OR DC.1 OR DD.1 OR DE.1 OR DE.2 OR DF.1 OR DF.1.1 OR DG.1 OR DH.1 OR DJ.1 OR DJ.1.1 OR DJ.1.2 OR DJ.1.3 OR DK.1 OR DL.1 OR DM.1 OR DN.1 OR DN.1.1 OR DP.1 OR DQ.1 OR DR.1 OR DS.1 OR DT.1 OR DU.1 OR DV.1,Omicron,6.57142857142857,6.5,0.989130434782609
2022-02-14,3,3,3.66666666666667,3.5,0.954545454545455,0.55523738234236,0.999884667211762,B.1.1.529 OR BA.1 OR BA.1.1 OR BA.1.1.1 OR BA.1.1.2 OR BA.1.1.3 OR BA.1.1.4 OR BA.1.1.5 OR BA.1.1.6 OR BA.1.1.7 OR BA.1.1.8 OR BA.1.1.9 OR BA.1.1.10 OR BA.1.1.11 OR BA.1.1.12 OR BA.1.1.13 OR BA.1.1.14 OR BA.1.1.15 OR BA.1.1.16 OR BA.1.1.17 OR BA.1.1.18 OR BA.1.2 OR BA.1.3 OR BA.1.4 OR BA.1.5 OR BA.1.6 OR BA.1.7 OR BA.1.8 OR BA.1.9 OR BA.1.10 OR BA.1.12 OR BA.1.13 OR BA.1.13.1 OR BA.1.14 OR BA.1.14.1 OR BA.1.14.2 OR BA.1.15 OR BA.1.15.1 OR BA.1.15.2 OR BA.1.15.3 OR BA.1.16 OR BA.1.16.1 OR BA.1.16.2 OR BA.1.17 OR BA.1.17.1 OR BA.1.17.2 OR BA.1.18 OR BA.1.19 OR BA.1.20 OR BA.1.21 OR BA.1.21.1 OR BA.1.22 OR BA.1.23 OR BA.1.24 OR BA.2 OR BA.2.1 OR BA.2.2 OR BA.2.2.1 OR BA.2.3 OR BA.2.3.1 OR BA.2.3.2 OR BA.2.3.4 OR BA.2.3.5 OR BA.2.3.6 OR BA.2.3.7 OR BA.2.3.8 OR BA.2.3.9 OR BA.2.3.10 OR BA.2.3.11 OR BA.2.3.12 OR BA.2.3.13 OR BA.2.3.14 OR BA.2.3.15 OR BA.2.3.16 OR BA.2.3.17 OR BA.2.3.18 OR BA.2.3.19 OR BA.2.3.20 OR BA.2.3.21 OR BA.2.3.22 OR BA.2.4 OR BA.2.5 OR BA.2.6 OR BA.2.7 OR BA.2.8 OR BA.2.9 OR BA.2.9.1 OR BA.2.9.2 OR BA.2.9.3 OR BA.2.9.4 OR BA.2.9.5 OR BA.2.9.6 OR BA.2.9.7 OR BA.2.10 OR BA.2.10.1 OR BA.2.10.2 OR BA.2.10.3 OR BA.2.10.4 OR BA.2.11 OR BA.2.12 OR BA.2.12.1 OR BA.2.12.2 OR BA.2.13 OR BA.2.13.1 OR BA.2.14 OR BA.2.15 OR BA.2.16 OR BA.2.17 OR BA.2.18 OR BA.2.19 OR BA.2.20 OR BA.2.21 OR BA.2.22 OR BA.2.23 OR BA.2.23.1 OR BA.2.24 OR BA.2.25 OR BA.2.25.1 OR BA.2.26 OR BA.2.27 OR BA.2.28 OR BA.2.29 OR BA.2.30 OR BA.2.31 OR BA.2.31.1 OR BA.2.32 OR BA.2.33 OR BA.2.34 OR BA.2.35 OR BA.2.36 OR BA.2.37 OR BA.2.38 OR BA.2.38.1 OR BA.2.38.2 OR BA.2.38.3 OR BA.2.38.4 OR BA.2.39 OR BA.2.40 OR BA.2.40.1 OR BA.2.41 OR BA.2.42 OR BA.2.43 OR BA.2.44 OR BA.2.45 OR BA.2.46 OR BA.2.47 OR BA.2.48 OR BA.2.49 OR BA.2.50 OR BA.2.51 OR BA.2.52 OR BA.2.53 OR BA.2.54 OR BA.2.55 OR BA.2.56 OR BA.2.56.1 OR BA.2.57 OR BA.2.58 OR BA.2.59 OR BA.2.60 OR BA.2.61 OR BA.2.62 OR BA.2.63 OR BA.2.64 OR BA.2.65 OR BA.2.66 OR BA.2.67 OR BA.2.68 OR BA.2.69 OR BA.2.70 OR BA.2.71 OR BA.2.72 OR BA.2.73 OR BA.2.74 OR BA.2.75 OR BA.2.75.1 OR BA.2.75.2 OR BA.2.75.3 OR BA.2.75.4 OR BA.2.75.5 OR BA.2.75.6 OR BA.2.75.7 OR BA.2.75.8 OR BA.2.75.9 OR BA.2.75.10 OR BA.2.76 OR BA.2.76.1 OR BA.2.76.2 OR BA.2.77 OR BA.2.78 OR BA.2.79 OR BA.2.79.1 OR BA.2.80 OR BA.2.81 OR BA.2.82 OR BA.2.83 OR BA.2.85 OR BA.3 OR BA.3.1 OR BA.4 OR BA.4.1 OR BA.4.1.1 OR BA.4.1.2 OR BA.4.1.3 OR BA.4.1.4 OR BA.4.1.5 OR BA.4.1.6 OR BA.4.1.7 OR BA.4.1.8 OR BA.4.1.9 OR BA.4.1.10 OR BA.4.2 OR BA.4.3 OR BA.4.4 OR BA.4.5 OR BA.4.6 OR BA.4.6.1 OR BA.4.6.2 OR BA.4.6.3 OR BA.4.6.4 OR BA.4.6.5 OR BA.4.7 OR BA.4.8 OR BA.5 OR BA.5.1 OR BA.5.1.1 OR BA.5.1.2 OR BA.5.1.3 OR BA.5.1.4 OR BA.5.1.5 OR BA.5.1.6 OR BA.5.1.7 OR BA.5.1.8 OR BA.5.1.9 OR BA.5.1.10 OR BA.5.1.11 OR BA.5.1.12 OR BA.5.1.14 OR BA.5.1.15 OR BA.5.1.16 OR BA.5.1.17 OR BA.5.1.18 OR BA.5.1.19 OR BA.5.1.20 OR BA.5.1.21 OR BA.5.1.22 OR BA.5.1.23 OR BA.5.1.24 OR BA.5.1.25 OR BA.5.1.26 OR BA.5.1.27 OR BA.5.1.28 OR BA.5.1.29 OR BA.5.1.30 OR BA.5.1.31 OR BA.5.1.32 OR BA.5.2 OR BA.5.2.1 OR BA.5.2.2 OR BA.5.2.3 OR BA.5.2.4 OR BA.5.2.5 OR BA.5.2.6 OR BA.5.2.7 OR BA.5.2.8 OR BA.5.2.9 OR BA.5.2.10 OR BA.5.2.11 OR BA.5.2.12 OR BA.5.2.13 OR BA.5.2.14 OR BA.5.2.16 OR BA.5.2.18 OR BA.5.2.19 OR BA.5.2.20 OR BA.5.2.21 OR BA.5.2.22 OR BA.5.2.23 OR BA.5.2.24 OR BA.5.2.25 OR BA.5.2.26 OR BA.5.2.27 OR BA.5.2.28 OR BA.5.2.29 OR BA.5.2.30 OR BA.5.2.31 OR BA.5.2.32 OR BA.5.2.33 OR BA.5.2.34 OR BA.5.2.35 OR BA.5.2.36 OR BA.5.2.37 OR BA.5.2.38 OR BA.5.2.39 OR BA.5.2.40 OR BA.5.2.41 OR BA.5.2.42 OR BA.5.2.43 OR BA.5.2.44 OR BA.5.2.45 OR BA.5.2.46 OR BA.5.2.47 OR BA.5.2.48 OR BA.5.2.49 OR BA.5.3 OR BA.5.3.1 OR BA.5.3.2 OR BA.5.3.3 OR BA.5.3.4 OR BA.5.3.5 OR BA.5.5 OR BA.5.5.1 OR BA.5.5.2 OR BA.5.5.3 OR BA.5.6 OR BA.5.6.1 OR BA.5.6.2 OR BA.5.6.3 OR BA.5.6.4 OR BA.5.7 OR BA.5.8 OR BA.5.9 OR BA.5.10 OR BA.5.10.1 OR BA.5.11 OR BC.1 OR BC.2 OR BD.1 OR BE.1 OR BE.1.1 OR BE.1.1.1 OR BE.1.1.2 OR BE.1.2 OR BE.1.2.1 OR BE.1.3 OR BE.1.4 OR BE.1.4.1 OR BE.1.4.2 OR BE.1.4.3 OR BE.1.4.4 OR BE.2 OR BE.3 OR BE.4 OR BE.4.1 OR BE.4.1.1 OR BE.4.2 OR BE.5 OR BE.6 OR BE.7 OR BE.8 OR BE.9 OR BE.10 OR BF.1 OR BF.1.1 OR BF.2 OR BF.3 OR BF.3.1 OR BF.4 OR BF.5 OR BF.5.1 OR BF.5.2 OR BF.6 OR BF.7 OR BF.7.1 OR BF.7.2 OR BF.7.3 OR BF.7.4 OR BF.7.4.1 OR BF.7.4.2 OR BF.7.5 OR BF.7.5.1 OR BF.7.6 OR BF.7.7 OR BF.7.8 OR BF.7.9 OR BF.7.10 OR BF.7.11 OR BF.7.12 OR BF.7.13 OR BF.7.13.1 OR BF.7.13.2 OR BF.7.14 OR BF.7.15 OR BF.8 OR BF.9 OR BF.10 OR BF.10.1 OR BF.11 OR BF.11.1 OR BF.11.2 OR BF.11.3 OR BF.11.4 OR BF.11.5 OR BF.12 OR BF.13 OR BF.14 OR BF.15 OR BF.16 OR BF.17 OR BF.18 OR BF.19 OR BF.20 OR BF.21 OR BF.22 OR BF.23 OR BF.24 OR BF.25 OR BF.26 OR BF.27 OR BF.28 OR BF.29 OR BF.30 OR BF.31 OR BF.31.1 OR BF.32 OR BF.33 OR BF.34 OR BG.1 OR BG.2 OR BG.3 OR BG.4 OR BG.5 OR BG.6 OR BG.7 OR BH.1 OR BJ.1 OR BK.1 OR BL.1 OR BL.1.1 OR BL.1.2 OR BL.1.3 OR BL.1.4 OR BL.2 OR BL.2.1 OR BL.3 OR BL.4 OR BL.5 OR BL.6 OR BM.1 OR BM.1.1 OR BM.1.1.1 OR BM.1.1.2 OR BM.1.1.3 OR BM.1.1.4 OR BM.1.1.5 OR BM.2 OR BM.2.1 OR BM.2.2 OR BM.2.3 OR BM.3 OR BM.4 OR BM.4.1 OR BM.4.1.1 OR BM.5 OR BM.6 OR BN.1 OR BN.1.1 OR BN.1.1.1 OR BN.1.2 OR BN.1.2.1 OR BN.1.3 OR BN.1.3.1 OR BN.1.3.2 OR BN.1.3.3 OR BN.1.3.4 OR BN.1.4 OR BN.1.4.1 OR BN.1.5 OR BN.1.5.1 OR BN.1.6 OR BN.1.7 OR BN.1.8 OR BN.1.9 OR BN.2 OR BN.2.1 OR BN.3 OR BN.3.1 OR BN.4 OR BN.5 OR BN.6 OR BP.1 OR BQ.1 OR BQ.1.1 OR BQ.1.1.1 OR BQ.1.1.2 OR BQ.1.1.3 OR BQ.1.1.4 OR BQ.1.1.5 OR BQ.1.1.6 OR BQ.1.1.7 OR BQ.1.1.8 OR BQ.1.1.9 OR BQ.1.1.10 OR BQ.1.1.11 OR BQ.1.1.12 OR BQ.1.1.13 OR BQ.1.1.14 OR BQ.1.1.15 OR BQ.1.1.16 OR BQ.1.1.17 OR BQ.1.1.18 OR BQ.1.1.19 OR BQ.1.1.20 OR BQ.1.1.21 OR BQ.1.1.22 OR BQ.1.1.23 OR BQ.1.1.24 OR BQ.1.1.25 OR BQ.1.1.26 OR BQ.1.1.27 OR BQ.1.1.28 OR BQ.1.1.29 OR BQ.1.1.30 OR BQ.1.1.31 OR BQ.1.1.32 OR BQ.1.1.34 OR BQ.1.1.35 OR BQ.1.1.36 OR BQ.1.2 OR BQ.1.3 OR BQ.1.4 OR BQ.1.5 OR BQ.1.6 OR BQ.1.7 OR BQ.1.8 OR BQ.1.8.1 OR BQ.1.8.2 OR BQ.1.9 OR BQ.1.10 OR BQ.1.10.1 OR BQ.1.11 OR BQ.1.12 OR BQ.1.13 OR BQ.1.13.1 OR BQ.1.14 OR BQ.1.15 OR BQ.1.16 OR BQ.1.17 OR BQ.1.18 OR BQ.1.19 OR BQ.1.20 OR BQ.1.21 OR BQ.1.22 OR BQ.1.23 OR BQ.1.24 OR BQ.1.25 OR BQ.1.25.1 OR BQ.1.26 OR BQ.1.26.1 OR BQ.1.27 OR BQ.1.28 OR BQ.2 OR BR.1 OR BR.1.1 OR BR.1.2 OR BR.2 OR BR.2.1 OR BR.3 OR BR.4 OR BS.1 OR BS.1.1 OR BS.1.2 OR BT.1 OR BT.2 OR BU.1 OR BU.2 OR BU.3 OR BV.1 OR BV.2 OR BW.1 OR BW.1.1 OR BY.1 OR BY.1.1 OR BY.1.1.1 OR BY.1.2 OR BY.1.2.1 OR BZ.1 OR CA.1 OR CA.2 OR CA.3 OR CA.3.1 OR CA.4 OR CA.5 OR CA.6 OR CA.7 OR CB.1 OR CC.1 OR CD.1 OR CD.2 OR CE.1 OR CF.1 OR CG.1 OR CH.1 OR CH.1.1 OR CH.1.1.1 OR CH.1.1.2 OR CH.1.1.3 OR CH.1.1.4 OR CH.1.1.5 OR CH.2 OR CH.3 OR CH.3.1 OR CJ.1 OR CJ.1.1 OR CK.1 OR CK.1.1 OR CK.1.2 OR CK.2 OR CK.2.1 OR CK.2.1.1 OR CK.3 OR CL.1 OR CM.1 OR CM.2 OR CM.2.1 OR CM.3 OR CM.4 OR CM.4.1 OR CM.5 OR CM.5.1 OR CM.5.2 OR CM.6 OR CM.6.1 OR CM.7 OR CM.8 OR CM.8.1 OR CM.9 OR CM.10 OR CM.11 OR CM.12 OR CN.1 OR CN.2 OR CP.1 OR CP.1.1 OR CP.1.2 OR CP.1.3 OR CP.2 OR CP.3 OR CP.4 OR CP.5 OR CP.6 OR CQ.1 OR CQ.1.1 OR CQ.2 OR CR.1 OR CR.1.1 OR CR.1.2 OR CR.1.3 OR CR.2 OR CS.1 OR CT.1 OR CU.1 OR CV.1 OR CV.2 OR CW.1 OR CY.1 OR CZ.1 OR DA.1 OR DB.1 OR DB.2 OR DC.1 OR DD.1 OR DE.1 OR DE.2 OR DF.1 OR DF.1.1 OR DG.1 OR DH.1 OR DJ.1 OR DJ.1.1 OR DJ.1.2 OR DJ.1.3 OR DK.1 OR DL.1 OR DM.1 OR DN.1 OR DN.1.1 OR DP.1 OR DQ.1 OR DR.1 OR DS.1 OR DT.1 OR DU.1 OR DV.1,Omicron,6.5,6.42857142857143,0.989010989010989
2022-02-15,5,5,3.16666666666667,3,0.947368421052632,0.46441675695705,0.999849363974563,B.1.1.529 OR BA.1 OR BA.1.1 OR BA.1.1.1 OR BA.1.1.2 OR BA.1.1.3 OR BA.1.1.4 OR BA.1.1.5 OR BA.1.1.6 OR BA.1.1.7 OR BA.1.1.8 OR BA.1.1.9 OR BA.1.1.10 OR BA.1.1.11 OR BA.1.1.12 OR BA.1.1.13 OR BA.1.1.14 OR BA.1.1.15 OR BA.1.1.16 OR BA.1.1.17 OR BA.1.1.18 OR BA.1.2 OR BA.1.3 OR BA.1.4 OR BA.1.5 OR BA.1.6 OR BA.1.7 OR BA.1.8 OR BA.1.9 OR BA.1.10 OR BA.1.12 OR BA.1.13 OR BA.1.13.1 OR BA.1.14 OR BA.1.14.1 OR BA.1.14.2 OR BA.1.15 OR BA.1.15.1 OR BA.1.15.2 OR BA.1.15.3 OR BA.1.16 OR BA.1.16.1 OR BA.1.16.2 OR BA.1.17 OR BA.1.17.1 OR BA.1.17.2 OR BA.1.18 OR BA.1.19 OR BA.1.20 OR BA.1.21 OR BA.1.21.1 OR BA.1.22 OR BA.1.23 OR BA.1.24 OR BA.2 OR BA.2.1 OR BA.2.2 OR BA.2.2.1 OR BA.2.3 OR BA.2.3.1 OR BA.2.3.2 OR BA.2.3.4 OR BA.2.3.5 OR BA.2.3.6 OR BA.2.3.7 OR BA.2.3.8 OR BA.2.3.9 OR BA.2.3.10 OR BA.2.3.11 OR BA.2.3.12 OR BA.2.3.13 OR BA.2.3.14 OR BA.2.3.15 OR BA.2.3.16 OR BA.2.3.17 OR BA.2.3.18 OR BA.2.3.19 OR BA.2.3.20 OR BA.2.3.21 OR BA.2.3.22 OR BA.2.4 OR BA.2.5 OR BA.2.6 OR BA.2.7 OR BA.2.8 OR BA.2.9 OR BA.2.9.1 OR BA.2.9.2 OR BA.2.9.3 OR BA.2.9.4 OR BA.2.9.5 OR BA.2.9.6 OR BA.2.9.7 OR BA.2.10 OR BA.2.10.1 OR BA.2.10.2 OR BA.2.10.3 OR BA.2.10.4 OR BA.2.11 OR BA.2.12 OR BA.2.12.1 OR BA.2.12.2 OR BA.2.13 OR BA.2.13.1 OR BA.2.14 OR BA.2.15 OR BA.2.16 OR BA.2.17 OR BA.2.18 OR BA.2.19 OR BA.2.20 OR BA.2.21 OR BA.2.22 OR BA.2.23 OR BA.2.23.1 OR BA.2.24 OR BA.2.25 OR BA.2.25.1 OR BA.2.26 OR BA.2.27 OR BA.2.28 OR BA.2.29 OR BA.2.30 OR BA.2.31 OR BA.2.31.1 OR BA.2.32 OR BA.2.33 OR BA.2.34 OR BA.2.35 OR BA.2.36 OR BA.2.37 OR BA.2.38 OR BA.2.38.1 OR BA.2.38.2 OR BA.2.38.3 OR BA.2.38.4 OR BA.2.39 OR BA.2.40 OR BA.2.40.1 OR BA.2.41 OR BA.2.42 OR BA.2.43 OR BA.2.44 OR BA.2.45 OR BA.2.46 OR BA.2.47 OR BA.2.48 OR BA.2.49 OR BA.2.50 OR BA.2.51 OR BA.2.52 OR BA.2.53 OR BA.2.54 OR BA.2.55 OR BA.2.56 OR BA.2.56.1 OR BA.2.57 OR BA.2.58 OR BA.2.59 OR BA.2.60 OR BA.2.61 OR BA.2.62 OR BA.2.63 OR BA.2.64 OR BA.2.65 OR BA.2.66 OR BA.2.67 OR BA.2.68 OR BA.2.69 OR BA.2.70 OR BA.2.71 OR BA.2.72 OR BA.2.73 OR BA.2.74 OR BA.2.75 OR BA.2.75.1 OR BA.2.75.2 OR BA.2.75.3 OR BA.2.75.4 OR BA.2.75.5 OR BA.2.75.6 OR BA.2.75.7 OR BA.2.75.8 OR BA.2.75.9 OR BA.2.75.10 OR BA.2.76 OR BA.2.76.1 OR BA.2.76.2 OR BA.2.77 OR BA.2.78 OR BA.2.79 OR BA.2.79.1 OR BA.2.80 OR BA.2.81 OR BA.2.82 OR BA.2.83 OR BA.2.85 OR BA.3 OR BA.3.1 OR BA.4 OR BA.4.1 OR BA.4.1.1 OR BA.4.1.2 OR BA.4.1.3 OR BA.4.1.4 OR BA.4.1.5 OR BA.4.1.6 OR BA.4.1.7 OR BA.4.1.8 OR BA.4.1.9 OR BA.4.1.10 OR BA.4.2 OR BA.4.3 OR BA.4.4 OR BA.4.5 OR BA.4.6 OR BA.4.6.1 OR BA.4.6.2 OR BA.4.6.3 OR BA.4.6.4 OR BA.4.6.5 OR BA.4.7 OR BA.4.8 OR BA.5 OR BA.5.1 OR BA.5.1.1 OR BA.5.1.2 OR BA.5.1.3 OR BA.5.1.4 OR BA.5.1.5 OR BA.5.1.6 OR BA.5.1.7 OR BA.5.1.8 OR BA.5.1.9 OR BA.5.1.10 OR BA.5.1.11 OR BA.5.1.12 OR BA.5.1.14 OR BA.5.1.15 OR BA.5.1.16 OR BA.5.1.17 OR BA.5.1.18 OR BA.5.1.19 OR BA.5.1.20 OR BA.5.1.21 OR BA.5.1.22 OR BA.5.1.23 OR BA.5.1.24 OR BA.5.1.25 OR BA.5.1.26 OR BA.5.1.27 OR BA.5.1.28 OR BA.5.1.29 OR BA.5.1.30 OR BA.5.1.31 OR BA.5.1.32 OR BA.5.2 OR BA.5.2.1 OR BA.5.2.2 OR BA.5.2.3 OR BA.5.2.4 OR BA.5.2.5 OR BA.5.2.6 OR BA.5.2.7 OR BA.5.2.8 OR BA.5.2.9 OR BA.5.2.10 OR BA.5.2.11 OR BA.5.2.12 OR BA.5.2.13 OR BA.5.2.14 OR BA.5.2.16 OR BA.5.2.18 OR BA.5.2.19 OR BA.5.2.20 OR BA.5.2.21 OR BA.5.2.22 OR BA.5.2.23 OR BA.5.2.24 OR BA.5.2.25 OR BA.5.2.26 OR BA.5.2.27 OR BA.5.2.28 OR BA.5.2.29 OR BA.5.2.30 OR BA.5.2.31 OR BA.5.2.32 OR BA.5.2.33 OR BA.5.2.34 OR BA.5.2.35 OR BA.5.2.36 OR BA.5.2.37 OR BA.5.2.38 OR BA.5.2.39 OR BA.5.2.40 OR BA.5.2.41 OR BA.5.2.42 OR BA.5.2.43 OR BA.5.2.44 OR BA.5.2.45 OR BA.5.2.46 OR BA.5.2.47 OR BA.5.2.48 OR BA.5.2.49 OR BA.5.3 OR BA.5.3.1 OR BA.5.3.2 OR BA.5.3.3 OR BA.5.3.4 OR BA.5.3.5 OR BA.5.5 OR BA.5.5.1 OR BA.5.5.2 OR BA.5.5.3 OR BA.5.6 OR BA.5.6.1 OR BA.5.6.2 OR BA.5.6.3 OR BA.5.6.4 OR BA.5.7 OR BA.5.8 OR BA.5.9 OR BA.5.10 OR BA.5.10.1 OR BA.5.11 OR BC.1 OR BC.2 OR BD.1 OR BE.1 OR BE.1.1 OR BE.1.1.1 OR BE.1.1.2 OR BE.1.2 OR BE.1.2.1 OR BE.1.3 OR BE.1.4 OR BE.1.4.1 OR BE.1.4.2 OR BE.1.4.3 OR BE.1.4.4 OR BE.2 OR BE.3 OR BE.4 OR BE.4.1 OR BE.4.1.1 OR BE.4.2 OR BE.5 OR BE.6 OR BE.7 OR BE.8 OR BE.9 OR BE.10 OR BF.1 OR BF.1.1 OR BF.2 OR BF.3 OR BF.3.1 OR BF.4 OR BF.5 OR BF.5.1 OR BF.5.2 OR BF.6 OR BF.7 OR BF.7.1 OR BF.7.2 OR BF.7.3 OR BF.7.4 OR BF.7.4.1 OR BF.7.4.2 OR BF.7.5 OR BF.7.5.1 OR BF.7.6 OR BF.7.7 OR BF.7.8 OR BF.7.9 OR BF.7.10 OR BF.7.11 OR BF.7.12 OR BF.7.13 OR BF.7.13.1 OR BF.7.13.2 OR BF.7.14 OR BF.7.15 OR BF.8 OR BF.9 OR BF.10 OR BF.10.1 OR BF.11 OR BF.11.1 OR BF.11.2 OR BF.11.3 OR BF.11.4 OR BF.11.5 OR BF.12 OR BF.13 OR BF.14 OR BF.15 OR BF.16 OR BF.17 OR BF.18 OR BF.19 OR BF.20 OR BF.21 OR BF.22 OR BF.23 OR BF.24 OR BF.25 OR BF.26 OR BF.27 OR BF.28 OR BF.29 OR BF.30 OR BF.31 OR BF.31.1 OR BF.32 OR BF.33 OR BF.34 OR BG.1 OR BG.2 OR BG.3 OR BG.4 OR BG.5 OR BG.6 OR BG.7 OR BH.1 OR BJ.1 OR BK.1 OR BL.1 OR BL.1.1 OR BL.1.2 OR BL.1.3 OR BL.1.4 OR BL.2 OR BL.2.1 OR BL.3 OR BL.4 OR BL.5 OR BL.6 OR BM.1 OR BM.1.1 OR BM.1.1.1 OR BM.1.1.2 OR BM.1.1.3 OR BM.1.1.4 OR BM.1.1.5 OR BM.2 OR BM.2.1 OR BM.2.2 OR BM.2.3 OR BM.3 OR BM.4 OR BM.4.1 OR BM.4.1.1 OR BM.5 OR BM.6 OR BN.1 OR BN.1.1 OR BN.1.1.1 OR BN.1.2 OR BN.1.2.1 OR BN.1.3 OR BN.1.3.1 OR BN.1.3.2 OR BN.1.3.3 OR BN.1.3.4 OR BN.1.4 OR BN.1.4.1 OR BN.1.5 OR BN.1.5.1 OR BN.1.6 OR BN.1.7 OR BN.1.8 OR BN.1.9 OR BN.2 OR BN.2.1 OR BN.3 OR BN.3.1 OR BN.4 OR BN.5 OR BN.6 OR BP.1 OR BQ.1 OR BQ.1.1 OR BQ.1.1.1 OR BQ.1.1.2 OR BQ.1.1.3 OR BQ.1.1.4 OR BQ.1.1.5 OR BQ.1.1.6 OR BQ.1.1.7 OR BQ.1.1.8 OR BQ.1.1.9 OR BQ.1.1.10 OR BQ.1.1.11 OR BQ.1.1.12 OR BQ.1.1.13 OR BQ.1.1.14 OR BQ.1.1.15 OR BQ.1.1.16 OR BQ.1.1.17 OR BQ.1.1.18 OR BQ.1.1.19 OR BQ.1.1.20 OR BQ.1.1.21 OR BQ.1.1.22 OR BQ.1.1.23 OR BQ.1.1.24 OR BQ.1.1.25 OR BQ.1.1.26 OR BQ.1.1.27 OR BQ.1.1.28 OR BQ.1.1.29 OR BQ.1.1.30 OR BQ.1.1.31 OR BQ.1.1.32 OR BQ.1.1.34 OR BQ.1.1.35 OR BQ.1.1.36 OR BQ.1.2 OR BQ.1.3 OR BQ.1.4 OR BQ.1.5 OR BQ.1.6 OR BQ.1.7 OR BQ.1.8 OR BQ.1.8.1 OR BQ.1.8.2 OR BQ.1.9 OR BQ.1.10 OR BQ.1.10.1 OR BQ.1.11 OR BQ.1.12 OR BQ.1.13 OR BQ.1.13.1 OR BQ.1.14 OR BQ.1.15 OR BQ.1.16 OR BQ.1.17 OR BQ.1.18 OR BQ.1.19 OR BQ.1.20 OR BQ.1.21 OR BQ.1.22 OR BQ.1.23 OR BQ.1.24 OR BQ.1.25 OR BQ.1.25.1 OR BQ.1.26 OR BQ.1.26.1 OR BQ.1.27 OR BQ.1.28 OR BQ.2 OR BR.1 OR BR.1.1 OR BR.1.2 OR BR.2 OR BR.2.1 OR BR.3 OR BR.4 OR BS.1 OR BS.1.1 OR BS.1.2 OR BT.1 OR BT.2 OR BU.1 OR BU.2 OR BU.3 OR BV.1 OR BV.2 OR BW.1 OR BW.1.1 OR BY.1 OR BY.1.1 OR BY.1.1.1 OR BY.1.2 OR BY.1.2.1 OR BZ.1 OR CA.1 OR CA.2 OR CA.3 OR CA.3.1 OR CA.4 OR CA.5 OR CA.6 OR CA.7 OR CB.1 OR CC.1 OR CD.1 OR CD.2 OR CE.1 OR CF.1 OR CG.1 OR CH.1 OR CH.1.1 OR CH.1.1.1 OR CH.1.1.2 OR CH.1.1.3 OR CH.1.1.4 OR CH.1.1.5 OR CH.2 OR CH.3 OR CH.3.1 OR CJ.1 OR CJ.1.1 OR CK.1 OR CK.1.1 OR CK.1.2 OR CK.2 OR CK.2.1 OR CK.2.1.1 OR CK.3 OR CL.1 OR CM.1 OR CM.2 OR CM.2.1 OR CM.3 OR CM.4 OR CM.4.1 OR CM.5 OR CM.5.1 OR CM.5.2 OR CM.6 OR CM.6.1 OR CM.7 OR CM.8 OR CM.8.1 OR CM.9 OR CM.10 OR CM.11 OR CM.12 OR CN.1 OR CN.2 OR CP.1 OR CP.1.1 OR CP.1.2 OR CP.1.3 OR CP.2 OR CP.3 OR CP.4 OR CP.5 OR CP.6 OR CQ.1 OR CQ.1.1 OR CQ.2 OR CR.1 OR CR.1.1 OR CR.1.2 OR CR.1.3 OR CR.2 OR CS.1 OR CT.1 OR CU.1 OR CV.1 OR CV.2 OR CW.1 OR CY.1 OR CZ.1 OR DA.1 OR DB.1 OR DB.2 OR DC.1 OR DD.1 OR DE.1 OR DE.2 OR DF.1 OR DF.1.1 OR DG.1 OR DH.1 OR DJ.1 OR DJ.1.1 OR DJ.1.2 OR DJ.1.3 OR DK.1 OR DL.1 OR DM.1 OR DN.1 OR DN.1.1 OR DP.1 OR DQ.1 OR DR.1 OR DS.1 OR DT.1 OR DU.1 OR DV.1,Omicron,6.71428571428571,6.64285714285714,0.98936170212766
2022-02-16,3,3,3.33333333333333,3.16666666666667,0.95,0.46441675695705,0.999849363974563,B.1.1.529 OR BA.1 OR BA.1.1 OR BA.1.1.1 OR BA.1.1.2 OR BA.1.1.3 OR BA.1.1.4 OR BA.1.1.5 OR BA.1.1.6 OR BA.1.1.7 OR BA.1.1.8 OR BA.1.1.9 OR BA.1.1.10 OR BA.1.1.11 OR BA.1.1.12 OR BA.1.1.13 OR BA.1.1.14 OR BA.1.1.15 OR BA.1.1.16 OR BA.1.1.17 OR BA.1.1.18 OR BA.1.2 OR BA.1.3 OR BA.1.4 OR BA.1.5 OR BA.1.6 OR BA.1.7 OR BA.1.8 OR BA.1.9 OR BA.1.10 OR BA.1.12 OR BA.1.13 OR BA.1.13.1 OR BA.1.14 OR BA.1.14.1 OR BA.1.14.2 OR BA.1.15 OR BA.1.15.1 OR BA.1.15.2 OR BA.1.15.3 OR BA.1.16 OR BA.1.16.1 OR BA.1.16.2 OR BA.1.17 OR BA.1.17.1 OR BA.1.17.2 OR BA.1.18 OR BA.1.19 OR BA.1.20 OR BA.1.21 OR BA.1.21.1 OR BA.1.22 OR BA.1.23 OR BA.1.24 OR BA.2 OR BA.2.1 OR BA.2.2 OR BA.2.2.1 OR BA.2.3 OR BA.2.3.1 OR BA.2.3.2 OR BA.2.3.4 OR BA.2.3.5 OR BA.2.3.6 OR BA.2.3.7 OR BA.2.3.8 OR BA.2.3.9 OR BA.2.3.10 OR BA.2.3.11 OR BA.2.3.12 OR BA.2.3.13 OR BA.2.3.14 OR BA.2.3.15 OR BA.2.3.16 OR BA.2.3.17 OR BA.2.3.18 OR BA.2.3.19 OR BA.2.3.20 OR BA.2.3.21 OR BA.2.3.22 OR BA.2.4 OR BA.2.5 OR BA.2.6 OR BA.2.7 OR BA.2.8 OR BA.2.9 OR BA.2.9.1 OR BA.2.9.2 OR BA.2.9.3 OR BA.2.9.4 OR BA.2.9.5 OR BA.2.9.6 OR BA.2.9.7 OR BA.2.10 OR BA.2.10.1 OR BA.2.10.2 OR BA.2.10.3 OR BA.2.10.4 OR BA.2.11 OR BA.2.12 OR BA.2.12.1 OR BA.2.12.2 OR BA.2.13 OR BA.2.13.1 OR BA.2.14 OR BA.2.15 OR BA.2.16 OR BA.2.17 OR BA.2.18 OR BA.2.19 OR BA.2.20 OR BA.2.21 OR BA.2.22 OR BA.2.23 OR BA.2.23.1 OR BA.2.24 OR BA.2.25 OR BA.2.25.1 OR BA.2.26 OR BA.2.27 OR BA.2.28 OR BA.2.29 OR BA.2.30 OR BA.2.31 OR BA.2.31.1 OR BA.2.32 OR BA.2.33 OR BA.2.34 OR BA.2.35 OR BA.2.36 OR BA.2.37 OR BA.2.38 OR BA.2.38.1 OR BA.2.38.2 OR BA.2.38.3 OR BA.2.38.4 OR BA.2.39 OR BA.2.40 OR BA.2.40.1 OR BA.2.41 OR BA.2.42 OR BA.2.43 OR BA.2.44 OR BA.2.45 OR BA.2.46 OR BA.2.47 OR BA.2.48 OR BA.2.49 OR BA.2.50 OR BA.2.51 OR BA.2.52 OR BA.2.53 OR BA.2.54 OR BA.2.55 OR BA.2.56 OR BA.2.56.1 OR BA.2.57 OR BA.2.58 OR BA.2.59 OR BA.2.60 OR BA.2.61 OR BA.2.62 OR BA.2.63 OR BA.2.64 OR BA.2.65 OR BA.2.66 OR BA.2.67 OR BA.2.68 OR BA.2.69 OR BA.2.70 OR BA.2.71 OR BA.2.72 OR BA.2.73 OR BA.2.74 OR BA.2.75 OR BA.2.75.1 OR BA.2.75.2 OR BA.2.75.3 OR BA.2.75.4 OR BA.2.75.5 OR BA.2.75.6 OR BA.2.75.7 OR BA.2.75.8 OR BA.2.75.9 OR BA.2.75.10 OR BA.2.76 OR BA.2.76.1 OR BA.2.76.2 OR BA.2.77 OR BA.2.78 OR BA.2.79 OR BA.2.79.1 OR BA.2.80 OR BA.2.81 OR BA.2.82 OR BA.2.83 OR BA.2.85 OR BA.3 OR BA.3.1 OR BA.4 OR BA.4.1 OR BA.4.1.1 OR BA.4.1.2 OR BA.4.1.3 OR BA.4.1.4 OR BA.4.1.5 OR BA.4.1.6 OR BA.4.1.7 OR BA.4.1.8 OR BA.4.1.9 OR BA.4.1.10 OR BA.4.2 OR BA.4.3 OR BA.4.4 OR BA.4.5 OR BA.4.6 OR BA.4.6.1 OR BA.4.6.2 OR BA.4.6.3 OR BA.4.6.4 OR BA.4.6.5 OR BA.4.7 OR BA.4.8 OR BA.5 OR BA.5.1 OR BA.5.1.1 OR BA.5.1.2 OR BA.5.1.3 OR BA.5.1.4 OR BA.5.1.5 OR BA.5.1.6 OR BA.5.1.7 OR BA.5.1.8 OR BA.5.1.9 OR BA.5.1.10 OR BA.5.1.11 OR BA.5.1.12 OR BA.5.1.14 OR BA.5.1.15 OR BA.5.1.16 OR BA.5.1.17 OR BA.5.1.18 OR BA.5.1.19 OR BA.5.1.20 OR BA.5.1.21 OR BA.5.1.22 OR BA.5.1.23 OR BA.5.1.24 OR BA.5.1.25 OR BA.5.1.26 OR BA.5.1.27 OR BA.5.1.28 OR BA.5.1.29 OR BA.5.1.30 OR BA.5.1.31 OR BA.5.1.32 OR BA.5.2 OR BA.5.2.1 OR BA.5.2.2 OR BA.5.2.3 OR BA.5.2.4 OR BA.5.2.5 OR BA.5.2.6 OR BA.5.2.7 OR BA.5.2.8 OR BA.5.2.9 OR BA.5.2.10 OR BA.5.2.11 OR BA.5.2.12 OR BA.5.2.13 OR BA.5.2.14 OR BA.5.2.16 OR BA.5.2.18 OR BA.5.2.19 OR BA.5.2.20 OR BA.5.2.21 OR BA.5.2.22 OR BA.5.2.23 OR BA.5.2.24 OR BA.5.2.25 OR BA.5.2.26 OR BA.5.2.27 OR BA.5.2.28 OR BA.5.2.29 OR BA.5.2.30 OR BA.5.2.31 OR BA.5.2.32 OR BA.5.2.33 OR BA.5.2.34 OR BA.5.2.35 OR BA.5.2.36 OR BA.5.2.37 OR BA.5.2.38 OR BA.5.2.39 OR BA.5.2.40 OR BA.5.2.41 OR BA.5.2.42 OR BA.5.2.43 OR BA.5.2.44 OR BA.5.2.45 OR BA.5.2.46 OR BA.5.2.47 OR BA.5.2.48 OR BA.5.2.49 OR BA.5.3 OR BA.5.3.1 OR BA.5.3.2 OR BA.5.3.3 OR BA.5.3.4 OR BA.5.3.5 OR BA.5.5 OR BA.5.5.1 OR BA.5.5.2 OR BA.5.5.3 OR BA.5.6 OR BA.5.6.1 OR BA.5.6.2 OR BA.5.6.3 OR BA.5.6.4 OR BA.5.7 OR BA.5.8 OR BA.5.9 OR BA.5.10 OR BA.5.10.1 OR BA.5.11 OR BC.1 OR BC.2 OR BD.1 OR BE.1 OR BE.1.1 OR BE.1.1.1 OR BE.1.1.2 OR BE.1.2 OR BE.1.2.1 OR BE.1.3 OR BE.1.4 OR BE.1.4.1 OR BE.1.4.2 OR BE.1.4.3 OR BE.1.4.4 OR BE.2 OR BE.3 OR BE.4 OR BE.4.1 OR BE.4.1.1 OR BE.4.2 OR BE.5 OR BE.6 OR BE.7 OR BE.8 OR BE.9 OR BE.10 OR BF.1 OR BF.1.1 OR BF.2 OR BF.3 OR BF.3.1 OR BF.4 OR BF.5 OR BF.5.1 OR BF.5.2 OR BF.6 OR BF.7 OR BF.7.1 OR BF.7.2 OR BF.7.3 OR BF.7.4 OR BF.7.4.1 OR BF.7.4.2 OR BF.7.5 OR BF.7.5.1 OR BF.7.6 OR BF.7.7 OR BF.7.8 OR BF.7.9 OR BF.7.10 OR BF.7.11 OR BF.7.12 OR BF.7.13 OR BF.7.13.1 OR BF.7.13.2 OR BF.7.14 OR BF.7.15 OR BF.8 OR BF.9 OR BF.10 OR BF.10.1 OR BF.11 OR BF.11.1 OR BF.11.2 OR BF.11.3 OR BF.11.4 OR BF.11.5 OR BF.12 OR BF.13 OR BF.14 OR BF.15 OR BF.16 OR BF.17 OR BF.18 OR BF.19 OR BF.20 OR BF.21 OR BF.22 OR BF.23 OR BF.24 OR BF.25 OR BF.26 OR BF.27 OR BF.28 OR BF.29 OR BF.30 OR BF.31 OR BF.31.1 OR BF.32 OR BF.33 OR BF.34 OR BG.1 OR BG.2 OR BG.3 OR BG.4 OR BG.5 OR BG.6 OR BG.7 OR BH.1 OR BJ.1 OR BK.1 OR BL.1 OR BL.1.1 OR BL.1.2 OR BL.1.3 OR BL.1.4 OR BL.2 OR BL.2.1 OR BL.3 OR BL.4 OR BL.5 OR BL.6 OR BM.1 OR BM.1.1 OR BM.1.1.1 OR BM.1.1.2 OR BM.1.1.3 OR BM.1.1.4 OR BM.1.1.5 OR BM.2 OR BM.2.1 OR BM.2.2 OR BM.2.3 OR BM.3 OR BM.4 OR BM.4.1 OR BM.4.1.1 OR BM.5 OR BM.6 OR BN.1 OR BN.1.1 OR BN.1.1.1 OR BN.1.2 OR BN.1.2.1 OR BN.1.3 OR BN.1.3.1 OR BN.1.3.2 OR BN.1.3.3 OR BN.1.3.4 OR BN.1.4 OR BN.1.4.1 OR BN.1.5 OR BN.1.5.1 OR BN.1.6 OR BN.1.7 OR BN.1.8 OR BN.1.9 OR BN.2 OR BN.2.1 OR BN.3 OR BN.3.1 OR BN.4 OR BN.5 OR BN.6 OR BP.1 OR BQ.1 OR BQ.1.1 OR BQ.1.1.1 OR BQ.1.1.2 OR BQ.1.1.3 OR BQ.1.1.4 OR BQ.1.1.5 OR BQ.1.1.6 OR BQ.1.1.7 OR BQ.1.1.8 OR BQ.1.1.9 OR BQ.1.1.10 OR BQ.1.1.11 OR BQ.1.1.12 OR BQ.1.1.13 OR BQ.1.1.14 OR BQ.1.1.15 OR BQ.1.1.16 OR BQ.1.1.17 OR BQ.1.1.18 OR BQ.1.1.19 OR BQ.1.1.20 OR BQ.1.1.21 OR BQ.1.1.22 OR BQ.1.1.23 OR BQ.1.1.24 OR BQ.1.1.25 OR BQ.1.1.26 OR BQ.1.1.27 OR BQ.1.1.28 OR BQ.1.1.29 OR BQ.1.1.30 OR BQ.1.1.31 OR BQ.1.1.32 OR BQ.1.1.34 OR BQ.1.1.35 OR BQ.1.1.36 OR BQ.1.2 OR BQ.1.3 OR BQ.1.4 OR BQ.1.5 OR BQ.1.6 OR BQ.1.7 OR BQ.1.8 OR BQ.1.8.1 OR BQ.1.8.2 OR BQ.1.9 OR BQ.1.10 OR BQ.1.10.1 OR BQ.1.11 OR BQ.1.12 OR BQ.1.13 OR BQ.1.13.1 OR BQ.1.14 OR BQ.1.15 OR BQ.1.16 OR BQ.1.17 OR BQ.1.18 OR BQ.1.19 OR BQ.1.20 OR BQ.1.21 OR BQ.1.22 OR BQ.1.23 OR BQ.1.24 OR BQ.1.25 OR BQ.1.25.1 OR BQ.1.26 OR BQ.1.26.1 OR BQ.1.27 OR BQ.1.28 OR BQ.2 OR BR.1 OR BR.1.1 OR BR.1.2 OR BR.2 OR BR.2.1 OR BR.3 OR BR.4 OR BS.1 OR BS.1.1 OR BS.1.2 OR BT.1 OR BT.2 OR BU.1 OR BU.2 OR BU.3 OR BV.1 OR BV.2 OR BW.1 OR BW.1.1 OR BY.1 OR BY.1.1 OR BY.1.1.1 OR BY.1.2 OR BY.1.2.1 OR BZ.1 OR CA.1 OR CA.2 OR CA.3 OR CA.3.1 OR CA.4 OR CA.5 OR CA.6 OR CA.7 OR CB.1 OR CC.1 OR CD.1 OR CD.2 OR CE.1 OR CF.1 OR CG.1 OR CH.1 OR CH.1.1 OR CH.1.1.1 OR CH.1.1.2 OR CH.1.1.3 OR CH.1.1.4 OR CH.1.1.5 OR CH.2 OR CH.3 OR CH.3.1 OR CJ.1 OR CJ.1.1 OR CK.1 OR CK.1.1 OR CK.1.2 OR CK.2 OR CK.2.1 OR CK.2.1.1 OR CK.3 OR CL.1 OR CM.1 OR CM.2 OR CM.2.1 OR CM.3 OR CM.4 OR CM.4.1 OR CM.5 OR CM.5.1 OR CM.5.2 OR CM.6 OR CM.6.1 OR CM.7 OR CM.8 OR CM.8.1 OR CM.9 OR CM.10 OR CM.11 OR CM.12 OR CN.1 OR CN.2 OR CP.1 OR CP.1.1 OR CP.1.2 OR CP.1.3 OR CP.2 OR CP.3 OR CP.4 OR CP.5 OR CP.6 OR CQ.1 OR CQ.1.1 OR CQ.2 OR CR.1 OR CR.1.1 OR CR.1.2 OR CR.1.3 OR CR.2 OR CS.1 OR CT.1 OR CU.1 OR CV.1 OR CV.2 OR CW.1 OR CY.1 OR CZ.1 OR DA.1 OR DB.1 OR DB.2 OR DC.1 OR DD.1 OR DE.1 OR DE.2 OR DF.1 OR DF.1.1 OR DG.1 OR DH.1 OR DJ.1 OR DJ.1.1 OR DJ.1.2 OR DJ.1.3 OR DK.1 OR DL.1 OR DM.1 OR DN.1 OR DN.1.1 OR DP.1 OR DQ.1 OR DR.1 OR DS.1 OR DT.1 OR DU.1 OR DV.1,Omicron,6.21428571428571,6.14285714285714,0.988505747126437
2022-02-17,1,1,3.16666666666667,3.16666666666667,1,0.46441675695705,0.999849363974563,B.1.1.529 OR BA.1 OR BA.1.1 OR BA.1.1.1 OR BA.1.1.2 OR BA.1.1.3 OR BA.1.1.4 OR BA.1.1.5 OR BA.1.1.6 OR BA.1.1.7 OR BA.1.1.8 OR BA.1.1.9 OR BA.1.1.10 OR BA.1.1.11 OR BA.1.1.12 OR BA.1.1.13 OR BA.1.1.14 OR BA.1.1.15 OR BA.1.1.16 OR BA.1.1.17 OR BA.1.1.18 OR BA.1.2 OR BA.1.3 OR BA.1.4 OR BA.1.5 OR BA.1.6 OR BA.1.7 OR BA.1.8 OR BA.1.9 OR BA.1.10 OR BA.1.12 OR BA.1.13 OR BA.1.13.1 OR BA.1.14 OR BA.1.14.1 OR BA.1.14.2 OR BA.1.15 OR BA.1.15.1 OR BA.1.15.2 OR BA.1.15.3 OR BA.1.16 OR BA.1.16.1 OR BA.1.16.2 OR BA.1.17 OR BA.1.17.1 OR BA.1.17.2 OR BA.1.18 OR BA.1.19 OR BA.1.20 OR BA.1.21 OR BA.1.21.1 OR BA.1.22 OR BA.1.23 OR BA.1.24 OR BA.2 OR BA.2.1 OR BA.2.2 OR BA.2.2.1 OR BA.2.3 OR BA.2.3.1 OR BA.2.3.2 OR BA.2.3.4 OR BA.2.3.5 OR BA.2.3.6 OR BA.2.3.7 OR BA.2.3.8 OR BA.2.3.9 OR BA.2.3.10 OR BA.2.3.11 OR BA.2.3.12 OR BA.2.3.13 OR BA.2.3.14 OR BA.2.3.15 OR BA.2.3.16 OR BA.2.3.17 OR BA.2.3.18 OR BA.2.3.19 OR BA.2.3.20 OR BA.2.3.21 OR BA.2.3.22 OR BA.2.4 OR BA.2.5 OR BA.2.6 OR BA.2.7 OR BA.2.8 OR BA.2.9 OR BA.2.9.1 OR BA.2.9.2 OR BA.2.9.3 OR BA.2.9.4 OR BA.2.9.5 OR BA.2.9.6 OR BA.2.9.7 OR BA.2.10 OR BA.2.10.1 OR BA.2.10.2 OR BA.2.10.3 OR BA.2.10.4 OR BA.2.11 OR BA.2.12 OR BA.2.12.1 OR BA.2.12.2 OR BA.2.13 OR BA.2.13.1 OR BA.2.14 OR BA.2.15 OR BA.2.16 OR BA.2.17 OR BA.2.18 OR BA.2.19 OR BA.2.20 OR BA.2.21 OR BA.2.22 OR BA.2.23 OR BA.2.23.1 OR BA.2.24 OR BA.2.25 OR BA.2.25.1 OR BA.2.26 OR BA.2.27 OR BA.2.28 OR BA.2.29 OR BA.2.30 OR BA.2.31 OR BA.2.31.1 OR BA.2.32 OR BA.2.33 OR BA.2.34 OR BA.2.35 OR BA.2.36 OR BA.2.37 OR BA.2.38 OR BA.2.38.1 OR BA.2.38.2 OR BA.2.38.3 OR BA.2.38.4 OR BA.2.39 OR BA.2.40 OR BA.2.40.1 OR BA.2.41 OR BA.2.42 OR BA.2.43 OR BA.2.44 OR BA.2.45 OR BA.2.46 OR BA.2.47 OR BA.2.48 OR BA.2.49 OR BA.2.50 OR BA.2.51 OR BA.2.52 OR BA.2.53 OR BA.2.54 OR BA.2.55 OR BA.2.56 OR BA.2.56.1 OR BA.2.57 OR BA.2.58 OR BA.2.59 OR BA.2.60 OR BA.2.61 OR BA.2.62 OR BA.2.63 OR BA.2.64 OR BA.2.65 OR BA.2.66 OR BA.2.67 OR BA.2.68 OR BA.2.69 OR BA.2.70 OR BA.2.71 OR BA.2.72 OR BA.2.73 OR BA.2.74 OR BA.2.75 OR BA.2.75.1 OR BA.2.75.2 OR BA.2.75.3 OR BA.2.75.4 OR BA.2.75.5 OR BA.2.75.6 OR BA.2.75.7 OR BA.2.75.8 OR BA.2.75.9 OR BA.2.75.10 OR BA.2.76 OR BA.2.76.1 OR BA.2.76.2 OR BA.2.77 OR BA.2.78 OR BA.2.79 OR BA.2.79.1 OR BA.2.80 OR BA.2.81 OR BA.2.82 OR BA.2.83 OR BA.2.85 OR BA.3 OR BA.3.1 OR BA.4 OR BA.4.1 OR BA.4.1.1 OR BA.4.1.2 OR BA.4.1.3 OR BA.4.1.4 OR BA.4.1.5 OR BA.4.1.6 OR BA.4.1.7 OR BA.4.1.8 OR BA.4.1.9 OR BA.4.1.10 OR BA.4.2 OR BA.4.3 OR BA.4.4 OR BA.4.5 OR BA.4.6 OR BA.4.6.1 OR BA.4.6.2 OR BA.4.6.3 OR BA.4.6.4 OR BA.4.6.5 OR BA.4.7 OR BA.4.8 OR BA.5 OR BA.5.1 OR BA.5.1.1 OR BA.5.1.2 OR BA.5.1.3 OR BA.5.1.4 OR BA.5.1.5 OR BA.5.1.6 OR BA.5.1.7 OR BA.5.1.8 OR BA.5.1.9 OR BA.5.1.10 OR BA.5.1.11 OR BA.5.1.12 OR BA.5.1.14 OR BA.5.1.15 OR BA.5.1.16 OR BA.5.1.17 OR BA.5.1.18 OR BA.5.1.19 OR BA.5.1.20 OR BA.5.1.21 OR BA.5.1.22 OR BA.5.1.23 OR BA.5.1.24 OR BA.5.1.25 OR BA.5.1.26 OR BA.5.1.27 OR BA.5.1.28 OR BA.5.1.29 OR BA.5.1.30 OR BA.5.1.31 OR BA.5.1.32 OR BA.5.2 OR BA.5.2.1 OR BA.5.2.2 OR BA.5.2.3 OR BA.5.2.4 OR BA.5.2.5 OR BA.5.2.6 OR BA.5.2.7 OR BA.5.2.8 OR BA.5.2.9 OR BA.5.2.10 OR BA.5.2.11 OR BA.5.2.12 OR BA.5.2.13 OR BA.5.2.14 OR BA.5.2.16 OR BA.5.2.18 OR BA.5.2.19 OR BA.5.2.20 OR BA.5.2.21 OR BA.5.2.22 OR BA.5.2.23 OR BA.5.2.24 OR BA.5.2.25 OR BA.5.2.26 OR BA.5.2.27 OR BA.5.2.28 OR BA.5.2.29 OR BA.5.2.30 OR BA.5.2.31 OR BA.5.2.32 OR BA.5.2.33 OR BA.5.2.34 OR BA.5.2.35 OR BA.5.2.36 OR BA.5.2.37 OR BA.5.2.38 OR BA.5.2.39 OR BA.5.2.40 OR BA.5.2.41 OR BA.5.2.42 OR BA.5.2.43 OR BA.5.2.44 OR BA.5.2.45 OR BA.5.2.46 OR BA.5.2.47 OR BA.5.2.48 OR BA.5.2.49 OR BA.5.3 OR BA.5.3.1 OR BA.5.3.2 OR BA.5.3.3 OR BA.5.3.4 OR BA.5.3.5 OR BA.5.5 OR BA.5.5.1 OR BA.5.5.2 OR BA.5.5.3 OR BA.5.6 OR BA.5.6.1 OR BA.5.6.2 OR BA.5.6.3 OR BA.5.6.4 OR BA.5.7 OR BA.5.8 OR BA.5.9 OR BA.5.10 OR BA.5.10.1 OR BA.5.11 OR BC.1 OR BC.2 OR BD.1 OR BE.1 OR BE.1.1 OR BE.1.1.1 OR BE.1.1.2 OR BE.1.2 OR BE.1.2.1 OR BE.1.3 OR BE.1.4 OR BE.1.4.1 OR BE.1.4.2 OR BE.1.4.3 OR BE.1.4.4 OR BE.2 OR BE.3 OR BE.4 OR BE.4.1 OR BE.4.1.1 OR BE.4.2 OR BE.5 OR BE.6 OR BE.7 OR BE.8 OR BE.9 OR BE.10 OR BF.1 OR BF.1.1 OR BF.2 OR BF.3 OR BF.3.1 OR BF.4 OR BF.5 OR BF.5.1 OR BF.5.2 OR BF.6 OR BF.7 OR BF.7.1 OR BF.7.2 OR BF.7.3 OR BF.7.4 OR BF.7.4.1 OR BF.7.4.2 OR BF.7.5 OR BF.7.5.1 OR BF.7.6 OR BF.7.7 OR BF.7.8 OR BF.7.9 OR BF.7.10 OR BF.7.11 OR BF.7.12 OR BF.7.13 OR BF.7.13.1 OR BF.7.13.2 OR BF.7.14 OR BF.7.15 OR BF.8 OR BF.9 OR BF.10 OR BF.10.1 OR BF.11 OR BF.11.1 OR BF.11.2 OR BF.11.3 OR BF.11.4 OR BF.11.5 OR BF.12 OR BF.13 OR BF.14 OR BF.15 OR BF.16 OR BF.17 OR BF.18 OR BF.19 OR BF.20 OR BF.21 OR BF.22 OR BF.23 OR BF.24 OR BF.25 OR BF.26 OR BF.27 OR BF.28 OR BF.29 OR BF.30 OR BF.31 OR BF.31.1 OR BF.32 OR BF.33 OR BF.34 OR BG.1 OR BG.2 OR BG.3 OR BG.4 OR BG.5 OR BG.6 OR BG.7 OR BH.1 OR BJ.1 OR BK.1 OR BL.1 OR BL.1.1 OR BL.1.2 OR BL.1.3 OR BL.1.4 OR BL.2 OR BL.2.1 OR BL.3 OR BL.4 OR BL.5 OR BL.6 OR BM.1 OR BM.1.1 OR BM.1.1.1 OR BM.1.1.2 OR BM.1.1.3 OR BM.1.1.4 OR BM.1.1.5 OR BM.2 OR BM.2.1 OR BM.2.2 OR BM.2.3 OR BM.3 OR BM.4 OR BM.4.1 OR BM.4.1.1 OR BM.5 OR BM.6 OR BN.1 OR BN.1.1 OR BN.1.1.1 OR BN.1.2 OR BN.1.2.1 OR BN.1.3 OR BN.1.3.1 OR BN.1.3.2 OR BN.1.3.3 OR BN.1.3.4 OR BN.1.4 OR BN.1.4.1 OR BN.1.5 OR BN.1.5.1 OR BN.1.6 OR BN.1.7 OR BN.1.8 OR BN.1.9 OR BN.2 OR BN.2.1 OR BN.3 OR BN.3.1 OR BN.4 OR BN.5 OR BN.6 OR BP.1 OR BQ.1 OR BQ.1.1 OR BQ.1.1.1 OR BQ.1.1.2 OR BQ.1.1.3 OR BQ.1.1.4 OR BQ.1.1.5 OR BQ.1.1.6 OR BQ.1.1.7 OR BQ.1.1.8 OR BQ.1.1.9 OR BQ.1.1.10 OR BQ.1.1.11 OR BQ.1.1.12 OR BQ.1.1.13 OR BQ.1.1.14 OR BQ.1.1.15 OR BQ.1.1.16 OR BQ.1.1.17 OR BQ.1.1.18 OR BQ.1.1.19 OR BQ.1.1.20 OR BQ.1.1.21 OR BQ.1.1.22 OR BQ.1.1.23 OR BQ.1.1.24 OR BQ.1.1.25 OR BQ.1.1.26 OR BQ.1.1.27 OR BQ.1.1.28 OR BQ.1.1.29 OR BQ.1.1.30 OR BQ.1.1.31 OR BQ.1.1.32 OR BQ.1.1.34 OR BQ.1.1.35 OR BQ.1.1.36 OR BQ.1.2 OR BQ.1.3 OR BQ.1.4 OR BQ.1.5 OR BQ.1.6 OR BQ.1.7 OR BQ.1.8 OR BQ.1.8.1 OR BQ.1.8.2 OR BQ.1.9 OR BQ.1.10 OR BQ.1.10.1 OR BQ.1.11 OR BQ.1.12 OR BQ.1.13 OR BQ.1.13.1 OR BQ.1.14 OR BQ.1.15 OR BQ.1.16 OR BQ.1.17 OR BQ.1.18 OR BQ.1.19 OR BQ.1.20 OR BQ.1.21 OR BQ.1.22 OR BQ.1.23 OR BQ.1.24 OR BQ.1.25 OR BQ.1.25.1 OR BQ.1.26 OR BQ.1.26.1 OR BQ.1.27 OR BQ.1.28 OR BQ.2 OR BR.1 OR BR.1.1 OR BR.1.2 OR BR.2 OR BR.2.1 OR BR.3 OR BR.4 OR BS.1 OR BS.1.1 OR BS.1.2 OR BT.1 OR BT.2 OR BU.1 OR BU.2 OR BU.3 OR BV.1 OR BV.2 OR BW.1 OR BW.1.1 OR BY.1 OR BY.1.1 OR BY.1.1.1 OR BY.1.2 OR BY.1.2.1 OR BZ.1 OR CA.1 OR CA.2 OR CA.3 OR CA.3.1 OR CA.4 OR CA.5 OR CA.6 OR CA.7 OR CB.1 OR CC.1 OR CD.1 OR CD.2 OR CE.1 OR CF.1 OR CG.1 OR CH.1 OR CH.1.1 OR CH.1.1.1 OR CH.1.1.2 OR CH.1.1.3 OR CH.1.1.4 OR CH.1.1.5 OR CH.2 OR CH.3 OR CH.3.1 OR CJ.1 OR CJ.1.1 OR CK.1 OR CK.1.1 OR CK.1.2 OR CK.2 OR CK.2.1 OR CK.2.1.1 OR CK.3 OR CL.1 OR CM.1 OR CM.2 OR CM.2.1 OR CM.3 OR CM.4 OR CM.4.1 OR CM.5 OR CM.5.1 OR CM.5.2 OR CM.6 OR CM.6.1 OR CM.7 OR CM.8 OR CM.8.1 OR CM.9 OR CM.10 OR CM.11 OR CM.12 OR CN.1 OR CN.2 OR CP.1 OR CP.1.1 OR CP.1.2 OR CP.1.3 OR CP.2 OR CP.3 OR CP.4 OR CP.5 OR CP.6 OR CQ.1 OR CQ.1.1 OR CQ.2 OR CR.1 OR CR.1.1 OR CR.1.2 OR CR.1.3 OR CR.2 OR CS.1 OR CT.1 OR CU.1 OR CV.1 OR CV.2 OR CW.1 OR CY.1 OR CZ.1 OR DA.1 OR DB.1 OR DB.2 OR DC.1 OR DD.1 OR DE.1 OR DE.2 OR DF.1 OR DF.1.1 OR DG.1 OR DH.1 OR DJ.1 OR DJ.1.1 OR DJ.1.2 OR DJ.1.3 OR DK.1 OR DL.1 OR DM.1 OR DN.1 OR DN.1.1 OR DP.1 OR DQ.1 OR DR.1 OR DS.1 OR DT.1 OR DU.1 OR DV.1,Omicron,5.14285714285714,5.07142857142857,0.986111111111111
2022-02-18,2,2,2.66666666666667,2.66666666666667,1,0.46441675695705,0.999849363974563,B.1.1.529 OR BA.1 OR BA.1.1 OR BA.1.1.1 OR BA.1.1.2 OR BA.1.1.3 OR BA.1.1.4 OR BA.1.1.5 OR BA.1.1.6 OR BA.1.1.7 OR BA.1.1.8 OR BA.1.1.9 OR BA.1.1.10 OR BA.1.1.11 OR BA.1.1.12 OR BA.1.1.13 OR BA.1.1.14 OR BA.1.1.15 OR BA.1.1.16 OR BA.1.1.17 OR BA.1.1.18 OR BA.1.2 OR BA.1.3 OR BA.1.4 OR BA.1.5 OR BA.1.6 OR BA.1.7 OR BA.1.8 OR BA.1.9 OR BA.1.10 OR BA.1.12 OR BA.1.13 OR BA.1.13.1 OR BA.1.14 OR BA.1.14.1 OR BA.1.14.2 OR BA.1.15 OR BA.1.15.1 OR BA.1.15.2 OR BA.1.15.3 OR BA.1.16 OR BA.1.16.1 OR BA.1.16.2 OR BA.1.17 OR BA.1.17.1 OR BA.1.17.2 OR BA.1.18 OR BA.1.19 OR BA.1.20 OR BA.1.21 OR BA.1.21.1 OR BA.1.22 OR BA.1.23 OR BA.1.24 OR BA.2 OR BA.2.1 OR BA.2.2 OR BA.2.2.1 OR BA.2.3 OR BA.2.3.1 OR BA.2.3.2 OR BA.2.3.4 OR BA.2.3.5 OR BA.2.3.6 OR BA.2.3.7 OR BA.2.3.8 OR BA.2.3.9 OR BA.2.3.10 OR BA.2.3.11 OR BA.2.3.12 OR BA.2.3.13 OR BA.2.3.14 OR BA.2.3.15 OR BA.2.3.16 OR BA.2.3.17 OR BA.2.3.18 OR BA.2.3.19 OR BA.2.3.20 OR BA.2.3.21 OR BA.2.3.22 OR BA.2.4 OR BA.2.5 OR BA.2.6 OR BA.2.7 OR BA.2.8 OR BA.2.9 OR BA.2.9.1 OR BA.2.9.2 OR BA.2.9.3 OR BA.2.9.4 OR BA.2.9.5 OR BA.2.9.6 OR BA.2.9.7 OR BA.2.10 OR BA.2.10.1 OR BA.2.10.2 OR BA.2.10.3 OR BA.2.10.4 OR BA.2.11 OR BA.2.12 OR BA.2.12.1 OR BA.2.12.2 OR BA.2.13 OR BA.2.13.1 OR BA.2.14 OR BA.2.15 OR BA.2.16 OR BA.2.17 OR BA.2.18 OR BA.2.19 OR BA.2.20 OR BA.2.21 OR BA.2.22 OR BA.2.23 OR BA.2.23.1 OR BA.2.24 OR BA.2.25 OR BA.2.25.1 OR BA.2.26 OR BA.2.27 OR BA.2.28 OR BA.2.29 OR BA.2.30 OR BA.2.31 OR BA.2.31.1 OR BA.2.32 OR BA.2.33 OR BA.2.34 OR BA.2.35 OR BA.2.36 OR BA.2.37 OR BA.2.38 OR BA.2.38.1 OR BA.2.38.2 OR BA.2.38.3 OR BA.2.38.4 OR BA.2.39 OR BA.2.40 OR BA.2.40.1 OR BA.2.41 OR BA.2.42 OR BA.2.43 OR BA.2.44 OR BA.2.45 OR BA.2.46 OR BA.2.47 OR BA.2.48 OR BA.2.49 OR BA.2.50 OR BA.2.51 OR BA.2.52 OR BA.2.53 OR BA.2.54 OR BA.2.55 OR BA.2.56 OR BA.2.56.1 OR BA.2.57 OR BA.2.58 OR BA.2.59 OR BA.2.60 OR BA.2.61 OR BA.2.62 OR BA.2.63 OR BA.2.64 OR BA.2.65 OR BA.2.66 OR BA.2.67 OR BA.2.68 OR BA.2.69 OR BA.2.70 OR BA.2.71 OR BA.2.72 OR BA.2.73 OR BA.2.74 OR BA.2.75 OR BA.2.75.1 OR BA.2.75.2 OR BA.2.75.3 OR BA.2.75.4 OR BA.2.75.5 OR BA.2.75.6 OR BA.2.75.7 OR BA.2.75.8 OR BA.2.75.9 OR BA.2.75.10 OR BA.2.76 OR BA.2.76.1 OR BA.2.76.2 OR BA.2.77 OR BA.2.78 OR BA.2.79 OR BA.2.79.1 OR BA.2.80 OR BA.2.81 OR BA.2.82 OR BA.2.83 OR BA.2.85 OR BA.3 OR BA.3.1 OR BA.4 OR BA.4.1 OR BA.4.1.1 OR BA.4.1.2 OR BA.4.1.3 OR BA.4.1.4 OR BA.4.1.5 OR BA.4.1.6 OR BA.4.1.7 OR BA.4.1.8 OR BA.4.1.9 OR BA.4.1.10 OR BA.4.2 OR BA.4.3 OR BA.4.4 OR BA.4.5 OR BA.4.6 OR BA.4.6.1 OR BA.4.6.2 OR BA.4.6.3 OR BA.4.6.4 OR BA.4.6.5 OR BA.4.7 OR BA.4.8 OR BA.5 OR BA.5.1 OR BA.5.1.1 OR BA.5.1.2 OR BA.5.1.3 OR BA.5.1.4 OR BA.5.1.5 OR BA.5.1.6 OR BA.5.1.7 OR BA.5.1.8 OR BA.5.1.9 OR BA.5.1.10 OR BA.5.1.11 OR BA.5.1.12 OR BA.5.1.14 OR BA.5.1.15 OR BA.5.1.16 OR BA.5.1.17 OR BA.5.1.18 OR BA.5.1.19 OR BA.5.1.20 OR BA.5.1.21 OR BA.5.1.22 OR BA.5.1.23 OR BA.5.1.24 OR BA.5.1.25 OR BA.5.1.26 OR BA.5.1.27 OR BA.5.1.28 OR BA.5.1.29 OR BA.5.1.30 OR BA.5.1.31 OR BA.5.1.32 OR BA.5.2 OR BA.5.2.1 OR BA.5.2.2 OR BA.5.2.3 OR BA.5.2.4 OR BA.5.2.5 OR BA.5.2.6 OR BA.5.2.7 OR BA.5.2.8 OR BA.5.2.9 OR BA.5.2.10 OR BA.5.2.11 OR BA.5.2.12 OR BA.5.2.13 OR BA.5.2.14 OR BA.5.2.16 OR BA.5.2.18 OR BA.5.2.19 OR BA.5.2.20 OR BA.5.2.21 OR BA.5.2.22 OR BA.5.2.23 OR BA.5.2.24 OR BA.5.2.25 OR BA.5.2.26 OR BA.5.2.27 OR BA.5.2.28 OR BA.5.2.29 OR BA.5.2.30 OR BA.5.2.31 OR BA.5.2.32 OR BA.5.2.33 OR BA.5.2.34 OR BA.5.2.35 OR BA.5.2.36 OR BA.5.2.37 OR BA.5.2.38 OR BA.5.2.39 OR BA.5.2.40 OR BA.5.2.41 OR BA.5.2.42 OR BA.5.2.43 OR BA.5.2.44 OR BA.5.2.45 OR BA.5.2.46 OR BA.5.2.47 OR BA.5.2.48 OR BA.5.2.49 OR BA.5.3 OR BA.5.3.1 OR BA.5.3.2 OR BA.5.3.3 OR BA.5.3.4 OR BA.5.3.5 OR BA.5.5 OR BA.5.5.1 OR BA.5.5.2 OR BA.5.5.3 OR BA.5.6 OR BA.5.6.1 OR BA.5.6.2 OR BA.5.6.3 OR BA.5.6.4 OR BA.5.7 OR BA.5.8 OR BA.5.9 OR BA.5.10 OR BA.5.10.1 OR BA.5.11 OR BC.1 OR BC.2 OR BD.1 OR BE.1 OR BE.1.1 OR BE.1.1.1 OR BE.1.1.2 OR BE.1.2 OR BE.1.2.1 OR BE.1.3 OR BE.1.4 OR BE.1.4.1 OR BE.1.4.2 OR BE.1.4.3 OR BE.1.4.4 OR BE.2 OR BE.3 OR BE.4 OR BE.4.1 OR BE.4.1.1 OR BE.4.2 OR BE.5 OR BE.6 OR BE.7 OR BE.8 OR BE.9 OR BE.10 OR BF.1 OR BF.1.1 OR BF.2 OR BF.3 OR BF.3.1 OR BF.4 OR BF.5 OR BF.5.1 OR BF.5.2 OR BF.6 OR BF.7 OR BF.7.1 OR BF.7.2 OR BF.7.3 OR BF.7.4 OR BF.7.4.1 OR BF.7.4.2 OR BF.7.5 OR BF.7.5.1 OR BF.7.6 OR BF.7.7 OR BF.7.8 OR BF.7.9 OR BF.7.10 OR BF.7.11 OR BF.7.12 OR BF.7.13 OR BF.7.13.1 OR BF.7.13.2 OR BF.7.14 OR BF.7.15 OR BF.8 OR BF.9 OR BF.10 OR BF.10.1 OR BF.11 OR BF.11.1 OR BF.11.2 OR BF.11.3 OR BF.11.4 OR BF.11.5 OR BF.12 OR BF.13 OR BF.14 OR BF.15 OR BF.16 OR BF.17 OR BF.18 OR BF.19 OR BF.20 OR BF.21 OR BF.22 OR BF.23 OR BF.24 OR BF.25 OR BF.26 OR BF.27 OR BF.28 OR BF.29 OR BF.30 OR BF.31 OR BF.31.1 OR BF.32 OR BF.33 OR BF.34 OR BG.1 OR BG.2 OR BG.3 OR BG.4 OR BG.5 OR BG.6 OR BG.7 OR BH.1 OR BJ.1 OR BK.1 OR BL.1 OR BL.1.1 OR BL.1.2 OR BL.1.3 OR BL.1.4 OR BL.2 OR BL.2.1 OR BL.3 OR BL.4 OR BL.5 OR BL.6 OR BM.1 OR BM.1.1 OR BM.1.1.1 OR BM.1.1.2 OR BM.1.1.3 OR BM.1.1.4 OR BM.1.1.5 OR BM.2 OR BM.2.1 OR BM.2.2 OR BM.2.3 OR BM.3 OR BM.4 OR BM.4.1 OR BM.4.1.1 OR BM.5 OR BM.6 OR BN.1 OR BN.1.1 OR BN.1.1.1 OR BN.1.2 OR BN.1.2.1 OR BN.1.3 OR BN.1.3.1 OR BN.1.3.2 OR BN.1.3.3 OR BN.1.3.4 OR BN.1.4 OR BN.1.4.1 OR BN.1.5 OR BN.1.5.1 OR BN.1.6 OR BN.1.7 OR BN.1.8 OR BN.1.9 OR BN.2 OR BN.2.1 OR BN.3 OR BN.3.1 OR BN.4 OR BN.5 OR BN.6 OR BP.1 OR BQ.1 OR BQ.1.1 OR BQ.1.1.1 OR BQ.1.1.2 OR BQ.1.1.3 OR BQ.1.1.4 OR BQ.1.1.5 OR BQ.1.1.6 OR BQ.1.1.7 OR BQ.1.1.8 OR BQ.1.1.9 OR BQ.1.1.10 OR BQ.1.1.11 OR BQ.1.1.12 OR BQ.1.1.13 OR BQ.1.1.14 OR BQ.1.1.15 OR BQ.1.1.16 OR BQ.1.1.17 OR BQ.1.1.18 OR BQ.1.1.19 OR BQ.1.1.20 OR BQ.1.1.21 OR BQ.1.1.22 OR BQ.1.1.23 OR BQ.1.1.24 OR BQ.1.1.25 OR BQ.1.1.26 OR BQ.1.1.27 OR BQ.1.1.28 OR BQ.1.1.29 OR BQ.1.1.30 OR BQ.1.1.31 OR BQ.1.1.32 OR BQ.1.1.34 OR BQ.1.1.35 OR BQ.1.1.36 OR BQ.1.2 OR BQ.1.3 OR BQ.1.4 OR BQ.1.5 OR BQ.1.6 OR BQ.1.7 OR BQ.1.8 OR BQ.1.8.1 OR BQ.1.8.2 OR BQ.1.9 OR BQ.1.10 OR BQ.1.10.1 OR BQ.1.11 OR BQ.1.12 OR BQ.1.13 OR BQ.1.13.1 OR BQ.1.14 OR BQ.1.15 OR BQ.1.16 OR BQ.1.17 OR BQ.1.18 OR BQ.1.19 OR BQ.1.20 OR BQ.1.21 OR BQ.1.22 OR BQ.1.23 OR BQ.1.24 OR BQ.1.25 OR BQ.1.25.1 OR BQ.1.26 OR BQ.1.26.1 OR BQ.1.27 OR BQ.1.28 OR BQ.2 OR BR.1 OR BR.1.1 OR BR.1.2 OR BR.2 OR BR.2.1 OR BR.3 OR BR.4 OR BS.1 OR BS.1.1 OR BS.1.2 OR BT.1 OR BT.2 OR BU.1 OR BU.2 OR BU.3 OR BV.1 OR BV.2 OR BW.1 OR BW.1.1 OR BY.1 OR BY.1.1 OR BY.1.1.1 OR BY.1.2 OR BY.1.2.1 OR BZ.1 OR CA.1 OR CA.2 OR CA.3 OR CA.3.1 OR CA.4 OR CA.5 OR CA.6 OR CA.7 OR CB.1 OR CC.1 OR CD.1 OR CD.2 OR CE.1 OR CF.1 OR CG.1 OR CH.1 OR CH.1.1 OR CH.1.1.1 OR CH.1.1.2 OR CH.1.1.3 OR CH.1.1.4 OR CH.1.1.5 OR CH.2 OR CH.3 OR CH.3.1 OR CJ.1 OR CJ.1.1 OR CK.1 OR CK.1.1 OR CK.1.2 OR CK.2 OR CK.2.1 OR CK.2.1.1 OR CK.3 OR CL.1 OR CM.1 OR CM.2 OR CM.2.1 OR CM.3 OR CM.4 OR CM.4.1 OR CM.5 OR CM.5.1 OR CM.5.2 OR CM.6 OR CM.6.1 OR CM.7 OR CM.8 OR CM.8.1 OR CM.9 OR CM.10 OR CM.11 OR CM.12 OR CN.1 OR CN.2 OR CP.1 OR CP.1.1 OR CP.1.2 OR CP.1.3 OR CP.2 OR CP.3 OR CP.4 OR CP.5 OR CP.6 OR CQ.1 OR CQ.1.1 OR CQ.2 OR CR.1 OR CR.1.1 OR CR.1.2 OR CR.1.3 OR CR.2 OR CS.1 OR CT.1 OR CU.1 OR CV.1 OR CV.2 OR CW.1 OR CY.1 OR CZ.1 OR DA.1 OR DB.1 OR DB.2 OR DC.1 OR DD.1 OR DE.1 OR DE.2 OR DF.1 OR DF.1.1 OR DG.1 OR DH.1 OR DJ.1 OR DJ.1.1 OR DJ.1.2 OR DJ.1.3 OR DK.1 OR DL.1 OR DM.1 OR DN.1 OR DN.1.1 OR DP.1 OR DQ.1 OR DR.1 OR DS.1 OR DT.1 OR DU.1 OR DV.1,Omicron,4.85714285714286,4.78571428571429,0.985294117647059
2022-02-19,2,2,2.57142857142857,2.57142857142857,1,0.46441675695705,0.999849363974563,B.1.1.529 OR BA.1 OR BA.1.1 OR BA.1.1.1 OR BA.1.1.2 OR BA.1.1.3 OR BA.1.1.4 OR BA.1.1.5 OR BA.1.1.6 OR BA.1.1.7 OR BA.1.1.8 OR BA.1.1.9 OR BA.1.1.10 OR BA.1.1.11 OR BA.1.1.12 OR BA.1.1.13 OR BA.1.1.14 OR BA.1.1.15 OR BA.1.1.16 OR BA.1.1.17 OR BA.1.1.18 OR BA.1.2 OR BA.1.3 OR BA.1.4 OR BA.1.5 OR BA.1.6 OR BA.1.7 OR BA.1.8 OR BA.1.9 OR BA.1.10 OR BA.1.12 OR BA.1.13 OR BA.1.13.1 OR BA.1.14 OR BA.1.14.1 OR BA.1.14.2 OR BA.1.15 OR BA.1.15.1 OR BA.1.15.2 OR BA.1.15.3 OR BA.1.16 OR BA.1.16.1 OR BA.1.16.2 OR BA.1.17 OR BA.1.17.1 OR BA.1.17.2 OR BA.1.18 OR BA.1.19 OR BA.1.20 OR BA.1.21 OR BA.1.21.1 OR BA.1.22 OR BA.1.23 OR BA.1.24 OR BA.2 OR BA.2.1 OR BA.2.2 OR BA.2.2.1 OR BA.2.3 OR BA.2.3.1 OR BA.2.3.2 OR BA.2.3.4 OR BA.2.3.5 OR BA.2.3.6 OR BA.2.3.7 OR BA.2.3.8 OR BA.2.3.9 OR BA.2.3.10 OR BA.2.3.11 OR BA.2.3.12 OR BA.2.3.13 OR BA.2.3.14 OR BA.2.3.15 OR BA.2.3.16 OR BA.2.3.17 OR BA.2.3.18 OR BA.2.3.19 OR BA.2.3.20 OR BA.2.3.21 OR BA.2.3.22 OR BA.2.4 OR BA.2.5 OR BA.2.6 OR BA.2.7 OR BA.2.8 OR BA.2.9 OR BA.2.9.1 OR BA.2.9.2 OR BA.2.9.3 OR BA.2.9.4 OR BA.2.9.5 OR BA.2.9.6 OR BA.2.9.7 OR BA.2.10 OR BA.2.10.1 OR BA.2.10.2 OR BA.2.10.3 OR BA.2.10.4 OR BA.2.11 OR BA.2.12 OR BA.2.12.1 OR BA.2.12.2 OR BA.2.13 OR BA.2.13.1 OR BA.2.14 OR BA.2.15 OR BA.2.16 OR BA.2.17 OR BA.2.18 OR BA.2.19 OR BA.2.20 OR BA.2.21 OR BA.2.22 OR BA.2.23 OR BA.2.23.1 OR BA.2.24 OR BA.2.25 OR BA.2.25.1 OR BA.2.26 OR BA.2.27 OR BA.2.28 OR BA.2.29 OR BA.2.30 OR BA.2.31 OR BA.2.31.1 OR BA.2.32 OR BA.2.33 OR BA.2.34 OR BA.2.35 OR BA.2.36 OR BA.2.37 OR BA.2.38 OR BA.2.38.1 OR BA.2.38.2 OR BA.2.38.3 OR BA.2.38.4 OR BA.2.39 OR BA.2.40 OR BA.2.40.1 OR BA.2.41 OR BA.2.42 OR BA.2.43 OR BA.2.44 OR BA.2.45 OR BA.2.46 OR BA.2.47 OR BA.2.48 OR BA.2.49 OR BA.2.50 OR BA.2.51 OR BA.2.52 OR BA.2.53 OR BA.2.54 OR BA.2.55 OR BA.2.56 OR BA.2.56.1 OR BA.2.57 OR BA.2.58 OR BA.2.59 OR BA.2.60 OR BA.2.61 OR BA.2.62 OR BA.2.63 OR BA.2.64 OR BA.2.65 OR BA.2.66 OR BA.2.67 OR BA.2.68 OR BA.2.69 OR BA.2.70 OR BA.2.71 OR BA.2.72 OR BA.2.73 OR BA.2.74 OR BA.2.75 OR BA.2.75.1 OR BA.2.75.2 OR BA.2.75.3 OR BA.2.75.4 OR BA.2.75.5 OR BA.2.75.6 OR BA.2.75.7 OR BA.2.75.8 OR BA.2.75.9 OR BA.2.75.10 OR BA.2.76 OR BA.2.76.1 OR BA.2.76.2 OR BA.2.77 OR BA.2.78 OR BA.2.79 OR BA.2.79.1 OR BA.2.80 OR BA.2.81 OR BA.2.82 OR BA.2.83 OR BA.2.85 OR BA.3 OR BA.3.1 OR BA.4 OR BA.4.1 OR BA.4.1.1 OR BA.4.1.2 OR BA.4.1.3 OR BA.4.1.4 OR BA.4.1.5 OR BA.4.1.6 OR BA.4.1.7 OR BA.4.1.8 OR BA.4.1.9 OR BA.4.1.10 OR BA.4.2 OR BA.4.3 OR BA.4.4 OR BA.4.5 OR BA.4.6 OR BA.4.6.1 OR BA.4.6.2 OR BA.4.6.3 OR BA.4.6.4 OR BA.4.6.5 OR BA.4.7 OR BA.4.8 OR BA.5 OR BA.5.1 OR BA.5.1.1 OR BA.5.1.2 OR BA.5.1.3 OR BA.5.1.4 OR BA.5.1.5 OR BA.5.1.6 OR BA.5.1.7 OR BA.5.1.8 OR BA.5.1.9 OR BA.5.1.10 OR BA.5.1.11 OR BA.5.1.12 OR BA.5.1.14 OR BA.5.1.15 OR BA.5.1.16 OR BA.5.1.17 OR BA.5.1.18 OR BA.5.1.19 OR BA.5.1.20 OR BA.5.1.21 OR BA.5.1.22 OR BA.5.1.23 OR BA.5.1.24 OR BA.5.1.25 OR BA.5.1.26 OR BA.5.1.27 OR BA.5.1.28 OR BA.5.1.29 OR BA.5.1.30 OR BA.5.1.31 OR BA.5.1.32 OR BA.5.2 OR BA.5.2.1 OR BA.5.2.2 OR BA.5.2.3 OR BA.5.2.4 OR BA.5.2.5 OR BA.5.2.6 OR BA.5.2.7 OR BA.5.2.8 OR BA.5.2.9 OR BA.5.2.10 OR BA.5.2.11 OR BA.5.2.12 OR BA.5.2.13 OR BA.5.2.14 OR BA.5.2.16 OR BA.5.2.18 OR BA.5.2.19 OR BA.5.2.20 OR BA.5.2.21 OR BA.5.2.22 OR BA.5.2.23 OR BA.5.2.24 OR BA.5.2.25 OR BA.5.2.26 OR BA.5.2.27 OR BA.5.2.28 OR BA.5.2.29 OR BA.5.2.30 OR BA.5.2.31 OR BA.5.2.32 OR BA.5.2.33 OR BA.5.2.34 OR BA.5.2.35 OR BA.5.2.36 OR BA.5.2.37 OR BA.5.2.38 OR BA.5.2.39 OR BA.5.2.40 OR BA.5.2.41 OR BA.5.2.42 OR BA.5.2.43 OR BA.5.2.44 OR BA.5.2.45 OR BA.5.2.46 OR BA.5.2.47 OR BA.5.2.48 OR BA.5.2.49 OR BA.5.3 OR BA.5.3.1 OR BA.5.3.2 OR BA.5.3.3 OR BA.5.3.4 OR BA.5.3.5 OR BA.5.5 OR BA.5.5.1 OR BA.5.5.2 OR BA.5.5.3 OR BA.5.6 OR BA.5.6.1 OR BA.5.6.2 OR BA.5.6.3 OR BA.5.6.4 OR BA.5.7 OR BA.5.8 OR BA.5.9 OR BA.5.10 OR BA.5.10.1 OR BA.5.11 OR BC.1 OR BC.2 OR BD.1 OR BE.1 OR BE.1.1 OR BE.1.1.1 OR BE.1.1.2 OR BE.1.2 OR BE.1.2.1 OR BE.1.3 OR BE.1.4 OR BE.1.4.1 OR BE.1.4.2 OR BE.1.4.3 OR BE.1.4.4 OR BE.2 OR BE.3 OR BE.4 OR BE.4.1 OR BE.4.1.1 OR BE.4.2 OR BE.5 OR BE.6 OR BE.7 OR BE.8 OR BE.9 OR BE.10 OR BF.1 OR BF.1.1 OR BF.2 OR BF.3 OR BF.3.1 OR BF.4 OR BF.5 OR BF.5.1 OR BF.5.2 OR BF.6 OR BF.7 OR BF.7.1 OR BF.7.2 OR BF.7.3 OR BF.7.4 OR BF.7.4.1 OR BF.7.4.2 OR BF.7.5 OR BF.7.5.1 OR BF.7.6 OR BF.7.7 OR BF.7.8 OR BF.7.9 OR BF.7.10 OR BF.7.11 OR BF.7.12 OR BF.7.13 OR BF.7.13.1 OR BF.7.13.2 OR BF.7.14 OR BF.7.15 OR BF.8 OR BF.9 OR BF.10 OR BF.10.1 OR BF.11 OR BF.11.1 OR BF.11.2 OR BF.11.3 OR BF.11.4 OR BF.11.5 OR BF.12 OR BF.13 OR BF.14 OR BF.15 OR BF.16 OR BF.17 OR BF.18 OR BF.19 OR BF.20 OR BF.21 OR BF.22 OR BF.23 OR BF.24 OR BF.25 OR BF.26 OR BF.27 OR BF.28 OR BF.29 OR BF.30 OR BF.31 OR BF.31.1 OR BF.32 OR BF.33 OR BF.34 OR BG.1 OR BG.2 OR BG.3 OR BG.4 OR BG.5 OR BG.6 OR BG.7 OR BH.1 OR BJ.1 OR BK.1 OR BL.1 OR BL.1.1 OR BL.1.2 OR BL.1.3 OR BL.1.4 OR BL.2 OR BL.2.1 OR BL.3 OR BL.4 OR BL.5 OR BL.6 OR BM.1 OR BM.1.1 OR BM.1.1.1 OR BM.1.1.2 OR BM.1.1.3 OR BM.1.1.4 OR BM.1.1.5 OR BM.2 OR BM.2.1 OR BM.2.2 OR BM.2.3 OR BM.3 OR BM.4 OR BM.4.1 OR BM.4.1.1 OR BM.5 OR BM.6 OR BN.1 OR BN.1.1 OR BN.1.1.1 OR BN.1.2 OR BN.1.2.1 OR BN.1.3 OR BN.1.3.1 OR BN.1.3.2 OR BN.1.3.3 OR BN.1.3.4 OR BN.1.4 OR BN.1.4.1 OR BN.1.5 OR BN.1.5.1 OR BN.1.6 OR BN.1.7 OR BN.1.8 OR BN.1.9 OR BN.2 OR BN.2.1 OR BN.3 OR BN.3.1 OR BN.4 OR BN.5 OR BN.6 OR BP.1 OR BQ.1 OR BQ.1.1 OR BQ.1.1.1 OR BQ.1.1.2 OR BQ.1.1.3 OR BQ.1.1.4 OR BQ.1.1.5 OR BQ.1.1.6 OR BQ.1.1.7 OR BQ.1.1.8 OR BQ.1.1.9 OR BQ.1.1.10 OR BQ.1.1.11 OR BQ.1.1.12 OR BQ.1.1.13 OR BQ.1.1.14 OR BQ.1.1.15 OR BQ.1.1.16 OR BQ.1.1.17 OR BQ.1.1.18 OR BQ.1.1.19 OR BQ.1.1.20 OR BQ.1.1.21 OR BQ.1.1.22 OR BQ.1.1.23 OR BQ.1.1.24 OR BQ.1.1.25 OR BQ.1.1.26 OR BQ.1.1.27 OR BQ.1.1.28 OR BQ.1.1.29 OR BQ.1.1.30 OR BQ.1.1.31 OR BQ.1.1.32 OR BQ.1.1.34 OR BQ.1.1.35 OR BQ.1.1.36 OR BQ.1.2 OR BQ.1.3 OR BQ.1.4 OR BQ.1.5 OR BQ.1.6 OR BQ.1.7 OR BQ.1.8 OR BQ.1.8.1 OR BQ.1.8.2 OR BQ.1.9 OR BQ.1.10 OR BQ.1.10.1 OR BQ.1.11 OR BQ.1.12 OR BQ.1.13 OR BQ.1.13.1 OR BQ.1.14 OR BQ.1.15 OR BQ.1.16 OR BQ.1.17 OR BQ.1.18 OR BQ.1.19 OR BQ.1.20 OR BQ.1.21 OR BQ.1.22 OR BQ.1.23 OR BQ.1.24 OR BQ.1.25 OR BQ.1.25.1 OR BQ.1.26 OR BQ.1.26.1 OR BQ.1.27 OR BQ.1.28 OR BQ.2 OR BR.1 OR BR.1.1 OR BR.1.2 OR BR.2 OR BR.2.1 OR BR.3 OR BR.4 OR BS.1 OR BS.1.1 OR BS.1.2 OR BT.1 OR BT.2 OR BU.1 OR BU.2 OR BU.3 OR BV.1 OR BV.2 OR BW.1 OR BW.1.1 OR BY.1 OR BY.1.1 OR BY.1.1.1 OR BY.1.2 OR BY.1.2.1 OR BZ.1 OR CA.1 OR CA.2 OR CA.3 OR CA.3.1 OR CA.4 OR CA.5 OR CA.6 OR CA.7 OR CB.1 OR CC.1 OR CD.1 OR CD.2 OR CE.1 OR CF.1 OR CG.1 OR CH.1 OR CH.1.1 OR CH.1.1.1 OR CH.1.1.2 OR CH.1.1.3 OR CH.1.1.4 OR CH.1.1.5 OR CH.2 OR CH.3 OR CH.3.1 OR CJ.1 OR CJ.1.1 OR CK.1 OR CK.1.1 OR CK.1.2 OR CK.2 OR CK.2.1 OR CK.2.1.1 OR CK.3 OR CL.1 OR CM.1 OR CM.2 OR CM.2.1 OR CM.3 OR CM.4 OR CM.4.1 OR CM.5 OR CM.5.1 OR CM.5.2 OR CM.6 OR CM.6.1 OR CM.7 OR CM.8 OR CM.8.1 OR CM.9 OR CM.10 OR CM.11 OR CM.12 OR CN.1 OR CN.2 OR CP.1 OR CP.1.1 OR CP.1.2 OR CP.1.3 OR CP.2 OR CP.3 OR CP.4 OR CP.5 OR CP.6 OR CQ.1 OR CQ.1.1 OR CQ.2 OR CR.1 OR CR.1.1 OR CR.1.2 OR CR.1.3 OR CR.2 OR CS.1 OR CT.1 OR CU.1 OR CV.1 OR CV.2 OR CW.1 OR CY.1 OR CZ.1 OR DA.1 OR DB.1 OR DB.2 OR DC.1 OR DD.1 OR DE.1 OR DE.2 OR DF.1 OR DF.1.1 OR DG.1 OR DH.1 OR DJ.1 OR DJ.1.1 OR DJ.1.2 OR DJ.1.3 OR DK.1 OR DL.1 OR DM.1 OR DN.1 OR DN.1.1 OR DP.1 OR DQ.1 OR DR.1 OR DS.1 OR DT.1 OR DU.1 OR DV.1,Omicron,4.35714285714286,4.28571428571429,0.983606557377049
2022-02-20,1,1,2.42857142857143,2.42857142857143,1,0.333178245598791,0.999783091529969,B.1.1.529 OR BA.1 OR BA.1.1 OR BA.1.1.1 OR BA.1.1.2 OR BA.1.1.3 OR BA.1.1.4 OR BA.1.1.5 OR BA.1.1.6 OR BA.1.1.7 OR BA.1.1.8 OR BA.1.1.9 OR BA.1.1.10 OR BA.1.1.11 OR BA.1.1.12 OR BA.1.1.13 OR BA.1.1.14 OR BA.1.1.15 OR BA.1.1.16 OR BA.1.1.17 OR BA.1.1.18 OR BA.1.2 OR BA.1.3 OR BA.1.4 OR BA.1.5 OR BA.1.6 OR BA.1.7 OR BA.1.8 OR BA.1.9 OR BA.1.10 OR BA.1.12 OR BA.1.13 OR BA.1.13.1 OR BA.1.14 OR BA.1.14.1 OR BA.1.14.2 OR BA.1.15 OR BA.1.15.1 OR BA.1.15.2 OR BA.1.15.3 OR BA.1.16 OR BA.1.16.1 OR BA.1.16.2 OR BA.1.17 OR BA.1.17.1 OR BA.1.17.2 OR BA.1.18 OR BA.1.19 OR BA.1.20 OR BA.1.21 OR BA.1.21.1 OR BA.1.22 OR BA.1.23 OR BA.1.24 OR BA.2 OR BA.2.1 OR BA.2.2 OR BA.2.2.1 OR BA.2.3 OR BA.2.3.1 OR BA.2.3.2 OR BA.2.3.4 OR BA.2.3.5 OR BA.2.3.6 OR BA.2.3.7 OR BA.2.3.8 OR BA.2.3.9 OR BA.2.3.10 OR BA.2.3.11 OR BA.2.3.12 OR BA.2.3.13 OR BA.2.3.14 OR BA.2.3.15 OR BA.2.3.16 OR BA.2.3.17 OR BA.2.3.18 OR BA.2.3.19 OR BA.2.3.20 OR BA.2.3.21 OR BA.2.3.22 OR BA.2.4 OR BA.2.5 OR BA.2.6 OR BA.2.7 OR BA.2.8 OR BA.2.9 OR BA.2.9.1 OR BA.2.9.2 OR BA.2.9.3 OR BA.2.9.4 OR BA.2.9.5 OR BA.2.9.6 OR BA.2.9.7 OR BA.2.10 OR BA.2.10.1 OR BA.2.10.2 OR BA.2.10.3 OR BA.2.10.4 OR BA.2.11 OR BA.2.12 OR BA.2.12.1 OR BA.2.12.2 OR BA.2.13 OR BA.2.13.1 OR BA.2.14 OR BA.2.15 OR BA.2.16 OR BA.2.17 OR BA.2.18 OR BA.2.19 OR BA.2.20 OR BA.2.21 OR BA.2.22 OR BA.2.23 OR BA.2.23.1 OR BA.2.24 OR BA.2.25 OR BA.2.25.1 OR BA.2.26 OR BA.2.27 OR BA.2.28 OR BA.2.29 OR BA.2.30 OR BA.2.31 OR BA.2.31.1 OR BA.2.32 OR BA.2.33 OR BA.2.34 OR BA.2.35 OR BA.2.36 OR BA.2.37 OR BA.2.38 OR BA.2.38.1 OR BA.2.38.2 OR BA.2.38.3 OR BA.2.38.4 OR BA.2.39 OR BA.2.40 OR BA.2.40.1 OR BA.2.41 OR BA.2.42 OR BA.2.43 OR BA.2.44 OR BA.2.45 OR BA.2.46 OR BA.2.47 OR BA.2.48 OR BA.2.49 OR BA.2.50 OR BA.2.51 OR BA.2.52 OR BA.2.53 OR BA.2.54 OR BA.2.55 OR BA.2.56 OR BA.2.56.1 OR BA.2.57 OR BA.2.58 OR BA.2.59 OR BA.2.60 OR BA.2.61 OR BA.2.62 OR BA.2.63 OR BA.2.64 OR BA.2.65 OR BA.2.66 OR BA.2.67 OR BA.2.68 OR BA.2.69 OR BA.2.70 OR BA.2.71 OR BA.2.72 OR BA.2.73 OR BA.2.74 OR BA.2.75 OR BA.2.75.1 OR BA.2.75.2 OR BA.2.75.3 OR BA.2.75.4 OR BA.2.75.5 OR BA.2.75.6 OR BA.2.75.7 OR BA.2.75.8 OR BA.2.75.9 OR BA.2.75.10 OR BA.2.76 OR BA.2.76.1 OR BA.2.76.2 OR BA.2.77 OR BA.2.78 OR BA.2.79 OR BA.2.79.1 OR BA.2.80 OR BA.2.81 OR BA.2.82 OR BA.2.83 OR BA.2.85 OR BA.3 OR BA.3.1 OR BA.4 OR BA.4.1 OR BA.4.1.1 OR BA.4.1.2 OR BA.4.1.3 OR BA.4.1.4 OR BA.4.1.5 OR BA.4.1.6 OR BA.4.1.7 OR BA.4.1.8 OR BA.4.1.9 OR BA.4.1.10 OR BA.4.2 OR BA.4.3 OR BA.4.4 OR BA.4.5 OR BA.4.6 OR BA.4.6.1 OR BA.4.6.2 OR BA.4.6.3 OR BA.4.6.4 OR BA.4.6.5 OR BA.4.7 OR BA.4.8 OR BA.5 OR BA.5.1 OR BA.5.1.1 OR BA.5.1.2 OR BA.5.1.3 OR BA.5.1.4 OR BA.5.1.5 OR BA.5.1.6 OR BA.5.1.7 OR BA.5.1.8 OR BA.5.1.9 OR BA.5.1.10 OR BA.5.1.11 OR BA.5.1.12 OR BA.5.1.14 OR BA.5.1.15 OR BA.5.1.16 OR BA.5.1.17 OR BA.5.1.18 OR BA.5.1.19 OR BA.5.1.20 OR BA.5.1.21 OR BA.5.1.22 OR BA.5.1.23 OR BA.5.1.24 OR BA.5.1.25 OR BA.5.1.26 OR BA.5.1.27 OR BA.5.1.28 OR BA.5.1.29 OR BA.5.1.30 OR BA.5.1.31 OR BA.5.1.32 OR BA.5.2 OR BA.5.2.1 OR BA.5.2.2 OR BA.5.2.3 OR BA.5.2.4 OR BA.5.2.5 OR BA.5.2.6 OR BA.5.2.7 OR BA.5.2.8 OR BA.5.2.9 OR BA.5.2.10 OR BA.5.2.11 OR BA.5.2.12 OR BA.5.2.13 OR BA.5.2.14 OR BA.5.2.16 OR BA.5.2.18 OR BA.5.2.19 OR BA.5.2.20 OR BA.5.2.21 OR BA.5.2.22 OR BA.5.2.23 OR BA.5.2.24 OR BA.5.2.25 OR BA.5.2.26 OR BA.5.2.27 OR BA.5.2.28 OR BA.5.2.29 OR BA.5.2.30 OR BA.5.2.31 OR BA.5.2.32 OR BA.5.2.33 OR BA.5.2.34 OR BA.5.2.35 OR BA.5.2.36 OR BA.5.2.37 OR BA.5.2.38 OR BA.5.2.39 OR BA.5.2.40 OR BA.5.2.41 OR BA.5.2.42 OR BA.5.2.43 OR BA.5.2.44 OR BA.5.2.45 OR BA.5.2.46 OR BA.5.2.47 OR BA.5.2.48 OR BA.5.2.49 OR BA.5.3 OR BA.5.3.1 OR BA.5.3.2 OR BA.5.3.3 OR BA.5.3.4 OR BA.5.3.5 OR BA.5.5 OR BA.5.5.1 OR BA.5.5.2 OR BA.5.5.3 OR BA.5.6 OR BA.5.6.1 OR BA.5.6.2 OR BA.5.6.3 OR BA.5.6.4 OR BA.5.7 OR BA.5.8 OR BA.5.9 OR BA.5.10 OR BA.5.10.1 OR BA.5.11 OR BC.1 OR BC.2 OR BD.1 OR BE.1 OR BE.1.1 OR BE.1.1.1 OR BE.1.1.2 OR BE.1.2 OR BE.1.2.1 OR BE.1.3 OR BE.1.4 OR BE.1.4.1 OR BE.1.4.2 OR BE.1.4.3 OR BE.1.4.4 OR BE.2 OR BE.3 OR BE.4 OR BE.4.1 OR BE.4.1.1 OR BE.4.2 OR BE.5 OR BE.6 OR BE.7 OR BE.8 OR BE.9 OR BE.10 OR BF.1 OR BF.1.1 OR BF.2 OR BF.3 OR BF.3.1 OR BF.4 OR BF.5 OR BF.5.1 OR BF.5.2 OR BF.6 OR BF.7 OR BF.7.1 OR BF.7.2 OR BF.7.3 OR BF.7.4 OR BF.7.4.1 OR BF.7.4.2 OR BF.7.5 OR BF.7.5.1 OR BF.7.6 OR BF.7.7 OR BF.7.8 OR BF.7.9 OR BF.7.10 OR BF.7.11 OR BF.7.12 OR BF.7.13 OR BF.7.13.1 OR BF.7.13.2 OR BF.7.14 OR BF.7.15 OR BF.8 OR BF.9 OR BF.10 OR BF.10.1 OR BF.11 OR BF.11.1 OR BF.11.2 OR BF.11.3 OR BF.11.4 OR BF.11.5 OR BF.12 OR BF.13 OR BF.14 OR BF.15 OR BF.16 OR BF.17 OR BF.18 OR BF.19 OR BF.20 OR BF.21 OR BF.22 OR BF.23 OR BF.24 OR BF.25 OR BF.26 OR BF.27 OR BF.28 OR BF.29 OR BF.30 OR BF.31 OR BF.31.1 OR BF.32 OR BF.33 OR BF.34 OR BG.1 OR BG.2 OR BG.3 OR BG.4 OR BG.5 OR BG.6 OR BG.7 OR BH.1 OR BJ.1 OR BK.1 OR BL.1 OR BL.1.1 OR BL.1.2 OR BL.1.3 OR BL.1.4 OR BL.2 OR BL.2.1 OR BL.3 OR BL.4 OR BL.5 OR BL.6 OR BM.1 OR BM.1.1 OR BM.1.1.1 OR BM.1.1.2 OR BM.1.1.3 OR BM.1.1.4 OR BM.1.1.5 OR BM.2 OR BM.2.1 OR BM.2.2 OR BM.2.3 OR BM.3 OR BM.4 OR BM.4.1 OR BM.4.1.1 OR BM.5 OR BM.6 OR BN.1 OR BN.1.1 OR BN.1.1.1 OR BN.1.2 OR BN.1.2.1 OR BN.1.3 OR BN.1.3.1 OR BN.1.3.2 OR BN.1.3.3 OR BN.1.3.4 OR BN.1.4 OR BN.1.4.1 OR BN.1.5 OR BN.1.5.1 OR BN.1.6 OR BN.1.7 OR BN.1.8 OR BN.1.9 OR BN.2 OR BN.2.1 OR BN.3 OR BN.3.1 OR BN.4 OR BN.5 OR BN.6 OR BP.1 OR BQ.1 OR BQ.1.1 OR BQ.1.1.1 OR BQ.1.1.2 OR BQ.1.1.3 OR BQ.1.1.4 OR BQ.1.1.5 OR BQ.1.1.6 OR BQ.1.1.7 OR BQ.1.1.8 OR BQ.1.1.9 OR BQ.1.1.10 OR BQ.1.1.11 OR BQ.1.1.12 OR BQ.1.1.13 OR BQ.1.1.14 OR BQ.1.1.15 OR BQ.1.1.16 OR BQ.1.1.17 OR BQ.1.1.18 OR BQ.1.1.19 OR BQ.1.1.20 OR BQ.1.1.21 OR BQ.1.1.22 OR BQ.1.1.23 OR BQ.1.1.24 OR BQ.1.1.25 OR BQ.1.1.26 OR BQ.1.1.27 OR BQ.1.1.28 OR BQ.1.1.29 OR BQ.1.1.30 OR BQ.1.1.31 OR BQ.1.1.32 OR BQ.1.1.34 OR BQ.1.1.35 OR BQ.1.1.36 OR BQ.1.2 OR BQ.1.3 OR BQ.1.4 OR BQ.1.5 OR BQ.1.6 OR BQ.1.7 OR BQ.1.8 OR BQ.1.8.1 OR BQ.1.8.2 OR BQ.1.9 OR BQ.1.10 OR BQ.1.10.1 OR BQ.1.11 OR BQ.1.12 OR BQ.1.13 OR BQ.1.13.1 OR BQ.1.14 OR BQ.1.15 OR BQ.1.16 OR BQ.1.17 OR BQ.1.18 OR BQ.1.19 OR BQ.1.20 OR BQ.1.21 OR BQ.1.22 OR BQ.1.23 OR BQ.1.24 OR BQ.1.25 OR BQ.1.25.1 OR BQ.1.26 OR BQ.1.26.1 OR BQ.1.27 OR BQ.1.28 OR BQ.2 OR BR.1 OR BR.1.1 OR BR.1.2 OR BR.2 OR BR.2.1 OR BR.3 OR BR.4 OR BS.1 OR BS.1.1 OR BS.1.2 OR BT.1 OR BT.2 OR BU.1 OR BU.2 OR BU.3 OR BV.1 OR BV.2 OR BW.1 OR BW.1.1 OR BY.1 OR BY.1.1 OR BY.1.1.1 OR BY.1.2 OR BY.1.2.1 OR BZ.1 OR CA.1 OR CA.2 OR CA.3 OR CA.3.1 OR CA.4 OR CA.5 OR CA.6 OR CA.7 OR CB.1 OR CC.1 OR CD.1 OR CD.2 OR CE.1 OR CF.1 OR CG.1 OR CH.1 OR CH.1.1 OR CH.1.1.1 OR CH.1.1.2 OR CH.1.1.3 OR CH.1.1.4 OR CH.1.1.5 OR CH.2 OR CH.3 OR CH.3.1 OR CJ.1 OR CJ.1.1 OR CK.1 OR CK.1.1 OR CK.1.2 OR CK.2 OR CK.2.1 OR CK.2.1.1 OR CK.3 OR CL.1 OR CM.1 OR CM.2 OR CM.2.1 OR CM.3 OR CM.4 OR CM.4.1 OR CM.5 OR CM.5.1 OR CM.5.2 OR CM.6 OR CM.6.1 OR CM.7 OR CM.8 OR CM.8.1 OR CM.9 OR CM.10 OR CM.11 OR CM.12 OR CN.1 OR CN.2 OR CP.1 OR CP.1.1 OR CP.1.2 OR CP.1.3 OR CP.2 OR CP.3 OR CP.4 OR CP.5 OR CP.6 OR CQ.1 OR CQ.1.1 OR CQ.2 OR CR.1 OR CR.1.1 OR CR.1.2 OR CR.1.3 OR CR.2 OR CS.1 OR CT.1 OR CU.1 OR CV.1 OR CV.2 OR CW.1 OR CY.1 OR CZ.1 OR DA.1 OR DB.1 OR DB.2 OR DC.1 OR DD.1 OR DE.1 OR DE.2 OR DF.1 OR DF.1.1 OR DG.1 OR DH.1 OR DJ.1 OR DJ.1.1 OR DJ.1.2 OR DJ.1.3 OR DK.1 OR DL.1 OR DM.1 OR DN.1 OR DN.1.1 OR DP.1 OR DQ.1 OR DR.1 OR DS.1 OR DT.1 OR DU.1 OR DV.1,Omicron,3.14285714285714,3.07142857142857,0.977272727272727
2022-02-21,3,3,2.42857142857143,2.42857142857143,1,0.333178245598791,0.999783091529969,B.1.1.529 OR BA.1 OR BA.1.1 OR BA.1.1.1 OR BA.1.1.2 OR BA.1.1.3 OR BA.1.1.4 OR BA.1.1.5 OR BA.1.1.6 OR BA.1.1.7 OR BA.1.1.8 OR BA.1.1.9 OR BA.1.1.10 OR BA.1.1.11 OR BA.1.1.12 OR BA.1.1.13 OR BA.1.1.14 OR BA.1.1.15 OR BA.1.1.16 OR BA.1.1.17 OR BA.1.1.18 OR BA.1.2 OR BA.1.3 OR BA.1.4 OR BA.1.5 OR BA.1.6 OR BA.1.7 OR BA.1.8 OR BA.1.9 OR BA.1.10 OR BA.1.12 OR BA.1.13 OR BA.1.13.1 OR BA.1.14 OR BA.1.14.1 OR BA.1.14.2 OR BA.1.15 OR BA.1.15.1 OR BA.1.15.2 OR BA.1.15.3 OR BA.1.16 OR BA.1.16.1 OR BA.1.16.2 OR BA.1.17 OR BA.1.17.1 OR BA.1.17.2 OR BA.1.18 OR BA.1.19 OR BA.1.20 OR BA.1.21 OR BA.1.21.1 OR BA.1.22 OR BA.1.23 OR BA.1.24 OR BA.2 OR BA.2.1 OR BA.2.2 OR BA.2.2.1 OR BA.2.3 OR BA.2.3.1 OR BA.2.3.2 OR BA.2.3.4 OR BA.2.3.5 OR BA.2.3.6 OR BA.2.3.7 OR BA.2.3.8 OR BA.2.3.9 OR BA.2.3.10 OR BA.2.3.11 OR BA.2.3.12 OR BA.2.3.13 OR BA.2.3.14 OR BA.2.3.15 OR BA.2.3.16 OR BA.2.3.17 OR BA.2.3.18 OR BA.2.3.19 OR BA.2.3.20 OR BA.2.3.21 OR BA.2.3.22 OR BA.2.4 OR BA.2.5 OR BA.2.6 OR BA.2.7 OR BA.2.8 OR BA.2.9 OR BA.2.9.1 OR BA.2.9.2 OR BA.2.9.3 OR BA.2.9.4 OR BA.2.9.5 OR BA.2.9.6 OR BA.2.9.7 OR BA.2.10 OR BA.2.10.1 OR BA.2.10.2 OR BA.2.10.3 OR BA.2.10.4 OR BA.2.11 OR BA.2.12 OR BA.2.12.1 OR BA.2.12.2 OR BA.2.13 OR BA.2.13.1 OR BA.2.14 OR BA.2.15 OR BA.2.16 OR BA.2.17 OR BA.2.18 OR BA.2.19 OR BA.2.20 OR BA.2.21 OR BA.2.22 OR BA.2.23 OR BA.2.23.1 OR BA.2.24 OR BA.2.25 OR BA.2.25.1 OR BA.2.26 OR BA.2.27 OR BA.2.28 OR BA.2.29 OR BA.2.30 OR BA.2.31 OR BA.2.31.1 OR BA.2.32 OR BA.2.33 OR BA.2.34 OR BA.2.35 OR BA.2.36 OR BA.2.37 OR BA.2.38 OR BA.2.38.1 OR BA.2.38.2 OR BA.2.38.3 OR BA.2.38.4 OR BA.2.39 OR BA.2.40 OR BA.2.40.1 OR BA.2.41 OR BA.2.42 OR BA.2.43 OR BA.2.44 OR BA.2.45 OR BA.2.46 OR BA.2.47 OR BA.2.48 OR BA.2.49 OR BA.2.50 OR BA.2.51 OR BA.2.52 OR BA.2.53 OR BA.2.54 OR BA.2.55 OR BA.2.56 OR BA.2.56.1 OR BA.2.57 OR BA.2.58 OR BA.2.59 OR BA.2.60 OR BA.2.61 OR BA.2.62 OR BA.2.63 OR BA.2.64 OR BA.2.65 OR BA.2.66 OR BA.2.67 OR BA.2.68 OR BA.2.69 OR BA.2.70 OR BA.2.71 OR BA.2.72 OR BA.2.73 OR BA.2.74 OR BA.2.75 OR BA.2.75.1 OR BA.2.75.2 OR BA.2.75.3 OR BA.2.75.4 OR BA.2.75.5 OR BA.2.75.6 OR BA.2.75.7 OR BA.2.75.8 OR BA.2.75.9 OR BA.2.75.10 OR BA.2.76 OR BA.2.76.1 OR BA.2.76.2 OR BA.2.77 OR BA.2.78 OR BA.2.79 OR BA.2.79.1 OR BA.2.80 OR BA.2.81 OR BA.2.82 OR BA.2.83 OR BA.2.85 OR BA.3 OR BA.3.1 OR BA.4 OR BA.4.1 OR BA.4.1.1 OR BA.4.1.2 OR BA.4.1.3 OR BA.4.1.4 OR BA.4.1.5 OR BA.4.1.6 OR BA.4.1.7 OR BA.4.1.8 OR BA.4.1.9 OR BA.4.1.10 OR BA.4.2 OR BA.4.3 OR BA.4.4 OR BA.4.5 OR BA.4.6 OR BA.4.6.1 OR BA.4.6.2 OR BA.4.6.3 OR BA.4.6.4 OR BA.4.6.5 OR BA.4.7 OR BA.4.8 OR BA.5 OR BA.5.1 OR BA.5.1.1 OR BA.5.1.2 OR BA.5.1.3 OR BA.5.1.4 OR BA.5.1.5 OR BA.5.1.6 OR BA.5.1.7 OR BA.5.1.8 OR BA.5.1.9 OR BA.5.1.10 OR BA.5.1.11 OR BA.5.1.12 OR BA.5.1.14 OR BA.5.1.15 OR BA.5.1.16 OR BA.5.1.17 OR BA.5.1.18 OR BA.5.1.19 OR BA.5.1.20 OR BA.5.1.21 OR BA.5.1.22 OR BA.5.1.23 OR BA.5.1.24 OR BA.5.1.25 OR BA.5.1.26 OR BA.5.1.27 OR BA.5.1.28 OR BA.5.1.29 OR BA.5.1.30 OR BA.5.1.31 OR BA.5.1.32 OR BA.5.2 OR BA.5.2.1 OR BA.5.2.2 OR BA.5.2.3 OR BA.5.2.4 OR BA.5.2.5 OR BA.5.2.6 OR BA.5.2.7 OR BA.5.2.8 OR BA.5.2.9 OR BA.5.2.10 OR BA.5.2.11 OR BA.5.2.12 OR BA.5.2.13 OR BA.5.2.14 OR BA.5.2.16 OR BA.5.2.18 OR BA.5.2.19 OR BA.5.2.20 OR BA.5.2.21 OR BA.5.2.22 OR BA.5.2.23 OR BA.5.2.24 OR BA.5.2.25 OR BA.5.2.26 OR BA.5.2.27 OR BA.5.2.28 OR BA.5.2.29 OR BA.5.2.30 OR BA.5.2.31 OR BA.5.2.32 OR BA.5.2.33 OR BA.5.2.34 OR BA.5.2.35 OR BA.5.2.36 OR BA.5.2.37 OR BA.5.2.38 OR BA.5.2.39 OR BA.5.2.40 OR BA.5.2.41 OR BA.5.2.42 OR BA.5.2.43 OR BA.5.2.44 OR BA.5.2.45 OR BA.5.2.46 OR BA.5.2.47 OR BA.5.2.48 OR BA.5.2.49 OR BA.5.3 OR BA.5.3.1 OR BA.5.3.2 OR BA.5.3.3 OR BA.5.3.4 OR BA.5.3.5 OR BA.5.5 OR BA.5.5.1 OR BA.5.5.2 OR BA.5.5.3 OR BA.5.6 OR BA.5.6.1 OR BA.5.6.2 OR BA.5.6.3 OR BA.5.6.4 OR BA.5.7 OR BA.5.8 OR BA.5.9 OR BA.5.10 OR BA.5.10.1 OR BA.5.11 OR BC.1 OR BC.2 OR BD.1 OR BE.1 OR BE.1.1 OR BE.1.1.1 OR BE.1.1.2 OR BE.1.2 OR BE.1.2.1 OR BE.1.3 OR BE.1.4 OR BE.1.4.1 OR BE.1.4.2 OR BE.1.4.3 OR BE.1.4.4 OR BE.2 OR BE.3 OR BE.4 OR BE.4.1 OR BE.4.1.1 OR BE.4.2 OR BE.5 OR BE.6 OR BE.7 OR BE.8 OR BE.9 OR BE.10 OR BF.1 OR BF.1.1 OR BF.2 OR BF.3 OR BF.3.1 OR BF.4 OR BF.5 OR BF.5.1 OR BF.5.2 OR BF.6 OR BF.7 OR BF.7.1 OR BF.7.2 OR BF.7.3 OR BF.7.4 OR BF.7.4.1 OR BF.7.4.2 OR BF.7.5 OR BF.7.5.1 OR BF.7.6 OR BF.7.7 OR BF.7.8 OR BF.7.9 OR BF.7.10 OR BF.7.11 OR BF.7.12 OR BF.7.13 OR BF.7.13.1 OR BF.7.13.2 OR BF.7.14 OR BF.7.15 OR BF.8 OR BF.9 OR BF.10 OR BF.10.1 OR BF.11 OR BF.11.1 OR BF.11.2 OR BF.11.3 OR BF.11.4 OR BF.11.5 OR BF.12 OR BF.13 OR BF.14 OR BF.15 OR BF.16 OR BF.17 OR BF.18 OR BF.19 OR BF.20 OR BF.21 OR BF.22 OR BF.23 OR BF.24 OR BF.25 OR BF.26 OR BF.27 OR BF.28 OR BF.29 OR BF.30 OR BF.31 OR BF.31.1 OR BF.32 OR BF.33 OR BF.34 OR BG.1 OR BG.2 OR BG.3 OR BG.4 OR BG.5 OR BG.6 OR BG.7 OR BH.1 OR BJ.1 OR BK.1 OR BL.1 OR BL.1.1 OR BL.1.2 OR BL.1.3 OR BL.1.4 OR BL.2 OR BL.2.1 OR BL.3 OR BL.4 OR BL.5 OR BL.6 OR BM.1 OR BM.1.1 OR BM.1.1.1 OR BM.1.1.2 OR BM.1.1.3 OR BM.1.1.4 OR BM.1.1.5 OR BM.2 OR BM.2.1 OR BM.2.2 OR BM.2.3 OR BM.3 OR BM.4 OR BM.4.1 OR BM.4.1.1 OR BM.5 OR BM.6 OR BN.1 OR BN.1.1 OR BN.1.1.1 OR BN.1.2 OR BN.1.2.1 OR BN.1.3 OR BN.1.3.1 OR BN.1.3.2 OR BN.1.3.3 OR BN.1.3.4 OR BN.1.4 OR BN.1.4.1 OR BN.1.5 OR BN.1.5.1 OR BN.1.6 OR BN.1.7 OR BN.1.8 OR BN.1.9 OR BN.2 OR BN.2.1 OR BN.3 OR BN.3.1 OR BN.4 OR BN.5 OR BN.6 OR BP.1 OR BQ.1 OR BQ.1.1 OR BQ.1.1.1 OR BQ.1.1.2 OR BQ.1.1.3 OR BQ.1.1.4 OR BQ.1.1.5 OR BQ.1.1.6 OR BQ.1.1.7 OR BQ.1.1.8 OR BQ.1.1.9 OR BQ.1.1.10 OR BQ.1.1.11 OR BQ.1.1.12 OR BQ.1.1.13 OR BQ.1.1.14 OR BQ.1.1.15 OR BQ.1.1.16 OR BQ.1.1.17 OR BQ.1.1.18 OR BQ.1.1.19 OR BQ.1.1.20 OR BQ.1.1.21 OR BQ.1.1.22 OR BQ.1.1.23 OR BQ.1.1.24 OR BQ.1.1.25 OR BQ.1.1.26 OR BQ.1.1.27 OR BQ.1.1.28 OR BQ.1.1.29 OR BQ.1.1.30 OR BQ.1.1.31 OR BQ.1.1.32 OR BQ.1.1.34 OR BQ.1.1.35 OR BQ.1.1.36 OR BQ.1.2 OR BQ.1.3 OR BQ.1.4 OR BQ.1.5 OR BQ.1.6 OR BQ.1.7 OR BQ.1.8 OR BQ.1.8.1 OR BQ.1.8.2 OR BQ.1.9 OR BQ.1.10 OR BQ.1.10.1 OR BQ.1.11 OR BQ.1.12 OR BQ.1.13 OR BQ.1.13.1 OR BQ.1.14 OR BQ.1.15 OR BQ.1.16 OR BQ.1.17 OR BQ.1.18 OR BQ.1.19 OR BQ.1.20 OR BQ.1.21 OR BQ.1.22 OR BQ.1.23 OR BQ.1.24 OR BQ.1.25 OR BQ.1.25.1 OR BQ.1.26 OR BQ.1.26.1 OR BQ.1.27 OR BQ.1.28 OR BQ.2 OR BR.1 OR BR.1.1 OR BR.1.2 OR BR.2 OR BR.2.1 OR BR.3 OR BR.4 OR BS.1 OR BS.1.1 OR BS.1.2 OR BT.1 OR BT.2 OR BU.1 OR BU.2 OR BU.3 OR BV.1 OR BV.2 OR BW.1 OR BW.1.1 OR BY.1 OR BY.1.1 OR BY.1.1.1 OR BY.1.2 OR BY.1.2.1 OR BZ.1 OR CA.1 OR CA.2 OR CA.3 OR CA.3.1 OR CA.4 OR CA.5 OR CA.6 OR CA.7 OR CB.1 OR CC.1 OR CD.1 OR CD.2 OR CE.1 OR CF.1 OR CG.1 OR CH.1 OR CH.1.1 OR CH.1.1.1 OR CH.1.1.2 OR CH.1.1.3 OR CH.1.1.4 OR CH.1.1.5 OR CH.2 OR CH.3 OR CH.3.1 OR CJ.1 OR CJ.1.1 OR CK.1 OR CK.1.1 OR CK.1.2 OR CK.2 OR CK.2.1 OR CK.2.1.1 OR CK.3 OR CL.1 OR CM.1 OR CM.2 OR CM.2.1 OR CM.3 OR CM.4 OR CM.4.1 OR CM.5 OR CM.5.1 OR CM.5.2 OR CM.6 OR CM.6.1 OR CM.7 OR CM.8 OR CM.8.1 OR CM.9 OR CM.10 OR CM.11 OR CM.12 OR CN.1 OR CN.2 OR CP.1 OR CP.1.1 OR CP.1.2 OR CP.1.3 OR CP.2 OR CP.3 OR CP.4 OR CP.5 OR CP.6 OR CQ.1 OR CQ.1.1 OR CQ.2 OR CR.1 OR CR.1.1 OR CR.1.2 OR CR.1.3 OR CR.2 OR CS.1 OR CT.1 OR CU.1 OR CV.1 OR CV.2 OR CW.1 OR CY.1 OR CZ.1 OR DA.1 OR DB.1 OR DB.2 OR DC.1 OR DD.1 OR DE.1 OR DE.2 OR DF.1 OR DF.1.1 OR DG.1 OR DH.1 OR DJ.1 OR DJ.1.1 OR DJ.1.2 OR DJ.1.3 OR DK.1 OR DL.1 OR DM.1 OR DN.1 OR DN.1.1 OR DP.1 OR DQ.1 OR DR.1 OR DS.1 OR DT.1 OR DU.1 OR DV.1,Omicron,3.21428571428571,3.14285714285714,0.977777777777778
2022-02-22,8,7,2.85714285714286,2.71428571428571,0.95,0.46441675695705,0.999849363974563,B.1.1.529 OR BA.1 OR BA.1.1 OR BA.1.1.1 OR BA.1.1.2 OR BA.1.1.3 OR BA.1.1.4 OR BA.1.1.5 OR BA.1.1.6 OR BA.1.1.7 OR BA.1.1.8 OR BA.1.1.9 OR BA.1.1.10 OR BA.1.1.11 OR BA.1.1.12 OR BA.1.1.13 OR BA.1.1.14 OR BA.1.1.15 OR BA.1.1.16 OR BA.1.1.17 OR BA.1.1.18 OR BA.1.2 OR BA.1.3 OR BA.1.4 OR BA.1.5 OR BA.1.6 OR BA.1.7 OR BA.1.8 OR BA.1.9 OR BA.1.10 OR BA.1.12 OR BA.1.13 OR BA.1.13.1 OR BA.1.14 OR BA.1.14.1 OR BA.1.14.2 OR BA.1.15 OR BA.1.15.1 OR BA.1.15.2 OR BA.1.15.3 OR BA.1.16 OR BA.1.16.1 OR BA.1.16.2 OR BA.1.17 OR BA.1.17.1 OR BA.1.17.2 OR BA.1.18 OR BA.1.19 OR BA.1.20 OR BA.1.21 OR BA.1.21.1 OR BA.1.22 OR BA.1.23 OR BA.1.24 OR BA.2 OR BA.2.1 OR BA.2.2 OR BA.2.2.1 OR BA.2.3 OR BA.2.3.1 OR BA.2.3.2 OR BA.2.3.4 OR BA.2.3.5 OR BA.2.3.6 OR BA.2.3.7 OR BA.2.3.8 OR BA.2.3.9 OR BA.2.3.10 OR BA.2.3.11 OR BA.2.3.12 OR BA.2.3.13 OR BA.2.3.14 OR BA.2.3.15 OR BA.2.3.16 OR BA.2.3.17 OR BA.2.3.18 OR BA.2.3.19 OR BA.2.3.20 OR BA.2.3.21 OR BA.2.3.22 OR BA.2.4 OR BA.2.5 OR BA.2.6 OR BA.2.7 OR BA.2.8 OR BA.2.9 OR BA.2.9.1 OR BA.2.9.2 OR BA.2.9.3 OR BA.2.9.4 OR BA.2.9.5 OR BA.2.9.6 OR BA.2.9.7 OR BA.2.10 OR BA.2.10.1 OR BA.2.10.2 OR BA.2.10.3 OR BA.2.10.4 OR BA.2.11 OR BA.2.12 OR BA.2.12.1 OR BA.2.12.2 OR BA.2.13 OR BA.2.13.1 OR BA.2.14 OR BA.2.15 OR BA.2.16 OR BA.2.17 OR BA.2.18 OR BA.2.19 OR BA.2.20 OR BA.2.21 OR BA.2.22 OR BA.2.23 OR BA.2.23.1 OR BA.2.24 OR BA.2.25 OR BA.2.25.1 OR BA.2.26 OR BA.2.27 OR BA.2.28 OR BA.2.29 OR BA.2.30 OR BA.2.31 OR BA.2.31.1 OR BA.2.32 OR BA.2.33 OR BA.2.34 OR BA.2.35 OR BA.2.36 OR BA.2.37 OR BA.2.38 OR BA.2.38.1 OR BA.2.38.2 OR BA.2.38.3 OR BA.2.38.4 OR BA.2.39 OR BA.2.40 OR BA.2.40.1 OR BA.2.41 OR BA.2.42 OR BA.2.43 OR BA.2.44 OR BA.2.45 OR BA.2.46 OR BA.2.47 OR BA.2.48 OR BA.2.49 OR BA.2.50 OR BA.2.51 OR BA.2.52 OR BA.2.53 OR BA.2.54 OR BA.2.55 OR BA.2.56 OR BA.2.56.1 OR BA.2.57 OR BA.2.58 OR BA.2.59 OR BA.2.60 OR BA.2.61 OR BA.2.62 OR BA.2.63 OR BA.2.64 OR BA.2.65 OR BA.2.66 OR BA.2.67 OR BA.2.68 OR BA.2.69 OR BA.2.70 OR BA.2.71 OR BA.2.72 OR BA.2.73 OR BA.2.74 OR BA.2.75 OR BA.2.75.1 OR BA.2.75.2 OR BA.2.75.3 OR BA.2.75.4 OR BA.2.75.5 OR BA.2.75.6 OR BA.2.75.7 OR BA.2.75.8 OR BA.2.75.9 OR BA.2.75.10 OR BA.2.76 OR BA.2.76.1 OR BA.2.76.2 OR BA.2.77 OR BA.2.78 OR BA.2.79 OR BA.2.79.1 OR BA.2.80 OR BA.2.81 OR BA.2.82 OR BA.2.83 OR BA.2.85 OR BA.3 OR BA.3.1 OR BA.4 OR BA.4.1 OR BA.4.1.1 OR BA.4.1.2 OR BA.4.1.3 OR BA.4.1.4 OR BA.4.1.5 OR BA.4.1.6 OR BA.4.1.7 OR BA.4.1.8 OR BA.4.1.9 OR BA.4.1.10 OR BA.4.2 OR BA.4.3 OR BA.4.4 OR BA.4.5 OR BA.4.6 OR BA.4.6.1 OR BA.4.6.2 OR BA.4.6.3 OR BA.4.6.4 OR BA.4.6.5 OR BA.4.7 OR BA.4.8 OR BA.5 OR BA.5.1 OR BA.5.1.1 OR BA.5.1.2 OR BA.5.1.3 OR BA.5.1.4 OR BA.5.1.5 OR BA.5.1.6 OR BA.5.1.7 OR BA.5.1.8 OR BA.5.1.9 OR BA.5.1.10 OR BA.5.1.11 OR BA.5.1.12 OR BA.5.1.14 OR BA.5.1.15 OR BA.5.1.16 OR BA.5.1.17 OR BA.5.1.18 OR BA.5.1.19 OR BA.5.1.20 OR BA.5.1.21 OR BA.5.1.22 OR BA.5.1.23 OR BA.5.1.24 OR BA.5.1.25 OR BA.5.1.26 OR BA.5.1.27 OR BA.5.1.28 OR BA.5.1.29 OR BA.5.1.30 OR BA.5.1.31 OR BA.5.1.32 OR BA.5.2 OR BA.5.2.1 OR BA.5.2.2 OR BA.5.2.3 OR BA.5.2.4 OR BA.5.2.5 OR BA.5.2.6 OR BA.5.2.7 OR BA.5.2.8 OR BA.5.2.9 OR BA.5.2.10 OR BA.5.2.11 OR BA.5.2.12 OR BA.5.2.13 OR BA.5.2.14 OR BA.5.2.16 OR BA.5.2.18 OR BA.5.2.19 OR BA.5.2.20 OR BA.5.2.21 OR BA.5.2.22 OR BA.5.2.23 OR BA.5.2.24 OR BA.5.2.25 OR BA.5.2.26 OR BA.5.2.27 OR BA.5.2.28 OR BA.5.2.29 OR BA.5.2.30 OR BA.5.2.31 OR BA.5.2.32 OR BA.5.2.33 OR BA.5.2.34 OR BA.5.2.35 OR BA.5.2.36 OR BA.5.2.37 OR BA.5.2.38 OR BA.5.2.39 OR BA.5.2.40 OR BA.5.2.41 OR BA.5.2.42 OR BA.5.2.43 OR BA.5.2.44 OR BA.5.2.45 OR BA.5.2.46 OR BA.5.2.47 OR BA.5.2.48 OR BA.5.2.49 OR BA.5.3 OR BA.5.3.1 OR BA.5.3.2 OR BA.5.3.3 OR BA.5.3.4 OR BA.5.3.5 OR BA.5.5 OR BA.5.5.1 OR BA.5.5.2 OR BA.5.5.3 OR BA.5.6 OR BA.5.6.1 OR BA.5.6.2 OR BA.5.6.3 OR BA.5.6.4 OR BA.5.7 OR BA.5.8 OR BA.5.9 OR BA.5.10 OR BA.5.10.1 OR BA.5.11 OR BC.1 OR BC.2 OR BD.1 OR BE.1 OR BE.1.1 OR BE.1.1.1 OR BE.1.1.2 OR BE.1.2 OR BE.1.2.1 OR BE.1.3 OR BE.1.4 OR BE.1.4.1 OR BE.1.4.2 OR BE.1.4.3 OR BE.1.4.4 OR BE.2 OR BE.3 OR BE.4 OR BE.4.1 OR BE.4.1.1 OR BE.4.2 OR BE.5 OR BE.6 OR BE.7 OR BE.8 OR BE.9 OR BE.10 OR BF.1 OR BF.1.1 OR BF.2 OR BF.3 OR BF.3.1 OR BF.4 OR BF.5 OR BF.5.1 OR BF.5.2 OR BF.6 OR BF.7 OR BF.7.1 OR BF.7.2 OR BF.7.3 OR BF.7.4 OR BF.7.4.1 OR BF.7.4.2 OR BF.7.5 OR BF.7.5.1 OR BF.7.6 OR BF.7.7 OR BF.7.8 OR BF.7.9 OR BF.7.10 OR BF.7.11 OR BF.7.12 OR BF.7.13 OR BF.7.13.1 OR BF.7.13.2 OR BF.7.14 OR BF.7.15 OR BF.8 OR BF.9 OR BF.10 OR BF.10.1 OR BF.11 OR BF.11.1 OR BF.11.2 OR BF.11.3 OR BF.11.4 OR BF.11.5 OR BF.12 OR BF.13 OR BF.14 OR BF.15 OR BF.16 OR BF.17 OR BF.18 OR BF.19 OR BF.20 OR BF.21 OR BF.22 OR BF.23 OR BF.24 OR BF.25 OR BF.26 OR BF.27 OR BF.28 OR BF.29 OR BF.30 OR BF.31 OR BF.31.1 OR BF.32 OR BF.33 OR BF.34 OR BG.1 OR BG.2 OR BG.3 OR BG.4 OR BG.5 OR BG.6 OR BG.7 OR BH.1 OR BJ.1 OR BK.1 OR BL.1 OR BL.1.1 OR BL.1.2 OR BL.1.3 OR BL.1.4 OR BL.2 OR BL.2.1 OR BL.3 OR BL.4 OR BL.5 OR BL.6 OR BM.1 OR BM.1.1 OR BM.1.1.1 OR BM.1.1.2 OR BM.1.1.3 OR BM.1.1.4 OR BM.1.1.5 OR BM.2 OR BM.2.1 OR BM.2.2 OR BM.2.3 OR BM.3 OR BM.4 OR BM.4.1 OR BM.4.1.1 OR BM.5 OR BM.6 OR BN.1 OR BN.1.1 OR BN.1.1.1 OR BN.1.2 OR BN.1.2.1 OR BN.1.3 OR BN.1.3.1 OR BN.1.3.2 OR BN.1.3.3 OR BN.1.3.4 OR BN.1.4 OR BN.1.4.1 OR BN.1.5 OR BN.1.5.1 OR BN.1.6 OR BN.1.7 OR BN.1.8 OR BN.1.9 OR BN.2 OR BN.2.1 OR BN.3 OR BN.3.1 OR BN.4 OR BN.5 OR BN.6 OR BP.1 OR BQ.1 OR BQ.1.1 OR BQ.1.1.1 OR BQ.1.1.2 OR BQ.1.1.3 OR BQ.1.1.4 OR BQ.1.1.5 OR BQ.1.1.6 OR BQ.1.1.7 OR BQ.1.1.8 OR BQ.1.1.9 OR BQ.1.1.10 OR BQ.1.1.11 OR BQ.1.1.12 OR BQ.1.1.13 OR BQ.1.1.14 OR BQ.1.1.15 OR BQ.1.1.16 OR BQ.1.1.17 OR BQ.1.1.18 OR BQ.1.1.19 OR BQ.1.1.20 OR BQ.1.1.21 OR BQ.1.1.22 OR BQ.1.1.23 OR BQ.1.1.24 OR BQ.1.1.25 OR BQ.1.1.26 OR BQ.1.1.27 OR BQ.1.1.28 OR BQ.1.1.29 OR BQ.1.1.30 OR BQ.1.1.31 OR BQ.1.1.32 OR BQ.1.1.34 OR BQ.1.1.35 OR BQ.1.1.36 OR BQ.1.2 OR BQ.1.3 OR BQ.1.4 OR BQ.1.5 OR BQ.1.6 OR BQ.1.7 OR BQ.1.8 OR BQ.1.8.1 OR BQ.1.8.2 OR BQ.1.9 OR BQ.1.10 OR BQ.1.10.1 OR BQ.1.11 OR BQ.1.12 OR BQ.1.13 OR BQ.1.13.1 OR BQ.1.14 OR BQ.1.15 OR BQ.1.16 OR BQ.1.17 OR BQ.1.18 OR BQ.1.19 OR BQ.1.20 OR BQ.1.21 OR BQ.1.22 OR BQ.1.23 OR BQ.1.24 OR BQ.1.25 OR BQ.1.25.1 OR BQ.1.26 OR BQ.1.26.1 OR BQ.1.27 OR BQ.1.28 OR BQ.2 OR BR.1 OR BR.1.1 OR BR.1.2 OR BR.2 OR BR.2.1 OR BR.3 OR BR.4 OR BS.1 OR BS.1.1 OR BS.1.2 OR BT.1 OR BT.2 OR BU.1 OR BU.2 OR BU.3 OR BV.1 OR BV.2 OR BW.1 OR BW.1.1 OR BY.1 OR BY.1.1 OR BY.1.1.1 OR BY.1.2 OR BY.1.2.1 OR BZ.1 OR CA.1 OR CA.2 OR CA.3 OR CA.3.1 OR CA.4 OR CA.5 OR CA.6 OR CA.7 OR CB.1 OR CC.1 OR CD.1 OR CD.2 OR CE.1 OR CF.1 OR CG.1 OR CH.1 OR CH.1.1 OR CH.1.1.1 OR CH.1.1.2 OR CH.1.1.3 OR CH.1.1.4 OR CH.1.1.5 OR CH.2 OR CH.3 OR CH.3.1 OR CJ.1 OR CJ.1.1 OR CK.1 OR CK.1.1 OR CK.1.2 OR CK.2 OR CK.2.1 OR CK.2.1.1 OR CK.3 OR CL.1 OR CM.1 OR CM.2 OR CM.2.1 OR CM.3 OR CM.4 OR CM.4.1 OR CM.5 OR CM.5.1 OR CM.5.2 OR CM.6 OR CM.6.1 OR CM.7 OR CM.8 OR CM.8.1 OR CM.9 OR CM.10 OR CM.11 OR CM.12 OR CN.1 OR CN.2 OR CP.1 OR CP.1.1 OR CP.1.2 OR CP.1.3 OR CP.2 OR CP.3 OR CP.4 OR CP.5 OR CP.6 OR CQ.1 OR CQ.1.1 OR CQ.2 OR CR.1 OR CR.1.1 OR CR.1.2 OR CR.1.3 OR CR.2 OR CS.1 OR CT.1 OR CU.1 OR CV.1 OR CV.2 OR CW.1 OR CY.1 OR CZ.1 OR DA.1 OR DB.1 OR DB.2 OR DC.1 OR DD.1 OR DE.1 OR DE.2 OR DF.1 OR DF.1.1 OR DG.1 OR DH.1 OR DJ.1 OR DJ.1.1 OR DJ.1.2 OR DJ.1.3 OR DK.1 OR DL.1 OR DM.1 OR DN.1 OR DN.1.1 OR DP.1 OR DQ.1 OR DR.1 OR DS.1 OR DT.1 OR DU.1 OR DV.1,Omicron,3.35714285714286,3.21428571428571,0.957446808510638
2022-02-23,2,1,2.71428571428571,2.42857142857143,0.894736842105263,0.176736097131257,0.961252382214835,B.1.1.529 OR BA.1 OR BA.1.1 OR BA.1.1.1 OR BA.1.1.2 OR BA.1.1.3 OR BA.1.1.4 OR BA.1.1.5 OR BA.1.1.6 OR BA.1.1.7 OR BA.1.1.8 OR BA.1.1.9 OR BA.1.1.10 OR BA.1.1.11 OR BA.1.1.12 OR BA.1.1.13 OR BA.1.1.14 OR BA.1.1.15 OR BA.1.1.16 OR BA.1.1.17 OR BA.1.1.18 OR BA.1.2 OR BA.1.3 OR BA.1.4 OR BA.1.5 OR BA.1.6 OR BA.1.7 OR BA.1.8 OR BA.1.9 OR BA.1.10 OR BA.1.12 OR BA.1.13 OR BA.1.13.1 OR BA.1.14 OR BA.1.14.1 OR BA.1.14.2 OR BA.1.15 OR BA.1.15.1 OR BA.1.15.2 OR BA.1.15.3 OR BA.1.16 OR BA.1.16.1 OR BA.1.16.2 OR BA.1.17 OR BA.1.17.1 OR BA.1.17.2 OR BA.1.18 OR BA.1.19 OR BA.1.20 OR BA.1.21 OR BA.1.21.1 OR BA.1.22 OR BA.1.23 OR BA.1.24 OR BA.2 OR BA.2.1 OR BA.2.2 OR BA.2.2.1 OR BA.2.3 OR BA.2.3.1 OR BA.2.3.2 OR BA.2.3.4 OR BA.2.3.5 OR BA.2.3.6 OR BA.2.3.7 OR BA.2.3.8 OR BA.2.3.9 OR BA.2.3.10 OR BA.2.3.11 OR BA.2.3.12 OR BA.2.3.13 OR BA.2.3.14 OR BA.2.3.15 OR BA.2.3.16 OR BA.2.3.17 OR BA.2.3.18 OR BA.2.3.19 OR BA.2.3.20 OR BA.2.3.21 OR BA.2.3.22 OR BA.2.4 OR BA.2.5 OR BA.2.6 OR BA.2.7 OR BA.2.8 OR BA.2.9 OR BA.2.9.1 OR BA.2.9.2 OR BA.2.9.3 OR BA.2.9.4 OR BA.2.9.5 OR BA.2.9.6 OR BA.2.9.7 OR BA.2.10 OR BA.2.10.1 OR BA.2.10.2 OR BA.2.10.3 OR BA.2.10.4 OR BA.2.11 OR BA.2.12 OR BA.2.12.1 OR BA.2.12.2 OR BA.2.13 OR BA.2.13.1 OR BA.2.14 OR BA.2.15 OR BA.2.16 OR BA.2.17 OR BA.2.18 OR BA.2.19 OR BA.2.20 OR BA.2.21 OR BA.2.22 OR BA.2.23 OR BA.2.23.1 OR BA.2.24 OR BA.2.25 OR BA.2.25.1 OR BA.2.26 OR BA.2.27 OR BA.2.28 OR BA.2.29 OR BA.2.30 OR BA.2.31 OR BA.2.31.1 OR BA.2.32 OR BA.2.33 OR BA.2.34 OR BA.2.35 OR BA.2.36 OR BA.2.37 OR BA.2.38 OR BA.2.38.1 OR BA.2.38.2 OR BA.2.38.3 OR BA.2.38.4 OR BA.2.39 OR BA.2.40 OR BA.2.40.1 OR BA.2.41 OR BA.2.42 OR BA.2.43 OR BA.2.44 OR BA.2.45 OR BA.2.46 OR BA.2.47 OR BA.2.48 OR BA.2.49 OR BA.2.50 OR BA.2.51 OR BA.2.52 OR BA.2.53 OR BA.2.54 OR BA.2.55 OR BA.2.56 OR BA.2.56.1 OR BA.2.57 OR BA.2.58 OR BA.2.59 OR BA.2.60 OR BA.2.61 OR BA.2.62 OR BA.2.63 OR BA.2.64 OR BA.2.65 OR BA.2.66 OR BA.2.67 OR BA.2.68 OR BA.2.69 OR BA.2.70 OR BA.2.71 OR BA.2.72 OR BA.2.73 OR BA.2.74 OR BA.2.75 OR BA.2.75.1 OR BA.2.75.2 OR BA.2.75.3 OR BA.2.75.4 OR BA.2.75.5 OR BA.2.75.6 OR BA.2.75.7 OR BA.2.75.8 OR BA.2.75.9 OR BA.2.75.10 OR BA.2.76 OR BA.2.76.1 OR BA.2.76.2 OR BA.2.77 OR BA.2.78 OR BA.2.79 OR BA.2.79.1 OR BA.2.80 OR BA.2.81 OR BA.2.82 OR BA.2.83 OR BA.2.85 OR BA.3 OR BA.3.1 OR BA.4 OR BA.4.1 OR BA.4.1.1 OR BA.4.1.2 OR BA.4.1.3 OR BA.4.1.4 OR BA.4.1.5 OR BA.4.1.6 OR BA.4.1.7 OR BA.4.1.8 OR BA.4.1.9 OR BA.4.1.10 OR BA.4.2 OR BA.4.3 OR BA.4.4 OR BA.4.5 OR BA.4.6 OR BA.4.6.1 OR BA.4.6.2 OR BA.4.6.3 OR BA.4.6.4 OR BA.4.6.5 OR BA.4.7 OR BA.4.8 OR BA.5 OR BA.5.1 OR BA.5.1.1 OR BA.5.1.2 OR BA.5.1.3 OR BA.5.1.4 OR BA.5.1.5 OR BA.5.1.6 OR BA.5.1.7 OR BA.5.1.8 OR BA.5.1.9 OR BA.5.1.10 OR BA.5.1.11 OR BA.5.1.12 OR BA.5.1.14 OR BA.5.1.15 OR BA.5.1.16 OR BA.5.1.17 OR BA.5.1.18 OR BA.5.1.19 OR BA.5.1.20 OR BA.5.1.21 OR BA.5.1.22 OR BA.5.1.23 OR BA.5.1.24 OR BA.5.1.25 OR BA.5.1.26 OR BA.5.1.27 OR BA.5.1.28 OR BA.5.1.29 OR BA.5.1.30 OR BA.5.1.31 OR BA.5.1.32 OR BA.5.2 OR BA.5.2.1 OR BA.5.2.2 OR BA.5.2.3 OR BA.5.2.4 OR BA.5.2.5 OR BA.5.2.6 OR BA.5.2.7 OR BA.5.2.8 OR BA.5.2.9 OR BA.5.2.10 OR BA.5.2.11 OR BA.5.2.12 OR BA.5.2.13 OR BA.5.2.14 OR BA.5.2.16 OR BA.5.2.18 OR BA.5.2.19 OR BA.5.2.20 OR BA.5.2.21 OR BA.5.2.22 OR BA.5.2.23 OR BA.5.2.24 OR BA.5.2.25 OR BA.5.2.26 OR BA.5.2.27 OR BA.5.2.28 OR BA.5.2.29 OR BA.5.2.30 OR BA.5.2.31 OR BA.5.2.32 OR BA.5.2.33 OR BA.5.2.34 OR BA.5.2.35 OR BA.5.2.36 OR BA.5.2.37 OR BA.5.2.38 OR BA.5.2.39 OR BA.5.2.40 OR BA.5.2.41 OR BA.5.2.42 OR BA.5.2.43 OR BA.5.2.44 OR BA.5.2.45 OR BA.5.2.46 OR BA.5.2.47 OR BA.5.2.48 OR BA.5.2.49 OR BA.5.3 OR BA.5.3.1 OR BA.5.3.2 OR BA.5.3.3 OR BA.5.3.4 OR BA.5.3.5 OR BA.5.5 OR BA.5.5.1 OR BA.5.5.2 OR BA.5.5.3 OR BA.5.6 OR BA.5.6.1 OR BA.5.6.2 OR BA.5.6.3 OR BA.5.6.4 OR BA.5.7 OR BA.5.8 OR BA.5.9 OR BA.5.10 OR BA.5.10.1 OR BA.5.11 OR BC.1 OR BC.2 OR BD.1 OR BE.1 OR BE.1.1 OR BE.1.1.1 OR BE.1.1.2 OR BE.1.2 OR BE.1.2.1 OR BE.1.3 OR BE.1.4 OR BE.1.4.1 OR BE.1.4.2 OR BE.1.4.3 OR BE.1.4.4 OR BE.2 OR BE.3 OR BE.4 OR BE.4.1 OR BE.4.1.1 OR BE.4.2 OR BE.5 OR BE.6 OR BE.7 OR BE.8 OR BE.9 OR BE.10 OR BF.1 OR BF.1.1 OR BF.2 OR BF.3 OR BF.3.1 OR BF.4 OR BF.5 OR BF.5.1 OR BF.5.2 OR BF.6 OR BF.7 OR BF.7.1 OR BF.7.2 OR BF.7.3 OR BF.7.4 OR BF.7.4.1 OR BF.7.4.2 OR BF.7.5 OR BF.7.5.1 OR BF.7.6 OR BF.7.7 OR BF.7.8 OR BF.7.9 OR BF.7.10 OR BF.7.11 OR BF.7.12 OR BF.7.13 OR BF.7.13.1 OR BF.7.13.2 OR BF.7.14 OR BF.7.15 OR BF.8 OR BF.9 OR BF.10 OR BF.10.1 OR BF.11 OR BF.11.1 OR BF.11.2 OR BF.11.3 OR BF.11.4 OR BF.11.5 OR BF.12 OR BF.13 OR BF.14 OR BF.15 OR BF.16 OR BF.17 OR BF.18 OR BF.19 OR BF.20 OR BF.21 OR BF.22 OR BF.23 OR BF.24 OR BF.25 OR BF.26 OR BF.27 OR BF.28 OR BF.29 OR BF.30 OR BF.31 OR BF.31.1 OR BF.32 OR BF.33 OR BF.34 OR BG.1 OR BG.2 OR BG.3 OR BG.4 OR BG.5 OR BG.6 OR BG.7 OR BH.1 OR BJ.1 OR BK.1 OR BL.1 OR BL.1.1 OR BL.1.2 OR BL.1.3 OR BL.1.4 OR BL.2 OR BL.2.1 OR BL.3 OR BL.4 OR BL.5 OR BL.6 OR BM.1 OR BM.1.1 OR BM.1.1.1 OR BM.1.1.2 OR BM.1.1.3 OR BM.1.1.4 OR BM.1.1.5 OR BM.2 OR BM.2.1 OR BM.2.2 OR BM.2.3 OR BM.3 OR BM.4 OR BM.4.1 OR BM.4.1.1 OR BM.5 OR BM.6 OR BN.1 OR BN.1.1 OR BN.1.1.1 OR BN.1.2 OR BN.1.2.1 OR BN.1.3 OR BN.1.3.1 OR BN.1.3.2 OR BN.1.3.3 OR BN.1.3.4 OR BN.1.4 OR BN.1.4.1 OR BN.1.5 OR BN.1.5.1 OR BN.1.6 OR BN.1.7 OR BN.1.8 OR BN.1.9 OR BN.2 OR BN.2.1 OR BN.3 OR BN.3.1 OR BN.4 OR BN.5 OR BN.6 OR BP.1 OR BQ.1 OR BQ.1.1 OR BQ.1.1.1 OR BQ.1.1.2 OR BQ.1.1.3 OR BQ.1.1.4 OR BQ.1.1.5 OR BQ.1.1.6 OR BQ.1.1.7 OR BQ.1.1.8 OR BQ.1.1.9 OR BQ.1.1.10 OR BQ.1.1.11 OR BQ.1.1.12 OR BQ.1.1.13 OR BQ.1.1.14 OR BQ.1.1.15 OR BQ.1.1.16 OR BQ.1.1.17 OR BQ.1.1.18 OR BQ.1.1.19 OR BQ.1.1.20 OR BQ.1.1.21 OR BQ.1.1.22 OR BQ.1.1.23 OR BQ.1.1.24 OR BQ.1.1.25 OR BQ.1.1.26 OR BQ.1.1.27 OR BQ.1.1.28 OR BQ.1.1.29 OR BQ.1.1.30 OR BQ.1.1.31 OR BQ.1.1.32 OR BQ.1.1.34 OR BQ.1.1.35 OR BQ.1.1.36 OR BQ.1.2 OR BQ.1.3 OR BQ.1.4 OR BQ.1.5 OR BQ.1.6 OR BQ.1.7 OR BQ.1.8 OR BQ.1.8.1 OR BQ.1.8.2 OR BQ.1.9 OR BQ.1.10 OR BQ.1.10.1 OR BQ.1.11 OR BQ.1.12 OR BQ.1.13 OR BQ.1.13.1 OR BQ.1.14 OR BQ.1.15 OR BQ.1.16 OR BQ.1.17 OR BQ.1.18 OR BQ.1.19 OR BQ.1.20 OR BQ.1.21 OR BQ.1.22 OR BQ.1.23 OR BQ.1.24 OR BQ.1.25 OR BQ.1.25.1 OR BQ.1.26 OR BQ.1.26.1 OR BQ.1.27 OR BQ.1.28 OR BQ.2 OR BR.1 OR BR.1.1 OR BR.1.2 OR BR.2 OR BR.2.1 OR BR.3 OR BR.4 OR BS.1 OR BS.1.1 OR BS.1.2 OR BT.1 OR BT.2 OR BU.1 OR BU.2 OR BU.3 OR BV.1 OR BV.2 OR BW.1 OR BW.1.1 OR BY.1 OR BY.1.1 OR BY.1.1.1 OR BY.1.2 OR BY.1.2.1 OR BZ.1 OR CA.1 OR CA.2 OR CA.3 OR CA.3.1 OR CA.4 OR CA.5 OR CA.6 OR CA.7 OR CB.1 OR CC.1 OR CD.1 OR CD.2 OR CE.1 OR CF.1 OR CG.1 OR CH.1 OR CH.1.1 OR CH.1.1.1 OR CH.1.1.2 OR CH.1.1.3 OR CH.1.1.4 OR CH.1.1.5 OR CH.2 OR CH.3 OR CH.3.1 OR CJ.1 OR CJ.1.1 OR CK.1 OR CK.1.1 OR CK.1.2 OR CK.2 OR CK.2.1 OR CK.2.1.1 OR CK.3 OR CL.1 OR CM.1 OR CM.2 OR CM.2.1 OR CM.3 OR CM.4 OR CM.4.1 OR CM.5 OR CM.5.1 OR CM.5.2 OR CM.6 OR CM.6.1 OR CM.7 OR CM.8 OR CM.8.1 OR CM.9 OR CM.10 OR CM.11 OR CM.12 OR CN.1 OR CN.2 OR CP.1 OR CP.1.1 OR CP.1.2 OR CP.1.3 OR CP.2 OR CP.3 OR CP.4 OR CP.5 OR CP.6 OR CQ.1 OR CQ.1.1 OR CQ.2 OR CR.1 OR CR.1.1 OR CR.1.2 OR CR.1.3 OR CR.2 OR CS.1 OR CT.1 OR CU.1 OR CV.1 OR CV.2 OR CW.1 OR CY.1 OR CZ.1 OR DA.1 OR DB.1 OR DB.2 OR DC.1 OR DD.1 OR DE.1 OR DE.2 OR DF.1 OR DF.1.1 OR DG.1 OR DH.1 OR DJ.1 OR DJ.1.1 OR DJ.1.2 OR DJ.1.3 OR DK.1 OR DL.1 OR DM.1 OR DN.1 OR DN.1.1 OR DP.1 OR DQ.1 OR DR.1 OR DS.1 OR DT.1 OR DU.1 OR DV.1,Omicron,2.92857142857143,2.71428571428571,0.926829268292683
2022-02-24,2,2,2.85714285714286,2.57142857142857,0.9,0.46441675695705,0.999849363974563,B.1.1.529 OR BA.1 OR BA.1.1 OR BA.1.1.1 OR BA.1.1.2 OR BA.1.1.3 OR BA.1.1.4 OR BA.1.1.5 OR BA.1.1.6 OR BA.1.1.7 OR BA.1.1.8 OR BA.1.1.9 OR BA.1.1.10 OR BA.1.1.11 OR BA.1.1.12 OR BA.1.1.13 OR BA.1.1.14 OR BA.1.1.15 OR BA.1.1.16 OR BA.1.1.17 OR BA.1.1.18 OR BA.1.2 OR BA.1.3 OR BA.1.4 OR BA.1.5 OR BA.1.6 OR BA.1.7 OR BA.1.8 OR BA.1.9 OR BA.1.10 OR BA.1.12 OR BA.1.13 OR BA.1.13.1 OR BA.1.14 OR BA.1.14.1 OR BA.1.14.2 OR BA.1.15 OR BA.1.15.1 OR BA.1.15.2 OR BA.1.15.3 OR BA.1.16 OR BA.1.16.1 OR BA.1.16.2 OR BA.1.17 OR BA.1.17.1 OR BA.1.17.2 OR BA.1.18 OR BA.1.19 OR BA.1.20 OR BA.1.21 OR BA.1.21.1 OR BA.1.22 OR BA.1.23 OR BA.1.24 OR BA.2 OR BA.2.1 OR BA.2.2 OR BA.2.2.1 OR BA.2.3 OR BA.2.3.1 OR BA.2.3.2 OR BA.2.3.4 OR BA.2.3.5 OR BA.2.3.6 OR BA.2.3.7 OR BA.2.3.8 OR BA.2.3.9 OR BA.2.3.10 OR BA.2.3.11 OR BA.2.3.12 OR BA.2.3.13 OR BA.2.3.14 OR BA.2.3.15 OR BA.2.3.16 OR BA.2.3.17 OR BA.2.3.18 OR BA.2.3.19 OR BA.2.3.20 OR BA.2.3.21 OR BA.2.3.22 OR BA.2.4 OR BA.2.5 OR BA.2.6 OR BA.2.7 OR BA.2.8 OR BA.2.9 OR BA.2.9.1 OR BA.2.9.2 OR BA.2.9.3 OR BA.2.9.4 OR BA.2.9.5 OR BA.2.9.6 OR BA.2.9.7 OR BA.2.10 OR BA.2.10.1 OR BA.2.10.2 OR BA.2.10.3 OR BA.2.10.4 OR BA.2.11 OR BA.2.12 OR BA.2.12.1 OR BA.2.12.2 OR BA.2.13 OR BA.2.13.1 OR BA.2.14 OR BA.2.15 OR BA.2.16 OR BA.2.17 OR BA.2.18 OR BA.2.19 OR BA.2.20 OR BA.2.21 OR BA.2.22 OR BA.2.23 OR BA.2.23.1 OR BA.2.24 OR BA.2.25 OR BA.2.25.1 OR BA.2.26 OR BA.2.27 OR BA.2.28 OR BA.2.29 OR BA.2.30 OR BA.2.31 OR BA.2.31.1 OR BA.2.32 OR BA.2.33 OR BA.2.34 OR BA.2.35 OR BA.2.36 OR BA.2.37 OR BA.2.38 OR BA.2.38.1 OR BA.2.38.2 OR BA.2.38.3 OR BA.2.38.4 OR BA.2.39 OR BA.2.40 OR BA.2.40.1 OR BA.2.41 OR BA.2.42 OR BA.2.43 OR BA.2.44 OR BA.2.45 OR BA.2.46 OR BA.2.47 OR BA.2.48 OR BA.2.49 OR BA.2.50 OR BA.2.51 OR BA.2.52 OR BA.2.53 OR BA.2.54 OR BA.2.55 OR BA.2.56 OR BA.2.56.1 OR BA.2.57 OR BA.2.58 OR BA.2.59 OR BA.2.60 OR BA.2.61 OR BA.2.62 OR BA.2.63 OR BA.2.64 OR BA.2.65 OR BA.2.66 OR BA.2.67 OR BA.2.68 OR BA.2.69 OR BA.2.70 OR BA.2.71 OR BA.2.72 OR BA.2.73 OR BA.2.74 OR BA.2.75 OR BA.2.75.1 OR BA.2.75.2 OR BA.2.75.3 OR BA.2.75.4 OR BA.2.75.5 OR BA.2.75.6 OR BA.2.75.7 OR BA.2.75.8 OR BA.2.75.9 OR BA.2.75.10 OR BA.2.76 OR BA.2.76.1 OR BA.2.76.2 OR BA.2.77 OR BA.2.78 OR BA.2.79 OR BA.2.79.1 OR BA.2.80 OR BA.2.81 OR BA.2.82 OR BA.2.83 OR BA.2.85 OR BA.3 OR BA.3.1 OR BA.4 OR BA.4.1 OR BA.4.1.1 OR BA.4.1.2 OR BA.4.1.3 OR BA.4.1.4 OR BA.4.1.5 OR BA.4.1.6 OR BA.4.1.7 OR BA.4.1.8 OR BA.4.1.9 OR BA.4.1.10 OR BA.4.2 OR BA.4.3 OR BA.4.4 OR BA.4.5 OR BA.4.6 OR BA.4.6.1 OR BA.4.6.2 OR BA.4.6.3 OR BA.4.6.4 OR BA.4.6.5 OR BA.4.7 OR BA.4.8 OR BA.5 OR BA.5.1 OR BA.5.1.1 OR BA.5.1.2 OR BA.5.1.3 OR BA.5.1.4 OR BA.5.1.5 OR BA.5.1.6 OR BA.5.1.7 OR BA.5.1.8 OR BA.5.1.9 OR BA.5.1.10 OR BA.5.1.11 OR BA.5.1.12 OR BA.5.1.14 OR BA.5.1.15 OR BA.5.1.16 OR BA.5.1.17 OR BA.5.1.18 OR BA.5.1.19 OR BA.5.1.20 OR BA.5.1.21 OR BA.5.1.22 OR BA.5.1.23 OR BA.5.1.24 OR BA.5.1.25 OR BA.5.1.26 OR BA.5.1.27 OR BA.5.1.28 OR BA.5.1.29 OR BA.5.1.30 OR BA.5.1.31 OR BA.5.1.32 OR BA.5.2 OR BA.5.2.1 OR BA.5.2.2 OR BA.5.2.3 OR BA.5.2.4 OR BA.5.2.5 OR BA.5.2.6 OR BA.5.2.7 OR BA.5.2.8 OR BA.5.2.9 OR BA.5.2.10 OR BA.5.2.11 OR BA.5.2.12 OR BA.5.2.13 OR BA.5.2.14 OR BA.5.2.16 OR BA.5.2.18 OR BA.5.2.19 OR BA.5.2.20 OR BA.5.2.21 OR BA.5.2.22 OR BA.5.2.23 OR BA.5.2.24 OR BA.5.2.25 OR BA.5.2.26 OR BA.5.2.27 OR BA.5.2.28 OR BA.5.2.29 OR BA.5.2.30 OR BA.5.2.31 OR BA.5.2.32 OR BA.5.2.33 OR BA.5.2.34 OR BA.5.2.35 OR BA.5.2.36 OR BA.5.2.37 OR BA.5.2.38 OR BA.5.2.39 OR BA.5.2.40 OR BA.5.2.41 OR BA.5.2.42 OR BA.5.2.43 OR BA.5.2.44 OR BA.5.2.45 OR BA.5.2.46 OR BA.5.2.47 OR BA.5.2.48 OR BA.5.2.49 OR BA.5.3 OR BA.5.3.1 OR BA.5.3.2 OR BA.5.3.3 OR BA.5.3.4 OR BA.5.3.5 OR BA.5.5 OR BA.5.5.1 OR BA.5.5.2 OR BA.5.5.3 OR BA.5.6 OR BA.5.6.1 OR BA.5.6.2 OR BA.5.6.3 OR BA.5.6.4 OR BA.5.7 OR BA.5.8 OR BA.5.9 OR BA.5.10 OR BA.5.10.1 OR BA.5.11 OR BC.1 OR BC.2 OR BD.1 OR BE.1 OR BE.1.1 OR BE.1.1.1 OR BE.1.1.2 OR BE.1.2 OR BE.1.2.1 OR BE.1.3 OR BE.1.4 OR BE.1.4.1 OR BE.1.4.2 OR BE.1.4.3 OR BE.1.4.4 OR BE.2 OR BE.3 OR BE.4 OR BE.4.1 OR BE.4.1.1 OR BE.4.2 OR BE.5 OR BE.6 OR BE.7 OR BE.8 OR BE.9 OR BE.10 OR BF.1 OR BF.1.1 OR BF.2 OR BF.3 OR BF.3.1 OR BF.4 OR BF.5 OR BF.5.1 OR BF.5.2 OR BF.6 OR BF.7 OR BF.7.1 OR BF.7.2 OR BF.7.3 OR BF.7.4 OR BF.7.4.1 OR BF.7.4.2 OR BF.7.5 OR BF.7.5.1 OR BF.7.6 OR BF.7.7 OR BF.7.8 OR BF.7.9 OR BF.7.10 OR BF.7.11 OR BF.7.12 OR BF.7.13 OR BF.7.13.1 OR BF.7.13.2 OR BF.7.14 OR BF.7.15 OR BF.8 OR BF.9 OR BF.10 OR BF.10.1 OR BF.11 OR BF.11.1 OR BF.11.2 OR BF.11.3 OR BF.11.4 OR BF.11.5 OR BF.12 OR BF.13 OR BF.14 OR BF.15 OR BF.16 OR BF.17 OR BF.18 OR BF.19 OR BF.20 OR BF.21 OR BF.22 OR BF.23 OR BF.24 OR BF.25 OR BF.26 OR BF.27 OR BF.28 OR BF.29 OR BF.30 OR BF.31 OR BF.31.1 OR BF.32 OR BF.33 OR BF.34 OR BG.1 OR BG.2 OR BG.3 OR BG.4 OR BG.5 OR BG.6 OR BG.7 OR BH.1 OR BJ.1 OR BK.1 OR BL.1 OR BL.1.1 OR BL.1.2 OR BL.1.3 OR BL.1.4 OR BL.2 OR BL.2.1 OR BL.3 OR BL.4 OR BL.5 OR BL.6 OR BM.1 OR BM.1.1 OR BM.1.1.1 OR BM.1.1.2 OR BM.1.1.3 OR BM.1.1.4 OR BM.1.1.5 OR BM.2 OR BM.2.1 OR BM.2.2 OR BM.2.3 OR BM.3 OR BM.4 OR BM.4.1 OR BM.4.1.1 OR BM.5 OR BM.6 OR BN.1 OR BN.1.1 OR BN.1.1.1 OR BN.1.2 OR BN.1.2.1 OR BN.1.3 OR BN.1.3.1 OR BN.1.3.2 OR BN.1.3.3 OR BN.1.3.4 OR BN.1.4 OR BN.1.4.1 OR BN.1.5 OR BN.1.5.1 OR BN.1.6 OR BN.1.7 OR BN.1.8 OR BN.1.9 OR BN.2 OR BN.2.1 OR BN.3 OR BN.3.1 OR BN.4 OR BN.5 OR BN.6 OR BP.1 OR BQ.1 OR BQ.1.1 OR BQ.1.1.1 OR BQ.1.1.2 OR BQ.1.1.3 OR BQ.1.1.4 OR BQ.1.1.5 OR BQ.1.1.6 OR BQ.1.1.7 OR BQ.1.1.8 OR BQ.1.1.9 OR BQ.1.1.10 OR BQ.1.1.11 OR BQ.1.1.12 OR BQ.1.1.13 OR BQ.1.1.14 OR BQ.1.1.15 OR BQ.1.1.16 OR BQ.1.1.17 OR BQ.1.1.18 OR BQ.1.1.19 OR BQ.1.1.20 OR BQ.1.1.21 OR BQ.1.1.22 OR BQ.1.1.23 OR BQ.1.1.24 OR BQ.1.1.25 OR BQ.1.1.26 OR BQ.1.1.27 OR BQ.1.1.28 OR BQ.1.1.29 OR BQ.1.1.30 OR BQ.1.1.31 OR BQ.1.1.32 OR BQ.1.1.34 OR BQ.1.1.35 OR BQ.1.1.36 OR BQ.1.2 OR BQ.1.3 OR BQ.1.4 OR BQ.1.5 OR BQ.1.6 OR BQ.1.7 OR BQ.1.8 OR BQ.1.8.1 OR BQ.1.8.2 OR BQ.1.9 OR BQ.1.10 OR BQ.1.10.1 OR BQ.1.11 OR BQ.1.12 OR BQ.1.13 OR BQ.1.13.1 OR BQ.1.14 OR BQ.1.15 OR BQ.1.16 OR BQ.1.17 OR BQ.1.18 OR BQ.1.19 OR BQ.1.20 OR BQ.1.21 OR BQ.1.22 OR BQ.1.23 OR BQ.1.24 OR BQ.1.25 OR BQ.1.25.1 OR BQ.1.26 OR BQ.1.26.1 OR BQ.1.27 OR BQ.1.28 OR BQ.2 OR BR.1 OR BR.1.1 OR BR.1.2 OR BR.2 OR BR.2.1 OR BR.3 OR BR.4 OR BS.1 OR BS.1.1 OR BS.1.2 OR BT.1 OR BT.2 OR BU.1 OR BU.2 OR BU.3 OR BV.1 OR BV.2 OR BW.1 OR BW.1.1 OR BY.1 OR BY.1.1 OR BY.1.1.1 OR BY.1.2 OR BY.1.2.1 OR BZ.1 OR CA.1 OR CA.2 OR CA.3 OR CA.3.1 OR CA.4 OR CA.5 OR CA.6 OR CA.7 OR CB.1 OR CC.1 OR CD.1 OR CD.2 OR CE.1 OR CF.1 OR CG.1 OR CH.1 OR CH.1.1 OR CH.1.1.1 OR CH.1.1.2 OR CH.1.1.3 OR CH.1.1.4 OR CH.1.1.5 OR CH.2 OR CH.3 OR CH.3.1 OR CJ.1 OR CJ.1.1 OR CK.1 OR CK.1.1 OR CK.1.2 OR CK.2 OR CK.2.1 OR CK.2.1.1 OR CK.3 OR CL.1 OR CM.1 OR CM.2 OR CM.2.1 OR CM.3 OR CM.4 OR CM.4.1 OR CM.5 OR CM.5.1 OR CM.5.2 OR CM.6 OR CM.6.1 OR CM.7 OR CM.8 OR CM.8.1 OR CM.9 OR CM.10 OR CM.11 OR CM.12 OR CN.1 OR CN.2 OR CP.1 OR CP.1.1 OR CP.1.2 OR CP.1.3 OR CP.2 OR CP.3 OR CP.4 OR CP.5 OR CP.6 OR CQ.1 OR CQ.1.1 OR CQ.2 OR CR.1 OR CR.1.1 OR CR.1.2 OR CR.1.3 OR CR.2 OR CS.1 OR CT.1 OR CU.1 OR CV.1 OR CV.2 OR CW.1 OR CY.1 OR CZ.1 OR DA.1 OR DB.1 OR DB.2 OR DC.1 OR DD.1 OR DE.1 OR DE.2 OR DF.1 OR DF.1.1 OR DG.1 OR DH.1 OR DJ.1 OR DJ.1.1 OR DJ.1.2 OR DJ.1.3 OR DK.1 OR DL.1 OR DM.1 OR DN.1 OR DN.1.1 OR DP.1 OR DQ.1 OR DR.1 OR DS.1 OR DT.1 OR DU.1 OR DV.1,Omicron,2.92857142857143,2.71428571428571,0.926829268292683
2022-02-25,4,4,3.14285714285714,2.85714285714286,0.909090909090909,0.46441675695705,0.999849363974563,B.1.1.529 OR BA.1 OR BA.1.1 OR BA.1.1.1 OR BA.1.1.2 OR BA.1.1.3 OR BA.1.1.4 OR BA.1.1.5 OR BA.1.1.6 OR BA.1.1.7 OR BA.1.1.8 OR BA.1.1.9 OR BA.1.1.10 OR BA.1.1.11 OR BA.1.1.12 OR BA.1.1.13 OR BA.1.1.14 OR BA.1.1.15 OR BA.1.1.16 OR BA.1.1.17 OR BA.1.1.18 OR BA.1.2 OR BA.1.3 OR BA.1.4 OR BA.1.5 OR BA.1.6 OR BA.1.7 OR BA.1.8 OR BA.1.9 OR BA.1.10 OR BA.1.12 OR BA.1.13 OR BA.1.13.1 OR BA.1.14 OR BA.1.14.1 OR BA.1.14.2 OR BA.1.15 OR BA.1.15.1 OR BA.1.15.2 OR BA.1.15.3 OR BA.1.16 OR BA.1.16.1 OR BA.1.16.2 OR BA.1.17 OR BA.1.17.1 OR BA.1.17.2 OR BA.1.18 OR BA.1.19 OR BA.1.20 OR BA.1.21 OR BA.1.21.1 OR BA.1.22 OR BA.1.23 OR BA.1.24 OR BA.2 OR BA.2.1 OR BA.2.2 OR BA.2.2.1 OR BA.2.3 OR BA.2.3.1 OR BA.2.3.2 OR BA.2.3.4 OR BA.2.3.5 OR BA.2.3.6 OR BA.2.3.7 OR BA.2.3.8 OR BA.2.3.9 OR BA.2.3.10 OR BA.2.3.11 OR BA.2.3.12 OR BA.2.3.13 OR BA.2.3.14 OR BA.2.3.15 OR BA.2.3.16 OR BA.2.3.17 OR BA.2.3.18 OR BA.2.3.19 OR BA.2.3.20 OR BA.2.3.21 OR BA.2.3.22 OR BA.2.4 OR BA.2.5 OR BA.2.6 OR BA.2.7 OR BA.2.8 OR BA.2.9 OR BA.2.9.1 OR BA.2.9.2 OR BA.2.9.3 OR BA.2.9.4 OR BA.2.9.5 OR BA.2.9.6 OR BA.2.9.7 OR BA.2.10 OR BA.2.10.1 OR BA.2.10.2 OR BA.2.10.3 OR BA.2.10.4 OR BA.2.11 OR BA.2.12 OR BA.2.12.1 OR BA.2.12.2 OR BA.2.13 OR BA.2.13.1 OR BA.2.14 OR BA.2.15 OR BA.2.16 OR BA.2.17 OR BA.2.18 OR BA.2.19 OR BA.2.20 OR BA.2.21 OR BA.2.22 OR BA.2.23 OR BA.2.23.1 OR BA.2.24 OR BA.2.25 OR BA.2.25.1 OR BA.2.26 OR BA.2.27 OR BA.2.28 OR BA.2.29 OR BA.2.30 OR BA.2.31 OR BA.2.31.1 OR BA.2.32 OR BA.2.33 OR BA.2.34 OR BA.2.35 OR BA.2.36 OR BA.2.37 OR BA.2.38 OR BA.2.38.1 OR BA.2.38.2 OR BA.2.38.3 OR BA.2.38.4 OR BA.2.39 OR BA.2.40 OR BA.2.40.1 OR BA.2.41 OR BA.2.42 OR BA.2.43 OR BA.2.44 OR BA.2.45 OR BA.2.46 OR BA.2.47 OR BA.2.48 OR BA.2.49 OR BA.2.50 OR BA.2.51 OR BA.2.52 OR BA.2.53 OR BA.2.54 OR BA.2.55 OR BA.2.56 OR BA.2.56.1 OR BA.2.57 OR BA.2.58 OR BA.2.59 OR BA.2.60 OR BA.2.61 OR BA.2.62 OR BA.2.63 OR BA.2.64 OR BA.2.65 OR BA.2.66 OR BA.2.67 OR BA.2.68 OR BA.2.69 OR BA.2.70 OR BA.2.71 OR BA.2.72 OR BA.2.73 OR BA.2.74 OR BA.2.75 OR BA.2.75.1 OR BA.2.75.2 OR BA.2.75.3 OR BA.2.75.4 OR BA.2.75.5 OR BA.2.75.6 OR BA.2.75.7 OR BA.2.75.8 OR BA.2.75.9 OR BA.2.75.10 OR BA.2.76 OR BA.2.76.1 OR BA.2.76.2 OR BA.2.77 OR BA.2.78 OR BA.2.79 OR BA.2.79.1 OR BA.2.80 OR BA.2.81 OR BA.2.82 OR BA.2.83 OR BA.2.85 OR BA.3 OR BA.3.1 OR BA.4 OR BA.4.1 OR BA.4.1.1 OR BA.4.1.2 OR BA.4.1.3 OR BA.4.1.4 OR BA.4.1.5 OR BA.4.1.6 OR BA.4.1.7 OR BA.4.1.8 OR BA.4.1.9 OR BA.4.1.10 OR BA.4.2 OR BA.4.3 OR BA.4.4 OR BA.4.5 OR BA.4.6 OR BA.4.6.1 OR BA.4.6.2 OR BA.4.6.3 OR BA.4.6.4 OR BA.4.6.5 OR BA.4.7 OR BA.4.8 OR BA.5 OR BA.5.1 OR BA.5.1.1 OR BA.5.1.2 OR BA.5.1.3 OR BA.5.1.4 OR BA.5.1.5 OR BA.5.1.6 OR BA.5.1.7 OR BA.5.1.8 OR BA.5.1.9 OR BA.5.1.10 OR BA.5.1.11 OR BA.5.1.12 OR BA.5.1.14 OR BA.5.1.15 OR BA.5.1.16 OR BA.5.1.17 OR BA.5.1.18 OR BA.5.1.19 OR BA.5.1.20 OR BA.5.1.21 OR BA.5.1.22 OR BA.5.1.23 OR BA.5.1.24 OR BA.5.1.25 OR BA.5.1.26 OR BA.5.1.27 OR BA.5.1.28 OR BA.5.1.29 OR BA.5.1.30 OR BA.5.1.31 OR BA.5.1.32 OR BA.5.2 OR BA.5.2.1 OR BA.5.2.2 OR BA.5.2.3 OR BA.5.2.4 OR BA.5.2.5 OR BA.5.2.6 OR BA.5.2.7 OR BA.5.2.8 OR BA.5.2.9 OR BA.5.2.10 OR BA.5.2.11 OR BA.5.2.12 OR BA.5.2.13 OR BA.5.2.14 OR BA.5.2.16 OR BA.5.2.18 OR BA.5.2.19 OR BA.5.2.20 OR BA.5.2.21 OR BA.5.2.22 OR BA.5.2.23 OR BA.5.2.24 OR BA.5.2.25 OR BA.5.2.26 OR BA.5.2.27 OR BA.5.2.28 OR BA.5.2.29 OR BA.5.2.30 OR BA.5.2.31 OR BA.5.2.32 OR BA.5.2.33 OR BA.5.2.34 OR BA.5.2.35 OR BA.5.2.36 OR BA.5.2.37 OR BA.5.2.38 OR BA.5.2.39 OR BA.5.2.40 OR BA.5.2.41 OR BA.5.2.42 OR BA.5.2.43 OR BA.5.2.44 OR BA.5.2.45 OR BA.5.2.46 OR BA.5.2.47 OR BA.5.2.48 OR BA.5.2.49 OR BA.5.3 OR BA.5.3.1 OR BA.5.3.2 OR BA.5.3.3 OR BA.5.3.4 OR BA.5.3.5 OR BA.5.5 OR BA.5.5.1 OR BA.5.5.2 OR BA.5.5.3 OR BA.5.6 OR BA.5.6.1 OR BA.5.6.2 OR BA.5.6.3 OR BA.5.6.4 OR BA.5.7 OR BA.5.8 OR BA.5.9 OR BA.5.10 OR BA.5.10.1 OR BA.5.11 OR BC.1 OR BC.2 OR BD.1 OR BE.1 OR BE.1.1 OR BE.1.1.1 OR BE.1.1.2 OR BE.1.2 OR BE.1.2.1 OR BE.1.3 OR BE.1.4 OR BE.1.4.1 OR BE.1.4.2 OR BE.1.4.3 OR BE.1.4.4 OR BE.2 OR BE.3 OR BE.4 OR BE.4.1 OR BE.4.1.1 OR BE.4.2 OR BE.5 OR BE.6 OR BE.7 OR BE.8 OR BE.9 OR BE.10 OR BF.1 OR BF.1.1 OR BF.2 OR BF.3 OR BF.3.1 OR BF.4 OR BF.5 OR BF.5.1 OR BF.5.2 OR BF.6 OR BF.7 OR BF.7.1 OR BF.7.2 OR BF.7.3 OR BF.7.4 OR BF.7.4.1 OR BF.7.4.2 OR BF.7.5 OR BF.7.5.1 OR BF.7.6 OR BF.7.7 OR BF.7.8 OR BF.7.9 OR BF.7.10 OR BF.7.11 OR BF.7.12 OR BF.7.13 OR BF.7.13.1 OR BF.7.13.2 OR BF.7.14 OR BF.7.15 OR BF.8 OR BF.9 OR BF.10 OR BF.10.1 OR BF.11 OR BF.11.1 OR BF.11.2 OR BF.11.3 OR BF.11.4 OR BF.11.5 OR BF.12 OR BF.13 OR BF.14 OR BF.15 OR BF.16 OR BF.17 OR BF.18 OR BF.19 OR BF.20 OR BF.21 OR BF.22 OR BF.23 OR BF.24 OR BF.25 OR BF.26 OR BF.27 OR BF.28 OR BF.29 OR BF.30 OR BF.31 OR BF.31.1 OR BF.32 OR BF.33 OR BF.34 OR BG.1 OR BG.2 OR BG.3 OR BG.4 OR BG.5 OR BG.6 OR BG.7 OR BH.1 OR BJ.1 OR BK.1 OR BL.1 OR BL.1.1 OR BL.1.2 OR BL.1.3 OR BL.1.4 OR BL.2 OR BL.2.1 OR BL.3 OR BL.4 OR BL.5 OR BL.6 OR BM.1 OR BM.1.1 OR BM.1.1.1 OR BM.1.1.2 OR BM.1.1.3 OR BM.1.1.4 OR BM.1.1.5 OR BM.2 OR BM.2.1 OR BM.2.2 OR BM.2.3 OR BM.3 OR BM.4 OR BM.4.1 OR BM.4.1.1 OR BM.5 OR BM.6 OR BN.1 OR BN.1.1 OR BN.1.1.1 OR BN.1.2 OR BN.1.2.1 OR BN.1.3 OR BN.1.3.1 OR BN.1.3.2 OR BN.1.3.3 OR BN.1.3.4 OR BN.1.4 OR BN.1.4.1 OR BN.1.5 OR BN.1.5.1 OR BN.1.6 OR BN.1.7 OR BN.1.8 OR BN.1.9 OR BN.2 OR BN.2.1 OR BN.3 OR BN.3.1 OR BN.4 OR BN.5 OR BN.6 OR BP.1 OR BQ.1 OR BQ.1.1 OR BQ.1.1.1 OR BQ.1.1.2 OR BQ.1.1.3 OR BQ.1.1.4 OR BQ.1.1.5 OR BQ.1.1.6 OR BQ.1.1.7 OR BQ.1.1.8 OR BQ.1.1.9 OR BQ.1.1.10 OR BQ.1.1.11 OR BQ.1.1.12 OR BQ.1.1.13 OR BQ.1.1.14 OR BQ.1.1.15 OR BQ.1.1.16 OR BQ.1.1.17 OR BQ.1.1.18 OR BQ.1.1.19 OR BQ.1.1.20 OR BQ.1.1.21 OR BQ.1.1.22 OR BQ.1.1.23 OR BQ.1.1.24 OR BQ.1.1.25 OR BQ.1.1.26 OR BQ.1.1.27 OR BQ.1.1.28 OR BQ.1.1.29 OR BQ.1.1.30 OR BQ.1.1.31 OR BQ.1.1.32 OR BQ.1.1.34 OR BQ.1.1.35 OR BQ.1.1.36 OR BQ.1.2 OR BQ.1.3 OR BQ.1.4 OR BQ.1.5 OR BQ.1.6 OR BQ.1.7 OR BQ.1.8 OR BQ.1.8.1 OR BQ.1.8.2 OR BQ.1.9 OR BQ.1.10 OR BQ.1.10.1 OR BQ.1.11 OR BQ.1.12 OR BQ.1.13 OR BQ.1.13.1 OR BQ.1.14 OR BQ.1.15 OR BQ.1.16 OR BQ.1.17 OR BQ.1.18 OR BQ.1.19 OR BQ.1.20 OR BQ.1.21 OR BQ.1.22 OR BQ.1.23 OR BQ.1.24 OR BQ.1.25 OR BQ.1.25.1 OR BQ.1.26 OR BQ.1.26.1 OR BQ.1.27 OR BQ.1.28 OR BQ.2 OR BR.1 OR BR.1.1 OR BR.1.2 OR BR.2 OR BR.2.1 OR BR.3 OR BR.4 OR BS.1 OR BS.1.1 OR BS.1.2 OR BT.1 OR BT.2 OR BU.1 OR BU.2 OR BU.3 OR BV.1 OR BV.2 OR BW.1 OR BW.1.1 OR BY.1 OR BY.1.1 OR BY.1.1.1 OR BY.1.2 OR BY.1.2.1 OR BZ.1 OR CA.1 OR CA.2 OR CA.3 OR CA.3.1 OR CA.4 OR CA.5 OR CA.6 OR CA.7 OR CB.1 OR CC.1 OR CD.1 OR CD.2 OR CE.1 OR CF.1 OR CG.1 OR CH.1 OR CH.1.1 OR CH.1.1.1 OR CH.1.1.2 OR CH.1.1.3 OR CH.1.1.4 OR CH.1.1.5 OR CH.2 OR CH.3 OR CH.3.1 OR CJ.1 OR CJ.1.1 OR CK.1 OR CK.1.1 OR CK.1.2 OR CK.2 OR CK.2.1 OR CK.2.1.1 OR CK.3 OR CL.1 OR CM.1 OR CM.2 OR CM.2.1 OR CM.3 OR CM.4 OR CM.4.1 OR CM.5 OR CM.5.1 OR CM.5.2 OR CM.6 OR CM.6.1 OR CM.7 OR CM.8 OR CM.8.1 OR CM.9 OR CM.10 OR CM.11 OR CM.12 OR CN.1 OR CN.2 OR CP.1 OR CP.1.1 OR CP.1.2 OR CP.1.3 OR CP.2 OR CP.3 OR CP.4 OR CP.5 OR CP.6 OR CQ.1 OR CQ.1.1 OR CQ.2 OR CR.1 OR CR.1.1 OR CR.1.2 OR CR.1.3 OR CR.2 OR CS.1 OR CT.1 OR CU.1 OR CV.1 OR CV.2 OR CW.1 OR CY.1 OR CZ.1 OR DA.1 OR DB.1 OR DB.2 OR DC.1 OR DD.1 OR DE.1 OR DE.2 OR DF.1 OR DF.1.1 OR DG.1 OR DH.1 OR DJ.1 OR DJ.1.1 OR DJ.1.2 OR DJ.1.3 OR DK.1 OR DL.1 OR DM.1 OR DN.1 OR DN.1.1 OR DP.1 OR DQ.1 OR DR.1 OR DS.1 OR DT.1 OR DU.1 OR DV.1,Omicron,3.07142857142857,2.92857142857143,0.953488372093023
2022-02-26,2,2,3.14285714285714,2.85714285714286,0.909090909090909,0.46441675695705,0.999849363974563,B.1.1.529 OR BA.1 OR BA.1.1 OR BA.1.1.1 OR BA.1.1.2 OR BA.1.1.3 OR BA.1.1.4 OR BA.1.1.5 OR BA.1.1.6 OR BA.1.1.7 OR BA.1.1.8 OR BA.1.1.9 OR BA.1.1.10 OR BA.1.1.11 OR BA.1.1.12 OR BA.1.1.13 OR BA.1.1.14 OR BA.1.1.15 OR BA.1.1.16 OR BA.1.1.17 OR BA.1.1.18 OR BA.1.2 OR BA.1.3 OR BA.1.4 OR BA.1.5 OR BA.1.6 OR BA.1.7 OR BA.1.8 OR BA.1.9 OR BA.1.10 OR BA.1.12 OR BA.1.13 OR BA.1.13.1 OR BA.1.14 OR BA.1.14.1 OR BA.1.14.2 OR BA.1.15 OR BA.1.15.1 OR BA.1.15.2 OR BA.1.15.3 OR BA.1.16 OR BA.1.16.1 OR BA.1.16.2 OR BA.1.17 OR BA.1.17.1 OR BA.1.17.2 OR BA.1.18 OR BA.1.19 OR BA.1.20 OR BA.1.21 OR BA.1.21.1 OR BA.1.22 OR BA.1.23 OR BA.1.24 OR BA.2 OR BA.2.1 OR BA.2.2 OR BA.2.2.1 OR BA.2.3 OR BA.2.3.1 OR BA.2.3.2 OR BA.2.3.4 OR BA.2.3.5 OR BA.2.3.6 OR BA.2.3.7 OR BA.2.3.8 OR BA.2.3.9 OR BA.2.3.10 OR BA.2.3.11 OR BA.2.3.12 OR BA.2.3.13 OR BA.2.3.14 OR BA.2.3.15 OR BA.2.3.16 OR BA.2.3.17 OR BA.2.3.18 OR BA.2.3.19 OR BA.2.3.20 OR BA.2.3.21 OR BA.2.3.22 OR BA.2.4 OR BA.2.5 OR BA.2.6 OR BA.2.7 OR BA.2.8 OR BA.2.9 OR BA.2.9.1 OR BA.2.9.2 OR BA.2.9.3 OR BA.2.9.4 OR BA.2.9.5 OR BA.2.9.6 OR BA.2.9.7 OR BA.2.10 OR BA.2.10.1 OR BA.2.10.2 OR BA.2.10.3 OR BA.2.10.4 OR BA.2.11 OR BA.2.12 OR BA.2.12.1 OR BA.2.12.2 OR BA.2.13 OR BA.2.13.1 OR BA.2.14 OR BA.2.15 OR BA.2.16 OR BA.2.17 OR BA.2.18 OR BA.2.19 OR BA.2.20 OR BA.2.21 OR BA.2.22 OR BA.2.23 OR BA.2.23.1 OR BA.2.24 OR BA.2.25 OR BA.2.25.1 OR BA.2.26 OR BA.2.27 OR BA.2.28 OR BA.2.29 OR BA.2.30 OR BA.2.31 OR BA.2.31.1 OR BA.2.32 OR BA.2.33 OR BA.2.34 OR BA.2.35 OR BA.2.36 OR BA.2.37 OR BA.2.38 OR BA.2.38.1 OR BA.2.38.2 OR BA.2.38.3 OR BA.2.38.4 OR BA.2.39 OR BA.2.40 OR BA.2.40.1 OR BA.2.41 OR BA.2.42 OR BA.2.43 OR BA.2.44 OR BA.2.45 OR BA.2.46 OR BA.2.47 OR BA.2.48 OR BA.2.49 OR BA.2.50 OR BA.2.51 OR BA.2.52 OR BA.2.53 OR BA.2.54 OR BA.2.55 OR BA.2.56 OR BA.2.56.1 OR BA.2.57 OR BA.2.58 OR BA.2.59 OR BA.2.60 OR BA.2.61 OR BA.2.62 OR BA.2.63 OR BA.2.64 OR BA.2.65 OR BA.2.66 OR BA.2.67 OR BA.2.68 OR BA.2.69 OR BA.2.70 OR BA.2.71 OR BA.2.72 OR BA.2.73 OR BA.2.74 OR BA.2.75 OR BA.2.75.1 OR BA.2.75.2 OR BA.2.75.3 OR BA.2.75.4 OR BA.2.75.5 OR BA.2.75.6 OR BA.2.75.7 OR BA.2.75.8 OR BA.2.75.9 OR BA.2.75.10 OR BA.2.76 OR BA.2.76.1 OR BA.2.76.2 OR BA.2.77 OR BA.2.78 OR BA.2.79 OR BA.2.79.1 OR BA.2.80 OR BA.2.81 OR BA.2.82 OR BA.2.83 OR BA.2.85 OR BA.3 OR BA.3.1 OR BA.4 OR BA.4.1 OR BA.4.1.1 OR BA.4.1.2 OR BA.4.1.3 OR BA.4.1.4 OR BA.4.1.5 OR BA.4.1.6 OR BA.4.1.7 OR BA.4.1.8 OR BA.4.1.9 OR BA.4.1.10 OR BA.4.2 OR BA.4.3 OR BA.4.4 OR BA.4.5 OR BA.4.6 OR BA.4.6.1 OR BA.4.6.2 OR BA.4.6.3 OR BA.4.6.4 OR BA.4.6.5 OR BA.4.7 OR BA.4.8 OR BA.5 OR BA.5.1 OR BA.5.1.1 OR BA.5.1.2 OR BA.5.1.3 OR BA.5.1.4 OR BA.5.1.5 OR BA.5.1.6 OR BA.5.1.7 OR BA.5.1.8 OR BA.5.1.9 OR BA.5.1.10 OR BA.5.1.11 OR BA.5.1.12 OR BA.5.1.14 OR BA.5.1.15 OR BA.5.1.16 OR BA.5.1.17 OR BA.5.1.18 OR BA.5.1.19 OR BA.5.1.20 OR BA.5.1.21 OR BA.5.1.22 OR BA.5.1.23 OR BA.5.1.24 OR BA.5.1.25 OR BA.5.1.26 OR BA.5.1.27 OR BA.5.1.28 OR BA.5.1.29 OR BA.5.1.30 OR BA.5.1.31 OR BA.5.1.32 OR BA.5.2 OR BA.5.2.1 OR BA.5.2.2 OR BA.5.2.3 OR BA.5.2.4 OR BA.5.2.5 OR BA.5.2.6 OR BA.5.2.7 OR BA.5.2.8 OR BA.5.2.9 OR BA.5.2.10 OR BA.5.2.11 OR BA.5.2.12 OR BA.5.2.13 OR BA.5.2.14 OR BA.5.2.16 OR BA.5.2.18 OR BA.5.2.19 OR BA.5.2.20 OR BA.5.2.21 OR BA.5.2.22 OR BA.5.2.23 OR BA.5.2.24 OR BA.5.2.25 OR BA.5.2.26 OR BA.5.2.27 OR BA.5.2.28 OR BA.5.2.29 OR BA.5.2.30 OR BA.5.2.31 OR BA.5.2.32 OR BA.5.2.33 OR BA.5.2.34 OR BA.5.2.35 OR BA.5.2.36 OR BA.5.2.37 OR BA.5.2.38 OR BA.5.2.39 OR BA.5.2.40 OR BA.5.2.41 OR BA.5.2.42 OR BA.5.2.43 OR BA.5.2.44 OR BA.5.2.45 OR BA.5.2.46 OR BA.5.2.47 OR BA.5.2.48 OR BA.5.2.49 OR BA.5.3 OR BA.5.3.1 OR BA.5.3.2 OR BA.5.3.3 OR BA.5.3.4 OR BA.5.3.5 OR BA.5.5 OR BA.5.5.1 OR BA.5.5.2 OR BA.5.5.3 OR BA.5.6 OR BA.5.6.1 OR BA.5.6.2 OR BA.5.6.3 OR BA.5.6.4 OR BA.5.7 OR BA.5.8 OR BA.5.9 OR BA.5.10 OR BA.5.10.1 OR BA.5.11 OR BC.1 OR BC.2 OR BD.1 OR BE.1 OR BE.1.1 OR BE.1.1.1 OR BE.1.1.2 OR BE.1.2 OR BE.1.2.1 OR BE.1.3 OR BE.1.4 OR BE.1.4.1 OR BE.1.4.2 OR BE.1.4.3 OR BE.1.4.4 OR BE.2 OR BE.3 OR BE.4 OR BE.4.1 OR BE.4.1.1 OR BE.4.2 OR BE.5 OR BE.6 OR BE.7 OR BE.8 OR BE.9 OR BE.10 OR BF.1 OR BF.1.1 OR BF.2 OR BF.3 OR BF.3.1 OR BF.4 OR BF.5 OR BF.5.1 OR BF.5.2 OR BF.6 OR BF.7 OR BF.7.1 OR BF.7.2 OR BF.7.3 OR BF.7.4 OR BF.7.4.1 OR BF.7.4.2 OR BF.7.5 OR BF.7.5.1 OR BF.7.6 OR BF.7.7 OR BF.7.8 OR BF.7.9 OR BF.7.10 OR BF.7.11 OR BF.7.12 OR BF.7.13 OR BF.7.13.1 OR BF.7.13.2 OR BF.7.14 OR BF.7.15 OR BF.8 OR BF.9 OR BF.10 OR BF.10.1 OR BF.11 OR BF.11.1 OR BF.11.2 OR BF.11.3 OR BF.11.4 OR BF.11.5 OR BF.12 OR BF.13 OR BF.14 OR BF.15 OR BF.16 OR BF.17 OR BF.18 OR BF.19 OR BF.20 OR BF.21 OR BF.22 OR BF.23 OR BF.24 OR BF.25 OR BF.26 OR BF.27 OR BF.28 OR BF.29 OR BF.30 OR BF.31 OR BF.31.1 OR BF.32 OR BF.33 OR BF.34 OR BG.1 OR BG.2 OR BG.3 OR BG.4 OR BG.5 OR BG.6 OR BG.7 OR BH.1 OR BJ.1 OR BK.1 OR BL.1 OR BL.1.1 OR BL.1.2 OR BL.1.3 OR BL.1.4 OR BL.2 OR BL.2.1 OR BL.3 OR BL.4 OR BL.5 OR BL.6 OR BM.1 OR BM.1.1 OR BM.1.1.1 OR BM.1.1.2 OR BM.1.1.3 OR BM.1.1.4 OR BM.1.1.5 OR BM.2 OR BM.2.1 OR BM.2.2 OR BM.2.3 OR BM.3 OR BM.4 OR BM.4.1 OR BM.4.1.1 OR BM.5 OR BM.6 OR BN.1 OR BN.1.1 OR BN.1.1.1 OR BN.1.2 OR BN.1.2.1 OR BN.1.3 OR BN.1.3.1 OR BN.1.3.2 OR BN.1.3.3 OR BN.1.3.4 OR BN.1.4 OR BN.1.4.1 OR BN.1.5 OR BN.1.5.1 OR BN.1.6 OR BN.1.7 OR BN.1.8 OR BN.1.9 OR BN.2 OR BN.2.1 OR BN.3 OR BN.3.1 OR BN.4 OR BN.5 OR BN.6 OR BP.1 OR BQ.1 OR BQ.1.1 OR BQ.1.1.1 OR BQ.1.1.2 OR BQ.1.1.3 OR BQ.1.1.4 OR BQ.1.1.5 OR BQ.1.1.6 OR BQ.1.1.7 OR BQ.1.1.8 OR BQ.1.1.9 OR BQ.1.1.10 OR BQ.1.1.11 OR BQ.1.1.12 OR BQ.1.1.13 OR BQ.1.1.14 OR BQ.1.1.15 OR BQ.1.1.16 OR BQ.1.1.17 OR BQ.1.1.18 OR BQ.1.1.19 OR BQ.1.1.20 OR BQ.1.1.21 OR BQ.1.1.22 OR BQ.1.1.23 OR BQ.1.1.24 OR BQ.1.1.25 OR BQ.1.1.26 OR BQ.1.1.27 OR BQ.1.1.28 OR BQ.1.1.29 OR BQ.1.1.30 OR BQ.1.1.31 OR BQ.1.1.32 OR BQ.1.1.34 OR BQ.1.1.35 OR BQ.1.1.36 OR BQ.1.2 OR BQ.1.3 OR BQ.1.4 OR BQ.1.5 OR BQ.1.6 OR BQ.1.7 OR BQ.1.8 OR BQ.1.8.1 OR BQ.1.8.2 OR BQ.1.9 OR BQ.1.10 OR BQ.1.10.1 OR BQ.1.11 OR BQ.1.12 OR BQ.1.13 OR BQ.1.13.1 OR BQ.1.14 OR BQ.1.15 OR BQ.1.16 OR BQ.1.17 OR BQ.1.18 OR BQ.1.19 OR BQ.1.20 OR BQ.1.21 OR BQ.1.22 OR BQ.1.23 OR BQ.1.24 OR BQ.1.25 OR BQ.1.25.1 OR BQ.1.26 OR BQ.1.26.1 OR BQ.1.27 OR BQ.1.28 OR BQ.2 OR BR.1 OR BR.1.1 OR BR.1.2 OR BR.2 OR BR.2.1 OR BR.3 OR BR.4 OR BS.1 OR BS.1.1 OR BS.1.2 OR BT.1 OR BT.2 OR BU.1 OR BU.2 OR BU.3 OR BV.1 OR BV.2 OR BW.1 OR BW.1.1 OR BY.1 OR BY.1.1 OR BY.1.1.1 OR BY.1.2 OR BY.1.2.1 OR BZ.1 OR CA.1 OR CA.2 OR CA.3 OR CA.3.1 OR CA.4 OR CA.5 OR CA.6 OR CA.7 OR CB.1 OR CC.1 OR CD.1 OR CD.2 OR CE.1 OR CF.1 OR CG.1 OR CH.1 OR CH.1.1 OR CH.1.1.1 OR CH.1.1.2 OR CH.1.1.3 OR CH.1.1.4 OR CH.1.1.5 OR CH.2 OR CH.3 OR CH.3.1 OR CJ.1 OR CJ.1.1 OR CK.1 OR CK.1.1 OR CK.1.2 OR CK.2 OR CK.2.1 OR CK.2.1.1 OR CK.3 OR CL.1 OR CM.1 OR CM.2 OR CM.2.1 OR CM.3 OR CM.4 OR CM.4.1 OR CM.5 OR CM.5.1 OR CM.5.2 OR CM.6 OR CM.6.1 OR CM.7 OR CM.8 OR CM.8.1 OR CM.9 OR CM.10 OR CM.11 OR CM.12 OR CN.1 OR CN.2 OR CP.1 OR CP.1.1 OR CP.1.2 OR CP.1.3 OR CP.2 OR CP.3 OR CP.4 OR CP.5 OR CP.6 OR CQ.1 OR CQ.1.1 OR CQ.2 OR CR.1 OR CR.1.1 OR CR.1.2 OR CR.1.3 OR CR.2 OR CS.1 OR CT.1 OR CU.1 OR CV.1 OR CV.2 OR CW.1 OR CY.1 OR CZ.1 OR DA.1 OR DB.1 OR DB.2 OR DC.1 OR DD.1 OR DE.1 OR DE.2 OR DF.1 OR DF.1.1 OR DG.1 OR DH.1 OR DJ.1 OR DJ.1.1 OR DJ.1.2 OR DJ.1.3 OR DK.1 OR DL.1 OR DM.1 OR DN.1 OR DN.1.1 OR DP.1 OR DQ.1 OR DR.1 OR DS.1 OR DT.1 OR DU.1 OR DV.1,Omicron,2.85714285714286,2.71428571428571,0.95
2022-02-27,2,2,3.28571428571429,3,0.91304347826087,0.46441675695705,0.999849363974563,B.1.1.529 OR BA.1 OR BA.1.1 OR BA.1.1.1 OR BA.1.1.2 OR BA.1.1.3 OR BA.1.1.4 OR BA.1.1.5 OR BA.1.1.6 OR BA.1.1.7 OR BA.1.1.8 OR BA.1.1.9 OR BA.1.1.10 OR BA.1.1.11 OR BA.1.1.12 OR BA.1.1.13 OR BA.1.1.14 OR BA.1.1.15 OR BA.1.1.16 OR BA.1.1.17 OR BA.1.1.18 OR BA.1.2 OR BA.1.3 OR BA.1.4 OR BA.1.5 OR BA.1.6 OR BA.1.7 OR BA.1.8 OR BA.1.9 OR BA.1.10 OR BA.1.12 OR BA.1.13 OR BA.1.13.1 OR BA.1.14 OR BA.1.14.1 OR BA.1.14.2 OR BA.1.15 OR BA.1.15.1 OR BA.1.15.2 OR BA.1.15.3 OR BA.1.16 OR BA.1.16.1 OR BA.1.16.2 OR BA.1.17 OR BA.1.17.1 OR BA.1.17.2 OR BA.1.18 OR BA.1.19 OR BA.1.20 OR BA.1.21 OR BA.1.21.1 OR BA.1.22 OR BA.1.23 OR BA.1.24 OR BA.2 OR BA.2.1 OR BA.2.2 OR BA.2.2.1 OR BA.2.3 OR BA.2.3.1 OR BA.2.3.2 OR BA.2.3.4 OR BA.2.3.5 OR BA.2.3.6 OR BA.2.3.7 OR BA.2.3.8 OR BA.2.3.9 OR BA.2.3.10 OR BA.2.3.11 OR BA.2.3.12 OR BA.2.3.13 OR BA.2.3.14 OR BA.2.3.15 OR BA.2.3.16 OR BA.2.3.17 OR BA.2.3.18 OR BA.2.3.19 OR BA.2.3.20 OR BA.2.3.21 OR BA.2.3.22 OR BA.2.4 OR BA.2.5 OR BA.2.6 OR BA.2.7 OR BA.2.8 OR BA.2.9 OR BA.2.9.1 OR BA.2.9.2 OR BA.2.9.3 OR BA.2.9.4 OR BA.2.9.5 OR BA.2.9.6 OR BA.2.9.7 OR BA.2.10 OR BA.2.10.1 OR BA.2.10.2 OR BA.2.10.3 OR BA.2.10.4 OR BA.2.11 OR BA.2.12 OR BA.2.12.1 OR BA.2.12.2 OR BA.2.13 OR BA.2.13.1 OR BA.2.14 OR BA.2.15 OR BA.2.16 OR BA.2.17 OR BA.2.18 OR BA.2.19 OR BA.2.20 OR BA.2.21 OR BA.2.22 OR BA.2.23 OR BA.2.23.1 OR BA.2.24 OR BA.2.25 OR BA.2.25.1 OR BA.2.26 OR BA.2.27 OR BA.2.28 OR BA.2.29 OR BA.2.30 OR BA.2.31 OR BA.2.31.1 OR BA.2.32 OR BA.2.33 OR BA.2.34 OR BA.2.35 OR BA.2.36 OR BA.2.37 OR BA.2.38 OR BA.2.38.1 OR BA.2.38.2 OR BA.2.38.3 OR BA.2.38.4 OR BA.2.39 OR BA.2.40 OR BA.2.40.1 OR BA.2.41 OR BA.2.42 OR BA.2.43 OR BA.2.44 OR BA.2.45 OR BA.2.46 OR BA.2.47 OR BA.2.48 OR BA.2.49 OR BA.2.50 OR BA.2.51 OR BA.2.52 OR BA.2.53 OR BA.2.54 OR BA.2.55 OR BA.2.56 OR BA.2.56.1 OR BA.2.57 OR BA.2.58 OR BA.2.59 OR BA.2.60 OR BA.2.61 OR BA.2.62 OR BA.2.63 OR BA.2.64 OR BA.2.65 OR BA.2.66 OR BA.2.67 OR BA.2.68 OR BA.2.69 OR BA.2.70 OR BA.2.71 OR BA.2.72 OR BA.2.73 OR BA.2.74 OR BA.2.75 OR BA.2.75.1 OR BA.2.75.2 OR BA.2.75.3 OR BA.2.75.4 OR BA.2.75.5 OR BA.2.75.6 OR BA.2.75.7 OR BA.2.75.8 OR BA.2.75.9 OR BA.2.75.10 OR BA.2.76 OR BA.2.76.1 OR BA.2.76.2 OR BA.2.77 OR BA.2.78 OR BA.2.79 OR BA.2.79.1 OR BA.2.80 OR BA.2.81 OR BA.2.82 OR BA.2.83 OR BA.2.85 OR BA.3 OR BA.3.1 OR BA.4 OR BA.4.1 OR BA.4.1.1 OR BA.4.1.2 OR BA.4.1.3 OR BA.4.1.4 OR BA.4.1.5 OR BA.4.1.6 OR BA.4.1.7 OR BA.4.1.8 OR BA.4.1.9 OR BA.4.1.10 OR BA.4.2 OR BA.4.3 OR BA.4.4 OR BA.4.5 OR BA.4.6 OR BA.4.6.1 OR BA.4.6.2 OR BA.4.6.3 OR BA.4.6.4 OR BA.4.6.5 OR BA.4.7 OR BA.4.8 OR BA.5 OR BA.5.1 OR BA.5.1.1 OR BA.5.1.2 OR BA.5.1.3 OR BA.5.1.4 OR BA.5.1.5 OR BA.5.1.6 OR BA.5.1.7 OR BA.5.1.8 OR BA.5.1.9 OR BA.5.1.10 OR BA.5.1.11 OR BA.5.1.12 OR BA.5.1.14 OR BA.5.1.15 OR BA.5.1.16 OR BA.5.1.17 OR BA.5.1.18 OR BA.5.1.19 OR BA.5.1.20 OR BA.5.1.21 OR BA.5.1.22 OR BA.5.1.23 OR BA.5.1.24 OR BA.5.1.25 OR BA.5.1.26 OR BA.5.1.27 OR BA.5.1.28 OR BA.5.1.29 OR BA.5.1.30 OR BA.5.1.31 OR BA.5.1.32 OR BA.5.2 OR BA.5.2.1 OR BA.5.2.2 OR BA.5.2.3 OR BA.5.2.4 OR BA.5.2.5 OR BA.5.2.6 OR BA.5.2.7 OR BA.5.2.8 OR BA.5.2.9 OR BA.5.2.10 OR BA.5.2.11 OR BA.5.2.12 OR BA.5.2.13 OR BA.5.2.14 OR BA.5.2.16 OR BA.5.2.18 OR BA.5.2.19 OR BA.5.2.20 OR BA.5.2.21 OR BA.5.2.22 OR BA.5.2.23 OR BA.5.2.24 OR BA.5.2.25 OR BA.5.2.26 OR BA.5.2.27 OR BA.5.2.28 OR BA.5.2.29 OR BA.5.2.30 OR BA.5.2.31 OR BA.5.2.32 OR BA.5.2.33 OR BA.5.2.34 OR BA.5.2.35 OR BA.5.2.36 OR BA.5.2.37 OR BA.5.2.38 OR BA.5.2.39 OR BA.5.2.40 OR BA.5.2.41 OR BA.5.2.42 OR BA.5.2.43 OR BA.5.2.44 OR BA.5.2.45 OR BA.5.2.46 OR BA.5.2.47 OR BA.5.2.48 OR BA.5.2.49 OR BA.5.3 OR BA.5.3.1 OR BA.5.3.2 OR BA.5.3.3 OR BA.5.3.4 OR BA.5.3.5 OR BA.5.5 OR BA.5.5.1 OR BA.5.5.2 OR BA.5.5.3 OR BA.5.6 OR BA.5.6.1 OR BA.5.6.2 OR BA.5.6.3 OR BA.5.6.4 OR BA.5.7 OR BA.5.8 OR BA.5.9 OR BA.5.10 OR BA.5.10.1 OR BA.5.11 OR BC.1 OR BC.2 OR BD.1 OR BE.1 OR BE.1.1 OR BE.1.1.1 OR BE.1.1.2 OR BE.1.2 OR BE.1.2.1 OR BE.1.3 OR BE.1.4 OR BE.1.4.1 OR BE.1.4.2 OR BE.1.4.3 OR BE.1.4.4 OR BE.2 OR BE.3 OR BE.4 OR BE.4.1 OR BE.4.1.1 OR BE.4.2 OR BE.5 OR BE.6 OR BE.7 OR BE.8 OR BE.9 OR BE.10 OR BF.1 OR BF.1.1 OR BF.2 OR BF.3 OR BF.3.1 OR BF.4 OR BF.5 OR BF.5.1 OR BF.5.2 OR BF.6 OR BF.7 OR BF.7.1 OR BF.7.2 OR BF.7.3 OR BF.7.4 OR BF.7.4.1 OR BF.7.4.2 OR BF.7.5 OR BF.7.5.1 OR BF.7.6 OR BF.7.7 OR BF.7.8 OR BF.7.9 OR BF.7.10 OR BF.7.11 OR BF.7.12 OR BF.7.13 OR BF.7.13.1 OR BF.7.13.2 OR BF.7.14 OR BF.7.15 OR BF.8 OR BF.9 OR BF.10 OR BF.10.1 OR BF.11 OR BF.11.1 OR BF.11.2 OR BF.11.3 OR BF.11.4 OR BF.11.5 OR BF.12 OR BF.13 OR BF.14 OR BF.15 OR BF.16 OR BF.17 OR BF.18 OR BF.19 OR BF.20 OR BF.21 OR BF.22 OR BF.23 OR BF.24 OR BF.25 OR BF.26 OR BF.27 OR BF.28 OR BF.29 OR BF.30 OR BF.31 OR BF.31.1 OR BF.32 OR BF.33 OR BF.34 OR BG.1 OR BG.2 OR BG.3 OR BG.4 OR BG.5 OR BG.6 OR BG.7 OR BH.1 OR BJ.1 OR BK.1 OR BL.1 OR BL.1.1 OR BL.1.2 OR BL.1.3 OR BL.1.4 OR BL.2 OR BL.2.1 OR BL.3 OR BL.4 OR BL.5 OR BL.6 OR BM.1 OR BM.1.1 OR BM.1.1.1 OR BM.1.1.2 OR BM.1.1.3 OR BM.1.1.4 OR BM.1.1.5 OR BM.2 OR BM.2.1 OR BM.2.2 OR BM.2.3 OR BM.3 OR BM.4 OR BM.4.1 OR BM.4.1.1 OR BM.5 OR BM.6 OR BN.1 OR BN.1.1 OR BN.1.1.1 OR BN.1.2 OR BN.1.2.1 OR BN.1.3 OR BN.1.3.1 OR BN.1.3.2 OR BN.1.3.3 OR BN.1.3.4 OR BN.1.4 OR BN.1.4.1 OR BN.1.5 OR BN.1.5.1 OR BN.1.6 OR BN.1.7 OR BN.1.8 OR BN.1.9 OR BN.2 OR BN.2.1 OR BN.3 OR BN.3.1 OR BN.4 OR BN.5 OR BN.6 OR BP.1 OR BQ.1 OR BQ.1.1 OR BQ.1.1.1 OR BQ.1.1.2 OR BQ.1.1.3 OR BQ.1.1.4 OR BQ.1.1.5 OR BQ.1.1.6 OR BQ.1.1.7 OR BQ.1.1.8 OR BQ.1.1.9 OR BQ.1.1.10 OR BQ.1.1.11 OR BQ.1.1.12 OR BQ.1.1.13 OR BQ.1.1.14 OR BQ.1.1.15 OR BQ.1.1.16 OR BQ.1.1.17 OR BQ.1.1.18 OR BQ.1.1.19 OR BQ.1.1.20 OR BQ.1.1.21 OR BQ.1.1.22 OR BQ.1.1.23 OR BQ.1.1.24 OR BQ.1.1.25 OR BQ.1.1.26 OR BQ.1.1.27 OR BQ.1.1.28 OR BQ.1.1.29 OR BQ.1.1.30 OR BQ.1.1.31 OR BQ.1.1.32 OR BQ.1.1.34 OR BQ.1.1.35 OR BQ.1.1.36 OR BQ.1.2 OR BQ.1.3 OR BQ.1.4 OR BQ.1.5 OR BQ.1.6 OR BQ.1.7 OR BQ.1.8 OR BQ.1.8.1 OR BQ.1.8.2 OR BQ.1.9 OR BQ.1.10 OR BQ.1.10.1 OR BQ.1.11 OR BQ.1.12 OR BQ.1.13 OR BQ.1.13.1 OR BQ.1.14 OR BQ.1.15 OR BQ.1.16 OR BQ.1.17 OR BQ.1.18 OR BQ.1.19 OR BQ.1.20 OR BQ.1.21 OR BQ.1.22 OR BQ.1.23 OR BQ.1.24 OR BQ.1.25 OR BQ.1.25.1 OR BQ.1.26 OR BQ.1.26.1 OR BQ.1.27 OR BQ.1.28 OR BQ.2 OR BR.1 OR BR.1.1 OR BR.1.2 OR BR.2 OR BR.2.1 OR BR.3 OR BR.4 OR BS.1 OR BS.1.1 OR BS.1.2 OR BT.1 OR BT.2 OR BU.1 OR BU.2 OR BU.3 OR BV.1 OR BV.2 OR BW.1 OR BW.1.1 OR BY.1 OR BY.1.1 OR BY.1.1.1 OR BY.1.2 OR BY.1.2.1 OR BZ.1 OR CA.1 OR CA.2 OR CA.3 OR CA.3.1 OR CA.4 OR CA.5 OR CA.6 OR CA.7 OR CB.1 OR CC.1 OR CD.1 OR CD.2 OR CE.1 OR CF.1 OR CG.1 OR CH.1 OR CH.1.1 OR CH.1.1.1 OR CH.1.1.2 OR CH.1.1.3 OR CH.1.1.4 OR CH.1.1.5 OR CH.2 OR CH.3 OR CH.3.1 OR CJ.1 OR CJ.1.1 OR CK.1 OR CK.1.1 OR CK.1.2 OR CK.2 OR CK.2.1 OR CK.2.1.1 OR CK.3 OR CL.1 OR CM.1 OR CM.2 OR CM.2.1 OR CM.3 OR CM.4 OR CM.4.1 OR CM.5 OR CM.5.1 OR CM.5.2 OR CM.6 OR CM.6.1 OR CM.7 OR CM.8 OR CM.8.1 OR CM.9 OR CM.10 OR CM.11 OR CM.12 OR CN.1 OR CN.2 OR CP.1 OR CP.1.1 OR CP.1.2 OR CP.1.3 OR CP.2 OR CP.3 OR CP.4 OR CP.5 OR CP.6 OR CQ.1 OR CQ.1.1 OR CQ.2 OR CR.1 OR CR.1.1 OR CR.1.2 OR CR.1.3 OR CR.2 OR CS.1 OR CT.1 OR CU.1 OR CV.1 OR CV.2 OR CW.1 OR CY.1 OR CZ.1 OR DA.1 OR DB.1 OR DB.2 OR DC.1 OR DD.1 OR DE.1 OR DE.2 OR DF.1 OR DF.1.1 OR DG.1 OR DH.1 OR DJ.1 OR DJ.1.1 OR DJ.1.2 OR DJ.1.3 OR DK.1 OR DL.1 OR DM.1 OR DN.1 OR DN.1.1 OR DP.1 OR DQ.1 OR DR.1 OR DS.1 OR DT.1 OR DU.1 OR DV.1,Omicron,2.85714285714286,2.71428571428571,0.95
2022-03-01,2,2,2.33333333333333,2.16666666666667,0.928571428571428,0.333178245598791,0.999783091529969,B.1.1.529 OR BA.1 OR BA.1.1 OR BA.1.1.1 OR BA.1.1.2 OR BA.1.1.3 OR BA.1.1.4 OR BA.1.1.5 OR BA.1.1.6 OR BA.1.1.7 OR BA.1.1.8 OR BA.1.1.9 OR BA.1.1.10 OR BA.1.1.11 OR BA.1.1.12 OR BA.1.1.13 OR BA.1.1.14 OR BA.1.1.15 OR BA.1.1.16 OR BA.1.1.17 OR BA.1.1.18 OR BA.1.2 OR BA.1.3 OR BA.1.4 OR BA.1.5 OR BA.1.6 OR BA.1.7 OR BA.1.8 OR BA.1.9 OR BA.1.10 OR BA.1.12 OR BA.1.13 OR BA.1.13.1 OR BA.1.14 OR BA.1.14.1 OR BA.1.14.2 OR BA.1.15 OR BA.1.15.1 OR BA.1.15.2 OR BA.1.15.3 OR BA.1.16 OR BA.1.16.1 OR BA.1.16.2 OR BA.1.17 OR BA.1.17.1 OR BA.1.17.2 OR BA.1.18 OR BA.1.19 OR BA.1.20 OR BA.1.21 OR BA.1.21.1 OR BA.1.22 OR BA.1.23 OR BA.1.24 OR BA.2 OR BA.2.1 OR BA.2.2 OR BA.2.2.1 OR BA.2.3 OR BA.2.3.1 OR BA.2.3.2 OR BA.2.3.4 OR BA.2.3.5 OR BA.2.3.6 OR BA.2.3.7 OR BA.2.3.8 OR BA.2.3.9 OR BA.2.3.10 OR BA.2.3.11 OR BA.2.3.12 OR BA.2.3.13 OR BA.2.3.14 OR BA.2.3.15 OR BA.2.3.16 OR BA.2.3.17 OR BA.2.3.18 OR BA.2.3.19 OR BA.2.3.20 OR BA.2.3.21 OR BA.2.3.22 OR BA.2.4 OR BA.2.5 OR BA.2.6 OR BA.2.7 OR BA.2.8 OR BA.2.9 OR BA.2.9.1 OR BA.2.9.2 OR BA.2.9.3 OR BA.2.9.4 OR BA.2.9.5 OR BA.2.9.6 OR BA.2.9.7 OR BA.2.10 OR BA.2.10.1 OR BA.2.10.2 OR BA.2.10.3 OR BA.2.10.4 OR BA.2.11 OR BA.2.12 OR BA.2.12.1 OR BA.2.12.2 OR BA.2.13 OR BA.2.13.1 OR BA.2.14 OR BA.2.15 OR BA.2.16 OR BA.2.17 OR BA.2.18 OR BA.2.19 OR BA.2.20 OR BA.2.21 OR BA.2.22 OR BA.2.23 OR BA.2.23.1 OR BA.2.24 OR BA.2.25 OR BA.2.25.1 OR BA.2.26 OR BA.2.27 OR BA.2.28 OR BA.2.29 OR BA.2.30 OR BA.2.31 OR BA.2.31.1 OR BA.2.32 OR BA.2.33 OR BA.2.34 OR BA.2.35 OR BA.2.36 OR BA.2.37 OR BA.2.38 OR BA.2.38.1 OR BA.2.38.2 OR BA.2.38.3 OR BA.2.38.4 OR BA.2.39 OR BA.2.40 OR BA.2.40.1 OR BA.2.41 OR BA.2.42 OR BA.2.43 OR BA.2.44 OR BA.2.45 OR BA.2.46 OR BA.2.47 OR BA.2.48 OR BA.2.49 OR BA.2.50 OR BA.2.51 OR BA.2.52 OR BA.2.53 OR BA.2.54 OR BA.2.55 OR BA.2.56 OR BA.2.56.1 OR BA.2.57 OR BA.2.58 OR BA.2.59 OR BA.2.60 OR BA.2.61 OR BA.2.62 OR BA.2.63 OR BA.2.64 OR BA.2.65 OR BA.2.66 OR BA.2.67 OR BA.2.68 OR BA.2.69 OR BA.2.70 OR BA.2.71 OR BA.2.72 OR BA.2.73 OR BA.2.74 OR BA.2.75 OR BA.2.75.1 OR BA.2.75.2 OR BA.2.75.3 OR BA.2.75.4 OR BA.2.75.5 OR BA.2.75.6 OR BA.2.75.7 OR BA.2.75.8 OR BA.2.75.9 OR BA.2.75.10 OR BA.2.76 OR BA.2.76.1 OR BA.2.76.2 OR BA.2.77 OR BA.2.78 OR BA.2.79 OR BA.2.79.1 OR BA.2.80 OR BA.2.81 OR BA.2.82 OR BA.2.83 OR BA.2.85 OR BA.3 OR BA.3.1 OR BA.4 OR BA.4.1 OR BA.4.1.1 OR BA.4.1.2 OR BA.4.1.3 OR BA.4.1.4 OR BA.4.1.5 OR BA.4.1.6 OR BA.4.1.7 OR BA.4.1.8 OR BA.4.1.9 OR BA.4.1.10 OR BA.4.2 OR BA.4.3 OR BA.4.4 OR BA.4.5 OR BA.4.6 OR BA.4.6.1 OR BA.4.6.2 OR BA.4.6.3 OR BA.4.6.4 OR BA.4.6.5 OR BA.4.7 OR BA.4.8 OR BA.5 OR BA.5.1 OR BA.5.1.1 OR BA.5.1.2 OR BA.5.1.3 OR BA.5.1.4 OR BA.5.1.5 OR BA.5.1.6 OR BA.5.1.7 OR BA.5.1.8 OR BA.5.1.9 OR BA.5.1.10 OR BA.5.1.11 OR BA.5.1.12 OR BA.5.1.14 OR BA.5.1.15 OR BA.5.1.16 OR BA.5.1.17 OR BA.5.1.18 OR BA.5.1.19 OR BA.5.1.20 OR BA.5.1.21 OR BA.5.1.22 OR BA.5.1.23 OR BA.5.1.24 OR BA.5.1.25 OR BA.5.1.26 OR BA.5.1.27 OR BA.5.1.28 OR BA.5.1.29 OR BA.5.1.30 OR BA.5.1.31 OR BA.5.1.32 OR BA.5.2 OR BA.5.2.1 OR BA.5.2.2 OR BA.5.2.3 OR BA.5.2.4 OR BA.5.2.5 OR BA.5.2.6 OR BA.5.2.7 OR BA.5.2.8 OR BA.5.2.9 OR BA.5.2.10 OR BA.5.2.11 OR BA.5.2.12 OR BA.5.2.13 OR BA.5.2.14 OR BA.5.2.16 OR BA.5.2.18 OR BA.5.2.19 OR BA.5.2.20 OR BA.5.2.21 OR BA.5.2.22 OR BA.5.2.23 OR BA.5.2.24 OR BA.5.2.25 OR BA.5.2.26 OR BA.5.2.27 OR BA.5.2.28 OR BA.5.2.29 OR BA.5.2.30 OR BA.5.2.31 OR BA.5.2.32 OR BA.5.2.33 OR BA.5.2.34 OR BA.5.2.35 OR BA.5.2.36 OR BA.5.2.37 OR BA.5.2.38 OR BA.5.2.39 OR BA.5.2.40 OR BA.5.2.41 OR BA.5.2.42 OR BA.5.2.43 OR BA.5.2.44 OR BA.5.2.45 OR BA.5.2.46 OR BA.5.2.47 OR BA.5.2.48 OR BA.5.2.49 OR BA.5.3 OR BA.5.3.1 OR BA.5.3.2 OR BA.5.3.3 OR BA.5.3.4 OR BA.5.3.5 OR BA.5.5 OR BA.5.5.1 OR BA.5.5.2 OR BA.5.5.3 OR BA.5.6 OR BA.5.6.1 OR BA.5.6.2 OR BA.5.6.3 OR BA.5.6.4 OR BA.5.7 OR BA.5.8 OR BA.5.9 OR BA.5.10 OR BA.5.10.1 OR BA.5.11 OR BC.1 OR BC.2 OR BD.1 OR BE.1 OR BE.1.1 OR BE.1.1.1 OR BE.1.1.2 OR BE.1.2 OR BE.1.2.1 OR BE.1.3 OR BE.1.4 OR BE.1.4.1 OR BE.1.4.2 OR BE.1.4.3 OR BE.1.4.4 OR BE.2 OR BE.3 OR BE.4 OR BE.4.1 OR BE.4.1.1 OR BE.4.2 OR BE.5 OR BE.6 OR BE.7 OR BE.8 OR BE.9 OR BE.10 OR BF.1 OR BF.1.1 OR BF.2 OR BF.3 OR BF.3.1 OR BF.4 OR BF.5 OR BF.5.1 OR BF.5.2 OR BF.6 OR BF.7 OR BF.7.1 OR BF.7.2 OR BF.7.3 OR BF.7.4 OR BF.7.4.1 OR BF.7.4.2 OR BF.7.5 OR BF.7.5.1 OR BF.7.6 OR BF.7.7 OR BF.7.8 OR BF.7.9 OR BF.7.10 OR BF.7.11 OR BF.7.12 OR BF.7.13 OR BF.7.13.1 OR BF.7.13.2 OR BF.7.14 OR BF.7.15 OR BF.8 OR BF.9 OR BF.10 OR BF.10.1 OR BF.11 OR BF.11.1 OR BF.11.2 OR BF.11.3 OR BF.11.4 OR BF.11.5 OR BF.12 OR BF.13 OR BF.14 OR BF.15 OR BF.16 OR BF.17 OR BF.18 OR BF.19 OR BF.20 OR BF.21 OR BF.22 OR BF.23 OR BF.24 OR BF.25 OR BF.26 OR BF.27 OR BF.28 OR BF.29 OR BF.30 OR BF.31 OR BF.31.1 OR BF.32 OR BF.33 OR BF.34 OR BG.1 OR BG.2 OR BG.3 OR BG.4 OR BG.5 OR BG.6 OR BG.7 OR BH.1 OR BJ.1 OR BK.1 OR BL.1 OR BL.1.1 OR BL.1.2 OR BL.1.3 OR BL.1.4 OR BL.2 OR BL.2.1 OR BL.3 OR BL.4 OR BL.5 OR BL.6 OR BM.1 OR BM.1.1 OR BM.1.1.1 OR BM.1.1.2 OR BM.1.1.3 OR BM.1.1.4 OR BM.1.1.5 OR BM.2 OR BM.2.1 OR BM.2.2 OR BM.2.3 OR BM.3 OR BM.4 OR BM.4.1 OR BM.4.1.1 OR BM.5 OR BM.6 OR BN.1 OR BN.1.1 OR BN.1.1.1 OR BN.1.2 OR BN.1.2.1 OR BN.1.3 OR BN.1.3.1 OR BN.1.3.2 OR BN.1.3.3 OR BN.1.3.4 OR BN.1.4 OR BN.1.4.1 OR BN.1.5 OR BN.1.5.1 OR BN.1.6 OR BN.1.7 OR BN.1.8 OR BN.1.9 OR BN.2 OR BN.2.1 OR BN.3 OR BN.3.1 OR BN.4 OR BN.5 OR BN.6 OR BP.1 OR BQ.1 OR BQ.1.1 OR BQ.1.1.1 OR BQ.1.1.2 OR BQ.1.1.3 OR BQ.1.1.4 OR BQ.1.1.5 OR BQ.1.1.6 OR BQ.1.1.7 OR BQ.1.1.8 OR BQ.1.1.9 OR BQ.1.1.10 OR BQ.1.1.11 OR BQ.1.1.12 OR BQ.1.1.13 OR BQ.1.1.14 OR BQ.1.1.15 OR BQ.1.1.16 OR BQ.1.1.17 OR BQ.1.1.18 OR BQ.1.1.19 OR BQ.1.1.20 OR BQ.1.1.21 OR BQ.1.1.22 OR BQ.1.1.23 OR BQ.1.1.24 OR BQ.1.1.25 OR BQ.1.1.26 OR BQ.1.1.27 OR BQ.1.1.28 OR BQ.1.1.29 OR BQ.1.1.30 OR BQ.1.1.31 OR BQ.1.1.32 OR BQ.1.1.34 OR BQ.1.1.35 OR BQ.1.1.36 OR BQ.1.2 OR BQ.1.3 OR BQ.1.4 OR BQ.1.5 OR BQ.1.6 OR BQ.1.7 OR BQ.1.8 OR BQ.1.8.1 OR BQ.1.8.2 OR BQ.1.9 OR BQ.1.10 OR BQ.1.10.1 OR BQ.1.11 OR BQ.1.12 OR BQ.1.13 OR BQ.1.13.1 OR BQ.1.14 OR BQ.1.15 OR BQ.1.16 OR BQ.1.17 OR BQ.1.18 OR BQ.1.19 OR BQ.1.20 OR BQ.1.21 OR BQ.1.22 OR BQ.1.23 OR BQ.1.24 OR BQ.1.25 OR BQ.1.25.1 OR BQ.1.26 OR BQ.1.26.1 OR BQ.1.27 OR BQ.1.28 OR BQ.2 OR BR.1 OR BR.1.1 OR BR.1.2 OR BR.2 OR BR.2.1 OR BR.3 OR BR.4 OR BS.1 OR BS.1.1 OR BS.1.2 OR BT.1 OR BT.2 OR BU.1 OR BU.2 OR BU.3 OR BV.1 OR BV.2 OR BW.1 OR BW.1.1 OR BY.1 OR BY.1.1 OR BY.1.1.1 OR BY.1.2 OR BY.1.2.1 OR BZ.1 OR CA.1 OR CA.2 OR CA.3 OR CA.3.1 OR CA.4 OR CA.5 OR CA.6 OR CA.7 OR CB.1 OR CC.1 OR CD.1 OR CD.2 OR CE.1 OR CF.1 OR CG.1 OR CH.1 OR CH.1.1 OR CH.1.1.1 OR CH.1.1.2 OR CH.1.1.3 OR CH.1.1.4 OR CH.1.1.5 OR CH.2 OR CH.3 OR CH.3.1 OR CJ.1 OR CJ.1.1 OR CK.1 OR CK.1.1 OR CK.1.2 OR CK.2 OR CK.2.1 OR CK.2.1.1 OR CK.3 OR CL.1 OR CM.1 OR CM.2 OR CM.2.1 OR CM.3 OR CM.4 OR CM.4.1 OR CM.5 OR CM.5.1 OR CM.5.2 OR CM.6 OR CM.6.1 OR CM.7 OR CM.8 OR CM.8.1 OR CM.9 OR CM.10 OR CM.11 OR CM.12 OR CN.1 OR CN.2 OR CP.1 OR CP.1.1 OR CP.1.2 OR CP.1.3 OR CP.2 OR CP.3 OR CP.4 OR CP.5 OR CP.6 OR CQ.1 OR CQ.1.1 OR CQ.2 OR CR.1 OR CR.1.1 OR CR.1.2 OR CR.1.3 OR CR.2 OR CS.1 OR CT.1 OR CU.1 OR CV.1 OR CV.2 OR CW.1 OR CY.1 OR CZ.1 OR DA.1 OR DB.1 OR DB.2 OR DC.1 OR DD.1 OR DE.1 OR DE.2 OR DF.1 OR DF.1.1 OR DG.1 OR DH.1 OR DJ.1 OR DJ.1.1 OR DJ.1.2 OR DJ.1.3 OR DK.1 OR DL.1 OR DM.1 OR DN.1 OR DN.1.1 OR DP.1 OR DQ.1 OR DR.1 OR DS.1 OR DT.1 OR DU.1 OR DV.1,Omicron,2.78571428571429,2.64285714285714,0.948717948717949
2022-03-02,4,4,2.66666666666667,2.66666666666667,1,0.46441675695705,0.999849363974563,B.1.1.529 OR BA.1 OR BA.1.1 OR BA.1.1.1 OR BA.1.1.2 OR BA.1.1.3 OR BA.1.1.4 OR BA.1.1.5 OR BA.1.1.6 OR BA.1.1.7 OR BA.1.1.8 OR BA.1.1.9 OR BA.1.1.10 OR BA.1.1.11 OR BA.1.1.12 OR BA.1.1.13 OR BA.1.1.14 OR BA.1.1.15 OR BA.1.1.16 OR BA.1.1.17 OR BA.1.1.18 OR BA.1.2 OR BA.1.3 OR BA.1.4 OR BA.1.5 OR BA.1.6 OR BA.1.7 OR BA.1.8 OR BA.1.9 OR BA.1.10 OR BA.1.12 OR BA.1.13 OR BA.1.13.1 OR BA.1.14 OR BA.1.14.1 OR BA.1.14.2 OR BA.1.15 OR BA.1.15.1 OR BA.1.15.2 OR BA.1.15.3 OR BA.1.16 OR BA.1.16.1 OR BA.1.16.2 OR BA.1.17 OR BA.1.17.1 OR BA.1.17.2 OR BA.1.18 OR BA.1.19 OR BA.1.20 OR BA.1.21 OR BA.1.21.1 OR BA.1.22 OR BA.1.23 OR BA.1.24 OR BA.2 OR BA.2.1 OR BA.2.2 OR BA.2.2.1 OR BA.2.3 OR BA.2.3.1 OR BA.2.3.2 OR BA.2.3.4 OR BA.2.3.5 OR BA.2.3.6 OR BA.2.3.7 OR BA.2.3.8 OR BA.2.3.9 OR BA.2.3.10 OR BA.2.3.11 OR BA.2.3.12 OR BA.2.3.13 OR BA.2.3.14 OR BA.2.3.15 OR BA.2.3.16 OR BA.2.3.17 OR BA.2.3.18 OR BA.2.3.19 OR BA.2.3.20 OR BA.2.3.21 OR BA.2.3.22 OR BA.2.4 OR BA.2.5 OR BA.2.6 OR BA.2.7 OR BA.2.8 OR BA.2.9 OR BA.2.9.1 OR BA.2.9.2 OR BA.2.9.3 OR BA.2.9.4 OR BA.2.9.5 OR BA.2.9.6 OR BA.2.9.7 OR BA.2.10 OR BA.2.10.1 OR BA.2.10.2 OR BA.2.10.3 OR BA.2.10.4 OR BA.2.11 OR BA.2.12 OR BA.2.12.1 OR BA.2.12.2 OR BA.2.13 OR BA.2.13.1 OR BA.2.14 OR BA.2.15 OR BA.2.16 OR BA.2.17 OR BA.2.18 OR BA.2.19 OR BA.2.20 OR BA.2.21 OR BA.2.22 OR BA.2.23 OR BA.2.23.1 OR BA.2.24 OR BA.2.25 OR BA.2.25.1 OR BA.2.26 OR BA.2.27 OR BA.2.28 OR BA.2.29 OR BA.2.30 OR BA.2.31 OR BA.2.31.1 OR BA.2.32 OR BA.2.33 OR BA.2.34 OR BA.2.35 OR BA.2.36 OR BA.2.37 OR BA.2.38 OR BA.2.38.1 OR BA.2.38.2 OR BA.2.38.3 OR BA.2.38.4 OR BA.2.39 OR BA.2.40 OR BA.2.40.1 OR BA.2.41 OR BA.2.42 OR BA.2.43 OR BA.2.44 OR BA.2.45 OR BA.2.46 OR BA.2.47 OR BA.2.48 OR BA.2.49 OR BA.2.50 OR BA.2.51 OR BA.2.52 OR BA.2.53 OR BA.2.54 OR BA.2.55 OR BA.2.56 OR BA.2.56.1 OR BA.2.57 OR BA.2.58 OR BA.2.59 OR BA.2.60 OR BA.2.61 OR BA.2.62 OR BA.2.63 OR BA.2.64 OR BA.2.65 OR BA.2.66 OR BA.2.67 OR BA.2.68 OR BA.2.69 OR BA.2.70 OR BA.2.71 OR BA.2.72 OR BA.2.73 OR BA.2.74 OR BA.2.75 OR BA.2.75.1 OR BA.2.75.2 OR BA.2.75.3 OR BA.2.75.4 OR BA.2.75.5 OR BA.2.75.6 OR BA.2.75.7 OR BA.2.75.8 OR BA.2.75.9 OR BA.2.75.10 OR BA.2.76 OR BA.2.76.1 OR BA.2.76.2 OR BA.2.77 OR BA.2.78 OR BA.2.79 OR BA.2.79.1 OR BA.2.80 OR BA.2.81 OR BA.2.82 OR BA.2.83 OR BA.2.85 OR BA.3 OR BA.3.1 OR BA.4 OR BA.4.1 OR BA.4.1.1 OR BA.4.1.2 OR BA.4.1.3 OR BA.4.1.4 OR BA.4.1.5 OR BA.4.1.6 OR BA.4.1.7 OR BA.4.1.8 OR BA.4.1.9 OR BA.4.1.10 OR BA.4.2 OR BA.4.3 OR BA.4.4 OR BA.4.5 OR BA.4.6 OR BA.4.6.1 OR BA.4.6.2 OR BA.4.6.3 OR BA.4.6.4 OR BA.4.6.5 OR BA.4.7 OR BA.4.8 OR BA.5 OR BA.5.1 OR BA.5.1.1 OR BA.5.1.2 OR BA.5.1.3 OR BA.5.1.4 OR BA.5.1.5 OR BA.5.1.6 OR BA.5.1.7 OR BA.5.1.8 OR BA.5.1.9 OR BA.5.1.10 OR BA.5.1.11 OR BA.5.1.12 OR BA.5.1.14 OR BA.5.1.15 OR BA.5.1.16 OR BA.5.1.17 OR BA.5.1.18 OR BA.5.1.19 OR BA.5.1.20 OR BA.5.1.21 OR BA.5.1.22 OR BA.5.1.23 OR BA.5.1.24 OR BA.5.1.25 OR BA.5.1.26 OR BA.5.1.27 OR BA.5.1.28 OR BA.5.1.29 OR BA.5.1.30 OR BA.5.1.31 OR BA.5.1.32 OR BA.5.2 OR BA.5.2.1 OR BA.5.2.2 OR BA.5.2.3 OR BA.5.2.4 OR BA.5.2.5 OR BA.5.2.6 OR BA.5.2.7 OR BA.5.2.8 OR BA.5.2.9 OR BA.5.2.10 OR BA.5.2.11 OR BA.5.2.12 OR BA.5.2.13 OR BA.5.2.14 OR BA.5.2.16 OR BA.5.2.18 OR BA.5.2.19 OR BA.5.2.20 OR BA.5.2.21 OR BA.5.2.22 OR BA.5.2.23 OR BA.5.2.24 OR BA.5.2.25 OR BA.5.2.26 OR BA.5.2.27 OR BA.5.2.28 OR BA.5.2.29 OR BA.5.2.30 OR BA.5.2.31 OR BA.5.2.32 OR BA.5.2.33 OR BA.5.2.34 OR BA.5.2.35 OR BA.5.2.36 OR BA.5.2.37 OR BA.5.2.38 OR BA.5.2.39 OR BA.5.2.40 OR BA.5.2.41 OR BA.5.2.42 OR BA.5.2.43 OR BA.5.2.44 OR BA.5.2.45 OR BA.5.2.46 OR BA.5.2.47 OR BA.5.2.48 OR BA.5.2.49 OR BA.5.3 OR BA.5.3.1 OR BA.5.3.2 OR BA.5.3.3 OR BA.5.3.4 OR BA.5.3.5 OR BA.5.5 OR BA.5.5.1 OR BA.5.5.2 OR BA.5.5.3 OR BA.5.6 OR BA.5.6.1 OR BA.5.6.2 OR BA.5.6.3 OR BA.5.6.4 OR BA.5.7 OR BA.5.8 OR BA.5.9 OR BA.5.10 OR BA.5.10.1 OR BA.5.11 OR BC.1 OR BC.2 OR BD.1 OR BE.1 OR BE.1.1 OR BE.1.1.1 OR BE.1.1.2 OR BE.1.2 OR BE.1.2.1 OR BE.1.3 OR BE.1.4 OR BE.1.4.1 OR BE.1.4.2 OR BE.1.4.3 OR BE.1.4.4 OR BE.2 OR BE.3 OR BE.4 OR BE.4.1 OR BE.4.1.1 OR BE.4.2 OR BE.5 OR BE.6 OR BE.7 OR BE.8 OR BE.9 OR BE.10 OR BF.1 OR BF.1.1 OR BF.2 OR BF.3 OR BF.3.1 OR BF.4 OR BF.5 OR BF.5.1 OR BF.5.2 OR BF.6 OR BF.7 OR BF.7.1 OR BF.7.2 OR BF.7.3 OR BF.7.4 OR BF.7.4.1 OR BF.7.4.2 OR BF.7.5 OR BF.7.5.1 OR BF.7.6 OR BF.7.7 OR BF.7.8 OR BF.7.9 OR BF.7.10 OR BF.7.11 OR BF.7.12 OR BF.7.13 OR BF.7.13.1 OR BF.7.13.2 OR BF.7.14 OR BF.7.15 OR BF.8 OR BF.9 OR BF.10 OR BF.10.1 OR BF.11 OR BF.11.1 OR BF.11.2 OR BF.11.3 OR BF.11.4 OR BF.11.5 OR BF.12 OR BF.13 OR BF.14 OR BF.15 OR BF.16 OR BF.17 OR BF.18 OR BF.19 OR BF.20 OR BF.21 OR BF.22 OR BF.23 OR BF.24 OR BF.25 OR BF.26 OR BF.27 OR BF.28 OR BF.29 OR BF.30 OR BF.31 OR BF.31.1 OR BF.32 OR BF.33 OR BF.34 OR BG.1 OR BG.2 OR BG.3 OR BG.4 OR BG.5 OR BG.6 OR BG.7 OR BH.1 OR BJ.1 OR BK.1 OR BL.1 OR BL.1.1 OR BL.1.2 OR BL.1.3 OR BL.1.4 OR BL.2 OR BL.2.1 OR BL.3 OR BL.4 OR BL.5 OR BL.6 OR BM.1 OR BM.1.1 OR BM.1.1.1 OR BM.1.1.2 OR BM.1.1.3 OR BM.1.1.4 OR BM.1.1.5 OR BM.2 OR BM.2.1 OR BM.2.2 OR BM.2.3 OR BM.3 OR BM.4 OR BM.4.1 OR BM.4.1.1 OR BM.5 OR BM.6 OR BN.1 OR BN.1.1 OR BN.1.1.1 OR BN.1.2 OR BN.1.2.1 OR BN.1.3 OR BN.1.3.1 OR BN.1.3.2 OR BN.1.3.3 OR BN.1.3.4 OR BN.1.4 OR BN.1.4.1 OR BN.1.5 OR BN.1.5.1 OR BN.1.6 OR BN.1.7 OR BN.1.8 OR BN.1.9 OR BN.2 OR BN.2.1 OR BN.3 OR BN.3.1 OR BN.4 OR BN.5 OR BN.6 OR BP.1 OR BQ.1 OR BQ.1.1 OR BQ.1.1.1 OR BQ.1.1.2 OR BQ.1.1.3 OR BQ.1.1.4 OR BQ.1.1.5 OR BQ.1.1.6 OR BQ.1.1.7 OR BQ.1.1.8 OR BQ.1.1.9 OR BQ.1.1.10 OR BQ.1.1.11 OR BQ.1.1.12 OR BQ.1.1.13 OR BQ.1.1.14 OR BQ.1.1.15 OR BQ.1.1.16 OR BQ.1.1.17 OR BQ.1.1.18 OR BQ.1.1.19 OR BQ.1.1.20 OR BQ.1.1.21 OR BQ.1.1.22 OR BQ.1.1.23 OR BQ.1.1.24 OR BQ.1.1.25 OR BQ.1.1.26 OR BQ.1.1.27 OR BQ.1.1.28 OR BQ.1.1.29 OR BQ.1.1.30 OR BQ.1.1.31 OR BQ.1.1.32 OR BQ.1.1.34 OR BQ.1.1.35 OR BQ.1.1.36 OR BQ.1.2 OR BQ.1.3 OR BQ.1.4 OR BQ.1.5 OR BQ.1.6 OR BQ.1.7 OR BQ.1.8 OR BQ.1.8.1 OR BQ.1.8.2 OR BQ.1.9 OR BQ.1.10 OR BQ.1.10.1 OR BQ.1.11 OR BQ.1.12 OR BQ.1.13 OR BQ.1.13.1 OR BQ.1.14 OR BQ.1.15 OR BQ.1.16 OR BQ.1.17 OR BQ.1.18 OR BQ.1.19 OR BQ.1.20 OR BQ.1.21 OR BQ.1.22 OR BQ.1.23 OR BQ.1.24 OR BQ.1.25 OR BQ.1.25.1 OR BQ.1.26 OR BQ.1.26.1 OR BQ.1.27 OR BQ.1.28 OR BQ.2 OR BR.1 OR BR.1.1 OR BR.1.2 OR BR.2 OR BR.2.1 OR BR.3 OR BR.4 OR BS.1 OR BS.1.1 OR BS.1.2 OR BT.1 OR BT.2 OR BU.1 OR BU.2 OR BU.3 OR BV.1 OR BV.2 OR BW.1 OR BW.1.1 OR BY.1 OR BY.1.1 OR BY.1.1.1 OR BY.1.2 OR BY.1.2.1 OR BZ.1 OR CA.1 OR CA.2 OR CA.3 OR CA.3.1 OR CA.4 OR CA.5 OR CA.6 OR CA.7 OR CB.1 OR CC.1 OR CD.1 OR CD.2 OR CE.1 OR CF.1 OR CG.1 OR CH.1 OR CH.1.1 OR CH.1.1.1 OR CH.1.1.2 OR CH.1.1.3 OR CH.1.1.4 OR CH.1.1.5 OR CH.2 OR CH.3 OR CH.3.1 OR CJ.1 OR CJ.1.1 OR CK.1 OR CK.1.1 OR CK.1.2 OR CK.2 OR CK.2.1 OR CK.2.1.1 OR CK.3 OR CL.1 OR CM.1 OR CM.2 OR CM.2.1 OR CM.3 OR CM.4 OR CM.4.1 OR CM.5 OR CM.5.1 OR CM.5.2 OR CM.6 OR CM.6.1 OR CM.7 OR CM.8 OR CM.8.1 OR CM.9 OR CM.10 OR CM.11 OR CM.12 OR CN.1 OR CN.2 OR CP.1 OR CP.1.1 OR CP.1.2 OR CP.1.3 OR CP.2 OR CP.3 OR CP.4 OR CP.5 OR CP.6 OR CQ.1 OR CQ.1.1 OR CQ.2 OR CR.1 OR CR.1.1 OR CR.1.2 OR CR.1.3 OR CR.2 OR CS.1 OR CT.1 OR CU.1 OR CV.1 OR CV.2 OR CW.1 OR CY.1 OR CZ.1 OR DA.1 OR DB.1 OR DB.2 OR DC.1 OR DD.1 OR DE.1 OR DE.2 OR DF.1 OR DF.1.1 OR DG.1 OR DH.1 OR DJ.1 OR DJ.1.1 OR DJ.1.2 OR DJ.1.3 OR DK.1 OR DL.1 OR DM.1 OR DN.1 OR DN.1.1 OR DP.1 OR DQ.1 OR DR.1 OR DS.1 OR DT.1 OR DU.1 OR DV.1,Omicron,2.71428571428571,2.57142857142857,0.947368421052632
2022-03-03,2,2,2.66666666666667,2.66666666666667,1,0.46441675695705,0.999849363974563,B.1.1.529 OR BA.1 OR BA.1.1 OR BA.1.1.1 OR BA.1.1.2 OR BA.1.1.3 OR BA.1.1.4 OR BA.1.1.5 OR BA.1.1.6 OR BA.1.1.7 OR BA.1.1.8 OR BA.1.1.9 OR BA.1.1.10 OR BA.1.1.11 OR BA.1.1.12 OR BA.1.1.13 OR BA.1.1.14 OR BA.1.1.15 OR BA.1.1.16 OR BA.1.1.17 OR BA.1.1.18 OR BA.1.2 OR BA.1.3 OR BA.1.4 OR BA.1.5 OR BA.1.6 OR BA.1.7 OR BA.1.8 OR BA.1.9 OR BA.1.10 OR BA.1.12 OR BA.1.13 OR BA.1.13.1 OR BA.1.14 OR BA.1.14.1 OR BA.1.14.2 OR BA.1.15 OR BA.1.15.1 OR BA.1.15.2 OR BA.1.15.3 OR BA.1.16 OR BA.1.16.1 OR BA.1.16.2 OR BA.1.17 OR BA.1.17.1 OR BA.1.17.2 OR BA.1.18 OR BA.1.19 OR BA.1.20 OR BA.1.21 OR BA.1.21.1 OR BA.1.22 OR BA.1.23 OR BA.1.24 OR BA.2 OR BA.2.1 OR BA.2.2 OR BA.2.2.1 OR BA.2.3 OR BA.2.3.1 OR BA.2.3.2 OR BA.2.3.4 OR BA.2.3.5 OR BA.2.3.6 OR BA.2.3.7 OR BA.2.3.8 OR BA.2.3.9 OR BA.2.3.10 OR BA.2.3.11 OR BA.2.3.12 OR BA.2.3.13 OR BA.2.3.14 OR BA.2.3.15 OR BA.2.3.16 OR BA.2.3.17 OR BA.2.3.18 OR BA.2.3.19 OR BA.2.3.20 OR BA.2.3.21 OR BA.2.3.22 OR BA.2.4 OR BA.2.5 OR BA.2.6 OR BA.2.7 OR BA.2.8 OR BA.2.9 OR BA.2.9.1 OR BA.2.9.2 OR BA.2.9.3 OR BA.2.9.4 OR BA.2.9.5 OR BA.2.9.6 OR BA.2.9.7 OR BA.2.10 OR BA.2.10.1 OR BA.2.10.2 OR BA.2.10.3 OR BA.2.10.4 OR BA.2.11 OR BA.2.12 OR BA.2.12.1 OR BA.2.12.2 OR BA.2.13 OR BA.2.13.1 OR BA.2.14 OR BA.2.15 OR BA.2.16 OR BA.2.17 OR BA.2.18 OR BA.2.19 OR BA.2.20 OR BA.2.21 OR BA.2.22 OR BA.2.23 OR BA.2.23.1 OR BA.2.24 OR BA.2.25 OR BA.2.25.1 OR BA.2.26 OR BA.2.27 OR BA.2.28 OR BA.2.29 OR BA.2.30 OR BA.2.31 OR BA.2.31.1 OR BA.2.32 OR BA.2.33 OR BA.2.34 OR BA.2.35 OR BA.2.36 OR BA.2.37 OR BA.2.38 OR BA.2.38.1 OR BA.2.38.2 OR BA.2.38.3 OR BA.2.38.4 OR BA.2.39 OR BA.2.40 OR BA.2.40.1 OR BA.2.41 OR BA.2.42 OR BA.2.43 OR BA.2.44 OR BA.2.45 OR BA.2.46 OR BA.2.47 OR BA.2.48 OR BA.2.49 OR BA.2.50 OR BA.2.51 OR BA.2.52 OR BA.2.53 OR BA.2.54 OR BA.2.55 OR BA.2.56 OR BA.2.56.1 OR BA.2.57 OR BA.2.58 OR BA.2.59 OR BA.2.60 OR BA.2.61 OR BA.2.62 OR BA.2.63 OR BA.2.64 OR BA.2.65 OR BA.2.66 OR BA.2.67 OR BA.2.68 OR BA.2.69 OR BA.2.70 OR BA.2.71 OR BA.2.72 OR BA.2.73 OR BA.2.74 OR BA.2.75 OR BA.2.75.1 OR BA.2.75.2 OR BA.2.75.3 OR BA.2.75.4 OR BA.2.75.5 OR BA.2.75.6 OR BA.2.75.7 OR BA.2.75.8 OR BA.2.75.9 OR BA.2.75.10 OR BA.2.76 OR BA.2.76.1 OR BA.2.76.2 OR BA.2.77 OR BA.2.78 OR BA.2.79 OR BA.2.79.1 OR BA.2.80 OR BA.2.81 OR BA.2.82 OR BA.2.83 OR BA.2.85 OR BA.3 OR BA.3.1 OR BA.4 OR BA.4.1 OR BA.4.1.1 OR BA.4.1.2 OR BA.4.1.3 OR BA.4.1.4 OR BA.4.1.5 OR BA.4.1.6 OR BA.4.1.7 OR BA.4.1.8 OR BA.4.1.9 OR BA.4.1.10 OR BA.4.2 OR BA.4.3 OR BA.4.4 OR BA.4.5 OR BA.4.6 OR BA.4.6.1 OR BA.4.6.2 OR BA.4.6.3 OR BA.4.6.4 OR BA.4.6.5 OR BA.4.7 OR BA.4.8 OR BA.5 OR BA.5.1 OR BA.5.1.1 OR BA.5.1.2 OR BA.5.1.3 OR BA.5.1.4 OR BA.5.1.5 OR BA.5.1.6 OR BA.5.1.7 OR BA.5.1.8 OR BA.5.1.9 OR BA.5.1.10 OR BA.5.1.11 OR BA.5.1.12 OR BA.5.1.14 OR BA.5.1.15 OR BA.5.1.16 OR BA.5.1.17 OR BA.5.1.18 OR BA.5.1.19 OR BA.5.1.20 OR BA.5.1.21 OR BA.5.1.22 OR BA.5.1.23 OR BA.5.1.24 OR BA.5.1.25 OR BA.5.1.26 OR BA.5.1.27 OR BA.5.1.28 OR BA.5.1.29 OR BA.5.1.30 OR BA.5.1.31 OR BA.5.1.32 OR BA.5.2 OR BA.5.2.1 OR BA.5.2.2 OR BA.5.2.3 OR BA.5.2.4 OR BA.5.2.5 OR BA.5.2.6 OR BA.5.2.7 OR BA.5.2.8 OR BA.5.2.9 OR BA.5.2.10 OR BA.5.2.11 OR BA.5.2.12 OR BA.5.2.13 OR BA.5.2.14 OR BA.5.2.16 OR BA.5.2.18 OR BA.5.2.19 OR BA.5.2.20 OR BA.5.2.21 OR BA.5.2.22 OR BA.5.2.23 OR BA.5.2.24 OR BA.5.2.25 OR BA.5.2.26 OR BA.5.2.27 OR BA.5.2.28 OR BA.5.2.29 OR BA.5.2.30 OR BA.5.2.31 OR BA.5.2.32 OR BA.5.2.33 OR BA.5.2.34 OR BA.5.2.35 OR BA.5.2.36 OR BA.5.2.37 OR BA.5.2.38 OR BA.5.2.39 OR BA.5.2.40 OR BA.5.2.41 OR BA.5.2.42 OR BA.5.2.43 OR BA.5.2.44 OR BA.5.2.45 OR BA.5.2.46 OR BA.5.2.47 OR BA.5.2.48 OR BA.5.2.49 OR BA.5.3 OR BA.5.3.1 OR BA.5.3.2 OR BA.5.3.3 OR BA.5.3.4 OR BA.5.3.5 OR BA.5.5 OR BA.5.5.1 OR BA.5.5.2 OR BA.5.5.3 OR BA.5.6 OR BA.5.6.1 OR BA.5.6.2 OR BA.5.6.3 OR BA.5.6.4 OR BA.5.7 OR BA.5.8 OR BA.5.9 OR BA.5.10 OR BA.5.10.1 OR BA.5.11 OR BC.1 OR BC.2 OR BD.1 OR BE.1 OR BE.1.1 OR BE.1.1.1 OR BE.1.1.2 OR BE.1.2 OR BE.1.2.1 OR BE.1.3 OR BE.1.4 OR BE.1.4.1 OR BE.1.4.2 OR BE.1.4.3 OR BE.1.4.4 OR BE.2 OR BE.3 OR BE.4 OR BE.4.1 OR BE.4.1.1 OR BE.4.2 OR BE.5 OR BE.6 OR BE.7 OR BE.8 OR BE.9 OR BE.10 OR BF.1 OR BF.1.1 OR BF.2 OR BF.3 OR BF.3.1 OR BF.4 OR BF.5 OR BF.5.1 OR BF.5.2 OR BF.6 OR BF.7 OR BF.7.1 OR BF.7.2 OR BF.7.3 OR BF.7.4 OR BF.7.4.1 OR BF.7.4.2 OR BF.7.5 OR BF.7.5.1 OR BF.7.6 OR BF.7.7 OR BF.7.8 OR BF.7.9 OR BF.7.10 OR BF.7.11 OR BF.7.12 OR BF.7.13 OR BF.7.13.1 OR BF.7.13.2 OR BF.7.14 OR BF.7.15 OR BF.8 OR BF.9 OR BF.10 OR BF.10.1 OR BF.11 OR BF.11.1 OR BF.11.2 OR BF.11.3 OR BF.11.4 OR BF.11.5 OR BF.12 OR BF.13 OR BF.14 OR BF.15 OR BF.16 OR BF.17 OR BF.18 OR BF.19 OR BF.20 OR BF.21 OR BF.22 OR BF.23 OR BF.24 OR BF.25 OR BF.26 OR BF.27 OR BF.28 OR BF.29 OR BF.30 OR BF.31 OR BF.31.1 OR BF.32 OR BF.33 OR BF.34 OR BG.1 OR BG.2 OR BG.3 OR BG.4 OR BG.5 OR BG.6 OR BG.7 OR BH.1 OR BJ.1 OR BK.1 OR BL.1 OR BL.1.1 OR BL.1.2 OR BL.1.3 OR BL.1.4 OR BL.2 OR BL.2.1 OR BL.3 OR BL.4 OR BL.5 OR BL.6 OR BM.1 OR BM.1.1 OR BM.1.1.1 OR BM.1.1.2 OR BM.1.1.3 OR BM.1.1.4 OR BM.1.1.5 OR BM.2 OR BM.2.1 OR BM.2.2 OR BM.2.3 OR BM.3 OR BM.4 OR BM.4.1 OR BM.4.1.1 OR BM.5 OR BM.6 OR BN.1 OR BN.1.1 OR BN.1.1.1 OR BN.1.2 OR BN.1.2.1 OR BN.1.3 OR BN.1.3.1 OR BN.1.3.2 OR BN.1.3.3 OR BN.1.3.4 OR BN.1.4 OR BN.1.4.1 OR BN.1.5 OR BN.1.5.1 OR BN.1.6 OR BN.1.7 OR BN.1.8 OR BN.1.9 OR BN.2 OR BN.2.1 OR BN.3 OR BN.3.1 OR BN.4 OR BN.5 OR BN.6 OR BP.1 OR BQ.1 OR BQ.1.1 OR BQ.1.1.1 OR BQ.1.1.2 OR BQ.1.1.3 OR BQ.1.1.4 OR BQ.1.1.5 OR BQ.1.1.6 OR BQ.1.1.7 OR BQ.1.1.8 OR BQ.1.1.9 OR BQ.1.1.10 OR BQ.1.1.11 OR BQ.1.1.12 OR BQ.1.1.13 OR BQ.1.1.14 OR BQ.1.1.15 OR BQ.1.1.16 OR BQ.1.1.17 OR BQ.1.1.18 OR BQ.1.1.19 OR BQ.1.1.20 OR BQ.1.1.21 OR BQ.1.1.22 OR BQ.1.1.23 OR BQ.1.1.24 OR BQ.1.1.25 OR BQ.1.1.26 OR BQ.1.1.27 OR BQ.1.1.28 OR BQ.1.1.29 OR BQ.1.1.30 OR BQ.1.1.31 OR BQ.1.1.32 OR BQ.1.1.34 OR BQ.1.1.35 OR BQ.1.1.36 OR BQ.1.2 OR BQ.1.3 OR BQ.1.4 OR BQ.1.5 OR BQ.1.6 OR BQ.1.7 OR BQ.1.8 OR BQ.1.8.1 OR BQ.1.8.2 OR BQ.1.9 OR BQ.1.10 OR BQ.1.10.1 OR BQ.1.11 OR BQ.1.12 OR BQ.1.13 OR BQ.1.13.1 OR BQ.1.14 OR BQ.1.15 OR BQ.1.16 OR BQ.1.17 OR BQ.1.18 OR BQ.1.19 OR BQ.1.20 OR BQ.1.21 OR BQ.1.22 OR BQ.1.23 OR BQ.1.24 OR BQ.1.25 OR BQ.1.25.1 OR BQ.1.26 OR BQ.1.26.1 OR BQ.1.27 OR BQ.1.28 OR BQ.2 OR BR.1 OR BR.1.1 OR BR.1.2 OR BR.2 OR BR.2.1 OR BR.3 OR BR.4 OR BS.1 OR BS.1.1 OR BS.1.2 OR BT.1 OR BT.2 OR BU.1 OR BU.2 OR BU.3 OR BV.1 OR BV.2 OR BW.1 OR BW.1.1 OR BY.1 OR BY.1.1 OR BY.1.1.1 OR BY.1.2 OR BY.1.2.1 OR BZ.1 OR CA.1 OR CA.2 OR CA.3 OR CA.3.1 OR CA.4 OR CA.5 OR CA.6 OR CA.7 OR CB.1 OR CC.1 OR CD.1 OR CD.2 OR CE.1 OR CF.1 OR CG.1 OR CH.1 OR CH.1.1 OR CH.1.1.1 OR CH.1.1.2 OR CH.1.1.3 OR CH.1.1.4 OR CH.1.1.5 OR CH.2 OR CH.3 OR CH.3.1 OR CJ.1 OR CJ.1.1 OR CK.1 OR CK.1.1 OR CK.1.2 OR CK.2 OR CK.2.1 OR CK.2.1.1 OR CK.3 OR CL.1 OR CM.1 OR CM.2 OR CM.2.1 OR CM.3 OR CM.4 OR CM.4.1 OR CM.5 OR CM.5.1 OR CM.5.2 OR CM.6 OR CM.6.1 OR CM.7 OR CM.8 OR CM.8.1 OR CM.9 OR CM.10 OR CM.11 OR CM.12 OR CN.1 OR CN.2 OR CP.1 OR CP.1.1 OR CP.1.2 OR CP.1.3 OR CP.2 OR CP.3 OR CP.4 OR CP.5 OR CP.6 OR CQ.1 OR CQ.1.1 OR CQ.2 OR CR.1 OR CR.1.1 OR CR.1.2 OR CR.1.3 OR CR.2 OR CS.1 OR CT.1 OR CU.1 OR CV.1 OR CV.2 OR CW.1 OR CY.1 OR CZ.1 OR DA.1 OR DB.1 OR DB.2 OR DC.1 OR DD.1 OR DE.1 OR DE.2 OR DF.1 OR DF.1.1 OR DG.1 OR DH.1 OR DJ.1 OR DJ.1.1 OR DJ.1.2 OR DJ.1.3 OR DK.1 OR DL.1 OR DM.1 OR DN.1 OR DN.1.1 OR DP.1 OR DQ.1 OR DR.1 OR DS.1 OR DT.1 OR DU.1 OR DV.1,Omicron,2.64285714285714,2.5,0.945945945945946
2022-03-04,3,1,2.5,2.16666666666667,0.866666666666667,0.333178245598791,0.999783091529969,B.1.1.529 OR BA.1 OR BA.1.1 OR BA.1.1.1 OR BA.1.1.2 OR BA.1.1.3 OR BA.1.1.4 OR BA.1.1.5 OR BA.1.1.6 OR BA.1.1.7 OR BA.1.1.8 OR BA.1.1.9 OR BA.1.1.10 OR BA.1.1.11 OR BA.1.1.12 OR BA.1.1.13 OR BA.1.1.14 OR BA.1.1.15 OR BA.1.1.16 OR BA.1.1.17 OR BA.1.1.18 OR BA.1.2 OR BA.1.3 OR BA.1.4 OR BA.1.5 OR BA.1.6 OR BA.1.7 OR BA.1.8 OR BA.1.9 OR BA.1.10 OR BA.1.12 OR BA.1.13 OR BA.1.13.1 OR BA.1.14 OR BA.1.14.1 OR BA.1.14.2 OR BA.1.15 OR BA.1.15.1 OR BA.1.15.2 OR BA.1.15.3 OR BA.1.16 OR BA.1.16.1 OR BA.1.16.2 OR BA.1.17 OR BA.1.17.1 OR BA.1.17.2 OR BA.1.18 OR BA.1.19 OR BA.1.20 OR BA.1.21 OR BA.1.21.1 OR BA.1.22 OR BA.1.23 OR BA.1.24 OR BA.2 OR BA.2.1 OR BA.2.2 OR BA.2.2.1 OR BA.2.3 OR BA.2.3.1 OR BA.2.3.2 OR BA.2.3.4 OR BA.2.3.5 OR BA.2.3.6 OR BA.2.3.7 OR BA.2.3.8 OR BA.2.3.9 OR BA.2.3.10 OR BA.2.3.11 OR BA.2.3.12 OR BA.2.3.13 OR BA.2.3.14 OR BA.2.3.15 OR BA.2.3.16 OR BA.2.3.17 OR BA.2.3.18 OR BA.2.3.19 OR BA.2.3.20 OR BA.2.3.21 OR BA.2.3.22 OR BA.2.4 OR BA.2.5 OR BA.2.6 OR BA.2.7 OR BA.2.8 OR BA.2.9 OR BA.2.9.1 OR BA.2.9.2 OR BA.2.9.3 OR BA.2.9.4 OR BA.2.9.5 OR BA.2.9.6 OR BA.2.9.7 OR BA.2.10 OR BA.2.10.1 OR BA.2.10.2 OR BA.2.10.3 OR BA.2.10.4 OR BA.2.11 OR BA.2.12 OR BA.2.12.1 OR BA.2.12.2 OR BA.2.13 OR BA.2.13.1 OR BA.2.14 OR BA.2.15 OR BA.2.16 OR BA.2.17 OR BA.2.18 OR BA.2.19 OR BA.2.20 OR BA.2.21 OR BA.2.22 OR BA.2.23 OR BA.2.23.1 OR BA.2.24 OR BA.2.25 OR BA.2.25.1 OR BA.2.26 OR BA.2.27 OR BA.2.28 OR BA.2.29 OR BA.2.30 OR BA.2.31 OR BA.2.31.1 OR BA.2.32 OR BA.2.33 OR BA.2.34 OR BA.2.35 OR BA.2.36 OR BA.2.37 OR BA.2.38 OR BA.2.38.1 OR BA.2.38.2 OR BA.2.38.3 OR BA.2.38.4 OR BA.2.39 OR BA.2.40 OR BA.2.40.1 OR BA.2.41 OR BA.2.42 OR BA.2.43 OR BA.2.44 OR BA.2.45 OR BA.2.46 OR BA.2.47 OR BA.2.48 OR BA.2.49 OR BA.2.50 OR BA.2.51 OR BA.2.52 OR BA.2.53 OR BA.2.54 OR BA.2.55 OR BA.2.56 OR BA.2.56.1 OR BA.2.57 OR BA.2.58 OR BA.2.59 OR BA.2.60 OR BA.2.61 OR BA.2.62 OR BA.2.63 OR BA.2.64 OR BA.2.65 OR BA.2.66 OR BA.2.67 OR BA.2.68 OR BA.2.69 OR BA.2.70 OR BA.2.71 OR BA.2.72 OR BA.2.73 OR BA.2.74 OR BA.2.75 OR BA.2.75.1 OR BA.2.75.2 OR BA.2.75.3 OR BA.2.75.4 OR BA.2.75.5 OR BA.2.75.6 OR BA.2.75.7 OR BA.2.75.8 OR BA.2.75.9 OR BA.2.75.10 OR BA.2.76 OR BA.2.76.1 OR BA.2.76.2 OR BA.2.77 OR BA.2.78 OR BA.2.79 OR BA.2.79.1 OR BA.2.80 OR BA.2.81 OR BA.2.82 OR BA.2.83 OR BA.2.85 OR BA.3 OR BA.3.1 OR BA.4 OR BA.4.1 OR BA.4.1.1 OR BA.4.1.2 OR BA.4.1.3 OR BA.4.1.4 OR BA.4.1.5 OR BA.4.1.6 OR BA.4.1.7 OR BA.4.1.8 OR BA.4.1.9 OR BA.4.1.10 OR BA.4.2 OR BA.4.3 OR BA.4.4 OR BA.4.5 OR BA.4.6 OR BA.4.6.1 OR BA.4.6.2 OR BA.4.6.3 OR BA.4.6.4 OR BA.4.6.5 OR BA.4.7 OR BA.4.8 OR BA.5 OR BA.5.1 OR BA.5.1.1 OR BA.5.1.2 OR BA.5.1.3 OR BA.5.1.4 OR BA.5.1.5 OR BA.5.1.6 OR BA.5.1.7 OR BA.5.1.8 OR BA.5.1.9 OR BA.5.1.10 OR BA.5.1.11 OR BA.5.1.12 OR BA.5.1.14 OR BA.5.1.15 OR BA.5.1.16 OR BA.5.1.17 OR BA.5.1.18 OR BA.5.1.19 OR BA.5.1.20 OR BA.5.1.21 OR BA.5.1.22 OR BA.5.1.23 OR BA.5.1.24 OR BA.5.1.25 OR BA.5.1.26 OR BA.5.1.27 OR BA.5.1.28 OR BA.5.1.29 OR BA.5.1.30 OR BA.5.1.31 OR BA.5.1.32 OR BA.5.2 OR BA.5.2.1 OR BA.5.2.2 OR BA.5.2.3 OR BA.5.2.4 OR BA.5.2.5 OR BA.5.2.6 OR BA.5.2.7 OR BA.5.2.8 OR BA.5.2.9 OR BA.5.2.10 OR BA.5.2.11 OR BA.5.2.12 OR BA.5.2.13 OR BA.5.2.14 OR BA.5.2.16 OR BA.5.2.18 OR BA.5.2.19 OR BA.5.2.20 OR BA.5.2.21 OR BA.5.2.22 OR BA.5.2.23 OR BA.5.2.24 OR BA.5.2.25 OR BA.5.2.26 OR BA.5.2.27 OR BA.5.2.28 OR BA.5.2.29 OR BA.5.2.30 OR BA.5.2.31 OR BA.5.2.32 OR BA.5.2.33 OR BA.5.2.34 OR BA.5.2.35 OR BA.5.2.36 OR BA.5.2.37 OR BA.5.2.38 OR BA.5.2.39 OR BA.5.2.40 OR BA.5.2.41 OR BA.5.2.42 OR BA.5.2.43 OR BA.5.2.44 OR BA.5.2.45 OR BA.5.2.46 OR BA.5.2.47 OR BA.5.2.48 OR BA.5.2.49 OR BA.5.3 OR BA.5.3.1 OR BA.5.3.2 OR BA.5.3.3 OR BA.5.3.4 OR BA.5.3.5 OR BA.5.5 OR BA.5.5.1 OR BA.5.5.2 OR BA.5.5.3 OR BA.5.6 OR BA.5.6.1 OR BA.5.6.2 OR BA.5.6.3 OR BA.5.6.4 OR BA.5.7 OR BA.5.8 OR BA.5.9 OR BA.5.10 OR BA.5.10.1 OR BA.5.11 OR BC.1 OR BC.2 OR BD.1 OR BE.1 OR BE.1.1 OR BE.1.1.1 OR BE.1.1.2 OR BE.1.2 OR BE.1.2.1 OR BE.1.3 OR BE.1.4 OR BE.1.4.1 OR BE.1.4.2 OR BE.1.4.3 OR BE.1.4.4 OR BE.2 OR BE.3 OR BE.4 OR BE.4.1 OR BE.4.1.1 OR BE.4.2 OR BE.5 OR BE.6 OR BE.7 OR BE.8 OR BE.9 OR BE.10 OR BF.1 OR BF.1.1 OR BF.2 OR BF.3 OR BF.3.1 OR BF.4 OR BF.5 OR BF.5.1 OR BF.5.2 OR BF.6 OR BF.7 OR BF.7.1 OR BF.7.2 OR BF.7.3 OR BF.7.4 OR BF.7.4.1 OR BF.7.4.2 OR BF.7.5 OR BF.7.5.1 OR BF.7.6 OR BF.7.7 OR BF.7.8 OR BF.7.9 OR BF.7.10 OR BF.7.11 OR BF.7.12 OR BF.7.13 OR BF.7.13.1 OR BF.7.13.2 OR BF.7.14 OR BF.7.15 OR BF.8 OR BF.9 OR BF.10 OR BF.10.1 OR BF.11 OR BF.11.1 OR BF.11.2 OR BF.11.3 OR BF.11.4 OR BF.11.5 OR BF.12 OR BF.13 OR BF.14 OR BF.15 OR BF.16 OR BF.17 OR BF.18 OR BF.19 OR BF.20 OR BF.21 OR BF.22 OR BF.23 OR BF.24 OR BF.25 OR BF.26 OR BF.27 OR BF.28 OR BF.29 OR BF.30 OR BF.31 OR BF.31.1 OR BF.32 OR BF.33 OR BF.34 OR BG.1 OR BG.2 OR BG.3 OR BG.4 OR BG.5 OR BG.6 OR BG.7 OR BH.1 OR BJ.1 OR BK.1 OR BL.1 OR BL.1.1 OR BL.1.2 OR BL.1.3 OR BL.1.4 OR BL.2 OR BL.2.1 OR BL.3 OR BL.4 OR BL.5 OR BL.6 OR BM.1 OR BM.1.1 OR BM.1.1.1 OR BM.1.1.2 OR BM.1.1.3 OR BM.1.1.4 OR BM.1.1.5 OR BM.2 OR BM.2.1 OR BM.2.2 OR BM.2.3 OR BM.3 OR BM.4 OR BM.4.1 OR BM.4.1.1 OR BM.5 OR BM.6 OR BN.1 OR BN.1.1 OR BN.1.1.1 OR BN.1.2 OR BN.1.2.1 OR BN.1.3 OR BN.1.3.1 OR BN.1.3.2 OR BN.1.3.3 OR BN.1.3.4 OR BN.1.4 OR BN.1.4.1 OR BN.1.5 OR BN.1.5.1 OR BN.1.6 OR BN.1.7 OR BN.1.8 OR BN.1.9 OR BN.2 OR BN.2.1 OR BN.3 OR BN.3.1 OR BN.4 OR BN.5 OR BN.6 OR BP.1 OR BQ.1 OR BQ.1.1 OR BQ.1.1.1 OR BQ.1.1.2 OR BQ.1.1.3 OR BQ.1.1.4 OR BQ.1.1.5 OR BQ.1.1.6 OR BQ.1.1.7 OR BQ.1.1.8 OR BQ.1.1.9 OR BQ.1.1.10 OR BQ.1.1.11 OR BQ.1.1.12 OR BQ.1.1.13 OR BQ.1.1.14 OR BQ.1.1.15 OR BQ.1.1.16 OR BQ.1.1.17 OR BQ.1.1.18 OR BQ.1.1.19 OR BQ.1.1.20 OR BQ.1.1.21 OR BQ.1.1.22 OR BQ.1.1.23 OR BQ.1.1.24 OR BQ.1.1.25 OR BQ.1.1.26 OR BQ.1.1.27 OR BQ.1.1.28 OR BQ.1.1.29 OR BQ.1.1.30 OR BQ.1.1.31 OR BQ.1.1.32 OR BQ.1.1.34 OR BQ.1.1.35 OR BQ.1.1.36 OR BQ.1.2 OR BQ.1.3 OR BQ.1.4 OR BQ.1.5 OR BQ.1.6 OR BQ.1.7 OR BQ.1.8 OR BQ.1.8.1 OR BQ.1.8.2 OR BQ.1.9 OR BQ.1.10 OR BQ.1.10.1 OR BQ.1.11 OR BQ.1.12 OR BQ.1.13 OR BQ.1.13.1 OR BQ.1.14 OR BQ.1.15 OR BQ.1.16 OR BQ.1.17 OR BQ.1.18 OR BQ.1.19 OR BQ.1.20 OR BQ.1.21 OR BQ.1.22 OR BQ.1.23 OR BQ.1.24 OR BQ.1.25 OR BQ.1.25.1 OR BQ.1.26 OR BQ.1.26.1 OR BQ.1.27 OR BQ.1.28 OR BQ.2 OR BR.1 OR BR.1.1 OR BR.1.2 OR BR.2 OR BR.2.1 OR BR.3 OR BR.4 OR BS.1 OR BS.1.1 OR BS.1.2 OR BT.1 OR BT.2 OR BU.1 OR BU.2 OR BU.3 OR BV.1 OR BV.2 OR BW.1 OR BW.1.1 OR BY.1 OR BY.1.1 OR BY.1.1.1 OR BY.1.2 OR BY.1.2.1 OR BZ.1 OR CA.1 OR CA.2 OR CA.3 OR CA.3.1 OR CA.4 OR CA.5 OR CA.6 OR CA.7 OR CB.1 OR CC.1 OR CD.1 OR CD.2 OR CE.1 OR CF.1 OR CG.1 OR CH.1 OR CH.1.1 OR CH.1.1.1 OR CH.1.1.2 OR CH.1.1.3 OR CH.1.1.4 OR CH.1.1.5 OR CH.2 OR CH.3 OR CH.3.1 OR CJ.1 OR CJ.1.1 OR CK.1 OR CK.1.1 OR CK.1.2 OR CK.2 OR CK.2.1 OR CK.2.1.1 OR CK.3 OR CL.1 OR CM.1 OR CM.2 OR CM.2.1 OR CM.3 OR CM.4 OR CM.4.1 OR CM.5 OR CM.5.1 OR CM.5.2 OR CM.6 OR CM.6.1 OR CM.7 OR CM.8 OR CM.8.1 OR CM.9 OR CM.10 OR CM.11 OR CM.12 OR CN.1 OR CN.2 OR CP.1 OR CP.1.1 OR CP.1.2 OR CP.1.3 OR CP.2 OR CP.3 OR CP.4 OR CP.5 OR CP.6 OR CQ.1 OR CQ.1.1 OR CQ.2 OR CR.1 OR CR.1.1 OR CR.1.2 OR CR.1.3 OR CR.2 OR CS.1 OR CT.1 OR CU.1 OR CV.1 OR CV.2 OR CW.1 OR CY.1 OR CZ.1 OR DA.1 OR DB.1 OR DB.2 OR DC.1 OR DD.1 OR DE.1 OR DE.2 OR DF.1 OR DF.1.1 OR DG.1 OR DH.1 OR DJ.1 OR DJ.1.1 OR DJ.1.2 OR DJ.1.3 OR DK.1 OR DL.1 OR DM.1 OR DN.1 OR DN.1.1 OR DP.1 OR DQ.1 OR DR.1 OR DS.1 OR DT.1 OR DU.1 OR DV.1,Omicron,2.78571428571429,2.5,0.897435897435897
2022-03-05,2,1,2.5,2,0.8,0.333178245598791,0.999783091529969,B.1.1.529 OR BA.1 OR BA.1.1 OR BA.1.1.1 OR BA.1.1.2 OR BA.1.1.3 OR BA.1.1.4 OR BA.1.1.5 OR BA.1.1.6 OR BA.1.1.7 OR BA.1.1.8 OR BA.1.1.9 OR BA.1.1.10 OR BA.1.1.11 OR BA.1.1.12 OR BA.1.1.13 OR BA.1.1.14 OR BA.1.1.15 OR BA.1.1.16 OR BA.1.1.17 OR BA.1.1.18 OR BA.1.2 OR BA.1.3 OR BA.1.4 OR BA.1.5 OR BA.1.6 OR BA.1.7 OR BA.1.8 OR BA.1.9 OR BA.1.10 OR BA.1.12 OR BA.1.13 OR BA.1.13.1 OR BA.1.14 OR BA.1.14.1 OR BA.1.14.2 OR BA.1.15 OR BA.1.15.1 OR BA.1.15.2 OR BA.1.15.3 OR BA.1.16 OR BA.1.16.1 OR BA.1.16.2 OR BA.1.17 OR BA.1.17.1 OR BA.1.17.2 OR BA.1.18 OR BA.1.19 OR BA.1.20 OR BA.1.21 OR BA.1.21.1 OR BA.1.22 OR BA.1.23 OR BA.1.24 OR BA.2 OR BA.2.1 OR BA.2.2 OR BA.2.2.1 OR BA.2.3 OR BA.2.3.1 OR BA.2.3.2 OR BA.2.3.4 OR BA.2.3.5 OR BA.2.3.6 OR BA.2.3.7 OR BA.2.3.8 OR BA.2.3.9 OR BA.2.3.10 OR BA.2.3.11 OR BA.2.3.12 OR BA.2.3.13 OR BA.2.3.14 OR BA.2.3.15 OR BA.2.3.16 OR BA.2.3.17 OR BA.2.3.18 OR BA.2.3.19 OR BA.2.3.20 OR BA.2.3.21 OR BA.2.3.22 OR BA.2.4 OR BA.2.5 OR BA.2.6 OR BA.2.7 OR BA.2.8 OR BA.2.9 OR BA.2.9.1 OR BA.2.9.2 OR BA.2.9.3 OR BA.2.9.4 OR BA.2.9.5 OR BA.2.9.6 OR BA.2.9.7 OR BA.2.10 OR BA.2.10.1 OR BA.2.10.2 OR BA.2.10.3 OR BA.2.10.4 OR BA.2.11 OR BA.2.12 OR BA.2.12.1 OR BA.2.12.2 OR BA.2.13 OR BA.2.13.1 OR BA.2.14 OR BA.2.15 OR BA.2.16 OR BA.2.17 OR BA.2.18 OR BA.2.19 OR BA.2.20 OR BA.2.21 OR BA.2.22 OR BA.2.23 OR BA.2.23.1 OR BA.2.24 OR BA.2.25 OR BA.2.25.1 OR BA.2.26 OR BA.2.27 OR BA.2.28 OR BA.2.29 OR BA.2.30 OR BA.2.31 OR BA.2.31.1 OR BA.2.32 OR BA.2.33 OR BA.2.34 OR BA.2.35 OR BA.2.36 OR BA.2.37 OR BA.2.38 OR BA.2.38.1 OR BA.2.38.2 OR BA.2.38.3 OR BA.2.38.4 OR BA.2.39 OR BA.2.40 OR BA.2.40.1 OR BA.2.41 OR BA.2.42 OR BA.2.43 OR BA.2.44 OR BA.2.45 OR BA.2.46 OR BA.2.47 OR BA.2.48 OR BA.2.49 OR BA.2.50 OR BA.2.51 OR BA.2.52 OR BA.2.53 OR BA.2.54 OR BA.2.55 OR BA.2.56 OR BA.2.56.1 OR BA.2.57 OR BA.2.58 OR BA.2.59 OR BA.2.60 OR BA.2.61 OR BA.2.62 OR BA.2.63 OR BA.2.64 OR BA.2.65 OR BA.2.66 OR BA.2.67 OR BA.2.68 OR BA.2.69 OR BA.2.70 OR BA.2.71 OR BA.2.72 OR BA.2.73 OR BA.2.74 OR BA.2.75 OR BA.2.75.1 OR BA.2.75.2 OR BA.2.75.3 OR BA.2.75.4 OR BA.2.75.5 OR BA.2.75.6 OR BA.2.75.7 OR BA.2.75.8 OR BA.2.75.9 OR BA.2.75.10 OR BA.2.76 OR BA.2.76.1 OR BA.2.76.2 OR BA.2.77 OR BA.2.78 OR BA.2.79 OR BA.2.79.1 OR BA.2.80 OR BA.2.81 OR BA.2.82 OR BA.2.83 OR BA.2.85 OR BA.3 OR BA.3.1 OR BA.4 OR BA.4.1 OR BA.4.1.1 OR BA.4.1.2 OR BA.4.1.3 OR BA.4.1.4 OR BA.4.1.5 OR BA.4.1.6 OR BA.4.1.7 OR BA.4.1.8 OR BA.4.1.9 OR BA.4.1.10 OR BA.4.2 OR BA.4.3 OR BA.4.4 OR BA.4.5 OR BA.4.6 OR BA.4.6.1 OR BA.4.6.2 OR BA.4.6.3 OR BA.4.6.4 OR BA.4.6.5 OR BA.4.7 OR BA.4.8 OR BA.5 OR BA.5.1 OR BA.5.1.1 OR BA.5.1.2 OR BA.5.1.3 OR BA.5.1.4 OR BA.5.1.5 OR BA.5.1.6 OR BA.5.1.7 OR BA.5.1.8 OR BA.5.1.9 OR BA.5.1.10 OR BA.5.1.11 OR BA.5.1.12 OR BA.5.1.14 OR BA.5.1.15 OR BA.5.1.16 OR BA.5.1.17 OR BA.5.1.18 OR BA.5.1.19 OR BA.5.1.20 OR BA.5.1.21 OR BA.5.1.22 OR BA.5.1.23 OR BA.5.1.24 OR BA.5.1.25 OR BA.5.1.26 OR BA.5.1.27 OR BA.5.1.28 OR BA.5.1.29 OR BA.5.1.30 OR BA.5.1.31 OR BA.5.1.32 OR BA.5.2 OR BA.5.2.1 OR BA.5.2.2 OR BA.5.2.3 OR BA.5.2.4 OR BA.5.2.5 OR BA.5.2.6 OR BA.5.2.7 OR BA.5.2.8 OR BA.5.2.9 OR BA.5.2.10 OR BA.5.2.11 OR BA.5.2.12 OR BA.5.2.13 OR BA.5.2.14 OR BA.5.2.16 OR BA.5.2.18 OR BA.5.2.19 OR BA.5.2.20 OR BA.5.2.21 OR BA.5.2.22 OR BA.5.2.23 OR BA.5.2.24 OR BA.5.2.25 OR BA.5.2.26 OR BA.5.2.27 OR BA.5.2.28 OR BA.5.2.29 OR BA.5.2.30 OR BA.5.2.31 OR BA.5.2.32 OR BA.5.2.33 OR BA.5.2.34 OR BA.5.2.35 OR BA.5.2.36 OR BA.5.2.37 OR BA.5.2.38 OR BA.5.2.39 OR BA.5.2.40 OR BA.5.2.41 OR BA.5.2.42 OR BA.5.2.43 OR BA.5.2.44 OR BA.5.2.45 OR BA.5.2.46 OR BA.5.2.47 OR BA.5.2.48 OR BA.5.2.49 OR BA.5.3 OR BA.5.3.1 OR BA.5.3.2 OR BA.5.3.3 OR BA.5.3.4 OR BA.5.3.5 OR BA.5.5 OR BA.5.5.1 OR BA.5.5.2 OR BA.5.5.3 OR BA.5.6 OR BA.5.6.1 OR BA.5.6.2 OR BA.5.6.3 OR BA.5.6.4 OR BA.5.7 OR BA.5.8 OR BA.5.9 OR BA.5.10 OR BA.5.10.1 OR BA.5.11 OR BC.1 OR BC.2 OR BD.1 OR BE.1 OR BE.1.1 OR BE.1.1.1 OR BE.1.1.2 OR BE.1.2 OR BE.1.2.1 OR BE.1.3 OR BE.1.4 OR BE.1.4.1 OR BE.1.4.2 OR BE.1.4.3 OR BE.1.4.4 OR BE.2 OR BE.3 OR BE.4 OR BE.4.1 OR BE.4.1.1 OR BE.4.2 OR BE.5 OR BE.6 OR BE.7 OR BE.8 OR BE.9 OR BE.10 OR BF.1 OR BF.1.1 OR BF.2 OR BF.3 OR BF.3.1 OR BF.4 OR BF.5 OR BF.5.1 OR BF.5.2 OR BF.6 OR BF.7 OR BF.7.1 OR BF.7.2 OR BF.7.3 OR BF.7.4 OR BF.7.4.1 OR BF.7.4.2 OR BF.7.5 OR BF.7.5.1 OR BF.7.6 OR BF.7.7 OR BF.7.8 OR BF.7.9 OR BF.7.10 OR BF.7.11 OR BF.7.12 OR BF.7.13 OR BF.7.13.1 OR BF.7.13.2 OR BF.7.14 OR BF.7.15 OR BF.8 OR BF.9 OR BF.10 OR BF.10.1 OR BF.11 OR BF.11.1 OR BF.11.2 OR BF.11.3 OR BF.11.4 OR BF.11.5 OR BF.12 OR BF.13 OR BF.14 OR BF.15 OR BF.16 OR BF.17 OR BF.18 OR BF.19 OR BF.20 OR BF.21 OR BF.22 OR BF.23 OR BF.24 OR BF.25 OR BF.26 OR BF.27 OR BF.28 OR BF.29 OR BF.30 OR BF.31 OR BF.31.1 OR BF.32 OR BF.33 OR BF.34 OR BG.1 OR BG.2 OR BG.3 OR BG.4 OR BG.5 OR BG.6 OR BG.7 OR BH.1 OR BJ.1 OR BK.1 OR BL.1 OR BL.1.1 OR BL.1.2 OR BL.1.3 OR BL.1.4 OR BL.2 OR BL.2.1 OR BL.3 OR BL.4 OR BL.5 OR BL.6 OR BM.1 OR BM.1.1 OR BM.1.1.1 OR BM.1.1.2 OR BM.1.1.3 OR BM.1.1.4 OR BM.1.1.5 OR BM.2 OR BM.2.1 OR BM.2.2 OR BM.2.3 OR BM.3 OR BM.4 OR BM.4.1 OR BM.4.1.1 OR BM.5 OR BM.6 OR BN.1 OR BN.1.1 OR BN.1.1.1 OR BN.1.2 OR BN.1.2.1 OR BN.1.3 OR BN.1.3.1 OR BN.1.3.2 OR BN.1.3.3 OR BN.1.3.4 OR BN.1.4 OR BN.1.4.1 OR BN.1.5 OR BN.1.5.1 OR BN.1.6 OR BN.1.7 OR BN.1.8 OR BN.1.9 OR BN.2 OR BN.2.1 OR BN.3 OR BN.3.1 OR BN.4 OR BN.5 OR BN.6 OR BP.1 OR BQ.1 OR BQ.1.1 OR BQ.1.1.1 OR BQ.1.1.2 OR BQ.1.1.3 OR BQ.1.1.4 OR BQ.1.1.5 OR BQ.1.1.6 OR BQ.1.1.7 OR BQ.1.1.8 OR BQ.1.1.9 OR BQ.1.1.10 OR BQ.1.1.11 OR BQ.1.1.12 OR BQ.1.1.13 OR BQ.1.1.14 OR BQ.1.1.15 OR BQ.1.1.16 OR BQ.1.1.17 OR BQ.1.1.18 OR BQ.1.1.19 OR BQ.1.1.20 OR BQ.1.1.21 OR BQ.1.1.22 OR BQ.1.1.23 OR BQ.1.1.24 OR BQ.1.1.25 OR BQ.1.1.26 OR BQ.1.1.27 OR BQ.1.1.28 OR BQ.1.1.29 OR BQ.1.1.30 OR BQ.1.1.31 OR BQ.1.1.32 OR BQ.1.1.34 OR BQ.1.1.35 OR BQ.1.1.36 OR BQ.1.2 OR BQ.1.3 OR BQ.1.4 OR BQ.1.5 OR BQ.1.6 OR BQ.1.7 OR BQ.1.8 OR BQ.1.8.1 OR BQ.1.8.2 OR BQ.1.9 OR BQ.1.10 OR BQ.1.10.1 OR BQ.1.11 OR BQ.1.12 OR BQ.1.13 OR BQ.1.13.1 OR BQ.1.14 OR BQ.1.15 OR BQ.1.16 OR BQ.1.17 OR BQ.1.18 OR BQ.1.19 OR BQ.1.20 OR BQ.1.21 OR BQ.1.22 OR BQ.1.23 OR BQ.1.24 OR BQ.1.25 OR BQ.1.25.1 OR BQ.1.26 OR BQ.1.26.1 OR BQ.1.27 OR BQ.1.28 OR BQ.2 OR BR.1 OR BR.1.1 OR BR.1.2 OR BR.2 OR BR.2.1 OR BR.3 OR BR.4 OR BS.1 OR BS.1.1 OR BS.1.2 OR BT.1 OR BT.2 OR BU.1 OR BU.2 OR BU.3 OR BV.1 OR BV.2 OR BW.1 OR BW.1.1 OR BY.1 OR BY.1.1 OR BY.1.1.1 OR BY.1.2 OR BY.1.2.1 OR BZ.1 OR CA.1 OR CA.2 OR CA.3 OR CA.3.1 OR CA.4 OR CA.5 OR CA.6 OR CA.7 OR CB.1 OR CC.1 OR CD.1 OR CD.2 OR CE.1 OR CF.1 OR CG.1 OR CH.1 OR CH.1.1 OR CH.1.1.1 OR CH.1.1.2 OR CH.1.1.3 OR CH.1.1.4 OR CH.1.1.5 OR CH.2 OR CH.3 OR CH.3.1 OR CJ.1 OR CJ.1.1 OR CK.1 OR CK.1.1 OR CK.1.2 OR CK.2 OR CK.2.1 OR CK.2.1.1 OR CK.3 OR CL.1 OR CM.1 OR CM.2 OR CM.2.1 OR CM.3 OR CM.4 OR CM.4.1 OR CM.5 OR CM.5.1 OR CM.5.2 OR CM.6 OR CM.6.1 OR CM.7 OR CM.8 OR CM.8.1 OR CM.9 OR CM.10 OR CM.11 OR CM.12 OR CN.1 OR CN.2 OR CP.1 OR CP.1.1 OR CP.1.2 OR CP.1.3 OR CP.2 OR CP.3 OR CP.4 OR CP.5 OR CP.6 OR CQ.1 OR CQ.1.1 OR CQ.2 OR CR.1 OR CR.1.1 OR CR.1.2 OR CR.1.3 OR CR.2 OR CS.1 OR CT.1 OR CU.1 OR CV.1 OR CV.2 OR CW.1 OR CY.1 OR CZ.1 OR DA.1 OR DB.1 OR DB.2 OR DC.1 OR DD.1 OR DE.1 OR DE.2 OR DF.1 OR DF.1.1 OR DG.1 OR DH.1 OR DJ.1 OR DJ.1.1 OR DJ.1.2 OR DJ.1.3 OR DK.1 OR DL.1 OR DM.1 OR DN.1 OR DN.1.1 OR DP.1 OR DQ.1 OR DR.1 OR DS.1 OR DT.1 OR DU.1 OR DV.1,Omicron,2.78571428571429,2.42857142857143,0.871794871794872
2022-03-06,1,0,2.33333333333333,1.66666666666667,0.714285714285714,0.333178245598791,0.999783091529969,B.1.1.529 OR BA.1 OR BA.1.1 OR BA.1.1.1 OR BA.1.1.2 OR BA.1.1.3 OR BA.1.1.4 OR BA.1.1.5 OR BA.1.1.6 OR BA.1.1.7 OR BA.1.1.8 OR BA.1.1.9 OR BA.1.1.10 OR BA.1.1.11 OR BA.1.1.12 OR BA.1.1.13 OR BA.1.1.14 OR BA.1.1.15 OR BA.1.1.16 OR BA.1.1.17 OR BA.1.1.18 OR BA.1.2 OR BA.1.3 OR BA.1.4 OR BA.1.5 OR BA.1.6 OR BA.1.7 OR BA.1.8 OR BA.1.9 OR BA.1.10 OR BA.1.12 OR BA.1.13 OR BA.1.13.1 OR BA.1.14 OR BA.1.14.1 OR BA.1.14.2 OR BA.1.15 OR BA.1.15.1 OR BA.1.15.2 OR BA.1.15.3 OR BA.1.16 OR BA.1.16.1 OR BA.1.16.2 OR BA.1.17 OR BA.1.17.1 OR BA.1.17.2 OR BA.1.18 OR BA.1.19 OR BA.1.20 OR BA.1.21 OR BA.1.21.1 OR BA.1.22 OR BA.1.23 OR BA.1.24 OR BA.2 OR BA.2.1 OR BA.2.2 OR BA.2.2.1 OR BA.2.3 OR BA.2.3.1 OR BA.2.3.2 OR BA.2.3.4 OR BA.2.3.5 OR BA.2.3.6 OR BA.2.3.7 OR BA.2.3.8 OR BA.2.3.9 OR BA.2.3.10 OR BA.2.3.11 OR BA.2.3.12 OR BA.2.3.13 OR BA.2.3.14 OR BA.2.3.15 OR BA.2.3.16 OR BA.2.3.17 OR BA.2.3.18 OR BA.2.3.19 OR BA.2.3.20 OR BA.2.3.21 OR BA.2.3.22 OR BA.2.4 OR BA.2.5 OR BA.2.6 OR BA.2.7 OR BA.2.8 OR BA.2.9 OR BA.2.9.1 OR BA.2.9.2 OR BA.2.9.3 OR BA.2.9.4 OR BA.2.9.5 OR BA.2.9.6 OR BA.2.9.7 OR BA.2.10 OR BA.2.10.1 OR BA.2.10.2 OR BA.2.10.3 OR BA.2.10.4 OR BA.2.11 OR BA.2.12 OR BA.2.12.1 OR BA.2.12.2 OR BA.2.13 OR BA.2.13.1 OR BA.2.14 OR BA.2.15 OR BA.2.16 OR BA.2.17 OR BA.2.18 OR BA.2.19 OR BA.2.20 OR BA.2.21 OR BA.2.22 OR BA.2.23 OR BA.2.23.1 OR BA.2.24 OR BA.2.25 OR BA.2.25.1 OR BA.2.26 OR BA.2.27 OR BA.2.28 OR BA.2.29 OR BA.2.30 OR BA.2.31 OR BA.2.31.1 OR BA.2.32 OR BA.2.33 OR BA.2.34 OR BA.2.35 OR BA.2.36 OR BA.2.37 OR BA.2.38 OR BA.2.38.1 OR BA.2.38.2 OR BA.2.38.3 OR BA.2.38.4 OR BA.2.39 OR BA.2.40 OR BA.2.40.1 OR BA.2.41 OR BA.2.42 OR BA.2.43 OR BA.2.44 OR BA.2.45 OR BA.2.46 OR BA.2.47 OR BA.2.48 OR BA.2.49 OR BA.2.50 OR BA.2.51 OR BA.2.52 OR BA.2.53 OR BA.2.54 OR BA.2.55 OR BA.2.56 OR BA.2.56.1 OR BA.2.57 OR BA.2.58 OR BA.2.59 OR BA.2.60 OR BA.2.61 OR BA.2.62 OR BA.2.63 OR BA.2.64 OR BA.2.65 OR BA.2.66 OR BA.2.67 OR BA.2.68 OR BA.2.69 OR BA.2.70 OR BA.2.71 OR BA.2.72 OR BA.2.73 OR BA.2.74 OR BA.2.75 OR BA.2.75.1 OR BA.2.75.2 OR BA.2.75.3 OR BA.2.75.4 OR BA.2.75.5 OR BA.2.75.6 OR BA.2.75.7 OR BA.2.75.8 OR BA.2.75.9 OR BA.2.75.10 OR BA.2.76 OR BA.2.76.1 OR BA.2.76.2 OR BA.2.77 OR BA.2.78 OR BA.2.79 OR BA.2.79.1 OR BA.2.80 OR BA.2.81 OR BA.2.82 OR BA.2.83 OR BA.2.85 OR BA.3 OR BA.3.1 OR BA.4 OR BA.4.1 OR BA.4.1.1 OR BA.4.1.2 OR BA.4.1.3 OR BA.4.1.4 OR BA.4.1.5 OR BA.4.1.6 OR BA.4.1.7 OR BA.4.1.8 OR BA.4.1.9 OR BA.4.1.10 OR BA.4.2 OR BA.4.3 OR BA.4.4 OR BA.4.5 OR BA.4.6 OR BA.4.6.1 OR BA.4.6.2 OR BA.4.6.3 OR BA.4.6.4 OR BA.4.6.5 OR BA.4.7 OR BA.4.8 OR BA.5 OR BA.5.1 OR BA.5.1.1 OR BA.5.1.2 OR BA.5.1.3 OR BA.5.1.4 OR BA.5.1.5 OR BA.5.1.6 OR BA.5.1.7 OR BA.5.1.8 OR BA.5.1.9 OR BA.5.1.10 OR BA.5.1.11 OR BA.5.1.12 OR BA.5.1.14 OR BA.5.1.15 OR BA.5.1.16 OR BA.5.1.17 OR BA.5.1.18 OR BA.5.1.19 OR BA.5.1.20 OR BA.5.1.21 OR BA.5.1.22 OR BA.5.1.23 OR BA.5.1.24 OR BA.5.1.25 OR BA.5.1.26 OR BA.5.1.27 OR BA.5.1.28 OR BA.5.1.29 OR BA.5.1.30 OR BA.5.1.31 OR BA.5.1.32 OR BA.5.2 OR BA.5.2.1 OR BA.5.2.2 OR BA.5.2.3 OR BA.5.2.4 OR BA.5.2.5 OR BA.5.2.6 OR BA.5.2.7 OR BA.5.2.8 OR BA.5.2.9 OR BA.5.2.10 OR BA.5.2.11 OR BA.5.2.12 OR BA.5.2.13 OR BA.5.2.14 OR BA.5.2.16 OR BA.5.2.18 OR BA.5.2.19 OR BA.5.2.20 OR BA.5.2.21 OR BA.5.2.22 OR BA.5.2.23 OR BA.5.2.24 OR BA.5.2.25 OR BA.5.2.26 OR BA.5.2.27 OR BA.5.2.28 OR BA.5.2.29 OR BA.5.2.30 OR BA.5.2.31 OR BA.5.2.32 OR BA.5.2.33 OR BA.5.2.34 OR BA.5.2.35 OR BA.5.2.36 OR BA.5.2.37 OR BA.5.2.38 OR BA.5.2.39 OR BA.5.2.40 OR BA.5.2.41 OR BA.5.2.42 OR BA.5.2.43 OR BA.5.2.44 OR BA.5.2.45 OR BA.5.2.46 OR BA.5.2.47 OR BA.5.2.48 OR BA.5.2.49 OR BA.5.3 OR BA.5.3.1 OR BA.5.3.2 OR BA.5.3.3 OR BA.5.3.4 OR BA.5.3.5 OR BA.5.5 OR BA.5.5.1 OR BA.5.5.2 OR BA.5.5.3 OR BA.5.6 OR BA.5.6.1 OR BA.5.6.2 OR BA.5.6.3 OR BA.5.6.4 OR BA.5.7 OR BA.5.8 OR BA.5.9 OR BA.5.10 OR BA.5.10.1 OR BA.5.11 OR BC.1 OR BC.2 OR BD.1 OR BE.1 OR BE.1.1 OR BE.1.1.1 OR BE.1.1.2 OR BE.1.2 OR BE.1.2.1 OR BE.1.3 OR BE.1.4 OR BE.1.4.1 OR BE.1.4.2 OR BE.1.4.3 OR BE.1.4.4 OR BE.2 OR BE.3 OR BE.4 OR BE.4.1 OR BE.4.1.1 OR BE.4.2 OR BE.5 OR BE.6 OR BE.7 OR BE.8 OR BE.9 OR BE.10 OR BF.1 OR BF.1.1 OR BF.2 OR BF.3 OR BF.3.1 OR BF.4 OR BF.5 OR BF.5.1 OR BF.5.2 OR BF.6 OR BF.7 OR BF.7.1 OR BF.7.2 OR BF.7.3 OR BF.7.4 OR BF.7.4.1 OR BF.7.4.2 OR BF.7.5 OR BF.7.5.1 OR BF.7.6 OR BF.7.7 OR BF.7.8 OR BF.7.9 OR BF.7.10 OR BF.7.11 OR BF.7.12 OR BF.7.13 OR BF.7.13.1 OR BF.7.13.2 OR BF.7.14 OR BF.7.15 OR BF.8 OR BF.9 OR BF.10 OR BF.10.1 OR BF.11 OR BF.11.1 OR BF.11.2 OR BF.11.3 OR BF.11.4 OR BF.11.5 OR BF.12 OR BF.13 OR BF.14 OR BF.15 OR BF.16 OR BF.17 OR BF.18 OR BF.19 OR BF.20 OR BF.21 OR BF.22 OR BF.23 OR BF.24 OR BF.25 OR BF.26 OR BF.27 OR BF.28 OR BF.29 OR BF.30 OR BF.31 OR BF.31.1 OR BF.32 OR BF.33 OR BF.34 OR BG.1 OR BG.2 OR BG.3 OR BG.4 OR BG.5 OR BG.6 OR BG.7 OR BH.1 OR BJ.1 OR BK.1 OR BL.1 OR BL.1.1 OR BL.1.2 OR BL.1.3 OR BL.1.4 OR BL.2 OR BL.2.1 OR BL.3 OR BL.4 OR BL.5 OR BL.6 OR BM.1 OR BM.1.1 OR BM.1.1.1 OR BM.1.1.2 OR BM.1.1.3 OR BM.1.1.4 OR BM.1.1.5 OR BM.2 OR BM.2.1 OR BM.2.2 OR BM.2.3 OR BM.3 OR BM.4 OR BM.4.1 OR BM.4.1.1 OR BM.5 OR BM.6 OR BN.1 OR BN.1.1 OR BN.1.1.1 OR BN.1.2 OR BN.1.2.1 OR BN.1.3 OR BN.1.3.1 OR BN.1.3.2 OR BN.1.3.3 OR BN.1.3.4 OR BN.1.4 OR BN.1.4.1 OR BN.1.5 OR BN.1.5.1 OR BN.1.6 OR BN.1.7 OR BN.1.8 OR BN.1.9 OR BN.2 OR BN.2.1 OR BN.3 OR BN.3.1 OR BN.4 OR BN.5 OR BN.6 OR BP.1 OR BQ.1 OR BQ.1.1 OR BQ.1.1.1 OR BQ.1.1.2 OR BQ.1.1.3 OR BQ.1.1.4 OR BQ.1.1.5 OR BQ.1.1.6 OR BQ.1.1.7 OR BQ.1.1.8 OR BQ.1.1.9 OR BQ.1.1.10 OR BQ.1.1.11 OR BQ.1.1.12 OR BQ.1.1.13 OR BQ.1.1.14 OR BQ.1.1.15 OR BQ.1.1.16 OR BQ.1.1.17 OR BQ.1.1.18 OR BQ.1.1.19 OR BQ.1.1.20 OR BQ.1.1.21 OR BQ.1.1.22 OR BQ.1.1.23 OR BQ.1.1.24 OR BQ.1.1.25 OR BQ.1.1.26 OR BQ.1.1.27 OR BQ.1.1.28 OR BQ.1.1.29 OR BQ.1.1.30 OR BQ.1.1.31 OR BQ.1.1.32 OR BQ.1.1.34 OR BQ.1.1.35 OR BQ.1.1.36 OR BQ.1.2 OR BQ.1.3 OR BQ.1.4 OR BQ.1.5 OR BQ.1.6 OR BQ.1.7 OR BQ.1.8 OR BQ.1.8.1 OR BQ.1.8.2 OR BQ.1.9 OR BQ.1.10 OR BQ.1.10.1 OR BQ.1.11 OR BQ.1.12 OR BQ.1.13 OR BQ.1.13.1 OR BQ.1.14 OR BQ.1.15 OR BQ.1.16 OR BQ.1.17 OR BQ.1.18 OR BQ.1.19 OR BQ.1.20 OR BQ.1.21 OR BQ.1.22 OR BQ.1.23 OR BQ.1.24 OR BQ.1.25 OR BQ.1.25.1 OR BQ.1.26 OR BQ.1.26.1 OR BQ.1.27 OR BQ.1.28 OR BQ.2 OR BR.1 OR BR.1.1 OR BR.1.2 OR BR.2 OR BR.2.1 OR BR.3 OR BR.4 OR BS.1 OR BS.1.1 OR BS.1.2 OR BT.1 OR BT.2 OR BU.1 OR BU.2 OR BU.3 OR BV.1 OR BV.2 OR BW.1 OR BW.1.1 OR BY.1 OR BY.1.1 OR BY.1.1.1 OR BY.1.2 OR BY.1.2.1 OR BZ.1 OR CA.1 OR CA.2 OR CA.3 OR CA.3.1 OR CA.4 OR CA.5 OR CA.6 OR CA.7 OR CB.1 OR CC.1 OR CD.1 OR CD.2 OR CE.1 OR CF.1 OR CG.1 OR CH.1 OR CH.1.1 OR CH.1.1.1 OR CH.1.1.2 OR CH.1.1.3 OR CH.1.1.4 OR CH.1.1.5 OR CH.2 OR CH.3 OR CH.3.1 OR CJ.1 OR CJ.1.1 OR CK.1 OR CK.1.1 OR CK.1.2 OR CK.2 OR CK.2.1 OR CK.2.1.1 OR CK.3 OR CL.1 OR CM.1 OR CM.2 OR CM.2.1 OR CM.3 OR CM.4 OR CM.4.1 OR CM.5 OR CM.5.1 OR CM.5.2 OR CM.6 OR CM.6.1 OR CM.7 OR CM.8 OR CM.8.1 OR CM.9 OR CM.10 OR CM.11 OR CM.12 OR CN.1 OR CN.2 OR CP.1 OR CP.1.1 OR CP.1.2 OR CP.1.3 OR CP.2 OR CP.3 OR CP.4 OR CP.5 OR CP.6 OR CQ.1 OR CQ.1.1 OR CQ.2 OR CR.1 OR CR.1.1 OR CR.1.2 OR CR.1.3 OR CR.2 OR CS.1 OR CT.1 OR CU.1 OR CV.1 OR CV.2 OR CW.1 OR CY.1 OR CZ.1 OR DA.1 OR DB.1 OR DB.2 OR DC.1 OR DD.1 OR DE.1 OR DE.2 OR DF.1 OR DF.1.1 OR DG.1 OR DH.1 OR DJ.1 OR DJ.1.1 OR DJ.1.2 OR DJ.1.3 OR DK.1 OR DL.1 OR DM.1 OR DN.1 OR DN.1.1 OR DP.1 OR DQ.1 OR DR.1 OR DS.1 OR DT.1 OR DU.1 OR DV.1,Omicron,2.71428571428571,2.28571428571429,0.842105263157895
2022-03-07,7,4,3,2,0.666666666666667,0.176736097131257,0.961252382214835,B.1.1.529 OR BA.1 OR BA.1.1 OR BA.1.1.1 OR BA.1.1.2 OR BA.1.1.3 OR BA.1.1.4 OR BA.1.1.5 OR BA.1.1.6 OR BA.1.1.7 OR BA.1.1.8 OR BA.1.1.9 OR BA.1.1.10 OR BA.1.1.11 OR BA.1.1.12 OR BA.1.1.13 OR BA.1.1.14 OR BA.1.1.15 OR BA.1.1.16 OR BA.1.1.17 OR BA.1.1.18 OR BA.1.2 OR BA.1.3 OR BA.1.4 OR BA.1.5 OR BA.1.6 OR BA.1.7 OR BA.1.8 OR BA.1.9 OR BA.1.10 OR BA.1.12 OR BA.1.13 OR BA.1.13.1 OR BA.1.14 OR BA.1.14.1 OR BA.1.14.2 OR BA.1.15 OR BA.1.15.1 OR BA.1.15.2 OR BA.1.15.3 OR BA.1.16 OR BA.1.16.1 OR BA.1.16.2 OR BA.1.17 OR BA.1.17.1 OR BA.1.17.2 OR BA.1.18 OR BA.1.19 OR BA.1.20 OR BA.1.21 OR BA.1.21.1 OR BA.1.22 OR BA.1.23 OR BA.1.24 OR BA.2 OR BA.2.1 OR BA.2.2 OR BA.2.2.1 OR BA.2.3 OR BA.2.3.1 OR BA.2.3.2 OR BA.2.3.4 OR BA.2.3.5 OR BA.2.3.6 OR BA.2.3.7 OR BA.2.3.8 OR BA.2.3.9 OR BA.2.3.10 OR BA.2.3.11 OR BA.2.3.12 OR BA.2.3.13 OR BA.2.3.14 OR BA.2.3.15 OR BA.2.3.16 OR BA.2.3.17 OR BA.2.3.18 OR BA.2.3.19 OR BA.2.3.20 OR BA.2.3.21 OR BA.2.3.22 OR BA.2.4 OR BA.2.5 OR BA.2.6 OR BA.2.7 OR BA.2.8 OR BA.2.9 OR BA.2.9.1 OR BA.2.9.2 OR BA.2.9.3 OR BA.2.9.4 OR BA.2.9.5 OR BA.2.9.6 OR BA.2.9.7 OR BA.2.10 OR BA.2.10.1 OR BA.2.10.2 OR BA.2.10.3 OR BA.2.10.4 OR BA.2.11 OR BA.2.12 OR BA.2.12.1 OR BA.2.12.2 OR BA.2.13 OR BA.2.13.1 OR BA.2.14 OR BA.2.15 OR BA.2.16 OR BA.2.17 OR BA.2.18 OR BA.2.19 OR BA.2.20 OR BA.2.21 OR BA.2.22 OR BA.2.23 OR BA.2.23.1 OR BA.2.24 OR BA.2.25 OR BA.2.25.1 OR BA.2.26 OR BA.2.27 OR BA.2.28 OR BA.2.29 OR BA.2.30 OR BA.2.31 OR BA.2.31.1 OR BA.2.32 OR BA.2.33 OR BA.2.34 OR BA.2.35 OR BA.2.36 OR BA.2.37 OR BA.2.38 OR BA.2.38.1 OR BA.2.38.2 OR BA.2.38.3 OR BA.2.38.4 OR BA.2.39 OR BA.2.40 OR BA.2.40.1 OR BA.2.41 OR BA.2.42 OR BA.2.43 OR BA.2.44 OR BA.2.45 OR BA.2.46 OR BA.2.47 OR BA.2.48 OR BA.2.49 OR BA.2.50 OR BA.2.51 OR BA.2.52 OR BA.2.53 OR BA.2.54 OR BA.2.55 OR BA.2.56 OR BA.2.56.1 OR BA.2.57 OR BA.2.58 OR BA.2.59 OR BA.2.60 OR BA.2.61 OR BA.2.62 OR BA.2.63 OR BA.2.64 OR BA.2.65 OR BA.2.66 OR BA.2.67 OR BA.2.68 OR BA.2.69 OR BA.2.70 OR BA.2.71 OR BA.2.72 OR BA.2.73 OR BA.2.74 OR BA.2.75 OR BA.2.75.1 OR BA.2.75.2 OR BA.2.75.3 OR BA.2.75.4 OR BA.2.75.5 OR BA.2.75.6 OR BA.2.75.7 OR BA.2.75.8 OR BA.2.75.9 OR BA.2.75.10 OR BA.2.76 OR BA.2.76.1 OR BA.2.76.2 OR BA.2.77 OR BA.2.78 OR BA.2.79 OR BA.2.79.1 OR BA.2.80 OR BA.2.81 OR BA.2.82 OR BA.2.83 OR BA.2.85 OR BA.3 OR BA.3.1 OR BA.4 OR BA.4.1 OR BA.4.1.1 OR BA.4.1.2 OR BA.4.1.3 OR BA.4.1.4 OR BA.4.1.5 OR BA.4.1.6 OR BA.4.1.7 OR BA.4.1.8 OR BA.4.1.9 OR BA.4.1.10 OR BA.4.2 OR BA.4.3 OR BA.4.4 OR BA.4.5 OR BA.4.6 OR BA.4.6.1 OR BA.4.6.2 OR BA.4.6.3 OR BA.4.6.4 OR BA.4.6.5 OR BA.4.7 OR BA.4.8 OR BA.5 OR BA.5.1 OR BA.5.1.1 OR BA.5.1.2 OR BA.5.1.3 OR BA.5.1.4 OR BA.5.1.5 OR BA.5.1.6 OR BA.5.1.7 OR BA.5.1.8 OR BA.5.1.9 OR BA.5.1.10 OR BA.5.1.11 OR BA.5.1.12 OR BA.5.1.14 OR BA.5.1.15 OR BA.5.1.16 OR BA.5.1.17 OR BA.5.1.18 OR BA.5.1.19 OR BA.5.1.20 OR BA.5.1.21 OR BA.5.1.22 OR BA.5.1.23 OR BA.5.1.24 OR BA.5.1.25 OR BA.5.1.26 OR BA.5.1.27 OR BA.5.1.28 OR BA.5.1.29 OR BA.5.1.30 OR BA.5.1.31 OR BA.5.1.32 OR BA.5.2 OR BA.5.2.1 OR BA.5.2.2 OR BA.5.2.3 OR BA.5.2.4 OR BA.5.2.5 OR BA.5.2.6 OR BA.5.2.7 OR BA.5.2.8 OR BA.5.2.9 OR BA.5.2.10 OR BA.5.2.11 OR BA.5.2.12 OR BA.5.2.13 OR BA.5.2.14 OR BA.5.2.16 OR BA.5.2.18 OR BA.5.2.19 OR BA.5.2.20 OR BA.5.2.21 OR BA.5.2.22 OR BA.5.2.23 OR BA.5.2.24 OR BA.5.2.25 OR BA.5.2.26 OR BA.5.2.27 OR BA.5.2.28 OR BA.5.2.29 OR BA.5.2.30 OR BA.5.2.31 OR BA.5.2.32 OR BA.5.2.33 OR BA.5.2.34 OR BA.5.2.35 OR BA.5.2.36 OR BA.5.2.37 OR BA.5.2.38 OR BA.5.2.39 OR BA.5.2.40 OR BA.5.2.41 OR BA.5.2.42 OR BA.5.2.43 OR BA.5.2.44 OR BA.5.2.45 OR BA.5.2.46 OR BA.5.2.47 OR BA.5.2.48 OR BA.5.2.49 OR BA.5.3 OR BA.5.3.1 OR BA.5.3.2 OR BA.5.3.3 OR BA.5.3.4 OR BA.5.3.5 OR BA.5.5 OR BA.5.5.1 OR BA.5.5.2 OR BA.5.5.3 OR BA.5.6 OR BA.5.6.1 OR BA.5.6.2 OR BA.5.6.3 OR BA.5.6.4 OR BA.5.7 OR BA.5.8 OR BA.5.9 OR BA.5.10 OR BA.5.10.1 OR BA.5.11 OR BC.1 OR BC.2 OR BD.1 OR BE.1 OR BE.1.1 OR BE.1.1.1 OR BE.1.1.2 OR BE.1.2 OR BE.1.2.1 OR BE.1.3 OR BE.1.4 OR BE.1.4.1 OR BE.1.4.2 OR BE.1.4.3 OR BE.1.4.4 OR BE.2 OR BE.3 OR BE.4 OR BE.4.1 OR BE.4.1.1 OR BE.4.2 OR BE.5 OR BE.6 OR BE.7 OR BE.8 OR BE.9 OR BE.10 OR BF.1 OR BF.1.1 OR BF.2 OR BF.3 OR BF.3.1 OR BF.4 OR BF.5 OR BF.5.1 OR BF.5.2 OR BF.6 OR BF.7 OR BF.7.1 OR BF.7.2 OR BF.7.3 OR BF.7.4 OR BF.7.4.1 OR BF.7.4.2 OR BF.7.5 OR BF.7.5.1 OR BF.7.6 OR BF.7.7 OR BF.7.8 OR BF.7.9 OR BF.7.10 OR BF.7.11 OR BF.7.12 OR BF.7.13 OR BF.7.13.1 OR BF.7.13.2 OR BF.7.14 OR BF.7.15 OR BF.8 OR BF.9 OR BF.10 OR BF.10.1 OR BF.11 OR BF.11.1 OR BF.11.2 OR BF.11.3 OR BF.11.4 OR BF.11.5 OR BF.12 OR BF.13 OR BF.14 OR BF.15 OR BF.16 OR BF.17 OR BF.18 OR BF.19 OR BF.20 OR BF.21 OR BF.22 OR BF.23 OR BF.24 OR BF.25 OR BF.26 OR BF.27 OR BF.28 OR BF.29 OR BF.30 OR BF.31 OR BF.31.1 OR BF.32 OR BF.33 OR BF.34 OR BG.1 OR BG.2 OR BG.3 OR BG.4 OR BG.5 OR BG.6 OR BG.7 OR BH.1 OR BJ.1 OR BK.1 OR BL.1 OR BL.1.1 OR BL.1.2 OR BL.1.3 OR BL.1.4 OR BL.2 OR BL.2.1 OR BL.3 OR BL.4 OR BL.5 OR BL.6 OR BM.1 OR BM.1.1 OR BM.1.1.1 OR BM.1.1.2 OR BM.1.1.3 OR BM.1.1.4 OR BM.1.1.5 OR BM.2 OR BM.2.1 OR BM.2.2 OR BM.2.3 OR BM.3 OR BM.4 OR BM.4.1 OR BM.4.1.1 OR BM.5 OR BM.6 OR BN.1 OR BN.1.1 OR BN.1.1.1 OR BN.1.2 OR BN.1.2.1 OR BN.1.3 OR BN.1.3.1 OR BN.1.3.2 OR BN.1.3.3 OR BN.1.3.4 OR BN.1.4 OR BN.1.4.1 OR BN.1.5 OR BN.1.5.1 OR BN.1.6 OR BN.1.7 OR BN.1.8 OR BN.1.9 OR BN.2 OR BN.2.1 OR BN.3 OR BN.3.1 OR BN.4 OR BN.5 OR BN.6 OR BP.1 OR BQ.1 OR BQ.1.1 OR BQ.1.1.1 OR BQ.1.1.2 OR BQ.1.1.3 OR BQ.1.1.4 OR BQ.1.1.5 OR BQ.1.1.6 OR BQ.1.1.7 OR BQ.1.1.8 OR BQ.1.1.9 OR BQ.1.1.10 OR BQ.1.1.11 OR BQ.1.1.12 OR BQ.1.1.13 OR BQ.1.1.14 OR BQ.1.1.15 OR BQ.1.1.16 OR BQ.1.1.17 OR BQ.1.1.18 OR BQ.1.1.19 OR BQ.1.1.20 OR BQ.1.1.21 OR BQ.1.1.22 OR BQ.1.1.23 OR BQ.1.1.24 OR BQ.1.1.25 OR BQ.1.1.26 OR BQ.1.1.27 OR BQ.1.1.28 OR BQ.1.1.29 OR BQ.1.1.30 OR BQ.1.1.31 OR BQ.1.1.32 OR BQ.1.1.34 OR BQ.1.1.35 OR BQ.1.1.36 OR BQ.1.2 OR BQ.1.3 OR BQ.1.4 OR BQ.1.5 OR BQ.1.6 OR BQ.1.7 OR BQ.1.8 OR BQ.1.8.1 OR BQ.1.8.2 OR BQ.1.9 OR BQ.1.10 OR BQ.1.10.1 OR BQ.1.11 OR BQ.1.12 OR BQ.1.13 OR BQ.1.13.1 OR BQ.1.14 OR BQ.1.15 OR BQ.1.16 OR BQ.1.17 OR BQ.1.18 OR BQ.1.19 OR BQ.1.20 OR BQ.1.21 OR BQ.1.22 OR BQ.1.23 OR BQ.1.24 OR BQ.1.25 OR BQ.1.25.1 OR BQ.1.26 OR BQ.1.26.1 OR BQ.1.27 OR BQ.1.28 OR BQ.2 OR BR.1 OR BR.1.1 OR BR.1.2 OR BR.2 OR BR.2.1 OR BR.3 OR BR.4 OR BS.1 OR BS.1.1 OR BS.1.2 OR BT.1 OR BT.2 OR BU.1 OR BU.2 OR BU.3 OR BV.1 OR BV.2 OR BW.1 OR BW.1.1 OR BY.1 OR BY.1.1 OR BY.1.1.1 OR BY.1.2 OR BY.1.2.1 OR BZ.1 OR CA.1 OR CA.2 OR CA.3 OR CA.3.1 OR CA.4 OR CA.5 OR CA.6 OR CA.7 OR CB.1 OR CC.1 OR CD.1 OR CD.2 OR CE.1 OR CF.1 OR CG.1 OR CH.1 OR CH.1.1 OR CH.1.1.1 OR CH.1.1.2 OR CH.1.1.3 OR CH.1.1.4 OR CH.1.1.5 OR CH.2 OR CH.3 OR CH.3.1 OR CJ.1 OR CJ.1.1 OR CK.1 OR CK.1.1 OR CK.1.2 OR CK.2 OR CK.2.1 OR CK.2.1.1 OR CK.3 OR CL.1 OR CM.1 OR CM.2 OR CM.2.1 OR CM.3 OR CM.4 OR CM.4.1 OR CM.5 OR CM.5.1 OR CM.5.2 OR CM.6 OR CM.6.1 OR CM.7 OR CM.8 OR CM.8.1 OR CM.9 OR CM.10 OR CM.11 OR CM.12 OR CN.1 OR CN.2 OR CP.1 OR CP.1.1 OR CP.1.2 OR CP.1.3 OR CP.2 OR CP.3 OR CP.4 OR CP.5 OR CP.6 OR CQ.1 OR CQ.1.1 OR CQ.2 OR CR.1 OR CR.1.1 OR CR.1.2 OR CR.1.3 OR CR.2 OR CS.1 OR CT.1 OR CU.1 OR CV.1 OR CV.2 OR CW.1 OR CY.1 OR CZ.1 OR DA.1 OR DB.1 OR DB.2 OR DC.1 OR DD.1 OR DE.1 OR DE.2 OR DF.1 OR DF.1.1 OR DG.1 OR DH.1 OR DJ.1 OR DJ.1.1 OR DJ.1.2 OR DJ.1.3 OR DK.1 OR DL.1 OR DM.1 OR DN.1 OR DN.1.1 OR DP.1 OR DQ.1 OR DR.1 OR DS.1 OR DT.1 OR DU.1 OR DV.1,Omicron,3.14285714285714,2.5,0.795454545454546
2022-03-08,2,2,3,2,0.666666666666667,0.176736097131257,0.961252382214835,B.1.1.529 OR BA.1 OR BA.1.1 OR BA.1.1.1 OR BA.1.1.2 OR BA.1.1.3 OR BA.1.1.4 OR BA.1.1.5 OR BA.1.1.6 OR BA.1.1.7 OR BA.1.1.8 OR BA.1.1.9 OR BA.1.1.10 OR BA.1.1.11 OR BA.1.1.12 OR BA.1.1.13 OR BA.1.1.14 OR BA.1.1.15 OR BA.1.1.16 OR BA.1.1.17 OR BA.1.1.18 OR BA.1.2 OR BA.1.3 OR BA.1.4 OR BA.1.5 OR BA.1.6 OR BA.1.7 OR BA.1.8 OR BA.1.9 OR BA.1.10 OR BA.1.12 OR BA.1.13 OR BA.1.13.1 OR BA.1.14 OR BA.1.14.1 OR BA.1.14.2 OR BA.1.15 OR BA.1.15.1 OR BA.1.15.2 OR BA.1.15.3 OR BA.1.16 OR BA.1.16.1 OR BA.1.16.2 OR BA.1.17 OR BA.1.17.1 OR BA.1.17.2 OR BA.1.18 OR BA.1.19 OR BA.1.20 OR BA.1.21 OR BA.1.21.1 OR BA.1.22 OR BA.1.23 OR BA.1.24 OR BA.2 OR BA.2.1 OR BA.2.2 OR BA.2.2.1 OR BA.2.3 OR BA.2.3.1 OR BA.2.3.2 OR BA.2.3.4 OR BA.2.3.5 OR BA.2.3.6 OR BA.2.3.7 OR BA.2.3.8 OR BA.2.3.9 OR BA.2.3.10 OR BA.2.3.11 OR BA.2.3.12 OR BA.2.3.13 OR BA.2.3.14 OR BA.2.3.15 OR BA.2.3.16 OR BA.2.3.17 OR BA.2.3.18 OR BA.2.3.19 OR BA.2.3.20 OR BA.2.3.21 OR BA.2.3.22 OR BA.2.4 OR BA.2.5 OR BA.2.6 OR BA.2.7 OR BA.2.8 OR BA.2.9 OR BA.2.9.1 OR BA.2.9.2 OR BA.2.9.3 OR BA.2.9.4 OR BA.2.9.5 OR BA.2.9.6 OR BA.2.9.7 OR BA.2.10 OR BA.2.10.1 OR BA.2.10.2 OR BA.2.10.3 OR BA.2.10.4 OR BA.2.11 OR BA.2.12 OR BA.2.12.1 OR BA.2.12.2 OR BA.2.13 OR BA.2.13.1 OR BA.2.14 OR BA.2.15 OR BA.2.16 OR BA.2.17 OR BA.2.18 OR BA.2.19 OR BA.2.20 OR BA.2.21 OR BA.2.22 OR BA.2.23 OR BA.2.23.1 OR BA.2.24 OR BA.2.25 OR BA.2.25.1 OR BA.2.26 OR BA.2.27 OR BA.2.28 OR BA.2.29 OR BA.2.30 OR BA.2.31 OR BA.2.31.1 OR BA.2.32 OR BA.2.33 OR BA.2.34 OR BA.2.35 OR BA.2.36 OR BA.2.37 OR BA.2.38 OR BA.2.38.1 OR BA.2.38.2 OR BA.2.38.3 OR BA.2.38.4 OR BA.2.39 OR BA.2.40 OR BA.2.40.1 OR BA.2.41 OR BA.2.42 OR BA.2.43 OR BA.2.44 OR BA.2.45 OR BA.2.46 OR BA.2.47 OR BA.2.48 OR BA.2.49 OR BA.2.50 OR BA.2.51 OR BA.2.52 OR BA.2.53 OR BA.2.54 OR BA.2.55 OR BA.2.56 OR BA.2.56.1 OR BA.2.57 OR BA.2.58 OR BA.2.59 OR BA.2.60 OR BA.2.61 OR BA.2.62 OR BA.2.63 OR BA.2.64 OR BA.2.65 OR BA.2.66 OR BA.2.67 OR BA.2.68 OR BA.2.69 OR BA.2.70 OR BA.2.71 OR BA.2.72 OR BA.2.73 OR BA.2.74 OR BA.2.75 OR BA.2.75.1 OR BA.2.75.2 OR BA.2.75.3 OR BA.2.75.4 OR BA.2.75.5 OR BA.2.75.6 OR BA.2.75.7 OR BA.2.75.8 OR BA.2.75.9 OR BA.2.75.10 OR BA.2.76 OR BA.2.76.1 OR BA.2.76.2 OR BA.2.77 OR BA.2.78 OR BA.2.79 OR BA.2.79.1 OR BA.2.80 OR BA.2.81 OR BA.2.82 OR BA.2.83 OR BA.2.85 OR BA.3 OR BA.3.1 OR BA.4 OR BA.4.1 OR BA.4.1.1 OR BA.4.1.2 OR BA.4.1.3 OR BA.4.1.4 OR BA.4.1.5 OR BA.4.1.6 OR BA.4.1.7 OR BA.4.1.8 OR BA.4.1.9 OR BA.4.1.10 OR BA.4.2 OR BA.4.3 OR BA.4.4 OR BA.4.5 OR BA.4.6 OR BA.4.6.1 OR BA.4.6.2 OR BA.4.6.3 OR BA.4.6.4 OR BA.4.6.5 OR BA.4.7 OR BA.4.8 OR BA.5 OR BA.5.1 OR BA.5.1.1 OR BA.5.1.2 OR BA.5.1.3 OR BA.5.1.4 OR BA.5.1.5 OR BA.5.1.6 OR BA.5.1.7 OR BA.5.1.8 OR BA.5.1.9 OR BA.5.1.10 OR BA.5.1.11 OR BA.5.1.12 OR BA.5.1.14 OR BA.5.1.15 OR BA.5.1.16 OR BA.5.1.17 OR BA.5.1.18 OR BA.5.1.19 OR BA.5.1.20 OR BA.5.1.21 OR BA.5.1.22 OR BA.5.1.23 OR BA.5.1.24 OR BA.5.1.25 OR BA.5.1.26 OR BA.5.1.27 OR BA.5.1.28 OR BA.5.1.29 OR BA.5.1.30 OR BA.5.1.31 OR BA.5.1.32 OR BA.5.2 OR BA.5.2.1 OR BA.5.2.2 OR BA.5.2.3 OR BA.5.2.4 OR BA.5.2.5 OR BA.5.2.6 OR BA.5.2.7 OR BA.5.2.8 OR BA.5.2.9 OR BA.5.2.10 OR BA.5.2.11 OR BA.5.2.12 OR BA.5.2.13 OR BA.5.2.14 OR BA.5.2.16 OR BA.5.2.18 OR BA.5.2.19 OR BA.5.2.20 OR BA.5.2.21 OR BA.5.2.22 OR BA.5.2.23 OR BA.5.2.24 OR BA.5.2.25 OR BA.5.2.26 OR BA.5.2.27 OR BA.5.2.28 OR BA.5.2.29 OR BA.5.2.30 OR BA.5.2.31 OR BA.5.2.32 OR BA.5.2.33 OR BA.5.2.34 OR BA.5.2.35 OR BA.5.2.36 OR BA.5.2.37 OR BA.5.2.38 OR BA.5.2.39 OR BA.5.2.40 OR BA.5.2.41 OR BA.5.2.42 OR BA.5.2.43 OR BA.5.2.44 OR BA.5.2.45 OR BA.5.2.46 OR BA.5.2.47 OR BA.5.2.48 OR BA.5.2.49 OR BA.5.3 OR BA.5.3.1 OR BA.5.3.2 OR BA.5.3.3 OR BA.5.3.4 OR BA.5.3.5 OR BA.5.5 OR BA.5.5.1 OR BA.5.5.2 OR BA.5.5.3 OR BA.5.6 OR BA.5.6.1 OR BA.5.6.2 OR BA.5.6.3 OR BA.5.6.4 OR BA.5.7 OR BA.5.8 OR BA.5.9 OR BA.5.10 OR BA.5.10.1 OR BA.5.11 OR BC.1 OR BC.2 OR BD.1 OR BE.1 OR BE.1.1 OR BE.1.1.1 OR BE.1.1.2 OR BE.1.2 OR BE.1.2.1 OR BE.1.3 OR BE.1.4 OR BE.1.4.1 OR BE.1.4.2 OR BE.1.4.3 OR BE.1.4.4 OR BE.2 OR BE.3 OR BE.4 OR BE.4.1 OR BE.4.1.1 OR BE.4.2 OR BE.5 OR BE.6 OR BE.7 OR BE.8 OR BE.9 OR BE.10 OR BF.1 OR BF.1.1 OR BF.2 OR BF.3 OR BF.3.1 OR BF.4 OR BF.5 OR BF.5.1 OR BF.5.2 OR BF.6 OR BF.7 OR BF.7.1 OR BF.7.2 OR BF.7.3 OR BF.7.4 OR BF.7.4.1 OR BF.7.4.2 OR BF.7.5 OR BF.7.5.1 OR BF.7.6 OR BF.7.7 OR BF.7.8 OR BF.7.9 OR BF.7.10 OR BF.7.11 OR BF.7.12 OR BF.7.13 OR BF.7.13.1 OR BF.7.13.2 OR BF.7.14 OR BF.7.15 OR BF.8 OR BF.9 OR BF.10 OR BF.10.1 OR BF.11 OR BF.11.1 OR BF.11.2 OR BF.11.3 OR BF.11.4 OR BF.11.5 OR BF.12 OR BF.13 OR BF.14 OR BF.15 OR BF.16 OR BF.17 OR BF.18 OR BF.19 OR BF.20 OR BF.21 OR BF.22 OR BF.23 OR BF.24 OR BF.25 OR BF.26 OR BF.27 OR BF.28 OR BF.29 OR BF.30 OR BF.31 OR BF.31.1 OR BF.32 OR BF.33 OR BF.34 OR BG.1 OR BG.2 OR BG.3 OR BG.4 OR BG.5 OR BG.6 OR BG.7 OR BH.1 OR BJ.1 OR BK.1 OR BL.1 OR BL.1.1 OR BL.1.2 OR BL.1.3 OR BL.1.4 OR BL.2 OR BL.2.1 OR BL.3 OR BL.4 OR BL.5 OR BL.6 OR BM.1 OR BM.1.1 OR BM.1.1.1 OR BM.1.1.2 OR BM.1.1.3 OR BM.1.1.4 OR BM.1.1.5 OR BM.2 OR BM.2.1 OR BM.2.2 OR BM.2.3 OR BM.3 OR BM.4 OR BM.4.1 OR BM.4.1.1 OR BM.5 OR BM.6 OR BN.1 OR BN.1.1 OR BN.1.1.1 OR BN.1.2 OR BN.1.2.1 OR BN.1.3 OR BN.1.3.1 OR BN.1.3.2 OR BN.1.3.3 OR BN.1.3.4 OR BN.1.4 OR BN.1.4.1 OR BN.1.5 OR BN.1.5.1 OR BN.1.6 OR BN.1.7 OR BN.1.8 OR BN.1.9 OR BN.2 OR BN.2.1 OR BN.3 OR BN.3.1 OR BN.4 OR BN.5 OR BN.6 OR BP.1 OR BQ.1 OR BQ.1.1 OR BQ.1.1.1 OR BQ.1.1.2 OR BQ.1.1.3 OR BQ.1.1.4 OR BQ.1.1.5 OR BQ.1.1.6 OR BQ.1.1.7 OR BQ.1.1.8 OR BQ.1.1.9 OR BQ.1.1.10 OR BQ.1.1.11 OR BQ.1.1.12 OR BQ.1.1.13 OR BQ.1.1.14 OR BQ.1.1.15 OR BQ.1.1.16 OR BQ.1.1.17 OR BQ.1.1.18 OR BQ.1.1.19 OR BQ.1.1.20 OR BQ.1.1.21 OR BQ.1.1.22 OR BQ.1.1.23 OR BQ.1.1.24 OR BQ.1.1.25 OR BQ.1.1.26 OR BQ.1.1.27 OR BQ.1.1.28 OR BQ.1.1.29 OR BQ.1.1.30 OR BQ.1.1.31 OR BQ.1.1.32 OR BQ.1.1.34 OR BQ.1.1.35 OR BQ.1.1.36 OR BQ.1.2 OR BQ.1.3 OR BQ.1.4 OR BQ.1.5 OR BQ.1.6 OR BQ.1.7 OR BQ.1.8 OR BQ.1.8.1 OR BQ.1.8.2 OR BQ.1.9 OR BQ.1.10 OR BQ.1.10.1 OR BQ.1.11 OR BQ.1.12 OR BQ.1.13 OR BQ.1.13.1 OR BQ.1.14 OR BQ.1.15 OR BQ.1.16 OR BQ.1.17 OR BQ.1.18 OR BQ.1.19 OR BQ.1.20 OR BQ.1.21 OR BQ.1.22 OR BQ.1.23 OR BQ.1.24 OR BQ.1.25 OR BQ.1.25.1 OR BQ.1.26 OR BQ.1.26.1 OR BQ.1.27 OR BQ.1.28 OR BQ.2 OR BR.1 OR BR.1.1 OR BR.1.2 OR BR.2 OR BR.2.1 OR BR.3 OR BR.4 OR BS.1 OR BS.1.1 OR BS.1.2 OR BT.1 OR BT.2 OR BU.1 OR BU.2 OR BU.3 OR BV.1 OR BV.2 OR BW.1 OR BW.1.1 OR BY.1 OR BY.1.1 OR BY.1.1.1 OR BY.1.2 OR BY.1.2.1 OR BZ.1 OR CA.1 OR CA.2 OR CA.3 OR CA.3.1 OR CA.4 OR CA.5 OR CA.6 OR CA.7 OR CB.1 OR CC.1 OR CD.1 OR CD.2 OR CE.1 OR CF.1 OR CG.1 OR CH.1 OR CH.1.1 OR CH.1.1.1 OR CH.1.1.2 OR CH.1.1.3 OR CH.1.1.4 OR CH.1.1.5 OR CH.2 OR CH.3 OR CH.3.1 OR CJ.1 OR CJ.1.1 OR CK.1 OR CK.1.1 OR CK.1.2 OR CK.2 OR CK.2.1 OR CK.2.1.1 OR CK.3 OR CL.1 OR CM.1 OR CM.2 OR CM.2.1 OR CM.3 OR CM.4 OR CM.4.1 OR CM.5 OR CM.5.1 OR CM.5.2 OR CM.6 OR CM.6.1 OR CM.7 OR CM.8 OR CM.8.1 OR CM.9 OR CM.10 OR CM.11 OR CM.12 OR CN.1 OR CN.2 OR CP.1 OR CP.1.1 OR CP.1.2 OR CP.1.3 OR CP.2 OR CP.3 OR CP.4 OR CP.5 OR CP.6 OR CQ.1 OR CQ.1.1 OR CQ.2 OR CR.1 OR CR.1.1 OR CR.1.2 OR CR.1.3 OR CR.2 OR CS.1 OR CT.1 OR CU.1 OR CV.1 OR CV.2 OR CW.1 OR CY.1 OR CZ.1 OR DA.1 OR DB.1 OR DB.2 OR DC.1 OR DD.1 OR DE.1 OR DE.2 OR DF.1 OR DF.1.1 OR DG.1 OR DH.1 OR DJ.1 OR DJ.1.1 OR DJ.1.2 OR DJ.1.3 OR DK.1 OR DL.1 OR DM.1 OR DN.1 OR DN.1.1 OR DP.1 OR DQ.1 OR DR.1 OR DS.1 OR DT.1 OR DU.1 OR DV.1,Omicron,3.07142857142857,2.42857142857143,0.790697674418605
2022-03-09,4,4,3,2,0.666666666666667,0.176736097131257,0.961252382214835,B.1.1.529 OR BA.1 OR BA.1.1 OR BA.1.1.1 OR BA.1.1.2 OR BA.1.1.3 OR BA.1.1.4 OR BA.1.1.5 OR BA.1.1.6 OR BA.1.1.7 OR BA.1.1.8 OR BA.1.1.9 OR BA.1.1.10 OR BA.1.1.11 OR BA.1.1.12 OR BA.1.1.13 OR BA.1.1.14 OR BA.1.1.15 OR BA.1.1.16 OR BA.1.1.17 OR BA.1.1.18 OR BA.1.2 OR BA.1.3 OR BA.1.4 OR BA.1.5 OR BA.1.6 OR BA.1.7 OR BA.1.8 OR BA.1.9 OR BA.1.10 OR BA.1.12 OR BA.1.13 OR BA.1.13.1 OR BA.1.14 OR BA.1.14.1 OR BA.1.14.2 OR BA.1.15 OR BA.1.15.1 OR BA.1.15.2 OR BA.1.15.3 OR BA.1.16 OR BA.1.16.1 OR BA.1.16.2 OR BA.1.17 OR BA.1.17.1 OR BA.1.17.2 OR BA.1.18 OR BA.1.19 OR BA.1.20 OR BA.1.21 OR BA.1.21.1 OR BA.1.22 OR BA.1.23 OR BA.1.24 OR BA.2 OR BA.2.1 OR BA.2.2 OR BA.2.2.1 OR BA.2.3 OR BA.2.3.1 OR BA.2.3.2 OR BA.2.3.4 OR BA.2.3.5 OR BA.2.3.6 OR BA.2.3.7 OR BA.2.3.8 OR BA.2.3.9 OR BA.2.3.10 OR BA.2.3.11 OR BA.2.3.12 OR BA.2.3.13 OR BA.2.3.14 OR BA.2.3.15 OR BA.2.3.16 OR BA.2.3.17 OR BA.2.3.18 OR BA.2.3.19 OR BA.2.3.20 OR BA.2.3.21 OR BA.2.3.22 OR BA.2.4 OR BA.2.5 OR BA.2.6 OR BA.2.7 OR BA.2.8 OR BA.2.9 OR BA.2.9.1 OR BA.2.9.2 OR BA.2.9.3 OR BA.2.9.4 OR BA.2.9.5 OR BA.2.9.6 OR BA.2.9.7 OR BA.2.10 OR BA.2.10.1 OR BA.2.10.2 OR BA.2.10.3 OR BA.2.10.4 OR BA.2.11 OR BA.2.12 OR BA.2.12.1 OR BA.2.12.2 OR BA.2.13 OR BA.2.13.1 OR BA.2.14 OR BA.2.15 OR BA.2.16 OR BA.2.17 OR BA.2.18 OR BA.2.19 OR BA.2.20 OR BA.2.21 OR BA.2.22 OR BA.2.23 OR BA.2.23.1 OR BA.2.24 OR BA.2.25 OR BA.2.25.1 OR BA.2.26 OR BA.2.27 OR BA.2.28 OR BA.2.29 OR BA.2.30 OR BA.2.31 OR BA.2.31.1 OR BA.2.32 OR BA.2.33 OR BA.2.34 OR BA.2.35 OR BA.2.36 OR BA.2.37 OR BA.2.38 OR BA.2.38.1 OR BA.2.38.2 OR BA.2.38.3 OR BA.2.38.4 OR BA.2.39 OR BA.2.40 OR BA.2.40.1 OR BA.2.41 OR BA.2.42 OR BA.2.43 OR BA.2.44 OR BA.2.45 OR BA.2.46 OR BA.2.47 OR BA.2.48 OR BA.2.49 OR BA.2.50 OR BA.2.51 OR BA.2.52 OR BA.2.53 OR BA.2.54 OR BA.2.55 OR BA.2.56 OR BA.2.56.1 OR BA.2.57 OR BA.2.58 OR BA.2.59 OR BA.2.60 OR BA.2.61 OR BA.2.62 OR BA.2.63 OR BA.2.64 OR BA.2.65 OR BA.2.66 OR BA.2.67 OR BA.2.68 OR BA.2.69 OR BA.2.70 OR BA.2.71 OR BA.2.72 OR BA.2.73 OR BA.2.74 OR BA.2.75 OR BA.2.75.1 OR BA.2.75.2 OR BA.2.75.3 OR BA.2.75.4 OR BA.2.75.5 OR BA.2.75.6 OR BA.2.75.7 OR BA.2.75.8 OR BA.2.75.9 OR BA.2.75.10 OR BA.2.76 OR BA.2.76.1 OR BA.2.76.2 OR BA.2.77 OR BA.2.78 OR BA.2.79 OR BA.2.79.1 OR BA.2.80 OR BA.2.81 OR BA.2.82 OR BA.2.83 OR BA.2.85 OR BA.3 OR BA.3.1 OR BA.4 OR BA.4.1 OR BA.4.1.1 OR BA.4.1.2 OR BA.4.1.3 OR BA.4.1.4 OR BA.4.1.5 OR BA.4.1.6 OR BA.4.1.7 OR BA.4.1.8 OR BA.4.1.9 OR BA.4.1.10 OR BA.4.2 OR BA.4.3 OR BA.4.4 OR BA.4.5 OR BA.4.6 OR BA.4.6.1 OR BA.4.6.2 OR BA.4.6.3 OR BA.4.6.4 OR BA.4.6.5 OR BA.4.7 OR BA.4.8 OR BA.5 OR BA.5.1 OR BA.5.1.1 OR BA.5.1.2 OR BA.5.1.3 OR BA.5.1.4 OR BA.5.1.5 OR BA.5.1.6 OR BA.5.1.7 OR BA.5.1.8 OR BA.5.1.9 OR BA.5.1.10 OR BA.5.1.11 OR BA.5.1.12 OR BA.5.1.14 OR BA.5.1.15 OR BA.5.1.16 OR BA.5.1.17 OR BA.5.1.18 OR BA.5.1.19 OR BA.5.1.20 OR BA.5.1.21 OR BA.5.1.22 OR BA.5.1.23 OR BA.5.1.24 OR BA.5.1.25 OR BA.5.1.26 OR BA.5.1.27 OR BA.5.1.28 OR BA.5.1.29 OR BA.5.1.30 OR BA.5.1.31 OR BA.5.1.32 OR BA.5.2 OR BA.5.2.1 OR BA.5.2.2 OR BA.5.2.3 OR BA.5.2.4 OR BA.5.2.5 OR BA.5.2.6 OR BA.5.2.7 OR BA.5.2.8 OR BA.5.2.9 OR BA.5.2.10 OR BA.5.2.11 OR BA.5.2.12 OR BA.5.2.13 OR BA.5.2.14 OR BA.5.2.16 OR BA.5.2.18 OR BA.5.2.19 OR BA.5.2.20 OR BA.5.2.21 OR BA.5.2.22 OR BA.5.2.23 OR BA.5.2.24 OR BA.5.2.25 OR BA.5.2.26 OR BA.5.2.27 OR BA.5.2.28 OR BA.5.2.29 OR BA.5.2.30 OR BA.5.2.31 OR BA.5.2.32 OR BA.5.2.33 OR BA.5.2.34 OR BA.5.2.35 OR BA.5.2.36 OR BA.5.2.37 OR BA.5.2.38 OR BA.5.2.39 OR BA.5.2.40 OR BA.5.2.41 OR BA.5.2.42 OR BA.5.2.43 OR BA.5.2.44 OR BA.5.2.45 OR BA.5.2.46 OR BA.5.2.47 OR BA.5.2.48 OR BA.5.2.49 OR BA.5.3 OR BA.5.3.1 OR BA.5.3.2 OR BA.5.3.3 OR BA.5.3.4 OR BA.5.3.5 OR BA.5.5 OR BA.5.5.1 OR BA.5.5.2 OR BA.5.5.3 OR BA.5.6 OR BA.5.6.1 OR BA.5.6.2 OR BA.5.6.3 OR BA.5.6.4 OR BA.5.7 OR BA.5.8 OR BA.5.9 OR BA.5.10 OR BA.5.10.1 OR BA.5.11 OR BC.1 OR BC.2 OR BD.1 OR BE.1 OR BE.1.1 OR BE.1.1.1 OR BE.1.1.2 OR BE.1.2 OR BE.1.2.1 OR BE.1.3 OR BE.1.4 OR BE.1.4.1 OR BE.1.4.2 OR BE.1.4.3 OR BE.1.4.4 OR BE.2 OR BE.3 OR BE.4 OR BE.4.1 OR BE.4.1.1 OR BE.4.2 OR BE.5 OR BE.6 OR BE.7 OR BE.8 OR BE.9 OR BE.10 OR BF.1 OR BF.1.1 OR BF.2 OR BF.3 OR BF.3.1 OR BF.4 OR BF.5 OR BF.5.1 OR BF.5.2 OR BF.6 OR BF.7 OR BF.7.1 OR BF.7.2 OR BF.7.3 OR BF.7.4 OR BF.7.4.1 OR BF.7.4.2 OR BF.7.5 OR BF.7.5.1 OR BF.7.6 OR BF.7.7 OR BF.7.8 OR BF.7.9 OR BF.7.10 OR BF.7.11 OR BF.7.12 OR BF.7.13 OR BF.7.13.1 OR BF.7.13.2 OR BF.7.14 OR BF.7.15 OR BF.8 OR BF.9 OR BF.10 OR BF.10.1 OR BF.11 OR BF.11.1 OR BF.11.2 OR BF.11.3 OR BF.11.4 OR BF.11.5 OR BF.12 OR BF.13 OR BF.14 OR BF.15 OR BF.16 OR BF.17 OR BF.18 OR BF.19 OR BF.20 OR BF.21 OR BF.22 OR BF.23 OR BF.24 OR BF.25 OR BF.26 OR BF.27 OR BF.28 OR BF.29 OR BF.30 OR BF.31 OR BF.31.1 OR BF.32 OR BF.33 OR BF.34 OR BG.1 OR BG.2 OR BG.3 OR BG.4 OR BG.5 OR BG.6 OR BG.7 OR BH.1 OR BJ.1 OR BK.1 OR BL.1 OR BL.1.1 OR BL.1.2 OR BL.1.3 OR BL.1.4 OR BL.2 OR BL.2.1 OR BL.3 OR BL.4 OR BL.5 OR BL.6 OR BM.1 OR BM.1.1 OR BM.1.1.1 OR BM.1.1.2 OR BM.1.1.3 OR BM.1.1.4 OR BM.1.1.5 OR BM.2 OR BM.2.1 OR BM.2.2 OR BM.2.3 OR BM.3 OR BM.4 OR BM.4.1 OR BM.4.1.1 OR BM.5 OR BM.6 OR BN.1 OR BN.1.1 OR BN.1.1.1 OR BN.1.2 OR BN.1.2.1 OR BN.1.3 OR BN.1.3.1 OR BN.1.3.2 OR BN.1.3.3 OR BN.1.3.4 OR BN.1.4 OR BN.1.4.1 OR BN.1.5 OR BN.1.5.1 OR BN.1.6 OR BN.1.7 OR BN.1.8 OR BN.1.9 OR BN.2 OR BN.2.1 OR BN.3 OR BN.3.1 OR BN.4 OR BN.5 OR BN.6 OR BP.1 OR BQ.1 OR BQ.1.1 OR BQ.1.1.1 OR BQ.1.1.2 OR BQ.1.1.3 OR BQ.1.1.4 OR BQ.1.1.5 OR BQ.1.1.6 OR BQ.1.1.7 OR BQ.1.1.8 OR BQ.1.1.9 OR BQ.1.1.10 OR BQ.1.1.11 OR BQ.1.1.12 OR BQ.1.1.13 OR BQ.1.1.14 OR BQ.1.1.15 OR BQ.1.1.16 OR BQ.1.1.17 OR BQ.1.1.18 OR BQ.1.1.19 OR BQ.1.1.20 OR BQ.1.1.21 OR BQ.1.1.22 OR BQ.1.1.23 OR BQ.1.1.24 OR BQ.1.1.25 OR BQ.1.1.26 OR BQ.1.1.27 OR BQ.1.1.28 OR BQ.1.1.29 OR BQ.1.1.30 OR BQ.1.1.31 OR BQ.1.1.32 OR BQ.1.1.34 OR BQ.1.1.35 OR BQ.1.1.36 OR BQ.1.2 OR BQ.1.3 OR BQ.1.4 OR BQ.1.5 OR BQ.1.6 OR BQ.1.7 OR BQ.1.8 OR BQ.1.8.1 OR BQ.1.8.2 OR BQ.1.9 OR BQ.1.10 OR BQ.1.10.1 OR BQ.1.11 OR BQ.1.12 OR BQ.1.13 OR BQ.1.13.1 OR BQ.1.14 OR BQ.1.15 OR BQ.1.16 OR BQ.1.17 OR BQ.1.18 OR BQ.1.19 OR BQ.1.20 OR BQ.1.21 OR BQ.1.22 OR BQ.1.23 OR BQ.1.24 OR BQ.1.25 OR BQ.1.25.1 OR BQ.1.26 OR BQ.1.26.1 OR BQ.1.27 OR BQ.1.28 OR BQ.2 OR BR.1 OR BR.1.1 OR BR.1.2 OR BR.2 OR BR.2.1 OR BR.3 OR BR.4 OR BS.1 OR BS.1.1 OR BS.1.2 OR BT.1 OR BT.2 OR BU.1 OR BU.2 OR BU.3 OR BV.1 OR BV.2 OR BW.1 OR BW.1.1 OR BY.1 OR BY.1.1 OR BY.1.1.1 OR BY.1.2 OR BY.1.2.1 OR BZ.1 OR CA.1 OR CA.2 OR CA.3 OR CA.3.1 OR CA.4 OR CA.5 OR CA.6 OR CA.7 OR CB.1 OR CC.1 OR CD.1 OR CD.2 OR CE.1 OR CF.1 OR CG.1 OR CH.1 OR CH.1.1 OR CH.1.1.1 OR CH.1.1.2 OR CH.1.1.3 OR CH.1.1.4 OR CH.1.1.5 OR CH.2 OR CH.3 OR CH.3.1 OR CJ.1 OR CJ.1.1 OR CK.1 OR CK.1.1 OR CK.1.2 OR CK.2 OR CK.2.1 OR CK.2.1.1 OR CK.3 OR CL.1 OR CM.1 OR CM.2 OR CM.2.1 OR CM.3 OR CM.4 OR CM.4.1 OR CM.5 OR CM.5.1 OR CM.5.2 OR CM.6 OR CM.6.1 OR CM.7 OR CM.8 OR CM.8.1 OR CM.9 OR CM.10 OR CM.11 OR CM.12 OR CN.1 OR CN.2 OR CP.1 OR CP.1.1 OR CP.1.2 OR CP.1.3 OR CP.2 OR CP.3 OR CP.4 OR CP.5 OR CP.6 OR CQ.1 OR CQ.1.1 OR CQ.2 OR CR.1 OR CR.1.1 OR CR.1.2 OR CR.1.3 OR CR.2 OR CS.1 OR CT.1 OR CU.1 OR CV.1 OR CV.2 OR CW.1 OR CY.1 OR CZ.1 OR DA.1 OR DB.1 OR DB.2 OR DC.1 OR DD.1 OR DE.1 OR DE.2 OR DF.1 OR DF.1.1 OR DG.1 OR DH.1 OR DJ.1 OR DJ.1.1 OR DJ.1.2 OR DJ.1.3 OR DK.1 OR DL.1 OR DM.1 OR DN.1 OR DN.1.1 OR DP.1 OR DQ.1 OR DR.1 OR DS.1 OR DT.1 OR DU.1 OR DV.1,Omicron,2.78571428571429,2.21428571428571,0.794871794871795
2022-03-10,8,7,3.85714285714286,2.71428571428571,0.703703703703704,0.283751679563413,0.971529104912853,B.1.1.529 OR BA.1 OR BA.1.1 OR BA.1.1.1 OR BA.1.1.2 OR BA.1.1.3 OR BA.1.1.4 OR BA.1.1.5 OR BA.1.1.6 OR BA.1.1.7 OR BA.1.1.8 OR BA.1.1.9 OR BA.1.1.10 OR BA.1.1.11 OR BA.1.1.12 OR BA.1.1.13 OR BA.1.1.14 OR BA.1.1.15 OR BA.1.1.16 OR BA.1.1.17 OR BA.1.1.18 OR BA.1.2 OR BA.1.3 OR BA.1.4 OR BA.1.5 OR BA.1.6 OR BA.1.7 OR BA.1.8 OR BA.1.9 OR BA.1.10 OR BA.1.12 OR BA.1.13 OR BA.1.13.1 OR BA.1.14 OR BA.1.14.1 OR BA.1.14.2 OR BA.1.15 OR BA.1.15.1 OR BA.1.15.2 OR BA.1.15.3 OR BA.1.16 OR BA.1.16.1 OR BA.1.16.2 OR BA.1.17 OR BA.1.17.1 OR BA.1.17.2 OR BA.1.18 OR BA.1.19 OR BA.1.20 OR BA.1.21 OR BA.1.21.1 OR BA.1.22 OR BA.1.23 OR BA.1.24 OR BA.2 OR BA.2.1 OR BA.2.2 OR BA.2.2.1 OR BA.2.3 OR BA.2.3.1 OR BA.2.3.2 OR BA.2.3.4 OR BA.2.3.5 OR BA.2.3.6 OR BA.2.3.7 OR BA.2.3.8 OR BA.2.3.9 OR BA.2.3.10 OR BA.2.3.11 OR BA.2.3.12 OR BA.2.3.13 OR BA.2.3.14 OR BA.2.3.15 OR BA.2.3.16 OR BA.2.3.17 OR BA.2.3.18 OR BA.2.3.19 OR BA.2.3.20 OR BA.2.3.21 OR BA.2.3.22 OR BA.2.4 OR BA.2.5 OR BA.2.6 OR BA.2.7 OR BA.2.8 OR BA.2.9 OR BA.2.9.1 OR BA.2.9.2 OR BA.2.9.3 OR BA.2.9.4 OR BA.2.9.5 OR BA.2.9.6 OR BA.2.9.7 OR BA.2.10 OR BA.2.10.1 OR BA.2.10.2 OR BA.2.10.3 OR BA.2.10.4 OR BA.2.11 OR BA.2.12 OR BA.2.12.1 OR BA.2.12.2 OR BA.2.13 OR BA.2.13.1 OR BA.2.14 OR BA.2.15 OR BA.2.16 OR BA.2.17 OR BA.2.18 OR BA.2.19 OR BA.2.20 OR BA.2.21 OR BA.2.22 OR BA.2.23 OR BA.2.23.1 OR BA.2.24 OR BA.2.25 OR BA.2.25.1 OR BA.2.26 OR BA.2.27 OR BA.2.28 OR BA.2.29 OR BA.2.30 OR BA.2.31 OR BA.2.31.1 OR BA.2.32 OR BA.2.33 OR BA.2.34 OR BA.2.35 OR BA.2.36 OR BA.2.37 OR BA.2.38 OR BA.2.38.1 OR BA.2.38.2 OR BA.2.38.3 OR BA.2.38.4 OR BA.2.39 OR BA.2.40 OR BA.2.40.1 OR BA.2.41 OR BA.2.42 OR BA.2.43 OR BA.2.44 OR BA.2.45 OR BA.2.46 OR BA.2.47 OR BA.2.48 OR BA.2.49 OR BA.2.50 OR BA.2.51 OR BA.2.52 OR BA.2.53 OR BA.2.54 OR BA.2.55 OR BA.2.56 OR BA.2.56.1 OR BA.2.57 OR BA.2.58 OR BA.2.59 OR BA.2.60 OR BA.2.61 OR BA.2.62 OR BA.2.63 OR BA.2.64 OR BA.2.65 OR BA.2.66 OR BA.2.67 OR BA.2.68 OR BA.2.69 OR BA.2.70 OR BA.2.71 OR BA.2.72 OR BA.2.73 OR BA.2.74 OR BA.2.75 OR BA.2.75.1 OR BA.2.75.2 OR BA.2.75.3 OR BA.2.75.4 OR BA.2.75.5 OR BA.2.75.6 OR BA.2.75.7 OR BA.2.75.8 OR BA.2.75.9 OR BA.2.75.10 OR BA.2.76 OR BA.2.76.1 OR BA.2.76.2 OR BA.2.77 OR BA.2.78 OR BA.2.79 OR BA.2.79.1 OR BA.2.80 OR BA.2.81 OR BA.2.82 OR BA.2.83 OR BA.2.85 OR BA.3 OR BA.3.1 OR BA.4 OR BA.4.1 OR BA.4.1.1 OR BA.4.1.2 OR BA.4.1.3 OR BA.4.1.4 OR BA.4.1.5 OR BA.4.1.6 OR BA.4.1.7 OR BA.4.1.8 OR BA.4.1.9 OR BA.4.1.10 OR BA.4.2 OR BA.4.3 OR BA.4.4 OR BA.4.5 OR BA.4.6 OR BA.4.6.1 OR BA.4.6.2 OR BA.4.6.3 OR BA.4.6.4 OR BA.4.6.5 OR BA.4.7 OR BA.4.8 OR BA.5 OR BA.5.1 OR BA.5.1.1 OR BA.5.1.2 OR BA.5.1.3 OR BA.5.1.4 OR BA.5.1.5 OR BA.5.1.6 OR BA.5.1.7 OR BA.5.1.8 OR BA.5.1.9 OR BA.5.1.10 OR BA.5.1.11 OR BA.5.1.12 OR BA.5.1.14 OR BA.5.1.15 OR BA.5.1.16 OR BA.5.1.17 OR BA.5.1.18 OR BA.5.1.19 OR BA.5.1.20 OR BA.5.1.21 OR BA.5.1.22 OR BA.5.1.23 OR BA.5.1.24 OR BA.5.1.25 OR BA.5.1.26 OR BA.5.1.27 OR BA.5.1.28 OR BA.5.1.29 OR BA.5.1.30 OR BA.5.1.31 OR BA.5.1.32 OR BA.5.2 OR BA.5.2.1 OR BA.5.2.2 OR BA.5.2.3 OR BA.5.2.4 OR BA.5.2.5 OR BA.5.2.6 OR BA.5.2.7 OR BA.5.2.8 OR BA.5.2.9 OR BA.5.2.10 OR BA.5.2.11 OR BA.5.2.12 OR BA.5.2.13 OR BA.5.2.14 OR BA.5.2.16 OR BA.5.2.18 OR BA.5.2.19 OR BA.5.2.20 OR BA.5.2.21 OR BA.5.2.22 OR BA.5.2.23 OR BA.5.2.24 OR BA.5.2.25 OR BA.5.2.26 OR BA.5.2.27 OR BA.5.2.28 OR BA.5.2.29 OR BA.5.2.30 OR BA.5.2.31 OR BA.5.2.32 OR BA.5.2.33 OR BA.5.2.34 OR BA.5.2.35 OR BA.5.2.36 OR BA.5.2.37 OR BA.5.2.38 OR BA.5.2.39 OR BA.5.2.40 OR BA.5.2.41 OR BA.5.2.42 OR BA.5.2.43 OR BA.5.2.44 OR BA.5.2.45 OR BA.5.2.46 OR BA.5.2.47 OR BA.5.2.48 OR BA.5.2.49 OR BA.5.3 OR BA.5.3.1 OR BA.5.3.2 OR BA.5.3.3 OR BA.5.3.4 OR BA.5.3.5 OR BA.5.5 OR BA.5.5.1 OR BA.5.5.2 OR BA.5.5.3 OR BA.5.6 OR BA.5.6.1 OR BA.5.6.2 OR BA.5.6.3 OR BA.5.6.4 OR BA.5.7 OR BA.5.8 OR BA.5.9 OR BA.5.10 OR BA.5.10.1 OR BA.5.11 OR BC.1 OR BC.2 OR BD.1 OR BE.1 OR BE.1.1 OR BE.1.1.1 OR BE.1.1.2 OR BE.1.2 OR BE.1.2.1 OR BE.1.3 OR BE.1.4 OR BE.1.4.1 OR BE.1.4.2 OR BE.1.4.3 OR BE.1.4.4 OR BE.2 OR BE.3 OR BE.4 OR BE.4.1 OR BE.4.1.1 OR BE.4.2 OR BE.5 OR BE.6 OR BE.7 OR BE.8 OR BE.9 OR BE.10 OR BF.1 OR BF.1.1 OR BF.2 OR BF.3 OR BF.3.1 OR BF.4 OR BF.5 OR BF.5.1 OR BF.5.2 OR BF.6 OR BF.7 OR BF.7.1 OR BF.7.2 OR BF.7.3 OR BF.7.4 OR BF.7.4.1 OR BF.7.4.2 OR BF.7.5 OR BF.7.5.1 OR BF.7.6 OR BF.7.7 OR BF.7.8 OR BF.7.9 OR BF.7.10 OR BF.7.11 OR BF.7.12 OR BF.7.13 OR BF.7.13.1 OR BF.7.13.2 OR BF.7.14 OR BF.7.15 OR BF.8 OR BF.9 OR BF.10 OR BF.10.1 OR BF.11 OR BF.11.1 OR BF.11.2 OR BF.11.3 OR BF.11.4 OR BF.11.5 OR BF.12 OR BF.13 OR BF.14 OR BF.15 OR BF.16 OR BF.17 OR BF.18 OR BF.19 OR BF.20 OR BF.21 OR BF.22 OR BF.23 OR BF.24 OR BF.25 OR BF.26 OR BF.27 OR BF.28 OR BF.29 OR BF.30 OR BF.31 OR BF.31.1 OR BF.32 OR BF.33 OR BF.34 OR BG.1 OR BG.2 OR BG.3 OR BG.4 OR BG.5 OR BG.6 OR BG.7 OR BH.1 OR BJ.1 OR BK.1 OR BL.1 OR BL.1.1 OR BL.1.2 OR BL.1.3 OR BL.1.4 OR BL.2 OR BL.2.1 OR BL.3 OR BL.4 OR BL.5 OR BL.6 OR BM.1 OR BM.1.1 OR BM.1.1.1 OR BM.1.1.2 OR BM.1.1.3 OR BM.1.1.4 OR BM.1.1.5 OR BM.2 OR BM.2.1 OR BM.2.2 OR BM.2.3 OR BM.3 OR BM.4 OR BM.4.1 OR BM.4.1.1 OR BM.5 OR BM.6 OR BN.1 OR BN.1.1 OR BN.1.1.1 OR BN.1.2 OR BN.1.2.1 OR BN.1.3 OR BN.1.3.1 OR BN.1.3.2 OR BN.1.3.3 OR BN.1.3.4 OR BN.1.4 OR BN.1.4.1 OR BN.1.5 OR BN.1.5.1 OR BN.1.6 OR BN.1.7 OR BN.1.8 OR BN.1.9 OR BN.2 OR BN.2.1 OR BN.3 OR BN.3.1 OR BN.4 OR BN.5 OR BN.6 OR BP.1 OR BQ.1 OR BQ.1.1 OR BQ.1.1.1 OR BQ.1.1.2 OR BQ.1.1.3 OR BQ.1.1.4 OR BQ.1.1.5 OR BQ.1.1.6 OR BQ.1.1.7 OR BQ.1.1.8 OR BQ.1.1.9 OR BQ.1.1.10 OR BQ.1.1.11 OR BQ.1.1.12 OR BQ.1.1.13 OR BQ.1.1.14 OR BQ.1.1.15 OR BQ.1.1.16 OR BQ.1.1.17 OR BQ.1.1.18 OR BQ.1.1.19 OR BQ.1.1.20 OR BQ.1.1.21 OR BQ.1.1.22 OR BQ.1.1.23 OR BQ.1.1.24 OR BQ.1.1.25 OR BQ.1.1.26 OR BQ.1.1.27 OR BQ.1.1.28 OR BQ.1.1.29 OR BQ.1.1.30 OR BQ.1.1.31 OR BQ.1.1.32 OR BQ.1.1.34 OR BQ.1.1.35 OR BQ.1.1.36 OR BQ.1.2 OR BQ.1.3 OR BQ.1.4 OR BQ.1.5 OR BQ.1.6 OR BQ.1.7 OR BQ.1.8 OR BQ.1.8.1 OR BQ.1.8.2 OR BQ.1.9 OR BQ.1.10 OR BQ.1.10.1 OR BQ.1.11 OR BQ.1.12 OR BQ.1.13 OR BQ.1.13.1 OR BQ.1.14 OR BQ.1.15 OR BQ.1.16 OR BQ.1.17 OR BQ.1.18 OR BQ.1.19 OR BQ.1.20 OR BQ.1.21 OR BQ.1.22 OR BQ.1.23 OR BQ.1.24 OR BQ.1.25 OR BQ.1.25.1 OR BQ.1.26 OR BQ.1.26.1 OR BQ.1.27 OR BQ.1.28 OR BQ.2 OR BR.1 OR BR.1.1 OR BR.1.2 OR BR.2 OR BR.2.1 OR BR.3 OR BR.4 OR BS.1 OR BS.1.1 OR BS.1.2 OR BT.1 OR BT.2 OR BU.1 OR BU.2 OR BU.3 OR BV.1 OR BV.2 OR BW.1 OR BW.1.1 OR BY.1 OR BY.1.1 OR BY.1.1.1 OR BY.1.2 OR BY.1.2.1 OR BZ.1 OR CA.1 OR CA.2 OR CA.3 OR CA.3.1 OR CA.4 OR CA.5 OR CA.6 OR CA.7 OR CB.1 OR CC.1 OR CD.1 OR CD.2 OR CE.1 OR CF.1 OR CG.1 OR CH.1 OR CH.1.1 OR CH.1.1.1 OR CH.1.1.2 OR CH.1.1.3 OR CH.1.1.4 OR CH.1.1.5 OR CH.2 OR CH.3 OR CH.3.1 OR CJ.1 OR CJ.1.1 OR CK.1 OR CK.1.1 OR CK.1.2 OR CK.2 OR CK.2.1 OR CK.2.1.1 OR CK.3 OR CL.1 OR CM.1 OR CM.2 OR CM.2.1 OR CM.3 OR CM.4 OR CM.4.1 OR CM.5 OR CM.5.1 OR CM.5.2 OR CM.6 OR CM.6.1 OR CM.7 OR CM.8 OR CM.8.1 OR CM.9 OR CM.10 OR CM.11 OR CM.12 OR CN.1 OR CN.2 OR CP.1 OR CP.1.1 OR CP.1.2 OR CP.1.3 OR CP.2 OR CP.3 OR CP.4 OR CP.5 OR CP.6 OR CQ.1 OR CQ.1.1 OR CQ.2 OR CR.1 OR CR.1.1 OR CR.1.2 OR CR.1.3 OR CR.2 OR CS.1 OR CT.1 OR CU.1 OR CV.1 OR CV.2 OR CW.1 OR CY.1 OR CZ.1 OR DA.1 OR DB.1 OR DB.2 OR DC.1 OR DD.1 OR DE.1 OR DE.2 OR DF.1 OR DF.1.1 OR DG.1 OR DH.1 OR DJ.1 OR DJ.1.1 OR DJ.1.2 OR DJ.1.3 OR DK.1 OR DL.1 OR DM.1 OR DN.1 OR DN.1.1 OR DP.1 OR DQ.1 OR DR.1 OR DS.1 OR DT.1 OR DU.1 OR DV.1,Omicron,3.21428571428571,2.64285714285714,0.822222222222222
2022-03-11,3,3,3.85714285714286,3,0.777777777777778,0.283751679563413,0.971529104912853,B.1.1.529 OR BA.1 OR BA.1.1 OR BA.1.1.1 OR BA.1.1.2 OR BA.1.1.3 OR BA.1.1.4 OR BA.1.1.5 OR BA.1.1.6 OR BA.1.1.7 OR BA.1.1.8 OR BA.1.1.9 OR BA.1.1.10 OR BA.1.1.11 OR BA.1.1.12 OR BA.1.1.13 OR BA.1.1.14 OR BA.1.1.15 OR BA.1.1.16 OR BA.1.1.17 OR BA.1.1.18 OR BA.1.2 OR BA.1.3 OR BA.1.4 OR BA.1.5 OR BA.1.6 OR BA.1.7 OR BA.1.8 OR BA.1.9 OR BA.1.10 OR BA.1.12 OR BA.1.13 OR BA.1.13.1 OR BA.1.14 OR BA.1.14.1 OR BA.1.14.2 OR BA.1.15 OR BA.1.15.1 OR BA.1.15.2 OR BA.1.15.3 OR BA.1.16 OR BA.1.16.1 OR BA.1.16.2 OR BA.1.17 OR BA.1.17.1 OR BA.1.17.2 OR BA.1.18 OR BA.1.19 OR BA.1.20 OR BA.1.21 OR BA.1.21.1 OR BA.1.22 OR BA.1.23 OR BA.1.24 OR BA.2 OR BA.2.1 OR BA.2.2 OR BA.2.2.1 OR BA.2.3 OR BA.2.3.1 OR BA.2.3.2 OR BA.2.3.4 OR BA.2.3.5 OR BA.2.3.6 OR BA.2.3.7 OR BA.2.3.8 OR BA.2.3.9 OR BA.2.3.10 OR BA.2.3.11 OR BA.2.3.12 OR BA.2.3.13 OR BA.2.3.14 OR BA.2.3.15 OR BA.2.3.16 OR BA.2.3.17 OR BA.2.3.18 OR BA.2.3.19 OR BA.2.3.20 OR BA.2.3.21 OR BA.2.3.22 OR BA.2.4 OR BA.2.5 OR BA.2.6 OR BA.2.7 OR BA.2.8 OR BA.2.9 OR BA.2.9.1 OR BA.2.9.2 OR BA.2.9.3 OR BA.2.9.4 OR BA.2.9.5 OR BA.2.9.6 OR BA.2.9.7 OR BA.2.10 OR BA.2.10.1 OR BA.2.10.2 OR BA.2.10.3 OR BA.2.10.4 OR BA.2.11 OR BA.2.12 OR BA.2.12.1 OR BA.2.12.2 OR BA.2.13 OR BA.2.13.1 OR BA.2.14 OR BA.2.15 OR BA.2.16 OR BA.2.17 OR BA.2.18 OR BA.2.19 OR BA.2.20 OR BA.2.21 OR BA.2.22 OR BA.2.23 OR BA.2.23.1 OR BA.2.24 OR BA.2.25 OR BA.2.25.1 OR BA.2.26 OR BA.2.27 OR BA.2.28 OR BA.2.29 OR BA.2.30 OR BA.2.31 OR BA.2.31.1 OR BA.2.32 OR BA.2.33 OR BA.2.34 OR BA.2.35 OR BA.2.36 OR BA.2.37 OR BA.2.38 OR BA.2.38.1 OR BA.2.38.2 OR BA.2.38.3 OR BA.2.38.4 OR BA.2.39 OR BA.2.40 OR BA.2.40.1 OR BA.2.41 OR BA.2.42 OR BA.2.43 OR BA.2.44 OR BA.2.45 OR BA.2.46 OR BA.2.47 OR BA.2.48 OR BA.2.49 OR BA.2.50 OR BA.2.51 OR BA.2.52 OR BA.2.53 OR BA.2.54 OR BA.2.55 OR BA.2.56 OR BA.2.56.1 OR BA.2.57 OR BA.2.58 OR BA.2.59 OR BA.2.60 OR BA.2.61 OR BA.2.62 OR BA.2.63 OR BA.2.64 OR BA.2.65 OR BA.2.66 OR BA.2.67 OR BA.2.68 OR BA.2.69 OR BA.2.70 OR BA.2.71 OR BA.2.72 OR BA.2.73 OR BA.2.74 OR BA.2.75 OR BA.2.75.1 OR BA.2.75.2 OR BA.2.75.3 OR BA.2.75.4 OR BA.2.75.5 OR BA.2.75.6 OR BA.2.75.7 OR BA.2.75.8 OR BA.2.75.9 OR BA.2.75.10 OR BA.2.76 OR BA.2.76.1 OR BA.2.76.2 OR BA.2.77 OR BA.2.78 OR BA.2.79 OR BA.2.79.1 OR BA.2.80 OR BA.2.81 OR BA.2.82 OR BA.2.83 OR BA.2.85 OR BA.3 OR BA.3.1 OR BA.4 OR BA.4.1 OR BA.4.1.1 OR BA.4.1.2 OR BA.4.1.3 OR BA.4.1.4 OR BA.4.1.5 OR BA.4.1.6 OR BA.4.1.7 OR BA.4.1.8 OR BA.4.1.9 OR BA.4.1.10 OR BA.4.2 OR BA.4.3 OR BA.4.4 OR BA.4.5 OR BA.4.6 OR BA.4.6.1 OR BA.4.6.2 OR BA.4.6.3 OR BA.4.6.4 OR BA.4.6.5 OR BA.4.7 OR BA.4.8 OR BA.5 OR BA.5.1 OR BA.5.1.1 OR BA.5.1.2 OR BA.5.1.3 OR BA.5.1.4 OR BA.5.1.5 OR BA.5.1.6 OR BA.5.1.7 OR BA.5.1.8 OR BA.5.1.9 OR BA.5.1.10 OR BA.5.1.11 OR BA.5.1.12 OR BA.5.1.14 OR BA.5.1.15 OR BA.5.1.16 OR BA.5.1.17 OR BA.5.1.18 OR BA.5.1.19 OR BA.5.1.20 OR BA.5.1.21 OR BA.5.1.22 OR BA.5.1.23 OR BA.5.1.24 OR BA.5.1.25 OR BA.5.1.26 OR BA.5.1.27 OR BA.5.1.28 OR BA.5.1.29 OR BA.5.1.30 OR BA.5.1.31 OR BA.5.1.32 OR BA.5.2 OR BA.5.2.1 OR BA.5.2.2 OR BA.5.2.3 OR BA.5.2.4 OR BA.5.2.5 OR BA.5.2.6 OR BA.5.2.7 OR BA.5.2.8 OR BA.5.2.9 OR BA.5.2.10 OR BA.5.2.11 OR BA.5.2.12 OR BA.5.2.13 OR BA.5.2.14 OR BA.5.2.16 OR BA.5.2.18 OR BA.5.2.19 OR BA.5.2.20 OR BA.5.2.21 OR BA.5.2.22 OR BA.5.2.23 OR BA.5.2.24 OR BA.5.2.25 OR BA.5.2.26 OR BA.5.2.27 OR BA.5.2.28 OR BA.5.2.29 OR BA.5.2.30 OR BA.5.2.31 OR BA.5.2.32 OR BA.5.2.33 OR BA.5.2.34 OR BA.5.2.35 OR BA.5.2.36 OR BA.5.2.37 OR BA.5.2.38 OR BA.5.2.39 OR BA.5.2.40 OR BA.5.2.41 OR BA.5.2.42 OR BA.5.2.43 OR BA.5.2.44 OR BA.5.2.45 OR BA.5.2.46 OR BA.5.2.47 OR BA.5.2.48 OR BA.5.2.49 OR BA.5.3 OR BA.5.3.1 OR BA.5.3.2 OR BA.5.3.3 OR BA.5.3.4 OR BA.5.3.5 OR BA.5.5 OR BA.5.5.1 OR BA.5.5.2 OR BA.5.5.3 OR BA.5.6 OR BA.5.6.1 OR BA.5.6.2 OR BA.5.6.3 OR BA.5.6.4 OR BA.5.7 OR BA.5.8 OR BA.5.9 OR BA.5.10 OR BA.5.10.1 OR BA.5.11 OR BC.1 OR BC.2 OR BD.1 OR BE.1 OR BE.1.1 OR BE.1.1.1 OR BE.1.1.2 OR BE.1.2 OR BE.1.2.1 OR BE.1.3 OR BE.1.4 OR BE.1.4.1 OR BE.1.4.2 OR BE.1.4.3 OR BE.1.4.4 OR BE.2 OR BE.3 OR BE.4 OR BE.4.1 OR BE.4.1.1 OR BE.4.2 OR BE.5 OR BE.6 OR BE.7 OR BE.8 OR BE.9 OR BE.10 OR BF.1 OR BF.1.1 OR BF.2 OR BF.3 OR BF.3.1 OR BF.4 OR BF.5 OR BF.5.1 OR BF.5.2 OR BF.6 OR BF.7 OR BF.7.1 OR BF.7.2 OR BF.7.3 OR BF.7.4 OR BF.7.4.1 OR BF.7.4.2 OR BF.7.5 OR BF.7.5.1 OR BF.7.6 OR BF.7.7 OR BF.7.8 OR BF.7.9 OR BF.7.10 OR BF.7.11 OR BF.7.12 OR BF.7.13 OR BF.7.13.1 OR BF.7.13.2 OR BF.7.14 OR BF.7.15 OR BF.8 OR BF.9 OR BF.10 OR BF.10.1 OR BF.11 OR BF.11.1 OR BF.11.2 OR BF.11.3 OR BF.11.4 OR BF.11.5 OR BF.12 OR BF.13 OR BF.14 OR BF.15 OR BF.16 OR BF.17 OR BF.18 OR BF.19 OR BF.20 OR BF.21 OR BF.22 OR BF.23 OR BF.24 OR BF.25 OR BF.26 OR BF.27 OR BF.28 OR BF.29 OR BF.30 OR BF.31 OR BF.31.1 OR BF.32 OR BF.33 OR BF.34 OR BG.1 OR BG.2 OR BG.3 OR BG.4 OR BG.5 OR BG.6 OR BG.7 OR BH.1 OR BJ.1 OR BK.1 OR BL.1 OR BL.1.1 OR BL.1.2 OR BL.1.3 OR BL.1.4 OR BL.2 OR BL.2.1 OR BL.3 OR BL.4 OR BL.5 OR BL.6 OR BM.1 OR BM.1.1 OR BM.1.1.1 OR BM.1.1.2 OR BM.1.1.3 OR BM.1.1.4 OR BM.1.1.5 OR BM.2 OR BM.2.1 OR BM.2.2 OR BM.2.3 OR BM.3 OR BM.4 OR BM.4.1 OR BM.4.1.1 OR BM.5 OR BM.6 OR BN.1 OR BN.1.1 OR BN.1.1.1 OR BN.1.2 OR BN.1.2.1 OR BN.1.3 OR BN.1.3.1 OR BN.1.3.2 OR BN.1.3.3 OR BN.1.3.4 OR BN.1.4 OR BN.1.4.1 OR BN.1.5 OR BN.1.5.1 OR BN.1.6 OR BN.1.7 OR BN.1.8 OR BN.1.9 OR BN.2 OR BN.2.1 OR BN.3 OR BN.3.1 OR BN.4 OR BN.5 OR BN.6 OR BP.1 OR BQ.1 OR BQ.1.1 OR BQ.1.1.1 OR BQ.1.1.2 OR BQ.1.1.3 OR BQ.1.1.4 OR BQ.1.1.5 OR BQ.1.1.6 OR BQ.1.1.7 OR BQ.1.1.8 OR BQ.1.1.9 OR BQ.1.1.10 OR BQ.1.1.11 OR BQ.1.1.12 OR BQ.1.1.13 OR BQ.1.1.14 OR BQ.1.1.15 OR BQ.1.1.16 OR BQ.1.1.17 OR BQ.1.1.18 OR BQ.1.1.19 OR BQ.1.1.20 OR BQ.1.1.21 OR BQ.1.1.22 OR BQ.1.1.23 OR BQ.1.1.24 OR BQ.1.1.25 OR BQ.1.1.26 OR BQ.1.1.27 OR BQ.1.1.28 OR BQ.1.1.29 OR BQ.1.1.30 OR BQ.1.1.31 OR BQ.1.1.32 OR BQ.1.1.34 OR BQ.1.1.35 OR BQ.1.1.36 OR BQ.1.2 OR BQ.1.3 OR BQ.1.4 OR BQ.1.5 OR BQ.1.6 OR BQ.1.7 OR BQ.1.8 OR BQ.1.8.1 OR BQ.1.8.2 OR BQ.1.9 OR BQ.1.10 OR BQ.1.10.1 OR BQ.1.11 OR BQ.1.12 OR BQ.1.13 OR BQ.1.13.1 OR BQ.1.14 OR BQ.1.15 OR BQ.1.16 OR BQ.1.17 OR BQ.1.18 OR BQ.1.19 OR BQ.1.20 OR BQ.1.21 OR BQ.1.22 OR BQ.1.23 OR BQ.1.24 OR BQ.1.25 OR BQ.1.25.1 OR BQ.1.26 OR BQ.1.26.1 OR BQ.1.27 OR BQ.1.28 OR BQ.2 OR BR.1 OR BR.1.1 OR BR.1.2 OR BR.2 OR BR.2.1 OR BR.3 OR BR.4 OR BS.1 OR BS.1.1 OR BS.1.2 OR BT.1 OR BT.2 OR BU.1 OR BU.2 OR BU.3 OR BV.1 OR BV.2 OR BW.1 OR BW.1.1 OR BY.1 OR BY.1.1 OR BY.1.1.1 OR BY.1.2 OR BY.1.2.1 OR BZ.1 OR CA.1 OR CA.2 OR CA.3 OR CA.3.1 OR CA.4 OR CA.5 OR CA.6 OR CA.7 OR CB.1 OR CC.1 OR CD.1 OR CD.2 OR CE.1 OR CF.1 OR CG.1 OR CH.1 OR CH.1.1 OR CH.1.1.1 OR CH.1.1.2 OR CH.1.1.3 OR CH.1.1.4 OR CH.1.1.5 OR CH.2 OR CH.3 OR CH.3.1 OR CJ.1 OR CJ.1.1 OR CK.1 OR CK.1.1 OR CK.1.2 OR CK.2 OR CK.2.1 OR CK.2.1.1 OR CK.3 OR CL.1 OR CM.1 OR CM.2 OR CM.2.1 OR CM.3 OR CM.4 OR CM.4.1 OR CM.5 OR CM.5.1 OR CM.5.2 OR CM.6 OR CM.6.1 OR CM.7 OR CM.8 OR CM.8.1 OR CM.9 OR CM.10 OR CM.11 OR CM.12 OR CN.1 OR CN.2 OR CP.1 OR CP.1.1 OR CP.1.2 OR CP.1.3 OR CP.2 OR CP.3 OR CP.4 OR CP.5 OR CP.6 OR CQ.1 OR CQ.1.1 OR CQ.2 OR CR.1 OR CR.1.1 OR CR.1.2 OR CR.1.3 OR CR.2 OR CS.1 OR CT.1 OR CU.1 OR CV.1 OR CV.2 OR CW.1 OR CY.1 OR CZ.1 OR DA.1 OR DB.1 OR DB.2 OR DC.1 OR DD.1 OR DE.1 OR DE.2 OR DF.1 OR DF.1.1 OR DG.1 OR DH.1 OR DJ.1 OR DJ.1.1 OR DJ.1.2 OR DJ.1.3 OR DK.1 OR DL.1 OR DM.1 OR DN.1 OR DN.1.1 OR DP.1 OR DQ.1 OR DR.1 OR DS.1 OR DT.1 OR DU.1 OR DV.1,Omicron,3.28571428571429,2.71428571428571,0.826086956521739
2022-03-12,2,2,3.85714285714286,3.14285714285714,0.814814814814815,0.283751679563413,0.971529104912853,B.1.1.529 OR BA.1 OR BA.1.1 OR BA.1.1.1 OR BA.1.1.2 OR BA.1.1.3 OR BA.1.1.4 OR BA.1.1.5 OR BA.1.1.6 OR BA.1.1.7 OR BA.1.1.8 OR BA.1.1.9 OR BA.1.1.10 OR BA.1.1.11 OR BA.1.1.12 OR BA.1.1.13 OR BA.1.1.14 OR BA.1.1.15 OR BA.1.1.16 OR BA.1.1.17 OR BA.1.1.18 OR BA.1.2 OR BA.1.3 OR BA.1.4 OR BA.1.5 OR BA.1.6 OR BA.1.7 OR BA.1.8 OR BA.1.9 OR BA.1.10 OR BA.1.12 OR BA.1.13 OR BA.1.13.1 OR BA.1.14 OR BA.1.14.1 OR BA.1.14.2 OR BA.1.15 OR BA.1.15.1 OR BA.1.15.2 OR BA.1.15.3 OR BA.1.16 OR BA.1.16.1 OR BA.1.16.2 OR BA.1.17 OR BA.1.17.1 OR BA.1.17.2 OR BA.1.18 OR BA.1.19 OR BA.1.20 OR BA.1.21 OR BA.1.21.1 OR BA.1.22 OR BA.1.23 OR BA.1.24 OR BA.2 OR BA.2.1 OR BA.2.2 OR BA.2.2.1 OR BA.2.3 OR BA.2.3.1 OR BA.2.3.2 OR BA.2.3.4 OR BA.2.3.5 OR BA.2.3.6 OR BA.2.3.7 OR BA.2.3.8 OR BA.2.3.9 OR BA.2.3.10 OR BA.2.3.11 OR BA.2.3.12 OR BA.2.3.13 OR BA.2.3.14 OR BA.2.3.15 OR BA.2.3.16 OR BA.2.3.17 OR BA.2.3.18 OR BA.2.3.19 OR BA.2.3.20 OR BA.2.3.21 OR BA.2.3.22 OR BA.2.4 OR BA.2.5 OR BA.2.6 OR BA.2.7 OR BA.2.8 OR BA.2.9 OR BA.2.9.1 OR BA.2.9.2 OR BA.2.9.3 OR BA.2.9.4 OR BA.2.9.5 OR BA.2.9.6 OR BA.2.9.7 OR BA.2.10 OR BA.2.10.1 OR BA.2.10.2 OR BA.2.10.3 OR BA.2.10.4 OR BA.2.11 OR BA.2.12 OR BA.2.12.1 OR BA.2.12.2 OR BA.2.13 OR BA.2.13.1 OR BA.2.14 OR BA.2.15 OR BA.2.16 OR BA.2.17 OR BA.2.18 OR BA.2.19 OR BA.2.20 OR BA.2.21 OR BA.2.22 OR BA.2.23 OR BA.2.23.1 OR BA.2.24 OR BA.2.25 OR BA.2.25.1 OR BA.2.26 OR BA.2.27 OR BA.2.28 OR BA.2.29 OR BA.2.30 OR BA.2.31 OR BA.2.31.1 OR BA.2.32 OR BA.2.33 OR BA.2.34 OR BA.2.35 OR BA.2.36 OR BA.2.37 OR BA.2.38 OR BA.2.38.1 OR BA.2.38.2 OR BA.2.38.3 OR BA.2.38.4 OR BA.2.39 OR BA.2.40 OR BA.2.40.1 OR BA.2.41 OR BA.2.42 OR BA.2.43 OR BA.2.44 OR BA.2.45 OR BA.2.46 OR BA.2.47 OR BA.2.48 OR BA.2.49 OR BA.2.50 OR BA.2.51 OR BA.2.52 OR BA.2.53 OR BA.2.54 OR BA.2.55 OR BA.2.56 OR BA.2.56.1 OR BA.2.57 OR BA.2.58 OR BA.2.59 OR BA.2.60 OR BA.2.61 OR BA.2.62 OR BA.2.63 OR BA.2.64 OR BA.2.65 OR BA.2.66 OR BA.2.67 OR BA.2.68 OR BA.2.69 OR BA.2.70 OR BA.2.71 OR BA.2.72 OR BA.2.73 OR BA.2.74 OR BA.2.75 OR BA.2.75.1 OR BA.2.75.2 OR BA.2.75.3 OR BA.2.75.4 OR BA.2.75.5 OR BA.2.75.6 OR BA.2.75.7 OR BA.2.75.8 OR BA.2.75.9 OR BA.2.75.10 OR BA.2.76 OR BA.2.76.1 OR BA.2.76.2 OR BA.2.77 OR BA.2.78 OR BA.2.79 OR BA.2.79.1 OR BA.2.80 OR BA.2.81 OR BA.2.82 OR BA.2.83 OR BA.2.85 OR BA.3 OR BA.3.1 OR BA.4 OR BA.4.1 OR BA.4.1.1 OR BA.4.1.2 OR BA.4.1.3 OR BA.4.1.4 OR BA.4.1.5 OR BA.4.1.6 OR BA.4.1.7 OR BA.4.1.8 OR BA.4.1.9 OR BA.4.1.10 OR BA.4.2 OR BA.4.3 OR BA.4.4 OR BA.4.5 OR BA.4.6 OR BA.4.6.1 OR BA.4.6.2 OR BA.4.6.3 OR BA.4.6.4 OR BA.4.6.5 OR BA.4.7 OR BA.4.8 OR BA.5 OR BA.5.1 OR BA.5.1.1 OR BA.5.1.2 OR BA.5.1.3 OR BA.5.1.4 OR BA.5.1.5 OR BA.5.1.6 OR BA.5.1.7 OR BA.5.1.8 OR BA.5.1.9 OR BA.5.1.10 OR BA.5.1.11 OR BA.5.1.12 OR BA.5.1.14 OR BA.5.1.15 OR BA.5.1.16 OR BA.5.1.17 OR BA.5.1.18 OR BA.5.1.19 OR BA.5.1.20 OR BA.5.1.21 OR BA.5.1.22 OR BA.5.1.23 OR BA.5.1.24 OR BA.5.1.25 OR BA.5.1.26 OR BA.5.1.27 OR BA.5.1.28 OR BA.5.1.29 OR BA.5.1.30 OR BA.5.1.31 OR BA.5.1.32 OR BA.5.2 OR BA.5.2.1 OR BA.5.2.2 OR BA.5.2.3 OR BA.5.2.4 OR BA.5.2.5 OR BA.5.2.6 OR BA.5.2.7 OR BA.5.2.8 OR BA.5.2.9 OR BA.5.2.10 OR BA.5.2.11 OR BA.5.2.12 OR BA.5.2.13 OR BA.5.2.14 OR BA.5.2.16 OR BA.5.2.18 OR BA.5.2.19 OR BA.5.2.20 OR BA.5.2.21 OR BA.5.2.22 OR BA.5.2.23 OR BA.5.2.24 OR BA.5.2.25 OR BA.5.2.26 OR BA.5.2.27 OR BA.5.2.28 OR BA.5.2.29 OR BA.5.2.30 OR BA.5.2.31 OR BA.5.2.32 OR BA.5.2.33 OR BA.5.2.34 OR BA.5.2.35 OR BA.5.2.36 OR BA.5.2.37 OR BA.5.2.38 OR BA.5.2.39 OR BA.5.2.40 OR BA.5.2.41 OR BA.5.2.42 OR BA.5.2.43 OR BA.5.2.44 OR BA.5.2.45 OR BA.5.2.46 OR BA.5.2.47 OR BA.5.2.48 OR BA.5.2.49 OR BA.5.3 OR BA.5.3.1 OR BA.5.3.2 OR BA.5.3.3 OR BA.5.3.4 OR BA.5.3.5 OR BA.5.5 OR BA.5.5.1 OR BA.5.5.2 OR BA.5.5.3 OR BA.5.6 OR BA.5.6.1 OR BA.5.6.2 OR BA.5.6.3 OR BA.5.6.4 OR BA.5.7 OR BA.5.8 OR BA.5.9 OR BA.5.10 OR BA.5.10.1 OR BA.5.11 OR BC.1 OR BC.2 OR BD.1 OR BE.1 OR BE.1.1 OR BE.1.1.1 OR BE.1.1.2 OR BE.1.2 OR BE.1.2.1 OR BE.1.3 OR BE.1.4 OR BE.1.4.1 OR BE.1.4.2 OR BE.1.4.3 OR BE.1.4.4 OR BE.2 OR BE.3 OR BE.4 OR BE.4.1 OR BE.4.1.1 OR BE.4.2 OR BE.5 OR BE.6 OR BE.7 OR BE.8 OR BE.9 OR BE.10 OR BF.1 OR BF.1.1 OR BF.2 OR BF.3 OR BF.3.1 OR BF.4 OR BF.5 OR BF.5.1 OR BF.5.2 OR BF.6 OR BF.7 OR BF.7.1 OR BF.7.2 OR BF.7.3 OR BF.7.4 OR BF.7.4.1 OR BF.7.4.2 OR BF.7.5 OR BF.7.5.1 OR BF.7.6 OR BF.7.7 OR BF.7.8 OR BF.7.9 OR BF.7.10 OR BF.7.11 OR BF.7.12 OR BF.7.13 OR BF.7.13.1 OR BF.7.13.2 OR BF.7.14 OR BF.7.15 OR BF.8 OR BF.9 OR BF.10 OR BF.10.1 OR BF.11 OR BF.11.1 OR BF.11.2 OR BF.11.3 OR BF.11.4 OR BF.11.5 OR BF.12 OR BF.13 OR BF.14 OR BF.15 OR BF.16 OR BF.17 OR BF.18 OR BF.19 OR BF.20 OR BF.21 OR BF.22 OR BF.23 OR BF.24 OR BF.25 OR BF.26 OR BF.27 OR BF.28 OR BF.29 OR BF.30 OR BF.31 OR BF.31.1 OR BF.32 OR BF.33 OR BF.34 OR BG.1 OR BG.2 OR BG.3 OR BG.4 OR BG.5 OR BG.6 OR BG.7 OR BH.1 OR BJ.1 OR BK.1 OR BL.1 OR BL.1.1 OR BL.1.2 OR BL.1.3 OR BL.1.4 OR BL.2 OR BL.2.1 OR BL.3 OR BL.4 OR BL.5 OR BL.6 OR BM.1 OR BM.1.1 OR BM.1.1.1 OR BM.1.1.2 OR BM.1.1.3 OR BM.1.1.4 OR BM.1.1.5 OR BM.2 OR BM.2.1 OR BM.2.2 OR BM.2.3 OR BM.3 OR BM.4 OR BM.4.1 OR BM.4.1.1 OR BM.5 OR BM.6 OR BN.1 OR BN.1.1 OR BN.1.1.1 OR BN.1.2 OR BN.1.2.1 OR BN.1.3 OR BN.1.3.1 OR BN.1.3.2 OR BN.1.3.3 OR BN.1.3.4 OR BN.1.4 OR BN.1.4.1 OR BN.1.5 OR BN.1.5.1 OR BN.1.6 OR BN.1.7 OR BN.1.8 OR BN.1.9 OR BN.2 OR BN.2.1 OR BN.3 OR BN.3.1 OR BN.4 OR BN.5 OR BN.6 OR BP.1 OR BQ.1 OR BQ.1.1 OR BQ.1.1.1 OR BQ.1.1.2 OR BQ.1.1.3 OR BQ.1.1.4 OR BQ.1.1.5 OR BQ.1.1.6 OR BQ.1.1.7 OR BQ.1.1.8 OR BQ.1.1.9 OR BQ.1.1.10 OR BQ.1.1.11 OR BQ.1.1.12 OR BQ.1.1.13 OR BQ.1.1.14 OR BQ.1.1.15 OR BQ.1.1.16 OR BQ.1.1.17 OR BQ.1.1.18 OR BQ.1.1.19 OR BQ.1.1.20 OR BQ.1.1.21 OR BQ.1.1.22 OR BQ.1.1.23 OR BQ.1.1.24 OR BQ.1.1.25 OR BQ.1.1.26 OR BQ.1.1.27 OR BQ.1.1.28 OR BQ.1.1.29 OR BQ.1.1.30 OR BQ.1.1.31 OR BQ.1.1.32 OR BQ.1.1.34 OR BQ.1.1.35 OR BQ.1.1.36 OR BQ.1.2 OR BQ.1.3 OR BQ.1.4 OR BQ.1.5 OR BQ.1.6 OR BQ.1.7 OR BQ.1.8 OR BQ.1.8.1 OR BQ.1.8.2 OR BQ.1.9 OR BQ.1.10 OR BQ.1.10.1 OR BQ.1.11 OR BQ.1.12 OR BQ.1.13 OR BQ.1.13.1 OR BQ.1.14 OR BQ.1.15 OR BQ.1.16 OR BQ.1.17 OR BQ.1.18 OR BQ.1.19 OR BQ.1.20 OR BQ.1.21 OR BQ.1.22 OR BQ.1.23 OR BQ.1.24 OR BQ.1.25 OR BQ.1.25.1 OR BQ.1.26 OR BQ.1.26.1 OR BQ.1.27 OR BQ.1.28 OR BQ.2 OR BR.1 OR BR.1.1 OR BR.1.2 OR BR.2 OR BR.2.1 OR BR.3 OR BR.4 OR BS.1 OR BS.1.1 OR BS.1.2 OR BT.1 OR BT.2 OR BU.1 OR BU.2 OR BU.3 OR BV.1 OR BV.2 OR BW.1 OR BW.1.1 OR BY.1 OR BY.1.1 OR BY.1.1.1 OR BY.1.2 OR BY.1.2.1 OR BZ.1 OR CA.1 OR CA.2 OR CA.3 OR CA.3.1 OR CA.4 OR CA.5 OR CA.6 OR CA.7 OR CB.1 OR CC.1 OR CD.1 OR CD.2 OR CE.1 OR CF.1 OR CG.1 OR CH.1 OR CH.1.1 OR CH.1.1.1 OR CH.1.1.2 OR CH.1.1.3 OR CH.1.1.4 OR CH.1.1.5 OR CH.2 OR CH.3 OR CH.3.1 OR CJ.1 OR CJ.1.1 OR CK.1 OR CK.1.1 OR CK.1.2 OR CK.2 OR CK.2.1 OR CK.2.1.1 OR CK.3 OR CL.1 OR CM.1 OR CM.2 OR CM.2.1 OR CM.3 OR CM.4 OR CM.4.1 OR CM.5 OR CM.5.1 OR CM.5.2 OR CM.6 OR CM.6.1 OR CM.7 OR CM.8 OR CM.8.1 OR CM.9 OR CM.10 OR CM.11 OR CM.12 OR CN.1 OR CN.2 OR CP.1 OR CP.1.1 OR CP.1.2 OR CP.1.3 OR CP.2 OR CP.3 OR CP.4 OR CP.5 OR CP.6 OR CQ.1 OR CQ.1.1 OR CQ.2 OR CR.1 OR CR.1.1 OR CR.1.2 OR CR.1.3 OR CR.2 OR CS.1 OR CT.1 OR CU.1 OR CV.1 OR CV.2 OR CW.1 OR CY.1 OR CZ.1 OR DA.1 OR DB.1 OR DB.2 OR DC.1 OR DD.1 OR DE.1 OR DE.2 OR DF.1 OR DF.1.1 OR DG.1 OR DH.1 OR DJ.1 OR DJ.1.1 OR DJ.1.2 OR DJ.1.3 OR DK.1 OR DL.1 OR DM.1 OR DN.1 OR DN.1.1 OR DP.1 OR DQ.1 OR DR.1 OR DS.1 OR DT.1 OR DU.1 OR DV.1,Omicron,3.14285714285714,2.57142857142857,0.818181818181818
2022-03-13,2,2,4,3.42857142857143,0.857142857142857,0.283751679563413,0.971529104912853,B.1.1.529 OR BA.1 OR BA.1.1 OR BA.1.1.1 OR BA.1.1.2 OR BA.1.1.3 OR BA.1.1.4 OR BA.1.1.5 OR BA.1.1.6 OR BA.1.1.7 OR BA.1.1.8 OR BA.1.1.9 OR BA.1.1.10 OR BA.1.1.11 OR BA.1.1.12 OR BA.1.1.13 OR BA.1.1.14 OR BA.1.1.15 OR BA.1.1.16 OR BA.1.1.17 OR BA.1.1.18 OR BA.1.2 OR BA.1.3 OR BA.1.4 OR BA.1.5 OR BA.1.6 OR BA.1.7 OR BA.1.8 OR BA.1.9 OR BA.1.10 OR BA.1.12 OR BA.1.13 OR BA.1.13.1 OR BA.1.14 OR BA.1.14.1 OR BA.1.14.2 OR BA.1.15 OR BA.1.15.1 OR BA.1.15.2 OR BA.1.15.3 OR BA.1.16 OR BA.1.16.1 OR BA.1.16.2 OR BA.1.17 OR BA.1.17.1 OR BA.1.17.2 OR BA.1.18 OR BA.1.19 OR BA.1.20 OR BA.1.21 OR BA.1.21.1 OR BA.1.22 OR BA.1.23 OR BA.1.24 OR BA.2 OR BA.2.1 OR BA.2.2 OR BA.2.2.1 OR BA.2.3 OR BA.2.3.1 OR BA.2.3.2 OR BA.2.3.4 OR BA.2.3.5 OR BA.2.3.6 OR BA.2.3.7 OR BA.2.3.8 OR BA.2.3.9 OR BA.2.3.10 OR BA.2.3.11 OR BA.2.3.12 OR BA.2.3.13 OR BA.2.3.14 OR BA.2.3.15 OR BA.2.3.16 OR BA.2.3.17 OR BA.2.3.18 OR BA.2.3.19 OR BA.2.3.20 OR BA.2.3.21 OR BA.2.3.22 OR BA.2.4 OR BA.2.5 OR BA.2.6 OR BA.2.7 OR BA.2.8 OR BA.2.9 OR BA.2.9.1 OR BA.2.9.2 OR BA.2.9.3 OR BA.2.9.4 OR BA.2.9.5 OR BA.2.9.6 OR BA.2.9.7 OR BA.2.10 OR BA.2.10.1 OR BA.2.10.2 OR BA.2.10.3 OR BA.2.10.4 OR BA.2.11 OR BA.2.12 OR BA.2.12.1 OR BA.2.12.2 OR BA.2.13 OR BA.2.13.1 OR BA.2.14 OR BA.2.15 OR BA.2.16 OR BA.2.17 OR BA.2.18 OR BA.2.19 OR BA.2.20 OR BA.2.21 OR BA.2.22 OR BA.2.23 OR BA.2.23.1 OR BA.2.24 OR BA.2.25 OR BA.2.25.1 OR BA.2.26 OR BA.2.27 OR BA.2.28 OR BA.2.29 OR BA.2.30 OR BA.2.31 OR BA.2.31.1 OR BA.2.32 OR BA.2.33 OR BA.2.34 OR BA.2.35 OR BA.2.36 OR BA.2.37 OR BA.2.38 OR BA.2.38.1 OR BA.2.38.2 OR BA.2.38.3 OR BA.2.38.4 OR BA.2.39 OR BA.2.40 OR BA.2.40.1 OR BA.2.41 OR BA.2.42 OR BA.2.43 OR BA.2.44 OR BA.2.45 OR BA.2.46 OR BA.2.47 OR BA.2.48 OR BA.2.49 OR BA.2.50 OR BA.2.51 OR BA.2.52 OR BA.2.53 OR BA.2.54 OR BA.2.55 OR BA.2.56 OR BA.2.56.1 OR BA.2.57 OR BA.2.58 OR BA.2.59 OR BA.2.60 OR BA.2.61 OR BA.2.62 OR BA.2.63 OR BA.2.64 OR BA.2.65 OR BA.2.66 OR BA.2.67 OR BA.2.68 OR BA.2.69 OR BA.2.70 OR BA.2.71 OR BA.2.72 OR BA.2.73 OR BA.2.74 OR BA.2.75 OR BA.2.75.1 OR BA.2.75.2 OR BA.2.75.3 OR BA.2.75.4 OR BA.2.75.5 OR BA.2.75.6 OR BA.2.75.7 OR BA.2.75.8 OR BA.2.75.9 OR BA.2.75.10 OR BA.2.76 OR BA.2.76.1 OR BA.2.76.2 OR BA.2.77 OR BA.2.78 OR BA.2.79 OR BA.2.79.1 OR BA.2.80 OR BA.2.81 OR BA.2.82 OR BA.2.83 OR BA.2.85 OR BA.3 OR BA.3.1 OR BA.4 OR BA.4.1 OR BA.4.1.1 OR BA.4.1.2 OR BA.4.1.3 OR BA.4.1.4 OR BA.4.1.5 OR BA.4.1.6 OR BA.4.1.7 OR BA.4.1.8 OR BA.4.1.9 OR BA.4.1.10 OR BA.4.2 OR BA.4.3 OR BA.4.4 OR BA.4.5 OR BA.4.6 OR BA.4.6.1 OR BA.4.6.2 OR BA.4.6.3 OR BA.4.6.4 OR BA.4.6.5 OR BA.4.7 OR BA.4.8 OR BA.5 OR BA.5.1 OR BA.5.1.1 OR BA.5.1.2 OR BA.5.1.3 OR BA.5.1.4 OR BA.5.1.5 OR BA.5.1.6 OR BA.5.1.7 OR BA.5.1.8 OR BA.5.1.9 OR BA.5.1.10 OR BA.5.1.11 OR BA.5.1.12 OR BA.5.1.14 OR BA.5.1.15 OR BA.5.1.16 OR BA.5.1.17 OR BA.5.1.18 OR BA.5.1.19 OR BA.5.1.20 OR BA.5.1.21 OR BA.5.1.22 OR BA.5.1.23 OR BA.5.1.24 OR BA.5.1.25 OR BA.5.1.26 OR BA.5.1.27 OR BA.5.1.28 OR BA.5.1.29 OR BA.5.1.30 OR BA.5.1.31 OR BA.5.1.32 OR BA.5.2 OR BA.5.2.1 OR BA.5.2.2 OR BA.5.2.3 OR BA.5.2.4 OR BA.5.2.5 OR BA.5.2.6 OR BA.5.2.7 OR BA.5.2.8 OR BA.5.2.9 OR BA.5.2.10 OR BA.5.2.11 OR BA.5.2.12 OR BA.5.2.13 OR BA.5.2.14 OR BA.5.2.16 OR BA.5.2.18 OR BA.5.2.19 OR BA.5.2.20 OR BA.5.2.21 OR BA.5.2.22 OR BA.5.2.23 OR BA.5.2.24 OR BA.5.2.25 OR BA.5.2.26 OR BA.5.2.27 OR BA.5.2.28 OR BA.5.2.29 OR BA.5.2.30 OR BA.5.2.31 OR BA.5.2.32 OR BA.5.2.33 OR BA.5.2.34 OR BA.5.2.35 OR BA.5.2.36 OR BA.5.2.37 OR BA.5.2.38 OR BA.5.2.39 OR BA.5.2.40 OR BA.5.2.41 OR BA.5.2.42 OR BA.5.2.43 OR BA.5.2.44 OR BA.5.2.45 OR BA.5.2.46 OR BA.5.2.47 OR BA.5.2.48 OR BA.5.2.49 OR BA.5.3 OR BA.5.3.1 OR BA.5.3.2 OR BA.5.3.3 OR BA.5.3.4 OR BA.5.3.5 OR BA.5.5 OR BA.5.5.1 OR BA.5.5.2 OR BA.5.5.3 OR BA.5.6 OR BA.5.6.1 OR BA.5.6.2 OR BA.5.6.3 OR BA.5.6.4 OR BA.5.7 OR BA.5.8 OR BA.5.9 OR BA.5.10 OR BA.5.10.1 OR BA.5.11 OR BC.1 OR BC.2 OR BD.1 OR BE.1 OR BE.1.1 OR BE.1.1.1 OR BE.1.1.2 OR BE.1.2 OR BE.1.2.1 OR BE.1.3 OR BE.1.4 OR BE.1.4.1 OR BE.1.4.2 OR BE.1.4.3 OR BE.1.4.4 OR BE.2 OR BE.3 OR BE.4 OR BE.4.1 OR BE.4.1.1 OR BE.4.2 OR BE.5 OR BE.6 OR BE.7 OR BE.8 OR BE.9 OR BE.10 OR BF.1 OR BF.1.1 OR BF.2 OR BF.3 OR BF.3.1 OR BF.4 OR BF.5 OR BF.5.1 OR BF.5.2 OR BF.6 OR BF.7 OR BF.7.1 OR BF.7.2 OR BF.7.3 OR BF.7.4 OR BF.7.4.1 OR BF.7.4.2 OR BF.7.5 OR BF.7.5.1 OR BF.7.6 OR BF.7.7 OR BF.7.8 OR BF.7.9 OR BF.7.10 OR BF.7.11 OR BF.7.12 OR BF.7.13 OR BF.7.13.1 OR BF.7.13.2 OR BF.7.14 OR BF.7.15 OR BF.8 OR BF.9 OR BF.10 OR BF.10.1 OR BF.11 OR BF.11.1 OR BF.11.2 OR BF.11.3 OR BF.11.4 OR BF.11.5 OR BF.12 OR BF.13 OR BF.14 OR BF.15 OR BF.16 OR BF.17 OR BF.18 OR BF.19 OR BF.20 OR BF.21 OR BF.22 OR BF.23 OR BF.24 OR BF.25 OR BF.26 OR BF.27 OR BF.28 OR BF.29 OR BF.30 OR BF.31 OR BF.31.1 OR BF.32 OR BF.33 OR BF.34 OR BG.1 OR BG.2 OR BG.3 OR BG.4 OR BG.5 OR BG.6 OR BG.7 OR BH.1 OR BJ.1 OR BK.1 OR BL.1 OR BL.1.1 OR BL.1.2 OR BL.1.3 OR BL.1.4 OR BL.2 OR BL.2.1 OR BL.3 OR BL.4 OR BL.5 OR BL.6 OR BM.1 OR BM.1.1 OR BM.1.1.1 OR BM.1.1.2 OR BM.1.1.3 OR BM.1.1.4 OR BM.1.1.5 OR BM.2 OR BM.2.1 OR BM.2.2 OR BM.2.3 OR BM.3 OR BM.4 OR BM.4.1 OR BM.4.1.1 OR BM.5 OR BM.6 OR BN.1 OR BN.1.1 OR BN.1.1.1 OR BN.1.2 OR BN.1.2.1 OR BN.1.3 OR BN.1.3.1 OR BN.1.3.2 OR BN.1.3.3 OR BN.1.3.4 OR BN.1.4 OR BN.1.4.1 OR BN.1.5 OR BN.1.5.1 OR BN.1.6 OR BN.1.7 OR BN.1.8 OR BN.1.9 OR BN.2 OR BN.2.1 OR BN.3 OR BN.3.1 OR BN.4 OR BN.5 OR BN.6 OR BP.1 OR BQ.1 OR BQ.1.1 OR BQ.1.1.1 OR BQ.1.1.2 OR BQ.1.1.3 OR BQ.1.1.4 OR BQ.1.1.5 OR BQ.1.1.6 OR BQ.1.1.7 OR BQ.1.1.8 OR BQ.1.1.9 OR BQ.1.1.10 OR BQ.1.1.11 OR BQ.1.1.12 OR BQ.1.1.13 OR BQ.1.1.14 OR BQ.1.1.15 OR BQ.1.1.16 OR BQ.1.1.17 OR BQ.1.1.18 OR BQ.1.1.19 OR BQ.1.1.20 OR BQ.1.1.21 OR BQ.1.1.22 OR BQ.1.1.23 OR BQ.1.1.24 OR BQ.1.1.25 OR BQ.1.1.26 OR BQ.1.1.27 OR BQ.1.1.28 OR BQ.1.1.29 OR BQ.1.1.30 OR BQ.1.1.31 OR BQ.1.1.32 OR BQ.1.1.34 OR BQ.1.1.35 OR BQ.1.1.36 OR BQ.1.2 OR BQ.1.3 OR BQ.1.4 OR BQ.1.5 OR BQ.1.6 OR BQ.1.7 OR BQ.1.8 OR BQ.1.8.1 OR BQ.1.8.2 OR BQ.1.9 OR BQ.1.10 OR BQ.1.10.1 OR BQ.1.11 OR BQ.1.12 OR BQ.1.13 OR BQ.1.13.1 OR BQ.1.14 OR BQ.1.15 OR BQ.1.16 OR BQ.1.17 OR BQ.1.18 OR BQ.1.19 OR BQ.1.20 OR BQ.1.21 OR BQ.1.22 OR BQ.1.23 OR BQ.1.24 OR BQ.1.25 OR BQ.1.25.1 OR BQ.1.26 OR BQ.1.26.1 OR BQ.1.27 OR BQ.1.28 OR BQ.2 OR BR.1 OR BR.1.1 OR BR.1.2 OR BR.2 OR BR.2.1 OR BR.3 OR BR.4 OR BS.1 OR BS.1.1 OR BS.1.2 OR BT.1 OR BT.2 OR BU.1 OR BU.2 OR BU.3 OR BV.1 OR BV.2 OR BW.1 OR BW.1.1 OR BY.1 OR BY.1.1 OR BY.1.1.1 OR BY.1.2 OR BY.1.2.1 OR BZ.1 OR CA.1 OR CA.2 OR CA.3 OR CA.3.1 OR CA.4 OR CA.5 OR CA.6 OR CA.7 OR CB.1 OR CC.1 OR CD.1 OR CD.2 OR CE.1 OR CF.1 OR CG.1 OR CH.1 OR CH.1.1 OR CH.1.1.1 OR CH.1.1.2 OR CH.1.1.3 OR CH.1.1.4 OR CH.1.1.5 OR CH.2 OR CH.3 OR CH.3.1 OR CJ.1 OR CJ.1.1 OR CK.1 OR CK.1.1 OR CK.1.2 OR CK.2 OR CK.2.1 OR CK.2.1.1 OR CK.3 OR CL.1 OR CM.1 OR CM.2 OR CM.2.1 OR CM.3 OR CM.4 OR CM.4.1 OR CM.5 OR CM.5.1 OR CM.5.2 OR CM.6 OR CM.6.1 OR CM.7 OR CM.8 OR CM.8.1 OR CM.9 OR CM.10 OR CM.11 OR CM.12 OR CN.1 OR CN.2 OR CP.1 OR CP.1.1 OR CP.1.2 OR CP.1.3 OR CP.2 OR CP.3 OR CP.4 OR CP.5 OR CP.6 OR CQ.1 OR CQ.1.1 OR CQ.2 OR CR.1 OR CR.1.1 OR CR.1.2 OR CR.1.3 OR CR.2 OR CS.1 OR CT.1 OR CU.1 OR CV.1 OR CV.2 OR CW.1 OR CY.1 OR CZ.1 OR DA.1 OR DB.1 OR DB.2 OR DC.1 OR DD.1 OR DE.1 OR DE.2 OR DF.1 OR DF.1.1 OR DG.1 OR DH.1 OR DJ.1 OR DJ.1.1 OR DJ.1.2 OR DJ.1.3 OR DK.1 OR DL.1 OR DM.1 OR DN.1 OR DN.1.1 OR DP.1 OR DQ.1 OR DR.1 OR DS.1 OR DT.1 OR DU.1 OR DV.1,Omicron,3.14285714285714,2.57142857142857,0.818181818181818
2022-03-14,22,21,6.14285714285714,5.85714285714286,0.953488372093023,0.66961109084845,0.999921500151634,B.1.1.529 OR BA.1 OR BA.1.1 OR BA.1.1.1 OR BA.1.1.2 OR BA.1.1.3 OR BA.1.1.4 OR BA.1.1.5 OR BA.1.1.6 OR BA.1.1.7 OR BA.1.1.8 OR BA.1.1.9 OR BA.1.1.10 OR BA.1.1.11 OR BA.1.1.12 OR BA.1.1.13 OR BA.1.1.14 OR BA.1.1.15 OR BA.1.1.16 OR BA.1.1.17 OR BA.1.1.18 OR BA.1.2 OR BA.1.3 OR BA.1.4 OR BA.1.5 OR BA.1.6 OR BA.1.7 OR BA.1.8 OR BA.1.9 OR BA.1.10 OR BA.1.12 OR BA.1.13 OR BA.1.13.1 OR BA.1.14 OR BA.1.14.1 OR BA.1.14.2 OR BA.1.15 OR BA.1.15.1 OR BA.1.15.2 OR BA.1.15.3 OR BA.1.16 OR BA.1.16.1 OR BA.1.16.2 OR BA.1.17 OR BA.1.17.1 OR BA.1.17.2 OR BA.1.18 OR BA.1.19 OR BA.1.20 OR BA.1.21 OR BA.1.21.1 OR BA.1.22 OR BA.1.23 OR BA.1.24 OR BA.2 OR BA.2.1 OR BA.2.2 OR BA.2.2.1 OR BA.2.3 OR BA.2.3.1 OR BA.2.3.2 OR BA.2.3.4 OR BA.2.3.5 OR BA.2.3.6 OR BA.2.3.7 OR BA.2.3.8 OR BA.2.3.9 OR BA.2.3.10 OR BA.2.3.11 OR BA.2.3.12 OR BA.2.3.13 OR BA.2.3.14 OR BA.2.3.15 OR BA.2.3.16 OR BA.2.3.17 OR BA.2.3.18 OR BA.2.3.19 OR BA.2.3.20 OR BA.2.3.21 OR BA.2.3.22 OR BA.2.4 OR BA.2.5 OR BA.2.6 OR BA.2.7 OR BA.2.8 OR BA.2.9 OR BA.2.9.1 OR BA.2.9.2 OR BA.2.9.3 OR BA.2.9.4 OR BA.2.9.5 OR BA.2.9.6 OR BA.2.9.7 OR BA.2.10 OR BA.2.10.1 OR BA.2.10.2 OR BA.2.10.3 OR BA.2.10.4 OR BA.2.11 OR BA.2.12 OR BA.2.12.1 OR BA.2.12.2 OR BA.2.13 OR BA.2.13.1 OR BA.2.14 OR BA.2.15 OR BA.2.16 OR BA.2.17 OR BA.2.18 OR BA.2.19 OR BA.2.20 OR BA.2.21 OR BA.2.22 OR BA.2.23 OR BA.2.23.1 OR BA.2.24 OR BA.2.25 OR BA.2.25.1 OR BA.2.26 OR BA.2.27 OR BA.2.28 OR BA.2.29 OR BA.2.30 OR BA.2.31 OR BA.2.31.1 OR BA.2.32 OR BA.2.33 OR BA.2.34 OR BA.2.35 OR BA.2.36 OR BA.2.37 OR BA.2.38 OR BA.2.38.1 OR BA.2.38.2 OR BA.2.38.3 OR BA.2.38.4 OR BA.2.39 OR BA.2.40 OR BA.2.40.1 OR BA.2.41 OR BA.2.42 OR BA.2.43 OR BA.2.44 OR BA.2.45 OR BA.2.46 OR BA.2.47 OR BA.2.48 OR BA.2.49 OR BA.2.50 OR BA.2.51 OR BA.2.52 OR BA.2.53 OR BA.2.54 OR BA.2.55 OR BA.2.56 OR BA.2.56.1 OR BA.2.57 OR BA.2.58 OR BA.2.59 OR BA.2.60 OR BA.2.61 OR BA.2.62 OR BA.2.63 OR BA.2.64 OR BA.2.65 OR BA.2.66 OR BA.2.67 OR BA.2.68 OR BA.2.69 OR BA.2.70 OR BA.2.71 OR BA.2.72 OR BA.2.73 OR BA.2.74 OR BA.2.75 OR BA.2.75.1 OR BA.2.75.2 OR BA.2.75.3 OR BA.2.75.4 OR BA.2.75.5 OR BA.2.75.6 OR BA.2.75.7 OR BA.2.75.8 OR BA.2.75.9 OR BA.2.75.10 OR BA.2.76 OR BA.2.76.1 OR BA.2.76.2 OR BA.2.77 OR BA.2.78 OR BA.2.79 OR BA.2.79.1 OR BA.2.80 OR BA.2.81 OR BA.2.82 OR BA.2.83 OR BA.2.85 OR BA.3 OR BA.3.1 OR BA.4 OR BA.4.1 OR BA.4.1.1 OR BA.4.1.2 OR BA.4.1.3 OR BA.4.1.4 OR BA.4.1.5 OR BA.4.1.6 OR BA.4.1.7 OR BA.4.1.8 OR BA.4.1.9 OR BA.4.1.10 OR BA.4.2 OR BA.4.3 OR BA.4.4 OR BA.4.5 OR BA.4.6 OR BA.4.6.1 OR BA.4.6.2 OR BA.4.6.3 OR BA.4.6.4 OR BA.4.6.5 OR BA.4.7 OR BA.4.8 OR BA.5 OR BA.5.1 OR BA.5.1.1 OR BA.5.1.2 OR BA.5.1.3 OR BA.5.1.4 OR BA.5.1.5 OR BA.5.1.6 OR BA.5.1.7 OR BA.5.1.8 OR BA.5.1.9 OR BA.5.1.10 OR BA.5.1.11 OR BA.5.1.12 OR BA.5.1.14 OR BA.5.1.15 OR BA.5.1.16 OR BA.5.1.17 OR BA.5.1.18 OR BA.5.1.19 OR BA.5.1.20 OR BA.5.1.21 OR BA.5.1.22 OR BA.5.1.23 OR BA.5.1.24 OR BA.5.1.25 OR BA.5.1.26 OR BA.5.1.27 OR BA.5.1.28 OR BA.5.1.29 OR BA.5.1.30 OR BA.5.1.31 OR BA.5.1.32 OR BA.5.2 OR BA.5.2.1 OR BA.5.2.2 OR BA.5.2.3 OR BA.5.2.4 OR BA.5.2.5 OR BA.5.2.6 OR BA.5.2.7 OR BA.5.2.8 OR BA.5.2.9 OR BA.5.2.10 OR BA.5.2.11 OR BA.5.2.12 OR BA.5.2.13 OR BA.5.2.14 OR BA.5.2.16 OR BA.5.2.18 OR BA.5.2.19 OR BA.5.2.20 OR BA.5.2.21 OR BA.5.2.22 OR BA.5.2.23 OR BA.5.2.24 OR BA.5.2.25 OR BA.5.2.26 OR BA.5.2.27 OR BA.5.2.28 OR BA.5.2.29 OR BA.5.2.30 OR BA.5.2.31 OR BA.5.2.32 OR BA.5.2.33 OR BA.5.2.34 OR BA.5.2.35 OR BA.5.2.36 OR BA.5.2.37 OR BA.5.2.38 OR BA.5.2.39 OR BA.5.2.40 OR BA.5.2.41 OR BA.5.2.42 OR BA.5.2.43 OR BA.5.2.44 OR BA.5.2.45 OR BA.5.2.46 OR BA.5.2.47 OR BA.5.2.48 OR BA.5.2.49 OR BA.5.3 OR BA.5.3.1 OR BA.5.3.2 OR BA.5.3.3 OR BA.5.3.4 OR BA.5.3.5 OR BA.5.5 OR BA.5.5.1 OR BA.5.5.2 OR BA.5.5.3 OR BA.5.6 OR BA.5.6.1 OR BA.5.6.2 OR BA.5.6.3 OR BA.5.6.4 OR BA.5.7 OR BA.5.8 OR BA.5.9 OR BA.5.10 OR BA.5.10.1 OR BA.5.11 OR BC.1 OR BC.2 OR BD.1 OR BE.1 OR BE.1.1 OR BE.1.1.1 OR BE.1.1.2 OR BE.1.2 OR BE.1.2.1 OR BE.1.3 OR BE.1.4 OR BE.1.4.1 OR BE.1.4.2 OR BE.1.4.3 OR BE.1.4.4 OR BE.2 OR BE.3 OR BE.4 OR BE.4.1 OR BE.4.1.1 OR BE.4.2 OR BE.5 OR BE.6 OR BE.7 OR BE.8 OR BE.9 OR BE.10 OR BF.1 OR BF.1.1 OR BF.2 OR BF.3 OR BF.3.1 OR BF.4 OR BF.5 OR BF.5.1 OR BF.5.2 OR BF.6 OR BF.7 OR BF.7.1 OR BF.7.2 OR BF.7.3 OR BF.7.4 OR BF.7.4.1 OR BF.7.4.2 OR BF.7.5 OR BF.7.5.1 OR BF.7.6 OR BF.7.7 OR BF.7.8 OR BF.7.9 OR BF.7.10 OR BF.7.11 OR BF.7.12 OR BF.7.13 OR BF.7.13.1 OR BF.7.13.2 OR BF.7.14 OR BF.7.15 OR BF.8 OR BF.9 OR BF.10 OR BF.10.1 OR BF.11 OR BF.11.1 OR BF.11.2 OR BF.11.3 OR BF.11.4 OR BF.11.5 OR BF.12 OR BF.13 OR BF.14 OR BF.15 OR BF.16 OR BF.17 OR BF.18 OR BF.19 OR BF.20 OR BF.21 OR BF.22 OR BF.23 OR BF.24 OR BF.25 OR BF.26 OR BF.27 OR BF.28 OR BF.29 OR BF.30 OR BF.31 OR BF.31.1 OR BF.32 OR BF.33 OR BF.34 OR BG.1 OR BG.2 OR BG.3 OR BG.4 OR BG.5 OR BG.6 OR BG.7 OR BH.1 OR BJ.1 OR BK.1 OR BL.1 OR BL.1.1 OR BL.1.2 OR BL.1.3 OR BL.1.4 OR BL.2 OR BL.2.1 OR BL.3 OR BL.4 OR BL.5 OR BL.6 OR BM.1 OR BM.1.1 OR BM.1.1.1 OR BM.1.1.2 OR BM.1.1.3 OR BM.1.1.4 OR BM.1.1.5 OR BM.2 OR BM.2.1 OR BM.2.2 OR BM.2.3 OR BM.3 OR BM.4 OR BM.4.1 OR BM.4.1.1 OR BM.5 OR BM.6 OR BN.1 OR BN.1.1 OR BN.1.1.1 OR BN.1.2 OR BN.1.2.1 OR BN.1.3 OR BN.1.3.1 OR BN.1.3.2 OR BN.1.3.3 OR BN.1.3.4 OR BN.1.4 OR BN.1.4.1 OR BN.1.5 OR BN.1.5.1 OR BN.1.6 OR BN.1.7 OR BN.1.8 OR BN.1.9 OR BN.2 OR BN.2.1 OR BN.3 OR BN.3.1 OR BN.4 OR BN.5 OR BN.6 OR BP.1 OR BQ.1 OR BQ.1.1 OR BQ.1.1.1 OR BQ.1.1.2 OR BQ.1.1.3 OR BQ.1.1.4 OR BQ.1.1.5 OR BQ.1.1.6 OR BQ.1.1.7 OR BQ.1.1.8 OR BQ.1.1.9 OR BQ.1.1.10 OR BQ.1.1.11 OR BQ.1.1.12 OR BQ.1.1.13 OR BQ.1.1.14 OR BQ.1.1.15 OR BQ.1.1.16 OR BQ.1.1.17 OR BQ.1.1.18 OR BQ.1.1.19 OR BQ.1.1.20 OR BQ.1.1.21 OR BQ.1.1.22 OR BQ.1.1.23 OR BQ.1.1.24 OR BQ.1.1.25 OR BQ.1.1.26 OR BQ.1.1.27 OR BQ.1.1.28 OR BQ.1.1.29 OR BQ.1.1.30 OR BQ.1.1.31 OR BQ.1.1.32 OR BQ.1.1.34 OR BQ.1.1.35 OR BQ.1.1.36 OR BQ.1.2 OR BQ.1.3 OR BQ.1.4 OR BQ.1.5 OR BQ.1.6 OR BQ.1.7 OR BQ.1.8 OR BQ.1.8.1 OR BQ.1.8.2 OR BQ.1.9 OR BQ.1.10 OR BQ.1.10.1 OR BQ.1.11 OR BQ.1.12 OR BQ.1.13 OR BQ.1.13.1 OR BQ.1.14 OR BQ.1.15 OR BQ.1.16 OR BQ.1.17 OR BQ.1.18 OR BQ.1.19 OR BQ.1.20 OR BQ.1.21 OR BQ.1.22 OR BQ.1.23 OR BQ.1.24 OR BQ.1.25 OR BQ.1.25.1 OR BQ.1.26 OR BQ.1.26.1 OR BQ.1.27 OR BQ.1.28 OR BQ.2 OR BR.1 OR BR.1.1 OR BR.1.2 OR BR.2 OR BR.2.1 OR BR.3 OR BR.4 OR BS.1 OR BS.1.1 OR BS.1.2 OR BT.1 OR BT.2 OR BU.1 OR BU.2 OR BU.3 OR BV.1 OR BV.2 OR BW.1 OR BW.1.1 OR BY.1 OR BY.1.1 OR BY.1.1.1 OR BY.1.2 OR BY.1.2.1 OR BZ.1 OR CA.1 OR CA.2 OR CA.3 OR CA.3.1 OR CA.4 OR CA.5 OR CA.6 OR CA.7 OR CB.1 OR CC.1 OR CD.1 OR CD.2 OR CE.1 OR CF.1 OR CG.1 OR CH.1 OR CH.1.1 OR CH.1.1.1 OR CH.1.1.2 OR CH.1.1.3 OR CH.1.1.4 OR CH.1.1.5 OR CH.2 OR CH.3 OR CH.3.1 OR CJ.1 OR CJ.1.1 OR CK.1 OR CK.1.1 OR CK.1.2 OR CK.2 OR CK.2.1 OR CK.2.1.1 OR CK.3 OR CL.1 OR CM.1 OR CM.2 OR CM.2.1 OR CM.3 OR CM.4 OR CM.4.1 OR CM.5 OR CM.5.1 OR CM.5.2 OR CM.6 OR CM.6.1 OR CM.7 OR CM.8 OR CM.8.1 OR CM.9 OR CM.10 OR CM.11 OR CM.12 OR CN.1 OR CN.2 OR CP.1 OR CP.1.1 OR CP.1.2 OR CP.1.3 OR CP.2 OR CP.3 OR CP.4 OR CP.5 OR CP.6 OR CQ.1 OR CQ.1.1 OR CQ.2 OR CR.1 OR CR.1.1 OR CR.1.2 OR CR.1.3 OR CR.2 OR CS.1 OR CT.1 OR CU.1 OR CV.1 OR CV.2 OR CW.1 OR CY.1 OR CZ.1 OR DA.1 OR DB.1 OR DB.2 OR DC.1 OR DD.1 OR DE.1 OR DE.2 OR DF.1 OR DF.1.1 OR DG.1 OR DH.1 OR DJ.1 OR DJ.1.1 OR DJ.1.2 OR DJ.1.3 OR DK.1 OR DL.1 OR DM.1 OR DN.1 OR DN.1.1 OR DP.1 OR DQ.1 OR DR.1 OR DS.1 OR DT.1 OR DU.1 OR DV.1,Omicron,4.57142857142857,3.92857142857143,0.859375
2022-03-15,20,20,8.71428571428571,8.42857142857143,0.967213114754098,0.585530722559468,0.98773591237838,B.1.1.529 OR BA.1 OR BA.1.1 OR BA.1.1.1 OR BA.1.1.2 OR BA.1.1.3 OR BA.1.1.4 OR BA.1.1.5 OR BA.1.1.6 OR BA.1.1.7 OR BA.1.1.8 OR BA.1.1.9 OR BA.1.1.10 OR BA.1.1.11 OR BA.1.1.12 OR BA.1.1.13 OR BA.1.1.14 OR BA.1.1.15 OR BA.1.1.16 OR BA.1.1.17 OR BA.1.1.18 OR BA.1.2 OR BA.1.3 OR BA.1.4 OR BA.1.5 OR BA.1.6 OR BA.1.7 OR BA.1.8 OR BA.1.9 OR BA.1.10 OR BA.1.12 OR BA.1.13 OR BA.1.13.1 OR BA.1.14 OR BA.1.14.1 OR BA.1.14.2 OR BA.1.15 OR BA.1.15.1 OR BA.1.15.2 OR BA.1.15.3 OR BA.1.16 OR BA.1.16.1 OR BA.1.16.2 OR BA.1.17 OR BA.1.17.1 OR BA.1.17.2 OR BA.1.18 OR BA.1.19 OR BA.1.20 OR BA.1.21 OR BA.1.21.1 OR BA.1.22 OR BA.1.23 OR BA.1.24 OR BA.2 OR BA.2.1 OR BA.2.2 OR BA.2.2.1 OR BA.2.3 OR BA.2.3.1 OR BA.2.3.2 OR BA.2.3.4 OR BA.2.3.5 OR BA.2.3.6 OR BA.2.3.7 OR BA.2.3.8 OR BA.2.3.9 OR BA.2.3.10 OR BA.2.3.11 OR BA.2.3.12 OR BA.2.3.13 OR BA.2.3.14 OR BA.2.3.15 OR BA.2.3.16 OR BA.2.3.17 OR BA.2.3.18 OR BA.2.3.19 OR BA.2.3.20 OR BA.2.3.21 OR BA.2.3.22 OR BA.2.4 OR BA.2.5 OR BA.2.6 OR BA.2.7 OR BA.2.8 OR BA.2.9 OR BA.2.9.1 OR BA.2.9.2 OR BA.2.9.3 OR BA.2.9.4 OR BA.2.9.5 OR BA.2.9.6 OR BA.2.9.7 OR BA.2.10 OR BA.2.10.1 OR BA.2.10.2 OR BA.2.10.3 OR BA.2.10.4 OR BA.2.11 OR BA.2.12 OR BA.2.12.1 OR BA.2.12.2 OR BA.2.13 OR BA.2.13.1 OR BA.2.14 OR BA.2.15 OR BA.2.16 OR BA.2.17 OR BA.2.18 OR BA.2.19 OR BA.2.20 OR BA.2.21 OR BA.2.22 OR BA.2.23 OR BA.2.23.1 OR BA.2.24 OR BA.2.25 OR BA.2.25.1 OR BA.2.26 OR BA.2.27 OR BA.2.28 OR BA.2.29 OR BA.2.30 OR BA.2.31 OR BA.2.31.1 OR BA.2.32 OR BA.2.33 OR BA.2.34 OR BA.2.35 OR BA.2.36 OR BA.2.37 OR BA.2.38 OR BA.2.38.1 OR BA.2.38.2 OR BA.2.38.3 OR BA.2.38.4 OR BA.2.39 OR BA.2.40 OR BA.2.40.1 OR BA.2.41 OR BA.2.42 OR BA.2.43 OR BA.2.44 OR BA.2.45 OR BA.2.46 OR BA.2.47 OR BA.2.48 OR BA.2.49 OR BA.2.50 OR BA.2.51 OR BA.2.52 OR BA.2.53 OR BA.2.54 OR BA.2.55 OR BA.2.56 OR BA.2.56.1 OR BA.2.57 OR BA.2.58 OR BA.2.59 OR BA.2.60 OR BA.2.61 OR BA.2.62 OR BA.2.63 OR BA.2.64 OR BA.2.65 OR BA.2.66 OR BA.2.67 OR BA.2.68 OR BA.2.69 OR BA.2.70 OR BA.2.71 OR BA.2.72 OR BA.2.73 OR BA.2.74 OR BA.2.75 OR BA.2.75.1 OR BA.2.75.2 OR BA.2.75.3 OR BA.2.75.4 OR BA.2.75.5 OR BA.2.75.6 OR BA.2.75.7 OR BA.2.75.8 OR BA.2.75.9 OR BA.2.75.10 OR BA.2.76 OR BA.2.76.1 OR BA.2.76.2 OR BA.2.77 OR BA.2.78 OR BA.2.79 OR BA.2.79.1 OR BA.2.80 OR BA.2.81 OR BA.2.82 OR BA.2.83 OR BA.2.85 OR BA.3 OR BA.3.1 OR BA.4 OR BA.4.1 OR BA.4.1.1 OR BA.4.1.2 OR BA.4.1.3 OR BA.4.1.4 OR BA.4.1.5 OR BA.4.1.6 OR BA.4.1.7 OR BA.4.1.8 OR BA.4.1.9 OR BA.4.1.10 OR BA.4.2 OR BA.4.3 OR BA.4.4 OR BA.4.5 OR BA.4.6 OR BA.4.6.1 OR BA.4.6.2 OR BA.4.6.3 OR BA.4.6.4 OR BA.4.6.5 OR BA.4.7 OR BA.4.8 OR BA.5 OR BA.5.1 OR BA.5.1.1 OR BA.5.1.2 OR BA.5.1.3 OR BA.5.1.4 OR BA.5.1.5 OR BA.5.1.6 OR BA.5.1.7 OR BA.5.1.8 OR BA.5.1.9 OR BA.5.1.10 OR BA.5.1.11 OR BA.5.1.12 OR BA.5.1.14 OR BA.5.1.15 OR BA.5.1.16 OR BA.5.1.17 OR BA.5.1.18 OR BA.5.1.19 OR BA.5.1.20 OR BA.5.1.21 OR BA.5.1.22 OR BA.5.1.23 OR BA.5.1.24 OR BA.5.1.25 OR BA.5.1.26 OR BA.5.1.27 OR BA.5.1.28 OR BA.5.1.29 OR BA.5.1.30 OR BA.5.1.31 OR BA.5.1.32 OR BA.5.2 OR BA.5.2.1 OR BA.5.2.2 OR BA.5.2.3 OR BA.5.2.4 OR BA.5.2.5 OR BA.5.2.6 OR BA.5.2.7 OR BA.5.2.8 OR BA.5.2.9 OR BA.5.2.10 OR BA.5.2.11 OR BA.5.2.12 OR BA.5.2.13 OR BA.5.2.14 OR BA.5.2.16 OR BA.5.2.18 OR BA.5.2.19 OR BA.5.2.20 OR BA.5.2.21 OR BA.5.2.22 OR BA.5.2.23 OR BA.5.2.24 OR BA.5.2.25 OR BA.5.2.26 OR BA.5.2.27 OR BA.5.2.28 OR BA.5.2.29 OR BA.5.2.30 OR BA.5.2.31 OR BA.5.2.32 OR BA.5.2.33 OR BA.5.2.34 OR BA.5.2.35 OR BA.5.2.36 OR BA.5.2.37 OR BA.5.2.38 OR BA.5.2.39 OR BA.5.2.40 OR BA.5.2.41 OR BA.5.2.42 OR BA.5.2.43 OR BA.5.2.44 OR BA.5.2.45 OR BA.5.2.46 OR BA.5.2.47 OR BA.5.2.48 OR BA.5.2.49 OR BA.5.3 OR BA.5.3.1 OR BA.5.3.2 OR BA.5.3.3 OR BA.5.3.4 OR BA.5.3.5 OR BA.5.5 OR BA.5.5.1 OR BA.5.5.2 OR BA.5.5.3 OR BA.5.6 OR BA.5.6.1 OR BA.5.6.2 OR BA.5.6.3 OR BA.5.6.4 OR BA.5.7 OR BA.5.8 OR BA.5.9 OR BA.5.10 OR BA.5.10.1 OR BA.5.11 OR BC.1 OR BC.2 OR BD.1 OR BE.1 OR BE.1.1 OR BE.1.1.1 OR BE.1.1.2 OR BE.1.2 OR BE.1.2.1 OR BE.1.3 OR BE.1.4 OR BE.1.4.1 OR BE.1.4.2 OR BE.1.4.3 OR BE.1.4.4 OR BE.2 OR BE.3 OR BE.4 OR BE.4.1 OR BE.4.1.1 OR BE.4.2 OR BE.5 OR BE.6 OR BE.7 OR BE.8 OR BE.9 OR BE.10 OR BF.1 OR BF.1.1 OR BF.2 OR BF.3 OR BF.3.1 OR BF.4 OR BF.5 OR BF.5.1 OR BF.5.2 OR BF.6 OR BF.7 OR BF.7.1 OR BF.7.2 OR BF.7.3 OR BF.7.4 OR BF.7.4.1 OR BF.7.4.2 OR BF.7.5 OR BF.7.5.1 OR BF.7.6 OR BF.7.7 OR BF.7.8 OR BF.7.9 OR BF.7.10 OR BF.7.11 OR BF.7.12 OR BF.7.13 OR BF.7.13.1 OR BF.7.13.2 OR BF.7.14 OR BF.7.15 OR BF.8 OR BF.9 OR BF.10 OR BF.10.1 OR BF.11 OR BF.11.1 OR BF.11.2 OR BF.11.3 OR BF.11.4 OR BF.11.5 OR BF.12 OR BF.13 OR BF.14 OR BF.15 OR BF.16 OR BF.17 OR BF.18 OR BF.19 OR BF.20 OR BF.21 OR BF.22 OR BF.23 OR BF.24 OR BF.25 OR BF.26 OR BF.27 OR BF.28 OR BF.29 OR BF.30 OR BF.31 OR BF.31.1 OR BF.32 OR BF.33 OR BF.34 OR BG.1 OR BG.2 OR BG.3 OR BG.4 OR BG.5 OR BG.6 OR BG.7 OR BH.1 OR BJ.1 OR BK.1 OR BL.1 OR BL.1.1 OR BL.1.2 OR BL.1.3 OR BL.1.4 OR BL.2 OR BL.2.1 OR BL.3 OR BL.4 OR BL.5 OR BL.6 OR BM.1 OR BM.1.1 OR BM.1.1.1 OR BM.1.1.2 OR BM.1.1.3 OR BM.1.1.4 OR BM.1.1.5 OR BM.2 OR BM.2.1 OR BM.2.2 OR BM.2.3 OR BM.3 OR BM.4 OR BM.4.1 OR BM.4.1.1 OR BM.5 OR BM.6 OR BN.1 OR BN.1.1 OR BN.1.1.1 OR BN.1.2 OR BN.1.2.1 OR BN.1.3 OR BN.1.3.1 OR BN.1.3.2 OR BN.1.3.3 OR BN.1.3.4 OR BN.1.4 OR BN.1.4.1 OR BN.1.5 OR BN.1.5.1 OR BN.1.6 OR BN.1.7 OR BN.1.8 OR BN.1.9 OR BN.2 OR BN.2.1 OR BN.3 OR BN.3.1 OR BN.4 OR BN.5 OR BN.6 OR BP.1 OR BQ.1 OR BQ.1.1 OR BQ.1.1.1 OR BQ.1.1.2 OR BQ.1.1.3 OR BQ.1.1.4 OR BQ.1.1.5 OR BQ.1.1.6 OR BQ.1.1.7 OR BQ.1.1.8 OR BQ.1.1.9 OR BQ.1.1.10 OR BQ.1.1.11 OR BQ.1.1.12 OR BQ.1.1.13 OR BQ.1.1.14 OR BQ.1.1.15 OR BQ.1.1.16 OR BQ.1.1.17 OR BQ.1.1.18 OR BQ.1.1.19 OR BQ.1.1.20 OR BQ.1.1.21 OR BQ.1.1.22 OR BQ.1.1.23 OR BQ.1.1.24 OR BQ.1.1.25 OR BQ.1.1.26 OR BQ.1.1.27 OR BQ.1.1.28 OR BQ.1.1.29 OR BQ.1.1.30 OR BQ.1.1.31 OR BQ.1.1.32 OR BQ.1.1.34 OR BQ.1.1.35 OR BQ.1.1.36 OR BQ.1.2 OR BQ.1.3 OR BQ.1.4 OR BQ.1.5 OR BQ.1.6 OR BQ.1.7 OR BQ.1.8 OR BQ.1.8.1 OR BQ.1.8.2 OR BQ.1.9 OR BQ.1.10 OR BQ.1.10.1 OR BQ.1.11 OR BQ.1.12 OR BQ.1.13 OR BQ.1.13.1 OR BQ.1.14 OR BQ.1.15 OR BQ.1.16 OR BQ.1.17 OR BQ.1.18 OR BQ.1.19 OR BQ.1.20 OR BQ.1.21 OR BQ.1.22 OR BQ.1.23 OR BQ.1.24 OR BQ.1.25 OR BQ.1.25.1 OR BQ.1.26 OR BQ.1.26.1 OR BQ.1.27 OR BQ.1.28 OR BQ.2 OR BR.1 OR BR.1.1 OR BR.1.2 OR BR.2 OR BR.2.1 OR BR.3 OR BR.4 OR BS.1 OR BS.1.1 OR BS.1.2 OR BT.1 OR BT.2 OR BU.1 OR BU.2 OR BU.3 OR BV.1 OR BV.2 OR BW.1 OR BW.1.1 OR BY.1 OR BY.1.1 OR BY.1.1.1 OR BY.1.2 OR BY.1.2.1 OR BZ.1 OR CA.1 OR CA.2 OR CA.3 OR CA.3.1 OR CA.4 OR CA.5 OR CA.6 OR CA.7 OR CB.1 OR CC.1 OR CD.1 OR CD.2 OR CE.1 OR CF.1 OR CG.1 OR CH.1 OR CH.1.1 OR CH.1.1.1 OR CH.1.1.2 OR CH.1.1.3 OR CH.1.1.4 OR CH.1.1.5 OR CH.2 OR CH.3 OR CH.3.1 OR CJ.1 OR CJ.1.1 OR CK.1 OR CK.1.1 OR CK.1.2 OR CK.2 OR CK.2.1 OR CK.2.1.1 OR CK.3 OR CL.1 OR CM.1 OR CM.2 OR CM.2.1 OR CM.3 OR CM.4 OR CM.4.1 OR CM.5 OR CM.5.1 OR CM.5.2 OR CM.6 OR CM.6.1 OR CM.7 OR CM.8 OR CM.8.1 OR CM.9 OR CM.10 OR CM.11 OR CM.12 OR CN.1 OR CN.2 OR CP.1 OR CP.1.1 OR CP.1.2 OR CP.1.3 OR CP.2 OR CP.3 OR CP.4 OR CP.5 OR CP.6 OR CQ.1 OR CQ.1.1 OR CQ.2 OR CR.1 OR CR.1.1 OR CR.1.2 OR CR.1.3 OR CR.2 OR CS.1 OR CT.1 OR CU.1 OR CV.1 OR CV.2 OR CW.1 OR CY.1 OR CZ.1 OR DA.1 OR DB.1 OR DB.2 OR DC.1 OR DD.1 OR DE.1 OR DE.2 OR DF.1 OR DF.1.1 OR DG.1 OR DH.1 OR DJ.1 OR DJ.1.1 OR DJ.1.2 OR DJ.1.3 OR DK.1 OR DL.1 OR DM.1 OR DN.1 OR DN.1.1 OR DP.1 OR DQ.1 OR DR.1 OR DS.1 OR DT.1 OR DU.1 OR DV.1,Omicron,5.85714285714286,5.21428571428571,0.890243902439025
2022-03-16,14,14,10.1428571428571,9.85714285714286,0.971830985915493,0.78280373249079,0.999952109566842,B.1.1.529 OR BA.1 OR BA.1.1 OR BA.1.1.1 OR BA.1.1.2 OR BA.1.1.3 OR BA.1.1.4 OR BA.1.1.5 OR BA.1.1.6 OR BA.1.1.7 OR BA.1.1.8 OR BA.1.1.9 OR BA.1.1.10 OR BA.1.1.11 OR BA.1.1.12 OR BA.1.1.13 OR BA.1.1.14 OR BA.1.1.15 OR BA.1.1.16 OR BA.1.1.17 OR BA.1.1.18 OR BA.1.2 OR BA.1.3 OR BA.1.4 OR BA.1.5 OR BA.1.6 OR BA.1.7 OR BA.1.8 OR BA.1.9 OR BA.1.10 OR BA.1.12 OR BA.1.13 OR BA.1.13.1 OR BA.1.14 OR BA.1.14.1 OR BA.1.14.2 OR BA.1.15 OR BA.1.15.1 OR BA.1.15.2 OR BA.1.15.3 OR BA.1.16 OR BA.1.16.1 OR BA.1.16.2 OR BA.1.17 OR BA.1.17.1 OR BA.1.17.2 OR BA.1.18 OR BA.1.19 OR BA.1.20 OR BA.1.21 OR BA.1.21.1 OR BA.1.22 OR BA.1.23 OR BA.1.24 OR BA.2 OR BA.2.1 OR BA.2.2 OR BA.2.2.1 OR BA.2.3 OR BA.2.3.1 OR BA.2.3.2 OR BA.2.3.4 OR BA.2.3.5 OR BA.2.3.6 OR BA.2.3.7 OR BA.2.3.8 OR BA.2.3.9 OR BA.2.3.10 OR BA.2.3.11 OR BA.2.3.12 OR BA.2.3.13 OR BA.2.3.14 OR BA.2.3.15 OR BA.2.3.16 OR BA.2.3.17 OR BA.2.3.18 OR BA.2.3.19 OR BA.2.3.20 OR BA.2.3.21 OR BA.2.3.22 OR BA.2.4 OR BA.2.5 OR BA.2.6 OR BA.2.7 OR BA.2.8 OR BA.2.9 OR BA.2.9.1 OR BA.2.9.2 OR BA.2.9.3 OR BA.2.9.4 OR BA.2.9.5 OR BA.2.9.6 OR BA.2.9.7 OR BA.2.10 OR BA.2.10.1 OR BA.2.10.2 OR BA.2.10.3 OR BA.2.10.4 OR BA.2.11 OR BA.2.12 OR BA.2.12.1 OR BA.2.12.2 OR BA.2.13 OR BA.2.13.1 OR BA.2.14 OR BA.2.15 OR BA.2.16 OR BA.2.17 OR BA.2.18 OR BA.2.19 OR BA.2.20 OR BA.2.21 OR BA.2.22 OR BA.2.23 OR BA.2.23.1 OR BA.2.24 OR BA.2.25 OR BA.2.25.1 OR BA.2.26 OR BA.2.27 OR BA.2.28 OR BA.2.29 OR BA.2.30 OR BA.2.31 OR BA.2.31.1 OR BA.2.32 OR BA.2.33 OR BA.2.34 OR BA.2.35 OR BA.2.36 OR BA.2.37 OR BA.2.38 OR BA.2.38.1 OR BA.2.38.2 OR BA.2.38.3 OR BA.2.38.4 OR BA.2.39 OR BA.2.40 OR BA.2.40.1 OR BA.2.41 OR BA.2.42 OR BA.2.43 OR BA.2.44 OR BA.2.45 OR BA.2.46 OR BA.2.47 OR BA.2.48 OR BA.2.49 OR BA.2.50 OR BA.2.51 OR BA.2.52 OR BA.2.53 OR BA.2.54 OR BA.2.55 OR BA.2.56 OR BA.2.56.1 OR BA.2.57 OR BA.2.58 OR BA.2.59 OR BA.2.60 OR BA.2.61 OR BA.2.62 OR BA.2.63 OR BA.2.64 OR BA.2.65 OR BA.2.66 OR BA.2.67 OR BA.2.68 OR BA.2.69 OR BA.2.70 OR BA.2.71 OR BA.2.72 OR BA.2.73 OR BA.2.74 OR BA.2.75 OR BA.2.75.1 OR BA.2.75.2 OR BA.2.75.3 OR BA.2.75.4 OR BA.2.75.5 OR BA.2.75.6 OR BA.2.75.7 OR BA.2.75.8 OR BA.2.75.9 OR BA.2.75.10 OR BA.2.76 OR BA.2.76.1 OR BA.2.76.2 OR BA.2.77 OR BA.2.78 OR BA.2.79 OR BA.2.79.1 OR BA.2.80 OR BA.2.81 OR BA.2.82 OR BA.2.83 OR BA.2.85 OR BA.3 OR BA.3.1 OR BA.4 OR BA.4.1 OR BA.4.1.1 OR BA.4.1.2 OR BA.4.1.3 OR BA.4.1.4 OR BA.4.1.5 OR BA.4.1.6 OR BA.4.1.7 OR BA.4.1.8 OR BA.4.1.9 OR BA.4.1.10 OR BA.4.2 OR BA.4.3 OR BA.4.4 OR BA.4.5 OR BA.4.6 OR BA.4.6.1 OR BA.4.6.2 OR BA.4.6.3 OR BA.4.6.4 OR BA.4.6.5 OR BA.4.7 OR BA.4.8 OR BA.5 OR BA.5.1 OR BA.5.1.1 OR BA.5.1.2 OR BA.5.1.3 OR BA.5.1.4 OR BA.5.1.5 OR BA.5.1.6 OR BA.5.1.7 OR BA.5.1.8 OR BA.5.1.9 OR BA.5.1.10 OR BA.5.1.11 OR BA.5.1.12 OR BA.5.1.14 OR BA.5.1.15 OR BA.5.1.16 OR BA.5.1.17 OR BA.5.1.18 OR BA.5.1.19 OR BA.5.1.20 OR BA.5.1.21 OR BA.5.1.22 OR BA.5.1.23 OR BA.5.1.24 OR BA.5.1.25 OR BA.5.1.26 OR BA.5.1.27 OR BA.5.1.28 OR BA.5.1.29 OR BA.5.1.30 OR BA.5.1.31 OR BA.5.1.32 OR BA.5.2 OR BA.5.2.1 OR BA.5.2.2 OR BA.5.2.3 OR BA.5.2.4 OR BA.5.2.5 OR BA.5.2.6 OR BA.5.2.7 OR BA.5.2.8 OR BA.5.2.9 OR BA.5.2.10 OR BA.5.2.11 OR BA.5.2.12 OR BA.5.2.13 OR BA.5.2.14 OR BA.5.2.16 OR BA.5.2.18 OR BA.5.2.19 OR BA.5.2.20 OR BA.5.2.21 OR BA.5.2.22 OR BA.5.2.23 OR BA.5.2.24 OR BA.5.2.25 OR BA.5.2.26 OR BA.5.2.27 OR BA.5.2.28 OR BA.5.2.29 OR BA.5.2.30 OR BA.5.2.31 OR BA.5.2.32 OR BA.5.2.33 OR BA.5.2.34 OR BA.5.2.35 OR BA.5.2.36 OR BA.5.2.37 OR BA.5.2.38 OR BA.5.2.39 OR BA.5.2.40 OR BA.5.2.41 OR BA.5.2.42 OR BA.5.2.43 OR BA.5.2.44 OR BA.5.2.45 OR BA.5.2.46 OR BA.5.2.47 OR BA.5.2.48 OR BA.5.2.49 OR BA.5.3 OR BA.5.3.1 OR BA.5.3.2 OR BA.5.3.3 OR BA.5.3.4 OR BA.5.3.5 OR BA.5.5 OR BA.5.5.1 OR BA.5.5.2 OR BA.5.5.3 OR BA.5.6 OR BA.5.6.1 OR BA.5.6.2 OR BA.5.6.3 OR BA.5.6.4 OR BA.5.7 OR BA.5.8 OR BA.5.9 OR BA.5.10 OR BA.5.10.1 OR BA.5.11 OR BC.1 OR BC.2 OR BD.1 OR BE.1 OR BE.1.1 OR BE.1.1.1 OR BE.1.1.2 OR BE.1.2 OR BE.1.2.1 OR BE.1.3 OR BE.1.4 OR BE.1.4.1 OR BE.1.4.2 OR BE.1.4.3 OR BE.1.4.4 OR BE.2 OR BE.3 OR BE.4 OR BE.4.1 OR BE.4.1.1 OR BE.4.2 OR BE.5 OR BE.6 OR BE.7 OR BE.8 OR BE.9 OR BE.10 OR BF.1 OR BF.1.1 OR BF.2 OR BF.3 OR BF.3.1 OR BF.4 OR BF.5 OR BF.5.1 OR BF.5.2 OR BF.6 OR BF.7 OR BF.7.1 OR BF.7.2 OR BF.7.3 OR BF.7.4 OR BF.7.4.1 OR BF.7.4.2 OR BF.7.5 OR BF.7.5.1 OR BF.7.6 OR BF.7.7 OR BF.7.8 OR BF.7.9 OR BF.7.10 OR BF.7.11 OR BF.7.12 OR BF.7.13 OR BF.7.13.1 OR BF.7.13.2 OR BF.7.14 OR BF.7.15 OR BF.8 OR BF.9 OR BF.10 OR BF.10.1 OR BF.11 OR BF.11.1 OR BF.11.2 OR BF.11.3 OR BF.11.4 OR BF.11.5 OR BF.12 OR BF.13 OR BF.14 OR BF.15 OR BF.16 OR BF.17 OR BF.18 OR BF.19 OR BF.20 OR BF.21 OR BF.22 OR BF.23 OR BF.24 OR BF.25 OR BF.26 OR BF.27 OR BF.28 OR BF.29 OR BF.30 OR BF.31 OR BF.31.1 OR BF.32 OR BF.33 OR BF.34 OR BG.1 OR BG.2 OR BG.3 OR BG.4 OR BG.5 OR BG.6 OR BG.7 OR BH.1 OR BJ.1 OR BK.1 OR BL.1 OR BL.1.1 OR BL.1.2 OR BL.1.3 OR BL.1.4 OR BL.2 OR BL.2.1 OR BL.3 OR BL.4 OR BL.5 OR BL.6 OR BM.1 OR BM.1.1 OR BM.1.1.1 OR BM.1.1.2 OR BM.1.1.3 OR BM.1.1.4 OR BM.1.1.5 OR BM.2 OR BM.2.1 OR BM.2.2 OR BM.2.3 OR BM.3 OR BM.4 OR BM.4.1 OR BM.4.1.1 OR BM.5 OR BM.6 OR BN.1 OR BN.1.1 OR BN.1.1.1 OR BN.1.2 OR BN.1.2.1 OR BN.1.3 OR BN.1.3.1 OR BN.1.3.2 OR BN.1.3.3 OR BN.1.3.4 OR BN.1.4 OR BN.1.4.1 OR BN.1.5 OR BN.1.5.1 OR BN.1.6 OR BN.1.7 OR BN.1.8 OR BN.1.9 OR BN.2 OR BN.2.1 OR BN.3 OR BN.3.1 OR BN.4 OR BN.5 OR BN.6 OR BP.1 OR BQ.1 OR BQ.1.1 OR BQ.1.1.1 OR BQ.1.1.2 OR BQ.1.1.3 OR BQ.1.1.4 OR BQ.1.1.5 OR BQ.1.1.6 OR BQ.1.1.7 OR BQ.1.1.8 OR BQ.1.1.9 OR BQ.1.1.10 OR BQ.1.1.11 OR BQ.1.1.12 OR BQ.1.1.13 OR BQ.1.1.14 OR BQ.1.1.15 OR BQ.1.1.16 OR BQ.1.1.17 OR BQ.1.1.18 OR BQ.1.1.19 OR BQ.1.1.20 OR BQ.1.1.21 OR BQ.1.1.22 OR BQ.1.1.23 OR BQ.1.1.24 OR BQ.1.1.25 OR BQ.1.1.26 OR BQ.1.1.27 OR BQ.1.1.28 OR BQ.1.1.29 OR BQ.1.1.30 OR BQ.1.1.31 OR BQ.1.1.32 OR BQ.1.1.34 OR BQ.1.1.35 OR BQ.1.1.36 OR BQ.1.2 OR BQ.1.3 OR BQ.1.4 OR BQ.1.5 OR BQ.1.6 OR BQ.1.7 OR BQ.1.8 OR BQ.1.8.1 OR BQ.1.8.2 OR BQ.1.9 OR BQ.1.10 OR BQ.1.10.1 OR BQ.1.11 OR BQ.1.12 OR BQ.1.13 OR BQ.1.13.1 OR BQ.1.14 OR BQ.1.15 OR BQ.1.16 OR BQ.1.17 OR BQ.1.18 OR BQ.1.19 OR BQ.1.20 OR BQ.1.21 OR BQ.1.22 OR BQ.1.23 OR BQ.1.24 OR BQ.1.25 OR BQ.1.25.1 OR BQ.1.26 OR BQ.1.26.1 OR BQ.1.27 OR BQ.1.28 OR BQ.2 OR BR.1 OR BR.1.1 OR BR.1.2 OR BR.2 OR BR.2.1 OR BR.3 OR BR.4 OR BS.1 OR BS.1.1 OR BS.1.2 OR BT.1 OR BT.2 OR BU.1 OR BU.2 OR BU.3 OR BV.1 OR BV.2 OR BW.1 OR BW.1.1 OR BY.1 OR BY.1.1 OR BY.1.1.1 OR BY.1.2 OR BY.1.2.1 OR BZ.1 OR CA.1 OR CA.2 OR CA.3 OR CA.3.1 OR CA.4 OR CA.5 OR CA.6 OR CA.7 OR CB.1 OR CC.1 OR CD.1 OR CD.2 OR CE.1 OR CF.1 OR CG.1 OR CH.1 OR CH.1.1 OR CH.1.1.1 OR CH.1.1.2 OR CH.1.1.3 OR CH.1.1.4 OR CH.1.1.5 OR CH.2 OR CH.3 OR CH.3.1 OR CJ.1 OR CJ.1.1 OR CK.1 OR CK.1.1 OR CK.1.2 OR CK.2 OR CK.2.1 OR CK.2.1.1 OR CK.3 OR CL.1 OR CM.1 OR CM.2 OR CM.2.1 OR CM.3 OR CM.4 OR CM.4.1 OR CM.5 OR CM.5.1 OR CM.5.2 OR CM.6 OR CM.6.1 OR CM.7 OR CM.8 OR CM.8.1 OR CM.9 OR CM.10 OR CM.11 OR CM.12 OR CN.1 OR CN.2 OR CP.1 OR CP.1.1 OR CP.1.2 OR CP.1.3 OR CP.2 OR CP.3 OR CP.4 OR CP.5 OR CP.6 OR CQ.1 OR CQ.1.1 OR CQ.2 OR CR.1 OR CR.1.1 OR CR.1.2 OR CR.1.3 OR CR.2 OR CS.1 OR CT.1 OR CU.1 OR CV.1 OR CV.2 OR CW.1 OR CY.1 OR CZ.1 OR DA.1 OR DB.1 OR DB.2 OR DC.1 OR DD.1 OR DE.1 OR DE.2 OR DF.1 OR DF.1.1 OR DG.1 OR DH.1 OR DJ.1 OR DJ.1.1 OR DJ.1.2 OR DJ.1.3 OR DK.1 OR DL.1 OR DM.1 OR DN.1 OR DN.1.1 OR DP.1 OR DQ.1 OR DR.1 OR DS.1 OR DT.1 OR DU.1 OR DV.1,Omicron,6.57142857142857,5.92857142857143,0.902173913043478
2022-03-18,2,2,10.3333333333333,10.1666666666667,0.983870967741935,0.78280373249079,0.999952109566842,B.1.1.529 OR BA.1 OR BA.1.1 OR BA.1.1.1 OR BA.1.1.2 OR BA.1.1.3 OR BA.1.1.4 OR BA.1.1.5 OR BA.1.1.6 OR BA.1.1.7 OR BA.1.1.8 OR BA.1.1.9 OR BA.1.1.10 OR BA.1.1.11 OR BA.1.1.12 OR BA.1.1.13 OR BA.1.1.14 OR BA.1.1.15 OR BA.1.1.16 OR BA.1.1.17 OR BA.1.1.18 OR BA.1.2 OR BA.1.3 OR BA.1.4 OR BA.1.5 OR BA.1.6 OR BA.1.7 OR BA.1.8 OR BA.1.9 OR BA.1.10 OR BA.1.12 OR BA.1.13 OR BA.1.13.1 OR BA.1.14 OR BA.1.14.1 OR BA.1.14.2 OR BA.1.15 OR BA.1.15.1 OR BA.1.15.2 OR BA.1.15.3 OR BA.1.16 OR BA.1.16.1 OR BA.1.16.2 OR BA.1.17 OR BA.1.17.1 OR BA.1.17.2 OR BA.1.18 OR BA.1.19 OR BA.1.20 OR BA.1.21 OR BA.1.21.1 OR BA.1.22 OR BA.1.23 OR BA.1.24 OR BA.2 OR BA.2.1 OR BA.2.2 OR BA.2.2.1 OR BA.2.3 OR BA.2.3.1 OR BA.2.3.2 OR BA.2.3.4 OR BA.2.3.5 OR BA.2.3.6 OR BA.2.3.7 OR BA.2.3.8 OR BA.2.3.9 OR BA.2.3.10 OR BA.2.3.11 OR BA.2.3.12 OR BA.2.3.13 OR BA.2.3.14 OR BA.2.3.15 OR BA.2.3.16 OR BA.2.3.17 OR BA.2.3.18 OR BA.2.3.19 OR BA.2.3.20 OR BA.2.3.21 OR BA.2.3.22 OR BA.2.4 OR BA.2.5 OR BA.2.6 OR BA.2.7 OR BA.2.8 OR BA.2.9 OR BA.2.9.1 OR BA.2.9.2 OR BA.2.9.3 OR BA.2.9.4 OR BA.2.9.5 OR BA.2.9.6 OR BA.2.9.7 OR BA.2.10 OR BA.2.10.1 OR BA.2.10.2 OR BA.2.10.3 OR BA.2.10.4 OR BA.2.11 OR BA.2.12 OR BA.2.12.1 OR BA.2.12.2 OR BA.2.13 OR BA.2.13.1 OR BA.2.14 OR BA.2.15 OR BA.2.16 OR BA.2.17 OR BA.2.18 OR BA.2.19 OR BA.2.20 OR BA.2.21 OR BA.2.22 OR BA.2.23 OR BA.2.23.1 OR BA.2.24 OR BA.2.25 OR BA.2.25.1 OR BA.2.26 OR BA.2.27 OR BA.2.28 OR BA.2.29 OR BA.2.30 OR BA.2.31 OR BA.2.31.1 OR BA.2.32 OR BA.2.33 OR BA.2.34 OR BA.2.35 OR BA.2.36 OR BA.2.37 OR BA.2.38 OR BA.2.38.1 OR BA.2.38.2 OR BA.2.38.3 OR BA.2.38.4 OR BA.2.39 OR BA.2.40 OR BA.2.40.1 OR BA.2.41 OR BA.2.42 OR BA.2.43 OR BA.2.44 OR BA.2.45 OR BA.2.46 OR BA.2.47 OR BA.2.48 OR BA.2.49 OR BA.2.50 OR BA.2.51 OR BA.2.52 OR BA.2.53 OR BA.2.54 OR BA.2.55 OR BA.2.56 OR BA.2.56.1 OR BA.2.57 OR BA.2.58 OR BA.2.59 OR BA.2.60 OR BA.2.61 OR BA.2.62 OR BA.2.63 OR BA.2.64 OR BA.2.65 OR BA.2.66 OR BA.2.67 OR BA.2.68 OR BA.2.69 OR BA.2.70 OR BA.2.71 OR BA.2.72 OR BA.2.73 OR BA.2.74 OR BA.2.75 OR BA.2.75.1 OR BA.2.75.2 OR BA.2.75.3 OR BA.2.75.4 OR BA.2.75.5 OR BA.2.75.6 OR BA.2.75.7 OR BA.2.75.8 OR BA.2.75.9 OR BA.2.75.10 OR BA.2.76 OR BA.2.76.1 OR BA.2.76.2 OR BA.2.77 OR BA.2.78 OR BA.2.79 OR BA.2.79.1 OR BA.2.80 OR BA.2.81 OR BA.2.82 OR BA.2.83 OR BA.2.85 OR BA.3 OR BA.3.1 OR BA.4 OR BA.4.1 OR BA.4.1.1 OR BA.4.1.2 OR BA.4.1.3 OR BA.4.1.4 OR BA.4.1.5 OR BA.4.1.6 OR BA.4.1.7 OR BA.4.1.8 OR BA.4.1.9 OR BA.4.1.10 OR BA.4.2 OR BA.4.3 OR BA.4.4 OR BA.4.5 OR BA.4.6 OR BA.4.6.1 OR BA.4.6.2 OR BA.4.6.3 OR BA.4.6.4 OR BA.4.6.5 OR BA.4.7 OR BA.4.8 OR BA.5 OR BA.5.1 OR BA.5.1.1 OR BA.5.1.2 OR BA.5.1.3 OR BA.5.1.4 OR BA.5.1.5 OR BA.5.1.6 OR BA.5.1.7 OR BA.5.1.8 OR BA.5.1.9 OR BA.5.1.10 OR BA.5.1.11 OR BA.5.1.12 OR BA.5.1.14 OR BA.5.1.15 OR BA.5.1.16 OR BA.5.1.17 OR BA.5.1.18 OR BA.5.1.19 OR BA.5.1.20 OR BA.5.1.21 OR BA.5.1.22 OR BA.5.1.23 OR BA.5.1.24 OR BA.5.1.25 OR BA.5.1.26 OR BA.5.1.27 OR BA.5.1.28 OR BA.5.1.29 OR BA.5.1.30 OR BA.5.1.31 OR BA.5.1.32 OR BA.5.2 OR BA.5.2.1 OR BA.5.2.2 OR BA.5.2.3 OR BA.5.2.4 OR BA.5.2.5 OR BA.5.2.6 OR BA.5.2.7 OR BA.5.2.8 OR BA.5.2.9 OR BA.5.2.10 OR BA.5.2.11 OR BA.5.2.12 OR BA.5.2.13 OR BA.5.2.14 OR BA.5.2.16 OR BA.5.2.18 OR BA.5.2.19 OR BA.5.2.20 OR BA.5.2.21 OR BA.5.2.22 OR BA.5.2.23 OR BA.5.2.24 OR BA.5.2.25 OR BA.5.2.26 OR BA.5.2.27 OR BA.5.2.28 OR BA.5.2.29 OR BA.5.2.30 OR BA.5.2.31 OR BA.5.2.32 OR BA.5.2.33 OR BA.5.2.34 OR BA.5.2.35 OR BA.5.2.36 OR BA.5.2.37 OR BA.5.2.38 OR BA.5.2.39 OR BA.5.2.40 OR BA.5.2.41 OR BA.5.2.42 OR BA.5.2.43 OR BA.5.2.44 OR BA.5.2.45 OR BA.5.2.46 OR BA.5.2.47 OR BA.5.2.48 OR BA.5.2.49 OR BA.5.3 OR BA.5.3.1 OR BA.5.3.2 OR BA.5.3.3 OR BA.5.3.4 OR BA.5.3.5 OR BA.5.5 OR BA.5.5.1 OR BA.5.5.2 OR BA.5.5.3 OR BA.5.6 OR BA.5.6.1 OR BA.5.6.2 OR BA.5.6.3 OR BA.5.6.4 OR BA.5.7 OR BA.5.8 OR BA.5.9 OR BA.5.10 OR BA.5.10.1 OR BA.5.11 OR BC.1 OR BC.2 OR BD.1 OR BE.1 OR BE.1.1 OR BE.1.1.1 OR BE.1.1.2 OR BE.1.2 OR BE.1.2.1 OR BE.1.3 OR BE.1.4 OR BE.1.4.1 OR BE.1.4.2 OR BE.1.4.3 OR BE.1.4.4 OR BE.2 OR BE.3 OR BE.4 OR BE.4.1 OR BE.4.1.1 OR BE.4.2 OR BE.5 OR BE.6 OR BE.7 OR BE.8 OR BE.9 OR BE.10 OR BF.1 OR BF.1.1 OR BF.2 OR BF.3 OR BF.3.1 OR BF.4 OR BF.5 OR BF.5.1 OR BF.5.2 OR BF.6 OR BF.7 OR BF.7.1 OR BF.7.2 OR BF.7.3 OR BF.7.4 OR BF.7.4.1 OR BF.7.4.2 OR BF.7.5 OR BF.7.5.1 OR BF.7.6 OR BF.7.7 OR BF.7.8 OR BF.7.9 OR BF.7.10 OR BF.7.11 OR BF.7.12 OR BF.7.13 OR BF.7.13.1 OR BF.7.13.2 OR BF.7.14 OR BF.7.15 OR BF.8 OR BF.9 OR BF.10 OR BF.10.1 OR BF.11 OR BF.11.1 OR BF.11.2 OR BF.11.3 OR BF.11.4 OR BF.11.5 OR BF.12 OR BF.13 OR BF.14 OR BF.15 OR BF.16 OR BF.17 OR BF.18 OR BF.19 OR BF.20 OR BF.21 OR BF.22 OR BF.23 OR BF.24 OR BF.25 OR BF.26 OR BF.27 OR BF.28 OR BF.29 OR BF.30 OR BF.31 OR BF.31.1 OR BF.32 OR BF.33 OR BF.34 OR BG.1 OR BG.2 OR BG.3 OR BG.4 OR BG.5 OR BG.6 OR BG.7 OR BH.1 OR BJ.1 OR BK.1 OR BL.1 OR BL.1.1 OR BL.1.2 OR BL.1.3 OR BL.1.4 OR BL.2 OR BL.2.1 OR BL.3 OR BL.4 OR BL.5 OR BL.6 OR BM.1 OR BM.1.1 OR BM.1.1.1 OR BM.1.1.2 OR BM.1.1.3 OR BM.1.1.4 OR BM.1.1.5 OR BM.2 OR BM.2.1 OR BM.2.2 OR BM.2.3 OR BM.3 OR BM.4 OR BM.4.1 OR BM.4.1.1 OR BM.5 OR BM.6 OR BN.1 OR BN.1.1 OR BN.1.1.1 OR BN.1.2 OR BN.1.2.1 OR BN.1.3 OR BN.1.3.1 OR BN.1.3.2 OR BN.1.3.3 OR BN.1.3.4 OR BN.1.4 OR BN.1.4.1 OR BN.1.5 OR BN.1.5.1 OR BN.1.6 OR BN.1.7 OR BN.1.8 OR BN.1.9 OR BN.2 OR BN.2.1 OR BN.3 OR BN.3.1 OR BN.4 OR BN.5 OR BN.6 OR BP.1 OR BQ.1 OR BQ.1.1 OR BQ.1.1.1 OR BQ.1.1.2 OR BQ.1.1.3 OR BQ.1.1.4 OR BQ.1.1.5 OR BQ.1.1.6 OR BQ.1.1.7 OR BQ.1.1.8 OR BQ.1.1.9 OR BQ.1.1.10 OR BQ.1.1.11 OR BQ.1.1.12 OR BQ.1.1.13 OR BQ.1.1.14 OR BQ.1.1.15 OR BQ.1.1.16 OR BQ.1.1.17 OR BQ.1.1.18 OR BQ.1.1.19 OR BQ.1.1.20 OR BQ.1.1.21 OR BQ.1.1.22 OR BQ.1.1.23 OR BQ.1.1.24 OR BQ.1.1.25 OR BQ.1.1.26 OR BQ.1.1.27 OR BQ.1.1.28 OR BQ.1.1.29 OR BQ.1.1.30 OR BQ.1.1.31 OR BQ.1.1.32 OR BQ.1.1.34 OR BQ.1.1.35 OR BQ.1.1.36 OR BQ.1.2 OR BQ.1.3 OR BQ.1.4 OR BQ.1.5 OR BQ.1.6 OR BQ.1.7 OR BQ.1.8 OR BQ.1.8.1 OR BQ.1.8.2 OR BQ.1.9 OR BQ.1.10 OR BQ.1.10.1 OR BQ.1.11 OR BQ.1.12 OR BQ.1.13 OR BQ.1.13.1 OR BQ.1.14 OR BQ.1.15 OR BQ.1.16 OR BQ.1.17 OR BQ.1.18 OR BQ.1.19 OR BQ.1.20 OR BQ.1.21 OR BQ.1.22 OR BQ.1.23 OR BQ.1.24 OR BQ.1.25 OR BQ.1.25.1 OR BQ.1.26 OR BQ.1.26.1 OR BQ.1.27 OR BQ.1.28 OR BQ.2 OR BR.1 OR BR.1.1 OR BR.1.2 OR BR.2 OR BR.2.1 OR BR.3 OR BR.4 OR BS.1 OR BS.1.1 OR BS.1.2 OR BT.1 OR BT.2 OR BU.1 OR BU.2 OR BU.3 OR BV.1 OR BV.2 OR BW.1 OR BW.1.1 OR BY.1 OR BY.1.1 OR BY.1.1.1 OR BY.1.2 OR BY.1.2.1 OR BZ.1 OR CA.1 OR CA.2 OR CA.3 OR CA.3.1 OR CA.4 OR CA.5 OR CA.6 OR CA.7 OR CB.1 OR CC.1 OR CD.1 OR CD.2 OR CE.1 OR CF.1 OR CG.1 OR CH.1 OR CH.1.1 OR CH.1.1.1 OR CH.1.1.2 OR CH.1.1.3 OR CH.1.1.4 OR CH.1.1.5 OR CH.2 OR CH.3 OR CH.3.1 OR CJ.1 OR CJ.1.1 OR CK.1 OR CK.1.1 OR CK.1.2 OR CK.2 OR CK.2.1 OR CK.2.1.1 OR CK.3 OR CL.1 OR CM.1 OR CM.2 OR CM.2.1 OR CM.3 OR CM.4 OR CM.4.1 OR CM.5 OR CM.5.1 OR CM.5.2 OR CM.6 OR CM.6.1 OR CM.7 OR CM.8 OR CM.8.1 OR CM.9 OR CM.10 OR CM.11 OR CM.12 OR CN.1 OR CN.2 OR CP.1 OR CP.1.1 OR CP.1.2 OR CP.1.3 OR CP.2 OR CP.3 OR CP.4 OR CP.5 OR CP.6 OR CQ.1 OR CQ.1.1 OR CQ.2 OR CR.1 OR CR.1.1 OR CR.1.2 OR CR.1.3 OR CR.2 OR CS.1 OR CT.1 OR CU.1 OR CV.1 OR CV.2 OR CW.1 OR CY.1 OR CZ.1 OR DA.1 OR DB.1 OR DB.2 OR DC.1 OR DD.1 OR DE.1 OR DE.2 OR DF.1 OR DF.1.1 OR DG.1 OR DH.1 OR DJ.1 OR DJ.1.1 OR DJ.1.2 OR DJ.1.3 OR DK.1 OR DL.1 OR DM.1 OR DN.1 OR DN.1.1 OR DP.1 OR DQ.1 OR DR.1 OR DS.1 OR DT.1 OR DU.1 OR DV.1,Omicron,6.57142857142857,5.92857142857143,0.902173913043478
2022-03-19,1,1,10.1666666666667,10,0.983606557377049,0.78280373249079,0.999952109566842,B.1.1.529 OR BA.1 OR BA.1.1 OR BA.1.1.1 OR BA.1.1.2 OR BA.1.1.3 OR BA.1.1.4 OR BA.1.1.5 OR BA.1.1.6 OR BA.1.1.7 OR BA.1.1.8 OR BA.1.1.9 OR BA.1.1.10 OR BA.1.1.11 OR BA.1.1.12 OR BA.1.1.13 OR BA.1.1.14 OR BA.1.1.15 OR BA.1.1.16 OR BA.1.1.17 OR BA.1.1.18 OR BA.1.2 OR BA.1.3 OR BA.1.4 OR BA.1.5 OR BA.1.6 OR BA.1.7 OR BA.1.8 OR BA.1.9 OR BA.1.10 OR BA.1.12 OR BA.1.13 OR BA.1.13.1 OR BA.1.14 OR BA.1.14.1 OR BA.1.14.2 OR BA.1.15 OR BA.1.15.1 OR BA.1.15.2 OR BA.1.15.3 OR BA.1.16 OR BA.1.16.1 OR BA.1.16.2 OR BA.1.17 OR BA.1.17.1 OR BA.1.17.2 OR BA.1.18 OR BA.1.19 OR BA.1.20 OR BA.1.21 OR BA.1.21.1 OR BA.1.22 OR BA.1.23 OR BA.1.24 OR BA.2 OR BA.2.1 OR BA.2.2 OR BA.2.2.1 OR BA.2.3 OR BA.2.3.1 OR BA.2.3.2 OR BA.2.3.4 OR BA.2.3.5 OR BA.2.3.6 OR BA.2.3.7 OR BA.2.3.8 OR BA.2.3.9 OR BA.2.3.10 OR BA.2.3.11 OR BA.2.3.12 OR BA.2.3.13 OR BA.2.3.14 OR BA.2.3.15 OR BA.2.3.16 OR BA.2.3.17 OR BA.2.3.18 OR BA.2.3.19 OR BA.2.3.20 OR BA.2.3.21 OR BA.2.3.22 OR BA.2.4 OR BA.2.5 OR BA.2.6 OR BA.2.7 OR BA.2.8 OR BA.2.9 OR BA.2.9.1 OR BA.2.9.2 OR BA.2.9.3 OR BA.2.9.4 OR BA.2.9.5 OR BA.2.9.6 OR BA.2.9.7 OR BA.2.10 OR BA.2.10.1 OR BA.2.10.2 OR BA.2.10.3 OR BA.2.10.4 OR BA.2.11 OR BA.2.12 OR BA.2.12.1 OR BA.2.12.2 OR BA.2.13 OR BA.2.13.1 OR BA.2.14 OR BA.2.15 OR BA.2.16 OR BA.2.17 OR BA.2.18 OR BA.2.19 OR BA.2.20 OR BA.2.21 OR BA.2.22 OR BA.2.23 OR BA.2.23.1 OR BA.2.24 OR BA.2.25 OR BA.2.25.1 OR BA.2.26 OR BA.2.27 OR BA.2.28 OR BA.2.29 OR BA.2.30 OR BA.2.31 OR BA.2.31.1 OR BA.2.32 OR BA.2.33 OR BA.2.34 OR BA.2.35 OR BA.2.36 OR BA.2.37 OR BA.2.38 OR BA.2.38.1 OR BA.2.38.2 OR BA.2.38.3 OR BA.2.38.4 OR BA.2.39 OR BA.2.40 OR BA.2.40.1 OR BA.2.41 OR BA.2.42 OR BA.2.43 OR BA.2.44 OR BA.2.45 OR BA.2.46 OR BA.2.47 OR BA.2.48 OR BA.2.49 OR BA.2.50 OR BA.2.51 OR BA.2.52 OR BA.2.53 OR BA.2.54 OR BA.2.55 OR BA.2.56 OR BA.2.56.1 OR BA.2.57 OR BA.2.58 OR BA.2.59 OR BA.2.60 OR BA.2.61 OR BA.2.62 OR BA.2.63 OR BA.2.64 OR BA.2.65 OR BA.2.66 OR BA.2.67 OR BA.2.68 OR BA.2.69 OR BA.2.70 OR BA.2.71 OR BA.2.72 OR BA.2.73 OR BA.2.74 OR BA.2.75 OR BA.2.75.1 OR BA.2.75.2 OR BA.2.75.3 OR BA.2.75.4 OR BA.2.75.5 OR BA.2.75.6 OR BA.2.75.7 OR BA.2.75.8 OR BA.2.75.9 OR BA.2.75.10 OR BA.2.76 OR BA.2.76.1 OR BA.2.76.2 OR BA.2.77 OR BA.2.78 OR BA.2.79 OR BA.2.79.1 OR BA.2.80 OR BA.2.81 OR BA.2.82 OR BA.2.83 OR BA.2.85 OR BA.3 OR BA.3.1 OR BA.4 OR BA.4.1 OR BA.4.1.1 OR BA.4.1.2 OR BA.4.1.3 OR BA.4.1.4 OR BA.4.1.5 OR BA.4.1.6 OR BA.4.1.7 OR BA.4.1.8 OR BA.4.1.9 OR BA.4.1.10 OR BA.4.2 OR BA.4.3 OR BA.4.4 OR BA.4.5 OR BA.4.6 OR BA.4.6.1 OR BA.4.6.2 OR BA.4.6.3 OR BA.4.6.4 OR BA.4.6.5 OR BA.4.7 OR BA.4.8 OR BA.5 OR BA.5.1 OR BA.5.1.1 OR BA.5.1.2 OR BA.5.1.3 OR BA.5.1.4 OR BA.5.1.5 OR BA.5.1.6 OR BA.5.1.7 OR BA.5.1.8 OR BA.5.1.9 OR BA.5.1.10 OR BA.5.1.11 OR BA.5.1.12 OR BA.5.1.14 OR BA.5.1.15 OR BA.5.1.16 OR BA.5.1.17 OR BA.5.1.18 OR BA.5.1.19 OR BA.5.1.20 OR BA.5.1.21 OR BA.5.1.22 OR BA.5.1.23 OR BA.5.1.24 OR BA.5.1.25 OR BA.5.1.26 OR BA.5.1.27 OR BA.5.1.28 OR BA.5.1.29 OR BA.5.1.30 OR BA.5.1.31 OR BA.5.1.32 OR BA.5.2 OR BA.5.2.1 OR BA.5.2.2 OR BA.5.2.3 OR BA.5.2.4 OR BA.5.2.5 OR BA.5.2.6 OR BA.5.2.7 OR BA.5.2.8 OR BA.5.2.9 OR BA.5.2.10 OR BA.5.2.11 OR BA.5.2.12 OR BA.5.2.13 OR BA.5.2.14 OR BA.5.2.16 OR BA.5.2.18 OR BA.5.2.19 OR BA.5.2.20 OR BA.5.2.21 OR BA.5.2.22 OR BA.5.2.23 OR BA.5.2.24 OR BA.5.2.25 OR BA.5.2.26 OR BA.5.2.27 OR BA.5.2.28 OR BA.5.2.29 OR BA.5.2.30 OR BA.5.2.31 OR BA.5.2.32 OR BA.5.2.33 OR BA.5.2.34 OR BA.5.2.35 OR BA.5.2.36 OR BA.5.2.37 OR BA.5.2.38 OR BA.5.2.39 OR BA.5.2.40 OR BA.5.2.41 OR BA.5.2.42 OR BA.5.2.43 OR BA.5.2.44 OR BA.5.2.45 OR BA.5.2.46 OR BA.5.2.47 OR BA.5.2.48 OR BA.5.2.49 OR BA.5.3 OR BA.5.3.1 OR BA.5.3.2 OR BA.5.3.3 OR BA.5.3.4 OR BA.5.3.5 OR BA.5.5 OR BA.5.5.1 OR BA.5.5.2 OR BA.5.5.3 OR BA.5.6 OR BA.5.6.1 OR BA.5.6.2 OR BA.5.6.3 OR BA.5.6.4 OR BA.5.7 OR BA.5.8 OR BA.5.9 OR BA.5.10 OR BA.5.10.1 OR BA.5.11 OR BC.1 OR BC.2 OR BD.1 OR BE.1 OR BE.1.1 OR BE.1.1.1 OR BE.1.1.2 OR BE.1.2 OR BE.1.2.1 OR BE.1.3 OR BE.1.4 OR BE.1.4.1 OR BE.1.4.2 OR BE.1.4.3 OR BE.1.4.4 OR BE.2 OR BE.3 OR BE.4 OR BE.4.1 OR BE.4.1.1 OR BE.4.2 OR BE.5 OR BE.6 OR BE.7 OR BE.8 OR BE.9 OR BE.10 OR BF.1 OR BF.1.1 OR BF.2 OR BF.3 OR BF.3.1 OR BF.4 OR BF.5 OR BF.5.1 OR BF.5.2 OR BF.6 OR BF.7 OR BF.7.1 OR BF.7.2 OR BF.7.3 OR BF.7.4 OR BF.7.4.1 OR BF.7.4.2 OR BF.7.5 OR BF.7.5.1 OR BF.7.6 OR BF.7.7 OR BF.7.8 OR BF.7.9 OR BF.7.10 OR BF.7.11 OR BF.7.12 OR BF.7.13 OR BF.7.13.1 OR BF.7.13.2 OR BF.7.14 OR BF.7.15 OR BF.8 OR BF.9 OR BF.10 OR BF.10.1 OR BF.11 OR BF.11.1 OR BF.11.2 OR BF.11.3 OR BF.11.4 OR BF.11.5 OR BF.12 OR BF.13 OR BF.14 OR BF.15 OR BF.16 OR BF.17 OR BF.18 OR BF.19 OR BF.20 OR BF.21 OR BF.22 OR BF.23 OR BF.24 OR BF.25 OR BF.26 OR BF.27 OR BF.28 OR BF.29 OR BF.30 OR BF.31 OR BF.31.1 OR BF.32 OR BF.33 OR BF.34 OR BG.1 OR BG.2 OR BG.3 OR BG.4 OR BG.5 OR BG.6 OR BG.7 OR BH.1 OR BJ.1 OR BK.1 OR BL.1 OR BL.1.1 OR BL.1.2 OR BL.1.3 OR BL.1.4 OR BL.2 OR BL.2.1 OR BL.3 OR BL.4 OR BL.5 OR BL.6 OR BM.1 OR BM.1.1 OR BM.1.1.1 OR BM.1.1.2 OR BM.1.1.3 OR BM.1.1.4 OR BM.1.1.5 OR BM.2 OR BM.2.1 OR BM.2.2 OR BM.2.3 OR BM.3 OR BM.4 OR BM.4.1 OR BM.4.1.1 OR BM.5 OR BM.6 OR BN.1 OR BN.1.1 OR BN.1.1.1 OR BN.1.2 OR BN.1.2.1 OR BN.1.3 OR BN.1.3.1 OR BN.1.3.2 OR BN.1.3.3 OR BN.1.3.4 OR BN.1.4 OR BN.1.4.1 OR BN.1.5 OR BN.1.5.1 OR BN.1.6 OR BN.1.7 OR BN.1.8 OR BN.1.9 OR BN.2 OR BN.2.1 OR BN.3 OR BN.3.1 OR BN.4 OR BN.5 OR BN.6 OR BP.1 OR BQ.1 OR BQ.1.1 OR BQ.1.1.1 OR BQ.1.1.2 OR BQ.1.1.3 OR BQ.1.1.4 OR BQ.1.1.5 OR BQ.1.1.6 OR BQ.1.1.7 OR BQ.1.1.8 OR BQ.1.1.9 OR BQ.1.1.10 OR BQ.1.1.11 OR BQ.1.1.12 OR BQ.1.1.13 OR BQ.1.1.14 OR BQ.1.1.15 OR BQ.1.1.16 OR BQ.1.1.17 OR BQ.1.1.18 OR BQ.1.1.19 OR BQ.1.1.20 OR BQ.1.1.21 OR BQ.1.1.22 OR BQ.1.1.23 OR BQ.1.1.24 OR BQ.1.1.25 OR BQ.1.1.26 OR BQ.1.1.27 OR BQ.1.1.28 OR BQ.1.1.29 OR BQ.1.1.30 OR BQ.1.1.31 OR BQ.1.1.32 OR BQ.1.1.34 OR BQ.1.1.35 OR BQ.1.1.36 OR BQ.1.2 OR BQ.1.3 OR BQ.1.4 OR BQ.1.5 OR BQ.1.6 OR BQ.1.7 OR BQ.1.8 OR BQ.1.8.1 OR BQ.1.8.2 OR BQ.1.9 OR BQ.1.10 OR BQ.1.10.1 OR BQ.1.11 OR BQ.1.12 OR BQ.1.13 OR BQ.1.13.1 OR BQ.1.14 OR BQ.1.15 OR BQ.1.16 OR BQ.1.17 OR BQ.1.18 OR BQ.1.19 OR BQ.1.20 OR BQ.1.21 OR BQ.1.22 OR BQ.1.23 OR BQ.1.24 OR BQ.1.25 OR BQ.1.25.1 OR BQ.1.26 OR BQ.1.26.1 OR BQ.1.27 OR BQ.1.28 OR BQ.2 OR BR.1 OR BR.1.1 OR BR.1.2 OR BR.2 OR BR.2.1 OR BR.3 OR BR.4 OR BS.1 OR BS.1.1 OR BS.1.2 OR BT.1 OR BT.2 OR BU.1 OR BU.2 OR BU.3 OR BV.1 OR BV.2 OR BW.1 OR BW.1.1 OR BY.1 OR BY.1.1 OR BY.1.1.1 OR BY.1.2 OR BY.1.2.1 OR BZ.1 OR CA.1 OR CA.2 OR CA.3 OR CA.3.1 OR CA.4 OR CA.5 OR CA.6 OR CA.7 OR CB.1 OR CC.1 OR CD.1 OR CD.2 OR CE.1 OR CF.1 OR CG.1 OR CH.1 OR CH.1.1 OR CH.1.1.1 OR CH.1.1.2 OR CH.1.1.3 OR CH.1.1.4 OR CH.1.1.5 OR CH.2 OR CH.3 OR CH.3.1 OR CJ.1 OR CJ.1.1 OR CK.1 OR CK.1.1 OR CK.1.2 OR CK.2 OR CK.2.1 OR CK.2.1.1 OR CK.3 OR CL.1 OR CM.1 OR CM.2 OR CM.2.1 OR CM.3 OR CM.4 OR CM.4.1 OR CM.5 OR CM.5.1 OR CM.5.2 OR CM.6 OR CM.6.1 OR CM.7 OR CM.8 OR CM.8.1 OR CM.9 OR CM.10 OR CM.11 OR CM.12 OR CN.1 OR CN.2 OR CP.1 OR CP.1.1 OR CP.1.2 OR CP.1.3 OR CP.2 OR CP.3 OR CP.4 OR CP.5 OR CP.6 OR CQ.1 OR CQ.1.1 OR CQ.2 OR CR.1 OR CR.1.1 OR CR.1.2 OR CR.1.3 OR CR.2 OR CS.1 OR CT.1 OR CU.1 OR CV.1 OR CV.2 OR CW.1 OR CY.1 OR CZ.1 OR DA.1 OR DB.1 OR DB.2 OR DC.1 OR DD.1 OR DE.1 OR DE.2 OR DF.1 OR DF.1.1 OR DG.1 OR DH.1 OR DJ.1 OR DJ.1.1 OR DJ.1.2 OR DJ.1.3 OR DK.1 OR DL.1 OR DM.1 OR DN.1 OR DN.1.1 OR DP.1 OR DQ.1 OR DR.1 OR DS.1 OR DT.1 OR DU.1 OR DV.1,Omicron,6.42857142857143,5.92857142857143,0.922222222222222
2022-03-21,6,6,8.6,8.6,1,0.762389901367097,0.999946935946581,B.1.1.529 OR BA.1 OR BA.1.1 OR BA.1.1.1 OR BA.1.1.2 OR BA.1.1.3 OR BA.1.1.4 OR BA.1.1.5 OR BA.1.1.6 OR BA.1.1.7 OR BA.1.1.8 OR BA.1.1.9 OR BA.1.1.10 OR BA.1.1.11 OR BA.1.1.12 OR BA.1.1.13 OR BA.1.1.14 OR BA.1.1.15 OR BA.1.1.16 OR BA.1.1.17 OR BA.1.1.18 OR BA.1.2 OR BA.1.3 OR BA.1.4 OR BA.1.5 OR BA.1.6 OR BA.1.7 OR BA.1.8 OR BA.1.9 OR BA.1.10 OR BA.1.12 OR BA.1.13 OR BA.1.13.1 OR BA.1.14 OR BA.1.14.1 OR BA.1.14.2 OR BA.1.15 OR BA.1.15.1 OR BA.1.15.2 OR BA.1.15.3 OR BA.1.16 OR BA.1.16.1 OR BA.1.16.2 OR BA.1.17 OR BA.1.17.1 OR BA.1.17.2 OR BA.1.18 OR BA.1.19 OR BA.1.20 OR BA.1.21 OR BA.1.21.1 OR BA.1.22 OR BA.1.23 OR BA.1.24 OR BA.2 OR BA.2.1 OR BA.2.2 OR BA.2.2.1 OR BA.2.3 OR BA.2.3.1 OR BA.2.3.2 OR BA.2.3.4 OR BA.2.3.5 OR BA.2.3.6 OR BA.2.3.7 OR BA.2.3.8 OR BA.2.3.9 OR BA.2.3.10 OR BA.2.3.11 OR BA.2.3.12 OR BA.2.3.13 OR BA.2.3.14 OR BA.2.3.15 OR BA.2.3.16 OR BA.2.3.17 OR BA.2.3.18 OR BA.2.3.19 OR BA.2.3.20 OR BA.2.3.21 OR BA.2.3.22 OR BA.2.4 OR BA.2.5 OR BA.2.6 OR BA.2.7 OR BA.2.8 OR BA.2.9 OR BA.2.9.1 OR BA.2.9.2 OR BA.2.9.3 OR BA.2.9.4 OR BA.2.9.5 OR BA.2.9.6 OR BA.2.9.7 OR BA.2.10 OR BA.2.10.1 OR BA.2.10.2 OR BA.2.10.3 OR BA.2.10.4 OR BA.2.11 OR BA.2.12 OR BA.2.12.1 OR BA.2.12.2 OR BA.2.13 OR BA.2.13.1 OR BA.2.14 OR BA.2.15 OR BA.2.16 OR BA.2.17 OR BA.2.18 OR BA.2.19 OR BA.2.20 OR BA.2.21 OR BA.2.22 OR BA.2.23 OR BA.2.23.1 OR BA.2.24 OR BA.2.25 OR BA.2.25.1 OR BA.2.26 OR BA.2.27 OR BA.2.28 OR BA.2.29 OR BA.2.30 OR BA.2.31 OR BA.2.31.1 OR BA.2.32 OR BA.2.33 OR BA.2.34 OR BA.2.35 OR BA.2.36 OR BA.2.37 OR BA.2.38 OR BA.2.38.1 OR BA.2.38.2 OR BA.2.38.3 OR BA.2.38.4 OR BA.2.39 OR BA.2.40 OR BA.2.40.1 OR BA.2.41 OR BA.2.42 OR BA.2.43 OR BA.2.44 OR BA.2.45 OR BA.2.46 OR BA.2.47 OR BA.2.48 OR BA.2.49 OR BA.2.50 OR BA.2.51 OR BA.2.52 OR BA.2.53 OR BA.2.54 OR BA.2.55 OR BA.2.56 OR BA.2.56.1 OR BA.2.57 OR BA.2.58 OR BA.2.59 OR BA.2.60 OR BA.2.61 OR BA.2.62 OR BA.2.63 OR BA.2.64 OR BA.2.65 OR BA.2.66 OR BA.2.67 OR BA.2.68 OR BA.2.69 OR BA.2.70 OR BA.2.71 OR BA.2.72 OR BA.2.73 OR BA.2.74 OR BA.2.75 OR BA.2.75.1 OR BA.2.75.2 OR BA.2.75.3 OR BA.2.75.4 OR BA.2.75.5 OR BA.2.75.6 OR BA.2.75.7 OR BA.2.75.8 OR BA.2.75.9 OR BA.2.75.10 OR BA.2.76 OR BA.2.76.1 OR BA.2.76.2 OR BA.2.77 OR BA.2.78 OR BA.2.79 OR BA.2.79.1 OR BA.2.80 OR BA.2.81 OR BA.2.82 OR BA.2.83 OR BA.2.85 OR BA.3 OR BA.3.1 OR BA.4 OR BA.4.1 OR BA.4.1.1 OR BA.4.1.2 OR BA.4.1.3 OR BA.4.1.4 OR BA.4.1.5 OR BA.4.1.6 OR BA.4.1.7 OR BA.4.1.8 OR BA.4.1.9 OR BA.4.1.10 OR BA.4.2 OR BA.4.3 OR BA.4.4 OR BA.4.5 OR BA.4.6 OR BA.4.6.1 OR BA.4.6.2 OR BA.4.6.3 OR BA.4.6.4 OR BA.4.6.5 OR BA.4.7 OR BA.4.8 OR BA.5 OR BA.5.1 OR BA.5.1.1 OR BA.5.1.2 OR BA.5.1.3 OR BA.5.1.4 OR BA.5.1.5 OR BA.5.1.6 OR BA.5.1.7 OR BA.5.1.8 OR BA.5.1.9 OR BA.5.1.10 OR BA.5.1.11 OR BA.5.1.12 OR BA.5.1.14 OR BA.5.1.15 OR BA.5.1.16 OR BA.5.1.17 OR BA.5.1.18 OR BA.5.1.19 OR BA.5.1.20 OR BA.5.1.21 OR BA.5.1.22 OR BA.5.1.23 OR BA.5.1.24 OR BA.5.1.25 OR BA.5.1.26 OR BA.5.1.27 OR BA.5.1.28 OR BA.5.1.29 OR BA.5.1.30 OR BA.5.1.31 OR BA.5.1.32 OR BA.5.2 OR BA.5.2.1 OR BA.5.2.2 OR BA.5.2.3 OR BA.5.2.4 OR BA.5.2.5 OR BA.5.2.6 OR BA.5.2.7 OR BA.5.2.8 OR BA.5.2.9 OR BA.5.2.10 OR BA.5.2.11 OR BA.5.2.12 OR BA.5.2.13 OR BA.5.2.14 OR BA.5.2.16 OR BA.5.2.18 OR BA.5.2.19 OR BA.5.2.20 OR BA.5.2.21 OR BA.5.2.22 OR BA.5.2.23 OR BA.5.2.24 OR BA.5.2.25 OR BA.5.2.26 OR BA.5.2.27 OR BA.5.2.28 OR BA.5.2.29 OR BA.5.2.30 OR BA.5.2.31 OR BA.5.2.32 OR BA.5.2.33 OR BA.5.2.34 OR BA.5.2.35 OR BA.5.2.36 OR BA.5.2.37 OR BA.5.2.38 OR BA.5.2.39 OR BA.5.2.40 OR BA.5.2.41 OR BA.5.2.42 OR BA.5.2.43 OR BA.5.2.44 OR BA.5.2.45 OR BA.5.2.46 OR BA.5.2.47 OR BA.5.2.48 OR BA.5.2.49 OR BA.5.3 OR BA.5.3.1 OR BA.5.3.2 OR BA.5.3.3 OR BA.5.3.4 OR BA.5.3.5 OR BA.5.5 OR BA.5.5.1 OR BA.5.5.2 OR BA.5.5.3 OR BA.5.6 OR BA.5.6.1 OR BA.5.6.2 OR BA.5.6.3 OR BA.5.6.4 OR BA.5.7 OR BA.5.8 OR BA.5.9 OR BA.5.10 OR BA.5.10.1 OR BA.5.11 OR BC.1 OR BC.2 OR BD.1 OR BE.1 OR BE.1.1 OR BE.1.1.1 OR BE.1.1.2 OR BE.1.2 OR BE.1.2.1 OR BE.1.3 OR BE.1.4 OR BE.1.4.1 OR BE.1.4.2 OR BE.1.4.3 OR BE.1.4.4 OR BE.2 OR BE.3 OR BE.4 OR BE.4.1 OR BE.4.1.1 OR BE.4.2 OR BE.5 OR BE.6 OR BE.7 OR BE.8 OR BE.9 OR BE.10 OR BF.1 OR BF.1.1 OR BF.2 OR BF.3 OR BF.3.1 OR BF.4 OR BF.5 OR BF.5.1 OR BF.5.2 OR BF.6 OR BF.7 OR BF.7.1 OR BF.7.2 OR BF.7.3 OR BF.7.4 OR BF.7.4.1 OR BF.7.4.2 OR BF.7.5 OR BF.7.5.1 OR BF.7.6 OR BF.7.7 OR BF.7.8 OR BF.7.9 OR BF.7.10 OR BF.7.11 OR BF.7.12 OR BF.7.13 OR BF.7.13.1 OR BF.7.13.2 OR BF.7.14 OR BF.7.15 OR BF.8 OR BF.9 OR BF.10 OR BF.10.1 OR BF.11 OR BF.11.1 OR BF.11.2 OR BF.11.3 OR BF.11.4 OR BF.11.5 OR BF.12 OR BF.13 OR BF.14 OR BF.15 OR BF.16 OR BF.17 OR BF.18 OR BF.19 OR BF.20 OR BF.21 OR BF.22 OR BF.23 OR BF.24 OR BF.25 OR BF.26 OR BF.27 OR BF.28 OR BF.29 OR BF.30 OR BF.31 OR BF.31.1 OR BF.32 OR BF.33 OR BF.34 OR BG.1 OR BG.2 OR BG.3 OR BG.4 OR BG.5 OR BG.6 OR BG.7 OR BH.1 OR BJ.1 OR BK.1 OR BL.1 OR BL.1.1 OR BL.1.2 OR BL.1.3 OR BL.1.4 OR BL.2 OR BL.2.1 OR BL.3 OR BL.4 OR BL.5 OR BL.6 OR BM.1 OR BM.1.1 OR BM.1.1.1 OR BM.1.1.2 OR BM.1.1.3 OR BM.1.1.4 OR BM.1.1.5 OR BM.2 OR BM.2.1 OR BM.2.2 OR BM.2.3 OR BM.3 OR BM.4 OR BM.4.1 OR BM.4.1.1 OR BM.5 OR BM.6 OR BN.1 OR BN.1.1 OR BN.1.1.1 OR BN.1.2 OR BN.1.2.1 OR BN.1.3 OR BN.1.3.1 OR BN.1.3.2 OR BN.1.3.3 OR BN.1.3.4 OR BN.1.4 OR BN.1.4.1 OR BN.1.5 OR BN.1.5.1 OR BN.1.6 OR BN.1.7 OR BN.1.8 OR BN.1.9 OR BN.2 OR BN.2.1 OR BN.3 OR BN.3.1 OR BN.4 OR BN.5 OR BN.6 OR BP.1 OR BQ.1 OR BQ.1.1 OR BQ.1.1.1 OR BQ.1.1.2 OR BQ.1.1.3 OR BQ.1.1.4 OR BQ.1.1.5 OR BQ.1.1.6 OR BQ.1.1.7 OR BQ.1.1.8 OR BQ.1.1.9 OR BQ.1.1.10 OR BQ.1.1.11 OR BQ.1.1.12 OR BQ.1.1.13 OR BQ.1.1.14 OR BQ.1.1.15 OR BQ.1.1.16 OR BQ.1.1.17 OR BQ.1.1.18 OR BQ.1.1.19 OR BQ.1.1.20 OR BQ.1.1.21 OR BQ.1.1.22 OR BQ.1.1.23 OR BQ.1.1.24 OR BQ.1.1.25 OR BQ.1.1.26 OR BQ.1.1.27 OR BQ.1.1.28 OR BQ.1.1.29 OR BQ.1.1.30 OR BQ.1.1.31 OR BQ.1.1.32 OR BQ.1.1.34 OR BQ.1.1.35 OR BQ.1.1.36 OR BQ.1.2 OR BQ.1.3 OR BQ.1.4 OR BQ.1.5 OR BQ.1.6 OR BQ.1.7 OR BQ.1.8 OR BQ.1.8.1 OR BQ.1.8.2 OR BQ.1.9 OR BQ.1.10 OR BQ.1.10.1 OR BQ.1.11 OR BQ.1.12 OR BQ.1.13 OR BQ.1.13.1 OR BQ.1.14 OR BQ.1.15 OR BQ.1.16 OR BQ.1.17 OR BQ.1.18 OR BQ.1.19 OR BQ.1.20 OR BQ.1.21 OR BQ.1.22 OR BQ.1.23 OR BQ.1.24 OR BQ.1.25 OR BQ.1.25.1 OR BQ.1.26 OR BQ.1.26.1 OR BQ.1.27 OR BQ.1.28 OR BQ.2 OR BR.1 OR BR.1.1 OR BR.1.2 OR BR.2 OR BR.2.1 OR BR.3 OR BR.4 OR BS.1 OR BS.1.1 OR BS.1.2 OR BT.1 OR BT.2 OR BU.1 OR BU.2 OR BU.3 OR BV.1 OR BV.2 OR BW.1 OR BW.1.1 OR BY.1 OR BY.1.1 OR BY.1.1.1 OR BY.1.2 OR BY.1.2.1 OR BZ.1 OR CA.1 OR CA.2 OR CA.3 OR CA.3.1 OR CA.4 OR CA.5 OR CA.6 OR CA.7 OR CB.1 OR CC.1 OR CD.1 OR CD.2 OR CE.1 OR CF.1 OR CG.1 OR CH.1 OR CH.1.1 OR CH.1.1.1 OR CH.1.1.2 OR CH.1.1.3 OR CH.1.1.4 OR CH.1.1.5 OR CH.2 OR CH.3 OR CH.3.1 OR CJ.1 OR CJ.1.1 OR CK.1 OR CK.1.1 OR CK.1.2 OR CK.2 OR CK.2.1 OR CK.2.1.1 OR CK.3 OR CL.1 OR CM.1 OR CM.2 OR CM.2.1 OR CM.3 OR CM.4 OR CM.4.1 OR CM.5 OR CM.5.1 OR CM.5.2 OR CM.6 OR CM.6.1 OR CM.7 OR CM.8 OR CM.8.1 OR CM.9 OR CM.10 OR CM.11 OR CM.12 OR CN.1 OR CN.2 OR CP.1 OR CP.1.1 OR CP.1.2 OR CP.1.3 OR CP.2 OR CP.3 OR CP.4 OR CP.5 OR CP.6 OR CQ.1 OR CQ.1.1 OR CQ.2 OR CR.1 OR CR.1.1 OR CR.1.2 OR CR.1.3 OR CR.2 OR CS.1 OR CT.1 OR CU.1 OR CV.1 OR CV.2 OR CW.1 OR CY.1 OR CZ.1 OR DA.1 OR DB.1 OR DB.2 OR DC.1 OR DD.1 OR DE.1 OR DE.2 OR DF.1 OR DF.1.1 OR DG.1 OR DH.1 OR DJ.1 OR DJ.1.1 OR DJ.1.2 OR DJ.1.3 OR DK.1 OR DL.1 OR DM.1 OR DN.1 OR DN.1.1 OR DP.1 OR DQ.1 OR DR.1 OR DS.1 OR DT.1 OR DU.1 OR DV.1,Omicron,6.71428571428571,6.28571428571429,0.936170212765957
2022-03-22,1,1,4.8,4.8,1,0.620622857700961,0.99990657939996,B.1.1.529 OR BA.1 OR BA.1.1 OR BA.1.1.1 OR BA.1.1.2 OR BA.1.1.3 OR BA.1.1.4 OR BA.1.1.5 OR BA.1.1.6 OR BA.1.1.7 OR BA.1.1.8 OR BA.1.1.9 OR BA.1.1.10 OR BA.1.1.11 OR BA.1.1.12 OR BA.1.1.13 OR BA.1.1.14 OR BA.1.1.15 OR BA.1.1.16 OR BA.1.1.17 OR BA.1.1.18 OR BA.1.2 OR BA.1.3 OR BA.1.4 OR BA.1.5 OR BA.1.6 OR BA.1.7 OR BA.1.8 OR BA.1.9 OR BA.1.10 OR BA.1.12 OR BA.1.13 OR BA.1.13.1 OR BA.1.14 OR BA.1.14.1 OR BA.1.14.2 OR BA.1.15 OR BA.1.15.1 OR BA.1.15.2 OR BA.1.15.3 OR BA.1.16 OR BA.1.16.1 OR BA.1.16.2 OR BA.1.17 OR BA.1.17.1 OR BA.1.17.2 OR BA.1.18 OR BA.1.19 OR BA.1.20 OR BA.1.21 OR BA.1.21.1 OR BA.1.22 OR BA.1.23 OR BA.1.24 OR BA.2 OR BA.2.1 OR BA.2.2 OR BA.2.2.1 OR BA.2.3 OR BA.2.3.1 OR BA.2.3.2 OR BA.2.3.4 OR BA.2.3.5 OR BA.2.3.6 OR BA.2.3.7 OR BA.2.3.8 OR BA.2.3.9 OR BA.2.3.10 OR BA.2.3.11 OR BA.2.3.12 OR BA.2.3.13 OR BA.2.3.14 OR BA.2.3.15 OR BA.2.3.16 OR BA.2.3.17 OR BA.2.3.18 OR BA.2.3.19 OR BA.2.3.20 OR BA.2.3.21 OR BA.2.3.22 OR BA.2.4 OR BA.2.5 OR BA.2.6 OR BA.2.7 OR BA.2.8 OR BA.2.9 OR BA.2.9.1 OR BA.2.9.2 OR BA.2.9.3 OR BA.2.9.4 OR BA.2.9.5 OR BA.2.9.6 OR BA.2.9.7 OR BA.2.10 OR BA.2.10.1 OR BA.2.10.2 OR BA.2.10.3 OR BA.2.10.4 OR BA.2.11 OR BA.2.12 OR BA.2.12.1 OR BA.2.12.2 OR BA.2.13 OR BA.2.13.1 OR BA.2.14 OR BA.2.15 OR BA.2.16 OR BA.2.17 OR BA.2.18 OR BA.2.19 OR BA.2.20 OR BA.2.21 OR BA.2.22 OR BA.2.23 OR BA.2.23.1 OR BA.2.24 OR BA.2.25 OR BA.2.25.1 OR BA.2.26 OR BA.2.27 OR BA.2.28 OR BA.2.29 OR BA.2.30 OR BA.2.31 OR BA.2.31.1 OR BA.2.32 OR BA.2.33 OR BA.2.34 OR BA.2.35 OR BA.2.36 OR BA.2.37 OR BA.2.38 OR BA.2.38.1 OR BA.2.38.2 OR BA.2.38.3 OR BA.2.38.4 OR BA.2.39 OR BA.2.40 OR BA.2.40.1 OR BA.2.41 OR BA.2.42 OR BA.2.43 OR BA.2.44 OR BA.2.45 OR BA.2.46 OR BA.2.47 OR BA.2.48 OR BA.2.49 OR BA.2.50 OR BA.2.51 OR BA.2.52 OR BA.2.53 OR BA.2.54 OR BA.2.55 OR BA.2.56 OR BA.2.56.1 OR BA.2.57 OR BA.2.58 OR BA.2.59 OR BA.2.60 OR BA.2.61 OR BA.2.62 OR BA.2.63 OR BA.2.64 OR BA.2.65 OR BA.2.66 OR BA.2.67 OR BA.2.68 OR BA.2.69 OR BA.2.70 OR BA.2.71 OR BA.2.72 OR BA.2.73 OR BA.2.74 OR BA.2.75 OR BA.2.75.1 OR BA.2.75.2 OR BA.2.75.3 OR BA.2.75.4 OR BA.2.75.5 OR BA.2.75.6 OR BA.2.75.7 OR BA.2.75.8 OR BA.2.75.9 OR BA.2.75.10 OR BA.2.76 OR BA.2.76.1 OR BA.2.76.2 OR BA.2.77 OR BA.2.78 OR BA.2.79 OR BA.2.79.1 OR BA.2.80 OR BA.2.81 OR BA.2.82 OR BA.2.83 OR BA.2.85 OR BA.3 OR BA.3.1 OR BA.4 OR BA.4.1 OR BA.4.1.1 OR BA.4.1.2 OR BA.4.1.3 OR BA.4.1.4 OR BA.4.1.5 OR BA.4.1.6 OR BA.4.1.7 OR BA.4.1.8 OR BA.4.1.9 OR BA.4.1.10 OR BA.4.2 OR BA.4.3 OR BA.4.4 OR BA.4.5 OR BA.4.6 OR BA.4.6.1 OR BA.4.6.2 OR BA.4.6.3 OR BA.4.6.4 OR BA.4.6.5 OR BA.4.7 OR BA.4.8 OR BA.5 OR BA.5.1 OR BA.5.1.1 OR BA.5.1.2 OR BA.5.1.3 OR BA.5.1.4 OR BA.5.1.5 OR BA.5.1.6 OR BA.5.1.7 OR BA.5.1.8 OR BA.5.1.9 OR BA.5.1.10 OR BA.5.1.11 OR BA.5.1.12 OR BA.5.1.14 OR BA.5.1.15 OR BA.5.1.16 OR BA.5.1.17 OR BA.5.1.18 OR BA.5.1.19 OR BA.5.1.20 OR BA.5.1.21 OR BA.5.1.22 OR BA.5.1.23 OR BA.5.1.24 OR BA.5.1.25 OR BA.5.1.26 OR BA.5.1.27 OR BA.5.1.28 OR BA.5.1.29 OR BA.5.1.30 OR BA.5.1.31 OR BA.5.1.32 OR BA.5.2 OR BA.5.2.1 OR BA.5.2.2 OR BA.5.2.3 OR BA.5.2.4 OR BA.5.2.5 OR BA.5.2.6 OR BA.5.2.7 OR BA.5.2.8 OR BA.5.2.9 OR BA.5.2.10 OR BA.5.2.11 OR BA.5.2.12 OR BA.5.2.13 OR BA.5.2.14 OR BA.5.2.16 OR BA.5.2.18 OR BA.5.2.19 OR BA.5.2.20 OR BA.5.2.21 OR BA.5.2.22 OR BA.5.2.23 OR BA.5.2.24 OR BA.5.2.25 OR BA.5.2.26 OR BA.5.2.27 OR BA.5.2.28 OR BA.5.2.29 OR BA.5.2.30 OR BA.5.2.31 OR BA.5.2.32 OR BA.5.2.33 OR BA.5.2.34 OR BA.5.2.35 OR BA.5.2.36 OR BA.5.2.37 OR BA.5.2.38 OR BA.5.2.39 OR BA.5.2.40 OR BA.5.2.41 OR BA.5.2.42 OR BA.5.2.43 OR BA.5.2.44 OR BA.5.2.45 OR BA.5.2.46 OR BA.5.2.47 OR BA.5.2.48 OR BA.5.2.49 OR BA.5.3 OR BA.5.3.1 OR BA.5.3.2 OR BA.5.3.3 OR BA.5.3.4 OR BA.5.3.5 OR BA.5.5 OR BA.5.5.1 OR BA.5.5.2 OR BA.5.5.3 OR BA.5.6 OR BA.5.6.1 OR BA.5.6.2 OR BA.5.6.3 OR BA.5.6.4 OR BA.5.7 OR BA.5.8 OR BA.5.9 OR BA.5.10 OR BA.5.10.1 OR BA.5.11 OR BC.1 OR BC.2 OR BD.1 OR BE.1 OR BE.1.1 OR BE.1.1.1 OR BE.1.1.2 OR BE.1.2 OR BE.1.2.1 OR BE.1.3 OR BE.1.4 OR BE.1.4.1 OR BE.1.4.2 OR BE.1.4.3 OR BE.1.4.4 OR BE.2 OR BE.3 OR BE.4 OR BE.4.1 OR BE.4.1.1 OR BE.4.2 OR BE.5 OR BE.6 OR BE.7 OR BE.8 OR BE.9 OR BE.10 OR BF.1 OR BF.1.1 OR BF.2 OR BF.3 OR BF.3.1 OR BF.4 OR BF.5 OR BF.5.1 OR BF.5.2 OR BF.6 OR BF.7 OR BF.7.1 OR BF.7.2 OR BF.7.3 OR BF.7.4 OR BF.7.4.1 OR BF.7.4.2 OR BF.7.5 OR BF.7.5.1 OR BF.7.6 OR BF.7.7 OR BF.7.8 OR BF.7.9 OR BF.7.10 OR BF.7.11 OR BF.7.12 OR BF.7.13 OR BF.7.13.1 OR BF.7.13.2 OR BF.7.14 OR BF.7.15 OR BF.8 OR BF.9 OR BF.10 OR BF.10.1 OR BF.11 OR BF.11.1 OR BF.11.2 OR BF.11.3 OR BF.11.4 OR BF.11.5 OR BF.12 OR BF.13 OR BF.14 OR BF.15 OR BF.16 OR BF.17 OR BF.18 OR BF.19 OR BF.20 OR BF.21 OR BF.22 OR BF.23 OR BF.24 OR BF.25 OR BF.26 OR BF.27 OR BF.28 OR BF.29 OR BF.30 OR BF.31 OR BF.31.1 OR BF.32 OR BF.33 OR BF.34 OR BG.1 OR BG.2 OR BG.3 OR BG.4 OR BG.5 OR BG.6 OR BG.7 OR BH.1 OR BJ.1 OR BK.1 OR BL.1 OR BL.1.1 OR BL.1.2 OR BL.1.3 OR BL.1.4 OR BL.2 OR BL.2.1 OR BL.3 OR BL.4 OR BL.5 OR BL.6 OR BM.1 OR BM.1.1 OR BM.1.1.1 OR BM.1.1.2 OR BM.1.1.3 OR BM.1.1.4 OR BM.1.1.5 OR BM.2 OR BM.2.1 OR BM.2.2 OR BM.2.3 OR BM.3 OR BM.4 OR BM.4.1 OR BM.4.1.1 OR BM.5 OR BM.6 OR BN.1 OR BN.1.1 OR BN.1.1.1 OR BN.1.2 OR BN.1.2.1 OR BN.1.3 OR BN.1.3.1 OR BN.1.3.2 OR BN.1.3.3 OR BN.1.3.4 OR BN.1.4 OR BN.1.4.1 OR BN.1.5 OR BN.1.5.1 OR BN.1.6 OR BN.1.7 OR BN.1.8 OR BN.1.9 OR BN.2 OR BN.2.1 OR BN.3 OR BN.3.1 OR BN.4 OR BN.5 OR BN.6 OR BP.1 OR BQ.1 OR BQ.1.1 OR BQ.1.1.1 OR BQ.1.1.2 OR BQ.1.1.3 OR BQ.1.1.4 OR BQ.1.1.5 OR BQ.1.1.6 OR BQ.1.1.7 OR BQ.1.1.8 OR BQ.1.1.9 OR BQ.1.1.10 OR BQ.1.1.11 OR BQ.1.1.12 OR BQ.1.1.13 OR BQ.1.1.14 OR BQ.1.1.15 OR BQ.1.1.16 OR BQ.1.1.17 OR BQ.1.1.18 OR BQ.1.1.19 OR BQ.1.1.20 OR BQ.1.1.21 OR BQ.1.1.22 OR BQ.1.1.23 OR BQ.1.1.24 OR BQ.1.1.25 OR BQ.1.1.26 OR BQ.1.1.27 OR BQ.1.1.28 OR BQ.1.1.29 OR BQ.1.1.30 OR BQ.1.1.31 OR BQ.1.1.32 OR BQ.1.1.34 OR BQ.1.1.35 OR BQ.1.1.36 OR BQ.1.2 OR BQ.1.3 OR BQ.1.4 OR BQ.1.5 OR BQ.1.6 OR BQ.1.7 OR BQ.1.8 OR BQ.1.8.1 OR BQ.1.8.2 OR BQ.1.9 OR BQ.1.10 OR BQ.1.10.1 OR BQ.1.11 OR BQ.1.12 OR BQ.1.13 OR BQ.1.13.1 OR BQ.1.14 OR BQ.1.15 OR BQ.1.16 OR BQ.1.17 OR BQ.1.18 OR BQ.1.19 OR BQ.1.20 OR BQ.1.21 OR BQ.1.22 OR BQ.1.23 OR BQ.1.24 OR BQ.1.25 OR BQ.1.25.1 OR BQ.1.26 OR BQ.1.26.1 OR BQ.1.27 OR BQ.1.28 OR BQ.2 OR BR.1 OR BR.1.1 OR BR.1.2 OR BR.2 OR BR.2.1 OR BR.3 OR BR.4 OR BS.1 OR BS.1.1 OR BS.1.2 OR BT.1 OR BT.2 OR BU.1 OR BU.2 OR BU.3 OR BV.1 OR BV.2 OR BW.1 OR BW.1.1 OR BY.1 OR BY.1.1 OR BY.1.1.1 OR BY.1.2 OR BY.1.2.1 OR BZ.1 OR CA.1 OR CA.2 OR CA.3 OR CA.3.1 OR CA.4 OR CA.5 OR CA.6 OR CA.7 OR CB.1 OR CC.1 OR CD.1 OR CD.2 OR CE.1 OR CF.1 OR CG.1 OR CH.1 OR CH.1.1 OR CH.1.1.1 OR CH.1.1.2 OR CH.1.1.3 OR CH.1.1.4 OR CH.1.1.5 OR CH.2 OR CH.3 OR CH.3.1 OR CJ.1 OR CJ.1.1 OR CK.1 OR CK.1.1 OR CK.1.2 OR CK.2 OR CK.2.1 OR CK.2.1.1 OR CK.3 OR CL.1 OR CM.1 OR CM.2 OR CM.2.1 OR CM.3 OR CM.4 OR CM.4.1 OR CM.5 OR CM.5.1 OR CM.5.2 OR CM.6 OR CM.6.1 OR CM.7 OR CM.8 OR CM.8.1 OR CM.9 OR CM.10 OR CM.11 OR CM.12 OR CN.1 OR CN.2 OR CP.1 OR CP.1.1 OR CP.1.2 OR CP.1.3 OR CP.2 OR CP.3 OR CP.4 OR CP.5 OR CP.6 OR CQ.1 OR CQ.1.1 OR CQ.2 OR CR.1 OR CR.1.1 OR CR.1.2 OR CR.1.3 OR CR.2 OR CS.1 OR CT.1 OR CU.1 OR CV.1 OR CV.2 OR CW.1 OR CY.1 OR CZ.1 OR DA.1 OR DB.1 OR DB.2 OR DC.1 OR DD.1 OR DE.1 OR DE.2 OR DF.1 OR DF.1.1 OR DG.1 OR DH.1 OR DJ.1 OR DJ.1.1 OR DJ.1.2 OR DJ.1.3 OR DK.1 OR DL.1 OR DM.1 OR DN.1 OR DN.1.1 OR DP.1 OR DQ.1 OR DR.1 OR DS.1 OR DT.1 OR DU.1 OR DV.1,Omicron,6.71428571428571,6.35714285714286,0.946808510638298
2022-03-23,1,1,2.2,2.2,1,0.333178245598791,0.999783091529969,B.1.1.529 OR BA.1 OR BA.1.1 OR BA.1.1.1 OR BA.1.1.2 OR BA.1.1.3 OR BA.1.1.4 OR BA.1.1.5 OR BA.1.1.6 OR BA.1.1.7 OR BA.1.1.8 OR BA.1.1.9 OR BA.1.1.10 OR BA.1.1.11 OR BA.1.1.12 OR BA.1.1.13 OR BA.1.1.14 OR BA.1.1.15 OR BA.1.1.16 OR BA.1.1.17 OR BA.1.1.18 OR BA.1.2 OR BA.1.3 OR BA.1.4 OR BA.1.5 OR BA.1.6 OR BA.1.7 OR BA.1.8 OR BA.1.9 OR BA.1.10 OR BA.1.12 OR BA.1.13 OR BA.1.13.1 OR BA.1.14 OR BA.1.14.1 OR BA.1.14.2 OR BA.1.15 OR BA.1.15.1 OR BA.1.15.2 OR BA.1.15.3 OR BA.1.16 OR BA.1.16.1 OR BA.1.16.2 OR BA.1.17 OR BA.1.17.1 OR BA.1.17.2 OR BA.1.18 OR BA.1.19 OR BA.1.20 OR BA.1.21 OR BA.1.21.1 OR BA.1.22 OR BA.1.23 OR BA.1.24 OR BA.2 OR BA.2.1 OR BA.2.2 OR BA.2.2.1 OR BA.2.3 OR BA.2.3.1 OR BA.2.3.2 OR BA.2.3.4 OR BA.2.3.5 OR BA.2.3.6 OR BA.2.3.7 OR BA.2.3.8 OR BA.2.3.9 OR BA.2.3.10 OR BA.2.3.11 OR BA.2.3.12 OR BA.2.3.13 OR BA.2.3.14 OR BA.2.3.15 OR BA.2.3.16 OR BA.2.3.17 OR BA.2.3.18 OR BA.2.3.19 OR BA.2.3.20 OR BA.2.3.21 OR BA.2.3.22 OR BA.2.4 OR BA.2.5 OR BA.2.6 OR BA.2.7 OR BA.2.8 OR BA.2.9 OR BA.2.9.1 OR BA.2.9.2 OR BA.2.9.3 OR BA.2.9.4 OR BA.2.9.5 OR BA.2.9.6 OR BA.2.9.7 OR BA.2.10 OR BA.2.10.1 OR BA.2.10.2 OR BA.2.10.3 OR BA.2.10.4 OR BA.2.11 OR BA.2.12 OR BA.2.12.1 OR BA.2.12.2 OR BA.2.13 OR BA.2.13.1 OR BA.2.14 OR BA.2.15 OR BA.2.16 OR BA.2.17 OR BA.2.18 OR BA.2.19 OR BA.2.20 OR BA.2.21 OR BA.2.22 OR BA.2.23 OR BA.2.23.1 OR BA.2.24 OR BA.2.25 OR BA.2.25.1 OR BA.2.26 OR BA.2.27 OR BA.2.28 OR BA.2.29 OR BA.2.30 OR BA.2.31 OR BA.2.31.1 OR BA.2.32 OR BA.2.33 OR BA.2.34 OR BA.2.35 OR BA.2.36 OR BA.2.37 OR BA.2.38 OR BA.2.38.1 OR BA.2.38.2 OR BA.2.38.3 OR BA.2.38.4 OR BA.2.39 OR BA.2.40 OR BA.2.40.1 OR BA.2.41 OR BA.2.42 OR BA.2.43 OR BA.2.44 OR BA.2.45 OR BA.2.46 OR BA.2.47 OR BA.2.48 OR BA.2.49 OR BA.2.50 OR BA.2.51 OR BA.2.52 OR BA.2.53 OR BA.2.54 OR BA.2.55 OR BA.2.56 OR BA.2.56.1 OR BA.2.57 OR BA.2.58 OR BA.2.59 OR BA.2.60 OR BA.2.61 OR BA.2.62 OR BA.2.63 OR BA.2.64 OR BA.2.65 OR BA.2.66 OR BA.2.67 OR BA.2.68 OR BA.2.69 OR BA.2.70 OR BA.2.71 OR BA.2.72 OR BA.2.73 OR BA.2.74 OR BA.2.75 OR BA.2.75.1 OR BA.2.75.2 OR BA.2.75.3 OR BA.2.75.4 OR BA.2.75.5 OR BA.2.75.6 OR BA.2.75.7 OR BA.2.75.8 OR BA.2.75.9 OR BA.2.75.10 OR BA.2.76 OR BA.2.76.1 OR BA.2.76.2 OR BA.2.77 OR BA.2.78 OR BA.2.79 OR BA.2.79.1 OR BA.2.80 OR BA.2.81 OR BA.2.82 OR BA.2.83 OR BA.2.85 OR BA.3 OR BA.3.1 OR BA.4 OR BA.4.1 OR BA.4.1.1 OR BA.4.1.2 OR BA.4.1.3 OR BA.4.1.4 OR BA.4.1.5 OR BA.4.1.6 OR BA.4.1.7 OR BA.4.1.8 OR BA.4.1.9 OR BA.4.1.10 OR BA.4.2 OR BA.4.3 OR BA.4.4 OR BA.4.5 OR BA.4.6 OR BA.4.6.1 OR BA.4.6.2 OR BA.4.6.3 OR BA.4.6.4 OR BA.4.6.5 OR BA.4.7 OR BA.4.8 OR BA.5 OR BA.5.1 OR BA.5.1.1 OR BA.5.1.2 OR BA.5.1.3 OR BA.5.1.4 OR BA.5.1.5 OR BA.5.1.6 OR BA.5.1.7 OR BA.5.1.8 OR BA.5.1.9 OR BA.5.1.10 OR BA.5.1.11 OR BA.5.1.12 OR BA.5.1.14 OR BA.5.1.15 OR BA.5.1.16 OR BA.5.1.17 OR BA.5.1.18 OR BA.5.1.19 OR BA.5.1.20 OR BA.5.1.21 OR BA.5.1.22 OR BA.5.1.23 OR BA.5.1.24 OR BA.5.1.25 OR BA.5.1.26 OR BA.5.1.27 OR BA.5.1.28 OR BA.5.1.29 OR BA.5.1.30 OR BA.5.1.31 OR BA.5.1.32 OR BA.5.2 OR BA.5.2.1 OR BA.5.2.2 OR BA.5.2.3 OR BA.5.2.4 OR BA.5.2.5 OR BA.5.2.6 OR BA.5.2.7 OR BA.5.2.8 OR BA.5.2.9 OR BA.5.2.10 OR BA.5.2.11 OR BA.5.2.12 OR BA.5.2.13 OR BA.5.2.14 OR BA.5.2.16 OR BA.5.2.18 OR BA.5.2.19 OR BA.5.2.20 OR BA.5.2.21 OR BA.5.2.22 OR BA.5.2.23 OR BA.5.2.24 OR BA.5.2.25 OR BA.5.2.26 OR BA.5.2.27 OR BA.5.2.28 OR BA.5.2.29 OR BA.5.2.30 OR BA.5.2.31 OR BA.5.2.32 OR BA.5.2.33 OR BA.5.2.34 OR BA.5.2.35 OR BA.5.2.36 OR BA.5.2.37 OR BA.5.2.38 OR BA.5.2.39 OR BA.5.2.40 OR BA.5.2.41 OR BA.5.2.42 OR BA.5.2.43 OR BA.5.2.44 OR BA.5.2.45 OR BA.5.2.46 OR BA.5.2.47 OR BA.5.2.48 OR BA.5.2.49 OR BA.5.3 OR BA.5.3.1 OR BA.5.3.2 OR BA.5.3.3 OR BA.5.3.4 OR BA.5.3.5 OR BA.5.5 OR BA.5.5.1 OR BA.5.5.2 OR BA.5.5.3 OR BA.5.6 OR BA.5.6.1 OR BA.5.6.2 OR BA.5.6.3 OR BA.5.6.4 OR BA.5.7 OR BA.5.8 OR BA.5.9 OR BA.5.10 OR BA.5.10.1 OR BA.5.11 OR BC.1 OR BC.2 OR BD.1 OR BE.1 OR BE.1.1 OR BE.1.1.1 OR BE.1.1.2 OR BE.1.2 OR BE.1.2.1 OR BE.1.3 OR BE.1.4 OR BE.1.4.1 OR BE.1.4.2 OR BE.1.4.3 OR BE.1.4.4 OR BE.2 OR BE.3 OR BE.4 OR BE.4.1 OR BE.4.1.1 OR BE.4.2 OR BE.5 OR BE.6 OR BE.7 OR BE.8 OR BE.9 OR BE.10 OR BF.1 OR BF.1.1 OR BF.2 OR BF.3 OR BF.3.1 OR BF.4 OR BF.5 OR BF.5.1 OR BF.5.2 OR BF.6 OR BF.7 OR BF.7.1 OR BF.7.2 OR BF.7.3 OR BF.7.4 OR BF.7.4.1 OR BF.7.4.2 OR BF.7.5 OR BF.7.5.1 OR BF.7.6 OR BF.7.7 OR BF.7.8 OR BF.7.9 OR BF.7.10 OR BF.7.11 OR BF.7.12 OR BF.7.13 OR BF.7.13.1 OR BF.7.13.2 OR BF.7.14 OR BF.7.15 OR BF.8 OR BF.9 OR BF.10 OR BF.10.1 OR BF.11 OR BF.11.1 OR BF.11.2 OR BF.11.3 OR BF.11.4 OR BF.11.5 OR BF.12 OR BF.13 OR BF.14 OR BF.15 OR BF.16 OR BF.17 OR BF.18 OR BF.19 OR BF.20 OR BF.21 OR BF.22 OR BF.23 OR BF.24 OR BF.25 OR BF.26 OR BF.27 OR BF.28 OR BF.29 OR BF.30 OR BF.31 OR BF.31.1 OR BF.32 OR BF.33 OR BF.34 OR BG.1 OR BG.2 OR BG.3 OR BG.4 OR BG.5 OR BG.6 OR BG.7 OR BH.1 OR BJ.1 OR BK.1 OR BL.1 OR BL.1.1 OR BL.1.2 OR BL.1.3 OR BL.1.4 OR BL.2 OR BL.2.1 OR BL.3 OR BL.4 OR BL.5 OR BL.6 OR BM.1 OR BM.1.1 OR BM.1.1.1 OR BM.1.1.2 OR BM.1.1.3 OR BM.1.1.4 OR BM.1.1.5 OR BM.2 OR BM.2.1 OR BM.2.2 OR BM.2.3 OR BM.3 OR BM.4 OR BM.4.1 OR BM.4.1.1 OR BM.5 OR BM.6 OR BN.1 OR BN.1.1 OR BN.1.1.1 OR BN.1.2 OR BN.1.2.1 OR BN.1.3 OR BN.1.3.1 OR BN.1.3.2 OR BN.1.3.3 OR BN.1.3.4 OR BN.1.4 OR BN.1.4.1 OR BN.1.5 OR BN.1.5.1 OR BN.1.6 OR BN.1.7 OR BN.1.8 OR BN.1.9 OR BN.2 OR BN.2.1 OR BN.3 OR BN.3.1 OR BN.4 OR BN.5 OR BN.6 OR BP.1 OR BQ.1 OR BQ.1.1 OR BQ.1.1.1 OR BQ.1.1.2 OR BQ.1.1.3 OR BQ.1.1.4 OR BQ.1.1.5 OR BQ.1.1.6 OR BQ.1.1.7 OR BQ.1.1.8 OR BQ.1.1.9 OR BQ.1.1.10 OR BQ.1.1.11 OR BQ.1.1.12 OR BQ.1.1.13 OR BQ.1.1.14 OR BQ.1.1.15 OR BQ.1.1.16 OR BQ.1.1.17 OR BQ.1.1.18 OR BQ.1.1.19 OR BQ.1.1.20 OR BQ.1.1.21 OR BQ.1.1.22 OR BQ.1.1.23 OR BQ.1.1.24 OR BQ.1.1.25 OR BQ.1.1.26 OR BQ.1.1.27 OR BQ.1.1.28 OR BQ.1.1.29 OR BQ.1.1.30 OR BQ.1.1.31 OR BQ.1.1.32 OR BQ.1.1.34 OR BQ.1.1.35 OR BQ.1.1.36 OR BQ.1.2 OR BQ.1.3 OR BQ.1.4 OR BQ.1.5 OR BQ.1.6 OR BQ.1.7 OR BQ.1.8 OR BQ.1.8.1 OR BQ.1.8.2 OR BQ.1.9 OR BQ.1.10 OR BQ.1.10.1 OR BQ.1.11 OR BQ.1.12 OR BQ.1.13 OR BQ.1.13.1 OR BQ.1.14 OR BQ.1.15 OR BQ.1.16 OR BQ.1.17 OR BQ.1.18 OR BQ.1.19 OR BQ.1.20 OR BQ.1.21 OR BQ.1.22 OR BQ.1.23 OR BQ.1.24 OR BQ.1.25 OR BQ.1.25.1 OR BQ.1.26 OR BQ.1.26.1 OR BQ.1.27 OR BQ.1.28 OR BQ.2 OR BR.1 OR BR.1.1 OR BR.1.2 OR BR.2 OR BR.2.1 OR BR.3 OR BR.4 OR BS.1 OR BS.1.1 OR BS.1.2 OR BT.1 OR BT.2 OR BU.1 OR BU.2 OR BU.3 OR BV.1 OR BV.2 OR BW.1 OR BW.1.1 OR BY.1 OR BY.1.1 OR BY.1.1.1 OR BY.1.2 OR BY.1.2.1 OR BZ.1 OR CA.1 OR CA.2 OR CA.3 OR CA.3.1 OR CA.4 OR CA.5 OR CA.6 OR CA.7 OR CB.1 OR CC.1 OR CD.1 OR CD.2 OR CE.1 OR CF.1 OR CG.1 OR CH.1 OR CH.1.1 OR CH.1.1.1 OR CH.1.1.2 OR CH.1.1.3 OR CH.1.1.4 OR CH.1.1.5 OR CH.2 OR CH.3 OR CH.3.1 OR CJ.1 OR CJ.1.1 OR CK.1 OR CK.1.1 OR CK.1.2 OR CK.2 OR CK.2.1 OR CK.2.1.1 OR CK.3 OR CL.1 OR CM.1 OR CM.2 OR CM.2.1 OR CM.3 OR CM.4 OR CM.4.1 OR CM.5 OR CM.5.1 OR CM.5.2 OR CM.6 OR CM.6.1 OR CM.7 OR CM.8 OR CM.8.1 OR CM.9 OR CM.10 OR CM.11 OR CM.12 OR CN.1 OR CN.2 OR CP.1 OR CP.1.1 OR CP.1.2 OR CP.1.3 OR CP.2 OR CP.3 OR CP.4 OR CP.5 OR CP.6 OR CQ.1 OR CQ.1.1 OR CQ.2 OR CR.1 OR CR.1.1 OR CR.1.2 OR CR.1.3 OR CR.2 OR CS.1 OR CT.1 OR CU.1 OR CV.1 OR CV.2 OR CW.1 OR CY.1 OR CZ.1 OR DA.1 OR DB.1 OR DB.2 OR DC.1 OR DD.1 OR DE.1 OR DE.2 OR DF.1 OR DF.1.1 OR DG.1 OR DH.1 OR DJ.1 OR DJ.1.1 OR DJ.1.2 OR DJ.1.3 OR DK.1 OR DL.1 OR DM.1 OR DN.1 OR DN.1.1 OR DP.1 OR DQ.1 OR DR.1 OR DS.1 OR DT.1 OR DU.1 OR DV.1,Omicron,6.28571428571429,6.14285714285714,0.977272727272727
2022-03-25,2,2,2.2,2.2,1,0.333178245598791,0.999783091529969,B.1.1.529 OR BA.1 OR BA.1.1 OR BA.1.1.1 OR BA.1.1.2 OR BA.1.1.3 OR BA.1.1.4 OR BA.1.1.5 OR BA.1.1.6 OR BA.1.1.7 OR BA.1.1.8 OR BA.1.1.9 OR BA.1.1.10 OR BA.1.1.11 OR BA.1.1.12 OR BA.1.1.13 OR BA.1.1.14 OR BA.1.1.15 OR BA.1.1.16 OR BA.1.1.17 OR BA.1.1.18 OR BA.1.2 OR BA.1.3 OR BA.1.4 OR BA.1.5 OR BA.1.6 OR BA.1.7 OR BA.1.8 OR BA.1.9 OR BA.1.10 OR BA.1.12 OR BA.1.13 OR BA.1.13.1 OR BA.1.14 OR BA.1.14.1 OR BA.1.14.2 OR BA.1.15 OR BA.1.15.1 OR BA.1.15.2 OR BA.1.15.3 OR BA.1.16 OR BA.1.16.1 OR BA.1.16.2 OR BA.1.17 OR BA.1.17.1 OR BA.1.17.2 OR BA.1.18 OR BA.1.19 OR BA.1.20 OR BA.1.21 OR BA.1.21.1 OR BA.1.22 OR BA.1.23 OR BA.1.24 OR BA.2 OR BA.2.1 OR BA.2.2 OR BA.2.2.1 OR BA.2.3 OR BA.2.3.1 OR BA.2.3.2 OR BA.2.3.4 OR BA.2.3.5 OR BA.2.3.6 OR BA.2.3.7 OR BA.2.3.8 OR BA.2.3.9 OR BA.2.3.10 OR BA.2.3.11 OR BA.2.3.12 OR BA.2.3.13 OR BA.2.3.14 OR BA.2.3.15 OR BA.2.3.16 OR BA.2.3.17 OR BA.2.3.18 OR BA.2.3.19 OR BA.2.3.20 OR BA.2.3.21 OR BA.2.3.22 OR BA.2.4 OR BA.2.5 OR BA.2.6 OR BA.2.7 OR BA.2.8 OR BA.2.9 OR BA.2.9.1 OR BA.2.9.2 OR BA.2.9.3 OR BA.2.9.4 OR BA.2.9.5 OR BA.2.9.6 OR BA.2.9.7 OR BA.2.10 OR BA.2.10.1 OR BA.2.10.2 OR BA.2.10.3 OR BA.2.10.4 OR BA.2.11 OR BA.2.12 OR BA.2.12.1 OR BA.2.12.2 OR BA.2.13 OR BA.2.13.1 OR BA.2.14 OR BA.2.15 OR BA.2.16 OR BA.2.17 OR BA.2.18 OR BA.2.19 OR BA.2.20 OR BA.2.21 OR BA.2.22 OR BA.2.23 OR BA.2.23.1 OR BA.2.24 OR BA.2.25 OR BA.2.25.1 OR BA.2.26 OR BA.2.27 OR BA.2.28 OR BA.2.29 OR BA.2.30 OR BA.2.31 OR BA.2.31.1 OR BA.2.32 OR BA.2.33 OR BA.2.34 OR BA.2.35 OR BA.2.36 OR BA.2.37 OR BA.2.38 OR BA.2.38.1 OR BA.2.38.2 OR BA.2.38.3 OR BA.2.38.4 OR BA.2.39 OR BA.2.40 OR BA.2.40.1 OR BA.2.41 OR BA.2.42 OR BA.2.43 OR BA.2.44 OR BA.2.45 OR BA.2.46 OR BA.2.47 OR BA.2.48 OR BA.2.49 OR BA.2.50 OR BA.2.51 OR BA.2.52 OR BA.2.53 OR BA.2.54 OR BA.2.55 OR BA.2.56 OR BA.2.56.1 OR BA.2.57 OR BA.2.58 OR BA.2.59 OR BA.2.60 OR BA.2.61 OR BA.2.62 OR BA.2.63 OR BA.2.64 OR BA.2.65 OR BA.2.66 OR BA.2.67 OR BA.2.68 OR BA.2.69 OR BA.2.70 OR BA.2.71 OR BA.2.72 OR BA.2.73 OR BA.2.74 OR BA.2.75 OR BA.2.75.1 OR BA.2.75.2 OR BA.2.75.3 OR BA.2.75.4 OR BA.2.75.5 OR BA.2.75.6 OR BA.2.75.7 OR BA.2.75.8 OR BA.2.75.9 OR BA.2.75.10 OR BA.2.76 OR BA.2.76.1 OR BA.2.76.2 OR BA.2.77 OR BA.2.78 OR BA.2.79 OR BA.2.79.1 OR BA.2.80 OR BA.2.81 OR BA.2.82 OR BA.2.83 OR BA.2.85 OR BA.3 OR BA.3.1 OR BA.4 OR BA.4.1 OR BA.4.1.1 OR BA.4.1.2 OR BA.4.1.3 OR BA.4.1.4 OR BA.4.1.5 OR BA.4.1.6 OR BA.4.1.7 OR BA.4.1.8 OR BA.4.1.9 OR BA.4.1.10 OR BA.4.2 OR BA.4.3 OR BA.4.4 OR BA.4.5 OR BA.4.6 OR BA.4.6.1 OR BA.4.6.2 OR BA.4.6.3 OR BA.4.6.4 OR BA.4.6.5 OR BA.4.7 OR BA.4.8 OR BA.5 OR BA.5.1 OR BA.5.1.1 OR BA.5.1.2 OR BA.5.1.3 OR BA.5.1.4 OR BA.5.1.5 OR BA.5.1.6 OR BA.5.1.7 OR BA.5.1.8 OR BA.5.1.9 OR BA.5.1.10 OR BA.5.1.11 OR BA.5.1.12 OR BA.5.1.14 OR BA.5.1.15 OR BA.5.1.16 OR BA.5.1.17 OR BA.5.1.18 OR BA.5.1.19 OR BA.5.1.20 OR BA.5.1.21 OR BA.5.1.22 OR BA.5.1.23 OR BA.5.1.24 OR BA.5.1.25 OR BA.5.1.26 OR BA.5.1.27 OR BA.5.1.28 OR BA.5.1.29 OR BA.5.1.30 OR BA.5.1.31 OR BA.5.1.32 OR BA.5.2 OR BA.5.2.1 OR BA.5.2.2 OR BA.5.2.3 OR BA.5.2.4 OR BA.5.2.5 OR BA.5.2.6 OR BA.5.2.7 OR BA.5.2.8 OR BA.5.2.9 OR BA.5.2.10 OR BA.5.2.11 OR BA.5.2.12 OR BA.5.2.13 OR BA.5.2.14 OR BA.5.2.16 OR BA.5.2.18 OR BA.5.2.19 OR BA.5.2.20 OR BA.5.2.21 OR BA.5.2.22 OR BA.5.2.23 OR BA.5.2.24 OR BA.5.2.25 OR BA.5.2.26 OR BA.5.2.27 OR BA.5.2.28 OR BA.5.2.29 OR BA.5.2.30 OR BA.5.2.31 OR BA.5.2.32 OR BA.5.2.33 OR BA.5.2.34 OR BA.5.2.35 OR BA.5.2.36 OR BA.5.2.37 OR BA.5.2.38 OR BA.5.2.39 OR BA.5.2.40 OR BA.5.2.41 OR BA.5.2.42 OR BA.5.2.43 OR BA.5.2.44 OR BA.5.2.45 OR BA.5.2.46 OR BA.5.2.47 OR BA.5.2.48 OR BA.5.2.49 OR BA.5.3 OR BA.5.3.1 OR BA.5.3.2 OR BA.5.3.3 OR BA.5.3.4 OR BA.5.3.5 OR BA.5.5 OR BA.5.5.1 OR BA.5.5.2 OR BA.5.5.3 OR BA.5.6 OR BA.5.6.1 OR BA.5.6.2 OR BA.5.6.3 OR BA.5.6.4 OR BA.5.7 OR BA.5.8 OR BA.5.9 OR BA.5.10 OR BA.5.10.1 OR BA.5.11 OR BC.1 OR BC.2 OR BD.1 OR BE.1 OR BE.1.1 OR BE.1.1.1 OR BE.1.1.2 OR BE.1.2 OR BE.1.2.1 OR BE.1.3 OR BE.1.4 OR BE.1.4.1 OR BE.1.4.2 OR BE.1.4.3 OR BE.1.4.4 OR BE.2 OR BE.3 OR BE.4 OR BE.4.1 OR BE.4.1.1 OR BE.4.2 OR BE.5 OR BE.6 OR BE.7 OR BE.8 OR BE.9 OR BE.10 OR BF.1 OR BF.1.1 OR BF.2 OR BF.3 OR BF.3.1 OR BF.4 OR BF.5 OR BF.5.1 OR BF.5.2 OR BF.6 OR BF.7 OR BF.7.1 OR BF.7.2 OR BF.7.3 OR BF.7.4 OR BF.7.4.1 OR BF.7.4.2 OR BF.7.5 OR BF.7.5.1 OR BF.7.6 OR BF.7.7 OR BF.7.8 OR BF.7.9 OR BF.7.10 OR BF.7.11 OR BF.7.12 OR BF.7.13 OR BF.7.13.1 OR BF.7.13.2 OR BF.7.14 OR BF.7.15 OR BF.8 OR BF.9 OR BF.10 OR BF.10.1 OR BF.11 OR BF.11.1 OR BF.11.2 OR BF.11.3 OR BF.11.4 OR BF.11.5 OR BF.12 OR BF.13 OR BF.14 OR BF.15 OR BF.16 OR BF.17 OR BF.18 OR BF.19 OR BF.20 OR BF.21 OR BF.22 OR BF.23 OR BF.24 OR BF.25 OR BF.26 OR BF.27 OR BF.28 OR BF.29 OR BF.30 OR BF.31 OR BF.31.1 OR BF.32 OR BF.33 OR BF.34 OR BG.1 OR BG.2 OR BG.3 OR BG.4 OR BG.5 OR BG.6 OR BG.7 OR BH.1 OR BJ.1 OR BK.1 OR BL.1 OR BL.1.1 OR BL.1.2 OR BL.1.3 OR BL.1.4 OR BL.2 OR BL.2.1 OR BL.3 OR BL.4 OR BL.5 OR BL.6 OR BM.1 OR BM.1.1 OR BM.1.1.1 OR BM.1.1.2 OR BM.1.1.3 OR BM.1.1.4 OR BM.1.1.5 OR BM.2 OR BM.2.1 OR BM.2.2 OR BM.2.3 OR BM.3 OR BM.4 OR BM.4.1 OR BM.4.1.1 OR BM.5 OR BM.6 OR BN.1 OR BN.1.1 OR BN.1.1.1 OR BN.1.2 OR BN.1.2.1 OR BN.1.3 OR BN.1.3.1 OR BN.1.3.2 OR BN.1.3.3 OR BN.1.3.4 OR BN.1.4 OR BN.1.4.1 OR BN.1.5 OR BN.1.5.1 OR BN.1.6 OR BN.1.7 OR BN.1.8 OR BN.1.9 OR BN.2 OR BN.2.1 OR BN.3 OR BN.3.1 OR BN.4 OR BN.5 OR BN.6 OR BP.1 OR BQ.1 OR BQ.1.1 OR BQ.1.1.1 OR BQ.1.1.2 OR BQ.1.1.3 OR BQ.1.1.4 OR BQ.1.1.5 OR BQ.1.1.6 OR BQ.1.1.7 OR BQ.1.1.8 OR BQ.1.1.9 OR BQ.1.1.10 OR BQ.1.1.11 OR BQ.1.1.12 OR BQ.1.1.13 OR BQ.1.1.14 OR BQ.1.1.15 OR BQ.1.1.16 OR BQ.1.1.17 OR BQ.1.1.18 OR BQ.1.1.19 OR BQ.1.1.20 OR BQ.1.1.21 OR BQ.1.1.22 OR BQ.1.1.23 OR BQ.1.1.24 OR BQ.1.1.25 OR BQ.1.1.26 OR BQ.1.1.27 OR BQ.1.1.28 OR BQ.1.1.29 OR BQ.1.1.30 OR BQ.1.1.31 OR BQ.1.1.32 OR BQ.1.1.34 OR BQ.1.1.35 OR BQ.1.1.36 OR BQ.1.2 OR BQ.1.3 OR BQ.1.4 OR BQ.1.5 OR BQ.1.6 OR BQ.1.7 OR BQ.1.8 OR BQ.1.8.1 OR BQ.1.8.2 OR BQ.1.9 OR BQ.1.10 OR BQ.1.10.1 OR BQ.1.11 OR BQ.1.12 OR BQ.1.13 OR BQ.1.13.1 OR BQ.1.14 OR BQ.1.15 OR BQ.1.16 OR BQ.1.17 OR BQ.1.18 OR BQ.1.19 OR BQ.1.20 OR BQ.1.21 OR BQ.1.22 OR BQ.1.23 OR BQ.1.24 OR BQ.1.25 OR BQ.1.25.1 OR BQ.1.26 OR BQ.1.26.1 OR BQ.1.27 OR BQ.1.28 OR BQ.2 OR BR.1 OR BR.1.1 OR BR.1.2 OR BR.2 OR BR.2.1 OR BR.3 OR BR.4 OR BS.1 OR BS.1.1 OR BS.1.2 OR BT.1 OR BT.2 OR BU.1 OR BU.2 OR BU.3 OR BV.1 OR BV.2 OR BW.1 OR BW.1.1 OR BY.1 OR BY.1.1 OR BY.1.1.1 OR BY.1.2 OR BY.1.2.1 OR BZ.1 OR CA.1 OR CA.2 OR CA.3 OR CA.3.1 OR CA.4 OR CA.5 OR CA.6 OR CA.7 OR CB.1 OR CC.1 OR CD.1 OR CD.2 OR CE.1 OR CF.1 OR CG.1 OR CH.1 OR CH.1.1 OR CH.1.1.1 OR CH.1.1.2 OR CH.1.1.3 OR CH.1.1.4 OR CH.1.1.5 OR CH.2 OR CH.3 OR CH.3.1 OR CJ.1 OR CJ.1.1 OR CK.1 OR CK.1.1 OR CK.1.2 OR CK.2 OR CK.2.1 OR CK.2.1.1 OR CK.3 OR CL.1 OR CM.1 OR CM.2 OR CM.2.1 OR CM.3 OR CM.4 OR CM.4.1 OR CM.5 OR CM.5.1 OR CM.5.2 OR CM.6 OR CM.6.1 OR CM.7 OR CM.8 OR CM.8.1 OR CM.9 OR CM.10 OR CM.11 OR CM.12 OR CN.1 OR CN.2 OR CP.1 OR CP.1.1 OR CP.1.2 OR CP.1.3 OR CP.2 OR CP.3 OR CP.4 OR CP.5 OR CP.6 OR CQ.1 OR CQ.1.1 OR CQ.2 OR CR.1 OR CR.1.1 OR CR.1.2 OR CR.1.3 OR CR.2 OR CS.1 OR CT.1 OR CU.1 OR CV.1 OR CV.2 OR CW.1 OR CY.1 OR CZ.1 OR DA.1 OR DB.1 OR DB.2 OR DC.1 OR DD.1 OR DE.1 OR DE.2 OR DF.1 OR DF.1.1 OR DG.1 OR DH.1 OR DJ.1 OR DJ.1.1 OR DJ.1.2 OR DJ.1.3 OR DK.1 OR DL.1 OR DM.1 OR DN.1 OR DN.1.1 OR DP.1 OR DQ.1 OR DR.1 OR DS.1 OR DT.1 OR DU.1 OR DV.1,Omicron,6.28571428571429,6.14285714285714,0.977272727272727
2022-03-26,1,1,2.2,2.2,1,0.333178245598791,0.999783091529969,B.1.1.529 OR BA.1 OR BA.1.1 OR BA.1.1.1 OR BA.1.1.2 OR BA.1.1.3 OR BA.1.1.4 OR BA.1.1.5 OR BA.1.1.6 OR BA.1.1.7 OR BA.1.1.8 OR BA.1.1.9 OR BA.1.1.10 OR BA.1.1.11 OR BA.1.1.12 OR BA.1.1.13 OR BA.1.1.14 OR BA.1.1.15 OR BA.1.1.16 OR BA.1.1.17 OR BA.1.1.18 OR BA.1.2 OR BA.1.3 OR BA.1.4 OR BA.1.5 OR BA.1.6 OR BA.1.7 OR BA.1.8 OR BA.1.9 OR BA.1.10 OR BA.1.12 OR BA.1.13 OR BA.1.13.1 OR BA.1.14 OR BA.1.14.1 OR BA.1.14.2 OR BA.1.15 OR BA.1.15.1 OR BA.1.15.2 OR BA.1.15.3 OR BA.1.16 OR BA.1.16.1 OR BA.1.16.2 OR BA.1.17 OR BA.1.17.1 OR BA.1.17.2 OR BA.1.18 OR BA.1.19 OR BA.1.20 OR BA.1.21 OR BA.1.21.1 OR BA.1.22 OR BA.1.23 OR BA.1.24 OR BA.2 OR BA.2.1 OR BA.2.2 OR BA.2.2.1 OR BA.2.3 OR BA.2.3.1 OR BA.2.3.2 OR BA.2.3.4 OR BA.2.3.5 OR BA.2.3.6 OR BA.2.3.7 OR BA.2.3.8 OR BA.2.3.9 OR BA.2.3.10 OR BA.2.3.11 OR BA.2.3.12 OR BA.2.3.13 OR BA.2.3.14 OR BA.2.3.15 OR BA.2.3.16 OR BA.2.3.17 OR BA.2.3.18 OR BA.2.3.19 OR BA.2.3.20 OR BA.2.3.21 OR BA.2.3.22 OR BA.2.4 OR BA.2.5 OR BA.2.6 OR BA.2.7 OR BA.2.8 OR BA.2.9 OR BA.2.9.1 OR BA.2.9.2 OR BA.2.9.3 OR BA.2.9.4 OR BA.2.9.5 OR BA.2.9.6 OR BA.2.9.7 OR BA.2.10 OR BA.2.10.1 OR BA.2.10.2 OR BA.2.10.3 OR BA.2.10.4 OR BA.2.11 OR BA.2.12 OR BA.2.12.1 OR BA.2.12.2 OR BA.2.13 OR BA.2.13.1 OR BA.2.14 OR BA.2.15 OR BA.2.16 OR BA.2.17 OR BA.2.18 OR BA.2.19 OR BA.2.20 OR BA.2.21 OR BA.2.22 OR BA.2.23 OR BA.2.23.1 OR BA.2.24 OR BA.2.25 OR BA.2.25.1 OR BA.2.26 OR BA.2.27 OR BA.2.28 OR BA.2.29 OR BA.2.30 OR BA.2.31 OR BA.2.31.1 OR BA.2.32 OR BA.2.33 OR BA.2.34 OR BA.2.35 OR BA.2.36 OR BA.2.37 OR BA.2.38 OR BA.2.38.1 OR BA.2.38.2 OR BA.2.38.3 OR BA.2.38.4 OR BA.2.39 OR BA.2.40 OR BA.2.40.1 OR BA.2.41 OR BA.2.42 OR BA.2.43 OR BA.2.44 OR BA.2.45 OR BA.2.46 OR BA.2.47 OR BA.2.48 OR BA.2.49 OR BA.2.50 OR BA.2.51 OR BA.2.52 OR BA.2.53 OR BA.2.54 OR BA.2.55 OR BA.2.56 OR BA.2.56.1 OR BA.2.57 OR BA.2.58 OR BA.2.59 OR BA.2.60 OR BA.2.61 OR BA.2.62 OR BA.2.63 OR BA.2.64 OR BA.2.65 OR BA.2.66 OR BA.2.67 OR BA.2.68 OR BA.2.69 OR BA.2.70 OR BA.2.71 OR BA.2.72 OR BA.2.73 OR BA.2.74 OR BA.2.75 OR BA.2.75.1 OR BA.2.75.2 OR BA.2.75.3 OR BA.2.75.4 OR BA.2.75.5 OR BA.2.75.6 OR BA.2.75.7 OR BA.2.75.8 OR BA.2.75.9 OR BA.2.75.10 OR BA.2.76 OR BA.2.76.1 OR BA.2.76.2 OR BA.2.77 OR BA.2.78 OR BA.2.79 OR BA.2.79.1 OR BA.2.80 OR BA.2.81 OR BA.2.82 OR BA.2.83 OR BA.2.85 OR BA.3 OR BA.3.1 OR BA.4 OR BA.4.1 OR BA.4.1.1 OR BA.4.1.2 OR BA.4.1.3 OR BA.4.1.4 OR BA.4.1.5 OR BA.4.1.6 OR BA.4.1.7 OR BA.4.1.8 OR BA.4.1.9 OR BA.4.1.10 OR BA.4.2 OR BA.4.3 OR BA.4.4 OR BA.4.5 OR BA.4.6 OR BA.4.6.1 OR BA.4.6.2 OR BA.4.6.3 OR BA.4.6.4 OR BA.4.6.5 OR BA.4.7 OR BA.4.8 OR BA.5 OR BA.5.1 OR BA.5.1.1 OR BA.5.1.2 OR BA.5.1.3 OR BA.5.1.4 OR BA.5.1.5 OR BA.5.1.6 OR BA.5.1.7 OR BA.5.1.8 OR BA.5.1.9 OR BA.5.1.10 OR BA.5.1.11 OR BA.5.1.12 OR BA.5.1.14 OR BA.5.1.15 OR BA.5.1.16 OR BA.5.1.17 OR BA.5.1.18 OR BA.5.1.19 OR BA.5.1.20 OR BA.5.1.21 OR BA.5.1.22 OR BA.5.1.23 OR BA.5.1.24 OR BA.5.1.25 OR BA.5.1.26 OR BA.5.1.27 OR BA.5.1.28 OR BA.5.1.29 OR BA.5.1.30 OR BA.5.1.31 OR BA.5.1.32 OR BA.5.2 OR BA.5.2.1 OR BA.5.2.2 OR BA.5.2.3 OR BA.5.2.4 OR BA.5.2.5 OR BA.5.2.6 OR BA.5.2.7 OR BA.5.2.8 OR BA.5.2.9 OR BA.5.2.10 OR BA.5.2.11 OR BA.5.2.12 OR BA.5.2.13 OR BA.5.2.14 OR BA.5.2.16 OR BA.5.2.18 OR BA.5.2.19 OR BA.5.2.20 OR BA.5.2.21 OR BA.5.2.22 OR BA.5.2.23 OR BA.5.2.24 OR BA.5.2.25 OR BA.5.2.26 OR BA.5.2.27 OR BA.5.2.28 OR BA.5.2.29 OR BA.5.2.30 OR BA.5.2.31 OR BA.5.2.32 OR BA.5.2.33 OR BA.5.2.34 OR BA.5.2.35 OR BA.5.2.36 OR BA.5.2.37 OR BA.5.2.38 OR BA.5.2.39 OR BA.5.2.40 OR BA.5.2.41 OR BA.5.2.42 OR BA.5.2.43 OR BA.5.2.44 OR BA.5.2.45 OR BA.5.2.46 OR BA.5.2.47 OR BA.5.2.48 OR BA.5.2.49 OR BA.5.3 OR BA.5.3.1 OR BA.5.3.2 OR BA.5.3.3 OR BA.5.3.4 OR BA.5.3.5 OR BA.5.5 OR BA.5.5.1 OR BA.5.5.2 OR BA.5.5.3 OR BA.5.6 OR BA.5.6.1 OR BA.5.6.2 OR BA.5.6.3 OR BA.5.6.4 OR BA.5.7 OR BA.5.8 OR BA.5.9 OR BA.5.10 OR BA.5.10.1 OR BA.5.11 OR BC.1 OR BC.2 OR BD.1 OR BE.1 OR BE.1.1 OR BE.1.1.1 OR BE.1.1.2 OR BE.1.2 OR BE.1.2.1 OR BE.1.3 OR BE.1.4 OR BE.1.4.1 OR BE.1.4.2 OR BE.1.4.3 OR BE.1.4.4 OR BE.2 OR BE.3 OR BE.4 OR BE.4.1 OR BE.4.1.1 OR BE.4.2 OR BE.5 OR BE.6 OR BE.7 OR BE.8 OR BE.9 OR BE.10 OR BF.1 OR BF.1.1 OR BF.2 OR BF.3 OR BF.3.1 OR BF.4 OR BF.5 OR BF.5.1 OR BF.5.2 OR BF.6 OR BF.7 OR BF.7.1 OR BF.7.2 OR BF.7.3 OR BF.7.4 OR BF.7.4.1 OR BF.7.4.2 OR BF.7.5 OR BF.7.5.1 OR BF.7.6 OR BF.7.7 OR BF.7.8 OR BF.7.9 OR BF.7.10 OR BF.7.11 OR BF.7.12 OR BF.7.13 OR BF.7.13.1 OR BF.7.13.2 OR BF.7.14 OR BF.7.15 OR BF.8 OR BF.9 OR BF.10 OR BF.10.1 OR BF.11 OR BF.11.1 OR BF.11.2 OR BF.11.3 OR BF.11.4 OR BF.11.5 OR BF.12 OR BF.13 OR BF.14 OR BF.15 OR BF.16 OR BF.17 OR BF.18 OR BF.19 OR BF.20 OR BF.21 OR BF.22 OR BF.23 OR BF.24 OR BF.25 OR BF.26 OR BF.27 OR BF.28 OR BF.29 OR BF.30 OR BF.31 OR BF.31.1 OR BF.32 OR BF.33 OR BF.34 OR BG.1 OR BG.2 OR BG.3 OR BG.4 OR BG.5 OR BG.6 OR BG.7 OR BH.1 OR BJ.1 OR BK.1 OR BL.1 OR BL.1.1 OR BL.1.2 OR BL.1.3 OR BL.1.4 OR BL.2 OR BL.2.1 OR BL.3 OR BL.4 OR BL.5 OR BL.6 OR BM.1 OR BM.1.1 OR BM.1.1.1 OR BM.1.1.2 OR BM.1.1.3 OR BM.1.1.4 OR BM.1.1.5 OR BM.2 OR BM.2.1 OR BM.2.2 OR BM.2.3 OR BM.3 OR BM.4 OR BM.4.1 OR BM.4.1.1 OR BM.5 OR BM.6 OR BN.1 OR BN.1.1 OR BN.1.1.1 OR BN.1.2 OR BN.1.2.1 OR BN.1.3 OR BN.1.3.1 OR BN.1.3.2 OR BN.1.3.3 OR BN.1.3.4 OR BN.1.4 OR BN.1.4.1 OR BN.1.5 OR BN.1.5.1 OR BN.1.6 OR BN.1.7 OR BN.1.8 OR BN.1.9 OR BN.2 OR BN.2.1 OR BN.3 OR BN.3.1 OR BN.4 OR BN.5 OR BN.6 OR BP.1 OR BQ.1 OR BQ.1.1 OR BQ.1.1.1 OR BQ.1.1.2 OR BQ.1.1.3 OR BQ.1.1.4 OR BQ.1.1.5 OR BQ.1.1.6 OR BQ.1.1.7 OR BQ.1.1.8 OR BQ.1.1.9 OR BQ.1.1.10 OR BQ.1.1.11 OR BQ.1.1.12 OR BQ.1.1.13 OR BQ.1.1.14 OR BQ.1.1.15 OR BQ.1.1.16 OR BQ.1.1.17 OR BQ.1.1.18 OR BQ.1.1.19 OR BQ.1.1.20 OR BQ.1.1.21 OR BQ.1.1.22 OR BQ.1.1.23 OR BQ.1.1.24 OR BQ.1.1.25 OR BQ.1.1.26 OR BQ.1.1.27 OR BQ.1.1.28 OR BQ.1.1.29 OR BQ.1.1.30 OR BQ.1.1.31 OR BQ.1.1.32 OR BQ.1.1.34 OR BQ.1.1.35 OR BQ.1.1.36 OR BQ.1.2 OR BQ.1.3 OR BQ.1.4 OR BQ.1.5 OR BQ.1.6 OR BQ.1.7 OR BQ.1.8 OR BQ.1.8.1 OR BQ.1.8.2 OR BQ.1.9 OR BQ.1.10 OR BQ.1.10.1 OR BQ.1.11 OR BQ.1.12 OR BQ.1.13 OR BQ.1.13.1 OR BQ.1.14 OR BQ.1.15 OR BQ.1.16 OR BQ.1.17 OR BQ.1.18 OR BQ.1.19 OR BQ.1.20 OR BQ.1.21 OR BQ.1.22 OR BQ.1.23 OR BQ.1.24 OR BQ.1.25 OR BQ.1.25.1 OR BQ.1.26 OR BQ.1.26.1 OR BQ.1.27 OR BQ.1.28 OR BQ.2 OR BR.1 OR BR.1.1 OR BR.1.2 OR BR.2 OR BR.2.1 OR BR.3 OR BR.4 OR BS.1 OR BS.1.1 OR BS.1.2 OR BT.1 OR BT.2 OR BU.1 OR BU.2 OR BU.3 OR BV.1 OR BV.2 OR BW.1 OR BW.1.1 OR BY.1 OR BY.1.1 OR BY.1.1.1 OR BY.1.2 OR BY.1.2.1 OR BZ.1 OR CA.1 OR CA.2 OR CA.3 OR CA.3.1 OR CA.4 OR CA.5 OR CA.6 OR CA.7 OR CB.1 OR CC.1 OR CD.1 OR CD.2 OR CE.1 OR CF.1 OR CG.1 OR CH.1 OR CH.1.1 OR CH.1.1.1 OR CH.1.1.2 OR CH.1.1.3 OR CH.1.1.4 OR CH.1.1.5 OR CH.2 OR CH.3 OR CH.3.1 OR CJ.1 OR CJ.1.1 OR CK.1 OR CK.1.1 OR CK.1.2 OR CK.2 OR CK.2.1 OR CK.2.1.1 OR CK.3 OR CL.1 OR CM.1 OR CM.2 OR CM.2.1 OR CM.3 OR CM.4 OR CM.4.1 OR CM.5 OR CM.5.1 OR CM.5.2 OR CM.6 OR CM.6.1 OR CM.7 OR CM.8 OR CM.8.1 OR CM.9 OR CM.10 OR CM.11 OR CM.12 OR CN.1 OR CN.2 OR CP.1 OR CP.1.1 OR CP.1.2 OR CP.1.3 OR CP.2 OR CP.3 OR CP.4 OR CP.5 OR CP.6 OR CQ.1 OR CQ.1.1 OR CQ.2 OR CR.1 OR CR.1.1 OR CR.1.2 OR CR.1.3 OR CR.2 OR CS.1 OR CT.1 OR CU.1 OR CV.1 OR CV.2 OR CW.1 OR CY.1 OR CZ.1 OR DA.1 OR DB.1 OR DB.2 OR DC.1 OR DD.1 OR DE.1 OR DE.2 OR DF.1 OR DF.1.1 OR DG.1 OR DH.1 OR DJ.1 OR DJ.1.1 OR DJ.1.2 OR DJ.1.3 OR DK.1 OR DL.1 OR DM.1 OR DN.1 OR DN.1.1 OR DP.1 OR DQ.1 OR DR.1 OR DS.1 OR DT.1 OR DU.1 OR DV.1,Omicron,6.07142857142857,5.92857142857143,0.976470588235294
2022-03-28,7,6,2.4,2.2,0.916666666666667,0.333178245598791,0.999783091529969,B.1.1.529 OR BA.1 OR BA.1.1 OR BA.1.1.1 OR BA.1.1.2 OR BA.1.1.3 OR BA.1.1.4 OR BA.1.1.5 OR BA.1.1.6 OR BA.1.1.7 OR BA.1.1.8 OR BA.1.1.9 OR BA.1.1.10 OR BA.1.1.11 OR BA.1.1.12 OR BA.1.1.13 OR BA.1.1.14 OR BA.1.1.15 OR BA.1.1.16 OR BA.1.1.17 OR BA.1.1.18 OR BA.1.2 OR BA.1.3 OR BA.1.4 OR BA.1.5 OR BA.1.6 OR BA.1.7 OR BA.1.8 OR BA.1.9 OR BA.1.10 OR BA.1.12 OR BA.1.13 OR BA.1.13.1 OR BA.1.14 OR BA.1.14.1 OR BA.1.14.2 OR BA.1.15 OR BA.1.15.1 OR BA.1.15.2 OR BA.1.15.3 OR BA.1.16 OR BA.1.16.1 OR BA.1.16.2 OR BA.1.17 OR BA.1.17.1 OR BA.1.17.2 OR BA.1.18 OR BA.1.19 OR BA.1.20 OR BA.1.21 OR BA.1.21.1 OR BA.1.22 OR BA.1.23 OR BA.1.24 OR BA.2 OR BA.2.1 OR BA.2.2 OR BA.2.2.1 OR BA.2.3 OR BA.2.3.1 OR BA.2.3.2 OR BA.2.3.4 OR BA.2.3.5 OR BA.2.3.6 OR BA.2.3.7 OR BA.2.3.8 OR BA.2.3.9 OR BA.2.3.10 OR BA.2.3.11 OR BA.2.3.12 OR BA.2.3.13 OR BA.2.3.14 OR BA.2.3.15 OR BA.2.3.16 OR BA.2.3.17 OR BA.2.3.18 OR BA.2.3.19 OR BA.2.3.20 OR BA.2.3.21 OR BA.2.3.22 OR BA.2.4 OR BA.2.5 OR BA.2.6 OR BA.2.7 OR BA.2.8 OR BA.2.9 OR BA.2.9.1 OR BA.2.9.2 OR BA.2.9.3 OR BA.2.9.4 OR BA.2.9.5 OR BA.2.9.6 OR BA.2.9.7 OR BA.2.10 OR BA.2.10.1 OR BA.2.10.2 OR BA.2.10.3 OR BA.2.10.4 OR BA.2.11 OR BA.2.12 OR BA.2.12.1 OR BA.2.12.2 OR BA.2.13 OR BA.2.13.1 OR BA.2.14 OR BA.2.15 OR BA.2.16 OR BA.2.17 OR BA.2.18 OR BA.2.19 OR BA.2.20 OR BA.2.21 OR BA.2.22 OR BA.2.23 OR BA.2.23.1 OR BA.2.24 OR BA.2.25 OR BA.2.25.1 OR BA.2.26 OR BA.2.27 OR BA.2.28 OR BA.2.29 OR BA.2.30 OR BA.2.31 OR BA.2.31.1 OR BA.2.32 OR BA.2.33 OR BA.2.34 OR BA.2.35 OR BA.2.36 OR BA.2.37 OR BA.2.38 OR BA.2.38.1 OR BA.2.38.2 OR BA.2.38.3 OR BA.2.38.4 OR BA.2.39 OR BA.2.40 OR BA.2.40.1 OR BA.2.41 OR BA.2.42 OR BA.2.43 OR BA.2.44 OR BA.2.45 OR BA.2.46 OR BA.2.47 OR BA.2.48 OR BA.2.49 OR BA.2.50 OR BA.2.51 OR BA.2.52 OR BA.2.53 OR BA.2.54 OR BA.2.55 OR BA.2.56 OR BA.2.56.1 OR BA.2.57 OR BA.2.58 OR BA.2.59 OR BA.2.60 OR BA.2.61 OR BA.2.62 OR BA.2.63 OR BA.2.64 OR BA.2.65 OR BA.2.66 OR BA.2.67 OR BA.2.68 OR BA.2.69 OR BA.2.70 OR BA.2.71 OR BA.2.72 OR BA.2.73 OR BA.2.74 OR BA.2.75 OR BA.2.75.1 OR BA.2.75.2 OR BA.2.75.3 OR BA.2.75.4 OR BA.2.75.5 OR BA.2.75.6 OR BA.2.75.7 OR BA.2.75.8 OR BA.2.75.9 OR BA.2.75.10 OR BA.2.76 OR BA.2.76.1 OR BA.2.76.2 OR BA.2.77 OR BA.2.78 OR BA.2.79 OR BA.2.79.1 OR BA.2.80 OR BA.2.81 OR BA.2.82 OR BA.2.83 OR BA.2.85 OR BA.3 OR BA.3.1 OR BA.4 OR BA.4.1 OR BA.4.1.1 OR BA.4.1.2 OR BA.4.1.3 OR BA.4.1.4 OR BA.4.1.5 OR BA.4.1.6 OR BA.4.1.7 OR BA.4.1.8 OR BA.4.1.9 OR BA.4.1.10 OR BA.4.2 OR BA.4.3 OR BA.4.4 OR BA.4.5 OR BA.4.6 OR BA.4.6.1 OR BA.4.6.2 OR BA.4.6.3 OR BA.4.6.4 OR BA.4.6.5 OR BA.4.7 OR BA.4.8 OR BA.5 OR BA.5.1 OR BA.5.1.1 OR BA.5.1.2 OR BA.5.1.3 OR BA.5.1.4 OR BA.5.1.5 OR BA.5.1.6 OR BA.5.1.7 OR BA.5.1.8 OR BA.5.1.9 OR BA.5.1.10 OR BA.5.1.11 OR BA.5.1.12 OR BA.5.1.14 OR BA.5.1.15 OR BA.5.1.16 OR BA.5.1.17 OR BA.5.1.18 OR BA.5.1.19 OR BA.5.1.20 OR BA.5.1.21 OR BA.5.1.22 OR BA.5.1.23 OR BA.5.1.24 OR BA.5.1.25 OR BA.5.1.26 OR BA.5.1.27 OR BA.5.1.28 OR BA.5.1.29 OR BA.5.1.30 OR BA.5.1.31 OR BA.5.1.32 OR BA.5.2 OR BA.5.2.1 OR BA.5.2.2 OR BA.5.2.3 OR BA.5.2.4 OR BA.5.2.5 OR BA.5.2.6 OR BA.5.2.7 OR BA.5.2.8 OR BA.5.2.9 OR BA.5.2.10 OR BA.5.2.11 OR BA.5.2.12 OR BA.5.2.13 OR BA.5.2.14 OR BA.5.2.16 OR BA.5.2.18 OR BA.5.2.19 OR BA.5.2.20 OR BA.5.2.21 OR BA.5.2.22 OR BA.5.2.23 OR BA.5.2.24 OR BA.5.2.25 OR BA.5.2.26 OR BA.5.2.27 OR BA.5.2.28 OR BA.5.2.29 OR BA.5.2.30 OR BA.5.2.31 OR BA.5.2.32 OR BA.5.2.33 OR BA.5.2.34 OR BA.5.2.35 OR BA.5.2.36 OR BA.5.2.37 OR BA.5.2.38 OR BA.5.2.39 OR BA.5.2.40 OR BA.5.2.41 OR BA.5.2.42 OR BA.5.2.43 OR BA.5.2.44 OR BA.5.2.45 OR BA.5.2.46 OR BA.5.2.47 OR BA.5.2.48 OR BA.5.2.49 OR BA.5.3 OR BA.5.3.1 OR BA.5.3.2 OR BA.5.3.3 OR BA.5.3.4 OR BA.5.3.5 OR BA.5.5 OR BA.5.5.1 OR BA.5.5.2 OR BA.5.5.3 OR BA.5.6 OR BA.5.6.1 OR BA.5.6.2 OR BA.5.6.3 OR BA.5.6.4 OR BA.5.7 OR BA.5.8 OR BA.5.9 OR BA.5.10 OR BA.5.10.1 OR BA.5.11 OR BC.1 OR BC.2 OR BD.1 OR BE.1 OR BE.1.1 OR BE.1.1.1 OR BE.1.1.2 OR BE.1.2 OR BE.1.2.1 OR BE.1.3 OR BE.1.4 OR BE.1.4.1 OR BE.1.4.2 OR BE.1.4.3 OR BE.1.4.4 OR BE.2 OR BE.3 OR BE.4 OR BE.4.1 OR BE.4.1.1 OR BE.4.2 OR BE.5 OR BE.6 OR BE.7 OR BE.8 OR BE.9 OR BE.10 OR BF.1 OR BF.1.1 OR BF.2 OR BF.3 OR BF.3.1 OR BF.4 OR BF.5 OR BF.5.1 OR BF.5.2 OR BF.6 OR BF.7 OR BF.7.1 OR BF.7.2 OR BF.7.3 OR BF.7.4 OR BF.7.4.1 OR BF.7.4.2 OR BF.7.5 OR BF.7.5.1 OR BF.7.6 OR BF.7.7 OR BF.7.8 OR BF.7.9 OR BF.7.10 OR BF.7.11 OR BF.7.12 OR BF.7.13 OR BF.7.13.1 OR BF.7.13.2 OR BF.7.14 OR BF.7.15 OR BF.8 OR BF.9 OR BF.10 OR BF.10.1 OR BF.11 OR BF.11.1 OR BF.11.2 OR BF.11.3 OR BF.11.4 OR BF.11.5 OR BF.12 OR BF.13 OR BF.14 OR BF.15 OR BF.16 OR BF.17 OR BF.18 OR BF.19 OR BF.20 OR BF.21 OR BF.22 OR BF.23 OR BF.24 OR BF.25 OR BF.26 OR BF.27 OR BF.28 OR BF.29 OR BF.30 OR BF.31 OR BF.31.1 OR BF.32 OR BF.33 OR BF.34 OR BG.1 OR BG.2 OR BG.3 OR BG.4 OR BG.5 OR BG.6 OR BG.7 OR BH.1 OR BJ.1 OR BK.1 OR BL.1 OR BL.1.1 OR BL.1.2 OR BL.1.3 OR BL.1.4 OR BL.2 OR BL.2.1 OR BL.3 OR BL.4 OR BL.5 OR BL.6 OR BM.1 OR BM.1.1 OR BM.1.1.1 OR BM.1.1.2 OR BM.1.1.3 OR BM.1.1.4 OR BM.1.1.5 OR BM.2 OR BM.2.1 OR BM.2.2 OR BM.2.3 OR BM.3 OR BM.4 OR BM.4.1 OR BM.4.1.1 OR BM.5 OR BM.6 OR BN.1 OR BN.1.1 OR BN.1.1.1 OR BN.1.2 OR BN.1.2.1 OR BN.1.3 OR BN.1.3.1 OR BN.1.3.2 OR BN.1.3.3 OR BN.1.3.4 OR BN.1.4 OR BN.1.4.1 OR BN.1.5 OR BN.1.5.1 OR BN.1.6 OR BN.1.7 OR BN.1.8 OR BN.1.9 OR BN.2 OR BN.2.1 OR BN.3 OR BN.3.1 OR BN.4 OR BN.5 OR BN.6 OR BP.1 OR BQ.1 OR BQ.1.1 OR BQ.1.1.1 OR BQ.1.1.2 OR BQ.1.1.3 OR BQ.1.1.4 OR BQ.1.1.5 OR BQ.1.1.6 OR BQ.1.1.7 OR BQ.1.1.8 OR BQ.1.1.9 OR BQ.1.1.10 OR BQ.1.1.11 OR BQ.1.1.12 OR BQ.1.1.13 OR BQ.1.1.14 OR BQ.1.1.15 OR BQ.1.1.16 OR BQ.1.1.17 OR BQ.1.1.18 OR BQ.1.1.19 OR BQ.1.1.20 OR BQ.1.1.21 OR BQ.1.1.22 OR BQ.1.1.23 OR BQ.1.1.24 OR BQ.1.1.25 OR BQ.1.1.26 OR BQ.1.1.27 OR BQ.1.1.28 OR BQ.1.1.29 OR BQ.1.1.30 OR BQ.1.1.31 OR BQ.1.1.32 OR BQ.1.1.34 OR BQ.1.1.35 OR BQ.1.1.36 OR BQ.1.2 OR BQ.1.3 OR BQ.1.4 OR BQ.1.5 OR BQ.1.6 OR BQ.1.7 OR BQ.1.8 OR BQ.1.8.1 OR BQ.1.8.2 OR BQ.1.9 OR BQ.1.10 OR BQ.1.10.1 OR BQ.1.11 OR BQ.1.12 OR BQ.1.13 OR BQ.1.13.1 OR BQ.1.14 OR BQ.1.15 OR BQ.1.16 OR BQ.1.17 OR BQ.1.18 OR BQ.1.19 OR BQ.1.20 OR BQ.1.21 OR BQ.1.22 OR BQ.1.23 OR BQ.1.24 OR BQ.1.25 OR BQ.1.25.1 OR BQ.1.26 OR BQ.1.26.1 OR BQ.1.27 OR BQ.1.28 OR BQ.2 OR BR.1 OR BR.1.1 OR BR.1.2 OR BR.2 OR BR.2.1 OR BR.3 OR BR.4 OR BS.1 OR BS.1.1 OR BS.1.2 OR BT.1 OR BT.2 OR BU.1 OR BU.2 OR BU.3 OR BV.1 OR BV.2 OR BW.1 OR BW.1.1 OR BY.1 OR BY.1.1 OR BY.1.1.1 OR BY.1.2 OR BY.1.2.1 OR BZ.1 OR CA.1 OR CA.2 OR CA.3 OR CA.3.1 OR CA.4 OR CA.5 OR CA.6 OR CA.7 OR CB.1 OR CC.1 OR CD.1 OR CD.2 OR CE.1 OR CF.1 OR CG.1 OR CH.1 OR CH.1.1 OR CH.1.1.1 OR CH.1.1.2 OR CH.1.1.3 OR CH.1.1.4 OR CH.1.1.5 OR CH.2 OR CH.3 OR CH.3.1 OR CJ.1 OR CJ.1.1 OR CK.1 OR CK.1.1 OR CK.1.2 OR CK.2 OR CK.2.1 OR CK.2.1.1 OR CK.3 OR CL.1 OR CM.1 OR CM.2 OR CM.2.1 OR CM.3 OR CM.4 OR CM.4.1 OR CM.5 OR CM.5.1 OR CM.5.2 OR CM.6 OR CM.6.1 OR CM.7 OR CM.8 OR CM.8.1 OR CM.9 OR CM.10 OR CM.11 OR CM.12 OR CN.1 OR CN.2 OR CP.1 OR CP.1.1 OR CP.1.2 OR CP.1.3 OR CP.2 OR CP.3 OR CP.4 OR CP.5 OR CP.6 OR CQ.1 OR CQ.1.1 OR CQ.2 OR CR.1 OR CR.1.1 OR CR.1.2 OR CR.1.3 OR CR.2 OR CS.1 OR CT.1 OR CU.1 OR CV.1 OR CV.2 OR CW.1 OR CY.1 OR CZ.1 OR DA.1 OR DB.1 OR DB.2 OR DC.1 OR DD.1 OR DE.1 OR DE.2 OR DF.1 OR DF.1.1 OR DG.1 OR DH.1 OR DJ.1 OR DJ.1.1 OR DJ.1.2 OR DJ.1.3 OR DK.1 OR DL.1 OR DM.1 OR DN.1 OR DN.1.1 OR DP.1 OR DQ.1 OR DR.1 OR DS.1 OR DT.1 OR DU.1 OR DV.1,Omicron,6,5.85714285714286,0.976190476190476
2022-03-29,1,1,2.4,2.2,0.916666666666667,0.333178245598791,0.999783091529969,B.1.1.529 OR BA.1 OR BA.1.1 OR BA.1.1.1 OR BA.1.1.2 OR BA.1.1.3 OR BA.1.1.4 OR BA.1.1.5 OR BA.1.1.6 OR BA.1.1.7 OR BA.1.1.8 OR BA.1.1.9 OR BA.1.1.10 OR BA.1.1.11 OR BA.1.1.12 OR BA.1.1.13 OR BA.1.1.14 OR BA.1.1.15 OR BA.1.1.16 OR BA.1.1.17 OR BA.1.1.18 OR BA.1.2 OR BA.1.3 OR BA.1.4 OR BA.1.5 OR BA.1.6 OR BA.1.7 OR BA.1.8 OR BA.1.9 OR BA.1.10 OR BA.1.12 OR BA.1.13 OR BA.1.13.1 OR BA.1.14 OR BA.1.14.1 OR BA.1.14.2 OR BA.1.15 OR BA.1.15.1 OR BA.1.15.2 OR BA.1.15.3 OR BA.1.16 OR BA.1.16.1 OR BA.1.16.2 OR BA.1.17 OR BA.1.17.1 OR BA.1.17.2 OR BA.1.18 OR BA.1.19 OR BA.1.20 OR BA.1.21 OR BA.1.21.1 OR BA.1.22 OR BA.1.23 OR BA.1.24 OR BA.2 OR BA.2.1 OR BA.2.2 OR BA.2.2.1 OR BA.2.3 OR BA.2.3.1 OR BA.2.3.2 OR BA.2.3.4 OR BA.2.3.5 OR BA.2.3.6 OR BA.2.3.7 OR BA.2.3.8 OR BA.2.3.9 OR BA.2.3.10 OR BA.2.3.11 OR BA.2.3.12 OR BA.2.3.13 OR BA.2.3.14 OR BA.2.3.15 OR BA.2.3.16 OR BA.2.3.17 OR BA.2.3.18 OR BA.2.3.19 OR BA.2.3.20 OR BA.2.3.21 OR BA.2.3.22 OR BA.2.4 OR BA.2.5 OR BA.2.6 OR BA.2.7 OR BA.2.8 OR BA.2.9 OR BA.2.9.1 OR BA.2.9.2 OR BA.2.9.3 OR BA.2.9.4 OR BA.2.9.5 OR BA.2.9.6 OR BA.2.9.7 OR BA.2.10 OR BA.2.10.1 OR BA.2.10.2 OR BA.2.10.3 OR BA.2.10.4 OR BA.2.11 OR BA.2.12 OR BA.2.12.1 OR BA.2.12.2 OR BA.2.13 OR BA.2.13.1 OR BA.2.14 OR BA.2.15 OR BA.2.16 OR BA.2.17 OR BA.2.18 OR BA.2.19 OR BA.2.20 OR BA.2.21 OR BA.2.22 OR BA.2.23 OR BA.2.23.1 OR BA.2.24 OR BA.2.25 OR BA.2.25.1 OR BA.2.26 OR BA.2.27 OR BA.2.28 OR BA.2.29 OR BA.2.30 OR BA.2.31 OR BA.2.31.1 OR BA.2.32 OR BA.2.33 OR BA.2.34 OR BA.2.35 OR BA.2.36 OR BA.2.37 OR BA.2.38 OR BA.2.38.1 OR BA.2.38.2 OR BA.2.38.3 OR BA.2.38.4 OR BA.2.39 OR BA.2.40 OR BA.2.40.1 OR BA.2.41 OR BA.2.42 OR BA.2.43 OR BA.2.44 OR BA.2.45 OR BA.2.46 OR BA.2.47 OR BA.2.48 OR BA.2.49 OR BA.2.50 OR BA.2.51 OR BA.2.52 OR BA.2.53 OR BA.2.54 OR BA.2.55 OR BA.2.56 OR BA.2.56.1 OR BA.2.57 OR BA.2.58 OR BA.2.59 OR BA.2.60 OR BA.2.61 OR BA.2.62 OR BA.2.63 OR BA.2.64 OR BA.2.65 OR BA.2.66 OR BA.2.67 OR BA.2.68 OR BA.2.69 OR BA.2.70 OR BA.2.71 OR BA.2.72 OR BA.2.73 OR BA.2.74 OR BA.2.75 OR BA.2.75.1 OR BA.2.75.2 OR BA.2.75.3 OR BA.2.75.4 OR BA.2.75.5 OR BA.2.75.6 OR BA.2.75.7 OR BA.2.75.8 OR BA.2.75.9 OR BA.2.75.10 OR BA.2.76 OR BA.2.76.1 OR BA.2.76.2 OR BA.2.77 OR BA.2.78 OR BA.2.79 OR BA.2.79.1 OR BA.2.80 OR BA.2.81 OR BA.2.82 OR BA.2.83 OR BA.2.85 OR BA.3 OR BA.3.1 OR BA.4 OR BA.4.1 OR BA.4.1.1 OR BA.4.1.2 OR BA.4.1.3 OR BA.4.1.4 OR BA.4.1.5 OR BA.4.1.6 OR BA.4.1.7 OR BA.4.1.8 OR BA.4.1.9 OR BA.4.1.10 OR BA.4.2 OR BA.4.3 OR BA.4.4 OR BA.4.5 OR BA.4.6 OR BA.4.6.1 OR BA.4.6.2 OR BA.4.6.3 OR BA.4.6.4 OR BA.4.6.5 OR BA.4.7 OR BA.4.8 OR BA.5 OR BA.5.1 OR BA.5.1.1 OR BA.5.1.2 OR BA.5.1.3 OR BA.5.1.4 OR BA.5.1.5 OR BA.5.1.6 OR BA.5.1.7 OR BA.5.1.8 OR BA.5.1.9 OR BA.5.1.10 OR BA.5.1.11 OR BA.5.1.12 OR BA.5.1.14 OR BA.5.1.15 OR BA.5.1.16 OR BA.5.1.17 OR BA.5.1.18 OR BA.5.1.19 OR BA.5.1.20 OR BA.5.1.21 OR BA.5.1.22 OR BA.5.1.23 OR BA.5.1.24 OR BA.5.1.25 OR BA.5.1.26 OR BA.5.1.27 OR BA.5.1.28 OR BA.5.1.29 OR BA.5.1.30 OR BA.5.1.31 OR BA.5.1.32 OR BA.5.2 OR BA.5.2.1 OR BA.5.2.2 OR BA.5.2.3 OR BA.5.2.4 OR BA.5.2.5 OR BA.5.2.6 OR BA.5.2.7 OR BA.5.2.8 OR BA.5.2.9 OR BA.5.2.10 OR BA.5.2.11 OR BA.5.2.12 OR BA.5.2.13 OR BA.5.2.14 OR BA.5.2.16 OR BA.5.2.18 OR BA.5.2.19 OR BA.5.2.20 OR BA.5.2.21 OR BA.5.2.22 OR BA.5.2.23 OR BA.5.2.24 OR BA.5.2.25 OR BA.5.2.26 OR BA.5.2.27 OR BA.5.2.28 OR BA.5.2.29 OR BA.5.2.30 OR BA.5.2.31 OR BA.5.2.32 OR BA.5.2.33 OR BA.5.2.34 OR BA.5.2.35 OR BA.5.2.36 OR BA.5.2.37 OR BA.5.2.38 OR BA.5.2.39 OR BA.5.2.40 OR BA.5.2.41 OR BA.5.2.42 OR BA.5.2.43 OR BA.5.2.44 OR BA.5.2.45 OR BA.5.2.46 OR BA.5.2.47 OR BA.5.2.48 OR BA.5.2.49 OR BA.5.3 OR BA.5.3.1 OR BA.5.3.2 OR BA.5.3.3 OR BA.5.3.4 OR BA.5.3.5 OR BA.5.5 OR BA.5.5.1 OR BA.5.5.2 OR BA.5.5.3 OR BA.5.6 OR BA.5.6.1 OR BA.5.6.2 OR BA.5.6.3 OR BA.5.6.4 OR BA.5.7 OR BA.5.8 OR BA.5.9 OR BA.5.10 OR BA.5.10.1 OR BA.5.11 OR BC.1 OR BC.2 OR BD.1 OR BE.1 OR BE.1.1 OR BE.1.1.1 OR BE.1.1.2 OR BE.1.2 OR BE.1.2.1 OR BE.1.3 OR BE.1.4 OR BE.1.4.1 OR BE.1.4.2 OR BE.1.4.3 OR BE.1.4.4 OR BE.2 OR BE.3 OR BE.4 OR BE.4.1 OR BE.4.1.1 OR BE.4.2 OR BE.5 OR BE.6 OR BE.7 OR BE.8 OR BE.9 OR BE.10 OR BF.1 OR BF.1.1 OR BF.2 OR BF.3 OR BF.3.1 OR BF.4 OR BF.5 OR BF.5.1 OR BF.5.2 OR BF.6 OR BF.7 OR BF.7.1 OR BF.7.2 OR BF.7.3 OR BF.7.4 OR BF.7.4.1 OR BF.7.4.2 OR BF.7.5 OR BF.7.5.1 OR BF.7.6 OR BF.7.7 OR BF.7.8 OR BF.7.9 OR BF.7.10 OR BF.7.11 OR BF.7.12 OR BF.7.13 OR BF.7.13.1 OR BF.7.13.2 OR BF.7.14 OR BF.7.15 OR BF.8 OR BF.9 OR BF.10 OR BF.10.1 OR BF.11 OR BF.11.1 OR BF.11.2 OR BF.11.3 OR BF.11.4 OR BF.11.5 OR BF.12 OR BF.13 OR BF.14 OR BF.15 OR BF.16 OR BF.17 OR BF.18 OR BF.19 OR BF.20 OR BF.21 OR BF.22 OR BF.23 OR BF.24 OR BF.25 OR BF.26 OR BF.27 OR BF.28 OR BF.29 OR BF.30 OR BF.31 OR BF.31.1 OR BF.32 OR BF.33 OR BF.34 OR BG.1 OR BG.2 OR BG.3 OR BG.4 OR BG.5 OR BG.6 OR BG.7 OR BH.1 OR BJ.1 OR BK.1 OR BL.1 OR BL.1.1 OR BL.1.2 OR BL.1.3 OR BL.1.4 OR BL.2 OR BL.2.1 OR BL.3 OR BL.4 OR BL.5 OR BL.6 OR BM.1 OR BM.1.1 OR BM.1.1.1 OR BM.1.1.2 OR BM.1.1.3 OR BM.1.1.4 OR BM.1.1.5 OR BM.2 OR BM.2.1 OR BM.2.2 OR BM.2.3 OR BM.3 OR BM.4 OR BM.4.1 OR BM.4.1.1 OR BM.5 OR BM.6 OR BN.1 OR BN.1.1 OR BN.1.1.1 OR BN.1.2 OR BN.1.2.1 OR BN.1.3 OR BN.1.3.1 OR BN.1.3.2 OR BN.1.3.3 OR BN.1.3.4 OR BN.1.4 OR BN.1.4.1 OR BN.1.5 OR BN.1.5.1 OR BN.1.6 OR BN.1.7 OR BN.1.8 OR BN.1.9 OR BN.2 OR BN.2.1 OR BN.3 OR BN.3.1 OR BN.4 OR BN.5 OR BN.6 OR BP.1 OR BQ.1 OR BQ.1.1 OR BQ.1.1.1 OR BQ.1.1.2 OR BQ.1.1.3 OR BQ.1.1.4 OR BQ.1.1.5 OR BQ.1.1.6 OR BQ.1.1.7 OR BQ.1.1.8 OR BQ.1.1.9 OR BQ.1.1.10 OR BQ.1.1.11 OR BQ.1.1.12 OR BQ.1.1.13 OR BQ.1.1.14 OR BQ.1.1.15 OR BQ.1.1.16 OR BQ.1.1.17 OR BQ.1.1.18 OR BQ.1.1.19 OR BQ.1.1.20 OR BQ.1.1.21 OR BQ.1.1.22 OR BQ.1.1.23 OR BQ.1.1.24 OR BQ.1.1.25 OR BQ.1.1.26 OR BQ.1.1.27 OR BQ.1.1.28 OR BQ.1.1.29 OR BQ.1.1.30 OR BQ.1.1.31 OR BQ.1.1.32 OR BQ.1.1.34 OR BQ.1.1.35 OR BQ.1.1.36 OR BQ.1.2 OR BQ.1.3 OR BQ.1.4 OR BQ.1.5 OR BQ.1.6 OR BQ.1.7 OR BQ.1.8 OR BQ.1.8.1 OR BQ.1.8.2 OR BQ.1.9 OR BQ.1.10 OR BQ.1.10.1 OR BQ.1.11 OR BQ.1.12 OR BQ.1.13 OR BQ.1.13.1 OR BQ.1.14 OR BQ.1.15 OR BQ.1.16 OR BQ.1.17 OR BQ.1.18 OR BQ.1.19 OR BQ.1.20 OR BQ.1.21 OR BQ.1.22 OR BQ.1.23 OR BQ.1.24 OR BQ.1.25 OR BQ.1.25.1 OR BQ.1.26 OR BQ.1.26.1 OR BQ.1.27 OR BQ.1.28 OR BQ.2 OR BR.1 OR BR.1.1 OR BR.1.2 OR BR.2 OR BR.2.1 OR BR.3 OR BR.4 OR BS.1 OR BS.1.1 OR BS.1.2 OR BT.1 OR BT.2 OR BU.1 OR BU.2 OR BU.3 OR BV.1 OR BV.2 OR BW.1 OR BW.1.1 OR BY.1 OR BY.1.1 OR BY.1.1.1 OR BY.1.2 OR BY.1.2.1 OR BZ.1 OR CA.1 OR CA.2 OR CA.3 OR CA.3.1 OR CA.4 OR CA.5 OR CA.6 OR CA.7 OR CB.1 OR CC.1 OR CD.1 OR CD.2 OR CE.1 OR CF.1 OR CG.1 OR CH.1 OR CH.1.1 OR CH.1.1.1 OR CH.1.1.2 OR CH.1.1.3 OR CH.1.1.4 OR CH.1.1.5 OR CH.2 OR CH.3 OR CH.3.1 OR CJ.1 OR CJ.1.1 OR CK.1 OR CK.1.1 OR CK.1.2 OR CK.2 OR CK.2.1 OR CK.2.1.1 OR CK.3 OR CL.1 OR CM.1 OR CM.2 OR CM.2.1 OR CM.3 OR CM.4 OR CM.4.1 OR CM.5 OR CM.5.1 OR CM.5.2 OR CM.6 OR CM.6.1 OR CM.7 OR CM.8 OR CM.8.1 OR CM.9 OR CM.10 OR CM.11 OR CM.12 OR CN.1 OR CN.2 OR CP.1 OR CP.1.1 OR CP.1.2 OR CP.1.3 OR CP.2 OR CP.3 OR CP.4 OR CP.5 OR CP.6 OR CQ.1 OR CQ.1.1 OR CQ.2 OR CR.1 OR CR.1.1 OR CR.1.2 OR CR.1.3 OR CR.2 OR CS.1 OR CT.1 OR CU.1 OR CV.1 OR CV.2 OR CW.1 OR CY.1 OR CZ.1 OR DA.1 OR DB.1 OR DB.2 OR DC.1 OR DD.1 OR DE.1 OR DE.2 OR DF.1 OR DF.1.1 OR DG.1 OR DH.1 OR DJ.1 OR DJ.1.1 OR DJ.1.2 OR DJ.1.3 OR DK.1 OR DL.1 OR DM.1 OR DN.1 OR DN.1.1 OR DP.1 OR DQ.1 OR DR.1 OR DS.1 OR DT.1 OR DU.1 OR DV.1,Omicron,5.85714285714286,5.71428571428571,0.975609756097561
2022-03-30,3,2,2.8,2.4,0.857142857142857,0.176736097131257,0.961252382214835,B.1.1.529 OR BA.1 OR BA.1.1 OR BA.1.1.1 OR BA.1.1.2 OR BA.1.1.3 OR BA.1.1.4 OR BA.1.1.5 OR BA.1.1.6 OR BA.1.1.7 OR BA.1.1.8 OR BA.1.1.9 OR BA.1.1.10 OR BA.1.1.11 OR BA.1.1.12 OR BA.1.1.13 OR BA.1.1.14 OR BA.1.1.15 OR BA.1.1.16 OR BA.1.1.17 OR BA.1.1.18 OR BA.1.2 OR BA.1.3 OR BA.1.4 OR BA.1.5 OR BA.1.6 OR BA.1.7 OR BA.1.8 OR BA.1.9 OR BA.1.10 OR BA.1.12 OR BA.1.13 OR BA.1.13.1 OR BA.1.14 OR BA.1.14.1 OR BA.1.14.2 OR BA.1.15 OR BA.1.15.1 OR BA.1.15.2 OR BA.1.15.3 OR BA.1.16 OR BA.1.16.1 OR BA.1.16.2 OR BA.1.17 OR BA.1.17.1 OR BA.1.17.2 OR BA.1.18 OR BA.1.19 OR BA.1.20 OR BA.1.21 OR BA.1.21.1 OR BA.1.22 OR BA.1.23 OR BA.1.24 OR BA.2 OR BA.2.1 OR BA.2.2 OR BA.2.2.1 OR BA.2.3 OR BA.2.3.1 OR BA.2.3.2 OR BA.2.3.4 OR BA.2.3.5 OR BA.2.3.6 OR BA.2.3.7 OR BA.2.3.8 OR BA.2.3.9 OR BA.2.3.10 OR BA.2.3.11 OR BA.2.3.12 OR BA.2.3.13 OR BA.2.3.14 OR BA.2.3.15 OR BA.2.3.16 OR BA.2.3.17 OR BA.2.3.18 OR BA.2.3.19 OR BA.2.3.20 OR BA.2.3.21 OR BA.2.3.22 OR BA.2.4 OR BA.2.5 OR BA.2.6 OR BA.2.7 OR BA.2.8 OR BA.2.9 OR BA.2.9.1 OR BA.2.9.2 OR BA.2.9.3 OR BA.2.9.4 OR BA.2.9.5 OR BA.2.9.6 OR BA.2.9.7 OR BA.2.10 OR BA.2.10.1 OR BA.2.10.2 OR BA.2.10.3 OR BA.2.10.4 OR BA.2.11 OR BA.2.12 OR BA.2.12.1 OR BA.2.12.2 OR BA.2.13 OR BA.2.13.1 OR BA.2.14 OR BA.2.15 OR BA.2.16 OR BA.2.17 OR BA.2.18 OR BA.2.19 OR BA.2.20 OR BA.2.21 OR BA.2.22 OR BA.2.23 OR BA.2.23.1 OR BA.2.24 OR BA.2.25 OR BA.2.25.1 OR BA.2.26 OR BA.2.27 OR BA.2.28 OR BA.2.29 OR BA.2.30 OR BA.2.31 OR BA.2.31.1 OR BA.2.32 OR BA.2.33 OR BA.2.34 OR BA.2.35 OR BA.2.36 OR BA.2.37 OR BA.2.38 OR BA.2.38.1 OR BA.2.38.2 OR BA.2.38.3 OR BA.2.38.4 OR BA.2.39 OR BA.2.40 OR BA.2.40.1 OR BA.2.41 OR BA.2.42 OR BA.2.43 OR BA.2.44 OR BA.2.45 OR BA.2.46 OR BA.2.47 OR BA.2.48 OR BA.2.49 OR BA.2.50 OR BA.2.51 OR BA.2.52 OR BA.2.53 OR BA.2.54 OR BA.2.55 OR BA.2.56 OR BA.2.56.1 OR BA.2.57 OR BA.2.58 OR BA.2.59 OR BA.2.60 OR BA.2.61 OR BA.2.62 OR BA.2.63 OR BA.2.64 OR BA.2.65 OR BA.2.66 OR BA.2.67 OR BA.2.68 OR BA.2.69 OR BA.2.70 OR BA.2.71 OR BA.2.72 OR BA.2.73 OR BA.2.74 OR BA.2.75 OR BA.2.75.1 OR BA.2.75.2 OR BA.2.75.3 OR BA.2.75.4 OR BA.2.75.5 OR BA.2.75.6 OR BA.2.75.7 OR BA.2.75.8 OR BA.2.75.9 OR BA.2.75.10 OR BA.2.76 OR BA.2.76.1 OR BA.2.76.2 OR BA.2.77 OR BA.2.78 OR BA.2.79 OR BA.2.79.1 OR BA.2.80 OR BA.2.81 OR BA.2.82 OR BA.2.83 OR BA.2.85 OR BA.3 OR BA.3.1 OR BA.4 OR BA.4.1 OR BA.4.1.1 OR BA.4.1.2 OR BA.4.1.3 OR BA.4.1.4 OR BA.4.1.5 OR BA.4.1.6 OR BA.4.1.7 OR BA.4.1.8 OR BA.4.1.9 OR BA.4.1.10 OR BA.4.2 OR BA.4.3 OR BA.4.4 OR BA.4.5 OR BA.4.6 OR BA.4.6.1 OR BA.4.6.2 OR BA.4.6.3 OR BA.4.6.4 OR BA.4.6.5 OR BA.4.7 OR BA.4.8 OR BA.5 OR BA.5.1 OR BA.5.1.1 OR BA.5.1.2 OR BA.5.1.3 OR BA.5.1.4 OR BA.5.1.5 OR BA.5.1.6 OR BA.5.1.7 OR BA.5.1.8 OR BA.5.1.9 OR BA.5.1.10 OR BA.5.1.11 OR BA.5.1.12 OR BA.5.1.14 OR BA.5.1.15 OR BA.5.1.16 OR BA.5.1.17 OR BA.5.1.18 OR BA.5.1.19 OR BA.5.1.20 OR BA.5.1.21 OR BA.5.1.22 OR BA.5.1.23 OR BA.5.1.24 OR BA.5.1.25 OR BA.5.1.26 OR BA.5.1.27 OR BA.5.1.28 OR BA.5.1.29 OR BA.5.1.30 OR BA.5.1.31 OR BA.5.1.32 OR BA.5.2 OR BA.5.2.1 OR BA.5.2.2 OR BA.5.2.3 OR BA.5.2.4 OR BA.5.2.5 OR BA.5.2.6 OR BA.5.2.7 OR BA.5.2.8 OR BA.5.2.9 OR BA.5.2.10 OR BA.5.2.11 OR BA.5.2.12 OR BA.5.2.13 OR BA.5.2.14 OR BA.5.2.16 OR BA.5.2.18 OR BA.5.2.19 OR BA.5.2.20 OR BA.5.2.21 OR BA.5.2.22 OR BA.5.2.23 OR BA.5.2.24 OR BA.5.2.25 OR BA.5.2.26 OR BA.5.2.27 OR BA.5.2.28 OR BA.5.2.29 OR BA.5.2.30 OR BA.5.2.31 OR BA.5.2.32 OR BA.5.2.33 OR BA.5.2.34 OR BA.5.2.35 OR BA.5.2.36 OR BA.5.2.37 OR BA.5.2.38 OR BA.5.2.39 OR BA.5.2.40 OR BA.5.2.41 OR BA.5.2.42 OR BA.5.2.43 OR BA.5.2.44 OR BA.5.2.45 OR BA.5.2.46 OR BA.5.2.47 OR BA.5.2.48 OR BA.5.2.49 OR BA.5.3 OR BA.5.3.1 OR BA.5.3.2 OR BA.5.3.3 OR BA.5.3.4 OR BA.5.3.5 OR BA.5.5 OR BA.5.5.1 OR BA.5.5.2 OR BA.5.5.3 OR BA.5.6 OR BA.5.6.1 OR BA.5.6.2 OR BA.5.6.3 OR BA.5.6.4 OR BA.5.7 OR BA.5.8 OR BA.5.9 OR BA.5.10 OR BA.5.10.1 OR BA.5.11 OR BC.1 OR BC.2 OR BD.1 OR BE.1 OR BE.1.1 OR BE.1.1.1 OR BE.1.1.2 OR BE.1.2 OR BE.1.2.1 OR BE.1.3 OR BE.1.4 OR BE.1.4.1 OR BE.1.4.2 OR BE.1.4.3 OR BE.1.4.4 OR BE.2 OR BE.3 OR BE.4 OR BE.4.1 OR BE.4.1.1 OR BE.4.2 OR BE.5 OR BE.6 OR BE.7 OR BE.8 OR BE.9 OR BE.10 OR BF.1 OR BF.1.1 OR BF.2 OR BF.3 OR BF.3.1 OR BF.4 OR BF.5 OR BF.5.1 OR BF.5.2 OR BF.6 OR BF.7 OR BF.7.1 OR BF.7.2 OR BF.7.3 OR BF.7.4 OR BF.7.4.1 OR BF.7.4.2 OR BF.7.5 OR BF.7.5.1 OR BF.7.6 OR BF.7.7 OR BF.7.8 OR BF.7.9 OR BF.7.10 OR BF.7.11 OR BF.7.12 OR BF.7.13 OR BF.7.13.1 OR BF.7.13.2 OR BF.7.14 OR BF.7.15 OR BF.8 OR BF.9 OR BF.10 OR BF.10.1 OR BF.11 OR BF.11.1 OR BF.11.2 OR BF.11.3 OR BF.11.4 OR BF.11.5 OR BF.12 OR BF.13 OR BF.14 OR BF.15 OR BF.16 OR BF.17 OR BF.18 OR BF.19 OR BF.20 OR BF.21 OR BF.22 OR BF.23 OR BF.24 OR BF.25 OR BF.26 OR BF.27 OR BF.28 OR BF.29 OR BF.30 OR BF.31 OR BF.31.1 OR BF.32 OR BF.33 OR BF.34 OR BG.1 OR BG.2 OR BG.3 OR BG.4 OR BG.5 OR BG.6 OR BG.7 OR BH.1 OR BJ.1 OR BK.1 OR BL.1 OR BL.1.1 OR BL.1.2 OR BL.1.3 OR BL.1.4 OR BL.2 OR BL.2.1 OR BL.3 OR BL.4 OR BL.5 OR BL.6 OR BM.1 OR BM.1.1 OR BM.1.1.1 OR BM.1.1.2 OR BM.1.1.3 OR BM.1.1.4 OR BM.1.1.5 OR BM.2 OR BM.2.1 OR BM.2.2 OR BM.2.3 OR BM.3 OR BM.4 OR BM.4.1 OR BM.4.1.1 OR BM.5 OR BM.6 OR BN.1 OR BN.1.1 OR BN.1.1.1 OR BN.1.2 OR BN.1.2.1 OR BN.1.3 OR BN.1.3.1 OR BN.1.3.2 OR BN.1.3.3 OR BN.1.3.4 OR BN.1.4 OR BN.1.4.1 OR BN.1.5 OR BN.1.5.1 OR BN.1.6 OR BN.1.7 OR BN.1.8 OR BN.1.9 OR BN.2 OR BN.2.1 OR BN.3 OR BN.3.1 OR BN.4 OR BN.5 OR BN.6 OR BP.1 OR BQ.1 OR BQ.1.1 OR BQ.1.1.1 OR BQ.1.1.2 OR BQ.1.1.3 OR BQ.1.1.4 OR BQ.1.1.5 OR BQ.1.1.6 OR BQ.1.1.7 OR BQ.1.1.8 OR BQ.1.1.9 OR BQ.1.1.10 OR BQ.1.1.11 OR BQ.1.1.12 OR BQ.1.1.13 OR BQ.1.1.14 OR BQ.1.1.15 OR BQ.1.1.16 OR BQ.1.1.17 OR BQ.1.1.18 OR BQ.1.1.19 OR BQ.1.1.20 OR BQ.1.1.21 OR BQ.1.1.22 OR BQ.1.1.23 OR BQ.1.1.24 OR BQ.1.1.25 OR BQ.1.1.26 OR BQ.1.1.27 OR BQ.1.1.28 OR BQ.1.1.29 OR BQ.1.1.30 OR BQ.1.1.31 OR BQ.1.1.32 OR BQ.1.1.34 OR BQ.1.1.35 OR BQ.1.1.36 OR BQ.1.2 OR BQ.1.3 OR BQ.1.4 OR BQ.1.5 OR BQ.1.6 OR BQ.1.7 OR BQ.1.8 OR BQ.1.8.1 OR BQ.1.8.2 OR BQ.1.9 OR BQ.1.10 OR BQ.1.10.1 OR BQ.1.11 OR BQ.1.12 OR BQ.1.13 OR BQ.1.13.1 OR BQ.1.14 OR BQ.1.15 OR BQ.1.16 OR BQ.1.17 OR BQ.1.18 OR BQ.1.19 OR BQ.1.20 OR BQ.1.21 OR BQ.1.22 OR BQ.1.23 OR BQ.1.24 OR BQ.1.25 OR BQ.1.25.1 OR BQ.1.26 OR BQ.1.26.1 OR BQ.1.27 OR BQ.1.28 OR BQ.2 OR BR.1 OR BR.1.1 OR BR.1.2 OR BR.2 OR BR.2.1 OR BR.3 OR BR.4 OR BS.1 OR BS.1.1 OR BS.1.2 OR BT.1 OR BT.2 OR BU.1 OR BU.2 OR BU.3 OR BV.1 OR BV.2 OR BW.1 OR BW.1.1 OR BY.1 OR BY.1.1 OR BY.1.1.1 OR BY.1.2 OR BY.1.2.1 OR BZ.1 OR CA.1 OR CA.2 OR CA.3 OR CA.3.1 OR CA.4 OR CA.5 OR CA.6 OR CA.7 OR CB.1 OR CC.1 OR CD.1 OR CD.2 OR CE.1 OR CF.1 OR CG.1 OR CH.1 OR CH.1.1 OR CH.1.1.1 OR CH.1.1.2 OR CH.1.1.3 OR CH.1.1.4 OR CH.1.1.5 OR CH.2 OR CH.3 OR CH.3.1 OR CJ.1 OR CJ.1.1 OR CK.1 OR CK.1.1 OR CK.1.2 OR CK.2 OR CK.2.1 OR CK.2.1.1 OR CK.3 OR CL.1 OR CM.1 OR CM.2 OR CM.2.1 OR CM.3 OR CM.4 OR CM.4.1 OR CM.5 OR CM.5.1 OR CM.5.2 OR CM.6 OR CM.6.1 OR CM.7 OR CM.8 OR CM.8.1 OR CM.9 OR CM.10 OR CM.11 OR CM.12 OR CN.1 OR CN.2 OR CP.1 OR CP.1.1 OR CP.1.2 OR CP.1.3 OR CP.2 OR CP.3 OR CP.4 OR CP.5 OR CP.6 OR CQ.1 OR CQ.1.1 OR CQ.2 OR CR.1 OR CR.1.1 OR CR.1.2 OR CR.1.3 OR CR.2 OR CS.1 OR CT.1 OR CU.1 OR CV.1 OR CV.2 OR CW.1 OR CY.1 OR CZ.1 OR DA.1 OR DB.1 OR DB.2 OR DC.1 OR DD.1 OR DE.1 OR DE.2 OR DF.1 OR DF.1.1 OR DG.1 OR DH.1 OR DJ.1 OR DJ.1.1 OR DJ.1.2 OR DJ.1.3 OR DK.1 OR DL.1 OR DM.1 OR DN.1 OR DN.1.1 OR DP.1 OR DQ.1 OR DR.1 OR DS.1 OR DT.1 OR DU.1 OR DV.1,Omicron,5.92857142857143,5.71428571428571,0.963855421686747
2022-03-31,5,4,3.16666666666667,2.66666666666667,0.842105263157895,0.46441675695705,0.999849363974563,B.1.1.529 OR BA.1 OR BA.1.1 OR BA.1.1.1 OR BA.1.1.2 OR BA.1.1.3 OR BA.1.1.4 OR BA.1.1.5 OR BA.1.1.6 OR BA.1.1.7 OR BA.1.1.8 OR BA.1.1.9 OR BA.1.1.10 OR BA.1.1.11 OR BA.1.1.12 OR BA.1.1.13 OR BA.1.1.14 OR BA.1.1.15 OR BA.1.1.16 OR BA.1.1.17 OR BA.1.1.18 OR BA.1.2 OR BA.1.3 OR BA.1.4 OR BA.1.5 OR BA.1.6 OR BA.1.7 OR BA.1.8 OR BA.1.9 OR BA.1.10 OR BA.1.12 OR BA.1.13 OR BA.1.13.1 OR BA.1.14 OR BA.1.14.1 OR BA.1.14.2 OR BA.1.15 OR BA.1.15.1 OR BA.1.15.2 OR BA.1.15.3 OR BA.1.16 OR BA.1.16.1 OR BA.1.16.2 OR BA.1.17 OR BA.1.17.1 OR BA.1.17.2 OR BA.1.18 OR BA.1.19 OR BA.1.20 OR BA.1.21 OR BA.1.21.1 OR BA.1.22 OR BA.1.23 OR BA.1.24 OR BA.2 OR BA.2.1 OR BA.2.2 OR BA.2.2.1 OR BA.2.3 OR BA.2.3.1 OR BA.2.3.2 OR BA.2.3.4 OR BA.2.3.5 OR BA.2.3.6 OR BA.2.3.7 OR BA.2.3.8 OR BA.2.3.9 OR BA.2.3.10 OR BA.2.3.11 OR BA.2.3.12 OR BA.2.3.13 OR BA.2.3.14 OR BA.2.3.15 OR BA.2.3.16 OR BA.2.3.17 OR BA.2.3.18 OR BA.2.3.19 OR BA.2.3.20 OR BA.2.3.21 OR BA.2.3.22 OR BA.2.4 OR BA.2.5 OR BA.2.6 OR BA.2.7 OR BA.2.8 OR BA.2.9 OR BA.2.9.1 OR BA.2.9.2 OR BA.2.9.3 OR BA.2.9.4 OR BA.2.9.5 OR BA.2.9.6 OR BA.2.9.7 OR BA.2.10 OR BA.2.10.1 OR BA.2.10.2 OR BA.2.10.3 OR BA.2.10.4 OR BA.2.11 OR BA.2.12 OR BA.2.12.1 OR BA.2.12.2 OR BA.2.13 OR BA.2.13.1 OR BA.2.14 OR BA.2.15 OR BA.2.16 OR BA.2.17 OR BA.2.18 OR BA.2.19 OR BA.2.20 OR BA.2.21 OR BA.2.22 OR BA.2.23 OR BA.2.23.1 OR BA.2.24 OR BA.2.25 OR BA.2.25.1 OR BA.2.26 OR BA.2.27 OR BA.2.28 OR BA.2.29 OR BA.2.30 OR BA.2.31 OR BA.2.31.1 OR BA.2.32 OR BA.2.33 OR BA.2.34 OR BA.2.35 OR BA.2.36 OR BA.2.37 OR BA.2.38 OR BA.2.38.1 OR BA.2.38.2 OR BA.2.38.3 OR BA.2.38.4 OR BA.2.39 OR BA.2.40 OR BA.2.40.1 OR BA.2.41 OR BA.2.42 OR BA.2.43 OR BA.2.44 OR BA.2.45 OR BA.2.46 OR BA.2.47 OR BA.2.48 OR BA.2.49 OR BA.2.50 OR BA.2.51 OR BA.2.52 OR BA.2.53 OR BA.2.54 OR BA.2.55 OR BA.2.56 OR BA.2.56.1 OR BA.2.57 OR BA.2.58 OR BA.2.59 OR BA.2.60 OR BA.2.61 OR BA.2.62 OR BA.2.63 OR BA.2.64 OR BA.2.65 OR BA.2.66 OR BA.2.67 OR BA.2.68 OR BA.2.69 OR BA.2.70 OR BA.2.71 OR BA.2.72 OR BA.2.73 OR BA.2.74 OR BA.2.75 OR BA.2.75.1 OR BA.2.75.2 OR BA.2.75.3 OR BA.2.75.4 OR BA.2.75.5 OR BA.2.75.6 OR BA.2.75.7 OR BA.2.75.8 OR BA.2.75.9 OR BA.2.75.10 OR BA.2.76 OR BA.2.76.1 OR BA.2.76.2 OR BA.2.77 OR BA.2.78 OR BA.2.79 OR BA.2.79.1 OR BA.2.80 OR BA.2.81 OR BA.2.82 OR BA.2.83 OR BA.2.85 OR BA.3 OR BA.3.1 OR BA.4 OR BA.4.1 OR BA.4.1.1 OR BA.4.1.2 OR BA.4.1.3 OR BA.4.1.4 OR BA.4.1.5 OR BA.4.1.6 OR BA.4.1.7 OR BA.4.1.8 OR BA.4.1.9 OR BA.4.1.10 OR BA.4.2 OR BA.4.3 OR BA.4.4 OR BA.4.5 OR BA.4.6 OR BA.4.6.1 OR BA.4.6.2 OR BA.4.6.3 OR BA.4.6.4 OR BA.4.6.5 OR BA.4.7 OR BA.4.8 OR BA.5 OR BA.5.1 OR BA.5.1.1 OR BA.5.1.2 OR BA.5.1.3 OR BA.5.1.4 OR BA.5.1.5 OR BA.5.1.6 OR BA.5.1.7 OR BA.5.1.8 OR BA.5.1.9 OR BA.5.1.10 OR BA.5.1.11 OR BA.5.1.12 OR BA.5.1.14 OR BA.5.1.15 OR BA.5.1.16 OR BA.5.1.17 OR BA.5.1.18 OR BA.5.1.19 OR BA.5.1.20 OR BA.5.1.21 OR BA.5.1.22 OR BA.5.1.23 OR BA.5.1.24 OR BA.5.1.25 OR BA.5.1.26 OR BA.5.1.27 OR BA.5.1.28 OR BA.5.1.29 OR BA.5.1.30 OR BA.5.1.31 OR BA.5.1.32 OR BA.5.2 OR BA.5.2.1 OR BA.5.2.2 OR BA.5.2.3 OR BA.5.2.4 OR BA.5.2.5 OR BA.5.2.6 OR BA.5.2.7 OR BA.5.2.8 OR BA.5.2.9 OR BA.5.2.10 OR BA.5.2.11 OR BA.5.2.12 OR BA.5.2.13 OR BA.5.2.14 OR BA.5.2.16 OR BA.5.2.18 OR BA.5.2.19 OR BA.5.2.20 OR BA.5.2.21 OR BA.5.2.22 OR BA.5.2.23 OR BA.5.2.24 OR BA.5.2.25 OR BA.5.2.26 OR BA.5.2.27 OR BA.5.2.28 OR BA.5.2.29 OR BA.5.2.30 OR BA.5.2.31 OR BA.5.2.32 OR BA.5.2.33 OR BA.5.2.34 OR BA.5.2.35 OR BA.5.2.36 OR BA.5.2.37 OR BA.5.2.38 OR BA.5.2.39 OR BA.5.2.40 OR BA.5.2.41 OR BA.5.2.42 OR BA.5.2.43 OR BA.5.2.44 OR BA.5.2.45 OR BA.5.2.46 OR BA.5.2.47 OR BA.5.2.48 OR BA.5.2.49 OR BA.5.3 OR BA.5.3.1 OR BA.5.3.2 OR BA.5.3.3 OR BA.5.3.4 OR BA.5.3.5 OR BA.5.5 OR BA.5.5.1 OR BA.5.5.2 OR BA.5.5.3 OR BA.5.6 OR BA.5.6.1 OR BA.5.6.2 OR BA.5.6.3 OR BA.5.6.4 OR BA.5.7 OR BA.5.8 OR BA.5.9 OR BA.5.10 OR BA.5.10.1 OR BA.5.11 OR BC.1 OR BC.2 OR BD.1 OR BE.1 OR BE.1.1 OR BE.1.1.1 OR BE.1.1.2 OR BE.1.2 OR BE.1.2.1 OR BE.1.3 OR BE.1.4 OR BE.1.4.1 OR BE.1.4.2 OR BE.1.4.3 OR BE.1.4.4 OR BE.2 OR BE.3 OR BE.4 OR BE.4.1 OR BE.4.1.1 OR BE.4.2 OR BE.5 OR BE.6 OR BE.7 OR BE.8 OR BE.9 OR BE.10 OR BF.1 OR BF.1.1 OR BF.2 OR BF.3 OR BF.3.1 OR BF.4 OR BF.5 OR BF.5.1 OR BF.5.2 OR BF.6 OR BF.7 OR BF.7.1 OR BF.7.2 OR BF.7.3 OR BF.7.4 OR BF.7.4.1 OR BF.7.4.2 OR BF.7.5 OR BF.7.5.1 OR BF.7.6 OR BF.7.7 OR BF.7.8 OR BF.7.9 OR BF.7.10 OR BF.7.11 OR BF.7.12 OR BF.7.13 OR BF.7.13.1 OR BF.7.13.2 OR BF.7.14 OR BF.7.15 OR BF.8 OR BF.9 OR BF.10 OR BF.10.1 OR BF.11 OR BF.11.1 OR BF.11.2 OR BF.11.3 OR BF.11.4 OR BF.11.5 OR BF.12 OR BF.13 OR BF.14 OR BF.15 OR BF.16 OR BF.17 OR BF.18 OR BF.19 OR BF.20 OR BF.21 OR BF.22 OR BF.23 OR BF.24 OR BF.25 OR BF.26 OR BF.27 OR BF.28 OR BF.29 OR BF.30 OR BF.31 OR BF.31.1 OR BF.32 OR BF.33 OR BF.34 OR BG.1 OR BG.2 OR BG.3 OR BG.4 OR BG.5 OR BG.6 OR BG.7 OR BH.1 OR BJ.1 OR BK.1 OR BL.1 OR BL.1.1 OR BL.1.2 OR BL.1.3 OR BL.1.4 OR BL.2 OR BL.2.1 OR BL.3 OR BL.4 OR BL.5 OR BL.6 OR BM.1 OR BM.1.1 OR BM.1.1.1 OR BM.1.1.2 OR BM.1.1.3 OR BM.1.1.4 OR BM.1.1.5 OR BM.2 OR BM.2.1 OR BM.2.2 OR BM.2.3 OR BM.3 OR BM.4 OR BM.4.1 OR BM.4.1.1 OR BM.5 OR BM.6 OR BN.1 OR BN.1.1 OR BN.1.1.1 OR BN.1.2 OR BN.1.2.1 OR BN.1.3 OR BN.1.3.1 OR BN.1.3.2 OR BN.1.3.3 OR BN.1.3.4 OR BN.1.4 OR BN.1.4.1 OR BN.1.5 OR BN.1.5.1 OR BN.1.6 OR BN.1.7 OR BN.1.8 OR BN.1.9 OR BN.2 OR BN.2.1 OR BN.3 OR BN.3.1 OR BN.4 OR BN.5 OR BN.6 OR BP.1 OR BQ.1 OR BQ.1.1 OR BQ.1.1.1 OR BQ.1.1.2 OR BQ.1.1.3 OR BQ.1.1.4 OR BQ.1.1.5 OR BQ.1.1.6 OR BQ.1.1.7 OR BQ.1.1.8 OR BQ.1.1.9 OR BQ.1.1.10 OR BQ.1.1.11 OR BQ.1.1.12 OR BQ.1.1.13 OR BQ.1.1.14 OR BQ.1.1.15 OR BQ.1.1.16 OR BQ.1.1.17 OR BQ.1.1.18 OR BQ.1.1.19 OR BQ.1.1.20 OR BQ.1.1.21 OR BQ.1.1.22 OR BQ.1.1.23 OR BQ.1.1.24 OR BQ.1.1.25 OR BQ.1.1.26 OR BQ.1.1.27 OR BQ.1.1.28 OR BQ.1.1.29 OR BQ.1.1.30 OR BQ.1.1.31 OR BQ.1.1.32 OR BQ.1.1.34 OR BQ.1.1.35 OR BQ.1.1.36 OR BQ.1.2 OR BQ.1.3 OR BQ.1.4 OR BQ.1.5 OR BQ.1.6 OR BQ.1.7 OR BQ.1.8 OR BQ.1.8.1 OR BQ.1.8.2 OR BQ.1.9 OR BQ.1.10 OR BQ.1.10.1 OR BQ.1.11 OR BQ.1.12 OR BQ.1.13 OR BQ.1.13.1 OR BQ.1.14 OR BQ.1.15 OR BQ.1.16 OR BQ.1.17 OR BQ.1.18 OR BQ.1.19 OR BQ.1.20 OR BQ.1.21 OR BQ.1.22 OR BQ.1.23 OR BQ.1.24 OR BQ.1.25 OR BQ.1.25.1 OR BQ.1.26 OR BQ.1.26.1 OR BQ.1.27 OR BQ.1.28 OR BQ.2 OR BR.1 OR BR.1.1 OR BR.1.2 OR BR.2 OR BR.2.1 OR BR.3 OR BR.4 OR BS.1 OR BS.1.1 OR BS.1.2 OR BT.1 OR BT.2 OR BU.1 OR BU.2 OR BU.3 OR BV.1 OR BV.2 OR BW.1 OR BW.1.1 OR BY.1 OR BY.1.1 OR BY.1.1.1 OR BY.1.2 OR BY.1.2.1 OR BZ.1 OR CA.1 OR CA.2 OR CA.3 OR CA.3.1 OR CA.4 OR CA.5 OR CA.6 OR CA.7 OR CB.1 OR CC.1 OR CD.1 OR CD.2 OR CE.1 OR CF.1 OR CG.1 OR CH.1 OR CH.1.1 OR CH.1.1.1 OR CH.1.1.2 OR CH.1.1.3 OR CH.1.1.4 OR CH.1.1.5 OR CH.2 OR CH.3 OR CH.3.1 OR CJ.1 OR CJ.1.1 OR CK.1 OR CK.1.1 OR CK.1.2 OR CK.2 OR CK.2.1 OR CK.2.1.1 OR CK.3 OR CL.1 OR CM.1 OR CM.2 OR CM.2.1 OR CM.3 OR CM.4 OR CM.4.1 OR CM.5 OR CM.5.1 OR CM.5.2 OR CM.6 OR CM.6.1 OR CM.7 OR CM.8 OR CM.8.1 OR CM.9 OR CM.10 OR CM.11 OR CM.12 OR CN.1 OR CN.2 OR CP.1 OR CP.1.1 OR CP.1.2 OR CP.1.3 OR CP.2 OR CP.3 OR CP.4 OR CP.5 OR CP.6 OR CQ.1 OR CQ.1.1 OR CQ.2 OR CR.1 OR CR.1.1 OR CR.1.2 OR CR.1.3 OR CR.2 OR CS.1 OR CT.1 OR CU.1 OR CV.1 OR CV.2 OR CW.1 OR CY.1 OR CZ.1 OR DA.1 OR DB.1 OR DB.2 OR DC.1 OR DD.1 OR DE.1 OR DE.2 OR DF.1 OR DF.1.1 OR DG.1 OR DH.1 OR DJ.1 OR DJ.1.1 OR DJ.1.2 OR DJ.1.3 OR DK.1 OR DL.1 OR DM.1 OR DN.1 OR DN.1.1 OR DP.1 OR DQ.1 OR DR.1 OR DS.1 OR DT.1 OR DU.1 OR DV.1,Omicron,6.14285714285714,5.85714285714286,0.953488372093023
2022-04-01,2,2,3.16666666666667,2.66666666666667,0.842105263157895,0.46441675695705,0.999849363974563,B.1.1.529 OR BA.1 OR BA.1.1 OR BA.1.1.1 OR BA.1.1.2 OR BA.1.1.3 OR BA.1.1.4 OR BA.1.1.5 OR BA.1.1.6 OR BA.1.1.7 OR BA.1.1.8 OR BA.1.1.9 OR BA.1.1.10 OR BA.1.1.11 OR BA.1.1.12 OR BA.1.1.13 OR BA.1.1.14 OR BA.1.1.15 OR BA.1.1.16 OR BA.1.1.17 OR BA.1.1.18 OR BA.1.2 OR BA.1.3 OR BA.1.4 OR BA.1.5 OR BA.1.6 OR BA.1.7 OR BA.1.8 OR BA.1.9 OR BA.1.10 OR BA.1.12 OR BA.1.13 OR BA.1.13.1 OR BA.1.14 OR BA.1.14.1 OR BA.1.14.2 OR BA.1.15 OR BA.1.15.1 OR BA.1.15.2 OR BA.1.15.3 OR BA.1.16 OR BA.1.16.1 OR BA.1.16.2 OR BA.1.17 OR BA.1.17.1 OR BA.1.17.2 OR BA.1.18 OR BA.1.19 OR BA.1.20 OR BA.1.21 OR BA.1.21.1 OR BA.1.22 OR BA.1.23 OR BA.1.24 OR BA.2 OR BA.2.1 OR BA.2.2 OR BA.2.2.1 OR BA.2.3 OR BA.2.3.1 OR BA.2.3.2 OR BA.2.3.4 OR BA.2.3.5 OR BA.2.3.6 OR BA.2.3.7 OR BA.2.3.8 OR BA.2.3.9 OR BA.2.3.10 OR BA.2.3.11 OR BA.2.3.12 OR BA.2.3.13 OR BA.2.3.14 OR BA.2.3.15 OR BA.2.3.16 OR BA.2.3.17 OR BA.2.3.18 OR BA.2.3.19 OR BA.2.3.20 OR BA.2.3.21 OR BA.2.3.22 OR BA.2.4 OR BA.2.5 OR BA.2.6 OR BA.2.7 OR BA.2.8 OR BA.2.9 OR BA.2.9.1 OR BA.2.9.2 OR BA.2.9.3 OR BA.2.9.4 OR BA.2.9.5 OR BA.2.9.6 OR BA.2.9.7 OR BA.2.10 OR BA.2.10.1 OR BA.2.10.2 OR BA.2.10.3 OR BA.2.10.4 OR BA.2.11 OR BA.2.12 OR BA.2.12.1 OR BA.2.12.2 OR BA.2.13 OR BA.2.13.1 OR BA.2.14 OR BA.2.15 OR BA.2.16 OR BA.2.17 OR BA.2.18 OR BA.2.19 OR BA.2.20 OR BA.2.21 OR BA.2.22 OR BA.2.23 OR BA.2.23.1 OR BA.2.24 OR BA.2.25 OR BA.2.25.1 OR BA.2.26 OR BA.2.27 OR BA.2.28 OR BA.2.29 OR BA.2.30 OR BA.2.31 OR BA.2.31.1 OR BA.2.32 OR BA.2.33 OR BA.2.34 OR BA.2.35 OR BA.2.36 OR BA.2.37 OR BA.2.38 OR BA.2.38.1 OR BA.2.38.2 OR BA.2.38.3 OR BA.2.38.4 OR BA.2.39 OR BA.2.40 OR BA.2.40.1 OR BA.2.41 OR BA.2.42 OR BA.2.43 OR BA.2.44 OR BA.2.45 OR BA.2.46 OR BA.2.47 OR BA.2.48 OR BA.2.49 OR BA.2.50 OR BA.2.51 OR BA.2.52 OR BA.2.53 OR BA.2.54 OR BA.2.55 OR BA.2.56 OR BA.2.56.1 OR BA.2.57 OR BA.2.58 OR BA.2.59 OR BA.2.60 OR BA.2.61 OR BA.2.62 OR BA.2.63 OR BA.2.64 OR BA.2.65 OR BA.2.66 OR BA.2.67 OR BA.2.68 OR BA.2.69 OR BA.2.70 OR BA.2.71 OR BA.2.72 OR BA.2.73 OR BA.2.74 OR BA.2.75 OR BA.2.75.1 OR BA.2.75.2 OR BA.2.75.3 OR BA.2.75.4 OR BA.2.75.5 OR BA.2.75.6 OR BA.2.75.7 OR BA.2.75.8 OR BA.2.75.9 OR BA.2.75.10 OR BA.2.76 OR BA.2.76.1 OR BA.2.76.2 OR BA.2.77 OR BA.2.78 OR BA.2.79 OR BA.2.79.1 OR BA.2.80 OR BA.2.81 OR BA.2.82 OR BA.2.83 OR BA.2.85 OR BA.3 OR BA.3.1 OR BA.4 OR BA.4.1 OR BA.4.1.1 OR BA.4.1.2 OR BA.4.1.3 OR BA.4.1.4 OR BA.4.1.5 OR BA.4.1.6 OR BA.4.1.7 OR BA.4.1.8 OR BA.4.1.9 OR BA.4.1.10 OR BA.4.2 OR BA.4.3 OR BA.4.4 OR BA.4.5 OR BA.4.6 OR BA.4.6.1 OR BA.4.6.2 OR BA.4.6.3 OR BA.4.6.4 OR BA.4.6.5 OR BA.4.7 OR BA.4.8 OR BA.5 OR BA.5.1 OR BA.5.1.1 OR BA.5.1.2 OR BA.5.1.3 OR BA.5.1.4 OR BA.5.1.5 OR BA.5.1.6 OR BA.5.1.7 OR BA.5.1.8 OR BA.5.1.9 OR BA.5.1.10 OR BA.5.1.11 OR BA.5.1.12 OR BA.5.1.14 OR BA.5.1.15 OR BA.5.1.16 OR BA.5.1.17 OR BA.5.1.18 OR BA.5.1.19 OR BA.5.1.20 OR BA.5.1.21 OR BA.5.1.22 OR BA.5.1.23 OR BA.5.1.24 OR BA.5.1.25 OR BA.5.1.26 OR BA.5.1.27 OR BA.5.1.28 OR BA.5.1.29 OR BA.5.1.30 OR BA.5.1.31 OR BA.5.1.32 OR BA.5.2 OR BA.5.2.1 OR BA.5.2.2 OR BA.5.2.3 OR BA.5.2.4 OR BA.5.2.5 OR BA.5.2.6 OR BA.5.2.7 OR BA.5.2.8 OR BA.5.2.9 OR BA.5.2.10 OR BA.5.2.11 OR BA.5.2.12 OR BA.5.2.13 OR BA.5.2.14 OR BA.5.2.16 OR BA.5.2.18 OR BA.5.2.19 OR BA.5.2.20 OR BA.5.2.21 OR BA.5.2.22 OR BA.5.2.23 OR BA.5.2.24 OR BA.5.2.25 OR BA.5.2.26 OR BA.5.2.27 OR BA.5.2.28 OR BA.5.2.29 OR BA.5.2.30 OR BA.5.2.31 OR BA.5.2.32 OR BA.5.2.33 OR BA.5.2.34 OR BA.5.2.35 OR BA.5.2.36 OR BA.5.2.37 OR BA.5.2.38 OR BA.5.2.39 OR BA.5.2.40 OR BA.5.2.41 OR BA.5.2.42 OR BA.5.2.43 OR BA.5.2.44 OR BA.5.2.45 OR BA.5.2.46 OR BA.5.2.47 OR BA.5.2.48 OR BA.5.2.49 OR BA.5.3 OR BA.5.3.1 OR BA.5.3.2 OR BA.5.3.3 OR BA.5.3.4 OR BA.5.3.5 OR BA.5.5 OR BA.5.5.1 OR BA.5.5.2 OR BA.5.5.3 OR BA.5.6 OR BA.5.6.1 OR BA.5.6.2 OR BA.5.6.3 OR BA.5.6.4 OR BA.5.7 OR BA.5.8 OR BA.5.9 OR BA.5.10 OR BA.5.10.1 OR BA.5.11 OR BC.1 OR BC.2 OR BD.1 OR BE.1 OR BE.1.1 OR BE.1.1.1 OR BE.1.1.2 OR BE.1.2 OR BE.1.2.1 OR BE.1.3 OR BE.1.4 OR BE.1.4.1 OR BE.1.4.2 OR BE.1.4.3 OR BE.1.4.4 OR BE.2 OR BE.3 OR BE.4 OR BE.4.1 OR BE.4.1.1 OR BE.4.2 OR BE.5 OR BE.6 OR BE.7 OR BE.8 OR BE.9 OR BE.10 OR BF.1 OR BF.1.1 OR BF.2 OR BF.3 OR BF.3.1 OR BF.4 OR BF.5 OR BF.5.1 OR BF.5.2 OR BF.6 OR BF.7 OR BF.7.1 OR BF.7.2 OR BF.7.3 OR BF.7.4 OR BF.7.4.1 OR BF.7.4.2 OR BF.7.5 OR BF.7.5.1 OR BF.7.6 OR BF.7.7 OR BF.7.8 OR BF.7.9 OR BF.7.10 OR BF.7.11 OR BF.7.12 OR BF.7.13 OR BF.7.13.1 OR BF.7.13.2 OR BF.7.14 OR BF.7.15 OR BF.8 OR BF.9 OR BF.10 OR BF.10.1 OR BF.11 OR BF.11.1 OR BF.11.2 OR BF.11.3 OR BF.11.4 OR BF.11.5 OR BF.12 OR BF.13 OR BF.14 OR BF.15 OR BF.16 OR BF.17 OR BF.18 OR BF.19 OR BF.20 OR BF.21 OR BF.22 OR BF.23 OR BF.24 OR BF.25 OR BF.26 OR BF.27 OR BF.28 OR BF.29 OR BF.30 OR BF.31 OR BF.31.1 OR BF.32 OR BF.33 OR BF.34 OR BG.1 OR BG.2 OR BG.3 OR BG.4 OR BG.5 OR BG.6 OR BG.7 OR BH.1 OR BJ.1 OR BK.1 OR BL.1 OR BL.1.1 OR BL.1.2 OR BL.1.3 OR BL.1.4 OR BL.2 OR BL.2.1 OR BL.3 OR BL.4 OR BL.5 OR BL.6 OR BM.1 OR BM.1.1 OR BM.1.1.1 OR BM.1.1.2 OR BM.1.1.3 OR BM.1.1.4 OR BM.1.1.5 OR BM.2 OR BM.2.1 OR BM.2.2 OR BM.2.3 OR BM.3 OR BM.4 OR BM.4.1 OR BM.4.1.1 OR BM.5 OR BM.6 OR BN.1 OR BN.1.1 OR BN.1.1.1 OR BN.1.2 OR BN.1.2.1 OR BN.1.3 OR BN.1.3.1 OR BN.1.3.2 OR BN.1.3.3 OR BN.1.3.4 OR BN.1.4 OR BN.1.4.1 OR BN.1.5 OR BN.1.5.1 OR BN.1.6 OR BN.1.7 OR BN.1.8 OR BN.1.9 OR BN.2 OR BN.2.1 OR BN.3 OR BN.3.1 OR BN.4 OR BN.5 OR BN.6 OR BP.1 OR BQ.1 OR BQ.1.1 OR BQ.1.1.1 OR BQ.1.1.2 OR BQ.1.1.3 OR BQ.1.1.4 OR BQ.1.1.5 OR BQ.1.1.6 OR BQ.1.1.7 OR BQ.1.1.8 OR BQ.1.1.9 OR BQ.1.1.10 OR BQ.1.1.11 OR BQ.1.1.12 OR BQ.1.1.13 OR BQ.1.1.14 OR BQ.1.1.15 OR BQ.1.1.16 OR BQ.1.1.17 OR BQ.1.1.18 OR BQ.1.1.19 OR BQ.1.1.20 OR BQ.1.1.21 OR BQ.1.1.22 OR BQ.1.1.23 OR BQ.1.1.24 OR BQ.1.1.25 OR BQ.1.1.26 OR BQ.1.1.27 OR BQ.1.1.28 OR BQ.1.1.29 OR BQ.1.1.30 OR BQ.1.1.31 OR BQ.1.1.32 OR BQ.1.1.34 OR BQ.1.1.35 OR BQ.1.1.36 OR BQ.1.2 OR BQ.1.3 OR BQ.1.4 OR BQ.1.5 OR BQ.1.6 OR BQ.1.7 OR BQ.1.8 OR BQ.1.8.1 OR BQ.1.8.2 OR BQ.1.9 OR BQ.1.10 OR BQ.1.10.1 OR BQ.1.11 OR BQ.1.12 OR BQ.1.13 OR BQ.1.13.1 OR BQ.1.14 OR BQ.1.15 OR BQ.1.16 OR BQ.1.17 OR BQ.1.18 OR BQ.1.19 OR BQ.1.20 OR BQ.1.21 OR BQ.1.22 OR BQ.1.23 OR BQ.1.24 OR BQ.1.25 OR BQ.1.25.1 OR BQ.1.26 OR BQ.1.26.1 OR BQ.1.27 OR BQ.1.28 OR BQ.2 OR BR.1 OR BR.1.1 OR BR.1.2 OR BR.2 OR BR.2.1 OR BR.3 OR BR.4 OR BS.1 OR BS.1.1 OR BS.1.2 OR BT.1 OR BT.2 OR BU.1 OR BU.2 OR BU.3 OR BV.1 OR BV.2 OR BW.1 OR BW.1.1 OR BY.1 OR BY.1.1 OR BY.1.1.1 OR BY.1.2 OR BY.1.2.1 OR BZ.1 OR CA.1 OR CA.2 OR CA.3 OR CA.3.1 OR CA.4 OR CA.5 OR CA.6 OR CA.7 OR CB.1 OR CC.1 OR CD.1 OR CD.2 OR CE.1 OR CF.1 OR CG.1 OR CH.1 OR CH.1.1 OR CH.1.1.1 OR CH.1.1.2 OR CH.1.1.3 OR CH.1.1.4 OR CH.1.1.5 OR CH.2 OR CH.3 OR CH.3.1 OR CJ.1 OR CJ.1.1 OR CK.1 OR CK.1.1 OR CK.1.2 OR CK.2 OR CK.2.1 OR CK.2.1.1 OR CK.3 OR CL.1 OR CM.1 OR CM.2 OR CM.2.1 OR CM.3 OR CM.4 OR CM.4.1 OR CM.5 OR CM.5.1 OR CM.5.2 OR CM.6 OR CM.6.1 OR CM.7 OR CM.8 OR CM.8.1 OR CM.9 OR CM.10 OR CM.11 OR CM.12 OR CN.1 OR CN.2 OR CP.1 OR CP.1.1 OR CP.1.2 OR CP.1.3 OR CP.2 OR CP.3 OR CP.4 OR CP.5 OR CP.6 OR CQ.1 OR CQ.1.1 OR CQ.2 OR CR.1 OR CR.1.1 OR CR.1.2 OR CR.1.3 OR CR.2 OR CS.1 OR CT.1 OR CU.1 OR CV.1 OR CV.2 OR CW.1 OR CY.1 OR CZ.1 OR DA.1 OR DB.1 OR DB.2 OR DC.1 OR DD.1 OR DE.1 OR DE.2 OR DF.1 OR DF.1.1 OR DG.1 OR DH.1 OR DJ.1 OR DJ.1.1 OR DJ.1.2 OR DJ.1.3 OR DK.1 OR DL.1 OR DM.1 OR DN.1 OR DN.1.1 OR DP.1 OR DQ.1 OR DR.1 OR DS.1 OR DT.1 OR DU.1 OR DV.1,Omicron,4.71428571428571,4.5,0.954545454545454
2022-04-02,1,1,3.16666666666667,2.66666666666667,0.842105263157895,0.46441675695705,0.999849363974563,B.1.1.529 OR BA.1 OR BA.1.1 OR BA.1.1.1 OR BA.1.1.2 OR BA.1.1.3 OR BA.1.1.4 OR BA.1.1.5 OR BA.1.1.6 OR BA.1.1.7 OR BA.1.1.8 OR BA.1.1.9 OR BA.1.1.10 OR BA.1.1.11 OR BA.1.1.12 OR BA.1.1.13 OR BA.1.1.14 OR BA.1.1.15 OR BA.1.1.16 OR BA.1.1.17 OR BA.1.1.18 OR BA.1.2 OR BA.1.3 OR BA.1.4 OR BA.1.5 OR BA.1.6 OR BA.1.7 OR BA.1.8 OR BA.1.9 OR BA.1.10 OR BA.1.12 OR BA.1.13 OR BA.1.13.1 OR BA.1.14 OR BA.1.14.1 OR BA.1.14.2 OR BA.1.15 OR BA.1.15.1 OR BA.1.15.2 OR BA.1.15.3 OR BA.1.16 OR BA.1.16.1 OR BA.1.16.2 OR BA.1.17 OR BA.1.17.1 OR BA.1.17.2 OR BA.1.18 OR BA.1.19 OR BA.1.20 OR BA.1.21 OR BA.1.21.1 OR BA.1.22 OR BA.1.23 OR BA.1.24 OR BA.2 OR BA.2.1 OR BA.2.2 OR BA.2.2.1 OR BA.2.3 OR BA.2.3.1 OR BA.2.3.2 OR BA.2.3.4 OR BA.2.3.5 OR BA.2.3.6 OR BA.2.3.7 OR BA.2.3.8 OR BA.2.3.9 OR BA.2.3.10 OR BA.2.3.11 OR BA.2.3.12 OR BA.2.3.13 OR BA.2.3.14 OR BA.2.3.15 OR BA.2.3.16 OR BA.2.3.17 OR BA.2.3.18 OR BA.2.3.19 OR BA.2.3.20 OR BA.2.3.21 OR BA.2.3.22 OR BA.2.4 OR BA.2.5 OR BA.2.6 OR BA.2.7 OR BA.2.8 OR BA.2.9 OR BA.2.9.1 OR BA.2.9.2 OR BA.2.9.3 OR BA.2.9.4 OR BA.2.9.5 OR BA.2.9.6 OR BA.2.9.7 OR BA.2.10 OR BA.2.10.1 OR BA.2.10.2 OR BA.2.10.3 OR BA.2.10.4 OR BA.2.11 OR BA.2.12 OR BA.2.12.1 OR BA.2.12.2 OR BA.2.13 OR BA.2.13.1 OR BA.2.14 OR BA.2.15 OR BA.2.16 OR BA.2.17 OR BA.2.18 OR BA.2.19 OR BA.2.20 OR BA.2.21 OR BA.2.22 OR BA.2.23 OR BA.2.23.1 OR BA.2.24 OR BA.2.25 OR BA.2.25.1 OR BA.2.26 OR BA.2.27 OR BA.2.28 OR BA.2.29 OR BA.2.30 OR BA.2.31 OR BA.2.31.1 OR BA.2.32 OR BA.2.33 OR BA.2.34 OR BA.2.35 OR BA.2.36 OR BA.2.37 OR BA.2.38 OR BA.2.38.1 OR BA.2.38.2 OR BA.2.38.3 OR BA.2.38.4 OR BA.2.39 OR BA.2.40 OR BA.2.40.1 OR BA.2.41 OR BA.2.42 OR BA.2.43 OR BA.2.44 OR BA.2.45 OR BA.2.46 OR BA.2.47 OR BA.2.48 OR BA.2.49 OR BA.2.50 OR BA.2.51 OR BA.2.52 OR BA.2.53 OR BA.2.54 OR BA.2.55 OR BA.2.56 OR BA.2.56.1 OR BA.2.57 OR BA.2.58 OR BA.2.59 OR BA.2.60 OR BA.2.61 OR BA.2.62 OR BA.2.63 OR BA.2.64 OR BA.2.65 OR BA.2.66 OR BA.2.67 OR BA.2.68 OR BA.2.69 OR BA.2.70 OR BA.2.71 OR BA.2.72 OR BA.2.73 OR BA.2.74 OR BA.2.75 OR BA.2.75.1 OR BA.2.75.2 OR BA.2.75.3 OR BA.2.75.4 OR BA.2.75.5 OR BA.2.75.6 OR BA.2.75.7 OR BA.2.75.8 OR BA.2.75.9 OR BA.2.75.10 OR BA.2.76 OR BA.2.76.1 OR BA.2.76.2 OR BA.2.77 OR BA.2.78 OR BA.2.79 OR BA.2.79.1 OR BA.2.80 OR BA.2.81 OR BA.2.82 OR BA.2.83 OR BA.2.85 OR BA.3 OR BA.3.1 OR BA.4 OR BA.4.1 OR BA.4.1.1 OR BA.4.1.2 OR BA.4.1.3 OR BA.4.1.4 OR BA.4.1.5 OR BA.4.1.6 OR BA.4.1.7 OR BA.4.1.8 OR BA.4.1.9 OR BA.4.1.10 OR BA.4.2 OR BA.4.3 OR BA.4.4 OR BA.4.5 OR BA.4.6 OR BA.4.6.1 OR BA.4.6.2 OR BA.4.6.3 OR BA.4.6.4 OR BA.4.6.5 OR BA.4.7 OR BA.4.8 OR BA.5 OR BA.5.1 OR BA.5.1.1 OR BA.5.1.2 OR BA.5.1.3 OR BA.5.1.4 OR BA.5.1.5 OR BA.5.1.6 OR BA.5.1.7 OR BA.5.1.8 OR BA.5.1.9 OR BA.5.1.10 OR BA.5.1.11 OR BA.5.1.12 OR BA.5.1.14 OR BA.5.1.15 OR BA.5.1.16 OR BA.5.1.17 OR BA.5.1.18 OR BA.5.1.19 OR BA.5.1.20 OR BA.5.1.21 OR BA.5.1.22 OR BA.5.1.23 OR BA.5.1.24 OR BA.5.1.25 OR BA.5.1.26 OR BA.5.1.27 OR BA.5.1.28 OR BA.5.1.29 OR BA.5.1.30 OR BA.5.1.31 OR BA.5.1.32 OR BA.5.2 OR BA.5.2.1 OR BA.5.2.2 OR BA.5.2.3 OR BA.5.2.4 OR BA.5.2.5 OR BA.5.2.6 OR BA.5.2.7 OR BA.5.2.8 OR BA.5.2.9 OR BA.5.2.10 OR BA.5.2.11 OR BA.5.2.12 OR BA.5.2.13 OR BA.5.2.14 OR BA.5.2.16 OR BA.5.2.18 OR BA.5.2.19 OR BA.5.2.20 OR BA.5.2.21 OR BA.5.2.22 OR BA.5.2.23 OR BA.5.2.24 OR BA.5.2.25 OR BA.5.2.26 OR BA.5.2.27 OR BA.5.2.28 OR BA.5.2.29 OR BA.5.2.30 OR BA.5.2.31 OR BA.5.2.32 OR BA.5.2.33 OR BA.5.2.34 OR BA.5.2.35 OR BA.5.2.36 OR BA.5.2.37 OR BA.5.2.38 OR BA.5.2.39 OR BA.5.2.40 OR BA.5.2.41 OR BA.5.2.42 OR BA.5.2.43 OR BA.5.2.44 OR BA.5.2.45 OR BA.5.2.46 OR BA.5.2.47 OR BA.5.2.48 OR BA.5.2.49 OR BA.5.3 OR BA.5.3.1 OR BA.5.3.2 OR BA.5.3.3 OR BA.5.3.4 OR BA.5.3.5 OR BA.5.5 OR BA.5.5.1 OR BA.5.5.2 OR BA.5.5.3 OR BA.5.6 OR BA.5.6.1 OR BA.5.6.2 OR BA.5.6.3 OR BA.5.6.4 OR BA.5.7 OR BA.5.8 OR BA.5.9 OR BA.5.10 OR BA.5.10.1 OR BA.5.11 OR BC.1 OR BC.2 OR BD.1 OR BE.1 OR BE.1.1 OR BE.1.1.1 OR BE.1.1.2 OR BE.1.2 OR BE.1.2.1 OR BE.1.3 OR BE.1.4 OR BE.1.4.1 OR BE.1.4.2 OR BE.1.4.3 OR BE.1.4.4 OR BE.2 OR BE.3 OR BE.4 OR BE.4.1 OR BE.4.1.1 OR BE.4.2 OR BE.5 OR BE.6 OR BE.7 OR BE.8 OR BE.9 OR BE.10 OR BF.1 OR BF.1.1 OR BF.2 OR BF.3 OR BF.3.1 OR BF.4 OR BF.5 OR BF.5.1 OR BF.5.2 OR BF.6 OR BF.7 OR BF.7.1 OR BF.7.2 OR BF.7.3 OR BF.7.4 OR BF.7.4.1 OR BF.7.4.2 OR BF.7.5 OR BF.7.5.1 OR BF.7.6 OR BF.7.7 OR BF.7.8 OR BF.7.9 OR BF.7.10 OR BF.7.11 OR BF.7.12 OR BF.7.13 OR BF.7.13.1 OR BF.7.13.2 OR BF.7.14 OR BF.7.15 OR BF.8 OR BF.9 OR BF.10 OR BF.10.1 OR BF.11 OR BF.11.1 OR BF.11.2 OR BF.11.3 OR BF.11.4 OR BF.11.5 OR BF.12 OR BF.13 OR BF.14 OR BF.15 OR BF.16 OR BF.17 OR BF.18 OR BF.19 OR BF.20 OR BF.21 OR BF.22 OR BF.23 OR BF.24 OR BF.25 OR BF.26 OR BF.27 OR BF.28 OR BF.29 OR BF.30 OR BF.31 OR BF.31.1 OR BF.32 OR BF.33 OR BF.34 OR BG.1 OR BG.2 OR BG.3 OR BG.4 OR BG.5 OR BG.6 OR BG.7 OR BH.1 OR BJ.1 OR BK.1 OR BL.1 OR BL.1.1 OR BL.1.2 OR BL.1.3 OR BL.1.4 OR BL.2 OR BL.2.1 OR BL.3 OR BL.4 OR BL.5 OR BL.6 OR BM.1 OR BM.1.1 OR BM.1.1.1 OR BM.1.1.2 OR BM.1.1.3 OR BM.1.1.4 OR BM.1.1.5 OR BM.2 OR BM.2.1 OR BM.2.2 OR BM.2.3 OR BM.3 OR BM.4 OR BM.4.1 OR BM.4.1.1 OR BM.5 OR BM.6 OR BN.1 OR BN.1.1 OR BN.1.1.1 OR BN.1.2 OR BN.1.2.1 OR BN.1.3 OR BN.1.3.1 OR BN.1.3.2 OR BN.1.3.3 OR BN.1.3.4 OR BN.1.4 OR BN.1.4.1 OR BN.1.5 OR BN.1.5.1 OR BN.1.6 OR BN.1.7 OR BN.1.8 OR BN.1.9 OR BN.2 OR BN.2.1 OR BN.3 OR BN.3.1 OR BN.4 OR BN.5 OR BN.6 OR BP.1 OR BQ.1 OR BQ.1.1 OR BQ.1.1.1 OR BQ.1.1.2 OR BQ.1.1.3 OR BQ.1.1.4 OR BQ.1.1.5 OR BQ.1.1.6 OR BQ.1.1.7 OR BQ.1.1.8 OR BQ.1.1.9 OR BQ.1.1.10 OR BQ.1.1.11 OR BQ.1.1.12 OR BQ.1.1.13 OR BQ.1.1.14 OR BQ.1.1.15 OR BQ.1.1.16 OR BQ.1.1.17 OR BQ.1.1.18 OR BQ.1.1.19 OR BQ.1.1.20 OR BQ.1.1.21 OR BQ.1.1.22 OR BQ.1.1.23 OR BQ.1.1.24 OR BQ.1.1.25 OR BQ.1.1.26 OR BQ.1.1.27 OR BQ.1.1.28 OR BQ.1.1.29 OR BQ.1.1.30 OR BQ.1.1.31 OR BQ.1.1.32 OR BQ.1.1.34 OR BQ.1.1.35 OR BQ.1.1.36 OR BQ.1.2 OR BQ.1.3 OR BQ.1.4 OR BQ.1.5 OR BQ.1.6 OR BQ.1.7 OR BQ.1.8 OR BQ.1.8.1 OR BQ.1.8.2 OR BQ.1.9 OR BQ.1.10 OR BQ.1.10.1 OR BQ.1.11 OR BQ.1.12 OR BQ.1.13 OR BQ.1.13.1 OR BQ.1.14 OR BQ.1.15 OR BQ.1.16 OR BQ.1.17 OR BQ.1.18 OR BQ.1.19 OR BQ.1.20 OR BQ.1.21 OR BQ.1.22 OR BQ.1.23 OR BQ.1.24 OR BQ.1.25 OR BQ.1.25.1 OR BQ.1.26 OR BQ.1.26.1 OR BQ.1.27 OR BQ.1.28 OR BQ.2 OR BR.1 OR BR.1.1 OR BR.1.2 OR BR.2 OR BR.2.1 OR BR.3 OR BR.4 OR BS.1 OR BS.1.1 OR BS.1.2 OR BT.1 OR BT.2 OR BU.1 OR BU.2 OR BU.3 OR BV.1 OR BV.2 OR BW.1 OR BW.1.1 OR BY.1 OR BY.1.1 OR BY.1.1.1 OR BY.1.2 OR BY.1.2.1 OR BZ.1 OR CA.1 OR CA.2 OR CA.3 OR CA.3.1 OR CA.4 OR CA.5 OR CA.6 OR CA.7 OR CB.1 OR CC.1 OR CD.1 OR CD.2 OR CE.1 OR CF.1 OR CG.1 OR CH.1 OR CH.1.1 OR CH.1.1.1 OR CH.1.1.2 OR CH.1.1.3 OR CH.1.1.4 OR CH.1.1.5 OR CH.2 OR CH.3 OR CH.3.1 OR CJ.1 OR CJ.1.1 OR CK.1 OR CK.1.1 OR CK.1.2 OR CK.2 OR CK.2.1 OR CK.2.1.1 OR CK.3 OR CL.1 OR CM.1 OR CM.2 OR CM.2.1 OR CM.3 OR CM.4 OR CM.4.1 OR CM.5 OR CM.5.1 OR CM.5.2 OR CM.6 OR CM.6.1 OR CM.7 OR CM.8 OR CM.8.1 OR CM.9 OR CM.10 OR CM.11 OR CM.12 OR CN.1 OR CN.2 OR CP.1 OR CP.1.1 OR CP.1.2 OR CP.1.3 OR CP.2 OR CP.3 OR CP.4 OR CP.5 OR CP.6 OR CQ.1 OR CQ.1.1 OR CQ.2 OR CR.1 OR CR.1.1 OR CR.1.2 OR CR.1.3 OR CR.2 OR CS.1 OR CT.1 OR CU.1 OR CV.1 OR CV.2 OR CW.1 OR CY.1 OR CZ.1 OR DA.1 OR DB.1 OR DB.2 OR DC.1 OR DD.1 OR DE.1 OR DE.2 OR DF.1 OR DF.1.1 OR DG.1 OR DH.1 OR DJ.1 OR DJ.1.1 OR DJ.1.2 OR DJ.1.3 OR DK.1 OR DL.1 OR DM.1 OR DN.1 OR DN.1.1 OR DP.1 OR DQ.1 OR DR.1 OR DS.1 OR DT.1 OR DU.1 OR DV.1,Omicron,3.35714285714286,3.14285714285714,0.936170212765957
2022-04-03,1,1,2.85714285714286,2.42857142857143,0.85,0.176736097131257,0.961252382214835,B.1.1.529 OR BA.1 OR BA.1.1 OR BA.1.1.1 OR BA.1.1.2 OR BA.1.1.3 OR BA.1.1.4 OR BA.1.1.5 OR BA.1.1.6 OR BA.1.1.7 OR BA.1.1.8 OR BA.1.1.9 OR BA.1.1.10 OR BA.1.1.11 OR BA.1.1.12 OR BA.1.1.13 OR BA.1.1.14 OR BA.1.1.15 OR BA.1.1.16 OR BA.1.1.17 OR BA.1.1.18 OR BA.1.2 OR BA.1.3 OR BA.1.4 OR BA.1.5 OR BA.1.6 OR BA.1.7 OR BA.1.8 OR BA.1.9 OR BA.1.10 OR BA.1.12 OR BA.1.13 OR BA.1.13.1 OR BA.1.14 OR BA.1.14.1 OR BA.1.14.2 OR BA.1.15 OR BA.1.15.1 OR BA.1.15.2 OR BA.1.15.3 OR BA.1.16 OR BA.1.16.1 OR BA.1.16.2 OR BA.1.17 OR BA.1.17.1 OR BA.1.17.2 OR BA.1.18 OR BA.1.19 OR BA.1.20 OR BA.1.21 OR BA.1.21.1 OR BA.1.22 OR BA.1.23 OR BA.1.24 OR BA.2 OR BA.2.1 OR BA.2.2 OR BA.2.2.1 OR BA.2.3 OR BA.2.3.1 OR BA.2.3.2 OR BA.2.3.4 OR BA.2.3.5 OR BA.2.3.6 OR BA.2.3.7 OR BA.2.3.8 OR BA.2.3.9 OR BA.2.3.10 OR BA.2.3.11 OR BA.2.3.12 OR BA.2.3.13 OR BA.2.3.14 OR BA.2.3.15 OR BA.2.3.16 OR BA.2.3.17 OR BA.2.3.18 OR BA.2.3.19 OR BA.2.3.20 OR BA.2.3.21 OR BA.2.3.22 OR BA.2.4 OR BA.2.5 OR BA.2.6 OR BA.2.7 OR BA.2.8 OR BA.2.9 OR BA.2.9.1 OR BA.2.9.2 OR BA.2.9.3 OR BA.2.9.4 OR BA.2.9.5 OR BA.2.9.6 OR BA.2.9.7 OR BA.2.10 OR BA.2.10.1 OR BA.2.10.2 OR BA.2.10.3 OR BA.2.10.4 OR BA.2.11 OR BA.2.12 OR BA.2.12.1 OR BA.2.12.2 OR BA.2.13 OR BA.2.13.1 OR BA.2.14 OR BA.2.15 OR BA.2.16 OR BA.2.17 OR BA.2.18 OR BA.2.19 OR BA.2.20 OR BA.2.21 OR BA.2.22 OR BA.2.23 OR BA.2.23.1 OR BA.2.24 OR BA.2.25 OR BA.2.25.1 OR BA.2.26 OR BA.2.27 OR BA.2.28 OR BA.2.29 OR BA.2.30 OR BA.2.31 OR BA.2.31.1 OR BA.2.32 OR BA.2.33 OR BA.2.34 OR BA.2.35 OR BA.2.36 OR BA.2.37 OR BA.2.38 OR BA.2.38.1 OR BA.2.38.2 OR BA.2.38.3 OR BA.2.38.4 OR BA.2.39 OR BA.2.40 OR BA.2.40.1 OR BA.2.41 OR BA.2.42 OR BA.2.43 OR BA.2.44 OR BA.2.45 OR BA.2.46 OR BA.2.47 OR BA.2.48 OR BA.2.49 OR BA.2.50 OR BA.2.51 OR BA.2.52 OR BA.2.53 OR BA.2.54 OR BA.2.55 OR BA.2.56 OR BA.2.56.1 OR BA.2.57 OR BA.2.58 OR BA.2.59 OR BA.2.60 OR BA.2.61 OR BA.2.62 OR BA.2.63 OR BA.2.64 OR BA.2.65 OR BA.2.66 OR BA.2.67 OR BA.2.68 OR BA.2.69 OR BA.2.70 OR BA.2.71 OR BA.2.72 OR BA.2.73 OR BA.2.74 OR BA.2.75 OR BA.2.75.1 OR BA.2.75.2 OR BA.2.75.3 OR BA.2.75.4 OR BA.2.75.5 OR BA.2.75.6 OR BA.2.75.7 OR BA.2.75.8 OR BA.2.75.9 OR BA.2.75.10 OR BA.2.76 OR BA.2.76.1 OR BA.2.76.2 OR BA.2.77 OR BA.2.78 OR BA.2.79 OR BA.2.79.1 OR BA.2.80 OR BA.2.81 OR BA.2.82 OR BA.2.83 OR BA.2.85 OR BA.3 OR BA.3.1 OR BA.4 OR BA.4.1 OR BA.4.1.1 OR BA.4.1.2 OR BA.4.1.3 OR BA.4.1.4 OR BA.4.1.5 OR BA.4.1.6 OR BA.4.1.7 OR BA.4.1.8 OR BA.4.1.9 OR BA.4.1.10 OR BA.4.2 OR BA.4.3 OR BA.4.4 OR BA.4.5 OR BA.4.6 OR BA.4.6.1 OR BA.4.6.2 OR BA.4.6.3 OR BA.4.6.4 OR BA.4.6.5 OR BA.4.7 OR BA.4.8 OR BA.5 OR BA.5.1 OR BA.5.1.1 OR BA.5.1.2 OR BA.5.1.3 OR BA.5.1.4 OR BA.5.1.5 OR BA.5.1.6 OR BA.5.1.7 OR BA.5.1.8 OR BA.5.1.9 OR BA.5.1.10 OR BA.5.1.11 OR BA.5.1.12 OR BA.5.1.14 OR BA.5.1.15 OR BA.5.1.16 OR BA.5.1.17 OR BA.5.1.18 OR BA.5.1.19 OR BA.5.1.20 OR BA.5.1.21 OR BA.5.1.22 OR BA.5.1.23 OR BA.5.1.24 OR BA.5.1.25 OR BA.5.1.26 OR BA.5.1.27 OR BA.5.1.28 OR BA.5.1.29 OR BA.5.1.30 OR BA.5.1.31 OR BA.5.1.32 OR BA.5.2 OR BA.5.2.1 OR BA.5.2.2 OR BA.5.2.3 OR BA.5.2.4 OR BA.5.2.5 OR BA.5.2.6 OR BA.5.2.7 OR BA.5.2.8 OR BA.5.2.9 OR BA.5.2.10 OR BA.5.2.11 OR BA.5.2.12 OR BA.5.2.13 OR BA.5.2.14 OR BA.5.2.16 OR BA.5.2.18 OR BA.5.2.19 OR BA.5.2.20 OR BA.5.2.21 OR BA.5.2.22 OR BA.5.2.23 OR BA.5.2.24 OR BA.5.2.25 OR BA.5.2.26 OR BA.5.2.27 OR BA.5.2.28 OR BA.5.2.29 OR BA.5.2.30 OR BA.5.2.31 OR BA.5.2.32 OR BA.5.2.33 OR BA.5.2.34 OR BA.5.2.35 OR BA.5.2.36 OR BA.5.2.37 OR BA.5.2.38 OR BA.5.2.39 OR BA.5.2.40 OR BA.5.2.41 OR BA.5.2.42 OR BA.5.2.43 OR BA.5.2.44 OR BA.5.2.45 OR BA.5.2.46 OR BA.5.2.47 OR BA.5.2.48 OR BA.5.2.49 OR BA.5.3 OR BA.5.3.1 OR BA.5.3.2 OR BA.5.3.3 OR BA.5.3.4 OR BA.5.3.5 OR BA.5.5 OR BA.5.5.1 OR BA.5.5.2 OR BA.5.5.3 OR BA.5.6 OR BA.5.6.1 OR BA.5.6.2 OR BA.5.6.3 OR BA.5.6.4 OR BA.5.7 OR BA.5.8 OR BA.5.9 OR BA.5.10 OR BA.5.10.1 OR BA.5.11 OR BC.1 OR BC.2 OR BD.1 OR BE.1 OR BE.1.1 OR BE.1.1.1 OR BE.1.1.2 OR BE.1.2 OR BE.1.2.1 OR BE.1.3 OR BE.1.4 OR BE.1.4.1 OR BE.1.4.2 OR BE.1.4.3 OR BE.1.4.4 OR BE.2 OR BE.3 OR BE.4 OR BE.4.1 OR BE.4.1.1 OR BE.4.2 OR BE.5 OR BE.6 OR BE.7 OR BE.8 OR BE.9 OR BE.10 OR BF.1 OR BF.1.1 OR BF.2 OR BF.3 OR BF.3.1 OR BF.4 OR BF.5 OR BF.5.1 OR BF.5.2 OR BF.6 OR BF.7 OR BF.7.1 OR BF.7.2 OR BF.7.3 OR BF.7.4 OR BF.7.4.1 OR BF.7.4.2 OR BF.7.5 OR BF.7.5.1 OR BF.7.6 OR BF.7.7 OR BF.7.8 OR BF.7.9 OR BF.7.10 OR BF.7.11 OR BF.7.12 OR BF.7.13 OR BF.7.13.1 OR BF.7.13.2 OR BF.7.14 OR BF.7.15 OR BF.8 OR BF.9 OR BF.10 OR BF.10.1 OR BF.11 OR BF.11.1 OR BF.11.2 OR BF.11.3 OR BF.11.4 OR BF.11.5 OR BF.12 OR BF.13 OR BF.14 OR BF.15 OR BF.16 OR BF.17 OR BF.18 OR BF.19 OR BF.20 OR BF.21 OR BF.22 OR BF.23 OR BF.24 OR BF.25 OR BF.26 OR BF.27 OR BF.28 OR BF.29 OR BF.30 OR BF.31 OR BF.31.1 OR BF.32 OR BF.33 OR BF.34 OR BG.1 OR BG.2 OR BG.3 OR BG.4 OR BG.5 OR BG.6 OR BG.7 OR BH.1 OR BJ.1 OR BK.1 OR BL.1 OR BL.1.1 OR BL.1.2 OR BL.1.3 OR BL.1.4 OR BL.2 OR BL.2.1 OR BL.3 OR BL.4 OR BL.5 OR BL.6 OR BM.1 OR BM.1.1 OR BM.1.1.1 OR BM.1.1.2 OR BM.1.1.3 OR BM.1.1.4 OR BM.1.1.5 OR BM.2 OR BM.2.1 OR BM.2.2 OR BM.2.3 OR BM.3 OR BM.4 OR BM.4.1 OR BM.4.1.1 OR BM.5 OR BM.6 OR BN.1 OR BN.1.1 OR BN.1.1.1 OR BN.1.2 OR BN.1.2.1 OR BN.1.3 OR BN.1.3.1 OR BN.1.3.2 OR BN.1.3.3 OR BN.1.3.4 OR BN.1.4 OR BN.1.4.1 OR BN.1.5 OR BN.1.5.1 OR BN.1.6 OR BN.1.7 OR BN.1.8 OR BN.1.9 OR BN.2 OR BN.2.1 OR BN.3 OR BN.3.1 OR BN.4 OR BN.5 OR BN.6 OR BP.1 OR BQ.1 OR BQ.1.1 OR BQ.1.1.1 OR BQ.1.1.2 OR BQ.1.1.3 OR BQ.1.1.4 OR BQ.1.1.5 OR BQ.1.1.6 OR BQ.1.1.7 OR BQ.1.1.8 OR BQ.1.1.9 OR BQ.1.1.10 OR BQ.1.1.11 OR BQ.1.1.12 OR BQ.1.1.13 OR BQ.1.1.14 OR BQ.1.1.15 OR BQ.1.1.16 OR BQ.1.1.17 OR BQ.1.1.18 OR BQ.1.1.19 OR BQ.1.1.20 OR BQ.1.1.21 OR BQ.1.1.22 OR BQ.1.1.23 OR BQ.1.1.24 OR BQ.1.1.25 OR BQ.1.1.26 OR BQ.1.1.27 OR BQ.1.1.28 OR BQ.1.1.29 OR BQ.1.1.30 OR BQ.1.1.31 OR BQ.1.1.32 OR BQ.1.1.34 OR BQ.1.1.35 OR BQ.1.1.36 OR BQ.1.2 OR BQ.1.3 OR BQ.1.4 OR BQ.1.5 OR BQ.1.6 OR BQ.1.7 OR BQ.1.8 OR BQ.1.8.1 OR BQ.1.8.2 OR BQ.1.9 OR BQ.1.10 OR BQ.1.10.1 OR BQ.1.11 OR BQ.1.12 OR BQ.1.13 OR BQ.1.13.1 OR BQ.1.14 OR BQ.1.15 OR BQ.1.16 OR BQ.1.17 OR BQ.1.18 OR BQ.1.19 OR BQ.1.20 OR BQ.1.21 OR BQ.1.22 OR BQ.1.23 OR BQ.1.24 OR BQ.1.25 OR BQ.1.25.1 OR BQ.1.26 OR BQ.1.26.1 OR BQ.1.27 OR BQ.1.28 OR BQ.2 OR BR.1 OR BR.1.1 OR BR.1.2 OR BR.2 OR BR.2.1 OR BR.3 OR BR.4 OR BS.1 OR BS.1.1 OR BS.1.2 OR BT.1 OR BT.2 OR BU.1 OR BU.2 OR BU.3 OR BV.1 OR BV.2 OR BW.1 OR BW.1.1 OR BY.1 OR BY.1.1 OR BY.1.1.1 OR BY.1.2 OR BY.1.2.1 OR BZ.1 OR CA.1 OR CA.2 OR CA.3 OR CA.3.1 OR CA.4 OR CA.5 OR CA.6 OR CA.7 OR CB.1 OR CC.1 OR CD.1 OR CD.2 OR CE.1 OR CF.1 OR CG.1 OR CH.1 OR CH.1.1 OR CH.1.1.1 OR CH.1.1.2 OR CH.1.1.3 OR CH.1.1.4 OR CH.1.1.5 OR CH.2 OR CH.3 OR CH.3.1 OR CJ.1 OR CJ.1.1 OR CK.1 OR CK.1.1 OR CK.1.2 OR CK.2 OR CK.2.1 OR CK.2.1.1 OR CK.3 OR CL.1 OR CM.1 OR CM.2 OR CM.2.1 OR CM.3 OR CM.4 OR CM.4.1 OR CM.5 OR CM.5.1 OR CM.5.2 OR CM.6 OR CM.6.1 OR CM.7 OR CM.8 OR CM.8.1 OR CM.9 OR CM.10 OR CM.11 OR CM.12 OR CN.1 OR CN.2 OR CP.1 OR CP.1.1 OR CP.1.2 OR CP.1.3 OR CP.2 OR CP.3 OR CP.4 OR CP.5 OR CP.6 OR CQ.1 OR CQ.1.1 OR CQ.2 OR CR.1 OR CR.1.1 OR CR.1.2 OR CR.1.3 OR CR.2 OR CS.1 OR CT.1 OR CU.1 OR CV.1 OR CV.2 OR CW.1 OR CY.1 OR CZ.1 OR DA.1 OR DB.1 OR DB.2 OR DC.1 OR DD.1 OR DE.1 OR DE.2 OR DF.1 OR DF.1.1 OR DG.1 OR DH.1 OR DJ.1 OR DJ.1.1 OR DJ.1.2 OR DJ.1.3 OR DK.1 OR DL.1 OR DM.1 OR DN.1 OR DN.1.1 OR DP.1 OR DQ.1 OR DR.1 OR DS.1 OR DT.1 OR DU.1 OR DV.1,Omicron,2.42857142857143,2.21428571428571,0.911764705882353
2022-04-04,2,2,2.14285714285714,1.85714285714286,0.866666666666667,0.333178245598791,0.999783091529969,B.1.1.529 OR BA.1 OR BA.1.1 OR BA.1.1.1 OR BA.1.1.2 OR BA.1.1.3 OR BA.1.1.4 OR BA.1.1.5 OR BA.1.1.6 OR BA.1.1.7 OR BA.1.1.8 OR BA.1.1.9 OR BA.1.1.10 OR BA.1.1.11 OR BA.1.1.12 OR BA.1.1.13 OR BA.1.1.14 OR BA.1.1.15 OR BA.1.1.16 OR BA.1.1.17 OR BA.1.1.18 OR BA.1.2 OR BA.1.3 OR BA.1.4 OR BA.1.5 OR BA.1.6 OR BA.1.7 OR BA.1.8 OR BA.1.9 OR BA.1.10 OR BA.1.12 OR BA.1.13 OR BA.1.13.1 OR BA.1.14 OR BA.1.14.1 OR BA.1.14.2 OR BA.1.15 OR BA.1.15.1 OR BA.1.15.2 OR BA.1.15.3 OR BA.1.16 OR BA.1.16.1 OR BA.1.16.2 OR BA.1.17 OR BA.1.17.1 OR BA.1.17.2 OR BA.1.18 OR BA.1.19 OR BA.1.20 OR BA.1.21 OR BA.1.21.1 OR BA.1.22 OR BA.1.23 OR BA.1.24 OR BA.2 OR BA.2.1 OR BA.2.2 OR BA.2.2.1 OR BA.2.3 OR BA.2.3.1 OR BA.2.3.2 OR BA.2.3.4 OR BA.2.3.5 OR BA.2.3.6 OR BA.2.3.7 OR BA.2.3.8 OR BA.2.3.9 OR BA.2.3.10 OR BA.2.3.11 OR BA.2.3.12 OR BA.2.3.13 OR BA.2.3.14 OR BA.2.3.15 OR BA.2.3.16 OR BA.2.3.17 OR BA.2.3.18 OR BA.2.3.19 OR BA.2.3.20 OR BA.2.3.21 OR BA.2.3.22 OR BA.2.4 OR BA.2.5 OR BA.2.6 OR BA.2.7 OR BA.2.8 OR BA.2.9 OR BA.2.9.1 OR BA.2.9.2 OR BA.2.9.3 OR BA.2.9.4 OR BA.2.9.5 OR BA.2.9.6 OR BA.2.9.7 OR BA.2.10 OR BA.2.10.1 OR BA.2.10.2 OR BA.2.10.3 OR BA.2.10.4 OR BA.2.11 OR BA.2.12 OR BA.2.12.1 OR BA.2.12.2 OR BA.2.13 OR BA.2.13.1 OR BA.2.14 OR BA.2.15 OR BA.2.16 OR BA.2.17 OR BA.2.18 OR BA.2.19 OR BA.2.20 OR BA.2.21 OR BA.2.22 OR BA.2.23 OR BA.2.23.1 OR BA.2.24 OR BA.2.25 OR BA.2.25.1 OR BA.2.26 OR BA.2.27 OR BA.2.28 OR BA.2.29 OR BA.2.30 OR BA.2.31 OR BA.2.31.1 OR BA.2.32 OR BA.2.33 OR BA.2.34 OR BA.2.35 OR BA.2.36 OR BA.2.37 OR BA.2.38 OR BA.2.38.1 OR BA.2.38.2 OR BA.2.38.3 OR BA.2.38.4 OR BA.2.39 OR BA.2.40 OR BA.2.40.1 OR BA.2.41 OR BA.2.42 OR BA.2.43 OR BA.2.44 OR BA.2.45 OR BA.2.46 OR BA.2.47 OR BA.2.48 OR BA.2.49 OR BA.2.50 OR BA.2.51 OR BA.2.52 OR BA.2.53 OR BA.2.54 OR BA.2.55 OR BA.2.56 OR BA.2.56.1 OR BA.2.57 OR BA.2.58 OR BA.2.59 OR BA.2.60 OR BA.2.61 OR BA.2.62 OR BA.2.63 OR BA.2.64 OR BA.2.65 OR BA.2.66 OR BA.2.67 OR BA.2.68 OR BA.2.69 OR BA.2.70 OR BA.2.71 OR BA.2.72 OR BA.2.73 OR BA.2.74 OR BA.2.75 OR BA.2.75.1 OR BA.2.75.2 OR BA.2.75.3 OR BA.2.75.4 OR BA.2.75.5 OR BA.2.75.6 OR BA.2.75.7 OR BA.2.75.8 OR BA.2.75.9 OR BA.2.75.10 OR BA.2.76 OR BA.2.76.1 OR BA.2.76.2 OR BA.2.77 OR BA.2.78 OR BA.2.79 OR BA.2.79.1 OR BA.2.80 OR BA.2.81 OR BA.2.82 OR BA.2.83 OR BA.2.85 OR BA.3 OR BA.3.1 OR BA.4 OR BA.4.1 OR BA.4.1.1 OR BA.4.1.2 OR BA.4.1.3 OR BA.4.1.4 OR BA.4.1.5 OR BA.4.1.6 OR BA.4.1.7 OR BA.4.1.8 OR BA.4.1.9 OR BA.4.1.10 OR BA.4.2 OR BA.4.3 OR BA.4.4 OR BA.4.5 OR BA.4.6 OR BA.4.6.1 OR BA.4.6.2 OR BA.4.6.3 OR BA.4.6.4 OR BA.4.6.5 OR BA.4.7 OR BA.4.8 OR BA.5 OR BA.5.1 OR BA.5.1.1 OR BA.5.1.2 OR BA.5.1.3 OR BA.5.1.4 OR BA.5.1.5 OR BA.5.1.6 OR BA.5.1.7 OR BA.5.1.8 OR BA.5.1.9 OR BA.5.1.10 OR BA.5.1.11 OR BA.5.1.12 OR BA.5.1.14 OR BA.5.1.15 OR BA.5.1.16 OR BA.5.1.17 OR BA.5.1.18 OR BA.5.1.19 OR BA.5.1.20 OR BA.5.1.21 OR BA.5.1.22 OR BA.5.1.23 OR BA.5.1.24 OR BA.5.1.25 OR BA.5.1.26 OR BA.5.1.27 OR BA.5.1.28 OR BA.5.1.29 OR BA.5.1.30 OR BA.5.1.31 OR BA.5.1.32 OR BA.5.2 OR BA.5.2.1 OR BA.5.2.2 OR BA.5.2.3 OR BA.5.2.4 OR BA.5.2.5 OR BA.5.2.6 OR BA.5.2.7 OR BA.5.2.8 OR BA.5.2.9 OR BA.5.2.10 OR BA.5.2.11 OR BA.5.2.12 OR BA.5.2.13 OR BA.5.2.14 OR BA.5.2.16 OR BA.5.2.18 OR BA.5.2.19 OR BA.5.2.20 OR BA.5.2.21 OR BA.5.2.22 OR BA.5.2.23 OR BA.5.2.24 OR BA.5.2.25 OR BA.5.2.26 OR BA.5.2.27 OR BA.5.2.28 OR BA.5.2.29 OR BA.5.2.30 OR BA.5.2.31 OR BA.5.2.32 OR BA.5.2.33 OR BA.5.2.34 OR BA.5.2.35 OR BA.5.2.36 OR BA.5.2.37 OR BA.5.2.38 OR BA.5.2.39 OR BA.5.2.40 OR BA.5.2.41 OR BA.5.2.42 OR BA.5.2.43 OR BA.5.2.44 OR BA.5.2.45 OR BA.5.2.46 OR BA.5.2.47 OR BA.5.2.48 OR BA.5.2.49 OR BA.5.3 OR BA.5.3.1 OR BA.5.3.2 OR BA.5.3.3 OR BA.5.3.4 OR BA.5.3.5 OR BA.5.5 OR BA.5.5.1 OR BA.5.5.2 OR BA.5.5.3 OR BA.5.6 OR BA.5.6.1 OR BA.5.6.2 OR BA.5.6.3 OR BA.5.6.4 OR BA.5.7 OR BA.5.8 OR BA.5.9 OR BA.5.10 OR BA.5.10.1 OR BA.5.11 OR BC.1 OR BC.2 OR BD.1 OR BE.1 OR BE.1.1 OR BE.1.1.1 OR BE.1.1.2 OR BE.1.2 OR BE.1.2.1 OR BE.1.3 OR BE.1.4 OR BE.1.4.1 OR BE.1.4.2 OR BE.1.4.3 OR BE.1.4.4 OR BE.2 OR BE.3 OR BE.4 OR BE.4.1 OR BE.4.1.1 OR BE.4.2 OR BE.5 OR BE.6 OR BE.7 OR BE.8 OR BE.9 OR BE.10 OR BF.1 OR BF.1.1 OR BF.2 OR BF.3 OR BF.3.1 OR BF.4 OR BF.5 OR BF.5.1 OR BF.5.2 OR BF.6 OR BF.7 OR BF.7.1 OR BF.7.2 OR BF.7.3 OR BF.7.4 OR BF.7.4.1 OR BF.7.4.2 OR BF.7.5 OR BF.7.5.1 OR BF.7.6 OR BF.7.7 OR BF.7.8 OR BF.7.9 OR BF.7.10 OR BF.7.11 OR BF.7.12 OR BF.7.13 OR BF.7.13.1 OR BF.7.13.2 OR BF.7.14 OR BF.7.15 OR BF.8 OR BF.9 OR BF.10 OR BF.10.1 OR BF.11 OR BF.11.1 OR BF.11.2 OR BF.11.3 OR BF.11.4 OR BF.11.5 OR BF.12 OR BF.13 OR BF.14 OR BF.15 OR BF.16 OR BF.17 OR BF.18 OR BF.19 OR BF.20 OR BF.21 OR BF.22 OR BF.23 OR BF.24 OR BF.25 OR BF.26 OR BF.27 OR BF.28 OR BF.29 OR BF.30 OR BF.31 OR BF.31.1 OR BF.32 OR BF.33 OR BF.34 OR BG.1 OR BG.2 OR BG.3 OR BG.4 OR BG.5 OR BG.6 OR BG.7 OR BH.1 OR BJ.1 OR BK.1 OR BL.1 OR BL.1.1 OR BL.1.2 OR BL.1.3 OR BL.1.4 OR BL.2 OR BL.2.1 OR BL.3 OR BL.4 OR BL.5 OR BL.6 OR BM.1 OR BM.1.1 OR BM.1.1.1 OR BM.1.1.2 OR BM.1.1.3 OR BM.1.1.4 OR BM.1.1.5 OR BM.2 OR BM.2.1 OR BM.2.2 OR BM.2.3 OR BM.3 OR BM.4 OR BM.4.1 OR BM.4.1.1 OR BM.5 OR BM.6 OR BN.1 OR BN.1.1 OR BN.1.1.1 OR BN.1.2 OR BN.1.2.1 OR BN.1.3 OR BN.1.3.1 OR BN.1.3.2 OR BN.1.3.3 OR BN.1.3.4 OR BN.1.4 OR BN.1.4.1 OR BN.1.5 OR BN.1.5.1 OR BN.1.6 OR BN.1.7 OR BN.1.8 OR BN.1.9 OR BN.2 OR BN.2.1 OR BN.3 OR BN.3.1 OR BN.4 OR BN.5 OR BN.6 OR BP.1 OR BQ.1 OR BQ.1.1 OR BQ.1.1.1 OR BQ.1.1.2 OR BQ.1.1.3 OR BQ.1.1.4 OR BQ.1.1.5 OR BQ.1.1.6 OR BQ.1.1.7 OR BQ.1.1.8 OR BQ.1.1.9 OR BQ.1.1.10 OR BQ.1.1.11 OR BQ.1.1.12 OR BQ.1.1.13 OR BQ.1.1.14 OR BQ.1.1.15 OR BQ.1.1.16 OR BQ.1.1.17 OR BQ.1.1.18 OR BQ.1.1.19 OR BQ.1.1.20 OR BQ.1.1.21 OR BQ.1.1.22 OR BQ.1.1.23 OR BQ.1.1.24 OR BQ.1.1.25 OR BQ.1.1.26 OR BQ.1.1.27 OR BQ.1.1.28 OR BQ.1.1.29 OR BQ.1.1.30 OR BQ.1.1.31 OR BQ.1.1.32 OR BQ.1.1.34 OR BQ.1.1.35 OR BQ.1.1.36 OR BQ.1.2 OR BQ.1.3 OR BQ.1.4 OR BQ.1.5 OR BQ.1.6 OR BQ.1.7 OR BQ.1.8 OR BQ.1.8.1 OR BQ.1.8.2 OR BQ.1.9 OR BQ.1.10 OR BQ.1.10.1 OR BQ.1.11 OR BQ.1.12 OR BQ.1.13 OR BQ.1.13.1 OR BQ.1.14 OR BQ.1.15 OR BQ.1.16 OR BQ.1.17 OR BQ.1.18 OR BQ.1.19 OR BQ.1.20 OR BQ.1.21 OR BQ.1.22 OR BQ.1.23 OR BQ.1.24 OR BQ.1.25 OR BQ.1.25.1 OR BQ.1.26 OR BQ.1.26.1 OR BQ.1.27 OR BQ.1.28 OR BQ.2 OR BR.1 OR BR.1.1 OR BR.1.2 OR BR.2 OR BR.2.1 OR BR.3 OR BR.4 OR BS.1 OR BS.1.1 OR BS.1.2 OR BT.1 OR BT.2 OR BU.1 OR BU.2 OR BU.3 OR BV.1 OR BV.2 OR BW.1 OR BW.1.1 OR BY.1 OR BY.1.1 OR BY.1.1.1 OR BY.1.2 OR BY.1.2.1 OR BZ.1 OR CA.1 OR CA.2 OR CA.3 OR CA.3.1 OR CA.4 OR CA.5 OR CA.6 OR CA.7 OR CB.1 OR CC.1 OR CD.1 OR CD.2 OR CE.1 OR CF.1 OR CG.1 OR CH.1 OR CH.1.1 OR CH.1.1.1 OR CH.1.1.2 OR CH.1.1.3 OR CH.1.1.4 OR CH.1.1.5 OR CH.2 OR CH.3 OR CH.3.1 OR CJ.1 OR CJ.1.1 OR CK.1 OR CK.1.1 OR CK.1.2 OR CK.2 OR CK.2.1 OR CK.2.1.1 OR CK.3 OR CL.1 OR CM.1 OR CM.2 OR CM.2.1 OR CM.3 OR CM.4 OR CM.4.1 OR CM.5 OR CM.5.1 OR CM.5.2 OR CM.6 OR CM.6.1 OR CM.7 OR CM.8 OR CM.8.1 OR CM.9 OR CM.10 OR CM.11 OR CM.12 OR CN.1 OR CN.2 OR CP.1 OR CP.1.1 OR CP.1.2 OR CP.1.3 OR CP.2 OR CP.3 OR CP.4 OR CP.5 OR CP.6 OR CQ.1 OR CQ.1.1 OR CQ.2 OR CR.1 OR CR.1.1 OR CR.1.2 OR CR.1.3 OR CR.2 OR CS.1 OR CT.1 OR CU.1 OR CV.1 OR CV.2 OR CW.1 OR CY.1 OR CZ.1 OR DA.1 OR DB.1 OR DB.2 OR DC.1 OR DD.1 OR DE.1 OR DE.2 OR DF.1 OR DF.1.1 OR DG.1 OR DH.1 OR DJ.1 OR DJ.1.1 OR DJ.1.2 OR DJ.1.3 OR DK.1 OR DL.1 OR DM.1 OR DN.1 OR DN.1.1 OR DP.1 OR DQ.1 OR DR.1 OR DS.1 OR DT.1 OR DU.1 OR DV.1,Omicron,2.42857142857143,2.21428571428571,0.911764705882353
2022-04-05,2,1,2.28571428571429,1.85714285714286,0.8125,0.333178245598791,0.999783091529969,B.1.1.529 OR BA.1 OR BA.1.1 OR BA.1.1.1 OR BA.1.1.2 OR BA.1.1.3 OR BA.1.1.4 OR BA.1.1.5 OR BA.1.1.6 OR BA.1.1.7 OR BA.1.1.8 OR BA.1.1.9 OR BA.1.1.10 OR BA.1.1.11 OR BA.1.1.12 OR BA.1.1.13 OR BA.1.1.14 OR BA.1.1.15 OR BA.1.1.16 OR BA.1.1.17 OR BA.1.1.18 OR BA.1.2 OR BA.1.3 OR BA.1.4 OR BA.1.5 OR BA.1.6 OR BA.1.7 OR BA.1.8 OR BA.1.9 OR BA.1.10 OR BA.1.12 OR BA.1.13 OR BA.1.13.1 OR BA.1.14 OR BA.1.14.1 OR BA.1.14.2 OR BA.1.15 OR BA.1.15.1 OR BA.1.15.2 OR BA.1.15.3 OR BA.1.16 OR BA.1.16.1 OR BA.1.16.2 OR BA.1.17 OR BA.1.17.1 OR BA.1.17.2 OR BA.1.18 OR BA.1.19 OR BA.1.20 OR BA.1.21 OR BA.1.21.1 OR BA.1.22 OR BA.1.23 OR BA.1.24 OR BA.2 OR BA.2.1 OR BA.2.2 OR BA.2.2.1 OR BA.2.3 OR BA.2.3.1 OR BA.2.3.2 OR BA.2.3.4 OR BA.2.3.5 OR BA.2.3.6 OR BA.2.3.7 OR BA.2.3.8 OR BA.2.3.9 OR BA.2.3.10 OR BA.2.3.11 OR BA.2.3.12 OR BA.2.3.13 OR BA.2.3.14 OR BA.2.3.15 OR BA.2.3.16 OR BA.2.3.17 OR BA.2.3.18 OR BA.2.3.19 OR BA.2.3.20 OR BA.2.3.21 OR BA.2.3.22 OR BA.2.4 OR BA.2.5 OR BA.2.6 OR BA.2.7 OR BA.2.8 OR BA.2.9 OR BA.2.9.1 OR BA.2.9.2 OR BA.2.9.3 OR BA.2.9.4 OR BA.2.9.5 OR BA.2.9.6 OR BA.2.9.7 OR BA.2.10 OR BA.2.10.1 OR BA.2.10.2 OR BA.2.10.3 OR BA.2.10.4 OR BA.2.11 OR BA.2.12 OR BA.2.12.1 OR BA.2.12.2 OR BA.2.13 OR BA.2.13.1 OR BA.2.14 OR BA.2.15 OR BA.2.16 OR BA.2.17 OR BA.2.18 OR BA.2.19 OR BA.2.20 OR BA.2.21 OR BA.2.22 OR BA.2.23 OR BA.2.23.1 OR BA.2.24 OR BA.2.25 OR BA.2.25.1 OR BA.2.26 OR BA.2.27 OR BA.2.28 OR BA.2.29 OR BA.2.30 OR BA.2.31 OR BA.2.31.1 OR BA.2.32 OR BA.2.33 OR BA.2.34 OR BA.2.35 OR BA.2.36 OR BA.2.37 OR BA.2.38 OR BA.2.38.1 OR BA.2.38.2 OR BA.2.38.3 OR BA.2.38.4 OR BA.2.39 OR BA.2.40 OR BA.2.40.1 OR BA.2.41 OR BA.2.42 OR BA.2.43 OR BA.2.44 OR BA.2.45 OR BA.2.46 OR BA.2.47 OR BA.2.48 OR BA.2.49 OR BA.2.50 OR BA.2.51 OR BA.2.52 OR BA.2.53 OR BA.2.54 OR BA.2.55 OR BA.2.56 OR BA.2.56.1 OR BA.2.57 OR BA.2.58 OR BA.2.59 OR BA.2.60 OR BA.2.61 OR BA.2.62 OR BA.2.63 OR BA.2.64 OR BA.2.65 OR BA.2.66 OR BA.2.67 OR BA.2.68 OR BA.2.69 OR BA.2.70 OR BA.2.71 OR BA.2.72 OR BA.2.73 OR BA.2.74 OR BA.2.75 OR BA.2.75.1 OR BA.2.75.2 OR BA.2.75.3 OR BA.2.75.4 OR BA.2.75.5 OR BA.2.75.6 OR BA.2.75.7 OR BA.2.75.8 OR BA.2.75.9 OR BA.2.75.10 OR BA.2.76 OR BA.2.76.1 OR BA.2.76.2 OR BA.2.77 OR BA.2.78 OR BA.2.79 OR BA.2.79.1 OR BA.2.80 OR BA.2.81 OR BA.2.82 OR BA.2.83 OR BA.2.85 OR BA.3 OR BA.3.1 OR BA.4 OR BA.4.1 OR BA.4.1.1 OR BA.4.1.2 OR BA.4.1.3 OR BA.4.1.4 OR BA.4.1.5 OR BA.4.1.6 OR BA.4.1.7 OR BA.4.1.8 OR BA.4.1.9 OR BA.4.1.10 OR BA.4.2 OR BA.4.3 OR BA.4.4 OR BA.4.5 OR BA.4.6 OR BA.4.6.1 OR BA.4.6.2 OR BA.4.6.3 OR BA.4.6.4 OR BA.4.6.5 OR BA.4.7 OR BA.4.8 OR BA.5 OR BA.5.1 OR BA.5.1.1 OR BA.5.1.2 OR BA.5.1.3 OR BA.5.1.4 OR BA.5.1.5 OR BA.5.1.6 OR BA.5.1.7 OR BA.5.1.8 OR BA.5.1.9 OR BA.5.1.10 OR BA.5.1.11 OR BA.5.1.12 OR BA.5.1.14 OR BA.5.1.15 OR BA.5.1.16 OR BA.5.1.17 OR BA.5.1.18 OR BA.5.1.19 OR BA.5.1.20 OR BA.5.1.21 OR BA.5.1.22 OR BA.5.1.23 OR BA.5.1.24 OR BA.5.1.25 OR BA.5.1.26 OR BA.5.1.27 OR BA.5.1.28 OR BA.5.1.29 OR BA.5.1.30 OR BA.5.1.31 OR BA.5.1.32 OR BA.5.2 OR BA.5.2.1 OR BA.5.2.2 OR BA.5.2.3 OR BA.5.2.4 OR BA.5.2.5 OR BA.5.2.6 OR BA.5.2.7 OR BA.5.2.8 OR BA.5.2.9 OR BA.5.2.10 OR BA.5.2.11 OR BA.5.2.12 OR BA.5.2.13 OR BA.5.2.14 OR BA.5.2.16 OR BA.5.2.18 OR BA.5.2.19 OR BA.5.2.20 OR BA.5.2.21 OR BA.5.2.22 OR BA.5.2.23 OR BA.5.2.24 OR BA.5.2.25 OR BA.5.2.26 OR BA.5.2.27 OR BA.5.2.28 OR BA.5.2.29 OR BA.5.2.30 OR BA.5.2.31 OR BA.5.2.32 OR BA.5.2.33 OR BA.5.2.34 OR BA.5.2.35 OR BA.5.2.36 OR BA.5.2.37 OR BA.5.2.38 OR BA.5.2.39 OR BA.5.2.40 OR BA.5.2.41 OR BA.5.2.42 OR BA.5.2.43 OR BA.5.2.44 OR BA.5.2.45 OR BA.5.2.46 OR BA.5.2.47 OR BA.5.2.48 OR BA.5.2.49 OR BA.5.3 OR BA.5.3.1 OR BA.5.3.2 OR BA.5.3.3 OR BA.5.3.4 OR BA.5.3.5 OR BA.5.5 OR BA.5.5.1 OR BA.5.5.2 OR BA.5.5.3 OR BA.5.6 OR BA.5.6.1 OR BA.5.6.2 OR BA.5.6.3 OR BA.5.6.4 OR BA.5.7 OR BA.5.8 OR BA.5.9 OR BA.5.10 OR BA.5.10.1 OR BA.5.11 OR BC.1 OR BC.2 OR BD.1 OR BE.1 OR BE.1.1 OR BE.1.1.1 OR BE.1.1.2 OR BE.1.2 OR BE.1.2.1 OR BE.1.3 OR BE.1.4 OR BE.1.4.1 OR BE.1.4.2 OR BE.1.4.3 OR BE.1.4.4 OR BE.2 OR BE.3 OR BE.4 OR BE.4.1 OR BE.4.1.1 OR BE.4.2 OR BE.5 OR BE.6 OR BE.7 OR BE.8 OR BE.9 OR BE.10 OR BF.1 OR BF.1.1 OR BF.2 OR BF.3 OR BF.3.1 OR BF.4 OR BF.5 OR BF.5.1 OR BF.5.2 OR BF.6 OR BF.7 OR BF.7.1 OR BF.7.2 OR BF.7.3 OR BF.7.4 OR BF.7.4.1 OR BF.7.4.2 OR BF.7.5 OR BF.7.5.1 OR BF.7.6 OR BF.7.7 OR BF.7.8 OR BF.7.9 OR BF.7.10 OR BF.7.11 OR BF.7.12 OR BF.7.13 OR BF.7.13.1 OR BF.7.13.2 OR BF.7.14 OR BF.7.15 OR BF.8 OR BF.9 OR BF.10 OR BF.10.1 OR BF.11 OR BF.11.1 OR BF.11.2 OR BF.11.3 OR BF.11.4 OR BF.11.5 OR BF.12 OR BF.13 OR BF.14 OR BF.15 OR BF.16 OR BF.17 OR BF.18 OR BF.19 OR BF.20 OR BF.21 OR BF.22 OR BF.23 OR BF.24 OR BF.25 OR BF.26 OR BF.27 OR BF.28 OR BF.29 OR BF.30 OR BF.31 OR BF.31.1 OR BF.32 OR BF.33 OR BF.34 OR BG.1 OR BG.2 OR BG.3 OR BG.4 OR BG.5 OR BG.6 OR BG.7 OR BH.1 OR BJ.1 OR BK.1 OR BL.1 OR BL.1.1 OR BL.1.2 OR BL.1.3 OR BL.1.4 OR BL.2 OR BL.2.1 OR BL.3 OR BL.4 OR BL.5 OR BL.6 OR BM.1 OR BM.1.1 OR BM.1.1.1 OR BM.1.1.2 OR BM.1.1.3 OR BM.1.1.4 OR BM.1.1.5 OR BM.2 OR BM.2.1 OR BM.2.2 OR BM.2.3 OR BM.3 OR BM.4 OR BM.4.1 OR BM.4.1.1 OR BM.5 OR BM.6 OR BN.1 OR BN.1.1 OR BN.1.1.1 OR BN.1.2 OR BN.1.2.1 OR BN.1.3 OR BN.1.3.1 OR BN.1.3.2 OR BN.1.3.3 OR BN.1.3.4 OR BN.1.4 OR BN.1.4.1 OR BN.1.5 OR BN.1.5.1 OR BN.1.6 OR BN.1.7 OR BN.1.8 OR BN.1.9 OR BN.2 OR BN.2.1 OR BN.3 OR BN.3.1 OR BN.4 OR BN.5 OR BN.6 OR BP.1 OR BQ.1 OR BQ.1.1 OR BQ.1.1.1 OR BQ.1.1.2 OR BQ.1.1.3 OR BQ.1.1.4 OR BQ.1.1.5 OR BQ.1.1.6 OR BQ.1.1.7 OR BQ.1.1.8 OR BQ.1.1.9 OR BQ.1.1.10 OR BQ.1.1.11 OR BQ.1.1.12 OR BQ.1.1.13 OR BQ.1.1.14 OR BQ.1.1.15 OR BQ.1.1.16 OR BQ.1.1.17 OR BQ.1.1.18 OR BQ.1.1.19 OR BQ.1.1.20 OR BQ.1.1.21 OR BQ.1.1.22 OR BQ.1.1.23 OR BQ.1.1.24 OR BQ.1.1.25 OR BQ.1.1.26 OR BQ.1.1.27 OR BQ.1.1.28 OR BQ.1.1.29 OR BQ.1.1.30 OR BQ.1.1.31 OR BQ.1.1.32 OR BQ.1.1.34 OR BQ.1.1.35 OR BQ.1.1.36 OR BQ.1.2 OR BQ.1.3 OR BQ.1.4 OR BQ.1.5 OR BQ.1.6 OR BQ.1.7 OR BQ.1.8 OR BQ.1.8.1 OR BQ.1.8.2 OR BQ.1.9 OR BQ.1.10 OR BQ.1.10.1 OR BQ.1.11 OR BQ.1.12 OR BQ.1.13 OR BQ.1.13.1 OR BQ.1.14 OR BQ.1.15 OR BQ.1.16 OR BQ.1.17 OR BQ.1.18 OR BQ.1.19 OR BQ.1.20 OR BQ.1.21 OR BQ.1.22 OR BQ.1.23 OR BQ.1.24 OR BQ.1.25 OR BQ.1.25.1 OR BQ.1.26 OR BQ.1.26.1 OR BQ.1.27 OR BQ.1.28 OR BQ.2 OR BR.1 OR BR.1.1 OR BR.1.2 OR BR.2 OR BR.2.1 OR BR.3 OR BR.4 OR BS.1 OR BS.1.1 OR BS.1.2 OR BT.1 OR BT.2 OR BU.1 OR BU.2 OR BU.3 OR BV.1 OR BV.2 OR BW.1 OR BW.1.1 OR BY.1 OR BY.1.1 OR BY.1.1.1 OR BY.1.2 OR BY.1.2.1 OR BZ.1 OR CA.1 OR CA.2 OR CA.3 OR CA.3.1 OR CA.4 OR CA.5 OR CA.6 OR CA.7 OR CB.1 OR CC.1 OR CD.1 OR CD.2 OR CE.1 OR CF.1 OR CG.1 OR CH.1 OR CH.1.1 OR CH.1.1.1 OR CH.1.1.2 OR CH.1.1.3 OR CH.1.1.4 OR CH.1.1.5 OR CH.2 OR CH.3 OR CH.3.1 OR CJ.1 OR CJ.1.1 OR CK.1 OR CK.1.1 OR CK.1.2 OR CK.2 OR CK.2.1 OR CK.2.1.1 OR CK.3 OR CL.1 OR CM.1 OR CM.2 OR CM.2.1 OR CM.3 OR CM.4 OR CM.4.1 OR CM.5 OR CM.5.1 OR CM.5.2 OR CM.6 OR CM.6.1 OR CM.7 OR CM.8 OR CM.8.1 OR CM.9 OR CM.10 OR CM.11 OR CM.12 OR CN.1 OR CN.2 OR CP.1 OR CP.1.1 OR CP.1.2 OR CP.1.3 OR CP.2 OR CP.3 OR CP.4 OR CP.5 OR CP.6 OR CQ.1 OR CQ.1.1 OR CQ.2 OR CR.1 OR CR.1.1 OR CR.1.2 OR CR.1.3 OR CR.2 OR CS.1 OR CT.1 OR CU.1 OR CV.1 OR CV.2 OR CW.1 OR CY.1 OR CZ.1 OR DA.1 OR DB.1 OR DB.2 OR DC.1 OR DD.1 OR DE.1 OR DE.2 OR DF.1 OR DF.1.1 OR DG.1 OR DH.1 OR DJ.1 OR DJ.1.1 OR DJ.1.2 OR DJ.1.3 OR DK.1 OR DL.1 OR DM.1 OR DN.1 OR DN.1.1 OR DP.1 OR DQ.1 OR DR.1 OR DS.1 OR DT.1 OR DU.1 OR DV.1,Omicron,2.5,2.21428571428571,0.885714285714286
2022-04-06,1,1,2,1.71428571428571,0.857142857142857,0.333178245598791,0.999783091529969,B.1.1.529 OR BA.1 OR BA.1.1 OR BA.1.1.1 OR BA.1.1.2 OR BA.1.1.3 OR BA.1.1.4 OR BA.1.1.5 OR BA.1.1.6 OR BA.1.1.7 OR BA.1.1.8 OR BA.1.1.9 OR BA.1.1.10 OR BA.1.1.11 OR BA.1.1.12 OR BA.1.1.13 OR BA.1.1.14 OR BA.1.1.15 OR BA.1.1.16 OR BA.1.1.17 OR BA.1.1.18 OR BA.1.2 OR BA.1.3 OR BA.1.4 OR BA.1.5 OR BA.1.6 OR BA.1.7 OR BA.1.8 OR BA.1.9 OR BA.1.10 OR BA.1.12 OR BA.1.13 OR BA.1.13.1 OR BA.1.14 OR BA.1.14.1 OR BA.1.14.2 OR BA.1.15 OR BA.1.15.1 OR BA.1.15.2 OR BA.1.15.3 OR BA.1.16 OR BA.1.16.1 OR BA.1.16.2 OR BA.1.17 OR BA.1.17.1 OR BA.1.17.2 OR BA.1.18 OR BA.1.19 OR BA.1.20 OR BA.1.21 OR BA.1.21.1 OR BA.1.22 OR BA.1.23 OR BA.1.24 OR BA.2 OR BA.2.1 OR BA.2.2 OR BA.2.2.1 OR BA.2.3 OR BA.2.3.1 OR BA.2.3.2 OR BA.2.3.4 OR BA.2.3.5 OR BA.2.3.6 OR BA.2.3.7 OR BA.2.3.8 OR BA.2.3.9 OR BA.2.3.10 OR BA.2.3.11 OR BA.2.3.12 OR BA.2.3.13 OR BA.2.3.14 OR BA.2.3.15 OR BA.2.3.16 OR BA.2.3.17 OR BA.2.3.18 OR BA.2.3.19 OR BA.2.3.20 OR BA.2.3.21 OR BA.2.3.22 OR BA.2.4 OR BA.2.5 OR BA.2.6 OR BA.2.7 OR BA.2.8 OR BA.2.9 OR BA.2.9.1 OR BA.2.9.2 OR BA.2.9.3 OR BA.2.9.4 OR BA.2.9.5 OR BA.2.9.6 OR BA.2.9.7 OR BA.2.10 OR BA.2.10.1 OR BA.2.10.2 OR BA.2.10.3 OR BA.2.10.4 OR BA.2.11 OR BA.2.12 OR BA.2.12.1 OR BA.2.12.2 OR BA.2.13 OR BA.2.13.1 OR BA.2.14 OR BA.2.15 OR BA.2.16 OR BA.2.17 OR BA.2.18 OR BA.2.19 OR BA.2.20 OR BA.2.21 OR BA.2.22 OR BA.2.23 OR BA.2.23.1 OR BA.2.24 OR BA.2.25 OR BA.2.25.1 OR BA.2.26 OR BA.2.27 OR BA.2.28 OR BA.2.29 OR BA.2.30 OR BA.2.31 OR BA.2.31.1 OR BA.2.32 OR BA.2.33 OR BA.2.34 OR BA.2.35 OR BA.2.36 OR BA.2.37 OR BA.2.38 OR BA.2.38.1 OR BA.2.38.2 OR BA.2.38.3 OR BA.2.38.4 OR BA.2.39 OR BA.2.40 OR BA.2.40.1 OR BA.2.41 OR BA.2.42 OR BA.2.43 OR BA.2.44 OR BA.2.45 OR BA.2.46 OR BA.2.47 OR BA.2.48 OR BA.2.49 OR BA.2.50 OR BA.2.51 OR BA.2.52 OR BA.2.53 OR BA.2.54 OR BA.2.55 OR BA.2.56 OR BA.2.56.1 OR BA.2.57 OR BA.2.58 OR BA.2.59 OR BA.2.60 OR BA.2.61 OR BA.2.62 OR BA.2.63 OR BA.2.64 OR BA.2.65 OR BA.2.66 OR BA.2.67 OR BA.2.68 OR BA.2.69 OR BA.2.70 OR BA.2.71 OR BA.2.72 OR BA.2.73 OR BA.2.74 OR BA.2.75 OR BA.2.75.1 OR BA.2.75.2 OR BA.2.75.3 OR BA.2.75.4 OR BA.2.75.5 OR BA.2.75.6 OR BA.2.75.7 OR BA.2.75.8 OR BA.2.75.9 OR BA.2.75.10 OR BA.2.76 OR BA.2.76.1 OR BA.2.76.2 OR BA.2.77 OR BA.2.78 OR BA.2.79 OR BA.2.79.1 OR BA.2.80 OR BA.2.81 OR BA.2.82 OR BA.2.83 OR BA.2.85 OR BA.3 OR BA.3.1 OR BA.4 OR BA.4.1 OR BA.4.1.1 OR BA.4.1.2 OR BA.4.1.3 OR BA.4.1.4 OR BA.4.1.5 OR BA.4.1.6 OR BA.4.1.7 OR BA.4.1.8 OR BA.4.1.9 OR BA.4.1.10 OR BA.4.2 OR BA.4.3 OR BA.4.4 OR BA.4.5 OR BA.4.6 OR BA.4.6.1 OR BA.4.6.2 OR BA.4.6.3 OR BA.4.6.4 OR BA.4.6.5 OR BA.4.7 OR BA.4.8 OR BA.5 OR BA.5.1 OR BA.5.1.1 OR BA.5.1.2 OR BA.5.1.3 OR BA.5.1.4 OR BA.5.1.5 OR BA.5.1.6 OR BA.5.1.7 OR BA.5.1.8 OR BA.5.1.9 OR BA.5.1.10 OR BA.5.1.11 OR BA.5.1.12 OR BA.5.1.14 OR BA.5.1.15 OR BA.5.1.16 OR BA.5.1.17 OR BA.5.1.18 OR BA.5.1.19 OR BA.5.1.20 OR BA.5.1.21 OR BA.5.1.22 OR BA.5.1.23 OR BA.5.1.24 OR BA.5.1.25 OR BA.5.1.26 OR BA.5.1.27 OR BA.5.1.28 OR BA.5.1.29 OR BA.5.1.30 OR BA.5.1.31 OR BA.5.1.32 OR BA.5.2 OR BA.5.2.1 OR BA.5.2.2 OR BA.5.2.3 OR BA.5.2.4 OR BA.5.2.5 OR BA.5.2.6 OR BA.5.2.7 OR BA.5.2.8 OR BA.5.2.9 OR BA.5.2.10 OR BA.5.2.11 OR BA.5.2.12 OR BA.5.2.13 OR BA.5.2.14 OR BA.5.2.16 OR BA.5.2.18 OR BA.5.2.19 OR BA.5.2.20 OR BA.5.2.21 OR BA.5.2.22 OR BA.5.2.23 OR BA.5.2.24 OR BA.5.2.25 OR BA.5.2.26 OR BA.5.2.27 OR BA.5.2.28 OR BA.5.2.29 OR BA.5.2.30 OR BA.5.2.31 OR BA.5.2.32 OR BA.5.2.33 OR BA.5.2.34 OR BA.5.2.35 OR BA.5.2.36 OR BA.5.2.37 OR BA.5.2.38 OR BA.5.2.39 OR BA.5.2.40 OR BA.5.2.41 OR BA.5.2.42 OR BA.5.2.43 OR BA.5.2.44 OR BA.5.2.45 OR BA.5.2.46 OR BA.5.2.47 OR BA.5.2.48 OR BA.5.2.49 OR BA.5.3 OR BA.5.3.1 OR BA.5.3.2 OR BA.5.3.3 OR BA.5.3.4 OR BA.5.3.5 OR BA.5.5 OR BA.5.5.1 OR BA.5.5.2 OR BA.5.5.3 OR BA.5.6 OR BA.5.6.1 OR BA.5.6.2 OR BA.5.6.3 OR BA.5.6.4 OR BA.5.7 OR BA.5.8 OR BA.5.9 OR BA.5.10 OR BA.5.10.1 OR BA.5.11 OR BC.1 OR BC.2 OR BD.1 OR BE.1 OR BE.1.1 OR BE.1.1.1 OR BE.1.1.2 OR BE.1.2 OR BE.1.2.1 OR BE.1.3 OR BE.1.4 OR BE.1.4.1 OR BE.1.4.2 OR BE.1.4.3 OR BE.1.4.4 OR BE.2 OR BE.3 OR BE.4 OR BE.4.1 OR BE.4.1.1 OR BE.4.2 OR BE.5 OR BE.6 OR BE.7 OR BE.8 OR BE.9 OR BE.10 OR BF.1 OR BF.1.1 OR BF.2 OR BF.3 OR BF.3.1 OR BF.4 OR BF.5 OR BF.5.1 OR BF.5.2 OR BF.6 OR BF.7 OR BF.7.1 OR BF.7.2 OR BF.7.3 OR BF.7.4 OR BF.7.4.1 OR BF.7.4.2 OR BF.7.5 OR BF.7.5.1 OR BF.7.6 OR BF.7.7 OR BF.7.8 OR BF.7.9 OR BF.7.10 OR BF.7.11 OR BF.7.12 OR BF.7.13 OR BF.7.13.1 OR BF.7.13.2 OR BF.7.14 OR BF.7.15 OR BF.8 OR BF.9 OR BF.10 OR BF.10.1 OR BF.11 OR BF.11.1 OR BF.11.2 OR BF.11.3 OR BF.11.4 OR BF.11.5 OR BF.12 OR BF.13 OR BF.14 OR BF.15 OR BF.16 OR BF.17 OR BF.18 OR BF.19 OR BF.20 OR BF.21 OR BF.22 OR BF.23 OR BF.24 OR BF.25 OR BF.26 OR BF.27 OR BF.28 OR BF.29 OR BF.30 OR BF.31 OR BF.31.1 OR BF.32 OR BF.33 OR BF.34 OR BG.1 OR BG.2 OR BG.3 OR BG.4 OR BG.5 OR BG.6 OR BG.7 OR BH.1 OR BJ.1 OR BK.1 OR BL.1 OR BL.1.1 OR BL.1.2 OR BL.1.3 OR BL.1.4 OR BL.2 OR BL.2.1 OR BL.3 OR BL.4 OR BL.5 OR BL.6 OR BM.1 OR BM.1.1 OR BM.1.1.1 OR BM.1.1.2 OR BM.1.1.3 OR BM.1.1.4 OR BM.1.1.5 OR BM.2 OR BM.2.1 OR BM.2.2 OR BM.2.3 OR BM.3 OR BM.4 OR BM.4.1 OR BM.4.1.1 OR BM.5 OR BM.6 OR BN.1 OR BN.1.1 OR BN.1.1.1 OR BN.1.2 OR BN.1.2.1 OR BN.1.3 OR BN.1.3.1 OR BN.1.3.2 OR BN.1.3.3 OR BN.1.3.4 OR BN.1.4 OR BN.1.4.1 OR BN.1.5 OR BN.1.5.1 OR BN.1.6 OR BN.1.7 OR BN.1.8 OR BN.1.9 OR BN.2 OR BN.2.1 OR BN.3 OR BN.3.1 OR BN.4 OR BN.5 OR BN.6 OR BP.1 OR BQ.1 OR BQ.1.1 OR BQ.1.1.1 OR BQ.1.1.2 OR BQ.1.1.3 OR BQ.1.1.4 OR BQ.1.1.5 OR BQ.1.1.6 OR BQ.1.1.7 OR BQ.1.1.8 OR BQ.1.1.9 OR BQ.1.1.10 OR BQ.1.1.11 OR BQ.1.1.12 OR BQ.1.1.13 OR BQ.1.1.14 OR BQ.1.1.15 OR BQ.1.1.16 OR BQ.1.1.17 OR BQ.1.1.18 OR BQ.1.1.19 OR BQ.1.1.20 OR BQ.1.1.21 OR BQ.1.1.22 OR BQ.1.1.23 OR BQ.1.1.24 OR BQ.1.1.25 OR BQ.1.1.26 OR BQ.1.1.27 OR BQ.1.1.28 OR BQ.1.1.29 OR BQ.1.1.30 OR BQ.1.1.31 OR BQ.1.1.32 OR BQ.1.1.34 OR BQ.1.1.35 OR BQ.1.1.36 OR BQ.1.2 OR BQ.1.3 OR BQ.1.4 OR BQ.1.5 OR BQ.1.6 OR BQ.1.7 OR BQ.1.8 OR BQ.1.8.1 OR BQ.1.8.2 OR BQ.1.9 OR BQ.1.10 OR BQ.1.10.1 OR BQ.1.11 OR BQ.1.12 OR BQ.1.13 OR BQ.1.13.1 OR BQ.1.14 OR BQ.1.15 OR BQ.1.16 OR BQ.1.17 OR BQ.1.18 OR BQ.1.19 OR BQ.1.20 OR BQ.1.21 OR BQ.1.22 OR BQ.1.23 OR BQ.1.24 OR BQ.1.25 OR BQ.1.25.1 OR BQ.1.26 OR BQ.1.26.1 OR BQ.1.27 OR BQ.1.28 OR BQ.2 OR BR.1 OR BR.1.1 OR BR.1.2 OR BR.2 OR BR.2.1 OR BR.3 OR BR.4 OR BS.1 OR BS.1.1 OR BS.1.2 OR BT.1 OR BT.2 OR BU.1 OR BU.2 OR BU.3 OR BV.1 OR BV.2 OR BW.1 OR BW.1.1 OR BY.1 OR BY.1.1 OR BY.1.1.1 OR BY.1.2 OR BY.1.2.1 OR BZ.1 OR CA.1 OR CA.2 OR CA.3 OR CA.3.1 OR CA.4 OR CA.5 OR CA.6 OR CA.7 OR CB.1 OR CC.1 OR CD.1 OR CD.2 OR CE.1 OR CF.1 OR CG.1 OR CH.1 OR CH.1.1 OR CH.1.1.1 OR CH.1.1.2 OR CH.1.1.3 OR CH.1.1.4 OR CH.1.1.5 OR CH.2 OR CH.3 OR CH.3.1 OR CJ.1 OR CJ.1.1 OR CK.1 OR CK.1.1 OR CK.1.2 OR CK.2 OR CK.2.1 OR CK.2.1.1 OR CK.3 OR CL.1 OR CM.1 OR CM.2 OR CM.2.1 OR CM.3 OR CM.4 OR CM.4.1 OR CM.5 OR CM.5.1 OR CM.5.2 OR CM.6 OR CM.6.1 OR CM.7 OR CM.8 OR CM.8.1 OR CM.9 OR CM.10 OR CM.11 OR CM.12 OR CN.1 OR CN.2 OR CP.1 OR CP.1.1 OR CP.1.2 OR CP.1.3 OR CP.2 OR CP.3 OR CP.4 OR CP.5 OR CP.6 OR CQ.1 OR CQ.1.1 OR CQ.2 OR CR.1 OR CR.1.1 OR CR.1.2 OR CR.1.3 OR CR.2 OR CS.1 OR CT.1 OR CU.1 OR CV.1 OR CV.2 OR CW.1 OR CY.1 OR CZ.1 OR DA.1 OR DB.1 OR DB.2 OR DC.1 OR DD.1 OR DE.1 OR DE.2 OR DF.1 OR DF.1.1 OR DG.1 OR DH.1 OR DJ.1 OR DJ.1.1 OR DJ.1.2 OR DJ.1.3 OR DK.1 OR DL.1 OR DM.1 OR DN.1 OR DN.1.1 OR DP.1 OR DQ.1 OR DR.1 OR DS.1 OR DT.1 OR DU.1 OR DV.1,Omicron,2.14285714285714,1.85714285714286,0.866666666666667
2022-04-07,2,2,1.57142857142857,1.42857142857143,0.909090909090909,0.0608302759200974,0.939169724079903,B.1.1.529 OR BA.1 OR BA.1.1 OR BA.1.1.1 OR BA.1.1.2 OR BA.1.1.3 OR BA.1.1.4 OR BA.1.1.5 OR BA.1.1.6 OR BA.1.1.7 OR BA.1.1.8 OR BA.1.1.9 OR BA.1.1.10 OR BA.1.1.11 OR BA.1.1.12 OR BA.1.1.13 OR BA.1.1.14 OR BA.1.1.15 OR BA.1.1.16 OR BA.1.1.17 OR BA.1.1.18 OR BA.1.2 OR BA.1.3 OR BA.1.4 OR BA.1.5 OR BA.1.6 OR BA.1.7 OR BA.1.8 OR BA.1.9 OR BA.1.10 OR BA.1.12 OR BA.1.13 OR BA.1.13.1 OR BA.1.14 OR BA.1.14.1 OR BA.1.14.2 OR BA.1.15 OR BA.1.15.1 OR BA.1.15.2 OR BA.1.15.3 OR BA.1.16 OR BA.1.16.1 OR BA.1.16.2 OR BA.1.17 OR BA.1.17.1 OR BA.1.17.2 OR BA.1.18 OR BA.1.19 OR BA.1.20 OR BA.1.21 OR BA.1.21.1 OR BA.1.22 OR BA.1.23 OR BA.1.24 OR BA.2 OR BA.2.1 OR BA.2.2 OR BA.2.2.1 OR BA.2.3 OR BA.2.3.1 OR BA.2.3.2 OR BA.2.3.4 OR BA.2.3.5 OR BA.2.3.6 OR BA.2.3.7 OR BA.2.3.8 OR BA.2.3.9 OR BA.2.3.10 OR BA.2.3.11 OR BA.2.3.12 OR BA.2.3.13 OR BA.2.3.14 OR BA.2.3.15 OR BA.2.3.16 OR BA.2.3.17 OR BA.2.3.18 OR BA.2.3.19 OR BA.2.3.20 OR BA.2.3.21 OR BA.2.3.22 OR BA.2.4 OR BA.2.5 OR BA.2.6 OR BA.2.7 OR BA.2.8 OR BA.2.9 OR BA.2.9.1 OR BA.2.9.2 OR BA.2.9.3 OR BA.2.9.4 OR BA.2.9.5 OR BA.2.9.6 OR BA.2.9.7 OR BA.2.10 OR BA.2.10.1 OR BA.2.10.2 OR BA.2.10.3 OR BA.2.10.4 OR BA.2.11 OR BA.2.12 OR BA.2.12.1 OR BA.2.12.2 OR BA.2.13 OR BA.2.13.1 OR BA.2.14 OR BA.2.15 OR BA.2.16 OR BA.2.17 OR BA.2.18 OR BA.2.19 OR BA.2.20 OR BA.2.21 OR BA.2.22 OR BA.2.23 OR BA.2.23.1 OR BA.2.24 OR BA.2.25 OR BA.2.25.1 OR BA.2.26 OR BA.2.27 OR BA.2.28 OR BA.2.29 OR BA.2.30 OR BA.2.31 OR BA.2.31.1 OR BA.2.32 OR BA.2.33 OR BA.2.34 OR BA.2.35 OR BA.2.36 OR BA.2.37 OR BA.2.38 OR BA.2.38.1 OR BA.2.38.2 OR BA.2.38.3 OR BA.2.38.4 OR BA.2.39 OR BA.2.40 OR BA.2.40.1 OR BA.2.41 OR BA.2.42 OR BA.2.43 OR BA.2.44 OR BA.2.45 OR BA.2.46 OR BA.2.47 OR BA.2.48 OR BA.2.49 OR BA.2.50 OR BA.2.51 OR BA.2.52 OR BA.2.53 OR BA.2.54 OR BA.2.55 OR BA.2.56 OR BA.2.56.1 OR BA.2.57 OR BA.2.58 OR BA.2.59 OR BA.2.60 OR BA.2.61 OR BA.2.62 OR BA.2.63 OR BA.2.64 OR BA.2.65 OR BA.2.66 OR BA.2.67 OR BA.2.68 OR BA.2.69 OR BA.2.70 OR BA.2.71 OR BA.2.72 OR BA.2.73 OR BA.2.74 OR BA.2.75 OR BA.2.75.1 OR BA.2.75.2 OR BA.2.75.3 OR BA.2.75.4 OR BA.2.75.5 OR BA.2.75.6 OR BA.2.75.7 OR BA.2.75.8 OR BA.2.75.9 OR BA.2.75.10 OR BA.2.76 OR BA.2.76.1 OR BA.2.76.2 OR BA.2.77 OR BA.2.78 OR BA.2.79 OR BA.2.79.1 OR BA.2.80 OR BA.2.81 OR BA.2.82 OR BA.2.83 OR BA.2.85 OR BA.3 OR BA.3.1 OR BA.4 OR BA.4.1 OR BA.4.1.1 OR BA.4.1.2 OR BA.4.1.3 OR BA.4.1.4 OR BA.4.1.5 OR BA.4.1.6 OR BA.4.1.7 OR BA.4.1.8 OR BA.4.1.9 OR BA.4.1.10 OR BA.4.2 OR BA.4.3 OR BA.4.4 OR BA.4.5 OR BA.4.6 OR BA.4.6.1 OR BA.4.6.2 OR BA.4.6.3 OR BA.4.6.4 OR BA.4.6.5 OR BA.4.7 OR BA.4.8 OR BA.5 OR BA.5.1 OR BA.5.1.1 OR BA.5.1.2 OR BA.5.1.3 OR BA.5.1.4 OR BA.5.1.5 OR BA.5.1.6 OR BA.5.1.7 OR BA.5.1.8 OR BA.5.1.9 OR BA.5.1.10 OR BA.5.1.11 OR BA.5.1.12 OR BA.5.1.14 OR BA.5.1.15 OR BA.5.1.16 OR BA.5.1.17 OR BA.5.1.18 OR BA.5.1.19 OR BA.5.1.20 OR BA.5.1.21 OR BA.5.1.22 OR BA.5.1.23 OR BA.5.1.24 OR BA.5.1.25 OR BA.5.1.26 OR BA.5.1.27 OR BA.5.1.28 OR BA.5.1.29 OR BA.5.1.30 OR BA.5.1.31 OR BA.5.1.32 OR BA.5.2 OR BA.5.2.1 OR BA.5.2.2 OR BA.5.2.3 OR BA.5.2.4 OR BA.5.2.5 OR BA.5.2.6 OR BA.5.2.7 OR BA.5.2.8 OR BA.5.2.9 OR BA.5.2.10 OR BA.5.2.11 OR BA.5.2.12 OR BA.5.2.13 OR BA.5.2.14 OR BA.5.2.16 OR BA.5.2.18 OR BA.5.2.19 OR BA.5.2.20 OR BA.5.2.21 OR BA.5.2.22 OR BA.5.2.23 OR BA.5.2.24 OR BA.5.2.25 OR BA.5.2.26 OR BA.5.2.27 OR BA.5.2.28 OR BA.5.2.29 OR BA.5.2.30 OR BA.5.2.31 OR BA.5.2.32 OR BA.5.2.33 OR BA.5.2.34 OR BA.5.2.35 OR BA.5.2.36 OR BA.5.2.37 OR BA.5.2.38 OR BA.5.2.39 OR BA.5.2.40 OR BA.5.2.41 OR BA.5.2.42 OR BA.5.2.43 OR BA.5.2.44 OR BA.5.2.45 OR BA.5.2.46 OR BA.5.2.47 OR BA.5.2.48 OR BA.5.2.49 OR BA.5.3 OR BA.5.3.1 OR BA.5.3.2 OR BA.5.3.3 OR BA.5.3.4 OR BA.5.3.5 OR BA.5.5 OR BA.5.5.1 OR BA.5.5.2 OR BA.5.5.3 OR BA.5.6 OR BA.5.6.1 OR BA.5.6.2 OR BA.5.6.3 OR BA.5.6.4 OR BA.5.7 OR BA.5.8 OR BA.5.9 OR BA.5.10 OR BA.5.10.1 OR BA.5.11 OR BC.1 OR BC.2 OR BD.1 OR BE.1 OR BE.1.1 OR BE.1.1.1 OR BE.1.1.2 OR BE.1.2 OR BE.1.2.1 OR BE.1.3 OR BE.1.4 OR BE.1.4.1 OR BE.1.4.2 OR BE.1.4.3 OR BE.1.4.4 OR BE.2 OR BE.3 OR BE.4 OR BE.4.1 OR BE.4.1.1 OR BE.4.2 OR BE.5 OR BE.6 OR BE.7 OR BE.8 OR BE.9 OR BE.10 OR BF.1 OR BF.1.1 OR BF.2 OR BF.3 OR BF.3.1 OR BF.4 OR BF.5 OR BF.5.1 OR BF.5.2 OR BF.6 OR BF.7 OR BF.7.1 OR BF.7.2 OR BF.7.3 OR BF.7.4 OR BF.7.4.1 OR BF.7.4.2 OR BF.7.5 OR BF.7.5.1 OR BF.7.6 OR BF.7.7 OR BF.7.8 OR BF.7.9 OR BF.7.10 OR BF.7.11 OR BF.7.12 OR BF.7.13 OR BF.7.13.1 OR BF.7.13.2 OR BF.7.14 OR BF.7.15 OR BF.8 OR BF.9 OR BF.10 OR BF.10.1 OR BF.11 OR BF.11.1 OR BF.11.2 OR BF.11.3 OR BF.11.4 OR BF.11.5 OR BF.12 OR BF.13 OR BF.14 OR BF.15 OR BF.16 OR BF.17 OR BF.18 OR BF.19 OR BF.20 OR BF.21 OR BF.22 OR BF.23 OR BF.24 OR BF.25 OR BF.26 OR BF.27 OR BF.28 OR BF.29 OR BF.30 OR BF.31 OR BF.31.1 OR BF.32 OR BF.33 OR BF.34 OR BG.1 OR BG.2 OR BG.3 OR BG.4 OR BG.5 OR BG.6 OR BG.7 OR BH.1 OR BJ.1 OR BK.1 OR BL.1 OR BL.1.1 OR BL.1.2 OR BL.1.3 OR BL.1.4 OR BL.2 OR BL.2.1 OR BL.3 OR BL.4 OR BL.5 OR BL.6 OR BM.1 OR BM.1.1 OR BM.1.1.1 OR BM.1.1.2 OR BM.1.1.3 OR BM.1.1.4 OR BM.1.1.5 OR BM.2 OR BM.2.1 OR BM.2.2 OR BM.2.3 OR BM.3 OR BM.4 OR BM.4.1 OR BM.4.1.1 OR BM.5 OR BM.6 OR BN.1 OR BN.1.1 OR BN.1.1.1 OR BN.1.2 OR BN.1.2.1 OR BN.1.3 OR BN.1.3.1 OR BN.1.3.2 OR BN.1.3.3 OR BN.1.3.4 OR BN.1.4 OR BN.1.4.1 OR BN.1.5 OR BN.1.5.1 OR BN.1.6 OR BN.1.7 OR BN.1.8 OR BN.1.9 OR BN.2 OR BN.2.1 OR BN.3 OR BN.3.1 OR BN.4 OR BN.5 OR BN.6 OR BP.1 OR BQ.1 OR BQ.1.1 OR BQ.1.1.1 OR BQ.1.1.2 OR BQ.1.1.3 OR BQ.1.1.4 OR BQ.1.1.5 OR BQ.1.1.6 OR BQ.1.1.7 OR BQ.1.1.8 OR BQ.1.1.9 OR BQ.1.1.10 OR BQ.1.1.11 OR BQ.1.1.12 OR BQ.1.1.13 OR BQ.1.1.14 OR BQ.1.1.15 OR BQ.1.1.16 OR BQ.1.1.17 OR BQ.1.1.18 OR BQ.1.1.19 OR BQ.1.1.20 OR BQ.1.1.21 OR BQ.1.1.22 OR BQ.1.1.23 OR BQ.1.1.24 OR BQ.1.1.25 OR BQ.1.1.26 OR BQ.1.1.27 OR BQ.1.1.28 OR BQ.1.1.29 OR BQ.1.1.30 OR BQ.1.1.31 OR BQ.1.1.32 OR BQ.1.1.34 OR BQ.1.1.35 OR BQ.1.1.36 OR BQ.1.2 OR BQ.1.3 OR BQ.1.4 OR BQ.1.5 OR BQ.1.6 OR BQ.1.7 OR BQ.1.8 OR BQ.1.8.1 OR BQ.1.8.2 OR BQ.1.9 OR BQ.1.10 OR BQ.1.10.1 OR BQ.1.11 OR BQ.1.12 OR BQ.1.13 OR BQ.1.13.1 OR BQ.1.14 OR BQ.1.15 OR BQ.1.16 OR BQ.1.17 OR BQ.1.18 OR BQ.1.19 OR BQ.1.20 OR BQ.1.21 OR BQ.1.22 OR BQ.1.23 OR BQ.1.24 OR BQ.1.25 OR BQ.1.25.1 OR BQ.1.26 OR BQ.1.26.1 OR BQ.1.27 OR BQ.1.28 OR BQ.2 OR BR.1 OR BR.1.1 OR BR.1.2 OR BR.2 OR BR.2.1 OR BR.3 OR BR.4 OR BS.1 OR BS.1.1 OR BS.1.2 OR BT.1 OR BT.2 OR BU.1 OR BU.2 OR BU.3 OR BV.1 OR BV.2 OR BW.1 OR BW.1.1 OR BY.1 OR BY.1.1 OR BY.1.1.1 OR BY.1.2 OR BY.1.2.1 OR BZ.1 OR CA.1 OR CA.2 OR CA.3 OR CA.3.1 OR CA.4 OR CA.5 OR CA.6 OR CA.7 OR CB.1 OR CC.1 OR CD.1 OR CD.2 OR CE.1 OR CF.1 OR CG.1 OR CH.1 OR CH.1.1 OR CH.1.1.1 OR CH.1.1.2 OR CH.1.1.3 OR CH.1.1.4 OR CH.1.1.5 OR CH.2 OR CH.3 OR CH.3.1 OR CJ.1 OR CJ.1.1 OR CK.1 OR CK.1.1 OR CK.1.2 OR CK.2 OR CK.2.1 OR CK.2.1.1 OR CK.3 OR CL.1 OR CM.1 OR CM.2 OR CM.2.1 OR CM.3 OR CM.4 OR CM.4.1 OR CM.5 OR CM.5.1 OR CM.5.2 OR CM.6 OR CM.6.1 OR CM.7 OR CM.8 OR CM.8.1 OR CM.9 OR CM.10 OR CM.11 OR CM.12 OR CN.1 OR CN.2 OR CP.1 OR CP.1.1 OR CP.1.2 OR CP.1.3 OR CP.2 OR CP.3 OR CP.4 OR CP.5 OR CP.6 OR CQ.1 OR CQ.1.1 OR CQ.2 OR CR.1 OR CR.1.1 OR CR.1.2 OR CR.1.3 OR CR.2 OR CS.1 OR CT.1 OR CU.1 OR CV.1 OR CV.2 OR CW.1 OR CY.1 OR CZ.1 OR DA.1 OR DB.1 OR DB.2 OR DC.1 OR DD.1 OR DE.1 OR DE.2 OR DF.1 OR DF.1.1 OR DG.1 OR DH.1 OR DJ.1 OR DJ.1.1 OR DJ.1.2 OR DJ.1.3 OR DK.1 OR DL.1 OR DM.1 OR DN.1 OR DN.1.1 OR DP.1 OR DQ.1 OR DR.1 OR DS.1 OR DT.1 OR DU.1 OR DV.1,Omicron,2.21428571428571,1.92857142857143,0.870967741935484
2022-04-08,1,1,1.42857142857143,1.28571428571429,0.9,0.146746316309575,0.999614419019244,B.1.1.529 OR BA.1 OR BA.1.1 OR BA.1.1.1 OR BA.1.1.2 OR BA.1.1.3 OR BA.1.1.4 OR BA.1.1.5 OR BA.1.1.6 OR BA.1.1.7 OR BA.1.1.8 OR BA.1.1.9 OR BA.1.1.10 OR BA.1.1.11 OR BA.1.1.12 OR BA.1.1.13 OR BA.1.1.14 OR BA.1.1.15 OR BA.1.1.16 OR BA.1.1.17 OR BA.1.1.18 OR BA.1.2 OR BA.1.3 OR BA.1.4 OR BA.1.5 OR BA.1.6 OR BA.1.7 OR BA.1.8 OR BA.1.9 OR BA.1.10 OR BA.1.12 OR BA.1.13 OR BA.1.13.1 OR BA.1.14 OR BA.1.14.1 OR BA.1.14.2 OR BA.1.15 OR BA.1.15.1 OR BA.1.15.2 OR BA.1.15.3 OR BA.1.16 OR BA.1.16.1 OR BA.1.16.2 OR BA.1.17 OR BA.1.17.1 OR BA.1.17.2 OR BA.1.18 OR BA.1.19 OR BA.1.20 OR BA.1.21 OR BA.1.21.1 OR BA.1.22 OR BA.1.23 OR BA.1.24 OR BA.2 OR BA.2.1 OR BA.2.2 OR BA.2.2.1 OR BA.2.3 OR BA.2.3.1 OR BA.2.3.2 OR BA.2.3.4 OR BA.2.3.5 OR BA.2.3.6 OR BA.2.3.7 OR BA.2.3.8 OR BA.2.3.9 OR BA.2.3.10 OR BA.2.3.11 OR BA.2.3.12 OR BA.2.3.13 OR BA.2.3.14 OR BA.2.3.15 OR BA.2.3.16 OR BA.2.3.17 OR BA.2.3.18 OR BA.2.3.19 OR BA.2.3.20 OR BA.2.3.21 OR BA.2.3.22 OR BA.2.4 OR BA.2.5 OR BA.2.6 OR BA.2.7 OR BA.2.8 OR BA.2.9 OR BA.2.9.1 OR BA.2.9.2 OR BA.2.9.3 OR BA.2.9.4 OR BA.2.9.5 OR BA.2.9.6 OR BA.2.9.7 OR BA.2.10 OR BA.2.10.1 OR BA.2.10.2 OR BA.2.10.3 OR BA.2.10.4 OR BA.2.11 OR BA.2.12 OR BA.2.12.1 OR BA.2.12.2 OR BA.2.13 OR BA.2.13.1 OR BA.2.14 OR BA.2.15 OR BA.2.16 OR BA.2.17 OR BA.2.18 OR BA.2.19 OR BA.2.20 OR BA.2.21 OR BA.2.22 OR BA.2.23 OR BA.2.23.1 OR BA.2.24 OR BA.2.25 OR BA.2.25.1 OR BA.2.26 OR BA.2.27 OR BA.2.28 OR BA.2.29 OR BA.2.30 OR BA.2.31 OR BA.2.31.1 OR BA.2.32 OR BA.2.33 OR BA.2.34 OR BA.2.35 OR BA.2.36 OR BA.2.37 OR BA.2.38 OR BA.2.38.1 OR BA.2.38.2 OR BA.2.38.3 OR BA.2.38.4 OR BA.2.39 OR BA.2.40 OR BA.2.40.1 OR BA.2.41 OR BA.2.42 OR BA.2.43 OR BA.2.44 OR BA.2.45 OR BA.2.46 OR BA.2.47 OR BA.2.48 OR BA.2.49 OR BA.2.50 OR BA.2.51 OR BA.2.52 OR BA.2.53 OR BA.2.54 OR BA.2.55 OR BA.2.56 OR BA.2.56.1 OR BA.2.57 OR BA.2.58 OR BA.2.59 OR BA.2.60 OR BA.2.61 OR BA.2.62 OR BA.2.63 OR BA.2.64 OR BA.2.65 OR BA.2.66 OR BA.2.67 OR BA.2.68 OR BA.2.69 OR BA.2.70 OR BA.2.71 OR BA.2.72 OR BA.2.73 OR BA.2.74 OR BA.2.75 OR BA.2.75.1 OR BA.2.75.2 OR BA.2.75.3 OR BA.2.75.4 OR BA.2.75.5 OR BA.2.75.6 OR BA.2.75.7 OR BA.2.75.8 OR BA.2.75.9 OR BA.2.75.10 OR BA.2.76 OR BA.2.76.1 OR BA.2.76.2 OR BA.2.77 OR BA.2.78 OR BA.2.79 OR BA.2.79.1 OR BA.2.80 OR BA.2.81 OR BA.2.82 OR BA.2.83 OR BA.2.85 OR BA.3 OR BA.3.1 OR BA.4 OR BA.4.1 OR BA.4.1.1 OR BA.4.1.2 OR BA.4.1.3 OR BA.4.1.4 OR BA.4.1.5 OR BA.4.1.6 OR BA.4.1.7 OR BA.4.1.8 OR BA.4.1.9 OR BA.4.1.10 OR BA.4.2 OR BA.4.3 OR BA.4.4 OR BA.4.5 OR BA.4.6 OR BA.4.6.1 OR BA.4.6.2 OR BA.4.6.3 OR BA.4.6.4 OR BA.4.6.5 OR BA.4.7 OR BA.4.8 OR BA.5 OR BA.5.1 OR BA.5.1.1 OR BA.5.1.2 OR BA.5.1.3 OR BA.5.1.4 OR BA.5.1.5 OR BA.5.1.6 OR BA.5.1.7 OR BA.5.1.8 OR BA.5.1.9 OR BA.5.1.10 OR BA.5.1.11 OR BA.5.1.12 OR BA.5.1.14 OR BA.5.1.15 OR BA.5.1.16 OR BA.5.1.17 OR BA.5.1.18 OR BA.5.1.19 OR BA.5.1.20 OR BA.5.1.21 OR BA.5.1.22 OR BA.5.1.23 OR BA.5.1.24 OR BA.5.1.25 OR BA.5.1.26 OR BA.5.1.27 OR BA.5.1.28 OR BA.5.1.29 OR BA.5.1.30 OR BA.5.1.31 OR BA.5.1.32 OR BA.5.2 OR BA.5.2.1 OR BA.5.2.2 OR BA.5.2.3 OR BA.5.2.4 OR BA.5.2.5 OR BA.5.2.6 OR BA.5.2.7 OR BA.5.2.8 OR BA.5.2.9 OR BA.5.2.10 OR BA.5.2.11 OR BA.5.2.12 OR BA.5.2.13 OR BA.5.2.14 OR BA.5.2.16 OR BA.5.2.18 OR BA.5.2.19 OR BA.5.2.20 OR BA.5.2.21 OR BA.5.2.22 OR BA.5.2.23 OR BA.5.2.24 OR BA.5.2.25 OR BA.5.2.26 OR BA.5.2.27 OR BA.5.2.28 OR BA.5.2.29 OR BA.5.2.30 OR BA.5.2.31 OR BA.5.2.32 OR BA.5.2.33 OR BA.5.2.34 OR BA.5.2.35 OR BA.5.2.36 OR BA.5.2.37 OR BA.5.2.38 OR BA.5.2.39 OR BA.5.2.40 OR BA.5.2.41 OR BA.5.2.42 OR BA.5.2.43 OR BA.5.2.44 OR BA.5.2.45 OR BA.5.2.46 OR BA.5.2.47 OR BA.5.2.48 OR BA.5.2.49 OR BA.5.3 OR BA.5.3.1 OR BA.5.3.2 OR BA.5.3.3 OR BA.5.3.4 OR BA.5.3.5 OR BA.5.5 OR BA.5.5.1 OR BA.5.5.2 OR BA.5.5.3 OR BA.5.6 OR BA.5.6.1 OR BA.5.6.2 OR BA.5.6.3 OR BA.5.6.4 OR BA.5.7 OR BA.5.8 OR BA.5.9 OR BA.5.10 OR BA.5.10.1 OR BA.5.11 OR BC.1 OR BC.2 OR BD.1 OR BE.1 OR BE.1.1 OR BE.1.1.1 OR BE.1.1.2 OR BE.1.2 OR BE.1.2.1 OR BE.1.3 OR BE.1.4 OR BE.1.4.1 OR BE.1.4.2 OR BE.1.4.3 OR BE.1.4.4 OR BE.2 OR BE.3 OR BE.4 OR BE.4.1 OR BE.4.1.1 OR BE.4.2 OR BE.5 OR BE.6 OR BE.7 OR BE.8 OR BE.9 OR BE.10 OR BF.1 OR BF.1.1 OR BF.2 OR BF.3 OR BF.3.1 OR BF.4 OR BF.5 OR BF.5.1 OR BF.5.2 OR BF.6 OR BF.7 OR BF.7.1 OR BF.7.2 OR BF.7.3 OR BF.7.4 OR BF.7.4.1 OR BF.7.4.2 OR BF.7.5 OR BF.7.5.1 OR BF.7.6 OR BF.7.7 OR BF.7.8 OR BF.7.9 OR BF.7.10 OR BF.7.11 OR BF.7.12 OR BF.7.13 OR BF.7.13.1 OR BF.7.13.2 OR BF.7.14 OR BF.7.15 OR BF.8 OR BF.9 OR BF.10 OR BF.10.1 OR BF.11 OR BF.11.1 OR BF.11.2 OR BF.11.3 OR BF.11.4 OR BF.11.5 OR BF.12 OR BF.13 OR BF.14 OR BF.15 OR BF.16 OR BF.17 OR BF.18 OR BF.19 OR BF.20 OR BF.21 OR BF.22 OR BF.23 OR BF.24 OR BF.25 OR BF.26 OR BF.27 OR BF.28 OR BF.29 OR BF.30 OR BF.31 OR BF.31.1 OR BF.32 OR BF.33 OR BF.34 OR BG.1 OR BG.2 OR BG.3 OR BG.4 OR BG.5 OR BG.6 OR BG.7 OR BH.1 OR BJ.1 OR BK.1 OR BL.1 OR BL.1.1 OR BL.1.2 OR BL.1.3 OR BL.1.4 OR BL.2 OR BL.2.1 OR BL.3 OR BL.4 OR BL.5 OR BL.6 OR BM.1 OR BM.1.1 OR BM.1.1.1 OR BM.1.1.2 OR BM.1.1.3 OR BM.1.1.4 OR BM.1.1.5 OR BM.2 OR BM.2.1 OR BM.2.2 OR BM.2.3 OR BM.3 OR BM.4 OR BM.4.1 OR BM.4.1.1 OR BM.5 OR BM.6 OR BN.1 OR BN.1.1 OR BN.1.1.1 OR BN.1.2 OR BN.1.2.1 OR BN.1.3 OR BN.1.3.1 OR BN.1.3.2 OR BN.1.3.3 OR BN.1.3.4 OR BN.1.4 OR BN.1.4.1 OR BN.1.5 OR BN.1.5.1 OR BN.1.6 OR BN.1.7 OR BN.1.8 OR BN.1.9 OR BN.2 OR BN.2.1 OR BN.3 OR BN.3.1 OR BN.4 OR BN.5 OR BN.6 OR BP.1 OR BQ.1 OR BQ.1.1 OR BQ.1.1.1 OR BQ.1.1.2 OR BQ.1.1.3 OR BQ.1.1.4 OR BQ.1.1.5 OR BQ.1.1.6 OR BQ.1.1.7 OR BQ.1.1.8 OR BQ.1.1.9 OR BQ.1.1.10 OR BQ.1.1.11 OR BQ.1.1.12 OR BQ.1.1.13 OR BQ.1.1.14 OR BQ.1.1.15 OR BQ.1.1.16 OR BQ.1.1.17 OR BQ.1.1.18 OR BQ.1.1.19 OR BQ.1.1.20 OR BQ.1.1.21 OR BQ.1.1.22 OR BQ.1.1.23 OR BQ.1.1.24 OR BQ.1.1.25 OR BQ.1.1.26 OR BQ.1.1.27 OR BQ.1.1.28 OR BQ.1.1.29 OR BQ.1.1.30 OR BQ.1.1.31 OR BQ.1.1.32 OR BQ.1.1.34 OR BQ.1.1.35 OR BQ.1.1.36 OR BQ.1.2 OR BQ.1.3 OR BQ.1.4 OR BQ.1.5 OR BQ.1.6 OR BQ.1.7 OR BQ.1.8 OR BQ.1.8.1 OR BQ.1.8.2 OR BQ.1.9 OR BQ.1.10 OR BQ.1.10.1 OR BQ.1.11 OR BQ.1.12 OR BQ.1.13 OR BQ.1.13.1 OR BQ.1.14 OR BQ.1.15 OR BQ.1.16 OR BQ.1.17 OR BQ.1.18 OR BQ.1.19 OR BQ.1.20 OR BQ.1.21 OR BQ.1.22 OR BQ.1.23 OR BQ.1.24 OR BQ.1.25 OR BQ.1.25.1 OR BQ.1.26 OR BQ.1.26.1 OR BQ.1.27 OR BQ.1.28 OR BQ.2 OR BR.1 OR BR.1.1 OR BR.1.2 OR BR.2 OR BR.2.1 OR BR.3 OR BR.4 OR BS.1 OR BS.1.1 OR BS.1.2 OR BT.1 OR BT.2 OR BU.1 OR BU.2 OR BU.3 OR BV.1 OR BV.2 OR BW.1 OR BW.1.1 OR BY.1 OR BY.1.1 OR BY.1.1.1 OR BY.1.2 OR BY.1.2.1 OR BZ.1 OR CA.1 OR CA.2 OR CA.3 OR CA.3.1 OR CA.4 OR CA.5 OR CA.6 OR CA.7 OR CB.1 OR CC.1 OR CD.1 OR CD.2 OR CE.1 OR CF.1 OR CG.1 OR CH.1 OR CH.1.1 OR CH.1.1.1 OR CH.1.1.2 OR CH.1.1.3 OR CH.1.1.4 OR CH.1.1.5 OR CH.2 OR CH.3 OR CH.3.1 OR CJ.1 OR CJ.1.1 OR CK.1 OR CK.1.1 OR CK.1.2 OR CK.2 OR CK.2.1 OR CK.2.1.1 OR CK.3 OR CL.1 OR CM.1 OR CM.2 OR CM.2.1 OR CM.3 OR CM.4 OR CM.4.1 OR CM.5 OR CM.5.1 OR CM.5.2 OR CM.6 OR CM.6.1 OR CM.7 OR CM.8 OR CM.8.1 OR CM.9 OR CM.10 OR CM.11 OR CM.12 OR CN.1 OR CN.2 OR CP.1 OR CP.1.1 OR CP.1.2 OR CP.1.3 OR CP.2 OR CP.3 OR CP.4 OR CP.5 OR CP.6 OR CQ.1 OR CQ.1.1 OR CQ.2 OR CR.1 OR CR.1.1 OR CR.1.2 OR CR.1.3 OR CR.2 OR CS.1 OR CT.1 OR CU.1 OR CV.1 OR CV.2 OR CW.1 OR CY.1 OR CZ.1 OR DA.1 OR DB.1 OR DB.2 OR DC.1 OR DD.1 OR DE.1 OR DE.2 OR DF.1 OR DF.1.1 OR DG.1 OR DH.1 OR DJ.1 OR DJ.1.1 OR DJ.1.2 OR DJ.1.3 OR DK.1 OR DL.1 OR DM.1 OR DN.1 OR DN.1.1 OR DP.1 OR DQ.1 OR DR.1 OR DS.1 OR DT.1 OR DU.1 OR DV.1,Omicron,2.21428571428571,1.92857142857143,0.870967741935484
2022-04-09,1,1,1.42857142857143,1.28571428571429,0.9,0.146746316309575,0.999614419019244,B.1.1.529 OR BA.1 OR BA.1.1 OR BA.1.1.1 OR BA.1.1.2 OR BA.1.1.3 OR BA.1.1.4 OR BA.1.1.5 OR BA.1.1.6 OR BA.1.1.7 OR BA.1.1.8 OR BA.1.1.9 OR BA.1.1.10 OR BA.1.1.11 OR BA.1.1.12 OR BA.1.1.13 OR BA.1.1.14 OR BA.1.1.15 OR BA.1.1.16 OR BA.1.1.17 OR BA.1.1.18 OR BA.1.2 OR BA.1.3 OR BA.1.4 OR BA.1.5 OR BA.1.6 OR BA.1.7 OR BA.1.8 OR BA.1.9 OR BA.1.10 OR BA.1.12 OR BA.1.13 OR BA.1.13.1 OR BA.1.14 OR BA.1.14.1 OR BA.1.14.2 OR BA.1.15 OR BA.1.15.1 OR BA.1.15.2 OR BA.1.15.3 OR BA.1.16 OR BA.1.16.1 OR BA.1.16.2 OR BA.1.17 OR BA.1.17.1 OR BA.1.17.2 OR BA.1.18 OR BA.1.19 OR BA.1.20 OR BA.1.21 OR BA.1.21.1 OR BA.1.22 OR BA.1.23 OR BA.1.24 OR BA.2 OR BA.2.1 OR BA.2.2 OR BA.2.2.1 OR BA.2.3 OR BA.2.3.1 OR BA.2.3.2 OR BA.2.3.4 OR BA.2.3.5 OR BA.2.3.6 OR BA.2.3.7 OR BA.2.3.8 OR BA.2.3.9 OR BA.2.3.10 OR BA.2.3.11 OR BA.2.3.12 OR BA.2.3.13 OR BA.2.3.14 OR BA.2.3.15 OR BA.2.3.16 OR BA.2.3.17 OR BA.2.3.18 OR BA.2.3.19 OR BA.2.3.20 OR BA.2.3.21 OR BA.2.3.22 OR BA.2.4 OR BA.2.5 OR BA.2.6 OR BA.2.7 OR BA.2.8 OR BA.2.9 OR BA.2.9.1 OR BA.2.9.2 OR BA.2.9.3 OR BA.2.9.4 OR BA.2.9.5 OR BA.2.9.6 OR BA.2.9.7 OR BA.2.10 OR BA.2.10.1 OR BA.2.10.2 OR BA.2.10.3 OR BA.2.10.4 OR BA.2.11 OR BA.2.12 OR BA.2.12.1 OR BA.2.12.2 OR BA.2.13 OR BA.2.13.1 OR BA.2.14 OR BA.2.15 OR BA.2.16 OR BA.2.17 OR BA.2.18 OR BA.2.19 OR BA.2.20 OR BA.2.21 OR BA.2.22 OR BA.2.23 OR BA.2.23.1 OR BA.2.24 OR BA.2.25 OR BA.2.25.1 OR BA.2.26 OR BA.2.27 OR BA.2.28 OR BA.2.29 OR BA.2.30 OR BA.2.31 OR BA.2.31.1 OR BA.2.32 OR BA.2.33 OR BA.2.34 OR BA.2.35 OR BA.2.36 OR BA.2.37 OR BA.2.38 OR BA.2.38.1 OR BA.2.38.2 OR BA.2.38.3 OR BA.2.38.4 OR BA.2.39 OR BA.2.40 OR BA.2.40.1 OR BA.2.41 OR BA.2.42 OR BA.2.43 OR BA.2.44 OR BA.2.45 OR BA.2.46 OR BA.2.47 OR BA.2.48 OR BA.2.49 OR BA.2.50 OR BA.2.51 OR BA.2.52 OR BA.2.53 OR BA.2.54 OR BA.2.55 OR BA.2.56 OR BA.2.56.1 OR BA.2.57 OR BA.2.58 OR BA.2.59 OR BA.2.60 OR BA.2.61 OR BA.2.62 OR BA.2.63 OR BA.2.64 OR BA.2.65 OR BA.2.66 OR BA.2.67 OR BA.2.68 OR BA.2.69 OR BA.2.70 OR BA.2.71 OR BA.2.72 OR BA.2.73 OR BA.2.74 OR BA.2.75 OR BA.2.75.1 OR BA.2.75.2 OR BA.2.75.3 OR BA.2.75.4 OR BA.2.75.5 OR BA.2.75.6 OR BA.2.75.7 OR BA.2.75.8 OR BA.2.75.9 OR BA.2.75.10 OR BA.2.76 OR BA.2.76.1 OR BA.2.76.2 OR BA.2.77 OR BA.2.78 OR BA.2.79 OR BA.2.79.1 OR BA.2.80 OR BA.2.81 OR BA.2.82 OR BA.2.83 OR BA.2.85 OR BA.3 OR BA.3.1 OR BA.4 OR BA.4.1 OR BA.4.1.1 OR BA.4.1.2 OR BA.4.1.3 OR BA.4.1.4 OR BA.4.1.5 OR BA.4.1.6 OR BA.4.1.7 OR BA.4.1.8 OR BA.4.1.9 OR BA.4.1.10 OR BA.4.2 OR BA.4.3 OR BA.4.4 OR BA.4.5 OR BA.4.6 OR BA.4.6.1 OR BA.4.6.2 OR BA.4.6.3 OR BA.4.6.4 OR BA.4.6.5 OR BA.4.7 OR BA.4.8 OR BA.5 OR BA.5.1 OR BA.5.1.1 OR BA.5.1.2 OR BA.5.1.3 OR BA.5.1.4 OR BA.5.1.5 OR BA.5.1.6 OR BA.5.1.7 OR BA.5.1.8 OR BA.5.1.9 OR BA.5.1.10 OR BA.5.1.11 OR BA.5.1.12 OR BA.5.1.14 OR BA.5.1.15 OR BA.5.1.16 OR BA.5.1.17 OR BA.5.1.18 OR BA.5.1.19 OR BA.5.1.20 OR BA.5.1.21 OR BA.5.1.22 OR BA.5.1.23 OR BA.5.1.24 OR BA.5.1.25 OR BA.5.1.26 OR BA.5.1.27 OR BA.5.1.28 OR BA.5.1.29 OR BA.5.1.30 OR BA.5.1.31 OR BA.5.1.32 OR BA.5.2 OR BA.5.2.1 OR BA.5.2.2 OR BA.5.2.3 OR BA.5.2.4 OR BA.5.2.5 OR BA.5.2.6 OR BA.5.2.7 OR BA.5.2.8 OR BA.5.2.9 OR BA.5.2.10 OR BA.5.2.11 OR BA.5.2.12 OR BA.5.2.13 OR BA.5.2.14 OR BA.5.2.16 OR BA.5.2.18 OR BA.5.2.19 OR BA.5.2.20 OR BA.5.2.21 OR BA.5.2.22 OR BA.5.2.23 OR BA.5.2.24 OR BA.5.2.25 OR BA.5.2.26 OR BA.5.2.27 OR BA.5.2.28 OR BA.5.2.29 OR BA.5.2.30 OR BA.5.2.31 OR BA.5.2.32 OR BA.5.2.33 OR BA.5.2.34 OR BA.5.2.35 OR BA.5.2.36 OR BA.5.2.37 OR BA.5.2.38 OR BA.5.2.39 OR BA.5.2.40 OR BA.5.2.41 OR BA.5.2.42 OR BA.5.2.43 OR BA.5.2.44 OR BA.5.2.45 OR BA.5.2.46 OR BA.5.2.47 OR BA.5.2.48 OR BA.5.2.49 OR BA.5.3 OR BA.5.3.1 OR BA.5.3.2 OR BA.5.3.3 OR BA.5.3.4 OR BA.5.3.5 OR BA.5.5 OR BA.5.5.1 OR BA.5.5.2 OR BA.5.5.3 OR BA.5.6 OR BA.5.6.1 OR BA.5.6.2 OR BA.5.6.3 OR BA.5.6.4 OR BA.5.7 OR BA.5.8 OR BA.5.9 OR BA.5.10 OR BA.5.10.1 OR BA.5.11 OR BC.1 OR BC.2 OR BD.1 OR BE.1 OR BE.1.1 OR BE.1.1.1 OR BE.1.1.2 OR BE.1.2 OR BE.1.2.1 OR BE.1.3 OR BE.1.4 OR BE.1.4.1 OR BE.1.4.2 OR BE.1.4.3 OR BE.1.4.4 OR BE.2 OR BE.3 OR BE.4 OR BE.4.1 OR BE.4.1.1 OR BE.4.2 OR BE.5 OR BE.6 OR BE.7 OR BE.8 OR BE.9 OR BE.10 OR BF.1 OR BF.1.1 OR BF.2 OR BF.3 OR BF.3.1 OR BF.4 OR BF.5 OR BF.5.1 OR BF.5.2 OR BF.6 OR BF.7 OR BF.7.1 OR BF.7.2 OR BF.7.3 OR BF.7.4 OR BF.7.4.1 OR BF.7.4.2 OR BF.7.5 OR BF.7.5.1 OR BF.7.6 OR BF.7.7 OR BF.7.8 OR BF.7.9 OR BF.7.10 OR BF.7.11 OR BF.7.12 OR BF.7.13 OR BF.7.13.1 OR BF.7.13.2 OR BF.7.14 OR BF.7.15 OR BF.8 OR BF.9 OR BF.10 OR BF.10.1 OR BF.11 OR BF.11.1 OR BF.11.2 OR BF.11.3 OR BF.11.4 OR BF.11.5 OR BF.12 OR BF.13 OR BF.14 OR BF.15 OR BF.16 OR BF.17 OR BF.18 OR BF.19 OR BF.20 OR BF.21 OR BF.22 OR BF.23 OR BF.24 OR BF.25 OR BF.26 OR BF.27 OR BF.28 OR BF.29 OR BF.30 OR BF.31 OR BF.31.1 OR BF.32 OR BF.33 OR BF.34 OR BG.1 OR BG.2 OR BG.3 OR BG.4 OR BG.5 OR BG.6 OR BG.7 OR BH.1 OR BJ.1 OR BK.1 OR BL.1 OR BL.1.1 OR BL.1.2 OR BL.1.3 OR BL.1.4 OR BL.2 OR BL.2.1 OR BL.3 OR BL.4 OR BL.5 OR BL.6 OR BM.1 OR BM.1.1 OR BM.1.1.1 OR BM.1.1.2 OR BM.1.1.3 OR BM.1.1.4 OR BM.1.1.5 OR BM.2 OR BM.2.1 OR BM.2.2 OR BM.2.3 OR BM.3 OR BM.4 OR BM.4.1 OR BM.4.1.1 OR BM.5 OR BM.6 OR BN.1 OR BN.1.1 OR BN.1.1.1 OR BN.1.2 OR BN.1.2.1 OR BN.1.3 OR BN.1.3.1 OR BN.1.3.2 OR BN.1.3.3 OR BN.1.3.4 OR BN.1.4 OR BN.1.4.1 OR BN.1.5 OR BN.1.5.1 OR BN.1.6 OR BN.1.7 OR BN.1.8 OR BN.1.9 OR BN.2 OR BN.2.1 OR BN.3 OR BN.3.1 OR BN.4 OR BN.5 OR BN.6 OR BP.1 OR BQ.1 OR BQ.1.1 OR BQ.1.1.1 OR BQ.1.1.2 OR BQ.1.1.3 OR BQ.1.1.4 OR BQ.1.1.5 OR BQ.1.1.6 OR BQ.1.1.7 OR BQ.1.1.8 OR BQ.1.1.9 OR BQ.1.1.10 OR BQ.1.1.11 OR BQ.1.1.12 OR BQ.1.1.13 OR BQ.1.1.14 OR BQ.1.1.15 OR BQ.1.1.16 OR BQ.1.1.17 OR BQ.1.1.18 OR BQ.1.1.19 OR BQ.1.1.20 OR BQ.1.1.21 OR BQ.1.1.22 OR BQ.1.1.23 OR BQ.1.1.24 OR BQ.1.1.25 OR BQ.1.1.26 OR BQ.1.1.27 OR BQ.1.1.28 OR BQ.1.1.29 OR BQ.1.1.30 OR BQ.1.1.31 OR BQ.1.1.32 OR BQ.1.1.34 OR BQ.1.1.35 OR BQ.1.1.36 OR BQ.1.2 OR BQ.1.3 OR BQ.1.4 OR BQ.1.5 OR BQ.1.6 OR BQ.1.7 OR BQ.1.8 OR BQ.1.8.1 OR BQ.1.8.2 OR BQ.1.9 OR BQ.1.10 OR BQ.1.10.1 OR BQ.1.11 OR BQ.1.12 OR BQ.1.13 OR BQ.1.13.1 OR BQ.1.14 OR BQ.1.15 OR BQ.1.16 OR BQ.1.17 OR BQ.1.18 OR BQ.1.19 OR BQ.1.20 OR BQ.1.21 OR BQ.1.22 OR BQ.1.23 OR BQ.1.24 OR BQ.1.25 OR BQ.1.25.1 OR BQ.1.26 OR BQ.1.26.1 OR BQ.1.27 OR BQ.1.28 OR BQ.2 OR BR.1 OR BR.1.1 OR BR.1.2 OR BR.2 OR BR.2.1 OR BR.3 OR BR.4 OR BS.1 OR BS.1.1 OR BS.1.2 OR BT.1 OR BT.2 OR BU.1 OR BU.2 OR BU.3 OR BV.1 OR BV.2 OR BW.1 OR BW.1.1 OR BY.1 OR BY.1.1 OR BY.1.1.1 OR BY.1.2 OR BY.1.2.1 OR BZ.1 OR CA.1 OR CA.2 OR CA.3 OR CA.3.1 OR CA.4 OR CA.5 OR CA.6 OR CA.7 OR CB.1 OR CC.1 OR CD.1 OR CD.2 OR CE.1 OR CF.1 OR CG.1 OR CH.1 OR CH.1.1 OR CH.1.1.1 OR CH.1.1.2 OR CH.1.1.3 OR CH.1.1.4 OR CH.1.1.5 OR CH.2 OR CH.3 OR CH.3.1 OR CJ.1 OR CJ.1.1 OR CK.1 OR CK.1.1 OR CK.1.2 OR CK.2 OR CK.2.1 OR CK.2.1.1 OR CK.3 OR CL.1 OR CM.1 OR CM.2 OR CM.2.1 OR CM.3 OR CM.4 OR CM.4.1 OR CM.5 OR CM.5.1 OR CM.5.2 OR CM.6 OR CM.6.1 OR CM.7 OR CM.8 OR CM.8.1 OR CM.9 OR CM.10 OR CM.11 OR CM.12 OR CN.1 OR CN.2 OR CP.1 OR CP.1.1 OR CP.1.2 OR CP.1.3 OR CP.2 OR CP.3 OR CP.4 OR CP.5 OR CP.6 OR CQ.1 OR CQ.1.1 OR CQ.2 OR CR.1 OR CR.1.1 OR CR.1.2 OR CR.1.3 OR CR.2 OR CS.1 OR CT.1 OR CU.1 OR CV.1 OR CV.2 OR CW.1 OR CY.1 OR CZ.1 OR DA.1 OR DB.1 OR DB.2 OR DC.1 OR DD.1 OR DE.1 OR DE.2 OR DF.1 OR DF.1.1 OR DG.1 OR DH.1 OR DJ.1 OR DJ.1.1 OR DJ.1.2 OR DJ.1.3 OR DK.1 OR DL.1 OR DM.1 OR DN.1 OR DN.1.1 OR DP.1 OR DQ.1 OR DR.1 OR DS.1 OR DT.1 OR DU.1 OR DV.1,Omicron,2.14285714285714,1.85714285714286,0.866666666666667
2022-04-10,1,1,1.42857142857143,1.28571428571429,0.9,0.146746316309575,0.999614419019244,B.1.1.529 OR BA.1 OR BA.1.1 OR BA.1.1.1 OR BA.1.1.2 OR BA.1.1.3 OR BA.1.1.4 OR BA.1.1.5 OR BA.1.1.6 OR BA.1.1.7 OR BA.1.1.8 OR BA.1.1.9 OR BA.1.1.10 OR BA.1.1.11 OR BA.1.1.12 OR BA.1.1.13 OR BA.1.1.14 OR BA.1.1.15 OR BA.1.1.16 OR BA.1.1.17 OR BA.1.1.18 OR BA.1.2 OR BA.1.3 OR BA.1.4 OR BA.1.5 OR BA.1.6 OR BA.1.7 OR BA.1.8 OR BA.1.9 OR BA.1.10 OR BA.1.12 OR BA.1.13 OR BA.1.13.1 OR BA.1.14 OR BA.1.14.1 OR BA.1.14.2 OR BA.1.15 OR BA.1.15.1 OR BA.1.15.2 OR BA.1.15.3 OR BA.1.16 OR BA.1.16.1 OR BA.1.16.2 OR BA.1.17 OR BA.1.17.1 OR BA.1.17.2 OR BA.1.18 OR BA.1.19 OR BA.1.20 OR BA.1.21 OR BA.1.21.1 OR BA.1.22 OR BA.1.23 OR BA.1.24 OR BA.2 OR BA.2.1 OR BA.2.2 OR BA.2.2.1 OR BA.2.3 OR BA.2.3.1 OR BA.2.3.2 OR BA.2.3.4 OR BA.2.3.5 OR BA.2.3.6 OR BA.2.3.7 OR BA.2.3.8 OR BA.2.3.9 OR BA.2.3.10 OR BA.2.3.11 OR BA.2.3.12 OR BA.2.3.13 OR BA.2.3.14 OR BA.2.3.15 OR BA.2.3.16 OR BA.2.3.17 OR BA.2.3.18 OR BA.2.3.19 OR BA.2.3.20 OR BA.2.3.21 OR BA.2.3.22 OR BA.2.4 OR BA.2.5 OR BA.2.6 OR BA.2.7 OR BA.2.8 OR BA.2.9 OR BA.2.9.1 OR BA.2.9.2 OR BA.2.9.3 OR BA.2.9.4 OR BA.2.9.5 OR BA.2.9.6 OR BA.2.9.7 OR BA.2.10 OR BA.2.10.1 OR BA.2.10.2 OR BA.2.10.3 OR BA.2.10.4 OR BA.2.11 OR BA.2.12 OR BA.2.12.1 OR BA.2.12.2 OR BA.2.13 OR BA.2.13.1 OR BA.2.14 OR BA.2.15 OR BA.2.16 OR BA.2.17 OR BA.2.18 OR BA.2.19 OR BA.2.20 OR BA.2.21 OR BA.2.22 OR BA.2.23 OR BA.2.23.1 OR BA.2.24 OR BA.2.25 OR BA.2.25.1 OR BA.2.26 OR BA.2.27 OR BA.2.28 OR BA.2.29 OR BA.2.30 OR BA.2.31 OR BA.2.31.1 OR BA.2.32 OR BA.2.33 OR BA.2.34 OR BA.2.35 OR BA.2.36 OR BA.2.37 OR BA.2.38 OR BA.2.38.1 OR BA.2.38.2 OR BA.2.38.3 OR BA.2.38.4 OR BA.2.39 OR BA.2.40 OR BA.2.40.1 OR BA.2.41 OR BA.2.42 OR BA.2.43 OR BA.2.44 OR BA.2.45 OR BA.2.46 OR BA.2.47 OR BA.2.48 OR BA.2.49 OR BA.2.50 OR BA.2.51 OR BA.2.52 OR BA.2.53 OR BA.2.54 OR BA.2.55 OR BA.2.56 OR BA.2.56.1 OR BA.2.57 OR BA.2.58 OR BA.2.59 OR BA.2.60 OR BA.2.61 OR BA.2.62 OR BA.2.63 OR BA.2.64 OR BA.2.65 OR BA.2.66 OR BA.2.67 OR BA.2.68 OR BA.2.69 OR BA.2.70 OR BA.2.71 OR BA.2.72 OR BA.2.73 OR BA.2.74 OR BA.2.75 OR BA.2.75.1 OR BA.2.75.2 OR BA.2.75.3 OR BA.2.75.4 OR BA.2.75.5 OR BA.2.75.6 OR BA.2.75.7 OR BA.2.75.8 OR BA.2.75.9 OR BA.2.75.10 OR BA.2.76 OR BA.2.76.1 OR BA.2.76.2 OR BA.2.77 OR BA.2.78 OR BA.2.79 OR BA.2.79.1 OR BA.2.80 OR BA.2.81 OR BA.2.82 OR BA.2.83 OR BA.2.85 OR BA.3 OR BA.3.1 OR BA.4 OR BA.4.1 OR BA.4.1.1 OR BA.4.1.2 OR BA.4.1.3 OR BA.4.1.4 OR BA.4.1.5 OR BA.4.1.6 OR BA.4.1.7 OR BA.4.1.8 OR BA.4.1.9 OR BA.4.1.10 OR BA.4.2 OR BA.4.3 OR BA.4.4 OR BA.4.5 OR BA.4.6 OR BA.4.6.1 OR BA.4.6.2 OR BA.4.6.3 OR BA.4.6.4 OR BA.4.6.5 OR BA.4.7 OR BA.4.8 OR BA.5 OR BA.5.1 OR BA.5.1.1 OR BA.5.1.2 OR BA.5.1.3 OR BA.5.1.4 OR BA.5.1.5 OR BA.5.1.6 OR BA.5.1.7 OR BA.5.1.8 OR BA.5.1.9 OR BA.5.1.10 OR BA.5.1.11 OR BA.5.1.12 OR BA.5.1.14 OR BA.5.1.15 OR BA.5.1.16 OR BA.5.1.17 OR BA.5.1.18 OR BA.5.1.19 OR BA.5.1.20 OR BA.5.1.21 OR BA.5.1.22 OR BA.5.1.23 OR BA.5.1.24 OR BA.5.1.25 OR BA.5.1.26 OR BA.5.1.27 OR BA.5.1.28 OR BA.5.1.29 OR BA.5.1.30 OR BA.5.1.31 OR BA.5.1.32 OR BA.5.2 OR BA.5.2.1 OR BA.5.2.2 OR BA.5.2.3 OR BA.5.2.4 OR BA.5.2.5 OR BA.5.2.6 OR BA.5.2.7 OR BA.5.2.8 OR BA.5.2.9 OR BA.5.2.10 OR BA.5.2.11 OR BA.5.2.12 OR BA.5.2.13 OR BA.5.2.14 OR BA.5.2.16 OR BA.5.2.18 OR BA.5.2.19 OR BA.5.2.20 OR BA.5.2.21 OR BA.5.2.22 OR BA.5.2.23 OR BA.5.2.24 OR BA.5.2.25 OR BA.5.2.26 OR BA.5.2.27 OR BA.5.2.28 OR BA.5.2.29 OR BA.5.2.30 OR BA.5.2.31 OR BA.5.2.32 OR BA.5.2.33 OR BA.5.2.34 OR BA.5.2.35 OR BA.5.2.36 OR BA.5.2.37 OR BA.5.2.38 OR BA.5.2.39 OR BA.5.2.40 OR BA.5.2.41 OR BA.5.2.42 OR BA.5.2.43 OR BA.5.2.44 OR BA.5.2.45 OR BA.5.2.46 OR BA.5.2.47 OR BA.5.2.48 OR BA.5.2.49 OR BA.5.3 OR BA.5.3.1 OR BA.5.3.2 OR BA.5.3.3 OR BA.5.3.4 OR BA.5.3.5 OR BA.5.5 OR BA.5.5.1 OR BA.5.5.2 OR BA.5.5.3 OR BA.5.6 OR BA.5.6.1 OR BA.5.6.2 OR BA.5.6.3 OR BA.5.6.4 OR BA.5.7 OR BA.5.8 OR BA.5.9 OR BA.5.10 OR BA.5.10.1 OR BA.5.11 OR BC.1 OR BC.2 OR BD.1 OR BE.1 OR BE.1.1 OR BE.1.1.1 OR BE.1.1.2 OR BE.1.2 OR BE.1.2.1 OR BE.1.3 OR BE.1.4 OR BE.1.4.1 OR BE.1.4.2 OR BE.1.4.3 OR BE.1.4.4 OR BE.2 OR BE.3 OR BE.4 OR BE.4.1 OR BE.4.1.1 OR BE.4.2 OR BE.5 OR BE.6 OR BE.7 OR BE.8 OR BE.9 OR BE.10 OR BF.1 OR BF.1.1 OR BF.2 OR BF.3 OR BF.3.1 OR BF.4 OR BF.5 OR BF.5.1 OR BF.5.2 OR BF.6 OR BF.7 OR BF.7.1 OR BF.7.2 OR BF.7.3 OR BF.7.4 OR BF.7.4.1 OR BF.7.4.2 OR BF.7.5 OR BF.7.5.1 OR BF.7.6 OR BF.7.7 OR BF.7.8 OR BF.7.9 OR BF.7.10 OR BF.7.11 OR BF.7.12 OR BF.7.13 OR BF.7.13.1 OR BF.7.13.2 OR BF.7.14 OR BF.7.15 OR BF.8 OR BF.9 OR BF.10 OR BF.10.1 OR BF.11 OR BF.11.1 OR BF.11.2 OR BF.11.3 OR BF.11.4 OR BF.11.5 OR BF.12 OR BF.13 OR BF.14 OR BF.15 OR BF.16 OR BF.17 OR BF.18 OR BF.19 OR BF.20 OR BF.21 OR BF.22 OR BF.23 OR BF.24 OR BF.25 OR BF.26 OR BF.27 OR BF.28 OR BF.29 OR BF.30 OR BF.31 OR BF.31.1 OR BF.32 OR BF.33 OR BF.34 OR BG.1 OR BG.2 OR BG.3 OR BG.4 OR BG.5 OR BG.6 OR BG.7 OR BH.1 OR BJ.1 OR BK.1 OR BL.1 OR BL.1.1 OR BL.1.2 OR BL.1.3 OR BL.1.4 OR BL.2 OR BL.2.1 OR BL.3 OR BL.4 OR BL.5 OR BL.6 OR BM.1 OR BM.1.1 OR BM.1.1.1 OR BM.1.1.2 OR BM.1.1.3 OR BM.1.1.4 OR BM.1.1.5 OR BM.2 OR BM.2.1 OR BM.2.2 OR BM.2.3 OR BM.3 OR BM.4 OR BM.4.1 OR BM.4.1.1 OR BM.5 OR BM.6 OR BN.1 OR BN.1.1 OR BN.1.1.1 OR BN.1.2 OR BN.1.2.1 OR BN.1.3 OR BN.1.3.1 OR BN.1.3.2 OR BN.1.3.3 OR BN.1.3.4 OR BN.1.4 OR BN.1.4.1 OR BN.1.5 OR BN.1.5.1 OR BN.1.6 OR BN.1.7 OR BN.1.8 OR BN.1.9 OR BN.2 OR BN.2.1 OR BN.3 OR BN.3.1 OR BN.4 OR BN.5 OR BN.6 OR BP.1 OR BQ.1 OR BQ.1.1 OR BQ.1.1.1 OR BQ.1.1.2 OR BQ.1.1.3 OR BQ.1.1.4 OR BQ.1.1.5 OR BQ.1.1.6 OR BQ.1.1.7 OR BQ.1.1.8 OR BQ.1.1.9 OR BQ.1.1.10 OR BQ.1.1.11 OR BQ.1.1.12 OR BQ.1.1.13 OR BQ.1.1.14 OR BQ.1.1.15 OR BQ.1.1.16 OR BQ.1.1.17 OR BQ.1.1.18 OR BQ.1.1.19 OR BQ.1.1.20 OR BQ.1.1.21 OR BQ.1.1.22 OR BQ.1.1.23 OR BQ.1.1.24 OR BQ.1.1.25 OR BQ.1.1.26 OR BQ.1.1.27 OR BQ.1.1.28 OR BQ.1.1.29 OR BQ.1.1.30 OR BQ.1.1.31 OR BQ.1.1.32 OR BQ.1.1.34 OR BQ.1.1.35 OR BQ.1.1.36 OR BQ.1.2 OR BQ.1.3 OR BQ.1.4 OR BQ.1.5 OR BQ.1.6 OR BQ.1.7 OR BQ.1.8 OR BQ.1.8.1 OR BQ.1.8.2 OR BQ.1.9 OR BQ.1.10 OR BQ.1.10.1 OR BQ.1.11 OR BQ.1.12 OR BQ.1.13 OR BQ.1.13.1 OR BQ.1.14 OR BQ.1.15 OR BQ.1.16 OR BQ.1.17 OR BQ.1.18 OR BQ.1.19 OR BQ.1.20 OR BQ.1.21 OR BQ.1.22 OR BQ.1.23 OR BQ.1.24 OR BQ.1.25 OR BQ.1.25.1 OR BQ.1.26 OR BQ.1.26.1 OR BQ.1.27 OR BQ.1.28 OR BQ.2 OR BR.1 OR BR.1.1 OR BR.1.2 OR BR.2 OR BR.2.1 OR BR.3 OR BR.4 OR BS.1 OR BS.1.1 OR BS.1.2 OR BT.1 OR BT.2 OR BU.1 OR BU.2 OR BU.3 OR BV.1 OR BV.2 OR BW.1 OR BW.1.1 OR BY.1 OR BY.1.1 OR BY.1.1.1 OR BY.1.2 OR BY.1.2.1 OR BZ.1 OR CA.1 OR CA.2 OR CA.3 OR CA.3.1 OR CA.4 OR CA.5 OR CA.6 OR CA.7 OR CB.1 OR CC.1 OR CD.1 OR CD.2 OR CE.1 OR CF.1 OR CG.1 OR CH.1 OR CH.1.1 OR CH.1.1.1 OR CH.1.1.2 OR CH.1.1.3 OR CH.1.1.4 OR CH.1.1.5 OR CH.2 OR CH.3 OR CH.3.1 OR CJ.1 OR CJ.1.1 OR CK.1 OR CK.1.1 OR CK.1.2 OR CK.2 OR CK.2.1 OR CK.2.1.1 OR CK.3 OR CL.1 OR CM.1 OR CM.2 OR CM.2.1 OR CM.3 OR CM.4 OR CM.4.1 OR CM.5 OR CM.5.1 OR CM.5.2 OR CM.6 OR CM.6.1 OR CM.7 OR CM.8 OR CM.8.1 OR CM.9 OR CM.10 OR CM.11 OR CM.12 OR CN.1 OR CN.2 OR CP.1 OR CP.1.1 OR CP.1.2 OR CP.1.3 OR CP.2 OR CP.3 OR CP.4 OR CP.5 OR CP.6 OR CQ.1 OR CQ.1.1 OR CQ.2 OR CR.1 OR CR.1.1 OR CR.1.2 OR CR.1.3 OR CR.2 OR CS.1 OR CT.1 OR CU.1 OR CV.1 OR CV.2 OR CW.1 OR CY.1 OR CZ.1 OR DA.1 OR DB.1 OR DB.2 OR DC.1 OR DD.1 OR DE.1 OR DE.2 OR DF.1 OR DF.1.1 OR DG.1 OR DH.1 OR DJ.1 OR DJ.1.1 OR DJ.1.2 OR DJ.1.3 OR DK.1 OR DL.1 OR DM.1 OR DN.1 OR DN.1.1 OR DP.1 OR DQ.1 OR DR.1 OR DS.1 OR DT.1 OR DU.1 OR DV.1,Omicron,2.14285714285714,1.85714285714286,0.866666666666667
2022-04-11,3,2,1.57142857142857,1.28571428571429,0.818181818181818,0.0608302759200974,0.939169724079903,B.1.1.529 OR BA.1 OR BA.1.1 OR BA.1.1.1 OR BA.1.1.2 OR BA.1.1.3 OR BA.1.1.4 OR BA.1.1.5 OR BA.1.1.6 OR BA.1.1.7 OR BA.1.1.8 OR BA.1.1.9 OR BA.1.1.10 OR BA.1.1.11 OR BA.1.1.12 OR BA.1.1.13 OR BA.1.1.14 OR BA.1.1.15 OR BA.1.1.16 OR BA.1.1.17 OR BA.1.1.18 OR BA.1.2 OR BA.1.3 OR BA.1.4 OR BA.1.5 OR BA.1.6 OR BA.1.7 OR BA.1.8 OR BA.1.9 OR BA.1.10 OR BA.1.12 OR BA.1.13 OR BA.1.13.1 OR BA.1.14 OR BA.1.14.1 OR BA.1.14.2 OR BA.1.15 OR BA.1.15.1 OR BA.1.15.2 OR BA.1.15.3 OR BA.1.16 OR BA.1.16.1 OR BA.1.16.2 OR BA.1.17 OR BA.1.17.1 OR BA.1.17.2 OR BA.1.18 OR BA.1.19 OR BA.1.20 OR BA.1.21 OR BA.1.21.1 OR BA.1.22 OR BA.1.23 OR BA.1.24 OR BA.2 OR BA.2.1 OR BA.2.2 OR BA.2.2.1 OR BA.2.3 OR BA.2.3.1 OR BA.2.3.2 OR BA.2.3.4 OR BA.2.3.5 OR BA.2.3.6 OR BA.2.3.7 OR BA.2.3.8 OR BA.2.3.9 OR BA.2.3.10 OR BA.2.3.11 OR BA.2.3.12 OR BA.2.3.13 OR BA.2.3.14 OR BA.2.3.15 OR BA.2.3.16 OR BA.2.3.17 OR BA.2.3.18 OR BA.2.3.19 OR BA.2.3.20 OR BA.2.3.21 OR BA.2.3.22 OR BA.2.4 OR BA.2.5 OR BA.2.6 OR BA.2.7 OR BA.2.8 OR BA.2.9 OR BA.2.9.1 OR BA.2.9.2 OR BA.2.9.3 OR BA.2.9.4 OR BA.2.9.5 OR BA.2.9.6 OR BA.2.9.7 OR BA.2.10 OR BA.2.10.1 OR BA.2.10.2 OR BA.2.10.3 OR BA.2.10.4 OR BA.2.11 OR BA.2.12 OR BA.2.12.1 OR BA.2.12.2 OR BA.2.13 OR BA.2.13.1 OR BA.2.14 OR BA.2.15 OR BA.2.16 OR BA.2.17 OR BA.2.18 OR BA.2.19 OR BA.2.20 OR BA.2.21 OR BA.2.22 OR BA.2.23 OR BA.2.23.1 OR BA.2.24 OR BA.2.25 OR BA.2.25.1 OR BA.2.26 OR BA.2.27 OR BA.2.28 OR BA.2.29 OR BA.2.30 OR BA.2.31 OR BA.2.31.1 OR BA.2.32 OR BA.2.33 OR BA.2.34 OR BA.2.35 OR BA.2.36 OR BA.2.37 OR BA.2.38 OR BA.2.38.1 OR BA.2.38.2 OR BA.2.38.3 OR BA.2.38.4 OR BA.2.39 OR BA.2.40 OR BA.2.40.1 OR BA.2.41 OR BA.2.42 OR BA.2.43 OR BA.2.44 OR BA.2.45 OR BA.2.46 OR BA.2.47 OR BA.2.48 OR BA.2.49 OR BA.2.50 OR BA.2.51 OR BA.2.52 OR BA.2.53 OR BA.2.54 OR BA.2.55 OR BA.2.56 OR BA.2.56.1 OR BA.2.57 OR BA.2.58 OR BA.2.59 OR BA.2.60 OR BA.2.61 OR BA.2.62 OR BA.2.63 OR BA.2.64 OR BA.2.65 OR BA.2.66 OR BA.2.67 OR BA.2.68 OR BA.2.69 OR BA.2.70 OR BA.2.71 OR BA.2.72 OR BA.2.73 OR BA.2.74 OR BA.2.75 OR BA.2.75.1 OR BA.2.75.2 OR BA.2.75.3 OR BA.2.75.4 OR BA.2.75.5 OR BA.2.75.6 OR BA.2.75.7 OR BA.2.75.8 OR BA.2.75.9 OR BA.2.75.10 OR BA.2.76 OR BA.2.76.1 OR BA.2.76.2 OR BA.2.77 OR BA.2.78 OR BA.2.79 OR BA.2.79.1 OR BA.2.80 OR BA.2.81 OR BA.2.82 OR BA.2.83 OR BA.2.85 OR BA.3 OR BA.3.1 OR BA.4 OR BA.4.1 OR BA.4.1.1 OR BA.4.1.2 OR BA.4.1.3 OR BA.4.1.4 OR BA.4.1.5 OR BA.4.1.6 OR BA.4.1.7 OR BA.4.1.8 OR BA.4.1.9 OR BA.4.1.10 OR BA.4.2 OR BA.4.3 OR BA.4.4 OR BA.4.5 OR BA.4.6 OR BA.4.6.1 OR BA.4.6.2 OR BA.4.6.3 OR BA.4.6.4 OR BA.4.6.5 OR BA.4.7 OR BA.4.8 OR BA.5 OR BA.5.1 OR BA.5.1.1 OR BA.5.1.2 OR BA.5.1.3 OR BA.5.1.4 OR BA.5.1.5 OR BA.5.1.6 OR BA.5.1.7 OR BA.5.1.8 OR BA.5.1.9 OR BA.5.1.10 OR BA.5.1.11 OR BA.5.1.12 OR BA.5.1.14 OR BA.5.1.15 OR BA.5.1.16 OR BA.5.1.17 OR BA.5.1.18 OR BA.5.1.19 OR BA.5.1.20 OR BA.5.1.21 OR BA.5.1.22 OR BA.5.1.23 OR BA.5.1.24 OR BA.5.1.25 OR BA.5.1.26 OR BA.5.1.27 OR BA.5.1.28 OR BA.5.1.29 OR BA.5.1.30 OR BA.5.1.31 OR BA.5.1.32 OR BA.5.2 OR BA.5.2.1 OR BA.5.2.2 OR BA.5.2.3 OR BA.5.2.4 OR BA.5.2.5 OR BA.5.2.6 OR BA.5.2.7 OR BA.5.2.8 OR BA.5.2.9 OR BA.5.2.10 OR BA.5.2.11 OR BA.5.2.12 OR BA.5.2.13 OR BA.5.2.14 OR BA.5.2.16 OR BA.5.2.18 OR BA.5.2.19 OR BA.5.2.20 OR BA.5.2.21 OR BA.5.2.22 OR BA.5.2.23 OR BA.5.2.24 OR BA.5.2.25 OR BA.5.2.26 OR BA.5.2.27 OR BA.5.2.28 OR BA.5.2.29 OR BA.5.2.30 OR BA.5.2.31 OR BA.5.2.32 OR BA.5.2.33 OR BA.5.2.34 OR BA.5.2.35 OR BA.5.2.36 OR BA.5.2.37 OR BA.5.2.38 OR BA.5.2.39 OR BA.5.2.40 OR BA.5.2.41 OR BA.5.2.42 OR BA.5.2.43 OR BA.5.2.44 OR BA.5.2.45 OR BA.5.2.46 OR BA.5.2.47 OR BA.5.2.48 OR BA.5.2.49 OR BA.5.3 OR BA.5.3.1 OR BA.5.3.2 OR BA.5.3.3 OR BA.5.3.4 OR BA.5.3.5 OR BA.5.5 OR BA.5.5.1 OR BA.5.5.2 OR BA.5.5.3 OR BA.5.6 OR BA.5.6.1 OR BA.5.6.2 OR BA.5.6.3 OR BA.5.6.4 OR BA.5.7 OR BA.5.8 OR BA.5.9 OR BA.5.10 OR BA.5.10.1 OR BA.5.11 OR BC.1 OR BC.2 OR BD.1 OR BE.1 OR BE.1.1 OR BE.1.1.1 OR BE.1.1.2 OR BE.1.2 OR BE.1.2.1 OR BE.1.3 OR BE.1.4 OR BE.1.4.1 OR BE.1.4.2 OR BE.1.4.3 OR BE.1.4.4 OR BE.2 OR BE.3 OR BE.4 OR BE.4.1 OR BE.4.1.1 OR BE.4.2 OR BE.5 OR BE.6 OR BE.7 OR BE.8 OR BE.9 OR BE.10 OR BF.1 OR BF.1.1 OR BF.2 OR BF.3 OR BF.3.1 OR BF.4 OR BF.5 OR BF.5.1 OR BF.5.2 OR BF.6 OR BF.7 OR BF.7.1 OR BF.7.2 OR BF.7.3 OR BF.7.4 OR BF.7.4.1 OR BF.7.4.2 OR BF.7.5 OR BF.7.5.1 OR BF.7.6 OR BF.7.7 OR BF.7.8 OR BF.7.9 OR BF.7.10 OR BF.7.11 OR BF.7.12 OR BF.7.13 OR BF.7.13.1 OR BF.7.13.2 OR BF.7.14 OR BF.7.15 OR BF.8 OR BF.9 OR BF.10 OR BF.10.1 OR BF.11 OR BF.11.1 OR BF.11.2 OR BF.11.3 OR BF.11.4 OR BF.11.5 OR BF.12 OR BF.13 OR BF.14 OR BF.15 OR BF.16 OR BF.17 OR BF.18 OR BF.19 OR BF.20 OR BF.21 OR BF.22 OR BF.23 OR BF.24 OR BF.25 OR BF.26 OR BF.27 OR BF.28 OR BF.29 OR BF.30 OR BF.31 OR BF.31.1 OR BF.32 OR BF.33 OR BF.34 OR BG.1 OR BG.2 OR BG.3 OR BG.4 OR BG.5 OR BG.6 OR BG.7 OR BH.1 OR BJ.1 OR BK.1 OR BL.1 OR BL.1.1 OR BL.1.2 OR BL.1.3 OR BL.1.4 OR BL.2 OR BL.2.1 OR BL.3 OR BL.4 OR BL.5 OR BL.6 OR BM.1 OR BM.1.1 OR BM.1.1.1 OR BM.1.1.2 OR BM.1.1.3 OR BM.1.1.4 OR BM.1.1.5 OR BM.2 OR BM.2.1 OR BM.2.2 OR BM.2.3 OR BM.3 OR BM.4 OR BM.4.1 OR BM.4.1.1 OR BM.5 OR BM.6 OR BN.1 OR BN.1.1 OR BN.1.1.1 OR BN.1.2 OR BN.1.2.1 OR BN.1.3 OR BN.1.3.1 OR BN.1.3.2 OR BN.1.3.3 OR BN.1.3.4 OR BN.1.4 OR BN.1.4.1 OR BN.1.5 OR BN.1.5.1 OR BN.1.6 OR BN.1.7 OR BN.1.8 OR BN.1.9 OR BN.2 OR BN.2.1 OR BN.3 OR BN.3.1 OR BN.4 OR BN.5 OR BN.6 OR BP.1 OR BQ.1 OR BQ.1.1 OR BQ.1.1.1 OR BQ.1.1.2 OR BQ.1.1.3 OR BQ.1.1.4 OR BQ.1.1.5 OR BQ.1.1.6 OR BQ.1.1.7 OR BQ.1.1.8 OR BQ.1.1.9 OR BQ.1.1.10 OR BQ.1.1.11 OR BQ.1.1.12 OR BQ.1.1.13 OR BQ.1.1.14 OR BQ.1.1.15 OR BQ.1.1.16 OR BQ.1.1.17 OR BQ.1.1.18 OR BQ.1.1.19 OR BQ.1.1.20 OR BQ.1.1.21 OR BQ.1.1.22 OR BQ.1.1.23 OR BQ.1.1.24 OR BQ.1.1.25 OR BQ.1.1.26 OR BQ.1.1.27 OR BQ.1.1.28 OR BQ.1.1.29 OR BQ.1.1.30 OR BQ.1.1.31 OR BQ.1.1.32 OR BQ.1.1.34 OR BQ.1.1.35 OR BQ.1.1.36 OR BQ.1.2 OR BQ.1.3 OR BQ.1.4 OR BQ.1.5 OR BQ.1.6 OR BQ.1.7 OR BQ.1.8 OR BQ.1.8.1 OR BQ.1.8.2 OR BQ.1.9 OR BQ.1.10 OR BQ.1.10.1 OR BQ.1.11 OR BQ.1.12 OR BQ.1.13 OR BQ.1.13.1 OR BQ.1.14 OR BQ.1.15 OR BQ.1.16 OR BQ.1.17 OR BQ.1.18 OR BQ.1.19 OR BQ.1.20 OR BQ.1.21 OR BQ.1.22 OR BQ.1.23 OR BQ.1.24 OR BQ.1.25 OR BQ.1.25.1 OR BQ.1.26 OR BQ.1.26.1 OR BQ.1.27 OR BQ.1.28 OR BQ.2 OR BR.1 OR BR.1.1 OR BR.1.2 OR BR.2 OR BR.2.1 OR BR.3 OR BR.4 OR BS.1 OR BS.1.1 OR BS.1.2 OR BT.1 OR BT.2 OR BU.1 OR BU.2 OR BU.3 OR BV.1 OR BV.2 OR BW.1 OR BW.1.1 OR BY.1 OR BY.1.1 OR BY.1.1.1 OR BY.1.2 OR BY.1.2.1 OR BZ.1 OR CA.1 OR CA.2 OR CA.3 OR CA.3.1 OR CA.4 OR CA.5 OR CA.6 OR CA.7 OR CB.1 OR CC.1 OR CD.1 OR CD.2 OR CE.1 OR CF.1 OR CG.1 OR CH.1 OR CH.1.1 OR CH.1.1.1 OR CH.1.1.2 OR CH.1.1.3 OR CH.1.1.4 OR CH.1.1.5 OR CH.2 OR CH.3 OR CH.3.1 OR CJ.1 OR CJ.1.1 OR CK.1 OR CK.1.1 OR CK.1.2 OR CK.2 OR CK.2.1 OR CK.2.1.1 OR CK.3 OR CL.1 OR CM.1 OR CM.2 OR CM.2.1 OR CM.3 OR CM.4 OR CM.4.1 OR CM.5 OR CM.5.1 OR CM.5.2 OR CM.6 OR CM.6.1 OR CM.7 OR CM.8 OR CM.8.1 OR CM.9 OR CM.10 OR CM.11 OR CM.12 OR CN.1 OR CN.2 OR CP.1 OR CP.1.1 OR CP.1.2 OR CP.1.3 OR CP.2 OR CP.3 OR CP.4 OR CP.5 OR CP.6 OR CQ.1 OR CQ.1.1 OR CQ.2 OR CR.1 OR CR.1.1 OR CR.1.2 OR CR.1.3 OR CR.2 OR CS.1 OR CT.1 OR CU.1 OR CV.1 OR CV.2 OR CW.1 OR CY.1 OR CZ.1 OR DA.1 OR DB.1 OR DB.2 OR DC.1 OR DD.1 OR DE.1 OR DE.2 OR DF.1 OR DF.1.1 OR DG.1 OR DH.1 OR DJ.1 OR DJ.1.1 OR DJ.1.2 OR DJ.1.3 OR DK.1 OR DL.1 OR DM.1 OR DN.1 OR DN.1.1 OR DP.1 OR DQ.1 OR DR.1 OR DS.1 OR DT.1 OR DU.1 OR DV.1,Omicron,1.85714285714286,1.57142857142857,0.846153846153846
2022-04-12,1,1,1.42857142857143,1.28571428571429,0.9,0.146746316309575,0.999614419019244,B.1.1.529 OR BA.1 OR BA.1.1 OR BA.1.1.1 OR BA.1.1.2 OR BA.1.1.3 OR BA.1.1.4 OR BA.1.1.5 OR BA.1.1.6 OR BA.1.1.7 OR BA.1.1.8 OR BA.1.1.9 OR BA.1.1.10 OR BA.1.1.11 OR BA.1.1.12 OR BA.1.1.13 OR BA.1.1.14 OR BA.1.1.15 OR BA.1.1.16 OR BA.1.1.17 OR BA.1.1.18 OR BA.1.2 OR BA.1.3 OR BA.1.4 OR BA.1.5 OR BA.1.6 OR BA.1.7 OR BA.1.8 OR BA.1.9 OR BA.1.10 OR BA.1.12 OR BA.1.13 OR BA.1.13.1 OR BA.1.14 OR BA.1.14.1 OR BA.1.14.2 OR BA.1.15 OR BA.1.15.1 OR BA.1.15.2 OR BA.1.15.3 OR BA.1.16 OR BA.1.16.1 OR BA.1.16.2 OR BA.1.17 OR BA.1.17.1 OR BA.1.17.2 OR BA.1.18 OR BA.1.19 OR BA.1.20 OR BA.1.21 OR BA.1.21.1 OR BA.1.22 OR BA.1.23 OR BA.1.24 OR BA.2 OR BA.2.1 OR BA.2.2 OR BA.2.2.1 OR BA.2.3 OR BA.2.3.1 OR BA.2.3.2 OR BA.2.3.4 OR BA.2.3.5 OR BA.2.3.6 OR BA.2.3.7 OR BA.2.3.8 OR BA.2.3.9 OR BA.2.3.10 OR BA.2.3.11 OR BA.2.3.12 OR BA.2.3.13 OR BA.2.3.14 OR BA.2.3.15 OR BA.2.3.16 OR BA.2.3.17 OR BA.2.3.18 OR BA.2.3.19 OR BA.2.3.20 OR BA.2.3.21 OR BA.2.3.22 OR BA.2.4 OR BA.2.5 OR BA.2.6 OR BA.2.7 OR BA.2.8 OR BA.2.9 OR BA.2.9.1 OR BA.2.9.2 OR BA.2.9.3 OR BA.2.9.4 OR BA.2.9.5 OR BA.2.9.6 OR BA.2.9.7 OR BA.2.10 OR BA.2.10.1 OR BA.2.10.2 OR BA.2.10.3 OR BA.2.10.4 OR BA.2.11 OR BA.2.12 OR BA.2.12.1 OR BA.2.12.2 OR BA.2.13 OR BA.2.13.1 OR BA.2.14 OR BA.2.15 OR BA.2.16 OR BA.2.17 OR BA.2.18 OR BA.2.19 OR BA.2.20 OR BA.2.21 OR BA.2.22 OR BA.2.23 OR BA.2.23.1 OR BA.2.24 OR BA.2.25 OR BA.2.25.1 OR BA.2.26 OR BA.2.27 OR BA.2.28 OR BA.2.29 OR BA.2.30 OR BA.2.31 OR BA.2.31.1 OR BA.2.32 OR BA.2.33 OR BA.2.34 OR BA.2.35 OR BA.2.36 OR BA.2.37 OR BA.2.38 OR BA.2.38.1 OR BA.2.38.2 OR BA.2.38.3 OR BA.2.38.4 OR BA.2.39 OR BA.2.40 OR BA.2.40.1 OR BA.2.41 OR BA.2.42 OR BA.2.43 OR BA.2.44 OR BA.2.45 OR BA.2.46 OR BA.2.47 OR BA.2.48 OR BA.2.49 OR BA.2.50 OR BA.2.51 OR BA.2.52 OR BA.2.53 OR BA.2.54 OR BA.2.55 OR BA.2.56 OR BA.2.56.1 OR BA.2.57 OR BA.2.58 OR BA.2.59 OR BA.2.60 OR BA.2.61 OR BA.2.62 OR BA.2.63 OR BA.2.64 OR BA.2.65 OR BA.2.66 OR BA.2.67 OR BA.2.68 OR BA.2.69 OR BA.2.70 OR BA.2.71 OR BA.2.72 OR BA.2.73 OR BA.2.74 OR BA.2.75 OR BA.2.75.1 OR BA.2.75.2 OR BA.2.75.3 OR BA.2.75.4 OR BA.2.75.5 OR BA.2.75.6 OR BA.2.75.7 OR BA.2.75.8 OR BA.2.75.9 OR BA.2.75.10 OR BA.2.76 OR BA.2.76.1 OR BA.2.76.2 OR BA.2.77 OR BA.2.78 OR BA.2.79 OR BA.2.79.1 OR BA.2.80 OR BA.2.81 OR BA.2.82 OR BA.2.83 OR BA.2.85 OR BA.3 OR BA.3.1 OR BA.4 OR BA.4.1 OR BA.4.1.1 OR BA.4.1.2 OR BA.4.1.3 OR BA.4.1.4 OR BA.4.1.5 OR BA.4.1.6 OR BA.4.1.7 OR BA.4.1.8 OR BA.4.1.9 OR BA.4.1.10 OR BA.4.2 OR BA.4.3 OR BA.4.4 OR BA.4.5 OR BA.4.6 OR BA.4.6.1 OR BA.4.6.2 OR BA.4.6.3 OR BA.4.6.4 OR BA.4.6.5 OR BA.4.7 OR BA.4.8 OR BA.5 OR BA.5.1 OR BA.5.1.1 OR BA.5.1.2 OR BA.5.1.3 OR BA.5.1.4 OR BA.5.1.5 OR BA.5.1.6 OR BA.5.1.7 OR BA.5.1.8 OR BA.5.1.9 OR BA.5.1.10 OR BA.5.1.11 OR BA.5.1.12 OR BA.5.1.14 OR BA.5.1.15 OR BA.5.1.16 OR BA.5.1.17 OR BA.5.1.18 OR BA.5.1.19 OR BA.5.1.20 OR BA.5.1.21 OR BA.5.1.22 OR BA.5.1.23 OR BA.5.1.24 OR BA.5.1.25 OR BA.5.1.26 OR BA.5.1.27 OR BA.5.1.28 OR BA.5.1.29 OR BA.5.1.30 OR BA.5.1.31 OR BA.5.1.32 OR BA.5.2 OR BA.5.2.1 OR BA.5.2.2 OR BA.5.2.3 OR BA.5.2.4 OR BA.5.2.5 OR BA.5.2.6 OR BA.5.2.7 OR BA.5.2.8 OR BA.5.2.9 OR BA.5.2.10 OR BA.5.2.11 OR BA.5.2.12 OR BA.5.2.13 OR BA.5.2.14 OR BA.5.2.16 OR BA.5.2.18 OR BA.5.2.19 OR BA.5.2.20 OR BA.5.2.21 OR BA.5.2.22 OR BA.5.2.23 OR BA.5.2.24 OR BA.5.2.25 OR BA.5.2.26 OR BA.5.2.27 OR BA.5.2.28 OR BA.5.2.29 OR BA.5.2.30 OR BA.5.2.31 OR BA.5.2.32 OR BA.5.2.33 OR BA.5.2.34 OR BA.5.2.35 OR BA.5.2.36 OR BA.5.2.37 OR BA.5.2.38 OR BA.5.2.39 OR BA.5.2.40 OR BA.5.2.41 OR BA.5.2.42 OR BA.5.2.43 OR BA.5.2.44 OR BA.5.2.45 OR BA.5.2.46 OR BA.5.2.47 OR BA.5.2.48 OR BA.5.2.49 OR BA.5.3 OR BA.5.3.1 OR BA.5.3.2 OR BA.5.3.3 OR BA.5.3.4 OR BA.5.3.5 OR BA.5.5 OR BA.5.5.1 OR BA.5.5.2 OR BA.5.5.3 OR BA.5.6 OR BA.5.6.1 OR BA.5.6.2 OR BA.5.6.3 OR BA.5.6.4 OR BA.5.7 OR BA.5.8 OR BA.5.9 OR BA.5.10 OR BA.5.10.1 OR BA.5.11 OR BC.1 OR BC.2 OR BD.1 OR BE.1 OR BE.1.1 OR BE.1.1.1 OR BE.1.1.2 OR BE.1.2 OR BE.1.2.1 OR BE.1.3 OR BE.1.4 OR BE.1.4.1 OR BE.1.4.2 OR BE.1.4.3 OR BE.1.4.4 OR BE.2 OR BE.3 OR BE.4 OR BE.4.1 OR BE.4.1.1 OR BE.4.2 OR BE.5 OR BE.6 OR BE.7 OR BE.8 OR BE.9 OR BE.10 OR BF.1 OR BF.1.1 OR BF.2 OR BF.3 OR BF.3.1 OR BF.4 OR BF.5 OR BF.5.1 OR BF.5.2 OR BF.6 OR BF.7 OR BF.7.1 OR BF.7.2 OR BF.7.3 OR BF.7.4 OR BF.7.4.1 OR BF.7.4.2 OR BF.7.5 OR BF.7.5.1 OR BF.7.6 OR BF.7.7 OR BF.7.8 OR BF.7.9 OR BF.7.10 OR BF.7.11 OR BF.7.12 OR BF.7.13 OR BF.7.13.1 OR BF.7.13.2 OR BF.7.14 OR BF.7.15 OR BF.8 OR BF.9 OR BF.10 OR BF.10.1 OR BF.11 OR BF.11.1 OR BF.11.2 OR BF.11.3 OR BF.11.4 OR BF.11.5 OR BF.12 OR BF.13 OR BF.14 OR BF.15 OR BF.16 OR BF.17 OR BF.18 OR BF.19 OR BF.20 OR BF.21 OR BF.22 OR BF.23 OR BF.24 OR BF.25 OR BF.26 OR BF.27 OR BF.28 OR BF.29 OR BF.30 OR BF.31 OR BF.31.1 OR BF.32 OR BF.33 OR BF.34 OR BG.1 OR BG.2 OR BG.3 OR BG.4 OR BG.5 OR BG.6 OR BG.7 OR BH.1 OR BJ.1 OR BK.1 OR BL.1 OR BL.1.1 OR BL.1.2 OR BL.1.3 OR BL.1.4 OR BL.2 OR BL.2.1 OR BL.3 OR BL.4 OR BL.5 OR BL.6 OR BM.1 OR BM.1.1 OR BM.1.1.1 OR BM.1.1.2 OR BM.1.1.3 OR BM.1.1.4 OR BM.1.1.5 OR BM.2 OR BM.2.1 OR BM.2.2 OR BM.2.3 OR BM.3 OR BM.4 OR BM.4.1 OR BM.4.1.1 OR BM.5 OR BM.6 OR BN.1 OR BN.1.1 OR BN.1.1.1 OR BN.1.2 OR BN.1.2.1 OR BN.1.3 OR BN.1.3.1 OR BN.1.3.2 OR BN.1.3.3 OR BN.1.3.4 OR BN.1.4 OR BN.1.4.1 OR BN.1.5 OR BN.1.5.1 OR BN.1.6 OR BN.1.7 OR BN.1.8 OR BN.1.9 OR BN.2 OR BN.2.1 OR BN.3 OR BN.3.1 OR BN.4 OR BN.5 OR BN.6 OR BP.1 OR BQ.1 OR BQ.1.1 OR BQ.1.1.1 OR BQ.1.1.2 OR BQ.1.1.3 OR BQ.1.1.4 OR BQ.1.1.5 OR BQ.1.1.6 OR BQ.1.1.7 OR BQ.1.1.8 OR BQ.1.1.9 OR BQ.1.1.10 OR BQ.1.1.11 OR BQ.1.1.12 OR BQ.1.1.13 OR BQ.1.1.14 OR BQ.1.1.15 OR BQ.1.1.16 OR BQ.1.1.17 OR BQ.1.1.18 OR BQ.1.1.19 OR BQ.1.1.20 OR BQ.1.1.21 OR BQ.1.1.22 OR BQ.1.1.23 OR BQ.1.1.24 OR BQ.1.1.25 OR BQ.1.1.26 OR BQ.1.1.27 OR BQ.1.1.28 OR BQ.1.1.29 OR BQ.1.1.30 OR BQ.1.1.31 OR BQ.1.1.32 OR BQ.1.1.34 OR BQ.1.1.35 OR BQ.1.1.36 OR BQ.1.2 OR BQ.1.3 OR BQ.1.4 OR BQ.1.5 OR BQ.1.6 OR BQ.1.7 OR BQ.1.8 OR BQ.1.8.1 OR BQ.1.8.2 OR BQ.1.9 OR BQ.1.10 OR BQ.1.10.1 OR BQ.1.11 OR BQ.1.12 OR BQ.1.13 OR BQ.1.13.1 OR BQ.1.14 OR BQ.1.15 OR BQ.1.16 OR BQ.1.17 OR BQ.1.18 OR BQ.1.19 OR BQ.1.20 OR BQ.1.21 OR BQ.1.22 OR BQ.1.23 OR BQ.1.24 OR BQ.1.25 OR BQ.1.25.1 OR BQ.1.26 OR BQ.1.26.1 OR BQ.1.27 OR BQ.1.28 OR BQ.2 OR BR.1 OR BR.1.1 OR BR.1.2 OR BR.2 OR BR.2.1 OR BR.3 OR BR.4 OR BS.1 OR BS.1.1 OR BS.1.2 OR BT.1 OR BT.2 OR BU.1 OR BU.2 OR BU.3 OR BV.1 OR BV.2 OR BW.1 OR BW.1.1 OR BY.1 OR BY.1.1 OR BY.1.1.1 OR BY.1.2 OR BY.1.2.1 OR BZ.1 OR CA.1 OR CA.2 OR CA.3 OR CA.3.1 OR CA.4 OR CA.5 OR CA.6 OR CA.7 OR CB.1 OR CC.1 OR CD.1 OR CD.2 OR CE.1 OR CF.1 OR CG.1 OR CH.1 OR CH.1.1 OR CH.1.1.1 OR CH.1.1.2 OR CH.1.1.3 OR CH.1.1.4 OR CH.1.1.5 OR CH.2 OR CH.3 OR CH.3.1 OR CJ.1 OR CJ.1.1 OR CK.1 OR CK.1.1 OR CK.1.2 OR CK.2 OR CK.2.1 OR CK.2.1.1 OR CK.3 OR CL.1 OR CM.1 OR CM.2 OR CM.2.1 OR CM.3 OR CM.4 OR CM.4.1 OR CM.5 OR CM.5.1 OR CM.5.2 OR CM.6 OR CM.6.1 OR CM.7 OR CM.8 OR CM.8.1 OR CM.9 OR CM.10 OR CM.11 OR CM.12 OR CN.1 OR CN.2 OR CP.1 OR CP.1.1 OR CP.1.2 OR CP.1.3 OR CP.2 OR CP.3 OR CP.4 OR CP.5 OR CP.6 OR CQ.1 OR CQ.1.1 OR CQ.2 OR CR.1 OR CR.1.1 OR CR.1.2 OR CR.1.3 OR CR.2 OR CS.1 OR CT.1 OR CU.1 OR CV.1 OR CV.2 OR CW.1 OR CY.1 OR CZ.1 OR DA.1 OR DB.1 OR DB.2 OR DC.1 OR DD.1 OR DE.1 OR DE.2 OR DF.1 OR DF.1.1 OR DG.1 OR DH.1 OR DJ.1 OR DJ.1.1 OR DJ.1.2 OR DJ.1.3 OR DK.1 OR DL.1 OR DM.1 OR DN.1 OR DN.1.1 OR DP.1 OR DQ.1 OR DR.1 OR DS.1 OR DT.1 OR DU.1 OR DV.1,Omicron,1.85714285714286,1.57142857142857,0.846153846153846
2022-04-13,4,3,1.85714285714286,1.57142857142857,0.846153846153846,0.333178245598791,0.999783091529969,B.1.1.529 OR BA.1 OR BA.1.1 OR BA.1.1.1 OR BA.1.1.2 OR BA.1.1.3 OR BA.1.1.4 OR BA.1.1.5 OR BA.1.1.6 OR BA.1.1.7 OR BA.1.1.8 OR BA.1.1.9 OR BA.1.1.10 OR BA.1.1.11 OR BA.1.1.12 OR BA.1.1.13 OR BA.1.1.14 OR BA.1.1.15 OR BA.1.1.16 OR BA.1.1.17 OR BA.1.1.18 OR BA.1.2 OR BA.1.3 OR BA.1.4 OR BA.1.5 OR BA.1.6 OR BA.1.7 OR BA.1.8 OR BA.1.9 OR BA.1.10 OR BA.1.12 OR BA.1.13 OR BA.1.13.1 OR BA.1.14 OR BA.1.14.1 OR BA.1.14.2 OR BA.1.15 OR BA.1.15.1 OR BA.1.15.2 OR BA.1.15.3 OR BA.1.16 OR BA.1.16.1 OR BA.1.16.2 OR BA.1.17 OR BA.1.17.1 OR BA.1.17.2 OR BA.1.18 OR BA.1.19 OR BA.1.20 OR BA.1.21 OR BA.1.21.1 OR BA.1.22 OR BA.1.23 OR BA.1.24 OR BA.2 OR BA.2.1 OR BA.2.2 OR BA.2.2.1 OR BA.2.3 OR BA.2.3.1 OR BA.2.3.2 OR BA.2.3.4 OR BA.2.3.5 OR BA.2.3.6 OR BA.2.3.7 OR BA.2.3.8 OR BA.2.3.9 OR BA.2.3.10 OR BA.2.3.11 OR BA.2.3.12 OR BA.2.3.13 OR BA.2.3.14 OR BA.2.3.15 OR BA.2.3.16 OR BA.2.3.17 OR BA.2.3.18 OR BA.2.3.19 OR BA.2.3.20 OR BA.2.3.21 OR BA.2.3.22 OR BA.2.4 OR BA.2.5 OR BA.2.6 OR BA.2.7 OR BA.2.8 OR BA.2.9 OR BA.2.9.1 OR BA.2.9.2 OR BA.2.9.3 OR BA.2.9.4 OR BA.2.9.5 OR BA.2.9.6 OR BA.2.9.7 OR BA.2.10 OR BA.2.10.1 OR BA.2.10.2 OR BA.2.10.3 OR BA.2.10.4 OR BA.2.11 OR BA.2.12 OR BA.2.12.1 OR BA.2.12.2 OR BA.2.13 OR BA.2.13.1 OR BA.2.14 OR BA.2.15 OR BA.2.16 OR BA.2.17 OR BA.2.18 OR BA.2.19 OR BA.2.20 OR BA.2.21 OR BA.2.22 OR BA.2.23 OR BA.2.23.1 OR BA.2.24 OR BA.2.25 OR BA.2.25.1 OR BA.2.26 OR BA.2.27 OR BA.2.28 OR BA.2.29 OR BA.2.30 OR BA.2.31 OR BA.2.31.1 OR BA.2.32 OR BA.2.33 OR BA.2.34 OR BA.2.35 OR BA.2.36 OR BA.2.37 OR BA.2.38 OR BA.2.38.1 OR BA.2.38.2 OR BA.2.38.3 OR BA.2.38.4 OR BA.2.39 OR BA.2.40 OR BA.2.40.1 OR BA.2.41 OR BA.2.42 OR BA.2.43 OR BA.2.44 OR BA.2.45 OR BA.2.46 OR BA.2.47 OR BA.2.48 OR BA.2.49 OR BA.2.50 OR BA.2.51 OR BA.2.52 OR BA.2.53 OR BA.2.54 OR BA.2.55 OR BA.2.56 OR BA.2.56.1 OR BA.2.57 OR BA.2.58 OR BA.2.59 OR BA.2.60 OR BA.2.61 OR BA.2.62 OR BA.2.63 OR BA.2.64 OR BA.2.65 OR BA.2.66 OR BA.2.67 OR BA.2.68 OR BA.2.69 OR BA.2.70 OR BA.2.71 OR BA.2.72 OR BA.2.73 OR BA.2.74 OR BA.2.75 OR BA.2.75.1 OR BA.2.75.2 OR BA.2.75.3 OR BA.2.75.4 OR BA.2.75.5 OR BA.2.75.6 OR BA.2.75.7 OR BA.2.75.8 OR BA.2.75.9 OR BA.2.75.10 OR BA.2.76 OR BA.2.76.1 OR BA.2.76.2 OR BA.2.77 OR BA.2.78 OR BA.2.79 OR BA.2.79.1 OR BA.2.80 OR BA.2.81 OR BA.2.82 OR BA.2.83 OR BA.2.85 OR BA.3 OR BA.3.1 OR BA.4 OR BA.4.1 OR BA.4.1.1 OR BA.4.1.2 OR BA.4.1.3 OR BA.4.1.4 OR BA.4.1.5 OR BA.4.1.6 OR BA.4.1.7 OR BA.4.1.8 OR BA.4.1.9 OR BA.4.1.10 OR BA.4.2 OR BA.4.3 OR BA.4.4 OR BA.4.5 OR BA.4.6 OR BA.4.6.1 OR BA.4.6.2 OR BA.4.6.3 OR BA.4.6.4 OR BA.4.6.5 OR BA.4.7 OR BA.4.8 OR BA.5 OR BA.5.1 OR BA.5.1.1 OR BA.5.1.2 OR BA.5.1.3 OR BA.5.1.4 OR BA.5.1.5 OR BA.5.1.6 OR BA.5.1.7 OR BA.5.1.8 OR BA.5.1.9 OR BA.5.1.10 OR BA.5.1.11 OR BA.5.1.12 OR BA.5.1.14 OR BA.5.1.15 OR BA.5.1.16 OR BA.5.1.17 OR BA.5.1.18 OR BA.5.1.19 OR BA.5.1.20 OR BA.5.1.21 OR BA.5.1.22 OR BA.5.1.23 OR BA.5.1.24 OR BA.5.1.25 OR BA.5.1.26 OR BA.5.1.27 OR BA.5.1.28 OR BA.5.1.29 OR BA.5.1.30 OR BA.5.1.31 OR BA.5.1.32 OR BA.5.2 OR BA.5.2.1 OR BA.5.2.2 OR BA.5.2.3 OR BA.5.2.4 OR BA.5.2.5 OR BA.5.2.6 OR BA.5.2.7 OR BA.5.2.8 OR BA.5.2.9 OR BA.5.2.10 OR BA.5.2.11 OR BA.5.2.12 OR BA.5.2.13 OR BA.5.2.14 OR BA.5.2.16 OR BA.5.2.18 OR BA.5.2.19 OR BA.5.2.20 OR BA.5.2.21 OR BA.5.2.22 OR BA.5.2.23 OR BA.5.2.24 OR BA.5.2.25 OR BA.5.2.26 OR BA.5.2.27 OR BA.5.2.28 OR BA.5.2.29 OR BA.5.2.30 OR BA.5.2.31 OR BA.5.2.32 OR BA.5.2.33 OR BA.5.2.34 OR BA.5.2.35 OR BA.5.2.36 OR BA.5.2.37 OR BA.5.2.38 OR BA.5.2.39 OR BA.5.2.40 OR BA.5.2.41 OR BA.5.2.42 OR BA.5.2.43 OR BA.5.2.44 OR BA.5.2.45 OR BA.5.2.46 OR BA.5.2.47 OR BA.5.2.48 OR BA.5.2.49 OR BA.5.3 OR BA.5.3.1 OR BA.5.3.2 OR BA.5.3.3 OR BA.5.3.4 OR BA.5.3.5 OR BA.5.5 OR BA.5.5.1 OR BA.5.5.2 OR BA.5.5.3 OR BA.5.6 OR BA.5.6.1 OR BA.5.6.2 OR BA.5.6.3 OR BA.5.6.4 OR BA.5.7 OR BA.5.8 OR BA.5.9 OR BA.5.10 OR BA.5.10.1 OR BA.5.11 OR BC.1 OR BC.2 OR BD.1 OR BE.1 OR BE.1.1 OR BE.1.1.1 OR BE.1.1.2 OR BE.1.2 OR BE.1.2.1 OR BE.1.3 OR BE.1.4 OR BE.1.4.1 OR BE.1.4.2 OR BE.1.4.3 OR BE.1.4.4 OR BE.2 OR BE.3 OR BE.4 OR BE.4.1 OR BE.4.1.1 OR BE.4.2 OR BE.5 OR BE.6 OR BE.7 OR BE.8 OR BE.9 OR BE.10 OR BF.1 OR BF.1.1 OR BF.2 OR BF.3 OR BF.3.1 OR BF.4 OR BF.5 OR BF.5.1 OR BF.5.2 OR BF.6 OR BF.7 OR BF.7.1 OR BF.7.2 OR BF.7.3 OR BF.7.4 OR BF.7.4.1 OR BF.7.4.2 OR BF.7.5 OR BF.7.5.1 OR BF.7.6 OR BF.7.7 OR BF.7.8 OR BF.7.9 OR BF.7.10 OR BF.7.11 OR BF.7.12 OR BF.7.13 OR BF.7.13.1 OR BF.7.13.2 OR BF.7.14 OR BF.7.15 OR BF.8 OR BF.9 OR BF.10 OR BF.10.1 OR BF.11 OR BF.11.1 OR BF.11.2 OR BF.11.3 OR BF.11.4 OR BF.11.5 OR BF.12 OR BF.13 OR BF.14 OR BF.15 OR BF.16 OR BF.17 OR BF.18 OR BF.19 OR BF.20 OR BF.21 OR BF.22 OR BF.23 OR BF.24 OR BF.25 OR BF.26 OR BF.27 OR BF.28 OR BF.29 OR BF.30 OR BF.31 OR BF.31.1 OR BF.32 OR BF.33 OR BF.34 OR BG.1 OR BG.2 OR BG.3 OR BG.4 OR BG.5 OR BG.6 OR BG.7 OR BH.1 OR BJ.1 OR BK.1 OR BL.1 OR BL.1.1 OR BL.1.2 OR BL.1.3 OR BL.1.4 OR BL.2 OR BL.2.1 OR BL.3 OR BL.4 OR BL.5 OR BL.6 OR BM.1 OR BM.1.1 OR BM.1.1.1 OR BM.1.1.2 OR BM.1.1.3 OR BM.1.1.4 OR BM.1.1.5 OR BM.2 OR BM.2.1 OR BM.2.2 OR BM.2.3 OR BM.3 OR BM.4 OR BM.4.1 OR BM.4.1.1 OR BM.5 OR BM.6 OR BN.1 OR BN.1.1 OR BN.1.1.1 OR BN.1.2 OR BN.1.2.1 OR BN.1.3 OR BN.1.3.1 OR BN.1.3.2 OR BN.1.3.3 OR BN.1.3.4 OR BN.1.4 OR BN.1.4.1 OR BN.1.5 OR BN.1.5.1 OR BN.1.6 OR BN.1.7 OR BN.1.8 OR BN.1.9 OR BN.2 OR BN.2.1 OR BN.3 OR BN.3.1 OR BN.4 OR BN.5 OR BN.6 OR BP.1 OR BQ.1 OR BQ.1.1 OR BQ.1.1.1 OR BQ.1.1.2 OR BQ.1.1.3 OR BQ.1.1.4 OR BQ.1.1.5 OR BQ.1.1.6 OR BQ.1.1.7 OR BQ.1.1.8 OR BQ.1.1.9 OR BQ.1.1.10 OR BQ.1.1.11 OR BQ.1.1.12 OR BQ.1.1.13 OR BQ.1.1.14 OR BQ.1.1.15 OR BQ.1.1.16 OR BQ.1.1.17 OR BQ.1.1.18 OR BQ.1.1.19 OR BQ.1.1.20 OR BQ.1.1.21 OR BQ.1.1.22 OR BQ.1.1.23 OR BQ.1.1.24 OR BQ.1.1.25 OR BQ.1.1.26 OR BQ.1.1.27 OR BQ.1.1.28 OR BQ.1.1.29 OR BQ.1.1.30 OR BQ.1.1.31 OR BQ.1.1.32 OR BQ.1.1.34 OR BQ.1.1.35 OR BQ.1.1.36 OR BQ.1.2 OR BQ.1.3 OR BQ.1.4 OR BQ.1.5 OR BQ.1.6 OR BQ.1.7 OR BQ.1.8 OR BQ.1.8.1 OR BQ.1.8.2 OR BQ.1.9 OR BQ.1.10 OR BQ.1.10.1 OR BQ.1.11 OR BQ.1.12 OR BQ.1.13 OR BQ.1.13.1 OR BQ.1.14 OR BQ.1.15 OR BQ.1.16 OR BQ.1.17 OR BQ.1.18 OR BQ.1.19 OR BQ.1.20 OR BQ.1.21 OR BQ.1.22 OR BQ.1.23 OR BQ.1.24 OR BQ.1.25 OR BQ.1.25.1 OR BQ.1.26 OR BQ.1.26.1 OR BQ.1.27 OR BQ.1.28 OR BQ.2 OR BR.1 OR BR.1.1 OR BR.1.2 OR BR.2 OR BR.2.1 OR BR.3 OR BR.4 OR BS.1 OR BS.1.1 OR BS.1.2 OR BT.1 OR BT.2 OR BU.1 OR BU.2 OR BU.3 OR BV.1 OR BV.2 OR BW.1 OR BW.1.1 OR BY.1 OR BY.1.1 OR BY.1.1.1 OR BY.1.2 OR BY.1.2.1 OR BZ.1 OR CA.1 OR CA.2 OR CA.3 OR CA.3.1 OR CA.4 OR CA.5 OR CA.6 OR CA.7 OR CB.1 OR CC.1 OR CD.1 OR CD.2 OR CE.1 OR CF.1 OR CG.1 OR CH.1 OR CH.1.1 OR CH.1.1.1 OR CH.1.1.2 OR CH.1.1.3 OR CH.1.1.4 OR CH.1.1.5 OR CH.2 OR CH.3 OR CH.3.1 OR CJ.1 OR CJ.1.1 OR CK.1 OR CK.1.1 OR CK.1.2 OR CK.2 OR CK.2.1 OR CK.2.1.1 OR CK.3 OR CL.1 OR CM.1 OR CM.2 OR CM.2.1 OR CM.3 OR CM.4 OR CM.4.1 OR CM.5 OR CM.5.1 OR CM.5.2 OR CM.6 OR CM.6.1 OR CM.7 OR CM.8 OR CM.8.1 OR CM.9 OR CM.10 OR CM.11 OR CM.12 OR CN.1 OR CN.2 OR CP.1 OR CP.1.1 OR CP.1.2 OR CP.1.3 OR CP.2 OR CP.3 OR CP.4 OR CP.5 OR CP.6 OR CQ.1 OR CQ.1.1 OR CQ.2 OR CR.1 OR CR.1.1 OR CR.1.2 OR CR.1.3 OR CR.2 OR CS.1 OR CT.1 OR CU.1 OR CV.1 OR CV.2 OR CW.1 OR CY.1 OR CZ.1 OR DA.1 OR DB.1 OR DB.2 OR DC.1 OR DD.1 OR DE.1 OR DE.2 OR DF.1 OR DF.1.1 OR DG.1 OR DH.1 OR DJ.1 OR DJ.1.1 OR DJ.1.2 OR DJ.1.3 OR DK.1 OR DL.1 OR DM.1 OR DN.1 OR DN.1.1 OR DP.1 OR DQ.1 OR DR.1 OR DS.1 OR DT.1 OR DU.1 OR DV.1,Omicron,1.92857142857143,1.64285714285714,0.851851851851852
2022-04-15,1,1,1.83333333333333,1.5,0.818181818181818,0.333178245598791,0.999783091529969,B.1.1.529 OR BA.1 OR BA.1.1 OR BA.1.1.1 OR BA.1.1.2 OR BA.1.1.3 OR BA.1.1.4 OR BA.1.1.5 OR BA.1.1.6 OR BA.1.1.7 OR BA.1.1.8 OR BA.1.1.9 OR BA.1.1.10 OR BA.1.1.11 OR BA.1.1.12 OR BA.1.1.13 OR BA.1.1.14 OR BA.1.1.15 OR BA.1.1.16 OR BA.1.1.17 OR BA.1.1.18 OR BA.1.2 OR BA.1.3 OR BA.1.4 OR BA.1.5 OR BA.1.6 OR BA.1.7 OR BA.1.8 OR BA.1.9 OR BA.1.10 OR BA.1.12 OR BA.1.13 OR BA.1.13.1 OR BA.1.14 OR BA.1.14.1 OR BA.1.14.2 OR BA.1.15 OR BA.1.15.1 OR BA.1.15.2 OR BA.1.15.3 OR BA.1.16 OR BA.1.16.1 OR BA.1.16.2 OR BA.1.17 OR BA.1.17.1 OR BA.1.17.2 OR BA.1.18 OR BA.1.19 OR BA.1.20 OR BA.1.21 OR BA.1.21.1 OR BA.1.22 OR BA.1.23 OR BA.1.24 OR BA.2 OR BA.2.1 OR BA.2.2 OR BA.2.2.1 OR BA.2.3 OR BA.2.3.1 OR BA.2.3.2 OR BA.2.3.4 OR BA.2.3.5 OR BA.2.3.6 OR BA.2.3.7 OR BA.2.3.8 OR BA.2.3.9 OR BA.2.3.10 OR BA.2.3.11 OR BA.2.3.12 OR BA.2.3.13 OR BA.2.3.14 OR BA.2.3.15 OR BA.2.3.16 OR BA.2.3.17 OR BA.2.3.18 OR BA.2.3.19 OR BA.2.3.20 OR BA.2.3.21 OR BA.2.3.22 OR BA.2.4 OR BA.2.5 OR BA.2.6 OR BA.2.7 OR BA.2.8 OR BA.2.9 OR BA.2.9.1 OR BA.2.9.2 OR BA.2.9.3 OR BA.2.9.4 OR BA.2.9.5 OR BA.2.9.6 OR BA.2.9.7 OR BA.2.10 OR BA.2.10.1 OR BA.2.10.2 OR BA.2.10.3 OR BA.2.10.4 OR BA.2.11 OR BA.2.12 OR BA.2.12.1 OR BA.2.12.2 OR BA.2.13 OR BA.2.13.1 OR BA.2.14 OR BA.2.15 OR BA.2.16 OR BA.2.17 OR BA.2.18 OR BA.2.19 OR BA.2.20 OR BA.2.21 OR BA.2.22 OR BA.2.23 OR BA.2.23.1 OR BA.2.24 OR BA.2.25 OR BA.2.25.1 OR BA.2.26 OR BA.2.27 OR BA.2.28 OR BA.2.29 OR BA.2.30 OR BA.2.31 OR BA.2.31.1 OR BA.2.32 OR BA.2.33 OR BA.2.34 OR BA.2.35 OR BA.2.36 OR BA.2.37 OR BA.2.38 OR BA.2.38.1 OR BA.2.38.2 OR BA.2.38.3 OR BA.2.38.4 OR BA.2.39 OR BA.2.40 OR BA.2.40.1 OR BA.2.41 OR BA.2.42 OR BA.2.43 OR BA.2.44 OR BA.2.45 OR BA.2.46 OR BA.2.47 OR BA.2.48 OR BA.2.49 OR BA.2.50 OR BA.2.51 OR BA.2.52 OR BA.2.53 OR BA.2.54 OR BA.2.55 OR BA.2.56 OR BA.2.56.1 OR BA.2.57 OR BA.2.58 OR BA.2.59 OR BA.2.60 OR BA.2.61 OR BA.2.62 OR BA.2.63 OR BA.2.64 OR BA.2.65 OR BA.2.66 OR BA.2.67 OR BA.2.68 OR BA.2.69 OR BA.2.70 OR BA.2.71 OR BA.2.72 OR BA.2.73 OR BA.2.74 OR BA.2.75 OR BA.2.75.1 OR BA.2.75.2 OR BA.2.75.3 OR BA.2.75.4 OR BA.2.75.5 OR BA.2.75.6 OR BA.2.75.7 OR BA.2.75.8 OR BA.2.75.9 OR BA.2.75.10 OR BA.2.76 OR BA.2.76.1 OR BA.2.76.2 OR BA.2.77 OR BA.2.78 OR BA.2.79 OR BA.2.79.1 OR BA.2.80 OR BA.2.81 OR BA.2.82 OR BA.2.83 OR BA.2.85 OR BA.3 OR BA.3.1 OR BA.4 OR BA.4.1 OR BA.4.1.1 OR BA.4.1.2 OR BA.4.1.3 OR BA.4.1.4 OR BA.4.1.5 OR BA.4.1.6 OR BA.4.1.7 OR BA.4.1.8 OR BA.4.1.9 OR BA.4.1.10 OR BA.4.2 OR BA.4.3 OR BA.4.4 OR BA.4.5 OR BA.4.6 OR BA.4.6.1 OR BA.4.6.2 OR BA.4.6.3 OR BA.4.6.4 OR BA.4.6.5 OR BA.4.7 OR BA.4.8 OR BA.5 OR BA.5.1 OR BA.5.1.1 OR BA.5.1.2 OR BA.5.1.3 OR BA.5.1.4 OR BA.5.1.5 OR BA.5.1.6 OR BA.5.1.7 OR BA.5.1.8 OR BA.5.1.9 OR BA.5.1.10 OR BA.5.1.11 OR BA.5.1.12 OR BA.5.1.14 OR BA.5.1.15 OR BA.5.1.16 OR BA.5.1.17 OR BA.5.1.18 OR BA.5.1.19 OR BA.5.1.20 OR BA.5.1.21 OR BA.5.1.22 OR BA.5.1.23 OR BA.5.1.24 OR BA.5.1.25 OR BA.5.1.26 OR BA.5.1.27 OR BA.5.1.28 OR BA.5.1.29 OR BA.5.1.30 OR BA.5.1.31 OR BA.5.1.32 OR BA.5.2 OR BA.5.2.1 OR BA.5.2.2 OR BA.5.2.3 OR BA.5.2.4 OR BA.5.2.5 OR BA.5.2.6 OR BA.5.2.7 OR BA.5.2.8 OR BA.5.2.9 OR BA.5.2.10 OR BA.5.2.11 OR BA.5.2.12 OR BA.5.2.13 OR BA.5.2.14 OR BA.5.2.16 OR BA.5.2.18 OR BA.5.2.19 OR BA.5.2.20 OR BA.5.2.21 OR BA.5.2.22 OR BA.5.2.23 OR BA.5.2.24 OR BA.5.2.25 OR BA.5.2.26 OR BA.5.2.27 OR BA.5.2.28 OR BA.5.2.29 OR BA.5.2.30 OR BA.5.2.31 OR BA.5.2.32 OR BA.5.2.33 OR BA.5.2.34 OR BA.5.2.35 OR BA.5.2.36 OR BA.5.2.37 OR BA.5.2.38 OR BA.5.2.39 OR BA.5.2.40 OR BA.5.2.41 OR BA.5.2.42 OR BA.5.2.43 OR BA.5.2.44 OR BA.5.2.45 OR BA.5.2.46 OR BA.5.2.47 OR BA.5.2.48 OR BA.5.2.49 OR BA.5.3 OR BA.5.3.1 OR BA.5.3.2 OR BA.5.3.3 OR BA.5.3.4 OR BA.5.3.5 OR BA.5.5 OR BA.5.5.1 OR BA.5.5.2 OR BA.5.5.3 OR BA.5.6 OR BA.5.6.1 OR BA.5.6.2 OR BA.5.6.3 OR BA.5.6.4 OR BA.5.7 OR BA.5.8 OR BA.5.9 OR BA.5.10 OR BA.5.10.1 OR BA.5.11 OR BC.1 OR BC.2 OR BD.1 OR BE.1 OR BE.1.1 OR BE.1.1.1 OR BE.1.1.2 OR BE.1.2 OR BE.1.2.1 OR BE.1.3 OR BE.1.4 OR BE.1.4.1 OR BE.1.4.2 OR BE.1.4.3 OR BE.1.4.4 OR BE.2 OR BE.3 OR BE.4 OR BE.4.1 OR BE.4.1.1 OR BE.4.2 OR BE.5 OR BE.6 OR BE.7 OR BE.8 OR BE.9 OR BE.10 OR BF.1 OR BF.1.1 OR BF.2 OR BF.3 OR BF.3.1 OR BF.4 OR BF.5 OR BF.5.1 OR BF.5.2 OR BF.6 OR BF.7 OR BF.7.1 OR BF.7.2 OR BF.7.3 OR BF.7.4 OR BF.7.4.1 OR BF.7.4.2 OR BF.7.5 OR BF.7.5.1 OR BF.7.6 OR BF.7.7 OR BF.7.8 OR BF.7.9 OR BF.7.10 OR BF.7.11 OR BF.7.12 OR BF.7.13 OR BF.7.13.1 OR BF.7.13.2 OR BF.7.14 OR BF.7.15 OR BF.8 OR BF.9 OR BF.10 OR BF.10.1 OR BF.11 OR BF.11.1 OR BF.11.2 OR BF.11.3 OR BF.11.4 OR BF.11.5 OR BF.12 OR BF.13 OR BF.14 OR BF.15 OR BF.16 OR BF.17 OR BF.18 OR BF.19 OR BF.20 OR BF.21 OR BF.22 OR BF.23 OR BF.24 OR BF.25 OR BF.26 OR BF.27 OR BF.28 OR BF.29 OR BF.30 OR BF.31 OR BF.31.1 OR BF.32 OR BF.33 OR BF.34 OR BG.1 OR BG.2 OR BG.3 OR BG.4 OR BG.5 OR BG.6 OR BG.7 OR BH.1 OR BJ.1 OR BK.1 OR BL.1 OR BL.1.1 OR BL.1.2 OR BL.1.3 OR BL.1.4 OR BL.2 OR BL.2.1 OR BL.3 OR BL.4 OR BL.5 OR BL.6 OR BM.1 OR BM.1.1 OR BM.1.1.1 OR BM.1.1.2 OR BM.1.1.3 OR BM.1.1.4 OR BM.1.1.5 OR BM.2 OR BM.2.1 OR BM.2.2 OR BM.2.3 OR BM.3 OR BM.4 OR BM.4.1 OR BM.4.1.1 OR BM.5 OR BM.6 OR BN.1 OR BN.1.1 OR BN.1.1.1 OR BN.1.2 OR BN.1.2.1 OR BN.1.3 OR BN.1.3.1 OR BN.1.3.2 OR BN.1.3.3 OR BN.1.3.4 OR BN.1.4 OR BN.1.4.1 OR BN.1.5 OR BN.1.5.1 OR BN.1.6 OR BN.1.7 OR BN.1.8 OR BN.1.9 OR BN.2 OR BN.2.1 OR BN.3 OR BN.3.1 OR BN.4 OR BN.5 OR BN.6 OR BP.1 OR BQ.1 OR BQ.1.1 OR BQ.1.1.1 OR BQ.1.1.2 OR BQ.1.1.3 OR BQ.1.1.4 OR BQ.1.1.5 OR BQ.1.1.6 OR BQ.1.1.7 OR BQ.1.1.8 OR BQ.1.1.9 OR BQ.1.1.10 OR BQ.1.1.11 OR BQ.1.1.12 OR BQ.1.1.13 OR BQ.1.1.14 OR BQ.1.1.15 OR BQ.1.1.16 OR BQ.1.1.17 OR BQ.1.1.18 OR BQ.1.1.19 OR BQ.1.1.20 OR BQ.1.1.21 OR BQ.1.1.22 OR BQ.1.1.23 OR BQ.1.1.24 OR BQ.1.1.25 OR BQ.1.1.26 OR BQ.1.1.27 OR BQ.1.1.28 OR BQ.1.1.29 OR BQ.1.1.30 OR BQ.1.1.31 OR BQ.1.1.32 OR BQ.1.1.34 OR BQ.1.1.35 OR BQ.1.1.36 OR BQ.1.2 OR BQ.1.3 OR BQ.1.4 OR BQ.1.5 OR BQ.1.6 OR BQ.1.7 OR BQ.1.8 OR BQ.1.8.1 OR BQ.1.8.2 OR BQ.1.9 OR BQ.1.10 OR BQ.1.10.1 OR BQ.1.11 OR BQ.1.12 OR BQ.1.13 OR BQ.1.13.1 OR BQ.1.14 OR BQ.1.15 OR BQ.1.16 OR BQ.1.17 OR BQ.1.18 OR BQ.1.19 OR BQ.1.20 OR BQ.1.21 OR BQ.1.22 OR BQ.1.23 OR BQ.1.24 OR BQ.1.25 OR BQ.1.25.1 OR BQ.1.26 OR BQ.1.26.1 OR BQ.1.27 OR BQ.1.28 OR BQ.2 OR BR.1 OR BR.1.1 OR BR.1.2 OR BR.2 OR BR.2.1 OR BR.3 OR BR.4 OR BS.1 OR BS.1.1 OR BS.1.2 OR BT.1 OR BT.2 OR BU.1 OR BU.2 OR BU.3 OR BV.1 OR BV.2 OR BW.1 OR BW.1.1 OR BY.1 OR BY.1.1 OR BY.1.1.1 OR BY.1.2 OR BY.1.2.1 OR BZ.1 OR CA.1 OR CA.2 OR CA.3 OR CA.3.1 OR CA.4 OR CA.5 OR CA.6 OR CA.7 OR CB.1 OR CC.1 OR CD.1 OR CD.2 OR CE.1 OR CF.1 OR CG.1 OR CH.1 OR CH.1.1 OR CH.1.1.1 OR CH.1.1.2 OR CH.1.1.3 OR CH.1.1.4 OR CH.1.1.5 OR CH.2 OR CH.3 OR CH.3.1 OR CJ.1 OR CJ.1.1 OR CK.1 OR CK.1.1 OR CK.1.2 OR CK.2 OR CK.2.1 OR CK.2.1.1 OR CK.3 OR CL.1 OR CM.1 OR CM.2 OR CM.2.1 OR CM.3 OR CM.4 OR CM.4.1 OR CM.5 OR CM.5.1 OR CM.5.2 OR CM.6 OR CM.6.1 OR CM.7 OR CM.8 OR CM.8.1 OR CM.9 OR CM.10 OR CM.11 OR CM.12 OR CN.1 OR CN.2 OR CP.1 OR CP.1.1 OR CP.1.2 OR CP.1.3 OR CP.2 OR CP.3 OR CP.4 OR CP.5 OR CP.6 OR CQ.1 OR CQ.1.1 OR CQ.2 OR CR.1 OR CR.1.1 OR CR.1.2 OR CR.1.3 OR CR.2 OR CS.1 OR CT.1 OR CU.1 OR CV.1 OR CV.2 OR CW.1 OR CY.1 OR CZ.1 OR DA.1 OR DB.1 OR DB.2 OR DC.1 OR DD.1 OR DE.1 OR DE.2 OR DF.1 OR DF.1.1 OR DG.1 OR DH.1 OR DJ.1 OR DJ.1.1 OR DJ.1.2 OR DJ.1.3 OR DK.1 OR DL.1 OR DM.1 OR DN.1 OR DN.1.1 OR DP.1 OR DQ.1 OR DR.1 OR DS.1 OR DT.1 OR DU.1 OR DV.1,Omicron,1.64285714285714,1.42857142857143,0.869565217391305
2022-04-16,1,1,1.83333333333333,1.5,0.818181818181818,0.333178245598791,0.999783091529969,B.1.1.529 OR BA.1 OR BA.1.1 OR BA.1.1.1 OR BA.1.1.2 OR BA.1.1.3 OR BA.1.1.4 OR BA.1.1.5 OR BA.1.1.6 OR BA.1.1.7 OR BA.1.1.8 OR BA.1.1.9 OR BA.1.1.10 OR BA.1.1.11 OR BA.1.1.12 OR BA.1.1.13 OR BA.1.1.14 OR BA.1.1.15 OR BA.1.1.16 OR BA.1.1.17 OR BA.1.1.18 OR BA.1.2 OR BA.1.3 OR BA.1.4 OR BA.1.5 OR BA.1.6 OR BA.1.7 OR BA.1.8 OR BA.1.9 OR BA.1.10 OR BA.1.12 OR BA.1.13 OR BA.1.13.1 OR BA.1.14 OR BA.1.14.1 OR BA.1.14.2 OR BA.1.15 OR BA.1.15.1 OR BA.1.15.2 OR BA.1.15.3 OR BA.1.16 OR BA.1.16.1 OR BA.1.16.2 OR BA.1.17 OR BA.1.17.1 OR BA.1.17.2 OR BA.1.18 OR BA.1.19 OR BA.1.20 OR BA.1.21 OR BA.1.21.1 OR BA.1.22 OR BA.1.23 OR BA.1.24 OR BA.2 OR BA.2.1 OR BA.2.2 OR BA.2.2.1 OR BA.2.3 OR BA.2.3.1 OR BA.2.3.2 OR BA.2.3.4 OR BA.2.3.5 OR BA.2.3.6 OR BA.2.3.7 OR BA.2.3.8 OR BA.2.3.9 OR BA.2.3.10 OR BA.2.3.11 OR BA.2.3.12 OR BA.2.3.13 OR BA.2.3.14 OR BA.2.3.15 OR BA.2.3.16 OR BA.2.3.17 OR BA.2.3.18 OR BA.2.3.19 OR BA.2.3.20 OR BA.2.3.21 OR BA.2.3.22 OR BA.2.4 OR BA.2.5 OR BA.2.6 OR BA.2.7 OR BA.2.8 OR BA.2.9 OR BA.2.9.1 OR BA.2.9.2 OR BA.2.9.3 OR BA.2.9.4 OR BA.2.9.5 OR BA.2.9.6 OR BA.2.9.7 OR BA.2.10 OR BA.2.10.1 OR BA.2.10.2 OR BA.2.10.3 OR BA.2.10.4 OR BA.2.11 OR BA.2.12 OR BA.2.12.1 OR BA.2.12.2 OR BA.2.13 OR BA.2.13.1 OR BA.2.14 OR BA.2.15 OR BA.2.16 OR BA.2.17 OR BA.2.18 OR BA.2.19 OR BA.2.20 OR BA.2.21 OR BA.2.22 OR BA.2.23 OR BA.2.23.1 OR BA.2.24 OR BA.2.25 OR BA.2.25.1 OR BA.2.26 OR BA.2.27 OR BA.2.28 OR BA.2.29 OR BA.2.30 OR BA.2.31 OR BA.2.31.1 OR BA.2.32 OR BA.2.33 OR BA.2.34 OR BA.2.35 OR BA.2.36 OR BA.2.37 OR BA.2.38 OR BA.2.38.1 OR BA.2.38.2 OR BA.2.38.3 OR BA.2.38.4 OR BA.2.39 OR BA.2.40 OR BA.2.40.1 OR BA.2.41 OR BA.2.42 OR BA.2.43 OR BA.2.44 OR BA.2.45 OR BA.2.46 OR BA.2.47 OR BA.2.48 OR BA.2.49 OR BA.2.50 OR BA.2.51 OR BA.2.52 OR BA.2.53 OR BA.2.54 OR BA.2.55 OR BA.2.56 OR BA.2.56.1 OR BA.2.57 OR BA.2.58 OR BA.2.59 OR BA.2.60 OR BA.2.61 OR BA.2.62 OR BA.2.63 OR BA.2.64 OR BA.2.65 OR BA.2.66 OR BA.2.67 OR BA.2.68 OR BA.2.69 OR BA.2.70 OR BA.2.71 OR BA.2.72 OR BA.2.73 OR BA.2.74 OR BA.2.75 OR BA.2.75.1 OR BA.2.75.2 OR BA.2.75.3 OR BA.2.75.4 OR BA.2.75.5 OR BA.2.75.6 OR BA.2.75.7 OR BA.2.75.8 OR BA.2.75.9 OR BA.2.75.10 OR BA.2.76 OR BA.2.76.1 OR BA.2.76.2 OR BA.2.77 OR BA.2.78 OR BA.2.79 OR BA.2.79.1 OR BA.2.80 OR BA.2.81 OR BA.2.82 OR BA.2.83 OR BA.2.85 OR BA.3 OR BA.3.1 OR BA.4 OR BA.4.1 OR BA.4.1.1 OR BA.4.1.2 OR BA.4.1.3 OR BA.4.1.4 OR BA.4.1.5 OR BA.4.1.6 OR BA.4.1.7 OR BA.4.1.8 OR BA.4.1.9 OR BA.4.1.10 OR BA.4.2 OR BA.4.3 OR BA.4.4 OR BA.4.5 OR BA.4.6 OR BA.4.6.1 OR BA.4.6.2 OR BA.4.6.3 OR BA.4.6.4 OR BA.4.6.5 OR BA.4.7 OR BA.4.8 OR BA.5 OR BA.5.1 OR BA.5.1.1 OR BA.5.1.2 OR BA.5.1.3 OR BA.5.1.4 OR BA.5.1.5 OR BA.5.1.6 OR BA.5.1.7 OR BA.5.1.8 OR BA.5.1.9 OR BA.5.1.10 OR BA.5.1.11 OR BA.5.1.12 OR BA.5.1.14 OR BA.5.1.15 OR BA.5.1.16 OR BA.5.1.17 OR BA.5.1.18 OR BA.5.1.19 OR BA.5.1.20 OR BA.5.1.21 OR BA.5.1.22 OR BA.5.1.23 OR BA.5.1.24 OR BA.5.1.25 OR BA.5.1.26 OR BA.5.1.27 OR BA.5.1.28 OR BA.5.1.29 OR BA.5.1.30 OR BA.5.1.31 OR BA.5.1.32 OR BA.5.2 OR BA.5.2.1 OR BA.5.2.2 OR BA.5.2.3 OR BA.5.2.4 OR BA.5.2.5 OR BA.5.2.6 OR BA.5.2.7 OR BA.5.2.8 OR BA.5.2.9 OR BA.5.2.10 OR BA.5.2.11 OR BA.5.2.12 OR BA.5.2.13 OR BA.5.2.14 OR BA.5.2.16 OR BA.5.2.18 OR BA.5.2.19 OR BA.5.2.20 OR BA.5.2.21 OR BA.5.2.22 OR BA.5.2.23 OR BA.5.2.24 OR BA.5.2.25 OR BA.5.2.26 OR BA.5.2.27 OR BA.5.2.28 OR BA.5.2.29 OR BA.5.2.30 OR BA.5.2.31 OR BA.5.2.32 OR BA.5.2.33 OR BA.5.2.34 OR BA.5.2.35 OR BA.5.2.36 OR BA.5.2.37 OR BA.5.2.38 OR BA.5.2.39 OR BA.5.2.40 OR BA.5.2.41 OR BA.5.2.42 OR BA.5.2.43 OR BA.5.2.44 OR BA.5.2.45 OR BA.5.2.46 OR BA.5.2.47 OR BA.5.2.48 OR BA.5.2.49 OR BA.5.3 OR BA.5.3.1 OR BA.5.3.2 OR BA.5.3.3 OR BA.5.3.4 OR BA.5.3.5 OR BA.5.5 OR BA.5.5.1 OR BA.5.5.2 OR BA.5.5.3 OR BA.5.6 OR BA.5.6.1 OR BA.5.6.2 OR BA.5.6.3 OR BA.5.6.4 OR BA.5.7 OR BA.5.8 OR BA.5.9 OR BA.5.10 OR BA.5.10.1 OR BA.5.11 OR BC.1 OR BC.2 OR BD.1 OR BE.1 OR BE.1.1 OR BE.1.1.1 OR BE.1.1.2 OR BE.1.2 OR BE.1.2.1 OR BE.1.3 OR BE.1.4 OR BE.1.4.1 OR BE.1.4.2 OR BE.1.4.3 OR BE.1.4.4 OR BE.2 OR BE.3 OR BE.4 OR BE.4.1 OR BE.4.1.1 OR BE.4.2 OR BE.5 OR BE.6 OR BE.7 OR BE.8 OR BE.9 OR BE.10 OR BF.1 OR BF.1.1 OR BF.2 OR BF.3 OR BF.3.1 OR BF.4 OR BF.5 OR BF.5.1 OR BF.5.2 OR BF.6 OR BF.7 OR BF.7.1 OR BF.7.2 OR BF.7.3 OR BF.7.4 OR BF.7.4.1 OR BF.7.4.2 OR BF.7.5 OR BF.7.5.1 OR BF.7.6 OR BF.7.7 OR BF.7.8 OR BF.7.9 OR BF.7.10 OR BF.7.11 OR BF.7.12 OR BF.7.13 OR BF.7.13.1 OR BF.7.13.2 OR BF.7.14 OR BF.7.15 OR BF.8 OR BF.9 OR BF.10 OR BF.10.1 OR BF.11 OR BF.11.1 OR BF.11.2 OR BF.11.3 OR BF.11.4 OR BF.11.5 OR BF.12 OR BF.13 OR BF.14 OR BF.15 OR BF.16 OR BF.17 OR BF.18 OR BF.19 OR BF.20 OR BF.21 OR BF.22 OR BF.23 OR BF.24 OR BF.25 OR BF.26 OR BF.27 OR BF.28 OR BF.29 OR BF.30 OR BF.31 OR BF.31.1 OR BF.32 OR BF.33 OR BF.34 OR BG.1 OR BG.2 OR BG.3 OR BG.4 OR BG.5 OR BG.6 OR BG.7 OR BH.1 OR BJ.1 OR BK.1 OR BL.1 OR BL.1.1 OR BL.1.2 OR BL.1.3 OR BL.1.4 OR BL.2 OR BL.2.1 OR BL.3 OR BL.4 OR BL.5 OR BL.6 OR BM.1 OR BM.1.1 OR BM.1.1.1 OR BM.1.1.2 OR BM.1.1.3 OR BM.1.1.4 OR BM.1.1.5 OR BM.2 OR BM.2.1 OR BM.2.2 OR BM.2.3 OR BM.3 OR BM.4 OR BM.4.1 OR BM.4.1.1 OR BM.5 OR BM.6 OR BN.1 OR BN.1.1 OR BN.1.1.1 OR BN.1.2 OR BN.1.2.1 OR BN.1.3 OR BN.1.3.1 OR BN.1.3.2 OR BN.1.3.3 OR BN.1.3.4 OR BN.1.4 OR BN.1.4.1 OR BN.1.5 OR BN.1.5.1 OR BN.1.6 OR BN.1.7 OR BN.1.8 OR BN.1.9 OR BN.2 OR BN.2.1 OR BN.3 OR BN.3.1 OR BN.4 OR BN.5 OR BN.6 OR BP.1 OR BQ.1 OR BQ.1.1 OR BQ.1.1.1 OR BQ.1.1.2 OR BQ.1.1.3 OR BQ.1.1.4 OR BQ.1.1.5 OR BQ.1.1.6 OR BQ.1.1.7 OR BQ.1.1.8 OR BQ.1.1.9 OR BQ.1.1.10 OR BQ.1.1.11 OR BQ.1.1.12 OR BQ.1.1.13 OR BQ.1.1.14 OR BQ.1.1.15 OR BQ.1.1.16 OR BQ.1.1.17 OR BQ.1.1.18 OR BQ.1.1.19 OR BQ.1.1.20 OR BQ.1.1.21 OR BQ.1.1.22 OR BQ.1.1.23 OR BQ.1.1.24 OR BQ.1.1.25 OR BQ.1.1.26 OR BQ.1.1.27 OR BQ.1.1.28 OR BQ.1.1.29 OR BQ.1.1.30 OR BQ.1.1.31 OR BQ.1.1.32 OR BQ.1.1.34 OR BQ.1.1.35 OR BQ.1.1.36 OR BQ.1.2 OR BQ.1.3 OR BQ.1.4 OR BQ.1.5 OR BQ.1.6 OR BQ.1.7 OR BQ.1.8 OR BQ.1.8.1 OR BQ.1.8.2 OR BQ.1.9 OR BQ.1.10 OR BQ.1.10.1 OR BQ.1.11 OR BQ.1.12 OR BQ.1.13 OR BQ.1.13.1 OR BQ.1.14 OR BQ.1.15 OR BQ.1.16 OR BQ.1.17 OR BQ.1.18 OR BQ.1.19 OR BQ.1.20 OR BQ.1.21 OR BQ.1.22 OR BQ.1.23 OR BQ.1.24 OR BQ.1.25 OR BQ.1.25.1 OR BQ.1.26 OR BQ.1.26.1 OR BQ.1.27 OR BQ.1.28 OR BQ.2 OR BR.1 OR BR.1.1 OR BR.1.2 OR BR.2 OR BR.2.1 OR BR.3 OR BR.4 OR BS.1 OR BS.1.1 OR BS.1.2 OR BT.1 OR BT.2 OR BU.1 OR BU.2 OR BU.3 OR BV.1 OR BV.2 OR BW.1 OR BW.1.1 OR BY.1 OR BY.1.1 OR BY.1.1.1 OR BY.1.2 OR BY.1.2.1 OR BZ.1 OR CA.1 OR CA.2 OR CA.3 OR CA.3.1 OR CA.4 OR CA.5 OR CA.6 OR CA.7 OR CB.1 OR CC.1 OR CD.1 OR CD.2 OR CE.1 OR CF.1 OR CG.1 OR CH.1 OR CH.1.1 OR CH.1.1.1 OR CH.1.1.2 OR CH.1.1.3 OR CH.1.1.4 OR CH.1.1.5 OR CH.2 OR CH.3 OR CH.3.1 OR CJ.1 OR CJ.1.1 OR CK.1 OR CK.1.1 OR CK.1.2 OR CK.2 OR CK.2.1 OR CK.2.1.1 OR CK.3 OR CL.1 OR CM.1 OR CM.2 OR CM.2.1 OR CM.3 OR CM.4 OR CM.4.1 OR CM.5 OR CM.5.1 OR CM.5.2 OR CM.6 OR CM.6.1 OR CM.7 OR CM.8 OR CM.8.1 OR CM.9 OR CM.10 OR CM.11 OR CM.12 OR CN.1 OR CN.2 OR CP.1 OR CP.1.1 OR CP.1.2 OR CP.1.3 OR CP.2 OR CP.3 OR CP.4 OR CP.5 OR CP.6 OR CQ.1 OR CQ.1.1 OR CQ.2 OR CR.1 OR CR.1.1 OR CR.1.2 OR CR.1.3 OR CR.2 OR CS.1 OR CT.1 OR CU.1 OR CV.1 OR CV.2 OR CW.1 OR CY.1 OR CZ.1 OR DA.1 OR DB.1 OR DB.2 OR DC.1 OR DD.1 OR DE.1 OR DE.2 OR DF.1 OR DF.1.1 OR DG.1 OR DH.1 OR DJ.1 OR DJ.1.1 OR DJ.1.2 OR DJ.1.3 OR DK.1 OR DL.1 OR DM.1 OR DN.1 OR DN.1.1 OR DP.1 OR DQ.1 OR DR.1 OR DS.1 OR DT.1 OR DU.1 OR DV.1,Omicron,1.57142857142857,1.35714285714286,0.863636363636364
2022-04-18,1,1,1.6,1.4,0.875,0.0608302759200974,0.939169724079903,B.1.1.529 OR BA.1 OR BA.1.1 OR BA.1.1.1 OR BA.1.1.2 OR BA.1.1.3 OR BA.1.1.4 OR BA.1.1.5 OR BA.1.1.6 OR BA.1.1.7 OR BA.1.1.8 OR BA.1.1.9 OR BA.1.1.10 OR BA.1.1.11 OR BA.1.1.12 OR BA.1.1.13 OR BA.1.1.14 OR BA.1.1.15 OR BA.1.1.16 OR BA.1.1.17 OR BA.1.1.18 OR BA.1.2 OR BA.1.3 OR BA.1.4 OR BA.1.5 OR BA.1.6 OR BA.1.7 OR BA.1.8 OR BA.1.9 OR BA.1.10 OR BA.1.12 OR BA.1.13 OR BA.1.13.1 OR BA.1.14 OR BA.1.14.1 OR BA.1.14.2 OR BA.1.15 OR BA.1.15.1 OR BA.1.15.2 OR BA.1.15.3 OR BA.1.16 OR BA.1.16.1 OR BA.1.16.2 OR BA.1.17 OR BA.1.17.1 OR BA.1.17.2 OR BA.1.18 OR BA.1.19 OR BA.1.20 OR BA.1.21 OR BA.1.21.1 OR BA.1.22 OR BA.1.23 OR BA.1.24 OR BA.2 OR BA.2.1 OR BA.2.2 OR BA.2.2.1 OR BA.2.3 OR BA.2.3.1 OR BA.2.3.2 OR BA.2.3.4 OR BA.2.3.5 OR BA.2.3.6 OR BA.2.3.7 OR BA.2.3.8 OR BA.2.3.9 OR BA.2.3.10 OR BA.2.3.11 OR BA.2.3.12 OR BA.2.3.13 OR BA.2.3.14 OR BA.2.3.15 OR BA.2.3.16 OR BA.2.3.17 OR BA.2.3.18 OR BA.2.3.19 OR BA.2.3.20 OR BA.2.3.21 OR BA.2.3.22 OR BA.2.4 OR BA.2.5 OR BA.2.6 OR BA.2.7 OR BA.2.8 OR BA.2.9 OR BA.2.9.1 OR BA.2.9.2 OR BA.2.9.3 OR BA.2.9.4 OR BA.2.9.5 OR BA.2.9.6 OR BA.2.9.7 OR BA.2.10 OR BA.2.10.1 OR BA.2.10.2 OR BA.2.10.3 OR BA.2.10.4 OR BA.2.11 OR BA.2.12 OR BA.2.12.1 OR BA.2.12.2 OR BA.2.13 OR BA.2.13.1 OR BA.2.14 OR BA.2.15 OR BA.2.16 OR BA.2.17 OR BA.2.18 OR BA.2.19 OR BA.2.20 OR BA.2.21 OR BA.2.22 OR BA.2.23 OR BA.2.23.1 OR BA.2.24 OR BA.2.25 OR BA.2.25.1 OR BA.2.26 OR BA.2.27 OR BA.2.28 OR BA.2.29 OR BA.2.30 OR BA.2.31 OR BA.2.31.1 OR BA.2.32 OR BA.2.33 OR BA.2.34 OR BA.2.35 OR BA.2.36 OR BA.2.37 OR BA.2.38 OR BA.2.38.1 OR BA.2.38.2 OR BA.2.38.3 OR BA.2.38.4 OR BA.2.39 OR BA.2.40 OR BA.2.40.1 OR BA.2.41 OR BA.2.42 OR BA.2.43 OR BA.2.44 OR BA.2.45 OR BA.2.46 OR BA.2.47 OR BA.2.48 OR BA.2.49 OR BA.2.50 OR BA.2.51 OR BA.2.52 OR BA.2.53 OR BA.2.54 OR BA.2.55 OR BA.2.56 OR BA.2.56.1 OR BA.2.57 OR BA.2.58 OR BA.2.59 OR BA.2.60 OR BA.2.61 OR BA.2.62 OR BA.2.63 OR BA.2.64 OR BA.2.65 OR BA.2.66 OR BA.2.67 OR BA.2.68 OR BA.2.69 OR BA.2.70 OR BA.2.71 OR BA.2.72 OR BA.2.73 OR BA.2.74 OR BA.2.75 OR BA.2.75.1 OR BA.2.75.2 OR BA.2.75.3 OR BA.2.75.4 OR BA.2.75.5 OR BA.2.75.6 OR BA.2.75.7 OR BA.2.75.8 OR BA.2.75.9 OR BA.2.75.10 OR BA.2.76 OR BA.2.76.1 OR BA.2.76.2 OR BA.2.77 OR BA.2.78 OR BA.2.79 OR BA.2.79.1 OR BA.2.80 OR BA.2.81 OR BA.2.82 OR BA.2.83 OR BA.2.85 OR BA.3 OR BA.3.1 OR BA.4 OR BA.4.1 OR BA.4.1.1 OR BA.4.1.2 OR BA.4.1.3 OR BA.4.1.4 OR BA.4.1.5 OR BA.4.1.6 OR BA.4.1.7 OR BA.4.1.8 OR BA.4.1.9 OR BA.4.1.10 OR BA.4.2 OR BA.4.3 OR BA.4.4 OR BA.4.5 OR BA.4.6 OR BA.4.6.1 OR BA.4.6.2 OR BA.4.6.3 OR BA.4.6.4 OR BA.4.6.5 OR BA.4.7 OR BA.4.8 OR BA.5 OR BA.5.1 OR BA.5.1.1 OR BA.5.1.2 OR BA.5.1.3 OR BA.5.1.4 OR BA.5.1.5 OR BA.5.1.6 OR BA.5.1.7 OR BA.5.1.8 OR BA.5.1.9 OR BA.5.1.10 OR BA.5.1.11 OR BA.5.1.12 OR BA.5.1.14 OR BA.5.1.15 OR BA.5.1.16 OR BA.5.1.17 OR BA.5.1.18 OR BA.5.1.19 OR BA.5.1.20 OR BA.5.1.21 OR BA.5.1.22 OR BA.5.1.23 OR BA.5.1.24 OR BA.5.1.25 OR BA.5.1.26 OR BA.5.1.27 OR BA.5.1.28 OR BA.5.1.29 OR BA.5.1.30 OR BA.5.1.31 OR BA.5.1.32 OR BA.5.2 OR BA.5.2.1 OR BA.5.2.2 OR BA.5.2.3 OR BA.5.2.4 OR BA.5.2.5 OR BA.5.2.6 OR BA.5.2.7 OR BA.5.2.8 OR BA.5.2.9 OR BA.5.2.10 OR BA.5.2.11 OR BA.5.2.12 OR BA.5.2.13 OR BA.5.2.14 OR BA.5.2.16 OR BA.5.2.18 OR BA.5.2.19 OR BA.5.2.20 OR BA.5.2.21 OR BA.5.2.22 OR BA.5.2.23 OR BA.5.2.24 OR BA.5.2.25 OR BA.5.2.26 OR BA.5.2.27 OR BA.5.2.28 OR BA.5.2.29 OR BA.5.2.30 OR BA.5.2.31 OR BA.5.2.32 OR BA.5.2.33 OR BA.5.2.34 OR BA.5.2.35 OR BA.5.2.36 OR BA.5.2.37 OR BA.5.2.38 OR BA.5.2.39 OR BA.5.2.40 OR BA.5.2.41 OR BA.5.2.42 OR BA.5.2.43 OR BA.5.2.44 OR BA.5.2.45 OR BA.5.2.46 OR BA.5.2.47 OR BA.5.2.48 OR BA.5.2.49 OR BA.5.3 OR BA.5.3.1 OR BA.5.3.2 OR BA.5.3.3 OR BA.5.3.4 OR BA.5.3.5 OR BA.5.5 OR BA.5.5.1 OR BA.5.5.2 OR BA.5.5.3 OR BA.5.6 OR BA.5.6.1 OR BA.5.6.2 OR BA.5.6.3 OR BA.5.6.4 OR BA.5.7 OR BA.5.8 OR BA.5.9 OR BA.5.10 OR BA.5.10.1 OR BA.5.11 OR BC.1 OR BC.2 OR BD.1 OR BE.1 OR BE.1.1 OR BE.1.1.1 OR BE.1.1.2 OR BE.1.2 OR BE.1.2.1 OR BE.1.3 OR BE.1.4 OR BE.1.4.1 OR BE.1.4.2 OR BE.1.4.3 OR BE.1.4.4 OR BE.2 OR BE.3 OR BE.4 OR BE.4.1 OR BE.4.1.1 OR BE.4.2 OR BE.5 OR BE.6 OR BE.7 OR BE.8 OR BE.9 OR BE.10 OR BF.1 OR BF.1.1 OR BF.2 OR BF.3 OR BF.3.1 OR BF.4 OR BF.5 OR BF.5.1 OR BF.5.2 OR BF.6 OR BF.7 OR BF.7.1 OR BF.7.2 OR BF.7.3 OR BF.7.4 OR BF.7.4.1 OR BF.7.4.2 OR BF.7.5 OR BF.7.5.1 OR BF.7.6 OR BF.7.7 OR BF.7.8 OR BF.7.9 OR BF.7.10 OR BF.7.11 OR BF.7.12 OR BF.7.13 OR BF.7.13.1 OR BF.7.13.2 OR BF.7.14 OR BF.7.15 OR BF.8 OR BF.9 OR BF.10 OR BF.10.1 OR BF.11 OR BF.11.1 OR BF.11.2 OR BF.11.3 OR BF.11.4 OR BF.11.5 OR BF.12 OR BF.13 OR BF.14 OR BF.15 OR BF.16 OR BF.17 OR BF.18 OR BF.19 OR BF.20 OR BF.21 OR BF.22 OR BF.23 OR BF.24 OR BF.25 OR BF.26 OR BF.27 OR BF.28 OR BF.29 OR BF.30 OR BF.31 OR BF.31.1 OR BF.32 OR BF.33 OR BF.34 OR BG.1 OR BG.2 OR BG.3 OR BG.4 OR BG.5 OR BG.6 OR BG.7 OR BH.1 OR BJ.1 OR BK.1 OR BL.1 OR BL.1.1 OR BL.1.2 OR BL.1.3 OR BL.1.4 OR BL.2 OR BL.2.1 OR BL.3 OR BL.4 OR BL.5 OR BL.6 OR BM.1 OR BM.1.1 OR BM.1.1.1 OR BM.1.1.2 OR BM.1.1.3 OR BM.1.1.4 OR BM.1.1.5 OR BM.2 OR BM.2.1 OR BM.2.2 OR BM.2.3 OR BM.3 OR BM.4 OR BM.4.1 OR BM.4.1.1 OR BM.5 OR BM.6 OR BN.1 OR BN.1.1 OR BN.1.1.1 OR BN.1.2 OR BN.1.2.1 OR BN.1.3 OR BN.1.3.1 OR BN.1.3.2 OR BN.1.3.3 OR BN.1.3.4 OR BN.1.4 OR BN.1.4.1 OR BN.1.5 OR BN.1.5.1 OR BN.1.6 OR BN.1.7 OR BN.1.8 OR BN.1.9 OR BN.2 OR BN.2.1 OR BN.3 OR BN.3.1 OR BN.4 OR BN.5 OR BN.6 OR BP.1 OR BQ.1 OR BQ.1.1 OR BQ.1.1.1 OR BQ.1.1.2 OR BQ.1.1.3 OR BQ.1.1.4 OR BQ.1.1.5 OR BQ.1.1.6 OR BQ.1.1.7 OR BQ.1.1.8 OR BQ.1.1.9 OR BQ.1.1.10 OR BQ.1.1.11 OR BQ.1.1.12 OR BQ.1.1.13 OR BQ.1.1.14 OR BQ.1.1.15 OR BQ.1.1.16 OR BQ.1.1.17 OR BQ.1.1.18 OR BQ.1.1.19 OR BQ.1.1.20 OR BQ.1.1.21 OR BQ.1.1.22 OR BQ.1.1.23 OR BQ.1.1.24 OR BQ.1.1.25 OR BQ.1.1.26 OR BQ.1.1.27 OR BQ.1.1.28 OR BQ.1.1.29 OR BQ.1.1.30 OR BQ.1.1.31 OR BQ.1.1.32 OR BQ.1.1.34 OR BQ.1.1.35 OR BQ.1.1.36 OR BQ.1.2 OR BQ.1.3 OR BQ.1.4 OR BQ.1.5 OR BQ.1.6 OR BQ.1.7 OR BQ.1.8 OR BQ.1.8.1 OR BQ.1.8.2 OR BQ.1.9 OR BQ.1.10 OR BQ.1.10.1 OR BQ.1.11 OR BQ.1.12 OR BQ.1.13 OR BQ.1.13.1 OR BQ.1.14 OR BQ.1.15 OR BQ.1.16 OR BQ.1.17 OR BQ.1.18 OR BQ.1.19 OR BQ.1.20 OR BQ.1.21 OR BQ.1.22 OR BQ.1.23 OR BQ.1.24 OR BQ.1.25 OR BQ.1.25.1 OR BQ.1.26 OR BQ.1.26.1 OR BQ.1.27 OR BQ.1.28 OR BQ.2 OR BR.1 OR BR.1.1 OR BR.1.2 OR BR.2 OR BR.2.1 OR BR.3 OR BR.4 OR BS.1 OR BS.1.1 OR BS.1.2 OR BT.1 OR BT.2 OR BU.1 OR BU.2 OR BU.3 OR BV.1 OR BV.2 OR BW.1 OR BW.1.1 OR BY.1 OR BY.1.1 OR BY.1.1.1 OR BY.1.2 OR BY.1.2.1 OR BZ.1 OR CA.1 OR CA.2 OR CA.3 OR CA.3.1 OR CA.4 OR CA.5 OR CA.6 OR CA.7 OR CB.1 OR CC.1 OR CD.1 OR CD.2 OR CE.1 OR CF.1 OR CG.1 OR CH.1 OR CH.1.1 OR CH.1.1.1 OR CH.1.1.2 OR CH.1.1.3 OR CH.1.1.4 OR CH.1.1.5 OR CH.2 OR CH.3 OR CH.3.1 OR CJ.1 OR CJ.1.1 OR CK.1 OR CK.1.1 OR CK.1.2 OR CK.2 OR CK.2.1 OR CK.2.1.1 OR CK.3 OR CL.1 OR CM.1 OR CM.2 OR CM.2.1 OR CM.3 OR CM.4 OR CM.4.1 OR CM.5 OR CM.5.1 OR CM.5.2 OR CM.6 OR CM.6.1 OR CM.7 OR CM.8 OR CM.8.1 OR CM.9 OR CM.10 OR CM.11 OR CM.12 OR CN.1 OR CN.2 OR CP.1 OR CP.1.1 OR CP.1.2 OR CP.1.3 OR CP.2 OR CP.3 OR CP.4 OR CP.5 OR CP.6 OR CQ.1 OR CQ.1.1 OR CQ.2 OR CR.1 OR CR.1.1 OR CR.1.2 OR CR.1.3 OR CR.2 OR CS.1 OR CT.1 OR CU.1 OR CV.1 OR CV.2 OR CW.1 OR CY.1 OR CZ.1 OR DA.1 OR DB.1 OR DB.2 OR DC.1 OR DD.1 OR DE.1 OR DE.2 OR DF.1 OR DF.1.1 OR DG.1 OR DH.1 OR DJ.1 OR DJ.1.1 OR DJ.1.2 OR DJ.1.3 OR DK.1 OR DL.1 OR DM.1 OR DN.1 OR DN.1.1 OR DP.1 OR DQ.1 OR DR.1 OR DS.1 OR DT.1 OR DU.1 OR DV.1,Omicron,1.57142857142857,1.35714285714286,0.863636363636364
2022-04-19,3,3,2,1.8,0.9,0.333178245598791,0.999783091529969,B.1.1.529 OR BA.1 OR BA.1.1 OR BA.1.1.1 OR BA.1.1.2 OR BA.1.1.3 OR BA.1.1.4 OR BA.1.1.5 OR BA.1.1.6 OR BA.1.1.7 OR BA.1.1.8 OR BA.1.1.9 OR BA.1.1.10 OR BA.1.1.11 OR BA.1.1.12 OR BA.1.1.13 OR BA.1.1.14 OR BA.1.1.15 OR BA.1.1.16 OR BA.1.1.17 OR BA.1.1.18 OR BA.1.2 OR BA.1.3 OR BA.1.4 OR BA.1.5 OR BA.1.6 OR BA.1.7 OR BA.1.8 OR BA.1.9 OR BA.1.10 OR BA.1.12 OR BA.1.13 OR BA.1.13.1 OR BA.1.14 OR BA.1.14.1 OR BA.1.14.2 OR BA.1.15 OR BA.1.15.1 OR BA.1.15.2 OR BA.1.15.3 OR BA.1.16 OR BA.1.16.1 OR BA.1.16.2 OR BA.1.17 OR BA.1.17.1 OR BA.1.17.2 OR BA.1.18 OR BA.1.19 OR BA.1.20 OR BA.1.21 OR BA.1.21.1 OR BA.1.22 OR BA.1.23 OR BA.1.24 OR BA.2 OR BA.2.1 OR BA.2.2 OR BA.2.2.1 OR BA.2.3 OR BA.2.3.1 OR BA.2.3.2 OR BA.2.3.4 OR BA.2.3.5 OR BA.2.3.6 OR BA.2.3.7 OR BA.2.3.8 OR BA.2.3.9 OR BA.2.3.10 OR BA.2.3.11 OR BA.2.3.12 OR BA.2.3.13 OR BA.2.3.14 OR BA.2.3.15 OR BA.2.3.16 OR BA.2.3.17 OR BA.2.3.18 OR BA.2.3.19 OR BA.2.3.20 OR BA.2.3.21 OR BA.2.3.22 OR BA.2.4 OR BA.2.5 OR BA.2.6 OR BA.2.7 OR BA.2.8 OR BA.2.9 OR BA.2.9.1 OR BA.2.9.2 OR BA.2.9.3 OR BA.2.9.4 OR BA.2.9.5 OR BA.2.9.6 OR BA.2.9.7 OR BA.2.10 OR BA.2.10.1 OR BA.2.10.2 OR BA.2.10.3 OR BA.2.10.4 OR BA.2.11 OR BA.2.12 OR BA.2.12.1 OR BA.2.12.2 OR BA.2.13 OR BA.2.13.1 OR BA.2.14 OR BA.2.15 OR BA.2.16 OR BA.2.17 OR BA.2.18 OR BA.2.19 OR BA.2.20 OR BA.2.21 OR BA.2.22 OR BA.2.23 OR BA.2.23.1 OR BA.2.24 OR BA.2.25 OR BA.2.25.1 OR BA.2.26 OR BA.2.27 OR BA.2.28 OR BA.2.29 OR BA.2.30 OR BA.2.31 OR BA.2.31.1 OR BA.2.32 OR BA.2.33 OR BA.2.34 OR BA.2.35 OR BA.2.36 OR BA.2.37 OR BA.2.38 OR BA.2.38.1 OR BA.2.38.2 OR BA.2.38.3 OR BA.2.38.4 OR BA.2.39 OR BA.2.40 OR BA.2.40.1 OR BA.2.41 OR BA.2.42 OR BA.2.43 OR BA.2.44 OR BA.2.45 OR BA.2.46 OR BA.2.47 OR BA.2.48 OR BA.2.49 OR BA.2.50 OR BA.2.51 OR BA.2.52 OR BA.2.53 OR BA.2.54 OR BA.2.55 OR BA.2.56 OR BA.2.56.1 OR BA.2.57 OR BA.2.58 OR BA.2.59 OR BA.2.60 OR BA.2.61 OR BA.2.62 OR BA.2.63 OR BA.2.64 OR BA.2.65 OR BA.2.66 OR BA.2.67 OR BA.2.68 OR BA.2.69 OR BA.2.70 OR BA.2.71 OR BA.2.72 OR BA.2.73 OR BA.2.74 OR BA.2.75 OR BA.2.75.1 OR BA.2.75.2 OR BA.2.75.3 OR BA.2.75.4 OR BA.2.75.5 OR BA.2.75.6 OR BA.2.75.7 OR BA.2.75.8 OR BA.2.75.9 OR BA.2.75.10 OR BA.2.76 OR BA.2.76.1 OR BA.2.76.2 OR BA.2.77 OR BA.2.78 OR BA.2.79 OR BA.2.79.1 OR BA.2.80 OR BA.2.81 OR BA.2.82 OR BA.2.83 OR BA.2.85 OR BA.3 OR BA.3.1 OR BA.4 OR BA.4.1 OR BA.4.1.1 OR BA.4.1.2 OR BA.4.1.3 OR BA.4.1.4 OR BA.4.1.5 OR BA.4.1.6 OR BA.4.1.7 OR BA.4.1.8 OR BA.4.1.9 OR BA.4.1.10 OR BA.4.2 OR BA.4.3 OR BA.4.4 OR BA.4.5 OR BA.4.6 OR BA.4.6.1 OR BA.4.6.2 OR BA.4.6.3 OR BA.4.6.4 OR BA.4.6.5 OR BA.4.7 OR BA.4.8 OR BA.5 OR BA.5.1 OR BA.5.1.1 OR BA.5.1.2 OR BA.5.1.3 OR BA.5.1.4 OR BA.5.1.5 OR BA.5.1.6 OR BA.5.1.7 OR BA.5.1.8 OR BA.5.1.9 OR BA.5.1.10 OR BA.5.1.11 OR BA.5.1.12 OR BA.5.1.14 OR BA.5.1.15 OR BA.5.1.16 OR BA.5.1.17 OR BA.5.1.18 OR BA.5.1.19 OR BA.5.1.20 OR BA.5.1.21 OR BA.5.1.22 OR BA.5.1.23 OR BA.5.1.24 OR BA.5.1.25 OR BA.5.1.26 OR BA.5.1.27 OR BA.5.1.28 OR BA.5.1.29 OR BA.5.1.30 OR BA.5.1.31 OR BA.5.1.32 OR BA.5.2 OR BA.5.2.1 OR BA.5.2.2 OR BA.5.2.3 OR BA.5.2.4 OR BA.5.2.5 OR BA.5.2.6 OR BA.5.2.7 OR BA.5.2.8 OR BA.5.2.9 OR BA.5.2.10 OR BA.5.2.11 OR BA.5.2.12 OR BA.5.2.13 OR BA.5.2.14 OR BA.5.2.16 OR BA.5.2.18 OR BA.5.2.19 OR BA.5.2.20 OR BA.5.2.21 OR BA.5.2.22 OR BA.5.2.23 OR BA.5.2.24 OR BA.5.2.25 OR BA.5.2.26 OR BA.5.2.27 OR BA.5.2.28 OR BA.5.2.29 OR BA.5.2.30 OR BA.5.2.31 OR BA.5.2.32 OR BA.5.2.33 OR BA.5.2.34 OR BA.5.2.35 OR BA.5.2.36 OR BA.5.2.37 OR BA.5.2.38 OR BA.5.2.39 OR BA.5.2.40 OR BA.5.2.41 OR BA.5.2.42 OR BA.5.2.43 OR BA.5.2.44 OR BA.5.2.45 OR BA.5.2.46 OR BA.5.2.47 OR BA.5.2.48 OR BA.5.2.49 OR BA.5.3 OR BA.5.3.1 OR BA.5.3.2 OR BA.5.3.3 OR BA.5.3.4 OR BA.5.3.5 OR BA.5.5 OR BA.5.5.1 OR BA.5.5.2 OR BA.5.5.3 OR BA.5.6 OR BA.5.6.1 OR BA.5.6.2 OR BA.5.6.3 OR BA.5.6.4 OR BA.5.7 OR BA.5.8 OR BA.5.9 OR BA.5.10 OR BA.5.10.1 OR BA.5.11 OR BC.1 OR BC.2 OR BD.1 OR BE.1 OR BE.1.1 OR BE.1.1.1 OR BE.1.1.2 OR BE.1.2 OR BE.1.2.1 OR BE.1.3 OR BE.1.4 OR BE.1.4.1 OR BE.1.4.2 OR BE.1.4.3 OR BE.1.4.4 OR BE.2 OR BE.3 OR BE.4 OR BE.4.1 OR BE.4.1.1 OR BE.4.2 OR BE.5 OR BE.6 OR BE.7 OR BE.8 OR BE.9 OR BE.10 OR BF.1 OR BF.1.1 OR BF.2 OR BF.3 OR BF.3.1 OR BF.4 OR BF.5 OR BF.5.1 OR BF.5.2 OR BF.6 OR BF.7 OR BF.7.1 OR BF.7.2 OR BF.7.3 OR BF.7.4 OR BF.7.4.1 OR BF.7.4.2 OR BF.7.5 OR BF.7.5.1 OR BF.7.6 OR BF.7.7 OR BF.7.8 OR BF.7.9 OR BF.7.10 OR BF.7.11 OR BF.7.12 OR BF.7.13 OR BF.7.13.1 OR BF.7.13.2 OR BF.7.14 OR BF.7.15 OR BF.8 OR BF.9 OR BF.10 OR BF.10.1 OR BF.11 OR BF.11.1 OR BF.11.2 OR BF.11.3 OR BF.11.4 OR BF.11.5 OR BF.12 OR BF.13 OR BF.14 OR BF.15 OR BF.16 OR BF.17 OR BF.18 OR BF.19 OR BF.20 OR BF.21 OR BF.22 OR BF.23 OR BF.24 OR BF.25 OR BF.26 OR BF.27 OR BF.28 OR BF.29 OR BF.30 OR BF.31 OR BF.31.1 OR BF.32 OR BF.33 OR BF.34 OR BG.1 OR BG.2 OR BG.3 OR BG.4 OR BG.5 OR BG.6 OR BG.7 OR BH.1 OR BJ.1 OR BK.1 OR BL.1 OR BL.1.1 OR BL.1.2 OR BL.1.3 OR BL.1.4 OR BL.2 OR BL.2.1 OR BL.3 OR BL.4 OR BL.5 OR BL.6 OR BM.1 OR BM.1.1 OR BM.1.1.1 OR BM.1.1.2 OR BM.1.1.3 OR BM.1.1.4 OR BM.1.1.5 OR BM.2 OR BM.2.1 OR BM.2.2 OR BM.2.3 OR BM.3 OR BM.4 OR BM.4.1 OR BM.4.1.1 OR BM.5 OR BM.6 OR BN.1 OR BN.1.1 OR BN.1.1.1 OR BN.1.2 OR BN.1.2.1 OR BN.1.3 OR BN.1.3.1 OR BN.1.3.2 OR BN.1.3.3 OR BN.1.3.4 OR BN.1.4 OR BN.1.4.1 OR BN.1.5 OR BN.1.5.1 OR BN.1.6 OR BN.1.7 OR BN.1.8 OR BN.1.9 OR BN.2 OR BN.2.1 OR BN.3 OR BN.3.1 OR BN.4 OR BN.5 OR BN.6 OR BP.1 OR BQ.1 OR BQ.1.1 OR BQ.1.1.1 OR BQ.1.1.2 OR BQ.1.1.3 OR BQ.1.1.4 OR BQ.1.1.5 OR BQ.1.1.6 OR BQ.1.1.7 OR BQ.1.1.8 OR BQ.1.1.9 OR BQ.1.1.10 OR BQ.1.1.11 OR BQ.1.1.12 OR BQ.1.1.13 OR BQ.1.1.14 OR BQ.1.1.15 OR BQ.1.1.16 OR BQ.1.1.17 OR BQ.1.1.18 OR BQ.1.1.19 OR BQ.1.1.20 OR BQ.1.1.21 OR BQ.1.1.22 OR BQ.1.1.23 OR BQ.1.1.24 OR BQ.1.1.25 OR BQ.1.1.26 OR BQ.1.1.27 OR BQ.1.1.28 OR BQ.1.1.29 OR BQ.1.1.30 OR BQ.1.1.31 OR BQ.1.1.32 OR BQ.1.1.34 OR BQ.1.1.35 OR BQ.1.1.36 OR BQ.1.2 OR BQ.1.3 OR BQ.1.4 OR BQ.1.5 OR BQ.1.6 OR BQ.1.7 OR BQ.1.8 OR BQ.1.8.1 OR BQ.1.8.2 OR BQ.1.9 OR BQ.1.10 OR BQ.1.10.1 OR BQ.1.11 OR BQ.1.12 OR BQ.1.13 OR BQ.1.13.1 OR BQ.1.14 OR BQ.1.15 OR BQ.1.16 OR BQ.1.17 OR BQ.1.18 OR BQ.1.19 OR BQ.1.20 OR BQ.1.21 OR BQ.1.22 OR BQ.1.23 OR BQ.1.24 OR BQ.1.25 OR BQ.1.25.1 OR BQ.1.26 OR BQ.1.26.1 OR BQ.1.27 OR BQ.1.28 OR BQ.2 OR BR.1 OR BR.1.1 OR BR.1.2 OR BR.2 OR BR.2.1 OR BR.3 OR BR.4 OR BS.1 OR BS.1.1 OR BS.1.2 OR BT.1 OR BT.2 OR BU.1 OR BU.2 OR BU.3 OR BV.1 OR BV.2 OR BW.1 OR BW.1.1 OR BY.1 OR BY.1.1 OR BY.1.1.1 OR BY.1.2 OR BY.1.2.1 OR BZ.1 OR CA.1 OR CA.2 OR CA.3 OR CA.3.1 OR CA.4 OR CA.5 OR CA.6 OR CA.7 OR CB.1 OR CC.1 OR CD.1 OR CD.2 OR CE.1 OR CF.1 OR CG.1 OR CH.1 OR CH.1.1 OR CH.1.1.1 OR CH.1.1.2 OR CH.1.1.3 OR CH.1.1.4 OR CH.1.1.5 OR CH.2 OR CH.3 OR CH.3.1 OR CJ.1 OR CJ.1.1 OR CK.1 OR CK.1.1 OR CK.1.2 OR CK.2 OR CK.2.1 OR CK.2.1.1 OR CK.3 OR CL.1 OR CM.1 OR CM.2 OR CM.2.1 OR CM.3 OR CM.4 OR CM.4.1 OR CM.5 OR CM.5.1 OR CM.5.2 OR CM.6 OR CM.6.1 OR CM.7 OR CM.8 OR CM.8.1 OR CM.9 OR CM.10 OR CM.11 OR CM.12 OR CN.1 OR CN.2 OR CP.1 OR CP.1.1 OR CP.1.2 OR CP.1.3 OR CP.2 OR CP.3 OR CP.4 OR CP.5 OR CP.6 OR CQ.1 OR CQ.1.1 OR CQ.2 OR CR.1 OR CR.1.1 OR CR.1.2 OR CR.1.3 OR CR.2 OR CS.1 OR CT.1 OR CU.1 OR CV.1 OR CV.2 OR CW.1 OR CY.1 OR CZ.1 OR DA.1 OR DB.1 OR DB.2 OR DC.1 OR DD.1 OR DE.1 OR DE.2 OR DF.1 OR DF.1.1 OR DG.1 OR DH.1 OR DJ.1 OR DJ.1.1 OR DJ.1.2 OR DJ.1.3 OR DK.1 OR DL.1 OR DM.1 OR DN.1 OR DN.1.1 OR DP.1 OR DQ.1 OR DR.1 OR DS.1 OR DT.1 OR DU.1 OR DV.1,Omicron,1.71428571428571,1.5,0.875
2022-04-20,1,1,1.4,1.4,1,0.146746316309575,0.999614419019244,B.1.1.529 OR BA.1 OR BA.1.1 OR BA.1.1.1 OR BA.1.1.2 OR BA.1.1.3 OR BA.1.1.4 OR BA.1.1.5 OR BA.1.1.6 OR BA.1.1.7 OR BA.1.1.8 OR BA.1.1.9 OR BA.1.1.10 OR BA.1.1.11 OR BA.1.1.12 OR BA.1.1.13 OR BA.1.1.14 OR BA.1.1.15 OR BA.1.1.16 OR BA.1.1.17 OR BA.1.1.18 OR BA.1.2 OR BA.1.3 OR BA.1.4 OR BA.1.5 OR BA.1.6 OR BA.1.7 OR BA.1.8 OR BA.1.9 OR BA.1.10 OR BA.1.12 OR BA.1.13 OR BA.1.13.1 OR BA.1.14 OR BA.1.14.1 OR BA.1.14.2 OR BA.1.15 OR BA.1.15.1 OR BA.1.15.2 OR BA.1.15.3 OR BA.1.16 OR BA.1.16.1 OR BA.1.16.2 OR BA.1.17 OR BA.1.17.1 OR BA.1.17.2 OR BA.1.18 OR BA.1.19 OR BA.1.20 OR BA.1.21 OR BA.1.21.1 OR BA.1.22 OR BA.1.23 OR BA.1.24 OR BA.2 OR BA.2.1 OR BA.2.2 OR BA.2.2.1 OR BA.2.3 OR BA.2.3.1 OR BA.2.3.2 OR BA.2.3.4 OR BA.2.3.5 OR BA.2.3.6 OR BA.2.3.7 OR BA.2.3.8 OR BA.2.3.9 OR BA.2.3.10 OR BA.2.3.11 OR BA.2.3.12 OR BA.2.3.13 OR BA.2.3.14 OR BA.2.3.15 OR BA.2.3.16 OR BA.2.3.17 OR BA.2.3.18 OR BA.2.3.19 OR BA.2.3.20 OR BA.2.3.21 OR BA.2.3.22 OR BA.2.4 OR BA.2.5 OR BA.2.6 OR BA.2.7 OR BA.2.8 OR BA.2.9 OR BA.2.9.1 OR BA.2.9.2 OR BA.2.9.3 OR BA.2.9.4 OR BA.2.9.5 OR BA.2.9.6 OR BA.2.9.7 OR BA.2.10 OR BA.2.10.1 OR BA.2.10.2 OR BA.2.10.3 OR BA.2.10.4 OR BA.2.11 OR BA.2.12 OR BA.2.12.1 OR BA.2.12.2 OR BA.2.13 OR BA.2.13.1 OR BA.2.14 OR BA.2.15 OR BA.2.16 OR BA.2.17 OR BA.2.18 OR BA.2.19 OR BA.2.20 OR BA.2.21 OR BA.2.22 OR BA.2.23 OR BA.2.23.1 OR BA.2.24 OR BA.2.25 OR BA.2.25.1 OR BA.2.26 OR BA.2.27 OR BA.2.28 OR BA.2.29 OR BA.2.30 OR BA.2.31 OR BA.2.31.1 OR BA.2.32 OR BA.2.33 OR BA.2.34 OR BA.2.35 OR BA.2.36 OR BA.2.37 OR BA.2.38 OR BA.2.38.1 OR BA.2.38.2 OR BA.2.38.3 OR BA.2.38.4 OR BA.2.39 OR BA.2.40 OR BA.2.40.1 OR BA.2.41 OR BA.2.42 OR BA.2.43 OR BA.2.44 OR BA.2.45 OR BA.2.46 OR BA.2.47 OR BA.2.48 OR BA.2.49 OR BA.2.50 OR BA.2.51 OR BA.2.52 OR BA.2.53 OR BA.2.54 OR BA.2.55 OR BA.2.56 OR BA.2.56.1 OR BA.2.57 OR BA.2.58 OR BA.2.59 OR BA.2.60 OR BA.2.61 OR BA.2.62 OR BA.2.63 OR BA.2.64 OR BA.2.65 OR BA.2.66 OR BA.2.67 OR BA.2.68 OR BA.2.69 OR BA.2.70 OR BA.2.71 OR BA.2.72 OR BA.2.73 OR BA.2.74 OR BA.2.75 OR BA.2.75.1 OR BA.2.75.2 OR BA.2.75.3 OR BA.2.75.4 OR BA.2.75.5 OR BA.2.75.6 OR BA.2.75.7 OR BA.2.75.8 OR BA.2.75.9 OR BA.2.75.10 OR BA.2.76 OR BA.2.76.1 OR BA.2.76.2 OR BA.2.77 OR BA.2.78 OR BA.2.79 OR BA.2.79.1 OR BA.2.80 OR BA.2.81 OR BA.2.82 OR BA.2.83 OR BA.2.85 OR BA.3 OR BA.3.1 OR BA.4 OR BA.4.1 OR BA.4.1.1 OR BA.4.1.2 OR BA.4.1.3 OR BA.4.1.4 OR BA.4.1.5 OR BA.4.1.6 OR BA.4.1.7 OR BA.4.1.8 OR BA.4.1.9 OR BA.4.1.10 OR BA.4.2 OR BA.4.3 OR BA.4.4 OR BA.4.5 OR BA.4.6 OR BA.4.6.1 OR BA.4.6.2 OR BA.4.6.3 OR BA.4.6.4 OR BA.4.6.5 OR BA.4.7 OR BA.4.8 OR BA.5 OR BA.5.1 OR BA.5.1.1 OR BA.5.1.2 OR BA.5.1.3 OR BA.5.1.4 OR BA.5.1.5 OR BA.5.1.6 OR BA.5.1.7 OR BA.5.1.8 OR BA.5.1.9 OR BA.5.1.10 OR BA.5.1.11 OR BA.5.1.12 OR BA.5.1.14 OR BA.5.1.15 OR BA.5.1.16 OR BA.5.1.17 OR BA.5.1.18 OR BA.5.1.19 OR BA.5.1.20 OR BA.5.1.21 OR BA.5.1.22 OR BA.5.1.23 OR BA.5.1.24 OR BA.5.1.25 OR BA.5.1.26 OR BA.5.1.27 OR BA.5.1.28 OR BA.5.1.29 OR BA.5.1.30 OR BA.5.1.31 OR BA.5.1.32 OR BA.5.2 OR BA.5.2.1 OR BA.5.2.2 OR BA.5.2.3 OR BA.5.2.4 OR BA.5.2.5 OR BA.5.2.6 OR BA.5.2.7 OR BA.5.2.8 OR BA.5.2.9 OR BA.5.2.10 OR BA.5.2.11 OR BA.5.2.12 OR BA.5.2.13 OR BA.5.2.14 OR BA.5.2.16 OR BA.5.2.18 OR BA.5.2.19 OR BA.5.2.20 OR BA.5.2.21 OR BA.5.2.22 OR BA.5.2.23 OR BA.5.2.24 OR BA.5.2.25 OR BA.5.2.26 OR BA.5.2.27 OR BA.5.2.28 OR BA.5.2.29 OR BA.5.2.30 OR BA.5.2.31 OR BA.5.2.32 OR BA.5.2.33 OR BA.5.2.34 OR BA.5.2.35 OR BA.5.2.36 OR BA.5.2.37 OR BA.5.2.38 OR BA.5.2.39 OR BA.5.2.40 OR BA.5.2.41 OR BA.5.2.42 OR BA.5.2.43 OR BA.5.2.44 OR BA.5.2.45 OR BA.5.2.46 OR BA.5.2.47 OR BA.5.2.48 OR BA.5.2.49 OR BA.5.3 OR BA.5.3.1 OR BA.5.3.2 OR BA.5.3.3 OR BA.5.3.4 OR BA.5.3.5 OR BA.5.5 OR BA.5.5.1 OR BA.5.5.2 OR BA.5.5.3 OR BA.5.6 OR BA.5.6.1 OR BA.5.6.2 OR BA.5.6.3 OR BA.5.6.4 OR BA.5.7 OR BA.5.8 OR BA.5.9 OR BA.5.10 OR BA.5.10.1 OR BA.5.11 OR BC.1 OR BC.2 OR BD.1 OR BE.1 OR BE.1.1 OR BE.1.1.1 OR BE.1.1.2 OR BE.1.2 OR BE.1.2.1 OR BE.1.3 OR BE.1.4 OR BE.1.4.1 OR BE.1.4.2 OR BE.1.4.3 OR BE.1.4.4 OR BE.2 OR BE.3 OR BE.4 OR BE.4.1 OR BE.4.1.1 OR BE.4.2 OR BE.5 OR BE.6 OR BE.7 OR BE.8 OR BE.9 OR BE.10 OR BF.1 OR BF.1.1 OR BF.2 OR BF.3 OR BF.3.1 OR BF.4 OR BF.5 OR BF.5.1 OR BF.5.2 OR BF.6 OR BF.7 OR BF.7.1 OR BF.7.2 OR BF.7.3 OR BF.7.4 OR BF.7.4.1 OR BF.7.4.2 OR BF.7.5 OR BF.7.5.1 OR BF.7.6 OR BF.7.7 OR BF.7.8 OR BF.7.9 OR BF.7.10 OR BF.7.11 OR BF.7.12 OR BF.7.13 OR BF.7.13.1 OR BF.7.13.2 OR BF.7.14 OR BF.7.15 OR BF.8 OR BF.9 OR BF.10 OR BF.10.1 OR BF.11 OR BF.11.1 OR BF.11.2 OR BF.11.3 OR BF.11.4 OR BF.11.5 OR BF.12 OR BF.13 OR BF.14 OR BF.15 OR BF.16 OR BF.17 OR BF.18 OR BF.19 OR BF.20 OR BF.21 OR BF.22 OR BF.23 OR BF.24 OR BF.25 OR BF.26 OR BF.27 OR BF.28 OR BF.29 OR BF.30 OR BF.31 OR BF.31.1 OR BF.32 OR BF.33 OR BF.34 OR BG.1 OR BG.2 OR BG.3 OR BG.4 OR BG.5 OR BG.6 OR BG.7 OR BH.1 OR BJ.1 OR BK.1 OR BL.1 OR BL.1.1 OR BL.1.2 OR BL.1.3 OR BL.1.4 OR BL.2 OR BL.2.1 OR BL.3 OR BL.4 OR BL.5 OR BL.6 OR BM.1 OR BM.1.1 OR BM.1.1.1 OR BM.1.1.2 OR BM.1.1.3 OR BM.1.1.4 OR BM.1.1.5 OR BM.2 OR BM.2.1 OR BM.2.2 OR BM.2.3 OR BM.3 OR BM.4 OR BM.4.1 OR BM.4.1.1 OR BM.5 OR BM.6 OR BN.1 OR BN.1.1 OR BN.1.1.1 OR BN.1.2 OR BN.1.2.1 OR BN.1.3 OR BN.1.3.1 OR BN.1.3.2 OR BN.1.3.3 OR BN.1.3.4 OR BN.1.4 OR BN.1.4.1 OR BN.1.5 OR BN.1.5.1 OR BN.1.6 OR BN.1.7 OR BN.1.8 OR BN.1.9 OR BN.2 OR BN.2.1 OR BN.3 OR BN.3.1 OR BN.4 OR BN.5 OR BN.6 OR BP.1 OR BQ.1 OR BQ.1.1 OR BQ.1.1.1 OR BQ.1.1.2 OR BQ.1.1.3 OR BQ.1.1.4 OR BQ.1.1.5 OR BQ.1.1.6 OR BQ.1.1.7 OR BQ.1.1.8 OR BQ.1.1.9 OR BQ.1.1.10 OR BQ.1.1.11 OR BQ.1.1.12 OR BQ.1.1.13 OR BQ.1.1.14 OR BQ.1.1.15 OR BQ.1.1.16 OR BQ.1.1.17 OR BQ.1.1.18 OR BQ.1.1.19 OR BQ.1.1.20 OR BQ.1.1.21 OR BQ.1.1.22 OR BQ.1.1.23 OR BQ.1.1.24 OR BQ.1.1.25 OR BQ.1.1.26 OR BQ.1.1.27 OR BQ.1.1.28 OR BQ.1.1.29 OR BQ.1.1.30 OR BQ.1.1.31 OR BQ.1.1.32 OR BQ.1.1.34 OR BQ.1.1.35 OR BQ.1.1.36 OR BQ.1.2 OR BQ.1.3 OR BQ.1.4 OR BQ.1.5 OR BQ.1.6 OR BQ.1.7 OR BQ.1.8 OR BQ.1.8.1 OR BQ.1.8.2 OR BQ.1.9 OR BQ.1.10 OR BQ.1.10.1 OR BQ.1.11 OR BQ.1.12 OR BQ.1.13 OR BQ.1.13.1 OR BQ.1.14 OR BQ.1.15 OR BQ.1.16 OR BQ.1.17 OR BQ.1.18 OR BQ.1.19 OR BQ.1.20 OR BQ.1.21 OR BQ.1.22 OR BQ.1.23 OR BQ.1.24 OR BQ.1.25 OR BQ.1.25.1 OR BQ.1.26 OR BQ.1.26.1 OR BQ.1.27 OR BQ.1.28 OR BQ.2 OR BR.1 OR BR.1.1 OR BR.1.2 OR BR.2 OR BR.2.1 OR BR.3 OR BR.4 OR BS.1 OR BS.1.1 OR BS.1.2 OR BT.1 OR BT.2 OR BU.1 OR BU.2 OR BU.3 OR BV.1 OR BV.2 OR BW.1 OR BW.1.1 OR BY.1 OR BY.1.1 OR BY.1.1.1 OR BY.1.2 OR BY.1.2.1 OR BZ.1 OR CA.1 OR CA.2 OR CA.3 OR CA.3.1 OR CA.4 OR CA.5 OR CA.6 OR CA.7 OR CB.1 OR CC.1 OR CD.1 OR CD.2 OR CE.1 OR CF.1 OR CG.1 OR CH.1 OR CH.1.1 OR CH.1.1.1 OR CH.1.1.2 OR CH.1.1.3 OR CH.1.1.4 OR CH.1.1.5 OR CH.2 OR CH.3 OR CH.3.1 OR CJ.1 OR CJ.1.1 OR CK.1 OR CK.1.1 OR CK.1.2 OR CK.2 OR CK.2.1 OR CK.2.1.1 OR CK.3 OR CL.1 OR CM.1 OR CM.2 OR CM.2.1 OR CM.3 OR CM.4 OR CM.4.1 OR CM.5 OR CM.5.1 OR CM.5.2 OR CM.6 OR CM.6.1 OR CM.7 OR CM.8 OR CM.8.1 OR CM.9 OR CM.10 OR CM.11 OR CM.12 OR CN.1 OR CN.2 OR CP.1 OR CP.1.1 OR CP.1.2 OR CP.1.3 OR CP.2 OR CP.3 OR CP.4 OR CP.5 OR CP.6 OR CQ.1 OR CQ.1.1 OR CQ.2 OR CR.1 OR CR.1.1 OR CR.1.2 OR CR.1.3 OR CR.2 OR CS.1 OR CT.1 OR CU.1 OR CV.1 OR CV.2 OR CW.1 OR CY.1 OR CZ.1 OR DA.1 OR DB.1 OR DB.2 OR DC.1 OR DD.1 OR DE.1 OR DE.2 OR DF.1 OR DF.1.1 OR DG.1 OR DH.1 OR DJ.1 OR DJ.1.1 OR DJ.1.2 OR DJ.1.3 OR DK.1 OR DL.1 OR DM.1 OR DN.1 OR DN.1.1 OR DP.1 OR DQ.1 OR DR.1 OR DS.1 OR DT.1 OR DU.1 OR DV.1,Omicron,1.64285714285714,1.42857142857143,0.869565217391305
2022-04-22,3,3,1.8,1.8,1,0.333178245598791,0.999783091529969,B.1.1.529 OR BA.1 OR BA.1.1 OR BA.1.1.1 OR BA.1.1.2 OR BA.1.1.3 OR BA.1.1.4 OR BA.1.1.5 OR BA.1.1.6 OR BA.1.1.7 OR BA.1.1.8 OR BA.1.1.9 OR BA.1.1.10 OR BA.1.1.11 OR BA.1.1.12 OR BA.1.1.13 OR BA.1.1.14 OR BA.1.1.15 OR BA.1.1.16 OR BA.1.1.17 OR BA.1.1.18 OR BA.1.2 OR BA.1.3 OR BA.1.4 OR BA.1.5 OR BA.1.6 OR BA.1.7 OR BA.1.8 OR BA.1.9 OR BA.1.10 OR BA.1.12 OR BA.1.13 OR BA.1.13.1 OR BA.1.14 OR BA.1.14.1 OR BA.1.14.2 OR BA.1.15 OR BA.1.15.1 OR BA.1.15.2 OR BA.1.15.3 OR BA.1.16 OR BA.1.16.1 OR BA.1.16.2 OR BA.1.17 OR BA.1.17.1 OR BA.1.17.2 OR BA.1.18 OR BA.1.19 OR BA.1.20 OR BA.1.21 OR BA.1.21.1 OR BA.1.22 OR BA.1.23 OR BA.1.24 OR BA.2 OR BA.2.1 OR BA.2.2 OR BA.2.2.1 OR BA.2.3 OR BA.2.3.1 OR BA.2.3.2 OR BA.2.3.4 OR BA.2.3.5 OR BA.2.3.6 OR BA.2.3.7 OR BA.2.3.8 OR BA.2.3.9 OR BA.2.3.10 OR BA.2.3.11 OR BA.2.3.12 OR BA.2.3.13 OR BA.2.3.14 OR BA.2.3.15 OR BA.2.3.16 OR BA.2.3.17 OR BA.2.3.18 OR BA.2.3.19 OR BA.2.3.20 OR BA.2.3.21 OR BA.2.3.22 OR BA.2.4 OR BA.2.5 OR BA.2.6 OR BA.2.7 OR BA.2.8 OR BA.2.9 OR BA.2.9.1 OR BA.2.9.2 OR BA.2.9.3 OR BA.2.9.4 OR BA.2.9.5 OR BA.2.9.6 OR BA.2.9.7 OR BA.2.10 OR BA.2.10.1 OR BA.2.10.2 OR BA.2.10.3 OR BA.2.10.4 OR BA.2.11 OR BA.2.12 OR BA.2.12.1 OR BA.2.12.2 OR BA.2.13 OR BA.2.13.1 OR BA.2.14 OR BA.2.15 OR BA.2.16 OR BA.2.17 OR BA.2.18 OR BA.2.19 OR BA.2.20 OR BA.2.21 OR BA.2.22 OR BA.2.23 OR BA.2.23.1 OR BA.2.24 OR BA.2.25 OR BA.2.25.1 OR BA.2.26 OR BA.2.27 OR BA.2.28 OR BA.2.29 OR BA.2.30 OR BA.2.31 OR BA.2.31.1 OR BA.2.32 OR BA.2.33 OR BA.2.34 OR BA.2.35 OR BA.2.36 OR BA.2.37 OR BA.2.38 OR BA.2.38.1 OR BA.2.38.2 OR BA.2.38.3 OR BA.2.38.4 OR BA.2.39 OR BA.2.40 OR BA.2.40.1 OR BA.2.41 OR BA.2.42 OR BA.2.43 OR BA.2.44 OR BA.2.45 OR BA.2.46 OR BA.2.47 OR BA.2.48 OR BA.2.49 OR BA.2.50 OR BA.2.51 OR BA.2.52 OR BA.2.53 OR BA.2.54 OR BA.2.55 OR BA.2.56 OR BA.2.56.1 OR BA.2.57 OR BA.2.58 OR BA.2.59 OR BA.2.60 OR BA.2.61 OR BA.2.62 OR BA.2.63 OR BA.2.64 OR BA.2.65 OR BA.2.66 OR BA.2.67 OR BA.2.68 OR BA.2.69 OR BA.2.70 OR BA.2.71 OR BA.2.72 OR BA.2.73 OR BA.2.74 OR BA.2.75 OR BA.2.75.1 OR BA.2.75.2 OR BA.2.75.3 OR BA.2.75.4 OR BA.2.75.5 OR BA.2.75.6 OR BA.2.75.7 OR BA.2.75.8 OR BA.2.75.9 OR BA.2.75.10 OR BA.2.76 OR BA.2.76.1 OR BA.2.76.2 OR BA.2.77 OR BA.2.78 OR BA.2.79 OR BA.2.79.1 OR BA.2.80 OR BA.2.81 OR BA.2.82 OR BA.2.83 OR BA.2.85 OR BA.3 OR BA.3.1 OR BA.4 OR BA.4.1 OR BA.4.1.1 OR BA.4.1.2 OR BA.4.1.3 OR BA.4.1.4 OR BA.4.1.5 OR BA.4.1.6 OR BA.4.1.7 OR BA.4.1.8 OR BA.4.1.9 OR BA.4.1.10 OR BA.4.2 OR BA.4.3 OR BA.4.4 OR BA.4.5 OR BA.4.6 OR BA.4.6.1 OR BA.4.6.2 OR BA.4.6.3 OR BA.4.6.4 OR BA.4.6.5 OR BA.4.7 OR BA.4.8 OR BA.5 OR BA.5.1 OR BA.5.1.1 OR BA.5.1.2 OR BA.5.1.3 OR BA.5.1.4 OR BA.5.1.5 OR BA.5.1.6 OR BA.5.1.7 OR BA.5.1.8 OR BA.5.1.9 OR BA.5.1.10 OR BA.5.1.11 OR BA.5.1.12 OR BA.5.1.14 OR BA.5.1.15 OR BA.5.1.16 OR BA.5.1.17 OR BA.5.1.18 OR BA.5.1.19 OR BA.5.1.20 OR BA.5.1.21 OR BA.5.1.22 OR BA.5.1.23 OR BA.5.1.24 OR BA.5.1.25 OR BA.5.1.26 OR BA.5.1.27 OR BA.5.1.28 OR BA.5.1.29 OR BA.5.1.30 OR BA.5.1.31 OR BA.5.1.32 OR BA.5.2 OR BA.5.2.1 OR BA.5.2.2 OR BA.5.2.3 OR BA.5.2.4 OR BA.5.2.5 OR BA.5.2.6 OR BA.5.2.7 OR BA.5.2.8 OR BA.5.2.9 OR BA.5.2.10 OR BA.5.2.11 OR BA.5.2.12 OR BA.5.2.13 OR BA.5.2.14 OR BA.5.2.16 OR BA.5.2.18 OR BA.5.2.19 OR BA.5.2.20 OR BA.5.2.21 OR BA.5.2.22 OR BA.5.2.23 OR BA.5.2.24 OR BA.5.2.25 OR BA.5.2.26 OR BA.5.2.27 OR BA.5.2.28 OR BA.5.2.29 OR BA.5.2.30 OR BA.5.2.31 OR BA.5.2.32 OR BA.5.2.33 OR BA.5.2.34 OR BA.5.2.35 OR BA.5.2.36 OR BA.5.2.37 OR BA.5.2.38 OR BA.5.2.39 OR BA.5.2.40 OR BA.5.2.41 OR BA.5.2.42 OR BA.5.2.43 OR BA.5.2.44 OR BA.5.2.45 OR BA.5.2.46 OR BA.5.2.47 OR BA.5.2.48 OR BA.5.2.49 OR BA.5.3 OR BA.5.3.1 OR BA.5.3.2 OR BA.5.3.3 OR BA.5.3.4 OR BA.5.3.5 OR BA.5.5 OR BA.5.5.1 OR BA.5.5.2 OR BA.5.5.3 OR BA.5.6 OR BA.5.6.1 OR BA.5.6.2 OR BA.5.6.3 OR BA.5.6.4 OR BA.5.7 OR BA.5.8 OR BA.5.9 OR BA.5.10 OR BA.5.10.1 OR BA.5.11 OR BC.1 OR BC.2 OR BD.1 OR BE.1 OR BE.1.1 OR BE.1.1.1 OR BE.1.1.2 OR BE.1.2 OR BE.1.2.1 OR BE.1.3 OR BE.1.4 OR BE.1.4.1 OR BE.1.4.2 OR BE.1.4.3 OR BE.1.4.4 OR BE.2 OR BE.3 OR BE.4 OR BE.4.1 OR BE.4.1.1 OR BE.4.2 OR BE.5 OR BE.6 OR BE.7 OR BE.8 OR BE.9 OR BE.10 OR BF.1 OR BF.1.1 OR BF.2 OR BF.3 OR BF.3.1 OR BF.4 OR BF.5 OR BF.5.1 OR BF.5.2 OR BF.6 OR BF.7 OR BF.7.1 OR BF.7.2 OR BF.7.3 OR BF.7.4 OR BF.7.4.1 OR BF.7.4.2 OR BF.7.5 OR BF.7.5.1 OR BF.7.6 OR BF.7.7 OR BF.7.8 OR BF.7.9 OR BF.7.10 OR BF.7.11 OR BF.7.12 OR BF.7.13 OR BF.7.13.1 OR BF.7.13.2 OR BF.7.14 OR BF.7.15 OR BF.8 OR BF.9 OR BF.10 OR BF.10.1 OR BF.11 OR BF.11.1 OR BF.11.2 OR BF.11.3 OR BF.11.4 OR BF.11.5 OR BF.12 OR BF.13 OR BF.14 OR BF.15 OR BF.16 OR BF.17 OR BF.18 OR BF.19 OR BF.20 OR BF.21 OR BF.22 OR BF.23 OR BF.24 OR BF.25 OR BF.26 OR BF.27 OR BF.28 OR BF.29 OR BF.30 OR BF.31 OR BF.31.1 OR BF.32 OR BF.33 OR BF.34 OR BG.1 OR BG.2 OR BG.3 OR BG.4 OR BG.5 OR BG.6 OR BG.7 OR BH.1 OR BJ.1 OR BK.1 OR BL.1 OR BL.1.1 OR BL.1.2 OR BL.1.3 OR BL.1.4 OR BL.2 OR BL.2.1 OR BL.3 OR BL.4 OR BL.5 OR BL.6 OR BM.1 OR BM.1.1 OR BM.1.1.1 OR BM.1.1.2 OR BM.1.1.3 OR BM.1.1.4 OR BM.1.1.5 OR BM.2 OR BM.2.1 OR BM.2.2 OR BM.2.3 OR BM.3 OR BM.4 OR BM.4.1 OR BM.4.1.1 OR BM.5 OR BM.6 OR BN.1 OR BN.1.1 OR BN.1.1.1 OR BN.1.2 OR BN.1.2.1 OR BN.1.3 OR BN.1.3.1 OR BN.1.3.2 OR BN.1.3.3 OR BN.1.3.4 OR BN.1.4 OR BN.1.4.1 OR BN.1.5 OR BN.1.5.1 OR BN.1.6 OR BN.1.7 OR BN.1.8 OR BN.1.9 OR BN.2 OR BN.2.1 OR BN.3 OR BN.3.1 OR BN.4 OR BN.5 OR BN.6 OR BP.1 OR BQ.1 OR BQ.1.1 OR BQ.1.1.1 OR BQ.1.1.2 OR BQ.1.1.3 OR BQ.1.1.4 OR BQ.1.1.5 OR BQ.1.1.6 OR BQ.1.1.7 OR BQ.1.1.8 OR BQ.1.1.9 OR BQ.1.1.10 OR BQ.1.1.11 OR BQ.1.1.12 OR BQ.1.1.13 OR BQ.1.1.14 OR BQ.1.1.15 OR BQ.1.1.16 OR BQ.1.1.17 OR BQ.1.1.18 OR BQ.1.1.19 OR BQ.1.1.20 OR BQ.1.1.21 OR BQ.1.1.22 OR BQ.1.1.23 OR BQ.1.1.24 OR BQ.1.1.25 OR BQ.1.1.26 OR BQ.1.1.27 OR BQ.1.1.28 OR BQ.1.1.29 OR BQ.1.1.30 OR BQ.1.1.31 OR BQ.1.1.32 OR BQ.1.1.34 OR BQ.1.1.35 OR BQ.1.1.36 OR BQ.1.2 OR BQ.1.3 OR BQ.1.4 OR BQ.1.5 OR BQ.1.6 OR BQ.1.7 OR BQ.1.8 OR BQ.1.8.1 OR BQ.1.8.2 OR BQ.1.9 OR BQ.1.10 OR BQ.1.10.1 OR BQ.1.11 OR BQ.1.12 OR BQ.1.13 OR BQ.1.13.1 OR BQ.1.14 OR BQ.1.15 OR BQ.1.16 OR BQ.1.17 OR BQ.1.18 OR BQ.1.19 OR BQ.1.20 OR BQ.1.21 OR BQ.1.22 OR BQ.1.23 OR BQ.1.24 OR BQ.1.25 OR BQ.1.25.1 OR BQ.1.26 OR BQ.1.26.1 OR BQ.1.27 OR BQ.1.28 OR BQ.2 OR BR.1 OR BR.1.1 OR BR.1.2 OR BR.2 OR BR.2.1 OR BR.3 OR BR.4 OR BS.1 OR BS.1.1 OR BS.1.2 OR BT.1 OR BT.2 OR BU.1 OR BU.2 OR BU.3 OR BV.1 OR BV.2 OR BW.1 OR BW.1.1 OR BY.1 OR BY.1.1 OR BY.1.1.1 OR BY.1.2 OR BY.1.2.1 OR BZ.1 OR CA.1 OR CA.2 OR CA.3 OR CA.3.1 OR CA.4 OR CA.5 OR CA.6 OR CA.7 OR CB.1 OR CC.1 OR CD.1 OR CD.2 OR CE.1 OR CF.1 OR CG.1 OR CH.1 OR CH.1.1 OR CH.1.1.1 OR CH.1.1.2 OR CH.1.1.3 OR CH.1.1.4 OR CH.1.1.5 OR CH.2 OR CH.3 OR CH.3.1 OR CJ.1 OR CJ.1.1 OR CK.1 OR CK.1.1 OR CK.1.2 OR CK.2 OR CK.2.1 OR CK.2.1.1 OR CK.3 OR CL.1 OR CM.1 OR CM.2 OR CM.2.1 OR CM.3 OR CM.4 OR CM.4.1 OR CM.5 OR CM.5.1 OR CM.5.2 OR CM.6 OR CM.6.1 OR CM.7 OR CM.8 OR CM.8.1 OR CM.9 OR CM.10 OR CM.11 OR CM.12 OR CN.1 OR CN.2 OR CP.1 OR CP.1.1 OR CP.1.2 OR CP.1.3 OR CP.2 OR CP.3 OR CP.4 OR CP.5 OR CP.6 OR CQ.1 OR CQ.1.1 OR CQ.2 OR CR.1 OR CR.1.1 OR CR.1.2 OR CR.1.3 OR CR.2 OR CS.1 OR CT.1 OR CU.1 OR CV.1 OR CV.2 OR CW.1 OR CY.1 OR CZ.1 OR DA.1 OR DB.1 OR DB.2 OR DC.1 OR DD.1 OR DE.1 OR DE.2 OR DF.1 OR DF.1.1 OR DG.1 OR DH.1 OR DJ.1 OR DJ.1.1 OR DJ.1.2 OR DJ.1.3 OR DK.1 OR DL.1 OR DM.1 OR DN.1 OR DN.1.1 OR DP.1 OR DQ.1 OR DR.1 OR DS.1 OR DT.1 OR DU.1 OR DV.1,Omicron,1.71428571428571,1.57142857142857,0.916666666666667
2022-04-23,1,1,1.8,1.8,1,0.333178245598791,0.999783091529969,B.1.1.529 OR BA.1 OR BA.1.1 OR BA.1.1.1 OR BA.1.1.2 OR BA.1.1.3 OR BA.1.1.4 OR BA.1.1.5 OR BA.1.1.6 OR BA.1.1.7 OR BA.1.1.8 OR BA.1.1.9 OR BA.1.1.10 OR BA.1.1.11 OR BA.1.1.12 OR BA.1.1.13 OR BA.1.1.14 OR BA.1.1.15 OR BA.1.1.16 OR BA.1.1.17 OR BA.1.1.18 OR BA.1.2 OR BA.1.3 OR BA.1.4 OR BA.1.5 OR BA.1.6 OR BA.1.7 OR BA.1.8 OR BA.1.9 OR BA.1.10 OR BA.1.12 OR BA.1.13 OR BA.1.13.1 OR BA.1.14 OR BA.1.14.1 OR BA.1.14.2 OR BA.1.15 OR BA.1.15.1 OR BA.1.15.2 OR BA.1.15.3 OR BA.1.16 OR BA.1.16.1 OR BA.1.16.2 OR BA.1.17 OR BA.1.17.1 OR BA.1.17.2 OR BA.1.18 OR BA.1.19 OR BA.1.20 OR BA.1.21 OR BA.1.21.1 OR BA.1.22 OR BA.1.23 OR BA.1.24 OR BA.2 OR BA.2.1 OR BA.2.2 OR BA.2.2.1 OR BA.2.3 OR BA.2.3.1 OR BA.2.3.2 OR BA.2.3.4 OR BA.2.3.5 OR BA.2.3.6 OR BA.2.3.7 OR BA.2.3.8 OR BA.2.3.9 OR BA.2.3.10 OR BA.2.3.11 OR BA.2.3.12 OR BA.2.3.13 OR BA.2.3.14 OR BA.2.3.15 OR BA.2.3.16 OR BA.2.3.17 OR BA.2.3.18 OR BA.2.3.19 OR BA.2.3.20 OR BA.2.3.21 OR BA.2.3.22 OR BA.2.4 OR BA.2.5 OR BA.2.6 OR BA.2.7 OR BA.2.8 OR BA.2.9 OR BA.2.9.1 OR BA.2.9.2 OR BA.2.9.3 OR BA.2.9.4 OR BA.2.9.5 OR BA.2.9.6 OR BA.2.9.7 OR BA.2.10 OR BA.2.10.1 OR BA.2.10.2 OR BA.2.10.3 OR BA.2.10.4 OR BA.2.11 OR BA.2.12 OR BA.2.12.1 OR BA.2.12.2 OR BA.2.13 OR BA.2.13.1 OR BA.2.14 OR BA.2.15 OR BA.2.16 OR BA.2.17 OR BA.2.18 OR BA.2.19 OR BA.2.20 OR BA.2.21 OR BA.2.22 OR BA.2.23 OR BA.2.23.1 OR BA.2.24 OR BA.2.25 OR BA.2.25.1 OR BA.2.26 OR BA.2.27 OR BA.2.28 OR BA.2.29 OR BA.2.30 OR BA.2.31 OR BA.2.31.1 OR BA.2.32 OR BA.2.33 OR BA.2.34 OR BA.2.35 OR BA.2.36 OR BA.2.37 OR BA.2.38 OR BA.2.38.1 OR BA.2.38.2 OR BA.2.38.3 OR BA.2.38.4 OR BA.2.39 OR BA.2.40 OR BA.2.40.1 OR BA.2.41 OR BA.2.42 OR BA.2.43 OR BA.2.44 OR BA.2.45 OR BA.2.46 OR BA.2.47 OR BA.2.48 OR BA.2.49 OR BA.2.50 OR BA.2.51 OR BA.2.52 OR BA.2.53 OR BA.2.54 OR BA.2.55 OR BA.2.56 OR BA.2.56.1 OR BA.2.57 OR BA.2.58 OR BA.2.59 OR BA.2.60 OR BA.2.61 OR BA.2.62 OR BA.2.63 OR BA.2.64 OR BA.2.65 OR BA.2.66 OR BA.2.67 OR BA.2.68 OR BA.2.69 OR BA.2.70 OR BA.2.71 OR BA.2.72 OR BA.2.73 OR BA.2.74 OR BA.2.75 OR BA.2.75.1 OR BA.2.75.2 OR BA.2.75.3 OR BA.2.75.4 OR BA.2.75.5 OR BA.2.75.6 OR BA.2.75.7 OR BA.2.75.8 OR BA.2.75.9 OR BA.2.75.10 OR BA.2.76 OR BA.2.76.1 OR BA.2.76.2 OR BA.2.77 OR BA.2.78 OR BA.2.79 OR BA.2.79.1 OR BA.2.80 OR BA.2.81 OR BA.2.82 OR BA.2.83 OR BA.2.85 OR BA.3 OR BA.3.1 OR BA.4 OR BA.4.1 OR BA.4.1.1 OR BA.4.1.2 OR BA.4.1.3 OR BA.4.1.4 OR BA.4.1.5 OR BA.4.1.6 OR BA.4.1.7 OR BA.4.1.8 OR BA.4.1.9 OR BA.4.1.10 OR BA.4.2 OR BA.4.3 OR BA.4.4 OR BA.4.5 OR BA.4.6 OR BA.4.6.1 OR BA.4.6.2 OR BA.4.6.3 OR BA.4.6.4 OR BA.4.6.5 OR BA.4.7 OR BA.4.8 OR BA.5 OR BA.5.1 OR BA.5.1.1 OR BA.5.1.2 OR BA.5.1.3 OR BA.5.1.4 OR BA.5.1.5 OR BA.5.1.6 OR BA.5.1.7 OR BA.5.1.8 OR BA.5.1.9 OR BA.5.1.10 OR BA.5.1.11 OR BA.5.1.12 OR BA.5.1.14 OR BA.5.1.15 OR BA.5.1.16 OR BA.5.1.17 OR BA.5.1.18 OR BA.5.1.19 OR BA.5.1.20 OR BA.5.1.21 OR BA.5.1.22 OR BA.5.1.23 OR BA.5.1.24 OR BA.5.1.25 OR BA.5.1.26 OR BA.5.1.27 OR BA.5.1.28 OR BA.5.1.29 OR BA.5.1.30 OR BA.5.1.31 OR BA.5.1.32 OR BA.5.2 OR BA.5.2.1 OR BA.5.2.2 OR BA.5.2.3 OR BA.5.2.4 OR BA.5.2.5 OR BA.5.2.6 OR BA.5.2.7 OR BA.5.2.8 OR BA.5.2.9 OR BA.5.2.10 OR BA.5.2.11 OR BA.5.2.12 OR BA.5.2.13 OR BA.5.2.14 OR BA.5.2.16 OR BA.5.2.18 OR BA.5.2.19 OR BA.5.2.20 OR BA.5.2.21 OR BA.5.2.22 OR BA.5.2.23 OR BA.5.2.24 OR BA.5.2.25 OR BA.5.2.26 OR BA.5.2.27 OR BA.5.2.28 OR BA.5.2.29 OR BA.5.2.30 OR BA.5.2.31 OR BA.5.2.32 OR BA.5.2.33 OR BA.5.2.34 OR BA.5.2.35 OR BA.5.2.36 OR BA.5.2.37 OR BA.5.2.38 OR BA.5.2.39 OR BA.5.2.40 OR BA.5.2.41 OR BA.5.2.42 OR BA.5.2.43 OR BA.5.2.44 OR BA.5.2.45 OR BA.5.2.46 OR BA.5.2.47 OR BA.5.2.48 OR BA.5.2.49 OR BA.5.3 OR BA.5.3.1 OR BA.5.3.2 OR BA.5.3.3 OR BA.5.3.4 OR BA.5.3.5 OR BA.5.5 OR BA.5.5.1 OR BA.5.5.2 OR BA.5.5.3 OR BA.5.6 OR BA.5.6.1 OR BA.5.6.2 OR BA.5.6.3 OR BA.5.6.4 OR BA.5.7 OR BA.5.8 OR BA.5.9 OR BA.5.10 OR BA.5.10.1 OR BA.5.11 OR BC.1 OR BC.2 OR BD.1 OR BE.1 OR BE.1.1 OR BE.1.1.1 OR BE.1.1.2 OR BE.1.2 OR BE.1.2.1 OR BE.1.3 OR BE.1.4 OR BE.1.4.1 OR BE.1.4.2 OR BE.1.4.3 OR BE.1.4.4 OR BE.2 OR BE.3 OR BE.4 OR BE.4.1 OR BE.4.1.1 OR BE.4.2 OR BE.5 OR BE.6 OR BE.7 OR BE.8 OR BE.9 OR BE.10 OR BF.1 OR BF.1.1 OR BF.2 OR BF.3 OR BF.3.1 OR BF.4 OR BF.5 OR BF.5.1 OR BF.5.2 OR BF.6 OR BF.7 OR BF.7.1 OR BF.7.2 OR BF.7.3 OR BF.7.4 OR BF.7.4.1 OR BF.7.4.2 OR BF.7.5 OR BF.7.5.1 OR BF.7.6 OR BF.7.7 OR BF.7.8 OR BF.7.9 OR BF.7.10 OR BF.7.11 OR BF.7.12 OR BF.7.13 OR BF.7.13.1 OR BF.7.13.2 OR BF.7.14 OR BF.7.15 OR BF.8 OR BF.9 OR BF.10 OR BF.10.1 OR BF.11 OR BF.11.1 OR BF.11.2 OR BF.11.3 OR BF.11.4 OR BF.11.5 OR BF.12 OR BF.13 OR BF.14 OR BF.15 OR BF.16 OR BF.17 OR BF.18 OR BF.19 OR BF.20 OR BF.21 OR BF.22 OR BF.23 OR BF.24 OR BF.25 OR BF.26 OR BF.27 OR BF.28 OR BF.29 OR BF.30 OR BF.31 OR BF.31.1 OR BF.32 OR BF.33 OR BF.34 OR BG.1 OR BG.2 OR BG.3 OR BG.4 OR BG.5 OR BG.6 OR BG.7 OR BH.1 OR BJ.1 OR BK.1 OR BL.1 OR BL.1.1 OR BL.1.2 OR BL.1.3 OR BL.1.4 OR BL.2 OR BL.2.1 OR BL.3 OR BL.4 OR BL.5 OR BL.6 OR BM.1 OR BM.1.1 OR BM.1.1.1 OR BM.1.1.2 OR BM.1.1.3 OR BM.1.1.4 OR BM.1.1.5 OR BM.2 OR BM.2.1 OR BM.2.2 OR BM.2.3 OR BM.3 OR BM.4 OR BM.4.1 OR BM.4.1.1 OR BM.5 OR BM.6 OR BN.1 OR BN.1.1 OR BN.1.1.1 OR BN.1.2 OR BN.1.2.1 OR BN.1.3 OR BN.1.3.1 OR BN.1.3.2 OR BN.1.3.3 OR BN.1.3.4 OR BN.1.4 OR BN.1.4.1 OR BN.1.5 OR BN.1.5.1 OR BN.1.6 OR BN.1.7 OR BN.1.8 OR BN.1.9 OR BN.2 OR BN.2.1 OR BN.3 OR BN.3.1 OR BN.4 OR BN.5 OR BN.6 OR BP.1 OR BQ.1 OR BQ.1.1 OR BQ.1.1.1 OR BQ.1.1.2 OR BQ.1.1.3 OR BQ.1.1.4 OR BQ.1.1.5 OR BQ.1.1.6 OR BQ.1.1.7 OR BQ.1.1.8 OR BQ.1.1.9 OR BQ.1.1.10 OR BQ.1.1.11 OR BQ.1.1.12 OR BQ.1.1.13 OR BQ.1.1.14 OR BQ.1.1.15 OR BQ.1.1.16 OR BQ.1.1.17 OR BQ.1.1.18 OR BQ.1.1.19 OR BQ.1.1.20 OR BQ.1.1.21 OR BQ.1.1.22 OR BQ.1.1.23 OR BQ.1.1.24 OR BQ.1.1.25 OR BQ.1.1.26 OR BQ.1.1.27 OR BQ.1.1.28 OR BQ.1.1.29 OR BQ.1.1.30 OR BQ.1.1.31 OR BQ.1.1.32 OR BQ.1.1.34 OR BQ.1.1.35 OR BQ.1.1.36 OR BQ.1.2 OR BQ.1.3 OR BQ.1.4 OR BQ.1.5 OR BQ.1.6 OR BQ.1.7 OR BQ.1.8 OR BQ.1.8.1 OR BQ.1.8.2 OR BQ.1.9 OR BQ.1.10 OR BQ.1.10.1 OR BQ.1.11 OR BQ.1.12 OR BQ.1.13 OR BQ.1.13.1 OR BQ.1.14 OR BQ.1.15 OR BQ.1.16 OR BQ.1.17 OR BQ.1.18 OR BQ.1.19 OR BQ.1.20 OR BQ.1.21 OR BQ.1.22 OR BQ.1.23 OR BQ.1.24 OR BQ.1.25 OR BQ.1.25.1 OR BQ.1.26 OR BQ.1.26.1 OR BQ.1.27 OR BQ.1.28 OR BQ.2 OR BR.1 OR BR.1.1 OR BR.1.2 OR BR.2 OR BR.2.1 OR BR.3 OR BR.4 OR BS.1 OR BS.1.1 OR BS.1.2 OR BT.1 OR BT.2 OR BU.1 OR BU.2 OR BU.3 OR BV.1 OR BV.2 OR BW.1 OR BW.1.1 OR BY.1 OR BY.1.1 OR BY.1.1.1 OR BY.1.2 OR BY.1.2.1 OR BZ.1 OR CA.1 OR CA.2 OR CA.3 OR CA.3.1 OR CA.4 OR CA.5 OR CA.6 OR CA.7 OR CB.1 OR CC.1 OR CD.1 OR CD.2 OR CE.1 OR CF.1 OR CG.1 OR CH.1 OR CH.1.1 OR CH.1.1.1 OR CH.1.1.2 OR CH.1.1.3 OR CH.1.1.4 OR CH.1.1.5 OR CH.2 OR CH.3 OR CH.3.1 OR CJ.1 OR CJ.1.1 OR CK.1 OR CK.1.1 OR CK.1.2 OR CK.2 OR CK.2.1 OR CK.2.1.1 OR CK.3 OR CL.1 OR CM.1 OR CM.2 OR CM.2.1 OR CM.3 OR CM.4 OR CM.4.1 OR CM.5 OR CM.5.1 OR CM.5.2 OR CM.6 OR CM.6.1 OR CM.7 OR CM.8 OR CM.8.1 OR CM.9 OR CM.10 OR CM.11 OR CM.12 OR CN.1 OR CN.2 OR CP.1 OR CP.1.1 OR CP.1.2 OR CP.1.3 OR CP.2 OR CP.3 OR CP.4 OR CP.5 OR CP.6 OR CQ.1 OR CQ.1.1 OR CQ.2 OR CR.1 OR CR.1.1 OR CR.1.2 OR CR.1.3 OR CR.2 OR CS.1 OR CT.1 OR CU.1 OR CV.1 OR CV.2 OR CW.1 OR CY.1 OR CZ.1 OR DA.1 OR DB.1 OR DB.2 OR DC.1 OR DD.1 OR DE.1 OR DE.2 OR DF.1 OR DF.1.1 OR DG.1 OR DH.1 OR DJ.1 OR DJ.1.1 OR DJ.1.2 OR DJ.1.3 OR DK.1 OR DL.1 OR DM.1 OR DN.1 OR DN.1.1 OR DP.1 OR DQ.1 OR DR.1 OR DS.1 OR DT.1 OR DU.1 OR DV.1,Omicron,1.71428571428571,1.57142857142857,0.916666666666667
2022-04-25,1,1,1.8,1.8,1,0.333178245598791,0.999783091529969,B.1.1.529 OR BA.1 OR BA.1.1 OR BA.1.1.1 OR BA.1.1.2 OR BA.1.1.3 OR BA.1.1.4 OR BA.1.1.5 OR BA.1.1.6 OR BA.1.1.7 OR BA.1.1.8 OR BA.1.1.9 OR BA.1.1.10 OR BA.1.1.11 OR BA.1.1.12 OR BA.1.1.13 OR BA.1.1.14 OR BA.1.1.15 OR BA.1.1.16 OR BA.1.1.17 OR BA.1.1.18 OR BA.1.2 OR BA.1.3 OR BA.1.4 OR BA.1.5 OR BA.1.6 OR BA.1.7 OR BA.1.8 OR BA.1.9 OR BA.1.10 OR BA.1.12 OR BA.1.13 OR BA.1.13.1 OR BA.1.14 OR BA.1.14.1 OR BA.1.14.2 OR BA.1.15 OR BA.1.15.1 OR BA.1.15.2 OR BA.1.15.3 OR BA.1.16 OR BA.1.16.1 OR BA.1.16.2 OR BA.1.17 OR BA.1.17.1 OR BA.1.17.2 OR BA.1.18 OR BA.1.19 OR BA.1.20 OR BA.1.21 OR BA.1.21.1 OR BA.1.22 OR BA.1.23 OR BA.1.24 OR BA.2 OR BA.2.1 OR BA.2.2 OR BA.2.2.1 OR BA.2.3 OR BA.2.3.1 OR BA.2.3.2 OR BA.2.3.4 OR BA.2.3.5 OR BA.2.3.6 OR BA.2.3.7 OR BA.2.3.8 OR BA.2.3.9 OR BA.2.3.10 OR BA.2.3.11 OR BA.2.3.12 OR BA.2.3.13 OR BA.2.3.14 OR BA.2.3.15 OR BA.2.3.16 OR BA.2.3.17 OR BA.2.3.18 OR BA.2.3.19 OR BA.2.3.20 OR BA.2.3.21 OR BA.2.3.22 OR BA.2.4 OR BA.2.5 OR BA.2.6 OR BA.2.7 OR BA.2.8 OR BA.2.9 OR BA.2.9.1 OR BA.2.9.2 OR BA.2.9.3 OR BA.2.9.4 OR BA.2.9.5 OR BA.2.9.6 OR BA.2.9.7 OR BA.2.10 OR BA.2.10.1 OR BA.2.10.2 OR BA.2.10.3 OR BA.2.10.4 OR BA.2.11 OR BA.2.12 OR BA.2.12.1 OR BA.2.12.2 OR BA.2.13 OR BA.2.13.1 OR BA.2.14 OR BA.2.15 OR BA.2.16 OR BA.2.17 OR BA.2.18 OR BA.2.19 OR BA.2.20 OR BA.2.21 OR BA.2.22 OR BA.2.23 OR BA.2.23.1 OR BA.2.24 OR BA.2.25 OR BA.2.25.1 OR BA.2.26 OR BA.2.27 OR BA.2.28 OR BA.2.29 OR BA.2.30 OR BA.2.31 OR BA.2.31.1 OR BA.2.32 OR BA.2.33 OR BA.2.34 OR BA.2.35 OR BA.2.36 OR BA.2.37 OR BA.2.38 OR BA.2.38.1 OR BA.2.38.2 OR BA.2.38.3 OR BA.2.38.4 OR BA.2.39 OR BA.2.40 OR BA.2.40.1 OR BA.2.41 OR BA.2.42 OR BA.2.43 OR BA.2.44 OR BA.2.45 OR BA.2.46 OR BA.2.47 OR BA.2.48 OR BA.2.49 OR BA.2.50 OR BA.2.51 OR BA.2.52 OR BA.2.53 OR BA.2.54 OR BA.2.55 OR BA.2.56 OR BA.2.56.1 OR BA.2.57 OR BA.2.58 OR BA.2.59 OR BA.2.60 OR BA.2.61 OR BA.2.62 OR BA.2.63 OR BA.2.64 OR BA.2.65 OR BA.2.66 OR BA.2.67 OR BA.2.68 OR BA.2.69 OR BA.2.70 OR BA.2.71 OR BA.2.72 OR BA.2.73 OR BA.2.74 OR BA.2.75 OR BA.2.75.1 OR BA.2.75.2 OR BA.2.75.3 OR BA.2.75.4 OR BA.2.75.5 OR BA.2.75.6 OR BA.2.75.7 OR BA.2.75.8 OR BA.2.75.9 OR BA.2.75.10 OR BA.2.76 OR BA.2.76.1 OR BA.2.76.2 OR BA.2.77 OR BA.2.78 OR BA.2.79 OR BA.2.79.1 OR BA.2.80 OR BA.2.81 OR BA.2.82 OR BA.2.83 OR BA.2.85 OR BA.3 OR BA.3.1 OR BA.4 OR BA.4.1 OR BA.4.1.1 OR BA.4.1.2 OR BA.4.1.3 OR BA.4.1.4 OR BA.4.1.5 OR BA.4.1.6 OR BA.4.1.7 OR BA.4.1.8 OR BA.4.1.9 OR BA.4.1.10 OR BA.4.2 OR BA.4.3 OR BA.4.4 OR BA.4.5 OR BA.4.6 OR BA.4.6.1 OR BA.4.6.2 OR BA.4.6.3 OR BA.4.6.4 OR BA.4.6.5 OR BA.4.7 OR BA.4.8 OR BA.5 OR BA.5.1 OR BA.5.1.1 OR BA.5.1.2 OR BA.5.1.3 OR BA.5.1.4 OR BA.5.1.5 OR BA.5.1.6 OR BA.5.1.7 OR BA.5.1.8 OR BA.5.1.9 OR BA.5.1.10 OR BA.5.1.11 OR BA.5.1.12 OR BA.5.1.14 OR BA.5.1.15 OR BA.5.1.16 OR BA.5.1.17 OR BA.5.1.18 OR BA.5.1.19 OR BA.5.1.20 OR BA.5.1.21 OR BA.5.1.22 OR BA.5.1.23 OR BA.5.1.24 OR BA.5.1.25 OR BA.5.1.26 OR BA.5.1.27 OR BA.5.1.28 OR BA.5.1.29 OR BA.5.1.30 OR BA.5.1.31 OR BA.5.1.32 OR BA.5.2 OR BA.5.2.1 OR BA.5.2.2 OR BA.5.2.3 OR BA.5.2.4 OR BA.5.2.5 OR BA.5.2.6 OR BA.5.2.7 OR BA.5.2.8 OR BA.5.2.9 OR BA.5.2.10 OR BA.5.2.11 OR BA.5.2.12 OR BA.5.2.13 OR BA.5.2.14 OR BA.5.2.16 OR BA.5.2.18 OR BA.5.2.19 OR BA.5.2.20 OR BA.5.2.21 OR BA.5.2.22 OR BA.5.2.23 OR BA.5.2.24 OR BA.5.2.25 OR BA.5.2.26 OR BA.5.2.27 OR BA.5.2.28 OR BA.5.2.29 OR BA.5.2.30 OR BA.5.2.31 OR BA.5.2.32 OR BA.5.2.33 OR BA.5.2.34 OR BA.5.2.35 OR BA.5.2.36 OR BA.5.2.37 OR BA.5.2.38 OR BA.5.2.39 OR BA.5.2.40 OR BA.5.2.41 OR BA.5.2.42 OR BA.5.2.43 OR BA.5.2.44 OR BA.5.2.45 OR BA.5.2.46 OR BA.5.2.47 OR BA.5.2.48 OR BA.5.2.49 OR BA.5.3 OR BA.5.3.1 OR BA.5.3.2 OR BA.5.3.3 OR BA.5.3.4 OR BA.5.3.5 OR BA.5.5 OR BA.5.5.1 OR BA.5.5.2 OR BA.5.5.3 OR BA.5.6 OR BA.5.6.1 OR BA.5.6.2 OR BA.5.6.3 OR BA.5.6.4 OR BA.5.7 OR BA.5.8 OR BA.5.9 OR BA.5.10 OR BA.5.10.1 OR BA.5.11 OR BC.1 OR BC.2 OR BD.1 OR BE.1 OR BE.1.1 OR BE.1.1.1 OR BE.1.1.2 OR BE.1.2 OR BE.1.2.1 OR BE.1.3 OR BE.1.4 OR BE.1.4.1 OR BE.1.4.2 OR BE.1.4.3 OR BE.1.4.4 OR BE.2 OR BE.3 OR BE.4 OR BE.4.1 OR BE.4.1.1 OR BE.4.2 OR BE.5 OR BE.6 OR BE.7 OR BE.8 OR BE.9 OR BE.10 OR BF.1 OR BF.1.1 OR BF.2 OR BF.3 OR BF.3.1 OR BF.4 OR BF.5 OR BF.5.1 OR BF.5.2 OR BF.6 OR BF.7 OR BF.7.1 OR BF.7.2 OR BF.7.3 OR BF.7.4 OR BF.7.4.1 OR BF.7.4.2 OR BF.7.5 OR BF.7.5.1 OR BF.7.6 OR BF.7.7 OR BF.7.8 OR BF.7.9 OR BF.7.10 OR BF.7.11 OR BF.7.12 OR BF.7.13 OR BF.7.13.1 OR BF.7.13.2 OR BF.7.14 OR BF.7.15 OR BF.8 OR BF.9 OR BF.10 OR BF.10.1 OR BF.11 OR BF.11.1 OR BF.11.2 OR BF.11.3 OR BF.11.4 OR BF.11.5 OR BF.12 OR BF.13 OR BF.14 OR BF.15 OR BF.16 OR BF.17 OR BF.18 OR BF.19 OR BF.20 OR BF.21 OR BF.22 OR BF.23 OR BF.24 OR BF.25 OR BF.26 OR BF.27 OR BF.28 OR BF.29 OR BF.30 OR BF.31 OR BF.31.1 OR BF.32 OR BF.33 OR BF.34 OR BG.1 OR BG.2 OR BG.3 OR BG.4 OR BG.5 OR BG.6 OR BG.7 OR BH.1 OR BJ.1 OR BK.1 OR BL.1 OR BL.1.1 OR BL.1.2 OR BL.1.3 OR BL.1.4 OR BL.2 OR BL.2.1 OR BL.3 OR BL.4 OR BL.5 OR BL.6 OR BM.1 OR BM.1.1 OR BM.1.1.1 OR BM.1.1.2 OR BM.1.1.3 OR BM.1.1.4 OR BM.1.1.5 OR BM.2 OR BM.2.1 OR BM.2.2 OR BM.2.3 OR BM.3 OR BM.4 OR BM.4.1 OR BM.4.1.1 OR BM.5 OR BM.6 OR BN.1 OR BN.1.1 OR BN.1.1.1 OR BN.1.2 OR BN.1.2.1 OR BN.1.3 OR BN.1.3.1 OR BN.1.3.2 OR BN.1.3.3 OR BN.1.3.4 OR BN.1.4 OR BN.1.4.1 OR BN.1.5 OR BN.1.5.1 OR BN.1.6 OR BN.1.7 OR BN.1.8 OR BN.1.9 OR BN.2 OR BN.2.1 OR BN.3 OR BN.3.1 OR BN.4 OR BN.5 OR BN.6 OR BP.1 OR BQ.1 OR BQ.1.1 OR BQ.1.1.1 OR BQ.1.1.2 OR BQ.1.1.3 OR BQ.1.1.4 OR BQ.1.1.5 OR BQ.1.1.6 OR BQ.1.1.7 OR BQ.1.1.8 OR BQ.1.1.9 OR BQ.1.1.10 OR BQ.1.1.11 OR BQ.1.1.12 OR BQ.1.1.13 OR BQ.1.1.14 OR BQ.1.1.15 OR BQ.1.1.16 OR BQ.1.1.17 OR BQ.1.1.18 OR BQ.1.1.19 OR BQ.1.1.20 OR BQ.1.1.21 OR BQ.1.1.22 OR BQ.1.1.23 OR BQ.1.1.24 OR BQ.1.1.25 OR BQ.1.1.26 OR BQ.1.1.27 OR BQ.1.1.28 OR BQ.1.1.29 OR BQ.1.1.30 OR BQ.1.1.31 OR BQ.1.1.32 OR BQ.1.1.34 OR BQ.1.1.35 OR BQ.1.1.36 OR BQ.1.2 OR BQ.1.3 OR BQ.1.4 OR BQ.1.5 OR BQ.1.6 OR BQ.1.7 OR BQ.1.8 OR BQ.1.8.1 OR BQ.1.8.2 OR BQ.1.9 OR BQ.1.10 OR BQ.1.10.1 OR BQ.1.11 OR BQ.1.12 OR BQ.1.13 OR BQ.1.13.1 OR BQ.1.14 OR BQ.1.15 OR BQ.1.16 OR BQ.1.17 OR BQ.1.18 OR BQ.1.19 OR BQ.1.20 OR BQ.1.21 OR BQ.1.22 OR BQ.1.23 OR BQ.1.24 OR BQ.1.25 OR BQ.1.25.1 OR BQ.1.26 OR BQ.1.26.1 OR BQ.1.27 OR BQ.1.28 OR BQ.2 OR BR.1 OR BR.1.1 OR BR.1.2 OR BR.2 OR BR.2.1 OR BR.3 OR BR.4 OR BS.1 OR BS.1.1 OR BS.1.2 OR BT.1 OR BT.2 OR BU.1 OR BU.2 OR BU.3 OR BV.1 OR BV.2 OR BW.1 OR BW.1.1 OR BY.1 OR BY.1.1 OR BY.1.1.1 OR BY.1.2 OR BY.1.2.1 OR BZ.1 OR CA.1 OR CA.2 OR CA.3 OR CA.3.1 OR CA.4 OR CA.5 OR CA.6 OR CA.7 OR CB.1 OR CC.1 OR CD.1 OR CD.2 OR CE.1 OR CF.1 OR CG.1 OR CH.1 OR CH.1.1 OR CH.1.1.1 OR CH.1.1.2 OR CH.1.1.3 OR CH.1.1.4 OR CH.1.1.5 OR CH.2 OR CH.3 OR CH.3.1 OR CJ.1 OR CJ.1.1 OR CK.1 OR CK.1.1 OR CK.1.2 OR CK.2 OR CK.2.1 OR CK.2.1.1 OR CK.3 OR CL.1 OR CM.1 OR CM.2 OR CM.2.1 OR CM.3 OR CM.4 OR CM.4.1 OR CM.5 OR CM.5.1 OR CM.5.2 OR CM.6 OR CM.6.1 OR CM.7 OR CM.8 OR CM.8.1 OR CM.9 OR CM.10 OR CM.11 OR CM.12 OR CN.1 OR CN.2 OR CP.1 OR CP.1.1 OR CP.1.2 OR CP.1.3 OR CP.2 OR CP.3 OR CP.4 OR CP.5 OR CP.6 OR CQ.1 OR CQ.1.1 OR CQ.2 OR CR.1 OR CR.1.1 OR CR.1.2 OR CR.1.3 OR CR.2 OR CS.1 OR CT.1 OR CU.1 OR CV.1 OR CV.2 OR CW.1 OR CY.1 OR CZ.1 OR DA.1 OR DB.1 OR DB.2 OR DC.1 OR DD.1 OR DE.1 OR DE.2 OR DF.1 OR DF.1.1 OR DG.1 OR DH.1 OR DJ.1 OR DJ.1.1 OR DJ.1.2 OR DJ.1.3 OR DK.1 OR DL.1 OR DM.1 OR DN.1 OR DN.1.1 OR DP.1 OR DQ.1 OR DR.1 OR DS.1 OR DT.1 OR DU.1 OR DV.1,Omicron,1.64285714285714,1.5,0.91304347826087
2022-05-02,1,0,1,0,0,0.000385580980755902,0.853253683690425,B.1.1.529 OR BA.1 OR BA.1.1 OR BA.1.1.1 OR BA.1.1.2 OR BA.1.1.3 OR BA.1.1.4 OR BA.1.1.5 OR BA.1.1.6 OR BA.1.1.7 OR BA.1.1.8 OR BA.1.1.9 OR BA.1.1.10 OR BA.1.1.11 OR BA.1.1.12 OR BA.1.1.13 OR BA.1.1.14 OR BA.1.1.15 OR BA.1.1.16 OR BA.1.1.17 OR BA.1.1.18 OR BA.1.2 OR BA.1.3 OR BA.1.4 OR BA.1.5 OR BA.1.6 OR BA.1.7 OR BA.1.8 OR BA.1.9 OR BA.1.10 OR BA.1.12 OR BA.1.13 OR BA.1.13.1 OR BA.1.14 OR BA.1.14.1 OR BA.1.14.2 OR BA.1.15 OR BA.1.15.1 OR BA.1.15.2 OR BA.1.15.3 OR BA.1.16 OR BA.1.16.1 OR BA.1.16.2 OR BA.1.17 OR BA.1.17.1 OR BA.1.17.2 OR BA.1.18 OR BA.1.19 OR BA.1.20 OR BA.1.21 OR BA.1.21.1 OR BA.1.22 OR BA.1.23 OR BA.1.24 OR BA.2 OR BA.2.1 OR BA.2.2 OR BA.2.2.1 OR BA.2.3 OR BA.2.3.1 OR BA.2.3.2 OR BA.2.3.4 OR BA.2.3.5 OR BA.2.3.6 OR BA.2.3.7 OR BA.2.3.8 OR BA.2.3.9 OR BA.2.3.10 OR BA.2.3.11 OR BA.2.3.12 OR BA.2.3.13 OR BA.2.3.14 OR BA.2.3.15 OR BA.2.3.16 OR BA.2.3.17 OR BA.2.3.18 OR BA.2.3.19 OR BA.2.3.20 OR BA.2.3.21 OR BA.2.3.22 OR BA.2.4 OR BA.2.5 OR BA.2.6 OR BA.2.7 OR BA.2.8 OR BA.2.9 OR BA.2.9.1 OR BA.2.9.2 OR BA.2.9.3 OR BA.2.9.4 OR BA.2.9.5 OR BA.2.9.6 OR BA.2.9.7 OR BA.2.10 OR BA.2.10.1 OR BA.2.10.2 OR BA.2.10.3 OR BA.2.10.4 OR BA.2.11 OR BA.2.12 OR BA.2.12.1 OR BA.2.12.2 OR BA.2.13 OR BA.2.13.1 OR BA.2.14 OR BA.2.15 OR BA.2.16 OR BA.2.17 OR BA.2.18 OR BA.2.19 OR BA.2.20 OR BA.2.21 OR BA.2.22 OR BA.2.23 OR BA.2.23.1 OR BA.2.24 OR BA.2.25 OR BA.2.25.1 OR BA.2.26 OR BA.2.27 OR BA.2.28 OR BA.2.29 OR BA.2.30 OR BA.2.31 OR BA.2.31.1 OR BA.2.32 OR BA.2.33 OR BA.2.34 OR BA.2.35 OR BA.2.36 OR BA.2.37 OR BA.2.38 OR BA.2.38.1 OR BA.2.38.2 OR BA.2.38.3 OR BA.2.38.4 OR BA.2.39 OR BA.2.40 OR BA.2.40.1 OR BA.2.41 OR BA.2.42 OR BA.2.43 OR BA.2.44 OR BA.2.45 OR BA.2.46 OR BA.2.47 OR BA.2.48 OR BA.2.49 OR BA.2.50 OR BA.2.51 OR BA.2.52 OR BA.2.53 OR BA.2.54 OR BA.2.55 OR BA.2.56 OR BA.2.56.1 OR BA.2.57 OR BA.2.58 OR BA.2.59 OR BA.2.60 OR BA.2.61 OR BA.2.62 OR BA.2.63 OR BA.2.64 OR BA.2.65 OR BA.2.66 OR BA.2.67 OR BA.2.68 OR BA.2.69 OR BA.2.70 OR BA.2.71 OR BA.2.72 OR BA.2.73 OR BA.2.74 OR BA.2.75 OR BA.2.75.1 OR BA.2.75.2 OR BA.2.75.3 OR BA.2.75.4 OR BA.2.75.5 OR BA.2.75.6 OR BA.2.75.7 OR BA.2.75.8 OR BA.2.75.9 OR BA.2.75.10 OR BA.2.76 OR BA.2.76.1 OR BA.2.76.2 OR BA.2.77 OR BA.2.78 OR BA.2.79 OR BA.2.79.1 OR BA.2.80 OR BA.2.81 OR BA.2.82 OR BA.2.83 OR BA.2.85 OR BA.3 OR BA.3.1 OR BA.4 OR BA.4.1 OR BA.4.1.1 OR BA.4.1.2 OR BA.4.1.3 OR BA.4.1.4 OR BA.4.1.5 OR BA.4.1.6 OR BA.4.1.7 OR BA.4.1.8 OR BA.4.1.9 OR BA.4.1.10 OR BA.4.2 OR BA.4.3 OR BA.4.4 OR BA.4.5 OR BA.4.6 OR BA.4.6.1 OR BA.4.6.2 OR BA.4.6.3 OR BA.4.6.4 OR BA.4.6.5 OR BA.4.7 OR BA.4.8 OR BA.5 OR BA.5.1 OR BA.5.1.1 OR BA.5.1.2 OR BA.5.1.3 OR BA.5.1.4 OR BA.5.1.5 OR BA.5.1.6 OR BA.5.1.7 OR BA.5.1.8 OR BA.5.1.9 OR BA.5.1.10 OR BA.5.1.11 OR BA.5.1.12 OR BA.5.1.14 OR BA.5.1.15 OR BA.5.1.16 OR BA.5.1.17 OR BA.5.1.18 OR BA.5.1.19 OR BA.5.1.20 OR BA.5.1.21 OR BA.5.1.22 OR BA.5.1.23 OR BA.5.1.24 OR BA.5.1.25 OR BA.5.1.26 OR BA.5.1.27 OR BA.5.1.28 OR BA.5.1.29 OR BA.5.1.30 OR BA.5.1.31 OR BA.5.1.32 OR BA.5.2 OR BA.5.2.1 OR BA.5.2.2 OR BA.5.2.3 OR BA.5.2.4 OR BA.5.2.5 OR BA.5.2.6 OR BA.5.2.7 OR BA.5.2.8 OR BA.5.2.9 OR BA.5.2.10 OR BA.5.2.11 OR BA.5.2.12 OR BA.5.2.13 OR BA.5.2.14 OR BA.5.2.16 OR BA.5.2.18 OR BA.5.2.19 OR BA.5.2.20 OR BA.5.2.21 OR BA.5.2.22 OR BA.5.2.23 OR BA.5.2.24 OR BA.5.2.25 OR BA.5.2.26 OR BA.5.2.27 OR BA.5.2.28 OR BA.5.2.29 OR BA.5.2.30 OR BA.5.2.31 OR BA.5.2.32 OR BA.5.2.33 OR BA.5.2.34 OR BA.5.2.35 OR BA.5.2.36 OR BA.5.2.37 OR BA.5.2.38 OR BA.5.2.39 OR BA.5.2.40 OR BA.5.2.41 OR BA.5.2.42 OR BA.5.2.43 OR BA.5.2.44 OR BA.5.2.45 OR BA.5.2.46 OR BA.5.2.47 OR BA.5.2.48 OR BA.5.2.49 OR BA.5.3 OR BA.5.3.1 OR BA.5.3.2 OR BA.5.3.3 OR BA.5.3.4 OR BA.5.3.5 OR BA.5.5 OR BA.5.5.1 OR BA.5.5.2 OR BA.5.5.3 OR BA.5.6 OR BA.5.6.1 OR BA.5.6.2 OR BA.5.6.3 OR BA.5.6.4 OR BA.5.7 OR BA.5.8 OR BA.5.9 OR BA.5.10 OR BA.5.10.1 OR BA.5.11 OR BC.1 OR BC.2 OR BD.1 OR BE.1 OR BE.1.1 OR BE.1.1.1 OR BE.1.1.2 OR BE.1.2 OR BE.1.2.1 OR BE.1.3 OR BE.1.4 OR BE.1.4.1 OR BE.1.4.2 OR BE.1.4.3 OR BE.1.4.4 OR BE.2 OR BE.3 OR BE.4 OR BE.4.1 OR BE.4.1.1 OR BE.4.2 OR BE.5 OR BE.6 OR BE.7 OR BE.8 OR BE.9 OR BE.10 OR BF.1 OR BF.1.1 OR BF.2 OR BF.3 OR BF.3.1 OR BF.4 OR BF.5 OR BF.5.1 OR BF.5.2 OR BF.6 OR BF.7 OR BF.7.1 OR BF.7.2 OR BF.7.3 OR BF.7.4 OR BF.7.4.1 OR BF.7.4.2 OR BF.7.5 OR BF.7.5.1 OR BF.7.6 OR BF.7.7 OR BF.7.8 OR BF.7.9 OR BF.7.10 OR BF.7.11 OR BF.7.12 OR BF.7.13 OR BF.7.13.1 OR BF.7.13.2 OR BF.7.14 OR BF.7.15 OR BF.8 OR BF.9 OR BF.10 OR BF.10.1 OR BF.11 OR BF.11.1 OR BF.11.2 OR BF.11.3 OR BF.11.4 OR BF.11.5 OR BF.12 OR BF.13 OR BF.14 OR BF.15 OR BF.16 OR BF.17 OR BF.18 OR BF.19 OR BF.20 OR BF.21 OR BF.22 OR BF.23 OR BF.24 OR BF.25 OR BF.26 OR BF.27 OR BF.28 OR BF.29 OR BF.30 OR BF.31 OR BF.31.1 OR BF.32 OR BF.33 OR BF.34 OR BG.1 OR BG.2 OR BG.3 OR BG.4 OR BG.5 OR BG.6 OR BG.7 OR BH.1 OR BJ.1 OR BK.1 OR BL.1 OR BL.1.1 OR BL.1.2 OR BL.1.3 OR BL.1.4 OR BL.2 OR BL.2.1 OR BL.3 OR BL.4 OR BL.5 OR BL.6 OR BM.1 OR BM.1.1 OR BM.1.1.1 OR BM.1.1.2 OR BM.1.1.3 OR BM.1.1.4 OR BM.1.1.5 OR BM.2 OR BM.2.1 OR BM.2.2 OR BM.2.3 OR BM.3 OR BM.4 OR BM.4.1 OR BM.4.1.1 OR BM.5 OR BM.6 OR BN.1 OR BN.1.1 OR BN.1.1.1 OR BN.1.2 OR BN.1.2.1 OR BN.1.3 OR BN.1.3.1 OR BN.1.3.2 OR BN.1.3.3 OR BN.1.3.4 OR BN.1.4 OR BN.1.4.1 OR BN.1.5 OR BN.1.5.1 OR BN.1.6 OR BN.1.7 OR BN.1.8 OR BN.1.9 OR BN.2 OR BN.2.1 OR BN.3 OR BN.3.1 OR BN.4 OR BN.5 OR BN.6 OR BP.1 OR BQ.1 OR BQ.1.1 OR BQ.1.1.1 OR BQ.1.1.2 OR BQ.1.1.3 OR BQ.1.1.4 OR BQ.1.1.5 OR BQ.1.1.6 OR BQ.1.1.7 OR BQ.1.1.8 OR BQ.1.1.9 OR BQ.1.1.10 OR BQ.1.1.11 OR BQ.1.1.12 OR BQ.1.1.13 OR BQ.1.1.14 OR BQ.1.1.15 OR BQ.1.1.16 OR BQ.1.1.17 OR BQ.1.1.18 OR BQ.1.1.19 OR BQ.1.1.20 OR BQ.1.1.21 OR BQ.1.1.22 OR BQ.1.1.23 OR BQ.1.1.24 OR BQ.1.1.25 OR BQ.1.1.26 OR BQ.1.1.27 OR BQ.1.1.28 OR BQ.1.1.29 OR BQ.1.1.30 OR BQ.1.1.31 OR BQ.1.1.32 OR BQ.1.1.34 OR BQ.1.1.35 OR BQ.1.1.36 OR BQ.1.2 OR BQ.1.3 OR BQ.1.4 OR BQ.1.5 OR BQ.1.6 OR BQ.1.7 OR BQ.1.8 OR BQ.1.8.1 OR BQ.1.8.2 OR BQ.1.9 OR BQ.1.10 OR BQ.1.10.1 OR BQ.1.11 OR BQ.1.12 OR BQ.1.13 OR BQ.1.13.1 OR BQ.1.14 OR BQ.1.15 OR BQ.1.16 OR BQ.1.17 OR BQ.1.18 OR BQ.1.19 OR BQ.1.20 OR BQ.1.21 OR BQ.1.22 OR BQ.1.23 OR BQ.1.24 OR BQ.1.25 OR BQ.1.25.1 OR BQ.1.26 OR BQ.1.26.1 OR BQ.1.27 OR BQ.1.28 OR BQ.2 OR BR.1 OR BR.1.1 OR BR.1.2 OR BR.2 OR BR.2.1 OR BR.3 OR BR.4 OR BS.1 OR BS.1.1 OR BS.1.2 OR BT.1 OR BT.2 OR BU.1 OR BU.2 OR BU.3 OR BV.1 OR BV.2 OR BW.1 OR BW.1.1 OR BY.1 OR BY.1.1 OR BY.1.1.1 OR BY.1.2 OR BY.1.2.1 OR BZ.1 OR CA.1 OR CA.2 OR CA.3 OR CA.3.1 OR CA.4 OR CA.5 OR CA.6 OR CA.7 OR CB.1 OR CC.1 OR CD.1 OR CD.2 OR CE.1 OR CF.1 OR CG.1 OR CH.1 OR CH.1.1 OR CH.1.1.1 OR CH.1.1.2 OR CH.1.1.3 OR CH.1.1.4 OR CH.1.1.5 OR CH.2 OR CH.3 OR CH.3.1 OR CJ.1 OR CJ.1.1 OR CK.1 OR CK.1.1 OR CK.1.2 OR CK.2 OR CK.2.1 OR CK.2.1.1 OR CK.3 OR CL.1 OR CM.1 OR CM.2 OR CM.2.1 OR CM.3 OR CM.4 OR CM.4.1 OR CM.5 OR CM.5.1 OR CM.5.2 OR CM.6 OR CM.6.1 OR CM.7 OR CM.8 OR CM.8.1 OR CM.9 OR CM.10 OR CM.11 OR CM.12 OR CN.1 OR CN.2 OR CP.1 OR CP.1.1 OR CP.1.2 OR CP.1.3 OR CP.2 OR CP.3 OR CP.4 OR CP.5 OR CP.6 OR CQ.1 OR CQ.1.1 OR CQ.2 OR CR.1 OR CR.1.1 OR CR.1.2 OR CR.1.3 OR CR.2 OR CS.1 OR CT.1 OR CU.1 OR CV.1 OR CV.2 OR CW.1 OR CY.1 OR CZ.1 OR DA.1 OR DB.1 OR DB.2 OR DC.1 OR DD.1 OR DE.1 OR DE.2 OR DF.1 OR DF.1.1 OR DG.1 OR DH.1 OR DJ.1 OR DJ.1.1 OR DJ.1.2 OR DJ.1.3 OR DK.1 OR DL.1 OR DM.1 OR DN.1 OR DN.1.1 OR DP.1 OR DQ.1 OR DR.1 OR DS.1 OR DT.1 OR DU.1 OR DV.1,Omicron,1.64285714285714,1.42857142857143,0.869565217391305
2022-05-04,4,4,2.5,2,0.8,0.333178245598791,0.999783091529969,B.1.1.529 OR BA.1 OR BA.1.1 OR BA.1.1.1 OR BA.1.1.2 OR BA.1.1.3 OR BA.1.1.4 OR BA.1.1.5 OR BA.1.1.6 OR BA.1.1.7 OR BA.1.1.8 OR BA.1.1.9 OR BA.1.1.10 OR BA.1.1.11 OR BA.1.1.12 OR BA.1.1.13 OR BA.1.1.14 OR BA.1.1.15 OR BA.1.1.16 OR BA.1.1.17 OR BA.1.1.18 OR BA.1.2 OR BA.1.3 OR BA.1.4 OR BA.1.5 OR BA.1.6 OR BA.1.7 OR BA.1.8 OR BA.1.9 OR BA.1.10 OR BA.1.12 OR BA.1.13 OR BA.1.13.1 OR BA.1.14 OR BA.1.14.1 OR BA.1.14.2 OR BA.1.15 OR BA.1.15.1 OR BA.1.15.2 OR BA.1.15.3 OR BA.1.16 OR BA.1.16.1 OR BA.1.16.2 OR BA.1.17 OR BA.1.17.1 OR BA.1.17.2 OR BA.1.18 OR BA.1.19 OR BA.1.20 OR BA.1.21 OR BA.1.21.1 OR BA.1.22 OR BA.1.23 OR BA.1.24 OR BA.2 OR BA.2.1 OR BA.2.2 OR BA.2.2.1 OR BA.2.3 OR BA.2.3.1 OR BA.2.3.2 OR BA.2.3.4 OR BA.2.3.5 OR BA.2.3.6 OR BA.2.3.7 OR BA.2.3.8 OR BA.2.3.9 OR BA.2.3.10 OR BA.2.3.11 OR BA.2.3.12 OR BA.2.3.13 OR BA.2.3.14 OR BA.2.3.15 OR BA.2.3.16 OR BA.2.3.17 OR BA.2.3.18 OR BA.2.3.19 OR BA.2.3.20 OR BA.2.3.21 OR BA.2.3.22 OR BA.2.4 OR BA.2.5 OR BA.2.6 OR BA.2.7 OR BA.2.8 OR BA.2.9 OR BA.2.9.1 OR BA.2.9.2 OR BA.2.9.3 OR BA.2.9.4 OR BA.2.9.5 OR BA.2.9.6 OR BA.2.9.7 OR BA.2.10 OR BA.2.10.1 OR BA.2.10.2 OR BA.2.10.3 OR BA.2.10.4 OR BA.2.11 OR BA.2.12 OR BA.2.12.1 OR BA.2.12.2 OR BA.2.13 OR BA.2.13.1 OR BA.2.14 OR BA.2.15 OR BA.2.16 OR BA.2.17 OR BA.2.18 OR BA.2.19 OR BA.2.20 OR BA.2.21 OR BA.2.22 OR BA.2.23 OR BA.2.23.1 OR BA.2.24 OR BA.2.25 OR BA.2.25.1 OR BA.2.26 OR BA.2.27 OR BA.2.28 OR BA.2.29 OR BA.2.30 OR BA.2.31 OR BA.2.31.1 OR BA.2.32 OR BA.2.33 OR BA.2.34 OR BA.2.35 OR BA.2.36 OR BA.2.37 OR BA.2.38 OR BA.2.38.1 OR BA.2.38.2 OR BA.2.38.3 OR BA.2.38.4 OR BA.2.39 OR BA.2.40 OR BA.2.40.1 OR BA.2.41 OR BA.2.42 OR BA.2.43 OR BA.2.44 OR BA.2.45 OR BA.2.46 OR BA.2.47 OR BA.2.48 OR BA.2.49 OR BA.2.50 OR BA.2.51 OR BA.2.52 OR BA.2.53 OR BA.2.54 OR BA.2.55 OR BA.2.56 OR BA.2.56.1 OR BA.2.57 OR BA.2.58 OR BA.2.59 OR BA.2.60 OR BA.2.61 OR BA.2.62 OR BA.2.63 OR BA.2.64 OR BA.2.65 OR BA.2.66 OR BA.2.67 OR BA.2.68 OR BA.2.69 OR BA.2.70 OR BA.2.71 OR BA.2.72 OR BA.2.73 OR BA.2.74 OR BA.2.75 OR BA.2.75.1 OR BA.2.75.2 OR BA.2.75.3 OR BA.2.75.4 OR BA.2.75.5 OR BA.2.75.6 OR BA.2.75.7 OR BA.2.75.8 OR BA.2.75.9 OR BA.2.75.10 OR BA.2.76 OR BA.2.76.1 OR BA.2.76.2 OR BA.2.77 OR BA.2.78 OR BA.2.79 OR BA.2.79.1 OR BA.2.80 OR BA.2.81 OR BA.2.82 OR BA.2.83 OR BA.2.85 OR BA.3 OR BA.3.1 OR BA.4 OR BA.4.1 OR BA.4.1.1 OR BA.4.1.2 OR BA.4.1.3 OR BA.4.1.4 OR BA.4.1.5 OR BA.4.1.6 OR BA.4.1.7 OR BA.4.1.8 OR BA.4.1.9 OR BA.4.1.10 OR BA.4.2 OR BA.4.3 OR BA.4.4 OR BA.4.5 OR BA.4.6 OR BA.4.6.1 OR BA.4.6.2 OR BA.4.6.3 OR BA.4.6.4 OR BA.4.6.5 OR BA.4.7 OR BA.4.8 OR BA.5 OR BA.5.1 OR BA.5.1.1 OR BA.5.1.2 OR BA.5.1.3 OR BA.5.1.4 OR BA.5.1.5 OR BA.5.1.6 OR BA.5.1.7 OR BA.5.1.8 OR BA.5.1.9 OR BA.5.1.10 OR BA.5.1.11 OR BA.5.1.12 OR BA.5.1.14 OR BA.5.1.15 OR BA.5.1.16 OR BA.5.1.17 OR BA.5.1.18 OR BA.5.1.19 OR BA.5.1.20 OR BA.5.1.21 OR BA.5.1.22 OR BA.5.1.23 OR BA.5.1.24 OR BA.5.1.25 OR BA.5.1.26 OR BA.5.1.27 OR BA.5.1.28 OR BA.5.1.29 OR BA.5.1.30 OR BA.5.1.31 OR BA.5.1.32 OR BA.5.2 OR BA.5.2.1 OR BA.5.2.2 OR BA.5.2.3 OR BA.5.2.4 OR BA.5.2.5 OR BA.5.2.6 OR BA.5.2.7 OR BA.5.2.8 OR BA.5.2.9 OR BA.5.2.10 OR BA.5.2.11 OR BA.5.2.12 OR BA.5.2.13 OR BA.5.2.14 OR BA.5.2.16 OR BA.5.2.18 OR BA.5.2.19 OR BA.5.2.20 OR BA.5.2.21 OR BA.5.2.22 OR BA.5.2.23 OR BA.5.2.24 OR BA.5.2.25 OR BA.5.2.26 OR BA.5.2.27 OR BA.5.2.28 OR BA.5.2.29 OR BA.5.2.30 OR BA.5.2.31 OR BA.5.2.32 OR BA.5.2.33 OR BA.5.2.34 OR BA.5.2.35 OR BA.5.2.36 OR BA.5.2.37 OR BA.5.2.38 OR BA.5.2.39 OR BA.5.2.40 OR BA.5.2.41 OR BA.5.2.42 OR BA.5.2.43 OR BA.5.2.44 OR BA.5.2.45 OR BA.5.2.46 OR BA.5.2.47 OR BA.5.2.48 OR BA.5.2.49 OR BA.5.3 OR BA.5.3.1 OR BA.5.3.2 OR BA.5.3.3 OR BA.5.3.4 OR BA.5.3.5 OR BA.5.5 OR BA.5.5.1 OR BA.5.5.2 OR BA.5.5.3 OR BA.5.6 OR BA.5.6.1 OR BA.5.6.2 OR BA.5.6.3 OR BA.5.6.4 OR BA.5.7 OR BA.5.8 OR BA.5.9 OR BA.5.10 OR BA.5.10.1 OR BA.5.11 OR BC.1 OR BC.2 OR BD.1 OR BE.1 OR BE.1.1 OR BE.1.1.1 OR BE.1.1.2 OR BE.1.2 OR BE.1.2.1 OR BE.1.3 OR BE.1.4 OR BE.1.4.1 OR BE.1.4.2 OR BE.1.4.3 OR BE.1.4.4 OR BE.2 OR BE.3 OR BE.4 OR BE.4.1 OR BE.4.1.1 OR BE.4.2 OR BE.5 OR BE.6 OR BE.7 OR BE.8 OR BE.9 OR BE.10 OR BF.1 OR BF.1.1 OR BF.2 OR BF.3 OR BF.3.1 OR BF.4 OR BF.5 OR BF.5.1 OR BF.5.2 OR BF.6 OR BF.7 OR BF.7.1 OR BF.7.2 OR BF.7.3 OR BF.7.4 OR BF.7.4.1 OR BF.7.4.2 OR BF.7.5 OR BF.7.5.1 OR BF.7.6 OR BF.7.7 OR BF.7.8 OR BF.7.9 OR BF.7.10 OR BF.7.11 OR BF.7.12 OR BF.7.13 OR BF.7.13.1 OR BF.7.13.2 OR BF.7.14 OR BF.7.15 OR BF.8 OR BF.9 OR BF.10 OR BF.10.1 OR BF.11 OR BF.11.1 OR BF.11.2 OR BF.11.3 OR BF.11.4 OR BF.11.5 OR BF.12 OR BF.13 OR BF.14 OR BF.15 OR BF.16 OR BF.17 OR BF.18 OR BF.19 OR BF.20 OR BF.21 OR BF.22 OR BF.23 OR BF.24 OR BF.25 OR BF.26 OR BF.27 OR BF.28 OR BF.29 OR BF.30 OR BF.31 OR BF.31.1 OR BF.32 OR BF.33 OR BF.34 OR BG.1 OR BG.2 OR BG.3 OR BG.4 OR BG.5 OR BG.6 OR BG.7 OR BH.1 OR BJ.1 OR BK.1 OR BL.1 OR BL.1.1 OR BL.1.2 OR BL.1.3 OR BL.1.4 OR BL.2 OR BL.2.1 OR BL.3 OR BL.4 OR BL.5 OR BL.6 OR BM.1 OR BM.1.1 OR BM.1.1.1 OR BM.1.1.2 OR BM.1.1.3 OR BM.1.1.4 OR BM.1.1.5 OR BM.2 OR BM.2.1 OR BM.2.2 OR BM.2.3 OR BM.3 OR BM.4 OR BM.4.1 OR BM.4.1.1 OR BM.5 OR BM.6 OR BN.1 OR BN.1.1 OR BN.1.1.1 OR BN.1.2 OR BN.1.2.1 OR BN.1.3 OR BN.1.3.1 OR BN.1.3.2 OR BN.1.3.3 OR BN.1.3.4 OR BN.1.4 OR BN.1.4.1 OR BN.1.5 OR BN.1.5.1 OR BN.1.6 OR BN.1.7 OR BN.1.8 OR BN.1.9 OR BN.2 OR BN.2.1 OR BN.3 OR BN.3.1 OR BN.4 OR BN.5 OR BN.6 OR BP.1 OR BQ.1 OR BQ.1.1 OR BQ.1.1.1 OR BQ.1.1.2 OR BQ.1.1.3 OR BQ.1.1.4 OR BQ.1.1.5 OR BQ.1.1.6 OR BQ.1.1.7 OR BQ.1.1.8 OR BQ.1.1.9 OR BQ.1.1.10 OR BQ.1.1.11 OR BQ.1.1.12 OR BQ.1.1.13 OR BQ.1.1.14 OR BQ.1.1.15 OR BQ.1.1.16 OR BQ.1.1.17 OR BQ.1.1.18 OR BQ.1.1.19 OR BQ.1.1.20 OR BQ.1.1.21 OR BQ.1.1.22 OR BQ.1.1.23 OR BQ.1.1.24 OR BQ.1.1.25 OR BQ.1.1.26 OR BQ.1.1.27 OR BQ.1.1.28 OR BQ.1.1.29 OR BQ.1.1.30 OR BQ.1.1.31 OR BQ.1.1.32 OR BQ.1.1.34 OR BQ.1.1.35 OR BQ.1.1.36 OR BQ.1.2 OR BQ.1.3 OR BQ.1.4 OR BQ.1.5 OR BQ.1.6 OR BQ.1.7 OR BQ.1.8 OR BQ.1.8.1 OR BQ.1.8.2 OR BQ.1.9 OR BQ.1.10 OR BQ.1.10.1 OR BQ.1.11 OR BQ.1.12 OR BQ.1.13 OR BQ.1.13.1 OR BQ.1.14 OR BQ.1.15 OR BQ.1.16 OR BQ.1.17 OR BQ.1.18 OR BQ.1.19 OR BQ.1.20 OR BQ.1.21 OR BQ.1.22 OR BQ.1.23 OR BQ.1.24 OR BQ.1.25 OR BQ.1.25.1 OR BQ.1.26 OR BQ.1.26.1 OR BQ.1.27 OR BQ.1.28 OR BQ.2 OR BR.1 OR BR.1.1 OR BR.1.2 OR BR.2 OR BR.2.1 OR BR.3 OR BR.4 OR BS.1 OR BS.1.1 OR BS.1.2 OR BT.1 OR BT.2 OR BU.1 OR BU.2 OR BU.3 OR BV.1 OR BV.2 OR BW.1 OR BW.1.1 OR BY.1 OR BY.1.1 OR BY.1.1.1 OR BY.1.2 OR BY.1.2.1 OR BZ.1 OR CA.1 OR CA.2 OR CA.3 OR CA.3.1 OR CA.4 OR CA.5 OR CA.6 OR CA.7 OR CB.1 OR CC.1 OR CD.1 OR CD.2 OR CE.1 OR CF.1 OR CG.1 OR CH.1 OR CH.1.1 OR CH.1.1.1 OR CH.1.1.2 OR CH.1.1.3 OR CH.1.1.4 OR CH.1.1.5 OR CH.2 OR CH.3 OR CH.3.1 OR CJ.1 OR CJ.1.1 OR CK.1 OR CK.1.1 OR CK.1.2 OR CK.2 OR CK.2.1 OR CK.2.1.1 OR CK.3 OR CL.1 OR CM.1 OR CM.2 OR CM.2.1 OR CM.3 OR CM.4 OR CM.4.1 OR CM.5 OR CM.5.1 OR CM.5.2 OR CM.6 OR CM.6.1 OR CM.7 OR CM.8 OR CM.8.1 OR CM.9 OR CM.10 OR CM.11 OR CM.12 OR CN.1 OR CN.2 OR CP.1 OR CP.1.1 OR CP.1.2 OR CP.1.3 OR CP.2 OR CP.3 OR CP.4 OR CP.5 OR CP.6 OR CQ.1 OR CQ.1.1 OR CQ.2 OR CR.1 OR CR.1.1 OR CR.1.2 OR CR.1.3 OR CR.2 OR CS.1 OR CT.1 OR CU.1 OR CV.1 OR CV.2 OR CW.1 OR CY.1 OR CZ.1 OR DA.1 OR DB.1 OR DB.2 OR DC.1 OR DD.1 OR DE.1 OR DE.2 OR DF.1 OR DF.1.1 OR DG.1 OR DH.1 OR DJ.1 OR DJ.1.1 OR DJ.1.2 OR DJ.1.3 OR DK.1 OR DL.1 OR DM.1 OR DN.1 OR DN.1.1 OR DP.1 OR DQ.1 OR DR.1 OR DS.1 OR DT.1 OR DU.1 OR DV.1,Omicron,1.85714285714286,1.64285714285714,0.884615384615385
2022-05-05,23,21,9.33333333333333,8.33333333333333,0.892857142857143,0.585530722559468,0.98773591237838,B.1.1.529 OR BA.1 OR BA.1.1 OR BA.1.1.1 OR BA.1.1.2 OR BA.1.1.3 OR BA.1.1.4 OR BA.1.1.5 OR BA.1.1.6 OR BA.1.1.7 OR BA.1.1.8 OR BA.1.1.9 OR BA.1.1.10 OR BA.1.1.11 OR BA.1.1.12 OR BA.1.1.13 OR BA.1.1.14 OR BA.1.1.15 OR BA.1.1.16 OR BA.1.1.17 OR BA.1.1.18 OR BA.1.2 OR BA.1.3 OR BA.1.4 OR BA.1.5 OR BA.1.6 OR BA.1.7 OR BA.1.8 OR BA.1.9 OR BA.1.10 OR BA.1.12 OR BA.1.13 OR BA.1.13.1 OR BA.1.14 OR BA.1.14.1 OR BA.1.14.2 OR BA.1.15 OR BA.1.15.1 OR BA.1.15.2 OR BA.1.15.3 OR BA.1.16 OR BA.1.16.1 OR BA.1.16.2 OR BA.1.17 OR BA.1.17.1 OR BA.1.17.2 OR BA.1.18 OR BA.1.19 OR BA.1.20 OR BA.1.21 OR BA.1.21.1 OR BA.1.22 OR BA.1.23 OR BA.1.24 OR BA.2 OR BA.2.1 OR BA.2.2 OR BA.2.2.1 OR BA.2.3 OR BA.2.3.1 OR BA.2.3.2 OR BA.2.3.4 OR BA.2.3.5 OR BA.2.3.6 OR BA.2.3.7 OR BA.2.3.8 OR BA.2.3.9 OR BA.2.3.10 OR BA.2.3.11 OR BA.2.3.12 OR BA.2.3.13 OR BA.2.3.14 OR BA.2.3.15 OR BA.2.3.16 OR BA.2.3.17 OR BA.2.3.18 OR BA.2.3.19 OR BA.2.3.20 OR BA.2.3.21 OR BA.2.3.22 OR BA.2.4 OR BA.2.5 OR BA.2.6 OR BA.2.7 OR BA.2.8 OR BA.2.9 OR BA.2.9.1 OR BA.2.9.2 OR BA.2.9.3 OR BA.2.9.4 OR BA.2.9.5 OR BA.2.9.6 OR BA.2.9.7 OR BA.2.10 OR BA.2.10.1 OR BA.2.10.2 OR BA.2.10.3 OR BA.2.10.4 OR BA.2.11 OR BA.2.12 OR BA.2.12.1 OR BA.2.12.2 OR BA.2.13 OR BA.2.13.1 OR BA.2.14 OR BA.2.15 OR BA.2.16 OR BA.2.17 OR BA.2.18 OR BA.2.19 OR BA.2.20 OR BA.2.21 OR BA.2.22 OR BA.2.23 OR BA.2.23.1 OR BA.2.24 OR BA.2.25 OR BA.2.25.1 OR BA.2.26 OR BA.2.27 OR BA.2.28 OR BA.2.29 OR BA.2.30 OR BA.2.31 OR BA.2.31.1 OR BA.2.32 OR BA.2.33 OR BA.2.34 OR BA.2.35 OR BA.2.36 OR BA.2.37 OR BA.2.38 OR BA.2.38.1 OR BA.2.38.2 OR BA.2.38.3 OR BA.2.38.4 OR BA.2.39 OR BA.2.40 OR BA.2.40.1 OR BA.2.41 OR BA.2.42 OR BA.2.43 OR BA.2.44 OR BA.2.45 OR BA.2.46 OR BA.2.47 OR BA.2.48 OR BA.2.49 OR BA.2.50 OR BA.2.51 OR BA.2.52 OR BA.2.53 OR BA.2.54 OR BA.2.55 OR BA.2.56 OR BA.2.56.1 OR BA.2.57 OR BA.2.58 OR BA.2.59 OR BA.2.60 OR BA.2.61 OR BA.2.62 OR BA.2.63 OR BA.2.64 OR BA.2.65 OR BA.2.66 OR BA.2.67 OR BA.2.68 OR BA.2.69 OR BA.2.70 OR BA.2.71 OR BA.2.72 OR BA.2.73 OR BA.2.74 OR BA.2.75 OR BA.2.75.1 OR BA.2.75.2 OR BA.2.75.3 OR BA.2.75.4 OR BA.2.75.5 OR BA.2.75.6 OR BA.2.75.7 OR BA.2.75.8 OR BA.2.75.9 OR BA.2.75.10 OR BA.2.76 OR BA.2.76.1 OR BA.2.76.2 OR BA.2.77 OR BA.2.78 OR BA.2.79 OR BA.2.79.1 OR BA.2.80 OR BA.2.81 OR BA.2.82 OR BA.2.83 OR BA.2.85 OR BA.3 OR BA.3.1 OR BA.4 OR BA.4.1 OR BA.4.1.1 OR BA.4.1.2 OR BA.4.1.3 OR BA.4.1.4 OR BA.4.1.5 OR BA.4.1.6 OR BA.4.1.7 OR BA.4.1.8 OR BA.4.1.9 OR BA.4.1.10 OR BA.4.2 OR BA.4.3 OR BA.4.4 OR BA.4.5 OR BA.4.6 OR BA.4.6.1 OR BA.4.6.2 OR BA.4.6.3 OR BA.4.6.4 OR BA.4.6.5 OR BA.4.7 OR BA.4.8 OR BA.5 OR BA.5.1 OR BA.5.1.1 OR BA.5.1.2 OR BA.5.1.3 OR BA.5.1.4 OR BA.5.1.5 OR BA.5.1.6 OR BA.5.1.7 OR BA.5.1.8 OR BA.5.1.9 OR BA.5.1.10 OR BA.5.1.11 OR BA.5.1.12 OR BA.5.1.14 OR BA.5.1.15 OR BA.5.1.16 OR BA.5.1.17 OR BA.5.1.18 OR BA.5.1.19 OR BA.5.1.20 OR BA.5.1.21 OR BA.5.1.22 OR BA.5.1.23 OR BA.5.1.24 OR BA.5.1.25 OR BA.5.1.26 OR BA.5.1.27 OR BA.5.1.28 OR BA.5.1.29 OR BA.5.1.30 OR BA.5.1.31 OR BA.5.1.32 OR BA.5.2 OR BA.5.2.1 OR BA.5.2.2 OR BA.5.2.3 OR BA.5.2.4 OR BA.5.2.5 OR BA.5.2.6 OR BA.5.2.7 OR BA.5.2.8 OR BA.5.2.9 OR BA.5.2.10 OR BA.5.2.11 OR BA.5.2.12 OR BA.5.2.13 OR BA.5.2.14 OR BA.5.2.16 OR BA.5.2.18 OR BA.5.2.19 OR BA.5.2.20 OR BA.5.2.21 OR BA.5.2.22 OR BA.5.2.23 OR BA.5.2.24 OR BA.5.2.25 OR BA.5.2.26 OR BA.5.2.27 OR BA.5.2.28 OR BA.5.2.29 OR BA.5.2.30 OR BA.5.2.31 OR BA.5.2.32 OR BA.5.2.33 OR BA.5.2.34 OR BA.5.2.35 OR BA.5.2.36 OR BA.5.2.37 OR BA.5.2.38 OR BA.5.2.39 OR BA.5.2.40 OR BA.5.2.41 OR BA.5.2.42 OR BA.5.2.43 OR BA.5.2.44 OR BA.5.2.45 OR BA.5.2.46 OR BA.5.2.47 OR BA.5.2.48 OR BA.5.2.49 OR BA.5.3 OR BA.5.3.1 OR BA.5.3.2 OR BA.5.3.3 OR BA.5.3.4 OR BA.5.3.5 OR BA.5.5 OR BA.5.5.1 OR BA.5.5.2 OR BA.5.5.3 OR BA.5.6 OR BA.5.6.1 OR BA.5.6.2 OR BA.5.6.3 OR BA.5.6.4 OR BA.5.7 OR BA.5.8 OR BA.5.9 OR BA.5.10 OR BA.5.10.1 OR BA.5.11 OR BC.1 OR BC.2 OR BD.1 OR BE.1 OR BE.1.1 OR BE.1.1.1 OR BE.1.1.2 OR BE.1.2 OR BE.1.2.1 OR BE.1.3 OR BE.1.4 OR BE.1.4.1 OR BE.1.4.2 OR BE.1.4.3 OR BE.1.4.4 OR BE.2 OR BE.3 OR BE.4 OR BE.4.1 OR BE.4.1.1 OR BE.4.2 OR BE.5 OR BE.6 OR BE.7 OR BE.8 OR BE.9 OR BE.10 OR BF.1 OR BF.1.1 OR BF.2 OR BF.3 OR BF.3.1 OR BF.4 OR BF.5 OR BF.5.1 OR BF.5.2 OR BF.6 OR BF.7 OR BF.7.1 OR BF.7.2 OR BF.7.3 OR BF.7.4 OR BF.7.4.1 OR BF.7.4.2 OR BF.7.5 OR BF.7.5.1 OR BF.7.6 OR BF.7.7 OR BF.7.8 OR BF.7.9 OR BF.7.10 OR BF.7.11 OR BF.7.12 OR BF.7.13 OR BF.7.13.1 OR BF.7.13.2 OR BF.7.14 OR BF.7.15 OR BF.8 OR BF.9 OR BF.10 OR BF.10.1 OR BF.11 OR BF.11.1 OR BF.11.2 OR BF.11.3 OR BF.11.4 OR BF.11.5 OR BF.12 OR BF.13 OR BF.14 OR BF.15 OR BF.16 OR BF.17 OR BF.18 OR BF.19 OR BF.20 OR BF.21 OR BF.22 OR BF.23 OR BF.24 OR BF.25 OR BF.26 OR BF.27 OR BF.28 OR BF.29 OR BF.30 OR BF.31 OR BF.31.1 OR BF.32 OR BF.33 OR BF.34 OR BG.1 OR BG.2 OR BG.3 OR BG.4 OR BG.5 OR BG.6 OR BG.7 OR BH.1 OR BJ.1 OR BK.1 OR BL.1 OR BL.1.1 OR BL.1.2 OR BL.1.3 OR BL.1.4 OR BL.2 OR BL.2.1 OR BL.3 OR BL.4 OR BL.5 OR BL.6 OR BM.1 OR BM.1.1 OR BM.1.1.1 OR BM.1.1.2 OR BM.1.1.3 OR BM.1.1.4 OR BM.1.1.5 OR BM.2 OR BM.2.1 OR BM.2.2 OR BM.2.3 OR BM.3 OR BM.4 OR BM.4.1 OR BM.4.1.1 OR BM.5 OR BM.6 OR BN.1 OR BN.1.1 OR BN.1.1.1 OR BN.1.2 OR BN.1.2.1 OR BN.1.3 OR BN.1.3.1 OR BN.1.3.2 OR BN.1.3.3 OR BN.1.3.4 OR BN.1.4 OR BN.1.4.1 OR BN.1.5 OR BN.1.5.1 OR BN.1.6 OR BN.1.7 OR BN.1.8 OR BN.1.9 OR BN.2 OR BN.2.1 OR BN.3 OR BN.3.1 OR BN.4 OR BN.5 OR BN.6 OR BP.1 OR BQ.1 OR BQ.1.1 OR BQ.1.1.1 OR BQ.1.1.2 OR BQ.1.1.3 OR BQ.1.1.4 OR BQ.1.1.5 OR BQ.1.1.6 OR BQ.1.1.7 OR BQ.1.1.8 OR BQ.1.1.9 OR BQ.1.1.10 OR BQ.1.1.11 OR BQ.1.1.12 OR BQ.1.1.13 OR BQ.1.1.14 OR BQ.1.1.15 OR BQ.1.1.16 OR BQ.1.1.17 OR BQ.1.1.18 OR BQ.1.1.19 OR BQ.1.1.20 OR BQ.1.1.21 OR BQ.1.1.22 OR BQ.1.1.23 OR BQ.1.1.24 OR BQ.1.1.25 OR BQ.1.1.26 OR BQ.1.1.27 OR BQ.1.1.28 OR BQ.1.1.29 OR BQ.1.1.30 OR BQ.1.1.31 OR BQ.1.1.32 OR BQ.1.1.34 OR BQ.1.1.35 OR BQ.1.1.36 OR BQ.1.2 OR BQ.1.3 OR BQ.1.4 OR BQ.1.5 OR BQ.1.6 OR BQ.1.7 OR BQ.1.8 OR BQ.1.8.1 OR BQ.1.8.2 OR BQ.1.9 OR BQ.1.10 OR BQ.1.10.1 OR BQ.1.11 OR BQ.1.12 OR BQ.1.13 OR BQ.1.13.1 OR BQ.1.14 OR BQ.1.15 OR BQ.1.16 OR BQ.1.17 OR BQ.1.18 OR BQ.1.19 OR BQ.1.20 OR BQ.1.21 OR BQ.1.22 OR BQ.1.23 OR BQ.1.24 OR BQ.1.25 OR BQ.1.25.1 OR BQ.1.26 OR BQ.1.26.1 OR BQ.1.27 OR BQ.1.28 OR BQ.2 OR BR.1 OR BR.1.1 OR BR.1.2 OR BR.2 OR BR.2.1 OR BR.3 OR BR.4 OR BS.1 OR BS.1.1 OR BS.1.2 OR BT.1 OR BT.2 OR BU.1 OR BU.2 OR BU.3 OR BV.1 OR BV.2 OR BW.1 OR BW.1.1 OR BY.1 OR BY.1.1 OR BY.1.1.1 OR BY.1.2 OR BY.1.2.1 OR BZ.1 OR CA.1 OR CA.2 OR CA.3 OR CA.3.1 OR CA.4 OR CA.5 OR CA.6 OR CA.7 OR CB.1 OR CC.1 OR CD.1 OR CD.2 OR CE.1 OR CF.1 OR CG.1 OR CH.1 OR CH.1.1 OR CH.1.1.1 OR CH.1.1.2 OR CH.1.1.3 OR CH.1.1.4 OR CH.1.1.5 OR CH.2 OR CH.3 OR CH.3.1 OR CJ.1 OR CJ.1.1 OR CK.1 OR CK.1.1 OR CK.1.2 OR CK.2 OR CK.2.1 OR CK.2.1.1 OR CK.3 OR CL.1 OR CM.1 OR CM.2 OR CM.2.1 OR CM.3 OR CM.4 OR CM.4.1 OR CM.5 OR CM.5.1 OR CM.5.2 OR CM.6 OR CM.6.1 OR CM.7 OR CM.8 OR CM.8.1 OR CM.9 OR CM.10 OR CM.11 OR CM.12 OR CN.1 OR CN.2 OR CP.1 OR CP.1.1 OR CP.1.2 OR CP.1.3 OR CP.2 OR CP.3 OR CP.4 OR CP.5 OR CP.6 OR CQ.1 OR CQ.1.1 OR CQ.2 OR CR.1 OR CR.1.1 OR CR.1.2 OR CR.1.3 OR CR.2 OR CS.1 OR CT.1 OR CU.1 OR CV.1 OR CV.2 OR CW.1 OR CY.1 OR CZ.1 OR DA.1 OR DB.1 OR DB.2 OR DC.1 OR DD.1 OR DE.1 OR DE.2 OR DF.1 OR DF.1.1 OR DG.1 OR DH.1 OR DJ.1 OR DJ.1.1 OR DJ.1.2 OR DJ.1.3 OR DK.1 OR DL.1 OR DM.1 OR DN.1 OR DN.1.1 OR DP.1 OR DQ.1 OR DR.1 OR DS.1 OR DT.1 OR DU.1 OR DV.1,Omicron,3.42857142857143,3.07142857142857,0.895833333333334
2022-05-06,3,3,7.75,7,0.903225806451613,0.546280678967585,0.986161766209679,B.1.1.529 OR BA.1 OR BA.1.1 OR BA.1.1.1 OR BA.1.1.2 OR BA.1.1.3 OR BA.1.1.4 OR BA.1.1.5 OR BA.1.1.6 OR BA.1.1.7 OR BA.1.1.8 OR BA.1.1.9 OR BA.1.1.10 OR BA.1.1.11 OR BA.1.1.12 OR BA.1.1.13 OR BA.1.1.14 OR BA.1.1.15 OR BA.1.1.16 OR BA.1.1.17 OR BA.1.1.18 OR BA.1.2 OR BA.1.3 OR BA.1.4 OR BA.1.5 OR BA.1.6 OR BA.1.7 OR BA.1.8 OR BA.1.9 OR BA.1.10 OR BA.1.12 OR BA.1.13 OR BA.1.13.1 OR BA.1.14 OR BA.1.14.1 OR BA.1.14.2 OR BA.1.15 OR BA.1.15.1 OR BA.1.15.2 OR BA.1.15.3 OR BA.1.16 OR BA.1.16.1 OR BA.1.16.2 OR BA.1.17 OR BA.1.17.1 OR BA.1.17.2 OR BA.1.18 OR BA.1.19 OR BA.1.20 OR BA.1.21 OR BA.1.21.1 OR BA.1.22 OR BA.1.23 OR BA.1.24 OR BA.2 OR BA.2.1 OR BA.2.2 OR BA.2.2.1 OR BA.2.3 OR BA.2.3.1 OR BA.2.3.2 OR BA.2.3.4 OR BA.2.3.5 OR BA.2.3.6 OR BA.2.3.7 OR BA.2.3.8 OR BA.2.3.9 OR BA.2.3.10 OR BA.2.3.11 OR BA.2.3.12 OR BA.2.3.13 OR BA.2.3.14 OR BA.2.3.15 OR BA.2.3.16 OR BA.2.3.17 OR BA.2.3.18 OR BA.2.3.19 OR BA.2.3.20 OR BA.2.3.21 OR BA.2.3.22 OR BA.2.4 OR BA.2.5 OR BA.2.6 OR BA.2.7 OR BA.2.8 OR BA.2.9 OR BA.2.9.1 OR BA.2.9.2 OR BA.2.9.3 OR BA.2.9.4 OR BA.2.9.5 OR BA.2.9.6 OR BA.2.9.7 OR BA.2.10 OR BA.2.10.1 OR BA.2.10.2 OR BA.2.10.3 OR BA.2.10.4 OR BA.2.11 OR BA.2.12 OR BA.2.12.1 OR BA.2.12.2 OR BA.2.13 OR BA.2.13.1 OR BA.2.14 OR BA.2.15 OR BA.2.16 OR BA.2.17 OR BA.2.18 OR BA.2.19 OR BA.2.20 OR BA.2.21 OR BA.2.22 OR BA.2.23 OR BA.2.23.1 OR BA.2.24 OR BA.2.25 OR BA.2.25.1 OR BA.2.26 OR BA.2.27 OR BA.2.28 OR BA.2.29 OR BA.2.30 OR BA.2.31 OR BA.2.31.1 OR BA.2.32 OR BA.2.33 OR BA.2.34 OR BA.2.35 OR BA.2.36 OR BA.2.37 OR BA.2.38 OR BA.2.38.1 OR BA.2.38.2 OR BA.2.38.3 OR BA.2.38.4 OR BA.2.39 OR BA.2.40 OR BA.2.40.1 OR BA.2.41 OR BA.2.42 OR BA.2.43 OR BA.2.44 OR BA.2.45 OR BA.2.46 OR BA.2.47 OR BA.2.48 OR BA.2.49 OR BA.2.50 OR BA.2.51 OR BA.2.52 OR BA.2.53 OR BA.2.54 OR BA.2.55 OR BA.2.56 OR BA.2.56.1 OR BA.2.57 OR BA.2.58 OR BA.2.59 OR BA.2.60 OR BA.2.61 OR BA.2.62 OR BA.2.63 OR BA.2.64 OR BA.2.65 OR BA.2.66 OR BA.2.67 OR BA.2.68 OR BA.2.69 OR BA.2.70 OR BA.2.71 OR BA.2.72 OR BA.2.73 OR BA.2.74 OR BA.2.75 OR BA.2.75.1 OR BA.2.75.2 OR BA.2.75.3 OR BA.2.75.4 OR BA.2.75.5 OR BA.2.75.6 OR BA.2.75.7 OR BA.2.75.8 OR BA.2.75.9 OR BA.2.75.10 OR BA.2.76 OR BA.2.76.1 OR BA.2.76.2 OR BA.2.77 OR BA.2.78 OR BA.2.79 OR BA.2.79.1 OR BA.2.80 OR BA.2.81 OR BA.2.82 OR BA.2.83 OR BA.2.85 OR BA.3 OR BA.3.1 OR BA.4 OR BA.4.1 OR BA.4.1.1 OR BA.4.1.2 OR BA.4.1.3 OR BA.4.1.4 OR BA.4.1.5 OR BA.4.1.6 OR BA.4.1.7 OR BA.4.1.8 OR BA.4.1.9 OR BA.4.1.10 OR BA.4.2 OR BA.4.3 OR BA.4.4 OR BA.4.5 OR BA.4.6 OR BA.4.6.1 OR BA.4.6.2 OR BA.4.6.3 OR BA.4.6.4 OR BA.4.6.5 OR BA.4.7 OR BA.4.8 OR BA.5 OR BA.5.1 OR BA.5.1.1 OR BA.5.1.2 OR BA.5.1.3 OR BA.5.1.4 OR BA.5.1.5 OR BA.5.1.6 OR BA.5.1.7 OR BA.5.1.8 OR BA.5.1.9 OR BA.5.1.10 OR BA.5.1.11 OR BA.5.1.12 OR BA.5.1.14 OR BA.5.1.15 OR BA.5.1.16 OR BA.5.1.17 OR BA.5.1.18 OR BA.5.1.19 OR BA.5.1.20 OR BA.5.1.21 OR BA.5.1.22 OR BA.5.1.23 OR BA.5.1.24 OR BA.5.1.25 OR BA.5.1.26 OR BA.5.1.27 OR BA.5.1.28 OR BA.5.1.29 OR BA.5.1.30 OR BA.5.1.31 OR BA.5.1.32 OR BA.5.2 OR BA.5.2.1 OR BA.5.2.2 OR BA.5.2.3 OR BA.5.2.4 OR BA.5.2.5 OR BA.5.2.6 OR BA.5.2.7 OR BA.5.2.8 OR BA.5.2.9 OR BA.5.2.10 OR BA.5.2.11 OR BA.5.2.12 OR BA.5.2.13 OR BA.5.2.14 OR BA.5.2.16 OR BA.5.2.18 OR BA.5.2.19 OR BA.5.2.20 OR BA.5.2.21 OR BA.5.2.22 OR BA.5.2.23 OR BA.5.2.24 OR BA.5.2.25 OR BA.5.2.26 OR BA.5.2.27 OR BA.5.2.28 OR BA.5.2.29 OR BA.5.2.30 OR BA.5.2.31 OR BA.5.2.32 OR BA.5.2.33 OR BA.5.2.34 OR BA.5.2.35 OR BA.5.2.36 OR BA.5.2.37 OR BA.5.2.38 OR BA.5.2.39 OR BA.5.2.40 OR BA.5.2.41 OR BA.5.2.42 OR BA.5.2.43 OR BA.5.2.44 OR BA.5.2.45 OR BA.5.2.46 OR BA.5.2.47 OR BA.5.2.48 OR BA.5.2.49 OR BA.5.3 OR BA.5.3.1 OR BA.5.3.2 OR BA.5.3.3 OR BA.5.3.4 OR BA.5.3.5 OR BA.5.5 OR BA.5.5.1 OR BA.5.5.2 OR BA.5.5.3 OR BA.5.6 OR BA.5.6.1 OR BA.5.6.2 OR BA.5.6.3 OR BA.5.6.4 OR BA.5.7 OR BA.5.8 OR BA.5.9 OR BA.5.10 OR BA.5.10.1 OR BA.5.11 OR BC.1 OR BC.2 OR BD.1 OR BE.1 OR BE.1.1 OR BE.1.1.1 OR BE.1.1.2 OR BE.1.2 OR BE.1.2.1 OR BE.1.3 OR BE.1.4 OR BE.1.4.1 OR BE.1.4.2 OR BE.1.4.3 OR BE.1.4.4 OR BE.2 OR BE.3 OR BE.4 OR BE.4.1 OR BE.4.1.1 OR BE.4.2 OR BE.5 OR BE.6 OR BE.7 OR BE.8 OR BE.9 OR BE.10 OR BF.1 OR BF.1.1 OR BF.2 OR BF.3 OR BF.3.1 OR BF.4 OR BF.5 OR BF.5.1 OR BF.5.2 OR BF.6 OR BF.7 OR BF.7.1 OR BF.7.2 OR BF.7.3 OR BF.7.4 OR BF.7.4.1 OR BF.7.4.2 OR BF.7.5 OR BF.7.5.1 OR BF.7.6 OR BF.7.7 OR BF.7.8 OR BF.7.9 OR BF.7.10 OR BF.7.11 OR BF.7.12 OR BF.7.13 OR BF.7.13.1 OR BF.7.13.2 OR BF.7.14 OR BF.7.15 OR BF.8 OR BF.9 OR BF.10 OR BF.10.1 OR BF.11 OR BF.11.1 OR BF.11.2 OR BF.11.3 OR BF.11.4 OR BF.11.5 OR BF.12 OR BF.13 OR BF.14 OR BF.15 OR BF.16 OR BF.17 OR BF.18 OR BF.19 OR BF.20 OR BF.21 OR BF.22 OR BF.23 OR BF.24 OR BF.25 OR BF.26 OR BF.27 OR BF.28 OR BF.29 OR BF.30 OR BF.31 OR BF.31.1 OR BF.32 OR BF.33 OR BF.34 OR BG.1 OR BG.2 OR BG.3 OR BG.4 OR BG.5 OR BG.6 OR BG.7 OR BH.1 OR BJ.1 OR BK.1 OR BL.1 OR BL.1.1 OR BL.1.2 OR BL.1.3 OR BL.1.4 OR BL.2 OR BL.2.1 OR BL.3 OR BL.4 OR BL.5 OR BL.6 OR BM.1 OR BM.1.1 OR BM.1.1.1 OR BM.1.1.2 OR BM.1.1.3 OR BM.1.1.4 OR BM.1.1.5 OR BM.2 OR BM.2.1 OR BM.2.2 OR BM.2.3 OR BM.3 OR BM.4 OR BM.4.1 OR BM.4.1.1 OR BM.5 OR BM.6 OR BN.1 OR BN.1.1 OR BN.1.1.1 OR BN.1.2 OR BN.1.2.1 OR BN.1.3 OR BN.1.3.1 OR BN.1.3.2 OR BN.1.3.3 OR BN.1.3.4 OR BN.1.4 OR BN.1.4.1 OR BN.1.5 OR BN.1.5.1 OR BN.1.6 OR BN.1.7 OR BN.1.8 OR BN.1.9 OR BN.2 OR BN.2.1 OR BN.3 OR BN.3.1 OR BN.4 OR BN.5 OR BN.6 OR BP.1 OR BQ.1 OR BQ.1.1 OR BQ.1.1.1 OR BQ.1.1.2 OR BQ.1.1.3 OR BQ.1.1.4 OR BQ.1.1.5 OR BQ.1.1.6 OR BQ.1.1.7 OR BQ.1.1.8 OR BQ.1.1.9 OR BQ.1.1.10 OR BQ.1.1.11 OR BQ.1.1.12 OR BQ.1.1.13 OR BQ.1.1.14 OR BQ.1.1.15 OR BQ.1.1.16 OR BQ.1.1.17 OR BQ.1.1.18 OR BQ.1.1.19 OR BQ.1.1.20 OR BQ.1.1.21 OR BQ.1.1.22 OR BQ.1.1.23 OR BQ.1.1.24 OR BQ.1.1.25 OR BQ.1.1.26 OR BQ.1.1.27 OR BQ.1.1.28 OR BQ.1.1.29 OR BQ.1.1.30 OR BQ.1.1.31 OR BQ.1.1.32 OR BQ.1.1.34 OR BQ.1.1.35 OR BQ.1.1.36 OR BQ.1.2 OR BQ.1.3 OR BQ.1.4 OR BQ.1.5 OR BQ.1.6 OR BQ.1.7 OR BQ.1.8 OR BQ.1.8.1 OR BQ.1.8.2 OR BQ.1.9 OR BQ.1.10 OR BQ.1.10.1 OR BQ.1.11 OR BQ.1.12 OR BQ.1.13 OR BQ.1.13.1 OR BQ.1.14 OR BQ.1.15 OR BQ.1.16 OR BQ.1.17 OR BQ.1.18 OR BQ.1.19 OR BQ.1.20 OR BQ.1.21 OR BQ.1.22 OR BQ.1.23 OR BQ.1.24 OR BQ.1.25 OR BQ.1.25.1 OR BQ.1.26 OR BQ.1.26.1 OR BQ.1.27 OR BQ.1.28 OR BQ.2 OR BR.1 OR BR.1.1 OR BR.1.2 OR BR.2 OR BR.2.1 OR BR.3 OR BR.4 OR BS.1 OR BS.1.1 OR BS.1.2 OR BT.1 OR BT.2 OR BU.1 OR BU.2 OR BU.3 OR BV.1 OR BV.2 OR BW.1 OR BW.1.1 OR BY.1 OR BY.1.1 OR BY.1.1.1 OR BY.1.2 OR BY.1.2.1 OR BZ.1 OR CA.1 OR CA.2 OR CA.3 OR CA.3.1 OR CA.4 OR CA.5 OR CA.6 OR CA.7 OR CB.1 OR CC.1 OR CD.1 OR CD.2 OR CE.1 OR CF.1 OR CG.1 OR CH.1 OR CH.1.1 OR CH.1.1.1 OR CH.1.1.2 OR CH.1.1.3 OR CH.1.1.4 OR CH.1.1.5 OR CH.2 OR CH.3 OR CH.3.1 OR CJ.1 OR CJ.1.1 OR CK.1 OR CK.1.1 OR CK.1.2 OR CK.2 OR CK.2.1 OR CK.2.1.1 OR CK.3 OR CL.1 OR CM.1 OR CM.2 OR CM.2.1 OR CM.3 OR CM.4 OR CM.4.1 OR CM.5 OR CM.5.1 OR CM.5.2 OR CM.6 OR CM.6.1 OR CM.7 OR CM.8 OR CM.8.1 OR CM.9 OR CM.10 OR CM.11 OR CM.12 OR CN.1 OR CN.2 OR CP.1 OR CP.1.1 OR CP.1.2 OR CP.1.3 OR CP.2 OR CP.3 OR CP.4 OR CP.5 OR CP.6 OR CQ.1 OR CQ.1.1 OR CQ.2 OR CR.1 OR CR.1.1 OR CR.1.2 OR CR.1.3 OR CR.2 OR CS.1 OR CT.1 OR CU.1 OR CV.1 OR CV.2 OR CW.1 OR CY.1 OR CZ.1 OR DA.1 OR DB.1 OR DB.2 OR DC.1 OR DD.1 OR DE.1 OR DE.2 OR DF.1 OR DF.1.1 OR DG.1 OR DH.1 OR DJ.1 OR DJ.1.1 OR DJ.1.2 OR DJ.1.3 OR DK.1 OR DL.1 OR DM.1 OR DN.1 OR DN.1.1 OR DP.1 OR DQ.1 OR DR.1 OR DS.1 OR DT.1 OR DU.1 OR DV.1,Omicron,3.42857142857143,3.14285714285714,0.916666666666667
2022-05-07,2,2,6.6,6,0.909090909090909,0.499202538380922,0.984123475787253,B.1.1.529 OR BA.1 OR BA.1.1 OR BA.1.1.1 OR BA.1.1.2 OR BA.1.1.3 OR BA.1.1.4 OR BA.1.1.5 OR BA.1.1.6 OR BA.1.1.7 OR BA.1.1.8 OR BA.1.1.9 OR BA.1.1.10 OR BA.1.1.11 OR BA.1.1.12 OR BA.1.1.13 OR BA.1.1.14 OR BA.1.1.15 OR BA.1.1.16 OR BA.1.1.17 OR BA.1.1.18 OR BA.1.2 OR BA.1.3 OR BA.1.4 OR BA.1.5 OR BA.1.6 OR BA.1.7 OR BA.1.8 OR BA.1.9 OR BA.1.10 OR BA.1.12 OR BA.1.13 OR BA.1.13.1 OR BA.1.14 OR BA.1.14.1 OR BA.1.14.2 OR BA.1.15 OR BA.1.15.1 OR BA.1.15.2 OR BA.1.15.3 OR BA.1.16 OR BA.1.16.1 OR BA.1.16.2 OR BA.1.17 OR BA.1.17.1 OR BA.1.17.2 OR BA.1.18 OR BA.1.19 OR BA.1.20 OR BA.1.21 OR BA.1.21.1 OR BA.1.22 OR BA.1.23 OR BA.1.24 OR BA.2 OR BA.2.1 OR BA.2.2 OR BA.2.2.1 OR BA.2.3 OR BA.2.3.1 OR BA.2.3.2 OR BA.2.3.4 OR BA.2.3.5 OR BA.2.3.6 OR BA.2.3.7 OR BA.2.3.8 OR BA.2.3.9 OR BA.2.3.10 OR BA.2.3.11 OR BA.2.3.12 OR BA.2.3.13 OR BA.2.3.14 OR BA.2.3.15 OR BA.2.3.16 OR BA.2.3.17 OR BA.2.3.18 OR BA.2.3.19 OR BA.2.3.20 OR BA.2.3.21 OR BA.2.3.22 OR BA.2.4 OR BA.2.5 OR BA.2.6 OR BA.2.7 OR BA.2.8 OR BA.2.9 OR BA.2.9.1 OR BA.2.9.2 OR BA.2.9.3 OR BA.2.9.4 OR BA.2.9.5 OR BA.2.9.6 OR BA.2.9.7 OR BA.2.10 OR BA.2.10.1 OR BA.2.10.2 OR BA.2.10.3 OR BA.2.10.4 OR BA.2.11 OR BA.2.12 OR BA.2.12.1 OR BA.2.12.2 OR BA.2.13 OR BA.2.13.1 OR BA.2.14 OR BA.2.15 OR BA.2.16 OR BA.2.17 OR BA.2.18 OR BA.2.19 OR BA.2.20 OR BA.2.21 OR BA.2.22 OR BA.2.23 OR BA.2.23.1 OR BA.2.24 OR BA.2.25 OR BA.2.25.1 OR BA.2.26 OR BA.2.27 OR BA.2.28 OR BA.2.29 OR BA.2.30 OR BA.2.31 OR BA.2.31.1 OR BA.2.32 OR BA.2.33 OR BA.2.34 OR BA.2.35 OR BA.2.36 OR BA.2.37 OR BA.2.38 OR BA.2.38.1 OR BA.2.38.2 OR BA.2.38.3 OR BA.2.38.4 OR BA.2.39 OR BA.2.40 OR BA.2.40.1 OR BA.2.41 OR BA.2.42 OR BA.2.43 OR BA.2.44 OR BA.2.45 OR BA.2.46 OR BA.2.47 OR BA.2.48 OR BA.2.49 OR BA.2.50 OR BA.2.51 OR BA.2.52 OR BA.2.53 OR BA.2.54 OR BA.2.55 OR BA.2.56 OR BA.2.56.1 OR BA.2.57 OR BA.2.58 OR BA.2.59 OR BA.2.60 OR BA.2.61 OR BA.2.62 OR BA.2.63 OR BA.2.64 OR BA.2.65 OR BA.2.66 OR BA.2.67 OR BA.2.68 OR BA.2.69 OR BA.2.70 OR BA.2.71 OR BA.2.72 OR BA.2.73 OR BA.2.74 OR BA.2.75 OR BA.2.75.1 OR BA.2.75.2 OR BA.2.75.3 OR BA.2.75.4 OR BA.2.75.5 OR BA.2.75.6 OR BA.2.75.7 OR BA.2.75.8 OR BA.2.75.9 OR BA.2.75.10 OR BA.2.76 OR BA.2.76.1 OR BA.2.76.2 OR BA.2.77 OR BA.2.78 OR BA.2.79 OR BA.2.79.1 OR BA.2.80 OR BA.2.81 OR BA.2.82 OR BA.2.83 OR BA.2.85 OR BA.3 OR BA.3.1 OR BA.4 OR BA.4.1 OR BA.4.1.1 OR BA.4.1.2 OR BA.4.1.3 OR BA.4.1.4 OR BA.4.1.5 OR BA.4.1.6 OR BA.4.1.7 OR BA.4.1.8 OR BA.4.1.9 OR BA.4.1.10 OR BA.4.2 OR BA.4.3 OR BA.4.4 OR BA.4.5 OR BA.4.6 OR BA.4.6.1 OR BA.4.6.2 OR BA.4.6.3 OR BA.4.6.4 OR BA.4.6.5 OR BA.4.7 OR BA.4.8 OR BA.5 OR BA.5.1 OR BA.5.1.1 OR BA.5.1.2 OR BA.5.1.3 OR BA.5.1.4 OR BA.5.1.5 OR BA.5.1.6 OR BA.5.1.7 OR BA.5.1.8 OR BA.5.1.9 OR BA.5.1.10 OR BA.5.1.11 OR BA.5.1.12 OR BA.5.1.14 OR BA.5.1.15 OR BA.5.1.16 OR BA.5.1.17 OR BA.5.1.18 OR BA.5.1.19 OR BA.5.1.20 OR BA.5.1.21 OR BA.5.1.22 OR BA.5.1.23 OR BA.5.1.24 OR BA.5.1.25 OR BA.5.1.26 OR BA.5.1.27 OR BA.5.1.28 OR BA.5.1.29 OR BA.5.1.30 OR BA.5.1.31 OR BA.5.1.32 OR BA.5.2 OR BA.5.2.1 OR BA.5.2.2 OR BA.5.2.3 OR BA.5.2.4 OR BA.5.2.5 OR BA.5.2.6 OR BA.5.2.7 OR BA.5.2.8 OR BA.5.2.9 OR BA.5.2.10 OR BA.5.2.11 OR BA.5.2.12 OR BA.5.2.13 OR BA.5.2.14 OR BA.5.2.16 OR BA.5.2.18 OR BA.5.2.19 OR BA.5.2.20 OR BA.5.2.21 OR BA.5.2.22 OR BA.5.2.23 OR BA.5.2.24 OR BA.5.2.25 OR BA.5.2.26 OR BA.5.2.27 OR BA.5.2.28 OR BA.5.2.29 OR BA.5.2.30 OR BA.5.2.31 OR BA.5.2.32 OR BA.5.2.33 OR BA.5.2.34 OR BA.5.2.35 OR BA.5.2.36 OR BA.5.2.37 OR BA.5.2.38 OR BA.5.2.39 OR BA.5.2.40 OR BA.5.2.41 OR BA.5.2.42 OR BA.5.2.43 OR BA.5.2.44 OR BA.5.2.45 OR BA.5.2.46 OR BA.5.2.47 OR BA.5.2.48 OR BA.5.2.49 OR BA.5.3 OR BA.5.3.1 OR BA.5.3.2 OR BA.5.3.3 OR BA.5.3.4 OR BA.5.3.5 OR BA.5.5 OR BA.5.5.1 OR BA.5.5.2 OR BA.5.5.3 OR BA.5.6 OR BA.5.6.1 OR BA.5.6.2 OR BA.5.6.3 OR BA.5.6.4 OR BA.5.7 OR BA.5.8 OR BA.5.9 OR BA.5.10 OR BA.5.10.1 OR BA.5.11 OR BC.1 OR BC.2 OR BD.1 OR BE.1 OR BE.1.1 OR BE.1.1.1 OR BE.1.1.2 OR BE.1.2 OR BE.1.2.1 OR BE.1.3 OR BE.1.4 OR BE.1.4.1 OR BE.1.4.2 OR BE.1.4.3 OR BE.1.4.4 OR BE.2 OR BE.3 OR BE.4 OR BE.4.1 OR BE.4.1.1 OR BE.4.2 OR BE.5 OR BE.6 OR BE.7 OR BE.8 OR BE.9 OR BE.10 OR BF.1 OR BF.1.1 OR BF.2 OR BF.3 OR BF.3.1 OR BF.4 OR BF.5 OR BF.5.1 OR BF.5.2 OR BF.6 OR BF.7 OR BF.7.1 OR BF.7.2 OR BF.7.3 OR BF.7.4 OR BF.7.4.1 OR BF.7.4.2 OR BF.7.5 OR BF.7.5.1 OR BF.7.6 OR BF.7.7 OR BF.7.8 OR BF.7.9 OR BF.7.10 OR BF.7.11 OR BF.7.12 OR BF.7.13 OR BF.7.13.1 OR BF.7.13.2 OR BF.7.14 OR BF.7.15 OR BF.8 OR BF.9 OR BF.10 OR BF.10.1 OR BF.11 OR BF.11.1 OR BF.11.2 OR BF.11.3 OR BF.11.4 OR BF.11.5 OR BF.12 OR BF.13 OR BF.14 OR BF.15 OR BF.16 OR BF.17 OR BF.18 OR BF.19 OR BF.20 OR BF.21 OR BF.22 OR BF.23 OR BF.24 OR BF.25 OR BF.26 OR BF.27 OR BF.28 OR BF.29 OR BF.30 OR BF.31 OR BF.31.1 OR BF.32 OR BF.33 OR BF.34 OR BG.1 OR BG.2 OR BG.3 OR BG.4 OR BG.5 OR BG.6 OR BG.7 OR BH.1 OR BJ.1 OR BK.1 OR BL.1 OR BL.1.1 OR BL.1.2 OR BL.1.3 OR BL.1.4 OR BL.2 OR BL.2.1 OR BL.3 OR BL.4 OR BL.5 OR BL.6 OR BM.1 OR BM.1.1 OR BM.1.1.1 OR BM.1.1.2 OR BM.1.1.3 OR BM.1.1.4 OR BM.1.1.5 OR BM.2 OR BM.2.1 OR BM.2.2 OR BM.2.3 OR BM.3 OR BM.4 OR BM.4.1 OR BM.4.1.1 OR BM.5 OR BM.6 OR BN.1 OR BN.1.1 OR BN.1.1.1 OR BN.1.2 OR BN.1.2.1 OR BN.1.3 OR BN.1.3.1 OR BN.1.3.2 OR BN.1.3.3 OR BN.1.3.4 OR BN.1.4 OR BN.1.4.1 OR BN.1.5 OR BN.1.5.1 OR BN.1.6 OR BN.1.7 OR BN.1.8 OR BN.1.9 OR BN.2 OR BN.2.1 OR BN.3 OR BN.3.1 OR BN.4 OR BN.5 OR BN.6 OR BP.1 OR BQ.1 OR BQ.1.1 OR BQ.1.1.1 OR BQ.1.1.2 OR BQ.1.1.3 OR BQ.1.1.4 OR BQ.1.1.5 OR BQ.1.1.6 OR BQ.1.1.7 OR BQ.1.1.8 OR BQ.1.1.9 OR BQ.1.1.10 OR BQ.1.1.11 OR BQ.1.1.12 OR BQ.1.1.13 OR BQ.1.1.14 OR BQ.1.1.15 OR BQ.1.1.16 OR BQ.1.1.17 OR BQ.1.1.18 OR BQ.1.1.19 OR BQ.1.1.20 OR BQ.1.1.21 OR BQ.1.1.22 OR BQ.1.1.23 OR BQ.1.1.24 OR BQ.1.1.25 OR BQ.1.1.26 OR BQ.1.1.27 OR BQ.1.1.28 OR BQ.1.1.29 OR BQ.1.1.30 OR BQ.1.1.31 OR BQ.1.1.32 OR BQ.1.1.34 OR BQ.1.1.35 OR BQ.1.1.36 OR BQ.1.2 OR BQ.1.3 OR BQ.1.4 OR BQ.1.5 OR BQ.1.6 OR BQ.1.7 OR BQ.1.8 OR BQ.1.8.1 OR BQ.1.8.2 OR BQ.1.9 OR BQ.1.10 OR BQ.1.10.1 OR BQ.1.11 OR BQ.1.12 OR BQ.1.13 OR BQ.1.13.1 OR BQ.1.14 OR BQ.1.15 OR BQ.1.16 OR BQ.1.17 OR BQ.1.18 OR BQ.1.19 OR BQ.1.20 OR BQ.1.21 OR BQ.1.22 OR BQ.1.23 OR BQ.1.24 OR BQ.1.25 OR BQ.1.25.1 OR BQ.1.26 OR BQ.1.26.1 OR BQ.1.27 OR BQ.1.28 OR BQ.2 OR BR.1 OR BR.1.1 OR BR.1.2 OR BR.2 OR BR.2.1 OR BR.3 OR BR.4 OR BS.1 OR BS.1.1 OR BS.1.2 OR BT.1 OR BT.2 OR BU.1 OR BU.2 OR BU.3 OR BV.1 OR BV.2 OR BW.1 OR BW.1.1 OR BY.1 OR BY.1.1 OR BY.1.1.1 OR BY.1.2 OR BY.1.2.1 OR BZ.1 OR CA.1 OR CA.2 OR CA.3 OR CA.3.1 OR CA.4 OR CA.5 OR CA.6 OR CA.7 OR CB.1 OR CC.1 OR CD.1 OR CD.2 OR CE.1 OR CF.1 OR CG.1 OR CH.1 OR CH.1.1 OR CH.1.1.1 OR CH.1.1.2 OR CH.1.1.3 OR CH.1.1.4 OR CH.1.1.5 OR CH.2 OR CH.3 OR CH.3.1 OR CJ.1 OR CJ.1.1 OR CK.1 OR CK.1.1 OR CK.1.2 OR CK.2 OR CK.2.1 OR CK.2.1.1 OR CK.3 OR CL.1 OR CM.1 OR CM.2 OR CM.2.1 OR CM.3 OR CM.4 OR CM.4.1 OR CM.5 OR CM.5.1 OR CM.5.2 OR CM.6 OR CM.6.1 OR CM.7 OR CM.8 OR CM.8.1 OR CM.9 OR CM.10 OR CM.11 OR CM.12 OR CN.1 OR CN.2 OR CP.1 OR CP.1.1 OR CP.1.2 OR CP.1.3 OR CP.2 OR CP.3 OR CP.4 OR CP.5 OR CP.6 OR CQ.1 OR CQ.1.1 OR CQ.2 OR CR.1 OR CR.1.1 OR CR.1.2 OR CR.1.3 OR CR.2 OR CS.1 OR CT.1 OR CU.1 OR CV.1 OR CV.2 OR CW.1 OR CY.1 OR CZ.1 OR DA.1 OR DB.1 OR DB.2 OR DC.1 OR DD.1 OR DE.1 OR DE.2 OR DF.1 OR DF.1.1 OR DG.1 OR DH.1 OR DJ.1 OR DJ.1.1 OR DJ.1.2 OR DJ.1.3 OR DK.1 OR DL.1 OR DM.1 OR DN.1 OR DN.1.1 OR DP.1 OR DQ.1 OR DR.1 OR DS.1 OR DT.1 OR DU.1 OR DV.1,Omicron,3.5,3.21428571428571,0.918367346938776
2022-05-09,12,11,8.8,8.2,0.931818181818182,0.585530722559468,0.98773591237838,B.1.1.529 OR BA.1 OR BA.1.1 OR BA.1.1.1 OR BA.1.1.2 OR BA.1.1.3 OR BA.1.1.4 OR BA.1.1.5 OR BA.1.1.6 OR BA.1.1.7 OR BA.1.1.8 OR BA.1.1.9 OR BA.1.1.10 OR BA.1.1.11 OR BA.1.1.12 OR BA.1.1.13 OR BA.1.1.14 OR BA.1.1.15 OR BA.1.1.16 OR BA.1.1.17 OR BA.1.1.18 OR BA.1.2 OR BA.1.3 OR BA.1.4 OR BA.1.5 OR BA.1.6 OR BA.1.7 OR BA.1.8 OR BA.1.9 OR BA.1.10 OR BA.1.12 OR BA.1.13 OR BA.1.13.1 OR BA.1.14 OR BA.1.14.1 OR BA.1.14.2 OR BA.1.15 OR BA.1.15.1 OR BA.1.15.2 OR BA.1.15.3 OR BA.1.16 OR BA.1.16.1 OR BA.1.16.2 OR BA.1.17 OR BA.1.17.1 OR BA.1.17.2 OR BA.1.18 OR BA.1.19 OR BA.1.20 OR BA.1.21 OR BA.1.21.1 OR BA.1.22 OR BA.1.23 OR BA.1.24 OR BA.2 OR BA.2.1 OR BA.2.2 OR BA.2.2.1 OR BA.2.3 OR BA.2.3.1 OR BA.2.3.2 OR BA.2.3.4 OR BA.2.3.5 OR BA.2.3.6 OR BA.2.3.7 OR BA.2.3.8 OR BA.2.3.9 OR BA.2.3.10 OR BA.2.3.11 OR BA.2.3.12 OR BA.2.3.13 OR BA.2.3.14 OR BA.2.3.15 OR BA.2.3.16 OR BA.2.3.17 OR BA.2.3.18 OR BA.2.3.19 OR BA.2.3.20 OR BA.2.3.21 OR BA.2.3.22 OR BA.2.4 OR BA.2.5 OR BA.2.6 OR BA.2.7 OR BA.2.8 OR BA.2.9 OR BA.2.9.1 OR BA.2.9.2 OR BA.2.9.3 OR BA.2.9.4 OR BA.2.9.5 OR BA.2.9.6 OR BA.2.9.7 OR BA.2.10 OR BA.2.10.1 OR BA.2.10.2 OR BA.2.10.3 OR BA.2.10.4 OR BA.2.11 OR BA.2.12 OR BA.2.12.1 OR BA.2.12.2 OR BA.2.13 OR BA.2.13.1 OR BA.2.14 OR BA.2.15 OR BA.2.16 OR BA.2.17 OR BA.2.18 OR BA.2.19 OR BA.2.20 OR BA.2.21 OR BA.2.22 OR BA.2.23 OR BA.2.23.1 OR BA.2.24 OR BA.2.25 OR BA.2.25.1 OR BA.2.26 OR BA.2.27 OR BA.2.28 OR BA.2.29 OR BA.2.30 OR BA.2.31 OR BA.2.31.1 OR BA.2.32 OR BA.2.33 OR BA.2.34 OR BA.2.35 OR BA.2.36 OR BA.2.37 OR BA.2.38 OR BA.2.38.1 OR BA.2.38.2 OR BA.2.38.3 OR BA.2.38.4 OR BA.2.39 OR BA.2.40 OR BA.2.40.1 OR BA.2.41 OR BA.2.42 OR BA.2.43 OR BA.2.44 OR BA.2.45 OR BA.2.46 OR BA.2.47 OR BA.2.48 OR BA.2.49 OR BA.2.50 OR BA.2.51 OR BA.2.52 OR BA.2.53 OR BA.2.54 OR BA.2.55 OR BA.2.56 OR BA.2.56.1 OR BA.2.57 OR BA.2.58 OR BA.2.59 OR BA.2.60 OR BA.2.61 OR BA.2.62 OR BA.2.63 OR BA.2.64 OR BA.2.65 OR BA.2.66 OR BA.2.67 OR BA.2.68 OR BA.2.69 OR BA.2.70 OR BA.2.71 OR BA.2.72 OR BA.2.73 OR BA.2.74 OR BA.2.75 OR BA.2.75.1 OR BA.2.75.2 OR BA.2.75.3 OR BA.2.75.4 OR BA.2.75.5 OR BA.2.75.6 OR BA.2.75.7 OR BA.2.75.8 OR BA.2.75.9 OR BA.2.75.10 OR BA.2.76 OR BA.2.76.1 OR BA.2.76.2 OR BA.2.77 OR BA.2.78 OR BA.2.79 OR BA.2.79.1 OR BA.2.80 OR BA.2.81 OR BA.2.82 OR BA.2.83 OR BA.2.85 OR BA.3 OR BA.3.1 OR BA.4 OR BA.4.1 OR BA.4.1.1 OR BA.4.1.2 OR BA.4.1.3 OR BA.4.1.4 OR BA.4.1.5 OR BA.4.1.6 OR BA.4.1.7 OR BA.4.1.8 OR BA.4.1.9 OR BA.4.1.10 OR BA.4.2 OR BA.4.3 OR BA.4.4 OR BA.4.5 OR BA.4.6 OR BA.4.6.1 OR BA.4.6.2 OR BA.4.6.3 OR BA.4.6.4 OR BA.4.6.5 OR BA.4.7 OR BA.4.8 OR BA.5 OR BA.5.1 OR BA.5.1.1 OR BA.5.1.2 OR BA.5.1.3 OR BA.5.1.4 OR BA.5.1.5 OR BA.5.1.6 OR BA.5.1.7 OR BA.5.1.8 OR BA.5.1.9 OR BA.5.1.10 OR BA.5.1.11 OR BA.5.1.12 OR BA.5.1.14 OR BA.5.1.15 OR BA.5.1.16 OR BA.5.1.17 OR BA.5.1.18 OR BA.5.1.19 OR BA.5.1.20 OR BA.5.1.21 OR BA.5.1.22 OR BA.5.1.23 OR BA.5.1.24 OR BA.5.1.25 OR BA.5.1.26 OR BA.5.1.27 OR BA.5.1.28 OR BA.5.1.29 OR BA.5.1.30 OR BA.5.1.31 OR BA.5.1.32 OR BA.5.2 OR BA.5.2.1 OR BA.5.2.2 OR BA.5.2.3 OR BA.5.2.4 OR BA.5.2.5 OR BA.5.2.6 OR BA.5.2.7 OR BA.5.2.8 OR BA.5.2.9 OR BA.5.2.10 OR BA.5.2.11 OR BA.5.2.12 OR BA.5.2.13 OR BA.5.2.14 OR BA.5.2.16 OR BA.5.2.18 OR BA.5.2.19 OR BA.5.2.20 OR BA.5.2.21 OR BA.5.2.22 OR BA.5.2.23 OR BA.5.2.24 OR BA.5.2.25 OR BA.5.2.26 OR BA.5.2.27 OR BA.5.2.28 OR BA.5.2.29 OR BA.5.2.30 OR BA.5.2.31 OR BA.5.2.32 OR BA.5.2.33 OR BA.5.2.34 OR BA.5.2.35 OR BA.5.2.36 OR BA.5.2.37 OR BA.5.2.38 OR BA.5.2.39 OR BA.5.2.40 OR BA.5.2.41 OR BA.5.2.42 OR BA.5.2.43 OR BA.5.2.44 OR BA.5.2.45 OR BA.5.2.46 OR BA.5.2.47 OR BA.5.2.48 OR BA.5.2.49 OR BA.5.3 OR BA.5.3.1 OR BA.5.3.2 OR BA.5.3.3 OR BA.5.3.4 OR BA.5.3.5 OR BA.5.5 OR BA.5.5.1 OR BA.5.5.2 OR BA.5.5.3 OR BA.5.6 OR BA.5.6.1 OR BA.5.6.2 OR BA.5.6.3 OR BA.5.6.4 OR BA.5.7 OR BA.5.8 OR BA.5.9 OR BA.5.10 OR BA.5.10.1 OR BA.5.11 OR BC.1 OR BC.2 OR BD.1 OR BE.1 OR BE.1.1 OR BE.1.1.1 OR BE.1.1.2 OR BE.1.2 OR BE.1.2.1 OR BE.1.3 OR BE.1.4 OR BE.1.4.1 OR BE.1.4.2 OR BE.1.4.3 OR BE.1.4.4 OR BE.2 OR BE.3 OR BE.4 OR BE.4.1 OR BE.4.1.1 OR BE.4.2 OR BE.5 OR BE.6 OR BE.7 OR BE.8 OR BE.9 OR BE.10 OR BF.1 OR BF.1.1 OR BF.2 OR BF.3 OR BF.3.1 OR BF.4 OR BF.5 OR BF.5.1 OR BF.5.2 OR BF.6 OR BF.7 OR BF.7.1 OR BF.7.2 OR BF.7.3 OR BF.7.4 OR BF.7.4.1 OR BF.7.4.2 OR BF.7.5 OR BF.7.5.1 OR BF.7.6 OR BF.7.7 OR BF.7.8 OR BF.7.9 OR BF.7.10 OR BF.7.11 OR BF.7.12 OR BF.7.13 OR BF.7.13.1 OR BF.7.13.2 OR BF.7.14 OR BF.7.15 OR BF.8 OR BF.9 OR BF.10 OR BF.10.1 OR BF.11 OR BF.11.1 OR BF.11.2 OR BF.11.3 OR BF.11.4 OR BF.11.5 OR BF.12 OR BF.13 OR BF.14 OR BF.15 OR BF.16 OR BF.17 OR BF.18 OR BF.19 OR BF.20 OR BF.21 OR BF.22 OR BF.23 OR BF.24 OR BF.25 OR BF.26 OR BF.27 OR BF.28 OR BF.29 OR BF.30 OR BF.31 OR BF.31.1 OR BF.32 OR BF.33 OR BF.34 OR BG.1 OR BG.2 OR BG.3 OR BG.4 OR BG.5 OR BG.6 OR BG.7 OR BH.1 OR BJ.1 OR BK.1 OR BL.1 OR BL.1.1 OR BL.1.2 OR BL.1.3 OR BL.1.4 OR BL.2 OR BL.2.1 OR BL.3 OR BL.4 OR BL.5 OR BL.6 OR BM.1 OR BM.1.1 OR BM.1.1.1 OR BM.1.1.2 OR BM.1.1.3 OR BM.1.1.4 OR BM.1.1.5 OR BM.2 OR BM.2.1 OR BM.2.2 OR BM.2.3 OR BM.3 OR BM.4 OR BM.4.1 OR BM.4.1.1 OR BM.5 OR BM.6 OR BN.1 OR BN.1.1 OR BN.1.1.1 OR BN.1.2 OR BN.1.2.1 OR BN.1.3 OR BN.1.3.1 OR BN.1.3.2 OR BN.1.3.3 OR BN.1.3.4 OR BN.1.4 OR BN.1.4.1 OR BN.1.5 OR BN.1.5.1 OR BN.1.6 OR BN.1.7 OR BN.1.8 OR BN.1.9 OR BN.2 OR BN.2.1 OR BN.3 OR BN.3.1 OR BN.4 OR BN.5 OR BN.6 OR BP.1 OR BQ.1 OR BQ.1.1 OR BQ.1.1.1 OR BQ.1.1.2 OR BQ.1.1.3 OR BQ.1.1.4 OR BQ.1.1.5 OR BQ.1.1.6 OR BQ.1.1.7 OR BQ.1.1.8 OR BQ.1.1.9 OR BQ.1.1.10 OR BQ.1.1.11 OR BQ.1.1.12 OR BQ.1.1.13 OR BQ.1.1.14 OR BQ.1.1.15 OR BQ.1.1.16 OR BQ.1.1.17 OR BQ.1.1.18 OR BQ.1.1.19 OR BQ.1.1.20 OR BQ.1.1.21 OR BQ.1.1.22 OR BQ.1.1.23 OR BQ.1.1.24 OR BQ.1.1.25 OR BQ.1.1.26 OR BQ.1.1.27 OR BQ.1.1.28 OR BQ.1.1.29 OR BQ.1.1.30 OR BQ.1.1.31 OR BQ.1.1.32 OR BQ.1.1.34 OR BQ.1.1.35 OR BQ.1.1.36 OR BQ.1.2 OR BQ.1.3 OR BQ.1.4 OR BQ.1.5 OR BQ.1.6 OR BQ.1.7 OR BQ.1.8 OR BQ.1.8.1 OR BQ.1.8.2 OR BQ.1.9 OR BQ.1.10 OR BQ.1.10.1 OR BQ.1.11 OR BQ.1.12 OR BQ.1.13 OR BQ.1.13.1 OR BQ.1.14 OR BQ.1.15 OR BQ.1.16 OR BQ.1.17 OR BQ.1.18 OR BQ.1.19 OR BQ.1.20 OR BQ.1.21 OR BQ.1.22 OR BQ.1.23 OR BQ.1.24 OR BQ.1.25 OR BQ.1.25.1 OR BQ.1.26 OR BQ.1.26.1 OR BQ.1.27 OR BQ.1.28 OR BQ.2 OR BR.1 OR BR.1.1 OR BR.1.2 OR BR.2 OR BR.2.1 OR BR.3 OR BR.4 OR BS.1 OR BS.1.1 OR BS.1.2 OR BT.1 OR BT.2 OR BU.1 OR BU.2 OR BU.3 OR BV.1 OR BV.2 OR BW.1 OR BW.1.1 OR BY.1 OR BY.1.1 OR BY.1.1.1 OR BY.1.2 OR BY.1.2.1 OR BZ.1 OR CA.1 OR CA.2 OR CA.3 OR CA.3.1 OR CA.4 OR CA.5 OR CA.6 OR CA.7 OR CB.1 OR CC.1 OR CD.1 OR CD.2 OR CE.1 OR CF.1 OR CG.1 OR CH.1 OR CH.1.1 OR CH.1.1.1 OR CH.1.1.2 OR CH.1.1.3 OR CH.1.1.4 OR CH.1.1.5 OR CH.2 OR CH.3 OR CH.3.1 OR CJ.1 OR CJ.1.1 OR CK.1 OR CK.1.1 OR CK.1.2 OR CK.2 OR CK.2.1 OR CK.2.1.1 OR CK.3 OR CL.1 OR CM.1 OR CM.2 OR CM.2.1 OR CM.3 OR CM.4 OR CM.4.1 OR CM.5 OR CM.5.1 OR CM.5.2 OR CM.6 OR CM.6.1 OR CM.7 OR CM.8 OR CM.8.1 OR CM.9 OR CM.10 OR CM.11 OR CM.12 OR CN.1 OR CN.2 OR CP.1 OR CP.1.1 OR CP.1.2 OR CP.1.3 OR CP.2 OR CP.3 OR CP.4 OR CP.5 OR CP.6 OR CQ.1 OR CQ.1.1 OR CQ.2 OR CR.1 OR CR.1.1 OR CR.1.2 OR CR.1.3 OR CR.2 OR CS.1 OR CT.1 OR CU.1 OR CV.1 OR CV.2 OR CW.1 OR CY.1 OR CZ.1 OR DA.1 OR DB.1 OR DB.2 OR DC.1 OR DD.1 OR DE.1 OR DE.2 OR DF.1 OR DF.1.1 OR DG.1 OR DH.1 OR DJ.1 OR DJ.1.1 OR DJ.1.2 OR DJ.1.3 OR DK.1 OR DL.1 OR DM.1 OR DN.1 OR DN.1.1 OR DP.1 OR DQ.1 OR DR.1 OR DS.1 OR DT.1 OR DU.1 OR DV.1,Omicron,4.07142857142857,3.78571428571429,0.929824561403509
2022-05-10,11,11,9.16666666666667,8.66666666666667,0.945454545454546,0.762389901367097,0.999946935946581,B.1.1.529 OR BA.1 OR BA.1.1 OR BA.1.1.1 OR BA.1.1.2 OR BA.1.1.3 OR BA.1.1.4 OR BA.1.1.5 OR BA.1.1.6 OR BA.1.1.7 OR BA.1.1.8 OR BA.1.1.9 OR BA.1.1.10 OR BA.1.1.11 OR BA.1.1.12 OR BA.1.1.13 OR BA.1.1.14 OR BA.1.1.15 OR BA.1.1.16 OR BA.1.1.17 OR BA.1.1.18 OR BA.1.2 OR BA.1.3 OR BA.1.4 OR BA.1.5 OR BA.1.6 OR BA.1.7 OR BA.1.8 OR BA.1.9 OR BA.1.10 OR BA.1.12 OR BA.1.13 OR BA.1.13.1 OR BA.1.14 OR BA.1.14.1 OR BA.1.14.2 OR BA.1.15 OR BA.1.15.1 OR BA.1.15.2 OR BA.1.15.3 OR BA.1.16 OR BA.1.16.1 OR BA.1.16.2 OR BA.1.17 OR BA.1.17.1 OR BA.1.17.2 OR BA.1.18 OR BA.1.19 OR BA.1.20 OR BA.1.21 OR BA.1.21.1 OR BA.1.22 OR BA.1.23 OR BA.1.24 OR BA.2 OR BA.2.1 OR BA.2.2 OR BA.2.2.1 OR BA.2.3 OR BA.2.3.1 OR BA.2.3.2 OR BA.2.3.4 OR BA.2.3.5 OR BA.2.3.6 OR BA.2.3.7 OR BA.2.3.8 OR BA.2.3.9 OR BA.2.3.10 OR BA.2.3.11 OR BA.2.3.12 OR BA.2.3.13 OR BA.2.3.14 OR BA.2.3.15 OR BA.2.3.16 OR BA.2.3.17 OR BA.2.3.18 OR BA.2.3.19 OR BA.2.3.20 OR BA.2.3.21 OR BA.2.3.22 OR BA.2.4 OR BA.2.5 OR BA.2.6 OR BA.2.7 OR BA.2.8 OR BA.2.9 OR BA.2.9.1 OR BA.2.9.2 OR BA.2.9.3 OR BA.2.9.4 OR BA.2.9.5 OR BA.2.9.6 OR BA.2.9.7 OR BA.2.10 OR BA.2.10.1 OR BA.2.10.2 OR BA.2.10.3 OR BA.2.10.4 OR BA.2.11 OR BA.2.12 OR BA.2.12.1 OR BA.2.12.2 OR BA.2.13 OR BA.2.13.1 OR BA.2.14 OR BA.2.15 OR BA.2.16 OR BA.2.17 OR BA.2.18 OR BA.2.19 OR BA.2.20 OR BA.2.21 OR BA.2.22 OR BA.2.23 OR BA.2.23.1 OR BA.2.24 OR BA.2.25 OR BA.2.25.1 OR BA.2.26 OR BA.2.27 OR BA.2.28 OR BA.2.29 OR BA.2.30 OR BA.2.31 OR BA.2.31.1 OR BA.2.32 OR BA.2.33 OR BA.2.34 OR BA.2.35 OR BA.2.36 OR BA.2.37 OR BA.2.38 OR BA.2.38.1 OR BA.2.38.2 OR BA.2.38.3 OR BA.2.38.4 OR BA.2.39 OR BA.2.40 OR BA.2.40.1 OR BA.2.41 OR BA.2.42 OR BA.2.43 OR BA.2.44 OR BA.2.45 OR BA.2.46 OR BA.2.47 OR BA.2.48 OR BA.2.49 OR BA.2.50 OR BA.2.51 OR BA.2.52 OR BA.2.53 OR BA.2.54 OR BA.2.55 OR BA.2.56 OR BA.2.56.1 OR BA.2.57 OR BA.2.58 OR BA.2.59 OR BA.2.60 OR BA.2.61 OR BA.2.62 OR BA.2.63 OR BA.2.64 OR BA.2.65 OR BA.2.66 OR BA.2.67 OR BA.2.68 OR BA.2.69 OR BA.2.70 OR BA.2.71 OR BA.2.72 OR BA.2.73 OR BA.2.74 OR BA.2.75 OR BA.2.75.1 OR BA.2.75.2 OR BA.2.75.3 OR BA.2.75.4 OR BA.2.75.5 OR BA.2.75.6 OR BA.2.75.7 OR BA.2.75.8 OR BA.2.75.9 OR BA.2.75.10 OR BA.2.76 OR BA.2.76.1 OR BA.2.76.2 OR BA.2.77 OR BA.2.78 OR BA.2.79 OR BA.2.79.1 OR BA.2.80 OR BA.2.81 OR BA.2.82 OR BA.2.83 OR BA.2.85 OR BA.3 OR BA.3.1 OR BA.4 OR BA.4.1 OR BA.4.1.1 OR BA.4.1.2 OR BA.4.1.3 OR BA.4.1.4 OR BA.4.1.5 OR BA.4.1.6 OR BA.4.1.7 OR BA.4.1.8 OR BA.4.1.9 OR BA.4.1.10 OR BA.4.2 OR BA.4.3 OR BA.4.4 OR BA.4.5 OR BA.4.6 OR BA.4.6.1 OR BA.4.6.2 OR BA.4.6.3 OR BA.4.6.4 OR BA.4.6.5 OR BA.4.7 OR BA.4.8 OR BA.5 OR BA.5.1 OR BA.5.1.1 OR BA.5.1.2 OR BA.5.1.3 OR BA.5.1.4 OR BA.5.1.5 OR BA.5.1.6 OR BA.5.1.7 OR BA.5.1.8 OR BA.5.1.9 OR BA.5.1.10 OR BA.5.1.11 OR BA.5.1.12 OR BA.5.1.14 OR BA.5.1.15 OR BA.5.1.16 OR BA.5.1.17 OR BA.5.1.18 OR BA.5.1.19 OR BA.5.1.20 OR BA.5.1.21 OR BA.5.1.22 OR BA.5.1.23 OR BA.5.1.24 OR BA.5.1.25 OR BA.5.1.26 OR BA.5.1.27 OR BA.5.1.28 OR BA.5.1.29 OR BA.5.1.30 OR BA.5.1.31 OR BA.5.1.32 OR BA.5.2 OR BA.5.2.1 OR BA.5.2.2 OR BA.5.2.3 OR BA.5.2.4 OR BA.5.2.5 OR BA.5.2.6 OR BA.5.2.7 OR BA.5.2.8 OR BA.5.2.9 OR BA.5.2.10 OR BA.5.2.11 OR BA.5.2.12 OR BA.5.2.13 OR BA.5.2.14 OR BA.5.2.16 OR BA.5.2.18 OR BA.5.2.19 OR BA.5.2.20 OR BA.5.2.21 OR BA.5.2.22 OR BA.5.2.23 OR BA.5.2.24 OR BA.5.2.25 OR BA.5.2.26 OR BA.5.2.27 OR BA.5.2.28 OR BA.5.2.29 OR BA.5.2.30 OR BA.5.2.31 OR BA.5.2.32 OR BA.5.2.33 OR BA.5.2.34 OR BA.5.2.35 OR BA.5.2.36 OR BA.5.2.37 OR BA.5.2.38 OR BA.5.2.39 OR BA.5.2.40 OR BA.5.2.41 OR BA.5.2.42 OR BA.5.2.43 OR BA.5.2.44 OR BA.5.2.45 OR BA.5.2.46 OR BA.5.2.47 OR BA.5.2.48 OR BA.5.2.49 OR BA.5.3 OR BA.5.3.1 OR BA.5.3.2 OR BA.5.3.3 OR BA.5.3.4 OR BA.5.3.5 OR BA.5.5 OR BA.5.5.1 OR BA.5.5.2 OR BA.5.5.3 OR BA.5.6 OR BA.5.6.1 OR BA.5.6.2 OR BA.5.6.3 OR BA.5.6.4 OR BA.5.7 OR BA.5.8 OR BA.5.9 OR BA.5.10 OR BA.5.10.1 OR BA.5.11 OR BC.1 OR BC.2 OR BD.1 OR BE.1 OR BE.1.1 OR BE.1.1.1 OR BE.1.1.2 OR BE.1.2 OR BE.1.2.1 OR BE.1.3 OR BE.1.4 OR BE.1.4.1 OR BE.1.4.2 OR BE.1.4.3 OR BE.1.4.4 OR BE.2 OR BE.3 OR BE.4 OR BE.4.1 OR BE.4.1.1 OR BE.4.2 OR BE.5 OR BE.6 OR BE.7 OR BE.8 OR BE.9 OR BE.10 OR BF.1 OR BF.1.1 OR BF.2 OR BF.3 OR BF.3.1 OR BF.4 OR BF.5 OR BF.5.1 OR BF.5.2 OR BF.6 OR BF.7 OR BF.7.1 OR BF.7.2 OR BF.7.3 OR BF.7.4 OR BF.7.4.1 OR BF.7.4.2 OR BF.7.5 OR BF.7.5.1 OR BF.7.6 OR BF.7.7 OR BF.7.8 OR BF.7.9 OR BF.7.10 OR BF.7.11 OR BF.7.12 OR BF.7.13 OR BF.7.13.1 OR BF.7.13.2 OR BF.7.14 OR BF.7.15 OR BF.8 OR BF.9 OR BF.10 OR BF.10.1 OR BF.11 OR BF.11.1 OR BF.11.2 OR BF.11.3 OR BF.11.4 OR BF.11.5 OR BF.12 OR BF.13 OR BF.14 OR BF.15 OR BF.16 OR BF.17 OR BF.18 OR BF.19 OR BF.20 OR BF.21 OR BF.22 OR BF.23 OR BF.24 OR BF.25 OR BF.26 OR BF.27 OR BF.28 OR BF.29 OR BF.30 OR BF.31 OR BF.31.1 OR BF.32 OR BF.33 OR BF.34 OR BG.1 OR BG.2 OR BG.3 OR BG.4 OR BG.5 OR BG.6 OR BG.7 OR BH.1 OR BJ.1 OR BK.1 OR BL.1 OR BL.1.1 OR BL.1.2 OR BL.1.3 OR BL.1.4 OR BL.2 OR BL.2.1 OR BL.3 OR BL.4 OR BL.5 OR BL.6 OR BM.1 OR BM.1.1 OR BM.1.1.1 OR BM.1.1.2 OR BM.1.1.3 OR BM.1.1.4 OR BM.1.1.5 OR BM.2 OR BM.2.1 OR BM.2.2 OR BM.2.3 OR BM.3 OR BM.4 OR BM.4.1 OR BM.4.1.1 OR BM.5 OR BM.6 OR BN.1 OR BN.1.1 OR BN.1.1.1 OR BN.1.2 OR BN.1.2.1 OR BN.1.3 OR BN.1.3.1 OR BN.1.3.2 OR BN.1.3.3 OR BN.1.3.4 OR BN.1.4 OR BN.1.4.1 OR BN.1.5 OR BN.1.5.1 OR BN.1.6 OR BN.1.7 OR BN.1.8 OR BN.1.9 OR BN.2 OR BN.2.1 OR BN.3 OR BN.3.1 OR BN.4 OR BN.5 OR BN.6 OR BP.1 OR BQ.1 OR BQ.1.1 OR BQ.1.1.1 OR BQ.1.1.2 OR BQ.1.1.3 OR BQ.1.1.4 OR BQ.1.1.5 OR BQ.1.1.6 OR BQ.1.1.7 OR BQ.1.1.8 OR BQ.1.1.9 OR BQ.1.1.10 OR BQ.1.1.11 OR BQ.1.1.12 OR BQ.1.1.13 OR BQ.1.1.14 OR BQ.1.1.15 OR BQ.1.1.16 OR BQ.1.1.17 OR BQ.1.1.18 OR BQ.1.1.19 OR BQ.1.1.20 OR BQ.1.1.21 OR BQ.1.1.22 OR BQ.1.1.23 OR BQ.1.1.24 OR BQ.1.1.25 OR BQ.1.1.26 OR BQ.1.1.27 OR BQ.1.1.28 OR BQ.1.1.29 OR BQ.1.1.30 OR BQ.1.1.31 OR BQ.1.1.32 OR BQ.1.1.34 OR BQ.1.1.35 OR BQ.1.1.36 OR BQ.1.2 OR BQ.1.3 OR BQ.1.4 OR BQ.1.5 OR BQ.1.6 OR BQ.1.7 OR BQ.1.8 OR BQ.1.8.1 OR BQ.1.8.2 OR BQ.1.9 OR BQ.1.10 OR BQ.1.10.1 OR BQ.1.11 OR BQ.1.12 OR BQ.1.13 OR BQ.1.13.1 OR BQ.1.14 OR BQ.1.15 OR BQ.1.16 OR BQ.1.17 OR BQ.1.18 OR BQ.1.19 OR BQ.1.20 OR BQ.1.21 OR BQ.1.22 OR BQ.1.23 OR BQ.1.24 OR BQ.1.25 OR BQ.1.25.1 OR BQ.1.26 OR BQ.1.26.1 OR BQ.1.27 OR BQ.1.28 OR BQ.2 OR BR.1 OR BR.1.1 OR BR.1.2 OR BR.2 OR BR.2.1 OR BR.3 OR BR.4 OR BS.1 OR BS.1.1 OR BS.1.2 OR BT.1 OR BT.2 OR BU.1 OR BU.2 OR BU.3 OR BV.1 OR BV.2 OR BW.1 OR BW.1.1 OR BY.1 OR BY.1.1 OR BY.1.1.1 OR BY.1.2 OR BY.1.2.1 OR BZ.1 OR CA.1 OR CA.2 OR CA.3 OR CA.3.1 OR CA.4 OR CA.5 OR CA.6 OR CA.7 OR CB.1 OR CC.1 OR CD.1 OR CD.2 OR CE.1 OR CF.1 OR CG.1 OR CH.1 OR CH.1.1 OR CH.1.1.1 OR CH.1.1.2 OR CH.1.1.3 OR CH.1.1.4 OR CH.1.1.5 OR CH.2 OR CH.3 OR CH.3.1 OR CJ.1 OR CJ.1.1 OR CK.1 OR CK.1.1 OR CK.1.2 OR CK.2 OR CK.2.1 OR CK.2.1.1 OR CK.3 OR CL.1 OR CM.1 OR CM.2 OR CM.2.1 OR CM.3 OR CM.4 OR CM.4.1 OR CM.5 OR CM.5.1 OR CM.5.2 OR CM.6 OR CM.6.1 OR CM.7 OR CM.8 OR CM.8.1 OR CM.9 OR CM.10 OR CM.11 OR CM.12 OR CN.1 OR CN.2 OR CP.1 OR CP.1.1 OR CP.1.2 OR CP.1.3 OR CP.2 OR CP.3 OR CP.4 OR CP.5 OR CP.6 OR CQ.1 OR CQ.1.1 OR CQ.2 OR CR.1 OR CR.1.1 OR CR.1.2 OR CR.1.3 OR CR.2 OR CS.1 OR CT.1 OR CU.1 OR CV.1 OR CV.2 OR CW.1 OR CY.1 OR CZ.1 OR DA.1 OR DB.1 OR DB.2 OR DC.1 OR DD.1 OR DE.1 OR DE.2 OR DF.1 OR DF.1.1 OR DG.1 OR DH.1 OR DJ.1 OR DJ.1.1 OR DJ.1.2 OR DJ.1.3 OR DK.1 OR DL.1 OR DM.1 OR DN.1 OR DN.1.1 OR DP.1 OR DQ.1 OR DR.1 OR DS.1 OR DT.1 OR DU.1 OR DV.1,Omicron,4.78571428571429,4.5,0.940298507462687
2022-05-11,9,8,10,9.33333333333333,0.933333333333333,0.618685228933384,0.988988326236839,B.1.1.529 OR BA.1 OR BA.1.1 OR BA.1.1.1 OR BA.1.1.2 OR BA.1.1.3 OR BA.1.1.4 OR BA.1.1.5 OR BA.1.1.6 OR BA.1.1.7 OR BA.1.1.8 OR BA.1.1.9 OR BA.1.1.10 OR BA.1.1.11 OR BA.1.1.12 OR BA.1.1.13 OR BA.1.1.14 OR BA.1.1.15 OR BA.1.1.16 OR BA.1.1.17 OR BA.1.1.18 OR BA.1.2 OR BA.1.3 OR BA.1.4 OR BA.1.5 OR BA.1.6 OR BA.1.7 OR BA.1.8 OR BA.1.9 OR BA.1.10 OR BA.1.12 OR BA.1.13 OR BA.1.13.1 OR BA.1.14 OR BA.1.14.1 OR BA.1.14.2 OR BA.1.15 OR BA.1.15.1 OR BA.1.15.2 OR BA.1.15.3 OR BA.1.16 OR BA.1.16.1 OR BA.1.16.2 OR BA.1.17 OR BA.1.17.1 OR BA.1.17.2 OR BA.1.18 OR BA.1.19 OR BA.1.20 OR BA.1.21 OR BA.1.21.1 OR BA.1.22 OR BA.1.23 OR BA.1.24 OR BA.2 OR BA.2.1 OR BA.2.2 OR BA.2.2.1 OR BA.2.3 OR BA.2.3.1 OR BA.2.3.2 OR BA.2.3.4 OR BA.2.3.5 OR BA.2.3.6 OR BA.2.3.7 OR BA.2.3.8 OR BA.2.3.9 OR BA.2.3.10 OR BA.2.3.11 OR BA.2.3.12 OR BA.2.3.13 OR BA.2.3.14 OR BA.2.3.15 OR BA.2.3.16 OR BA.2.3.17 OR BA.2.3.18 OR BA.2.3.19 OR BA.2.3.20 OR BA.2.3.21 OR BA.2.3.22 OR BA.2.4 OR BA.2.5 OR BA.2.6 OR BA.2.7 OR BA.2.8 OR BA.2.9 OR BA.2.9.1 OR BA.2.9.2 OR BA.2.9.3 OR BA.2.9.4 OR BA.2.9.5 OR BA.2.9.6 OR BA.2.9.7 OR BA.2.10 OR BA.2.10.1 OR BA.2.10.2 OR BA.2.10.3 OR BA.2.10.4 OR BA.2.11 OR BA.2.12 OR BA.2.12.1 OR BA.2.12.2 OR BA.2.13 OR BA.2.13.1 OR BA.2.14 OR BA.2.15 OR BA.2.16 OR BA.2.17 OR BA.2.18 OR BA.2.19 OR BA.2.20 OR BA.2.21 OR BA.2.22 OR BA.2.23 OR BA.2.23.1 OR BA.2.24 OR BA.2.25 OR BA.2.25.1 OR BA.2.26 OR BA.2.27 OR BA.2.28 OR BA.2.29 OR BA.2.30 OR BA.2.31 OR BA.2.31.1 OR BA.2.32 OR BA.2.33 OR BA.2.34 OR BA.2.35 OR BA.2.36 OR BA.2.37 OR BA.2.38 OR BA.2.38.1 OR BA.2.38.2 OR BA.2.38.3 OR BA.2.38.4 OR BA.2.39 OR BA.2.40 OR BA.2.40.1 OR BA.2.41 OR BA.2.42 OR BA.2.43 OR BA.2.44 OR BA.2.45 OR BA.2.46 OR BA.2.47 OR BA.2.48 OR BA.2.49 OR BA.2.50 OR BA.2.51 OR BA.2.52 OR BA.2.53 OR BA.2.54 OR BA.2.55 OR BA.2.56 OR BA.2.56.1 OR BA.2.57 OR BA.2.58 OR BA.2.59 OR BA.2.60 OR BA.2.61 OR BA.2.62 OR BA.2.63 OR BA.2.64 OR BA.2.65 OR BA.2.66 OR BA.2.67 OR BA.2.68 OR BA.2.69 OR BA.2.70 OR BA.2.71 OR BA.2.72 OR BA.2.73 OR BA.2.74 OR BA.2.75 OR BA.2.75.1 OR BA.2.75.2 OR BA.2.75.3 OR BA.2.75.4 OR BA.2.75.5 OR BA.2.75.6 OR BA.2.75.7 OR BA.2.75.8 OR BA.2.75.9 OR BA.2.75.10 OR BA.2.76 OR BA.2.76.1 OR BA.2.76.2 OR BA.2.77 OR BA.2.78 OR BA.2.79 OR BA.2.79.1 OR BA.2.80 OR BA.2.81 OR BA.2.82 OR BA.2.83 OR BA.2.85 OR BA.3 OR BA.3.1 OR BA.4 OR BA.4.1 OR BA.4.1.1 OR BA.4.1.2 OR BA.4.1.3 OR BA.4.1.4 OR BA.4.1.5 OR BA.4.1.6 OR BA.4.1.7 OR BA.4.1.8 OR BA.4.1.9 OR BA.4.1.10 OR BA.4.2 OR BA.4.3 OR BA.4.4 OR BA.4.5 OR BA.4.6 OR BA.4.6.1 OR BA.4.6.2 OR BA.4.6.3 OR BA.4.6.4 OR BA.4.6.5 OR BA.4.7 OR BA.4.8 OR BA.5 OR BA.5.1 OR BA.5.1.1 OR BA.5.1.2 OR BA.5.1.3 OR BA.5.1.4 OR BA.5.1.5 OR BA.5.1.6 OR BA.5.1.7 OR BA.5.1.8 OR BA.5.1.9 OR BA.5.1.10 OR BA.5.1.11 OR BA.5.1.12 OR BA.5.1.14 OR BA.5.1.15 OR BA.5.1.16 OR BA.5.1.17 OR BA.5.1.18 OR BA.5.1.19 OR BA.5.1.20 OR BA.5.1.21 OR BA.5.1.22 OR BA.5.1.23 OR BA.5.1.24 OR BA.5.1.25 OR BA.5.1.26 OR BA.5.1.27 OR BA.5.1.28 OR BA.5.1.29 OR BA.5.1.30 OR BA.5.1.31 OR BA.5.1.32 OR BA.5.2 OR BA.5.2.1 OR BA.5.2.2 OR BA.5.2.3 OR BA.5.2.4 OR BA.5.2.5 OR BA.5.2.6 OR BA.5.2.7 OR BA.5.2.8 OR BA.5.2.9 OR BA.5.2.10 OR BA.5.2.11 OR BA.5.2.12 OR BA.5.2.13 OR BA.5.2.14 OR BA.5.2.16 OR BA.5.2.18 OR BA.5.2.19 OR BA.5.2.20 OR BA.5.2.21 OR BA.5.2.22 OR BA.5.2.23 OR BA.5.2.24 OR BA.5.2.25 OR BA.5.2.26 OR BA.5.2.27 OR BA.5.2.28 OR BA.5.2.29 OR BA.5.2.30 OR BA.5.2.31 OR BA.5.2.32 OR BA.5.2.33 OR BA.5.2.34 OR BA.5.2.35 OR BA.5.2.36 OR BA.5.2.37 OR BA.5.2.38 OR BA.5.2.39 OR BA.5.2.40 OR BA.5.2.41 OR BA.5.2.42 OR BA.5.2.43 OR BA.5.2.44 OR BA.5.2.45 OR BA.5.2.46 OR BA.5.2.47 OR BA.5.2.48 OR BA.5.2.49 OR BA.5.3 OR BA.5.3.1 OR BA.5.3.2 OR BA.5.3.3 OR BA.5.3.4 OR BA.5.3.5 OR BA.5.5 OR BA.5.5.1 OR BA.5.5.2 OR BA.5.5.3 OR BA.5.6 OR BA.5.6.1 OR BA.5.6.2 OR BA.5.6.3 OR BA.5.6.4 OR BA.5.7 OR BA.5.8 OR BA.5.9 OR BA.5.10 OR BA.5.10.1 OR BA.5.11 OR BC.1 OR BC.2 OR BD.1 OR BE.1 OR BE.1.1 OR BE.1.1.1 OR BE.1.1.2 OR BE.1.2 OR BE.1.2.1 OR BE.1.3 OR BE.1.4 OR BE.1.4.1 OR BE.1.4.2 OR BE.1.4.3 OR BE.1.4.4 OR BE.2 OR BE.3 OR BE.4 OR BE.4.1 OR BE.4.1.1 OR BE.4.2 OR BE.5 OR BE.6 OR BE.7 OR BE.8 OR BE.9 OR BE.10 OR BF.1 OR BF.1.1 OR BF.2 OR BF.3 OR BF.3.1 OR BF.4 OR BF.5 OR BF.5.1 OR BF.5.2 OR BF.6 OR BF.7 OR BF.7.1 OR BF.7.2 OR BF.7.3 OR BF.7.4 OR BF.7.4.1 OR BF.7.4.2 OR BF.7.5 OR BF.7.5.1 OR BF.7.6 OR BF.7.7 OR BF.7.8 OR BF.7.9 OR BF.7.10 OR BF.7.11 OR BF.7.12 OR BF.7.13 OR BF.7.13.1 OR BF.7.13.2 OR BF.7.14 OR BF.7.15 OR BF.8 OR BF.9 OR BF.10 OR BF.10.1 OR BF.11 OR BF.11.1 OR BF.11.2 OR BF.11.3 OR BF.11.4 OR BF.11.5 OR BF.12 OR BF.13 OR BF.14 OR BF.15 OR BF.16 OR BF.17 OR BF.18 OR BF.19 OR BF.20 OR BF.21 OR BF.22 OR BF.23 OR BF.24 OR BF.25 OR BF.26 OR BF.27 OR BF.28 OR BF.29 OR BF.30 OR BF.31 OR BF.31.1 OR BF.32 OR BF.33 OR BF.34 OR BG.1 OR BG.2 OR BG.3 OR BG.4 OR BG.5 OR BG.6 OR BG.7 OR BH.1 OR BJ.1 OR BK.1 OR BL.1 OR BL.1.1 OR BL.1.2 OR BL.1.3 OR BL.1.4 OR BL.2 OR BL.2.1 OR BL.3 OR BL.4 OR BL.5 OR BL.6 OR BM.1 OR BM.1.1 OR BM.1.1.1 OR BM.1.1.2 OR BM.1.1.3 OR BM.1.1.4 OR BM.1.1.5 OR BM.2 OR BM.2.1 OR BM.2.2 OR BM.2.3 OR BM.3 OR BM.4 OR BM.4.1 OR BM.4.1.1 OR BM.5 OR BM.6 OR BN.1 OR BN.1.1 OR BN.1.1.1 OR BN.1.2 OR BN.1.2.1 OR BN.1.3 OR BN.1.3.1 OR BN.1.3.2 OR BN.1.3.3 OR BN.1.3.4 OR BN.1.4 OR BN.1.4.1 OR BN.1.5 OR BN.1.5.1 OR BN.1.6 OR BN.1.7 OR BN.1.8 OR BN.1.9 OR BN.2 OR BN.2.1 OR BN.3 OR BN.3.1 OR BN.4 OR BN.5 OR BN.6 OR BP.1 OR BQ.1 OR BQ.1.1 OR BQ.1.1.1 OR BQ.1.1.2 OR BQ.1.1.3 OR BQ.1.1.4 OR BQ.1.1.5 OR BQ.1.1.6 OR BQ.1.1.7 OR BQ.1.1.8 OR BQ.1.1.9 OR BQ.1.1.10 OR BQ.1.1.11 OR BQ.1.1.12 OR BQ.1.1.13 OR BQ.1.1.14 OR BQ.1.1.15 OR BQ.1.1.16 OR BQ.1.1.17 OR BQ.1.1.18 OR BQ.1.1.19 OR BQ.1.1.20 OR BQ.1.1.21 OR BQ.1.1.22 OR BQ.1.1.23 OR BQ.1.1.24 OR BQ.1.1.25 OR BQ.1.1.26 OR BQ.1.1.27 OR BQ.1.1.28 OR BQ.1.1.29 OR BQ.1.1.30 OR BQ.1.1.31 OR BQ.1.1.32 OR BQ.1.1.34 OR BQ.1.1.35 OR BQ.1.1.36 OR BQ.1.2 OR BQ.1.3 OR BQ.1.4 OR BQ.1.5 OR BQ.1.6 OR BQ.1.7 OR BQ.1.8 OR BQ.1.8.1 OR BQ.1.8.2 OR BQ.1.9 OR BQ.1.10 OR BQ.1.10.1 OR BQ.1.11 OR BQ.1.12 OR BQ.1.13 OR BQ.1.13.1 OR BQ.1.14 OR BQ.1.15 OR BQ.1.16 OR BQ.1.17 OR BQ.1.18 OR BQ.1.19 OR BQ.1.20 OR BQ.1.21 OR BQ.1.22 OR BQ.1.23 OR BQ.1.24 OR BQ.1.25 OR BQ.1.25.1 OR BQ.1.26 OR BQ.1.26.1 OR BQ.1.27 OR BQ.1.28 OR BQ.2 OR BR.1 OR BR.1.1 OR BR.1.2 OR BR.2 OR BR.2.1 OR BR.3 OR BR.4 OR BS.1 OR BS.1.1 OR BS.1.2 OR BT.1 OR BT.2 OR BU.1 OR BU.2 OR BU.3 OR BV.1 OR BV.2 OR BW.1 OR BW.1.1 OR BY.1 OR BY.1.1 OR BY.1.1.1 OR BY.1.2 OR BY.1.2.1 OR BZ.1 OR CA.1 OR CA.2 OR CA.3 OR CA.3.1 OR CA.4 OR CA.5 OR CA.6 OR CA.7 OR CB.1 OR CC.1 OR CD.1 OR CD.2 OR CE.1 OR CF.1 OR CG.1 OR CH.1 OR CH.1.1 OR CH.1.1.1 OR CH.1.1.2 OR CH.1.1.3 OR CH.1.1.4 OR CH.1.1.5 OR CH.2 OR CH.3 OR CH.3.1 OR CJ.1 OR CJ.1.1 OR CK.1 OR CK.1.1 OR CK.1.2 OR CK.2 OR CK.2.1 OR CK.2.1.1 OR CK.3 OR CL.1 OR CM.1 OR CM.2 OR CM.2.1 OR CM.3 OR CM.4 OR CM.4.1 OR CM.5 OR CM.5.1 OR CM.5.2 OR CM.6 OR CM.6.1 OR CM.7 OR CM.8 OR CM.8.1 OR CM.9 OR CM.10 OR CM.11 OR CM.12 OR CN.1 OR CN.2 OR CP.1 OR CP.1.1 OR CP.1.2 OR CP.1.3 OR CP.2 OR CP.3 OR CP.4 OR CP.5 OR CP.6 OR CQ.1 OR CQ.1.1 OR CQ.2 OR CR.1 OR CR.1.1 OR CR.1.2 OR CR.1.3 OR CR.2 OR CS.1 OR CT.1 OR CU.1 OR CV.1 OR CV.2 OR CW.1 OR CY.1 OR CZ.1 OR DA.1 OR DB.1 OR DB.2 OR DC.1 OR DD.1 OR DE.1 OR DE.2 OR DF.1 OR DF.1.1 OR DG.1 OR DH.1 OR DJ.1 OR DJ.1.1 OR DJ.1.2 OR DJ.1.3 OR DK.1 OR DL.1 OR DM.1 OR DN.1 OR DN.1.1 OR DP.1 OR DQ.1 OR DR.1 OR DS.1 OR DT.1 OR DU.1 OR DV.1,Omicron,5.35714285714286,5,0.933333333333333
2022-05-12,1,1,6.33333333333333,6,0.947368421052632,0.66961109084845,0.999921500151634,B.1.1.529 OR BA.1 OR BA.1.1 OR BA.1.1.1 OR BA.1.1.2 OR BA.1.1.3 OR BA.1.1.4 OR BA.1.1.5 OR BA.1.1.6 OR BA.1.1.7 OR BA.1.1.8 OR BA.1.1.9 OR BA.1.1.10 OR BA.1.1.11 OR BA.1.1.12 OR BA.1.1.13 OR BA.1.1.14 OR BA.1.1.15 OR BA.1.1.16 OR BA.1.1.17 OR BA.1.1.18 OR BA.1.2 OR BA.1.3 OR BA.1.4 OR BA.1.5 OR BA.1.6 OR BA.1.7 OR BA.1.8 OR BA.1.9 OR BA.1.10 OR BA.1.12 OR BA.1.13 OR BA.1.13.1 OR BA.1.14 OR BA.1.14.1 OR BA.1.14.2 OR BA.1.15 OR BA.1.15.1 OR BA.1.15.2 OR BA.1.15.3 OR BA.1.16 OR BA.1.16.1 OR BA.1.16.2 OR BA.1.17 OR BA.1.17.1 OR BA.1.17.2 OR BA.1.18 OR BA.1.19 OR BA.1.20 OR BA.1.21 OR BA.1.21.1 OR BA.1.22 OR BA.1.23 OR BA.1.24 OR BA.2 OR BA.2.1 OR BA.2.2 OR BA.2.2.1 OR BA.2.3 OR BA.2.3.1 OR BA.2.3.2 OR BA.2.3.4 OR BA.2.3.5 OR BA.2.3.6 OR BA.2.3.7 OR BA.2.3.8 OR BA.2.3.9 OR BA.2.3.10 OR BA.2.3.11 OR BA.2.3.12 OR BA.2.3.13 OR BA.2.3.14 OR BA.2.3.15 OR BA.2.3.16 OR BA.2.3.17 OR BA.2.3.18 OR BA.2.3.19 OR BA.2.3.20 OR BA.2.3.21 OR BA.2.3.22 OR BA.2.4 OR BA.2.5 OR BA.2.6 OR BA.2.7 OR BA.2.8 OR BA.2.9 OR BA.2.9.1 OR BA.2.9.2 OR BA.2.9.3 OR BA.2.9.4 OR BA.2.9.5 OR BA.2.9.6 OR BA.2.9.7 OR BA.2.10 OR BA.2.10.1 OR BA.2.10.2 OR BA.2.10.3 OR BA.2.10.4 OR BA.2.11 OR BA.2.12 OR BA.2.12.1 OR BA.2.12.2 OR BA.2.13 OR BA.2.13.1 OR BA.2.14 OR BA.2.15 OR BA.2.16 OR BA.2.17 OR BA.2.18 OR BA.2.19 OR BA.2.20 OR BA.2.21 OR BA.2.22 OR BA.2.23 OR BA.2.23.1 OR BA.2.24 OR BA.2.25 OR BA.2.25.1 OR BA.2.26 OR BA.2.27 OR BA.2.28 OR BA.2.29 OR BA.2.30 OR BA.2.31 OR BA.2.31.1 OR BA.2.32 OR BA.2.33 OR BA.2.34 OR BA.2.35 OR BA.2.36 OR BA.2.37 OR BA.2.38 OR BA.2.38.1 OR BA.2.38.2 OR BA.2.38.3 OR BA.2.38.4 OR BA.2.39 OR BA.2.40 OR BA.2.40.1 OR BA.2.41 OR BA.2.42 OR BA.2.43 OR BA.2.44 OR BA.2.45 OR BA.2.46 OR BA.2.47 OR BA.2.48 OR BA.2.49 OR BA.2.50 OR BA.2.51 OR BA.2.52 OR BA.2.53 OR BA.2.54 OR BA.2.55 OR BA.2.56 OR BA.2.56.1 OR BA.2.57 OR BA.2.58 OR BA.2.59 OR BA.2.60 OR BA.2.61 OR BA.2.62 OR BA.2.63 OR BA.2.64 OR BA.2.65 OR BA.2.66 OR BA.2.67 OR BA.2.68 OR BA.2.69 OR BA.2.70 OR BA.2.71 OR BA.2.72 OR BA.2.73 OR BA.2.74 OR BA.2.75 OR BA.2.75.1 OR BA.2.75.2 OR BA.2.75.3 OR BA.2.75.4 OR BA.2.75.5 OR BA.2.75.6 OR BA.2.75.7 OR BA.2.75.8 OR BA.2.75.9 OR BA.2.75.10 OR BA.2.76 OR BA.2.76.1 OR BA.2.76.2 OR BA.2.77 OR BA.2.78 OR BA.2.79 OR BA.2.79.1 OR BA.2.80 OR BA.2.81 OR BA.2.82 OR BA.2.83 OR BA.2.85 OR BA.3 OR BA.3.1 OR BA.4 OR BA.4.1 OR BA.4.1.1 OR BA.4.1.2 OR BA.4.1.3 OR BA.4.1.4 OR BA.4.1.5 OR BA.4.1.6 OR BA.4.1.7 OR BA.4.1.8 OR BA.4.1.9 OR BA.4.1.10 OR BA.4.2 OR BA.4.3 OR BA.4.4 OR BA.4.5 OR BA.4.6 OR BA.4.6.1 OR BA.4.6.2 OR BA.4.6.3 OR BA.4.6.4 OR BA.4.6.5 OR BA.4.7 OR BA.4.8 OR BA.5 OR BA.5.1 OR BA.5.1.1 OR BA.5.1.2 OR BA.5.1.3 OR BA.5.1.4 OR BA.5.1.5 OR BA.5.1.6 OR BA.5.1.7 OR BA.5.1.8 OR BA.5.1.9 OR BA.5.1.10 OR BA.5.1.11 OR BA.5.1.12 OR BA.5.1.14 OR BA.5.1.15 OR BA.5.1.16 OR BA.5.1.17 OR BA.5.1.18 OR BA.5.1.19 OR BA.5.1.20 OR BA.5.1.21 OR BA.5.1.22 OR BA.5.1.23 OR BA.5.1.24 OR BA.5.1.25 OR BA.5.1.26 OR BA.5.1.27 OR BA.5.1.28 OR BA.5.1.29 OR BA.5.1.30 OR BA.5.1.31 OR BA.5.1.32 OR BA.5.2 OR BA.5.2.1 OR BA.5.2.2 OR BA.5.2.3 OR BA.5.2.4 OR BA.5.2.5 OR BA.5.2.6 OR BA.5.2.7 OR BA.5.2.8 OR BA.5.2.9 OR BA.5.2.10 OR BA.5.2.11 OR BA.5.2.12 OR BA.5.2.13 OR BA.5.2.14 OR BA.5.2.16 OR BA.5.2.18 OR BA.5.2.19 OR BA.5.2.20 OR BA.5.2.21 OR BA.5.2.22 OR BA.5.2.23 OR BA.5.2.24 OR BA.5.2.25 OR BA.5.2.26 OR BA.5.2.27 OR BA.5.2.28 OR BA.5.2.29 OR BA.5.2.30 OR BA.5.2.31 OR BA.5.2.32 OR BA.5.2.33 OR BA.5.2.34 OR BA.5.2.35 OR BA.5.2.36 OR BA.5.2.37 OR BA.5.2.38 OR BA.5.2.39 OR BA.5.2.40 OR BA.5.2.41 OR BA.5.2.42 OR BA.5.2.43 OR BA.5.2.44 OR BA.5.2.45 OR BA.5.2.46 OR BA.5.2.47 OR BA.5.2.48 OR BA.5.2.49 OR BA.5.3 OR BA.5.3.1 OR BA.5.3.2 OR BA.5.3.3 OR BA.5.3.4 OR BA.5.3.5 OR BA.5.5 OR BA.5.5.1 OR BA.5.5.2 OR BA.5.5.3 OR BA.5.6 OR BA.5.6.1 OR BA.5.6.2 OR BA.5.6.3 OR BA.5.6.4 OR BA.5.7 OR BA.5.8 OR BA.5.9 OR BA.5.10 OR BA.5.10.1 OR BA.5.11 OR BC.1 OR BC.2 OR BD.1 OR BE.1 OR BE.1.1 OR BE.1.1.1 OR BE.1.1.2 OR BE.1.2 OR BE.1.2.1 OR BE.1.3 OR BE.1.4 OR BE.1.4.1 OR BE.1.4.2 OR BE.1.4.3 OR BE.1.4.4 OR BE.2 OR BE.3 OR BE.4 OR BE.4.1 OR BE.4.1.1 OR BE.4.2 OR BE.5 OR BE.6 OR BE.7 OR BE.8 OR BE.9 OR BE.10 OR BF.1 OR BF.1.1 OR BF.2 OR BF.3 OR BF.3.1 OR BF.4 OR BF.5 OR BF.5.1 OR BF.5.2 OR BF.6 OR BF.7 OR BF.7.1 OR BF.7.2 OR BF.7.3 OR BF.7.4 OR BF.7.4.1 OR BF.7.4.2 OR BF.7.5 OR BF.7.5.1 OR BF.7.6 OR BF.7.7 OR BF.7.8 OR BF.7.9 OR BF.7.10 OR BF.7.11 OR BF.7.12 OR BF.7.13 OR BF.7.13.1 OR BF.7.13.2 OR BF.7.14 OR BF.7.15 OR BF.8 OR BF.9 OR BF.10 OR BF.10.1 OR BF.11 OR BF.11.1 OR BF.11.2 OR BF.11.3 OR BF.11.4 OR BF.11.5 OR BF.12 OR BF.13 OR BF.14 OR BF.15 OR BF.16 OR BF.17 OR BF.18 OR BF.19 OR BF.20 OR BF.21 OR BF.22 OR BF.23 OR BF.24 OR BF.25 OR BF.26 OR BF.27 OR BF.28 OR BF.29 OR BF.30 OR BF.31 OR BF.31.1 OR BF.32 OR BF.33 OR BF.34 OR BG.1 OR BG.2 OR BG.3 OR BG.4 OR BG.5 OR BG.6 OR BG.7 OR BH.1 OR BJ.1 OR BK.1 OR BL.1 OR BL.1.1 OR BL.1.2 OR BL.1.3 OR BL.1.4 OR BL.2 OR BL.2.1 OR BL.3 OR BL.4 OR BL.5 OR BL.6 OR BM.1 OR BM.1.1 OR BM.1.1.1 OR BM.1.1.2 OR BM.1.1.3 OR BM.1.1.4 OR BM.1.1.5 OR BM.2 OR BM.2.1 OR BM.2.2 OR BM.2.3 OR BM.3 OR BM.4 OR BM.4.1 OR BM.4.1.1 OR BM.5 OR BM.6 OR BN.1 OR BN.1.1 OR BN.1.1.1 OR BN.1.2 OR BN.1.2.1 OR BN.1.3 OR BN.1.3.1 OR BN.1.3.2 OR BN.1.3.3 OR BN.1.3.4 OR BN.1.4 OR BN.1.4.1 OR BN.1.5 OR BN.1.5.1 OR BN.1.6 OR BN.1.7 OR BN.1.8 OR BN.1.9 OR BN.2 OR BN.2.1 OR BN.3 OR BN.3.1 OR BN.4 OR BN.5 OR BN.6 OR BP.1 OR BQ.1 OR BQ.1.1 OR BQ.1.1.1 OR BQ.1.1.2 OR BQ.1.1.3 OR BQ.1.1.4 OR BQ.1.1.5 OR BQ.1.1.6 OR BQ.1.1.7 OR BQ.1.1.8 OR BQ.1.1.9 OR BQ.1.1.10 OR BQ.1.1.11 OR BQ.1.1.12 OR BQ.1.1.13 OR BQ.1.1.14 OR BQ.1.1.15 OR BQ.1.1.16 OR BQ.1.1.17 OR BQ.1.1.18 OR BQ.1.1.19 OR BQ.1.1.20 OR BQ.1.1.21 OR BQ.1.1.22 OR BQ.1.1.23 OR BQ.1.1.24 OR BQ.1.1.25 OR BQ.1.1.26 OR BQ.1.1.27 OR BQ.1.1.28 OR BQ.1.1.29 OR BQ.1.1.30 OR BQ.1.1.31 OR BQ.1.1.32 OR BQ.1.1.34 OR BQ.1.1.35 OR BQ.1.1.36 OR BQ.1.2 OR BQ.1.3 OR BQ.1.4 OR BQ.1.5 OR BQ.1.6 OR BQ.1.7 OR BQ.1.8 OR BQ.1.8.1 OR BQ.1.8.2 OR BQ.1.9 OR BQ.1.10 OR BQ.1.10.1 OR BQ.1.11 OR BQ.1.12 OR BQ.1.13 OR BQ.1.13.1 OR BQ.1.14 OR BQ.1.15 OR BQ.1.16 OR BQ.1.17 OR BQ.1.18 OR BQ.1.19 OR BQ.1.20 OR BQ.1.21 OR BQ.1.22 OR BQ.1.23 OR BQ.1.24 OR BQ.1.25 OR BQ.1.25.1 OR BQ.1.26 OR BQ.1.26.1 OR BQ.1.27 OR BQ.1.28 OR BQ.2 OR BR.1 OR BR.1.1 OR BR.1.2 OR BR.2 OR BR.2.1 OR BR.3 OR BR.4 OR BS.1 OR BS.1.1 OR BS.1.2 OR BT.1 OR BT.2 OR BU.1 OR BU.2 OR BU.3 OR BV.1 OR BV.2 OR BW.1 OR BW.1.1 OR BY.1 OR BY.1.1 OR BY.1.1.1 OR BY.1.2 OR BY.1.2.1 OR BZ.1 OR CA.1 OR CA.2 OR CA.3 OR CA.3.1 OR CA.4 OR CA.5 OR CA.6 OR CA.7 OR CB.1 OR CC.1 OR CD.1 OR CD.2 OR CE.1 OR CF.1 OR CG.1 OR CH.1 OR CH.1.1 OR CH.1.1.1 OR CH.1.1.2 OR CH.1.1.3 OR CH.1.1.4 OR CH.1.1.5 OR CH.2 OR CH.3 OR CH.3.1 OR CJ.1 OR CJ.1.1 OR CK.1 OR CK.1.1 OR CK.1.2 OR CK.2 OR CK.2.1 OR CK.2.1.1 OR CK.3 OR CL.1 OR CM.1 OR CM.2 OR CM.2.1 OR CM.3 OR CM.4 OR CM.4.1 OR CM.5 OR CM.5.1 OR CM.5.2 OR CM.6 OR CM.6.1 OR CM.7 OR CM.8 OR CM.8.1 OR CM.9 OR CM.10 OR CM.11 OR CM.12 OR CN.1 OR CN.2 OR CP.1 OR CP.1.1 OR CP.1.2 OR CP.1.3 OR CP.2 OR CP.3 OR CP.4 OR CP.5 OR CP.6 OR CQ.1 OR CQ.1.1 OR CQ.2 OR CR.1 OR CR.1.1 OR CR.1.2 OR CR.1.3 OR CR.2 OR CS.1 OR CT.1 OR CU.1 OR CV.1 OR CV.2 OR CW.1 OR CY.1 OR CZ.1 OR DA.1 OR DB.1 OR DB.2 OR DC.1 OR DD.1 OR DE.1 OR DE.2 OR DF.1 OR DF.1.1 OR DG.1 OR DH.1 OR DJ.1 OR DJ.1.1 OR DJ.1.2 OR DJ.1.3 OR DK.1 OR DL.1 OR DM.1 OR DN.1 OR DN.1.1 OR DP.1 OR DQ.1 OR DR.1 OR DS.1 OR DT.1 OR DU.1 OR DV.1,Omicron,5.35714285714286,5,0.933333333333333
2022-05-13,11,11,7.66666666666667,7.33333333333333,0.956521739130435,0.546280678967585,0.986161766209679,B.1.1.529 OR BA.1 OR BA.1.1 OR BA.1.1.1 OR BA.1.1.2 OR BA.1.1.3 OR BA.1.1.4 OR BA.1.1.5 OR BA.1.1.6 OR BA.1.1.7 OR BA.1.1.8 OR BA.1.1.9 OR BA.1.1.10 OR BA.1.1.11 OR BA.1.1.12 OR BA.1.1.13 OR BA.1.1.14 OR BA.1.1.15 OR BA.1.1.16 OR BA.1.1.17 OR BA.1.1.18 OR BA.1.2 OR BA.1.3 OR BA.1.4 OR BA.1.5 OR BA.1.6 OR BA.1.7 OR BA.1.8 OR BA.1.9 OR BA.1.10 OR BA.1.12 OR BA.1.13 OR BA.1.13.1 OR BA.1.14 OR BA.1.14.1 OR BA.1.14.2 OR BA.1.15 OR BA.1.15.1 OR BA.1.15.2 OR BA.1.15.3 OR BA.1.16 OR BA.1.16.1 OR BA.1.16.2 OR BA.1.17 OR BA.1.17.1 OR BA.1.17.2 OR BA.1.18 OR BA.1.19 OR BA.1.20 OR BA.1.21 OR BA.1.21.1 OR BA.1.22 OR BA.1.23 OR BA.1.24 OR BA.2 OR BA.2.1 OR BA.2.2 OR BA.2.2.1 OR BA.2.3 OR BA.2.3.1 OR BA.2.3.2 OR BA.2.3.4 OR BA.2.3.5 OR BA.2.3.6 OR BA.2.3.7 OR BA.2.3.8 OR BA.2.3.9 OR BA.2.3.10 OR BA.2.3.11 OR BA.2.3.12 OR BA.2.3.13 OR BA.2.3.14 OR BA.2.3.15 OR BA.2.3.16 OR BA.2.3.17 OR BA.2.3.18 OR BA.2.3.19 OR BA.2.3.20 OR BA.2.3.21 OR BA.2.3.22 OR BA.2.4 OR BA.2.5 OR BA.2.6 OR BA.2.7 OR BA.2.8 OR BA.2.9 OR BA.2.9.1 OR BA.2.9.2 OR BA.2.9.3 OR BA.2.9.4 OR BA.2.9.5 OR BA.2.9.6 OR BA.2.9.7 OR BA.2.10 OR BA.2.10.1 OR BA.2.10.2 OR BA.2.10.3 OR BA.2.10.4 OR BA.2.11 OR BA.2.12 OR BA.2.12.1 OR BA.2.12.2 OR BA.2.13 OR BA.2.13.1 OR BA.2.14 OR BA.2.15 OR BA.2.16 OR BA.2.17 OR BA.2.18 OR BA.2.19 OR BA.2.20 OR BA.2.21 OR BA.2.22 OR BA.2.23 OR BA.2.23.1 OR BA.2.24 OR BA.2.25 OR BA.2.25.1 OR BA.2.26 OR BA.2.27 OR BA.2.28 OR BA.2.29 OR BA.2.30 OR BA.2.31 OR BA.2.31.1 OR BA.2.32 OR BA.2.33 OR BA.2.34 OR BA.2.35 OR BA.2.36 OR BA.2.37 OR BA.2.38 OR BA.2.38.1 OR BA.2.38.2 OR BA.2.38.3 OR BA.2.38.4 OR BA.2.39 OR BA.2.40 OR BA.2.40.1 OR BA.2.41 OR BA.2.42 OR BA.2.43 OR BA.2.44 OR BA.2.45 OR BA.2.46 OR BA.2.47 OR BA.2.48 OR BA.2.49 OR BA.2.50 OR BA.2.51 OR BA.2.52 OR BA.2.53 OR BA.2.54 OR BA.2.55 OR BA.2.56 OR BA.2.56.1 OR BA.2.57 OR BA.2.58 OR BA.2.59 OR BA.2.60 OR BA.2.61 OR BA.2.62 OR BA.2.63 OR BA.2.64 OR BA.2.65 OR BA.2.66 OR BA.2.67 OR BA.2.68 OR BA.2.69 OR BA.2.70 OR BA.2.71 OR BA.2.72 OR BA.2.73 OR BA.2.74 OR BA.2.75 OR BA.2.75.1 OR BA.2.75.2 OR BA.2.75.3 OR BA.2.75.4 OR BA.2.75.5 OR BA.2.75.6 OR BA.2.75.7 OR BA.2.75.8 OR BA.2.75.9 OR BA.2.75.10 OR BA.2.76 OR BA.2.76.1 OR BA.2.76.2 OR BA.2.77 OR BA.2.78 OR BA.2.79 OR BA.2.79.1 OR BA.2.80 OR BA.2.81 OR BA.2.82 OR BA.2.83 OR BA.2.85 OR BA.3 OR BA.3.1 OR BA.4 OR BA.4.1 OR BA.4.1.1 OR BA.4.1.2 OR BA.4.1.3 OR BA.4.1.4 OR BA.4.1.5 OR BA.4.1.6 OR BA.4.1.7 OR BA.4.1.8 OR BA.4.1.9 OR BA.4.1.10 OR BA.4.2 OR BA.4.3 OR BA.4.4 OR BA.4.5 OR BA.4.6 OR BA.4.6.1 OR BA.4.6.2 OR BA.4.6.3 OR BA.4.6.4 OR BA.4.6.5 OR BA.4.7 OR BA.4.8 OR BA.5 OR BA.5.1 OR BA.5.1.1 OR BA.5.1.2 OR BA.5.1.3 OR BA.5.1.4 OR BA.5.1.5 OR BA.5.1.6 OR BA.5.1.7 OR BA.5.1.8 OR BA.5.1.9 OR BA.5.1.10 OR BA.5.1.11 OR BA.5.1.12 OR BA.5.1.14 OR BA.5.1.15 OR BA.5.1.16 OR BA.5.1.17 OR BA.5.1.18 OR BA.5.1.19 OR BA.5.1.20 OR BA.5.1.21 OR BA.5.1.22 OR BA.5.1.23 OR BA.5.1.24 OR BA.5.1.25 OR BA.5.1.26 OR BA.5.1.27 OR BA.5.1.28 OR BA.5.1.29 OR BA.5.1.30 OR BA.5.1.31 OR BA.5.1.32 OR BA.5.2 OR BA.5.2.1 OR BA.5.2.2 OR BA.5.2.3 OR BA.5.2.4 OR BA.5.2.5 OR BA.5.2.6 OR BA.5.2.7 OR BA.5.2.8 OR BA.5.2.9 OR BA.5.2.10 OR BA.5.2.11 OR BA.5.2.12 OR BA.5.2.13 OR BA.5.2.14 OR BA.5.2.16 OR BA.5.2.18 OR BA.5.2.19 OR BA.5.2.20 OR BA.5.2.21 OR BA.5.2.22 OR BA.5.2.23 OR BA.5.2.24 OR BA.5.2.25 OR BA.5.2.26 OR BA.5.2.27 OR BA.5.2.28 OR BA.5.2.29 OR BA.5.2.30 OR BA.5.2.31 OR BA.5.2.32 OR BA.5.2.33 OR BA.5.2.34 OR BA.5.2.35 OR BA.5.2.36 OR BA.5.2.37 OR BA.5.2.38 OR BA.5.2.39 OR BA.5.2.40 OR BA.5.2.41 OR BA.5.2.42 OR BA.5.2.43 OR BA.5.2.44 OR BA.5.2.45 OR BA.5.2.46 OR BA.5.2.47 OR BA.5.2.48 OR BA.5.2.49 OR BA.5.3 OR BA.5.3.1 OR BA.5.3.2 OR BA.5.3.3 OR BA.5.3.4 OR BA.5.3.5 OR BA.5.5 OR BA.5.5.1 OR BA.5.5.2 OR BA.5.5.3 OR BA.5.6 OR BA.5.6.1 OR BA.5.6.2 OR BA.5.6.3 OR BA.5.6.4 OR BA.5.7 OR BA.5.8 OR BA.5.9 OR BA.5.10 OR BA.5.10.1 OR BA.5.11 OR BC.1 OR BC.2 OR BD.1 OR BE.1 OR BE.1.1 OR BE.1.1.1 OR BE.1.1.2 OR BE.1.2 OR BE.1.2.1 OR BE.1.3 OR BE.1.4 OR BE.1.4.1 OR BE.1.4.2 OR BE.1.4.3 OR BE.1.4.4 OR BE.2 OR BE.3 OR BE.4 OR BE.4.1 OR BE.4.1.1 OR BE.4.2 OR BE.5 OR BE.6 OR BE.7 OR BE.8 OR BE.9 OR BE.10 OR BF.1 OR BF.1.1 OR BF.2 OR BF.3 OR BF.3.1 OR BF.4 OR BF.5 OR BF.5.1 OR BF.5.2 OR BF.6 OR BF.7 OR BF.7.1 OR BF.7.2 OR BF.7.3 OR BF.7.4 OR BF.7.4.1 OR BF.7.4.2 OR BF.7.5 OR BF.7.5.1 OR BF.7.6 OR BF.7.7 OR BF.7.8 OR BF.7.9 OR BF.7.10 OR BF.7.11 OR BF.7.12 OR BF.7.13 OR BF.7.13.1 OR BF.7.13.2 OR BF.7.14 OR BF.7.15 OR BF.8 OR BF.9 OR BF.10 OR BF.10.1 OR BF.11 OR BF.11.1 OR BF.11.2 OR BF.11.3 OR BF.11.4 OR BF.11.5 OR BF.12 OR BF.13 OR BF.14 OR BF.15 OR BF.16 OR BF.17 OR BF.18 OR BF.19 OR BF.20 OR BF.21 OR BF.22 OR BF.23 OR BF.24 OR BF.25 OR BF.26 OR BF.27 OR BF.28 OR BF.29 OR BF.30 OR BF.31 OR BF.31.1 OR BF.32 OR BF.33 OR BF.34 OR BG.1 OR BG.2 OR BG.3 OR BG.4 OR BG.5 OR BG.6 OR BG.7 OR BH.1 OR BJ.1 OR BK.1 OR BL.1 OR BL.1.1 OR BL.1.2 OR BL.1.3 OR BL.1.4 OR BL.2 OR BL.2.1 OR BL.3 OR BL.4 OR BL.5 OR BL.6 OR BM.1 OR BM.1.1 OR BM.1.1.1 OR BM.1.1.2 OR BM.1.1.3 OR BM.1.1.4 OR BM.1.1.5 OR BM.2 OR BM.2.1 OR BM.2.2 OR BM.2.3 OR BM.3 OR BM.4 OR BM.4.1 OR BM.4.1.1 OR BM.5 OR BM.6 OR BN.1 OR BN.1.1 OR BN.1.1.1 OR BN.1.2 OR BN.1.2.1 OR BN.1.3 OR BN.1.3.1 OR BN.1.3.2 OR BN.1.3.3 OR BN.1.3.4 OR BN.1.4 OR BN.1.4.1 OR BN.1.5 OR BN.1.5.1 OR BN.1.6 OR BN.1.7 OR BN.1.8 OR BN.1.9 OR BN.2 OR BN.2.1 OR BN.3 OR BN.3.1 OR BN.4 OR BN.5 OR BN.6 OR BP.1 OR BQ.1 OR BQ.1.1 OR BQ.1.1.1 OR BQ.1.1.2 OR BQ.1.1.3 OR BQ.1.1.4 OR BQ.1.1.5 OR BQ.1.1.6 OR BQ.1.1.7 OR BQ.1.1.8 OR BQ.1.1.9 OR BQ.1.1.10 OR BQ.1.1.11 OR BQ.1.1.12 OR BQ.1.1.13 OR BQ.1.1.14 OR BQ.1.1.15 OR BQ.1.1.16 OR BQ.1.1.17 OR BQ.1.1.18 OR BQ.1.1.19 OR BQ.1.1.20 OR BQ.1.1.21 OR BQ.1.1.22 OR BQ.1.1.23 OR BQ.1.1.24 OR BQ.1.1.25 OR BQ.1.1.26 OR BQ.1.1.27 OR BQ.1.1.28 OR BQ.1.1.29 OR BQ.1.1.30 OR BQ.1.1.31 OR BQ.1.1.32 OR BQ.1.1.34 OR BQ.1.1.35 OR BQ.1.1.36 OR BQ.1.2 OR BQ.1.3 OR BQ.1.4 OR BQ.1.5 OR BQ.1.6 OR BQ.1.7 OR BQ.1.8 OR BQ.1.8.1 OR BQ.1.8.2 OR BQ.1.9 OR BQ.1.10 OR BQ.1.10.1 OR BQ.1.11 OR BQ.1.12 OR BQ.1.13 OR BQ.1.13.1 OR BQ.1.14 OR BQ.1.15 OR BQ.1.16 OR BQ.1.17 OR BQ.1.18 OR BQ.1.19 OR BQ.1.20 OR BQ.1.21 OR BQ.1.22 OR BQ.1.23 OR BQ.1.24 OR BQ.1.25 OR BQ.1.25.1 OR BQ.1.26 OR BQ.1.26.1 OR BQ.1.27 OR BQ.1.28 OR BQ.2 OR BR.1 OR BR.1.1 OR BR.1.2 OR BR.2 OR BR.2.1 OR BR.3 OR BR.4 OR BS.1 OR BS.1.1 OR BS.1.2 OR BT.1 OR BT.2 OR BU.1 OR BU.2 OR BU.3 OR BV.1 OR BV.2 OR BW.1 OR BW.1.1 OR BY.1 OR BY.1.1 OR BY.1.1.1 OR BY.1.2 OR BY.1.2.1 OR BZ.1 OR CA.1 OR CA.2 OR CA.3 OR CA.3.1 OR CA.4 OR CA.5 OR CA.6 OR CA.7 OR CB.1 OR CC.1 OR CD.1 OR CD.2 OR CE.1 OR CF.1 OR CG.1 OR CH.1 OR CH.1.1 OR CH.1.1.1 OR CH.1.1.2 OR CH.1.1.3 OR CH.1.1.4 OR CH.1.1.5 OR CH.2 OR CH.3 OR CH.3.1 OR CJ.1 OR CJ.1.1 OR CK.1 OR CK.1.1 OR CK.1.2 OR CK.2 OR CK.2.1 OR CK.2.1.1 OR CK.3 OR CL.1 OR CM.1 OR CM.2 OR CM.2.1 OR CM.3 OR CM.4 OR CM.4.1 OR CM.5 OR CM.5.1 OR CM.5.2 OR CM.6 OR CM.6.1 OR CM.7 OR CM.8 OR CM.8.1 OR CM.9 OR CM.10 OR CM.11 OR CM.12 OR CN.1 OR CN.2 OR CP.1 OR CP.1.1 OR CP.1.2 OR CP.1.3 OR CP.2 OR CP.3 OR CP.4 OR CP.5 OR CP.6 OR CQ.1 OR CQ.1.1 OR CQ.2 OR CR.1 OR CR.1.1 OR CR.1.2 OR CR.1.3 OR CR.2 OR CS.1 OR CT.1 OR CU.1 OR CV.1 OR CV.2 OR CW.1 OR CY.1 OR CZ.1 OR DA.1 OR DB.1 OR DB.2 OR DC.1 OR DD.1 OR DE.1 OR DE.2 OR DF.1 OR DF.1.1 OR DG.1 OR DH.1 OR DJ.1 OR DJ.1.1 OR DJ.1.2 OR DJ.1.3 OR DK.1 OR DL.1 OR DM.1 OR DN.1 OR DN.1.1 OR DP.1 OR DQ.1 OR DR.1 OR DS.1 OR DT.1 OR DU.1 OR DV.1,Omicron,5.92857142857143,5.57142857142857,0.939759036144578
2022-05-14,4,4,8,7.66666666666667,0.958333333333333,0.737782751282814,0.999940509697106,B.1.1.529 OR BA.1 OR BA.1.1 OR BA.1.1.1 OR BA.1.1.2 OR BA.1.1.3 OR BA.1.1.4 OR BA.1.1.5 OR BA.1.1.6 OR BA.1.1.7 OR BA.1.1.8 OR BA.1.1.9 OR BA.1.1.10 OR BA.1.1.11 OR BA.1.1.12 OR BA.1.1.13 OR BA.1.1.14 OR BA.1.1.15 OR BA.1.1.16 OR BA.1.1.17 OR BA.1.1.18 OR BA.1.2 OR BA.1.3 OR BA.1.4 OR BA.1.5 OR BA.1.6 OR BA.1.7 OR BA.1.8 OR BA.1.9 OR BA.1.10 OR BA.1.12 OR BA.1.13 OR BA.1.13.1 OR BA.1.14 OR BA.1.14.1 OR BA.1.14.2 OR BA.1.15 OR BA.1.15.1 OR BA.1.15.2 OR BA.1.15.3 OR BA.1.16 OR BA.1.16.1 OR BA.1.16.2 OR BA.1.17 OR BA.1.17.1 OR BA.1.17.2 OR BA.1.18 OR BA.1.19 OR BA.1.20 OR BA.1.21 OR BA.1.21.1 OR BA.1.22 OR BA.1.23 OR BA.1.24 OR BA.2 OR BA.2.1 OR BA.2.2 OR BA.2.2.1 OR BA.2.3 OR BA.2.3.1 OR BA.2.3.2 OR BA.2.3.4 OR BA.2.3.5 OR BA.2.3.6 OR BA.2.3.7 OR BA.2.3.8 OR BA.2.3.9 OR BA.2.3.10 OR BA.2.3.11 OR BA.2.3.12 OR BA.2.3.13 OR BA.2.3.14 OR BA.2.3.15 OR BA.2.3.16 OR BA.2.3.17 OR BA.2.3.18 OR BA.2.3.19 OR BA.2.3.20 OR BA.2.3.21 OR BA.2.3.22 OR BA.2.4 OR BA.2.5 OR BA.2.6 OR BA.2.7 OR BA.2.8 OR BA.2.9 OR BA.2.9.1 OR BA.2.9.2 OR BA.2.9.3 OR BA.2.9.4 OR BA.2.9.5 OR BA.2.9.6 OR BA.2.9.7 OR BA.2.10 OR BA.2.10.1 OR BA.2.10.2 OR BA.2.10.3 OR BA.2.10.4 OR BA.2.11 OR BA.2.12 OR BA.2.12.1 OR BA.2.12.2 OR BA.2.13 OR BA.2.13.1 OR BA.2.14 OR BA.2.15 OR BA.2.16 OR BA.2.17 OR BA.2.18 OR BA.2.19 OR BA.2.20 OR BA.2.21 OR BA.2.22 OR BA.2.23 OR BA.2.23.1 OR BA.2.24 OR BA.2.25 OR BA.2.25.1 OR BA.2.26 OR BA.2.27 OR BA.2.28 OR BA.2.29 OR BA.2.30 OR BA.2.31 OR BA.2.31.1 OR BA.2.32 OR BA.2.33 OR BA.2.34 OR BA.2.35 OR BA.2.36 OR BA.2.37 OR BA.2.38 OR BA.2.38.1 OR BA.2.38.2 OR BA.2.38.3 OR BA.2.38.4 OR BA.2.39 OR BA.2.40 OR BA.2.40.1 OR BA.2.41 OR BA.2.42 OR BA.2.43 OR BA.2.44 OR BA.2.45 OR BA.2.46 OR BA.2.47 OR BA.2.48 OR BA.2.49 OR BA.2.50 OR BA.2.51 OR BA.2.52 OR BA.2.53 OR BA.2.54 OR BA.2.55 OR BA.2.56 OR BA.2.56.1 OR BA.2.57 OR BA.2.58 OR BA.2.59 OR BA.2.60 OR BA.2.61 OR BA.2.62 OR BA.2.63 OR BA.2.64 OR BA.2.65 OR BA.2.66 OR BA.2.67 OR BA.2.68 OR BA.2.69 OR BA.2.70 OR BA.2.71 OR BA.2.72 OR BA.2.73 OR BA.2.74 OR BA.2.75 OR BA.2.75.1 OR BA.2.75.2 OR BA.2.75.3 OR BA.2.75.4 OR BA.2.75.5 OR BA.2.75.6 OR BA.2.75.7 OR BA.2.75.8 OR BA.2.75.9 OR BA.2.75.10 OR BA.2.76 OR BA.2.76.1 OR BA.2.76.2 OR BA.2.77 OR BA.2.78 OR BA.2.79 OR BA.2.79.1 OR BA.2.80 OR BA.2.81 OR BA.2.82 OR BA.2.83 OR BA.2.85 OR BA.3 OR BA.3.1 OR BA.4 OR BA.4.1 OR BA.4.1.1 OR BA.4.1.2 OR BA.4.1.3 OR BA.4.1.4 OR BA.4.1.5 OR BA.4.1.6 OR BA.4.1.7 OR BA.4.1.8 OR BA.4.1.9 OR BA.4.1.10 OR BA.4.2 OR BA.4.3 OR BA.4.4 OR BA.4.5 OR BA.4.6 OR BA.4.6.1 OR BA.4.6.2 OR BA.4.6.3 OR BA.4.6.4 OR BA.4.6.5 OR BA.4.7 OR BA.4.8 OR BA.5 OR BA.5.1 OR BA.5.1.1 OR BA.5.1.2 OR BA.5.1.3 OR BA.5.1.4 OR BA.5.1.5 OR BA.5.1.6 OR BA.5.1.7 OR BA.5.1.8 OR BA.5.1.9 OR BA.5.1.10 OR BA.5.1.11 OR BA.5.1.12 OR BA.5.1.14 OR BA.5.1.15 OR BA.5.1.16 OR BA.5.1.17 OR BA.5.1.18 OR BA.5.1.19 OR BA.5.1.20 OR BA.5.1.21 OR BA.5.1.22 OR BA.5.1.23 OR BA.5.1.24 OR BA.5.1.25 OR BA.5.1.26 OR BA.5.1.27 OR BA.5.1.28 OR BA.5.1.29 OR BA.5.1.30 OR BA.5.1.31 OR BA.5.1.32 OR BA.5.2 OR BA.5.2.1 OR BA.5.2.2 OR BA.5.2.3 OR BA.5.2.4 OR BA.5.2.5 OR BA.5.2.6 OR BA.5.2.7 OR BA.5.2.8 OR BA.5.2.9 OR BA.5.2.10 OR BA.5.2.11 OR BA.5.2.12 OR BA.5.2.13 OR BA.5.2.14 OR BA.5.2.16 OR BA.5.2.18 OR BA.5.2.19 OR BA.5.2.20 OR BA.5.2.21 OR BA.5.2.22 OR BA.5.2.23 OR BA.5.2.24 OR BA.5.2.25 OR BA.5.2.26 OR BA.5.2.27 OR BA.5.2.28 OR BA.5.2.29 OR BA.5.2.30 OR BA.5.2.31 OR BA.5.2.32 OR BA.5.2.33 OR BA.5.2.34 OR BA.5.2.35 OR BA.5.2.36 OR BA.5.2.37 OR BA.5.2.38 OR BA.5.2.39 OR BA.5.2.40 OR BA.5.2.41 OR BA.5.2.42 OR BA.5.2.43 OR BA.5.2.44 OR BA.5.2.45 OR BA.5.2.46 OR BA.5.2.47 OR BA.5.2.48 OR BA.5.2.49 OR BA.5.3 OR BA.5.3.1 OR BA.5.3.2 OR BA.5.3.3 OR BA.5.3.4 OR BA.5.3.5 OR BA.5.5 OR BA.5.5.1 OR BA.5.5.2 OR BA.5.5.3 OR BA.5.6 OR BA.5.6.1 OR BA.5.6.2 OR BA.5.6.3 OR BA.5.6.4 OR BA.5.7 OR BA.5.8 OR BA.5.9 OR BA.5.10 OR BA.5.10.1 OR BA.5.11 OR BC.1 OR BC.2 OR BD.1 OR BE.1 OR BE.1.1 OR BE.1.1.1 OR BE.1.1.2 OR BE.1.2 OR BE.1.2.1 OR BE.1.3 OR BE.1.4 OR BE.1.4.1 OR BE.1.4.2 OR BE.1.4.3 OR BE.1.4.4 OR BE.2 OR BE.3 OR BE.4 OR BE.4.1 OR BE.4.1.1 OR BE.4.2 OR BE.5 OR BE.6 OR BE.7 OR BE.8 OR BE.9 OR BE.10 OR BF.1 OR BF.1.1 OR BF.2 OR BF.3 OR BF.3.1 OR BF.4 OR BF.5 OR BF.5.1 OR BF.5.2 OR BF.6 OR BF.7 OR BF.7.1 OR BF.7.2 OR BF.7.3 OR BF.7.4 OR BF.7.4.1 OR BF.7.4.2 OR BF.7.5 OR BF.7.5.1 OR BF.7.6 OR BF.7.7 OR BF.7.8 OR BF.7.9 OR BF.7.10 OR BF.7.11 OR BF.7.12 OR BF.7.13 OR BF.7.13.1 OR BF.7.13.2 OR BF.7.14 OR BF.7.15 OR BF.8 OR BF.9 OR BF.10 OR BF.10.1 OR BF.11 OR BF.11.1 OR BF.11.2 OR BF.11.3 OR BF.11.4 OR BF.11.5 OR BF.12 OR BF.13 OR BF.14 OR BF.15 OR BF.16 OR BF.17 OR BF.18 OR BF.19 OR BF.20 OR BF.21 OR BF.22 OR BF.23 OR BF.24 OR BF.25 OR BF.26 OR BF.27 OR BF.28 OR BF.29 OR BF.30 OR BF.31 OR BF.31.1 OR BF.32 OR BF.33 OR BF.34 OR BG.1 OR BG.2 OR BG.3 OR BG.4 OR BG.5 OR BG.6 OR BG.7 OR BH.1 OR BJ.1 OR BK.1 OR BL.1 OR BL.1.1 OR BL.1.2 OR BL.1.3 OR BL.1.4 OR BL.2 OR BL.2.1 OR BL.3 OR BL.4 OR BL.5 OR BL.6 OR BM.1 OR BM.1.1 OR BM.1.1.1 OR BM.1.1.2 OR BM.1.1.3 OR BM.1.1.4 OR BM.1.1.5 OR BM.2 OR BM.2.1 OR BM.2.2 OR BM.2.3 OR BM.3 OR BM.4 OR BM.4.1 OR BM.4.1.1 OR BM.5 OR BM.6 OR BN.1 OR BN.1.1 OR BN.1.1.1 OR BN.1.2 OR BN.1.2.1 OR BN.1.3 OR BN.1.3.1 OR BN.1.3.2 OR BN.1.3.3 OR BN.1.3.4 OR BN.1.4 OR BN.1.4.1 OR BN.1.5 OR BN.1.5.1 OR BN.1.6 OR BN.1.7 OR BN.1.8 OR BN.1.9 OR BN.2 OR BN.2.1 OR BN.3 OR BN.3.1 OR BN.4 OR BN.5 OR BN.6 OR BP.1 OR BQ.1 OR BQ.1.1 OR BQ.1.1.1 OR BQ.1.1.2 OR BQ.1.1.3 OR BQ.1.1.4 OR BQ.1.1.5 OR BQ.1.1.6 OR BQ.1.1.7 OR BQ.1.1.8 OR BQ.1.1.9 OR BQ.1.1.10 OR BQ.1.1.11 OR BQ.1.1.12 OR BQ.1.1.13 OR BQ.1.1.14 OR BQ.1.1.15 OR BQ.1.1.16 OR BQ.1.1.17 OR BQ.1.1.18 OR BQ.1.1.19 OR BQ.1.1.20 OR BQ.1.1.21 OR BQ.1.1.22 OR BQ.1.1.23 OR BQ.1.1.24 OR BQ.1.1.25 OR BQ.1.1.26 OR BQ.1.1.27 OR BQ.1.1.28 OR BQ.1.1.29 OR BQ.1.1.30 OR BQ.1.1.31 OR BQ.1.1.32 OR BQ.1.1.34 OR BQ.1.1.35 OR BQ.1.1.36 OR BQ.1.2 OR BQ.1.3 OR BQ.1.4 OR BQ.1.5 OR BQ.1.6 OR BQ.1.7 OR BQ.1.8 OR BQ.1.8.1 OR BQ.1.8.2 OR BQ.1.9 OR BQ.1.10 OR BQ.1.10.1 OR BQ.1.11 OR BQ.1.12 OR BQ.1.13 OR BQ.1.13.1 OR BQ.1.14 OR BQ.1.15 OR BQ.1.16 OR BQ.1.17 OR BQ.1.18 OR BQ.1.19 OR BQ.1.20 OR BQ.1.21 OR BQ.1.22 OR BQ.1.23 OR BQ.1.24 OR BQ.1.25 OR BQ.1.25.1 OR BQ.1.26 OR BQ.1.26.1 OR BQ.1.27 OR BQ.1.28 OR BQ.2 OR BR.1 OR BR.1.1 OR BR.1.2 OR BR.2 OR BR.2.1 OR BR.3 OR BR.4 OR BS.1 OR BS.1.1 OR BS.1.2 OR BT.1 OR BT.2 OR BU.1 OR BU.2 OR BU.3 OR BV.1 OR BV.2 OR BW.1 OR BW.1.1 OR BY.1 OR BY.1.1 OR BY.1.1.1 OR BY.1.2 OR BY.1.2.1 OR BZ.1 OR CA.1 OR CA.2 OR CA.3 OR CA.3.1 OR CA.4 OR CA.5 OR CA.6 OR CA.7 OR CB.1 OR CC.1 OR CD.1 OR CD.2 OR CE.1 OR CF.1 OR CG.1 OR CH.1 OR CH.1.1 OR CH.1.1.1 OR CH.1.1.2 OR CH.1.1.3 OR CH.1.1.4 OR CH.1.1.5 OR CH.2 OR CH.3 OR CH.3.1 OR CJ.1 OR CJ.1.1 OR CK.1 OR CK.1.1 OR CK.1.2 OR CK.2 OR CK.2.1 OR CK.2.1.1 OR CK.3 OR CL.1 OR CM.1 OR CM.2 OR CM.2.1 OR CM.3 OR CM.4 OR CM.4.1 OR CM.5 OR CM.5.1 OR CM.5.2 OR CM.6 OR CM.6.1 OR CM.7 OR CM.8 OR CM.8.1 OR CM.9 OR CM.10 OR CM.11 OR CM.12 OR CN.1 OR CN.2 OR CP.1 OR CP.1.1 OR CP.1.2 OR CP.1.3 OR CP.2 OR CP.3 OR CP.4 OR CP.5 OR CP.6 OR CQ.1 OR CQ.1.1 OR CQ.2 OR CR.1 OR CR.1.1 OR CR.1.2 OR CR.1.3 OR CR.2 OR CS.1 OR CT.1 OR CU.1 OR CV.1 OR CV.2 OR CW.1 OR CY.1 OR CZ.1 OR DA.1 OR DB.1 OR DB.2 OR DC.1 OR DD.1 OR DE.1 OR DE.2 OR DF.1 OR DF.1.1 OR DG.1 OR DH.1 OR DJ.1 OR DJ.1.1 OR DJ.1.2 OR DJ.1.3 OR DK.1 OR DL.1 OR DM.1 OR DN.1 OR DN.1.1 OR DP.1 OR DQ.1 OR DR.1 OR DS.1 OR DT.1 OR DU.1 OR DV.1,Omicron,6.14285714285714,5.78571428571429,0.941860465116279
2022-05-15,9,9,8.14285714285714,7.85714285714286,0.964912280701754,0.737782751282814,0.999940509697106,B.1.1.529 OR BA.1 OR BA.1.1 OR BA.1.1.1 OR BA.1.1.2 OR BA.1.1.3 OR BA.1.1.4 OR BA.1.1.5 OR BA.1.1.6 OR BA.1.1.7 OR BA.1.1.8 OR BA.1.1.9 OR BA.1.1.10 OR BA.1.1.11 OR BA.1.1.12 OR BA.1.1.13 OR BA.1.1.14 OR BA.1.1.15 OR BA.1.1.16 OR BA.1.1.17 OR BA.1.1.18 OR BA.1.2 OR BA.1.3 OR BA.1.4 OR BA.1.5 OR BA.1.6 OR BA.1.7 OR BA.1.8 OR BA.1.9 OR BA.1.10 OR BA.1.12 OR BA.1.13 OR BA.1.13.1 OR BA.1.14 OR BA.1.14.1 OR BA.1.14.2 OR BA.1.15 OR BA.1.15.1 OR BA.1.15.2 OR BA.1.15.3 OR BA.1.16 OR BA.1.16.1 OR BA.1.16.2 OR BA.1.17 OR BA.1.17.1 OR BA.1.17.2 OR BA.1.18 OR BA.1.19 OR BA.1.20 OR BA.1.21 OR BA.1.21.1 OR BA.1.22 OR BA.1.23 OR BA.1.24 OR BA.2 OR BA.2.1 OR BA.2.2 OR BA.2.2.1 OR BA.2.3 OR BA.2.3.1 OR BA.2.3.2 OR BA.2.3.4 OR BA.2.3.5 OR BA.2.3.6 OR BA.2.3.7 OR BA.2.3.8 OR BA.2.3.9 OR BA.2.3.10 OR BA.2.3.11 OR BA.2.3.12 OR BA.2.3.13 OR BA.2.3.14 OR BA.2.3.15 OR BA.2.3.16 OR BA.2.3.17 OR BA.2.3.18 OR BA.2.3.19 OR BA.2.3.20 OR BA.2.3.21 OR BA.2.3.22 OR BA.2.4 OR BA.2.5 OR BA.2.6 OR BA.2.7 OR BA.2.8 OR BA.2.9 OR BA.2.9.1 OR BA.2.9.2 OR BA.2.9.3 OR BA.2.9.4 OR BA.2.9.5 OR BA.2.9.6 OR BA.2.9.7 OR BA.2.10 OR BA.2.10.1 OR BA.2.10.2 OR BA.2.10.3 OR BA.2.10.4 OR BA.2.11 OR BA.2.12 OR BA.2.12.1 OR BA.2.12.2 OR BA.2.13 OR BA.2.13.1 OR BA.2.14 OR BA.2.15 OR BA.2.16 OR BA.2.17 OR BA.2.18 OR BA.2.19 OR BA.2.20 OR BA.2.21 OR BA.2.22 OR BA.2.23 OR BA.2.23.1 OR BA.2.24 OR BA.2.25 OR BA.2.25.1 OR BA.2.26 OR BA.2.27 OR BA.2.28 OR BA.2.29 OR BA.2.30 OR BA.2.31 OR BA.2.31.1 OR BA.2.32 OR BA.2.33 OR BA.2.34 OR BA.2.35 OR BA.2.36 OR BA.2.37 OR BA.2.38 OR BA.2.38.1 OR BA.2.38.2 OR BA.2.38.3 OR BA.2.38.4 OR BA.2.39 OR BA.2.40 OR BA.2.40.1 OR BA.2.41 OR BA.2.42 OR BA.2.43 OR BA.2.44 OR BA.2.45 OR BA.2.46 OR BA.2.47 OR BA.2.48 OR BA.2.49 OR BA.2.50 OR BA.2.51 OR BA.2.52 OR BA.2.53 OR BA.2.54 OR BA.2.55 OR BA.2.56 OR BA.2.56.1 OR BA.2.57 OR BA.2.58 OR BA.2.59 OR BA.2.60 OR BA.2.61 OR BA.2.62 OR BA.2.63 OR BA.2.64 OR BA.2.65 OR BA.2.66 OR BA.2.67 OR BA.2.68 OR BA.2.69 OR BA.2.70 OR BA.2.71 OR BA.2.72 OR BA.2.73 OR BA.2.74 OR BA.2.75 OR BA.2.75.1 OR BA.2.75.2 OR BA.2.75.3 OR BA.2.75.4 OR BA.2.75.5 OR BA.2.75.6 OR BA.2.75.7 OR BA.2.75.8 OR BA.2.75.9 OR BA.2.75.10 OR BA.2.76 OR BA.2.76.1 OR BA.2.76.2 OR BA.2.77 OR BA.2.78 OR BA.2.79 OR BA.2.79.1 OR BA.2.80 OR BA.2.81 OR BA.2.82 OR BA.2.83 OR BA.2.85 OR BA.3 OR BA.3.1 OR BA.4 OR BA.4.1 OR BA.4.1.1 OR BA.4.1.2 OR BA.4.1.3 OR BA.4.1.4 OR BA.4.1.5 OR BA.4.1.6 OR BA.4.1.7 OR BA.4.1.8 OR BA.4.1.9 OR BA.4.1.10 OR BA.4.2 OR BA.4.3 OR BA.4.4 OR BA.4.5 OR BA.4.6 OR BA.4.6.1 OR BA.4.6.2 OR BA.4.6.3 OR BA.4.6.4 OR BA.4.6.5 OR BA.4.7 OR BA.4.8 OR BA.5 OR BA.5.1 OR BA.5.1.1 OR BA.5.1.2 OR BA.5.1.3 OR BA.5.1.4 OR BA.5.1.5 OR BA.5.1.6 OR BA.5.1.7 OR BA.5.1.8 OR BA.5.1.9 OR BA.5.1.10 OR BA.5.1.11 OR BA.5.1.12 OR BA.5.1.14 OR BA.5.1.15 OR BA.5.1.16 OR BA.5.1.17 OR BA.5.1.18 OR BA.5.1.19 OR BA.5.1.20 OR BA.5.1.21 OR BA.5.1.22 OR BA.5.1.23 OR BA.5.1.24 OR BA.5.1.25 OR BA.5.1.26 OR BA.5.1.27 OR BA.5.1.28 OR BA.5.1.29 OR BA.5.1.30 OR BA.5.1.31 OR BA.5.1.32 OR BA.5.2 OR BA.5.2.1 OR BA.5.2.2 OR BA.5.2.3 OR BA.5.2.4 OR BA.5.2.5 OR BA.5.2.6 OR BA.5.2.7 OR BA.5.2.8 OR BA.5.2.9 OR BA.5.2.10 OR BA.5.2.11 OR BA.5.2.12 OR BA.5.2.13 OR BA.5.2.14 OR BA.5.2.16 OR BA.5.2.18 OR BA.5.2.19 OR BA.5.2.20 OR BA.5.2.21 OR BA.5.2.22 OR BA.5.2.23 OR BA.5.2.24 OR BA.5.2.25 OR BA.5.2.26 OR BA.5.2.27 OR BA.5.2.28 OR BA.5.2.29 OR BA.5.2.30 OR BA.5.2.31 OR BA.5.2.32 OR BA.5.2.33 OR BA.5.2.34 OR BA.5.2.35 OR BA.5.2.36 OR BA.5.2.37 OR BA.5.2.38 OR BA.5.2.39 OR BA.5.2.40 OR BA.5.2.41 OR BA.5.2.42 OR BA.5.2.43 OR BA.5.2.44 OR BA.5.2.45 OR BA.5.2.46 OR BA.5.2.47 OR BA.5.2.48 OR BA.5.2.49 OR BA.5.3 OR BA.5.3.1 OR BA.5.3.2 OR BA.5.3.3 OR BA.5.3.4 OR BA.5.3.5 OR BA.5.5 OR BA.5.5.1 OR BA.5.5.2 OR BA.5.5.3 OR BA.5.6 OR BA.5.6.1 OR BA.5.6.2 OR BA.5.6.3 OR BA.5.6.4 OR BA.5.7 OR BA.5.8 OR BA.5.9 OR BA.5.10 OR BA.5.10.1 OR BA.5.11 OR BC.1 OR BC.2 OR BD.1 OR BE.1 OR BE.1.1 OR BE.1.1.1 OR BE.1.1.2 OR BE.1.2 OR BE.1.2.1 OR BE.1.3 OR BE.1.4 OR BE.1.4.1 OR BE.1.4.2 OR BE.1.4.3 OR BE.1.4.4 OR BE.2 OR BE.3 OR BE.4 OR BE.4.1 OR BE.4.1.1 OR BE.4.2 OR BE.5 OR BE.6 OR BE.7 OR BE.8 OR BE.9 OR BE.10 OR BF.1 OR BF.1.1 OR BF.2 OR BF.3 OR BF.3.1 OR BF.4 OR BF.5 OR BF.5.1 OR BF.5.2 OR BF.6 OR BF.7 OR BF.7.1 OR BF.7.2 OR BF.7.3 OR BF.7.4 OR BF.7.4.1 OR BF.7.4.2 OR BF.7.5 OR BF.7.5.1 OR BF.7.6 OR BF.7.7 OR BF.7.8 OR BF.7.9 OR BF.7.10 OR BF.7.11 OR BF.7.12 OR BF.7.13 OR BF.7.13.1 OR BF.7.13.2 OR BF.7.14 OR BF.7.15 OR BF.8 OR BF.9 OR BF.10 OR BF.10.1 OR BF.11 OR BF.11.1 OR BF.11.2 OR BF.11.3 OR BF.11.4 OR BF.11.5 OR BF.12 OR BF.13 OR BF.14 OR BF.15 OR BF.16 OR BF.17 OR BF.18 OR BF.19 OR BF.20 OR BF.21 OR BF.22 OR BF.23 OR BF.24 OR BF.25 OR BF.26 OR BF.27 OR BF.28 OR BF.29 OR BF.30 OR BF.31 OR BF.31.1 OR BF.32 OR BF.33 OR BF.34 OR BG.1 OR BG.2 OR BG.3 OR BG.4 OR BG.5 OR BG.6 OR BG.7 OR BH.1 OR BJ.1 OR BK.1 OR BL.1 OR BL.1.1 OR BL.1.2 OR BL.1.3 OR BL.1.4 OR BL.2 OR BL.2.1 OR BL.3 OR BL.4 OR BL.5 OR BL.6 OR BM.1 OR BM.1.1 OR BM.1.1.1 OR BM.1.1.2 OR BM.1.1.3 OR BM.1.1.4 OR BM.1.1.5 OR BM.2 OR BM.2.1 OR BM.2.2 OR BM.2.3 OR BM.3 OR BM.4 OR BM.4.1 OR BM.4.1.1 OR BM.5 OR BM.6 OR BN.1 OR BN.1.1 OR BN.1.1.1 OR BN.1.2 OR BN.1.2.1 OR BN.1.3 OR BN.1.3.1 OR BN.1.3.2 OR BN.1.3.3 OR BN.1.3.4 OR BN.1.4 OR BN.1.4.1 OR BN.1.5 OR BN.1.5.1 OR BN.1.6 OR BN.1.7 OR BN.1.8 OR BN.1.9 OR BN.2 OR BN.2.1 OR BN.3 OR BN.3.1 OR BN.4 OR BN.5 OR BN.6 OR BP.1 OR BQ.1 OR BQ.1.1 OR BQ.1.1.1 OR BQ.1.1.2 OR BQ.1.1.3 OR BQ.1.1.4 OR BQ.1.1.5 OR BQ.1.1.6 OR BQ.1.1.7 OR BQ.1.1.8 OR BQ.1.1.9 OR BQ.1.1.10 OR BQ.1.1.11 OR BQ.1.1.12 OR BQ.1.1.13 OR BQ.1.1.14 OR BQ.1.1.15 OR BQ.1.1.16 OR BQ.1.1.17 OR BQ.1.1.18 OR BQ.1.1.19 OR BQ.1.1.20 OR BQ.1.1.21 OR BQ.1.1.22 OR BQ.1.1.23 OR BQ.1.1.24 OR BQ.1.1.25 OR BQ.1.1.26 OR BQ.1.1.27 OR BQ.1.1.28 OR BQ.1.1.29 OR BQ.1.1.30 OR BQ.1.1.31 OR BQ.1.1.32 OR BQ.1.1.34 OR BQ.1.1.35 OR BQ.1.1.36 OR BQ.1.2 OR BQ.1.3 OR BQ.1.4 OR BQ.1.5 OR BQ.1.6 OR BQ.1.7 OR BQ.1.8 OR BQ.1.8.1 OR BQ.1.8.2 OR BQ.1.9 OR BQ.1.10 OR BQ.1.10.1 OR BQ.1.11 OR BQ.1.12 OR BQ.1.13 OR BQ.1.13.1 OR BQ.1.14 OR BQ.1.15 OR BQ.1.16 OR BQ.1.17 OR BQ.1.18 OR BQ.1.19 OR BQ.1.20 OR BQ.1.21 OR BQ.1.22 OR BQ.1.23 OR BQ.1.24 OR BQ.1.25 OR BQ.1.25.1 OR BQ.1.26 OR BQ.1.26.1 OR BQ.1.27 OR BQ.1.28 OR BQ.2 OR BR.1 OR BR.1.1 OR BR.1.2 OR BR.2 OR BR.2.1 OR BR.3 OR BR.4 OR BS.1 OR BS.1.1 OR BS.1.2 OR BT.1 OR BT.2 OR BU.1 OR BU.2 OR BU.3 OR BV.1 OR BV.2 OR BW.1 OR BW.1.1 OR BY.1 OR BY.1.1 OR BY.1.1.1 OR BY.1.2 OR BY.1.2.1 OR BZ.1 OR CA.1 OR CA.2 OR CA.3 OR CA.3.1 OR CA.4 OR CA.5 OR CA.6 OR CA.7 OR CB.1 OR CC.1 OR CD.1 OR CD.2 OR CE.1 OR CF.1 OR CG.1 OR CH.1 OR CH.1.1 OR CH.1.1.1 OR CH.1.1.2 OR CH.1.1.3 OR CH.1.1.4 OR CH.1.1.5 OR CH.2 OR CH.3 OR CH.3.1 OR CJ.1 OR CJ.1.1 OR CK.1 OR CK.1.1 OR CK.1.2 OR CK.2 OR CK.2.1 OR CK.2.1.1 OR CK.3 OR CL.1 OR CM.1 OR CM.2 OR CM.2.1 OR CM.3 OR CM.4 OR CM.4.1 OR CM.5 OR CM.5.1 OR CM.5.2 OR CM.6 OR CM.6.1 OR CM.7 OR CM.8 OR CM.8.1 OR CM.9 OR CM.10 OR CM.11 OR CM.12 OR CN.1 OR CN.2 OR CP.1 OR CP.1.1 OR CP.1.2 OR CP.1.3 OR CP.2 OR CP.3 OR CP.4 OR CP.5 OR CP.6 OR CQ.1 OR CQ.1.1 OR CQ.2 OR CR.1 OR CR.1.1 OR CR.1.2 OR CR.1.3 OR CR.2 OR CS.1 OR CT.1 OR CU.1 OR CV.1 OR CV.2 OR CW.1 OR CY.1 OR CZ.1 OR DA.1 OR DB.1 OR DB.2 OR DC.1 OR DD.1 OR DE.1 OR DE.2 OR DF.1 OR DF.1.1 OR DG.1 OR DH.1 OR DJ.1 OR DJ.1.1 OR DJ.1.2 OR DJ.1.3 OR DK.1 OR DL.1 OR DM.1 OR DN.1 OR DN.1.1 OR DP.1 OR DQ.1 OR DR.1 OR DS.1 OR DT.1 OR DU.1 OR DV.1,Omicron,6.57142857142857,6.21428571428571,0.945652173913044
2022-05-16,8,8,7.57142857142857,7.42857142857143,0.981132075471698,0.546280678967585,0.986161766209679,B.1.1.529 OR BA.1 OR BA.1.1 OR BA.1.1.1 OR BA.1.1.2 OR BA.1.1.3 OR BA.1.1.4 OR BA.1.1.5 OR BA.1.1.6 OR BA.1.1.7 OR BA.1.1.8 OR BA.1.1.9 OR BA.1.1.10 OR BA.1.1.11 OR BA.1.1.12 OR BA.1.1.13 OR BA.1.1.14 OR BA.1.1.15 OR BA.1.1.16 OR BA.1.1.17 OR BA.1.1.18 OR BA.1.2 OR BA.1.3 OR BA.1.4 OR BA.1.5 OR BA.1.6 OR BA.1.7 OR BA.1.8 OR BA.1.9 OR BA.1.10 OR BA.1.12 OR BA.1.13 OR BA.1.13.1 OR BA.1.14 OR BA.1.14.1 OR BA.1.14.2 OR BA.1.15 OR BA.1.15.1 OR BA.1.15.2 OR BA.1.15.3 OR BA.1.16 OR BA.1.16.1 OR BA.1.16.2 OR BA.1.17 OR BA.1.17.1 OR BA.1.17.2 OR BA.1.18 OR BA.1.19 OR BA.1.20 OR BA.1.21 OR BA.1.21.1 OR BA.1.22 OR BA.1.23 OR BA.1.24 OR BA.2 OR BA.2.1 OR BA.2.2 OR BA.2.2.1 OR BA.2.3 OR BA.2.3.1 OR BA.2.3.2 OR BA.2.3.4 OR BA.2.3.5 OR BA.2.3.6 OR BA.2.3.7 OR BA.2.3.8 OR BA.2.3.9 OR BA.2.3.10 OR BA.2.3.11 OR BA.2.3.12 OR BA.2.3.13 OR BA.2.3.14 OR BA.2.3.15 OR BA.2.3.16 OR BA.2.3.17 OR BA.2.3.18 OR BA.2.3.19 OR BA.2.3.20 OR BA.2.3.21 OR BA.2.3.22 OR BA.2.4 OR BA.2.5 OR BA.2.6 OR BA.2.7 OR BA.2.8 OR BA.2.9 OR BA.2.9.1 OR BA.2.9.2 OR BA.2.9.3 OR BA.2.9.4 OR BA.2.9.5 OR BA.2.9.6 OR BA.2.9.7 OR BA.2.10 OR BA.2.10.1 OR BA.2.10.2 OR BA.2.10.3 OR BA.2.10.4 OR BA.2.11 OR BA.2.12 OR BA.2.12.1 OR BA.2.12.2 OR BA.2.13 OR BA.2.13.1 OR BA.2.14 OR BA.2.15 OR BA.2.16 OR BA.2.17 OR BA.2.18 OR BA.2.19 OR BA.2.20 OR BA.2.21 OR BA.2.22 OR BA.2.23 OR BA.2.23.1 OR BA.2.24 OR BA.2.25 OR BA.2.25.1 OR BA.2.26 OR BA.2.27 OR BA.2.28 OR BA.2.29 OR BA.2.30 OR BA.2.31 OR BA.2.31.1 OR BA.2.32 OR BA.2.33 OR BA.2.34 OR BA.2.35 OR BA.2.36 OR BA.2.37 OR BA.2.38 OR BA.2.38.1 OR BA.2.38.2 OR BA.2.38.3 OR BA.2.38.4 OR BA.2.39 OR BA.2.40 OR BA.2.40.1 OR BA.2.41 OR BA.2.42 OR BA.2.43 OR BA.2.44 OR BA.2.45 OR BA.2.46 OR BA.2.47 OR BA.2.48 OR BA.2.49 OR BA.2.50 OR BA.2.51 OR BA.2.52 OR BA.2.53 OR BA.2.54 OR BA.2.55 OR BA.2.56 OR BA.2.56.1 OR BA.2.57 OR BA.2.58 OR BA.2.59 OR BA.2.60 OR BA.2.61 OR BA.2.62 OR BA.2.63 OR BA.2.64 OR BA.2.65 OR BA.2.66 OR BA.2.67 OR BA.2.68 OR BA.2.69 OR BA.2.70 OR BA.2.71 OR BA.2.72 OR BA.2.73 OR BA.2.74 OR BA.2.75 OR BA.2.75.1 OR BA.2.75.2 OR BA.2.75.3 OR BA.2.75.4 OR BA.2.75.5 OR BA.2.75.6 OR BA.2.75.7 OR BA.2.75.8 OR BA.2.75.9 OR BA.2.75.10 OR BA.2.76 OR BA.2.76.1 OR BA.2.76.2 OR BA.2.77 OR BA.2.78 OR BA.2.79 OR BA.2.79.1 OR BA.2.80 OR BA.2.81 OR BA.2.82 OR BA.2.83 OR BA.2.85 OR BA.3 OR BA.3.1 OR BA.4 OR BA.4.1 OR BA.4.1.1 OR BA.4.1.2 OR BA.4.1.3 OR BA.4.1.4 OR BA.4.1.5 OR BA.4.1.6 OR BA.4.1.7 OR BA.4.1.8 OR BA.4.1.9 OR BA.4.1.10 OR BA.4.2 OR BA.4.3 OR BA.4.4 OR BA.4.5 OR BA.4.6 OR BA.4.6.1 OR BA.4.6.2 OR BA.4.6.3 OR BA.4.6.4 OR BA.4.6.5 OR BA.4.7 OR BA.4.8 OR BA.5 OR BA.5.1 OR BA.5.1.1 OR BA.5.1.2 OR BA.5.1.3 OR BA.5.1.4 OR BA.5.1.5 OR BA.5.1.6 OR BA.5.1.7 OR BA.5.1.8 OR BA.5.1.9 OR BA.5.1.10 OR BA.5.1.11 OR BA.5.1.12 OR BA.5.1.14 OR BA.5.1.15 OR BA.5.1.16 OR BA.5.1.17 OR BA.5.1.18 OR BA.5.1.19 OR BA.5.1.20 OR BA.5.1.21 OR BA.5.1.22 OR BA.5.1.23 OR BA.5.1.24 OR BA.5.1.25 OR BA.5.1.26 OR BA.5.1.27 OR BA.5.1.28 OR BA.5.1.29 OR BA.5.1.30 OR BA.5.1.31 OR BA.5.1.32 OR BA.5.2 OR BA.5.2.1 OR BA.5.2.2 OR BA.5.2.3 OR BA.5.2.4 OR BA.5.2.5 OR BA.5.2.6 OR BA.5.2.7 OR BA.5.2.8 OR BA.5.2.9 OR BA.5.2.10 OR BA.5.2.11 OR BA.5.2.12 OR BA.5.2.13 OR BA.5.2.14 OR BA.5.2.16 OR BA.5.2.18 OR BA.5.2.19 OR BA.5.2.20 OR BA.5.2.21 OR BA.5.2.22 OR BA.5.2.23 OR BA.5.2.24 OR BA.5.2.25 OR BA.5.2.26 OR BA.5.2.27 OR BA.5.2.28 OR BA.5.2.29 OR BA.5.2.30 OR BA.5.2.31 OR BA.5.2.32 OR BA.5.2.33 OR BA.5.2.34 OR BA.5.2.35 OR BA.5.2.36 OR BA.5.2.37 OR BA.5.2.38 OR BA.5.2.39 OR BA.5.2.40 OR BA.5.2.41 OR BA.5.2.42 OR BA.5.2.43 OR BA.5.2.44 OR BA.5.2.45 OR BA.5.2.46 OR BA.5.2.47 OR BA.5.2.48 OR BA.5.2.49 OR BA.5.3 OR BA.5.3.1 OR BA.5.3.2 OR BA.5.3.3 OR BA.5.3.4 OR BA.5.3.5 OR BA.5.5 OR BA.5.5.1 OR BA.5.5.2 OR BA.5.5.3 OR BA.5.6 OR BA.5.6.1 OR BA.5.6.2 OR BA.5.6.3 OR BA.5.6.4 OR BA.5.7 OR BA.5.8 OR BA.5.9 OR BA.5.10 OR BA.5.10.1 OR BA.5.11 OR BC.1 OR BC.2 OR BD.1 OR BE.1 OR BE.1.1 OR BE.1.1.1 OR BE.1.1.2 OR BE.1.2 OR BE.1.2.1 OR BE.1.3 OR BE.1.4 OR BE.1.4.1 OR BE.1.4.2 OR BE.1.4.3 OR BE.1.4.4 OR BE.2 OR BE.3 OR BE.4 OR BE.4.1 OR BE.4.1.1 OR BE.4.2 OR BE.5 OR BE.6 OR BE.7 OR BE.8 OR BE.9 OR BE.10 OR BF.1 OR BF.1.1 OR BF.2 OR BF.3 OR BF.3.1 OR BF.4 OR BF.5 OR BF.5.1 OR BF.5.2 OR BF.6 OR BF.7 OR BF.7.1 OR BF.7.2 OR BF.7.3 OR BF.7.4 OR BF.7.4.1 OR BF.7.4.2 OR BF.7.5 OR BF.7.5.1 OR BF.7.6 OR BF.7.7 OR BF.7.8 OR BF.7.9 OR BF.7.10 OR BF.7.11 OR BF.7.12 OR BF.7.13 OR BF.7.13.1 OR BF.7.13.2 OR BF.7.14 OR BF.7.15 OR BF.8 OR BF.9 OR BF.10 OR BF.10.1 OR BF.11 OR BF.11.1 OR BF.11.2 OR BF.11.3 OR BF.11.4 OR BF.11.5 OR BF.12 OR BF.13 OR BF.14 OR BF.15 OR BF.16 OR BF.17 OR BF.18 OR BF.19 OR BF.20 OR BF.21 OR BF.22 OR BF.23 OR BF.24 OR BF.25 OR BF.26 OR BF.27 OR BF.28 OR BF.29 OR BF.30 OR BF.31 OR BF.31.1 OR BF.32 OR BF.33 OR BF.34 OR BG.1 OR BG.2 OR BG.3 OR BG.4 OR BG.5 OR BG.6 OR BG.7 OR BH.1 OR BJ.1 OR BK.1 OR BL.1 OR BL.1.1 OR BL.1.2 OR BL.1.3 OR BL.1.4 OR BL.2 OR BL.2.1 OR BL.3 OR BL.4 OR BL.5 OR BL.6 OR BM.1 OR BM.1.1 OR BM.1.1.1 OR BM.1.1.2 OR BM.1.1.3 OR BM.1.1.4 OR BM.1.1.5 OR BM.2 OR BM.2.1 OR BM.2.2 OR BM.2.3 OR BM.3 OR BM.4 OR BM.4.1 OR BM.4.1.1 OR BM.5 OR BM.6 OR BN.1 OR BN.1.1 OR BN.1.1.1 OR BN.1.2 OR BN.1.2.1 OR BN.1.3 OR BN.1.3.1 OR BN.1.3.2 OR BN.1.3.3 OR BN.1.3.4 OR BN.1.4 OR BN.1.4.1 OR BN.1.5 OR BN.1.5.1 OR BN.1.6 OR BN.1.7 OR BN.1.8 OR BN.1.9 OR BN.2 OR BN.2.1 OR BN.3 OR BN.3.1 OR BN.4 OR BN.5 OR BN.6 OR BP.1 OR BQ.1 OR BQ.1.1 OR BQ.1.1.1 OR BQ.1.1.2 OR BQ.1.1.3 OR BQ.1.1.4 OR BQ.1.1.5 OR BQ.1.1.6 OR BQ.1.1.7 OR BQ.1.1.8 OR BQ.1.1.9 OR BQ.1.1.10 OR BQ.1.1.11 OR BQ.1.1.12 OR BQ.1.1.13 OR BQ.1.1.14 OR BQ.1.1.15 OR BQ.1.1.16 OR BQ.1.1.17 OR BQ.1.1.18 OR BQ.1.1.19 OR BQ.1.1.20 OR BQ.1.1.21 OR BQ.1.1.22 OR BQ.1.1.23 OR BQ.1.1.24 OR BQ.1.1.25 OR BQ.1.1.26 OR BQ.1.1.27 OR BQ.1.1.28 OR BQ.1.1.29 OR BQ.1.1.30 OR BQ.1.1.31 OR BQ.1.1.32 OR BQ.1.1.34 OR BQ.1.1.35 OR BQ.1.1.36 OR BQ.1.2 OR BQ.1.3 OR BQ.1.4 OR BQ.1.5 OR BQ.1.6 OR BQ.1.7 OR BQ.1.8 OR BQ.1.8.1 OR BQ.1.8.2 OR BQ.1.9 OR BQ.1.10 OR BQ.1.10.1 OR BQ.1.11 OR BQ.1.12 OR BQ.1.13 OR BQ.1.13.1 OR BQ.1.14 OR BQ.1.15 OR BQ.1.16 OR BQ.1.17 OR BQ.1.18 OR BQ.1.19 OR BQ.1.20 OR BQ.1.21 OR BQ.1.22 OR BQ.1.23 OR BQ.1.24 OR BQ.1.25 OR BQ.1.25.1 OR BQ.1.26 OR BQ.1.26.1 OR BQ.1.27 OR BQ.1.28 OR BQ.2 OR BR.1 OR BR.1.1 OR BR.1.2 OR BR.2 OR BR.2.1 OR BR.3 OR BR.4 OR BS.1 OR BS.1.1 OR BS.1.2 OR BT.1 OR BT.2 OR BU.1 OR BU.2 OR BU.3 OR BV.1 OR BV.2 OR BW.1 OR BW.1.1 OR BY.1 OR BY.1.1 OR BY.1.1.1 OR BY.1.2 OR BY.1.2.1 OR BZ.1 OR CA.1 OR CA.2 OR CA.3 OR CA.3.1 OR CA.4 OR CA.5 OR CA.6 OR CA.7 OR CB.1 OR CC.1 OR CD.1 OR CD.2 OR CE.1 OR CF.1 OR CG.1 OR CH.1 OR CH.1.1 OR CH.1.1.1 OR CH.1.1.2 OR CH.1.1.3 OR CH.1.1.4 OR CH.1.1.5 OR CH.2 OR CH.3 OR CH.3.1 OR CJ.1 OR CJ.1.1 OR CK.1 OR CK.1.1 OR CK.1.2 OR CK.2 OR CK.2.1 OR CK.2.1.1 OR CK.3 OR CL.1 OR CM.1 OR CM.2 OR CM.2.1 OR CM.3 OR CM.4 OR CM.4.1 OR CM.5 OR CM.5.1 OR CM.5.2 OR CM.6 OR CM.6.1 OR CM.7 OR CM.8 OR CM.8.1 OR CM.9 OR CM.10 OR CM.11 OR CM.12 OR CN.1 OR CN.2 OR CP.1 OR CP.1.1 OR CP.1.2 OR CP.1.3 OR CP.2 OR CP.3 OR CP.4 OR CP.5 OR CP.6 OR CQ.1 OR CQ.1.1 OR CQ.2 OR CR.1 OR CR.1.1 OR CR.1.2 OR CR.1.3 OR CR.2 OR CS.1 OR CT.1 OR CU.1 OR CV.1 OR CV.2 OR CW.1 OR CY.1 OR CZ.1 OR DA.1 OR DB.1 OR DB.2 OR DC.1 OR DD.1 OR DE.1 OR DE.2 OR DF.1 OR DF.1.1 OR DG.1 OR DH.1 OR DJ.1 OR DJ.1.1 OR DJ.1.2 OR DJ.1.3 OR DK.1 OR DL.1 OR DM.1 OR DN.1 OR DN.1.1 OR DP.1 OR DQ.1 OR DR.1 OR DS.1 OR DT.1 OR DU.1 OR DV.1,Omicron,7.07142857142857,6.71428571428571,0.949494949494949
2022-05-17,10,10,7.42857142857143,7.28571428571429,0.980769230769231,0.70756382633769,0.999932313535756,B.1.1.529 OR BA.1 OR BA.1.1 OR BA.1.1.1 OR BA.1.1.2 OR BA.1.1.3 OR BA.1.1.4 OR BA.1.1.5 OR BA.1.1.6 OR BA.1.1.7 OR BA.1.1.8 OR BA.1.1.9 OR BA.1.1.10 OR BA.1.1.11 OR BA.1.1.12 OR BA.1.1.13 OR BA.1.1.14 OR BA.1.1.15 OR BA.1.1.16 OR BA.1.1.17 OR BA.1.1.18 OR BA.1.2 OR BA.1.3 OR BA.1.4 OR BA.1.5 OR BA.1.6 OR BA.1.7 OR BA.1.8 OR BA.1.9 OR BA.1.10 OR BA.1.12 OR BA.1.13 OR BA.1.13.1 OR BA.1.14 OR BA.1.14.1 OR BA.1.14.2 OR BA.1.15 OR BA.1.15.1 OR BA.1.15.2 OR BA.1.15.3 OR BA.1.16 OR BA.1.16.1 OR BA.1.16.2 OR BA.1.17 OR BA.1.17.1 OR BA.1.17.2 OR BA.1.18 OR BA.1.19 OR BA.1.20 OR BA.1.21 OR BA.1.21.1 OR BA.1.22 OR BA.1.23 OR BA.1.24 OR BA.2 OR BA.2.1 OR BA.2.2 OR BA.2.2.1 OR BA.2.3 OR BA.2.3.1 OR BA.2.3.2 OR BA.2.3.4 OR BA.2.3.5 OR BA.2.3.6 OR BA.2.3.7 OR BA.2.3.8 OR BA.2.3.9 OR BA.2.3.10 OR BA.2.3.11 OR BA.2.3.12 OR BA.2.3.13 OR BA.2.3.14 OR BA.2.3.15 OR BA.2.3.16 OR BA.2.3.17 OR BA.2.3.18 OR BA.2.3.19 OR BA.2.3.20 OR BA.2.3.21 OR BA.2.3.22 OR BA.2.4 OR BA.2.5 OR BA.2.6 OR BA.2.7 OR BA.2.8 OR BA.2.9 OR BA.2.9.1 OR BA.2.9.2 OR BA.2.9.3 OR BA.2.9.4 OR BA.2.9.5 OR BA.2.9.6 OR BA.2.9.7 OR BA.2.10 OR BA.2.10.1 OR BA.2.10.2 OR BA.2.10.3 OR BA.2.10.4 OR BA.2.11 OR BA.2.12 OR BA.2.12.1 OR BA.2.12.2 OR BA.2.13 OR BA.2.13.1 OR BA.2.14 OR BA.2.15 OR BA.2.16 OR BA.2.17 OR BA.2.18 OR BA.2.19 OR BA.2.20 OR BA.2.21 OR BA.2.22 OR BA.2.23 OR BA.2.23.1 OR BA.2.24 OR BA.2.25 OR BA.2.25.1 OR BA.2.26 OR BA.2.27 OR BA.2.28 OR BA.2.29 OR BA.2.30 OR BA.2.31 OR BA.2.31.1 OR BA.2.32 OR BA.2.33 OR BA.2.34 OR BA.2.35 OR BA.2.36 OR BA.2.37 OR BA.2.38 OR BA.2.38.1 OR BA.2.38.2 OR BA.2.38.3 OR BA.2.38.4 OR BA.2.39 OR BA.2.40 OR BA.2.40.1 OR BA.2.41 OR BA.2.42 OR BA.2.43 OR BA.2.44 OR BA.2.45 OR BA.2.46 OR BA.2.47 OR BA.2.48 OR BA.2.49 OR BA.2.50 OR BA.2.51 OR BA.2.52 OR BA.2.53 OR BA.2.54 OR BA.2.55 OR BA.2.56 OR BA.2.56.1 OR BA.2.57 OR BA.2.58 OR BA.2.59 OR BA.2.60 OR BA.2.61 OR BA.2.62 OR BA.2.63 OR BA.2.64 OR BA.2.65 OR BA.2.66 OR BA.2.67 OR BA.2.68 OR BA.2.69 OR BA.2.70 OR BA.2.71 OR BA.2.72 OR BA.2.73 OR BA.2.74 OR BA.2.75 OR BA.2.75.1 OR BA.2.75.2 OR BA.2.75.3 OR BA.2.75.4 OR BA.2.75.5 OR BA.2.75.6 OR BA.2.75.7 OR BA.2.75.8 OR BA.2.75.9 OR BA.2.75.10 OR BA.2.76 OR BA.2.76.1 OR BA.2.76.2 OR BA.2.77 OR BA.2.78 OR BA.2.79 OR BA.2.79.1 OR BA.2.80 OR BA.2.81 OR BA.2.82 OR BA.2.83 OR BA.2.85 OR BA.3 OR BA.3.1 OR BA.4 OR BA.4.1 OR BA.4.1.1 OR BA.4.1.2 OR BA.4.1.3 OR BA.4.1.4 OR BA.4.1.5 OR BA.4.1.6 OR BA.4.1.7 OR BA.4.1.8 OR BA.4.1.9 OR BA.4.1.10 OR BA.4.2 OR BA.4.3 OR BA.4.4 OR BA.4.5 OR BA.4.6 OR BA.4.6.1 OR BA.4.6.2 OR BA.4.6.3 OR BA.4.6.4 OR BA.4.6.5 OR BA.4.7 OR BA.4.8 OR BA.5 OR BA.5.1 OR BA.5.1.1 OR BA.5.1.2 OR BA.5.1.3 OR BA.5.1.4 OR BA.5.1.5 OR BA.5.1.6 OR BA.5.1.7 OR BA.5.1.8 OR BA.5.1.9 OR BA.5.1.10 OR BA.5.1.11 OR BA.5.1.12 OR BA.5.1.14 OR BA.5.1.15 OR BA.5.1.16 OR BA.5.1.17 OR BA.5.1.18 OR BA.5.1.19 OR BA.5.1.20 OR BA.5.1.21 OR BA.5.1.22 OR BA.5.1.23 OR BA.5.1.24 OR BA.5.1.25 OR BA.5.1.26 OR BA.5.1.27 OR BA.5.1.28 OR BA.5.1.29 OR BA.5.1.30 OR BA.5.1.31 OR BA.5.1.32 OR BA.5.2 OR BA.5.2.1 OR BA.5.2.2 OR BA.5.2.3 OR BA.5.2.4 OR BA.5.2.5 OR BA.5.2.6 OR BA.5.2.7 OR BA.5.2.8 OR BA.5.2.9 OR BA.5.2.10 OR BA.5.2.11 OR BA.5.2.12 OR BA.5.2.13 OR BA.5.2.14 OR BA.5.2.16 OR BA.5.2.18 OR BA.5.2.19 OR BA.5.2.20 OR BA.5.2.21 OR BA.5.2.22 OR BA.5.2.23 OR BA.5.2.24 OR BA.5.2.25 OR BA.5.2.26 OR BA.5.2.27 OR BA.5.2.28 OR BA.5.2.29 OR BA.5.2.30 OR BA.5.2.31 OR BA.5.2.32 OR BA.5.2.33 OR BA.5.2.34 OR BA.5.2.35 OR BA.5.2.36 OR BA.5.2.37 OR BA.5.2.38 OR BA.5.2.39 OR BA.5.2.40 OR BA.5.2.41 OR BA.5.2.42 OR BA.5.2.43 OR BA.5.2.44 OR BA.5.2.45 OR BA.5.2.46 OR BA.5.2.47 OR BA.5.2.48 OR BA.5.2.49 OR BA.5.3 OR BA.5.3.1 OR BA.5.3.2 OR BA.5.3.3 OR BA.5.3.4 OR BA.5.3.5 OR BA.5.5 OR BA.5.5.1 OR BA.5.5.2 OR BA.5.5.3 OR BA.5.6 OR BA.5.6.1 OR BA.5.6.2 OR BA.5.6.3 OR BA.5.6.4 OR BA.5.7 OR BA.5.8 OR BA.5.9 OR BA.5.10 OR BA.5.10.1 OR BA.5.11 OR BC.1 OR BC.2 OR BD.1 OR BE.1 OR BE.1.1 OR BE.1.1.1 OR BE.1.1.2 OR BE.1.2 OR BE.1.2.1 OR BE.1.3 OR BE.1.4 OR BE.1.4.1 OR BE.1.4.2 OR BE.1.4.3 OR BE.1.4.4 OR BE.2 OR BE.3 OR BE.4 OR BE.4.1 OR BE.4.1.1 OR BE.4.2 OR BE.5 OR BE.6 OR BE.7 OR BE.8 OR BE.9 OR BE.10 OR BF.1 OR BF.1.1 OR BF.2 OR BF.3 OR BF.3.1 OR BF.4 OR BF.5 OR BF.5.1 OR BF.5.2 OR BF.6 OR BF.7 OR BF.7.1 OR BF.7.2 OR BF.7.3 OR BF.7.4 OR BF.7.4.1 OR BF.7.4.2 OR BF.7.5 OR BF.7.5.1 OR BF.7.6 OR BF.7.7 OR BF.7.8 OR BF.7.9 OR BF.7.10 OR BF.7.11 OR BF.7.12 OR BF.7.13 OR BF.7.13.1 OR BF.7.13.2 OR BF.7.14 OR BF.7.15 OR BF.8 OR BF.9 OR BF.10 OR BF.10.1 OR BF.11 OR BF.11.1 OR BF.11.2 OR BF.11.3 OR BF.11.4 OR BF.11.5 OR BF.12 OR BF.13 OR BF.14 OR BF.15 OR BF.16 OR BF.17 OR BF.18 OR BF.19 OR BF.20 OR BF.21 OR BF.22 OR BF.23 OR BF.24 OR BF.25 OR BF.26 OR BF.27 OR BF.28 OR BF.29 OR BF.30 OR BF.31 OR BF.31.1 OR BF.32 OR BF.33 OR BF.34 OR BG.1 OR BG.2 OR BG.3 OR BG.4 OR BG.5 OR BG.6 OR BG.7 OR BH.1 OR BJ.1 OR BK.1 OR BL.1 OR BL.1.1 OR BL.1.2 OR BL.1.3 OR BL.1.4 OR BL.2 OR BL.2.1 OR BL.3 OR BL.4 OR BL.5 OR BL.6 OR BM.1 OR BM.1.1 OR BM.1.1.1 OR BM.1.1.2 OR BM.1.1.3 OR BM.1.1.4 OR BM.1.1.5 OR BM.2 OR BM.2.1 OR BM.2.2 OR BM.2.3 OR BM.3 OR BM.4 OR BM.4.1 OR BM.4.1.1 OR BM.5 OR BM.6 OR BN.1 OR BN.1.1 OR BN.1.1.1 OR BN.1.2 OR BN.1.2.1 OR BN.1.3 OR BN.1.3.1 OR BN.1.3.2 OR BN.1.3.3 OR BN.1.3.4 OR BN.1.4 OR BN.1.4.1 OR BN.1.5 OR BN.1.5.1 OR BN.1.6 OR BN.1.7 OR BN.1.8 OR BN.1.9 OR BN.2 OR BN.2.1 OR BN.3 OR BN.3.1 OR BN.4 OR BN.5 OR BN.6 OR BP.1 OR BQ.1 OR BQ.1.1 OR BQ.1.1.1 OR BQ.1.1.2 OR BQ.1.1.3 OR BQ.1.1.4 OR BQ.1.1.5 OR BQ.1.1.6 OR BQ.1.1.7 OR BQ.1.1.8 OR BQ.1.1.9 OR BQ.1.1.10 OR BQ.1.1.11 OR BQ.1.1.12 OR BQ.1.1.13 OR BQ.1.1.14 OR BQ.1.1.15 OR BQ.1.1.16 OR BQ.1.1.17 OR BQ.1.1.18 OR BQ.1.1.19 OR BQ.1.1.20 OR BQ.1.1.21 OR BQ.1.1.22 OR BQ.1.1.23 OR BQ.1.1.24 OR BQ.1.1.25 OR BQ.1.1.26 OR BQ.1.1.27 OR BQ.1.1.28 OR BQ.1.1.29 OR BQ.1.1.30 OR BQ.1.1.31 OR BQ.1.1.32 OR BQ.1.1.34 OR BQ.1.1.35 OR BQ.1.1.36 OR BQ.1.2 OR BQ.1.3 OR BQ.1.4 OR BQ.1.5 OR BQ.1.6 OR BQ.1.7 OR BQ.1.8 OR BQ.1.8.1 OR BQ.1.8.2 OR BQ.1.9 OR BQ.1.10 OR BQ.1.10.1 OR BQ.1.11 OR BQ.1.12 OR BQ.1.13 OR BQ.1.13.1 OR BQ.1.14 OR BQ.1.15 OR BQ.1.16 OR BQ.1.17 OR BQ.1.18 OR BQ.1.19 OR BQ.1.20 OR BQ.1.21 OR BQ.1.22 OR BQ.1.23 OR BQ.1.24 OR BQ.1.25 OR BQ.1.25.1 OR BQ.1.26 OR BQ.1.26.1 OR BQ.1.27 OR BQ.1.28 OR BQ.2 OR BR.1 OR BR.1.1 OR BR.1.2 OR BR.2 OR BR.2.1 OR BR.3 OR BR.4 OR BS.1 OR BS.1.1 OR BS.1.2 OR BT.1 OR BT.2 OR BU.1 OR BU.2 OR BU.3 OR BV.1 OR BV.2 OR BW.1 OR BW.1.1 OR BY.1 OR BY.1.1 OR BY.1.1.1 OR BY.1.2 OR BY.1.2.1 OR BZ.1 OR CA.1 OR CA.2 OR CA.3 OR CA.3.1 OR CA.4 OR CA.5 OR CA.6 OR CA.7 OR CB.1 OR CC.1 OR CD.1 OR CD.2 OR CE.1 OR CF.1 OR CG.1 OR CH.1 OR CH.1.1 OR CH.1.1.1 OR CH.1.1.2 OR CH.1.1.3 OR CH.1.1.4 OR CH.1.1.5 OR CH.2 OR CH.3 OR CH.3.1 OR CJ.1 OR CJ.1.1 OR CK.1 OR CK.1.1 OR CK.1.2 OR CK.2 OR CK.2.1 OR CK.2.1.1 OR CK.3 OR CL.1 OR CM.1 OR CM.2 OR CM.2.1 OR CM.3 OR CM.4 OR CM.4.1 OR CM.5 OR CM.5.1 OR CM.5.2 OR CM.6 OR CM.6.1 OR CM.7 OR CM.8 OR CM.8.1 OR CM.9 OR CM.10 OR CM.11 OR CM.12 OR CN.1 OR CN.2 OR CP.1 OR CP.1.1 OR CP.1.2 OR CP.1.3 OR CP.2 OR CP.3 OR CP.4 OR CP.5 OR CP.6 OR CQ.1 OR CQ.1.1 OR CQ.2 OR CR.1 OR CR.1.1 OR CR.1.2 OR CR.1.3 OR CR.2 OR CS.1 OR CT.1 OR CU.1 OR CV.1 OR CV.2 OR CW.1 OR CY.1 OR CZ.1 OR DA.1 OR DB.1 OR DB.2 OR DC.1 OR DD.1 OR DE.1 OR DE.2 OR DF.1 OR DF.1.1 OR DG.1 OR DH.1 OR DJ.1 OR DJ.1.1 OR DJ.1.2 OR DJ.1.3 OR DK.1 OR DL.1 OR DM.1 OR DN.1 OR DN.1.1 OR DP.1 OR DQ.1 OR DR.1 OR DS.1 OR DT.1 OR DU.1 OR DV.1,Omicron,7.71428571428571,7.35714285714286,0.953703703703704
2022-05-18,5,5,6.85714285714286,6.85714285714286,1,0.70756382633769,0.999932313535756,B.1.1.529 OR BA.1 OR BA.1.1 OR BA.1.1.1 OR BA.1.1.2 OR BA.1.1.3 OR BA.1.1.4 OR BA.1.1.5 OR BA.1.1.6 OR BA.1.1.7 OR BA.1.1.8 OR BA.1.1.9 OR BA.1.1.10 OR BA.1.1.11 OR BA.1.1.12 OR BA.1.1.13 OR BA.1.1.14 OR BA.1.1.15 OR BA.1.1.16 OR BA.1.1.17 OR BA.1.1.18 OR BA.1.2 OR BA.1.3 OR BA.1.4 OR BA.1.5 OR BA.1.6 OR BA.1.7 OR BA.1.8 OR BA.1.9 OR BA.1.10 OR BA.1.12 OR BA.1.13 OR BA.1.13.1 OR BA.1.14 OR BA.1.14.1 OR BA.1.14.2 OR BA.1.15 OR BA.1.15.1 OR BA.1.15.2 OR BA.1.15.3 OR BA.1.16 OR BA.1.16.1 OR BA.1.16.2 OR BA.1.17 OR BA.1.17.1 OR BA.1.17.2 OR BA.1.18 OR BA.1.19 OR BA.1.20 OR BA.1.21 OR BA.1.21.1 OR BA.1.22 OR BA.1.23 OR BA.1.24 OR BA.2 OR BA.2.1 OR BA.2.2 OR BA.2.2.1 OR BA.2.3 OR BA.2.3.1 OR BA.2.3.2 OR BA.2.3.4 OR BA.2.3.5 OR BA.2.3.6 OR BA.2.3.7 OR BA.2.3.8 OR BA.2.3.9 OR BA.2.3.10 OR BA.2.3.11 OR BA.2.3.12 OR BA.2.3.13 OR BA.2.3.14 OR BA.2.3.15 OR BA.2.3.16 OR BA.2.3.17 OR BA.2.3.18 OR BA.2.3.19 OR BA.2.3.20 OR BA.2.3.21 OR BA.2.3.22 OR BA.2.4 OR BA.2.5 OR BA.2.6 OR BA.2.7 OR BA.2.8 OR BA.2.9 OR BA.2.9.1 OR BA.2.9.2 OR BA.2.9.3 OR BA.2.9.4 OR BA.2.9.5 OR BA.2.9.6 OR BA.2.9.7 OR BA.2.10 OR BA.2.10.1 OR BA.2.10.2 OR BA.2.10.3 OR BA.2.10.4 OR BA.2.11 OR BA.2.12 OR BA.2.12.1 OR BA.2.12.2 OR BA.2.13 OR BA.2.13.1 OR BA.2.14 OR BA.2.15 OR BA.2.16 OR BA.2.17 OR BA.2.18 OR BA.2.19 OR BA.2.20 OR BA.2.21 OR BA.2.22 OR BA.2.23 OR BA.2.23.1 OR BA.2.24 OR BA.2.25 OR BA.2.25.1 OR BA.2.26 OR BA.2.27 OR BA.2.28 OR BA.2.29 OR BA.2.30 OR BA.2.31 OR BA.2.31.1 OR BA.2.32 OR BA.2.33 OR BA.2.34 OR BA.2.35 OR BA.2.36 OR BA.2.37 OR BA.2.38 OR BA.2.38.1 OR BA.2.38.2 OR BA.2.38.3 OR BA.2.38.4 OR BA.2.39 OR BA.2.40 OR BA.2.40.1 OR BA.2.41 OR BA.2.42 OR BA.2.43 OR BA.2.44 OR BA.2.45 OR BA.2.46 OR BA.2.47 OR BA.2.48 OR BA.2.49 OR BA.2.50 OR BA.2.51 OR BA.2.52 OR BA.2.53 OR BA.2.54 OR BA.2.55 OR BA.2.56 OR BA.2.56.1 OR BA.2.57 OR BA.2.58 OR BA.2.59 OR BA.2.60 OR BA.2.61 OR BA.2.62 OR BA.2.63 OR BA.2.64 OR BA.2.65 OR BA.2.66 OR BA.2.67 OR BA.2.68 OR BA.2.69 OR BA.2.70 OR BA.2.71 OR BA.2.72 OR BA.2.73 OR BA.2.74 OR BA.2.75 OR BA.2.75.1 OR BA.2.75.2 OR BA.2.75.3 OR BA.2.75.4 OR BA.2.75.5 OR BA.2.75.6 OR BA.2.75.7 OR BA.2.75.8 OR BA.2.75.9 OR BA.2.75.10 OR BA.2.76 OR BA.2.76.1 OR BA.2.76.2 OR BA.2.77 OR BA.2.78 OR BA.2.79 OR BA.2.79.1 OR BA.2.80 OR BA.2.81 OR BA.2.82 OR BA.2.83 OR BA.2.85 OR BA.3 OR BA.3.1 OR BA.4 OR BA.4.1 OR BA.4.1.1 OR BA.4.1.2 OR BA.4.1.3 OR BA.4.1.4 OR BA.4.1.5 OR BA.4.1.6 OR BA.4.1.7 OR BA.4.1.8 OR BA.4.1.9 OR BA.4.1.10 OR BA.4.2 OR BA.4.3 OR BA.4.4 OR BA.4.5 OR BA.4.6 OR BA.4.6.1 OR BA.4.6.2 OR BA.4.6.3 OR BA.4.6.4 OR BA.4.6.5 OR BA.4.7 OR BA.4.8 OR BA.5 OR BA.5.1 OR BA.5.1.1 OR BA.5.1.2 OR BA.5.1.3 OR BA.5.1.4 OR BA.5.1.5 OR BA.5.1.6 OR BA.5.1.7 OR BA.5.1.8 OR BA.5.1.9 OR BA.5.1.10 OR BA.5.1.11 OR BA.5.1.12 OR BA.5.1.14 OR BA.5.1.15 OR BA.5.1.16 OR BA.5.1.17 OR BA.5.1.18 OR BA.5.1.19 OR BA.5.1.20 OR BA.5.1.21 OR BA.5.1.22 OR BA.5.1.23 OR BA.5.1.24 OR BA.5.1.25 OR BA.5.1.26 OR BA.5.1.27 OR BA.5.1.28 OR BA.5.1.29 OR BA.5.1.30 OR BA.5.1.31 OR BA.5.1.32 OR BA.5.2 OR BA.5.2.1 OR BA.5.2.2 OR BA.5.2.3 OR BA.5.2.4 OR BA.5.2.5 OR BA.5.2.6 OR BA.5.2.7 OR BA.5.2.8 OR BA.5.2.9 OR BA.5.2.10 OR BA.5.2.11 OR BA.5.2.12 OR BA.5.2.13 OR BA.5.2.14 OR BA.5.2.16 OR BA.5.2.18 OR BA.5.2.19 OR BA.5.2.20 OR BA.5.2.21 OR BA.5.2.22 OR BA.5.2.23 OR BA.5.2.24 OR BA.5.2.25 OR BA.5.2.26 OR BA.5.2.27 OR BA.5.2.28 OR BA.5.2.29 OR BA.5.2.30 OR BA.5.2.31 OR BA.5.2.32 OR BA.5.2.33 OR BA.5.2.34 OR BA.5.2.35 OR BA.5.2.36 OR BA.5.2.37 OR BA.5.2.38 OR BA.5.2.39 OR BA.5.2.40 OR BA.5.2.41 OR BA.5.2.42 OR BA.5.2.43 OR BA.5.2.44 OR BA.5.2.45 OR BA.5.2.46 OR BA.5.2.47 OR BA.5.2.48 OR BA.5.2.49 OR BA.5.3 OR BA.5.3.1 OR BA.5.3.2 OR BA.5.3.3 OR BA.5.3.4 OR BA.5.3.5 OR BA.5.5 OR BA.5.5.1 OR BA.5.5.2 OR BA.5.5.3 OR BA.5.6 OR BA.5.6.1 OR BA.5.6.2 OR BA.5.6.3 OR BA.5.6.4 OR BA.5.7 OR BA.5.8 OR BA.5.9 OR BA.5.10 OR BA.5.10.1 OR BA.5.11 OR BC.1 OR BC.2 OR BD.1 OR BE.1 OR BE.1.1 OR BE.1.1.1 OR BE.1.1.2 OR BE.1.2 OR BE.1.2.1 OR BE.1.3 OR BE.1.4 OR BE.1.4.1 OR BE.1.4.2 OR BE.1.4.3 OR BE.1.4.4 OR BE.2 OR BE.3 OR BE.4 OR BE.4.1 OR BE.4.1.1 OR BE.4.2 OR BE.5 OR BE.6 OR BE.7 OR BE.8 OR BE.9 OR BE.10 OR BF.1 OR BF.1.1 OR BF.2 OR BF.3 OR BF.3.1 OR BF.4 OR BF.5 OR BF.5.1 OR BF.5.2 OR BF.6 OR BF.7 OR BF.7.1 OR BF.7.2 OR BF.7.3 OR BF.7.4 OR BF.7.4.1 OR BF.7.4.2 OR BF.7.5 OR BF.7.5.1 OR BF.7.6 OR BF.7.7 OR BF.7.8 OR BF.7.9 OR BF.7.10 OR BF.7.11 OR BF.7.12 OR BF.7.13 OR BF.7.13.1 OR BF.7.13.2 OR BF.7.14 OR BF.7.15 OR BF.8 OR BF.9 OR BF.10 OR BF.10.1 OR BF.11 OR BF.11.1 OR BF.11.2 OR BF.11.3 OR BF.11.4 OR BF.11.5 OR BF.12 OR BF.13 OR BF.14 OR BF.15 OR BF.16 OR BF.17 OR BF.18 OR BF.19 OR BF.20 OR BF.21 OR BF.22 OR BF.23 OR BF.24 OR BF.25 OR BF.26 OR BF.27 OR BF.28 OR BF.29 OR BF.30 OR BF.31 OR BF.31.1 OR BF.32 OR BF.33 OR BF.34 OR BG.1 OR BG.2 OR BG.3 OR BG.4 OR BG.5 OR BG.6 OR BG.7 OR BH.1 OR BJ.1 OR BK.1 OR BL.1 OR BL.1.1 OR BL.1.2 OR BL.1.3 OR BL.1.4 OR BL.2 OR BL.2.1 OR BL.3 OR BL.4 OR BL.5 OR BL.6 OR BM.1 OR BM.1.1 OR BM.1.1.1 OR BM.1.1.2 OR BM.1.1.3 OR BM.1.1.4 OR BM.1.1.5 OR BM.2 OR BM.2.1 OR BM.2.2 OR BM.2.3 OR BM.3 OR BM.4 OR BM.4.1 OR BM.4.1.1 OR BM.5 OR BM.6 OR BN.1 OR BN.1.1 OR BN.1.1.1 OR BN.1.2 OR BN.1.2.1 OR BN.1.3 OR BN.1.3.1 OR BN.1.3.2 OR BN.1.3.3 OR BN.1.3.4 OR BN.1.4 OR BN.1.4.1 OR BN.1.5 OR BN.1.5.1 OR BN.1.6 OR BN.1.7 OR BN.1.8 OR BN.1.9 OR BN.2 OR BN.2.1 OR BN.3 OR BN.3.1 OR BN.4 OR BN.5 OR BN.6 OR BP.1 OR BQ.1 OR BQ.1.1 OR BQ.1.1.1 OR BQ.1.1.2 OR BQ.1.1.3 OR BQ.1.1.4 OR BQ.1.1.5 OR BQ.1.1.6 OR BQ.1.1.7 OR BQ.1.1.8 OR BQ.1.1.9 OR BQ.1.1.10 OR BQ.1.1.11 OR BQ.1.1.12 OR BQ.1.1.13 OR BQ.1.1.14 OR BQ.1.1.15 OR BQ.1.1.16 OR BQ.1.1.17 OR BQ.1.1.18 OR BQ.1.1.19 OR BQ.1.1.20 OR BQ.1.1.21 OR BQ.1.1.22 OR BQ.1.1.23 OR BQ.1.1.24 OR BQ.1.1.25 OR BQ.1.1.26 OR BQ.1.1.27 OR BQ.1.1.28 OR BQ.1.1.29 OR BQ.1.1.30 OR BQ.1.1.31 OR BQ.1.1.32 OR BQ.1.1.34 OR BQ.1.1.35 OR BQ.1.1.36 OR BQ.1.2 OR BQ.1.3 OR BQ.1.4 OR BQ.1.5 OR BQ.1.6 OR BQ.1.7 OR BQ.1.8 OR BQ.1.8.1 OR BQ.1.8.2 OR BQ.1.9 OR BQ.1.10 OR BQ.1.10.1 OR BQ.1.11 OR BQ.1.12 OR BQ.1.13 OR BQ.1.13.1 OR BQ.1.14 OR BQ.1.15 OR BQ.1.16 OR BQ.1.17 OR BQ.1.18 OR BQ.1.19 OR BQ.1.20 OR BQ.1.21 OR BQ.1.22 OR BQ.1.23 OR BQ.1.24 OR BQ.1.25 OR BQ.1.25.1 OR BQ.1.26 OR BQ.1.26.1 OR BQ.1.27 OR BQ.1.28 OR BQ.2 OR BR.1 OR BR.1.1 OR BR.1.2 OR BR.2 OR BR.2.1 OR BR.3 OR BR.4 OR BS.1 OR BS.1.1 OR BS.1.2 OR BT.1 OR BT.2 OR BU.1 OR BU.2 OR BU.3 OR BV.1 OR BV.2 OR BW.1 OR BW.1.1 OR BY.1 OR BY.1.1 OR BY.1.1.1 OR BY.1.2 OR BY.1.2.1 OR BZ.1 OR CA.1 OR CA.2 OR CA.3 OR CA.3.1 OR CA.4 OR CA.5 OR CA.6 OR CA.7 OR CB.1 OR CC.1 OR CD.1 OR CD.2 OR CE.1 OR CF.1 OR CG.1 OR CH.1 OR CH.1.1 OR CH.1.1.1 OR CH.1.1.2 OR CH.1.1.3 OR CH.1.1.4 OR CH.1.1.5 OR CH.2 OR CH.3 OR CH.3.1 OR CJ.1 OR CJ.1.1 OR CK.1 OR CK.1.1 OR CK.1.2 OR CK.2 OR CK.2.1 OR CK.2.1.1 OR CK.3 OR CL.1 OR CM.1 OR CM.2 OR CM.2.1 OR CM.3 OR CM.4 OR CM.4.1 OR CM.5 OR CM.5.1 OR CM.5.2 OR CM.6 OR CM.6.1 OR CM.7 OR CM.8 OR CM.8.1 OR CM.9 OR CM.10 OR CM.11 OR CM.12 OR CN.1 OR CN.2 OR CP.1 OR CP.1.1 OR CP.1.2 OR CP.1.3 OR CP.2 OR CP.3 OR CP.4 OR CP.5 OR CP.6 OR CQ.1 OR CQ.1.1 OR CQ.2 OR CR.1 OR CR.1.1 OR CR.1.2 OR CR.1.3 OR CR.2 OR CS.1 OR CT.1 OR CU.1 OR CV.1 OR CV.2 OR CW.1 OR CY.1 OR CZ.1 OR DA.1 OR DB.1 OR DB.2 OR DC.1 OR DD.1 OR DE.1 OR DE.2 OR DF.1 OR DF.1.1 OR DG.1 OR DH.1 OR DJ.1 OR DJ.1.1 OR DJ.1.2 OR DJ.1.3 OR DK.1 OR DL.1 OR DM.1 OR DN.1 OR DN.1.1 OR DP.1 OR DQ.1 OR DR.1 OR DS.1 OR DT.1 OR DU.1 OR DV.1,Omicron,8,7.71428571428571,0.964285714285714
2022-05-19,8,8,7.85714285714286,7.85714285714286,1,0.737782751282814,0.999940509697106,B.1.1.529 OR BA.1 OR BA.1.1 OR BA.1.1.1 OR BA.1.1.2 OR BA.1.1.3 OR BA.1.1.4 OR BA.1.1.5 OR BA.1.1.6 OR BA.1.1.7 OR BA.1.1.8 OR BA.1.1.9 OR BA.1.1.10 OR BA.1.1.11 OR BA.1.1.12 OR BA.1.1.13 OR BA.1.1.14 OR BA.1.1.15 OR BA.1.1.16 OR BA.1.1.17 OR BA.1.1.18 OR BA.1.2 OR BA.1.3 OR BA.1.4 OR BA.1.5 OR BA.1.6 OR BA.1.7 OR BA.1.8 OR BA.1.9 OR BA.1.10 OR BA.1.12 OR BA.1.13 OR BA.1.13.1 OR BA.1.14 OR BA.1.14.1 OR BA.1.14.2 OR BA.1.15 OR BA.1.15.1 OR BA.1.15.2 OR BA.1.15.3 OR BA.1.16 OR BA.1.16.1 OR BA.1.16.2 OR BA.1.17 OR BA.1.17.1 OR BA.1.17.2 OR BA.1.18 OR BA.1.19 OR BA.1.20 OR BA.1.21 OR BA.1.21.1 OR BA.1.22 OR BA.1.23 OR BA.1.24 OR BA.2 OR BA.2.1 OR BA.2.2 OR BA.2.2.1 OR BA.2.3 OR BA.2.3.1 OR BA.2.3.2 OR BA.2.3.4 OR BA.2.3.5 OR BA.2.3.6 OR BA.2.3.7 OR BA.2.3.8 OR BA.2.3.9 OR BA.2.3.10 OR BA.2.3.11 OR BA.2.3.12 OR BA.2.3.13 OR BA.2.3.14 OR BA.2.3.15 OR BA.2.3.16 OR BA.2.3.17 OR BA.2.3.18 OR BA.2.3.19 OR BA.2.3.20 OR BA.2.3.21 OR BA.2.3.22 OR BA.2.4 OR BA.2.5 OR BA.2.6 OR BA.2.7 OR BA.2.8 OR BA.2.9 OR BA.2.9.1 OR BA.2.9.2 OR BA.2.9.3 OR BA.2.9.4 OR BA.2.9.5 OR BA.2.9.6 OR BA.2.9.7 OR BA.2.10 OR BA.2.10.1 OR BA.2.10.2 OR BA.2.10.3 OR BA.2.10.4 OR BA.2.11 OR BA.2.12 OR BA.2.12.1 OR BA.2.12.2 OR BA.2.13 OR BA.2.13.1 OR BA.2.14 OR BA.2.15 OR BA.2.16 OR BA.2.17 OR BA.2.18 OR BA.2.19 OR BA.2.20 OR BA.2.21 OR BA.2.22 OR BA.2.23 OR BA.2.23.1 OR BA.2.24 OR BA.2.25 OR BA.2.25.1 OR BA.2.26 OR BA.2.27 OR BA.2.28 OR BA.2.29 OR BA.2.30 OR BA.2.31 OR BA.2.31.1 OR BA.2.32 OR BA.2.33 OR BA.2.34 OR BA.2.35 OR BA.2.36 OR BA.2.37 OR BA.2.38 OR BA.2.38.1 OR BA.2.38.2 OR BA.2.38.3 OR BA.2.38.4 OR BA.2.39 OR BA.2.40 OR BA.2.40.1 OR BA.2.41 OR BA.2.42 OR BA.2.43 OR BA.2.44 OR BA.2.45 OR BA.2.46 OR BA.2.47 OR BA.2.48 OR BA.2.49 OR BA.2.50 OR BA.2.51 OR BA.2.52 OR BA.2.53 OR BA.2.54 OR BA.2.55 OR BA.2.56 OR BA.2.56.1 OR BA.2.57 OR BA.2.58 OR BA.2.59 OR BA.2.60 OR BA.2.61 OR BA.2.62 OR BA.2.63 OR BA.2.64 OR BA.2.65 OR BA.2.66 OR BA.2.67 OR BA.2.68 OR BA.2.69 OR BA.2.70 OR BA.2.71 OR BA.2.72 OR BA.2.73 OR BA.2.74 OR BA.2.75 OR BA.2.75.1 OR BA.2.75.2 OR BA.2.75.3 OR BA.2.75.4 OR BA.2.75.5 OR BA.2.75.6 OR BA.2.75.7 OR BA.2.75.8 OR BA.2.75.9 OR BA.2.75.10 OR BA.2.76 OR BA.2.76.1 OR BA.2.76.2 OR BA.2.77 OR BA.2.78 OR BA.2.79 OR BA.2.79.1 OR BA.2.80 OR BA.2.81 OR BA.2.82 OR BA.2.83 OR BA.2.85 OR BA.3 OR BA.3.1 OR BA.4 OR BA.4.1 OR BA.4.1.1 OR BA.4.1.2 OR BA.4.1.3 OR BA.4.1.4 OR BA.4.1.5 OR BA.4.1.6 OR BA.4.1.7 OR BA.4.1.8 OR BA.4.1.9 OR BA.4.1.10 OR BA.4.2 OR BA.4.3 OR BA.4.4 OR BA.4.5 OR BA.4.6 OR BA.4.6.1 OR BA.4.6.2 OR BA.4.6.3 OR BA.4.6.4 OR BA.4.6.5 OR BA.4.7 OR BA.4.8 OR BA.5 OR BA.5.1 OR BA.5.1.1 OR BA.5.1.2 OR BA.5.1.3 OR BA.5.1.4 OR BA.5.1.5 OR BA.5.1.6 OR BA.5.1.7 OR BA.5.1.8 OR BA.5.1.9 OR BA.5.1.10 OR BA.5.1.11 OR BA.5.1.12 OR BA.5.1.14 OR BA.5.1.15 OR BA.5.1.16 OR BA.5.1.17 OR BA.5.1.18 OR BA.5.1.19 OR BA.5.1.20 OR BA.5.1.21 OR BA.5.1.22 OR BA.5.1.23 OR BA.5.1.24 OR BA.5.1.25 OR BA.5.1.26 OR BA.5.1.27 OR BA.5.1.28 OR BA.5.1.29 OR BA.5.1.30 OR BA.5.1.31 OR BA.5.1.32 OR BA.5.2 OR BA.5.2.1 OR BA.5.2.2 OR BA.5.2.3 OR BA.5.2.4 OR BA.5.2.5 OR BA.5.2.6 OR BA.5.2.7 OR BA.5.2.8 OR BA.5.2.9 OR BA.5.2.10 OR BA.5.2.11 OR BA.5.2.12 OR BA.5.2.13 OR BA.5.2.14 OR BA.5.2.16 OR BA.5.2.18 OR BA.5.2.19 OR BA.5.2.20 OR BA.5.2.21 OR BA.5.2.22 OR BA.5.2.23 OR BA.5.2.24 OR BA.5.2.25 OR BA.5.2.26 OR BA.5.2.27 OR BA.5.2.28 OR BA.5.2.29 OR BA.5.2.30 OR BA.5.2.31 OR BA.5.2.32 OR BA.5.2.33 OR BA.5.2.34 OR BA.5.2.35 OR BA.5.2.36 OR BA.5.2.37 OR BA.5.2.38 OR BA.5.2.39 OR BA.5.2.40 OR BA.5.2.41 OR BA.5.2.42 OR BA.5.2.43 OR BA.5.2.44 OR BA.5.2.45 OR BA.5.2.46 OR BA.5.2.47 OR BA.5.2.48 OR BA.5.2.49 OR BA.5.3 OR BA.5.3.1 OR BA.5.3.2 OR BA.5.3.3 OR BA.5.3.4 OR BA.5.3.5 OR BA.5.5 OR BA.5.5.1 OR BA.5.5.2 OR BA.5.5.3 OR BA.5.6 OR BA.5.6.1 OR BA.5.6.2 OR BA.5.6.3 OR BA.5.6.4 OR BA.5.7 OR BA.5.8 OR BA.5.9 OR BA.5.10 OR BA.5.10.1 OR BA.5.11 OR BC.1 OR BC.2 OR BD.1 OR BE.1 OR BE.1.1 OR BE.1.1.1 OR BE.1.1.2 OR BE.1.2 OR BE.1.2.1 OR BE.1.3 OR BE.1.4 OR BE.1.4.1 OR BE.1.4.2 OR BE.1.4.3 OR BE.1.4.4 OR BE.2 OR BE.3 OR BE.4 OR BE.4.1 OR BE.4.1.1 OR BE.4.2 OR BE.5 OR BE.6 OR BE.7 OR BE.8 OR BE.9 OR BE.10 OR BF.1 OR BF.1.1 OR BF.2 OR BF.3 OR BF.3.1 OR BF.4 OR BF.5 OR BF.5.1 OR BF.5.2 OR BF.6 OR BF.7 OR BF.7.1 OR BF.7.2 OR BF.7.3 OR BF.7.4 OR BF.7.4.1 OR BF.7.4.2 OR BF.7.5 OR BF.7.5.1 OR BF.7.6 OR BF.7.7 OR BF.7.8 OR BF.7.9 OR BF.7.10 OR BF.7.11 OR BF.7.12 OR BF.7.13 OR BF.7.13.1 OR BF.7.13.2 OR BF.7.14 OR BF.7.15 OR BF.8 OR BF.9 OR BF.10 OR BF.10.1 OR BF.11 OR BF.11.1 OR BF.11.2 OR BF.11.3 OR BF.11.4 OR BF.11.5 OR BF.12 OR BF.13 OR BF.14 OR BF.15 OR BF.16 OR BF.17 OR BF.18 OR BF.19 OR BF.20 OR BF.21 OR BF.22 OR BF.23 OR BF.24 OR BF.25 OR BF.26 OR BF.27 OR BF.28 OR BF.29 OR BF.30 OR BF.31 OR BF.31.1 OR BF.32 OR BF.33 OR BF.34 OR BG.1 OR BG.2 OR BG.3 OR BG.4 OR BG.5 OR BG.6 OR BG.7 OR BH.1 OR BJ.1 OR BK.1 OR BL.1 OR BL.1.1 OR BL.1.2 OR BL.1.3 OR BL.1.4 OR BL.2 OR BL.2.1 OR BL.3 OR BL.4 OR BL.5 OR BL.6 OR BM.1 OR BM.1.1 OR BM.1.1.1 OR BM.1.1.2 OR BM.1.1.3 OR BM.1.1.4 OR BM.1.1.5 OR BM.2 OR BM.2.1 OR BM.2.2 OR BM.2.3 OR BM.3 OR BM.4 OR BM.4.1 OR BM.4.1.1 OR BM.5 OR BM.6 OR BN.1 OR BN.1.1 OR BN.1.1.1 OR BN.1.2 OR BN.1.2.1 OR BN.1.3 OR BN.1.3.1 OR BN.1.3.2 OR BN.1.3.3 OR BN.1.3.4 OR BN.1.4 OR BN.1.4.1 OR BN.1.5 OR BN.1.5.1 OR BN.1.6 OR BN.1.7 OR BN.1.8 OR BN.1.9 OR BN.2 OR BN.2.1 OR BN.3 OR BN.3.1 OR BN.4 OR BN.5 OR BN.6 OR BP.1 OR BQ.1 OR BQ.1.1 OR BQ.1.1.1 OR BQ.1.1.2 OR BQ.1.1.3 OR BQ.1.1.4 OR BQ.1.1.5 OR BQ.1.1.6 OR BQ.1.1.7 OR BQ.1.1.8 OR BQ.1.1.9 OR BQ.1.1.10 OR BQ.1.1.11 OR BQ.1.1.12 OR BQ.1.1.13 OR BQ.1.1.14 OR BQ.1.1.15 OR BQ.1.1.16 OR BQ.1.1.17 OR BQ.1.1.18 OR BQ.1.1.19 OR BQ.1.1.20 OR BQ.1.1.21 OR BQ.1.1.22 OR BQ.1.1.23 OR BQ.1.1.24 OR BQ.1.1.25 OR BQ.1.1.26 OR BQ.1.1.27 OR BQ.1.1.28 OR BQ.1.1.29 OR BQ.1.1.30 OR BQ.1.1.31 OR BQ.1.1.32 OR BQ.1.1.34 OR BQ.1.1.35 OR BQ.1.1.36 OR BQ.1.2 OR BQ.1.3 OR BQ.1.4 OR BQ.1.5 OR BQ.1.6 OR BQ.1.7 OR BQ.1.8 OR BQ.1.8.1 OR BQ.1.8.2 OR BQ.1.9 OR BQ.1.10 OR BQ.1.10.1 OR BQ.1.11 OR BQ.1.12 OR BQ.1.13 OR BQ.1.13.1 OR BQ.1.14 OR BQ.1.15 OR BQ.1.16 OR BQ.1.17 OR BQ.1.18 OR BQ.1.19 OR BQ.1.20 OR BQ.1.21 OR BQ.1.22 OR BQ.1.23 OR BQ.1.24 OR BQ.1.25 OR BQ.1.25.1 OR BQ.1.26 OR BQ.1.26.1 OR BQ.1.27 OR BQ.1.28 OR BQ.2 OR BR.1 OR BR.1.1 OR BR.1.2 OR BR.2 OR BR.2.1 OR BR.3 OR BR.4 OR BS.1 OR BS.1.1 OR BS.1.2 OR BT.1 OR BT.2 OR BU.1 OR BU.2 OR BU.3 OR BV.1 OR BV.2 OR BW.1 OR BW.1.1 OR BY.1 OR BY.1.1 OR BY.1.1.1 OR BY.1.2 OR BY.1.2.1 OR BZ.1 OR CA.1 OR CA.2 OR CA.3 OR CA.3.1 OR CA.4 OR CA.5 OR CA.6 OR CA.7 OR CB.1 OR CC.1 OR CD.1 OR CD.2 OR CE.1 OR CF.1 OR CG.1 OR CH.1 OR CH.1.1 OR CH.1.1.1 OR CH.1.1.2 OR CH.1.1.3 OR CH.1.1.4 OR CH.1.1.5 OR CH.2 OR CH.3 OR CH.3.1 OR CJ.1 OR CJ.1.1 OR CK.1 OR CK.1.1 OR CK.1.2 OR CK.2 OR CK.2.1 OR CK.2.1.1 OR CK.3 OR CL.1 OR CM.1 OR CM.2 OR CM.2.1 OR CM.3 OR CM.4 OR CM.4.1 OR CM.5 OR CM.5.1 OR CM.5.2 OR CM.6 OR CM.6.1 OR CM.7 OR CM.8 OR CM.8.1 OR CM.9 OR CM.10 OR CM.11 OR CM.12 OR CN.1 OR CN.2 OR CP.1 OR CP.1.1 OR CP.1.2 OR CP.1.3 OR CP.2 OR CP.3 OR CP.4 OR CP.5 OR CP.6 OR CQ.1 OR CQ.1.1 OR CQ.2 OR CR.1 OR CR.1.1 OR CR.1.2 OR CR.1.3 OR CR.2 OR CS.1 OR CT.1 OR CU.1 OR CV.1 OR CV.2 OR CW.1 OR CY.1 OR CZ.1 OR DA.1 OR DB.1 OR DB.2 OR DC.1 OR DD.1 OR DE.1 OR DE.2 OR DF.1 OR DF.1.1 OR DG.1 OR DH.1 OR DJ.1 OR DJ.1.1 OR DJ.1.2 OR DJ.1.3 OR DK.1 OR DL.1 OR DM.1 OR DN.1 OR DN.1.1 OR DP.1 OR DQ.1 OR DR.1 OR DS.1 OR DT.1 OR DU.1 OR DV.1,Omicron,8.28571428571429,8,0.96551724137931
2022-05-20,3,3,6.71428571428571,6.71428571428571,1,0.70756382633769,0.999932313535756,B.1.1.529 OR BA.1 OR BA.1.1 OR BA.1.1.1 OR BA.1.1.2 OR BA.1.1.3 OR BA.1.1.4 OR BA.1.1.5 OR BA.1.1.6 OR BA.1.1.7 OR BA.1.1.8 OR BA.1.1.9 OR BA.1.1.10 OR BA.1.1.11 OR BA.1.1.12 OR BA.1.1.13 OR BA.1.1.14 OR BA.1.1.15 OR BA.1.1.16 OR BA.1.1.17 OR BA.1.1.18 OR BA.1.2 OR BA.1.3 OR BA.1.4 OR BA.1.5 OR BA.1.6 OR BA.1.7 OR BA.1.8 OR BA.1.9 OR BA.1.10 OR BA.1.12 OR BA.1.13 OR BA.1.13.1 OR BA.1.14 OR BA.1.14.1 OR BA.1.14.2 OR BA.1.15 OR BA.1.15.1 OR BA.1.15.2 OR BA.1.15.3 OR BA.1.16 OR BA.1.16.1 OR BA.1.16.2 OR BA.1.17 OR BA.1.17.1 OR BA.1.17.2 OR BA.1.18 OR BA.1.19 OR BA.1.20 OR BA.1.21 OR BA.1.21.1 OR BA.1.22 OR BA.1.23 OR BA.1.24 OR BA.2 OR BA.2.1 OR BA.2.2 OR BA.2.2.1 OR BA.2.3 OR BA.2.3.1 OR BA.2.3.2 OR BA.2.3.4 OR BA.2.3.5 OR BA.2.3.6 OR BA.2.3.7 OR BA.2.3.8 OR BA.2.3.9 OR BA.2.3.10 OR BA.2.3.11 OR BA.2.3.12 OR BA.2.3.13 OR BA.2.3.14 OR BA.2.3.15 OR BA.2.3.16 OR BA.2.3.17 OR BA.2.3.18 OR BA.2.3.19 OR BA.2.3.20 OR BA.2.3.21 OR BA.2.3.22 OR BA.2.4 OR BA.2.5 OR BA.2.6 OR BA.2.7 OR BA.2.8 OR BA.2.9 OR BA.2.9.1 OR BA.2.9.2 OR BA.2.9.3 OR BA.2.9.4 OR BA.2.9.5 OR BA.2.9.6 OR BA.2.9.7 OR BA.2.10 OR BA.2.10.1 OR BA.2.10.2 OR BA.2.10.3 OR BA.2.10.4 OR BA.2.11 OR BA.2.12 OR BA.2.12.1 OR BA.2.12.2 OR BA.2.13 OR BA.2.13.1 OR BA.2.14 OR BA.2.15 OR BA.2.16 OR BA.2.17 OR BA.2.18 OR BA.2.19 OR BA.2.20 OR BA.2.21 OR BA.2.22 OR BA.2.23 OR BA.2.23.1 OR BA.2.24 OR BA.2.25 OR BA.2.25.1 OR BA.2.26 OR BA.2.27 OR BA.2.28 OR BA.2.29 OR BA.2.30 OR BA.2.31 OR BA.2.31.1 OR BA.2.32 OR BA.2.33 OR BA.2.34 OR BA.2.35 OR BA.2.36 OR BA.2.37 OR BA.2.38 OR BA.2.38.1 OR BA.2.38.2 OR BA.2.38.3 OR BA.2.38.4 OR BA.2.39 OR BA.2.40 OR BA.2.40.1 OR BA.2.41 OR BA.2.42 OR BA.2.43 OR BA.2.44 OR BA.2.45 OR BA.2.46 OR BA.2.47 OR BA.2.48 OR BA.2.49 OR BA.2.50 OR BA.2.51 OR BA.2.52 OR BA.2.53 OR BA.2.54 OR BA.2.55 OR BA.2.56 OR BA.2.56.1 OR BA.2.57 OR BA.2.58 OR BA.2.59 OR BA.2.60 OR BA.2.61 OR BA.2.62 OR BA.2.63 OR BA.2.64 OR BA.2.65 OR BA.2.66 OR BA.2.67 OR BA.2.68 OR BA.2.69 OR BA.2.70 OR BA.2.71 OR BA.2.72 OR BA.2.73 OR BA.2.74 OR BA.2.75 OR BA.2.75.1 OR BA.2.75.2 OR BA.2.75.3 OR BA.2.75.4 OR BA.2.75.5 OR BA.2.75.6 OR BA.2.75.7 OR BA.2.75.8 OR BA.2.75.9 OR BA.2.75.10 OR BA.2.76 OR BA.2.76.1 OR BA.2.76.2 OR BA.2.77 OR BA.2.78 OR BA.2.79 OR BA.2.79.1 OR BA.2.80 OR BA.2.81 OR BA.2.82 OR BA.2.83 OR BA.2.85 OR BA.3 OR BA.3.1 OR BA.4 OR BA.4.1 OR BA.4.1.1 OR BA.4.1.2 OR BA.4.1.3 OR BA.4.1.4 OR BA.4.1.5 OR BA.4.1.6 OR BA.4.1.7 OR BA.4.1.8 OR BA.4.1.9 OR BA.4.1.10 OR BA.4.2 OR BA.4.3 OR BA.4.4 OR BA.4.5 OR BA.4.6 OR BA.4.6.1 OR BA.4.6.2 OR BA.4.6.3 OR BA.4.6.4 OR BA.4.6.5 OR BA.4.7 OR BA.4.8 OR BA.5 OR BA.5.1 OR BA.5.1.1 OR BA.5.1.2 OR BA.5.1.3 OR BA.5.1.4 OR BA.5.1.5 OR BA.5.1.6 OR BA.5.1.7 OR BA.5.1.8 OR BA.5.1.9 OR BA.5.1.10 OR BA.5.1.11 OR BA.5.1.12 OR BA.5.1.14 OR BA.5.1.15 OR BA.5.1.16 OR BA.5.1.17 OR BA.5.1.18 OR BA.5.1.19 OR BA.5.1.20 OR BA.5.1.21 OR BA.5.1.22 OR BA.5.1.23 OR BA.5.1.24 OR BA.5.1.25 OR BA.5.1.26 OR BA.5.1.27 OR BA.5.1.28 OR BA.5.1.29 OR BA.5.1.30 OR BA.5.1.31 OR BA.5.1.32 OR BA.5.2 OR BA.5.2.1 OR BA.5.2.2 OR BA.5.2.3 OR BA.5.2.4 OR BA.5.2.5 OR BA.5.2.6 OR BA.5.2.7 OR BA.5.2.8 OR BA.5.2.9 OR BA.5.2.10 OR BA.5.2.11 OR BA.5.2.12 OR BA.5.2.13 OR BA.5.2.14 OR BA.5.2.16 OR BA.5.2.18 OR BA.5.2.19 OR BA.5.2.20 OR BA.5.2.21 OR BA.5.2.22 OR BA.5.2.23 OR BA.5.2.24 OR BA.5.2.25 OR BA.5.2.26 OR BA.5.2.27 OR BA.5.2.28 OR BA.5.2.29 OR BA.5.2.30 OR BA.5.2.31 OR BA.5.2.32 OR BA.5.2.33 OR BA.5.2.34 OR BA.5.2.35 OR BA.5.2.36 OR BA.5.2.37 OR BA.5.2.38 OR BA.5.2.39 OR BA.5.2.40 OR BA.5.2.41 OR BA.5.2.42 OR BA.5.2.43 OR BA.5.2.44 OR BA.5.2.45 OR BA.5.2.46 OR BA.5.2.47 OR BA.5.2.48 OR BA.5.2.49 OR BA.5.3 OR BA.5.3.1 OR BA.5.3.2 OR BA.5.3.3 OR BA.5.3.4 OR BA.5.3.5 OR BA.5.5 OR BA.5.5.1 OR BA.5.5.2 OR BA.5.5.3 OR BA.5.6 OR BA.5.6.1 OR BA.5.6.2 OR BA.5.6.3 OR BA.5.6.4 OR BA.5.7 OR BA.5.8 OR BA.5.9 OR BA.5.10 OR BA.5.10.1 OR BA.5.11 OR BC.1 OR BC.2 OR BD.1 OR BE.1 OR BE.1.1 OR BE.1.1.1 OR BE.1.1.2 OR BE.1.2 OR BE.1.2.1 OR BE.1.3 OR BE.1.4 OR BE.1.4.1 OR BE.1.4.2 OR BE.1.4.3 OR BE.1.4.4 OR BE.2 OR BE.3 OR BE.4 OR BE.4.1 OR BE.4.1.1 OR BE.4.2 OR BE.5 OR BE.6 OR BE.7 OR BE.8 OR BE.9 OR BE.10 OR BF.1 OR BF.1.1 OR BF.2 OR BF.3 OR BF.3.1 OR BF.4 OR BF.5 OR BF.5.1 OR BF.5.2 OR BF.6 OR BF.7 OR BF.7.1 OR BF.7.2 OR BF.7.3 OR BF.7.4 OR BF.7.4.1 OR BF.7.4.2 OR BF.7.5 OR BF.7.5.1 OR BF.7.6 OR BF.7.7 OR BF.7.8 OR BF.7.9 OR BF.7.10 OR BF.7.11 OR BF.7.12 OR BF.7.13 OR BF.7.13.1 OR BF.7.13.2 OR BF.7.14 OR BF.7.15 OR BF.8 OR BF.9 OR BF.10 OR BF.10.1 OR BF.11 OR BF.11.1 OR BF.11.2 OR BF.11.3 OR BF.11.4 OR BF.11.5 OR BF.12 OR BF.13 OR BF.14 OR BF.15 OR BF.16 OR BF.17 OR BF.18 OR BF.19 OR BF.20 OR BF.21 OR BF.22 OR BF.23 OR BF.24 OR BF.25 OR BF.26 OR BF.27 OR BF.28 OR BF.29 OR BF.30 OR BF.31 OR BF.31.1 OR BF.32 OR BF.33 OR BF.34 OR BG.1 OR BG.2 OR BG.3 OR BG.4 OR BG.5 OR BG.6 OR BG.7 OR BH.1 OR BJ.1 OR BK.1 OR BL.1 OR BL.1.1 OR BL.1.2 OR BL.1.3 OR BL.1.4 OR BL.2 OR BL.2.1 OR BL.3 OR BL.4 OR BL.5 OR BL.6 OR BM.1 OR BM.1.1 OR BM.1.1.1 OR BM.1.1.2 OR BM.1.1.3 OR BM.1.1.4 OR BM.1.1.5 OR BM.2 OR BM.2.1 OR BM.2.2 OR BM.2.3 OR BM.3 OR BM.4 OR BM.4.1 OR BM.4.1.1 OR BM.5 OR BM.6 OR BN.1 OR BN.1.1 OR BN.1.1.1 OR BN.1.2 OR BN.1.2.1 OR BN.1.3 OR BN.1.3.1 OR BN.1.3.2 OR BN.1.3.3 OR BN.1.3.4 OR BN.1.4 OR BN.1.4.1 OR BN.1.5 OR BN.1.5.1 OR BN.1.6 OR BN.1.7 OR BN.1.8 OR BN.1.9 OR BN.2 OR BN.2.1 OR BN.3 OR BN.3.1 OR BN.4 OR BN.5 OR BN.6 OR BP.1 OR BQ.1 OR BQ.1.1 OR BQ.1.1.1 OR BQ.1.1.2 OR BQ.1.1.3 OR BQ.1.1.4 OR BQ.1.1.5 OR BQ.1.1.6 OR BQ.1.1.7 OR BQ.1.1.8 OR BQ.1.1.9 OR BQ.1.1.10 OR BQ.1.1.11 OR BQ.1.1.12 OR BQ.1.1.13 OR BQ.1.1.14 OR BQ.1.1.15 OR BQ.1.1.16 OR BQ.1.1.17 OR BQ.1.1.18 OR BQ.1.1.19 OR BQ.1.1.20 OR BQ.1.1.21 OR BQ.1.1.22 OR BQ.1.1.23 OR BQ.1.1.24 OR BQ.1.1.25 OR BQ.1.1.26 OR BQ.1.1.27 OR BQ.1.1.28 OR BQ.1.1.29 OR BQ.1.1.30 OR BQ.1.1.31 OR BQ.1.1.32 OR BQ.1.1.34 OR BQ.1.1.35 OR BQ.1.1.36 OR BQ.1.2 OR BQ.1.3 OR BQ.1.4 OR BQ.1.5 OR BQ.1.6 OR BQ.1.7 OR BQ.1.8 OR BQ.1.8.1 OR BQ.1.8.2 OR BQ.1.9 OR BQ.1.10 OR BQ.1.10.1 OR BQ.1.11 OR BQ.1.12 OR BQ.1.13 OR BQ.1.13.1 OR BQ.1.14 OR BQ.1.15 OR BQ.1.16 OR BQ.1.17 OR BQ.1.18 OR BQ.1.19 OR BQ.1.20 OR BQ.1.21 OR BQ.1.22 OR BQ.1.23 OR BQ.1.24 OR BQ.1.25 OR BQ.1.25.1 OR BQ.1.26 OR BQ.1.26.1 OR BQ.1.27 OR BQ.1.28 OR BQ.2 OR BR.1 OR BR.1.1 OR BR.1.2 OR BR.2 OR BR.2.1 OR BR.3 OR BR.4 OR BS.1 OR BS.1.1 OR BS.1.2 OR BT.1 OR BT.2 OR BU.1 OR BU.2 OR BU.3 OR BV.1 OR BV.2 OR BW.1 OR BW.1.1 OR BY.1 OR BY.1.1 OR BY.1.1.1 OR BY.1.2 OR BY.1.2.1 OR BZ.1 OR CA.1 OR CA.2 OR CA.3 OR CA.3.1 OR CA.4 OR CA.5 OR CA.6 OR CA.7 OR CB.1 OR CC.1 OR CD.1 OR CD.2 OR CE.1 OR CF.1 OR CG.1 OR CH.1 OR CH.1.1 OR CH.1.1.1 OR CH.1.1.2 OR CH.1.1.3 OR CH.1.1.4 OR CH.1.1.5 OR CH.2 OR CH.3 OR CH.3.1 OR CJ.1 OR CJ.1.1 OR CK.1 OR CK.1.1 OR CK.1.2 OR CK.2 OR CK.2.1 OR CK.2.1.1 OR CK.3 OR CL.1 OR CM.1 OR CM.2 OR CM.2.1 OR CM.3 OR CM.4 OR CM.4.1 OR CM.5 OR CM.5.1 OR CM.5.2 OR CM.6 OR CM.6.1 OR CM.7 OR CM.8 OR CM.8.1 OR CM.9 OR CM.10 OR CM.11 OR CM.12 OR CN.1 OR CN.2 OR CP.1 OR CP.1.1 OR CP.1.2 OR CP.1.3 OR CP.2 OR CP.3 OR CP.4 OR CP.5 OR CP.6 OR CQ.1 OR CQ.1.1 OR CQ.2 OR CR.1 OR CR.1.1 OR CR.1.2 OR CR.1.3 OR CR.2 OR CS.1 OR CT.1 OR CU.1 OR CV.1 OR CV.2 OR CW.1 OR CY.1 OR CZ.1 OR DA.1 OR DB.1 OR DB.2 OR DC.1 OR DD.1 OR DE.1 OR DE.2 OR DF.1 OR DF.1.1 OR DG.1 OR DH.1 OR DJ.1 OR DJ.1.1 OR DJ.1.2 OR DJ.1.3 OR DK.1 OR DL.1 OR DM.1 OR DN.1 OR DN.1.1 OR DP.1 OR DQ.1 OR DR.1 OR DS.1 OR DT.1 OR DU.1 OR DV.1,Omicron,6.85714285714286,6.71428571428571,0.979166666666667
2022-05-21,4,4,6.71428571428571,6.71428571428571,1,0.70756382633769,0.999932313535756,B.1.1.529 OR BA.1 OR BA.1.1 OR BA.1.1.1 OR BA.1.1.2 OR BA.1.1.3 OR BA.1.1.4 OR BA.1.1.5 OR BA.1.1.6 OR BA.1.1.7 OR BA.1.1.8 OR BA.1.1.9 OR BA.1.1.10 OR BA.1.1.11 OR BA.1.1.12 OR BA.1.1.13 OR BA.1.1.14 OR BA.1.1.15 OR BA.1.1.16 OR BA.1.1.17 OR BA.1.1.18 OR BA.1.2 OR BA.1.3 OR BA.1.4 OR BA.1.5 OR BA.1.6 OR BA.1.7 OR BA.1.8 OR BA.1.9 OR BA.1.10 OR BA.1.12 OR BA.1.13 OR BA.1.13.1 OR BA.1.14 OR BA.1.14.1 OR BA.1.14.2 OR BA.1.15 OR BA.1.15.1 OR BA.1.15.2 OR BA.1.15.3 OR BA.1.16 OR BA.1.16.1 OR BA.1.16.2 OR BA.1.17 OR BA.1.17.1 OR BA.1.17.2 OR BA.1.18 OR BA.1.19 OR BA.1.20 OR BA.1.21 OR BA.1.21.1 OR BA.1.22 OR BA.1.23 OR BA.1.24 OR BA.2 OR BA.2.1 OR BA.2.2 OR BA.2.2.1 OR BA.2.3 OR BA.2.3.1 OR BA.2.3.2 OR BA.2.3.4 OR BA.2.3.5 OR BA.2.3.6 OR BA.2.3.7 OR BA.2.3.8 OR BA.2.3.9 OR BA.2.3.10 OR BA.2.3.11 OR BA.2.3.12 OR BA.2.3.13 OR BA.2.3.14 OR BA.2.3.15 OR BA.2.3.16 OR BA.2.3.17 OR BA.2.3.18 OR BA.2.3.19 OR BA.2.3.20 OR BA.2.3.21 OR BA.2.3.22 OR BA.2.4 OR BA.2.5 OR BA.2.6 OR BA.2.7 OR BA.2.8 OR BA.2.9 OR BA.2.9.1 OR BA.2.9.2 OR BA.2.9.3 OR BA.2.9.4 OR BA.2.9.5 OR BA.2.9.6 OR BA.2.9.7 OR BA.2.10 OR BA.2.10.1 OR BA.2.10.2 OR BA.2.10.3 OR BA.2.10.4 OR BA.2.11 OR BA.2.12 OR BA.2.12.1 OR BA.2.12.2 OR BA.2.13 OR BA.2.13.1 OR BA.2.14 OR BA.2.15 OR BA.2.16 OR BA.2.17 OR BA.2.18 OR BA.2.19 OR BA.2.20 OR BA.2.21 OR BA.2.22 OR BA.2.23 OR BA.2.23.1 OR BA.2.24 OR BA.2.25 OR BA.2.25.1 OR BA.2.26 OR BA.2.27 OR BA.2.28 OR BA.2.29 OR BA.2.30 OR BA.2.31 OR BA.2.31.1 OR BA.2.32 OR BA.2.33 OR BA.2.34 OR BA.2.35 OR BA.2.36 OR BA.2.37 OR BA.2.38 OR BA.2.38.1 OR BA.2.38.2 OR BA.2.38.3 OR BA.2.38.4 OR BA.2.39 OR BA.2.40 OR BA.2.40.1 OR BA.2.41 OR BA.2.42 OR BA.2.43 OR BA.2.44 OR BA.2.45 OR BA.2.46 OR BA.2.47 OR BA.2.48 OR BA.2.49 OR BA.2.50 OR BA.2.51 OR BA.2.52 OR BA.2.53 OR BA.2.54 OR BA.2.55 OR BA.2.56 OR BA.2.56.1 OR BA.2.57 OR BA.2.58 OR BA.2.59 OR BA.2.60 OR BA.2.61 OR BA.2.62 OR BA.2.63 OR BA.2.64 OR BA.2.65 OR BA.2.66 OR BA.2.67 OR BA.2.68 OR BA.2.69 OR BA.2.70 OR BA.2.71 OR BA.2.72 OR BA.2.73 OR BA.2.74 OR BA.2.75 OR BA.2.75.1 OR BA.2.75.2 OR BA.2.75.3 OR BA.2.75.4 OR BA.2.75.5 OR BA.2.75.6 OR BA.2.75.7 OR BA.2.75.8 OR BA.2.75.9 OR BA.2.75.10 OR BA.2.76 OR BA.2.76.1 OR BA.2.76.2 OR BA.2.77 OR BA.2.78 OR BA.2.79 OR BA.2.79.1 OR BA.2.80 OR BA.2.81 OR BA.2.82 OR BA.2.83 OR BA.2.85 OR BA.3 OR BA.3.1 OR BA.4 OR BA.4.1 OR BA.4.1.1 OR BA.4.1.2 OR BA.4.1.3 OR BA.4.1.4 OR BA.4.1.5 OR BA.4.1.6 OR BA.4.1.7 OR BA.4.1.8 OR BA.4.1.9 OR BA.4.1.10 OR BA.4.2 OR BA.4.3 OR BA.4.4 OR BA.4.5 OR BA.4.6 OR BA.4.6.1 OR BA.4.6.2 OR BA.4.6.3 OR BA.4.6.4 OR BA.4.6.5 OR BA.4.7 OR BA.4.8 OR BA.5 OR BA.5.1 OR BA.5.1.1 OR BA.5.1.2 OR BA.5.1.3 OR BA.5.1.4 OR BA.5.1.5 OR BA.5.1.6 OR BA.5.1.7 OR BA.5.1.8 OR BA.5.1.9 OR BA.5.1.10 OR BA.5.1.11 OR BA.5.1.12 OR BA.5.1.14 OR BA.5.1.15 OR BA.5.1.16 OR BA.5.1.17 OR BA.5.1.18 OR BA.5.1.19 OR BA.5.1.20 OR BA.5.1.21 OR BA.5.1.22 OR BA.5.1.23 OR BA.5.1.24 OR BA.5.1.25 OR BA.5.1.26 OR BA.5.1.27 OR BA.5.1.28 OR BA.5.1.29 OR BA.5.1.30 OR BA.5.1.31 OR BA.5.1.32 OR BA.5.2 OR BA.5.2.1 OR BA.5.2.2 OR BA.5.2.3 OR BA.5.2.4 OR BA.5.2.5 OR BA.5.2.6 OR BA.5.2.7 OR BA.5.2.8 OR BA.5.2.9 OR BA.5.2.10 OR BA.5.2.11 OR BA.5.2.12 OR BA.5.2.13 OR BA.5.2.14 OR BA.5.2.16 OR BA.5.2.18 OR BA.5.2.19 OR BA.5.2.20 OR BA.5.2.21 OR BA.5.2.22 OR BA.5.2.23 OR BA.5.2.24 OR BA.5.2.25 OR BA.5.2.26 OR BA.5.2.27 OR BA.5.2.28 OR BA.5.2.29 OR BA.5.2.30 OR BA.5.2.31 OR BA.5.2.32 OR BA.5.2.33 OR BA.5.2.34 OR BA.5.2.35 OR BA.5.2.36 OR BA.5.2.37 OR BA.5.2.38 OR BA.5.2.39 OR BA.5.2.40 OR BA.5.2.41 OR BA.5.2.42 OR BA.5.2.43 OR BA.5.2.44 OR BA.5.2.45 OR BA.5.2.46 OR BA.5.2.47 OR BA.5.2.48 OR BA.5.2.49 OR BA.5.3 OR BA.5.3.1 OR BA.5.3.2 OR BA.5.3.3 OR BA.5.3.4 OR BA.5.3.5 OR BA.5.5 OR BA.5.5.1 OR BA.5.5.2 OR BA.5.5.3 OR BA.5.6 OR BA.5.6.1 OR BA.5.6.2 OR BA.5.6.3 OR BA.5.6.4 OR BA.5.7 OR BA.5.8 OR BA.5.9 OR BA.5.10 OR BA.5.10.1 OR BA.5.11 OR BC.1 OR BC.2 OR BD.1 OR BE.1 OR BE.1.1 OR BE.1.1.1 OR BE.1.1.2 OR BE.1.2 OR BE.1.2.1 OR BE.1.3 OR BE.1.4 OR BE.1.4.1 OR BE.1.4.2 OR BE.1.4.3 OR BE.1.4.4 OR BE.2 OR BE.3 OR BE.4 OR BE.4.1 OR BE.4.1.1 OR BE.4.2 OR BE.5 OR BE.6 OR BE.7 OR BE.8 OR BE.9 OR BE.10 OR BF.1 OR BF.1.1 OR BF.2 OR BF.3 OR BF.3.1 OR BF.4 OR BF.5 OR BF.5.1 OR BF.5.2 OR BF.6 OR BF.7 OR BF.7.1 OR BF.7.2 OR BF.7.3 OR BF.7.4 OR BF.7.4.1 OR BF.7.4.2 OR BF.7.5 OR BF.7.5.1 OR BF.7.6 OR BF.7.7 OR BF.7.8 OR BF.7.9 OR BF.7.10 OR BF.7.11 OR BF.7.12 OR BF.7.13 OR BF.7.13.1 OR BF.7.13.2 OR BF.7.14 OR BF.7.15 OR BF.8 OR BF.9 OR BF.10 OR BF.10.1 OR BF.11 OR BF.11.1 OR BF.11.2 OR BF.11.3 OR BF.11.4 OR BF.11.5 OR BF.12 OR BF.13 OR BF.14 OR BF.15 OR BF.16 OR BF.17 OR BF.18 OR BF.19 OR BF.20 OR BF.21 OR BF.22 OR BF.23 OR BF.24 OR BF.25 OR BF.26 OR BF.27 OR BF.28 OR BF.29 OR BF.30 OR BF.31 OR BF.31.1 OR BF.32 OR BF.33 OR BF.34 OR BG.1 OR BG.2 OR BG.3 OR BG.4 OR BG.5 OR BG.6 OR BG.7 OR BH.1 OR BJ.1 OR BK.1 OR BL.1 OR BL.1.1 OR BL.1.2 OR BL.1.3 OR BL.1.4 OR BL.2 OR BL.2.1 OR BL.3 OR BL.4 OR BL.5 OR BL.6 OR BM.1 OR BM.1.1 OR BM.1.1.1 OR BM.1.1.2 OR BM.1.1.3 OR BM.1.1.4 OR BM.1.1.5 OR BM.2 OR BM.2.1 OR BM.2.2 OR BM.2.3 OR BM.3 OR BM.4 OR BM.4.1 OR BM.4.1.1 OR BM.5 OR BM.6 OR BN.1 OR BN.1.1 OR BN.1.1.1 OR BN.1.2 OR BN.1.2.1 OR BN.1.3 OR BN.1.3.1 OR BN.1.3.2 OR BN.1.3.3 OR BN.1.3.4 OR BN.1.4 OR BN.1.4.1 OR BN.1.5 OR BN.1.5.1 OR BN.1.6 OR BN.1.7 OR BN.1.8 OR BN.1.9 OR BN.2 OR BN.2.1 OR BN.3 OR BN.3.1 OR BN.4 OR BN.5 OR BN.6 OR BP.1 OR BQ.1 OR BQ.1.1 OR BQ.1.1.1 OR BQ.1.1.2 OR BQ.1.1.3 OR BQ.1.1.4 OR BQ.1.1.5 OR BQ.1.1.6 OR BQ.1.1.7 OR BQ.1.1.8 OR BQ.1.1.9 OR BQ.1.1.10 OR BQ.1.1.11 OR BQ.1.1.12 OR BQ.1.1.13 OR BQ.1.1.14 OR BQ.1.1.15 OR BQ.1.1.16 OR BQ.1.1.17 OR BQ.1.1.18 OR BQ.1.1.19 OR BQ.1.1.20 OR BQ.1.1.21 OR BQ.1.1.22 OR BQ.1.1.23 OR BQ.1.1.24 OR BQ.1.1.25 OR BQ.1.1.26 OR BQ.1.1.27 OR BQ.1.1.28 OR BQ.1.1.29 OR BQ.1.1.30 OR BQ.1.1.31 OR BQ.1.1.32 OR BQ.1.1.34 OR BQ.1.1.35 OR BQ.1.1.36 OR BQ.1.2 OR BQ.1.3 OR BQ.1.4 OR BQ.1.5 OR BQ.1.6 OR BQ.1.7 OR BQ.1.8 OR BQ.1.8.1 OR BQ.1.8.2 OR BQ.1.9 OR BQ.1.10 OR BQ.1.10.1 OR BQ.1.11 OR BQ.1.12 OR BQ.1.13 OR BQ.1.13.1 OR BQ.1.14 OR BQ.1.15 OR BQ.1.16 OR BQ.1.17 OR BQ.1.18 OR BQ.1.19 OR BQ.1.20 OR BQ.1.21 OR BQ.1.22 OR BQ.1.23 OR BQ.1.24 OR BQ.1.25 OR BQ.1.25.1 OR BQ.1.26 OR BQ.1.26.1 OR BQ.1.27 OR BQ.1.28 OR BQ.2 OR BR.1 OR BR.1.1 OR BR.1.2 OR BR.2 OR BR.2.1 OR BR.3 OR BR.4 OR BS.1 OR BS.1.1 OR BS.1.2 OR BT.1 OR BT.2 OR BU.1 OR BU.2 OR BU.3 OR BV.1 OR BV.2 OR BW.1 OR BW.1.1 OR BY.1 OR BY.1.1 OR BY.1.1.1 OR BY.1.2 OR BY.1.2.1 OR BZ.1 OR CA.1 OR CA.2 OR CA.3 OR CA.3.1 OR CA.4 OR CA.5 OR CA.6 OR CA.7 OR CB.1 OR CC.1 OR CD.1 OR CD.2 OR CE.1 OR CF.1 OR CG.1 OR CH.1 OR CH.1.1 OR CH.1.1.1 OR CH.1.1.2 OR CH.1.1.3 OR CH.1.1.4 OR CH.1.1.5 OR CH.2 OR CH.3 OR CH.3.1 OR CJ.1 OR CJ.1.1 OR CK.1 OR CK.1.1 OR CK.1.2 OR CK.2 OR CK.2.1 OR CK.2.1.1 OR CK.3 OR CL.1 OR CM.1 OR CM.2 OR CM.2.1 OR CM.3 OR CM.4 OR CM.4.1 OR CM.5 OR CM.5.1 OR CM.5.2 OR CM.6 OR CM.6.1 OR CM.7 OR CM.8 OR CM.8.1 OR CM.9 OR CM.10 OR CM.11 OR CM.12 OR CN.1 OR CN.2 OR CP.1 OR CP.1.1 OR CP.1.2 OR CP.1.3 OR CP.2 OR CP.3 OR CP.4 OR CP.5 OR CP.6 OR CQ.1 OR CQ.1.1 OR CQ.2 OR CR.1 OR CR.1.1 OR CR.1.2 OR CR.1.3 OR CR.2 OR CS.1 OR CT.1 OR CU.1 OR CV.1 OR CV.2 OR CW.1 OR CY.1 OR CZ.1 OR DA.1 OR DB.1 OR DB.2 OR DC.1 OR DD.1 OR DE.1 OR DE.2 OR DF.1 OR DF.1.1 OR DG.1 OR DH.1 OR DJ.1 OR DJ.1.1 OR DJ.1.2 OR DJ.1.3 OR DK.1 OR DL.1 OR DM.1 OR DN.1 OR DN.1.1 OR DP.1 OR DQ.1 OR DR.1 OR DS.1 OR DT.1 OR DU.1 OR DV.1,Omicron,6.92857142857143,6.78571428571429,0.979381443298969
2022-05-22,1,1,5.57142857142857,5.57142857142857,1,0.66961109084845,0.999921500151634,B.1.1.529 OR BA.1 OR BA.1.1 OR BA.1.1.1 OR BA.1.1.2 OR BA.1.1.3 OR BA.1.1.4 OR BA.1.1.5 OR BA.1.1.6 OR BA.1.1.7 OR BA.1.1.8 OR BA.1.1.9 OR BA.1.1.10 OR BA.1.1.11 OR BA.1.1.12 OR BA.1.1.13 OR BA.1.1.14 OR BA.1.1.15 OR BA.1.1.16 OR BA.1.1.17 OR BA.1.1.18 OR BA.1.2 OR BA.1.3 OR BA.1.4 OR BA.1.5 OR BA.1.6 OR BA.1.7 OR BA.1.8 OR BA.1.9 OR BA.1.10 OR BA.1.12 OR BA.1.13 OR BA.1.13.1 OR BA.1.14 OR BA.1.14.1 OR BA.1.14.2 OR BA.1.15 OR BA.1.15.1 OR BA.1.15.2 OR BA.1.15.3 OR BA.1.16 OR BA.1.16.1 OR BA.1.16.2 OR BA.1.17 OR BA.1.17.1 OR BA.1.17.2 OR BA.1.18 OR BA.1.19 OR BA.1.20 OR BA.1.21 OR BA.1.21.1 OR BA.1.22 OR BA.1.23 OR BA.1.24 OR BA.2 OR BA.2.1 OR BA.2.2 OR BA.2.2.1 OR BA.2.3 OR BA.2.3.1 OR BA.2.3.2 OR BA.2.3.4 OR BA.2.3.5 OR BA.2.3.6 OR BA.2.3.7 OR BA.2.3.8 OR BA.2.3.9 OR BA.2.3.10 OR BA.2.3.11 OR BA.2.3.12 OR BA.2.3.13 OR BA.2.3.14 OR BA.2.3.15 OR BA.2.3.16 OR BA.2.3.17 OR BA.2.3.18 OR BA.2.3.19 OR BA.2.3.20 OR BA.2.3.21 OR BA.2.3.22 OR BA.2.4 OR BA.2.5 OR BA.2.6 OR BA.2.7 OR BA.2.8 OR BA.2.9 OR BA.2.9.1 OR BA.2.9.2 OR BA.2.9.3 OR BA.2.9.4 OR BA.2.9.5 OR BA.2.9.6 OR BA.2.9.7 OR BA.2.10 OR BA.2.10.1 OR BA.2.10.2 OR BA.2.10.3 OR BA.2.10.4 OR BA.2.11 OR BA.2.12 OR BA.2.12.1 OR BA.2.12.2 OR BA.2.13 OR BA.2.13.1 OR BA.2.14 OR BA.2.15 OR BA.2.16 OR BA.2.17 OR BA.2.18 OR BA.2.19 OR BA.2.20 OR BA.2.21 OR BA.2.22 OR BA.2.23 OR BA.2.23.1 OR BA.2.24 OR BA.2.25 OR BA.2.25.1 OR BA.2.26 OR BA.2.27 OR BA.2.28 OR BA.2.29 OR BA.2.30 OR BA.2.31 OR BA.2.31.1 OR BA.2.32 OR BA.2.33 OR BA.2.34 OR BA.2.35 OR BA.2.36 OR BA.2.37 OR BA.2.38 OR BA.2.38.1 OR BA.2.38.2 OR BA.2.38.3 OR BA.2.38.4 OR BA.2.39 OR BA.2.40 OR BA.2.40.1 OR BA.2.41 OR BA.2.42 OR BA.2.43 OR BA.2.44 OR BA.2.45 OR BA.2.46 OR BA.2.47 OR BA.2.48 OR BA.2.49 OR BA.2.50 OR BA.2.51 OR BA.2.52 OR BA.2.53 OR BA.2.54 OR BA.2.55 OR BA.2.56 OR BA.2.56.1 OR BA.2.57 OR BA.2.58 OR BA.2.59 OR BA.2.60 OR BA.2.61 OR BA.2.62 OR BA.2.63 OR BA.2.64 OR BA.2.65 OR BA.2.66 OR BA.2.67 OR BA.2.68 OR BA.2.69 OR BA.2.70 OR BA.2.71 OR BA.2.72 OR BA.2.73 OR BA.2.74 OR BA.2.75 OR BA.2.75.1 OR BA.2.75.2 OR BA.2.75.3 OR BA.2.75.4 OR BA.2.75.5 OR BA.2.75.6 OR BA.2.75.7 OR BA.2.75.8 OR BA.2.75.9 OR BA.2.75.10 OR BA.2.76 OR BA.2.76.1 OR BA.2.76.2 OR BA.2.77 OR BA.2.78 OR BA.2.79 OR BA.2.79.1 OR BA.2.80 OR BA.2.81 OR BA.2.82 OR BA.2.83 OR BA.2.85 OR BA.3 OR BA.3.1 OR BA.4 OR BA.4.1 OR BA.4.1.1 OR BA.4.1.2 OR BA.4.1.3 OR BA.4.1.4 OR BA.4.1.5 OR BA.4.1.6 OR BA.4.1.7 OR BA.4.1.8 OR BA.4.1.9 OR BA.4.1.10 OR BA.4.2 OR BA.4.3 OR BA.4.4 OR BA.4.5 OR BA.4.6 OR BA.4.6.1 OR BA.4.6.2 OR BA.4.6.3 OR BA.4.6.4 OR BA.4.6.5 OR BA.4.7 OR BA.4.8 OR BA.5 OR BA.5.1 OR BA.5.1.1 OR BA.5.1.2 OR BA.5.1.3 OR BA.5.1.4 OR BA.5.1.5 OR BA.5.1.6 OR BA.5.1.7 OR BA.5.1.8 OR BA.5.1.9 OR BA.5.1.10 OR BA.5.1.11 OR BA.5.1.12 OR BA.5.1.14 OR BA.5.1.15 OR BA.5.1.16 OR BA.5.1.17 OR BA.5.1.18 OR BA.5.1.19 OR BA.5.1.20 OR BA.5.1.21 OR BA.5.1.22 OR BA.5.1.23 OR BA.5.1.24 OR BA.5.1.25 OR BA.5.1.26 OR BA.5.1.27 OR BA.5.1.28 OR BA.5.1.29 OR BA.5.1.30 OR BA.5.1.31 OR BA.5.1.32 OR BA.5.2 OR BA.5.2.1 OR BA.5.2.2 OR BA.5.2.3 OR BA.5.2.4 OR BA.5.2.5 OR BA.5.2.6 OR BA.5.2.7 OR BA.5.2.8 OR BA.5.2.9 OR BA.5.2.10 OR BA.5.2.11 OR BA.5.2.12 OR BA.5.2.13 OR BA.5.2.14 OR BA.5.2.16 OR BA.5.2.18 OR BA.5.2.19 OR BA.5.2.20 OR BA.5.2.21 OR BA.5.2.22 OR BA.5.2.23 OR BA.5.2.24 OR BA.5.2.25 OR BA.5.2.26 OR BA.5.2.27 OR BA.5.2.28 OR BA.5.2.29 OR BA.5.2.30 OR BA.5.2.31 OR BA.5.2.32 OR BA.5.2.33 OR BA.5.2.34 OR BA.5.2.35 OR BA.5.2.36 OR BA.5.2.37 OR BA.5.2.38 OR BA.5.2.39 OR BA.5.2.40 OR BA.5.2.41 OR BA.5.2.42 OR BA.5.2.43 OR BA.5.2.44 OR BA.5.2.45 OR BA.5.2.46 OR BA.5.2.47 OR BA.5.2.48 OR BA.5.2.49 OR BA.5.3 OR BA.5.3.1 OR BA.5.3.2 OR BA.5.3.3 OR BA.5.3.4 OR BA.5.3.5 OR BA.5.5 OR BA.5.5.1 OR BA.5.5.2 OR BA.5.5.3 OR BA.5.6 OR BA.5.6.1 OR BA.5.6.2 OR BA.5.6.3 OR BA.5.6.4 OR BA.5.7 OR BA.5.8 OR BA.5.9 OR BA.5.10 OR BA.5.10.1 OR BA.5.11 OR BC.1 OR BC.2 OR BD.1 OR BE.1 OR BE.1.1 OR BE.1.1.1 OR BE.1.1.2 OR BE.1.2 OR BE.1.2.1 OR BE.1.3 OR BE.1.4 OR BE.1.4.1 OR BE.1.4.2 OR BE.1.4.3 OR BE.1.4.4 OR BE.2 OR BE.3 OR BE.4 OR BE.4.1 OR BE.4.1.1 OR BE.4.2 OR BE.5 OR BE.6 OR BE.7 OR BE.8 OR BE.9 OR BE.10 OR BF.1 OR BF.1.1 OR BF.2 OR BF.3 OR BF.3.1 OR BF.4 OR BF.5 OR BF.5.1 OR BF.5.2 OR BF.6 OR BF.7 OR BF.7.1 OR BF.7.2 OR BF.7.3 OR BF.7.4 OR BF.7.4.1 OR BF.7.4.2 OR BF.7.5 OR BF.7.5.1 OR BF.7.6 OR BF.7.7 OR BF.7.8 OR BF.7.9 OR BF.7.10 OR BF.7.11 OR BF.7.12 OR BF.7.13 OR BF.7.13.1 OR BF.7.13.2 OR BF.7.14 OR BF.7.15 OR BF.8 OR BF.9 OR BF.10 OR BF.10.1 OR BF.11 OR BF.11.1 OR BF.11.2 OR BF.11.3 OR BF.11.4 OR BF.11.5 OR BF.12 OR BF.13 OR BF.14 OR BF.15 OR BF.16 OR BF.17 OR BF.18 OR BF.19 OR BF.20 OR BF.21 OR BF.22 OR BF.23 OR BF.24 OR BF.25 OR BF.26 OR BF.27 OR BF.28 OR BF.29 OR BF.30 OR BF.31 OR BF.31.1 OR BF.32 OR BF.33 OR BF.34 OR BG.1 OR BG.2 OR BG.3 OR BG.4 OR BG.5 OR BG.6 OR BG.7 OR BH.1 OR BJ.1 OR BK.1 OR BL.1 OR BL.1.1 OR BL.1.2 OR BL.1.3 OR BL.1.4 OR BL.2 OR BL.2.1 OR BL.3 OR BL.4 OR BL.5 OR BL.6 OR BM.1 OR BM.1.1 OR BM.1.1.1 OR BM.1.1.2 OR BM.1.1.3 OR BM.1.1.4 OR BM.1.1.5 OR BM.2 OR BM.2.1 OR BM.2.2 OR BM.2.3 OR BM.3 OR BM.4 OR BM.4.1 OR BM.4.1.1 OR BM.5 OR BM.6 OR BN.1 OR BN.1.1 OR BN.1.1.1 OR BN.1.2 OR BN.1.2.1 OR BN.1.3 OR BN.1.3.1 OR BN.1.3.2 OR BN.1.3.3 OR BN.1.3.4 OR BN.1.4 OR BN.1.4.1 OR BN.1.5 OR BN.1.5.1 OR BN.1.6 OR BN.1.7 OR BN.1.8 OR BN.1.9 OR BN.2 OR BN.2.1 OR BN.3 OR BN.3.1 OR BN.4 OR BN.5 OR BN.6 OR BP.1 OR BQ.1 OR BQ.1.1 OR BQ.1.1.1 OR BQ.1.1.2 OR BQ.1.1.3 OR BQ.1.1.4 OR BQ.1.1.5 OR BQ.1.1.6 OR BQ.1.1.7 OR BQ.1.1.8 OR BQ.1.1.9 OR BQ.1.1.10 OR BQ.1.1.11 OR BQ.1.1.12 OR BQ.1.1.13 OR BQ.1.1.14 OR BQ.1.1.15 OR BQ.1.1.16 OR BQ.1.1.17 OR BQ.1.1.18 OR BQ.1.1.19 OR BQ.1.1.20 OR BQ.1.1.21 OR BQ.1.1.22 OR BQ.1.1.23 OR BQ.1.1.24 OR BQ.1.1.25 OR BQ.1.1.26 OR BQ.1.1.27 OR BQ.1.1.28 OR BQ.1.1.29 OR BQ.1.1.30 OR BQ.1.1.31 OR BQ.1.1.32 OR BQ.1.1.34 OR BQ.1.1.35 OR BQ.1.1.36 OR BQ.1.2 OR BQ.1.3 OR BQ.1.4 OR BQ.1.5 OR BQ.1.6 OR BQ.1.7 OR BQ.1.8 OR BQ.1.8.1 OR BQ.1.8.2 OR BQ.1.9 OR BQ.1.10 OR BQ.1.10.1 OR BQ.1.11 OR BQ.1.12 OR BQ.1.13 OR BQ.1.13.1 OR BQ.1.14 OR BQ.1.15 OR BQ.1.16 OR BQ.1.17 OR BQ.1.18 OR BQ.1.19 OR BQ.1.20 OR BQ.1.21 OR BQ.1.22 OR BQ.1.23 OR BQ.1.24 OR BQ.1.25 OR BQ.1.25.1 OR BQ.1.26 OR BQ.1.26.1 OR BQ.1.27 OR BQ.1.28 OR BQ.2 OR BR.1 OR BR.1.1 OR BR.1.2 OR BR.2 OR BR.2.1 OR BR.3 OR BR.4 OR BS.1 OR BS.1.1 OR BS.1.2 OR BT.1 OR BT.2 OR BU.1 OR BU.2 OR BU.3 OR BV.1 OR BV.2 OR BW.1 OR BW.1.1 OR BY.1 OR BY.1.1 OR BY.1.1.1 OR BY.1.2 OR BY.1.2.1 OR BZ.1 OR CA.1 OR CA.2 OR CA.3 OR CA.3.1 OR CA.4 OR CA.5 OR CA.6 OR CA.7 OR CB.1 OR CC.1 OR CD.1 OR CD.2 OR CE.1 OR CF.1 OR CG.1 OR CH.1 OR CH.1.1 OR CH.1.1.1 OR CH.1.1.2 OR CH.1.1.3 OR CH.1.1.4 OR CH.1.1.5 OR CH.2 OR CH.3 OR CH.3.1 OR CJ.1 OR CJ.1.1 OR CK.1 OR CK.1.1 OR CK.1.2 OR CK.2 OR CK.2.1 OR CK.2.1.1 OR CK.3 OR CL.1 OR CM.1 OR CM.2 OR CM.2.1 OR CM.3 OR CM.4 OR CM.4.1 OR CM.5 OR CM.5.1 OR CM.5.2 OR CM.6 OR CM.6.1 OR CM.7 OR CM.8 OR CM.8.1 OR CM.9 OR CM.10 OR CM.11 OR CM.12 OR CN.1 OR CN.2 OR CP.1 OR CP.1.1 OR CP.1.2 OR CP.1.3 OR CP.2 OR CP.3 OR CP.4 OR CP.5 OR CP.6 OR CQ.1 OR CQ.1.1 OR CQ.2 OR CR.1 OR CR.1.1 OR CR.1.2 OR CR.1.3 OR CR.2 OR CS.1 OR CT.1 OR CU.1 OR CV.1 OR CV.2 OR CW.1 OR CY.1 OR CZ.1 OR DA.1 OR DB.1 OR DB.2 OR DC.1 OR DD.1 OR DE.1 OR DE.2 OR DF.1 OR DF.1.1 OR DG.1 OR DH.1 OR DJ.1 OR DJ.1.1 OR DJ.1.2 OR DJ.1.3 OR DK.1 OR DL.1 OR DM.1 OR DN.1 OR DN.1.1 OR DP.1 OR DQ.1 OR DR.1 OR DS.1 OR DT.1 OR DU.1 OR DV.1,Omicron,6.85714285714286,6.71428571428571,0.979166666666667
2022-05-23,5,5,5.14285714285714,5.14285714285714,1,0.620622857700961,0.99990657939996,B.1.1.529 OR BA.1 OR BA.1.1 OR BA.1.1.1 OR BA.1.1.2 OR BA.1.1.3 OR BA.1.1.4 OR BA.1.1.5 OR BA.1.1.6 OR BA.1.1.7 OR BA.1.1.8 OR BA.1.1.9 OR BA.1.1.10 OR BA.1.1.11 OR BA.1.1.12 OR BA.1.1.13 OR BA.1.1.14 OR BA.1.1.15 OR BA.1.1.16 OR BA.1.1.17 OR BA.1.1.18 OR BA.1.2 OR BA.1.3 OR BA.1.4 OR BA.1.5 OR BA.1.6 OR BA.1.7 OR BA.1.8 OR BA.1.9 OR BA.1.10 OR BA.1.12 OR BA.1.13 OR BA.1.13.1 OR BA.1.14 OR BA.1.14.1 OR BA.1.14.2 OR BA.1.15 OR BA.1.15.1 OR BA.1.15.2 OR BA.1.15.3 OR BA.1.16 OR BA.1.16.1 OR BA.1.16.2 OR BA.1.17 OR BA.1.17.1 OR BA.1.17.2 OR BA.1.18 OR BA.1.19 OR BA.1.20 OR BA.1.21 OR BA.1.21.1 OR BA.1.22 OR BA.1.23 OR BA.1.24 OR BA.2 OR BA.2.1 OR BA.2.2 OR BA.2.2.1 OR BA.2.3 OR BA.2.3.1 OR BA.2.3.2 OR BA.2.3.4 OR BA.2.3.5 OR BA.2.3.6 OR BA.2.3.7 OR BA.2.3.8 OR BA.2.3.9 OR BA.2.3.10 OR BA.2.3.11 OR BA.2.3.12 OR BA.2.3.13 OR BA.2.3.14 OR BA.2.3.15 OR BA.2.3.16 OR BA.2.3.17 OR BA.2.3.18 OR BA.2.3.19 OR BA.2.3.20 OR BA.2.3.21 OR BA.2.3.22 OR BA.2.4 OR BA.2.5 OR BA.2.6 OR BA.2.7 OR BA.2.8 OR BA.2.9 OR BA.2.9.1 OR BA.2.9.2 OR BA.2.9.3 OR BA.2.9.4 OR BA.2.9.5 OR BA.2.9.6 OR BA.2.9.7 OR BA.2.10 OR BA.2.10.1 OR BA.2.10.2 OR BA.2.10.3 OR BA.2.10.4 OR BA.2.11 OR BA.2.12 OR BA.2.12.1 OR BA.2.12.2 OR BA.2.13 OR BA.2.13.1 OR BA.2.14 OR BA.2.15 OR BA.2.16 OR BA.2.17 OR BA.2.18 OR BA.2.19 OR BA.2.20 OR BA.2.21 OR BA.2.22 OR BA.2.23 OR BA.2.23.1 OR BA.2.24 OR BA.2.25 OR BA.2.25.1 OR BA.2.26 OR BA.2.27 OR BA.2.28 OR BA.2.29 OR BA.2.30 OR BA.2.31 OR BA.2.31.1 OR BA.2.32 OR BA.2.33 OR BA.2.34 OR BA.2.35 OR BA.2.36 OR BA.2.37 OR BA.2.38 OR BA.2.38.1 OR BA.2.38.2 OR BA.2.38.3 OR BA.2.38.4 OR BA.2.39 OR BA.2.40 OR BA.2.40.1 OR BA.2.41 OR BA.2.42 OR BA.2.43 OR BA.2.44 OR BA.2.45 OR BA.2.46 OR BA.2.47 OR BA.2.48 OR BA.2.49 OR BA.2.50 OR BA.2.51 OR BA.2.52 OR BA.2.53 OR BA.2.54 OR BA.2.55 OR BA.2.56 OR BA.2.56.1 OR BA.2.57 OR BA.2.58 OR BA.2.59 OR BA.2.60 OR BA.2.61 OR BA.2.62 OR BA.2.63 OR BA.2.64 OR BA.2.65 OR BA.2.66 OR BA.2.67 OR BA.2.68 OR BA.2.69 OR BA.2.70 OR BA.2.71 OR BA.2.72 OR BA.2.73 OR BA.2.74 OR BA.2.75 OR BA.2.75.1 OR BA.2.75.2 OR BA.2.75.3 OR BA.2.75.4 OR BA.2.75.5 OR BA.2.75.6 OR BA.2.75.7 OR BA.2.75.8 OR BA.2.75.9 OR BA.2.75.10 OR BA.2.76 OR BA.2.76.1 OR BA.2.76.2 OR BA.2.77 OR BA.2.78 OR BA.2.79 OR BA.2.79.1 OR BA.2.80 OR BA.2.81 OR BA.2.82 OR BA.2.83 OR BA.2.85 OR BA.3 OR BA.3.1 OR BA.4 OR BA.4.1 OR BA.4.1.1 OR BA.4.1.2 OR BA.4.1.3 OR BA.4.1.4 OR BA.4.1.5 OR BA.4.1.6 OR BA.4.1.7 OR BA.4.1.8 OR BA.4.1.9 OR BA.4.1.10 OR BA.4.2 OR BA.4.3 OR BA.4.4 OR BA.4.5 OR BA.4.6 OR BA.4.6.1 OR BA.4.6.2 OR BA.4.6.3 OR BA.4.6.4 OR BA.4.6.5 OR BA.4.7 OR BA.4.8 OR BA.5 OR BA.5.1 OR BA.5.1.1 OR BA.5.1.2 OR BA.5.1.3 OR BA.5.1.4 OR BA.5.1.5 OR BA.5.1.6 OR BA.5.1.7 OR BA.5.1.8 OR BA.5.1.9 OR BA.5.1.10 OR BA.5.1.11 OR BA.5.1.12 OR BA.5.1.14 OR BA.5.1.15 OR BA.5.1.16 OR BA.5.1.17 OR BA.5.1.18 OR BA.5.1.19 OR BA.5.1.20 OR BA.5.1.21 OR BA.5.1.22 OR BA.5.1.23 OR BA.5.1.24 OR BA.5.1.25 OR BA.5.1.26 OR BA.5.1.27 OR BA.5.1.28 OR BA.5.1.29 OR BA.5.1.30 OR BA.5.1.31 OR BA.5.1.32 OR BA.5.2 OR BA.5.2.1 OR BA.5.2.2 OR BA.5.2.3 OR BA.5.2.4 OR BA.5.2.5 OR BA.5.2.6 OR BA.5.2.7 OR BA.5.2.8 OR BA.5.2.9 OR BA.5.2.10 OR BA.5.2.11 OR BA.5.2.12 OR BA.5.2.13 OR BA.5.2.14 OR BA.5.2.16 OR BA.5.2.18 OR BA.5.2.19 OR BA.5.2.20 OR BA.5.2.21 OR BA.5.2.22 OR BA.5.2.23 OR BA.5.2.24 OR BA.5.2.25 OR BA.5.2.26 OR BA.5.2.27 OR BA.5.2.28 OR BA.5.2.29 OR BA.5.2.30 OR BA.5.2.31 OR BA.5.2.32 OR BA.5.2.33 OR BA.5.2.34 OR BA.5.2.35 OR BA.5.2.36 OR BA.5.2.37 OR BA.5.2.38 OR BA.5.2.39 OR BA.5.2.40 OR BA.5.2.41 OR BA.5.2.42 OR BA.5.2.43 OR BA.5.2.44 OR BA.5.2.45 OR BA.5.2.46 OR BA.5.2.47 OR BA.5.2.48 OR BA.5.2.49 OR BA.5.3 OR BA.5.3.1 OR BA.5.3.2 OR BA.5.3.3 OR BA.5.3.4 OR BA.5.3.5 OR BA.5.5 OR BA.5.5.1 OR BA.5.5.2 OR BA.5.5.3 OR BA.5.6 OR BA.5.6.1 OR BA.5.6.2 OR BA.5.6.3 OR BA.5.6.4 OR BA.5.7 OR BA.5.8 OR BA.5.9 OR BA.5.10 OR BA.5.10.1 OR BA.5.11 OR BC.1 OR BC.2 OR BD.1 OR BE.1 OR BE.1.1 OR BE.1.1.1 OR BE.1.1.2 OR BE.1.2 OR BE.1.2.1 OR BE.1.3 OR BE.1.4 OR BE.1.4.1 OR BE.1.4.2 OR BE.1.4.3 OR BE.1.4.4 OR BE.2 OR BE.3 OR BE.4 OR BE.4.1 OR BE.4.1.1 OR BE.4.2 OR BE.5 OR BE.6 OR BE.7 OR BE.8 OR BE.9 OR BE.10 OR BF.1 OR BF.1.1 OR BF.2 OR BF.3 OR BF.3.1 OR BF.4 OR BF.5 OR BF.5.1 OR BF.5.2 OR BF.6 OR BF.7 OR BF.7.1 OR BF.7.2 OR BF.7.3 OR BF.7.4 OR BF.7.4.1 OR BF.7.4.2 OR BF.7.5 OR BF.7.5.1 OR BF.7.6 OR BF.7.7 OR BF.7.8 OR BF.7.9 OR BF.7.10 OR BF.7.11 OR BF.7.12 OR BF.7.13 OR BF.7.13.1 OR BF.7.13.2 OR BF.7.14 OR BF.7.15 OR BF.8 OR BF.9 OR BF.10 OR BF.10.1 OR BF.11 OR BF.11.1 OR BF.11.2 OR BF.11.3 OR BF.11.4 OR BF.11.5 OR BF.12 OR BF.13 OR BF.14 OR BF.15 OR BF.16 OR BF.17 OR BF.18 OR BF.19 OR BF.20 OR BF.21 OR BF.22 OR BF.23 OR BF.24 OR BF.25 OR BF.26 OR BF.27 OR BF.28 OR BF.29 OR BF.30 OR BF.31 OR BF.31.1 OR BF.32 OR BF.33 OR BF.34 OR BG.1 OR BG.2 OR BG.3 OR BG.4 OR BG.5 OR BG.6 OR BG.7 OR BH.1 OR BJ.1 OR BK.1 OR BL.1 OR BL.1.1 OR BL.1.2 OR BL.1.3 OR BL.1.4 OR BL.2 OR BL.2.1 OR BL.3 OR BL.4 OR BL.5 OR BL.6 OR BM.1 OR BM.1.1 OR BM.1.1.1 OR BM.1.1.2 OR BM.1.1.3 OR BM.1.1.4 OR BM.1.1.5 OR BM.2 OR BM.2.1 OR BM.2.2 OR BM.2.3 OR BM.3 OR BM.4 OR BM.4.1 OR BM.4.1.1 OR BM.5 OR BM.6 OR BN.1 OR BN.1.1 OR BN.1.1.1 OR BN.1.2 OR BN.1.2.1 OR BN.1.3 OR BN.1.3.1 OR BN.1.3.2 OR BN.1.3.3 OR BN.1.3.4 OR BN.1.4 OR BN.1.4.1 OR BN.1.5 OR BN.1.5.1 OR BN.1.6 OR BN.1.7 OR BN.1.8 OR BN.1.9 OR BN.2 OR BN.2.1 OR BN.3 OR BN.3.1 OR BN.4 OR BN.5 OR BN.6 OR BP.1 OR BQ.1 OR BQ.1.1 OR BQ.1.1.1 OR BQ.1.1.2 OR BQ.1.1.3 OR BQ.1.1.4 OR BQ.1.1.5 OR BQ.1.1.6 OR BQ.1.1.7 OR BQ.1.1.8 OR BQ.1.1.9 OR BQ.1.1.10 OR BQ.1.1.11 OR BQ.1.1.12 OR BQ.1.1.13 OR BQ.1.1.14 OR BQ.1.1.15 OR BQ.1.1.16 OR BQ.1.1.17 OR BQ.1.1.18 OR BQ.1.1.19 OR BQ.1.1.20 OR BQ.1.1.21 OR BQ.1.1.22 OR BQ.1.1.23 OR BQ.1.1.24 OR BQ.1.1.25 OR BQ.1.1.26 OR BQ.1.1.27 OR BQ.1.1.28 OR BQ.1.1.29 OR BQ.1.1.30 OR BQ.1.1.31 OR BQ.1.1.32 OR BQ.1.1.34 OR BQ.1.1.35 OR BQ.1.1.36 OR BQ.1.2 OR BQ.1.3 OR BQ.1.4 OR BQ.1.5 OR BQ.1.6 OR BQ.1.7 OR BQ.1.8 OR BQ.1.8.1 OR BQ.1.8.2 OR BQ.1.9 OR BQ.1.10 OR BQ.1.10.1 OR BQ.1.11 OR BQ.1.12 OR BQ.1.13 OR BQ.1.13.1 OR BQ.1.14 OR BQ.1.15 OR BQ.1.16 OR BQ.1.17 OR BQ.1.18 OR BQ.1.19 OR BQ.1.20 OR BQ.1.21 OR BQ.1.22 OR BQ.1.23 OR BQ.1.24 OR BQ.1.25 OR BQ.1.25.1 OR BQ.1.26 OR BQ.1.26.1 OR BQ.1.27 OR BQ.1.28 OR BQ.2 OR BR.1 OR BR.1.1 OR BR.1.2 OR BR.2 OR BR.2.1 OR BR.3 OR BR.4 OR BS.1 OR BS.1.1 OR BS.1.2 OR BT.1 OR BT.2 OR BU.1 OR BU.2 OR BU.3 OR BV.1 OR BV.2 OR BW.1 OR BW.1.1 OR BY.1 OR BY.1.1 OR BY.1.1.1 OR BY.1.2 OR BY.1.2.1 OR BZ.1 OR CA.1 OR CA.2 OR CA.3 OR CA.3.1 OR CA.4 OR CA.5 OR CA.6 OR CA.7 OR CB.1 OR CC.1 OR CD.1 OR CD.2 OR CE.1 OR CF.1 OR CG.1 OR CH.1 OR CH.1.1 OR CH.1.1.1 OR CH.1.1.2 OR CH.1.1.3 OR CH.1.1.4 OR CH.1.1.5 OR CH.2 OR CH.3 OR CH.3.1 OR CJ.1 OR CJ.1.1 OR CK.1 OR CK.1.1 OR CK.1.2 OR CK.2 OR CK.2.1 OR CK.2.1.1 OR CK.3 OR CL.1 OR CM.1 OR CM.2 OR CM.2.1 OR CM.3 OR CM.4 OR CM.4.1 OR CM.5 OR CM.5.1 OR CM.5.2 OR CM.6 OR CM.6.1 OR CM.7 OR CM.8 OR CM.8.1 OR CM.9 OR CM.10 OR CM.11 OR CM.12 OR CN.1 OR CN.2 OR CP.1 OR CP.1.1 OR CP.1.2 OR CP.1.3 OR CP.2 OR CP.3 OR CP.4 OR CP.5 OR CP.6 OR CQ.1 OR CQ.1.1 OR CQ.2 OR CR.1 OR CR.1.1 OR CR.1.2 OR CR.1.3 OR CR.2 OR CS.1 OR CT.1 OR CU.1 OR CV.1 OR CV.2 OR CW.1 OR CY.1 OR CZ.1 OR DA.1 OR DB.1 OR DB.2 OR DC.1 OR DD.1 OR DE.1 OR DE.2 OR DF.1 OR DF.1.1 OR DG.1 OR DH.1 OR DJ.1 OR DJ.1.1 OR DJ.1.2 OR DJ.1.3 OR DK.1 OR DL.1 OR DM.1 OR DN.1 OR DN.1.1 OR DP.1 OR DQ.1 OR DR.1 OR DS.1 OR DT.1 OR DU.1 OR DV.1,Omicron,6.35714285714286,6.28571428571429,0.98876404494382
2022-05-24,6,6,4.57142857142857,4.57142857142857,1,0.620622857700961,0.99990657939996,B.1.1.529 OR BA.1 OR BA.1.1 OR BA.1.1.1 OR BA.1.1.2 OR BA.1.1.3 OR BA.1.1.4 OR BA.1.1.5 OR BA.1.1.6 OR BA.1.1.7 OR BA.1.1.8 OR BA.1.1.9 OR BA.1.1.10 OR BA.1.1.11 OR BA.1.1.12 OR BA.1.1.13 OR BA.1.1.14 OR BA.1.1.15 OR BA.1.1.16 OR BA.1.1.17 OR BA.1.1.18 OR BA.1.2 OR BA.1.3 OR BA.1.4 OR BA.1.5 OR BA.1.6 OR BA.1.7 OR BA.1.8 OR BA.1.9 OR BA.1.10 OR BA.1.12 OR BA.1.13 OR BA.1.13.1 OR BA.1.14 OR BA.1.14.1 OR BA.1.14.2 OR BA.1.15 OR BA.1.15.1 OR BA.1.15.2 OR BA.1.15.3 OR BA.1.16 OR BA.1.16.1 OR BA.1.16.2 OR BA.1.17 OR BA.1.17.1 OR BA.1.17.2 OR BA.1.18 OR BA.1.19 OR BA.1.20 OR BA.1.21 OR BA.1.21.1 OR BA.1.22 OR BA.1.23 OR BA.1.24 OR BA.2 OR BA.2.1 OR BA.2.2 OR BA.2.2.1 OR BA.2.3 OR BA.2.3.1 OR BA.2.3.2 OR BA.2.3.4 OR BA.2.3.5 OR BA.2.3.6 OR BA.2.3.7 OR BA.2.3.8 OR BA.2.3.9 OR BA.2.3.10 OR BA.2.3.11 OR BA.2.3.12 OR BA.2.3.13 OR BA.2.3.14 OR BA.2.3.15 OR BA.2.3.16 OR BA.2.3.17 OR BA.2.3.18 OR BA.2.3.19 OR BA.2.3.20 OR BA.2.3.21 OR BA.2.3.22 OR BA.2.4 OR BA.2.5 OR BA.2.6 OR BA.2.7 OR BA.2.8 OR BA.2.9 OR BA.2.9.1 OR BA.2.9.2 OR BA.2.9.3 OR BA.2.9.4 OR BA.2.9.5 OR BA.2.9.6 OR BA.2.9.7 OR BA.2.10 OR BA.2.10.1 OR BA.2.10.2 OR BA.2.10.3 OR BA.2.10.4 OR BA.2.11 OR BA.2.12 OR BA.2.12.1 OR BA.2.12.2 OR BA.2.13 OR BA.2.13.1 OR BA.2.14 OR BA.2.15 OR BA.2.16 OR BA.2.17 OR BA.2.18 OR BA.2.19 OR BA.2.20 OR BA.2.21 OR BA.2.22 OR BA.2.23 OR BA.2.23.1 OR BA.2.24 OR BA.2.25 OR BA.2.25.1 OR BA.2.26 OR BA.2.27 OR BA.2.28 OR BA.2.29 OR BA.2.30 OR BA.2.31 OR BA.2.31.1 OR BA.2.32 OR BA.2.33 OR BA.2.34 OR BA.2.35 OR BA.2.36 OR BA.2.37 OR BA.2.38 OR BA.2.38.1 OR BA.2.38.2 OR BA.2.38.3 OR BA.2.38.4 OR BA.2.39 OR BA.2.40 OR BA.2.40.1 OR BA.2.41 OR BA.2.42 OR BA.2.43 OR BA.2.44 OR BA.2.45 OR BA.2.46 OR BA.2.47 OR BA.2.48 OR BA.2.49 OR BA.2.50 OR BA.2.51 OR BA.2.52 OR BA.2.53 OR BA.2.54 OR BA.2.55 OR BA.2.56 OR BA.2.56.1 OR BA.2.57 OR BA.2.58 OR BA.2.59 OR BA.2.60 OR BA.2.61 OR BA.2.62 OR BA.2.63 OR BA.2.64 OR BA.2.65 OR BA.2.66 OR BA.2.67 OR BA.2.68 OR BA.2.69 OR BA.2.70 OR BA.2.71 OR BA.2.72 OR BA.2.73 OR BA.2.74 OR BA.2.75 OR BA.2.75.1 OR BA.2.75.2 OR BA.2.75.3 OR BA.2.75.4 OR BA.2.75.5 OR BA.2.75.6 OR BA.2.75.7 OR BA.2.75.8 OR BA.2.75.9 OR BA.2.75.10 OR BA.2.76 OR BA.2.76.1 OR BA.2.76.2 OR BA.2.77 OR BA.2.78 OR BA.2.79 OR BA.2.79.1 OR BA.2.80 OR BA.2.81 OR BA.2.82 OR BA.2.83 OR BA.2.85 OR BA.3 OR BA.3.1 OR BA.4 OR BA.4.1 OR BA.4.1.1 OR BA.4.1.2 OR BA.4.1.3 OR BA.4.1.4 OR BA.4.1.5 OR BA.4.1.6 OR BA.4.1.7 OR BA.4.1.8 OR BA.4.1.9 OR BA.4.1.10 OR BA.4.2 OR BA.4.3 OR BA.4.4 OR BA.4.5 OR BA.4.6 OR BA.4.6.1 OR BA.4.6.2 OR BA.4.6.3 OR BA.4.6.4 OR BA.4.6.5 OR BA.4.7 OR BA.4.8 OR BA.5 OR BA.5.1 OR BA.5.1.1 OR BA.5.1.2 OR BA.5.1.3 OR BA.5.1.4 OR BA.5.1.5 OR BA.5.1.6 OR BA.5.1.7 OR BA.5.1.8 OR BA.5.1.9 OR BA.5.1.10 OR BA.5.1.11 OR BA.5.1.12 OR BA.5.1.14 OR BA.5.1.15 OR BA.5.1.16 OR BA.5.1.17 OR BA.5.1.18 OR BA.5.1.19 OR BA.5.1.20 OR BA.5.1.21 OR BA.5.1.22 OR BA.5.1.23 OR BA.5.1.24 OR BA.5.1.25 OR BA.5.1.26 OR BA.5.1.27 OR BA.5.1.28 OR BA.5.1.29 OR BA.5.1.30 OR BA.5.1.31 OR BA.5.1.32 OR BA.5.2 OR BA.5.2.1 OR BA.5.2.2 OR BA.5.2.3 OR BA.5.2.4 OR BA.5.2.5 OR BA.5.2.6 OR BA.5.2.7 OR BA.5.2.8 OR BA.5.2.9 OR BA.5.2.10 OR BA.5.2.11 OR BA.5.2.12 OR BA.5.2.13 OR BA.5.2.14 OR BA.5.2.16 OR BA.5.2.18 OR BA.5.2.19 OR BA.5.2.20 OR BA.5.2.21 OR BA.5.2.22 OR BA.5.2.23 OR BA.5.2.24 OR BA.5.2.25 OR BA.5.2.26 OR BA.5.2.27 OR BA.5.2.28 OR BA.5.2.29 OR BA.5.2.30 OR BA.5.2.31 OR BA.5.2.32 OR BA.5.2.33 OR BA.5.2.34 OR BA.5.2.35 OR BA.5.2.36 OR BA.5.2.37 OR BA.5.2.38 OR BA.5.2.39 OR BA.5.2.40 OR BA.5.2.41 OR BA.5.2.42 OR BA.5.2.43 OR BA.5.2.44 OR BA.5.2.45 OR BA.5.2.46 OR BA.5.2.47 OR BA.5.2.48 OR BA.5.2.49 OR BA.5.3 OR BA.5.3.1 OR BA.5.3.2 OR BA.5.3.3 OR BA.5.3.4 OR BA.5.3.5 OR BA.5.5 OR BA.5.5.1 OR BA.5.5.2 OR BA.5.5.3 OR BA.5.6 OR BA.5.6.1 OR BA.5.6.2 OR BA.5.6.3 OR BA.5.6.4 OR BA.5.7 OR BA.5.8 OR BA.5.9 OR BA.5.10 OR BA.5.10.1 OR BA.5.11 OR BC.1 OR BC.2 OR BD.1 OR BE.1 OR BE.1.1 OR BE.1.1.1 OR BE.1.1.2 OR BE.1.2 OR BE.1.2.1 OR BE.1.3 OR BE.1.4 OR BE.1.4.1 OR BE.1.4.2 OR BE.1.4.3 OR BE.1.4.4 OR BE.2 OR BE.3 OR BE.4 OR BE.4.1 OR BE.4.1.1 OR BE.4.2 OR BE.5 OR BE.6 OR BE.7 OR BE.8 OR BE.9 OR BE.10 OR BF.1 OR BF.1.1 OR BF.2 OR BF.3 OR BF.3.1 OR BF.4 OR BF.5 OR BF.5.1 OR BF.5.2 OR BF.6 OR BF.7 OR BF.7.1 OR BF.7.2 OR BF.7.3 OR BF.7.4 OR BF.7.4.1 OR BF.7.4.2 OR BF.7.5 OR BF.7.5.1 OR BF.7.6 OR BF.7.7 OR BF.7.8 OR BF.7.9 OR BF.7.10 OR BF.7.11 OR BF.7.12 OR BF.7.13 OR BF.7.13.1 OR BF.7.13.2 OR BF.7.14 OR BF.7.15 OR BF.8 OR BF.9 OR BF.10 OR BF.10.1 OR BF.11 OR BF.11.1 OR BF.11.2 OR BF.11.3 OR BF.11.4 OR BF.11.5 OR BF.12 OR BF.13 OR BF.14 OR BF.15 OR BF.16 OR BF.17 OR BF.18 OR BF.19 OR BF.20 OR BF.21 OR BF.22 OR BF.23 OR BF.24 OR BF.25 OR BF.26 OR BF.27 OR BF.28 OR BF.29 OR BF.30 OR BF.31 OR BF.31.1 OR BF.32 OR BF.33 OR BF.34 OR BG.1 OR BG.2 OR BG.3 OR BG.4 OR BG.5 OR BG.6 OR BG.7 OR BH.1 OR BJ.1 OR BK.1 OR BL.1 OR BL.1.1 OR BL.1.2 OR BL.1.3 OR BL.1.4 OR BL.2 OR BL.2.1 OR BL.3 OR BL.4 OR BL.5 OR BL.6 OR BM.1 OR BM.1.1 OR BM.1.1.1 OR BM.1.1.2 OR BM.1.1.3 OR BM.1.1.4 OR BM.1.1.5 OR BM.2 OR BM.2.1 OR BM.2.2 OR BM.2.3 OR BM.3 OR BM.4 OR BM.4.1 OR BM.4.1.1 OR BM.5 OR BM.6 OR BN.1 OR BN.1.1 OR BN.1.1.1 OR BN.1.2 OR BN.1.2.1 OR BN.1.3 OR BN.1.3.1 OR BN.1.3.2 OR BN.1.3.3 OR BN.1.3.4 OR BN.1.4 OR BN.1.4.1 OR BN.1.5 OR BN.1.5.1 OR BN.1.6 OR BN.1.7 OR BN.1.8 OR BN.1.9 OR BN.2 OR BN.2.1 OR BN.3 OR BN.3.1 OR BN.4 OR BN.5 OR BN.6 OR BP.1 OR BQ.1 OR BQ.1.1 OR BQ.1.1.1 OR BQ.1.1.2 OR BQ.1.1.3 OR BQ.1.1.4 OR BQ.1.1.5 OR BQ.1.1.6 OR BQ.1.1.7 OR BQ.1.1.8 OR BQ.1.1.9 OR BQ.1.1.10 OR BQ.1.1.11 OR BQ.1.1.12 OR BQ.1.1.13 OR BQ.1.1.14 OR BQ.1.1.15 OR BQ.1.1.16 OR BQ.1.1.17 OR BQ.1.1.18 OR BQ.1.1.19 OR BQ.1.1.20 OR BQ.1.1.21 OR BQ.1.1.22 OR BQ.1.1.23 OR BQ.1.1.24 OR BQ.1.1.25 OR BQ.1.1.26 OR BQ.1.1.27 OR BQ.1.1.28 OR BQ.1.1.29 OR BQ.1.1.30 OR BQ.1.1.31 OR BQ.1.1.32 OR BQ.1.1.34 OR BQ.1.1.35 OR BQ.1.1.36 OR BQ.1.2 OR BQ.1.3 OR BQ.1.4 OR BQ.1.5 OR BQ.1.6 OR BQ.1.7 OR BQ.1.8 OR BQ.1.8.1 OR BQ.1.8.2 OR BQ.1.9 OR BQ.1.10 OR BQ.1.10.1 OR BQ.1.11 OR BQ.1.12 OR BQ.1.13 OR BQ.1.13.1 OR BQ.1.14 OR BQ.1.15 OR BQ.1.16 OR BQ.1.17 OR BQ.1.18 OR BQ.1.19 OR BQ.1.20 OR BQ.1.21 OR BQ.1.22 OR BQ.1.23 OR BQ.1.24 OR BQ.1.25 OR BQ.1.25.1 OR BQ.1.26 OR BQ.1.26.1 OR BQ.1.27 OR BQ.1.28 OR BQ.2 OR BR.1 OR BR.1.1 OR BR.1.2 OR BR.2 OR BR.2.1 OR BR.3 OR BR.4 OR BS.1 OR BS.1.1 OR BS.1.2 OR BT.1 OR BT.2 OR BU.1 OR BU.2 OR BU.3 OR BV.1 OR BV.2 OR BW.1 OR BW.1.1 OR BY.1 OR BY.1.1 OR BY.1.1.1 OR BY.1.2 OR BY.1.2.1 OR BZ.1 OR CA.1 OR CA.2 OR CA.3 OR CA.3.1 OR CA.4 OR CA.5 OR CA.6 OR CA.7 OR CB.1 OR CC.1 OR CD.1 OR CD.2 OR CE.1 OR CF.1 OR CG.1 OR CH.1 OR CH.1.1 OR CH.1.1.1 OR CH.1.1.2 OR CH.1.1.3 OR CH.1.1.4 OR CH.1.1.5 OR CH.2 OR CH.3 OR CH.3.1 OR CJ.1 OR CJ.1.1 OR CK.1 OR CK.1.1 OR CK.1.2 OR CK.2 OR CK.2.1 OR CK.2.1.1 OR CK.3 OR CL.1 OR CM.1 OR CM.2 OR CM.2.1 OR CM.3 OR CM.4 OR CM.4.1 OR CM.5 OR CM.5.1 OR CM.5.2 OR CM.6 OR CM.6.1 OR CM.7 OR CM.8 OR CM.8.1 OR CM.9 OR CM.10 OR CM.11 OR CM.12 OR CN.1 OR CN.2 OR CP.1 OR CP.1.1 OR CP.1.2 OR CP.1.3 OR CP.2 OR CP.3 OR CP.4 OR CP.5 OR CP.6 OR CQ.1 OR CQ.1.1 OR CQ.2 OR CR.1 OR CR.1.1 OR CR.1.2 OR CR.1.3 OR CR.2 OR CS.1 OR CT.1 OR CU.1 OR CV.1 OR CV.2 OR CW.1 OR CY.1 OR CZ.1 OR DA.1 OR DB.1 OR DB.2 OR DC.1 OR DD.1 OR DE.1 OR DE.2 OR DF.1 OR DF.1.1 OR DG.1 OR DH.1 OR DJ.1 OR DJ.1.1 OR DJ.1.2 OR DJ.1.3 OR DK.1 OR DL.1 OR DM.1 OR DN.1 OR DN.1.1 OR DP.1 OR DQ.1 OR DR.1 OR DS.1 OR DT.1 OR DU.1 OR DV.1,Omicron,6,5.92857142857143,0.988095238095238
2022-05-25,1,1,4,4,1,0.55523738234236,0.999884667211762,B.1.1.529 OR BA.1 OR BA.1.1 OR BA.1.1.1 OR BA.1.1.2 OR BA.1.1.3 OR BA.1.1.4 OR BA.1.1.5 OR BA.1.1.6 OR BA.1.1.7 OR BA.1.1.8 OR BA.1.1.9 OR BA.1.1.10 OR BA.1.1.11 OR BA.1.1.12 OR BA.1.1.13 OR BA.1.1.14 OR BA.1.1.15 OR BA.1.1.16 OR BA.1.1.17 OR BA.1.1.18 OR BA.1.2 OR BA.1.3 OR BA.1.4 OR BA.1.5 OR BA.1.6 OR BA.1.7 OR BA.1.8 OR BA.1.9 OR BA.1.10 OR BA.1.12 OR BA.1.13 OR BA.1.13.1 OR BA.1.14 OR BA.1.14.1 OR BA.1.14.2 OR BA.1.15 OR BA.1.15.1 OR BA.1.15.2 OR BA.1.15.3 OR BA.1.16 OR BA.1.16.1 OR BA.1.16.2 OR BA.1.17 OR BA.1.17.1 OR BA.1.17.2 OR BA.1.18 OR BA.1.19 OR BA.1.20 OR BA.1.21 OR BA.1.21.1 OR BA.1.22 OR BA.1.23 OR BA.1.24 OR BA.2 OR BA.2.1 OR BA.2.2 OR BA.2.2.1 OR BA.2.3 OR BA.2.3.1 OR BA.2.3.2 OR BA.2.3.4 OR BA.2.3.5 OR BA.2.3.6 OR BA.2.3.7 OR BA.2.3.8 OR BA.2.3.9 OR BA.2.3.10 OR BA.2.3.11 OR BA.2.3.12 OR BA.2.3.13 OR BA.2.3.14 OR BA.2.3.15 OR BA.2.3.16 OR BA.2.3.17 OR BA.2.3.18 OR BA.2.3.19 OR BA.2.3.20 OR BA.2.3.21 OR BA.2.3.22 OR BA.2.4 OR BA.2.5 OR BA.2.6 OR BA.2.7 OR BA.2.8 OR BA.2.9 OR BA.2.9.1 OR BA.2.9.2 OR BA.2.9.3 OR BA.2.9.4 OR BA.2.9.5 OR BA.2.9.6 OR BA.2.9.7 OR BA.2.10 OR BA.2.10.1 OR BA.2.10.2 OR BA.2.10.3 OR BA.2.10.4 OR BA.2.11 OR BA.2.12 OR BA.2.12.1 OR BA.2.12.2 OR BA.2.13 OR BA.2.13.1 OR BA.2.14 OR BA.2.15 OR BA.2.16 OR BA.2.17 OR BA.2.18 OR BA.2.19 OR BA.2.20 OR BA.2.21 OR BA.2.22 OR BA.2.23 OR BA.2.23.1 OR BA.2.24 OR BA.2.25 OR BA.2.25.1 OR BA.2.26 OR BA.2.27 OR BA.2.28 OR BA.2.29 OR BA.2.30 OR BA.2.31 OR BA.2.31.1 OR BA.2.32 OR BA.2.33 OR BA.2.34 OR BA.2.35 OR BA.2.36 OR BA.2.37 OR BA.2.38 OR BA.2.38.1 OR BA.2.38.2 OR BA.2.38.3 OR BA.2.38.4 OR BA.2.39 OR BA.2.40 OR BA.2.40.1 OR BA.2.41 OR BA.2.42 OR BA.2.43 OR BA.2.44 OR BA.2.45 OR BA.2.46 OR BA.2.47 OR BA.2.48 OR BA.2.49 OR BA.2.50 OR BA.2.51 OR BA.2.52 OR BA.2.53 OR BA.2.54 OR BA.2.55 OR BA.2.56 OR BA.2.56.1 OR BA.2.57 OR BA.2.58 OR BA.2.59 OR BA.2.60 OR BA.2.61 OR BA.2.62 OR BA.2.63 OR BA.2.64 OR BA.2.65 OR BA.2.66 OR BA.2.67 OR BA.2.68 OR BA.2.69 OR BA.2.70 OR BA.2.71 OR BA.2.72 OR BA.2.73 OR BA.2.74 OR BA.2.75 OR BA.2.75.1 OR BA.2.75.2 OR BA.2.75.3 OR BA.2.75.4 OR BA.2.75.5 OR BA.2.75.6 OR BA.2.75.7 OR BA.2.75.8 OR BA.2.75.9 OR BA.2.75.10 OR BA.2.76 OR BA.2.76.1 OR BA.2.76.2 OR BA.2.77 OR BA.2.78 OR BA.2.79 OR BA.2.79.1 OR BA.2.80 OR BA.2.81 OR BA.2.82 OR BA.2.83 OR BA.2.85 OR BA.3 OR BA.3.1 OR BA.4 OR BA.4.1 OR BA.4.1.1 OR BA.4.1.2 OR BA.4.1.3 OR BA.4.1.4 OR BA.4.1.5 OR BA.4.1.6 OR BA.4.1.7 OR BA.4.1.8 OR BA.4.1.9 OR BA.4.1.10 OR BA.4.2 OR BA.4.3 OR BA.4.4 OR BA.4.5 OR BA.4.6 OR BA.4.6.1 OR BA.4.6.2 OR BA.4.6.3 OR BA.4.6.4 OR BA.4.6.5 OR BA.4.7 OR BA.4.8 OR BA.5 OR BA.5.1 OR BA.5.1.1 OR BA.5.1.2 OR BA.5.1.3 OR BA.5.1.4 OR BA.5.1.5 OR BA.5.1.6 OR BA.5.1.7 OR BA.5.1.8 OR BA.5.1.9 OR BA.5.1.10 OR BA.5.1.11 OR BA.5.1.12 OR BA.5.1.14 OR BA.5.1.15 OR BA.5.1.16 OR BA.5.1.17 OR BA.5.1.18 OR BA.5.1.19 OR BA.5.1.20 OR BA.5.1.21 OR BA.5.1.22 OR BA.5.1.23 OR BA.5.1.24 OR BA.5.1.25 OR BA.5.1.26 OR BA.5.1.27 OR BA.5.1.28 OR BA.5.1.29 OR BA.5.1.30 OR BA.5.1.31 OR BA.5.1.32 OR BA.5.2 OR BA.5.2.1 OR BA.5.2.2 OR BA.5.2.3 OR BA.5.2.4 OR BA.5.2.5 OR BA.5.2.6 OR BA.5.2.7 OR BA.5.2.8 OR BA.5.2.9 OR BA.5.2.10 OR BA.5.2.11 OR BA.5.2.12 OR BA.5.2.13 OR BA.5.2.14 OR BA.5.2.16 OR BA.5.2.18 OR BA.5.2.19 OR BA.5.2.20 OR BA.5.2.21 OR BA.5.2.22 OR BA.5.2.23 OR BA.5.2.24 OR BA.5.2.25 OR BA.5.2.26 OR BA.5.2.27 OR BA.5.2.28 OR BA.5.2.29 OR BA.5.2.30 OR BA.5.2.31 OR BA.5.2.32 OR BA.5.2.33 OR BA.5.2.34 OR BA.5.2.35 OR BA.5.2.36 OR BA.5.2.37 OR BA.5.2.38 OR BA.5.2.39 OR BA.5.2.40 OR BA.5.2.41 OR BA.5.2.42 OR BA.5.2.43 OR BA.5.2.44 OR BA.5.2.45 OR BA.5.2.46 OR BA.5.2.47 OR BA.5.2.48 OR BA.5.2.49 OR BA.5.3 OR BA.5.3.1 OR BA.5.3.2 OR BA.5.3.3 OR BA.5.3.4 OR BA.5.3.5 OR BA.5.5 OR BA.5.5.1 OR BA.5.5.2 OR BA.5.5.3 OR BA.5.6 OR BA.5.6.1 OR BA.5.6.2 OR BA.5.6.3 OR BA.5.6.4 OR BA.5.7 OR BA.5.8 OR BA.5.9 OR BA.5.10 OR BA.5.10.1 OR BA.5.11 OR BC.1 OR BC.2 OR BD.1 OR BE.1 OR BE.1.1 OR BE.1.1.1 OR BE.1.1.2 OR BE.1.2 OR BE.1.2.1 OR BE.1.3 OR BE.1.4 OR BE.1.4.1 OR BE.1.4.2 OR BE.1.4.3 OR BE.1.4.4 OR BE.2 OR BE.3 OR BE.4 OR BE.4.1 OR BE.4.1.1 OR BE.4.2 OR BE.5 OR BE.6 OR BE.7 OR BE.8 OR BE.9 OR BE.10 OR BF.1 OR BF.1.1 OR BF.2 OR BF.3 OR BF.3.1 OR BF.4 OR BF.5 OR BF.5.1 OR BF.5.2 OR BF.6 OR BF.7 OR BF.7.1 OR BF.7.2 OR BF.7.3 OR BF.7.4 OR BF.7.4.1 OR BF.7.4.2 OR BF.7.5 OR BF.7.5.1 OR BF.7.6 OR BF.7.7 OR BF.7.8 OR BF.7.9 OR BF.7.10 OR BF.7.11 OR BF.7.12 OR BF.7.13 OR BF.7.13.1 OR BF.7.13.2 OR BF.7.14 OR BF.7.15 OR BF.8 OR BF.9 OR BF.10 OR BF.10.1 OR BF.11 OR BF.11.1 OR BF.11.2 OR BF.11.3 OR BF.11.4 OR BF.11.5 OR BF.12 OR BF.13 OR BF.14 OR BF.15 OR BF.16 OR BF.17 OR BF.18 OR BF.19 OR BF.20 OR BF.21 OR BF.22 OR BF.23 OR BF.24 OR BF.25 OR BF.26 OR BF.27 OR BF.28 OR BF.29 OR BF.30 OR BF.31 OR BF.31.1 OR BF.32 OR BF.33 OR BF.34 OR BG.1 OR BG.2 OR BG.3 OR BG.4 OR BG.5 OR BG.6 OR BG.7 OR BH.1 OR BJ.1 OR BK.1 OR BL.1 OR BL.1.1 OR BL.1.2 OR BL.1.3 OR BL.1.4 OR BL.2 OR BL.2.1 OR BL.3 OR BL.4 OR BL.5 OR BL.6 OR BM.1 OR BM.1.1 OR BM.1.1.1 OR BM.1.1.2 OR BM.1.1.3 OR BM.1.1.4 OR BM.1.1.5 OR BM.2 OR BM.2.1 OR BM.2.2 OR BM.2.3 OR BM.3 OR BM.4 OR BM.4.1 OR BM.4.1.1 OR BM.5 OR BM.6 OR BN.1 OR BN.1.1 OR BN.1.1.1 OR BN.1.2 OR BN.1.2.1 OR BN.1.3 OR BN.1.3.1 OR BN.1.3.2 OR BN.1.3.3 OR BN.1.3.4 OR BN.1.4 OR BN.1.4.1 OR BN.1.5 OR BN.1.5.1 OR BN.1.6 OR BN.1.7 OR BN.1.8 OR BN.1.9 OR BN.2 OR BN.2.1 OR BN.3 OR BN.3.1 OR BN.4 OR BN.5 OR BN.6 OR BP.1 OR BQ.1 OR BQ.1.1 OR BQ.1.1.1 OR BQ.1.1.2 OR BQ.1.1.3 OR BQ.1.1.4 OR BQ.1.1.5 OR BQ.1.1.6 OR BQ.1.1.7 OR BQ.1.1.8 OR BQ.1.1.9 OR BQ.1.1.10 OR BQ.1.1.11 OR BQ.1.1.12 OR BQ.1.1.13 OR BQ.1.1.14 OR BQ.1.1.15 OR BQ.1.1.16 OR BQ.1.1.17 OR BQ.1.1.18 OR BQ.1.1.19 OR BQ.1.1.20 OR BQ.1.1.21 OR BQ.1.1.22 OR BQ.1.1.23 OR BQ.1.1.24 OR BQ.1.1.25 OR BQ.1.1.26 OR BQ.1.1.27 OR BQ.1.1.28 OR BQ.1.1.29 OR BQ.1.1.30 OR BQ.1.1.31 OR BQ.1.1.32 OR BQ.1.1.34 OR BQ.1.1.35 OR BQ.1.1.36 OR BQ.1.2 OR BQ.1.3 OR BQ.1.4 OR BQ.1.5 OR BQ.1.6 OR BQ.1.7 OR BQ.1.8 OR BQ.1.8.1 OR BQ.1.8.2 OR BQ.1.9 OR BQ.1.10 OR BQ.1.10.1 OR BQ.1.11 OR BQ.1.12 OR BQ.1.13 OR BQ.1.13.1 OR BQ.1.14 OR BQ.1.15 OR BQ.1.16 OR BQ.1.17 OR BQ.1.18 OR BQ.1.19 OR BQ.1.20 OR BQ.1.21 OR BQ.1.22 OR BQ.1.23 OR BQ.1.24 OR BQ.1.25 OR BQ.1.25.1 OR BQ.1.26 OR BQ.1.26.1 OR BQ.1.27 OR BQ.1.28 OR BQ.2 OR BR.1 OR BR.1.1 OR BR.1.2 OR BR.2 OR BR.2.1 OR BR.3 OR BR.4 OR BS.1 OR BS.1.1 OR BS.1.2 OR BT.1 OR BT.2 OR BU.1 OR BU.2 OR BU.3 OR BV.1 OR BV.2 OR BW.1 OR BW.1.1 OR BY.1 OR BY.1.1 OR BY.1.1.1 OR BY.1.2 OR BY.1.2.1 OR BZ.1 OR CA.1 OR CA.2 OR CA.3 OR CA.3.1 OR CA.4 OR CA.5 OR CA.6 OR CA.7 OR CB.1 OR CC.1 OR CD.1 OR CD.2 OR CE.1 OR CF.1 OR CG.1 OR CH.1 OR CH.1.1 OR CH.1.1.1 OR CH.1.1.2 OR CH.1.1.3 OR CH.1.1.4 OR CH.1.1.5 OR CH.2 OR CH.3 OR CH.3.1 OR CJ.1 OR CJ.1.1 OR CK.1 OR CK.1.1 OR CK.1.2 OR CK.2 OR CK.2.1 OR CK.2.1.1 OR CK.3 OR CL.1 OR CM.1 OR CM.2 OR CM.2.1 OR CM.3 OR CM.4 OR CM.4.1 OR CM.5 OR CM.5.1 OR CM.5.2 OR CM.6 OR CM.6.1 OR CM.7 OR CM.8 OR CM.8.1 OR CM.9 OR CM.10 OR CM.11 OR CM.12 OR CN.1 OR CN.2 OR CP.1 OR CP.1.1 OR CP.1.2 OR CP.1.3 OR CP.2 OR CP.3 OR CP.4 OR CP.5 OR CP.6 OR CQ.1 OR CQ.1.1 OR CQ.2 OR CR.1 OR CR.1.1 OR CR.1.2 OR CR.1.3 OR CR.2 OR CS.1 OR CT.1 OR CU.1 OR CV.1 OR CV.2 OR CW.1 OR CY.1 OR CZ.1 OR DA.1 OR DB.1 OR DB.2 OR DC.1 OR DD.1 OR DE.1 OR DE.2 OR DF.1 OR DF.1.1 OR DG.1 OR DH.1 OR DJ.1 OR DJ.1.1 OR DJ.1.2 OR DJ.1.3 OR DK.1 OR DL.1 OR DM.1 OR DN.1 OR DN.1.1 OR DP.1 OR DQ.1 OR DR.1 OR DS.1 OR DT.1 OR DU.1 OR DV.1,Omicron,5.42857142857143,5.42857142857143,1
2022-05-26,2,2,3.14285714285714,3.14285714285714,1,0.46441675695705,0.999849363974563,B.1.1.529 OR BA.1 OR BA.1.1 OR BA.1.1.1 OR BA.1.1.2 OR BA.1.1.3 OR BA.1.1.4 OR BA.1.1.5 OR BA.1.1.6 OR BA.1.1.7 OR BA.1.1.8 OR BA.1.1.9 OR BA.1.1.10 OR BA.1.1.11 OR BA.1.1.12 OR BA.1.1.13 OR BA.1.1.14 OR BA.1.1.15 OR BA.1.1.16 OR BA.1.1.17 OR BA.1.1.18 OR BA.1.2 OR BA.1.3 OR BA.1.4 OR BA.1.5 OR BA.1.6 OR BA.1.7 OR BA.1.8 OR BA.1.9 OR BA.1.10 OR BA.1.12 OR BA.1.13 OR BA.1.13.1 OR BA.1.14 OR BA.1.14.1 OR BA.1.14.2 OR BA.1.15 OR BA.1.15.1 OR BA.1.15.2 OR BA.1.15.3 OR BA.1.16 OR BA.1.16.1 OR BA.1.16.2 OR BA.1.17 OR BA.1.17.1 OR BA.1.17.2 OR BA.1.18 OR BA.1.19 OR BA.1.20 OR BA.1.21 OR BA.1.21.1 OR BA.1.22 OR BA.1.23 OR BA.1.24 OR BA.2 OR BA.2.1 OR BA.2.2 OR BA.2.2.1 OR BA.2.3 OR BA.2.3.1 OR BA.2.3.2 OR BA.2.3.4 OR BA.2.3.5 OR BA.2.3.6 OR BA.2.3.7 OR BA.2.3.8 OR BA.2.3.9 OR BA.2.3.10 OR BA.2.3.11 OR BA.2.3.12 OR BA.2.3.13 OR BA.2.3.14 OR BA.2.3.15 OR BA.2.3.16 OR BA.2.3.17 OR BA.2.3.18 OR BA.2.3.19 OR BA.2.3.20 OR BA.2.3.21 OR BA.2.3.22 OR BA.2.4 OR BA.2.5 OR BA.2.6 OR BA.2.7 OR BA.2.8 OR BA.2.9 OR BA.2.9.1 OR BA.2.9.2 OR BA.2.9.3 OR BA.2.9.4 OR BA.2.9.5 OR BA.2.9.6 OR BA.2.9.7 OR BA.2.10 OR BA.2.10.1 OR BA.2.10.2 OR BA.2.10.3 OR BA.2.10.4 OR BA.2.11 OR BA.2.12 OR BA.2.12.1 OR BA.2.12.2 OR BA.2.13 OR BA.2.13.1 OR BA.2.14 OR BA.2.15 OR BA.2.16 OR BA.2.17 OR BA.2.18 OR BA.2.19 OR BA.2.20 OR BA.2.21 OR BA.2.22 OR BA.2.23 OR BA.2.23.1 OR BA.2.24 OR BA.2.25 OR BA.2.25.1 OR BA.2.26 OR BA.2.27 OR BA.2.28 OR BA.2.29 OR BA.2.30 OR BA.2.31 OR BA.2.31.1 OR BA.2.32 OR BA.2.33 OR BA.2.34 OR BA.2.35 OR BA.2.36 OR BA.2.37 OR BA.2.38 OR BA.2.38.1 OR BA.2.38.2 OR BA.2.38.3 OR BA.2.38.4 OR BA.2.39 OR BA.2.40 OR BA.2.40.1 OR BA.2.41 OR BA.2.42 OR BA.2.43 OR BA.2.44 OR BA.2.45 OR BA.2.46 OR BA.2.47 OR BA.2.48 OR BA.2.49 OR BA.2.50 OR BA.2.51 OR BA.2.52 OR BA.2.53 OR BA.2.54 OR BA.2.55 OR BA.2.56 OR BA.2.56.1 OR BA.2.57 OR BA.2.58 OR BA.2.59 OR BA.2.60 OR BA.2.61 OR BA.2.62 OR BA.2.63 OR BA.2.64 OR BA.2.65 OR BA.2.66 OR BA.2.67 OR BA.2.68 OR BA.2.69 OR BA.2.70 OR BA.2.71 OR BA.2.72 OR BA.2.73 OR BA.2.74 OR BA.2.75 OR BA.2.75.1 OR BA.2.75.2 OR BA.2.75.3 OR BA.2.75.4 OR BA.2.75.5 OR BA.2.75.6 OR BA.2.75.7 OR BA.2.75.8 OR BA.2.75.9 OR BA.2.75.10 OR BA.2.76 OR BA.2.76.1 OR BA.2.76.2 OR BA.2.77 OR BA.2.78 OR BA.2.79 OR BA.2.79.1 OR BA.2.80 OR BA.2.81 OR BA.2.82 OR BA.2.83 OR BA.2.85 OR BA.3 OR BA.3.1 OR BA.4 OR BA.4.1 OR BA.4.1.1 OR BA.4.1.2 OR BA.4.1.3 OR BA.4.1.4 OR BA.4.1.5 OR BA.4.1.6 OR BA.4.1.7 OR BA.4.1.8 OR BA.4.1.9 OR BA.4.1.10 OR BA.4.2 OR BA.4.3 OR BA.4.4 OR BA.4.5 OR BA.4.6 OR BA.4.6.1 OR BA.4.6.2 OR BA.4.6.3 OR BA.4.6.4 OR BA.4.6.5 OR BA.4.7 OR BA.4.8 OR BA.5 OR BA.5.1 OR BA.5.1.1 OR BA.5.1.2 OR BA.5.1.3 OR BA.5.1.4 OR BA.5.1.5 OR BA.5.1.6 OR BA.5.1.7 OR BA.5.1.8 OR BA.5.1.9 OR BA.5.1.10 OR BA.5.1.11 OR BA.5.1.12 OR BA.5.1.14 OR BA.5.1.15 OR BA.5.1.16 OR BA.5.1.17 OR BA.5.1.18 OR BA.5.1.19 OR BA.5.1.20 OR BA.5.1.21 OR BA.5.1.22 OR BA.5.1.23 OR BA.5.1.24 OR BA.5.1.25 OR BA.5.1.26 OR BA.5.1.27 OR BA.5.1.28 OR BA.5.1.29 OR BA.5.1.30 OR BA.5.1.31 OR BA.5.1.32 OR BA.5.2 OR BA.5.2.1 OR BA.5.2.2 OR BA.5.2.3 OR BA.5.2.4 OR BA.5.2.5 OR BA.5.2.6 OR BA.5.2.7 OR BA.5.2.8 OR BA.5.2.9 OR BA.5.2.10 OR BA.5.2.11 OR BA.5.2.12 OR BA.5.2.13 OR BA.5.2.14 OR BA.5.2.16 OR BA.5.2.18 OR BA.5.2.19 OR BA.5.2.20 OR BA.5.2.21 OR BA.5.2.22 OR BA.5.2.23 OR BA.5.2.24 OR BA.5.2.25 OR BA.5.2.26 OR BA.5.2.27 OR BA.5.2.28 OR BA.5.2.29 OR BA.5.2.30 OR BA.5.2.31 OR BA.5.2.32 OR BA.5.2.33 OR BA.5.2.34 OR BA.5.2.35 OR BA.5.2.36 OR BA.5.2.37 OR BA.5.2.38 OR BA.5.2.39 OR BA.5.2.40 OR BA.5.2.41 OR BA.5.2.42 OR BA.5.2.43 OR BA.5.2.44 OR BA.5.2.45 OR BA.5.2.46 OR BA.5.2.47 OR BA.5.2.48 OR BA.5.2.49 OR BA.5.3 OR BA.5.3.1 OR BA.5.3.2 OR BA.5.3.3 OR BA.5.3.4 OR BA.5.3.5 OR BA.5.5 OR BA.5.5.1 OR BA.5.5.2 OR BA.5.5.3 OR BA.5.6 OR BA.5.6.1 OR BA.5.6.2 OR BA.5.6.3 OR BA.5.6.4 OR BA.5.7 OR BA.5.8 OR BA.5.9 OR BA.5.10 OR BA.5.10.1 OR BA.5.11 OR BC.1 OR BC.2 OR BD.1 OR BE.1 OR BE.1.1 OR BE.1.1.1 OR BE.1.1.2 OR BE.1.2 OR BE.1.2.1 OR BE.1.3 OR BE.1.4 OR BE.1.4.1 OR BE.1.4.2 OR BE.1.4.3 OR BE.1.4.4 OR BE.2 OR BE.3 OR BE.4 OR BE.4.1 OR BE.4.1.1 OR BE.4.2 OR BE.5 OR BE.6 OR BE.7 OR BE.8 OR BE.9 OR BE.10 OR BF.1 OR BF.1.1 OR BF.2 OR BF.3 OR BF.3.1 OR BF.4 OR BF.5 OR BF.5.1 OR BF.5.2 OR BF.6 OR BF.7 OR BF.7.1 OR BF.7.2 OR BF.7.3 OR BF.7.4 OR BF.7.4.1 OR BF.7.4.2 OR BF.7.5 OR BF.7.5.1 OR BF.7.6 OR BF.7.7 OR BF.7.8 OR BF.7.9 OR BF.7.10 OR BF.7.11 OR BF.7.12 OR BF.7.13 OR BF.7.13.1 OR BF.7.13.2 OR BF.7.14 OR BF.7.15 OR BF.8 OR BF.9 OR BF.10 OR BF.10.1 OR BF.11 OR BF.11.1 OR BF.11.2 OR BF.11.3 OR BF.11.4 OR BF.11.5 OR BF.12 OR BF.13 OR BF.14 OR BF.15 OR BF.16 OR BF.17 OR BF.18 OR BF.19 OR BF.20 OR BF.21 OR BF.22 OR BF.23 OR BF.24 OR BF.25 OR BF.26 OR BF.27 OR BF.28 OR BF.29 OR BF.30 OR BF.31 OR BF.31.1 OR BF.32 OR BF.33 OR BF.34 OR BG.1 OR BG.2 OR BG.3 OR BG.4 OR BG.5 OR BG.6 OR BG.7 OR BH.1 OR BJ.1 OR BK.1 OR BL.1 OR BL.1.1 OR BL.1.2 OR BL.1.3 OR BL.1.4 OR BL.2 OR BL.2.1 OR BL.3 OR BL.4 OR BL.5 OR BL.6 OR BM.1 OR BM.1.1 OR BM.1.1.1 OR BM.1.1.2 OR BM.1.1.3 OR BM.1.1.4 OR BM.1.1.5 OR BM.2 OR BM.2.1 OR BM.2.2 OR BM.2.3 OR BM.3 OR BM.4 OR BM.4.1 OR BM.4.1.1 OR BM.5 OR BM.6 OR BN.1 OR BN.1.1 OR BN.1.1.1 OR BN.1.2 OR BN.1.2.1 OR BN.1.3 OR BN.1.3.1 OR BN.1.3.2 OR BN.1.3.3 OR BN.1.3.4 OR BN.1.4 OR BN.1.4.1 OR BN.1.5 OR BN.1.5.1 OR BN.1.6 OR BN.1.7 OR BN.1.8 OR BN.1.9 OR BN.2 OR BN.2.1 OR BN.3 OR BN.3.1 OR BN.4 OR BN.5 OR BN.6 OR BP.1 OR BQ.1 OR BQ.1.1 OR BQ.1.1.1 OR BQ.1.1.2 OR BQ.1.1.3 OR BQ.1.1.4 OR BQ.1.1.5 OR BQ.1.1.6 OR BQ.1.1.7 OR BQ.1.1.8 OR BQ.1.1.9 OR BQ.1.1.10 OR BQ.1.1.11 OR BQ.1.1.12 OR BQ.1.1.13 OR BQ.1.1.14 OR BQ.1.1.15 OR BQ.1.1.16 OR BQ.1.1.17 OR BQ.1.1.18 OR BQ.1.1.19 OR BQ.1.1.20 OR BQ.1.1.21 OR BQ.1.1.22 OR BQ.1.1.23 OR BQ.1.1.24 OR BQ.1.1.25 OR BQ.1.1.26 OR BQ.1.1.27 OR BQ.1.1.28 OR BQ.1.1.29 OR BQ.1.1.30 OR BQ.1.1.31 OR BQ.1.1.32 OR BQ.1.1.34 OR BQ.1.1.35 OR BQ.1.1.36 OR BQ.1.2 OR BQ.1.3 OR BQ.1.4 OR BQ.1.5 OR BQ.1.6 OR BQ.1.7 OR BQ.1.8 OR BQ.1.8.1 OR BQ.1.8.2 OR BQ.1.9 OR BQ.1.10 OR BQ.1.10.1 OR BQ.1.11 OR BQ.1.12 OR BQ.1.13 OR BQ.1.13.1 OR BQ.1.14 OR BQ.1.15 OR BQ.1.16 OR BQ.1.17 OR BQ.1.18 OR BQ.1.19 OR BQ.1.20 OR BQ.1.21 OR BQ.1.22 OR BQ.1.23 OR BQ.1.24 OR BQ.1.25 OR BQ.1.25.1 OR BQ.1.26 OR BQ.1.26.1 OR BQ.1.27 OR BQ.1.28 OR BQ.2 OR BR.1 OR BR.1.1 OR BR.1.2 OR BR.2 OR BR.2.1 OR BR.3 OR BR.4 OR BS.1 OR BS.1.1 OR BS.1.2 OR BT.1 OR BT.2 OR BU.1 OR BU.2 OR BU.3 OR BV.1 OR BV.2 OR BW.1 OR BW.1.1 OR BY.1 OR BY.1.1 OR BY.1.1.1 OR BY.1.2 OR BY.1.2.1 OR BZ.1 OR CA.1 OR CA.2 OR CA.3 OR CA.3.1 OR CA.4 OR CA.5 OR CA.6 OR CA.7 OR CB.1 OR CC.1 OR CD.1 OR CD.2 OR CE.1 OR CF.1 OR CG.1 OR CH.1 OR CH.1.1 OR CH.1.1.1 OR CH.1.1.2 OR CH.1.1.3 OR CH.1.1.4 OR CH.1.1.5 OR CH.2 OR CH.3 OR CH.3.1 OR CJ.1 OR CJ.1.1 OR CK.1 OR CK.1.1 OR CK.1.2 OR CK.2 OR CK.2.1 OR CK.2.1.1 OR CK.3 OR CL.1 OR CM.1 OR CM.2 OR CM.2.1 OR CM.3 OR CM.4 OR CM.4.1 OR CM.5 OR CM.5.1 OR CM.5.2 OR CM.6 OR CM.6.1 OR CM.7 OR CM.8 OR CM.8.1 OR CM.9 OR CM.10 OR CM.11 OR CM.12 OR CN.1 OR CN.2 OR CP.1 OR CP.1.1 OR CP.1.2 OR CP.1.3 OR CP.2 OR CP.3 OR CP.4 OR CP.5 OR CP.6 OR CQ.1 OR CQ.1.1 OR CQ.2 OR CR.1 OR CR.1.1 OR CR.1.2 OR CR.1.3 OR CR.2 OR CS.1 OR CT.1 OR CU.1 OR CV.1 OR CV.2 OR CW.1 OR CY.1 OR CZ.1 OR DA.1 OR DB.1 OR DB.2 OR DC.1 OR DD.1 OR DE.1 OR DE.2 OR DF.1 OR DF.1.1 OR DG.1 OR DH.1 OR DJ.1 OR DJ.1.1 OR DJ.1.2 OR DJ.1.3 OR DK.1 OR DL.1 OR DM.1 OR DN.1 OR DN.1.1 OR DP.1 OR DQ.1 OR DR.1 OR DS.1 OR DT.1 OR DU.1 OR DV.1,Omicron,5.5,5.5,1
2022-05-27,6,4,3.57142857142857,3.28571428571429,0.92,0.283751679563413,0.971529104912853,B.1.1.529 OR BA.1 OR BA.1.1 OR BA.1.1.1 OR BA.1.1.2 OR BA.1.1.3 OR BA.1.1.4 OR BA.1.1.5 OR BA.1.1.6 OR BA.1.1.7 OR BA.1.1.8 OR BA.1.1.9 OR BA.1.1.10 OR BA.1.1.11 OR BA.1.1.12 OR BA.1.1.13 OR BA.1.1.14 OR BA.1.1.15 OR BA.1.1.16 OR BA.1.1.17 OR BA.1.1.18 OR BA.1.2 OR BA.1.3 OR BA.1.4 OR BA.1.5 OR BA.1.6 OR BA.1.7 OR BA.1.8 OR BA.1.9 OR BA.1.10 OR BA.1.12 OR BA.1.13 OR BA.1.13.1 OR BA.1.14 OR BA.1.14.1 OR BA.1.14.2 OR BA.1.15 OR BA.1.15.1 OR BA.1.15.2 OR BA.1.15.3 OR BA.1.16 OR BA.1.16.1 OR BA.1.16.2 OR BA.1.17 OR BA.1.17.1 OR BA.1.17.2 OR BA.1.18 OR BA.1.19 OR BA.1.20 OR BA.1.21 OR BA.1.21.1 OR BA.1.22 OR BA.1.23 OR BA.1.24 OR BA.2 OR BA.2.1 OR BA.2.2 OR BA.2.2.1 OR BA.2.3 OR BA.2.3.1 OR BA.2.3.2 OR BA.2.3.4 OR BA.2.3.5 OR BA.2.3.6 OR BA.2.3.7 OR BA.2.3.8 OR BA.2.3.9 OR BA.2.3.10 OR BA.2.3.11 OR BA.2.3.12 OR BA.2.3.13 OR BA.2.3.14 OR BA.2.3.15 OR BA.2.3.16 OR BA.2.3.17 OR BA.2.3.18 OR BA.2.3.19 OR BA.2.3.20 OR BA.2.3.21 OR BA.2.3.22 OR BA.2.4 OR BA.2.5 OR BA.2.6 OR BA.2.7 OR BA.2.8 OR BA.2.9 OR BA.2.9.1 OR BA.2.9.2 OR BA.2.9.3 OR BA.2.9.4 OR BA.2.9.5 OR BA.2.9.6 OR BA.2.9.7 OR BA.2.10 OR BA.2.10.1 OR BA.2.10.2 OR BA.2.10.3 OR BA.2.10.4 OR BA.2.11 OR BA.2.12 OR BA.2.12.1 OR BA.2.12.2 OR BA.2.13 OR BA.2.13.1 OR BA.2.14 OR BA.2.15 OR BA.2.16 OR BA.2.17 OR BA.2.18 OR BA.2.19 OR BA.2.20 OR BA.2.21 OR BA.2.22 OR BA.2.23 OR BA.2.23.1 OR BA.2.24 OR BA.2.25 OR BA.2.25.1 OR BA.2.26 OR BA.2.27 OR BA.2.28 OR BA.2.29 OR BA.2.30 OR BA.2.31 OR BA.2.31.1 OR BA.2.32 OR BA.2.33 OR BA.2.34 OR BA.2.35 OR BA.2.36 OR BA.2.37 OR BA.2.38 OR BA.2.38.1 OR BA.2.38.2 OR BA.2.38.3 OR BA.2.38.4 OR BA.2.39 OR BA.2.40 OR BA.2.40.1 OR BA.2.41 OR BA.2.42 OR BA.2.43 OR BA.2.44 OR BA.2.45 OR BA.2.46 OR BA.2.47 OR BA.2.48 OR BA.2.49 OR BA.2.50 OR BA.2.51 OR BA.2.52 OR BA.2.53 OR BA.2.54 OR BA.2.55 OR BA.2.56 OR BA.2.56.1 OR BA.2.57 OR BA.2.58 OR BA.2.59 OR BA.2.60 OR BA.2.61 OR BA.2.62 OR BA.2.63 OR BA.2.64 OR BA.2.65 OR BA.2.66 OR BA.2.67 OR BA.2.68 OR BA.2.69 OR BA.2.70 OR BA.2.71 OR BA.2.72 OR BA.2.73 OR BA.2.74 OR BA.2.75 OR BA.2.75.1 OR BA.2.75.2 OR BA.2.75.3 OR BA.2.75.4 OR BA.2.75.5 OR BA.2.75.6 OR BA.2.75.7 OR BA.2.75.8 OR BA.2.75.9 OR BA.2.75.10 OR BA.2.76 OR BA.2.76.1 OR BA.2.76.2 OR BA.2.77 OR BA.2.78 OR BA.2.79 OR BA.2.79.1 OR BA.2.80 OR BA.2.81 OR BA.2.82 OR BA.2.83 OR BA.2.85 OR BA.3 OR BA.3.1 OR BA.4 OR BA.4.1 OR BA.4.1.1 OR BA.4.1.2 OR BA.4.1.3 OR BA.4.1.4 OR BA.4.1.5 OR BA.4.1.6 OR BA.4.1.7 OR BA.4.1.8 OR BA.4.1.9 OR BA.4.1.10 OR BA.4.2 OR BA.4.3 OR BA.4.4 OR BA.4.5 OR BA.4.6 OR BA.4.6.1 OR BA.4.6.2 OR BA.4.6.3 OR BA.4.6.4 OR BA.4.6.5 OR BA.4.7 OR BA.4.8 OR BA.5 OR BA.5.1 OR BA.5.1.1 OR BA.5.1.2 OR BA.5.1.3 OR BA.5.1.4 OR BA.5.1.5 OR BA.5.1.6 OR BA.5.1.7 OR BA.5.1.8 OR BA.5.1.9 OR BA.5.1.10 OR BA.5.1.11 OR BA.5.1.12 OR BA.5.1.14 OR BA.5.1.15 OR BA.5.1.16 OR BA.5.1.17 OR BA.5.1.18 OR BA.5.1.19 OR BA.5.1.20 OR BA.5.1.21 OR BA.5.1.22 OR BA.5.1.23 OR BA.5.1.24 OR BA.5.1.25 OR BA.5.1.26 OR BA.5.1.27 OR BA.5.1.28 OR BA.5.1.29 OR BA.5.1.30 OR BA.5.1.31 OR BA.5.1.32 OR BA.5.2 OR BA.5.2.1 OR BA.5.2.2 OR BA.5.2.3 OR BA.5.2.4 OR BA.5.2.5 OR BA.5.2.6 OR BA.5.2.7 OR BA.5.2.8 OR BA.5.2.9 OR BA.5.2.10 OR BA.5.2.11 OR BA.5.2.12 OR BA.5.2.13 OR BA.5.2.14 OR BA.5.2.16 OR BA.5.2.18 OR BA.5.2.19 OR BA.5.2.20 OR BA.5.2.21 OR BA.5.2.22 OR BA.5.2.23 OR BA.5.2.24 OR BA.5.2.25 OR BA.5.2.26 OR BA.5.2.27 OR BA.5.2.28 OR BA.5.2.29 OR BA.5.2.30 OR BA.5.2.31 OR BA.5.2.32 OR BA.5.2.33 OR BA.5.2.34 OR BA.5.2.35 OR BA.5.2.36 OR BA.5.2.37 OR BA.5.2.38 OR BA.5.2.39 OR BA.5.2.40 OR BA.5.2.41 OR BA.5.2.42 OR BA.5.2.43 OR BA.5.2.44 OR BA.5.2.45 OR BA.5.2.46 OR BA.5.2.47 OR BA.5.2.48 OR BA.5.2.49 OR BA.5.3 OR BA.5.3.1 OR BA.5.3.2 OR BA.5.3.3 OR BA.5.3.4 OR BA.5.3.5 OR BA.5.5 OR BA.5.5.1 OR BA.5.5.2 OR BA.5.5.3 OR BA.5.6 OR BA.5.6.1 OR BA.5.6.2 OR BA.5.6.3 OR BA.5.6.4 OR BA.5.7 OR BA.5.8 OR BA.5.9 OR BA.5.10 OR BA.5.10.1 OR BA.5.11 OR BC.1 OR BC.2 OR BD.1 OR BE.1 OR BE.1.1 OR BE.1.1.1 OR BE.1.1.2 OR BE.1.2 OR BE.1.2.1 OR BE.1.3 OR BE.1.4 OR BE.1.4.1 OR BE.1.4.2 OR BE.1.4.3 OR BE.1.4.4 OR BE.2 OR BE.3 OR BE.4 OR BE.4.1 OR BE.4.1.1 OR BE.4.2 OR BE.5 OR BE.6 OR BE.7 OR BE.8 OR BE.9 OR BE.10 OR BF.1 OR BF.1.1 OR BF.2 OR BF.3 OR BF.3.1 OR BF.4 OR BF.5 OR BF.5.1 OR BF.5.2 OR BF.6 OR BF.7 OR BF.7.1 OR BF.7.2 OR BF.7.3 OR BF.7.4 OR BF.7.4.1 OR BF.7.4.2 OR BF.7.5 OR BF.7.5.1 OR BF.7.6 OR BF.7.7 OR BF.7.8 OR BF.7.9 OR BF.7.10 OR BF.7.11 OR BF.7.12 OR BF.7.13 OR BF.7.13.1 OR BF.7.13.2 OR BF.7.14 OR BF.7.15 OR BF.8 OR BF.9 OR BF.10 OR BF.10.1 OR BF.11 OR BF.11.1 OR BF.11.2 OR BF.11.3 OR BF.11.4 OR BF.11.5 OR BF.12 OR BF.13 OR BF.14 OR BF.15 OR BF.16 OR BF.17 OR BF.18 OR BF.19 OR BF.20 OR BF.21 OR BF.22 OR BF.23 OR BF.24 OR BF.25 OR BF.26 OR BF.27 OR BF.28 OR BF.29 OR BF.30 OR BF.31 OR BF.31.1 OR BF.32 OR BF.33 OR BF.34 OR BG.1 OR BG.2 OR BG.3 OR BG.4 OR BG.5 OR BG.6 OR BG.7 OR BH.1 OR BJ.1 OR BK.1 OR BL.1 OR BL.1.1 OR BL.1.2 OR BL.1.3 OR BL.1.4 OR BL.2 OR BL.2.1 OR BL.3 OR BL.4 OR BL.5 OR BL.6 OR BM.1 OR BM.1.1 OR BM.1.1.1 OR BM.1.1.2 OR BM.1.1.3 OR BM.1.1.4 OR BM.1.1.5 OR BM.2 OR BM.2.1 OR BM.2.2 OR BM.2.3 OR BM.3 OR BM.4 OR BM.4.1 OR BM.4.1.1 OR BM.5 OR BM.6 OR BN.1 OR BN.1.1 OR BN.1.1.1 OR BN.1.2 OR BN.1.2.1 OR BN.1.3 OR BN.1.3.1 OR BN.1.3.2 OR BN.1.3.3 OR BN.1.3.4 OR BN.1.4 OR BN.1.4.1 OR BN.1.5 OR BN.1.5.1 OR BN.1.6 OR BN.1.7 OR BN.1.8 OR BN.1.9 OR BN.2 OR BN.2.1 OR BN.3 OR BN.3.1 OR BN.4 OR BN.5 OR BN.6 OR BP.1 OR BQ.1 OR BQ.1.1 OR BQ.1.1.1 OR BQ.1.1.2 OR BQ.1.1.3 OR BQ.1.1.4 OR BQ.1.1.5 OR BQ.1.1.6 OR BQ.1.1.7 OR BQ.1.1.8 OR BQ.1.1.9 OR BQ.1.1.10 OR BQ.1.1.11 OR BQ.1.1.12 OR BQ.1.1.13 OR BQ.1.1.14 OR BQ.1.1.15 OR BQ.1.1.16 OR BQ.1.1.17 OR BQ.1.1.18 OR BQ.1.1.19 OR BQ.1.1.20 OR BQ.1.1.21 OR BQ.1.1.22 OR BQ.1.1.23 OR BQ.1.1.24 OR BQ.1.1.25 OR BQ.1.1.26 OR BQ.1.1.27 OR BQ.1.1.28 OR BQ.1.1.29 OR BQ.1.1.30 OR BQ.1.1.31 OR BQ.1.1.32 OR BQ.1.1.34 OR BQ.1.1.35 OR BQ.1.1.36 OR BQ.1.2 OR BQ.1.3 OR BQ.1.4 OR BQ.1.5 OR BQ.1.6 OR BQ.1.7 OR BQ.1.8 OR BQ.1.8.1 OR BQ.1.8.2 OR BQ.1.9 OR BQ.1.10 OR BQ.1.10.1 OR BQ.1.11 OR BQ.1.12 OR BQ.1.13 OR BQ.1.13.1 OR BQ.1.14 OR BQ.1.15 OR BQ.1.16 OR BQ.1.17 OR BQ.1.18 OR BQ.1.19 OR BQ.1.20 OR BQ.1.21 OR BQ.1.22 OR BQ.1.23 OR BQ.1.24 OR BQ.1.25 OR BQ.1.25.1 OR BQ.1.26 OR BQ.1.26.1 OR BQ.1.27 OR BQ.1.28 OR BQ.2 OR BR.1 OR BR.1.1 OR BR.1.2 OR BR.2 OR BR.2.1 OR BR.3 OR BR.4 OR BS.1 OR BS.1.1 OR BS.1.2 OR BT.1 OR BT.2 OR BU.1 OR BU.2 OR BU.3 OR BV.1 OR BV.2 OR BW.1 OR BW.1.1 OR BY.1 OR BY.1.1 OR BY.1.1.1 OR BY.1.2 OR BY.1.2.1 OR BZ.1 OR CA.1 OR CA.2 OR CA.3 OR CA.3.1 OR CA.4 OR CA.5 OR CA.6 OR CA.7 OR CB.1 OR CC.1 OR CD.1 OR CD.2 OR CE.1 OR CF.1 OR CG.1 OR CH.1 OR CH.1.1 OR CH.1.1.1 OR CH.1.1.2 OR CH.1.1.3 OR CH.1.1.4 OR CH.1.1.5 OR CH.2 OR CH.3 OR CH.3.1 OR CJ.1 OR CJ.1.1 OR CK.1 OR CK.1.1 OR CK.1.2 OR CK.2 OR CK.2.1 OR CK.2.1.1 OR CK.3 OR CL.1 OR CM.1 OR CM.2 OR CM.2.1 OR CM.3 OR CM.4 OR CM.4.1 OR CM.5 OR CM.5.1 OR CM.5.2 OR CM.6 OR CM.6.1 OR CM.7 OR CM.8 OR CM.8.1 OR CM.9 OR CM.10 OR CM.11 OR CM.12 OR CN.1 OR CN.2 OR CP.1 OR CP.1.1 OR CP.1.2 OR CP.1.3 OR CP.2 OR CP.3 OR CP.4 OR CP.5 OR CP.6 OR CQ.1 OR CQ.1.1 OR CQ.2 OR CR.1 OR CR.1.1 OR CR.1.2 OR CR.1.3 OR CR.2 OR CS.1 OR CT.1 OR CU.1 OR CV.1 OR CV.2 OR CW.1 OR CY.1 OR CZ.1 OR DA.1 OR DB.1 OR DB.2 OR DC.1 OR DD.1 OR DE.1 OR DE.2 OR DF.1 OR DF.1.1 OR DG.1 OR DH.1 OR DJ.1 OR DJ.1.1 OR DJ.1.2 OR DJ.1.3 OR DK.1 OR DL.1 OR DM.1 OR DN.1 OR DN.1.1 OR DP.1 OR DQ.1 OR DR.1 OR DS.1 OR DT.1 OR DU.1 OR DV.1,Omicron,5.14285714285714,5,0.972222222222222
2022-05-28,4,4,3.57142857142857,3.28571428571429,0.92,0.283751679563413,0.971529104912853,B.1.1.529 OR BA.1 OR BA.1.1 OR BA.1.1.1 OR BA.1.1.2 OR BA.1.1.3 OR BA.1.1.4 OR BA.1.1.5 OR BA.1.1.6 OR BA.1.1.7 OR BA.1.1.8 OR BA.1.1.9 OR BA.1.1.10 OR BA.1.1.11 OR BA.1.1.12 OR BA.1.1.13 OR BA.1.1.14 OR BA.1.1.15 OR BA.1.1.16 OR BA.1.1.17 OR BA.1.1.18 OR BA.1.2 OR BA.1.3 OR BA.1.4 OR BA.1.5 OR BA.1.6 OR BA.1.7 OR BA.1.8 OR BA.1.9 OR BA.1.10 OR BA.1.12 OR BA.1.13 OR BA.1.13.1 OR BA.1.14 OR BA.1.14.1 OR BA.1.14.2 OR BA.1.15 OR BA.1.15.1 OR BA.1.15.2 OR BA.1.15.3 OR BA.1.16 OR BA.1.16.1 OR BA.1.16.2 OR BA.1.17 OR BA.1.17.1 OR BA.1.17.2 OR BA.1.18 OR BA.1.19 OR BA.1.20 OR BA.1.21 OR BA.1.21.1 OR BA.1.22 OR BA.1.23 OR BA.1.24 OR BA.2 OR BA.2.1 OR BA.2.2 OR BA.2.2.1 OR BA.2.3 OR BA.2.3.1 OR BA.2.3.2 OR BA.2.3.4 OR BA.2.3.5 OR BA.2.3.6 OR BA.2.3.7 OR BA.2.3.8 OR BA.2.3.9 OR BA.2.3.10 OR BA.2.3.11 OR BA.2.3.12 OR BA.2.3.13 OR BA.2.3.14 OR BA.2.3.15 OR BA.2.3.16 OR BA.2.3.17 OR BA.2.3.18 OR BA.2.3.19 OR BA.2.3.20 OR BA.2.3.21 OR BA.2.3.22 OR BA.2.4 OR BA.2.5 OR BA.2.6 OR BA.2.7 OR BA.2.8 OR BA.2.9 OR BA.2.9.1 OR BA.2.9.2 OR BA.2.9.3 OR BA.2.9.4 OR BA.2.9.5 OR BA.2.9.6 OR BA.2.9.7 OR BA.2.10 OR BA.2.10.1 OR BA.2.10.2 OR BA.2.10.3 OR BA.2.10.4 OR BA.2.11 OR BA.2.12 OR BA.2.12.1 OR BA.2.12.2 OR BA.2.13 OR BA.2.13.1 OR BA.2.14 OR BA.2.15 OR BA.2.16 OR BA.2.17 OR BA.2.18 OR BA.2.19 OR BA.2.20 OR BA.2.21 OR BA.2.22 OR BA.2.23 OR BA.2.23.1 OR BA.2.24 OR BA.2.25 OR BA.2.25.1 OR BA.2.26 OR BA.2.27 OR BA.2.28 OR BA.2.29 OR BA.2.30 OR BA.2.31 OR BA.2.31.1 OR BA.2.32 OR BA.2.33 OR BA.2.34 OR BA.2.35 OR BA.2.36 OR BA.2.37 OR BA.2.38 OR BA.2.38.1 OR BA.2.38.2 OR BA.2.38.3 OR BA.2.38.4 OR BA.2.39 OR BA.2.40 OR BA.2.40.1 OR BA.2.41 OR BA.2.42 OR BA.2.43 OR BA.2.44 OR BA.2.45 OR BA.2.46 OR BA.2.47 OR BA.2.48 OR BA.2.49 OR BA.2.50 OR BA.2.51 OR BA.2.52 OR BA.2.53 OR BA.2.54 OR BA.2.55 OR BA.2.56 OR BA.2.56.1 OR BA.2.57 OR BA.2.58 OR BA.2.59 OR BA.2.60 OR BA.2.61 OR BA.2.62 OR BA.2.63 OR BA.2.64 OR BA.2.65 OR BA.2.66 OR BA.2.67 OR BA.2.68 OR BA.2.69 OR BA.2.70 OR BA.2.71 OR BA.2.72 OR BA.2.73 OR BA.2.74 OR BA.2.75 OR BA.2.75.1 OR BA.2.75.2 OR BA.2.75.3 OR BA.2.75.4 OR BA.2.75.5 OR BA.2.75.6 OR BA.2.75.7 OR BA.2.75.8 OR BA.2.75.9 OR BA.2.75.10 OR BA.2.76 OR BA.2.76.1 OR BA.2.76.2 OR BA.2.77 OR BA.2.78 OR BA.2.79 OR BA.2.79.1 OR BA.2.80 OR BA.2.81 OR BA.2.82 OR BA.2.83 OR BA.2.85 OR BA.3 OR BA.3.1 OR BA.4 OR BA.4.1 OR BA.4.1.1 OR BA.4.1.2 OR BA.4.1.3 OR BA.4.1.4 OR BA.4.1.5 OR BA.4.1.6 OR BA.4.1.7 OR BA.4.1.8 OR BA.4.1.9 OR BA.4.1.10 OR BA.4.2 OR BA.4.3 OR BA.4.4 OR BA.4.5 OR BA.4.6 OR BA.4.6.1 OR BA.4.6.2 OR BA.4.6.3 OR BA.4.6.4 OR BA.4.6.5 OR BA.4.7 OR BA.4.8 OR BA.5 OR BA.5.1 OR BA.5.1.1 OR BA.5.1.2 OR BA.5.1.3 OR BA.5.1.4 OR BA.5.1.5 OR BA.5.1.6 OR BA.5.1.7 OR BA.5.1.8 OR BA.5.1.9 OR BA.5.1.10 OR BA.5.1.11 OR BA.5.1.12 OR BA.5.1.14 OR BA.5.1.15 OR BA.5.1.16 OR BA.5.1.17 OR BA.5.1.18 OR BA.5.1.19 OR BA.5.1.20 OR BA.5.1.21 OR BA.5.1.22 OR BA.5.1.23 OR BA.5.1.24 OR BA.5.1.25 OR BA.5.1.26 OR BA.5.1.27 OR BA.5.1.28 OR BA.5.1.29 OR BA.5.1.30 OR BA.5.1.31 OR BA.5.1.32 OR BA.5.2 OR BA.5.2.1 OR BA.5.2.2 OR BA.5.2.3 OR BA.5.2.4 OR BA.5.2.5 OR BA.5.2.6 OR BA.5.2.7 OR BA.5.2.8 OR BA.5.2.9 OR BA.5.2.10 OR BA.5.2.11 OR BA.5.2.12 OR BA.5.2.13 OR BA.5.2.14 OR BA.5.2.16 OR BA.5.2.18 OR BA.5.2.19 OR BA.5.2.20 OR BA.5.2.21 OR BA.5.2.22 OR BA.5.2.23 OR BA.5.2.24 OR BA.5.2.25 OR BA.5.2.26 OR BA.5.2.27 OR BA.5.2.28 OR BA.5.2.29 OR BA.5.2.30 OR BA.5.2.31 OR BA.5.2.32 OR BA.5.2.33 OR BA.5.2.34 OR BA.5.2.35 OR BA.5.2.36 OR BA.5.2.37 OR BA.5.2.38 OR BA.5.2.39 OR BA.5.2.40 OR BA.5.2.41 OR BA.5.2.42 OR BA.5.2.43 OR BA.5.2.44 OR BA.5.2.45 OR BA.5.2.46 OR BA.5.2.47 OR BA.5.2.48 OR BA.5.2.49 OR BA.5.3 OR BA.5.3.1 OR BA.5.3.2 OR BA.5.3.3 OR BA.5.3.4 OR BA.5.3.5 OR BA.5.5 OR BA.5.5.1 OR BA.5.5.2 OR BA.5.5.3 OR BA.5.6 OR BA.5.6.1 OR BA.5.6.2 OR BA.5.6.3 OR BA.5.6.4 OR BA.5.7 OR BA.5.8 OR BA.5.9 OR BA.5.10 OR BA.5.10.1 OR BA.5.11 OR BC.1 OR BC.2 OR BD.1 OR BE.1 OR BE.1.1 OR BE.1.1.1 OR BE.1.1.2 OR BE.1.2 OR BE.1.2.1 OR BE.1.3 OR BE.1.4 OR BE.1.4.1 OR BE.1.4.2 OR BE.1.4.3 OR BE.1.4.4 OR BE.2 OR BE.3 OR BE.4 OR BE.4.1 OR BE.4.1.1 OR BE.4.2 OR BE.5 OR BE.6 OR BE.7 OR BE.8 OR BE.9 OR BE.10 OR BF.1 OR BF.1.1 OR BF.2 OR BF.3 OR BF.3.1 OR BF.4 OR BF.5 OR BF.5.1 OR BF.5.2 OR BF.6 OR BF.7 OR BF.7.1 OR BF.7.2 OR BF.7.3 OR BF.7.4 OR BF.7.4.1 OR BF.7.4.2 OR BF.7.5 OR BF.7.5.1 OR BF.7.6 OR BF.7.7 OR BF.7.8 OR BF.7.9 OR BF.7.10 OR BF.7.11 OR BF.7.12 OR BF.7.13 OR BF.7.13.1 OR BF.7.13.2 OR BF.7.14 OR BF.7.15 OR BF.8 OR BF.9 OR BF.10 OR BF.10.1 OR BF.11 OR BF.11.1 OR BF.11.2 OR BF.11.3 OR BF.11.4 OR BF.11.5 OR BF.12 OR BF.13 OR BF.14 OR BF.15 OR BF.16 OR BF.17 OR BF.18 OR BF.19 OR BF.20 OR BF.21 OR BF.22 OR BF.23 OR BF.24 OR BF.25 OR BF.26 OR BF.27 OR BF.28 OR BF.29 OR BF.30 OR BF.31 OR BF.31.1 OR BF.32 OR BF.33 OR BF.34 OR BG.1 OR BG.2 OR BG.3 OR BG.4 OR BG.5 OR BG.6 OR BG.7 OR BH.1 OR BJ.1 OR BK.1 OR BL.1 OR BL.1.1 OR BL.1.2 OR BL.1.3 OR BL.1.4 OR BL.2 OR BL.2.1 OR BL.3 OR BL.4 OR BL.5 OR BL.6 OR BM.1 OR BM.1.1 OR BM.1.1.1 OR BM.1.1.2 OR BM.1.1.3 OR BM.1.1.4 OR BM.1.1.5 OR BM.2 OR BM.2.1 OR BM.2.2 OR BM.2.3 OR BM.3 OR BM.4 OR BM.4.1 OR BM.4.1.1 OR BM.5 OR BM.6 OR BN.1 OR BN.1.1 OR BN.1.1.1 OR BN.1.2 OR BN.1.2.1 OR BN.1.3 OR BN.1.3.1 OR BN.1.3.2 OR BN.1.3.3 OR BN.1.3.4 OR BN.1.4 OR BN.1.4.1 OR BN.1.5 OR BN.1.5.1 OR BN.1.6 OR BN.1.7 OR BN.1.8 OR BN.1.9 OR BN.2 OR BN.2.1 OR BN.3 OR BN.3.1 OR BN.4 OR BN.5 OR BN.6 OR BP.1 OR BQ.1 OR BQ.1.1 OR BQ.1.1.1 OR BQ.1.1.2 OR BQ.1.1.3 OR BQ.1.1.4 OR BQ.1.1.5 OR BQ.1.1.6 OR BQ.1.1.7 OR BQ.1.1.8 OR BQ.1.1.9 OR BQ.1.1.10 OR BQ.1.1.11 OR BQ.1.1.12 OR BQ.1.1.13 OR BQ.1.1.14 OR BQ.1.1.15 OR BQ.1.1.16 OR BQ.1.1.17 OR BQ.1.1.18 OR BQ.1.1.19 OR BQ.1.1.20 OR BQ.1.1.21 OR BQ.1.1.22 OR BQ.1.1.23 OR BQ.1.1.24 OR BQ.1.1.25 OR BQ.1.1.26 OR BQ.1.1.27 OR BQ.1.1.28 OR BQ.1.1.29 OR BQ.1.1.30 OR BQ.1.1.31 OR BQ.1.1.32 OR BQ.1.1.34 OR BQ.1.1.35 OR BQ.1.1.36 OR BQ.1.2 OR BQ.1.3 OR BQ.1.4 OR BQ.1.5 OR BQ.1.6 OR BQ.1.7 OR BQ.1.8 OR BQ.1.8.1 OR BQ.1.8.2 OR BQ.1.9 OR BQ.1.10 OR BQ.1.10.1 OR BQ.1.11 OR BQ.1.12 OR BQ.1.13 OR BQ.1.13.1 OR BQ.1.14 OR BQ.1.15 OR BQ.1.16 OR BQ.1.17 OR BQ.1.18 OR BQ.1.19 OR BQ.1.20 OR BQ.1.21 OR BQ.1.22 OR BQ.1.23 OR BQ.1.24 OR BQ.1.25 OR BQ.1.25.1 OR BQ.1.26 OR BQ.1.26.1 OR BQ.1.27 OR BQ.1.28 OR BQ.2 OR BR.1 OR BR.1.1 OR BR.1.2 OR BR.2 OR BR.2.1 OR BR.3 OR BR.4 OR BS.1 OR BS.1.1 OR BS.1.2 OR BT.1 OR BT.2 OR BU.1 OR BU.2 OR BU.3 OR BV.1 OR BV.2 OR BW.1 OR BW.1.1 OR BY.1 OR BY.1.1 OR BY.1.1.1 OR BY.1.2 OR BY.1.2.1 OR BZ.1 OR CA.1 OR CA.2 OR CA.3 OR CA.3.1 OR CA.4 OR CA.5 OR CA.6 OR CA.7 OR CB.1 OR CC.1 OR CD.1 OR CD.2 OR CE.1 OR CF.1 OR CG.1 OR CH.1 OR CH.1.1 OR CH.1.1.1 OR CH.1.1.2 OR CH.1.1.3 OR CH.1.1.4 OR CH.1.1.5 OR CH.2 OR CH.3 OR CH.3.1 OR CJ.1 OR CJ.1.1 OR CK.1 OR CK.1.1 OR CK.1.2 OR CK.2 OR CK.2.1 OR CK.2.1.1 OR CK.3 OR CL.1 OR CM.1 OR CM.2 OR CM.2.1 OR CM.3 OR CM.4 OR CM.4.1 OR CM.5 OR CM.5.1 OR CM.5.2 OR CM.6 OR CM.6.1 OR CM.7 OR CM.8 OR CM.8.1 OR CM.9 OR CM.10 OR CM.11 OR CM.12 OR CN.1 OR CN.2 OR CP.1 OR CP.1.1 OR CP.1.2 OR CP.1.3 OR CP.2 OR CP.3 OR CP.4 OR CP.5 OR CP.6 OR CQ.1 OR CQ.1.1 OR CQ.2 OR CR.1 OR CR.1.1 OR CR.1.2 OR CR.1.3 OR CR.2 OR CS.1 OR CT.1 OR CU.1 OR CV.1 OR CV.2 OR CW.1 OR CY.1 OR CZ.1 OR DA.1 OR DB.1 OR DB.2 OR DC.1 OR DD.1 OR DE.1 OR DE.2 OR DF.1 OR DF.1.1 OR DG.1 OR DH.1 OR DJ.1 OR DJ.1.1 OR DJ.1.2 OR DJ.1.3 OR DK.1 OR DL.1 OR DM.1 OR DN.1 OR DN.1.1 OR DP.1 OR DQ.1 OR DR.1 OR DS.1 OR DT.1 OR DU.1 OR DV.1,Omicron,5.14285714285714,5,0.972222222222222
2022-05-29,7,7,4.42857142857143,4.14285714285714,0.935483870967742,0.55523738234236,0.999884667211762,B.1.1.529 OR BA.1 OR BA.1.1 OR BA.1.1.1 OR BA.1.1.2 OR BA.1.1.3 OR BA.1.1.4 OR BA.1.1.5 OR BA.1.1.6 OR BA.1.1.7 OR BA.1.1.8 OR BA.1.1.9 OR BA.1.1.10 OR BA.1.1.11 OR BA.1.1.12 OR BA.1.1.13 OR BA.1.1.14 OR BA.1.1.15 OR BA.1.1.16 OR BA.1.1.17 OR BA.1.1.18 OR BA.1.2 OR BA.1.3 OR BA.1.4 OR BA.1.5 OR BA.1.6 OR BA.1.7 OR BA.1.8 OR BA.1.9 OR BA.1.10 OR BA.1.12 OR BA.1.13 OR BA.1.13.1 OR BA.1.14 OR BA.1.14.1 OR BA.1.14.2 OR BA.1.15 OR BA.1.15.1 OR BA.1.15.2 OR BA.1.15.3 OR BA.1.16 OR BA.1.16.1 OR BA.1.16.2 OR BA.1.17 OR BA.1.17.1 OR BA.1.17.2 OR BA.1.18 OR BA.1.19 OR BA.1.20 OR BA.1.21 OR BA.1.21.1 OR BA.1.22 OR BA.1.23 OR BA.1.24 OR BA.2 OR BA.2.1 OR BA.2.2 OR BA.2.2.1 OR BA.2.3 OR BA.2.3.1 OR BA.2.3.2 OR BA.2.3.4 OR BA.2.3.5 OR BA.2.3.6 OR BA.2.3.7 OR BA.2.3.8 OR BA.2.3.9 OR BA.2.3.10 OR BA.2.3.11 OR BA.2.3.12 OR BA.2.3.13 OR BA.2.3.14 OR BA.2.3.15 OR BA.2.3.16 OR BA.2.3.17 OR BA.2.3.18 OR BA.2.3.19 OR BA.2.3.20 OR BA.2.3.21 OR BA.2.3.22 OR BA.2.4 OR BA.2.5 OR BA.2.6 OR BA.2.7 OR BA.2.8 OR BA.2.9 OR BA.2.9.1 OR BA.2.9.2 OR BA.2.9.3 OR BA.2.9.4 OR BA.2.9.5 OR BA.2.9.6 OR BA.2.9.7 OR BA.2.10 OR BA.2.10.1 OR BA.2.10.2 OR BA.2.10.3 OR BA.2.10.4 OR BA.2.11 OR BA.2.12 OR BA.2.12.1 OR BA.2.12.2 OR BA.2.13 OR BA.2.13.1 OR BA.2.14 OR BA.2.15 OR BA.2.16 OR BA.2.17 OR BA.2.18 OR BA.2.19 OR BA.2.20 OR BA.2.21 OR BA.2.22 OR BA.2.23 OR BA.2.23.1 OR BA.2.24 OR BA.2.25 OR BA.2.25.1 OR BA.2.26 OR BA.2.27 OR BA.2.28 OR BA.2.29 OR BA.2.30 OR BA.2.31 OR BA.2.31.1 OR BA.2.32 OR BA.2.33 OR BA.2.34 OR BA.2.35 OR BA.2.36 OR BA.2.37 OR BA.2.38 OR BA.2.38.1 OR BA.2.38.2 OR BA.2.38.3 OR BA.2.38.4 OR BA.2.39 OR BA.2.40 OR BA.2.40.1 OR BA.2.41 OR BA.2.42 OR BA.2.43 OR BA.2.44 OR BA.2.45 OR BA.2.46 OR BA.2.47 OR BA.2.48 OR BA.2.49 OR BA.2.50 OR BA.2.51 OR BA.2.52 OR BA.2.53 OR BA.2.54 OR BA.2.55 OR BA.2.56 OR BA.2.56.1 OR BA.2.57 OR BA.2.58 OR BA.2.59 OR BA.2.60 OR BA.2.61 OR BA.2.62 OR BA.2.63 OR BA.2.64 OR BA.2.65 OR BA.2.66 OR BA.2.67 OR BA.2.68 OR BA.2.69 OR BA.2.70 OR BA.2.71 OR BA.2.72 OR BA.2.73 OR BA.2.74 OR BA.2.75 OR BA.2.75.1 OR BA.2.75.2 OR BA.2.75.3 OR BA.2.75.4 OR BA.2.75.5 OR BA.2.75.6 OR BA.2.75.7 OR BA.2.75.8 OR BA.2.75.9 OR BA.2.75.10 OR BA.2.76 OR BA.2.76.1 OR BA.2.76.2 OR BA.2.77 OR BA.2.78 OR BA.2.79 OR BA.2.79.1 OR BA.2.80 OR BA.2.81 OR BA.2.82 OR BA.2.83 OR BA.2.85 OR BA.3 OR BA.3.1 OR BA.4 OR BA.4.1 OR BA.4.1.1 OR BA.4.1.2 OR BA.4.1.3 OR BA.4.1.4 OR BA.4.1.5 OR BA.4.1.6 OR BA.4.1.7 OR BA.4.1.8 OR BA.4.1.9 OR BA.4.1.10 OR BA.4.2 OR BA.4.3 OR BA.4.4 OR BA.4.5 OR BA.4.6 OR BA.4.6.1 OR BA.4.6.2 OR BA.4.6.3 OR BA.4.6.4 OR BA.4.6.5 OR BA.4.7 OR BA.4.8 OR BA.5 OR BA.5.1 OR BA.5.1.1 OR BA.5.1.2 OR BA.5.1.3 OR BA.5.1.4 OR BA.5.1.5 OR BA.5.1.6 OR BA.5.1.7 OR BA.5.1.8 OR BA.5.1.9 OR BA.5.1.10 OR BA.5.1.11 OR BA.5.1.12 OR BA.5.1.14 OR BA.5.1.15 OR BA.5.1.16 OR BA.5.1.17 OR BA.5.1.18 OR BA.5.1.19 OR BA.5.1.20 OR BA.5.1.21 OR BA.5.1.22 OR BA.5.1.23 OR BA.5.1.24 OR BA.5.1.25 OR BA.5.1.26 OR BA.5.1.27 OR BA.5.1.28 OR BA.5.1.29 OR BA.5.1.30 OR BA.5.1.31 OR BA.5.1.32 OR BA.5.2 OR BA.5.2.1 OR BA.5.2.2 OR BA.5.2.3 OR BA.5.2.4 OR BA.5.2.5 OR BA.5.2.6 OR BA.5.2.7 OR BA.5.2.8 OR BA.5.2.9 OR BA.5.2.10 OR BA.5.2.11 OR BA.5.2.12 OR BA.5.2.13 OR BA.5.2.14 OR BA.5.2.16 OR BA.5.2.18 OR BA.5.2.19 OR BA.5.2.20 OR BA.5.2.21 OR BA.5.2.22 OR BA.5.2.23 OR BA.5.2.24 OR BA.5.2.25 OR BA.5.2.26 OR BA.5.2.27 OR BA.5.2.28 OR BA.5.2.29 OR BA.5.2.30 OR BA.5.2.31 OR BA.5.2.32 OR BA.5.2.33 OR BA.5.2.34 OR BA.5.2.35 OR BA.5.2.36 OR BA.5.2.37 OR BA.5.2.38 OR BA.5.2.39 OR BA.5.2.40 OR BA.5.2.41 OR BA.5.2.42 OR BA.5.2.43 OR BA.5.2.44 OR BA.5.2.45 OR BA.5.2.46 OR BA.5.2.47 OR BA.5.2.48 OR BA.5.2.49 OR BA.5.3 OR BA.5.3.1 OR BA.5.3.2 OR BA.5.3.3 OR BA.5.3.4 OR BA.5.3.5 OR BA.5.5 OR BA.5.5.1 OR BA.5.5.2 OR BA.5.5.3 OR BA.5.6 OR BA.5.6.1 OR BA.5.6.2 OR BA.5.6.3 OR BA.5.6.4 OR BA.5.7 OR BA.5.8 OR BA.5.9 OR BA.5.10 OR BA.5.10.1 OR BA.5.11 OR BC.1 OR BC.2 OR BD.1 OR BE.1 OR BE.1.1 OR BE.1.1.1 OR BE.1.1.2 OR BE.1.2 OR BE.1.2.1 OR BE.1.3 OR BE.1.4 OR BE.1.4.1 OR BE.1.4.2 OR BE.1.4.3 OR BE.1.4.4 OR BE.2 OR BE.3 OR BE.4 OR BE.4.1 OR BE.4.1.1 OR BE.4.2 OR BE.5 OR BE.6 OR BE.7 OR BE.8 OR BE.9 OR BE.10 OR BF.1 OR BF.1.1 OR BF.2 OR BF.3 OR BF.3.1 OR BF.4 OR BF.5 OR BF.5.1 OR BF.5.2 OR BF.6 OR BF.7 OR BF.7.1 OR BF.7.2 OR BF.7.3 OR BF.7.4 OR BF.7.4.1 OR BF.7.4.2 OR BF.7.5 OR BF.7.5.1 OR BF.7.6 OR BF.7.7 OR BF.7.8 OR BF.7.9 OR BF.7.10 OR BF.7.11 OR BF.7.12 OR BF.7.13 OR BF.7.13.1 OR BF.7.13.2 OR BF.7.14 OR BF.7.15 OR BF.8 OR BF.9 OR BF.10 OR BF.10.1 OR BF.11 OR BF.11.1 OR BF.11.2 OR BF.11.3 OR BF.11.4 OR BF.11.5 OR BF.12 OR BF.13 OR BF.14 OR BF.15 OR BF.16 OR BF.17 OR BF.18 OR BF.19 OR BF.20 OR BF.21 OR BF.22 OR BF.23 OR BF.24 OR BF.25 OR BF.26 OR BF.27 OR BF.28 OR BF.29 OR BF.30 OR BF.31 OR BF.31.1 OR BF.32 OR BF.33 OR BF.34 OR BG.1 OR BG.2 OR BG.3 OR BG.4 OR BG.5 OR BG.6 OR BG.7 OR BH.1 OR BJ.1 OR BK.1 OR BL.1 OR BL.1.1 OR BL.1.2 OR BL.1.3 OR BL.1.4 OR BL.2 OR BL.2.1 OR BL.3 OR BL.4 OR BL.5 OR BL.6 OR BM.1 OR BM.1.1 OR BM.1.1.1 OR BM.1.1.2 OR BM.1.1.3 OR BM.1.1.4 OR BM.1.1.5 OR BM.2 OR BM.2.1 OR BM.2.2 OR BM.2.3 OR BM.3 OR BM.4 OR BM.4.1 OR BM.4.1.1 OR BM.5 OR BM.6 OR BN.1 OR BN.1.1 OR BN.1.1.1 OR BN.1.2 OR BN.1.2.1 OR BN.1.3 OR BN.1.3.1 OR BN.1.3.2 OR BN.1.3.3 OR BN.1.3.4 OR BN.1.4 OR BN.1.4.1 OR BN.1.5 OR BN.1.5.1 OR BN.1.6 OR BN.1.7 OR BN.1.8 OR BN.1.9 OR BN.2 OR BN.2.1 OR BN.3 OR BN.3.1 OR BN.4 OR BN.5 OR BN.6 OR BP.1 OR BQ.1 OR BQ.1.1 OR BQ.1.1.1 OR BQ.1.1.2 OR BQ.1.1.3 OR BQ.1.1.4 OR BQ.1.1.5 OR BQ.1.1.6 OR BQ.1.1.7 OR BQ.1.1.8 OR BQ.1.1.9 OR BQ.1.1.10 OR BQ.1.1.11 OR BQ.1.1.12 OR BQ.1.1.13 OR BQ.1.1.14 OR BQ.1.1.15 OR BQ.1.1.16 OR BQ.1.1.17 OR BQ.1.1.18 OR BQ.1.1.19 OR BQ.1.1.20 OR BQ.1.1.21 OR BQ.1.1.22 OR BQ.1.1.23 OR BQ.1.1.24 OR BQ.1.1.25 OR BQ.1.1.26 OR BQ.1.1.27 OR BQ.1.1.28 OR BQ.1.1.29 OR BQ.1.1.30 OR BQ.1.1.31 OR BQ.1.1.32 OR BQ.1.1.34 OR BQ.1.1.35 OR BQ.1.1.36 OR BQ.1.2 OR BQ.1.3 OR BQ.1.4 OR BQ.1.5 OR BQ.1.6 OR BQ.1.7 OR BQ.1.8 OR BQ.1.8.1 OR BQ.1.8.2 OR BQ.1.9 OR BQ.1.10 OR BQ.1.10.1 OR BQ.1.11 OR BQ.1.12 OR BQ.1.13 OR BQ.1.13.1 OR BQ.1.14 OR BQ.1.15 OR BQ.1.16 OR BQ.1.17 OR BQ.1.18 OR BQ.1.19 OR BQ.1.20 OR BQ.1.21 OR BQ.1.22 OR BQ.1.23 OR BQ.1.24 OR BQ.1.25 OR BQ.1.25.1 OR BQ.1.26 OR BQ.1.26.1 OR BQ.1.27 OR BQ.1.28 OR BQ.2 OR BR.1 OR BR.1.1 OR BR.1.2 OR BR.2 OR BR.2.1 OR BR.3 OR BR.4 OR BS.1 OR BS.1.1 OR BS.1.2 OR BT.1 OR BT.2 OR BU.1 OR BU.2 OR BU.3 OR BV.1 OR BV.2 OR BW.1 OR BW.1.1 OR BY.1 OR BY.1.1 OR BY.1.1.1 OR BY.1.2 OR BY.1.2.1 OR BZ.1 OR CA.1 OR CA.2 OR CA.3 OR CA.3.1 OR CA.4 OR CA.5 OR CA.6 OR CA.7 OR CB.1 OR CC.1 OR CD.1 OR CD.2 OR CE.1 OR CF.1 OR CG.1 OR CH.1 OR CH.1.1 OR CH.1.1.1 OR CH.1.1.2 OR CH.1.1.3 OR CH.1.1.4 OR CH.1.1.5 OR CH.2 OR CH.3 OR CH.3.1 OR CJ.1 OR CJ.1.1 OR CK.1 OR CK.1.1 OR CK.1.2 OR CK.2 OR CK.2.1 OR CK.2.1.1 OR CK.3 OR CL.1 OR CM.1 OR CM.2 OR CM.2.1 OR CM.3 OR CM.4 OR CM.4.1 OR CM.5 OR CM.5.1 OR CM.5.2 OR CM.6 OR CM.6.1 OR CM.7 OR CM.8 OR CM.8.1 OR CM.9 OR CM.10 OR CM.11 OR CM.12 OR CN.1 OR CN.2 OR CP.1 OR CP.1.1 OR CP.1.2 OR CP.1.3 OR CP.2 OR CP.3 OR CP.4 OR CP.5 OR CP.6 OR CQ.1 OR CQ.1.1 OR CQ.2 OR CR.1 OR CR.1.1 OR CR.1.2 OR CR.1.3 OR CR.2 OR CS.1 OR CT.1 OR CU.1 OR CV.1 OR CV.2 OR CW.1 OR CY.1 OR CZ.1 OR DA.1 OR DB.1 OR DB.2 OR DC.1 OR DD.1 OR DE.1 OR DE.2 OR DF.1 OR DF.1.1 OR DG.1 OR DH.1 OR DJ.1 OR DJ.1.1 OR DJ.1.2 OR DJ.1.3 OR DK.1 OR DL.1 OR DM.1 OR DN.1 OR DN.1.1 OR DP.1 OR DQ.1 OR DR.1 OR DS.1 OR DT.1 OR DU.1 OR DV.1,Omicron,5,4.85714285714286,0.971428571428571
2022-05-30,5,5,4.42857142857143,4.14285714285714,0.935483870967742,0.55523738234236,0.999884667211762,B.1.1.529 OR BA.1 OR BA.1.1 OR BA.1.1.1 OR BA.1.1.2 OR BA.1.1.3 OR BA.1.1.4 OR BA.1.1.5 OR BA.1.1.6 OR BA.1.1.7 OR BA.1.1.8 OR BA.1.1.9 OR BA.1.1.10 OR BA.1.1.11 OR BA.1.1.12 OR BA.1.1.13 OR BA.1.1.14 OR BA.1.1.15 OR BA.1.1.16 OR BA.1.1.17 OR BA.1.1.18 OR BA.1.2 OR BA.1.3 OR BA.1.4 OR BA.1.5 OR BA.1.6 OR BA.1.7 OR BA.1.8 OR BA.1.9 OR BA.1.10 OR BA.1.12 OR BA.1.13 OR BA.1.13.1 OR BA.1.14 OR BA.1.14.1 OR BA.1.14.2 OR BA.1.15 OR BA.1.15.1 OR BA.1.15.2 OR BA.1.15.3 OR BA.1.16 OR BA.1.16.1 OR BA.1.16.2 OR BA.1.17 OR BA.1.17.1 OR BA.1.17.2 OR BA.1.18 OR BA.1.19 OR BA.1.20 OR BA.1.21 OR BA.1.21.1 OR BA.1.22 OR BA.1.23 OR BA.1.24 OR BA.2 OR BA.2.1 OR BA.2.2 OR BA.2.2.1 OR BA.2.3 OR BA.2.3.1 OR BA.2.3.2 OR BA.2.3.4 OR BA.2.3.5 OR BA.2.3.6 OR BA.2.3.7 OR BA.2.3.8 OR BA.2.3.9 OR BA.2.3.10 OR BA.2.3.11 OR BA.2.3.12 OR BA.2.3.13 OR BA.2.3.14 OR BA.2.3.15 OR BA.2.3.16 OR BA.2.3.17 OR BA.2.3.18 OR BA.2.3.19 OR BA.2.3.20 OR BA.2.3.21 OR BA.2.3.22 OR BA.2.4 OR BA.2.5 OR BA.2.6 OR BA.2.7 OR BA.2.8 OR BA.2.9 OR BA.2.9.1 OR BA.2.9.2 OR BA.2.9.3 OR BA.2.9.4 OR BA.2.9.5 OR BA.2.9.6 OR BA.2.9.7 OR BA.2.10 OR BA.2.10.1 OR BA.2.10.2 OR BA.2.10.3 OR BA.2.10.4 OR BA.2.11 OR BA.2.12 OR BA.2.12.1 OR BA.2.12.2 OR BA.2.13 OR BA.2.13.1 OR BA.2.14 OR BA.2.15 OR BA.2.16 OR BA.2.17 OR BA.2.18 OR BA.2.19 OR BA.2.20 OR BA.2.21 OR BA.2.22 OR BA.2.23 OR BA.2.23.1 OR BA.2.24 OR BA.2.25 OR BA.2.25.1 OR BA.2.26 OR BA.2.27 OR BA.2.28 OR BA.2.29 OR BA.2.30 OR BA.2.31 OR BA.2.31.1 OR BA.2.32 OR BA.2.33 OR BA.2.34 OR BA.2.35 OR BA.2.36 OR BA.2.37 OR BA.2.38 OR BA.2.38.1 OR BA.2.38.2 OR BA.2.38.3 OR BA.2.38.4 OR BA.2.39 OR BA.2.40 OR BA.2.40.1 OR BA.2.41 OR BA.2.42 OR BA.2.43 OR BA.2.44 OR BA.2.45 OR BA.2.46 OR BA.2.47 OR BA.2.48 OR BA.2.49 OR BA.2.50 OR BA.2.51 OR BA.2.52 OR BA.2.53 OR BA.2.54 OR BA.2.55 OR BA.2.56 OR BA.2.56.1 OR BA.2.57 OR BA.2.58 OR BA.2.59 OR BA.2.60 OR BA.2.61 OR BA.2.62 OR BA.2.63 OR BA.2.64 OR BA.2.65 OR BA.2.66 OR BA.2.67 OR BA.2.68 OR BA.2.69 OR BA.2.70 OR BA.2.71 OR BA.2.72 OR BA.2.73 OR BA.2.74 OR BA.2.75 OR BA.2.75.1 OR BA.2.75.2 OR BA.2.75.3 OR BA.2.75.4 OR BA.2.75.5 OR BA.2.75.6 OR BA.2.75.7 OR BA.2.75.8 OR BA.2.75.9 OR BA.2.75.10 OR BA.2.76 OR BA.2.76.1 OR BA.2.76.2 OR BA.2.77 OR BA.2.78 OR BA.2.79 OR BA.2.79.1 OR BA.2.80 OR BA.2.81 OR BA.2.82 OR BA.2.83 OR BA.2.85 OR BA.3 OR BA.3.1 OR BA.4 OR BA.4.1 OR BA.4.1.1 OR BA.4.1.2 OR BA.4.1.3 OR BA.4.1.4 OR BA.4.1.5 OR BA.4.1.6 OR BA.4.1.7 OR BA.4.1.8 OR BA.4.1.9 OR BA.4.1.10 OR BA.4.2 OR BA.4.3 OR BA.4.4 OR BA.4.5 OR BA.4.6 OR BA.4.6.1 OR BA.4.6.2 OR BA.4.6.3 OR BA.4.6.4 OR BA.4.6.5 OR BA.4.7 OR BA.4.8 OR BA.5 OR BA.5.1 OR BA.5.1.1 OR BA.5.1.2 OR BA.5.1.3 OR BA.5.1.4 OR BA.5.1.5 OR BA.5.1.6 OR BA.5.1.7 OR BA.5.1.8 OR BA.5.1.9 OR BA.5.1.10 OR BA.5.1.11 OR BA.5.1.12 OR BA.5.1.14 OR BA.5.1.15 OR BA.5.1.16 OR BA.5.1.17 OR BA.5.1.18 OR BA.5.1.19 OR BA.5.1.20 OR BA.5.1.21 OR BA.5.1.22 OR BA.5.1.23 OR BA.5.1.24 OR BA.5.1.25 OR BA.5.1.26 OR BA.5.1.27 OR BA.5.1.28 OR BA.5.1.29 OR BA.5.1.30 OR BA.5.1.31 OR BA.5.1.32 OR BA.5.2 OR BA.5.2.1 OR BA.5.2.2 OR BA.5.2.3 OR BA.5.2.4 OR BA.5.2.5 OR BA.5.2.6 OR BA.5.2.7 OR BA.5.2.8 OR BA.5.2.9 OR BA.5.2.10 OR BA.5.2.11 OR BA.5.2.12 OR BA.5.2.13 OR BA.5.2.14 OR BA.5.2.16 OR BA.5.2.18 OR BA.5.2.19 OR BA.5.2.20 OR BA.5.2.21 OR BA.5.2.22 OR BA.5.2.23 OR BA.5.2.24 OR BA.5.2.25 OR BA.5.2.26 OR BA.5.2.27 OR BA.5.2.28 OR BA.5.2.29 OR BA.5.2.30 OR BA.5.2.31 OR BA.5.2.32 OR BA.5.2.33 OR BA.5.2.34 OR BA.5.2.35 OR BA.5.2.36 OR BA.5.2.37 OR BA.5.2.38 OR BA.5.2.39 OR BA.5.2.40 OR BA.5.2.41 OR BA.5.2.42 OR BA.5.2.43 OR BA.5.2.44 OR BA.5.2.45 OR BA.5.2.46 OR BA.5.2.47 OR BA.5.2.48 OR BA.5.2.49 OR BA.5.3 OR BA.5.3.1 OR BA.5.3.2 OR BA.5.3.3 OR BA.5.3.4 OR BA.5.3.5 OR BA.5.5 OR BA.5.5.1 OR BA.5.5.2 OR BA.5.5.3 OR BA.5.6 OR BA.5.6.1 OR BA.5.6.2 OR BA.5.6.3 OR BA.5.6.4 OR BA.5.7 OR BA.5.8 OR BA.5.9 OR BA.5.10 OR BA.5.10.1 OR BA.5.11 OR BC.1 OR BC.2 OR BD.1 OR BE.1 OR BE.1.1 OR BE.1.1.1 OR BE.1.1.2 OR BE.1.2 OR BE.1.2.1 OR BE.1.3 OR BE.1.4 OR BE.1.4.1 OR BE.1.4.2 OR BE.1.4.3 OR BE.1.4.4 OR BE.2 OR BE.3 OR BE.4 OR BE.4.1 OR BE.4.1.1 OR BE.4.2 OR BE.5 OR BE.6 OR BE.7 OR BE.8 OR BE.9 OR BE.10 OR BF.1 OR BF.1.1 OR BF.2 OR BF.3 OR BF.3.1 OR BF.4 OR BF.5 OR BF.5.1 OR BF.5.2 OR BF.6 OR BF.7 OR BF.7.1 OR BF.7.2 OR BF.7.3 OR BF.7.4 OR BF.7.4.1 OR BF.7.4.2 OR BF.7.5 OR BF.7.5.1 OR BF.7.6 OR BF.7.7 OR BF.7.8 OR BF.7.9 OR BF.7.10 OR BF.7.11 OR BF.7.12 OR BF.7.13 OR BF.7.13.1 OR BF.7.13.2 OR BF.7.14 OR BF.7.15 OR BF.8 OR BF.9 OR BF.10 OR BF.10.1 OR BF.11 OR BF.11.1 OR BF.11.2 OR BF.11.3 OR BF.11.4 OR BF.11.5 OR BF.12 OR BF.13 OR BF.14 OR BF.15 OR BF.16 OR BF.17 OR BF.18 OR BF.19 OR BF.20 OR BF.21 OR BF.22 OR BF.23 OR BF.24 OR BF.25 OR BF.26 OR BF.27 OR BF.28 OR BF.29 OR BF.30 OR BF.31 OR BF.31.1 OR BF.32 OR BF.33 OR BF.34 OR BG.1 OR BG.2 OR BG.3 OR BG.4 OR BG.5 OR BG.6 OR BG.7 OR BH.1 OR BJ.1 OR BK.1 OR BL.1 OR BL.1.1 OR BL.1.2 OR BL.1.3 OR BL.1.4 OR BL.2 OR BL.2.1 OR BL.3 OR BL.4 OR BL.5 OR BL.6 OR BM.1 OR BM.1.1 OR BM.1.1.1 OR BM.1.1.2 OR BM.1.1.3 OR BM.1.1.4 OR BM.1.1.5 OR BM.2 OR BM.2.1 OR BM.2.2 OR BM.2.3 OR BM.3 OR BM.4 OR BM.4.1 OR BM.4.1.1 OR BM.5 OR BM.6 OR BN.1 OR BN.1.1 OR BN.1.1.1 OR BN.1.2 OR BN.1.2.1 OR BN.1.3 OR BN.1.3.1 OR BN.1.3.2 OR BN.1.3.3 OR BN.1.3.4 OR BN.1.4 OR BN.1.4.1 OR BN.1.5 OR BN.1.5.1 OR BN.1.6 OR BN.1.7 OR BN.1.8 OR BN.1.9 OR BN.2 OR BN.2.1 OR BN.3 OR BN.3.1 OR BN.4 OR BN.5 OR BN.6 OR BP.1 OR BQ.1 OR BQ.1.1 OR BQ.1.1.1 OR BQ.1.1.2 OR BQ.1.1.3 OR BQ.1.1.4 OR BQ.1.1.5 OR BQ.1.1.6 OR BQ.1.1.7 OR BQ.1.1.8 OR BQ.1.1.9 OR BQ.1.1.10 OR BQ.1.1.11 OR BQ.1.1.12 OR BQ.1.1.13 OR BQ.1.1.14 OR BQ.1.1.15 OR BQ.1.1.16 OR BQ.1.1.17 OR BQ.1.1.18 OR BQ.1.1.19 OR BQ.1.1.20 OR BQ.1.1.21 OR BQ.1.1.22 OR BQ.1.1.23 OR BQ.1.1.24 OR BQ.1.1.25 OR BQ.1.1.26 OR BQ.1.1.27 OR BQ.1.1.28 OR BQ.1.1.29 OR BQ.1.1.30 OR BQ.1.1.31 OR BQ.1.1.32 OR BQ.1.1.34 OR BQ.1.1.35 OR BQ.1.1.36 OR BQ.1.2 OR BQ.1.3 OR BQ.1.4 OR BQ.1.5 OR BQ.1.6 OR BQ.1.7 OR BQ.1.8 OR BQ.1.8.1 OR BQ.1.8.2 OR BQ.1.9 OR BQ.1.10 OR BQ.1.10.1 OR BQ.1.11 OR BQ.1.12 OR BQ.1.13 OR BQ.1.13.1 OR BQ.1.14 OR BQ.1.15 OR BQ.1.16 OR BQ.1.17 OR BQ.1.18 OR BQ.1.19 OR BQ.1.20 OR BQ.1.21 OR BQ.1.22 OR BQ.1.23 OR BQ.1.24 OR BQ.1.25 OR BQ.1.25.1 OR BQ.1.26 OR BQ.1.26.1 OR BQ.1.27 OR BQ.1.28 OR BQ.2 OR BR.1 OR BR.1.1 OR BR.1.2 OR BR.2 OR BR.2.1 OR BR.3 OR BR.4 OR BS.1 OR BS.1.1 OR BS.1.2 OR BT.1 OR BT.2 OR BU.1 OR BU.2 OR BU.3 OR BV.1 OR BV.2 OR BW.1 OR BW.1.1 OR BY.1 OR BY.1.1 OR BY.1.1.1 OR BY.1.2 OR BY.1.2.1 OR BZ.1 OR CA.1 OR CA.2 OR CA.3 OR CA.3.1 OR CA.4 OR CA.5 OR CA.6 OR CA.7 OR CB.1 OR CC.1 OR CD.1 OR CD.2 OR CE.1 OR CF.1 OR CG.1 OR CH.1 OR CH.1.1 OR CH.1.1.1 OR CH.1.1.2 OR CH.1.1.3 OR CH.1.1.4 OR CH.1.1.5 OR CH.2 OR CH.3 OR CH.3.1 OR CJ.1 OR CJ.1.1 OR CK.1 OR CK.1.1 OR CK.1.2 OR CK.2 OR CK.2.1 OR CK.2.1.1 OR CK.3 OR CL.1 OR CM.1 OR CM.2 OR CM.2.1 OR CM.3 OR CM.4 OR CM.4.1 OR CM.5 OR CM.5.1 OR CM.5.2 OR CM.6 OR CM.6.1 OR CM.7 OR CM.8 OR CM.8.1 OR CM.9 OR CM.10 OR CM.11 OR CM.12 OR CN.1 OR CN.2 OR CP.1 OR CP.1.1 OR CP.1.2 OR CP.1.3 OR CP.2 OR CP.3 OR CP.4 OR CP.5 OR CP.6 OR CQ.1 OR CQ.1.1 OR CQ.2 OR CR.1 OR CR.1.1 OR CR.1.2 OR CR.1.3 OR CR.2 OR CS.1 OR CT.1 OR CU.1 OR CV.1 OR CV.2 OR CW.1 OR CY.1 OR CZ.1 OR DA.1 OR DB.1 OR DB.2 OR DC.1 OR DD.1 OR DE.1 OR DE.2 OR DF.1 OR DF.1.1 OR DG.1 OR DH.1 OR DJ.1 OR DJ.1.1 OR DJ.1.2 OR DJ.1.3 OR DK.1 OR DL.1 OR DM.1 OR DN.1 OR DN.1.1 OR DP.1 OR DQ.1 OR DR.1 OR DS.1 OR DT.1 OR DU.1 OR DV.1,Omicron,4.78571428571429,4.64285714285714,0.970149253731343
2022-05-31,4,4,4.14285714285714,3.85714285714286,0.931034482758621,0.55523738234236,0.999884667211762,B.1.1.529 OR BA.1 OR BA.1.1 OR BA.1.1.1 OR BA.1.1.2 OR BA.1.1.3 OR BA.1.1.4 OR BA.1.1.5 OR BA.1.1.6 OR BA.1.1.7 OR BA.1.1.8 OR BA.1.1.9 OR BA.1.1.10 OR BA.1.1.11 OR BA.1.1.12 OR BA.1.1.13 OR BA.1.1.14 OR BA.1.1.15 OR BA.1.1.16 OR BA.1.1.17 OR BA.1.1.18 OR BA.1.2 OR BA.1.3 OR BA.1.4 OR BA.1.5 OR BA.1.6 OR BA.1.7 OR BA.1.8 OR BA.1.9 OR BA.1.10 OR BA.1.12 OR BA.1.13 OR BA.1.13.1 OR BA.1.14 OR BA.1.14.1 OR BA.1.14.2 OR BA.1.15 OR BA.1.15.1 OR BA.1.15.2 OR BA.1.15.3 OR BA.1.16 OR BA.1.16.1 OR BA.1.16.2 OR BA.1.17 OR BA.1.17.1 OR BA.1.17.2 OR BA.1.18 OR BA.1.19 OR BA.1.20 OR BA.1.21 OR BA.1.21.1 OR BA.1.22 OR BA.1.23 OR BA.1.24 OR BA.2 OR BA.2.1 OR BA.2.2 OR BA.2.2.1 OR BA.2.3 OR BA.2.3.1 OR BA.2.3.2 OR BA.2.3.4 OR BA.2.3.5 OR BA.2.3.6 OR BA.2.3.7 OR BA.2.3.8 OR BA.2.3.9 OR BA.2.3.10 OR BA.2.3.11 OR BA.2.3.12 OR BA.2.3.13 OR BA.2.3.14 OR BA.2.3.15 OR BA.2.3.16 OR BA.2.3.17 OR BA.2.3.18 OR BA.2.3.19 OR BA.2.3.20 OR BA.2.3.21 OR BA.2.3.22 OR BA.2.4 OR BA.2.5 OR BA.2.6 OR BA.2.7 OR BA.2.8 OR BA.2.9 OR BA.2.9.1 OR BA.2.9.2 OR BA.2.9.3 OR BA.2.9.4 OR BA.2.9.5 OR BA.2.9.6 OR BA.2.9.7 OR BA.2.10 OR BA.2.10.1 OR BA.2.10.2 OR BA.2.10.3 OR BA.2.10.4 OR BA.2.11 OR BA.2.12 OR BA.2.12.1 OR BA.2.12.2 OR BA.2.13 OR BA.2.13.1 OR BA.2.14 OR BA.2.15 OR BA.2.16 OR BA.2.17 OR BA.2.18 OR BA.2.19 OR BA.2.20 OR BA.2.21 OR BA.2.22 OR BA.2.23 OR BA.2.23.1 OR BA.2.24 OR BA.2.25 OR BA.2.25.1 OR BA.2.26 OR BA.2.27 OR BA.2.28 OR BA.2.29 OR BA.2.30 OR BA.2.31 OR BA.2.31.1 OR BA.2.32 OR BA.2.33 OR BA.2.34 OR BA.2.35 OR BA.2.36 OR BA.2.37 OR BA.2.38 OR BA.2.38.1 OR BA.2.38.2 OR BA.2.38.3 OR BA.2.38.4 OR BA.2.39 OR BA.2.40 OR BA.2.40.1 OR BA.2.41 OR BA.2.42 OR BA.2.43 OR BA.2.44 OR BA.2.45 OR BA.2.46 OR BA.2.47 OR BA.2.48 OR BA.2.49 OR BA.2.50 OR BA.2.51 OR BA.2.52 OR BA.2.53 OR BA.2.54 OR BA.2.55 OR BA.2.56 OR BA.2.56.1 OR BA.2.57 OR BA.2.58 OR BA.2.59 OR BA.2.60 OR BA.2.61 OR BA.2.62 OR BA.2.63 OR BA.2.64 OR BA.2.65 OR BA.2.66 OR BA.2.67 OR BA.2.68 OR BA.2.69 OR BA.2.70 OR BA.2.71 OR BA.2.72 OR BA.2.73 OR BA.2.74 OR BA.2.75 OR BA.2.75.1 OR BA.2.75.2 OR BA.2.75.3 OR BA.2.75.4 OR BA.2.75.5 OR BA.2.75.6 OR BA.2.75.7 OR BA.2.75.8 OR BA.2.75.9 OR BA.2.75.10 OR BA.2.76 OR BA.2.76.1 OR BA.2.76.2 OR BA.2.77 OR BA.2.78 OR BA.2.79 OR BA.2.79.1 OR BA.2.80 OR BA.2.81 OR BA.2.82 OR BA.2.83 OR BA.2.85 OR BA.3 OR BA.3.1 OR BA.4 OR BA.4.1 OR BA.4.1.1 OR BA.4.1.2 OR BA.4.1.3 OR BA.4.1.4 OR BA.4.1.5 OR BA.4.1.6 OR BA.4.1.7 OR BA.4.1.8 OR BA.4.1.9 OR BA.4.1.10 OR BA.4.2 OR BA.4.3 OR BA.4.4 OR BA.4.5 OR BA.4.6 OR BA.4.6.1 OR BA.4.6.2 OR BA.4.6.3 OR BA.4.6.4 OR BA.4.6.5 OR BA.4.7 OR BA.4.8 OR BA.5 OR BA.5.1 OR BA.5.1.1 OR BA.5.1.2 OR BA.5.1.3 OR BA.5.1.4 OR BA.5.1.5 OR BA.5.1.6 OR BA.5.1.7 OR BA.5.1.8 OR BA.5.1.9 OR BA.5.1.10 OR BA.5.1.11 OR BA.5.1.12 OR BA.5.1.14 OR BA.5.1.15 OR BA.5.1.16 OR BA.5.1.17 OR BA.5.1.18 OR BA.5.1.19 OR BA.5.1.20 OR BA.5.1.21 OR BA.5.1.22 OR BA.5.1.23 OR BA.5.1.24 OR BA.5.1.25 OR BA.5.1.26 OR BA.5.1.27 OR BA.5.1.28 OR BA.5.1.29 OR BA.5.1.30 OR BA.5.1.31 OR BA.5.1.32 OR BA.5.2 OR BA.5.2.1 OR BA.5.2.2 OR BA.5.2.3 OR BA.5.2.4 OR BA.5.2.5 OR BA.5.2.6 OR BA.5.2.7 OR BA.5.2.8 OR BA.5.2.9 OR BA.5.2.10 OR BA.5.2.11 OR BA.5.2.12 OR BA.5.2.13 OR BA.5.2.14 OR BA.5.2.16 OR BA.5.2.18 OR BA.5.2.19 OR BA.5.2.20 OR BA.5.2.21 OR BA.5.2.22 OR BA.5.2.23 OR BA.5.2.24 OR BA.5.2.25 OR BA.5.2.26 OR BA.5.2.27 OR BA.5.2.28 OR BA.5.2.29 OR BA.5.2.30 OR BA.5.2.31 OR BA.5.2.32 OR BA.5.2.33 OR BA.5.2.34 OR BA.5.2.35 OR BA.5.2.36 OR BA.5.2.37 OR BA.5.2.38 OR BA.5.2.39 OR BA.5.2.40 OR BA.5.2.41 OR BA.5.2.42 OR BA.5.2.43 OR BA.5.2.44 OR BA.5.2.45 OR BA.5.2.46 OR BA.5.2.47 OR BA.5.2.48 OR BA.5.2.49 OR BA.5.3 OR BA.5.3.1 OR BA.5.3.2 OR BA.5.3.3 OR BA.5.3.4 OR BA.5.3.5 OR BA.5.5 OR BA.5.5.1 OR BA.5.5.2 OR BA.5.5.3 OR BA.5.6 OR BA.5.6.1 OR BA.5.6.2 OR BA.5.6.3 OR BA.5.6.4 OR BA.5.7 OR BA.5.8 OR BA.5.9 OR BA.5.10 OR BA.5.10.1 OR BA.5.11 OR BC.1 OR BC.2 OR BD.1 OR BE.1 OR BE.1.1 OR BE.1.1.1 OR BE.1.1.2 OR BE.1.2 OR BE.1.2.1 OR BE.1.3 OR BE.1.4 OR BE.1.4.1 OR BE.1.4.2 OR BE.1.4.3 OR BE.1.4.4 OR BE.2 OR BE.3 OR BE.4 OR BE.4.1 OR BE.4.1.1 OR BE.4.2 OR BE.5 OR BE.6 OR BE.7 OR BE.8 OR BE.9 OR BE.10 OR BF.1 OR BF.1.1 OR BF.2 OR BF.3 OR BF.3.1 OR BF.4 OR BF.5 OR BF.5.1 OR BF.5.2 OR BF.6 OR BF.7 OR BF.7.1 OR BF.7.2 OR BF.7.3 OR BF.7.4 OR BF.7.4.1 OR BF.7.4.2 OR BF.7.5 OR BF.7.5.1 OR BF.7.6 OR BF.7.7 OR BF.7.8 OR BF.7.9 OR BF.7.10 OR BF.7.11 OR BF.7.12 OR BF.7.13 OR BF.7.13.1 OR BF.7.13.2 OR BF.7.14 OR BF.7.15 OR BF.8 OR BF.9 OR BF.10 OR BF.10.1 OR BF.11 OR BF.11.1 OR BF.11.2 OR BF.11.3 OR BF.11.4 OR BF.11.5 OR BF.12 OR BF.13 OR BF.14 OR BF.15 OR BF.16 OR BF.17 OR BF.18 OR BF.19 OR BF.20 OR BF.21 OR BF.22 OR BF.23 OR BF.24 OR BF.25 OR BF.26 OR BF.27 OR BF.28 OR BF.29 OR BF.30 OR BF.31 OR BF.31.1 OR BF.32 OR BF.33 OR BF.34 OR BG.1 OR BG.2 OR BG.3 OR BG.4 OR BG.5 OR BG.6 OR BG.7 OR BH.1 OR BJ.1 OR BK.1 OR BL.1 OR BL.1.1 OR BL.1.2 OR BL.1.3 OR BL.1.4 OR BL.2 OR BL.2.1 OR BL.3 OR BL.4 OR BL.5 OR BL.6 OR BM.1 OR BM.1.1 OR BM.1.1.1 OR BM.1.1.2 OR BM.1.1.3 OR BM.1.1.4 OR BM.1.1.5 OR BM.2 OR BM.2.1 OR BM.2.2 OR BM.2.3 OR BM.3 OR BM.4 OR BM.4.1 OR BM.4.1.1 OR BM.5 OR BM.6 OR BN.1 OR BN.1.1 OR BN.1.1.1 OR BN.1.2 OR BN.1.2.1 OR BN.1.3 OR BN.1.3.1 OR BN.1.3.2 OR BN.1.3.3 OR BN.1.3.4 OR BN.1.4 OR BN.1.4.1 OR BN.1.5 OR BN.1.5.1 OR BN.1.6 OR BN.1.7 OR BN.1.8 OR BN.1.9 OR BN.2 OR BN.2.1 OR BN.3 OR BN.3.1 OR BN.4 OR BN.5 OR BN.6 OR BP.1 OR BQ.1 OR BQ.1.1 OR BQ.1.1.1 OR BQ.1.1.2 OR BQ.1.1.3 OR BQ.1.1.4 OR BQ.1.1.5 OR BQ.1.1.6 OR BQ.1.1.7 OR BQ.1.1.8 OR BQ.1.1.9 OR BQ.1.1.10 OR BQ.1.1.11 OR BQ.1.1.12 OR BQ.1.1.13 OR BQ.1.1.14 OR BQ.1.1.15 OR BQ.1.1.16 OR BQ.1.1.17 OR BQ.1.1.18 OR BQ.1.1.19 OR BQ.1.1.20 OR BQ.1.1.21 OR BQ.1.1.22 OR BQ.1.1.23 OR BQ.1.1.24 OR BQ.1.1.25 OR BQ.1.1.26 OR BQ.1.1.27 OR BQ.1.1.28 OR BQ.1.1.29 OR BQ.1.1.30 OR BQ.1.1.31 OR BQ.1.1.32 OR BQ.1.1.34 OR BQ.1.1.35 OR BQ.1.1.36 OR BQ.1.2 OR BQ.1.3 OR BQ.1.4 OR BQ.1.5 OR BQ.1.6 OR BQ.1.7 OR BQ.1.8 OR BQ.1.8.1 OR BQ.1.8.2 OR BQ.1.9 OR BQ.1.10 OR BQ.1.10.1 OR BQ.1.11 OR BQ.1.12 OR BQ.1.13 OR BQ.1.13.1 OR BQ.1.14 OR BQ.1.15 OR BQ.1.16 OR BQ.1.17 OR BQ.1.18 OR BQ.1.19 OR BQ.1.20 OR BQ.1.21 OR BQ.1.22 OR BQ.1.23 OR BQ.1.24 OR BQ.1.25 OR BQ.1.25.1 OR BQ.1.26 OR BQ.1.26.1 OR BQ.1.27 OR BQ.1.28 OR BQ.2 OR BR.1 OR BR.1.1 OR BR.1.2 OR BR.2 OR BR.2.1 OR BR.3 OR BR.4 OR BS.1 OR BS.1.1 OR BS.1.2 OR BT.1 OR BT.2 OR BU.1 OR BU.2 OR BU.3 OR BV.1 OR BV.2 OR BW.1 OR BW.1.1 OR BY.1 OR BY.1.1 OR BY.1.1.1 OR BY.1.2 OR BY.1.2.1 OR BZ.1 OR CA.1 OR CA.2 OR CA.3 OR CA.3.1 OR CA.4 OR CA.5 OR CA.6 OR CA.7 OR CB.1 OR CC.1 OR CD.1 OR CD.2 OR CE.1 OR CF.1 OR CG.1 OR CH.1 OR CH.1.1 OR CH.1.1.1 OR CH.1.1.2 OR CH.1.1.3 OR CH.1.1.4 OR CH.1.1.5 OR CH.2 OR CH.3 OR CH.3.1 OR CJ.1 OR CJ.1.1 OR CK.1 OR CK.1.1 OR CK.1.2 OR CK.2 OR CK.2.1 OR CK.2.1.1 OR CK.3 OR CL.1 OR CM.1 OR CM.2 OR CM.2.1 OR CM.3 OR CM.4 OR CM.4.1 OR CM.5 OR CM.5.1 OR CM.5.2 OR CM.6 OR CM.6.1 OR CM.7 OR CM.8 OR CM.8.1 OR CM.9 OR CM.10 OR CM.11 OR CM.12 OR CN.1 OR CN.2 OR CP.1 OR CP.1.1 OR CP.1.2 OR CP.1.3 OR CP.2 OR CP.3 OR CP.4 OR CP.5 OR CP.6 OR CQ.1 OR CQ.1.1 OR CQ.2 OR CR.1 OR CR.1.1 OR CR.1.2 OR CR.1.3 OR CR.2 OR CS.1 OR CT.1 OR CU.1 OR CV.1 OR CV.2 OR CW.1 OR CY.1 OR CZ.1 OR DA.1 OR DB.1 OR DB.2 OR DC.1 OR DD.1 OR DE.1 OR DE.2 OR DF.1 OR DF.1.1 OR DG.1 OR DH.1 OR DJ.1 OR DJ.1.1 OR DJ.1.2 OR DJ.1.3 OR DK.1 OR DL.1 OR DM.1 OR DN.1 OR DN.1.1 OR DP.1 OR DQ.1 OR DR.1 OR DS.1 OR DT.1 OR DU.1 OR DV.1,Omicron,4.35714285714286,4.21428571428571,0.967213114754098
2022-06-01,13,12,5.85714285714286,5.42857142857143,0.926829268292683,0.441943226390752,0.981379872880558,B.1.1.529 OR BA.1 OR BA.1.1 OR BA.1.1.1 OR BA.1.1.2 OR BA.1.1.3 OR BA.1.1.4 OR BA.1.1.5 OR BA.1.1.6 OR BA.1.1.7 OR BA.1.1.8 OR BA.1.1.9 OR BA.1.1.10 OR BA.1.1.11 OR BA.1.1.12 OR BA.1.1.13 OR BA.1.1.14 OR BA.1.1.15 OR BA.1.1.16 OR BA.1.1.17 OR BA.1.1.18 OR BA.1.2 OR BA.1.3 OR BA.1.4 OR BA.1.5 OR BA.1.6 OR BA.1.7 OR BA.1.8 OR BA.1.9 OR BA.1.10 OR BA.1.12 OR BA.1.13 OR BA.1.13.1 OR BA.1.14 OR BA.1.14.1 OR BA.1.14.2 OR BA.1.15 OR BA.1.15.1 OR BA.1.15.2 OR BA.1.15.3 OR BA.1.16 OR BA.1.16.1 OR BA.1.16.2 OR BA.1.17 OR BA.1.17.1 OR BA.1.17.2 OR BA.1.18 OR BA.1.19 OR BA.1.20 OR BA.1.21 OR BA.1.21.1 OR BA.1.22 OR BA.1.23 OR BA.1.24 OR BA.2 OR BA.2.1 OR BA.2.2 OR BA.2.2.1 OR BA.2.3 OR BA.2.3.1 OR BA.2.3.2 OR BA.2.3.4 OR BA.2.3.5 OR BA.2.3.6 OR BA.2.3.7 OR BA.2.3.8 OR BA.2.3.9 OR BA.2.3.10 OR BA.2.3.11 OR BA.2.3.12 OR BA.2.3.13 OR BA.2.3.14 OR BA.2.3.15 OR BA.2.3.16 OR BA.2.3.17 OR BA.2.3.18 OR BA.2.3.19 OR BA.2.3.20 OR BA.2.3.21 OR BA.2.3.22 OR BA.2.4 OR BA.2.5 OR BA.2.6 OR BA.2.7 OR BA.2.8 OR BA.2.9 OR BA.2.9.1 OR BA.2.9.2 OR BA.2.9.3 OR BA.2.9.4 OR BA.2.9.5 OR BA.2.9.6 OR BA.2.9.7 OR BA.2.10 OR BA.2.10.1 OR BA.2.10.2 OR BA.2.10.3 OR BA.2.10.4 OR BA.2.11 OR BA.2.12 OR BA.2.12.1 OR BA.2.12.2 OR BA.2.13 OR BA.2.13.1 OR BA.2.14 OR BA.2.15 OR BA.2.16 OR BA.2.17 OR BA.2.18 OR BA.2.19 OR BA.2.20 OR BA.2.21 OR BA.2.22 OR BA.2.23 OR BA.2.23.1 OR BA.2.24 OR BA.2.25 OR BA.2.25.1 OR BA.2.26 OR BA.2.27 OR BA.2.28 OR BA.2.29 OR BA.2.30 OR BA.2.31 OR BA.2.31.1 OR BA.2.32 OR BA.2.33 OR BA.2.34 OR BA.2.35 OR BA.2.36 OR BA.2.37 OR BA.2.38 OR BA.2.38.1 OR BA.2.38.2 OR BA.2.38.3 OR BA.2.38.4 OR BA.2.39 OR BA.2.40 OR BA.2.40.1 OR BA.2.41 OR BA.2.42 OR BA.2.43 OR BA.2.44 OR BA.2.45 OR BA.2.46 OR BA.2.47 OR BA.2.48 OR BA.2.49 OR BA.2.50 OR BA.2.51 OR BA.2.52 OR BA.2.53 OR BA.2.54 OR BA.2.55 OR BA.2.56 OR BA.2.56.1 OR BA.2.57 OR BA.2.58 OR BA.2.59 OR BA.2.60 OR BA.2.61 OR BA.2.62 OR BA.2.63 OR BA.2.64 OR BA.2.65 OR BA.2.66 OR BA.2.67 OR BA.2.68 OR BA.2.69 OR BA.2.70 OR BA.2.71 OR BA.2.72 OR BA.2.73 OR BA.2.74 OR BA.2.75 OR BA.2.75.1 OR BA.2.75.2 OR BA.2.75.3 OR BA.2.75.4 OR BA.2.75.5 OR BA.2.75.6 OR BA.2.75.7 OR BA.2.75.8 OR BA.2.75.9 OR BA.2.75.10 OR BA.2.76 OR BA.2.76.1 OR BA.2.76.2 OR BA.2.77 OR BA.2.78 OR BA.2.79 OR BA.2.79.1 OR BA.2.80 OR BA.2.81 OR BA.2.82 OR BA.2.83 OR BA.2.85 OR BA.3 OR BA.3.1 OR BA.4 OR BA.4.1 OR BA.4.1.1 OR BA.4.1.2 OR BA.4.1.3 OR BA.4.1.4 OR BA.4.1.5 OR BA.4.1.6 OR BA.4.1.7 OR BA.4.1.8 OR BA.4.1.9 OR BA.4.1.10 OR BA.4.2 OR BA.4.3 OR BA.4.4 OR BA.4.5 OR BA.4.6 OR BA.4.6.1 OR BA.4.6.2 OR BA.4.6.3 OR BA.4.6.4 OR BA.4.6.5 OR BA.4.7 OR BA.4.8 OR BA.5 OR BA.5.1 OR BA.5.1.1 OR BA.5.1.2 OR BA.5.1.3 OR BA.5.1.4 OR BA.5.1.5 OR BA.5.1.6 OR BA.5.1.7 OR BA.5.1.8 OR BA.5.1.9 OR BA.5.1.10 OR BA.5.1.11 OR BA.5.1.12 OR BA.5.1.14 OR BA.5.1.15 OR BA.5.1.16 OR BA.5.1.17 OR BA.5.1.18 OR BA.5.1.19 OR BA.5.1.20 OR BA.5.1.21 OR BA.5.1.22 OR BA.5.1.23 OR BA.5.1.24 OR BA.5.1.25 OR BA.5.1.26 OR BA.5.1.27 OR BA.5.1.28 OR BA.5.1.29 OR BA.5.1.30 OR BA.5.1.31 OR BA.5.1.32 OR BA.5.2 OR BA.5.2.1 OR BA.5.2.2 OR BA.5.2.3 OR BA.5.2.4 OR BA.5.2.5 OR BA.5.2.6 OR BA.5.2.7 OR BA.5.2.8 OR BA.5.2.9 OR BA.5.2.10 OR BA.5.2.11 OR BA.5.2.12 OR BA.5.2.13 OR BA.5.2.14 OR BA.5.2.16 OR BA.5.2.18 OR BA.5.2.19 OR BA.5.2.20 OR BA.5.2.21 OR BA.5.2.22 OR BA.5.2.23 OR BA.5.2.24 OR BA.5.2.25 OR BA.5.2.26 OR BA.5.2.27 OR BA.5.2.28 OR BA.5.2.29 OR BA.5.2.30 OR BA.5.2.31 OR BA.5.2.32 OR BA.5.2.33 OR BA.5.2.34 OR BA.5.2.35 OR BA.5.2.36 OR BA.5.2.37 OR BA.5.2.38 OR BA.5.2.39 OR BA.5.2.40 OR BA.5.2.41 OR BA.5.2.42 OR BA.5.2.43 OR BA.5.2.44 OR BA.5.2.45 OR BA.5.2.46 OR BA.5.2.47 OR BA.5.2.48 OR BA.5.2.49 OR BA.5.3 OR BA.5.3.1 OR BA.5.3.2 OR BA.5.3.3 OR BA.5.3.4 OR BA.5.3.5 OR BA.5.5 OR BA.5.5.1 OR BA.5.5.2 OR BA.5.5.3 OR BA.5.6 OR BA.5.6.1 OR BA.5.6.2 OR BA.5.6.3 OR BA.5.6.4 OR BA.5.7 OR BA.5.8 OR BA.5.9 OR BA.5.10 OR BA.5.10.1 OR BA.5.11 OR BC.1 OR BC.2 OR BD.1 OR BE.1 OR BE.1.1 OR BE.1.1.1 OR BE.1.1.2 OR BE.1.2 OR BE.1.2.1 OR BE.1.3 OR BE.1.4 OR BE.1.4.1 OR BE.1.4.2 OR BE.1.4.3 OR BE.1.4.4 OR BE.2 OR BE.3 OR BE.4 OR BE.4.1 OR BE.4.1.1 OR BE.4.2 OR BE.5 OR BE.6 OR BE.7 OR BE.8 OR BE.9 OR BE.10 OR BF.1 OR BF.1.1 OR BF.2 OR BF.3 OR BF.3.1 OR BF.4 OR BF.5 OR BF.5.1 OR BF.5.2 OR BF.6 OR BF.7 OR BF.7.1 OR BF.7.2 OR BF.7.3 OR BF.7.4 OR BF.7.4.1 OR BF.7.4.2 OR BF.7.5 OR BF.7.5.1 OR BF.7.6 OR BF.7.7 OR BF.7.8 OR BF.7.9 OR BF.7.10 OR BF.7.11 OR BF.7.12 OR BF.7.13 OR BF.7.13.1 OR BF.7.13.2 OR BF.7.14 OR BF.7.15 OR BF.8 OR BF.9 OR BF.10 OR BF.10.1 OR BF.11 OR BF.11.1 OR BF.11.2 OR BF.11.3 OR BF.11.4 OR BF.11.5 OR BF.12 OR BF.13 OR BF.14 OR BF.15 OR BF.16 OR BF.17 OR BF.18 OR BF.19 OR BF.20 OR BF.21 OR BF.22 OR BF.23 OR BF.24 OR BF.25 OR BF.26 OR BF.27 OR BF.28 OR BF.29 OR BF.30 OR BF.31 OR BF.31.1 OR BF.32 OR BF.33 OR BF.34 OR BG.1 OR BG.2 OR BG.3 OR BG.4 OR BG.5 OR BG.6 OR BG.7 OR BH.1 OR BJ.1 OR BK.1 OR BL.1 OR BL.1.1 OR BL.1.2 OR BL.1.3 OR BL.1.4 OR BL.2 OR BL.2.1 OR BL.3 OR BL.4 OR BL.5 OR BL.6 OR BM.1 OR BM.1.1 OR BM.1.1.1 OR BM.1.1.2 OR BM.1.1.3 OR BM.1.1.4 OR BM.1.1.5 OR BM.2 OR BM.2.1 OR BM.2.2 OR BM.2.3 OR BM.3 OR BM.4 OR BM.4.1 OR BM.4.1.1 OR BM.5 OR BM.6 OR BN.1 OR BN.1.1 OR BN.1.1.1 OR BN.1.2 OR BN.1.2.1 OR BN.1.3 OR BN.1.3.1 OR BN.1.3.2 OR BN.1.3.3 OR BN.1.3.4 OR BN.1.4 OR BN.1.4.1 OR BN.1.5 OR BN.1.5.1 OR BN.1.6 OR BN.1.7 OR BN.1.8 OR BN.1.9 OR BN.2 OR BN.2.1 OR BN.3 OR BN.3.1 OR BN.4 OR BN.5 OR BN.6 OR BP.1 OR BQ.1 OR BQ.1.1 OR BQ.1.1.1 OR BQ.1.1.2 OR BQ.1.1.3 OR BQ.1.1.4 OR BQ.1.1.5 OR BQ.1.1.6 OR BQ.1.1.7 OR BQ.1.1.8 OR BQ.1.1.9 OR BQ.1.1.10 OR BQ.1.1.11 OR BQ.1.1.12 OR BQ.1.1.13 OR BQ.1.1.14 OR BQ.1.1.15 OR BQ.1.1.16 OR BQ.1.1.17 OR BQ.1.1.18 OR BQ.1.1.19 OR BQ.1.1.20 OR BQ.1.1.21 OR BQ.1.1.22 OR BQ.1.1.23 OR BQ.1.1.24 OR BQ.1.1.25 OR BQ.1.1.26 OR BQ.1.1.27 OR BQ.1.1.28 OR BQ.1.1.29 OR BQ.1.1.30 OR BQ.1.1.31 OR BQ.1.1.32 OR BQ.1.1.34 OR BQ.1.1.35 OR BQ.1.1.36 OR BQ.1.2 OR BQ.1.3 OR BQ.1.4 OR BQ.1.5 OR BQ.1.6 OR BQ.1.7 OR BQ.1.8 OR BQ.1.8.1 OR BQ.1.8.2 OR BQ.1.9 OR BQ.1.10 OR BQ.1.10.1 OR BQ.1.11 OR BQ.1.12 OR BQ.1.13 OR BQ.1.13.1 OR BQ.1.14 OR BQ.1.15 OR BQ.1.16 OR BQ.1.17 OR BQ.1.18 OR BQ.1.19 OR BQ.1.20 OR BQ.1.21 OR BQ.1.22 OR BQ.1.23 OR BQ.1.24 OR BQ.1.25 OR BQ.1.25.1 OR BQ.1.26 OR BQ.1.26.1 OR BQ.1.27 OR BQ.1.28 OR BQ.2 OR BR.1 OR BR.1.1 OR BR.1.2 OR BR.2 OR BR.2.1 OR BR.3 OR BR.4 OR BS.1 OR BS.1.1 OR BS.1.2 OR BT.1 OR BT.2 OR BU.1 OR BU.2 OR BU.3 OR BV.1 OR BV.2 OR BW.1 OR BW.1.1 OR BY.1 OR BY.1.1 OR BY.1.1.1 OR BY.1.2 OR BY.1.2.1 OR BZ.1 OR CA.1 OR CA.2 OR CA.3 OR CA.3.1 OR CA.4 OR CA.5 OR CA.6 OR CA.7 OR CB.1 OR CC.1 OR CD.1 OR CD.2 OR CE.1 OR CF.1 OR CG.1 OR CH.1 OR CH.1.1 OR CH.1.1.1 OR CH.1.1.2 OR CH.1.1.3 OR CH.1.1.4 OR CH.1.1.5 OR CH.2 OR CH.3 OR CH.3.1 OR CJ.1 OR CJ.1.1 OR CK.1 OR CK.1.1 OR CK.1.2 OR CK.2 OR CK.2.1 OR CK.2.1.1 OR CK.3 OR CL.1 OR CM.1 OR CM.2 OR CM.2.1 OR CM.3 OR CM.4 OR CM.4.1 OR CM.5 OR CM.5.1 OR CM.5.2 OR CM.6 OR CM.6.1 OR CM.7 OR CM.8 OR CM.8.1 OR CM.9 OR CM.10 OR CM.11 OR CM.12 OR CN.1 OR CN.2 OR CP.1 OR CP.1.1 OR CP.1.2 OR CP.1.3 OR CP.2 OR CP.3 OR CP.4 OR CP.5 OR CP.6 OR CQ.1 OR CQ.1.1 OR CQ.2 OR CR.1 OR CR.1.1 OR CR.1.2 OR CR.1.3 OR CR.2 OR CS.1 OR CT.1 OR CU.1 OR CV.1 OR CV.2 OR CW.1 OR CY.1 OR CZ.1 OR DA.1 OR DB.1 OR DB.2 OR DC.1 OR DD.1 OR DE.1 OR DE.2 OR DF.1 OR DF.1.1 OR DG.1 OR DH.1 OR DJ.1 OR DJ.1.1 OR DJ.1.2 OR DJ.1.3 OR DK.1 OR DL.1 OR DM.1 OR DN.1 OR DN.1.1 OR DP.1 OR DQ.1 OR DR.1 OR DS.1 OR DT.1 OR DU.1 OR DV.1,Omicron,4.92857142857143,4.71428571428571,0.956521739130435
2022-06-02,10,9,7,6.42857142857143,0.918367346938776,0.499202538380922,0.984123475787253,B.1.1.529 OR BA.1 OR BA.1.1 OR BA.1.1.1 OR BA.1.1.2 OR BA.1.1.3 OR BA.1.1.4 OR BA.1.1.5 OR BA.1.1.6 OR BA.1.1.7 OR BA.1.1.8 OR BA.1.1.9 OR BA.1.1.10 OR BA.1.1.11 OR BA.1.1.12 OR BA.1.1.13 OR BA.1.1.14 OR BA.1.1.15 OR BA.1.1.16 OR BA.1.1.17 OR BA.1.1.18 OR BA.1.2 OR BA.1.3 OR BA.1.4 OR BA.1.5 OR BA.1.6 OR BA.1.7 OR BA.1.8 OR BA.1.9 OR BA.1.10 OR BA.1.12 OR BA.1.13 OR BA.1.13.1 OR BA.1.14 OR BA.1.14.1 OR BA.1.14.2 OR BA.1.15 OR BA.1.15.1 OR BA.1.15.2 OR BA.1.15.3 OR BA.1.16 OR BA.1.16.1 OR BA.1.16.2 OR BA.1.17 OR BA.1.17.1 OR BA.1.17.2 OR BA.1.18 OR BA.1.19 OR BA.1.20 OR BA.1.21 OR BA.1.21.1 OR BA.1.22 OR BA.1.23 OR BA.1.24 OR BA.2 OR BA.2.1 OR BA.2.2 OR BA.2.2.1 OR BA.2.3 OR BA.2.3.1 OR BA.2.3.2 OR BA.2.3.4 OR BA.2.3.5 OR BA.2.3.6 OR BA.2.3.7 OR BA.2.3.8 OR BA.2.3.9 OR BA.2.3.10 OR BA.2.3.11 OR BA.2.3.12 OR BA.2.3.13 OR BA.2.3.14 OR BA.2.3.15 OR BA.2.3.16 OR BA.2.3.17 OR BA.2.3.18 OR BA.2.3.19 OR BA.2.3.20 OR BA.2.3.21 OR BA.2.3.22 OR BA.2.4 OR BA.2.5 OR BA.2.6 OR BA.2.7 OR BA.2.8 OR BA.2.9 OR BA.2.9.1 OR BA.2.9.2 OR BA.2.9.3 OR BA.2.9.4 OR BA.2.9.5 OR BA.2.9.6 OR BA.2.9.7 OR BA.2.10 OR BA.2.10.1 OR BA.2.10.2 OR BA.2.10.3 OR BA.2.10.4 OR BA.2.11 OR BA.2.12 OR BA.2.12.1 OR BA.2.12.2 OR BA.2.13 OR BA.2.13.1 OR BA.2.14 OR BA.2.15 OR BA.2.16 OR BA.2.17 OR BA.2.18 OR BA.2.19 OR BA.2.20 OR BA.2.21 OR BA.2.22 OR BA.2.23 OR BA.2.23.1 OR BA.2.24 OR BA.2.25 OR BA.2.25.1 OR BA.2.26 OR BA.2.27 OR BA.2.28 OR BA.2.29 OR BA.2.30 OR BA.2.31 OR BA.2.31.1 OR BA.2.32 OR BA.2.33 OR BA.2.34 OR BA.2.35 OR BA.2.36 OR BA.2.37 OR BA.2.38 OR BA.2.38.1 OR BA.2.38.2 OR BA.2.38.3 OR BA.2.38.4 OR BA.2.39 OR BA.2.40 OR BA.2.40.1 OR BA.2.41 OR BA.2.42 OR BA.2.43 OR BA.2.44 OR BA.2.45 OR BA.2.46 OR BA.2.47 OR BA.2.48 OR BA.2.49 OR BA.2.50 OR BA.2.51 OR BA.2.52 OR BA.2.53 OR BA.2.54 OR BA.2.55 OR BA.2.56 OR BA.2.56.1 OR BA.2.57 OR BA.2.58 OR BA.2.59 OR BA.2.60 OR BA.2.61 OR BA.2.62 OR BA.2.63 OR BA.2.64 OR BA.2.65 OR BA.2.66 OR BA.2.67 OR BA.2.68 OR BA.2.69 OR BA.2.70 OR BA.2.71 OR BA.2.72 OR BA.2.73 OR BA.2.74 OR BA.2.75 OR BA.2.75.1 OR BA.2.75.2 OR BA.2.75.3 OR BA.2.75.4 OR BA.2.75.5 OR BA.2.75.6 OR BA.2.75.7 OR BA.2.75.8 OR BA.2.75.9 OR BA.2.75.10 OR BA.2.76 OR BA.2.76.1 OR BA.2.76.2 OR BA.2.77 OR BA.2.78 OR BA.2.79 OR BA.2.79.1 OR BA.2.80 OR BA.2.81 OR BA.2.82 OR BA.2.83 OR BA.2.85 OR BA.3 OR BA.3.1 OR BA.4 OR BA.4.1 OR BA.4.1.1 OR BA.4.1.2 OR BA.4.1.3 OR BA.4.1.4 OR BA.4.1.5 OR BA.4.1.6 OR BA.4.1.7 OR BA.4.1.8 OR BA.4.1.9 OR BA.4.1.10 OR BA.4.2 OR BA.4.3 OR BA.4.4 OR BA.4.5 OR BA.4.6 OR BA.4.6.1 OR BA.4.6.2 OR BA.4.6.3 OR BA.4.6.4 OR BA.4.6.5 OR BA.4.7 OR BA.4.8 OR BA.5 OR BA.5.1 OR BA.5.1.1 OR BA.5.1.2 OR BA.5.1.3 OR BA.5.1.4 OR BA.5.1.5 OR BA.5.1.6 OR BA.5.1.7 OR BA.5.1.8 OR BA.5.1.9 OR BA.5.1.10 OR BA.5.1.11 OR BA.5.1.12 OR BA.5.1.14 OR BA.5.1.15 OR BA.5.1.16 OR BA.5.1.17 OR BA.5.1.18 OR BA.5.1.19 OR BA.5.1.20 OR BA.5.1.21 OR BA.5.1.22 OR BA.5.1.23 OR BA.5.1.24 OR BA.5.1.25 OR BA.5.1.26 OR BA.5.1.27 OR BA.5.1.28 OR BA.5.1.29 OR BA.5.1.30 OR BA.5.1.31 OR BA.5.1.32 OR BA.5.2 OR BA.5.2.1 OR BA.5.2.2 OR BA.5.2.3 OR BA.5.2.4 OR BA.5.2.5 OR BA.5.2.6 OR BA.5.2.7 OR BA.5.2.8 OR BA.5.2.9 OR BA.5.2.10 OR BA.5.2.11 OR BA.5.2.12 OR BA.5.2.13 OR BA.5.2.14 OR BA.5.2.16 OR BA.5.2.18 OR BA.5.2.19 OR BA.5.2.20 OR BA.5.2.21 OR BA.5.2.22 OR BA.5.2.23 OR BA.5.2.24 OR BA.5.2.25 OR BA.5.2.26 OR BA.5.2.27 OR BA.5.2.28 OR BA.5.2.29 OR BA.5.2.30 OR BA.5.2.31 OR BA.5.2.32 OR BA.5.2.33 OR BA.5.2.34 OR BA.5.2.35 OR BA.5.2.36 OR BA.5.2.37 OR BA.5.2.38 OR BA.5.2.39 OR BA.5.2.40 OR BA.5.2.41 OR BA.5.2.42 OR BA.5.2.43 OR BA.5.2.44 OR BA.5.2.45 OR BA.5.2.46 OR BA.5.2.47 OR BA.5.2.48 OR BA.5.2.49 OR BA.5.3 OR BA.5.3.1 OR BA.5.3.2 OR BA.5.3.3 OR BA.5.3.4 OR BA.5.3.5 OR BA.5.5 OR BA.5.5.1 OR BA.5.5.2 OR BA.5.5.3 OR BA.5.6 OR BA.5.6.1 OR BA.5.6.2 OR BA.5.6.3 OR BA.5.6.4 OR BA.5.7 OR BA.5.8 OR BA.5.9 OR BA.5.10 OR BA.5.10.1 OR BA.5.11 OR BC.1 OR BC.2 OR BD.1 OR BE.1 OR BE.1.1 OR BE.1.1.1 OR BE.1.1.2 OR BE.1.2 OR BE.1.2.1 OR BE.1.3 OR BE.1.4 OR BE.1.4.1 OR BE.1.4.2 OR BE.1.4.3 OR BE.1.4.4 OR BE.2 OR BE.3 OR BE.4 OR BE.4.1 OR BE.4.1.1 OR BE.4.2 OR BE.5 OR BE.6 OR BE.7 OR BE.8 OR BE.9 OR BE.10 OR BF.1 OR BF.1.1 OR BF.2 OR BF.3 OR BF.3.1 OR BF.4 OR BF.5 OR BF.5.1 OR BF.5.2 OR BF.6 OR BF.7 OR BF.7.1 OR BF.7.2 OR BF.7.3 OR BF.7.4 OR BF.7.4.1 OR BF.7.4.2 OR BF.7.5 OR BF.7.5.1 OR BF.7.6 OR BF.7.7 OR BF.7.8 OR BF.7.9 OR BF.7.10 OR BF.7.11 OR BF.7.12 OR BF.7.13 OR BF.7.13.1 OR BF.7.13.2 OR BF.7.14 OR BF.7.15 OR BF.8 OR BF.9 OR BF.10 OR BF.10.1 OR BF.11 OR BF.11.1 OR BF.11.2 OR BF.11.3 OR BF.11.4 OR BF.11.5 OR BF.12 OR BF.13 OR BF.14 OR BF.15 OR BF.16 OR BF.17 OR BF.18 OR BF.19 OR BF.20 OR BF.21 OR BF.22 OR BF.23 OR BF.24 OR BF.25 OR BF.26 OR BF.27 OR BF.28 OR BF.29 OR BF.30 OR BF.31 OR BF.31.1 OR BF.32 OR BF.33 OR BF.34 OR BG.1 OR BG.2 OR BG.3 OR BG.4 OR BG.5 OR BG.6 OR BG.7 OR BH.1 OR BJ.1 OR BK.1 OR BL.1 OR BL.1.1 OR BL.1.2 OR BL.1.3 OR BL.1.4 OR BL.2 OR BL.2.1 OR BL.3 OR BL.4 OR BL.5 OR BL.6 OR BM.1 OR BM.1.1 OR BM.1.1.1 OR BM.1.1.2 OR BM.1.1.3 OR BM.1.1.4 OR BM.1.1.5 OR BM.2 OR BM.2.1 OR BM.2.2 OR BM.2.3 OR BM.3 OR BM.4 OR BM.4.1 OR BM.4.1.1 OR BM.5 OR BM.6 OR BN.1 OR BN.1.1 OR BN.1.1.1 OR BN.1.2 OR BN.1.2.1 OR BN.1.3 OR BN.1.3.1 OR BN.1.3.2 OR BN.1.3.3 OR BN.1.3.4 OR BN.1.4 OR BN.1.4.1 OR BN.1.5 OR BN.1.5.1 OR BN.1.6 OR BN.1.7 OR BN.1.8 OR BN.1.9 OR BN.2 OR BN.2.1 OR BN.3 OR BN.3.1 OR BN.4 OR BN.5 OR BN.6 OR BP.1 OR BQ.1 OR BQ.1.1 OR BQ.1.1.1 OR BQ.1.1.2 OR BQ.1.1.3 OR BQ.1.1.4 OR BQ.1.1.5 OR BQ.1.1.6 OR BQ.1.1.7 OR BQ.1.1.8 OR BQ.1.1.9 OR BQ.1.1.10 OR BQ.1.1.11 OR BQ.1.1.12 OR BQ.1.1.13 OR BQ.1.1.14 OR BQ.1.1.15 OR BQ.1.1.16 OR BQ.1.1.17 OR BQ.1.1.18 OR BQ.1.1.19 OR BQ.1.1.20 OR BQ.1.1.21 OR BQ.1.1.22 OR BQ.1.1.23 OR BQ.1.1.24 OR BQ.1.1.25 OR BQ.1.1.26 OR BQ.1.1.27 OR BQ.1.1.28 OR BQ.1.1.29 OR BQ.1.1.30 OR BQ.1.1.31 OR BQ.1.1.32 OR BQ.1.1.34 OR BQ.1.1.35 OR BQ.1.1.36 OR BQ.1.2 OR BQ.1.3 OR BQ.1.4 OR BQ.1.5 OR BQ.1.6 OR BQ.1.7 OR BQ.1.8 OR BQ.1.8.1 OR BQ.1.8.2 OR BQ.1.9 OR BQ.1.10 OR BQ.1.10.1 OR BQ.1.11 OR BQ.1.12 OR BQ.1.13 OR BQ.1.13.1 OR BQ.1.14 OR BQ.1.15 OR BQ.1.16 OR BQ.1.17 OR BQ.1.18 OR BQ.1.19 OR BQ.1.20 OR BQ.1.21 OR BQ.1.22 OR BQ.1.23 OR BQ.1.24 OR BQ.1.25 OR BQ.1.25.1 OR BQ.1.26 OR BQ.1.26.1 OR BQ.1.27 OR BQ.1.28 OR BQ.2 OR BR.1 OR BR.1.1 OR BR.1.2 OR BR.2 OR BR.2.1 OR BR.3 OR BR.4 OR BS.1 OR BS.1.1 OR BS.1.2 OR BT.1 OR BT.2 OR BU.1 OR BU.2 OR BU.3 OR BV.1 OR BV.2 OR BW.1 OR BW.1.1 OR BY.1 OR BY.1.1 OR BY.1.1.1 OR BY.1.2 OR BY.1.2.1 OR BZ.1 OR CA.1 OR CA.2 OR CA.3 OR CA.3.1 OR CA.4 OR CA.5 OR CA.6 OR CA.7 OR CB.1 OR CC.1 OR CD.1 OR CD.2 OR CE.1 OR CF.1 OR CG.1 OR CH.1 OR CH.1.1 OR CH.1.1.1 OR CH.1.1.2 OR CH.1.1.3 OR CH.1.1.4 OR CH.1.1.5 OR CH.2 OR CH.3 OR CH.3.1 OR CJ.1 OR CJ.1.1 OR CK.1 OR CK.1.1 OR CK.1.2 OR CK.2 OR CK.2.1 OR CK.2.1.1 OR CK.3 OR CL.1 OR CM.1 OR CM.2 OR CM.2.1 OR CM.3 OR CM.4 OR CM.4.1 OR CM.5 OR CM.5.1 OR CM.5.2 OR CM.6 OR CM.6.1 OR CM.7 OR CM.8 OR CM.8.1 OR CM.9 OR CM.10 OR CM.11 OR CM.12 OR CN.1 OR CN.2 OR CP.1 OR CP.1.1 OR CP.1.2 OR CP.1.3 OR CP.2 OR CP.3 OR CP.4 OR CP.5 OR CP.6 OR CQ.1 OR CQ.1.1 OR CQ.2 OR CR.1 OR CR.1.1 OR CR.1.2 OR CR.1.3 OR CR.2 OR CS.1 OR CT.1 OR CU.1 OR CV.1 OR CV.2 OR CW.1 OR CY.1 OR CZ.1 OR DA.1 OR DB.1 OR DB.2 OR DC.1 OR DD.1 OR DE.1 OR DE.2 OR DF.1 OR DF.1.1 OR DG.1 OR DH.1 OR DJ.1 OR DJ.1.1 OR DJ.1.2 OR DJ.1.3 OR DK.1 OR DL.1 OR DM.1 OR DN.1 OR DN.1.1 OR DP.1 OR DQ.1 OR DR.1 OR DS.1 OR DT.1 OR DU.1 OR DV.1,Omicron,5.07142857142857,4.78571428571429,0.943661971830986
2022-06-03,20,19,9,8.57142857142857,0.952380952380952,0.762389901367097,0.999946935946581,B.1.1.529 OR BA.1 OR BA.1.1 OR BA.1.1.1 OR BA.1.1.2 OR BA.1.1.3 OR BA.1.1.4 OR BA.1.1.5 OR BA.1.1.6 OR BA.1.1.7 OR BA.1.1.8 OR BA.1.1.9 OR BA.1.1.10 OR BA.1.1.11 OR BA.1.1.12 OR BA.1.1.13 OR BA.1.1.14 OR BA.1.1.15 OR BA.1.1.16 OR BA.1.1.17 OR BA.1.1.18 OR BA.1.2 OR BA.1.3 OR BA.1.4 OR BA.1.5 OR BA.1.6 OR BA.1.7 OR BA.1.8 OR BA.1.9 OR BA.1.10 OR BA.1.12 OR BA.1.13 OR BA.1.13.1 OR BA.1.14 OR BA.1.14.1 OR BA.1.14.2 OR BA.1.15 OR BA.1.15.1 OR BA.1.15.2 OR BA.1.15.3 OR BA.1.16 OR BA.1.16.1 OR BA.1.16.2 OR BA.1.17 OR BA.1.17.1 OR BA.1.17.2 OR BA.1.18 OR BA.1.19 OR BA.1.20 OR BA.1.21 OR BA.1.21.1 OR BA.1.22 OR BA.1.23 OR BA.1.24 OR BA.2 OR BA.2.1 OR BA.2.2 OR BA.2.2.1 OR BA.2.3 OR BA.2.3.1 OR BA.2.3.2 OR BA.2.3.4 OR BA.2.3.5 OR BA.2.3.6 OR BA.2.3.7 OR BA.2.3.8 OR BA.2.3.9 OR BA.2.3.10 OR BA.2.3.11 OR BA.2.3.12 OR BA.2.3.13 OR BA.2.3.14 OR BA.2.3.15 OR BA.2.3.16 OR BA.2.3.17 OR BA.2.3.18 OR BA.2.3.19 OR BA.2.3.20 OR BA.2.3.21 OR BA.2.3.22 OR BA.2.4 OR BA.2.5 OR BA.2.6 OR BA.2.7 OR BA.2.8 OR BA.2.9 OR BA.2.9.1 OR BA.2.9.2 OR BA.2.9.3 OR BA.2.9.4 OR BA.2.9.5 OR BA.2.9.6 OR BA.2.9.7 OR BA.2.10 OR BA.2.10.1 OR BA.2.10.2 OR BA.2.10.3 OR BA.2.10.4 OR BA.2.11 OR BA.2.12 OR BA.2.12.1 OR BA.2.12.2 OR BA.2.13 OR BA.2.13.1 OR BA.2.14 OR BA.2.15 OR BA.2.16 OR BA.2.17 OR BA.2.18 OR BA.2.19 OR BA.2.20 OR BA.2.21 OR BA.2.22 OR BA.2.23 OR BA.2.23.1 OR BA.2.24 OR BA.2.25 OR BA.2.25.1 OR BA.2.26 OR BA.2.27 OR BA.2.28 OR BA.2.29 OR BA.2.30 OR BA.2.31 OR BA.2.31.1 OR BA.2.32 OR BA.2.33 OR BA.2.34 OR BA.2.35 OR BA.2.36 OR BA.2.37 OR BA.2.38 OR BA.2.38.1 OR BA.2.38.2 OR BA.2.38.3 OR BA.2.38.4 OR BA.2.39 OR BA.2.40 OR BA.2.40.1 OR BA.2.41 OR BA.2.42 OR BA.2.43 OR BA.2.44 OR BA.2.45 OR BA.2.46 OR BA.2.47 OR BA.2.48 OR BA.2.49 OR BA.2.50 OR BA.2.51 OR BA.2.52 OR BA.2.53 OR BA.2.54 OR BA.2.55 OR BA.2.56 OR BA.2.56.1 OR BA.2.57 OR BA.2.58 OR BA.2.59 OR BA.2.60 OR BA.2.61 OR BA.2.62 OR BA.2.63 OR BA.2.64 OR BA.2.65 OR BA.2.66 OR BA.2.67 OR BA.2.68 OR BA.2.69 OR BA.2.70 OR BA.2.71 OR BA.2.72 OR BA.2.73 OR BA.2.74 OR BA.2.75 OR BA.2.75.1 OR BA.2.75.2 OR BA.2.75.3 OR BA.2.75.4 OR BA.2.75.5 OR BA.2.75.6 OR BA.2.75.7 OR BA.2.75.8 OR BA.2.75.9 OR BA.2.75.10 OR BA.2.76 OR BA.2.76.1 OR BA.2.76.2 OR BA.2.77 OR BA.2.78 OR BA.2.79 OR BA.2.79.1 OR BA.2.80 OR BA.2.81 OR BA.2.82 OR BA.2.83 OR BA.2.85 OR BA.3 OR BA.3.1 OR BA.4 OR BA.4.1 OR BA.4.1.1 OR BA.4.1.2 OR BA.4.1.3 OR BA.4.1.4 OR BA.4.1.5 OR BA.4.1.6 OR BA.4.1.7 OR BA.4.1.8 OR BA.4.1.9 OR BA.4.1.10 OR BA.4.2 OR BA.4.3 OR BA.4.4 OR BA.4.5 OR BA.4.6 OR BA.4.6.1 OR BA.4.6.2 OR BA.4.6.3 OR BA.4.6.4 OR BA.4.6.5 OR BA.4.7 OR BA.4.8 OR BA.5 OR BA.5.1 OR BA.5.1.1 OR BA.5.1.2 OR BA.5.1.3 OR BA.5.1.4 OR BA.5.1.5 OR BA.5.1.6 OR BA.5.1.7 OR BA.5.1.8 OR BA.5.1.9 OR BA.5.1.10 OR BA.5.1.11 OR BA.5.1.12 OR BA.5.1.14 OR BA.5.1.15 OR BA.5.1.16 OR BA.5.1.17 OR BA.5.1.18 OR BA.5.1.19 OR BA.5.1.20 OR BA.5.1.21 OR BA.5.1.22 OR BA.5.1.23 OR BA.5.1.24 OR BA.5.1.25 OR BA.5.1.26 OR BA.5.1.27 OR BA.5.1.28 OR BA.5.1.29 OR BA.5.1.30 OR BA.5.1.31 OR BA.5.1.32 OR BA.5.2 OR BA.5.2.1 OR BA.5.2.2 OR BA.5.2.3 OR BA.5.2.4 OR BA.5.2.5 OR BA.5.2.6 OR BA.5.2.7 OR BA.5.2.8 OR BA.5.2.9 OR BA.5.2.10 OR BA.5.2.11 OR BA.5.2.12 OR BA.5.2.13 OR BA.5.2.14 OR BA.5.2.16 OR BA.5.2.18 OR BA.5.2.19 OR BA.5.2.20 OR BA.5.2.21 OR BA.5.2.22 OR BA.5.2.23 OR BA.5.2.24 OR BA.5.2.25 OR BA.5.2.26 OR BA.5.2.27 OR BA.5.2.28 OR BA.5.2.29 OR BA.5.2.30 OR BA.5.2.31 OR BA.5.2.32 OR BA.5.2.33 OR BA.5.2.34 OR BA.5.2.35 OR BA.5.2.36 OR BA.5.2.37 OR BA.5.2.38 OR BA.5.2.39 OR BA.5.2.40 OR BA.5.2.41 OR BA.5.2.42 OR BA.5.2.43 OR BA.5.2.44 OR BA.5.2.45 OR BA.5.2.46 OR BA.5.2.47 OR BA.5.2.48 OR BA.5.2.49 OR BA.5.3 OR BA.5.3.1 OR BA.5.3.2 OR BA.5.3.3 OR BA.5.3.4 OR BA.5.3.5 OR BA.5.5 OR BA.5.5.1 OR BA.5.5.2 OR BA.5.5.3 OR BA.5.6 OR BA.5.6.1 OR BA.5.6.2 OR BA.5.6.3 OR BA.5.6.4 OR BA.5.7 OR BA.5.8 OR BA.5.9 OR BA.5.10 OR BA.5.10.1 OR BA.5.11 OR BC.1 OR BC.2 OR BD.1 OR BE.1 OR BE.1.1 OR BE.1.1.1 OR BE.1.1.2 OR BE.1.2 OR BE.1.2.1 OR BE.1.3 OR BE.1.4 OR BE.1.4.1 OR BE.1.4.2 OR BE.1.4.3 OR BE.1.4.4 OR BE.2 OR BE.3 OR BE.4 OR BE.4.1 OR BE.4.1.1 OR BE.4.2 OR BE.5 OR BE.6 OR BE.7 OR BE.8 OR BE.9 OR BE.10 OR BF.1 OR BF.1.1 OR BF.2 OR BF.3 OR BF.3.1 OR BF.4 OR BF.5 OR BF.5.1 OR BF.5.2 OR BF.6 OR BF.7 OR BF.7.1 OR BF.7.2 OR BF.7.3 OR BF.7.4 OR BF.7.4.1 OR BF.7.4.2 OR BF.7.5 OR BF.7.5.1 OR BF.7.6 OR BF.7.7 OR BF.7.8 OR BF.7.9 OR BF.7.10 OR BF.7.11 OR BF.7.12 OR BF.7.13 OR BF.7.13.1 OR BF.7.13.2 OR BF.7.14 OR BF.7.15 OR BF.8 OR BF.9 OR BF.10 OR BF.10.1 OR BF.11 OR BF.11.1 OR BF.11.2 OR BF.11.3 OR BF.11.4 OR BF.11.5 OR BF.12 OR BF.13 OR BF.14 OR BF.15 OR BF.16 OR BF.17 OR BF.18 OR BF.19 OR BF.20 OR BF.21 OR BF.22 OR BF.23 OR BF.24 OR BF.25 OR BF.26 OR BF.27 OR BF.28 OR BF.29 OR BF.30 OR BF.31 OR BF.31.1 OR BF.32 OR BF.33 OR BF.34 OR BG.1 OR BG.2 OR BG.3 OR BG.4 OR BG.5 OR BG.6 OR BG.7 OR BH.1 OR BJ.1 OR BK.1 OR BL.1 OR BL.1.1 OR BL.1.2 OR BL.1.3 OR BL.1.4 OR BL.2 OR BL.2.1 OR BL.3 OR BL.4 OR BL.5 OR BL.6 OR BM.1 OR BM.1.1 OR BM.1.1.1 OR BM.1.1.2 OR BM.1.1.3 OR BM.1.1.4 OR BM.1.1.5 OR BM.2 OR BM.2.1 OR BM.2.2 OR BM.2.3 OR BM.3 OR BM.4 OR BM.4.1 OR BM.4.1.1 OR BM.5 OR BM.6 OR BN.1 OR BN.1.1 OR BN.1.1.1 OR BN.1.2 OR BN.1.2.1 OR BN.1.3 OR BN.1.3.1 OR BN.1.3.2 OR BN.1.3.3 OR BN.1.3.4 OR BN.1.4 OR BN.1.4.1 OR BN.1.5 OR BN.1.5.1 OR BN.1.6 OR BN.1.7 OR BN.1.8 OR BN.1.9 OR BN.2 OR BN.2.1 OR BN.3 OR BN.3.1 OR BN.4 OR BN.5 OR BN.6 OR BP.1 OR BQ.1 OR BQ.1.1 OR BQ.1.1.1 OR BQ.1.1.2 OR BQ.1.1.3 OR BQ.1.1.4 OR BQ.1.1.5 OR BQ.1.1.6 OR BQ.1.1.7 OR BQ.1.1.8 OR BQ.1.1.9 OR BQ.1.1.10 OR BQ.1.1.11 OR BQ.1.1.12 OR BQ.1.1.13 OR BQ.1.1.14 OR BQ.1.1.15 OR BQ.1.1.16 OR BQ.1.1.17 OR BQ.1.1.18 OR BQ.1.1.19 OR BQ.1.1.20 OR BQ.1.1.21 OR BQ.1.1.22 OR BQ.1.1.23 OR BQ.1.1.24 OR BQ.1.1.25 OR BQ.1.1.26 OR BQ.1.1.27 OR BQ.1.1.28 OR BQ.1.1.29 OR BQ.1.1.30 OR BQ.1.1.31 OR BQ.1.1.32 OR BQ.1.1.34 OR BQ.1.1.35 OR BQ.1.1.36 OR BQ.1.2 OR BQ.1.3 OR BQ.1.4 OR BQ.1.5 OR BQ.1.6 OR BQ.1.7 OR BQ.1.8 OR BQ.1.8.1 OR BQ.1.8.2 OR BQ.1.9 OR BQ.1.10 OR BQ.1.10.1 OR BQ.1.11 OR BQ.1.12 OR BQ.1.13 OR BQ.1.13.1 OR BQ.1.14 OR BQ.1.15 OR BQ.1.16 OR BQ.1.17 OR BQ.1.18 OR BQ.1.19 OR BQ.1.20 OR BQ.1.21 OR BQ.1.22 OR BQ.1.23 OR BQ.1.24 OR BQ.1.25 OR BQ.1.25.1 OR BQ.1.26 OR BQ.1.26.1 OR BQ.1.27 OR BQ.1.28 OR BQ.2 OR BR.1 OR BR.1.1 OR BR.1.2 OR BR.2 OR BR.2.1 OR BR.3 OR BR.4 OR BS.1 OR BS.1.1 OR BS.1.2 OR BT.1 OR BT.2 OR BU.1 OR BU.2 OR BU.3 OR BV.1 OR BV.2 OR BW.1 OR BW.1.1 OR BY.1 OR BY.1.1 OR BY.1.1.1 OR BY.1.2 OR BY.1.2.1 OR BZ.1 OR CA.1 OR CA.2 OR CA.3 OR CA.3.1 OR CA.4 OR CA.5 OR CA.6 OR CA.7 OR CB.1 OR CC.1 OR CD.1 OR CD.2 OR CE.1 OR CF.1 OR CG.1 OR CH.1 OR CH.1.1 OR CH.1.1.1 OR CH.1.1.2 OR CH.1.1.3 OR CH.1.1.4 OR CH.1.1.5 OR CH.2 OR CH.3 OR CH.3.1 OR CJ.1 OR CJ.1.1 OR CK.1 OR CK.1.1 OR CK.1.2 OR CK.2 OR CK.2.1 OR CK.2.1.1 OR CK.3 OR CL.1 OR CM.1 OR CM.2 OR CM.2.1 OR CM.3 OR CM.4 OR CM.4.1 OR CM.5 OR CM.5.1 OR CM.5.2 OR CM.6 OR CM.6.1 OR CM.7 OR CM.8 OR CM.8.1 OR CM.9 OR CM.10 OR CM.11 OR CM.12 OR CN.1 OR CN.2 OR CP.1 OR CP.1.1 OR CP.1.2 OR CP.1.3 OR CP.2 OR CP.3 OR CP.4 OR CP.5 OR CP.6 OR CQ.1 OR CQ.1.1 OR CQ.2 OR CR.1 OR CR.1.1 OR CR.1.2 OR CR.1.3 OR CR.2 OR CS.1 OR CT.1 OR CU.1 OR CV.1 OR CV.2 OR CW.1 OR CY.1 OR CZ.1 OR DA.1 OR DB.1 OR DB.2 OR DC.1 OR DD.1 OR DE.1 OR DE.2 OR DF.1 OR DF.1.1 OR DG.1 OR DH.1 OR DJ.1 OR DJ.1.1 OR DJ.1.2 OR DJ.1.3 OR DK.1 OR DL.1 OR DM.1 OR DN.1 OR DN.1.1 OR DP.1 OR DQ.1 OR DR.1 OR DS.1 OR DT.1 OR DU.1 OR DV.1,Omicron,6.28571428571429,5.92857142857143,0.943181818181818
2022-06-04,6,5,9.28571428571429,8.71428571428571,0.938461538461538,0.762389901367097,0.999946935946581,B.1.1.529 OR BA.1 OR BA.1.1 OR BA.1.1.1 OR BA.1.1.2 OR BA.1.1.3 OR BA.1.1.4 OR BA.1.1.5 OR BA.1.1.6 OR BA.1.1.7 OR BA.1.1.8 OR BA.1.1.9 OR BA.1.1.10 OR BA.1.1.11 OR BA.1.1.12 OR BA.1.1.13 OR BA.1.1.14 OR BA.1.1.15 OR BA.1.1.16 OR BA.1.1.17 OR BA.1.1.18 OR BA.1.2 OR BA.1.3 OR BA.1.4 OR BA.1.5 OR BA.1.6 OR BA.1.7 OR BA.1.8 OR BA.1.9 OR BA.1.10 OR BA.1.12 OR BA.1.13 OR BA.1.13.1 OR BA.1.14 OR BA.1.14.1 OR BA.1.14.2 OR BA.1.15 OR BA.1.15.1 OR BA.1.15.2 OR BA.1.15.3 OR BA.1.16 OR BA.1.16.1 OR BA.1.16.2 OR BA.1.17 OR BA.1.17.1 OR BA.1.17.2 OR BA.1.18 OR BA.1.19 OR BA.1.20 OR BA.1.21 OR BA.1.21.1 OR BA.1.22 OR BA.1.23 OR BA.1.24 OR BA.2 OR BA.2.1 OR BA.2.2 OR BA.2.2.1 OR BA.2.3 OR BA.2.3.1 OR BA.2.3.2 OR BA.2.3.4 OR BA.2.3.5 OR BA.2.3.6 OR BA.2.3.7 OR BA.2.3.8 OR BA.2.3.9 OR BA.2.3.10 OR BA.2.3.11 OR BA.2.3.12 OR BA.2.3.13 OR BA.2.3.14 OR BA.2.3.15 OR BA.2.3.16 OR BA.2.3.17 OR BA.2.3.18 OR BA.2.3.19 OR BA.2.3.20 OR BA.2.3.21 OR BA.2.3.22 OR BA.2.4 OR BA.2.5 OR BA.2.6 OR BA.2.7 OR BA.2.8 OR BA.2.9 OR BA.2.9.1 OR BA.2.9.2 OR BA.2.9.3 OR BA.2.9.4 OR BA.2.9.5 OR BA.2.9.6 OR BA.2.9.7 OR BA.2.10 OR BA.2.10.1 OR BA.2.10.2 OR BA.2.10.3 OR BA.2.10.4 OR BA.2.11 OR BA.2.12 OR BA.2.12.1 OR BA.2.12.2 OR BA.2.13 OR BA.2.13.1 OR BA.2.14 OR BA.2.15 OR BA.2.16 OR BA.2.17 OR BA.2.18 OR BA.2.19 OR BA.2.20 OR BA.2.21 OR BA.2.22 OR BA.2.23 OR BA.2.23.1 OR BA.2.24 OR BA.2.25 OR BA.2.25.1 OR BA.2.26 OR BA.2.27 OR BA.2.28 OR BA.2.29 OR BA.2.30 OR BA.2.31 OR BA.2.31.1 OR BA.2.32 OR BA.2.33 OR BA.2.34 OR BA.2.35 OR BA.2.36 OR BA.2.37 OR BA.2.38 OR BA.2.38.1 OR BA.2.38.2 OR BA.2.38.3 OR BA.2.38.4 OR BA.2.39 OR BA.2.40 OR BA.2.40.1 OR BA.2.41 OR BA.2.42 OR BA.2.43 OR BA.2.44 OR BA.2.45 OR BA.2.46 OR BA.2.47 OR BA.2.48 OR BA.2.49 OR BA.2.50 OR BA.2.51 OR BA.2.52 OR BA.2.53 OR BA.2.54 OR BA.2.55 OR BA.2.56 OR BA.2.56.1 OR BA.2.57 OR BA.2.58 OR BA.2.59 OR BA.2.60 OR BA.2.61 OR BA.2.62 OR BA.2.63 OR BA.2.64 OR BA.2.65 OR BA.2.66 OR BA.2.67 OR BA.2.68 OR BA.2.69 OR BA.2.70 OR BA.2.71 OR BA.2.72 OR BA.2.73 OR BA.2.74 OR BA.2.75 OR BA.2.75.1 OR BA.2.75.2 OR BA.2.75.3 OR BA.2.75.4 OR BA.2.75.5 OR BA.2.75.6 OR BA.2.75.7 OR BA.2.75.8 OR BA.2.75.9 OR BA.2.75.10 OR BA.2.76 OR BA.2.76.1 OR BA.2.76.2 OR BA.2.77 OR BA.2.78 OR BA.2.79 OR BA.2.79.1 OR BA.2.80 OR BA.2.81 OR BA.2.82 OR BA.2.83 OR BA.2.85 OR BA.3 OR BA.3.1 OR BA.4 OR BA.4.1 OR BA.4.1.1 OR BA.4.1.2 OR BA.4.1.3 OR BA.4.1.4 OR BA.4.1.5 OR BA.4.1.6 OR BA.4.1.7 OR BA.4.1.8 OR BA.4.1.9 OR BA.4.1.10 OR BA.4.2 OR BA.4.3 OR BA.4.4 OR BA.4.5 OR BA.4.6 OR BA.4.6.1 OR BA.4.6.2 OR BA.4.6.3 OR BA.4.6.4 OR BA.4.6.5 OR BA.4.7 OR BA.4.8 OR BA.5 OR BA.5.1 OR BA.5.1.1 OR BA.5.1.2 OR BA.5.1.3 OR BA.5.1.4 OR BA.5.1.5 OR BA.5.1.6 OR BA.5.1.7 OR BA.5.1.8 OR BA.5.1.9 OR BA.5.1.10 OR BA.5.1.11 OR BA.5.1.12 OR BA.5.1.14 OR BA.5.1.15 OR BA.5.1.16 OR BA.5.1.17 OR BA.5.1.18 OR BA.5.1.19 OR BA.5.1.20 OR BA.5.1.21 OR BA.5.1.22 OR BA.5.1.23 OR BA.5.1.24 OR BA.5.1.25 OR BA.5.1.26 OR BA.5.1.27 OR BA.5.1.28 OR BA.5.1.29 OR BA.5.1.30 OR BA.5.1.31 OR BA.5.1.32 OR BA.5.2 OR BA.5.2.1 OR BA.5.2.2 OR BA.5.2.3 OR BA.5.2.4 OR BA.5.2.5 OR BA.5.2.6 OR BA.5.2.7 OR BA.5.2.8 OR BA.5.2.9 OR BA.5.2.10 OR BA.5.2.11 OR BA.5.2.12 OR BA.5.2.13 OR BA.5.2.14 OR BA.5.2.16 OR BA.5.2.18 OR BA.5.2.19 OR BA.5.2.20 OR BA.5.2.21 OR BA.5.2.22 OR BA.5.2.23 OR BA.5.2.24 OR BA.5.2.25 OR BA.5.2.26 OR BA.5.2.27 OR BA.5.2.28 OR BA.5.2.29 OR BA.5.2.30 OR BA.5.2.31 OR BA.5.2.32 OR BA.5.2.33 OR BA.5.2.34 OR BA.5.2.35 OR BA.5.2.36 OR BA.5.2.37 OR BA.5.2.38 OR BA.5.2.39 OR BA.5.2.40 OR BA.5.2.41 OR BA.5.2.42 OR BA.5.2.43 OR BA.5.2.44 OR BA.5.2.45 OR BA.5.2.46 OR BA.5.2.47 OR BA.5.2.48 OR BA.5.2.49 OR BA.5.3 OR BA.5.3.1 OR BA.5.3.2 OR BA.5.3.3 OR BA.5.3.4 OR BA.5.3.5 OR BA.5.5 OR BA.5.5.1 OR BA.5.5.2 OR BA.5.5.3 OR BA.5.6 OR BA.5.6.1 OR BA.5.6.2 OR BA.5.6.3 OR BA.5.6.4 OR BA.5.7 OR BA.5.8 OR BA.5.9 OR BA.5.10 OR BA.5.10.1 OR BA.5.11 OR BC.1 OR BC.2 OR BD.1 OR BE.1 OR BE.1.1 OR BE.1.1.1 OR BE.1.1.2 OR BE.1.2 OR BE.1.2.1 OR BE.1.3 OR BE.1.4 OR BE.1.4.1 OR BE.1.4.2 OR BE.1.4.3 OR BE.1.4.4 OR BE.2 OR BE.3 OR BE.4 OR BE.4.1 OR BE.4.1.1 OR BE.4.2 OR BE.5 OR BE.6 OR BE.7 OR BE.8 OR BE.9 OR BE.10 OR BF.1 OR BF.1.1 OR BF.2 OR BF.3 OR BF.3.1 OR BF.4 OR BF.5 OR BF.5.1 OR BF.5.2 OR BF.6 OR BF.7 OR BF.7.1 OR BF.7.2 OR BF.7.3 OR BF.7.4 OR BF.7.4.1 OR BF.7.4.2 OR BF.7.5 OR BF.7.5.1 OR BF.7.6 OR BF.7.7 OR BF.7.8 OR BF.7.9 OR BF.7.10 OR BF.7.11 OR BF.7.12 OR BF.7.13 OR BF.7.13.1 OR BF.7.13.2 OR BF.7.14 OR BF.7.15 OR BF.8 OR BF.9 OR BF.10 OR BF.10.1 OR BF.11 OR BF.11.1 OR BF.11.2 OR BF.11.3 OR BF.11.4 OR BF.11.5 OR BF.12 OR BF.13 OR BF.14 OR BF.15 OR BF.16 OR BF.17 OR BF.18 OR BF.19 OR BF.20 OR BF.21 OR BF.22 OR BF.23 OR BF.24 OR BF.25 OR BF.26 OR BF.27 OR BF.28 OR BF.29 OR BF.30 OR BF.31 OR BF.31.1 OR BF.32 OR BF.33 OR BF.34 OR BG.1 OR BG.2 OR BG.3 OR BG.4 OR BG.5 OR BG.6 OR BG.7 OR BH.1 OR BJ.1 OR BK.1 OR BL.1 OR BL.1.1 OR BL.1.2 OR BL.1.3 OR BL.1.4 OR BL.2 OR BL.2.1 OR BL.3 OR BL.4 OR BL.5 OR BL.6 OR BM.1 OR BM.1.1 OR BM.1.1.1 OR BM.1.1.2 OR BM.1.1.3 OR BM.1.1.4 OR BM.1.1.5 OR BM.2 OR BM.2.1 OR BM.2.2 OR BM.2.3 OR BM.3 OR BM.4 OR BM.4.1 OR BM.4.1.1 OR BM.5 OR BM.6 OR BN.1 OR BN.1.1 OR BN.1.1.1 OR BN.1.2 OR BN.1.2.1 OR BN.1.3 OR BN.1.3.1 OR BN.1.3.2 OR BN.1.3.3 OR BN.1.3.4 OR BN.1.4 OR BN.1.4.1 OR BN.1.5 OR BN.1.5.1 OR BN.1.6 OR BN.1.7 OR BN.1.8 OR BN.1.9 OR BN.2 OR BN.2.1 OR BN.3 OR BN.3.1 OR BN.4 OR BN.5 OR BN.6 OR BP.1 OR BQ.1 OR BQ.1.1 OR BQ.1.1.1 OR BQ.1.1.2 OR BQ.1.1.3 OR BQ.1.1.4 OR BQ.1.1.5 OR BQ.1.1.6 OR BQ.1.1.7 OR BQ.1.1.8 OR BQ.1.1.9 OR BQ.1.1.10 OR BQ.1.1.11 OR BQ.1.1.12 OR BQ.1.1.13 OR BQ.1.1.14 OR BQ.1.1.15 OR BQ.1.1.16 OR BQ.1.1.17 OR BQ.1.1.18 OR BQ.1.1.19 OR BQ.1.1.20 OR BQ.1.1.21 OR BQ.1.1.22 OR BQ.1.1.23 OR BQ.1.1.24 OR BQ.1.1.25 OR BQ.1.1.26 OR BQ.1.1.27 OR BQ.1.1.28 OR BQ.1.1.29 OR BQ.1.1.30 OR BQ.1.1.31 OR BQ.1.1.32 OR BQ.1.1.34 OR BQ.1.1.35 OR BQ.1.1.36 OR BQ.1.2 OR BQ.1.3 OR BQ.1.4 OR BQ.1.5 OR BQ.1.6 OR BQ.1.7 OR BQ.1.8 OR BQ.1.8.1 OR BQ.1.8.2 OR BQ.1.9 OR BQ.1.10 OR BQ.1.10.1 OR BQ.1.11 OR BQ.1.12 OR BQ.1.13 OR BQ.1.13.1 OR BQ.1.14 OR BQ.1.15 OR BQ.1.16 OR BQ.1.17 OR BQ.1.18 OR BQ.1.19 OR BQ.1.20 OR BQ.1.21 OR BQ.1.22 OR BQ.1.23 OR BQ.1.24 OR BQ.1.25 OR BQ.1.25.1 OR BQ.1.26 OR BQ.1.26.1 OR BQ.1.27 OR BQ.1.28 OR BQ.2 OR BR.1 OR BR.1.1 OR BR.1.2 OR BR.2 OR BR.2.1 OR BR.3 OR BR.4 OR BS.1 OR BS.1.1 OR BS.1.2 OR BT.1 OR BT.2 OR BU.1 OR BU.2 OR BU.3 OR BV.1 OR BV.2 OR BW.1 OR BW.1.1 OR BY.1 OR BY.1.1 OR BY.1.1.1 OR BY.1.2 OR BY.1.2.1 OR BZ.1 OR CA.1 OR CA.2 OR CA.3 OR CA.3.1 OR CA.4 OR CA.5 OR CA.6 OR CA.7 OR CB.1 OR CC.1 OR CD.1 OR CD.2 OR CE.1 OR CF.1 OR CG.1 OR CH.1 OR CH.1.1 OR CH.1.1.1 OR CH.1.1.2 OR CH.1.1.3 OR CH.1.1.4 OR CH.1.1.5 OR CH.2 OR CH.3 OR CH.3.1 OR CJ.1 OR CJ.1.1 OR CK.1 OR CK.1.1 OR CK.1.2 OR CK.2 OR CK.2.1 OR CK.2.1.1 OR CK.3 OR CL.1 OR CM.1 OR CM.2 OR CM.2.1 OR CM.3 OR CM.4 OR CM.4.1 OR CM.5 OR CM.5.1 OR CM.5.2 OR CM.6 OR CM.6.1 OR CM.7 OR CM.8 OR CM.8.1 OR CM.9 OR CM.10 OR CM.11 OR CM.12 OR CN.1 OR CN.2 OR CP.1 OR CP.1.1 OR CP.1.2 OR CP.1.3 OR CP.2 OR CP.3 OR CP.4 OR CP.5 OR CP.6 OR CQ.1 OR CQ.1.1 OR CQ.2 OR CR.1 OR CR.1.1 OR CR.1.2 OR CR.1.3 OR CR.2 OR CS.1 OR CT.1 OR CU.1 OR CV.1 OR CV.2 OR CW.1 OR CY.1 OR CZ.1 OR DA.1 OR DB.1 OR DB.2 OR DC.1 OR DD.1 OR DE.1 OR DE.2 OR DF.1 OR DF.1.1 OR DG.1 OR DH.1 OR DJ.1 OR DJ.1.1 OR DJ.1.2 OR DJ.1.3 OR DK.1 OR DL.1 OR DM.1 OR DN.1 OR DN.1.1 OR DP.1 OR DQ.1 OR DR.1 OR DS.1 OR DT.1 OR DU.1 OR DV.1,Omicron,6.42857142857143,6,0.933333333333333
2022-06-05,6,6,9.14285714285714,8.57142857142857,0.9375,0.762389901367097,0.999946935946581,B.1.1.529 OR BA.1 OR BA.1.1 OR BA.1.1.1 OR BA.1.1.2 OR BA.1.1.3 OR BA.1.1.4 OR BA.1.1.5 OR BA.1.1.6 OR BA.1.1.7 OR BA.1.1.8 OR BA.1.1.9 OR BA.1.1.10 OR BA.1.1.11 OR BA.1.1.12 OR BA.1.1.13 OR BA.1.1.14 OR BA.1.1.15 OR BA.1.1.16 OR BA.1.1.17 OR BA.1.1.18 OR BA.1.2 OR BA.1.3 OR BA.1.4 OR BA.1.5 OR BA.1.6 OR BA.1.7 OR BA.1.8 OR BA.1.9 OR BA.1.10 OR BA.1.12 OR BA.1.13 OR BA.1.13.1 OR BA.1.14 OR BA.1.14.1 OR BA.1.14.2 OR BA.1.15 OR BA.1.15.1 OR BA.1.15.2 OR BA.1.15.3 OR BA.1.16 OR BA.1.16.1 OR BA.1.16.2 OR BA.1.17 OR BA.1.17.1 OR BA.1.17.2 OR BA.1.18 OR BA.1.19 OR BA.1.20 OR BA.1.21 OR BA.1.21.1 OR BA.1.22 OR BA.1.23 OR BA.1.24 OR BA.2 OR BA.2.1 OR BA.2.2 OR BA.2.2.1 OR BA.2.3 OR BA.2.3.1 OR BA.2.3.2 OR BA.2.3.4 OR BA.2.3.5 OR BA.2.3.6 OR BA.2.3.7 OR BA.2.3.8 OR BA.2.3.9 OR BA.2.3.10 OR BA.2.3.11 OR BA.2.3.12 OR BA.2.3.13 OR BA.2.3.14 OR BA.2.3.15 OR BA.2.3.16 OR BA.2.3.17 OR BA.2.3.18 OR BA.2.3.19 OR BA.2.3.20 OR BA.2.3.21 OR BA.2.3.22 OR BA.2.4 OR BA.2.5 OR BA.2.6 OR BA.2.7 OR BA.2.8 OR BA.2.9 OR BA.2.9.1 OR BA.2.9.2 OR BA.2.9.3 OR BA.2.9.4 OR BA.2.9.5 OR BA.2.9.6 OR BA.2.9.7 OR BA.2.10 OR BA.2.10.1 OR BA.2.10.2 OR BA.2.10.3 OR BA.2.10.4 OR BA.2.11 OR BA.2.12 OR BA.2.12.1 OR BA.2.12.2 OR BA.2.13 OR BA.2.13.1 OR BA.2.14 OR BA.2.15 OR BA.2.16 OR BA.2.17 OR BA.2.18 OR BA.2.19 OR BA.2.20 OR BA.2.21 OR BA.2.22 OR BA.2.23 OR BA.2.23.1 OR BA.2.24 OR BA.2.25 OR BA.2.25.1 OR BA.2.26 OR BA.2.27 OR BA.2.28 OR BA.2.29 OR BA.2.30 OR BA.2.31 OR BA.2.31.1 OR BA.2.32 OR BA.2.33 OR BA.2.34 OR BA.2.35 OR BA.2.36 OR BA.2.37 OR BA.2.38 OR BA.2.38.1 OR BA.2.38.2 OR BA.2.38.3 OR BA.2.38.4 OR BA.2.39 OR BA.2.40 OR BA.2.40.1 OR BA.2.41 OR BA.2.42 OR BA.2.43 OR BA.2.44 OR BA.2.45 OR BA.2.46 OR BA.2.47 OR BA.2.48 OR BA.2.49 OR BA.2.50 OR BA.2.51 OR BA.2.52 OR BA.2.53 OR BA.2.54 OR BA.2.55 OR BA.2.56 OR BA.2.56.1 OR BA.2.57 OR BA.2.58 OR BA.2.59 OR BA.2.60 OR BA.2.61 OR BA.2.62 OR BA.2.63 OR BA.2.64 OR BA.2.65 OR BA.2.66 OR BA.2.67 OR BA.2.68 OR BA.2.69 OR BA.2.70 OR BA.2.71 OR BA.2.72 OR BA.2.73 OR BA.2.74 OR BA.2.75 OR BA.2.75.1 OR BA.2.75.2 OR BA.2.75.3 OR BA.2.75.4 OR BA.2.75.5 OR BA.2.75.6 OR BA.2.75.7 OR BA.2.75.8 OR BA.2.75.9 OR BA.2.75.10 OR BA.2.76 OR BA.2.76.1 OR BA.2.76.2 OR BA.2.77 OR BA.2.78 OR BA.2.79 OR BA.2.79.1 OR BA.2.80 OR BA.2.81 OR BA.2.82 OR BA.2.83 OR BA.2.85 OR BA.3 OR BA.3.1 OR BA.4 OR BA.4.1 OR BA.4.1.1 OR BA.4.1.2 OR BA.4.1.3 OR BA.4.1.4 OR BA.4.1.5 OR BA.4.1.6 OR BA.4.1.7 OR BA.4.1.8 OR BA.4.1.9 OR BA.4.1.10 OR BA.4.2 OR BA.4.3 OR BA.4.4 OR BA.4.5 OR BA.4.6 OR BA.4.6.1 OR BA.4.6.2 OR BA.4.6.3 OR BA.4.6.4 OR BA.4.6.5 OR BA.4.7 OR BA.4.8 OR BA.5 OR BA.5.1 OR BA.5.1.1 OR BA.5.1.2 OR BA.5.1.3 OR BA.5.1.4 OR BA.5.1.5 OR BA.5.1.6 OR BA.5.1.7 OR BA.5.1.8 OR BA.5.1.9 OR BA.5.1.10 OR BA.5.1.11 OR BA.5.1.12 OR BA.5.1.14 OR BA.5.1.15 OR BA.5.1.16 OR BA.5.1.17 OR BA.5.1.18 OR BA.5.1.19 OR BA.5.1.20 OR BA.5.1.21 OR BA.5.1.22 OR BA.5.1.23 OR BA.5.1.24 OR BA.5.1.25 OR BA.5.1.26 OR BA.5.1.27 OR BA.5.1.28 OR BA.5.1.29 OR BA.5.1.30 OR BA.5.1.31 OR BA.5.1.32 OR BA.5.2 OR BA.5.2.1 OR BA.5.2.2 OR BA.5.2.3 OR BA.5.2.4 OR BA.5.2.5 OR BA.5.2.6 OR BA.5.2.7 OR BA.5.2.8 OR BA.5.2.9 OR BA.5.2.10 OR BA.5.2.11 OR BA.5.2.12 OR BA.5.2.13 OR BA.5.2.14 OR BA.5.2.16 OR BA.5.2.18 OR BA.5.2.19 OR BA.5.2.20 OR BA.5.2.21 OR BA.5.2.22 OR BA.5.2.23 OR BA.5.2.24 OR BA.5.2.25 OR BA.5.2.26 OR BA.5.2.27 OR BA.5.2.28 OR BA.5.2.29 OR BA.5.2.30 OR BA.5.2.31 OR BA.5.2.32 OR BA.5.2.33 OR BA.5.2.34 OR BA.5.2.35 OR BA.5.2.36 OR BA.5.2.37 OR BA.5.2.38 OR BA.5.2.39 OR BA.5.2.40 OR BA.5.2.41 OR BA.5.2.42 OR BA.5.2.43 OR BA.5.2.44 OR BA.5.2.45 OR BA.5.2.46 OR BA.5.2.47 OR BA.5.2.48 OR BA.5.2.49 OR BA.5.3 OR BA.5.3.1 OR BA.5.3.2 OR BA.5.3.3 OR BA.5.3.4 OR BA.5.3.5 OR BA.5.5 OR BA.5.5.1 OR BA.5.5.2 OR BA.5.5.3 OR BA.5.6 OR BA.5.6.1 OR BA.5.6.2 OR BA.5.6.3 OR BA.5.6.4 OR BA.5.7 OR BA.5.8 OR BA.5.9 OR BA.5.10 OR BA.5.10.1 OR BA.5.11 OR BC.1 OR BC.2 OR BD.1 OR BE.1 OR BE.1.1 OR BE.1.1.1 OR BE.1.1.2 OR BE.1.2 OR BE.1.2.1 OR BE.1.3 OR BE.1.4 OR BE.1.4.1 OR BE.1.4.2 OR BE.1.4.3 OR BE.1.4.4 OR BE.2 OR BE.3 OR BE.4 OR BE.4.1 OR BE.4.1.1 OR BE.4.2 OR BE.5 OR BE.6 OR BE.7 OR BE.8 OR BE.9 OR BE.10 OR BF.1 OR BF.1.1 OR BF.2 OR BF.3 OR BF.3.1 OR BF.4 OR BF.5 OR BF.5.1 OR BF.5.2 OR BF.6 OR BF.7 OR BF.7.1 OR BF.7.2 OR BF.7.3 OR BF.7.4 OR BF.7.4.1 OR BF.7.4.2 OR BF.7.5 OR BF.7.5.1 OR BF.7.6 OR BF.7.7 OR BF.7.8 OR BF.7.9 OR BF.7.10 OR BF.7.11 OR BF.7.12 OR BF.7.13 OR BF.7.13.1 OR BF.7.13.2 OR BF.7.14 OR BF.7.15 OR BF.8 OR BF.9 OR BF.10 OR BF.10.1 OR BF.11 OR BF.11.1 OR BF.11.2 OR BF.11.3 OR BF.11.4 OR BF.11.5 OR BF.12 OR BF.13 OR BF.14 OR BF.15 OR BF.16 OR BF.17 OR BF.18 OR BF.19 OR BF.20 OR BF.21 OR BF.22 OR BF.23 OR BF.24 OR BF.25 OR BF.26 OR BF.27 OR BF.28 OR BF.29 OR BF.30 OR BF.31 OR BF.31.1 OR BF.32 OR BF.33 OR BF.34 OR BG.1 OR BG.2 OR BG.3 OR BG.4 OR BG.5 OR BG.6 OR BG.7 OR BH.1 OR BJ.1 OR BK.1 OR BL.1 OR BL.1.1 OR BL.1.2 OR BL.1.3 OR BL.1.4 OR BL.2 OR BL.2.1 OR BL.3 OR BL.4 OR BL.5 OR BL.6 OR BM.1 OR BM.1.1 OR BM.1.1.1 OR BM.1.1.2 OR BM.1.1.3 OR BM.1.1.4 OR BM.1.1.5 OR BM.2 OR BM.2.1 OR BM.2.2 OR BM.2.3 OR BM.3 OR BM.4 OR BM.4.1 OR BM.4.1.1 OR BM.5 OR BM.6 OR BN.1 OR BN.1.1 OR BN.1.1.1 OR BN.1.2 OR BN.1.2.1 OR BN.1.3 OR BN.1.3.1 OR BN.1.3.2 OR BN.1.3.3 OR BN.1.3.4 OR BN.1.4 OR BN.1.4.1 OR BN.1.5 OR BN.1.5.1 OR BN.1.6 OR BN.1.7 OR BN.1.8 OR BN.1.9 OR BN.2 OR BN.2.1 OR BN.3 OR BN.3.1 OR BN.4 OR BN.5 OR BN.6 OR BP.1 OR BQ.1 OR BQ.1.1 OR BQ.1.1.1 OR BQ.1.1.2 OR BQ.1.1.3 OR BQ.1.1.4 OR BQ.1.1.5 OR BQ.1.1.6 OR BQ.1.1.7 OR BQ.1.1.8 OR BQ.1.1.9 OR BQ.1.1.10 OR BQ.1.1.11 OR BQ.1.1.12 OR BQ.1.1.13 OR BQ.1.1.14 OR BQ.1.1.15 OR BQ.1.1.16 OR BQ.1.1.17 OR BQ.1.1.18 OR BQ.1.1.19 OR BQ.1.1.20 OR BQ.1.1.21 OR BQ.1.1.22 OR BQ.1.1.23 OR BQ.1.1.24 OR BQ.1.1.25 OR BQ.1.1.26 OR BQ.1.1.27 OR BQ.1.1.28 OR BQ.1.1.29 OR BQ.1.1.30 OR BQ.1.1.31 OR BQ.1.1.32 OR BQ.1.1.34 OR BQ.1.1.35 OR BQ.1.1.36 OR BQ.1.2 OR BQ.1.3 OR BQ.1.4 OR BQ.1.5 OR BQ.1.6 OR BQ.1.7 OR BQ.1.8 OR BQ.1.8.1 OR BQ.1.8.2 OR BQ.1.9 OR BQ.1.10 OR BQ.1.10.1 OR BQ.1.11 OR BQ.1.12 OR BQ.1.13 OR BQ.1.13.1 OR BQ.1.14 OR BQ.1.15 OR BQ.1.16 OR BQ.1.17 OR BQ.1.18 OR BQ.1.19 OR BQ.1.20 OR BQ.1.21 OR BQ.1.22 OR BQ.1.23 OR BQ.1.24 OR BQ.1.25 OR BQ.1.25.1 OR BQ.1.26 OR BQ.1.26.1 OR BQ.1.27 OR BQ.1.28 OR BQ.2 OR BR.1 OR BR.1.1 OR BR.1.2 OR BR.2 OR BR.2.1 OR BR.3 OR BR.4 OR BS.1 OR BS.1.1 OR BS.1.2 OR BT.1 OR BT.2 OR BU.1 OR BU.2 OR BU.3 OR BV.1 OR BV.2 OR BW.1 OR BW.1.1 OR BY.1 OR BY.1.1 OR BY.1.1.1 OR BY.1.2 OR BY.1.2.1 OR BZ.1 OR CA.1 OR CA.2 OR CA.3 OR CA.3.1 OR CA.4 OR CA.5 OR CA.6 OR CA.7 OR CB.1 OR CC.1 OR CD.1 OR CD.2 OR CE.1 OR CF.1 OR CG.1 OR CH.1 OR CH.1.1 OR CH.1.1.1 OR CH.1.1.2 OR CH.1.1.3 OR CH.1.1.4 OR CH.1.1.5 OR CH.2 OR CH.3 OR CH.3.1 OR CJ.1 OR CJ.1.1 OR CK.1 OR CK.1.1 OR CK.1.2 OR CK.2 OR CK.2.1 OR CK.2.1.1 OR CK.3 OR CL.1 OR CM.1 OR CM.2 OR CM.2.1 OR CM.3 OR CM.4 OR CM.4.1 OR CM.5 OR CM.5.1 OR CM.5.2 OR CM.6 OR CM.6.1 OR CM.7 OR CM.8 OR CM.8.1 OR CM.9 OR CM.10 OR CM.11 OR CM.12 OR CN.1 OR CN.2 OR CP.1 OR CP.1.1 OR CP.1.2 OR CP.1.3 OR CP.2 OR CP.3 OR CP.4 OR CP.5 OR CP.6 OR CQ.1 OR CQ.1.1 OR CQ.2 OR CR.1 OR CR.1.1 OR CR.1.2 OR CR.1.3 OR CR.2 OR CS.1 OR CT.1 OR CU.1 OR CV.1 OR CV.2 OR CW.1 OR CY.1 OR CZ.1 OR DA.1 OR DB.1 OR DB.2 OR DC.1 OR DD.1 OR DE.1 OR DE.2 OR DF.1 OR DF.1.1 OR DG.1 OR DH.1 OR DJ.1 OR DJ.1.1 OR DJ.1.2 OR DJ.1.3 OR DK.1 OR DL.1 OR DM.1 OR DN.1 OR DN.1.1 OR DP.1 OR DQ.1 OR DR.1 OR DS.1 OR DT.1 OR DU.1 OR DV.1,Omicron,6.78571428571429,6.35714285714286,0.936842105263158
2022-06-06,12,11,10.1428571428571,9.42857142857143,0.929577464788732,0.618685228933384,0.988988326236839,B.1.1.529 OR BA.1 OR BA.1.1 OR BA.1.1.1 OR BA.1.1.2 OR BA.1.1.3 OR BA.1.1.4 OR BA.1.1.5 OR BA.1.1.6 OR BA.1.1.7 OR BA.1.1.8 OR BA.1.1.9 OR BA.1.1.10 OR BA.1.1.11 OR BA.1.1.12 OR BA.1.1.13 OR BA.1.1.14 OR BA.1.1.15 OR BA.1.1.16 OR BA.1.1.17 OR BA.1.1.18 OR BA.1.2 OR BA.1.3 OR BA.1.4 OR BA.1.5 OR BA.1.6 OR BA.1.7 OR BA.1.8 OR BA.1.9 OR BA.1.10 OR BA.1.12 OR BA.1.13 OR BA.1.13.1 OR BA.1.14 OR BA.1.14.1 OR BA.1.14.2 OR BA.1.15 OR BA.1.15.1 OR BA.1.15.2 OR BA.1.15.3 OR BA.1.16 OR BA.1.16.1 OR BA.1.16.2 OR BA.1.17 OR BA.1.17.1 OR BA.1.17.2 OR BA.1.18 OR BA.1.19 OR BA.1.20 OR BA.1.21 OR BA.1.21.1 OR BA.1.22 OR BA.1.23 OR BA.1.24 OR BA.2 OR BA.2.1 OR BA.2.2 OR BA.2.2.1 OR BA.2.3 OR BA.2.3.1 OR BA.2.3.2 OR BA.2.3.4 OR BA.2.3.5 OR BA.2.3.6 OR BA.2.3.7 OR BA.2.3.8 OR BA.2.3.9 OR BA.2.3.10 OR BA.2.3.11 OR BA.2.3.12 OR BA.2.3.13 OR BA.2.3.14 OR BA.2.3.15 OR BA.2.3.16 OR BA.2.3.17 OR BA.2.3.18 OR BA.2.3.19 OR BA.2.3.20 OR BA.2.3.21 OR BA.2.3.22 OR BA.2.4 OR BA.2.5 OR BA.2.6 OR BA.2.7 OR BA.2.8 OR BA.2.9 OR BA.2.9.1 OR BA.2.9.2 OR BA.2.9.3 OR BA.2.9.4 OR BA.2.9.5 OR BA.2.9.6 OR BA.2.9.7 OR BA.2.10 OR BA.2.10.1 OR BA.2.10.2 OR BA.2.10.3 OR BA.2.10.4 OR BA.2.11 OR BA.2.12 OR BA.2.12.1 OR BA.2.12.2 OR BA.2.13 OR BA.2.13.1 OR BA.2.14 OR BA.2.15 OR BA.2.16 OR BA.2.17 OR BA.2.18 OR BA.2.19 OR BA.2.20 OR BA.2.21 OR BA.2.22 OR BA.2.23 OR BA.2.23.1 OR BA.2.24 OR BA.2.25 OR BA.2.25.1 OR BA.2.26 OR BA.2.27 OR BA.2.28 OR BA.2.29 OR BA.2.30 OR BA.2.31 OR BA.2.31.1 OR BA.2.32 OR BA.2.33 OR BA.2.34 OR BA.2.35 OR BA.2.36 OR BA.2.37 OR BA.2.38 OR BA.2.38.1 OR BA.2.38.2 OR BA.2.38.3 OR BA.2.38.4 OR BA.2.39 OR BA.2.40 OR BA.2.40.1 OR BA.2.41 OR BA.2.42 OR BA.2.43 OR BA.2.44 OR BA.2.45 OR BA.2.46 OR BA.2.47 OR BA.2.48 OR BA.2.49 OR BA.2.50 OR BA.2.51 OR BA.2.52 OR BA.2.53 OR BA.2.54 OR BA.2.55 OR BA.2.56 OR BA.2.56.1 OR BA.2.57 OR BA.2.58 OR BA.2.59 OR BA.2.60 OR BA.2.61 OR BA.2.62 OR BA.2.63 OR BA.2.64 OR BA.2.65 OR BA.2.66 OR BA.2.67 OR BA.2.68 OR BA.2.69 OR BA.2.70 OR BA.2.71 OR BA.2.72 OR BA.2.73 OR BA.2.74 OR BA.2.75 OR BA.2.75.1 OR BA.2.75.2 OR BA.2.75.3 OR BA.2.75.4 OR BA.2.75.5 OR BA.2.75.6 OR BA.2.75.7 OR BA.2.75.8 OR BA.2.75.9 OR BA.2.75.10 OR BA.2.76 OR BA.2.76.1 OR BA.2.76.2 OR BA.2.77 OR BA.2.78 OR BA.2.79 OR BA.2.79.1 OR BA.2.80 OR BA.2.81 OR BA.2.82 OR BA.2.83 OR BA.2.85 OR BA.3 OR BA.3.1 OR BA.4 OR BA.4.1 OR BA.4.1.1 OR BA.4.1.2 OR BA.4.1.3 OR BA.4.1.4 OR BA.4.1.5 OR BA.4.1.6 OR BA.4.1.7 OR BA.4.1.8 OR BA.4.1.9 OR BA.4.1.10 OR BA.4.2 OR BA.4.3 OR BA.4.4 OR BA.4.5 OR BA.4.6 OR BA.4.6.1 OR BA.4.6.2 OR BA.4.6.3 OR BA.4.6.4 OR BA.4.6.5 OR BA.4.7 OR BA.4.8 OR BA.5 OR BA.5.1 OR BA.5.1.1 OR BA.5.1.2 OR BA.5.1.3 OR BA.5.1.4 OR BA.5.1.5 OR BA.5.1.6 OR BA.5.1.7 OR BA.5.1.8 OR BA.5.1.9 OR BA.5.1.10 OR BA.5.1.11 OR BA.5.1.12 OR BA.5.1.14 OR BA.5.1.15 OR BA.5.1.16 OR BA.5.1.17 OR BA.5.1.18 OR BA.5.1.19 OR BA.5.1.20 OR BA.5.1.21 OR BA.5.1.22 OR BA.5.1.23 OR BA.5.1.24 OR BA.5.1.25 OR BA.5.1.26 OR BA.5.1.27 OR BA.5.1.28 OR BA.5.1.29 OR BA.5.1.30 OR BA.5.1.31 OR BA.5.1.32 OR BA.5.2 OR BA.5.2.1 OR BA.5.2.2 OR BA.5.2.3 OR BA.5.2.4 OR BA.5.2.5 OR BA.5.2.6 OR BA.5.2.7 OR BA.5.2.8 OR BA.5.2.9 OR BA.5.2.10 OR BA.5.2.11 OR BA.5.2.12 OR BA.5.2.13 OR BA.5.2.14 OR BA.5.2.16 OR BA.5.2.18 OR BA.5.2.19 OR BA.5.2.20 OR BA.5.2.21 OR BA.5.2.22 OR BA.5.2.23 OR BA.5.2.24 OR BA.5.2.25 OR BA.5.2.26 OR BA.5.2.27 OR BA.5.2.28 OR BA.5.2.29 OR BA.5.2.30 OR BA.5.2.31 OR BA.5.2.32 OR BA.5.2.33 OR BA.5.2.34 OR BA.5.2.35 OR BA.5.2.36 OR BA.5.2.37 OR BA.5.2.38 OR BA.5.2.39 OR BA.5.2.40 OR BA.5.2.41 OR BA.5.2.42 OR BA.5.2.43 OR BA.5.2.44 OR BA.5.2.45 OR BA.5.2.46 OR BA.5.2.47 OR BA.5.2.48 OR BA.5.2.49 OR BA.5.3 OR BA.5.3.1 OR BA.5.3.2 OR BA.5.3.3 OR BA.5.3.4 OR BA.5.3.5 OR BA.5.5 OR BA.5.5.1 OR BA.5.5.2 OR BA.5.5.3 OR BA.5.6 OR BA.5.6.1 OR BA.5.6.2 OR BA.5.6.3 OR BA.5.6.4 OR BA.5.7 OR BA.5.8 OR BA.5.9 OR BA.5.10 OR BA.5.10.1 OR BA.5.11 OR BC.1 OR BC.2 OR BD.1 OR BE.1 OR BE.1.1 OR BE.1.1.1 OR BE.1.1.2 OR BE.1.2 OR BE.1.2.1 OR BE.1.3 OR BE.1.4 OR BE.1.4.1 OR BE.1.4.2 OR BE.1.4.3 OR BE.1.4.4 OR BE.2 OR BE.3 OR BE.4 OR BE.4.1 OR BE.4.1.1 OR BE.4.2 OR BE.5 OR BE.6 OR BE.7 OR BE.8 OR BE.9 OR BE.10 OR BF.1 OR BF.1.1 OR BF.2 OR BF.3 OR BF.3.1 OR BF.4 OR BF.5 OR BF.5.1 OR BF.5.2 OR BF.6 OR BF.7 OR BF.7.1 OR BF.7.2 OR BF.7.3 OR BF.7.4 OR BF.7.4.1 OR BF.7.4.2 OR BF.7.5 OR BF.7.5.1 OR BF.7.6 OR BF.7.7 OR BF.7.8 OR BF.7.9 OR BF.7.10 OR BF.7.11 OR BF.7.12 OR BF.7.13 OR BF.7.13.1 OR BF.7.13.2 OR BF.7.14 OR BF.7.15 OR BF.8 OR BF.9 OR BF.10 OR BF.10.1 OR BF.11 OR BF.11.1 OR BF.11.2 OR BF.11.3 OR BF.11.4 OR BF.11.5 OR BF.12 OR BF.13 OR BF.14 OR BF.15 OR BF.16 OR BF.17 OR BF.18 OR BF.19 OR BF.20 OR BF.21 OR BF.22 OR BF.23 OR BF.24 OR BF.25 OR BF.26 OR BF.27 OR BF.28 OR BF.29 OR BF.30 OR BF.31 OR BF.31.1 OR BF.32 OR BF.33 OR BF.34 OR BG.1 OR BG.2 OR BG.3 OR BG.4 OR BG.5 OR BG.6 OR BG.7 OR BH.1 OR BJ.1 OR BK.1 OR BL.1 OR BL.1.1 OR BL.1.2 OR BL.1.3 OR BL.1.4 OR BL.2 OR BL.2.1 OR BL.3 OR BL.4 OR BL.5 OR BL.6 OR BM.1 OR BM.1.1 OR BM.1.1.1 OR BM.1.1.2 OR BM.1.1.3 OR BM.1.1.4 OR BM.1.1.5 OR BM.2 OR BM.2.1 OR BM.2.2 OR BM.2.3 OR BM.3 OR BM.4 OR BM.4.1 OR BM.4.1.1 OR BM.5 OR BM.6 OR BN.1 OR BN.1.1 OR BN.1.1.1 OR BN.1.2 OR BN.1.2.1 OR BN.1.3 OR BN.1.3.1 OR BN.1.3.2 OR BN.1.3.3 OR BN.1.3.4 OR BN.1.4 OR BN.1.4.1 OR BN.1.5 OR BN.1.5.1 OR BN.1.6 OR BN.1.7 OR BN.1.8 OR BN.1.9 OR BN.2 OR BN.2.1 OR BN.3 OR BN.3.1 OR BN.4 OR BN.5 OR BN.6 OR BP.1 OR BQ.1 OR BQ.1.1 OR BQ.1.1.1 OR BQ.1.1.2 OR BQ.1.1.3 OR BQ.1.1.4 OR BQ.1.1.5 OR BQ.1.1.6 OR BQ.1.1.7 OR BQ.1.1.8 OR BQ.1.1.9 OR BQ.1.1.10 OR BQ.1.1.11 OR BQ.1.1.12 OR BQ.1.1.13 OR BQ.1.1.14 OR BQ.1.1.15 OR BQ.1.1.16 OR BQ.1.1.17 OR BQ.1.1.18 OR BQ.1.1.19 OR BQ.1.1.20 OR BQ.1.1.21 OR BQ.1.1.22 OR BQ.1.1.23 OR BQ.1.1.24 OR BQ.1.1.25 OR BQ.1.1.26 OR BQ.1.1.27 OR BQ.1.1.28 OR BQ.1.1.29 OR BQ.1.1.30 OR BQ.1.1.31 OR BQ.1.1.32 OR BQ.1.1.34 OR BQ.1.1.35 OR BQ.1.1.36 OR BQ.1.2 OR BQ.1.3 OR BQ.1.4 OR BQ.1.5 OR BQ.1.6 OR BQ.1.7 OR BQ.1.8 OR BQ.1.8.1 OR BQ.1.8.2 OR BQ.1.9 OR BQ.1.10 OR BQ.1.10.1 OR BQ.1.11 OR BQ.1.12 OR BQ.1.13 OR BQ.1.13.1 OR BQ.1.14 OR BQ.1.15 OR BQ.1.16 OR BQ.1.17 OR BQ.1.18 OR BQ.1.19 OR BQ.1.20 OR BQ.1.21 OR BQ.1.22 OR BQ.1.23 OR BQ.1.24 OR BQ.1.25 OR BQ.1.25.1 OR BQ.1.26 OR BQ.1.26.1 OR BQ.1.27 OR BQ.1.28 OR BQ.2 OR BR.1 OR BR.1.1 OR BR.1.2 OR BR.2 OR BR.2.1 OR BR.3 OR BR.4 OR BS.1 OR BS.1.1 OR BS.1.2 OR BT.1 OR BT.2 OR BU.1 OR BU.2 OR BU.3 OR BV.1 OR BV.2 OR BW.1 OR BW.1.1 OR BY.1 OR BY.1.1 OR BY.1.1.1 OR BY.1.2 OR BY.1.2.1 OR BZ.1 OR CA.1 OR CA.2 OR CA.3 OR CA.3.1 OR CA.4 OR CA.5 OR CA.6 OR CA.7 OR CB.1 OR CC.1 OR CD.1 OR CD.2 OR CE.1 OR CF.1 OR CG.1 OR CH.1 OR CH.1.1 OR CH.1.1.1 OR CH.1.1.2 OR CH.1.1.3 OR CH.1.1.4 OR CH.1.1.5 OR CH.2 OR CH.3 OR CH.3.1 OR CJ.1 OR CJ.1.1 OR CK.1 OR CK.1.1 OR CK.1.2 OR CK.2 OR CK.2.1 OR CK.2.1.1 OR CK.3 OR CL.1 OR CM.1 OR CM.2 OR CM.2.1 OR CM.3 OR CM.4 OR CM.4.1 OR CM.5 OR CM.5.1 OR CM.5.2 OR CM.6 OR CM.6.1 OR CM.7 OR CM.8 OR CM.8.1 OR CM.9 OR CM.10 OR CM.11 OR CM.12 OR CN.1 OR CN.2 OR CP.1 OR CP.1.1 OR CP.1.2 OR CP.1.3 OR CP.2 OR CP.3 OR CP.4 OR CP.5 OR CP.6 OR CQ.1 OR CQ.1.1 OR CQ.2 OR CR.1 OR CR.1.1 OR CR.1.2 OR CR.1.3 OR CR.2 OR CS.1 OR CT.1 OR CU.1 OR CV.1 OR CV.2 OR CW.1 OR CY.1 OR CZ.1 OR DA.1 OR DB.1 OR DB.2 OR DC.1 OR DD.1 OR DE.1 OR DE.2 OR DF.1 OR DF.1.1 OR DG.1 OR DH.1 OR DJ.1 OR DJ.1.1 OR DJ.1.2 OR DJ.1.3 OR DK.1 OR DL.1 OR DM.1 OR DN.1 OR DN.1.1 OR DP.1 OR DQ.1 OR DR.1 OR DS.1 OR DT.1 OR DU.1 OR DV.1,Omicron,7.28571428571429,6.78571428571429,0.931372549019608
2022-06-07,16,13,11.8571428571429,10.7142857142857,0.903614457831325,0.671504273599412,0.990855673765851,B.1.1.529 OR BA.1 OR BA.1.1 OR BA.1.1.1 OR BA.1.1.2 OR BA.1.1.3 OR BA.1.1.4 OR BA.1.1.5 OR BA.1.1.6 OR BA.1.1.7 OR BA.1.1.8 OR BA.1.1.9 OR BA.1.1.10 OR BA.1.1.11 OR BA.1.1.12 OR BA.1.1.13 OR BA.1.1.14 OR BA.1.1.15 OR BA.1.1.16 OR BA.1.1.17 OR BA.1.1.18 OR BA.1.2 OR BA.1.3 OR BA.1.4 OR BA.1.5 OR BA.1.6 OR BA.1.7 OR BA.1.8 OR BA.1.9 OR BA.1.10 OR BA.1.12 OR BA.1.13 OR BA.1.13.1 OR BA.1.14 OR BA.1.14.1 OR BA.1.14.2 OR BA.1.15 OR BA.1.15.1 OR BA.1.15.2 OR BA.1.15.3 OR BA.1.16 OR BA.1.16.1 OR BA.1.16.2 OR BA.1.17 OR BA.1.17.1 OR BA.1.17.2 OR BA.1.18 OR BA.1.19 OR BA.1.20 OR BA.1.21 OR BA.1.21.1 OR BA.1.22 OR BA.1.23 OR BA.1.24 OR BA.2 OR BA.2.1 OR BA.2.2 OR BA.2.2.1 OR BA.2.3 OR BA.2.3.1 OR BA.2.3.2 OR BA.2.3.4 OR BA.2.3.5 OR BA.2.3.6 OR BA.2.3.7 OR BA.2.3.8 OR BA.2.3.9 OR BA.2.3.10 OR BA.2.3.11 OR BA.2.3.12 OR BA.2.3.13 OR BA.2.3.14 OR BA.2.3.15 OR BA.2.3.16 OR BA.2.3.17 OR BA.2.3.18 OR BA.2.3.19 OR BA.2.3.20 OR BA.2.3.21 OR BA.2.3.22 OR BA.2.4 OR BA.2.5 OR BA.2.6 OR BA.2.7 OR BA.2.8 OR BA.2.9 OR BA.2.9.1 OR BA.2.9.2 OR BA.2.9.3 OR BA.2.9.4 OR BA.2.9.5 OR BA.2.9.6 OR BA.2.9.7 OR BA.2.10 OR BA.2.10.1 OR BA.2.10.2 OR BA.2.10.3 OR BA.2.10.4 OR BA.2.11 OR BA.2.12 OR BA.2.12.1 OR BA.2.12.2 OR BA.2.13 OR BA.2.13.1 OR BA.2.14 OR BA.2.15 OR BA.2.16 OR BA.2.17 OR BA.2.18 OR BA.2.19 OR BA.2.20 OR BA.2.21 OR BA.2.22 OR BA.2.23 OR BA.2.23.1 OR BA.2.24 OR BA.2.25 OR BA.2.25.1 OR BA.2.26 OR BA.2.27 OR BA.2.28 OR BA.2.29 OR BA.2.30 OR BA.2.31 OR BA.2.31.1 OR BA.2.32 OR BA.2.33 OR BA.2.34 OR BA.2.35 OR BA.2.36 OR BA.2.37 OR BA.2.38 OR BA.2.38.1 OR BA.2.38.2 OR BA.2.38.3 OR BA.2.38.4 OR BA.2.39 OR BA.2.40 OR BA.2.40.1 OR BA.2.41 OR BA.2.42 OR BA.2.43 OR BA.2.44 OR BA.2.45 OR BA.2.46 OR BA.2.47 OR BA.2.48 OR BA.2.49 OR BA.2.50 OR BA.2.51 OR BA.2.52 OR BA.2.53 OR BA.2.54 OR BA.2.55 OR BA.2.56 OR BA.2.56.1 OR BA.2.57 OR BA.2.58 OR BA.2.59 OR BA.2.60 OR BA.2.61 OR BA.2.62 OR BA.2.63 OR BA.2.64 OR BA.2.65 OR BA.2.66 OR BA.2.67 OR BA.2.68 OR BA.2.69 OR BA.2.70 OR BA.2.71 OR BA.2.72 OR BA.2.73 OR BA.2.74 OR BA.2.75 OR BA.2.75.1 OR BA.2.75.2 OR BA.2.75.3 OR BA.2.75.4 OR BA.2.75.5 OR BA.2.75.6 OR BA.2.75.7 OR BA.2.75.8 OR BA.2.75.9 OR BA.2.75.10 OR BA.2.76 OR BA.2.76.1 OR BA.2.76.2 OR BA.2.77 OR BA.2.78 OR BA.2.79 OR BA.2.79.1 OR BA.2.80 OR BA.2.81 OR BA.2.82 OR BA.2.83 OR BA.2.85 OR BA.3 OR BA.3.1 OR BA.4 OR BA.4.1 OR BA.4.1.1 OR BA.4.1.2 OR BA.4.1.3 OR BA.4.1.4 OR BA.4.1.5 OR BA.4.1.6 OR BA.4.1.7 OR BA.4.1.8 OR BA.4.1.9 OR BA.4.1.10 OR BA.4.2 OR BA.4.3 OR BA.4.4 OR BA.4.5 OR BA.4.6 OR BA.4.6.1 OR BA.4.6.2 OR BA.4.6.3 OR BA.4.6.4 OR BA.4.6.5 OR BA.4.7 OR BA.4.8 OR BA.5 OR BA.5.1 OR BA.5.1.1 OR BA.5.1.2 OR BA.5.1.3 OR BA.5.1.4 OR BA.5.1.5 OR BA.5.1.6 OR BA.5.1.7 OR BA.5.1.8 OR BA.5.1.9 OR BA.5.1.10 OR BA.5.1.11 OR BA.5.1.12 OR BA.5.1.14 OR BA.5.1.15 OR BA.5.1.16 OR BA.5.1.17 OR BA.5.1.18 OR BA.5.1.19 OR BA.5.1.20 OR BA.5.1.21 OR BA.5.1.22 OR BA.5.1.23 OR BA.5.1.24 OR BA.5.1.25 OR BA.5.1.26 OR BA.5.1.27 OR BA.5.1.28 OR BA.5.1.29 OR BA.5.1.30 OR BA.5.1.31 OR BA.5.1.32 OR BA.5.2 OR BA.5.2.1 OR BA.5.2.2 OR BA.5.2.3 OR BA.5.2.4 OR BA.5.2.5 OR BA.5.2.6 OR BA.5.2.7 OR BA.5.2.8 OR BA.5.2.9 OR BA.5.2.10 OR BA.5.2.11 OR BA.5.2.12 OR BA.5.2.13 OR BA.5.2.14 OR BA.5.2.16 OR BA.5.2.18 OR BA.5.2.19 OR BA.5.2.20 OR BA.5.2.21 OR BA.5.2.22 OR BA.5.2.23 OR BA.5.2.24 OR BA.5.2.25 OR BA.5.2.26 OR BA.5.2.27 OR BA.5.2.28 OR BA.5.2.29 OR BA.5.2.30 OR BA.5.2.31 OR BA.5.2.32 OR BA.5.2.33 OR BA.5.2.34 OR BA.5.2.35 OR BA.5.2.36 OR BA.5.2.37 OR BA.5.2.38 OR BA.5.2.39 OR BA.5.2.40 OR BA.5.2.41 OR BA.5.2.42 OR BA.5.2.43 OR BA.5.2.44 OR BA.5.2.45 OR BA.5.2.46 OR BA.5.2.47 OR BA.5.2.48 OR BA.5.2.49 OR BA.5.3 OR BA.5.3.1 OR BA.5.3.2 OR BA.5.3.3 OR BA.5.3.4 OR BA.5.3.5 OR BA.5.5 OR BA.5.5.1 OR BA.5.5.2 OR BA.5.5.3 OR BA.5.6 OR BA.5.6.1 OR BA.5.6.2 OR BA.5.6.3 OR BA.5.6.4 OR BA.5.7 OR BA.5.8 OR BA.5.9 OR BA.5.10 OR BA.5.10.1 OR BA.5.11 OR BC.1 OR BC.2 OR BD.1 OR BE.1 OR BE.1.1 OR BE.1.1.1 OR BE.1.1.2 OR BE.1.2 OR BE.1.2.1 OR BE.1.3 OR BE.1.4 OR BE.1.4.1 OR BE.1.4.2 OR BE.1.4.3 OR BE.1.4.4 OR BE.2 OR BE.3 OR BE.4 OR BE.4.1 OR BE.4.1.1 OR BE.4.2 OR BE.5 OR BE.6 OR BE.7 OR BE.8 OR BE.9 OR BE.10 OR BF.1 OR BF.1.1 OR BF.2 OR BF.3 OR BF.3.1 OR BF.4 OR BF.5 OR BF.5.1 OR BF.5.2 OR BF.6 OR BF.7 OR BF.7.1 OR BF.7.2 OR BF.7.3 OR BF.7.4 OR BF.7.4.1 OR BF.7.4.2 OR BF.7.5 OR BF.7.5.1 OR BF.7.6 OR BF.7.7 OR BF.7.8 OR BF.7.9 OR BF.7.10 OR BF.7.11 OR BF.7.12 OR BF.7.13 OR BF.7.13.1 OR BF.7.13.2 OR BF.7.14 OR BF.7.15 OR BF.8 OR BF.9 OR BF.10 OR BF.10.1 OR BF.11 OR BF.11.1 OR BF.11.2 OR BF.11.3 OR BF.11.4 OR BF.11.5 OR BF.12 OR BF.13 OR BF.14 OR BF.15 OR BF.16 OR BF.17 OR BF.18 OR BF.19 OR BF.20 OR BF.21 OR BF.22 OR BF.23 OR BF.24 OR BF.25 OR BF.26 OR BF.27 OR BF.28 OR BF.29 OR BF.30 OR BF.31 OR BF.31.1 OR BF.32 OR BF.33 OR BF.34 OR BG.1 OR BG.2 OR BG.3 OR BG.4 OR BG.5 OR BG.6 OR BG.7 OR BH.1 OR BJ.1 OR BK.1 OR BL.1 OR BL.1.1 OR BL.1.2 OR BL.1.3 OR BL.1.4 OR BL.2 OR BL.2.1 OR BL.3 OR BL.4 OR BL.5 OR BL.6 OR BM.1 OR BM.1.1 OR BM.1.1.1 OR BM.1.1.2 OR BM.1.1.3 OR BM.1.1.4 OR BM.1.1.5 OR BM.2 OR BM.2.1 OR BM.2.2 OR BM.2.3 OR BM.3 OR BM.4 OR BM.4.1 OR BM.4.1.1 OR BM.5 OR BM.6 OR BN.1 OR BN.1.1 OR BN.1.1.1 OR BN.1.2 OR BN.1.2.1 OR BN.1.3 OR BN.1.3.1 OR BN.1.3.2 OR BN.1.3.3 OR BN.1.3.4 OR BN.1.4 OR BN.1.4.1 OR BN.1.5 OR BN.1.5.1 OR BN.1.6 OR BN.1.7 OR BN.1.8 OR BN.1.9 OR BN.2 OR BN.2.1 OR BN.3 OR BN.3.1 OR BN.4 OR BN.5 OR BN.6 OR BP.1 OR BQ.1 OR BQ.1.1 OR BQ.1.1.1 OR BQ.1.1.2 OR BQ.1.1.3 OR BQ.1.1.4 OR BQ.1.1.5 OR BQ.1.1.6 OR BQ.1.1.7 OR BQ.1.1.8 OR BQ.1.1.9 OR BQ.1.1.10 OR BQ.1.1.11 OR BQ.1.1.12 OR BQ.1.1.13 OR BQ.1.1.14 OR BQ.1.1.15 OR BQ.1.1.16 OR BQ.1.1.17 OR BQ.1.1.18 OR BQ.1.1.19 OR BQ.1.1.20 OR BQ.1.1.21 OR BQ.1.1.22 OR BQ.1.1.23 OR BQ.1.1.24 OR BQ.1.1.25 OR BQ.1.1.26 OR BQ.1.1.27 OR BQ.1.1.28 OR BQ.1.1.29 OR BQ.1.1.30 OR BQ.1.1.31 OR BQ.1.1.32 OR BQ.1.1.34 OR BQ.1.1.35 OR BQ.1.1.36 OR BQ.1.2 OR BQ.1.3 OR BQ.1.4 OR BQ.1.5 OR BQ.1.6 OR BQ.1.7 OR BQ.1.8 OR BQ.1.8.1 OR BQ.1.8.2 OR BQ.1.9 OR BQ.1.10 OR BQ.1.10.1 OR BQ.1.11 OR BQ.1.12 OR BQ.1.13 OR BQ.1.13.1 OR BQ.1.14 OR BQ.1.15 OR BQ.1.16 OR BQ.1.17 OR BQ.1.18 OR BQ.1.19 OR BQ.1.20 OR BQ.1.21 OR BQ.1.22 OR BQ.1.23 OR BQ.1.24 OR BQ.1.25 OR BQ.1.25.1 OR BQ.1.26 OR BQ.1.26.1 OR BQ.1.27 OR BQ.1.28 OR BQ.2 OR BR.1 OR BR.1.1 OR BR.1.2 OR BR.2 OR BR.2.1 OR BR.3 OR BR.4 OR BS.1 OR BS.1.1 OR BS.1.2 OR BT.1 OR BT.2 OR BU.1 OR BU.2 OR BU.3 OR BV.1 OR BV.2 OR BW.1 OR BW.1.1 OR BY.1 OR BY.1.1 OR BY.1.1.1 OR BY.1.2 OR BY.1.2.1 OR BZ.1 OR CA.1 OR CA.2 OR CA.3 OR CA.3.1 OR CA.4 OR CA.5 OR CA.6 OR CA.7 OR CB.1 OR CC.1 OR CD.1 OR CD.2 OR CE.1 OR CF.1 OR CG.1 OR CH.1 OR CH.1.1 OR CH.1.1.1 OR CH.1.1.2 OR CH.1.1.3 OR CH.1.1.4 OR CH.1.1.5 OR CH.2 OR CH.3 OR CH.3.1 OR CJ.1 OR CJ.1.1 OR CK.1 OR CK.1.1 OR CK.1.2 OR CK.2 OR CK.2.1 OR CK.2.1.1 OR CK.3 OR CL.1 OR CM.1 OR CM.2 OR CM.2.1 OR CM.3 OR CM.4 OR CM.4.1 OR CM.5 OR CM.5.1 OR CM.5.2 OR CM.6 OR CM.6.1 OR CM.7 OR CM.8 OR CM.8.1 OR CM.9 OR CM.10 OR CM.11 OR CM.12 OR CN.1 OR CN.2 OR CP.1 OR CP.1.1 OR CP.1.2 OR CP.1.3 OR CP.2 OR CP.3 OR CP.4 OR CP.5 OR CP.6 OR CQ.1 OR CQ.1.1 OR CQ.2 OR CR.1 OR CR.1.1 OR CR.1.2 OR CR.1.3 OR CR.2 OR CS.1 OR CT.1 OR CU.1 OR CV.1 OR CV.2 OR CW.1 OR CY.1 OR CZ.1 OR DA.1 OR DB.1 OR DB.2 OR DC.1 OR DD.1 OR DE.1 OR DE.2 OR DF.1 OR DF.1.1 OR DG.1 OR DH.1 OR DJ.1 OR DJ.1.1 OR DJ.1.2 OR DJ.1.3 OR DK.1 OR DL.1 OR DM.1 OR DN.1 OR DN.1.1 OR DP.1 OR DQ.1 OR DR.1 OR DS.1 OR DT.1 OR DU.1 OR DV.1,Omicron,8,7.28571428571429,0.910714285714286
2022-06-08,18,17,12.5714285714286,11.4285714285714,0.909090909090909,0.590994698225189,0.966588427046432,B.1.1.529 OR BA.1 OR BA.1.1 OR BA.1.1.1 OR BA.1.1.2 OR BA.1.1.3 OR BA.1.1.4 OR BA.1.1.5 OR BA.1.1.6 OR BA.1.1.7 OR BA.1.1.8 OR BA.1.1.9 OR BA.1.1.10 OR BA.1.1.11 OR BA.1.1.12 OR BA.1.1.13 OR BA.1.1.14 OR BA.1.1.15 OR BA.1.1.16 OR BA.1.1.17 OR BA.1.1.18 OR BA.1.2 OR BA.1.3 OR BA.1.4 OR BA.1.5 OR BA.1.6 OR BA.1.7 OR BA.1.8 OR BA.1.9 OR BA.1.10 OR BA.1.12 OR BA.1.13 OR BA.1.13.1 OR BA.1.14 OR BA.1.14.1 OR BA.1.14.2 OR BA.1.15 OR BA.1.15.1 OR BA.1.15.2 OR BA.1.15.3 OR BA.1.16 OR BA.1.16.1 OR BA.1.16.2 OR BA.1.17 OR BA.1.17.1 OR BA.1.17.2 OR BA.1.18 OR BA.1.19 OR BA.1.20 OR BA.1.21 OR BA.1.21.1 OR BA.1.22 OR BA.1.23 OR BA.1.24 OR BA.2 OR BA.2.1 OR BA.2.2 OR BA.2.2.1 OR BA.2.3 OR BA.2.3.1 OR BA.2.3.2 OR BA.2.3.4 OR BA.2.3.5 OR BA.2.3.6 OR BA.2.3.7 OR BA.2.3.8 OR BA.2.3.9 OR BA.2.3.10 OR BA.2.3.11 OR BA.2.3.12 OR BA.2.3.13 OR BA.2.3.14 OR BA.2.3.15 OR BA.2.3.16 OR BA.2.3.17 OR BA.2.3.18 OR BA.2.3.19 OR BA.2.3.20 OR BA.2.3.21 OR BA.2.3.22 OR BA.2.4 OR BA.2.5 OR BA.2.6 OR BA.2.7 OR BA.2.8 OR BA.2.9 OR BA.2.9.1 OR BA.2.9.2 OR BA.2.9.3 OR BA.2.9.4 OR BA.2.9.5 OR BA.2.9.6 OR BA.2.9.7 OR BA.2.10 OR BA.2.10.1 OR BA.2.10.2 OR BA.2.10.3 OR BA.2.10.4 OR BA.2.11 OR BA.2.12 OR BA.2.12.1 OR BA.2.12.2 OR BA.2.13 OR BA.2.13.1 OR BA.2.14 OR BA.2.15 OR BA.2.16 OR BA.2.17 OR BA.2.18 OR BA.2.19 OR BA.2.20 OR BA.2.21 OR BA.2.22 OR BA.2.23 OR BA.2.23.1 OR BA.2.24 OR BA.2.25 OR BA.2.25.1 OR BA.2.26 OR BA.2.27 OR BA.2.28 OR BA.2.29 OR BA.2.30 OR BA.2.31 OR BA.2.31.1 OR BA.2.32 OR BA.2.33 OR BA.2.34 OR BA.2.35 OR BA.2.36 OR BA.2.37 OR BA.2.38 OR BA.2.38.1 OR BA.2.38.2 OR BA.2.38.3 OR BA.2.38.4 OR BA.2.39 OR BA.2.40 OR BA.2.40.1 OR BA.2.41 OR BA.2.42 OR BA.2.43 OR BA.2.44 OR BA.2.45 OR BA.2.46 OR BA.2.47 OR BA.2.48 OR BA.2.49 OR BA.2.50 OR BA.2.51 OR BA.2.52 OR BA.2.53 OR BA.2.54 OR BA.2.55 OR BA.2.56 OR BA.2.56.1 OR BA.2.57 OR BA.2.58 OR BA.2.59 OR BA.2.60 OR BA.2.61 OR BA.2.62 OR BA.2.63 OR BA.2.64 OR BA.2.65 OR BA.2.66 OR BA.2.67 OR BA.2.68 OR BA.2.69 OR BA.2.70 OR BA.2.71 OR BA.2.72 OR BA.2.73 OR BA.2.74 OR BA.2.75 OR BA.2.75.1 OR BA.2.75.2 OR BA.2.75.3 OR BA.2.75.4 OR BA.2.75.5 OR BA.2.75.6 OR BA.2.75.7 OR BA.2.75.8 OR BA.2.75.9 OR BA.2.75.10 OR BA.2.76 OR BA.2.76.1 OR BA.2.76.2 OR BA.2.77 OR BA.2.78 OR BA.2.79 OR BA.2.79.1 OR BA.2.80 OR BA.2.81 OR BA.2.82 OR BA.2.83 OR BA.2.85 OR BA.3 OR BA.3.1 OR BA.4 OR BA.4.1 OR BA.4.1.1 OR BA.4.1.2 OR BA.4.1.3 OR BA.4.1.4 OR BA.4.1.5 OR BA.4.1.6 OR BA.4.1.7 OR BA.4.1.8 OR BA.4.1.9 OR BA.4.1.10 OR BA.4.2 OR BA.4.3 OR BA.4.4 OR BA.4.5 OR BA.4.6 OR BA.4.6.1 OR BA.4.6.2 OR BA.4.6.3 OR BA.4.6.4 OR BA.4.6.5 OR BA.4.7 OR BA.4.8 OR BA.5 OR BA.5.1 OR BA.5.1.1 OR BA.5.1.2 OR BA.5.1.3 OR BA.5.1.4 OR BA.5.1.5 OR BA.5.1.6 OR BA.5.1.7 OR BA.5.1.8 OR BA.5.1.9 OR BA.5.1.10 OR BA.5.1.11 OR BA.5.1.12 OR BA.5.1.14 OR BA.5.1.15 OR BA.5.1.16 OR BA.5.1.17 OR BA.5.1.18 OR BA.5.1.19 OR BA.5.1.20 OR BA.5.1.21 OR BA.5.1.22 OR BA.5.1.23 OR BA.5.1.24 OR BA.5.1.25 OR BA.5.1.26 OR BA.5.1.27 OR BA.5.1.28 OR BA.5.1.29 OR BA.5.1.30 OR BA.5.1.31 OR BA.5.1.32 OR BA.5.2 OR BA.5.2.1 OR BA.5.2.2 OR BA.5.2.3 OR BA.5.2.4 OR BA.5.2.5 OR BA.5.2.6 OR BA.5.2.7 OR BA.5.2.8 OR BA.5.2.9 OR BA.5.2.10 OR BA.5.2.11 OR BA.5.2.12 OR BA.5.2.13 OR BA.5.2.14 OR BA.5.2.16 OR BA.5.2.18 OR BA.5.2.19 OR BA.5.2.20 OR BA.5.2.21 OR BA.5.2.22 OR BA.5.2.23 OR BA.5.2.24 OR BA.5.2.25 OR BA.5.2.26 OR BA.5.2.27 OR BA.5.2.28 OR BA.5.2.29 OR BA.5.2.30 OR BA.5.2.31 OR BA.5.2.32 OR BA.5.2.33 OR BA.5.2.34 OR BA.5.2.35 OR BA.5.2.36 OR BA.5.2.37 OR BA.5.2.38 OR BA.5.2.39 OR BA.5.2.40 OR BA.5.2.41 OR BA.5.2.42 OR BA.5.2.43 OR BA.5.2.44 OR BA.5.2.45 OR BA.5.2.46 OR BA.5.2.47 OR BA.5.2.48 OR BA.5.2.49 OR BA.5.3 OR BA.5.3.1 OR BA.5.3.2 OR BA.5.3.3 OR BA.5.3.4 OR BA.5.3.5 OR BA.5.5 OR BA.5.5.1 OR BA.5.5.2 OR BA.5.5.3 OR BA.5.6 OR BA.5.6.1 OR BA.5.6.2 OR BA.5.6.3 OR BA.5.6.4 OR BA.5.7 OR BA.5.8 OR BA.5.9 OR BA.5.10 OR BA.5.10.1 OR BA.5.11 OR BC.1 OR BC.2 OR BD.1 OR BE.1 OR BE.1.1 OR BE.1.1.1 OR BE.1.1.2 OR BE.1.2 OR BE.1.2.1 OR BE.1.3 OR BE.1.4 OR BE.1.4.1 OR BE.1.4.2 OR BE.1.4.3 OR BE.1.4.4 OR BE.2 OR BE.3 OR BE.4 OR BE.4.1 OR BE.4.1.1 OR BE.4.2 OR BE.5 OR BE.6 OR BE.7 OR BE.8 OR BE.9 OR BE.10 OR BF.1 OR BF.1.1 OR BF.2 OR BF.3 OR BF.3.1 OR BF.4 OR BF.5 OR BF.5.1 OR BF.5.2 OR BF.6 OR BF.7 OR BF.7.1 OR BF.7.2 OR BF.7.3 OR BF.7.4 OR BF.7.4.1 OR BF.7.4.2 OR BF.7.5 OR BF.7.5.1 OR BF.7.6 OR BF.7.7 OR BF.7.8 OR BF.7.9 OR BF.7.10 OR BF.7.11 OR BF.7.12 OR BF.7.13 OR BF.7.13.1 OR BF.7.13.2 OR BF.7.14 OR BF.7.15 OR BF.8 OR BF.9 OR BF.10 OR BF.10.1 OR BF.11 OR BF.11.1 OR BF.11.2 OR BF.11.3 OR BF.11.4 OR BF.11.5 OR BF.12 OR BF.13 OR BF.14 OR BF.15 OR BF.16 OR BF.17 OR BF.18 OR BF.19 OR BF.20 OR BF.21 OR BF.22 OR BF.23 OR BF.24 OR BF.25 OR BF.26 OR BF.27 OR BF.28 OR BF.29 OR BF.30 OR BF.31 OR BF.31.1 OR BF.32 OR BF.33 OR BF.34 OR BG.1 OR BG.2 OR BG.3 OR BG.4 OR BG.5 OR BG.6 OR BG.7 OR BH.1 OR BJ.1 OR BK.1 OR BL.1 OR BL.1.1 OR BL.1.2 OR BL.1.3 OR BL.1.4 OR BL.2 OR BL.2.1 OR BL.3 OR BL.4 OR BL.5 OR BL.6 OR BM.1 OR BM.1.1 OR BM.1.1.1 OR BM.1.1.2 OR BM.1.1.3 OR BM.1.1.4 OR BM.1.1.5 OR BM.2 OR BM.2.1 OR BM.2.2 OR BM.2.3 OR BM.3 OR BM.4 OR BM.4.1 OR BM.4.1.1 OR BM.5 OR BM.6 OR BN.1 OR BN.1.1 OR BN.1.1.1 OR BN.1.2 OR BN.1.2.1 OR BN.1.3 OR BN.1.3.1 OR BN.1.3.2 OR BN.1.3.3 OR BN.1.3.4 OR BN.1.4 OR BN.1.4.1 OR BN.1.5 OR BN.1.5.1 OR BN.1.6 OR BN.1.7 OR BN.1.8 OR BN.1.9 OR BN.2 OR BN.2.1 OR BN.3 OR BN.3.1 OR BN.4 OR BN.5 OR BN.6 OR BP.1 OR BQ.1 OR BQ.1.1 OR BQ.1.1.1 OR BQ.1.1.2 OR BQ.1.1.3 OR BQ.1.1.4 OR BQ.1.1.5 OR BQ.1.1.6 OR BQ.1.1.7 OR BQ.1.1.8 OR BQ.1.1.9 OR BQ.1.1.10 OR BQ.1.1.11 OR BQ.1.1.12 OR BQ.1.1.13 OR BQ.1.1.14 OR BQ.1.1.15 OR BQ.1.1.16 OR BQ.1.1.17 OR BQ.1.1.18 OR BQ.1.1.19 OR BQ.1.1.20 OR BQ.1.1.21 OR BQ.1.1.22 OR BQ.1.1.23 OR BQ.1.1.24 OR BQ.1.1.25 OR BQ.1.1.26 OR BQ.1.1.27 OR BQ.1.1.28 OR BQ.1.1.29 OR BQ.1.1.30 OR BQ.1.1.31 OR BQ.1.1.32 OR BQ.1.1.34 OR BQ.1.1.35 OR BQ.1.1.36 OR BQ.1.2 OR BQ.1.3 OR BQ.1.4 OR BQ.1.5 OR BQ.1.6 OR BQ.1.7 OR BQ.1.8 OR BQ.1.8.1 OR BQ.1.8.2 OR BQ.1.9 OR BQ.1.10 OR BQ.1.10.1 OR BQ.1.11 OR BQ.1.12 OR BQ.1.13 OR BQ.1.13.1 OR BQ.1.14 OR BQ.1.15 OR BQ.1.16 OR BQ.1.17 OR BQ.1.18 OR BQ.1.19 OR BQ.1.20 OR BQ.1.21 OR BQ.1.22 OR BQ.1.23 OR BQ.1.24 OR BQ.1.25 OR BQ.1.25.1 OR BQ.1.26 OR BQ.1.26.1 OR BQ.1.27 OR BQ.1.28 OR BQ.2 OR BR.1 OR BR.1.1 OR BR.1.2 OR BR.2 OR BR.2.1 OR BR.3 OR BR.4 OR BS.1 OR BS.1.1 OR BS.1.2 OR BT.1 OR BT.2 OR BU.1 OR BU.2 OR BU.3 OR BV.1 OR BV.2 OR BW.1 OR BW.1.1 OR BY.1 OR BY.1.1 OR BY.1.1.1 OR BY.1.2 OR BY.1.2.1 OR BZ.1 OR CA.1 OR CA.2 OR CA.3 OR CA.3.1 OR CA.4 OR CA.5 OR CA.6 OR CA.7 OR CB.1 OR CC.1 OR CD.1 OR CD.2 OR CE.1 OR CF.1 OR CG.1 OR CH.1 OR CH.1.1 OR CH.1.1.1 OR CH.1.1.2 OR CH.1.1.3 OR CH.1.1.4 OR CH.1.1.5 OR CH.2 OR CH.3 OR CH.3.1 OR CJ.1 OR CJ.1.1 OR CK.1 OR CK.1.1 OR CK.1.2 OR CK.2 OR CK.2.1 OR CK.2.1.1 OR CK.3 OR CL.1 OR CM.1 OR CM.2 OR CM.2.1 OR CM.3 OR CM.4 OR CM.4.1 OR CM.5 OR CM.5.1 OR CM.5.2 OR CM.6 OR CM.6.1 OR CM.7 OR CM.8 OR CM.8.1 OR CM.9 OR CM.10 OR CM.11 OR CM.12 OR CN.1 OR CN.2 OR CP.1 OR CP.1.1 OR CP.1.2 OR CP.1.3 OR CP.2 OR CP.3 OR CP.4 OR CP.5 OR CP.6 OR CQ.1 OR CQ.1.1 OR CQ.2 OR CR.1 OR CR.1.1 OR CR.1.2 OR CR.1.3 OR CR.2 OR CS.1 OR CT.1 OR CU.1 OR CV.1 OR CV.2 OR CW.1 OR CY.1 OR CZ.1 OR DA.1 OR DB.1 OR DB.2 OR DC.1 OR DD.1 OR DE.1 OR DE.2 OR DF.1 OR DF.1.1 OR DG.1 OR DH.1 OR DJ.1 OR DJ.1.1 OR DJ.1.2 OR DJ.1.3 OR DK.1 OR DL.1 OR DM.1 OR DN.1 OR DN.1.1 OR DP.1 OR DQ.1 OR DR.1 OR DS.1 OR DT.1 OR DU.1 OR DV.1,Omicron,9.21428571428571,8.42857142857143,0.914728682170543
2022-06-09,22,18,14.2857142857143,12.7142857142857,0.89,0.711620428991947,0.992181369269896,B.1.1.529 OR BA.1 OR BA.1.1 OR BA.1.1.1 OR BA.1.1.2 OR BA.1.1.3 OR BA.1.1.4 OR BA.1.1.5 OR BA.1.1.6 OR BA.1.1.7 OR BA.1.1.8 OR BA.1.1.9 OR BA.1.1.10 OR BA.1.1.11 OR BA.1.1.12 OR BA.1.1.13 OR BA.1.1.14 OR BA.1.1.15 OR BA.1.1.16 OR BA.1.1.17 OR BA.1.1.18 OR BA.1.2 OR BA.1.3 OR BA.1.4 OR BA.1.5 OR BA.1.6 OR BA.1.7 OR BA.1.8 OR BA.1.9 OR BA.1.10 OR BA.1.12 OR BA.1.13 OR BA.1.13.1 OR BA.1.14 OR BA.1.14.1 OR BA.1.14.2 OR BA.1.15 OR BA.1.15.1 OR BA.1.15.2 OR BA.1.15.3 OR BA.1.16 OR BA.1.16.1 OR BA.1.16.2 OR BA.1.17 OR BA.1.17.1 OR BA.1.17.2 OR BA.1.18 OR BA.1.19 OR BA.1.20 OR BA.1.21 OR BA.1.21.1 OR BA.1.22 OR BA.1.23 OR BA.1.24 OR BA.2 OR BA.2.1 OR BA.2.2 OR BA.2.2.1 OR BA.2.3 OR BA.2.3.1 OR BA.2.3.2 OR BA.2.3.4 OR BA.2.3.5 OR BA.2.3.6 OR BA.2.3.7 OR BA.2.3.8 OR BA.2.3.9 OR BA.2.3.10 OR BA.2.3.11 OR BA.2.3.12 OR BA.2.3.13 OR BA.2.3.14 OR BA.2.3.15 OR BA.2.3.16 OR BA.2.3.17 OR BA.2.3.18 OR BA.2.3.19 OR BA.2.3.20 OR BA.2.3.21 OR BA.2.3.22 OR BA.2.4 OR BA.2.5 OR BA.2.6 OR BA.2.7 OR BA.2.8 OR BA.2.9 OR BA.2.9.1 OR BA.2.9.2 OR BA.2.9.3 OR BA.2.9.4 OR BA.2.9.5 OR BA.2.9.6 OR BA.2.9.7 OR BA.2.10 OR BA.2.10.1 OR BA.2.10.2 OR BA.2.10.3 OR BA.2.10.4 OR BA.2.11 OR BA.2.12 OR BA.2.12.1 OR BA.2.12.2 OR BA.2.13 OR BA.2.13.1 OR BA.2.14 OR BA.2.15 OR BA.2.16 OR BA.2.17 OR BA.2.18 OR BA.2.19 OR BA.2.20 OR BA.2.21 OR BA.2.22 OR BA.2.23 OR BA.2.23.1 OR BA.2.24 OR BA.2.25 OR BA.2.25.1 OR BA.2.26 OR BA.2.27 OR BA.2.28 OR BA.2.29 OR BA.2.30 OR BA.2.31 OR BA.2.31.1 OR BA.2.32 OR BA.2.33 OR BA.2.34 OR BA.2.35 OR BA.2.36 OR BA.2.37 OR BA.2.38 OR BA.2.38.1 OR BA.2.38.2 OR BA.2.38.3 OR BA.2.38.4 OR BA.2.39 OR BA.2.40 OR BA.2.40.1 OR BA.2.41 OR BA.2.42 OR BA.2.43 OR BA.2.44 OR BA.2.45 OR BA.2.46 OR BA.2.47 OR BA.2.48 OR BA.2.49 OR BA.2.50 OR BA.2.51 OR BA.2.52 OR BA.2.53 OR BA.2.54 OR BA.2.55 OR BA.2.56 OR BA.2.56.1 OR BA.2.57 OR BA.2.58 OR BA.2.59 OR BA.2.60 OR BA.2.61 OR BA.2.62 OR BA.2.63 OR BA.2.64 OR BA.2.65 OR BA.2.66 OR BA.2.67 OR BA.2.68 OR BA.2.69 OR BA.2.70 OR BA.2.71 OR BA.2.72 OR BA.2.73 OR BA.2.74 OR BA.2.75 OR BA.2.75.1 OR BA.2.75.2 OR BA.2.75.3 OR BA.2.75.4 OR BA.2.75.5 OR BA.2.75.6 OR BA.2.75.7 OR BA.2.75.8 OR BA.2.75.9 OR BA.2.75.10 OR BA.2.76 OR BA.2.76.1 OR BA.2.76.2 OR BA.2.77 OR BA.2.78 OR BA.2.79 OR BA.2.79.1 OR BA.2.80 OR BA.2.81 OR BA.2.82 OR BA.2.83 OR BA.2.85 OR BA.3 OR BA.3.1 OR BA.4 OR BA.4.1 OR BA.4.1.1 OR BA.4.1.2 OR BA.4.1.3 OR BA.4.1.4 OR BA.4.1.5 OR BA.4.1.6 OR BA.4.1.7 OR BA.4.1.8 OR BA.4.1.9 OR BA.4.1.10 OR BA.4.2 OR BA.4.3 OR BA.4.4 OR BA.4.5 OR BA.4.6 OR BA.4.6.1 OR BA.4.6.2 OR BA.4.6.3 OR BA.4.6.4 OR BA.4.6.5 OR BA.4.7 OR BA.4.8 OR BA.5 OR BA.5.1 OR BA.5.1.1 OR BA.5.1.2 OR BA.5.1.3 OR BA.5.1.4 OR BA.5.1.5 OR BA.5.1.6 OR BA.5.1.7 OR BA.5.1.8 OR BA.5.1.9 OR BA.5.1.10 OR BA.5.1.11 OR BA.5.1.12 OR BA.5.1.14 OR BA.5.1.15 OR BA.5.1.16 OR BA.5.1.17 OR BA.5.1.18 OR BA.5.1.19 OR BA.5.1.20 OR BA.5.1.21 OR BA.5.1.22 OR BA.5.1.23 OR BA.5.1.24 OR BA.5.1.25 OR BA.5.1.26 OR BA.5.1.27 OR BA.5.1.28 OR BA.5.1.29 OR BA.5.1.30 OR BA.5.1.31 OR BA.5.1.32 OR BA.5.2 OR BA.5.2.1 OR BA.5.2.2 OR BA.5.2.3 OR BA.5.2.4 OR BA.5.2.5 OR BA.5.2.6 OR BA.5.2.7 OR BA.5.2.8 OR BA.5.2.9 OR BA.5.2.10 OR BA.5.2.11 OR BA.5.2.12 OR BA.5.2.13 OR BA.5.2.14 OR BA.5.2.16 OR BA.5.2.18 OR BA.5.2.19 OR BA.5.2.20 OR BA.5.2.21 OR BA.5.2.22 OR BA.5.2.23 OR BA.5.2.24 OR BA.5.2.25 OR BA.5.2.26 OR BA.5.2.27 OR BA.5.2.28 OR BA.5.2.29 OR BA.5.2.30 OR BA.5.2.31 OR BA.5.2.32 OR BA.5.2.33 OR BA.5.2.34 OR BA.5.2.35 OR BA.5.2.36 OR BA.5.2.37 OR BA.5.2.38 OR BA.5.2.39 OR BA.5.2.40 OR BA.5.2.41 OR BA.5.2.42 OR BA.5.2.43 OR BA.5.2.44 OR BA.5.2.45 OR BA.5.2.46 OR BA.5.2.47 OR BA.5.2.48 OR BA.5.2.49 OR BA.5.3 OR BA.5.3.1 OR BA.5.3.2 OR BA.5.3.3 OR BA.5.3.4 OR BA.5.3.5 OR BA.5.5 OR BA.5.5.1 OR BA.5.5.2 OR BA.5.5.3 OR BA.5.6 OR BA.5.6.1 OR BA.5.6.2 OR BA.5.6.3 OR BA.5.6.4 OR BA.5.7 OR BA.5.8 OR BA.5.9 OR BA.5.10 OR BA.5.10.1 OR BA.5.11 OR BC.1 OR BC.2 OR BD.1 OR BE.1 OR BE.1.1 OR BE.1.1.1 OR BE.1.1.2 OR BE.1.2 OR BE.1.2.1 OR BE.1.3 OR BE.1.4 OR BE.1.4.1 OR BE.1.4.2 OR BE.1.4.3 OR BE.1.4.4 OR BE.2 OR BE.3 OR BE.4 OR BE.4.1 OR BE.4.1.1 OR BE.4.2 OR BE.5 OR BE.6 OR BE.7 OR BE.8 OR BE.9 OR BE.10 OR BF.1 OR BF.1.1 OR BF.2 OR BF.3 OR BF.3.1 OR BF.4 OR BF.5 OR BF.5.1 OR BF.5.2 OR BF.6 OR BF.7 OR BF.7.1 OR BF.7.2 OR BF.7.3 OR BF.7.4 OR BF.7.4.1 OR BF.7.4.2 OR BF.7.5 OR BF.7.5.1 OR BF.7.6 OR BF.7.7 OR BF.7.8 OR BF.7.9 OR BF.7.10 OR BF.7.11 OR BF.7.12 OR BF.7.13 OR BF.7.13.1 OR BF.7.13.2 OR BF.7.14 OR BF.7.15 OR BF.8 OR BF.9 OR BF.10 OR BF.10.1 OR BF.11 OR BF.11.1 OR BF.11.2 OR BF.11.3 OR BF.11.4 OR BF.11.5 OR BF.12 OR BF.13 OR BF.14 OR BF.15 OR BF.16 OR BF.17 OR BF.18 OR BF.19 OR BF.20 OR BF.21 OR BF.22 OR BF.23 OR BF.24 OR BF.25 OR BF.26 OR BF.27 OR BF.28 OR BF.29 OR BF.30 OR BF.31 OR BF.31.1 OR BF.32 OR BF.33 OR BF.34 OR BG.1 OR BG.2 OR BG.3 OR BG.4 OR BG.5 OR BG.6 OR BG.7 OR BH.1 OR BJ.1 OR BK.1 OR BL.1 OR BL.1.1 OR BL.1.2 OR BL.1.3 OR BL.1.4 OR BL.2 OR BL.2.1 OR BL.3 OR BL.4 OR BL.5 OR BL.6 OR BM.1 OR BM.1.1 OR BM.1.1.1 OR BM.1.1.2 OR BM.1.1.3 OR BM.1.1.4 OR BM.1.1.5 OR BM.2 OR BM.2.1 OR BM.2.2 OR BM.2.3 OR BM.3 OR BM.4 OR BM.4.1 OR BM.4.1.1 OR BM.5 OR BM.6 OR BN.1 OR BN.1.1 OR BN.1.1.1 OR BN.1.2 OR BN.1.2.1 OR BN.1.3 OR BN.1.3.1 OR BN.1.3.2 OR BN.1.3.3 OR BN.1.3.4 OR BN.1.4 OR BN.1.4.1 OR BN.1.5 OR BN.1.5.1 OR BN.1.6 OR BN.1.7 OR BN.1.8 OR BN.1.9 OR BN.2 OR BN.2.1 OR BN.3 OR BN.3.1 OR BN.4 OR BN.5 OR BN.6 OR BP.1 OR BQ.1 OR BQ.1.1 OR BQ.1.1.1 OR BQ.1.1.2 OR BQ.1.1.3 OR BQ.1.1.4 OR BQ.1.1.5 OR BQ.1.1.6 OR BQ.1.1.7 OR BQ.1.1.8 OR BQ.1.1.9 OR BQ.1.1.10 OR BQ.1.1.11 OR BQ.1.1.12 OR BQ.1.1.13 OR BQ.1.1.14 OR BQ.1.1.15 OR BQ.1.1.16 OR BQ.1.1.17 OR BQ.1.1.18 OR BQ.1.1.19 OR BQ.1.1.20 OR BQ.1.1.21 OR BQ.1.1.22 OR BQ.1.1.23 OR BQ.1.1.24 OR BQ.1.1.25 OR BQ.1.1.26 OR BQ.1.1.27 OR BQ.1.1.28 OR BQ.1.1.29 OR BQ.1.1.30 OR BQ.1.1.31 OR BQ.1.1.32 OR BQ.1.1.34 OR BQ.1.1.35 OR BQ.1.1.36 OR BQ.1.2 OR BQ.1.3 OR BQ.1.4 OR BQ.1.5 OR BQ.1.6 OR BQ.1.7 OR BQ.1.8 OR BQ.1.8.1 OR BQ.1.8.2 OR BQ.1.9 OR BQ.1.10 OR BQ.1.10.1 OR BQ.1.11 OR BQ.1.12 OR BQ.1.13 OR BQ.1.13.1 OR BQ.1.14 OR BQ.1.15 OR BQ.1.16 OR BQ.1.17 OR BQ.1.18 OR BQ.1.19 OR BQ.1.20 OR BQ.1.21 OR BQ.1.22 OR BQ.1.23 OR BQ.1.24 OR BQ.1.25 OR BQ.1.25.1 OR BQ.1.26 OR BQ.1.26.1 OR BQ.1.27 OR BQ.1.28 OR BQ.2 OR BR.1 OR BR.1.1 OR BR.1.2 OR BR.2 OR BR.2.1 OR BR.3 OR BR.4 OR BS.1 OR BS.1.1 OR BS.1.2 OR BT.1 OR BT.2 OR BU.1 OR BU.2 OR BU.3 OR BV.1 OR BV.2 OR BW.1 OR BW.1.1 OR BY.1 OR BY.1.1 OR BY.1.1.1 OR BY.1.2 OR BY.1.2.1 OR BZ.1 OR CA.1 OR CA.2 OR CA.3 OR CA.3.1 OR CA.4 OR CA.5 OR CA.6 OR CA.7 OR CB.1 OR CC.1 OR CD.1 OR CD.2 OR CE.1 OR CF.1 OR CG.1 OR CH.1 OR CH.1.1 OR CH.1.1.1 OR CH.1.1.2 OR CH.1.1.3 OR CH.1.1.4 OR CH.1.1.5 OR CH.2 OR CH.3 OR CH.3.1 OR CJ.1 OR CJ.1.1 OR CK.1 OR CK.1.1 OR CK.1.2 OR CK.2 OR CK.2.1 OR CK.2.1.1 OR CK.3 OR CL.1 OR CM.1 OR CM.2 OR CM.2.1 OR CM.3 OR CM.4 OR CM.4.1 OR CM.5 OR CM.5.1 OR CM.5.2 OR CM.6 OR CM.6.1 OR CM.7 OR CM.8 OR CM.8.1 OR CM.9 OR CM.10 OR CM.11 OR CM.12 OR CN.1 OR CN.2 OR CP.1 OR CP.1.1 OR CP.1.2 OR CP.1.3 OR CP.2 OR CP.3 OR CP.4 OR CP.5 OR CP.6 OR CQ.1 OR CQ.1.1 OR CQ.2 OR CR.1 OR CR.1.1 OR CR.1.2 OR CR.1.3 OR CR.2 OR CS.1 OR CT.1 OR CU.1 OR CV.1 OR CV.2 OR CW.1 OR CY.1 OR CZ.1 OR DA.1 OR DB.1 OR DB.2 OR DC.1 OR DD.1 OR DE.1 OR DE.2 OR DF.1 OR DF.1.1 OR DG.1 OR DH.1 OR DJ.1 OR DJ.1.1 OR DJ.1.2 OR DJ.1.3 OR DK.1 OR DL.1 OR DM.1 OR DN.1 OR DN.1.1 OR DP.1 OR DQ.1 OR DR.1 OR DS.1 OR DT.1 OR DU.1 OR DV.1,Omicron,10.6428571428571,9.57142857142857,0.899328859060403
2022-06-10,14,14,13.4285714285714,12,0.893617021276596,0.692850510293305,0.991570341687786,B.1.1.529 OR BA.1 OR BA.1.1 OR BA.1.1.1 OR BA.1.1.2 OR BA.1.1.3 OR BA.1.1.4 OR BA.1.1.5 OR BA.1.1.6 OR BA.1.1.7 OR BA.1.1.8 OR BA.1.1.9 OR BA.1.1.10 OR BA.1.1.11 OR BA.1.1.12 OR BA.1.1.13 OR BA.1.1.14 OR BA.1.1.15 OR BA.1.1.16 OR BA.1.1.17 OR BA.1.1.18 OR BA.1.2 OR BA.1.3 OR BA.1.4 OR BA.1.5 OR BA.1.6 OR BA.1.7 OR BA.1.8 OR BA.1.9 OR BA.1.10 OR BA.1.12 OR BA.1.13 OR BA.1.13.1 OR BA.1.14 OR BA.1.14.1 OR BA.1.14.2 OR BA.1.15 OR BA.1.15.1 OR BA.1.15.2 OR BA.1.15.3 OR BA.1.16 OR BA.1.16.1 OR BA.1.16.2 OR BA.1.17 OR BA.1.17.1 OR BA.1.17.2 OR BA.1.18 OR BA.1.19 OR BA.1.20 OR BA.1.21 OR BA.1.21.1 OR BA.1.22 OR BA.1.23 OR BA.1.24 OR BA.2 OR BA.2.1 OR BA.2.2 OR BA.2.2.1 OR BA.2.3 OR BA.2.3.1 OR BA.2.3.2 OR BA.2.3.4 OR BA.2.3.5 OR BA.2.3.6 OR BA.2.3.7 OR BA.2.3.8 OR BA.2.3.9 OR BA.2.3.10 OR BA.2.3.11 OR BA.2.3.12 OR BA.2.3.13 OR BA.2.3.14 OR BA.2.3.15 OR BA.2.3.16 OR BA.2.3.17 OR BA.2.3.18 OR BA.2.3.19 OR BA.2.3.20 OR BA.2.3.21 OR BA.2.3.22 OR BA.2.4 OR BA.2.5 OR BA.2.6 OR BA.2.7 OR BA.2.8 OR BA.2.9 OR BA.2.9.1 OR BA.2.9.2 OR BA.2.9.3 OR BA.2.9.4 OR BA.2.9.5 OR BA.2.9.6 OR BA.2.9.7 OR BA.2.10 OR BA.2.10.1 OR BA.2.10.2 OR BA.2.10.3 OR BA.2.10.4 OR BA.2.11 OR BA.2.12 OR BA.2.12.1 OR BA.2.12.2 OR BA.2.13 OR BA.2.13.1 OR BA.2.14 OR BA.2.15 OR BA.2.16 OR BA.2.17 OR BA.2.18 OR BA.2.19 OR BA.2.20 OR BA.2.21 OR BA.2.22 OR BA.2.23 OR BA.2.23.1 OR BA.2.24 OR BA.2.25 OR BA.2.25.1 OR BA.2.26 OR BA.2.27 OR BA.2.28 OR BA.2.29 OR BA.2.30 OR BA.2.31 OR BA.2.31.1 OR BA.2.32 OR BA.2.33 OR BA.2.34 OR BA.2.35 OR BA.2.36 OR BA.2.37 OR BA.2.38 OR BA.2.38.1 OR BA.2.38.2 OR BA.2.38.3 OR BA.2.38.4 OR BA.2.39 OR BA.2.40 OR BA.2.40.1 OR BA.2.41 OR BA.2.42 OR BA.2.43 OR BA.2.44 OR BA.2.45 OR BA.2.46 OR BA.2.47 OR BA.2.48 OR BA.2.49 OR BA.2.50 OR BA.2.51 OR BA.2.52 OR BA.2.53 OR BA.2.54 OR BA.2.55 OR BA.2.56 OR BA.2.56.1 OR BA.2.57 OR BA.2.58 OR BA.2.59 OR BA.2.60 OR BA.2.61 OR BA.2.62 OR BA.2.63 OR BA.2.64 OR BA.2.65 OR BA.2.66 OR BA.2.67 OR BA.2.68 OR BA.2.69 OR BA.2.70 OR BA.2.71 OR BA.2.72 OR BA.2.73 OR BA.2.74 OR BA.2.75 OR BA.2.75.1 OR BA.2.75.2 OR BA.2.75.3 OR BA.2.75.4 OR BA.2.75.5 OR BA.2.75.6 OR BA.2.75.7 OR BA.2.75.8 OR BA.2.75.9 OR BA.2.75.10 OR BA.2.76 OR BA.2.76.1 OR BA.2.76.2 OR BA.2.77 OR BA.2.78 OR BA.2.79 OR BA.2.79.1 OR BA.2.80 OR BA.2.81 OR BA.2.82 OR BA.2.83 OR BA.2.85 OR BA.3 OR BA.3.1 OR BA.4 OR BA.4.1 OR BA.4.1.1 OR BA.4.1.2 OR BA.4.1.3 OR BA.4.1.4 OR BA.4.1.5 OR BA.4.1.6 OR BA.4.1.7 OR BA.4.1.8 OR BA.4.1.9 OR BA.4.1.10 OR BA.4.2 OR BA.4.3 OR BA.4.4 OR BA.4.5 OR BA.4.6 OR BA.4.6.1 OR BA.4.6.2 OR BA.4.6.3 OR BA.4.6.4 OR BA.4.6.5 OR BA.4.7 OR BA.4.8 OR BA.5 OR BA.5.1 OR BA.5.1.1 OR BA.5.1.2 OR BA.5.1.3 OR BA.5.1.4 OR BA.5.1.5 OR BA.5.1.6 OR BA.5.1.7 OR BA.5.1.8 OR BA.5.1.9 OR BA.5.1.10 OR BA.5.1.11 OR BA.5.1.12 OR BA.5.1.14 OR BA.5.1.15 OR BA.5.1.16 OR BA.5.1.17 OR BA.5.1.18 OR BA.5.1.19 OR BA.5.1.20 OR BA.5.1.21 OR BA.5.1.22 OR BA.5.1.23 OR BA.5.1.24 OR BA.5.1.25 OR BA.5.1.26 OR BA.5.1.27 OR BA.5.1.28 OR BA.5.1.29 OR BA.5.1.30 OR BA.5.1.31 OR BA.5.1.32 OR BA.5.2 OR BA.5.2.1 OR BA.5.2.2 OR BA.5.2.3 OR BA.5.2.4 OR BA.5.2.5 OR BA.5.2.6 OR BA.5.2.7 OR BA.5.2.8 OR BA.5.2.9 OR BA.5.2.10 OR BA.5.2.11 OR BA.5.2.12 OR BA.5.2.13 OR BA.5.2.14 OR BA.5.2.16 OR BA.5.2.18 OR BA.5.2.19 OR BA.5.2.20 OR BA.5.2.21 OR BA.5.2.22 OR BA.5.2.23 OR BA.5.2.24 OR BA.5.2.25 OR BA.5.2.26 OR BA.5.2.27 OR BA.5.2.28 OR BA.5.2.29 OR BA.5.2.30 OR BA.5.2.31 OR BA.5.2.32 OR BA.5.2.33 OR BA.5.2.34 OR BA.5.2.35 OR BA.5.2.36 OR BA.5.2.37 OR BA.5.2.38 OR BA.5.2.39 OR BA.5.2.40 OR BA.5.2.41 OR BA.5.2.42 OR BA.5.2.43 OR BA.5.2.44 OR BA.5.2.45 OR BA.5.2.46 OR BA.5.2.47 OR BA.5.2.48 OR BA.5.2.49 OR BA.5.3 OR BA.5.3.1 OR BA.5.3.2 OR BA.5.3.3 OR BA.5.3.4 OR BA.5.3.5 OR BA.5.5 OR BA.5.5.1 OR BA.5.5.2 OR BA.5.5.3 OR BA.5.6 OR BA.5.6.1 OR BA.5.6.2 OR BA.5.6.3 OR BA.5.6.4 OR BA.5.7 OR BA.5.8 OR BA.5.9 OR BA.5.10 OR BA.5.10.1 OR BA.5.11 OR BC.1 OR BC.2 OR BD.1 OR BE.1 OR BE.1.1 OR BE.1.1.1 OR BE.1.1.2 OR BE.1.2 OR BE.1.2.1 OR BE.1.3 OR BE.1.4 OR BE.1.4.1 OR BE.1.4.2 OR BE.1.4.3 OR BE.1.4.4 OR BE.2 OR BE.3 OR BE.4 OR BE.4.1 OR BE.4.1.1 OR BE.4.2 OR BE.5 OR BE.6 OR BE.7 OR BE.8 OR BE.9 OR BE.10 OR BF.1 OR BF.1.1 OR BF.2 OR BF.3 OR BF.3.1 OR BF.4 OR BF.5 OR BF.5.1 OR BF.5.2 OR BF.6 OR BF.7 OR BF.7.1 OR BF.7.2 OR BF.7.3 OR BF.7.4 OR BF.7.4.1 OR BF.7.4.2 OR BF.7.5 OR BF.7.5.1 OR BF.7.6 OR BF.7.7 OR BF.7.8 OR BF.7.9 OR BF.7.10 OR BF.7.11 OR BF.7.12 OR BF.7.13 OR BF.7.13.1 OR BF.7.13.2 OR BF.7.14 OR BF.7.15 OR BF.8 OR BF.9 OR BF.10 OR BF.10.1 OR BF.11 OR BF.11.1 OR BF.11.2 OR BF.11.3 OR BF.11.4 OR BF.11.5 OR BF.12 OR BF.13 OR BF.14 OR BF.15 OR BF.16 OR BF.17 OR BF.18 OR BF.19 OR BF.20 OR BF.21 OR BF.22 OR BF.23 OR BF.24 OR BF.25 OR BF.26 OR BF.27 OR BF.28 OR BF.29 OR BF.30 OR BF.31 OR BF.31.1 OR BF.32 OR BF.33 OR BF.34 OR BG.1 OR BG.2 OR BG.3 OR BG.4 OR BG.5 OR BG.6 OR BG.7 OR BH.1 OR BJ.1 OR BK.1 OR BL.1 OR BL.1.1 OR BL.1.2 OR BL.1.3 OR BL.1.4 OR BL.2 OR BL.2.1 OR BL.3 OR BL.4 OR BL.5 OR BL.6 OR BM.1 OR BM.1.1 OR BM.1.1.1 OR BM.1.1.2 OR BM.1.1.3 OR BM.1.1.4 OR BM.1.1.5 OR BM.2 OR BM.2.1 OR BM.2.2 OR BM.2.3 OR BM.3 OR BM.4 OR BM.4.1 OR BM.4.1.1 OR BM.5 OR BM.6 OR BN.1 OR BN.1.1 OR BN.1.1.1 OR BN.1.2 OR BN.1.2.1 OR BN.1.3 OR BN.1.3.1 OR BN.1.3.2 OR BN.1.3.3 OR BN.1.3.4 OR BN.1.4 OR BN.1.4.1 OR BN.1.5 OR BN.1.5.1 OR BN.1.6 OR BN.1.7 OR BN.1.8 OR BN.1.9 OR BN.2 OR BN.2.1 OR BN.3 OR BN.3.1 OR BN.4 OR BN.5 OR BN.6 OR BP.1 OR BQ.1 OR BQ.1.1 OR BQ.1.1.1 OR BQ.1.1.2 OR BQ.1.1.3 OR BQ.1.1.4 OR BQ.1.1.5 OR BQ.1.1.6 OR BQ.1.1.7 OR BQ.1.1.8 OR BQ.1.1.9 OR BQ.1.1.10 OR BQ.1.1.11 OR BQ.1.1.12 OR BQ.1.1.13 OR BQ.1.1.14 OR BQ.1.1.15 OR BQ.1.1.16 OR BQ.1.1.17 OR BQ.1.1.18 OR BQ.1.1.19 OR BQ.1.1.20 OR BQ.1.1.21 OR BQ.1.1.22 OR BQ.1.1.23 OR BQ.1.1.24 OR BQ.1.1.25 OR BQ.1.1.26 OR BQ.1.1.27 OR BQ.1.1.28 OR BQ.1.1.29 OR BQ.1.1.30 OR BQ.1.1.31 OR BQ.1.1.32 OR BQ.1.1.34 OR BQ.1.1.35 OR BQ.1.1.36 OR BQ.1.2 OR BQ.1.3 OR BQ.1.4 OR BQ.1.5 OR BQ.1.6 OR BQ.1.7 OR BQ.1.8 OR BQ.1.8.1 OR BQ.1.8.2 OR BQ.1.9 OR BQ.1.10 OR BQ.1.10.1 OR BQ.1.11 OR BQ.1.12 OR BQ.1.13 OR BQ.1.13.1 OR BQ.1.14 OR BQ.1.15 OR BQ.1.16 OR BQ.1.17 OR BQ.1.18 OR BQ.1.19 OR BQ.1.20 OR BQ.1.21 OR BQ.1.22 OR BQ.1.23 OR BQ.1.24 OR BQ.1.25 OR BQ.1.25.1 OR BQ.1.26 OR BQ.1.26.1 OR BQ.1.27 OR BQ.1.28 OR BQ.2 OR BR.1 OR BR.1.1 OR BR.1.2 OR BR.2 OR BR.2.1 OR BR.3 OR BR.4 OR BS.1 OR BS.1.1 OR BS.1.2 OR BT.1 OR BT.2 OR BU.1 OR BU.2 OR BU.3 OR BV.1 OR BV.2 OR BW.1 OR BW.1.1 OR BY.1 OR BY.1.1 OR BY.1.1.1 OR BY.1.2 OR BY.1.2.1 OR BZ.1 OR CA.1 OR CA.2 OR CA.3 OR CA.3.1 OR CA.4 OR CA.5 OR CA.6 OR CA.7 OR CB.1 OR CC.1 OR CD.1 OR CD.2 OR CE.1 OR CF.1 OR CG.1 OR CH.1 OR CH.1.1 OR CH.1.1.1 OR CH.1.1.2 OR CH.1.1.3 OR CH.1.1.4 OR CH.1.1.5 OR CH.2 OR CH.3 OR CH.3.1 OR CJ.1 OR CJ.1.1 OR CK.1 OR CK.1.1 OR CK.1.2 OR CK.2 OR CK.2.1 OR CK.2.1.1 OR CK.3 OR CL.1 OR CM.1 OR CM.2 OR CM.2.1 OR CM.3 OR CM.4 OR CM.4.1 OR CM.5 OR CM.5.1 OR CM.5.2 OR CM.6 OR CM.6.1 OR CM.7 OR CM.8 OR CM.8.1 OR CM.9 OR CM.10 OR CM.11 OR CM.12 OR CN.1 OR CN.2 OR CP.1 OR CP.1.1 OR CP.1.2 OR CP.1.3 OR CP.2 OR CP.3 OR CP.4 OR CP.5 OR CP.6 OR CQ.1 OR CQ.1.1 OR CQ.2 OR CR.1 OR CR.1.1 OR CR.1.2 OR CR.1.3 OR CR.2 OR CS.1 OR CT.1 OR CU.1 OR CV.1 OR CV.2 OR CW.1 OR CY.1 OR CZ.1 OR DA.1 OR DB.1 OR DB.2 OR DC.1 OR DD.1 OR DE.1 OR DE.2 OR DF.1 OR DF.1.1 OR DG.1 OR DH.1 OR DJ.1 OR DJ.1.1 OR DJ.1.2 OR DJ.1.3 OR DK.1 OR DL.1 OR DM.1 OR DN.1 OR DN.1.1 OR DP.1 OR DQ.1 OR DR.1 OR DS.1 OR DT.1 OR DU.1 OR DV.1,Omicron,11.2142857142857,10.2857142857143,0.9171974522293
2022-06-11,7,4,13.5714285714286,11.8571428571429,0.873684210526316,0.615105680392638,0.969077872465246,B.1.1.529 OR BA.1 OR BA.1.1 OR BA.1.1.1 OR BA.1.1.2 OR BA.1.1.3 OR BA.1.1.4 OR BA.1.1.5 OR BA.1.1.6 OR BA.1.1.7 OR BA.1.1.8 OR BA.1.1.9 OR BA.1.1.10 OR BA.1.1.11 OR BA.1.1.12 OR BA.1.1.13 OR BA.1.1.14 OR BA.1.1.15 OR BA.1.1.16 OR BA.1.1.17 OR BA.1.1.18 OR BA.1.2 OR BA.1.3 OR BA.1.4 OR BA.1.5 OR BA.1.6 OR BA.1.7 OR BA.1.8 OR BA.1.9 OR BA.1.10 OR BA.1.12 OR BA.1.13 OR BA.1.13.1 OR BA.1.14 OR BA.1.14.1 OR BA.1.14.2 OR BA.1.15 OR BA.1.15.1 OR BA.1.15.2 OR BA.1.15.3 OR BA.1.16 OR BA.1.16.1 OR BA.1.16.2 OR BA.1.17 OR BA.1.17.1 OR BA.1.17.2 OR BA.1.18 OR BA.1.19 OR BA.1.20 OR BA.1.21 OR BA.1.21.1 OR BA.1.22 OR BA.1.23 OR BA.1.24 OR BA.2 OR BA.2.1 OR BA.2.2 OR BA.2.2.1 OR BA.2.3 OR BA.2.3.1 OR BA.2.3.2 OR BA.2.3.4 OR BA.2.3.5 OR BA.2.3.6 OR BA.2.3.7 OR BA.2.3.8 OR BA.2.3.9 OR BA.2.3.10 OR BA.2.3.11 OR BA.2.3.12 OR BA.2.3.13 OR BA.2.3.14 OR BA.2.3.15 OR BA.2.3.16 OR BA.2.3.17 OR BA.2.3.18 OR BA.2.3.19 OR BA.2.3.20 OR BA.2.3.21 OR BA.2.3.22 OR BA.2.4 OR BA.2.5 OR BA.2.6 OR BA.2.7 OR BA.2.8 OR BA.2.9 OR BA.2.9.1 OR BA.2.9.2 OR BA.2.9.3 OR BA.2.9.4 OR BA.2.9.5 OR BA.2.9.6 OR BA.2.9.7 OR BA.2.10 OR BA.2.10.1 OR BA.2.10.2 OR BA.2.10.3 OR BA.2.10.4 OR BA.2.11 OR BA.2.12 OR BA.2.12.1 OR BA.2.12.2 OR BA.2.13 OR BA.2.13.1 OR BA.2.14 OR BA.2.15 OR BA.2.16 OR BA.2.17 OR BA.2.18 OR BA.2.19 OR BA.2.20 OR BA.2.21 OR BA.2.22 OR BA.2.23 OR BA.2.23.1 OR BA.2.24 OR BA.2.25 OR BA.2.25.1 OR BA.2.26 OR BA.2.27 OR BA.2.28 OR BA.2.29 OR BA.2.30 OR BA.2.31 OR BA.2.31.1 OR BA.2.32 OR BA.2.33 OR BA.2.34 OR BA.2.35 OR BA.2.36 OR BA.2.37 OR BA.2.38 OR BA.2.38.1 OR BA.2.38.2 OR BA.2.38.3 OR BA.2.38.4 OR BA.2.39 OR BA.2.40 OR BA.2.40.1 OR BA.2.41 OR BA.2.42 OR BA.2.43 OR BA.2.44 OR BA.2.45 OR BA.2.46 OR BA.2.47 OR BA.2.48 OR BA.2.49 OR BA.2.50 OR BA.2.51 OR BA.2.52 OR BA.2.53 OR BA.2.54 OR BA.2.55 OR BA.2.56 OR BA.2.56.1 OR BA.2.57 OR BA.2.58 OR BA.2.59 OR BA.2.60 OR BA.2.61 OR BA.2.62 OR BA.2.63 OR BA.2.64 OR BA.2.65 OR BA.2.66 OR BA.2.67 OR BA.2.68 OR BA.2.69 OR BA.2.70 OR BA.2.71 OR BA.2.72 OR BA.2.73 OR BA.2.74 OR BA.2.75 OR BA.2.75.1 OR BA.2.75.2 OR BA.2.75.3 OR BA.2.75.4 OR BA.2.75.5 OR BA.2.75.6 OR BA.2.75.7 OR BA.2.75.8 OR BA.2.75.9 OR BA.2.75.10 OR BA.2.76 OR BA.2.76.1 OR BA.2.76.2 OR BA.2.77 OR BA.2.78 OR BA.2.79 OR BA.2.79.1 OR BA.2.80 OR BA.2.81 OR BA.2.82 OR BA.2.83 OR BA.2.85 OR BA.3 OR BA.3.1 OR BA.4 OR BA.4.1 OR BA.4.1.1 OR BA.4.1.2 OR BA.4.1.3 OR BA.4.1.4 OR BA.4.1.5 OR BA.4.1.6 OR BA.4.1.7 OR BA.4.1.8 OR BA.4.1.9 OR BA.4.1.10 OR BA.4.2 OR BA.4.3 OR BA.4.4 OR BA.4.5 OR BA.4.6 OR BA.4.6.1 OR BA.4.6.2 OR BA.4.6.3 OR BA.4.6.4 OR BA.4.6.5 OR BA.4.7 OR BA.4.8 OR BA.5 OR BA.5.1 OR BA.5.1.1 OR BA.5.1.2 OR BA.5.1.3 OR BA.5.1.4 OR BA.5.1.5 OR BA.5.1.6 OR BA.5.1.7 OR BA.5.1.8 OR BA.5.1.9 OR BA.5.1.10 OR BA.5.1.11 OR BA.5.1.12 OR BA.5.1.14 OR BA.5.1.15 OR BA.5.1.16 OR BA.5.1.17 OR BA.5.1.18 OR BA.5.1.19 OR BA.5.1.20 OR BA.5.1.21 OR BA.5.1.22 OR BA.5.1.23 OR BA.5.1.24 OR BA.5.1.25 OR BA.5.1.26 OR BA.5.1.27 OR BA.5.1.28 OR BA.5.1.29 OR BA.5.1.30 OR BA.5.1.31 OR BA.5.1.32 OR BA.5.2 OR BA.5.2.1 OR BA.5.2.2 OR BA.5.2.3 OR BA.5.2.4 OR BA.5.2.5 OR BA.5.2.6 OR BA.5.2.7 OR BA.5.2.8 OR BA.5.2.9 OR BA.5.2.10 OR BA.5.2.11 OR BA.5.2.12 OR BA.5.2.13 OR BA.5.2.14 OR BA.5.2.16 OR BA.5.2.18 OR BA.5.2.19 OR BA.5.2.20 OR BA.5.2.21 OR BA.5.2.22 OR BA.5.2.23 OR BA.5.2.24 OR BA.5.2.25 OR BA.5.2.26 OR BA.5.2.27 OR BA.5.2.28 OR BA.5.2.29 OR BA.5.2.30 OR BA.5.2.31 OR BA.5.2.32 OR BA.5.2.33 OR BA.5.2.34 OR BA.5.2.35 OR BA.5.2.36 OR BA.5.2.37 OR BA.5.2.38 OR BA.5.2.39 OR BA.5.2.40 OR BA.5.2.41 OR BA.5.2.42 OR BA.5.2.43 OR BA.5.2.44 OR BA.5.2.45 OR BA.5.2.46 OR BA.5.2.47 OR BA.5.2.48 OR BA.5.2.49 OR BA.5.3 OR BA.5.3.1 OR BA.5.3.2 OR BA.5.3.3 OR BA.5.3.4 OR BA.5.3.5 OR BA.5.5 OR BA.5.5.1 OR BA.5.5.2 OR BA.5.5.3 OR BA.5.6 OR BA.5.6.1 OR BA.5.6.2 OR BA.5.6.3 OR BA.5.6.4 OR BA.5.7 OR BA.5.8 OR BA.5.9 OR BA.5.10 OR BA.5.10.1 OR BA.5.11 OR BC.1 OR BC.2 OR BD.1 OR BE.1 OR BE.1.1 OR BE.1.1.1 OR BE.1.1.2 OR BE.1.2 OR BE.1.2.1 OR BE.1.3 OR BE.1.4 OR BE.1.4.1 OR BE.1.4.2 OR BE.1.4.3 OR BE.1.4.4 OR BE.2 OR BE.3 OR BE.4 OR BE.4.1 OR BE.4.1.1 OR BE.4.2 OR BE.5 OR BE.6 OR BE.7 OR BE.8 OR BE.9 OR BE.10 OR BF.1 OR BF.1.1 OR BF.2 OR BF.3 OR BF.3.1 OR BF.4 OR BF.5 OR BF.5.1 OR BF.5.2 OR BF.6 OR BF.7 OR BF.7.1 OR BF.7.2 OR BF.7.3 OR BF.7.4 OR BF.7.4.1 OR BF.7.4.2 OR BF.7.5 OR BF.7.5.1 OR BF.7.6 OR BF.7.7 OR BF.7.8 OR BF.7.9 OR BF.7.10 OR BF.7.11 OR BF.7.12 OR BF.7.13 OR BF.7.13.1 OR BF.7.13.2 OR BF.7.14 OR BF.7.15 OR BF.8 OR BF.9 OR BF.10 OR BF.10.1 OR BF.11 OR BF.11.1 OR BF.11.2 OR BF.11.3 OR BF.11.4 OR BF.11.5 OR BF.12 OR BF.13 OR BF.14 OR BF.15 OR BF.16 OR BF.17 OR BF.18 OR BF.19 OR BF.20 OR BF.21 OR BF.22 OR BF.23 OR BF.24 OR BF.25 OR BF.26 OR BF.27 OR BF.28 OR BF.29 OR BF.30 OR BF.31 OR BF.31.1 OR BF.32 OR BF.33 OR BF.34 OR BG.1 OR BG.2 OR BG.3 OR BG.4 OR BG.5 OR BG.6 OR BG.7 OR BH.1 OR BJ.1 OR BK.1 OR BL.1 OR BL.1.1 OR BL.1.2 OR BL.1.3 OR BL.1.4 OR BL.2 OR BL.2.1 OR BL.3 OR BL.4 OR BL.5 OR BL.6 OR BM.1 OR BM.1.1 OR BM.1.1.1 OR BM.1.1.2 OR BM.1.1.3 OR BM.1.1.4 OR BM.1.1.5 OR BM.2 OR BM.2.1 OR BM.2.2 OR BM.2.3 OR BM.3 OR BM.4 OR BM.4.1 OR BM.4.1.1 OR BM.5 OR BM.6 OR BN.1 OR BN.1.1 OR BN.1.1.1 OR BN.1.2 OR BN.1.2.1 OR BN.1.3 OR BN.1.3.1 OR BN.1.3.2 OR BN.1.3.3 OR BN.1.3.4 OR BN.1.4 OR BN.1.4.1 OR BN.1.5 OR BN.1.5.1 OR BN.1.6 OR BN.1.7 OR BN.1.8 OR BN.1.9 OR BN.2 OR BN.2.1 OR BN.3 OR BN.3.1 OR BN.4 OR BN.5 OR BN.6 OR BP.1 OR BQ.1 OR BQ.1.1 OR BQ.1.1.1 OR BQ.1.1.2 OR BQ.1.1.3 OR BQ.1.1.4 OR BQ.1.1.5 OR BQ.1.1.6 OR BQ.1.1.7 OR BQ.1.1.8 OR BQ.1.1.9 OR BQ.1.1.10 OR BQ.1.1.11 OR BQ.1.1.12 OR BQ.1.1.13 OR BQ.1.1.14 OR BQ.1.1.15 OR BQ.1.1.16 OR BQ.1.1.17 OR BQ.1.1.18 OR BQ.1.1.19 OR BQ.1.1.20 OR BQ.1.1.21 OR BQ.1.1.22 OR BQ.1.1.23 OR BQ.1.1.24 OR BQ.1.1.25 OR BQ.1.1.26 OR BQ.1.1.27 OR BQ.1.1.28 OR BQ.1.1.29 OR BQ.1.1.30 OR BQ.1.1.31 OR BQ.1.1.32 OR BQ.1.1.34 OR BQ.1.1.35 OR BQ.1.1.36 OR BQ.1.2 OR BQ.1.3 OR BQ.1.4 OR BQ.1.5 OR BQ.1.6 OR BQ.1.7 OR BQ.1.8 OR BQ.1.8.1 OR BQ.1.8.2 OR BQ.1.9 OR BQ.1.10 OR BQ.1.10.1 OR BQ.1.11 OR BQ.1.12 OR BQ.1.13 OR BQ.1.13.1 OR BQ.1.14 OR BQ.1.15 OR BQ.1.16 OR BQ.1.17 OR BQ.1.18 OR BQ.1.19 OR BQ.1.20 OR BQ.1.21 OR BQ.1.22 OR BQ.1.23 OR BQ.1.24 OR BQ.1.25 OR BQ.1.25.1 OR BQ.1.26 OR BQ.1.26.1 OR BQ.1.27 OR BQ.1.28 OR BQ.2 OR BR.1 OR BR.1.1 OR BR.1.2 OR BR.2 OR BR.2.1 OR BR.3 OR BR.4 OR BS.1 OR BS.1.1 OR BS.1.2 OR BT.1 OR BT.2 OR BU.1 OR BU.2 OR BU.3 OR BV.1 OR BV.2 OR BW.1 OR BW.1.1 OR BY.1 OR BY.1.1 OR BY.1.1.1 OR BY.1.2 OR BY.1.2.1 OR BZ.1 OR CA.1 OR CA.2 OR CA.3 OR CA.3.1 OR CA.4 OR CA.5 OR CA.6 OR CA.7 OR CB.1 OR CC.1 OR CD.1 OR CD.2 OR CE.1 OR CF.1 OR CG.1 OR CH.1 OR CH.1.1 OR CH.1.1.1 OR CH.1.1.2 OR CH.1.1.3 OR CH.1.1.4 OR CH.1.1.5 OR CH.2 OR CH.3 OR CH.3.1 OR CJ.1 OR CJ.1.1 OR CK.1 OR CK.1.1 OR CK.1.2 OR CK.2 OR CK.2.1 OR CK.2.1.1 OR CK.3 OR CL.1 OR CM.1 OR CM.2 OR CM.2.1 OR CM.3 OR CM.4 OR CM.4.1 OR CM.5 OR CM.5.1 OR CM.5.2 OR CM.6 OR CM.6.1 OR CM.7 OR CM.8 OR CM.8.1 OR CM.9 OR CM.10 OR CM.11 OR CM.12 OR CN.1 OR CN.2 OR CP.1 OR CP.1.1 OR CP.1.2 OR CP.1.3 OR CP.2 OR CP.3 OR CP.4 OR CP.5 OR CP.6 OR CQ.1 OR CQ.1.1 OR CQ.2 OR CR.1 OR CR.1.1 OR CR.1.2 OR CR.1.3 OR CR.2 OR CS.1 OR CT.1 OR CU.1 OR CV.1 OR CV.2 OR CW.1 OR CY.1 OR CZ.1 OR DA.1 OR DB.1 OR DB.2 OR DC.1 OR DD.1 OR DE.1 OR DE.2 OR DF.1 OR DF.1.1 OR DG.1 OR DH.1 OR DJ.1 OR DJ.1.1 OR DJ.1.2 OR DJ.1.3 OR DK.1 OR DL.1 OR DM.1 OR DN.1 OR DN.1.1 OR DP.1 OR DQ.1 OR DR.1 OR DS.1 OR DT.1 OR DU.1 OR DV.1,Omicron,11.4285714285714,10.2857142857143,0.9
2022-06-12,6,5,13.5714285714286,11.7142857142857,0.863157894736842,0.615105680392638,0.969077872465246,B.1.1.529 OR BA.1 OR BA.1.1 OR BA.1.1.1 OR BA.1.1.2 OR BA.1.1.3 OR BA.1.1.4 OR BA.1.1.5 OR BA.1.1.6 OR BA.1.1.7 OR BA.1.1.8 OR BA.1.1.9 OR BA.1.1.10 OR BA.1.1.11 OR BA.1.1.12 OR BA.1.1.13 OR BA.1.1.14 OR BA.1.1.15 OR BA.1.1.16 OR BA.1.1.17 OR BA.1.1.18 OR BA.1.2 OR BA.1.3 OR BA.1.4 OR BA.1.5 OR BA.1.6 OR BA.1.7 OR BA.1.8 OR BA.1.9 OR BA.1.10 OR BA.1.12 OR BA.1.13 OR BA.1.13.1 OR BA.1.14 OR BA.1.14.1 OR BA.1.14.2 OR BA.1.15 OR BA.1.15.1 OR BA.1.15.2 OR BA.1.15.3 OR BA.1.16 OR BA.1.16.1 OR BA.1.16.2 OR BA.1.17 OR BA.1.17.1 OR BA.1.17.2 OR BA.1.18 OR BA.1.19 OR BA.1.20 OR BA.1.21 OR BA.1.21.1 OR BA.1.22 OR BA.1.23 OR BA.1.24 OR BA.2 OR BA.2.1 OR BA.2.2 OR BA.2.2.1 OR BA.2.3 OR BA.2.3.1 OR BA.2.3.2 OR BA.2.3.4 OR BA.2.3.5 OR BA.2.3.6 OR BA.2.3.7 OR BA.2.3.8 OR BA.2.3.9 OR BA.2.3.10 OR BA.2.3.11 OR BA.2.3.12 OR BA.2.3.13 OR BA.2.3.14 OR BA.2.3.15 OR BA.2.3.16 OR BA.2.3.17 OR BA.2.3.18 OR BA.2.3.19 OR BA.2.3.20 OR BA.2.3.21 OR BA.2.3.22 OR BA.2.4 OR BA.2.5 OR BA.2.6 OR BA.2.7 OR BA.2.8 OR BA.2.9 OR BA.2.9.1 OR BA.2.9.2 OR BA.2.9.3 OR BA.2.9.4 OR BA.2.9.5 OR BA.2.9.6 OR BA.2.9.7 OR BA.2.10 OR BA.2.10.1 OR BA.2.10.2 OR BA.2.10.3 OR BA.2.10.4 OR BA.2.11 OR BA.2.12 OR BA.2.12.1 OR BA.2.12.2 OR BA.2.13 OR BA.2.13.1 OR BA.2.14 OR BA.2.15 OR BA.2.16 OR BA.2.17 OR BA.2.18 OR BA.2.19 OR BA.2.20 OR BA.2.21 OR BA.2.22 OR BA.2.23 OR BA.2.23.1 OR BA.2.24 OR BA.2.25 OR BA.2.25.1 OR BA.2.26 OR BA.2.27 OR BA.2.28 OR BA.2.29 OR BA.2.30 OR BA.2.31 OR BA.2.31.1 OR BA.2.32 OR BA.2.33 OR BA.2.34 OR BA.2.35 OR BA.2.36 OR BA.2.37 OR BA.2.38 OR BA.2.38.1 OR BA.2.38.2 OR BA.2.38.3 OR BA.2.38.4 OR BA.2.39 OR BA.2.40 OR BA.2.40.1 OR BA.2.41 OR BA.2.42 OR BA.2.43 OR BA.2.44 OR BA.2.45 OR BA.2.46 OR BA.2.47 OR BA.2.48 OR BA.2.49 OR BA.2.50 OR BA.2.51 OR BA.2.52 OR BA.2.53 OR BA.2.54 OR BA.2.55 OR BA.2.56 OR BA.2.56.1 OR BA.2.57 OR BA.2.58 OR BA.2.59 OR BA.2.60 OR BA.2.61 OR BA.2.62 OR BA.2.63 OR BA.2.64 OR BA.2.65 OR BA.2.66 OR BA.2.67 OR BA.2.68 OR BA.2.69 OR BA.2.70 OR BA.2.71 OR BA.2.72 OR BA.2.73 OR BA.2.74 OR BA.2.75 OR BA.2.75.1 OR BA.2.75.2 OR BA.2.75.3 OR BA.2.75.4 OR BA.2.75.5 OR BA.2.75.6 OR BA.2.75.7 OR BA.2.75.8 OR BA.2.75.9 OR BA.2.75.10 OR BA.2.76 OR BA.2.76.1 OR BA.2.76.2 OR BA.2.77 OR BA.2.78 OR BA.2.79 OR BA.2.79.1 OR BA.2.80 OR BA.2.81 OR BA.2.82 OR BA.2.83 OR BA.2.85 OR BA.3 OR BA.3.1 OR BA.4 OR BA.4.1 OR BA.4.1.1 OR BA.4.1.2 OR BA.4.1.3 OR BA.4.1.4 OR BA.4.1.5 OR BA.4.1.6 OR BA.4.1.7 OR BA.4.1.8 OR BA.4.1.9 OR BA.4.1.10 OR BA.4.2 OR BA.4.3 OR BA.4.4 OR BA.4.5 OR BA.4.6 OR BA.4.6.1 OR BA.4.6.2 OR BA.4.6.3 OR BA.4.6.4 OR BA.4.6.5 OR BA.4.7 OR BA.4.8 OR BA.5 OR BA.5.1 OR BA.5.1.1 OR BA.5.1.2 OR BA.5.1.3 OR BA.5.1.4 OR BA.5.1.5 OR BA.5.1.6 OR BA.5.1.7 OR BA.5.1.8 OR BA.5.1.9 OR BA.5.1.10 OR BA.5.1.11 OR BA.5.1.12 OR BA.5.1.14 OR BA.5.1.15 OR BA.5.1.16 OR BA.5.1.17 OR BA.5.1.18 OR BA.5.1.19 OR BA.5.1.20 OR BA.5.1.21 OR BA.5.1.22 OR BA.5.1.23 OR BA.5.1.24 OR BA.5.1.25 OR BA.5.1.26 OR BA.5.1.27 OR BA.5.1.28 OR BA.5.1.29 OR BA.5.1.30 OR BA.5.1.31 OR BA.5.1.32 OR BA.5.2 OR BA.5.2.1 OR BA.5.2.2 OR BA.5.2.3 OR BA.5.2.4 OR BA.5.2.5 OR BA.5.2.6 OR BA.5.2.7 OR BA.5.2.8 OR BA.5.2.9 OR BA.5.2.10 OR BA.5.2.11 OR BA.5.2.12 OR BA.5.2.13 OR BA.5.2.14 OR BA.5.2.16 OR BA.5.2.18 OR BA.5.2.19 OR BA.5.2.20 OR BA.5.2.21 OR BA.5.2.22 OR BA.5.2.23 OR BA.5.2.24 OR BA.5.2.25 OR BA.5.2.26 OR BA.5.2.27 OR BA.5.2.28 OR BA.5.2.29 OR BA.5.2.30 OR BA.5.2.31 OR BA.5.2.32 OR BA.5.2.33 OR BA.5.2.34 OR BA.5.2.35 OR BA.5.2.36 OR BA.5.2.37 OR BA.5.2.38 OR BA.5.2.39 OR BA.5.2.40 OR BA.5.2.41 OR BA.5.2.42 OR BA.5.2.43 OR BA.5.2.44 OR BA.5.2.45 OR BA.5.2.46 OR BA.5.2.47 OR BA.5.2.48 OR BA.5.2.49 OR BA.5.3 OR BA.5.3.1 OR BA.5.3.2 OR BA.5.3.3 OR BA.5.3.4 OR BA.5.3.5 OR BA.5.5 OR BA.5.5.1 OR BA.5.5.2 OR BA.5.5.3 OR BA.5.6 OR BA.5.6.1 OR BA.5.6.2 OR BA.5.6.3 OR BA.5.6.4 OR BA.5.7 OR BA.5.8 OR BA.5.9 OR BA.5.10 OR BA.5.10.1 OR BA.5.11 OR BC.1 OR BC.2 OR BD.1 OR BE.1 OR BE.1.1 OR BE.1.1.1 OR BE.1.1.2 OR BE.1.2 OR BE.1.2.1 OR BE.1.3 OR BE.1.4 OR BE.1.4.1 OR BE.1.4.2 OR BE.1.4.3 OR BE.1.4.4 OR BE.2 OR BE.3 OR BE.4 OR BE.4.1 OR BE.4.1.1 OR BE.4.2 OR BE.5 OR BE.6 OR BE.7 OR BE.8 OR BE.9 OR BE.10 OR BF.1 OR BF.1.1 OR BF.2 OR BF.3 OR BF.3.1 OR BF.4 OR BF.5 OR BF.5.1 OR BF.5.2 OR BF.6 OR BF.7 OR BF.7.1 OR BF.7.2 OR BF.7.3 OR BF.7.4 OR BF.7.4.1 OR BF.7.4.2 OR BF.7.5 OR BF.7.5.1 OR BF.7.6 OR BF.7.7 OR BF.7.8 OR BF.7.9 OR BF.7.10 OR BF.7.11 OR BF.7.12 OR BF.7.13 OR BF.7.13.1 OR BF.7.13.2 OR BF.7.14 OR BF.7.15 OR BF.8 OR BF.9 OR BF.10 OR BF.10.1 OR BF.11 OR BF.11.1 OR BF.11.2 OR BF.11.3 OR BF.11.4 OR BF.11.5 OR BF.12 OR BF.13 OR BF.14 OR BF.15 OR BF.16 OR BF.17 OR BF.18 OR BF.19 OR BF.20 OR BF.21 OR BF.22 OR BF.23 OR BF.24 OR BF.25 OR BF.26 OR BF.27 OR BF.28 OR BF.29 OR BF.30 OR BF.31 OR BF.31.1 OR BF.32 OR BF.33 OR BF.34 OR BG.1 OR BG.2 OR BG.3 OR BG.4 OR BG.5 OR BG.6 OR BG.7 OR BH.1 OR BJ.1 OR BK.1 OR BL.1 OR BL.1.1 OR BL.1.2 OR BL.1.3 OR BL.1.4 OR BL.2 OR BL.2.1 OR BL.3 OR BL.4 OR BL.5 OR BL.6 OR BM.1 OR BM.1.1 OR BM.1.1.1 OR BM.1.1.2 OR BM.1.1.3 OR BM.1.1.4 OR BM.1.1.5 OR BM.2 OR BM.2.1 OR BM.2.2 OR BM.2.3 OR BM.3 OR BM.4 OR BM.4.1 OR BM.4.1.1 OR BM.5 OR BM.6 OR BN.1 OR BN.1.1 OR BN.1.1.1 OR BN.1.2 OR BN.1.2.1 OR BN.1.3 OR BN.1.3.1 OR BN.1.3.2 OR BN.1.3.3 OR BN.1.3.4 OR BN.1.4 OR BN.1.4.1 OR BN.1.5 OR BN.1.5.1 OR BN.1.6 OR BN.1.7 OR BN.1.8 OR BN.1.9 OR BN.2 OR BN.2.1 OR BN.3 OR BN.3.1 OR BN.4 OR BN.5 OR BN.6 OR BP.1 OR BQ.1 OR BQ.1.1 OR BQ.1.1.1 OR BQ.1.1.2 OR BQ.1.1.3 OR BQ.1.1.4 OR BQ.1.1.5 OR BQ.1.1.6 OR BQ.1.1.7 OR BQ.1.1.8 OR BQ.1.1.9 OR BQ.1.1.10 OR BQ.1.1.11 OR BQ.1.1.12 OR BQ.1.1.13 OR BQ.1.1.14 OR BQ.1.1.15 OR BQ.1.1.16 OR BQ.1.1.17 OR BQ.1.1.18 OR BQ.1.1.19 OR BQ.1.1.20 OR BQ.1.1.21 OR BQ.1.1.22 OR BQ.1.1.23 OR BQ.1.1.24 OR BQ.1.1.25 OR BQ.1.1.26 OR BQ.1.1.27 OR BQ.1.1.28 OR BQ.1.1.29 OR BQ.1.1.30 OR BQ.1.1.31 OR BQ.1.1.32 OR BQ.1.1.34 OR BQ.1.1.35 OR BQ.1.1.36 OR BQ.1.2 OR BQ.1.3 OR BQ.1.4 OR BQ.1.5 OR BQ.1.6 OR BQ.1.7 OR BQ.1.8 OR BQ.1.8.1 OR BQ.1.8.2 OR BQ.1.9 OR BQ.1.10 OR BQ.1.10.1 OR BQ.1.11 OR BQ.1.12 OR BQ.1.13 OR BQ.1.13.1 OR BQ.1.14 OR BQ.1.15 OR BQ.1.16 OR BQ.1.17 OR BQ.1.18 OR BQ.1.19 OR BQ.1.20 OR BQ.1.21 OR BQ.1.22 OR BQ.1.23 OR BQ.1.24 OR BQ.1.25 OR BQ.1.25.1 OR BQ.1.26 OR BQ.1.26.1 OR BQ.1.27 OR BQ.1.28 OR BQ.2 OR BR.1 OR BR.1.1 OR BR.1.2 OR BR.2 OR BR.2.1 OR BR.3 OR BR.4 OR BS.1 OR BS.1.1 OR BS.1.2 OR BT.1 OR BT.2 OR BU.1 OR BU.2 OR BU.3 OR BV.1 OR BV.2 OR BW.1 OR BW.1.1 OR BY.1 OR BY.1.1 OR BY.1.1.1 OR BY.1.2 OR BY.1.2.1 OR BZ.1 OR CA.1 OR CA.2 OR CA.3 OR CA.3.1 OR CA.4 OR CA.5 OR CA.6 OR CA.7 OR CB.1 OR CC.1 OR CD.1 OR CD.2 OR CE.1 OR CF.1 OR CG.1 OR CH.1 OR CH.1.1 OR CH.1.1.1 OR CH.1.1.2 OR CH.1.1.3 OR CH.1.1.4 OR CH.1.1.5 OR CH.2 OR CH.3 OR CH.3.1 OR CJ.1 OR CJ.1.1 OR CK.1 OR CK.1.1 OR CK.1.2 OR CK.2 OR CK.2.1 OR CK.2.1.1 OR CK.3 OR CL.1 OR CM.1 OR CM.2 OR CM.2.1 OR CM.3 OR CM.4 OR CM.4.1 OR CM.5 OR CM.5.1 OR CM.5.2 OR CM.6 OR CM.6.1 OR CM.7 OR CM.8 OR CM.8.1 OR CM.9 OR CM.10 OR CM.11 OR CM.12 OR CN.1 OR CN.2 OR CP.1 OR CP.1.1 OR CP.1.2 OR CP.1.3 OR CP.2 OR CP.3 OR CP.4 OR CP.5 OR CP.6 OR CQ.1 OR CQ.1.1 OR CQ.2 OR CR.1 OR CR.1.1 OR CR.1.2 OR CR.1.3 OR CR.2 OR CS.1 OR CT.1 OR CU.1 OR CV.1 OR CV.2 OR CW.1 OR CY.1 OR CZ.1 OR DA.1 OR DB.1 OR DB.2 OR DC.1 OR DD.1 OR DE.1 OR DE.2 OR DF.1 OR DF.1.1 OR DG.1 OR DH.1 OR DJ.1 OR DJ.1.1 OR DJ.1.2 OR DJ.1.3 OR DK.1 OR DL.1 OR DM.1 OR DN.1 OR DN.1.1 OR DP.1 OR DQ.1 OR DR.1 OR DS.1 OR DT.1 OR DU.1 OR DV.1,Omicron,11.3571428571429,10.1428571428571,0.893081761006289
2022-06-13,13,12,13.7142857142857,11.8571428571429,0.864583333333333,0.615105680392638,0.969077872465246,B.1.1.529 OR BA.1 OR BA.1.1 OR BA.1.1.1 OR BA.1.1.2 OR BA.1.1.3 OR BA.1.1.4 OR BA.1.1.5 OR BA.1.1.6 OR BA.1.1.7 OR BA.1.1.8 OR BA.1.1.9 OR BA.1.1.10 OR BA.1.1.11 OR BA.1.1.12 OR BA.1.1.13 OR BA.1.1.14 OR BA.1.1.15 OR BA.1.1.16 OR BA.1.1.17 OR BA.1.1.18 OR BA.1.2 OR BA.1.3 OR BA.1.4 OR BA.1.5 OR BA.1.6 OR BA.1.7 OR BA.1.8 OR BA.1.9 OR BA.1.10 OR BA.1.12 OR BA.1.13 OR BA.1.13.1 OR BA.1.14 OR BA.1.14.1 OR BA.1.14.2 OR BA.1.15 OR BA.1.15.1 OR BA.1.15.2 OR BA.1.15.3 OR BA.1.16 OR BA.1.16.1 OR BA.1.16.2 OR BA.1.17 OR BA.1.17.1 OR BA.1.17.2 OR BA.1.18 OR BA.1.19 OR BA.1.20 OR BA.1.21 OR BA.1.21.1 OR BA.1.22 OR BA.1.23 OR BA.1.24 OR BA.2 OR BA.2.1 OR BA.2.2 OR BA.2.2.1 OR BA.2.3 OR BA.2.3.1 OR BA.2.3.2 OR BA.2.3.4 OR BA.2.3.5 OR BA.2.3.6 OR BA.2.3.7 OR BA.2.3.8 OR BA.2.3.9 OR BA.2.3.10 OR BA.2.3.11 OR BA.2.3.12 OR BA.2.3.13 OR BA.2.3.14 OR BA.2.3.15 OR BA.2.3.16 OR BA.2.3.17 OR BA.2.3.18 OR BA.2.3.19 OR BA.2.3.20 OR BA.2.3.21 OR BA.2.3.22 OR BA.2.4 OR BA.2.5 OR BA.2.6 OR BA.2.7 OR BA.2.8 OR BA.2.9 OR BA.2.9.1 OR BA.2.9.2 OR BA.2.9.3 OR BA.2.9.4 OR BA.2.9.5 OR BA.2.9.6 OR BA.2.9.7 OR BA.2.10 OR BA.2.10.1 OR BA.2.10.2 OR BA.2.10.3 OR BA.2.10.4 OR BA.2.11 OR BA.2.12 OR BA.2.12.1 OR BA.2.12.2 OR BA.2.13 OR BA.2.13.1 OR BA.2.14 OR BA.2.15 OR BA.2.16 OR BA.2.17 OR BA.2.18 OR BA.2.19 OR BA.2.20 OR BA.2.21 OR BA.2.22 OR BA.2.23 OR BA.2.23.1 OR BA.2.24 OR BA.2.25 OR BA.2.25.1 OR BA.2.26 OR BA.2.27 OR BA.2.28 OR BA.2.29 OR BA.2.30 OR BA.2.31 OR BA.2.31.1 OR BA.2.32 OR BA.2.33 OR BA.2.34 OR BA.2.35 OR BA.2.36 OR BA.2.37 OR BA.2.38 OR BA.2.38.1 OR BA.2.38.2 OR BA.2.38.3 OR BA.2.38.4 OR BA.2.39 OR BA.2.40 OR BA.2.40.1 OR BA.2.41 OR BA.2.42 OR BA.2.43 OR BA.2.44 OR BA.2.45 OR BA.2.46 OR BA.2.47 OR BA.2.48 OR BA.2.49 OR BA.2.50 OR BA.2.51 OR BA.2.52 OR BA.2.53 OR BA.2.54 OR BA.2.55 OR BA.2.56 OR BA.2.56.1 OR BA.2.57 OR BA.2.58 OR BA.2.59 OR BA.2.60 OR BA.2.61 OR BA.2.62 OR BA.2.63 OR BA.2.64 OR BA.2.65 OR BA.2.66 OR BA.2.67 OR BA.2.68 OR BA.2.69 OR BA.2.70 OR BA.2.71 OR BA.2.72 OR BA.2.73 OR BA.2.74 OR BA.2.75 OR BA.2.75.1 OR BA.2.75.2 OR BA.2.75.3 OR BA.2.75.4 OR BA.2.75.5 OR BA.2.75.6 OR BA.2.75.7 OR BA.2.75.8 OR BA.2.75.9 OR BA.2.75.10 OR BA.2.76 OR BA.2.76.1 OR BA.2.76.2 OR BA.2.77 OR BA.2.78 OR BA.2.79 OR BA.2.79.1 OR BA.2.80 OR BA.2.81 OR BA.2.82 OR BA.2.83 OR BA.2.85 OR BA.3 OR BA.3.1 OR BA.4 OR BA.4.1 OR BA.4.1.1 OR BA.4.1.2 OR BA.4.1.3 OR BA.4.1.4 OR BA.4.1.5 OR BA.4.1.6 OR BA.4.1.7 OR BA.4.1.8 OR BA.4.1.9 OR BA.4.1.10 OR BA.4.2 OR BA.4.3 OR BA.4.4 OR BA.4.5 OR BA.4.6 OR BA.4.6.1 OR BA.4.6.2 OR BA.4.6.3 OR BA.4.6.4 OR BA.4.6.5 OR BA.4.7 OR BA.4.8 OR BA.5 OR BA.5.1 OR BA.5.1.1 OR BA.5.1.2 OR BA.5.1.3 OR BA.5.1.4 OR BA.5.1.5 OR BA.5.1.6 OR BA.5.1.7 OR BA.5.1.8 OR BA.5.1.9 OR BA.5.1.10 OR BA.5.1.11 OR BA.5.1.12 OR BA.5.1.14 OR BA.5.1.15 OR BA.5.1.16 OR BA.5.1.17 OR BA.5.1.18 OR BA.5.1.19 OR BA.5.1.20 OR BA.5.1.21 OR BA.5.1.22 OR BA.5.1.23 OR BA.5.1.24 OR BA.5.1.25 OR BA.5.1.26 OR BA.5.1.27 OR BA.5.1.28 OR BA.5.1.29 OR BA.5.1.30 OR BA.5.1.31 OR BA.5.1.32 OR BA.5.2 OR BA.5.2.1 OR BA.5.2.2 OR BA.5.2.3 OR BA.5.2.4 OR BA.5.2.5 OR BA.5.2.6 OR BA.5.2.7 OR BA.5.2.8 OR BA.5.2.9 OR BA.5.2.10 OR BA.5.2.11 OR BA.5.2.12 OR BA.5.2.13 OR BA.5.2.14 OR BA.5.2.16 OR BA.5.2.18 OR BA.5.2.19 OR BA.5.2.20 OR BA.5.2.21 OR BA.5.2.22 OR BA.5.2.23 OR BA.5.2.24 OR BA.5.2.25 OR BA.5.2.26 OR BA.5.2.27 OR BA.5.2.28 OR BA.5.2.29 OR BA.5.2.30 OR BA.5.2.31 OR BA.5.2.32 OR BA.5.2.33 OR BA.5.2.34 OR BA.5.2.35 OR BA.5.2.36 OR BA.5.2.37 OR BA.5.2.38 OR BA.5.2.39 OR BA.5.2.40 OR BA.5.2.41 OR BA.5.2.42 OR BA.5.2.43 OR BA.5.2.44 OR BA.5.2.45 OR BA.5.2.46 OR BA.5.2.47 OR BA.5.2.48 OR BA.5.2.49 OR BA.5.3 OR BA.5.3.1 OR BA.5.3.2 OR BA.5.3.3 OR BA.5.3.4 OR BA.5.3.5 OR BA.5.5 OR BA.5.5.1 OR BA.5.5.2 OR BA.5.5.3 OR BA.5.6 OR BA.5.6.1 OR BA.5.6.2 OR BA.5.6.3 OR BA.5.6.4 OR BA.5.7 OR BA.5.8 OR BA.5.9 OR BA.5.10 OR BA.5.10.1 OR BA.5.11 OR BC.1 OR BC.2 OR BD.1 OR BE.1 OR BE.1.1 OR BE.1.1.1 OR BE.1.1.2 OR BE.1.2 OR BE.1.2.1 OR BE.1.3 OR BE.1.4 OR BE.1.4.1 OR BE.1.4.2 OR BE.1.4.3 OR BE.1.4.4 OR BE.2 OR BE.3 OR BE.4 OR BE.4.1 OR BE.4.1.1 OR BE.4.2 OR BE.5 OR BE.6 OR BE.7 OR BE.8 OR BE.9 OR BE.10 OR BF.1 OR BF.1.1 OR BF.2 OR BF.3 OR BF.3.1 OR BF.4 OR BF.5 OR BF.5.1 OR BF.5.2 OR BF.6 OR BF.7 OR BF.7.1 OR BF.7.2 OR BF.7.3 OR BF.7.4 OR BF.7.4.1 OR BF.7.4.2 OR BF.7.5 OR BF.7.5.1 OR BF.7.6 OR BF.7.7 OR BF.7.8 OR BF.7.9 OR BF.7.10 OR BF.7.11 OR BF.7.12 OR BF.7.13 OR BF.7.13.1 OR BF.7.13.2 OR BF.7.14 OR BF.7.15 OR BF.8 OR BF.9 OR BF.10 OR BF.10.1 OR BF.11 OR BF.11.1 OR BF.11.2 OR BF.11.3 OR BF.11.4 OR BF.11.5 OR BF.12 OR BF.13 OR BF.14 OR BF.15 OR BF.16 OR BF.17 OR BF.18 OR BF.19 OR BF.20 OR BF.21 OR BF.22 OR BF.23 OR BF.24 OR BF.25 OR BF.26 OR BF.27 OR BF.28 OR BF.29 OR BF.30 OR BF.31 OR BF.31.1 OR BF.32 OR BF.33 OR BF.34 OR BG.1 OR BG.2 OR BG.3 OR BG.4 OR BG.5 OR BG.6 OR BG.7 OR BH.1 OR BJ.1 OR BK.1 OR BL.1 OR BL.1.1 OR BL.1.2 OR BL.1.3 OR BL.1.4 OR BL.2 OR BL.2.1 OR BL.3 OR BL.4 OR BL.5 OR BL.6 OR BM.1 OR BM.1.1 OR BM.1.1.1 OR BM.1.1.2 OR BM.1.1.3 OR BM.1.1.4 OR BM.1.1.5 OR BM.2 OR BM.2.1 OR BM.2.2 OR BM.2.3 OR BM.3 OR BM.4 OR BM.4.1 OR BM.4.1.1 OR BM.5 OR BM.6 OR BN.1 OR BN.1.1 OR BN.1.1.1 OR BN.1.2 OR BN.1.2.1 OR BN.1.3 OR BN.1.3.1 OR BN.1.3.2 OR BN.1.3.3 OR BN.1.3.4 OR BN.1.4 OR BN.1.4.1 OR BN.1.5 OR BN.1.5.1 OR BN.1.6 OR BN.1.7 OR BN.1.8 OR BN.1.9 OR BN.2 OR BN.2.1 OR BN.3 OR BN.3.1 OR BN.4 OR BN.5 OR BN.6 OR BP.1 OR BQ.1 OR BQ.1.1 OR BQ.1.1.1 OR BQ.1.1.2 OR BQ.1.1.3 OR BQ.1.1.4 OR BQ.1.1.5 OR BQ.1.1.6 OR BQ.1.1.7 OR BQ.1.1.8 OR BQ.1.1.9 OR BQ.1.1.10 OR BQ.1.1.11 OR BQ.1.1.12 OR BQ.1.1.13 OR BQ.1.1.14 OR BQ.1.1.15 OR BQ.1.1.16 OR BQ.1.1.17 OR BQ.1.1.18 OR BQ.1.1.19 OR BQ.1.1.20 OR BQ.1.1.21 OR BQ.1.1.22 OR BQ.1.1.23 OR BQ.1.1.24 OR BQ.1.1.25 OR BQ.1.1.26 OR BQ.1.1.27 OR BQ.1.1.28 OR BQ.1.1.29 OR BQ.1.1.30 OR BQ.1.1.31 OR BQ.1.1.32 OR BQ.1.1.34 OR BQ.1.1.35 OR BQ.1.1.36 OR BQ.1.2 OR BQ.1.3 OR BQ.1.4 OR BQ.1.5 OR BQ.1.6 OR BQ.1.7 OR BQ.1.8 OR BQ.1.8.1 OR BQ.1.8.2 OR BQ.1.9 OR BQ.1.10 OR BQ.1.10.1 OR BQ.1.11 OR BQ.1.12 OR BQ.1.13 OR BQ.1.13.1 OR BQ.1.14 OR BQ.1.15 OR BQ.1.16 OR BQ.1.17 OR BQ.1.18 OR BQ.1.19 OR BQ.1.20 OR BQ.1.21 OR BQ.1.22 OR BQ.1.23 OR BQ.1.24 OR BQ.1.25 OR BQ.1.25.1 OR BQ.1.26 OR BQ.1.26.1 OR BQ.1.27 OR BQ.1.28 OR BQ.2 OR BR.1 OR BR.1.1 OR BR.1.2 OR BR.2 OR BR.2.1 OR BR.3 OR BR.4 OR BS.1 OR BS.1.1 OR BS.1.2 OR BT.1 OR BT.2 OR BU.1 OR BU.2 OR BU.3 OR BV.1 OR BV.2 OR BW.1 OR BW.1.1 OR BY.1 OR BY.1.1 OR BY.1.1.1 OR BY.1.2 OR BY.1.2.1 OR BZ.1 OR CA.1 OR CA.2 OR CA.3 OR CA.3.1 OR CA.4 OR CA.5 OR CA.6 OR CA.7 OR CB.1 OR CC.1 OR CD.1 OR CD.2 OR CE.1 OR CF.1 OR CG.1 OR CH.1 OR CH.1.1 OR CH.1.1.1 OR CH.1.1.2 OR CH.1.1.3 OR CH.1.1.4 OR CH.1.1.5 OR CH.2 OR CH.3 OR CH.3.1 OR CJ.1 OR CJ.1.1 OR CK.1 OR CK.1.1 OR CK.1.2 OR CK.2 OR CK.2.1 OR CK.2.1.1 OR CK.3 OR CL.1 OR CM.1 OR CM.2 OR CM.2.1 OR CM.3 OR CM.4 OR CM.4.1 OR CM.5 OR CM.5.1 OR CM.5.2 OR CM.6 OR CM.6.1 OR CM.7 OR CM.8 OR CM.8.1 OR CM.9 OR CM.10 OR CM.11 OR CM.12 OR CN.1 OR CN.2 OR CP.1 OR CP.1.1 OR CP.1.2 OR CP.1.3 OR CP.2 OR CP.3 OR CP.4 OR CP.5 OR CP.6 OR CQ.1 OR CQ.1.1 OR CQ.2 OR CR.1 OR CR.1.1 OR CR.1.2 OR CR.1.3 OR CR.2 OR CS.1 OR CT.1 OR CU.1 OR CV.1 OR CV.2 OR CW.1 OR CY.1 OR CZ.1 OR DA.1 OR DB.1 OR DB.2 OR DC.1 OR DD.1 OR DE.1 OR DE.2 OR DF.1 OR DF.1.1 OR DG.1 OR DH.1 OR DJ.1 OR DJ.1.1 OR DJ.1.2 OR DJ.1.3 OR DK.1 OR DL.1 OR DM.1 OR DN.1 OR DN.1.1 OR DP.1 OR DQ.1 OR DR.1 OR DS.1 OR DT.1 OR DU.1 OR DV.1,Omicron,11.9285714285714,10.6428571428571,0.892215568862275
2022-06-14,12,11,13.1428571428571,11.5714285714286,0.880434782608696,0.692850510293305,0.991570341687786,B.1.1.529 OR BA.1 OR BA.1.1 OR BA.1.1.1 OR BA.1.1.2 OR BA.1.1.3 OR BA.1.1.4 OR BA.1.1.5 OR BA.1.1.6 OR BA.1.1.7 OR BA.1.1.8 OR BA.1.1.9 OR BA.1.1.10 OR BA.1.1.11 OR BA.1.1.12 OR BA.1.1.13 OR BA.1.1.14 OR BA.1.1.15 OR BA.1.1.16 OR BA.1.1.17 OR BA.1.1.18 OR BA.1.2 OR BA.1.3 OR BA.1.4 OR BA.1.5 OR BA.1.6 OR BA.1.7 OR BA.1.8 OR BA.1.9 OR BA.1.10 OR BA.1.12 OR BA.1.13 OR BA.1.13.1 OR BA.1.14 OR BA.1.14.1 OR BA.1.14.2 OR BA.1.15 OR BA.1.15.1 OR BA.1.15.2 OR BA.1.15.3 OR BA.1.16 OR BA.1.16.1 OR BA.1.16.2 OR BA.1.17 OR BA.1.17.1 OR BA.1.17.2 OR BA.1.18 OR BA.1.19 OR BA.1.20 OR BA.1.21 OR BA.1.21.1 OR BA.1.22 OR BA.1.23 OR BA.1.24 OR BA.2 OR BA.2.1 OR BA.2.2 OR BA.2.2.1 OR BA.2.3 OR BA.2.3.1 OR BA.2.3.2 OR BA.2.3.4 OR BA.2.3.5 OR BA.2.3.6 OR BA.2.3.7 OR BA.2.3.8 OR BA.2.3.9 OR BA.2.3.10 OR BA.2.3.11 OR BA.2.3.12 OR BA.2.3.13 OR BA.2.3.14 OR BA.2.3.15 OR BA.2.3.16 OR BA.2.3.17 OR BA.2.3.18 OR BA.2.3.19 OR BA.2.3.20 OR BA.2.3.21 OR BA.2.3.22 OR BA.2.4 OR BA.2.5 OR BA.2.6 OR BA.2.7 OR BA.2.8 OR BA.2.9 OR BA.2.9.1 OR BA.2.9.2 OR BA.2.9.3 OR BA.2.9.4 OR BA.2.9.5 OR BA.2.9.6 OR BA.2.9.7 OR BA.2.10 OR BA.2.10.1 OR BA.2.10.2 OR BA.2.10.3 OR BA.2.10.4 OR BA.2.11 OR BA.2.12 OR BA.2.12.1 OR BA.2.12.2 OR BA.2.13 OR BA.2.13.1 OR BA.2.14 OR BA.2.15 OR BA.2.16 OR BA.2.17 OR BA.2.18 OR BA.2.19 OR BA.2.20 OR BA.2.21 OR BA.2.22 OR BA.2.23 OR BA.2.23.1 OR BA.2.24 OR BA.2.25 OR BA.2.25.1 OR BA.2.26 OR BA.2.27 OR BA.2.28 OR BA.2.29 OR BA.2.30 OR BA.2.31 OR BA.2.31.1 OR BA.2.32 OR BA.2.33 OR BA.2.34 OR BA.2.35 OR BA.2.36 OR BA.2.37 OR BA.2.38 OR BA.2.38.1 OR BA.2.38.2 OR BA.2.38.3 OR BA.2.38.4 OR BA.2.39 OR BA.2.40 OR BA.2.40.1 OR BA.2.41 OR BA.2.42 OR BA.2.43 OR BA.2.44 OR BA.2.45 OR BA.2.46 OR BA.2.47 OR BA.2.48 OR BA.2.49 OR BA.2.50 OR BA.2.51 OR BA.2.52 OR BA.2.53 OR BA.2.54 OR BA.2.55 OR BA.2.56 OR BA.2.56.1 OR BA.2.57 OR BA.2.58 OR BA.2.59 OR BA.2.60 OR BA.2.61 OR BA.2.62 OR BA.2.63 OR BA.2.64 OR BA.2.65 OR BA.2.66 OR BA.2.67 OR BA.2.68 OR BA.2.69 OR BA.2.70 OR BA.2.71 OR BA.2.72 OR BA.2.73 OR BA.2.74 OR BA.2.75 OR BA.2.75.1 OR BA.2.75.2 OR BA.2.75.3 OR BA.2.75.4 OR BA.2.75.5 OR BA.2.75.6 OR BA.2.75.7 OR BA.2.75.8 OR BA.2.75.9 OR BA.2.75.10 OR BA.2.76 OR BA.2.76.1 OR BA.2.76.2 OR BA.2.77 OR BA.2.78 OR BA.2.79 OR BA.2.79.1 OR BA.2.80 OR BA.2.81 OR BA.2.82 OR BA.2.83 OR BA.2.85 OR BA.3 OR BA.3.1 OR BA.4 OR BA.4.1 OR BA.4.1.1 OR BA.4.1.2 OR BA.4.1.3 OR BA.4.1.4 OR BA.4.1.5 OR BA.4.1.6 OR BA.4.1.7 OR BA.4.1.8 OR BA.4.1.9 OR BA.4.1.10 OR BA.4.2 OR BA.4.3 OR BA.4.4 OR BA.4.5 OR BA.4.6 OR BA.4.6.1 OR BA.4.6.2 OR BA.4.6.3 OR BA.4.6.4 OR BA.4.6.5 OR BA.4.7 OR BA.4.8 OR BA.5 OR BA.5.1 OR BA.5.1.1 OR BA.5.1.2 OR BA.5.1.3 OR BA.5.1.4 OR BA.5.1.5 OR BA.5.1.6 OR BA.5.1.7 OR BA.5.1.8 OR BA.5.1.9 OR BA.5.1.10 OR BA.5.1.11 OR BA.5.1.12 OR BA.5.1.14 OR BA.5.1.15 OR BA.5.1.16 OR BA.5.1.17 OR BA.5.1.18 OR BA.5.1.19 OR BA.5.1.20 OR BA.5.1.21 OR BA.5.1.22 OR BA.5.1.23 OR BA.5.1.24 OR BA.5.1.25 OR BA.5.1.26 OR BA.5.1.27 OR BA.5.1.28 OR BA.5.1.29 OR BA.5.1.30 OR BA.5.1.31 OR BA.5.1.32 OR BA.5.2 OR BA.5.2.1 OR BA.5.2.2 OR BA.5.2.3 OR BA.5.2.4 OR BA.5.2.5 OR BA.5.2.6 OR BA.5.2.7 OR BA.5.2.8 OR BA.5.2.9 OR BA.5.2.10 OR BA.5.2.11 OR BA.5.2.12 OR BA.5.2.13 OR BA.5.2.14 OR BA.5.2.16 OR BA.5.2.18 OR BA.5.2.19 OR BA.5.2.20 OR BA.5.2.21 OR BA.5.2.22 OR BA.5.2.23 OR BA.5.2.24 OR BA.5.2.25 OR BA.5.2.26 OR BA.5.2.27 OR BA.5.2.28 OR BA.5.2.29 OR BA.5.2.30 OR BA.5.2.31 OR BA.5.2.32 OR BA.5.2.33 OR BA.5.2.34 OR BA.5.2.35 OR BA.5.2.36 OR BA.5.2.37 OR BA.5.2.38 OR BA.5.2.39 OR BA.5.2.40 OR BA.5.2.41 OR BA.5.2.42 OR BA.5.2.43 OR BA.5.2.44 OR BA.5.2.45 OR BA.5.2.46 OR BA.5.2.47 OR BA.5.2.48 OR BA.5.2.49 OR BA.5.3 OR BA.5.3.1 OR BA.5.3.2 OR BA.5.3.3 OR BA.5.3.4 OR BA.5.3.5 OR BA.5.5 OR BA.5.5.1 OR BA.5.5.2 OR BA.5.5.3 OR BA.5.6 OR BA.5.6.1 OR BA.5.6.2 OR BA.5.6.3 OR BA.5.6.4 OR BA.5.7 OR BA.5.8 OR BA.5.9 OR BA.5.10 OR BA.5.10.1 OR BA.5.11 OR BC.1 OR BC.2 OR BD.1 OR BE.1 OR BE.1.1 OR BE.1.1.1 OR BE.1.1.2 OR BE.1.2 OR BE.1.2.1 OR BE.1.3 OR BE.1.4 OR BE.1.4.1 OR BE.1.4.2 OR BE.1.4.3 OR BE.1.4.4 OR BE.2 OR BE.3 OR BE.4 OR BE.4.1 OR BE.4.1.1 OR BE.4.2 OR BE.5 OR BE.6 OR BE.7 OR BE.8 OR BE.9 OR BE.10 OR BF.1 OR BF.1.1 OR BF.2 OR BF.3 OR BF.3.1 OR BF.4 OR BF.5 OR BF.5.1 OR BF.5.2 OR BF.6 OR BF.7 OR BF.7.1 OR BF.7.2 OR BF.7.3 OR BF.7.4 OR BF.7.4.1 OR BF.7.4.2 OR BF.7.5 OR BF.7.5.1 OR BF.7.6 OR BF.7.7 OR BF.7.8 OR BF.7.9 OR BF.7.10 OR BF.7.11 OR BF.7.12 OR BF.7.13 OR BF.7.13.1 OR BF.7.13.2 OR BF.7.14 OR BF.7.15 OR BF.8 OR BF.9 OR BF.10 OR BF.10.1 OR BF.11 OR BF.11.1 OR BF.11.2 OR BF.11.3 OR BF.11.4 OR BF.11.5 OR BF.12 OR BF.13 OR BF.14 OR BF.15 OR BF.16 OR BF.17 OR BF.18 OR BF.19 OR BF.20 OR BF.21 OR BF.22 OR BF.23 OR BF.24 OR BF.25 OR BF.26 OR BF.27 OR BF.28 OR BF.29 OR BF.30 OR BF.31 OR BF.31.1 OR BF.32 OR BF.33 OR BF.34 OR BG.1 OR BG.2 OR BG.3 OR BG.4 OR BG.5 OR BG.6 OR BG.7 OR BH.1 OR BJ.1 OR BK.1 OR BL.1 OR BL.1.1 OR BL.1.2 OR BL.1.3 OR BL.1.4 OR BL.2 OR BL.2.1 OR BL.3 OR BL.4 OR BL.5 OR BL.6 OR BM.1 OR BM.1.1 OR BM.1.1.1 OR BM.1.1.2 OR BM.1.1.3 OR BM.1.1.4 OR BM.1.1.5 OR BM.2 OR BM.2.1 OR BM.2.2 OR BM.2.3 OR BM.3 OR BM.4 OR BM.4.1 OR BM.4.1.1 OR BM.5 OR BM.6 OR BN.1 OR BN.1.1 OR BN.1.1.1 OR BN.1.2 OR BN.1.2.1 OR BN.1.3 OR BN.1.3.1 OR BN.1.3.2 OR BN.1.3.3 OR BN.1.3.4 OR BN.1.4 OR BN.1.4.1 OR BN.1.5 OR BN.1.5.1 OR BN.1.6 OR BN.1.7 OR BN.1.8 OR BN.1.9 OR BN.2 OR BN.2.1 OR BN.3 OR BN.3.1 OR BN.4 OR BN.5 OR BN.6 OR BP.1 OR BQ.1 OR BQ.1.1 OR BQ.1.1.1 OR BQ.1.1.2 OR BQ.1.1.3 OR BQ.1.1.4 OR BQ.1.1.5 OR BQ.1.1.6 OR BQ.1.1.7 OR BQ.1.1.8 OR BQ.1.1.9 OR BQ.1.1.10 OR BQ.1.1.11 OR BQ.1.1.12 OR BQ.1.1.13 OR BQ.1.1.14 OR BQ.1.1.15 OR BQ.1.1.16 OR BQ.1.1.17 OR BQ.1.1.18 OR BQ.1.1.19 OR BQ.1.1.20 OR BQ.1.1.21 OR BQ.1.1.22 OR BQ.1.1.23 OR BQ.1.1.24 OR BQ.1.1.25 OR BQ.1.1.26 OR BQ.1.1.27 OR BQ.1.1.28 OR BQ.1.1.29 OR BQ.1.1.30 OR BQ.1.1.31 OR BQ.1.1.32 OR BQ.1.1.34 OR BQ.1.1.35 OR BQ.1.1.36 OR BQ.1.2 OR BQ.1.3 OR BQ.1.4 OR BQ.1.5 OR BQ.1.6 OR BQ.1.7 OR BQ.1.8 OR BQ.1.8.1 OR BQ.1.8.2 OR BQ.1.9 OR BQ.1.10 OR BQ.1.10.1 OR BQ.1.11 OR BQ.1.12 OR BQ.1.13 OR BQ.1.13.1 OR BQ.1.14 OR BQ.1.15 OR BQ.1.16 OR BQ.1.17 OR BQ.1.18 OR BQ.1.19 OR BQ.1.20 OR BQ.1.21 OR BQ.1.22 OR BQ.1.23 OR BQ.1.24 OR BQ.1.25 OR BQ.1.25.1 OR BQ.1.26 OR BQ.1.26.1 OR BQ.1.27 OR BQ.1.28 OR BQ.2 OR BR.1 OR BR.1.1 OR BR.1.2 OR BR.2 OR BR.2.1 OR BR.3 OR BR.4 OR BS.1 OR BS.1.1 OR BS.1.2 OR BT.1 OR BT.2 OR BU.1 OR BU.2 OR BU.3 OR BV.1 OR BV.2 OR BW.1 OR BW.1.1 OR BY.1 OR BY.1.1 OR BY.1.1.1 OR BY.1.2 OR BY.1.2.1 OR BZ.1 OR CA.1 OR CA.2 OR CA.3 OR CA.3.1 OR CA.4 OR CA.5 OR CA.6 OR CA.7 OR CB.1 OR CC.1 OR CD.1 OR CD.2 OR CE.1 OR CF.1 OR CG.1 OR CH.1 OR CH.1.1 OR CH.1.1.1 OR CH.1.1.2 OR CH.1.1.3 OR CH.1.1.4 OR CH.1.1.5 OR CH.2 OR CH.3 OR CH.3.1 OR CJ.1 OR CJ.1.1 OR CK.1 OR CK.1.1 OR CK.1.2 OR CK.2 OR CK.2.1 OR CK.2.1.1 OR CK.3 OR CL.1 OR CM.1 OR CM.2 OR CM.2.1 OR CM.3 OR CM.4 OR CM.4.1 OR CM.5 OR CM.5.1 OR CM.5.2 OR CM.6 OR CM.6.1 OR CM.7 OR CM.8 OR CM.8.1 OR CM.9 OR CM.10 OR CM.11 OR CM.12 OR CN.1 OR CN.2 OR CP.1 OR CP.1.1 OR CP.1.2 OR CP.1.3 OR CP.2 OR CP.3 OR CP.4 OR CP.5 OR CP.6 OR CQ.1 OR CQ.1.1 OR CQ.2 OR CR.1 OR CR.1.1 OR CR.1.2 OR CR.1.3 OR CR.2 OR CS.1 OR CT.1 OR CU.1 OR CV.1 OR CV.2 OR CW.1 OR CY.1 OR CZ.1 OR DA.1 OR DB.1 OR DB.2 OR DC.1 OR DD.1 OR DE.1 OR DE.2 OR DF.1 OR DF.1.1 OR DG.1 OR DH.1 OR DJ.1 OR DJ.1.1 OR DJ.1.2 OR DJ.1.3 OR DK.1 OR DL.1 OR DM.1 OR DN.1 OR DN.1.1 OR DP.1 OR DQ.1 OR DR.1 OR DS.1 OR DT.1 OR DU.1 OR DV.1,Omicron,12.5,11.1428571428571,0.891428571428571
2022-06-15,53,44,18.1428571428571,15.4285714285714,0.850393700787402,0.618643446510317,0.950711769431337,B.1.1.529 OR BA.1 OR BA.1.1 OR BA.1.1.1 OR BA.1.1.2 OR BA.1.1.3 OR BA.1.1.4 OR BA.1.1.5 OR BA.1.1.6 OR BA.1.1.7 OR BA.1.1.8 OR BA.1.1.9 OR BA.1.1.10 OR BA.1.1.11 OR BA.1.1.12 OR BA.1.1.13 OR BA.1.1.14 OR BA.1.1.15 OR BA.1.1.16 OR BA.1.1.17 OR BA.1.1.18 OR BA.1.2 OR BA.1.3 OR BA.1.4 OR BA.1.5 OR BA.1.6 OR BA.1.7 OR BA.1.8 OR BA.1.9 OR BA.1.10 OR BA.1.12 OR BA.1.13 OR BA.1.13.1 OR BA.1.14 OR BA.1.14.1 OR BA.1.14.2 OR BA.1.15 OR BA.1.15.1 OR BA.1.15.2 OR BA.1.15.3 OR BA.1.16 OR BA.1.16.1 OR BA.1.16.2 OR BA.1.17 OR BA.1.17.1 OR BA.1.17.2 OR BA.1.18 OR BA.1.19 OR BA.1.20 OR BA.1.21 OR BA.1.21.1 OR BA.1.22 OR BA.1.23 OR BA.1.24 OR BA.2 OR BA.2.1 OR BA.2.2 OR BA.2.2.1 OR BA.2.3 OR BA.2.3.1 OR BA.2.3.2 OR BA.2.3.4 OR BA.2.3.5 OR BA.2.3.6 OR BA.2.3.7 OR BA.2.3.8 OR BA.2.3.9 OR BA.2.3.10 OR BA.2.3.11 OR BA.2.3.12 OR BA.2.3.13 OR BA.2.3.14 OR BA.2.3.15 OR BA.2.3.16 OR BA.2.3.17 OR BA.2.3.18 OR BA.2.3.19 OR BA.2.3.20 OR BA.2.3.21 OR BA.2.3.22 OR BA.2.4 OR BA.2.5 OR BA.2.6 OR BA.2.7 OR BA.2.8 OR BA.2.9 OR BA.2.9.1 OR BA.2.9.2 OR BA.2.9.3 OR BA.2.9.4 OR BA.2.9.5 OR BA.2.9.6 OR BA.2.9.7 OR BA.2.10 OR BA.2.10.1 OR BA.2.10.2 OR BA.2.10.3 OR BA.2.10.4 OR BA.2.11 OR BA.2.12 OR BA.2.12.1 OR BA.2.12.2 OR BA.2.13 OR BA.2.13.1 OR BA.2.14 OR BA.2.15 OR BA.2.16 OR BA.2.17 OR BA.2.18 OR BA.2.19 OR BA.2.20 OR BA.2.21 OR BA.2.22 OR BA.2.23 OR BA.2.23.1 OR BA.2.24 OR BA.2.25 OR BA.2.25.1 OR BA.2.26 OR BA.2.27 OR BA.2.28 OR BA.2.29 OR BA.2.30 OR BA.2.31 OR BA.2.31.1 OR BA.2.32 OR BA.2.33 OR BA.2.34 OR BA.2.35 OR BA.2.36 OR BA.2.37 OR BA.2.38 OR BA.2.38.1 OR BA.2.38.2 OR BA.2.38.3 OR BA.2.38.4 OR BA.2.39 OR BA.2.40 OR BA.2.40.1 OR BA.2.41 OR BA.2.42 OR BA.2.43 OR BA.2.44 OR BA.2.45 OR BA.2.46 OR BA.2.47 OR BA.2.48 OR BA.2.49 OR BA.2.50 OR BA.2.51 OR BA.2.52 OR BA.2.53 OR BA.2.54 OR BA.2.55 OR BA.2.56 OR BA.2.56.1 OR BA.2.57 OR BA.2.58 OR BA.2.59 OR BA.2.60 OR BA.2.61 OR BA.2.62 OR BA.2.63 OR BA.2.64 OR BA.2.65 OR BA.2.66 OR BA.2.67 OR BA.2.68 OR BA.2.69 OR BA.2.70 OR BA.2.71 OR BA.2.72 OR BA.2.73 OR BA.2.74 OR BA.2.75 OR BA.2.75.1 OR BA.2.75.2 OR BA.2.75.3 OR BA.2.75.4 OR BA.2.75.5 OR BA.2.75.6 OR BA.2.75.7 OR BA.2.75.8 OR BA.2.75.9 OR BA.2.75.10 OR BA.2.76 OR BA.2.76.1 OR BA.2.76.2 OR BA.2.77 OR BA.2.78 OR BA.2.79 OR BA.2.79.1 OR BA.2.80 OR BA.2.81 OR BA.2.82 OR BA.2.83 OR BA.2.85 OR BA.3 OR BA.3.1 OR BA.4 OR BA.4.1 OR BA.4.1.1 OR BA.4.1.2 OR BA.4.1.3 OR BA.4.1.4 OR BA.4.1.5 OR BA.4.1.6 OR BA.4.1.7 OR BA.4.1.8 OR BA.4.1.9 OR BA.4.1.10 OR BA.4.2 OR BA.4.3 OR BA.4.4 OR BA.4.5 OR BA.4.6 OR BA.4.6.1 OR BA.4.6.2 OR BA.4.6.3 OR BA.4.6.4 OR BA.4.6.5 OR BA.4.7 OR BA.4.8 OR BA.5 OR BA.5.1 OR BA.5.1.1 OR BA.5.1.2 OR BA.5.1.3 OR BA.5.1.4 OR BA.5.1.5 OR BA.5.1.6 OR BA.5.1.7 OR BA.5.1.8 OR BA.5.1.9 OR BA.5.1.10 OR BA.5.1.11 OR BA.5.1.12 OR BA.5.1.14 OR BA.5.1.15 OR BA.5.1.16 OR BA.5.1.17 OR BA.5.1.18 OR BA.5.1.19 OR BA.5.1.20 OR BA.5.1.21 OR BA.5.1.22 OR BA.5.1.23 OR BA.5.1.24 OR BA.5.1.25 OR BA.5.1.26 OR BA.5.1.27 OR BA.5.1.28 OR BA.5.1.29 OR BA.5.1.30 OR BA.5.1.31 OR BA.5.1.32 OR BA.5.2 OR BA.5.2.1 OR BA.5.2.2 OR BA.5.2.3 OR BA.5.2.4 OR BA.5.2.5 OR BA.5.2.6 OR BA.5.2.7 OR BA.5.2.8 OR BA.5.2.9 OR BA.5.2.10 OR BA.5.2.11 OR BA.5.2.12 OR BA.5.2.13 OR BA.5.2.14 OR BA.5.2.16 OR BA.5.2.18 OR BA.5.2.19 OR BA.5.2.20 OR BA.5.2.21 OR BA.5.2.22 OR BA.5.2.23 OR BA.5.2.24 OR BA.5.2.25 OR BA.5.2.26 OR BA.5.2.27 OR BA.5.2.28 OR BA.5.2.29 OR BA.5.2.30 OR BA.5.2.31 OR BA.5.2.32 OR BA.5.2.33 OR BA.5.2.34 OR BA.5.2.35 OR BA.5.2.36 OR BA.5.2.37 OR BA.5.2.38 OR BA.5.2.39 OR BA.5.2.40 OR BA.5.2.41 OR BA.5.2.42 OR BA.5.2.43 OR BA.5.2.44 OR BA.5.2.45 OR BA.5.2.46 OR BA.5.2.47 OR BA.5.2.48 OR BA.5.2.49 OR BA.5.3 OR BA.5.3.1 OR BA.5.3.2 OR BA.5.3.3 OR BA.5.3.4 OR BA.5.3.5 OR BA.5.5 OR BA.5.5.1 OR BA.5.5.2 OR BA.5.5.3 OR BA.5.6 OR BA.5.6.1 OR BA.5.6.2 OR BA.5.6.3 OR BA.5.6.4 OR BA.5.7 OR BA.5.8 OR BA.5.9 OR BA.5.10 OR BA.5.10.1 OR BA.5.11 OR BC.1 OR BC.2 OR BD.1 OR BE.1 OR BE.1.1 OR BE.1.1.1 OR BE.1.1.2 OR BE.1.2 OR BE.1.2.1 OR BE.1.3 OR BE.1.4 OR BE.1.4.1 OR BE.1.4.2 OR BE.1.4.3 OR BE.1.4.4 OR BE.2 OR BE.3 OR BE.4 OR BE.4.1 OR BE.4.1.1 OR BE.4.2 OR BE.5 OR BE.6 OR BE.7 OR BE.8 OR BE.9 OR BE.10 OR BF.1 OR BF.1.1 OR BF.2 OR BF.3 OR BF.3.1 OR BF.4 OR BF.5 OR BF.5.1 OR BF.5.2 OR BF.6 OR BF.7 OR BF.7.1 OR BF.7.2 OR BF.7.3 OR BF.7.4 OR BF.7.4.1 OR BF.7.4.2 OR BF.7.5 OR BF.7.5.1 OR BF.7.6 OR BF.7.7 OR BF.7.8 OR BF.7.9 OR BF.7.10 OR BF.7.11 OR BF.7.12 OR BF.7.13 OR BF.7.13.1 OR BF.7.13.2 OR BF.7.14 OR BF.7.15 OR BF.8 OR BF.9 OR BF.10 OR BF.10.1 OR BF.11 OR BF.11.1 OR BF.11.2 OR BF.11.3 OR BF.11.4 OR BF.11.5 OR BF.12 OR BF.13 OR BF.14 OR BF.15 OR BF.16 OR BF.17 OR BF.18 OR BF.19 OR BF.20 OR BF.21 OR BF.22 OR BF.23 OR BF.24 OR BF.25 OR BF.26 OR BF.27 OR BF.28 OR BF.29 OR BF.30 OR BF.31 OR BF.31.1 OR BF.32 OR BF.33 OR BF.34 OR BG.1 OR BG.2 OR BG.3 OR BG.4 OR BG.5 OR BG.6 OR BG.7 OR BH.1 OR BJ.1 OR BK.1 OR BL.1 OR BL.1.1 OR BL.1.2 OR BL.1.3 OR BL.1.4 OR BL.2 OR BL.2.1 OR BL.3 OR BL.4 OR BL.5 OR BL.6 OR BM.1 OR BM.1.1 OR BM.1.1.1 OR BM.1.1.2 OR BM.1.1.3 OR BM.1.1.4 OR BM.1.1.5 OR BM.2 OR BM.2.1 OR BM.2.2 OR BM.2.3 OR BM.3 OR BM.4 OR BM.4.1 OR BM.4.1.1 OR BM.5 OR BM.6 OR BN.1 OR BN.1.1 OR BN.1.1.1 OR BN.1.2 OR BN.1.2.1 OR BN.1.3 OR BN.1.3.1 OR BN.1.3.2 OR BN.1.3.3 OR BN.1.3.4 OR BN.1.4 OR BN.1.4.1 OR BN.1.5 OR BN.1.5.1 OR BN.1.6 OR BN.1.7 OR BN.1.8 OR BN.1.9 OR BN.2 OR BN.2.1 OR BN.3 OR BN.3.1 OR BN.4 OR BN.5 OR BN.6 OR BP.1 OR BQ.1 OR BQ.1.1 OR BQ.1.1.1 OR BQ.1.1.2 OR BQ.1.1.3 OR BQ.1.1.4 OR BQ.1.1.5 OR BQ.1.1.6 OR BQ.1.1.7 OR BQ.1.1.8 OR BQ.1.1.9 OR BQ.1.1.10 OR BQ.1.1.11 OR BQ.1.1.12 OR BQ.1.1.13 OR BQ.1.1.14 OR BQ.1.1.15 OR BQ.1.1.16 OR BQ.1.1.17 OR BQ.1.1.18 OR BQ.1.1.19 OR BQ.1.1.20 OR BQ.1.1.21 OR BQ.1.1.22 OR BQ.1.1.23 OR BQ.1.1.24 OR BQ.1.1.25 OR BQ.1.1.26 OR BQ.1.1.27 OR BQ.1.1.28 OR BQ.1.1.29 OR BQ.1.1.30 OR BQ.1.1.31 OR BQ.1.1.32 OR BQ.1.1.34 OR BQ.1.1.35 OR BQ.1.1.36 OR BQ.1.2 OR BQ.1.3 OR BQ.1.4 OR BQ.1.5 OR BQ.1.6 OR BQ.1.7 OR BQ.1.8 OR BQ.1.8.1 OR BQ.1.8.2 OR BQ.1.9 OR BQ.1.10 OR BQ.1.10.1 OR BQ.1.11 OR BQ.1.12 OR BQ.1.13 OR BQ.1.13.1 OR BQ.1.14 OR BQ.1.15 OR BQ.1.16 OR BQ.1.17 OR BQ.1.18 OR BQ.1.19 OR BQ.1.20 OR BQ.1.21 OR BQ.1.22 OR BQ.1.23 OR BQ.1.24 OR BQ.1.25 OR BQ.1.25.1 OR BQ.1.26 OR BQ.1.26.1 OR BQ.1.27 OR BQ.1.28 OR BQ.2 OR BR.1 OR BR.1.1 OR BR.1.2 OR BR.2 OR BR.2.1 OR BR.3 OR BR.4 OR BS.1 OR BS.1.1 OR BS.1.2 OR BT.1 OR BT.2 OR BU.1 OR BU.2 OR BU.3 OR BV.1 OR BV.2 OR BW.1 OR BW.1.1 OR BY.1 OR BY.1.1 OR BY.1.1.1 OR BY.1.2 OR BY.1.2.1 OR BZ.1 OR CA.1 OR CA.2 OR CA.3 OR CA.3.1 OR CA.4 OR CA.5 OR CA.6 OR CA.7 OR CB.1 OR CC.1 OR CD.1 OR CD.2 OR CE.1 OR CF.1 OR CG.1 OR CH.1 OR CH.1.1 OR CH.1.1.1 OR CH.1.1.2 OR CH.1.1.3 OR CH.1.1.4 OR CH.1.1.5 OR CH.2 OR CH.3 OR CH.3.1 OR CJ.1 OR CJ.1.1 OR CK.1 OR CK.1.1 OR CK.1.2 OR CK.2 OR CK.2.1 OR CK.2.1.1 OR CK.3 OR CL.1 OR CM.1 OR CM.2 OR CM.2.1 OR CM.3 OR CM.4 OR CM.4.1 OR CM.5 OR CM.5.1 OR CM.5.2 OR CM.6 OR CM.6.1 OR CM.7 OR CM.8 OR CM.8.1 OR CM.9 OR CM.10 OR CM.11 OR CM.12 OR CN.1 OR CN.2 OR CP.1 OR CP.1.1 OR CP.1.2 OR CP.1.3 OR CP.2 OR CP.3 OR CP.4 OR CP.5 OR CP.6 OR CQ.1 OR CQ.1.1 OR CQ.2 OR CR.1 OR CR.1.1 OR CR.1.2 OR CR.1.3 OR CR.2 OR CS.1 OR CT.1 OR CU.1 OR CV.1 OR CV.2 OR CW.1 OR CY.1 OR CZ.1 OR DA.1 OR DB.1 OR DB.2 OR DC.1 OR DD.1 OR DE.1 OR DE.2 OR DF.1 OR DF.1.1 OR DG.1 OR DH.1 OR DJ.1 OR DJ.1.1 OR DJ.1.2 OR DJ.1.3 OR DK.1 OR DL.1 OR DM.1 OR DN.1 OR DN.1.1 OR DP.1 OR DQ.1 OR DR.1 OR DS.1 OR DT.1 OR DU.1 OR DV.1,Omicron,15.3571428571429,13.4285714285714,0.874418604651163
2022-06-16,10,6,16.4285714285714,13.7142857142857,0.834782608695652,0.655824432374887,0.973087209784516,B.1.1.529 OR BA.1 OR BA.1.1 OR BA.1.1.1 OR BA.1.1.2 OR BA.1.1.3 OR BA.1.1.4 OR BA.1.1.5 OR BA.1.1.6 OR BA.1.1.7 OR BA.1.1.8 OR BA.1.1.9 OR BA.1.1.10 OR BA.1.1.11 OR BA.1.1.12 OR BA.1.1.13 OR BA.1.1.14 OR BA.1.1.15 OR BA.1.1.16 OR BA.1.1.17 OR BA.1.1.18 OR BA.1.2 OR BA.1.3 OR BA.1.4 OR BA.1.5 OR BA.1.6 OR BA.1.7 OR BA.1.8 OR BA.1.9 OR BA.1.10 OR BA.1.12 OR BA.1.13 OR BA.1.13.1 OR BA.1.14 OR BA.1.14.1 OR BA.1.14.2 OR BA.1.15 OR BA.1.15.1 OR BA.1.15.2 OR BA.1.15.3 OR BA.1.16 OR BA.1.16.1 OR BA.1.16.2 OR BA.1.17 OR BA.1.17.1 OR BA.1.17.2 OR BA.1.18 OR BA.1.19 OR BA.1.20 OR BA.1.21 OR BA.1.21.1 OR BA.1.22 OR BA.1.23 OR BA.1.24 OR BA.2 OR BA.2.1 OR BA.2.2 OR BA.2.2.1 OR BA.2.3 OR BA.2.3.1 OR BA.2.3.2 OR BA.2.3.4 OR BA.2.3.5 OR BA.2.3.6 OR BA.2.3.7 OR BA.2.3.8 OR BA.2.3.9 OR BA.2.3.10 OR BA.2.3.11 OR BA.2.3.12 OR BA.2.3.13 OR BA.2.3.14 OR BA.2.3.15 OR BA.2.3.16 OR BA.2.3.17 OR BA.2.3.18 OR BA.2.3.19 OR BA.2.3.20 OR BA.2.3.21 OR BA.2.3.22 OR BA.2.4 OR BA.2.5 OR BA.2.6 OR BA.2.7 OR BA.2.8 OR BA.2.9 OR BA.2.9.1 OR BA.2.9.2 OR BA.2.9.3 OR BA.2.9.4 OR BA.2.9.5 OR BA.2.9.6 OR BA.2.9.7 OR BA.2.10 OR BA.2.10.1 OR BA.2.10.2 OR BA.2.10.3 OR BA.2.10.4 OR BA.2.11 OR BA.2.12 OR BA.2.12.1 OR BA.2.12.2 OR BA.2.13 OR BA.2.13.1 OR BA.2.14 OR BA.2.15 OR BA.2.16 OR BA.2.17 OR BA.2.18 OR BA.2.19 OR BA.2.20 OR BA.2.21 OR BA.2.22 OR BA.2.23 OR BA.2.23.1 OR BA.2.24 OR BA.2.25 OR BA.2.25.1 OR BA.2.26 OR BA.2.27 OR BA.2.28 OR BA.2.29 OR BA.2.30 OR BA.2.31 OR BA.2.31.1 OR BA.2.32 OR BA.2.33 OR BA.2.34 OR BA.2.35 OR BA.2.36 OR BA.2.37 OR BA.2.38 OR BA.2.38.1 OR BA.2.38.2 OR BA.2.38.3 OR BA.2.38.4 OR BA.2.39 OR BA.2.40 OR BA.2.40.1 OR BA.2.41 OR BA.2.42 OR BA.2.43 OR BA.2.44 OR BA.2.45 OR BA.2.46 OR BA.2.47 OR BA.2.48 OR BA.2.49 OR BA.2.50 OR BA.2.51 OR BA.2.52 OR BA.2.53 OR BA.2.54 OR BA.2.55 OR BA.2.56 OR BA.2.56.1 OR BA.2.57 OR BA.2.58 OR BA.2.59 OR BA.2.60 OR BA.2.61 OR BA.2.62 OR BA.2.63 OR BA.2.64 OR BA.2.65 OR BA.2.66 OR BA.2.67 OR BA.2.68 OR BA.2.69 OR BA.2.70 OR BA.2.71 OR BA.2.72 OR BA.2.73 OR BA.2.74 OR BA.2.75 OR BA.2.75.1 OR BA.2.75.2 OR BA.2.75.3 OR BA.2.75.4 OR BA.2.75.5 OR BA.2.75.6 OR BA.2.75.7 OR BA.2.75.8 OR BA.2.75.9 OR BA.2.75.10 OR BA.2.76 OR BA.2.76.1 OR BA.2.76.2 OR BA.2.77 OR BA.2.78 OR BA.2.79 OR BA.2.79.1 OR BA.2.80 OR BA.2.81 OR BA.2.82 OR BA.2.83 OR BA.2.85 OR BA.3 OR BA.3.1 OR BA.4 OR BA.4.1 OR BA.4.1.1 OR BA.4.1.2 OR BA.4.1.3 OR BA.4.1.4 OR BA.4.1.5 OR BA.4.1.6 OR BA.4.1.7 OR BA.4.1.8 OR BA.4.1.9 OR BA.4.1.10 OR BA.4.2 OR BA.4.3 OR BA.4.4 OR BA.4.5 OR BA.4.6 OR BA.4.6.1 OR BA.4.6.2 OR BA.4.6.3 OR BA.4.6.4 OR BA.4.6.5 OR BA.4.7 OR BA.4.8 OR BA.5 OR BA.5.1 OR BA.5.1.1 OR BA.5.1.2 OR BA.5.1.3 OR BA.5.1.4 OR BA.5.1.5 OR BA.5.1.6 OR BA.5.1.7 OR BA.5.1.8 OR BA.5.1.9 OR BA.5.1.10 OR BA.5.1.11 OR BA.5.1.12 OR BA.5.1.14 OR BA.5.1.15 OR BA.5.1.16 OR BA.5.1.17 OR BA.5.1.18 OR BA.5.1.19 OR BA.5.1.20 OR BA.5.1.21 OR BA.5.1.22 OR BA.5.1.23 OR BA.5.1.24 OR BA.5.1.25 OR BA.5.1.26 OR BA.5.1.27 OR BA.5.1.28 OR BA.5.1.29 OR BA.5.1.30 OR BA.5.1.31 OR BA.5.1.32 OR BA.5.2 OR BA.5.2.1 OR BA.5.2.2 OR BA.5.2.3 OR BA.5.2.4 OR BA.5.2.5 OR BA.5.2.6 OR BA.5.2.7 OR BA.5.2.8 OR BA.5.2.9 OR BA.5.2.10 OR BA.5.2.11 OR BA.5.2.12 OR BA.5.2.13 OR BA.5.2.14 OR BA.5.2.16 OR BA.5.2.18 OR BA.5.2.19 OR BA.5.2.20 OR BA.5.2.21 OR BA.5.2.22 OR BA.5.2.23 OR BA.5.2.24 OR BA.5.2.25 OR BA.5.2.26 OR BA.5.2.27 OR BA.5.2.28 OR BA.5.2.29 OR BA.5.2.30 OR BA.5.2.31 OR BA.5.2.32 OR BA.5.2.33 OR BA.5.2.34 OR BA.5.2.35 OR BA.5.2.36 OR BA.5.2.37 OR BA.5.2.38 OR BA.5.2.39 OR BA.5.2.40 OR BA.5.2.41 OR BA.5.2.42 OR BA.5.2.43 OR BA.5.2.44 OR BA.5.2.45 OR BA.5.2.46 OR BA.5.2.47 OR BA.5.2.48 OR BA.5.2.49 OR BA.5.3 OR BA.5.3.1 OR BA.5.3.2 OR BA.5.3.3 OR BA.5.3.4 OR BA.5.3.5 OR BA.5.5 OR BA.5.5.1 OR BA.5.5.2 OR BA.5.5.3 OR BA.5.6 OR BA.5.6.1 OR BA.5.6.2 OR BA.5.6.3 OR BA.5.6.4 OR BA.5.7 OR BA.5.8 OR BA.5.9 OR BA.5.10 OR BA.5.10.1 OR BA.5.11 OR BC.1 OR BC.2 OR BD.1 OR BE.1 OR BE.1.1 OR BE.1.1.1 OR BE.1.1.2 OR BE.1.2 OR BE.1.2.1 OR BE.1.3 OR BE.1.4 OR BE.1.4.1 OR BE.1.4.2 OR BE.1.4.3 OR BE.1.4.4 OR BE.2 OR BE.3 OR BE.4 OR BE.4.1 OR BE.4.1.1 OR BE.4.2 OR BE.5 OR BE.6 OR BE.7 OR BE.8 OR BE.9 OR BE.10 OR BF.1 OR BF.1.1 OR BF.2 OR BF.3 OR BF.3.1 OR BF.4 OR BF.5 OR BF.5.1 OR BF.5.2 OR BF.6 OR BF.7 OR BF.7.1 OR BF.7.2 OR BF.7.3 OR BF.7.4 OR BF.7.4.1 OR BF.7.4.2 OR BF.7.5 OR BF.7.5.1 OR BF.7.6 OR BF.7.7 OR BF.7.8 OR BF.7.9 OR BF.7.10 OR BF.7.11 OR BF.7.12 OR BF.7.13 OR BF.7.13.1 OR BF.7.13.2 OR BF.7.14 OR BF.7.15 OR BF.8 OR BF.9 OR BF.10 OR BF.10.1 OR BF.11 OR BF.11.1 OR BF.11.2 OR BF.11.3 OR BF.11.4 OR BF.11.5 OR BF.12 OR BF.13 OR BF.14 OR BF.15 OR BF.16 OR BF.17 OR BF.18 OR BF.19 OR BF.20 OR BF.21 OR BF.22 OR BF.23 OR BF.24 OR BF.25 OR BF.26 OR BF.27 OR BF.28 OR BF.29 OR BF.30 OR BF.31 OR BF.31.1 OR BF.32 OR BF.33 OR BF.34 OR BG.1 OR BG.2 OR BG.3 OR BG.4 OR BG.5 OR BG.6 OR BG.7 OR BH.1 OR BJ.1 OR BK.1 OR BL.1 OR BL.1.1 OR BL.1.2 OR BL.1.3 OR BL.1.4 OR BL.2 OR BL.2.1 OR BL.3 OR BL.4 OR BL.5 OR BL.6 OR BM.1 OR BM.1.1 OR BM.1.1.1 OR BM.1.1.2 OR BM.1.1.3 OR BM.1.1.4 OR BM.1.1.5 OR BM.2 OR BM.2.1 OR BM.2.2 OR BM.2.3 OR BM.3 OR BM.4 OR BM.4.1 OR BM.4.1.1 OR BM.5 OR BM.6 OR BN.1 OR BN.1.1 OR BN.1.1.1 OR BN.1.2 OR BN.1.2.1 OR BN.1.3 OR BN.1.3.1 OR BN.1.3.2 OR BN.1.3.3 OR BN.1.3.4 OR BN.1.4 OR BN.1.4.1 OR BN.1.5 OR BN.1.5.1 OR BN.1.6 OR BN.1.7 OR BN.1.8 OR BN.1.9 OR BN.2 OR BN.2.1 OR BN.3 OR BN.3.1 OR BN.4 OR BN.5 OR BN.6 OR BP.1 OR BQ.1 OR BQ.1.1 OR BQ.1.1.1 OR BQ.1.1.2 OR BQ.1.1.3 OR BQ.1.1.4 OR BQ.1.1.5 OR BQ.1.1.6 OR BQ.1.1.7 OR BQ.1.1.8 OR BQ.1.1.9 OR BQ.1.1.10 OR BQ.1.1.11 OR BQ.1.1.12 OR BQ.1.1.13 OR BQ.1.1.14 OR BQ.1.1.15 OR BQ.1.1.16 OR BQ.1.1.17 OR BQ.1.1.18 OR BQ.1.1.19 OR BQ.1.1.20 OR BQ.1.1.21 OR BQ.1.1.22 OR BQ.1.1.23 OR BQ.1.1.24 OR BQ.1.1.25 OR BQ.1.1.26 OR BQ.1.1.27 OR BQ.1.1.28 OR BQ.1.1.29 OR BQ.1.1.30 OR BQ.1.1.31 OR BQ.1.1.32 OR BQ.1.1.34 OR BQ.1.1.35 OR BQ.1.1.36 OR BQ.1.2 OR BQ.1.3 OR BQ.1.4 OR BQ.1.5 OR BQ.1.6 OR BQ.1.7 OR BQ.1.8 OR BQ.1.8.1 OR BQ.1.8.2 OR BQ.1.9 OR BQ.1.10 OR BQ.1.10.1 OR BQ.1.11 OR BQ.1.12 OR BQ.1.13 OR BQ.1.13.1 OR BQ.1.14 OR BQ.1.15 OR BQ.1.16 OR BQ.1.17 OR BQ.1.18 OR BQ.1.19 OR BQ.1.20 OR BQ.1.21 OR BQ.1.22 OR BQ.1.23 OR BQ.1.24 OR BQ.1.25 OR BQ.1.25.1 OR BQ.1.26 OR BQ.1.26.1 OR BQ.1.27 OR BQ.1.28 OR BQ.2 OR BR.1 OR BR.1.1 OR BR.1.2 OR BR.2 OR BR.2.1 OR BR.3 OR BR.4 OR BS.1 OR BS.1.1 OR BS.1.2 OR BT.1 OR BT.2 OR BU.1 OR BU.2 OR BU.3 OR BV.1 OR BV.2 OR BW.1 OR BW.1.1 OR BY.1 OR BY.1.1 OR BY.1.1.1 OR BY.1.2 OR BY.1.2.1 OR BZ.1 OR CA.1 OR CA.2 OR CA.3 OR CA.3.1 OR CA.4 OR CA.5 OR CA.6 OR CA.7 OR CB.1 OR CC.1 OR CD.1 OR CD.2 OR CE.1 OR CF.1 OR CG.1 OR CH.1 OR CH.1.1 OR CH.1.1.1 OR CH.1.1.2 OR CH.1.1.3 OR CH.1.1.4 OR CH.1.1.5 OR CH.2 OR CH.3 OR CH.3.1 OR CJ.1 OR CJ.1.1 OR CK.1 OR CK.1.1 OR CK.1.2 OR CK.2 OR CK.2.1 OR CK.2.1.1 OR CK.3 OR CL.1 OR CM.1 OR CM.2 OR CM.2.1 OR CM.3 OR CM.4 OR CM.4.1 OR CM.5 OR CM.5.1 OR CM.5.2 OR CM.6 OR CM.6.1 OR CM.7 OR CM.8 OR CM.8.1 OR CM.9 OR CM.10 OR CM.11 OR CM.12 OR CN.1 OR CN.2 OR CP.1 OR CP.1.1 OR CP.1.2 OR CP.1.3 OR CP.2 OR CP.3 OR CP.4 OR CP.5 OR CP.6 OR CQ.1 OR CQ.1.1 OR CQ.2 OR CR.1 OR CR.1.1 OR CR.1.2 OR CR.1.3 OR CR.2 OR CS.1 OR CT.1 OR CU.1 OR CV.1 OR CV.2 OR CW.1 OR CY.1 OR CZ.1 OR DA.1 OR DB.1 OR DB.2 OR DC.1 OR DD.1 OR DE.1 OR DE.2 OR DF.1 OR DF.1.1 OR DG.1 OR DH.1 OR DJ.1 OR DJ.1.1 OR DJ.1.2 OR DJ.1.3 OR DK.1 OR DL.1 OR DM.1 OR DN.1 OR DN.1.1 OR DP.1 OR DQ.1 OR DR.1 OR DS.1 OR DT.1 OR DU.1 OR DV.1,Omicron,15.3571428571429,13.2142857142857,0.86046511627907
2022-06-17,12,11,16.1428571428571,13.2857142857143,0.823008849557522,0.579214827764293,0.944187016109991,B.1.1.529 OR BA.1 OR BA.1.1 OR BA.1.1.1 OR BA.1.1.2 OR BA.1.1.3 OR BA.1.1.4 OR BA.1.1.5 OR BA.1.1.6 OR BA.1.1.7 OR BA.1.1.8 OR BA.1.1.9 OR BA.1.1.10 OR BA.1.1.11 OR BA.1.1.12 OR BA.1.1.13 OR BA.1.1.14 OR BA.1.1.15 OR BA.1.1.16 OR BA.1.1.17 OR BA.1.1.18 OR BA.1.2 OR BA.1.3 OR BA.1.4 OR BA.1.5 OR BA.1.6 OR BA.1.7 OR BA.1.8 OR BA.1.9 OR BA.1.10 OR BA.1.12 OR BA.1.13 OR BA.1.13.1 OR BA.1.14 OR BA.1.14.1 OR BA.1.14.2 OR BA.1.15 OR BA.1.15.1 OR BA.1.15.2 OR BA.1.15.3 OR BA.1.16 OR BA.1.16.1 OR BA.1.16.2 OR BA.1.17 OR BA.1.17.1 OR BA.1.17.2 OR BA.1.18 OR BA.1.19 OR BA.1.20 OR BA.1.21 OR BA.1.21.1 OR BA.1.22 OR BA.1.23 OR BA.1.24 OR BA.2 OR BA.2.1 OR BA.2.2 OR BA.2.2.1 OR BA.2.3 OR BA.2.3.1 OR BA.2.3.2 OR BA.2.3.4 OR BA.2.3.5 OR BA.2.3.6 OR BA.2.3.7 OR BA.2.3.8 OR BA.2.3.9 OR BA.2.3.10 OR BA.2.3.11 OR BA.2.3.12 OR BA.2.3.13 OR BA.2.3.14 OR BA.2.3.15 OR BA.2.3.16 OR BA.2.3.17 OR BA.2.3.18 OR BA.2.3.19 OR BA.2.3.20 OR BA.2.3.21 OR BA.2.3.22 OR BA.2.4 OR BA.2.5 OR BA.2.6 OR BA.2.7 OR BA.2.8 OR BA.2.9 OR BA.2.9.1 OR BA.2.9.2 OR BA.2.9.3 OR BA.2.9.4 OR BA.2.9.5 OR BA.2.9.6 OR BA.2.9.7 OR BA.2.10 OR BA.2.10.1 OR BA.2.10.2 OR BA.2.10.3 OR BA.2.10.4 OR BA.2.11 OR BA.2.12 OR BA.2.12.1 OR BA.2.12.2 OR BA.2.13 OR BA.2.13.1 OR BA.2.14 OR BA.2.15 OR BA.2.16 OR BA.2.17 OR BA.2.18 OR BA.2.19 OR BA.2.20 OR BA.2.21 OR BA.2.22 OR BA.2.23 OR BA.2.23.1 OR BA.2.24 OR BA.2.25 OR BA.2.25.1 OR BA.2.26 OR BA.2.27 OR BA.2.28 OR BA.2.29 OR BA.2.30 OR BA.2.31 OR BA.2.31.1 OR BA.2.32 OR BA.2.33 OR BA.2.34 OR BA.2.35 OR BA.2.36 OR BA.2.37 OR BA.2.38 OR BA.2.38.1 OR BA.2.38.2 OR BA.2.38.3 OR BA.2.38.4 OR BA.2.39 OR BA.2.40 OR BA.2.40.1 OR BA.2.41 OR BA.2.42 OR BA.2.43 OR BA.2.44 OR BA.2.45 OR BA.2.46 OR BA.2.47 OR BA.2.48 OR BA.2.49 OR BA.2.50 OR BA.2.51 OR BA.2.52 OR BA.2.53 OR BA.2.54 OR BA.2.55 OR BA.2.56 OR BA.2.56.1 OR BA.2.57 OR BA.2.58 OR BA.2.59 OR BA.2.60 OR BA.2.61 OR BA.2.62 OR BA.2.63 OR BA.2.64 OR BA.2.65 OR BA.2.66 OR BA.2.67 OR BA.2.68 OR BA.2.69 OR BA.2.70 OR BA.2.71 OR BA.2.72 OR BA.2.73 OR BA.2.74 OR BA.2.75 OR BA.2.75.1 OR BA.2.75.2 OR BA.2.75.3 OR BA.2.75.4 OR BA.2.75.5 OR BA.2.75.6 OR BA.2.75.7 OR BA.2.75.8 OR BA.2.75.9 OR BA.2.75.10 OR BA.2.76 OR BA.2.76.1 OR BA.2.76.2 OR BA.2.77 OR BA.2.78 OR BA.2.79 OR BA.2.79.1 OR BA.2.80 OR BA.2.81 OR BA.2.82 OR BA.2.83 OR BA.2.85 OR BA.3 OR BA.3.1 OR BA.4 OR BA.4.1 OR BA.4.1.1 OR BA.4.1.2 OR BA.4.1.3 OR BA.4.1.4 OR BA.4.1.5 OR BA.4.1.6 OR BA.4.1.7 OR BA.4.1.8 OR BA.4.1.9 OR BA.4.1.10 OR BA.4.2 OR BA.4.3 OR BA.4.4 OR BA.4.5 OR BA.4.6 OR BA.4.6.1 OR BA.4.6.2 OR BA.4.6.3 OR BA.4.6.4 OR BA.4.6.5 OR BA.4.7 OR BA.4.8 OR BA.5 OR BA.5.1 OR BA.5.1.1 OR BA.5.1.2 OR BA.5.1.3 OR BA.5.1.4 OR BA.5.1.5 OR BA.5.1.6 OR BA.5.1.7 OR BA.5.1.8 OR BA.5.1.9 OR BA.5.1.10 OR BA.5.1.11 OR BA.5.1.12 OR BA.5.1.14 OR BA.5.1.15 OR BA.5.1.16 OR BA.5.1.17 OR BA.5.1.18 OR BA.5.1.19 OR BA.5.1.20 OR BA.5.1.21 OR BA.5.1.22 OR BA.5.1.23 OR BA.5.1.24 OR BA.5.1.25 OR BA.5.1.26 OR BA.5.1.27 OR BA.5.1.28 OR BA.5.1.29 OR BA.5.1.30 OR BA.5.1.31 OR BA.5.1.32 OR BA.5.2 OR BA.5.2.1 OR BA.5.2.2 OR BA.5.2.3 OR BA.5.2.4 OR BA.5.2.5 OR BA.5.2.6 OR BA.5.2.7 OR BA.5.2.8 OR BA.5.2.9 OR BA.5.2.10 OR BA.5.2.11 OR BA.5.2.12 OR BA.5.2.13 OR BA.5.2.14 OR BA.5.2.16 OR BA.5.2.18 OR BA.5.2.19 OR BA.5.2.20 OR BA.5.2.21 OR BA.5.2.22 OR BA.5.2.23 OR BA.5.2.24 OR BA.5.2.25 OR BA.5.2.26 OR BA.5.2.27 OR BA.5.2.28 OR BA.5.2.29 OR BA.5.2.30 OR BA.5.2.31 OR BA.5.2.32 OR BA.5.2.33 OR BA.5.2.34 OR BA.5.2.35 OR BA.5.2.36 OR BA.5.2.37 OR BA.5.2.38 OR BA.5.2.39 OR BA.5.2.40 OR BA.5.2.41 OR BA.5.2.42 OR BA.5.2.43 OR BA.5.2.44 OR BA.5.2.45 OR BA.5.2.46 OR BA.5.2.47 OR BA.5.2.48 OR BA.5.2.49 OR BA.5.3 OR BA.5.3.1 OR BA.5.3.2 OR BA.5.3.3 OR BA.5.3.4 OR BA.5.3.5 OR BA.5.5 OR BA.5.5.1 OR BA.5.5.2 OR BA.5.5.3 OR BA.5.6 OR BA.5.6.1 OR BA.5.6.2 OR BA.5.6.3 OR BA.5.6.4 OR BA.5.7 OR BA.5.8 OR BA.5.9 OR BA.5.10 OR BA.5.10.1 OR BA.5.11 OR BC.1 OR BC.2 OR BD.1 OR BE.1 OR BE.1.1 OR BE.1.1.1 OR BE.1.1.2 OR BE.1.2 OR BE.1.2.1 OR BE.1.3 OR BE.1.4 OR BE.1.4.1 OR BE.1.4.2 OR BE.1.4.3 OR BE.1.4.4 OR BE.2 OR BE.3 OR BE.4 OR BE.4.1 OR BE.4.1.1 OR BE.4.2 OR BE.5 OR BE.6 OR BE.7 OR BE.8 OR BE.9 OR BE.10 OR BF.1 OR BF.1.1 OR BF.2 OR BF.3 OR BF.3.1 OR BF.4 OR BF.5 OR BF.5.1 OR BF.5.2 OR BF.6 OR BF.7 OR BF.7.1 OR BF.7.2 OR BF.7.3 OR BF.7.4 OR BF.7.4.1 OR BF.7.4.2 OR BF.7.5 OR BF.7.5.1 OR BF.7.6 OR BF.7.7 OR BF.7.8 OR BF.7.9 OR BF.7.10 OR BF.7.11 OR BF.7.12 OR BF.7.13 OR BF.7.13.1 OR BF.7.13.2 OR BF.7.14 OR BF.7.15 OR BF.8 OR BF.9 OR BF.10 OR BF.10.1 OR BF.11 OR BF.11.1 OR BF.11.2 OR BF.11.3 OR BF.11.4 OR BF.11.5 OR BF.12 OR BF.13 OR BF.14 OR BF.15 OR BF.16 OR BF.17 OR BF.18 OR BF.19 OR BF.20 OR BF.21 OR BF.22 OR BF.23 OR BF.24 OR BF.25 OR BF.26 OR BF.27 OR BF.28 OR BF.29 OR BF.30 OR BF.31 OR BF.31.1 OR BF.32 OR BF.33 OR BF.34 OR BG.1 OR BG.2 OR BG.3 OR BG.4 OR BG.5 OR BG.6 OR BG.7 OR BH.1 OR BJ.1 OR BK.1 OR BL.1 OR BL.1.1 OR BL.1.2 OR BL.1.3 OR BL.1.4 OR BL.2 OR BL.2.1 OR BL.3 OR BL.4 OR BL.5 OR BL.6 OR BM.1 OR BM.1.1 OR BM.1.1.1 OR BM.1.1.2 OR BM.1.1.3 OR BM.1.1.4 OR BM.1.1.5 OR BM.2 OR BM.2.1 OR BM.2.2 OR BM.2.3 OR BM.3 OR BM.4 OR BM.4.1 OR BM.4.1.1 OR BM.5 OR BM.6 OR BN.1 OR BN.1.1 OR BN.1.1.1 OR BN.1.2 OR BN.1.2.1 OR BN.1.3 OR BN.1.3.1 OR BN.1.3.2 OR BN.1.3.3 OR BN.1.3.4 OR BN.1.4 OR BN.1.4.1 OR BN.1.5 OR BN.1.5.1 OR BN.1.6 OR BN.1.7 OR BN.1.8 OR BN.1.9 OR BN.2 OR BN.2.1 OR BN.3 OR BN.3.1 OR BN.4 OR BN.5 OR BN.6 OR BP.1 OR BQ.1 OR BQ.1.1 OR BQ.1.1.1 OR BQ.1.1.2 OR BQ.1.1.3 OR BQ.1.1.4 OR BQ.1.1.5 OR BQ.1.1.6 OR BQ.1.1.7 OR BQ.1.1.8 OR BQ.1.1.9 OR BQ.1.1.10 OR BQ.1.1.11 OR BQ.1.1.12 OR BQ.1.1.13 OR BQ.1.1.14 OR BQ.1.1.15 OR BQ.1.1.16 OR BQ.1.1.17 OR BQ.1.1.18 OR BQ.1.1.19 OR BQ.1.1.20 OR BQ.1.1.21 OR BQ.1.1.22 OR BQ.1.1.23 OR BQ.1.1.24 OR BQ.1.1.25 OR BQ.1.1.26 OR BQ.1.1.27 OR BQ.1.1.28 OR BQ.1.1.29 OR BQ.1.1.30 OR BQ.1.1.31 OR BQ.1.1.32 OR BQ.1.1.34 OR BQ.1.1.35 OR BQ.1.1.36 OR BQ.1.2 OR BQ.1.3 OR BQ.1.4 OR BQ.1.5 OR BQ.1.6 OR BQ.1.7 OR BQ.1.8 OR BQ.1.8.1 OR BQ.1.8.2 OR BQ.1.9 OR BQ.1.10 OR BQ.1.10.1 OR BQ.1.11 OR BQ.1.12 OR BQ.1.13 OR BQ.1.13.1 OR BQ.1.14 OR BQ.1.15 OR BQ.1.16 OR BQ.1.17 OR BQ.1.18 OR BQ.1.19 OR BQ.1.20 OR BQ.1.21 OR BQ.1.22 OR BQ.1.23 OR BQ.1.24 OR BQ.1.25 OR BQ.1.25.1 OR BQ.1.26 OR BQ.1.26.1 OR BQ.1.27 OR BQ.1.28 OR BQ.2 OR BR.1 OR BR.1.1 OR BR.1.2 OR BR.2 OR BR.2.1 OR BR.3 OR BR.4 OR BS.1 OR BS.1.1 OR BS.1.2 OR BT.1 OR BT.2 OR BU.1 OR BU.2 OR BU.3 OR BV.1 OR BV.2 OR BW.1 OR BW.1.1 OR BY.1 OR BY.1.1 OR BY.1.1.1 OR BY.1.2 OR BY.1.2.1 OR BZ.1 OR CA.1 OR CA.2 OR CA.3 OR CA.3.1 OR CA.4 OR CA.5 OR CA.6 OR CA.7 OR CB.1 OR CC.1 OR CD.1 OR CD.2 OR CE.1 OR CF.1 OR CG.1 OR CH.1 OR CH.1.1 OR CH.1.1.1 OR CH.1.1.2 OR CH.1.1.3 OR CH.1.1.4 OR CH.1.1.5 OR CH.2 OR CH.3 OR CH.3.1 OR CJ.1 OR CJ.1.1 OR CK.1 OR CK.1.1 OR CK.1.2 OR CK.2 OR CK.2.1 OR CK.2.1.1 OR CK.3 OR CL.1 OR CM.1 OR CM.2 OR CM.2.1 OR CM.3 OR CM.4 OR CM.4.1 OR CM.5 OR CM.5.1 OR CM.5.2 OR CM.6 OR CM.6.1 OR CM.7 OR CM.8 OR CM.8.1 OR CM.9 OR CM.10 OR CM.11 OR CM.12 OR CN.1 OR CN.2 OR CP.1 OR CP.1.1 OR CP.1.2 OR CP.1.3 OR CP.2 OR CP.3 OR CP.4 OR CP.5 OR CP.6 OR CQ.1 OR CQ.1.1 OR CQ.2 OR CR.1 OR CR.1.1 OR CR.1.2 OR CR.1.3 OR CR.2 OR CS.1 OR CT.1 OR CU.1 OR CV.1 OR CV.2 OR CW.1 OR CY.1 OR CZ.1 OR DA.1 OR DB.1 OR DB.2 OR DC.1 OR DD.1 OR DE.1 OR DE.2 OR DF.1 OR DF.1.1 OR DG.1 OR DH.1 OR DJ.1 OR DJ.1.1 OR DJ.1.2 OR DJ.1.3 OR DK.1 OR DL.1 OR DM.1 OR DN.1 OR DN.1.1 OR DP.1 OR DQ.1 OR DR.1 OR DS.1 OR DT.1 OR DU.1 OR DV.1,Omicron,14.7857142857143,12.6428571428571,0.855072463768116
2022-06-18,6,5,16,13.4285714285714,0.839285714285714,0.579214827764293,0.944187016109991,B.1.1.529 OR BA.1 OR BA.1.1 OR BA.1.1.1 OR BA.1.1.2 OR BA.1.1.3 OR BA.1.1.4 OR BA.1.1.5 OR BA.1.1.6 OR BA.1.1.7 OR BA.1.1.8 OR BA.1.1.9 OR BA.1.1.10 OR BA.1.1.11 OR BA.1.1.12 OR BA.1.1.13 OR BA.1.1.14 OR BA.1.1.15 OR BA.1.1.16 OR BA.1.1.17 OR BA.1.1.18 OR BA.1.2 OR BA.1.3 OR BA.1.4 OR BA.1.5 OR BA.1.6 OR BA.1.7 OR BA.1.8 OR BA.1.9 OR BA.1.10 OR BA.1.12 OR BA.1.13 OR BA.1.13.1 OR BA.1.14 OR BA.1.14.1 OR BA.1.14.2 OR BA.1.15 OR BA.1.15.1 OR BA.1.15.2 OR BA.1.15.3 OR BA.1.16 OR BA.1.16.1 OR BA.1.16.2 OR BA.1.17 OR BA.1.17.1 OR BA.1.17.2 OR BA.1.18 OR BA.1.19 OR BA.1.20 OR BA.1.21 OR BA.1.21.1 OR BA.1.22 OR BA.1.23 OR BA.1.24 OR BA.2 OR BA.2.1 OR BA.2.2 OR BA.2.2.1 OR BA.2.3 OR BA.2.3.1 OR BA.2.3.2 OR BA.2.3.4 OR BA.2.3.5 OR BA.2.3.6 OR BA.2.3.7 OR BA.2.3.8 OR BA.2.3.9 OR BA.2.3.10 OR BA.2.3.11 OR BA.2.3.12 OR BA.2.3.13 OR BA.2.3.14 OR BA.2.3.15 OR BA.2.3.16 OR BA.2.3.17 OR BA.2.3.18 OR BA.2.3.19 OR BA.2.3.20 OR BA.2.3.21 OR BA.2.3.22 OR BA.2.4 OR BA.2.5 OR BA.2.6 OR BA.2.7 OR BA.2.8 OR BA.2.9 OR BA.2.9.1 OR BA.2.9.2 OR BA.2.9.3 OR BA.2.9.4 OR BA.2.9.5 OR BA.2.9.6 OR BA.2.9.7 OR BA.2.10 OR BA.2.10.1 OR BA.2.10.2 OR BA.2.10.3 OR BA.2.10.4 OR BA.2.11 OR BA.2.12 OR BA.2.12.1 OR BA.2.12.2 OR BA.2.13 OR BA.2.13.1 OR BA.2.14 OR BA.2.15 OR BA.2.16 OR BA.2.17 OR BA.2.18 OR BA.2.19 OR BA.2.20 OR BA.2.21 OR BA.2.22 OR BA.2.23 OR BA.2.23.1 OR BA.2.24 OR BA.2.25 OR BA.2.25.1 OR BA.2.26 OR BA.2.27 OR BA.2.28 OR BA.2.29 OR BA.2.30 OR BA.2.31 OR BA.2.31.1 OR BA.2.32 OR BA.2.33 OR BA.2.34 OR BA.2.35 OR BA.2.36 OR BA.2.37 OR BA.2.38 OR BA.2.38.1 OR BA.2.38.2 OR BA.2.38.3 OR BA.2.38.4 OR BA.2.39 OR BA.2.40 OR BA.2.40.1 OR BA.2.41 OR BA.2.42 OR BA.2.43 OR BA.2.44 OR BA.2.45 OR BA.2.46 OR BA.2.47 OR BA.2.48 OR BA.2.49 OR BA.2.50 OR BA.2.51 OR BA.2.52 OR BA.2.53 OR BA.2.54 OR BA.2.55 OR BA.2.56 OR BA.2.56.1 OR BA.2.57 OR BA.2.58 OR BA.2.59 OR BA.2.60 OR BA.2.61 OR BA.2.62 OR BA.2.63 OR BA.2.64 OR BA.2.65 OR BA.2.66 OR BA.2.67 OR BA.2.68 OR BA.2.69 OR BA.2.70 OR BA.2.71 OR BA.2.72 OR BA.2.73 OR BA.2.74 OR BA.2.75 OR BA.2.75.1 OR BA.2.75.2 OR BA.2.75.3 OR BA.2.75.4 OR BA.2.75.5 OR BA.2.75.6 OR BA.2.75.7 OR BA.2.75.8 OR BA.2.75.9 OR BA.2.75.10 OR BA.2.76 OR BA.2.76.1 OR BA.2.76.2 OR BA.2.77 OR BA.2.78 OR BA.2.79 OR BA.2.79.1 OR BA.2.80 OR BA.2.81 OR BA.2.82 OR BA.2.83 OR BA.2.85 OR BA.3 OR BA.3.1 OR BA.4 OR BA.4.1 OR BA.4.1.1 OR BA.4.1.2 OR BA.4.1.3 OR BA.4.1.4 OR BA.4.1.5 OR BA.4.1.6 OR BA.4.1.7 OR BA.4.1.8 OR BA.4.1.9 OR BA.4.1.10 OR BA.4.2 OR BA.4.3 OR BA.4.4 OR BA.4.5 OR BA.4.6 OR BA.4.6.1 OR BA.4.6.2 OR BA.4.6.3 OR BA.4.6.4 OR BA.4.6.5 OR BA.4.7 OR BA.4.8 OR BA.5 OR BA.5.1 OR BA.5.1.1 OR BA.5.1.2 OR BA.5.1.3 OR BA.5.1.4 OR BA.5.1.5 OR BA.5.1.6 OR BA.5.1.7 OR BA.5.1.8 OR BA.5.1.9 OR BA.5.1.10 OR BA.5.1.11 OR BA.5.1.12 OR BA.5.1.14 OR BA.5.1.15 OR BA.5.1.16 OR BA.5.1.17 OR BA.5.1.18 OR BA.5.1.19 OR BA.5.1.20 OR BA.5.1.21 OR BA.5.1.22 OR BA.5.1.23 OR BA.5.1.24 OR BA.5.1.25 OR BA.5.1.26 OR BA.5.1.27 OR BA.5.1.28 OR BA.5.1.29 OR BA.5.1.30 OR BA.5.1.31 OR BA.5.1.32 OR BA.5.2 OR BA.5.2.1 OR BA.5.2.2 OR BA.5.2.3 OR BA.5.2.4 OR BA.5.2.5 OR BA.5.2.6 OR BA.5.2.7 OR BA.5.2.8 OR BA.5.2.9 OR BA.5.2.10 OR BA.5.2.11 OR BA.5.2.12 OR BA.5.2.13 OR BA.5.2.14 OR BA.5.2.16 OR BA.5.2.18 OR BA.5.2.19 OR BA.5.2.20 OR BA.5.2.21 OR BA.5.2.22 OR BA.5.2.23 OR BA.5.2.24 OR BA.5.2.25 OR BA.5.2.26 OR BA.5.2.27 OR BA.5.2.28 OR BA.5.2.29 OR BA.5.2.30 OR BA.5.2.31 OR BA.5.2.32 OR BA.5.2.33 OR BA.5.2.34 OR BA.5.2.35 OR BA.5.2.36 OR BA.5.2.37 OR BA.5.2.38 OR BA.5.2.39 OR BA.5.2.40 OR BA.5.2.41 OR BA.5.2.42 OR BA.5.2.43 OR BA.5.2.44 OR BA.5.2.45 OR BA.5.2.46 OR BA.5.2.47 OR BA.5.2.48 OR BA.5.2.49 OR BA.5.3 OR BA.5.3.1 OR BA.5.3.2 OR BA.5.3.3 OR BA.5.3.4 OR BA.5.3.5 OR BA.5.5 OR BA.5.5.1 OR BA.5.5.2 OR BA.5.5.3 OR BA.5.6 OR BA.5.6.1 OR BA.5.6.2 OR BA.5.6.3 OR BA.5.6.4 OR BA.5.7 OR BA.5.8 OR BA.5.9 OR BA.5.10 OR BA.5.10.1 OR BA.5.11 OR BC.1 OR BC.2 OR BD.1 OR BE.1 OR BE.1.1 OR BE.1.1.1 OR BE.1.1.2 OR BE.1.2 OR BE.1.2.1 OR BE.1.3 OR BE.1.4 OR BE.1.4.1 OR BE.1.4.2 OR BE.1.4.3 OR BE.1.4.4 OR BE.2 OR BE.3 OR BE.4 OR BE.4.1 OR BE.4.1.1 OR BE.4.2 OR BE.5 OR BE.6 OR BE.7 OR BE.8 OR BE.9 OR BE.10 OR BF.1 OR BF.1.1 OR BF.2 OR BF.3 OR BF.3.1 OR BF.4 OR BF.5 OR BF.5.1 OR BF.5.2 OR BF.6 OR BF.7 OR BF.7.1 OR BF.7.2 OR BF.7.3 OR BF.7.4 OR BF.7.4.1 OR BF.7.4.2 OR BF.7.5 OR BF.7.5.1 OR BF.7.6 OR BF.7.7 OR BF.7.8 OR BF.7.9 OR BF.7.10 OR BF.7.11 OR BF.7.12 OR BF.7.13 OR BF.7.13.1 OR BF.7.13.2 OR BF.7.14 OR BF.7.15 OR BF.8 OR BF.9 OR BF.10 OR BF.10.1 OR BF.11 OR BF.11.1 OR BF.11.2 OR BF.11.3 OR BF.11.4 OR BF.11.5 OR BF.12 OR BF.13 OR BF.14 OR BF.15 OR BF.16 OR BF.17 OR BF.18 OR BF.19 OR BF.20 OR BF.21 OR BF.22 OR BF.23 OR BF.24 OR BF.25 OR BF.26 OR BF.27 OR BF.28 OR BF.29 OR BF.30 OR BF.31 OR BF.31.1 OR BF.32 OR BF.33 OR BF.34 OR BG.1 OR BG.2 OR BG.3 OR BG.4 OR BG.5 OR BG.6 OR BG.7 OR BH.1 OR BJ.1 OR BK.1 OR BL.1 OR BL.1.1 OR BL.1.2 OR BL.1.3 OR BL.1.4 OR BL.2 OR BL.2.1 OR BL.3 OR BL.4 OR BL.5 OR BL.6 OR BM.1 OR BM.1.1 OR BM.1.1.1 OR BM.1.1.2 OR BM.1.1.3 OR BM.1.1.4 OR BM.1.1.5 OR BM.2 OR BM.2.1 OR BM.2.2 OR BM.2.3 OR BM.3 OR BM.4 OR BM.4.1 OR BM.4.1.1 OR BM.5 OR BM.6 OR BN.1 OR BN.1.1 OR BN.1.1.1 OR BN.1.2 OR BN.1.2.1 OR BN.1.3 OR BN.1.3.1 OR BN.1.3.2 OR BN.1.3.3 OR BN.1.3.4 OR BN.1.4 OR BN.1.4.1 OR BN.1.5 OR BN.1.5.1 OR BN.1.6 OR BN.1.7 OR BN.1.8 OR BN.1.9 OR BN.2 OR BN.2.1 OR BN.3 OR BN.3.1 OR BN.4 OR BN.5 OR BN.6 OR BP.1 OR BQ.1 OR BQ.1.1 OR BQ.1.1.1 OR BQ.1.1.2 OR BQ.1.1.3 OR BQ.1.1.4 OR BQ.1.1.5 OR BQ.1.1.6 OR BQ.1.1.7 OR BQ.1.1.8 OR BQ.1.1.9 OR BQ.1.1.10 OR BQ.1.1.11 OR BQ.1.1.12 OR BQ.1.1.13 OR BQ.1.1.14 OR BQ.1.1.15 OR BQ.1.1.16 OR BQ.1.1.17 OR BQ.1.1.18 OR BQ.1.1.19 OR BQ.1.1.20 OR BQ.1.1.21 OR BQ.1.1.22 OR BQ.1.1.23 OR BQ.1.1.24 OR BQ.1.1.25 OR BQ.1.1.26 OR BQ.1.1.27 OR BQ.1.1.28 OR BQ.1.1.29 OR BQ.1.1.30 OR BQ.1.1.31 OR BQ.1.1.32 OR BQ.1.1.34 OR BQ.1.1.35 OR BQ.1.1.36 OR BQ.1.2 OR BQ.1.3 OR BQ.1.4 OR BQ.1.5 OR BQ.1.6 OR BQ.1.7 OR BQ.1.8 OR BQ.1.8.1 OR BQ.1.8.2 OR BQ.1.9 OR BQ.1.10 OR BQ.1.10.1 OR BQ.1.11 OR BQ.1.12 OR BQ.1.13 OR BQ.1.13.1 OR BQ.1.14 OR BQ.1.15 OR BQ.1.16 OR BQ.1.17 OR BQ.1.18 OR BQ.1.19 OR BQ.1.20 OR BQ.1.21 OR BQ.1.22 OR BQ.1.23 OR BQ.1.24 OR BQ.1.25 OR BQ.1.25.1 OR BQ.1.26 OR BQ.1.26.1 OR BQ.1.27 OR BQ.1.28 OR BQ.2 OR BR.1 OR BR.1.1 OR BR.1.2 OR BR.2 OR BR.2.1 OR BR.3 OR BR.4 OR BS.1 OR BS.1.1 OR BS.1.2 OR BT.1 OR BT.2 OR BU.1 OR BU.2 OR BU.3 OR BV.1 OR BV.2 OR BW.1 OR BW.1.1 OR BY.1 OR BY.1.1 OR BY.1.1.1 OR BY.1.2 OR BY.1.2.1 OR BZ.1 OR CA.1 OR CA.2 OR CA.3 OR CA.3.1 OR CA.4 OR CA.5 OR CA.6 OR CA.7 OR CB.1 OR CC.1 OR CD.1 OR CD.2 OR CE.1 OR CF.1 OR CG.1 OR CH.1 OR CH.1.1 OR CH.1.1.1 OR CH.1.1.2 OR CH.1.1.3 OR CH.1.1.4 OR CH.1.1.5 OR CH.2 OR CH.3 OR CH.3.1 OR CJ.1 OR CJ.1.1 OR CK.1 OR CK.1.1 OR CK.1.2 OR CK.2 OR CK.2.1 OR CK.2.1.1 OR CK.3 OR CL.1 OR CM.1 OR CM.2 OR CM.2.1 OR CM.3 OR CM.4 OR CM.4.1 OR CM.5 OR CM.5.1 OR CM.5.2 OR CM.6 OR CM.6.1 OR CM.7 OR CM.8 OR CM.8.1 OR CM.9 OR CM.10 OR CM.11 OR CM.12 OR CN.1 OR CN.2 OR CP.1 OR CP.1.1 OR CP.1.2 OR CP.1.3 OR CP.2 OR CP.3 OR CP.4 OR CP.5 OR CP.6 OR CQ.1 OR CQ.1.1 OR CQ.2 OR CR.1 OR CR.1.1 OR CR.1.2 OR CR.1.3 OR CR.2 OR CS.1 OR CT.1 OR CU.1 OR CV.1 OR CV.2 OR CW.1 OR CY.1 OR CZ.1 OR DA.1 OR DB.1 OR DB.2 OR DC.1 OR DD.1 OR DE.1 OR DE.2 OR DF.1 OR DF.1.1 OR DG.1 OR DH.1 OR DJ.1 OR DJ.1.1 OR DJ.1.2 OR DJ.1.3 OR DK.1 OR DL.1 OR DM.1 OR DN.1 OR DN.1.1 OR DP.1 OR DQ.1 OR DR.1 OR DS.1 OR DT.1 OR DU.1 OR DV.1,Omicron,14.7857142857143,12.6428571428571,0.855072463768116
2022-06-19,13,12,17,14.4285714285714,0.848739495798319,0.599877337376686,0.947652342949326,B.1.1.529 OR BA.1 OR BA.1.1 OR BA.1.1.1 OR BA.1.1.2 OR BA.1.1.3 OR BA.1.1.4 OR BA.1.1.5 OR BA.1.1.6 OR BA.1.1.7 OR BA.1.1.8 OR BA.1.1.9 OR BA.1.1.10 OR BA.1.1.11 OR BA.1.1.12 OR BA.1.1.13 OR BA.1.1.14 OR BA.1.1.15 OR BA.1.1.16 OR BA.1.1.17 OR BA.1.1.18 OR BA.1.2 OR BA.1.3 OR BA.1.4 OR BA.1.5 OR BA.1.6 OR BA.1.7 OR BA.1.8 OR BA.1.9 OR BA.1.10 OR BA.1.12 OR BA.1.13 OR BA.1.13.1 OR BA.1.14 OR BA.1.14.1 OR BA.1.14.2 OR BA.1.15 OR BA.1.15.1 OR BA.1.15.2 OR BA.1.15.3 OR BA.1.16 OR BA.1.16.1 OR BA.1.16.2 OR BA.1.17 OR BA.1.17.1 OR BA.1.17.2 OR BA.1.18 OR BA.1.19 OR BA.1.20 OR BA.1.21 OR BA.1.21.1 OR BA.1.22 OR BA.1.23 OR BA.1.24 OR BA.2 OR BA.2.1 OR BA.2.2 OR BA.2.2.1 OR BA.2.3 OR BA.2.3.1 OR BA.2.3.2 OR BA.2.3.4 OR BA.2.3.5 OR BA.2.3.6 OR BA.2.3.7 OR BA.2.3.8 OR BA.2.3.9 OR BA.2.3.10 OR BA.2.3.11 OR BA.2.3.12 OR BA.2.3.13 OR BA.2.3.14 OR BA.2.3.15 OR BA.2.3.16 OR BA.2.3.17 OR BA.2.3.18 OR BA.2.3.19 OR BA.2.3.20 OR BA.2.3.21 OR BA.2.3.22 OR BA.2.4 OR BA.2.5 OR BA.2.6 OR BA.2.7 OR BA.2.8 OR BA.2.9 OR BA.2.9.1 OR BA.2.9.2 OR BA.2.9.3 OR BA.2.9.4 OR BA.2.9.5 OR BA.2.9.6 OR BA.2.9.7 OR BA.2.10 OR BA.2.10.1 OR BA.2.10.2 OR BA.2.10.3 OR BA.2.10.4 OR BA.2.11 OR BA.2.12 OR BA.2.12.1 OR BA.2.12.2 OR BA.2.13 OR BA.2.13.1 OR BA.2.14 OR BA.2.15 OR BA.2.16 OR BA.2.17 OR BA.2.18 OR BA.2.19 OR BA.2.20 OR BA.2.21 OR BA.2.22 OR BA.2.23 OR BA.2.23.1 OR BA.2.24 OR BA.2.25 OR BA.2.25.1 OR BA.2.26 OR BA.2.27 OR BA.2.28 OR BA.2.29 OR BA.2.30 OR BA.2.31 OR BA.2.31.1 OR BA.2.32 OR BA.2.33 OR BA.2.34 OR BA.2.35 OR BA.2.36 OR BA.2.37 OR BA.2.38 OR BA.2.38.1 OR BA.2.38.2 OR BA.2.38.3 OR BA.2.38.4 OR BA.2.39 OR BA.2.40 OR BA.2.40.1 OR BA.2.41 OR BA.2.42 OR BA.2.43 OR BA.2.44 OR BA.2.45 OR BA.2.46 OR BA.2.47 OR BA.2.48 OR BA.2.49 OR BA.2.50 OR BA.2.51 OR BA.2.52 OR BA.2.53 OR BA.2.54 OR BA.2.55 OR BA.2.56 OR BA.2.56.1 OR BA.2.57 OR BA.2.58 OR BA.2.59 OR BA.2.60 OR BA.2.61 OR BA.2.62 OR BA.2.63 OR BA.2.64 OR BA.2.65 OR BA.2.66 OR BA.2.67 OR BA.2.68 OR BA.2.69 OR BA.2.70 OR BA.2.71 OR BA.2.72 OR BA.2.73 OR BA.2.74 OR BA.2.75 OR BA.2.75.1 OR BA.2.75.2 OR BA.2.75.3 OR BA.2.75.4 OR BA.2.75.5 OR BA.2.75.6 OR BA.2.75.7 OR BA.2.75.8 OR BA.2.75.9 OR BA.2.75.10 OR BA.2.76 OR BA.2.76.1 OR BA.2.76.2 OR BA.2.77 OR BA.2.78 OR BA.2.79 OR BA.2.79.1 OR BA.2.80 OR BA.2.81 OR BA.2.82 OR BA.2.83 OR BA.2.85 OR BA.3 OR BA.3.1 OR BA.4 OR BA.4.1 OR BA.4.1.1 OR BA.4.1.2 OR BA.4.1.3 OR BA.4.1.4 OR BA.4.1.5 OR BA.4.1.6 OR BA.4.1.7 OR BA.4.1.8 OR BA.4.1.9 OR BA.4.1.10 OR BA.4.2 OR BA.4.3 OR BA.4.4 OR BA.4.5 OR BA.4.6 OR BA.4.6.1 OR BA.4.6.2 OR BA.4.6.3 OR BA.4.6.4 OR BA.4.6.5 OR BA.4.7 OR BA.4.8 OR BA.5 OR BA.5.1 OR BA.5.1.1 OR BA.5.1.2 OR BA.5.1.3 OR BA.5.1.4 OR BA.5.1.5 OR BA.5.1.6 OR BA.5.1.7 OR BA.5.1.8 OR BA.5.1.9 OR BA.5.1.10 OR BA.5.1.11 OR BA.5.1.12 OR BA.5.1.14 OR BA.5.1.15 OR BA.5.1.16 OR BA.5.1.17 OR BA.5.1.18 OR BA.5.1.19 OR BA.5.1.20 OR BA.5.1.21 OR BA.5.1.22 OR BA.5.1.23 OR BA.5.1.24 OR BA.5.1.25 OR BA.5.1.26 OR BA.5.1.27 OR BA.5.1.28 OR BA.5.1.29 OR BA.5.1.30 OR BA.5.1.31 OR BA.5.1.32 OR BA.5.2 OR BA.5.2.1 OR BA.5.2.2 OR BA.5.2.3 OR BA.5.2.4 OR BA.5.2.5 OR BA.5.2.6 OR BA.5.2.7 OR BA.5.2.8 OR BA.5.2.9 OR BA.5.2.10 OR BA.5.2.11 OR BA.5.2.12 OR BA.5.2.13 OR BA.5.2.14 OR BA.5.2.16 OR BA.5.2.18 OR BA.5.2.19 OR BA.5.2.20 OR BA.5.2.21 OR BA.5.2.22 OR BA.5.2.23 OR BA.5.2.24 OR BA.5.2.25 OR BA.5.2.26 OR BA.5.2.27 OR BA.5.2.28 OR BA.5.2.29 OR BA.5.2.30 OR BA.5.2.31 OR BA.5.2.32 OR BA.5.2.33 OR BA.5.2.34 OR BA.5.2.35 OR BA.5.2.36 OR BA.5.2.37 OR BA.5.2.38 OR BA.5.2.39 OR BA.5.2.40 OR BA.5.2.41 OR BA.5.2.42 OR BA.5.2.43 OR BA.5.2.44 OR BA.5.2.45 OR BA.5.2.46 OR BA.5.2.47 OR BA.5.2.48 OR BA.5.2.49 OR BA.5.3 OR BA.5.3.1 OR BA.5.3.2 OR BA.5.3.3 OR BA.5.3.4 OR BA.5.3.5 OR BA.5.5 OR BA.5.5.1 OR BA.5.5.2 OR BA.5.5.3 OR BA.5.6 OR BA.5.6.1 OR BA.5.6.2 OR BA.5.6.3 OR BA.5.6.4 OR BA.5.7 OR BA.5.8 OR BA.5.9 OR BA.5.10 OR BA.5.10.1 OR BA.5.11 OR BC.1 OR BC.2 OR BD.1 OR BE.1 OR BE.1.1 OR BE.1.1.1 OR BE.1.1.2 OR BE.1.2 OR BE.1.2.1 OR BE.1.3 OR BE.1.4 OR BE.1.4.1 OR BE.1.4.2 OR BE.1.4.3 OR BE.1.4.4 OR BE.2 OR BE.3 OR BE.4 OR BE.4.1 OR BE.4.1.1 OR BE.4.2 OR BE.5 OR BE.6 OR BE.7 OR BE.8 OR BE.9 OR BE.10 OR BF.1 OR BF.1.1 OR BF.2 OR BF.3 OR BF.3.1 OR BF.4 OR BF.5 OR BF.5.1 OR BF.5.2 OR BF.6 OR BF.7 OR BF.7.1 OR BF.7.2 OR BF.7.3 OR BF.7.4 OR BF.7.4.1 OR BF.7.4.2 OR BF.7.5 OR BF.7.5.1 OR BF.7.6 OR BF.7.7 OR BF.7.8 OR BF.7.9 OR BF.7.10 OR BF.7.11 OR BF.7.12 OR BF.7.13 OR BF.7.13.1 OR BF.7.13.2 OR BF.7.14 OR BF.7.15 OR BF.8 OR BF.9 OR BF.10 OR BF.10.1 OR BF.11 OR BF.11.1 OR BF.11.2 OR BF.11.3 OR BF.11.4 OR BF.11.5 OR BF.12 OR BF.13 OR BF.14 OR BF.15 OR BF.16 OR BF.17 OR BF.18 OR BF.19 OR BF.20 OR BF.21 OR BF.22 OR BF.23 OR BF.24 OR BF.25 OR BF.26 OR BF.27 OR BF.28 OR BF.29 OR BF.30 OR BF.31 OR BF.31.1 OR BF.32 OR BF.33 OR BF.34 OR BG.1 OR BG.2 OR BG.3 OR BG.4 OR BG.5 OR BG.6 OR BG.7 OR BH.1 OR BJ.1 OR BK.1 OR BL.1 OR BL.1.1 OR BL.1.2 OR BL.1.3 OR BL.1.4 OR BL.2 OR BL.2.1 OR BL.3 OR BL.4 OR BL.5 OR BL.6 OR BM.1 OR BM.1.1 OR BM.1.1.1 OR BM.1.1.2 OR BM.1.1.3 OR BM.1.1.4 OR BM.1.1.5 OR BM.2 OR BM.2.1 OR BM.2.2 OR BM.2.3 OR BM.3 OR BM.4 OR BM.4.1 OR BM.4.1.1 OR BM.5 OR BM.6 OR BN.1 OR BN.1.1 OR BN.1.1.1 OR BN.1.2 OR BN.1.2.1 OR BN.1.3 OR BN.1.3.1 OR BN.1.3.2 OR BN.1.3.3 OR BN.1.3.4 OR BN.1.4 OR BN.1.4.1 OR BN.1.5 OR BN.1.5.1 OR BN.1.6 OR BN.1.7 OR BN.1.8 OR BN.1.9 OR BN.2 OR BN.2.1 OR BN.3 OR BN.3.1 OR BN.4 OR BN.5 OR BN.6 OR BP.1 OR BQ.1 OR BQ.1.1 OR BQ.1.1.1 OR BQ.1.1.2 OR BQ.1.1.3 OR BQ.1.1.4 OR BQ.1.1.5 OR BQ.1.1.6 OR BQ.1.1.7 OR BQ.1.1.8 OR BQ.1.1.9 OR BQ.1.1.10 OR BQ.1.1.11 OR BQ.1.1.12 OR BQ.1.1.13 OR BQ.1.1.14 OR BQ.1.1.15 OR BQ.1.1.16 OR BQ.1.1.17 OR BQ.1.1.18 OR BQ.1.1.19 OR BQ.1.1.20 OR BQ.1.1.21 OR BQ.1.1.22 OR BQ.1.1.23 OR BQ.1.1.24 OR BQ.1.1.25 OR BQ.1.1.26 OR BQ.1.1.27 OR BQ.1.1.28 OR BQ.1.1.29 OR BQ.1.1.30 OR BQ.1.1.31 OR BQ.1.1.32 OR BQ.1.1.34 OR BQ.1.1.35 OR BQ.1.1.36 OR BQ.1.2 OR BQ.1.3 OR BQ.1.4 OR BQ.1.5 OR BQ.1.6 OR BQ.1.7 OR BQ.1.8 OR BQ.1.8.1 OR BQ.1.8.2 OR BQ.1.9 OR BQ.1.10 OR BQ.1.10.1 OR BQ.1.11 OR BQ.1.12 OR BQ.1.13 OR BQ.1.13.1 OR BQ.1.14 OR BQ.1.15 OR BQ.1.16 OR BQ.1.17 OR BQ.1.18 OR BQ.1.19 OR BQ.1.20 OR BQ.1.21 OR BQ.1.22 OR BQ.1.23 OR BQ.1.24 OR BQ.1.25 OR BQ.1.25.1 OR BQ.1.26 OR BQ.1.26.1 OR BQ.1.27 OR BQ.1.28 OR BQ.2 OR BR.1 OR BR.1.1 OR BR.1.2 OR BR.2 OR BR.2.1 OR BR.3 OR BR.4 OR BS.1 OR BS.1.1 OR BS.1.2 OR BT.1 OR BT.2 OR BU.1 OR BU.2 OR BU.3 OR BV.1 OR BV.2 OR BW.1 OR BW.1.1 OR BY.1 OR BY.1.1 OR BY.1.1.1 OR BY.1.2 OR BY.1.2.1 OR BZ.1 OR CA.1 OR CA.2 OR CA.3 OR CA.3.1 OR CA.4 OR CA.5 OR CA.6 OR CA.7 OR CB.1 OR CC.1 OR CD.1 OR CD.2 OR CE.1 OR CF.1 OR CG.1 OR CH.1 OR CH.1.1 OR CH.1.1.1 OR CH.1.1.2 OR CH.1.1.3 OR CH.1.1.4 OR CH.1.1.5 OR CH.2 OR CH.3 OR CH.3.1 OR CJ.1 OR CJ.1.1 OR CK.1 OR CK.1.1 OR CK.1.2 OR CK.2 OR CK.2.1 OR CK.2.1.1 OR CK.3 OR CL.1 OR CM.1 OR CM.2 OR CM.2.1 OR CM.3 OR CM.4 OR CM.4.1 OR CM.5 OR CM.5.1 OR CM.5.2 OR CM.6 OR CM.6.1 OR CM.7 OR CM.8 OR CM.8.1 OR CM.9 OR CM.10 OR CM.11 OR CM.12 OR CN.1 OR CN.2 OR CP.1 OR CP.1.1 OR CP.1.2 OR CP.1.3 OR CP.2 OR CP.3 OR CP.4 OR CP.5 OR CP.6 OR CQ.1 OR CQ.1.1 OR CQ.2 OR CR.1 OR CR.1.1 OR CR.1.2 OR CR.1.3 OR CR.2 OR CS.1 OR CT.1 OR CU.1 OR CV.1 OR CV.2 OR CW.1 OR CY.1 OR CZ.1 OR DA.1 OR DB.1 OR DB.2 OR DC.1 OR DD.1 OR DE.1 OR DE.2 OR DF.1 OR DF.1.1 OR DG.1 OR DH.1 OR DJ.1 OR DJ.1.1 OR DJ.1.2 OR DJ.1.3 OR DK.1 OR DL.1 OR DM.1 OR DN.1 OR DN.1.1 OR DP.1 OR DQ.1 OR DR.1 OR DS.1 OR DT.1 OR DU.1 OR DV.1,Omicron,15.2857142857143,13.0714285714286,0.855140186915888
2022-06-20,18,17,17.7142857142857,15.1428571428571,0.854838709677419,0.618643446510317,0.950711769431337,B.1.1.529 OR BA.1 OR BA.1.1 OR BA.1.1.1 OR BA.1.1.2 OR BA.1.1.3 OR BA.1.1.4 OR BA.1.1.5 OR BA.1.1.6 OR BA.1.1.7 OR BA.1.1.8 OR BA.1.1.9 OR BA.1.1.10 OR BA.1.1.11 OR BA.1.1.12 OR BA.1.1.13 OR BA.1.1.14 OR BA.1.1.15 OR BA.1.1.16 OR BA.1.1.17 OR BA.1.1.18 OR BA.1.2 OR BA.1.3 OR BA.1.4 OR BA.1.5 OR BA.1.6 OR BA.1.7 OR BA.1.8 OR BA.1.9 OR BA.1.10 OR BA.1.12 OR BA.1.13 OR BA.1.13.1 OR BA.1.14 OR BA.1.14.1 OR BA.1.14.2 OR BA.1.15 OR BA.1.15.1 OR BA.1.15.2 OR BA.1.15.3 OR BA.1.16 OR BA.1.16.1 OR BA.1.16.2 OR BA.1.17 OR BA.1.17.1 OR BA.1.17.2 OR BA.1.18 OR BA.1.19 OR BA.1.20 OR BA.1.21 OR BA.1.21.1 OR BA.1.22 OR BA.1.23 OR BA.1.24 OR BA.2 OR BA.2.1 OR BA.2.2 OR BA.2.2.1 OR BA.2.3 OR BA.2.3.1 OR BA.2.3.2 OR BA.2.3.4 OR BA.2.3.5 OR BA.2.3.6 OR BA.2.3.7 OR BA.2.3.8 OR BA.2.3.9 OR BA.2.3.10 OR BA.2.3.11 OR BA.2.3.12 OR BA.2.3.13 OR BA.2.3.14 OR BA.2.3.15 OR BA.2.3.16 OR BA.2.3.17 OR BA.2.3.18 OR BA.2.3.19 OR BA.2.3.20 OR BA.2.3.21 OR BA.2.3.22 OR BA.2.4 OR BA.2.5 OR BA.2.6 OR BA.2.7 OR BA.2.8 OR BA.2.9 OR BA.2.9.1 OR BA.2.9.2 OR BA.2.9.3 OR BA.2.9.4 OR BA.2.9.5 OR BA.2.9.6 OR BA.2.9.7 OR BA.2.10 OR BA.2.10.1 OR BA.2.10.2 OR BA.2.10.3 OR BA.2.10.4 OR BA.2.11 OR BA.2.12 OR BA.2.12.1 OR BA.2.12.2 OR BA.2.13 OR BA.2.13.1 OR BA.2.14 OR BA.2.15 OR BA.2.16 OR BA.2.17 OR BA.2.18 OR BA.2.19 OR BA.2.20 OR BA.2.21 OR BA.2.22 OR BA.2.23 OR BA.2.23.1 OR BA.2.24 OR BA.2.25 OR BA.2.25.1 OR BA.2.26 OR BA.2.27 OR BA.2.28 OR BA.2.29 OR BA.2.30 OR BA.2.31 OR BA.2.31.1 OR BA.2.32 OR BA.2.33 OR BA.2.34 OR BA.2.35 OR BA.2.36 OR BA.2.37 OR BA.2.38 OR BA.2.38.1 OR BA.2.38.2 OR BA.2.38.3 OR BA.2.38.4 OR BA.2.39 OR BA.2.40 OR BA.2.40.1 OR BA.2.41 OR BA.2.42 OR BA.2.43 OR BA.2.44 OR BA.2.45 OR BA.2.46 OR BA.2.47 OR BA.2.48 OR BA.2.49 OR BA.2.50 OR BA.2.51 OR BA.2.52 OR BA.2.53 OR BA.2.54 OR BA.2.55 OR BA.2.56 OR BA.2.56.1 OR BA.2.57 OR BA.2.58 OR BA.2.59 OR BA.2.60 OR BA.2.61 OR BA.2.62 OR BA.2.63 OR BA.2.64 OR BA.2.65 OR BA.2.66 OR BA.2.67 OR BA.2.68 OR BA.2.69 OR BA.2.70 OR BA.2.71 OR BA.2.72 OR BA.2.73 OR BA.2.74 OR BA.2.75 OR BA.2.75.1 OR BA.2.75.2 OR BA.2.75.3 OR BA.2.75.4 OR BA.2.75.5 OR BA.2.75.6 OR BA.2.75.7 OR BA.2.75.8 OR BA.2.75.9 OR BA.2.75.10 OR BA.2.76 OR BA.2.76.1 OR BA.2.76.2 OR BA.2.77 OR BA.2.78 OR BA.2.79 OR BA.2.79.1 OR BA.2.80 OR BA.2.81 OR BA.2.82 OR BA.2.83 OR BA.2.85 OR BA.3 OR BA.3.1 OR BA.4 OR BA.4.1 OR BA.4.1.1 OR BA.4.1.2 OR BA.4.1.3 OR BA.4.1.4 OR BA.4.1.5 OR BA.4.1.6 OR BA.4.1.7 OR BA.4.1.8 OR BA.4.1.9 OR BA.4.1.10 OR BA.4.2 OR BA.4.3 OR BA.4.4 OR BA.4.5 OR BA.4.6 OR BA.4.6.1 OR BA.4.6.2 OR BA.4.6.3 OR BA.4.6.4 OR BA.4.6.5 OR BA.4.7 OR BA.4.8 OR BA.5 OR BA.5.1 OR BA.5.1.1 OR BA.5.1.2 OR BA.5.1.3 OR BA.5.1.4 OR BA.5.1.5 OR BA.5.1.6 OR BA.5.1.7 OR BA.5.1.8 OR BA.5.1.9 OR BA.5.1.10 OR BA.5.1.11 OR BA.5.1.12 OR BA.5.1.14 OR BA.5.1.15 OR BA.5.1.16 OR BA.5.1.17 OR BA.5.1.18 OR BA.5.1.19 OR BA.5.1.20 OR BA.5.1.21 OR BA.5.1.22 OR BA.5.1.23 OR BA.5.1.24 OR BA.5.1.25 OR BA.5.1.26 OR BA.5.1.27 OR BA.5.1.28 OR BA.5.1.29 OR BA.5.1.30 OR BA.5.1.31 OR BA.5.1.32 OR BA.5.2 OR BA.5.2.1 OR BA.5.2.2 OR BA.5.2.3 OR BA.5.2.4 OR BA.5.2.5 OR BA.5.2.6 OR BA.5.2.7 OR BA.5.2.8 OR BA.5.2.9 OR BA.5.2.10 OR BA.5.2.11 OR BA.5.2.12 OR BA.5.2.13 OR BA.5.2.14 OR BA.5.2.16 OR BA.5.2.18 OR BA.5.2.19 OR BA.5.2.20 OR BA.5.2.21 OR BA.5.2.22 OR BA.5.2.23 OR BA.5.2.24 OR BA.5.2.25 OR BA.5.2.26 OR BA.5.2.27 OR BA.5.2.28 OR BA.5.2.29 OR BA.5.2.30 OR BA.5.2.31 OR BA.5.2.32 OR BA.5.2.33 OR BA.5.2.34 OR BA.5.2.35 OR BA.5.2.36 OR BA.5.2.37 OR BA.5.2.38 OR BA.5.2.39 OR BA.5.2.40 OR BA.5.2.41 OR BA.5.2.42 OR BA.5.2.43 OR BA.5.2.44 OR BA.5.2.45 OR BA.5.2.46 OR BA.5.2.47 OR BA.5.2.48 OR BA.5.2.49 OR BA.5.3 OR BA.5.3.1 OR BA.5.3.2 OR BA.5.3.3 OR BA.5.3.4 OR BA.5.3.5 OR BA.5.5 OR BA.5.5.1 OR BA.5.5.2 OR BA.5.5.3 OR BA.5.6 OR BA.5.6.1 OR BA.5.6.2 OR BA.5.6.3 OR BA.5.6.4 OR BA.5.7 OR BA.5.8 OR BA.5.9 OR BA.5.10 OR BA.5.10.1 OR BA.5.11 OR BC.1 OR BC.2 OR BD.1 OR BE.1 OR BE.1.1 OR BE.1.1.1 OR BE.1.1.2 OR BE.1.2 OR BE.1.2.1 OR BE.1.3 OR BE.1.4 OR BE.1.4.1 OR BE.1.4.2 OR BE.1.4.3 OR BE.1.4.4 OR BE.2 OR BE.3 OR BE.4 OR BE.4.1 OR BE.4.1.1 OR BE.4.2 OR BE.5 OR BE.6 OR BE.7 OR BE.8 OR BE.9 OR BE.10 OR BF.1 OR BF.1.1 OR BF.2 OR BF.3 OR BF.3.1 OR BF.4 OR BF.5 OR BF.5.1 OR BF.5.2 OR BF.6 OR BF.7 OR BF.7.1 OR BF.7.2 OR BF.7.3 OR BF.7.4 OR BF.7.4.1 OR BF.7.4.2 OR BF.7.5 OR BF.7.5.1 OR BF.7.6 OR BF.7.7 OR BF.7.8 OR BF.7.9 OR BF.7.10 OR BF.7.11 OR BF.7.12 OR BF.7.13 OR BF.7.13.1 OR BF.7.13.2 OR BF.7.14 OR BF.7.15 OR BF.8 OR BF.9 OR BF.10 OR BF.10.1 OR BF.11 OR BF.11.1 OR BF.11.2 OR BF.11.3 OR BF.11.4 OR BF.11.5 OR BF.12 OR BF.13 OR BF.14 OR BF.15 OR BF.16 OR BF.17 OR BF.18 OR BF.19 OR BF.20 OR BF.21 OR BF.22 OR BF.23 OR BF.24 OR BF.25 OR BF.26 OR BF.27 OR BF.28 OR BF.29 OR BF.30 OR BF.31 OR BF.31.1 OR BF.32 OR BF.33 OR BF.34 OR BG.1 OR BG.2 OR BG.3 OR BG.4 OR BG.5 OR BG.6 OR BG.7 OR BH.1 OR BJ.1 OR BK.1 OR BL.1 OR BL.1.1 OR BL.1.2 OR BL.1.3 OR BL.1.4 OR BL.2 OR BL.2.1 OR BL.3 OR BL.4 OR BL.5 OR BL.6 OR BM.1 OR BM.1.1 OR BM.1.1.1 OR BM.1.1.2 OR BM.1.1.3 OR BM.1.1.4 OR BM.1.1.5 OR BM.2 OR BM.2.1 OR BM.2.2 OR BM.2.3 OR BM.3 OR BM.4 OR BM.4.1 OR BM.4.1.1 OR BM.5 OR BM.6 OR BN.1 OR BN.1.1 OR BN.1.1.1 OR BN.1.2 OR BN.1.2.1 OR BN.1.3 OR BN.1.3.1 OR BN.1.3.2 OR BN.1.3.3 OR BN.1.3.4 OR BN.1.4 OR BN.1.4.1 OR BN.1.5 OR BN.1.5.1 OR BN.1.6 OR BN.1.7 OR BN.1.8 OR BN.1.9 OR BN.2 OR BN.2.1 OR BN.3 OR BN.3.1 OR BN.4 OR BN.5 OR BN.6 OR BP.1 OR BQ.1 OR BQ.1.1 OR BQ.1.1.1 OR BQ.1.1.2 OR BQ.1.1.3 OR BQ.1.1.4 OR BQ.1.1.5 OR BQ.1.1.6 OR BQ.1.1.7 OR BQ.1.1.8 OR BQ.1.1.9 OR BQ.1.1.10 OR BQ.1.1.11 OR BQ.1.1.12 OR BQ.1.1.13 OR BQ.1.1.14 OR BQ.1.1.15 OR BQ.1.1.16 OR BQ.1.1.17 OR BQ.1.1.18 OR BQ.1.1.19 OR BQ.1.1.20 OR BQ.1.1.21 OR BQ.1.1.22 OR BQ.1.1.23 OR BQ.1.1.24 OR BQ.1.1.25 OR BQ.1.1.26 OR BQ.1.1.27 OR BQ.1.1.28 OR BQ.1.1.29 OR BQ.1.1.30 OR BQ.1.1.31 OR BQ.1.1.32 OR BQ.1.1.34 OR BQ.1.1.35 OR BQ.1.1.36 OR BQ.1.2 OR BQ.1.3 OR BQ.1.4 OR BQ.1.5 OR BQ.1.6 OR BQ.1.7 OR BQ.1.8 OR BQ.1.8.1 OR BQ.1.8.2 OR BQ.1.9 OR BQ.1.10 OR BQ.1.10.1 OR BQ.1.11 OR BQ.1.12 OR BQ.1.13 OR BQ.1.13.1 OR BQ.1.14 OR BQ.1.15 OR BQ.1.16 OR BQ.1.17 OR BQ.1.18 OR BQ.1.19 OR BQ.1.20 OR BQ.1.21 OR BQ.1.22 OR BQ.1.23 OR BQ.1.24 OR BQ.1.25 OR BQ.1.25.1 OR BQ.1.26 OR BQ.1.26.1 OR BQ.1.27 OR BQ.1.28 OR BQ.2 OR BR.1 OR BR.1.1 OR BR.1.2 OR BR.2 OR BR.2.1 OR BR.3 OR BR.4 OR BS.1 OR BS.1.1 OR BS.1.2 OR BT.1 OR BT.2 OR BU.1 OR BU.2 OR BU.3 OR BV.1 OR BV.2 OR BW.1 OR BW.1.1 OR BY.1 OR BY.1.1 OR BY.1.1.1 OR BY.1.2 OR BY.1.2.1 OR BZ.1 OR CA.1 OR CA.2 OR CA.3 OR CA.3.1 OR CA.4 OR CA.5 OR CA.6 OR CA.7 OR CB.1 OR CC.1 OR CD.1 OR CD.2 OR CE.1 OR CF.1 OR CG.1 OR CH.1 OR CH.1.1 OR CH.1.1.1 OR CH.1.1.2 OR CH.1.1.3 OR CH.1.1.4 OR CH.1.1.5 OR CH.2 OR CH.3 OR CH.3.1 OR CJ.1 OR CJ.1.1 OR CK.1 OR CK.1.1 OR CK.1.2 OR CK.2 OR CK.2.1 OR CK.2.1.1 OR CK.3 OR CL.1 OR CM.1 OR CM.2 OR CM.2.1 OR CM.3 OR CM.4 OR CM.4.1 OR CM.5 OR CM.5.1 OR CM.5.2 OR CM.6 OR CM.6.1 OR CM.7 OR CM.8 OR CM.8.1 OR CM.9 OR CM.10 OR CM.11 OR CM.12 OR CN.1 OR CN.2 OR CP.1 OR CP.1.1 OR CP.1.2 OR CP.1.3 OR CP.2 OR CP.3 OR CP.4 OR CP.5 OR CP.6 OR CQ.1 OR CQ.1.1 OR CQ.2 OR CR.1 OR CR.1.1 OR CR.1.2 OR CR.1.3 OR CR.2 OR CS.1 OR CT.1 OR CU.1 OR CV.1 OR CV.2 OR CW.1 OR CY.1 OR CZ.1 OR DA.1 OR DB.1 OR DB.2 OR DC.1 OR DD.1 OR DE.1 OR DE.2 OR DF.1 OR DF.1.1 OR DG.1 OR DH.1 OR DJ.1 OR DJ.1.1 OR DJ.1.2 OR DJ.1.3 OR DK.1 OR DL.1 OR DM.1 OR DN.1 OR DN.1.1 OR DP.1 OR DQ.1 OR DR.1 OR DS.1 OR DT.1 OR DU.1 OR DV.1,Omicron,15.7142857142857,13.5,0.859090909090909
2022-06-21,8,8,17.1428571428571,14.7142857142857,0.858333333333333,0.673157987342321,0.974725405108869,B.1.1.529 OR BA.1 OR BA.1.1 OR BA.1.1.1 OR BA.1.1.2 OR BA.1.1.3 OR BA.1.1.4 OR BA.1.1.5 OR BA.1.1.6 OR BA.1.1.7 OR BA.1.1.8 OR BA.1.1.9 OR BA.1.1.10 OR BA.1.1.11 OR BA.1.1.12 OR BA.1.1.13 OR BA.1.1.14 OR BA.1.1.15 OR BA.1.1.16 OR BA.1.1.17 OR BA.1.1.18 OR BA.1.2 OR BA.1.3 OR BA.1.4 OR BA.1.5 OR BA.1.6 OR BA.1.7 OR BA.1.8 OR BA.1.9 OR BA.1.10 OR BA.1.12 OR BA.1.13 OR BA.1.13.1 OR BA.1.14 OR BA.1.14.1 OR BA.1.14.2 OR BA.1.15 OR BA.1.15.1 OR BA.1.15.2 OR BA.1.15.3 OR BA.1.16 OR BA.1.16.1 OR BA.1.16.2 OR BA.1.17 OR BA.1.17.1 OR BA.1.17.2 OR BA.1.18 OR BA.1.19 OR BA.1.20 OR BA.1.21 OR BA.1.21.1 OR BA.1.22 OR BA.1.23 OR BA.1.24 OR BA.2 OR BA.2.1 OR BA.2.2 OR BA.2.2.1 OR BA.2.3 OR BA.2.3.1 OR BA.2.3.2 OR BA.2.3.4 OR BA.2.3.5 OR BA.2.3.6 OR BA.2.3.7 OR BA.2.3.8 OR BA.2.3.9 OR BA.2.3.10 OR BA.2.3.11 OR BA.2.3.12 OR BA.2.3.13 OR BA.2.3.14 OR BA.2.3.15 OR BA.2.3.16 OR BA.2.3.17 OR BA.2.3.18 OR BA.2.3.19 OR BA.2.3.20 OR BA.2.3.21 OR BA.2.3.22 OR BA.2.4 OR BA.2.5 OR BA.2.6 OR BA.2.7 OR BA.2.8 OR BA.2.9 OR BA.2.9.1 OR BA.2.9.2 OR BA.2.9.3 OR BA.2.9.4 OR BA.2.9.5 OR BA.2.9.6 OR BA.2.9.7 OR BA.2.10 OR BA.2.10.1 OR BA.2.10.2 OR BA.2.10.3 OR BA.2.10.4 OR BA.2.11 OR BA.2.12 OR BA.2.12.1 OR BA.2.12.2 OR BA.2.13 OR BA.2.13.1 OR BA.2.14 OR BA.2.15 OR BA.2.16 OR BA.2.17 OR BA.2.18 OR BA.2.19 OR BA.2.20 OR BA.2.21 OR BA.2.22 OR BA.2.23 OR BA.2.23.1 OR BA.2.24 OR BA.2.25 OR BA.2.25.1 OR BA.2.26 OR BA.2.27 OR BA.2.28 OR BA.2.29 OR BA.2.30 OR BA.2.31 OR BA.2.31.1 OR BA.2.32 OR BA.2.33 OR BA.2.34 OR BA.2.35 OR BA.2.36 OR BA.2.37 OR BA.2.38 OR BA.2.38.1 OR BA.2.38.2 OR BA.2.38.3 OR BA.2.38.4 OR BA.2.39 OR BA.2.40 OR BA.2.40.1 OR BA.2.41 OR BA.2.42 OR BA.2.43 OR BA.2.44 OR BA.2.45 OR BA.2.46 OR BA.2.47 OR BA.2.48 OR BA.2.49 OR BA.2.50 OR BA.2.51 OR BA.2.52 OR BA.2.53 OR BA.2.54 OR BA.2.55 OR BA.2.56 OR BA.2.56.1 OR BA.2.57 OR BA.2.58 OR BA.2.59 OR BA.2.60 OR BA.2.61 OR BA.2.62 OR BA.2.63 OR BA.2.64 OR BA.2.65 OR BA.2.66 OR BA.2.67 OR BA.2.68 OR BA.2.69 OR BA.2.70 OR BA.2.71 OR BA.2.72 OR BA.2.73 OR BA.2.74 OR BA.2.75 OR BA.2.75.1 OR BA.2.75.2 OR BA.2.75.3 OR BA.2.75.4 OR BA.2.75.5 OR BA.2.75.6 OR BA.2.75.7 OR BA.2.75.8 OR BA.2.75.9 OR BA.2.75.10 OR BA.2.76 OR BA.2.76.1 OR BA.2.76.2 OR BA.2.77 OR BA.2.78 OR BA.2.79 OR BA.2.79.1 OR BA.2.80 OR BA.2.81 OR BA.2.82 OR BA.2.83 OR BA.2.85 OR BA.3 OR BA.3.1 OR BA.4 OR BA.4.1 OR BA.4.1.1 OR BA.4.1.2 OR BA.4.1.3 OR BA.4.1.4 OR BA.4.1.5 OR BA.4.1.6 OR BA.4.1.7 OR BA.4.1.8 OR BA.4.1.9 OR BA.4.1.10 OR BA.4.2 OR BA.4.3 OR BA.4.4 OR BA.4.5 OR BA.4.6 OR BA.4.6.1 OR BA.4.6.2 OR BA.4.6.3 OR BA.4.6.4 OR BA.4.6.5 OR BA.4.7 OR BA.4.8 OR BA.5 OR BA.5.1 OR BA.5.1.1 OR BA.5.1.2 OR BA.5.1.3 OR BA.5.1.4 OR BA.5.1.5 OR BA.5.1.6 OR BA.5.1.7 OR BA.5.1.8 OR BA.5.1.9 OR BA.5.1.10 OR BA.5.1.11 OR BA.5.1.12 OR BA.5.1.14 OR BA.5.1.15 OR BA.5.1.16 OR BA.5.1.17 OR BA.5.1.18 OR BA.5.1.19 OR BA.5.1.20 OR BA.5.1.21 OR BA.5.1.22 OR BA.5.1.23 OR BA.5.1.24 OR BA.5.1.25 OR BA.5.1.26 OR BA.5.1.27 OR BA.5.1.28 OR BA.5.1.29 OR BA.5.1.30 OR BA.5.1.31 OR BA.5.1.32 OR BA.5.2 OR BA.5.2.1 OR BA.5.2.2 OR BA.5.2.3 OR BA.5.2.4 OR BA.5.2.5 OR BA.5.2.6 OR BA.5.2.7 OR BA.5.2.8 OR BA.5.2.9 OR BA.5.2.10 OR BA.5.2.11 OR BA.5.2.12 OR BA.5.2.13 OR BA.5.2.14 OR BA.5.2.16 OR BA.5.2.18 OR BA.5.2.19 OR BA.5.2.20 OR BA.5.2.21 OR BA.5.2.22 OR BA.5.2.23 OR BA.5.2.24 OR BA.5.2.25 OR BA.5.2.26 OR BA.5.2.27 OR BA.5.2.28 OR BA.5.2.29 OR BA.5.2.30 OR BA.5.2.31 OR BA.5.2.32 OR BA.5.2.33 OR BA.5.2.34 OR BA.5.2.35 OR BA.5.2.36 OR BA.5.2.37 OR BA.5.2.38 OR BA.5.2.39 OR BA.5.2.40 OR BA.5.2.41 OR BA.5.2.42 OR BA.5.2.43 OR BA.5.2.44 OR BA.5.2.45 OR BA.5.2.46 OR BA.5.2.47 OR BA.5.2.48 OR BA.5.2.49 OR BA.5.3 OR BA.5.3.1 OR BA.5.3.2 OR BA.5.3.3 OR BA.5.3.4 OR BA.5.3.5 OR BA.5.5 OR BA.5.5.1 OR BA.5.5.2 OR BA.5.5.3 OR BA.5.6 OR BA.5.6.1 OR BA.5.6.2 OR BA.5.6.3 OR BA.5.6.4 OR BA.5.7 OR BA.5.8 OR BA.5.9 OR BA.5.10 OR BA.5.10.1 OR BA.5.11 OR BC.1 OR BC.2 OR BD.1 OR BE.1 OR BE.1.1 OR BE.1.1.1 OR BE.1.1.2 OR BE.1.2 OR BE.1.2.1 OR BE.1.3 OR BE.1.4 OR BE.1.4.1 OR BE.1.4.2 OR BE.1.4.3 OR BE.1.4.4 OR BE.2 OR BE.3 OR BE.4 OR BE.4.1 OR BE.4.1.1 OR BE.4.2 OR BE.5 OR BE.6 OR BE.7 OR BE.8 OR BE.9 OR BE.10 OR BF.1 OR BF.1.1 OR BF.2 OR BF.3 OR BF.3.1 OR BF.4 OR BF.5 OR BF.5.1 OR BF.5.2 OR BF.6 OR BF.7 OR BF.7.1 OR BF.7.2 OR BF.7.3 OR BF.7.4 OR BF.7.4.1 OR BF.7.4.2 OR BF.7.5 OR BF.7.5.1 OR BF.7.6 OR BF.7.7 OR BF.7.8 OR BF.7.9 OR BF.7.10 OR BF.7.11 OR BF.7.12 OR BF.7.13 OR BF.7.13.1 OR BF.7.13.2 OR BF.7.14 OR BF.7.15 OR BF.8 OR BF.9 OR BF.10 OR BF.10.1 OR BF.11 OR BF.11.1 OR BF.11.2 OR BF.11.3 OR BF.11.4 OR BF.11.5 OR BF.12 OR BF.13 OR BF.14 OR BF.15 OR BF.16 OR BF.17 OR BF.18 OR BF.19 OR BF.20 OR BF.21 OR BF.22 OR BF.23 OR BF.24 OR BF.25 OR BF.26 OR BF.27 OR BF.28 OR BF.29 OR BF.30 OR BF.31 OR BF.31.1 OR BF.32 OR BF.33 OR BF.34 OR BG.1 OR BG.2 OR BG.3 OR BG.4 OR BG.5 OR BG.6 OR BG.7 OR BH.1 OR BJ.1 OR BK.1 OR BL.1 OR BL.1.1 OR BL.1.2 OR BL.1.3 OR BL.1.4 OR BL.2 OR BL.2.1 OR BL.3 OR BL.4 OR BL.5 OR BL.6 OR BM.1 OR BM.1.1 OR BM.1.1.1 OR BM.1.1.2 OR BM.1.1.3 OR BM.1.1.4 OR BM.1.1.5 OR BM.2 OR BM.2.1 OR BM.2.2 OR BM.2.3 OR BM.3 OR BM.4 OR BM.4.1 OR BM.4.1.1 OR BM.5 OR BM.6 OR BN.1 OR BN.1.1 OR BN.1.1.1 OR BN.1.2 OR BN.1.2.1 OR BN.1.3 OR BN.1.3.1 OR BN.1.3.2 OR BN.1.3.3 OR BN.1.3.4 OR BN.1.4 OR BN.1.4.1 OR BN.1.5 OR BN.1.5.1 OR BN.1.6 OR BN.1.7 OR BN.1.8 OR BN.1.9 OR BN.2 OR BN.2.1 OR BN.3 OR BN.3.1 OR BN.4 OR BN.5 OR BN.6 OR BP.1 OR BQ.1 OR BQ.1.1 OR BQ.1.1.1 OR BQ.1.1.2 OR BQ.1.1.3 OR BQ.1.1.4 OR BQ.1.1.5 OR BQ.1.1.6 OR BQ.1.1.7 OR BQ.1.1.8 OR BQ.1.1.9 OR BQ.1.1.10 OR BQ.1.1.11 OR BQ.1.1.12 OR BQ.1.1.13 OR BQ.1.1.14 OR BQ.1.1.15 OR BQ.1.1.16 OR BQ.1.1.17 OR BQ.1.1.18 OR BQ.1.1.19 OR BQ.1.1.20 OR BQ.1.1.21 OR BQ.1.1.22 OR BQ.1.1.23 OR BQ.1.1.24 OR BQ.1.1.25 OR BQ.1.1.26 OR BQ.1.1.27 OR BQ.1.1.28 OR BQ.1.1.29 OR BQ.1.1.30 OR BQ.1.1.31 OR BQ.1.1.32 OR BQ.1.1.34 OR BQ.1.1.35 OR BQ.1.1.36 OR BQ.1.2 OR BQ.1.3 OR BQ.1.4 OR BQ.1.5 OR BQ.1.6 OR BQ.1.7 OR BQ.1.8 OR BQ.1.8.1 OR BQ.1.8.2 OR BQ.1.9 OR BQ.1.10 OR BQ.1.10.1 OR BQ.1.11 OR BQ.1.12 OR BQ.1.13 OR BQ.1.13.1 OR BQ.1.14 OR BQ.1.15 OR BQ.1.16 OR BQ.1.17 OR BQ.1.18 OR BQ.1.19 OR BQ.1.20 OR BQ.1.21 OR BQ.1.22 OR BQ.1.23 OR BQ.1.24 OR BQ.1.25 OR BQ.1.25.1 OR BQ.1.26 OR BQ.1.26.1 OR BQ.1.27 OR BQ.1.28 OR BQ.2 OR BR.1 OR BR.1.1 OR BR.1.2 OR BR.2 OR BR.2.1 OR BR.3 OR BR.4 OR BS.1 OR BS.1.1 OR BS.1.2 OR BT.1 OR BT.2 OR BU.1 OR BU.2 OR BU.3 OR BV.1 OR BV.2 OR BW.1 OR BW.1.1 OR BY.1 OR BY.1.1 OR BY.1.1.1 OR BY.1.2 OR BY.1.2.1 OR BZ.1 OR CA.1 OR CA.2 OR CA.3 OR CA.3.1 OR CA.4 OR CA.5 OR CA.6 OR CA.7 OR CB.1 OR CC.1 OR CD.1 OR CD.2 OR CE.1 OR CF.1 OR CG.1 OR CH.1 OR CH.1.1 OR CH.1.1.1 OR CH.1.1.2 OR CH.1.1.3 OR CH.1.1.4 OR CH.1.1.5 OR CH.2 OR CH.3 OR CH.3.1 OR CJ.1 OR CJ.1.1 OR CK.1 OR CK.1.1 OR CK.1.2 OR CK.2 OR CK.2.1 OR CK.2.1.1 OR CK.3 OR CL.1 OR CM.1 OR CM.2 OR CM.2.1 OR CM.3 OR CM.4 OR CM.4.1 OR CM.5 OR CM.5.1 OR CM.5.2 OR CM.6 OR CM.6.1 OR CM.7 OR CM.8 OR CM.8.1 OR CM.9 OR CM.10 OR CM.11 OR CM.12 OR CN.1 OR CN.2 OR CP.1 OR CP.1.1 OR CP.1.2 OR CP.1.3 OR CP.2 OR CP.3 OR CP.4 OR CP.5 OR CP.6 OR CQ.1 OR CQ.1.1 OR CQ.2 OR CR.1 OR CR.1.1 OR CR.1.2 OR CR.1.3 OR CR.2 OR CS.1 OR CT.1 OR CU.1 OR CV.1 OR CV.2 OR CW.1 OR CY.1 OR CZ.1 OR DA.1 OR DB.1 OR DB.2 OR DC.1 OR DD.1 OR DE.1 OR DE.2 OR DF.1 OR DF.1.1 OR DG.1 OR DH.1 OR DJ.1 OR DJ.1.1 OR DJ.1.2 OR DJ.1.3 OR DK.1 OR DL.1 OR DM.1 OR DN.1 OR DN.1.1 OR DP.1 OR DQ.1 OR DR.1 OR DS.1 OR DT.1 OR DU.1 OR DV.1,Omicron,15.1428571428571,13.1428571428571,0.867924528301887
2022-06-22,11,11,11.1428571428571,10,0.897435897435897,0.647024202370781,0.990008539989305,B.1.1.529 OR BA.1 OR BA.1.1 OR BA.1.1.1 OR BA.1.1.2 OR BA.1.1.3 OR BA.1.1.4 OR BA.1.1.5 OR BA.1.1.6 OR BA.1.1.7 OR BA.1.1.8 OR BA.1.1.9 OR BA.1.1.10 OR BA.1.1.11 OR BA.1.1.12 OR BA.1.1.13 OR BA.1.1.14 OR BA.1.1.15 OR BA.1.1.16 OR BA.1.1.17 OR BA.1.1.18 OR BA.1.2 OR BA.1.3 OR BA.1.4 OR BA.1.5 OR BA.1.6 OR BA.1.7 OR BA.1.8 OR BA.1.9 OR BA.1.10 OR BA.1.12 OR BA.1.13 OR BA.1.13.1 OR BA.1.14 OR BA.1.14.1 OR BA.1.14.2 OR BA.1.15 OR BA.1.15.1 OR BA.1.15.2 OR BA.1.15.3 OR BA.1.16 OR BA.1.16.1 OR BA.1.16.2 OR BA.1.17 OR BA.1.17.1 OR BA.1.17.2 OR BA.1.18 OR BA.1.19 OR BA.1.20 OR BA.1.21 OR BA.1.21.1 OR BA.1.22 OR BA.1.23 OR BA.1.24 OR BA.2 OR BA.2.1 OR BA.2.2 OR BA.2.2.1 OR BA.2.3 OR BA.2.3.1 OR BA.2.3.2 OR BA.2.3.4 OR BA.2.3.5 OR BA.2.3.6 OR BA.2.3.7 OR BA.2.3.8 OR BA.2.3.9 OR BA.2.3.10 OR BA.2.3.11 OR BA.2.3.12 OR BA.2.3.13 OR BA.2.3.14 OR BA.2.3.15 OR BA.2.3.16 OR BA.2.3.17 OR BA.2.3.18 OR BA.2.3.19 OR BA.2.3.20 OR BA.2.3.21 OR BA.2.3.22 OR BA.2.4 OR BA.2.5 OR BA.2.6 OR BA.2.7 OR BA.2.8 OR BA.2.9 OR BA.2.9.1 OR BA.2.9.2 OR BA.2.9.3 OR BA.2.9.4 OR BA.2.9.5 OR BA.2.9.6 OR BA.2.9.7 OR BA.2.10 OR BA.2.10.1 OR BA.2.10.2 OR BA.2.10.3 OR BA.2.10.4 OR BA.2.11 OR BA.2.12 OR BA.2.12.1 OR BA.2.12.2 OR BA.2.13 OR BA.2.13.1 OR BA.2.14 OR BA.2.15 OR BA.2.16 OR BA.2.17 OR BA.2.18 OR BA.2.19 OR BA.2.20 OR BA.2.21 OR BA.2.22 OR BA.2.23 OR BA.2.23.1 OR BA.2.24 OR BA.2.25 OR BA.2.25.1 OR BA.2.26 OR BA.2.27 OR BA.2.28 OR BA.2.29 OR BA.2.30 OR BA.2.31 OR BA.2.31.1 OR BA.2.32 OR BA.2.33 OR BA.2.34 OR BA.2.35 OR BA.2.36 OR BA.2.37 OR BA.2.38 OR BA.2.38.1 OR BA.2.38.2 OR BA.2.38.3 OR BA.2.38.4 OR BA.2.39 OR BA.2.40 OR BA.2.40.1 OR BA.2.41 OR BA.2.42 OR BA.2.43 OR BA.2.44 OR BA.2.45 OR BA.2.46 OR BA.2.47 OR BA.2.48 OR BA.2.49 OR BA.2.50 OR BA.2.51 OR BA.2.52 OR BA.2.53 OR BA.2.54 OR BA.2.55 OR BA.2.56 OR BA.2.56.1 OR BA.2.57 OR BA.2.58 OR BA.2.59 OR BA.2.60 OR BA.2.61 OR BA.2.62 OR BA.2.63 OR BA.2.64 OR BA.2.65 OR BA.2.66 OR BA.2.67 OR BA.2.68 OR BA.2.69 OR BA.2.70 OR BA.2.71 OR BA.2.72 OR BA.2.73 OR BA.2.74 OR BA.2.75 OR BA.2.75.1 OR BA.2.75.2 OR BA.2.75.3 OR BA.2.75.4 OR BA.2.75.5 OR BA.2.75.6 OR BA.2.75.7 OR BA.2.75.8 OR BA.2.75.9 OR BA.2.75.10 OR BA.2.76 OR BA.2.76.1 OR BA.2.76.2 OR BA.2.77 OR BA.2.78 OR BA.2.79 OR BA.2.79.1 OR BA.2.80 OR BA.2.81 OR BA.2.82 OR BA.2.83 OR BA.2.85 OR BA.3 OR BA.3.1 OR BA.4 OR BA.4.1 OR BA.4.1.1 OR BA.4.1.2 OR BA.4.1.3 OR BA.4.1.4 OR BA.4.1.5 OR BA.4.1.6 OR BA.4.1.7 OR BA.4.1.8 OR BA.4.1.9 OR BA.4.1.10 OR BA.4.2 OR BA.4.3 OR BA.4.4 OR BA.4.5 OR BA.4.6 OR BA.4.6.1 OR BA.4.6.2 OR BA.4.6.3 OR BA.4.6.4 OR BA.4.6.5 OR BA.4.7 OR BA.4.8 OR BA.5 OR BA.5.1 OR BA.5.1.1 OR BA.5.1.2 OR BA.5.1.3 OR BA.5.1.4 OR BA.5.1.5 OR BA.5.1.6 OR BA.5.1.7 OR BA.5.1.8 OR BA.5.1.9 OR BA.5.1.10 OR BA.5.1.11 OR BA.5.1.12 OR BA.5.1.14 OR BA.5.1.15 OR BA.5.1.16 OR BA.5.1.17 OR BA.5.1.18 OR BA.5.1.19 OR BA.5.1.20 OR BA.5.1.21 OR BA.5.1.22 OR BA.5.1.23 OR BA.5.1.24 OR BA.5.1.25 OR BA.5.1.26 OR BA.5.1.27 OR BA.5.1.28 OR BA.5.1.29 OR BA.5.1.30 OR BA.5.1.31 OR BA.5.1.32 OR BA.5.2 OR BA.5.2.1 OR BA.5.2.2 OR BA.5.2.3 OR BA.5.2.4 OR BA.5.2.5 OR BA.5.2.6 OR BA.5.2.7 OR BA.5.2.8 OR BA.5.2.9 OR BA.5.2.10 OR BA.5.2.11 OR BA.5.2.12 OR BA.5.2.13 OR BA.5.2.14 OR BA.5.2.16 OR BA.5.2.18 OR BA.5.2.19 OR BA.5.2.20 OR BA.5.2.21 OR BA.5.2.22 OR BA.5.2.23 OR BA.5.2.24 OR BA.5.2.25 OR BA.5.2.26 OR BA.5.2.27 OR BA.5.2.28 OR BA.5.2.29 OR BA.5.2.30 OR BA.5.2.31 OR BA.5.2.32 OR BA.5.2.33 OR BA.5.2.34 OR BA.5.2.35 OR BA.5.2.36 OR BA.5.2.37 OR BA.5.2.38 OR BA.5.2.39 OR BA.5.2.40 OR BA.5.2.41 OR BA.5.2.42 OR BA.5.2.43 OR BA.5.2.44 OR BA.5.2.45 OR BA.5.2.46 OR BA.5.2.47 OR BA.5.2.48 OR BA.5.2.49 OR BA.5.3 OR BA.5.3.1 OR BA.5.3.2 OR BA.5.3.3 OR BA.5.3.4 OR BA.5.3.5 OR BA.5.5 OR BA.5.5.1 OR BA.5.5.2 OR BA.5.5.3 OR BA.5.6 OR BA.5.6.1 OR BA.5.6.2 OR BA.5.6.3 OR BA.5.6.4 OR BA.5.7 OR BA.5.8 OR BA.5.9 OR BA.5.10 OR BA.5.10.1 OR BA.5.11 OR BC.1 OR BC.2 OR BD.1 OR BE.1 OR BE.1.1 OR BE.1.1.1 OR BE.1.1.2 OR BE.1.2 OR BE.1.2.1 OR BE.1.3 OR BE.1.4 OR BE.1.4.1 OR BE.1.4.2 OR BE.1.4.3 OR BE.1.4.4 OR BE.2 OR BE.3 OR BE.4 OR BE.4.1 OR BE.4.1.1 OR BE.4.2 OR BE.5 OR BE.6 OR BE.7 OR BE.8 OR BE.9 OR BE.10 OR BF.1 OR BF.1.1 OR BF.2 OR BF.3 OR BF.3.1 OR BF.4 OR BF.5 OR BF.5.1 OR BF.5.2 OR BF.6 OR BF.7 OR BF.7.1 OR BF.7.2 OR BF.7.3 OR BF.7.4 OR BF.7.4.1 OR BF.7.4.2 OR BF.7.5 OR BF.7.5.1 OR BF.7.6 OR BF.7.7 OR BF.7.8 OR BF.7.9 OR BF.7.10 OR BF.7.11 OR BF.7.12 OR BF.7.13 OR BF.7.13.1 OR BF.7.13.2 OR BF.7.14 OR BF.7.15 OR BF.8 OR BF.9 OR BF.10 OR BF.10.1 OR BF.11 OR BF.11.1 OR BF.11.2 OR BF.11.3 OR BF.11.4 OR BF.11.5 OR BF.12 OR BF.13 OR BF.14 OR BF.15 OR BF.16 OR BF.17 OR BF.18 OR BF.19 OR BF.20 OR BF.21 OR BF.22 OR BF.23 OR BF.24 OR BF.25 OR BF.26 OR BF.27 OR BF.28 OR BF.29 OR BF.30 OR BF.31 OR BF.31.1 OR BF.32 OR BF.33 OR BF.34 OR BG.1 OR BG.2 OR BG.3 OR BG.4 OR BG.5 OR BG.6 OR BG.7 OR BH.1 OR BJ.1 OR BK.1 OR BL.1 OR BL.1.1 OR BL.1.2 OR BL.1.3 OR BL.1.4 OR BL.2 OR BL.2.1 OR BL.3 OR BL.4 OR BL.5 OR BL.6 OR BM.1 OR BM.1.1 OR BM.1.1.1 OR BM.1.1.2 OR BM.1.1.3 OR BM.1.1.4 OR BM.1.1.5 OR BM.2 OR BM.2.1 OR BM.2.2 OR BM.2.3 OR BM.3 OR BM.4 OR BM.4.1 OR BM.4.1.1 OR BM.5 OR BM.6 OR BN.1 OR BN.1.1 OR BN.1.1.1 OR BN.1.2 OR BN.1.2.1 OR BN.1.3 OR BN.1.3.1 OR BN.1.3.2 OR BN.1.3.3 OR BN.1.3.4 OR BN.1.4 OR BN.1.4.1 OR BN.1.5 OR BN.1.5.1 OR BN.1.6 OR BN.1.7 OR BN.1.8 OR BN.1.9 OR BN.2 OR BN.2.1 OR BN.3 OR BN.3.1 OR BN.4 OR BN.5 OR BN.6 OR BP.1 OR BQ.1 OR BQ.1.1 OR BQ.1.1.1 OR BQ.1.1.2 OR BQ.1.1.3 OR BQ.1.1.4 OR BQ.1.1.5 OR BQ.1.1.6 OR BQ.1.1.7 OR BQ.1.1.8 OR BQ.1.1.9 OR BQ.1.1.10 OR BQ.1.1.11 OR BQ.1.1.12 OR BQ.1.1.13 OR BQ.1.1.14 OR BQ.1.1.15 OR BQ.1.1.16 OR BQ.1.1.17 OR BQ.1.1.18 OR BQ.1.1.19 OR BQ.1.1.20 OR BQ.1.1.21 OR BQ.1.1.22 OR BQ.1.1.23 OR BQ.1.1.24 OR BQ.1.1.25 OR BQ.1.1.26 OR BQ.1.1.27 OR BQ.1.1.28 OR BQ.1.1.29 OR BQ.1.1.30 OR BQ.1.1.31 OR BQ.1.1.32 OR BQ.1.1.34 OR BQ.1.1.35 OR BQ.1.1.36 OR BQ.1.2 OR BQ.1.3 OR BQ.1.4 OR BQ.1.5 OR BQ.1.6 OR BQ.1.7 OR BQ.1.8 OR BQ.1.8.1 OR BQ.1.8.2 OR BQ.1.9 OR BQ.1.10 OR BQ.1.10.1 OR BQ.1.11 OR BQ.1.12 OR BQ.1.13 OR BQ.1.13.1 OR BQ.1.14 OR BQ.1.15 OR BQ.1.16 OR BQ.1.17 OR BQ.1.18 OR BQ.1.19 OR BQ.1.20 OR BQ.1.21 OR BQ.1.22 OR BQ.1.23 OR BQ.1.24 OR BQ.1.25 OR BQ.1.25.1 OR BQ.1.26 OR BQ.1.26.1 OR BQ.1.27 OR BQ.1.28 OR BQ.2 OR BR.1 OR BR.1.1 OR BR.1.2 OR BR.2 OR BR.2.1 OR BR.3 OR BR.4 OR BS.1 OR BS.1.1 OR BS.1.2 OR BT.1 OR BT.2 OR BU.1 OR BU.2 OR BU.3 OR BV.1 OR BV.2 OR BW.1 OR BW.1.1 OR BY.1 OR BY.1.1 OR BY.1.1.1 OR BY.1.2 OR BY.1.2.1 OR BZ.1 OR CA.1 OR CA.2 OR CA.3 OR CA.3.1 OR CA.4 OR CA.5 OR CA.6 OR CA.7 OR CB.1 OR CC.1 OR CD.1 OR CD.2 OR CE.1 OR CF.1 OR CG.1 OR CH.1 OR CH.1.1 OR CH.1.1.1 OR CH.1.1.2 OR CH.1.1.3 OR CH.1.1.4 OR CH.1.1.5 OR CH.2 OR CH.3 OR CH.3.1 OR CJ.1 OR CJ.1.1 OR CK.1 OR CK.1.1 OR CK.1.2 OR CK.2 OR CK.2.1 OR CK.2.1.1 OR CK.3 OR CL.1 OR CM.1 OR CM.2 OR CM.2.1 OR CM.3 OR CM.4 OR CM.4.1 OR CM.5 OR CM.5.1 OR CM.5.2 OR CM.6 OR CM.6.1 OR CM.7 OR CM.8 OR CM.8.1 OR CM.9 OR CM.10 OR CM.11 OR CM.12 OR CN.1 OR CN.2 OR CP.1 OR CP.1.1 OR CP.1.2 OR CP.1.3 OR CP.2 OR CP.3 OR CP.4 OR CP.5 OR CP.6 OR CQ.1 OR CQ.1.1 OR CQ.2 OR CR.1 OR CR.1.1 OR CR.1.2 OR CR.1.3 OR CR.2 OR CS.1 OR CT.1 OR CU.1 OR CV.1 OR CV.2 OR CW.1 OR CY.1 OR CZ.1 OR DA.1 OR DB.1 OR DB.2 OR DC.1 OR DD.1 OR DE.1 OR DE.2 OR DF.1 OR DF.1.1 OR DG.1 OR DH.1 OR DJ.1 OR DJ.1.1 OR DJ.1.2 OR DJ.1.3 OR DK.1 OR DL.1 OR DM.1 OR DN.1 OR DN.1.1 OR DP.1 OR DQ.1 OR DR.1 OR DS.1 OR DT.1 OR DU.1 OR DV.1,Omicron,14.6428571428571,12.7142857142857,0.868292682926829
2022-06-23,11,11,11.2857142857143,10.7142857142857,0.949367088607595,0.800005430973792,0.999956364201858,B.1.1.529 OR BA.1 OR BA.1.1 OR BA.1.1.1 OR BA.1.1.2 OR BA.1.1.3 OR BA.1.1.4 OR BA.1.1.5 OR BA.1.1.6 OR BA.1.1.7 OR BA.1.1.8 OR BA.1.1.9 OR BA.1.1.10 OR BA.1.1.11 OR BA.1.1.12 OR BA.1.1.13 OR BA.1.1.14 OR BA.1.1.15 OR BA.1.1.16 OR BA.1.1.17 OR BA.1.1.18 OR BA.1.2 OR BA.1.3 OR BA.1.4 OR BA.1.5 OR BA.1.6 OR BA.1.7 OR BA.1.8 OR BA.1.9 OR BA.1.10 OR BA.1.12 OR BA.1.13 OR BA.1.13.1 OR BA.1.14 OR BA.1.14.1 OR BA.1.14.2 OR BA.1.15 OR BA.1.15.1 OR BA.1.15.2 OR BA.1.15.3 OR BA.1.16 OR BA.1.16.1 OR BA.1.16.2 OR BA.1.17 OR BA.1.17.1 OR BA.1.17.2 OR BA.1.18 OR BA.1.19 OR BA.1.20 OR BA.1.21 OR BA.1.21.1 OR BA.1.22 OR BA.1.23 OR BA.1.24 OR BA.2 OR BA.2.1 OR BA.2.2 OR BA.2.2.1 OR BA.2.3 OR BA.2.3.1 OR BA.2.3.2 OR BA.2.3.4 OR BA.2.3.5 OR BA.2.3.6 OR BA.2.3.7 OR BA.2.3.8 OR BA.2.3.9 OR BA.2.3.10 OR BA.2.3.11 OR BA.2.3.12 OR BA.2.3.13 OR BA.2.3.14 OR BA.2.3.15 OR BA.2.3.16 OR BA.2.3.17 OR BA.2.3.18 OR BA.2.3.19 OR BA.2.3.20 OR BA.2.3.21 OR BA.2.3.22 OR BA.2.4 OR BA.2.5 OR BA.2.6 OR BA.2.7 OR BA.2.8 OR BA.2.9 OR BA.2.9.1 OR BA.2.9.2 OR BA.2.9.3 OR BA.2.9.4 OR BA.2.9.5 OR BA.2.9.6 OR BA.2.9.7 OR BA.2.10 OR BA.2.10.1 OR BA.2.10.2 OR BA.2.10.3 OR BA.2.10.4 OR BA.2.11 OR BA.2.12 OR BA.2.12.1 OR BA.2.12.2 OR BA.2.13 OR BA.2.13.1 OR BA.2.14 OR BA.2.15 OR BA.2.16 OR BA.2.17 OR BA.2.18 OR BA.2.19 OR BA.2.20 OR BA.2.21 OR BA.2.22 OR BA.2.23 OR BA.2.23.1 OR BA.2.24 OR BA.2.25 OR BA.2.25.1 OR BA.2.26 OR BA.2.27 OR BA.2.28 OR BA.2.29 OR BA.2.30 OR BA.2.31 OR BA.2.31.1 OR BA.2.32 OR BA.2.33 OR BA.2.34 OR BA.2.35 OR BA.2.36 OR BA.2.37 OR BA.2.38 OR BA.2.38.1 OR BA.2.38.2 OR BA.2.38.3 OR BA.2.38.4 OR BA.2.39 OR BA.2.40 OR BA.2.40.1 OR BA.2.41 OR BA.2.42 OR BA.2.43 OR BA.2.44 OR BA.2.45 OR BA.2.46 OR BA.2.47 OR BA.2.48 OR BA.2.49 OR BA.2.50 OR BA.2.51 OR BA.2.52 OR BA.2.53 OR BA.2.54 OR BA.2.55 OR BA.2.56 OR BA.2.56.1 OR BA.2.57 OR BA.2.58 OR BA.2.59 OR BA.2.60 OR BA.2.61 OR BA.2.62 OR BA.2.63 OR BA.2.64 OR BA.2.65 OR BA.2.66 OR BA.2.67 OR BA.2.68 OR BA.2.69 OR BA.2.70 OR BA.2.71 OR BA.2.72 OR BA.2.73 OR BA.2.74 OR BA.2.75 OR BA.2.75.1 OR BA.2.75.2 OR BA.2.75.3 OR BA.2.75.4 OR BA.2.75.5 OR BA.2.75.6 OR BA.2.75.7 OR BA.2.75.8 OR BA.2.75.9 OR BA.2.75.10 OR BA.2.76 OR BA.2.76.1 OR BA.2.76.2 OR BA.2.77 OR BA.2.78 OR BA.2.79 OR BA.2.79.1 OR BA.2.80 OR BA.2.81 OR BA.2.82 OR BA.2.83 OR BA.2.85 OR BA.3 OR BA.3.1 OR BA.4 OR BA.4.1 OR BA.4.1.1 OR BA.4.1.2 OR BA.4.1.3 OR BA.4.1.4 OR BA.4.1.5 OR BA.4.1.6 OR BA.4.1.7 OR BA.4.1.8 OR BA.4.1.9 OR BA.4.1.10 OR BA.4.2 OR BA.4.3 OR BA.4.4 OR BA.4.5 OR BA.4.6 OR BA.4.6.1 OR BA.4.6.2 OR BA.4.6.3 OR BA.4.6.4 OR BA.4.6.5 OR BA.4.7 OR BA.4.8 OR BA.5 OR BA.5.1 OR BA.5.1.1 OR BA.5.1.2 OR BA.5.1.3 OR BA.5.1.4 OR BA.5.1.5 OR BA.5.1.6 OR BA.5.1.7 OR BA.5.1.8 OR BA.5.1.9 OR BA.5.1.10 OR BA.5.1.11 OR BA.5.1.12 OR BA.5.1.14 OR BA.5.1.15 OR BA.5.1.16 OR BA.5.1.17 OR BA.5.1.18 OR BA.5.1.19 OR BA.5.1.20 OR BA.5.1.21 OR BA.5.1.22 OR BA.5.1.23 OR BA.5.1.24 OR BA.5.1.25 OR BA.5.1.26 OR BA.5.1.27 OR BA.5.1.28 OR BA.5.1.29 OR BA.5.1.30 OR BA.5.1.31 OR BA.5.1.32 OR BA.5.2 OR BA.5.2.1 OR BA.5.2.2 OR BA.5.2.3 OR BA.5.2.4 OR BA.5.2.5 OR BA.5.2.6 OR BA.5.2.7 OR BA.5.2.8 OR BA.5.2.9 OR BA.5.2.10 OR BA.5.2.11 OR BA.5.2.12 OR BA.5.2.13 OR BA.5.2.14 OR BA.5.2.16 OR BA.5.2.18 OR BA.5.2.19 OR BA.5.2.20 OR BA.5.2.21 OR BA.5.2.22 OR BA.5.2.23 OR BA.5.2.24 OR BA.5.2.25 OR BA.5.2.26 OR BA.5.2.27 OR BA.5.2.28 OR BA.5.2.29 OR BA.5.2.30 OR BA.5.2.31 OR BA.5.2.32 OR BA.5.2.33 OR BA.5.2.34 OR BA.5.2.35 OR BA.5.2.36 OR BA.5.2.37 OR BA.5.2.38 OR BA.5.2.39 OR BA.5.2.40 OR BA.5.2.41 OR BA.5.2.42 OR BA.5.2.43 OR BA.5.2.44 OR BA.5.2.45 OR BA.5.2.46 OR BA.5.2.47 OR BA.5.2.48 OR BA.5.2.49 OR BA.5.3 OR BA.5.3.1 OR BA.5.3.2 OR BA.5.3.3 OR BA.5.3.4 OR BA.5.3.5 OR BA.5.5 OR BA.5.5.1 OR BA.5.5.2 OR BA.5.5.3 OR BA.5.6 OR BA.5.6.1 OR BA.5.6.2 OR BA.5.6.3 OR BA.5.6.4 OR BA.5.7 OR BA.5.8 OR BA.5.9 OR BA.5.10 OR BA.5.10.1 OR BA.5.11 OR BC.1 OR BC.2 OR BD.1 OR BE.1 OR BE.1.1 OR BE.1.1.1 OR BE.1.1.2 OR BE.1.2 OR BE.1.2.1 OR BE.1.3 OR BE.1.4 OR BE.1.4.1 OR BE.1.4.2 OR BE.1.4.3 OR BE.1.4.4 OR BE.2 OR BE.3 OR BE.4 OR BE.4.1 OR BE.4.1.1 OR BE.4.2 OR BE.5 OR BE.6 OR BE.7 OR BE.8 OR BE.9 OR BE.10 OR BF.1 OR BF.1.1 OR BF.2 OR BF.3 OR BF.3.1 OR BF.4 OR BF.5 OR BF.5.1 OR BF.5.2 OR BF.6 OR BF.7 OR BF.7.1 OR BF.7.2 OR BF.7.3 OR BF.7.4 OR BF.7.4.1 OR BF.7.4.2 OR BF.7.5 OR BF.7.5.1 OR BF.7.6 OR BF.7.7 OR BF.7.8 OR BF.7.9 OR BF.7.10 OR BF.7.11 OR BF.7.12 OR BF.7.13 OR BF.7.13.1 OR BF.7.13.2 OR BF.7.14 OR BF.7.15 OR BF.8 OR BF.9 OR BF.10 OR BF.10.1 OR BF.11 OR BF.11.1 OR BF.11.2 OR BF.11.3 OR BF.11.4 OR BF.11.5 OR BF.12 OR BF.13 OR BF.14 OR BF.15 OR BF.16 OR BF.17 OR BF.18 OR BF.19 OR BF.20 OR BF.21 OR BF.22 OR BF.23 OR BF.24 OR BF.25 OR BF.26 OR BF.27 OR BF.28 OR BF.29 OR BF.30 OR BF.31 OR BF.31.1 OR BF.32 OR BF.33 OR BF.34 OR BG.1 OR BG.2 OR BG.3 OR BG.4 OR BG.5 OR BG.6 OR BG.7 OR BH.1 OR BJ.1 OR BK.1 OR BL.1 OR BL.1.1 OR BL.1.2 OR BL.1.3 OR BL.1.4 OR BL.2 OR BL.2.1 OR BL.3 OR BL.4 OR BL.5 OR BL.6 OR BM.1 OR BM.1.1 OR BM.1.1.1 OR BM.1.1.2 OR BM.1.1.3 OR BM.1.1.4 OR BM.1.1.5 OR BM.2 OR BM.2.1 OR BM.2.2 OR BM.2.3 OR BM.3 OR BM.4 OR BM.4.1 OR BM.4.1.1 OR BM.5 OR BM.6 OR BN.1 OR BN.1.1 OR BN.1.1.1 OR BN.1.2 OR BN.1.2.1 OR BN.1.3 OR BN.1.3.1 OR BN.1.3.2 OR BN.1.3.3 OR BN.1.3.4 OR BN.1.4 OR BN.1.4.1 OR BN.1.5 OR BN.1.5.1 OR BN.1.6 OR BN.1.7 OR BN.1.8 OR BN.1.9 OR BN.2 OR BN.2.1 OR BN.3 OR BN.3.1 OR BN.4 OR BN.5 OR BN.6 OR BP.1 OR BQ.1 OR BQ.1.1 OR BQ.1.1.1 OR BQ.1.1.2 OR BQ.1.1.3 OR BQ.1.1.4 OR BQ.1.1.5 OR BQ.1.1.6 OR BQ.1.1.7 OR BQ.1.1.8 OR BQ.1.1.9 OR BQ.1.1.10 OR BQ.1.1.11 OR BQ.1.1.12 OR BQ.1.1.13 OR BQ.1.1.14 OR BQ.1.1.15 OR BQ.1.1.16 OR BQ.1.1.17 OR BQ.1.1.18 OR BQ.1.1.19 OR BQ.1.1.20 OR BQ.1.1.21 OR BQ.1.1.22 OR BQ.1.1.23 OR BQ.1.1.24 OR BQ.1.1.25 OR BQ.1.1.26 OR BQ.1.1.27 OR BQ.1.1.28 OR BQ.1.1.29 OR BQ.1.1.30 OR BQ.1.1.31 OR BQ.1.1.32 OR BQ.1.1.34 OR BQ.1.1.35 OR BQ.1.1.36 OR BQ.1.2 OR BQ.1.3 OR BQ.1.4 OR BQ.1.5 OR BQ.1.6 OR BQ.1.7 OR BQ.1.8 OR BQ.1.8.1 OR BQ.1.8.2 OR BQ.1.9 OR BQ.1.10 OR BQ.1.10.1 OR BQ.1.11 OR BQ.1.12 OR BQ.1.13 OR BQ.1.13.1 OR BQ.1.14 OR BQ.1.15 OR BQ.1.16 OR BQ.1.17 OR BQ.1.18 OR BQ.1.19 OR BQ.1.20 OR BQ.1.21 OR BQ.1.22 OR BQ.1.23 OR BQ.1.24 OR BQ.1.25 OR BQ.1.25.1 OR BQ.1.26 OR BQ.1.26.1 OR BQ.1.27 OR BQ.1.28 OR BQ.2 OR BR.1 OR BR.1.1 OR BR.1.2 OR BR.2 OR BR.2.1 OR BR.3 OR BR.4 OR BS.1 OR BS.1.1 OR BS.1.2 OR BT.1 OR BT.2 OR BU.1 OR BU.2 OR BU.3 OR BV.1 OR BV.2 OR BW.1 OR BW.1.1 OR BY.1 OR BY.1.1 OR BY.1.1.1 OR BY.1.2 OR BY.1.2.1 OR BZ.1 OR CA.1 OR CA.2 OR CA.3 OR CA.3.1 OR CA.4 OR CA.5 OR CA.6 OR CA.7 OR CB.1 OR CC.1 OR CD.1 OR CD.2 OR CE.1 OR CF.1 OR CG.1 OR CH.1 OR CH.1.1 OR CH.1.1.1 OR CH.1.1.2 OR CH.1.1.3 OR CH.1.1.4 OR CH.1.1.5 OR CH.2 OR CH.3 OR CH.3.1 OR CJ.1 OR CJ.1.1 OR CK.1 OR CK.1.1 OR CK.1.2 OR CK.2 OR CK.2.1 OR CK.2.1.1 OR CK.3 OR CL.1 OR CM.1 OR CM.2 OR CM.2.1 OR CM.3 OR CM.4 OR CM.4.1 OR CM.5 OR CM.5.1 OR CM.5.2 OR CM.6 OR CM.6.1 OR CM.7 OR CM.8 OR CM.8.1 OR CM.9 OR CM.10 OR CM.11 OR CM.12 OR CN.1 OR CN.2 OR CP.1 OR CP.1.1 OR CP.1.2 OR CP.1.3 OR CP.2 OR CP.3 OR CP.4 OR CP.5 OR CP.6 OR CQ.1 OR CQ.1.1 OR CQ.2 OR CR.1 OR CR.1.1 OR CR.1.2 OR CR.1.3 OR CR.2 OR CS.1 OR CT.1 OR CU.1 OR CV.1 OR CV.2 OR CW.1 OR CY.1 OR CZ.1 OR DA.1 OR DB.1 OR DB.2 OR DC.1 OR DD.1 OR DE.1 OR DE.2 OR DF.1 OR DF.1.1 OR DG.1 OR DH.1 OR DJ.1 OR DJ.1.1 OR DJ.1.2 OR DJ.1.3 OR DK.1 OR DL.1 OR DM.1 OR DN.1 OR DN.1.1 OR DP.1 OR DQ.1 OR DR.1 OR DS.1 OR DT.1 OR DU.1 OR DV.1,Omicron,13.8571428571429,12.2142857142857,0.881443298969072
2022-06-24,9,8,10.8571428571429,10.2857142857143,0.947368421052632,0.647024202370781,0.990008539989305,B.1.1.529 OR BA.1 OR BA.1.1 OR BA.1.1.1 OR BA.1.1.2 OR BA.1.1.3 OR BA.1.1.4 OR BA.1.1.5 OR BA.1.1.6 OR BA.1.1.7 OR BA.1.1.8 OR BA.1.1.9 OR BA.1.1.10 OR BA.1.1.11 OR BA.1.1.12 OR BA.1.1.13 OR BA.1.1.14 OR BA.1.1.15 OR BA.1.1.16 OR BA.1.1.17 OR BA.1.1.18 OR BA.1.2 OR BA.1.3 OR BA.1.4 OR BA.1.5 OR BA.1.6 OR BA.1.7 OR BA.1.8 OR BA.1.9 OR BA.1.10 OR BA.1.12 OR BA.1.13 OR BA.1.13.1 OR BA.1.14 OR BA.1.14.1 OR BA.1.14.2 OR BA.1.15 OR BA.1.15.1 OR BA.1.15.2 OR BA.1.15.3 OR BA.1.16 OR BA.1.16.1 OR BA.1.16.2 OR BA.1.17 OR BA.1.17.1 OR BA.1.17.2 OR BA.1.18 OR BA.1.19 OR BA.1.20 OR BA.1.21 OR BA.1.21.1 OR BA.1.22 OR BA.1.23 OR BA.1.24 OR BA.2 OR BA.2.1 OR BA.2.2 OR BA.2.2.1 OR BA.2.3 OR BA.2.3.1 OR BA.2.3.2 OR BA.2.3.4 OR BA.2.3.5 OR BA.2.3.6 OR BA.2.3.7 OR BA.2.3.8 OR BA.2.3.9 OR BA.2.3.10 OR BA.2.3.11 OR BA.2.3.12 OR BA.2.3.13 OR BA.2.3.14 OR BA.2.3.15 OR BA.2.3.16 OR BA.2.3.17 OR BA.2.3.18 OR BA.2.3.19 OR BA.2.3.20 OR BA.2.3.21 OR BA.2.3.22 OR BA.2.4 OR BA.2.5 OR BA.2.6 OR BA.2.7 OR BA.2.8 OR BA.2.9 OR BA.2.9.1 OR BA.2.9.2 OR BA.2.9.3 OR BA.2.9.4 OR BA.2.9.5 OR BA.2.9.6 OR BA.2.9.7 OR BA.2.10 OR BA.2.10.1 OR BA.2.10.2 OR BA.2.10.3 OR BA.2.10.4 OR BA.2.11 OR BA.2.12 OR BA.2.12.1 OR BA.2.12.2 OR BA.2.13 OR BA.2.13.1 OR BA.2.14 OR BA.2.15 OR BA.2.16 OR BA.2.17 OR BA.2.18 OR BA.2.19 OR BA.2.20 OR BA.2.21 OR BA.2.22 OR BA.2.23 OR BA.2.23.1 OR BA.2.24 OR BA.2.25 OR BA.2.25.1 OR BA.2.26 OR BA.2.27 OR BA.2.28 OR BA.2.29 OR BA.2.30 OR BA.2.31 OR BA.2.31.1 OR BA.2.32 OR BA.2.33 OR BA.2.34 OR BA.2.35 OR BA.2.36 OR BA.2.37 OR BA.2.38 OR BA.2.38.1 OR BA.2.38.2 OR BA.2.38.3 OR BA.2.38.4 OR BA.2.39 OR BA.2.40 OR BA.2.40.1 OR BA.2.41 OR BA.2.42 OR BA.2.43 OR BA.2.44 OR BA.2.45 OR BA.2.46 OR BA.2.47 OR BA.2.48 OR BA.2.49 OR BA.2.50 OR BA.2.51 OR BA.2.52 OR BA.2.53 OR BA.2.54 OR BA.2.55 OR BA.2.56 OR BA.2.56.1 OR BA.2.57 OR BA.2.58 OR BA.2.59 OR BA.2.60 OR BA.2.61 OR BA.2.62 OR BA.2.63 OR BA.2.64 OR BA.2.65 OR BA.2.66 OR BA.2.67 OR BA.2.68 OR BA.2.69 OR BA.2.70 OR BA.2.71 OR BA.2.72 OR BA.2.73 OR BA.2.74 OR BA.2.75 OR BA.2.75.1 OR BA.2.75.2 OR BA.2.75.3 OR BA.2.75.4 OR BA.2.75.5 OR BA.2.75.6 OR BA.2.75.7 OR BA.2.75.8 OR BA.2.75.9 OR BA.2.75.10 OR BA.2.76 OR BA.2.76.1 OR BA.2.76.2 OR BA.2.77 OR BA.2.78 OR BA.2.79 OR BA.2.79.1 OR BA.2.80 OR BA.2.81 OR BA.2.82 OR BA.2.83 OR BA.2.85 OR BA.3 OR BA.3.1 OR BA.4 OR BA.4.1 OR BA.4.1.1 OR BA.4.1.2 OR BA.4.1.3 OR BA.4.1.4 OR BA.4.1.5 OR BA.4.1.6 OR BA.4.1.7 OR BA.4.1.8 OR BA.4.1.9 OR BA.4.1.10 OR BA.4.2 OR BA.4.3 OR BA.4.4 OR BA.4.5 OR BA.4.6 OR BA.4.6.1 OR BA.4.6.2 OR BA.4.6.3 OR BA.4.6.4 OR BA.4.6.5 OR BA.4.7 OR BA.4.8 OR BA.5 OR BA.5.1 OR BA.5.1.1 OR BA.5.1.2 OR BA.5.1.3 OR BA.5.1.4 OR BA.5.1.5 OR BA.5.1.6 OR BA.5.1.7 OR BA.5.1.8 OR BA.5.1.9 OR BA.5.1.10 OR BA.5.1.11 OR BA.5.1.12 OR BA.5.1.14 OR BA.5.1.15 OR BA.5.1.16 OR BA.5.1.17 OR BA.5.1.18 OR BA.5.1.19 OR BA.5.1.20 OR BA.5.1.21 OR BA.5.1.22 OR BA.5.1.23 OR BA.5.1.24 OR BA.5.1.25 OR BA.5.1.26 OR BA.5.1.27 OR BA.5.1.28 OR BA.5.1.29 OR BA.5.1.30 OR BA.5.1.31 OR BA.5.1.32 OR BA.5.2 OR BA.5.2.1 OR BA.5.2.2 OR BA.5.2.3 OR BA.5.2.4 OR BA.5.2.5 OR BA.5.2.6 OR BA.5.2.7 OR BA.5.2.8 OR BA.5.2.9 OR BA.5.2.10 OR BA.5.2.11 OR BA.5.2.12 OR BA.5.2.13 OR BA.5.2.14 OR BA.5.2.16 OR BA.5.2.18 OR BA.5.2.19 OR BA.5.2.20 OR BA.5.2.21 OR BA.5.2.22 OR BA.5.2.23 OR BA.5.2.24 OR BA.5.2.25 OR BA.5.2.26 OR BA.5.2.27 OR BA.5.2.28 OR BA.5.2.29 OR BA.5.2.30 OR BA.5.2.31 OR BA.5.2.32 OR BA.5.2.33 OR BA.5.2.34 OR BA.5.2.35 OR BA.5.2.36 OR BA.5.2.37 OR BA.5.2.38 OR BA.5.2.39 OR BA.5.2.40 OR BA.5.2.41 OR BA.5.2.42 OR BA.5.2.43 OR BA.5.2.44 OR BA.5.2.45 OR BA.5.2.46 OR BA.5.2.47 OR BA.5.2.48 OR BA.5.2.49 OR BA.5.3 OR BA.5.3.1 OR BA.5.3.2 OR BA.5.3.3 OR BA.5.3.4 OR BA.5.3.5 OR BA.5.5 OR BA.5.5.1 OR BA.5.5.2 OR BA.5.5.3 OR BA.5.6 OR BA.5.6.1 OR BA.5.6.2 OR BA.5.6.3 OR BA.5.6.4 OR BA.5.7 OR BA.5.8 OR BA.5.9 OR BA.5.10 OR BA.5.10.1 OR BA.5.11 OR BC.1 OR BC.2 OR BD.1 OR BE.1 OR BE.1.1 OR BE.1.1.1 OR BE.1.1.2 OR BE.1.2 OR BE.1.2.1 OR BE.1.3 OR BE.1.4 OR BE.1.4.1 OR BE.1.4.2 OR BE.1.4.3 OR BE.1.4.4 OR BE.2 OR BE.3 OR BE.4 OR BE.4.1 OR BE.4.1.1 OR BE.4.2 OR BE.5 OR BE.6 OR BE.7 OR BE.8 OR BE.9 OR BE.10 OR BF.1 OR BF.1.1 OR BF.2 OR BF.3 OR BF.3.1 OR BF.4 OR BF.5 OR BF.5.1 OR BF.5.2 OR BF.6 OR BF.7 OR BF.7.1 OR BF.7.2 OR BF.7.3 OR BF.7.4 OR BF.7.4.1 OR BF.7.4.2 OR BF.7.5 OR BF.7.5.1 OR BF.7.6 OR BF.7.7 OR BF.7.8 OR BF.7.9 OR BF.7.10 OR BF.7.11 OR BF.7.12 OR BF.7.13 OR BF.7.13.1 OR BF.7.13.2 OR BF.7.14 OR BF.7.15 OR BF.8 OR BF.9 OR BF.10 OR BF.10.1 OR BF.11 OR BF.11.1 OR BF.11.2 OR BF.11.3 OR BF.11.4 OR BF.11.5 OR BF.12 OR BF.13 OR BF.14 OR BF.15 OR BF.16 OR BF.17 OR BF.18 OR BF.19 OR BF.20 OR BF.21 OR BF.22 OR BF.23 OR BF.24 OR BF.25 OR BF.26 OR BF.27 OR BF.28 OR BF.29 OR BF.30 OR BF.31 OR BF.31.1 OR BF.32 OR BF.33 OR BF.34 OR BG.1 OR BG.2 OR BG.3 OR BG.4 OR BG.5 OR BG.6 OR BG.7 OR BH.1 OR BJ.1 OR BK.1 OR BL.1 OR BL.1.1 OR BL.1.2 OR BL.1.3 OR BL.1.4 OR BL.2 OR BL.2.1 OR BL.3 OR BL.4 OR BL.5 OR BL.6 OR BM.1 OR BM.1.1 OR BM.1.1.1 OR BM.1.1.2 OR BM.1.1.3 OR BM.1.1.4 OR BM.1.1.5 OR BM.2 OR BM.2.1 OR BM.2.2 OR BM.2.3 OR BM.3 OR BM.4 OR BM.4.1 OR BM.4.1.1 OR BM.5 OR BM.6 OR BN.1 OR BN.1.1 OR BN.1.1.1 OR BN.1.2 OR BN.1.2.1 OR BN.1.3 OR BN.1.3.1 OR BN.1.3.2 OR BN.1.3.3 OR BN.1.3.4 OR BN.1.4 OR BN.1.4.1 OR BN.1.5 OR BN.1.5.1 OR BN.1.6 OR BN.1.7 OR BN.1.8 OR BN.1.9 OR BN.2 OR BN.2.1 OR BN.3 OR BN.3.1 OR BN.4 OR BN.5 OR BN.6 OR BP.1 OR BQ.1 OR BQ.1.1 OR BQ.1.1.1 OR BQ.1.1.2 OR BQ.1.1.3 OR BQ.1.1.4 OR BQ.1.1.5 OR BQ.1.1.6 OR BQ.1.1.7 OR BQ.1.1.8 OR BQ.1.1.9 OR BQ.1.1.10 OR BQ.1.1.11 OR BQ.1.1.12 OR BQ.1.1.13 OR BQ.1.1.14 OR BQ.1.1.15 OR BQ.1.1.16 OR BQ.1.1.17 OR BQ.1.1.18 OR BQ.1.1.19 OR BQ.1.1.20 OR BQ.1.1.21 OR BQ.1.1.22 OR BQ.1.1.23 OR BQ.1.1.24 OR BQ.1.1.25 OR BQ.1.1.26 OR BQ.1.1.27 OR BQ.1.1.28 OR BQ.1.1.29 OR BQ.1.1.30 OR BQ.1.1.31 OR BQ.1.1.32 OR BQ.1.1.34 OR BQ.1.1.35 OR BQ.1.1.36 OR BQ.1.2 OR BQ.1.3 OR BQ.1.4 OR BQ.1.5 OR BQ.1.6 OR BQ.1.7 OR BQ.1.8 OR BQ.1.8.1 OR BQ.1.8.2 OR BQ.1.9 OR BQ.1.10 OR BQ.1.10.1 OR BQ.1.11 OR BQ.1.12 OR BQ.1.13 OR BQ.1.13.1 OR BQ.1.14 OR BQ.1.15 OR BQ.1.16 OR BQ.1.17 OR BQ.1.18 OR BQ.1.19 OR BQ.1.20 OR BQ.1.21 OR BQ.1.22 OR BQ.1.23 OR BQ.1.24 OR BQ.1.25 OR BQ.1.25.1 OR BQ.1.26 OR BQ.1.26.1 OR BQ.1.27 OR BQ.1.28 OR BQ.2 OR BR.1 OR BR.1.1 OR BR.1.2 OR BR.2 OR BR.2.1 OR BR.3 OR BR.4 OR BS.1 OR BS.1.1 OR BS.1.2 OR BT.1 OR BT.2 OR BU.1 OR BU.2 OR BU.3 OR BV.1 OR BV.2 OR BW.1 OR BW.1.1 OR BY.1 OR BY.1.1 OR BY.1.1.1 OR BY.1.2 OR BY.1.2.1 OR BZ.1 OR CA.1 OR CA.2 OR CA.3 OR CA.3.1 OR CA.4 OR CA.5 OR CA.6 OR CA.7 OR CB.1 OR CC.1 OR CD.1 OR CD.2 OR CE.1 OR CF.1 OR CG.1 OR CH.1 OR CH.1.1 OR CH.1.1.1 OR CH.1.1.2 OR CH.1.1.3 OR CH.1.1.4 OR CH.1.1.5 OR CH.2 OR CH.3 OR CH.3.1 OR CJ.1 OR CJ.1.1 OR CK.1 OR CK.1.1 OR CK.1.2 OR CK.2 OR CK.2.1 OR CK.2.1.1 OR CK.3 OR CL.1 OR CM.1 OR CM.2 OR CM.2.1 OR CM.3 OR CM.4 OR CM.4.1 OR CM.5 OR CM.5.1 OR CM.5.2 OR CM.6 OR CM.6.1 OR CM.7 OR CM.8 OR CM.8.1 OR CM.9 OR CM.10 OR CM.11 OR CM.12 OR CN.1 OR CN.2 OR CP.1 OR CP.1.1 OR CP.1.2 OR CP.1.3 OR CP.2 OR CP.3 OR CP.4 OR CP.5 OR CP.6 OR CQ.1 OR CQ.1.1 OR CQ.2 OR CR.1 OR CR.1.1 OR CR.1.2 OR CR.1.3 OR CR.2 OR CS.1 OR CT.1 OR CU.1 OR CV.1 OR CV.2 OR CW.1 OR CY.1 OR CZ.1 OR DA.1 OR DB.1 OR DB.2 OR DC.1 OR DD.1 OR DE.1 OR DE.2 OR DF.1 OR DF.1.1 OR DG.1 OR DH.1 OR DJ.1 OR DJ.1.1 OR DJ.1.2 OR DJ.1.3 OR DK.1 OR DL.1 OR DM.1 OR DN.1 OR DN.1.1 OR DP.1 OR DQ.1 OR DR.1 OR DS.1 OR DT.1 OR DU.1 OR DV.1,Omicron,13.5,11.7857142857143,0.873015873015873
2022-06-25,5,3,10.7142857142857,10,0.933333333333333,0.647024202370781,0.990008539989305,B.1.1.529 OR BA.1 OR BA.1.1 OR BA.1.1.1 OR BA.1.1.2 OR BA.1.1.3 OR BA.1.1.4 OR BA.1.1.5 OR BA.1.1.6 OR BA.1.1.7 OR BA.1.1.8 OR BA.1.1.9 OR BA.1.1.10 OR BA.1.1.11 OR BA.1.1.12 OR BA.1.1.13 OR BA.1.1.14 OR BA.1.1.15 OR BA.1.1.16 OR BA.1.1.17 OR BA.1.1.18 OR BA.1.2 OR BA.1.3 OR BA.1.4 OR BA.1.5 OR BA.1.6 OR BA.1.7 OR BA.1.8 OR BA.1.9 OR BA.1.10 OR BA.1.12 OR BA.1.13 OR BA.1.13.1 OR BA.1.14 OR BA.1.14.1 OR BA.1.14.2 OR BA.1.15 OR BA.1.15.1 OR BA.1.15.2 OR BA.1.15.3 OR BA.1.16 OR BA.1.16.1 OR BA.1.16.2 OR BA.1.17 OR BA.1.17.1 OR BA.1.17.2 OR BA.1.18 OR BA.1.19 OR BA.1.20 OR BA.1.21 OR BA.1.21.1 OR BA.1.22 OR BA.1.23 OR BA.1.24 OR BA.2 OR BA.2.1 OR BA.2.2 OR BA.2.2.1 OR BA.2.3 OR BA.2.3.1 OR BA.2.3.2 OR BA.2.3.4 OR BA.2.3.5 OR BA.2.3.6 OR BA.2.3.7 OR BA.2.3.8 OR BA.2.3.9 OR BA.2.3.10 OR BA.2.3.11 OR BA.2.3.12 OR BA.2.3.13 OR BA.2.3.14 OR BA.2.3.15 OR BA.2.3.16 OR BA.2.3.17 OR BA.2.3.18 OR BA.2.3.19 OR BA.2.3.20 OR BA.2.3.21 OR BA.2.3.22 OR BA.2.4 OR BA.2.5 OR BA.2.6 OR BA.2.7 OR BA.2.8 OR BA.2.9 OR BA.2.9.1 OR BA.2.9.2 OR BA.2.9.3 OR BA.2.9.4 OR BA.2.9.5 OR BA.2.9.6 OR BA.2.9.7 OR BA.2.10 OR BA.2.10.1 OR BA.2.10.2 OR BA.2.10.3 OR BA.2.10.4 OR BA.2.11 OR BA.2.12 OR BA.2.12.1 OR BA.2.12.2 OR BA.2.13 OR BA.2.13.1 OR BA.2.14 OR BA.2.15 OR BA.2.16 OR BA.2.17 OR BA.2.18 OR BA.2.19 OR BA.2.20 OR BA.2.21 OR BA.2.22 OR BA.2.23 OR BA.2.23.1 OR BA.2.24 OR BA.2.25 OR BA.2.25.1 OR BA.2.26 OR BA.2.27 OR BA.2.28 OR BA.2.29 OR BA.2.30 OR BA.2.31 OR BA.2.31.1 OR BA.2.32 OR BA.2.33 OR BA.2.34 OR BA.2.35 OR BA.2.36 OR BA.2.37 OR BA.2.38 OR BA.2.38.1 OR BA.2.38.2 OR BA.2.38.3 OR BA.2.38.4 OR BA.2.39 OR BA.2.40 OR BA.2.40.1 OR BA.2.41 OR BA.2.42 OR BA.2.43 OR BA.2.44 OR BA.2.45 OR BA.2.46 OR BA.2.47 OR BA.2.48 OR BA.2.49 OR BA.2.50 OR BA.2.51 OR BA.2.52 OR BA.2.53 OR BA.2.54 OR BA.2.55 OR BA.2.56 OR BA.2.56.1 OR BA.2.57 OR BA.2.58 OR BA.2.59 OR BA.2.60 OR BA.2.61 OR BA.2.62 OR BA.2.63 OR BA.2.64 OR BA.2.65 OR BA.2.66 OR BA.2.67 OR BA.2.68 OR BA.2.69 OR BA.2.70 OR BA.2.71 OR BA.2.72 OR BA.2.73 OR BA.2.74 OR BA.2.75 OR BA.2.75.1 OR BA.2.75.2 OR BA.2.75.3 OR BA.2.75.4 OR BA.2.75.5 OR BA.2.75.6 OR BA.2.75.7 OR BA.2.75.8 OR BA.2.75.9 OR BA.2.75.10 OR BA.2.76 OR BA.2.76.1 OR BA.2.76.2 OR BA.2.77 OR BA.2.78 OR BA.2.79 OR BA.2.79.1 OR BA.2.80 OR BA.2.81 OR BA.2.82 OR BA.2.83 OR BA.2.85 OR BA.3 OR BA.3.1 OR BA.4 OR BA.4.1 OR BA.4.1.1 OR BA.4.1.2 OR BA.4.1.3 OR BA.4.1.4 OR BA.4.1.5 OR BA.4.1.6 OR BA.4.1.7 OR BA.4.1.8 OR BA.4.1.9 OR BA.4.1.10 OR BA.4.2 OR BA.4.3 OR BA.4.4 OR BA.4.5 OR BA.4.6 OR BA.4.6.1 OR BA.4.6.2 OR BA.4.6.3 OR BA.4.6.4 OR BA.4.6.5 OR BA.4.7 OR BA.4.8 OR BA.5 OR BA.5.1 OR BA.5.1.1 OR BA.5.1.2 OR BA.5.1.3 OR BA.5.1.4 OR BA.5.1.5 OR BA.5.1.6 OR BA.5.1.7 OR BA.5.1.8 OR BA.5.1.9 OR BA.5.1.10 OR BA.5.1.11 OR BA.5.1.12 OR BA.5.1.14 OR BA.5.1.15 OR BA.5.1.16 OR BA.5.1.17 OR BA.5.1.18 OR BA.5.1.19 OR BA.5.1.20 OR BA.5.1.21 OR BA.5.1.22 OR BA.5.1.23 OR BA.5.1.24 OR BA.5.1.25 OR BA.5.1.26 OR BA.5.1.27 OR BA.5.1.28 OR BA.5.1.29 OR BA.5.1.30 OR BA.5.1.31 OR BA.5.1.32 OR BA.5.2 OR BA.5.2.1 OR BA.5.2.2 OR BA.5.2.3 OR BA.5.2.4 OR BA.5.2.5 OR BA.5.2.6 OR BA.5.2.7 OR BA.5.2.8 OR BA.5.2.9 OR BA.5.2.10 OR BA.5.2.11 OR BA.5.2.12 OR BA.5.2.13 OR BA.5.2.14 OR BA.5.2.16 OR BA.5.2.18 OR BA.5.2.19 OR BA.5.2.20 OR BA.5.2.21 OR BA.5.2.22 OR BA.5.2.23 OR BA.5.2.24 OR BA.5.2.25 OR BA.5.2.26 OR BA.5.2.27 OR BA.5.2.28 OR BA.5.2.29 OR BA.5.2.30 OR BA.5.2.31 OR BA.5.2.32 OR BA.5.2.33 OR BA.5.2.34 OR BA.5.2.35 OR BA.5.2.36 OR BA.5.2.37 OR BA.5.2.38 OR BA.5.2.39 OR BA.5.2.40 OR BA.5.2.41 OR BA.5.2.42 OR BA.5.2.43 OR BA.5.2.44 OR BA.5.2.45 OR BA.5.2.46 OR BA.5.2.47 OR BA.5.2.48 OR BA.5.2.49 OR BA.5.3 OR BA.5.3.1 OR BA.5.3.2 OR BA.5.3.3 OR BA.5.3.4 OR BA.5.3.5 OR BA.5.5 OR BA.5.5.1 OR BA.5.5.2 OR BA.5.5.3 OR BA.5.6 OR BA.5.6.1 OR BA.5.6.2 OR BA.5.6.3 OR BA.5.6.4 OR BA.5.7 OR BA.5.8 OR BA.5.9 OR BA.5.10 OR BA.5.10.1 OR BA.5.11 OR BC.1 OR BC.2 OR BD.1 OR BE.1 OR BE.1.1 OR BE.1.1.1 OR BE.1.1.2 OR BE.1.2 OR BE.1.2.1 OR BE.1.3 OR BE.1.4 OR BE.1.4.1 OR BE.1.4.2 OR BE.1.4.3 OR BE.1.4.4 OR BE.2 OR BE.3 OR BE.4 OR BE.4.1 OR BE.4.1.1 OR BE.4.2 OR BE.5 OR BE.6 OR BE.7 OR BE.8 OR BE.9 OR BE.10 OR BF.1 OR BF.1.1 OR BF.2 OR BF.3 OR BF.3.1 OR BF.4 OR BF.5 OR BF.5.1 OR BF.5.2 OR BF.6 OR BF.7 OR BF.7.1 OR BF.7.2 OR BF.7.3 OR BF.7.4 OR BF.7.4.1 OR BF.7.4.2 OR BF.7.5 OR BF.7.5.1 OR BF.7.6 OR BF.7.7 OR BF.7.8 OR BF.7.9 OR BF.7.10 OR BF.7.11 OR BF.7.12 OR BF.7.13 OR BF.7.13.1 OR BF.7.13.2 OR BF.7.14 OR BF.7.15 OR BF.8 OR BF.9 OR BF.10 OR BF.10.1 OR BF.11 OR BF.11.1 OR BF.11.2 OR BF.11.3 OR BF.11.4 OR BF.11.5 OR BF.12 OR BF.13 OR BF.14 OR BF.15 OR BF.16 OR BF.17 OR BF.18 OR BF.19 OR BF.20 OR BF.21 OR BF.22 OR BF.23 OR BF.24 OR BF.25 OR BF.26 OR BF.27 OR BF.28 OR BF.29 OR BF.30 OR BF.31 OR BF.31.1 OR BF.32 OR BF.33 OR BF.34 OR BG.1 OR BG.2 OR BG.3 OR BG.4 OR BG.5 OR BG.6 OR BG.7 OR BH.1 OR BJ.1 OR BK.1 OR BL.1 OR BL.1.1 OR BL.1.2 OR BL.1.3 OR BL.1.4 OR BL.2 OR BL.2.1 OR BL.3 OR BL.4 OR BL.5 OR BL.6 OR BM.1 OR BM.1.1 OR BM.1.1.1 OR BM.1.1.2 OR BM.1.1.3 OR BM.1.1.4 OR BM.1.1.5 OR BM.2 OR BM.2.1 OR BM.2.2 OR BM.2.3 OR BM.3 OR BM.4 OR BM.4.1 OR BM.4.1.1 OR BM.5 OR BM.6 OR BN.1 OR BN.1.1 OR BN.1.1.1 OR BN.1.2 OR BN.1.2.1 OR BN.1.3 OR BN.1.3.1 OR BN.1.3.2 OR BN.1.3.3 OR BN.1.3.4 OR BN.1.4 OR BN.1.4.1 OR BN.1.5 OR BN.1.5.1 OR BN.1.6 OR BN.1.7 OR BN.1.8 OR BN.1.9 OR BN.2 OR BN.2.1 OR BN.3 OR BN.3.1 OR BN.4 OR BN.5 OR BN.6 OR BP.1 OR BQ.1 OR BQ.1.1 OR BQ.1.1.1 OR BQ.1.1.2 OR BQ.1.1.3 OR BQ.1.1.4 OR BQ.1.1.5 OR BQ.1.1.6 OR BQ.1.1.7 OR BQ.1.1.8 OR BQ.1.1.9 OR BQ.1.1.10 OR BQ.1.1.11 OR BQ.1.1.12 OR BQ.1.1.13 OR BQ.1.1.14 OR BQ.1.1.15 OR BQ.1.1.16 OR BQ.1.1.17 OR BQ.1.1.18 OR BQ.1.1.19 OR BQ.1.1.20 OR BQ.1.1.21 OR BQ.1.1.22 OR BQ.1.1.23 OR BQ.1.1.24 OR BQ.1.1.25 OR BQ.1.1.26 OR BQ.1.1.27 OR BQ.1.1.28 OR BQ.1.1.29 OR BQ.1.1.30 OR BQ.1.1.31 OR BQ.1.1.32 OR BQ.1.1.34 OR BQ.1.1.35 OR BQ.1.1.36 OR BQ.1.2 OR BQ.1.3 OR BQ.1.4 OR BQ.1.5 OR BQ.1.6 OR BQ.1.7 OR BQ.1.8 OR BQ.1.8.1 OR BQ.1.8.2 OR BQ.1.9 OR BQ.1.10 OR BQ.1.10.1 OR BQ.1.11 OR BQ.1.12 OR BQ.1.13 OR BQ.1.13.1 OR BQ.1.14 OR BQ.1.15 OR BQ.1.16 OR BQ.1.17 OR BQ.1.18 OR BQ.1.19 OR BQ.1.20 OR BQ.1.21 OR BQ.1.22 OR BQ.1.23 OR BQ.1.24 OR BQ.1.25 OR BQ.1.25.1 OR BQ.1.26 OR BQ.1.26.1 OR BQ.1.27 OR BQ.1.28 OR BQ.2 OR BR.1 OR BR.1.1 OR BR.1.2 OR BR.2 OR BR.2.1 OR BR.3 OR BR.4 OR BS.1 OR BS.1.1 OR BS.1.2 OR BT.1 OR BT.2 OR BU.1 OR BU.2 OR BU.3 OR BV.1 OR BV.2 OR BW.1 OR BW.1.1 OR BY.1 OR BY.1.1 OR BY.1.1.1 OR BY.1.2 OR BY.1.2.1 OR BZ.1 OR CA.1 OR CA.2 OR CA.3 OR CA.3.1 OR CA.4 OR CA.5 OR CA.6 OR CA.7 OR CB.1 OR CC.1 OR CD.1 OR CD.2 OR CE.1 OR CF.1 OR CG.1 OR CH.1 OR CH.1.1 OR CH.1.1.1 OR CH.1.1.2 OR CH.1.1.3 OR CH.1.1.4 OR CH.1.1.5 OR CH.2 OR CH.3 OR CH.3.1 OR CJ.1 OR CJ.1.1 OR CK.1 OR CK.1.1 OR CK.1.2 OR CK.2 OR CK.2.1 OR CK.2.1.1 OR CK.3 OR CL.1 OR CM.1 OR CM.2 OR CM.2.1 OR CM.3 OR CM.4 OR CM.4.1 OR CM.5 OR CM.5.1 OR CM.5.2 OR CM.6 OR CM.6.1 OR CM.7 OR CM.8 OR CM.8.1 OR CM.9 OR CM.10 OR CM.11 OR CM.12 OR CN.1 OR CN.2 OR CP.1 OR CP.1.1 OR CP.1.2 OR CP.1.3 OR CP.2 OR CP.3 OR CP.4 OR CP.5 OR CP.6 OR CQ.1 OR CQ.1.1 OR CQ.2 OR CR.1 OR CR.1.1 OR CR.1.2 OR CR.1.3 OR CR.2 OR CS.1 OR CT.1 OR CU.1 OR CV.1 OR CV.2 OR CW.1 OR CY.1 OR CZ.1 OR DA.1 OR DB.1 OR DB.2 OR DC.1 OR DD.1 OR DE.1 OR DE.2 OR DF.1 OR DF.1.1 OR DG.1 OR DH.1 OR DJ.1 OR DJ.1.1 OR DJ.1.2 OR DJ.1.3 OR DK.1 OR DL.1 OR DM.1 OR DN.1 OR DN.1.1 OR DP.1 OR DQ.1 OR DR.1 OR DS.1 OR DT.1 OR DU.1 OR DV.1,Omicron,13.3571428571429,11.7142857142857,0.877005347593583
2022-06-26,3,3,9.28571428571429,8.71428571428571,0.938461538461538,0.762389901367097,0.999946935946581,B.1.1.529 OR BA.1 OR BA.1.1 OR BA.1.1.1 OR BA.1.1.2 OR BA.1.1.3 OR BA.1.1.4 OR BA.1.1.5 OR BA.1.1.6 OR BA.1.1.7 OR BA.1.1.8 OR BA.1.1.9 OR BA.1.1.10 OR BA.1.1.11 OR BA.1.1.12 OR BA.1.1.13 OR BA.1.1.14 OR BA.1.1.15 OR BA.1.1.16 OR BA.1.1.17 OR BA.1.1.18 OR BA.1.2 OR BA.1.3 OR BA.1.4 OR BA.1.5 OR BA.1.6 OR BA.1.7 OR BA.1.8 OR BA.1.9 OR BA.1.10 OR BA.1.12 OR BA.1.13 OR BA.1.13.1 OR BA.1.14 OR BA.1.14.1 OR BA.1.14.2 OR BA.1.15 OR BA.1.15.1 OR BA.1.15.2 OR BA.1.15.3 OR BA.1.16 OR BA.1.16.1 OR BA.1.16.2 OR BA.1.17 OR BA.1.17.1 OR BA.1.17.2 OR BA.1.18 OR BA.1.19 OR BA.1.20 OR BA.1.21 OR BA.1.21.1 OR BA.1.22 OR BA.1.23 OR BA.1.24 OR BA.2 OR BA.2.1 OR BA.2.2 OR BA.2.2.1 OR BA.2.3 OR BA.2.3.1 OR BA.2.3.2 OR BA.2.3.4 OR BA.2.3.5 OR BA.2.3.6 OR BA.2.3.7 OR BA.2.3.8 OR BA.2.3.9 OR BA.2.3.10 OR BA.2.3.11 OR BA.2.3.12 OR BA.2.3.13 OR BA.2.3.14 OR BA.2.3.15 OR BA.2.3.16 OR BA.2.3.17 OR BA.2.3.18 OR BA.2.3.19 OR BA.2.3.20 OR BA.2.3.21 OR BA.2.3.22 OR BA.2.4 OR BA.2.5 OR BA.2.6 OR BA.2.7 OR BA.2.8 OR BA.2.9 OR BA.2.9.1 OR BA.2.9.2 OR BA.2.9.3 OR BA.2.9.4 OR BA.2.9.5 OR BA.2.9.6 OR BA.2.9.7 OR BA.2.10 OR BA.2.10.1 OR BA.2.10.2 OR BA.2.10.3 OR BA.2.10.4 OR BA.2.11 OR BA.2.12 OR BA.2.12.1 OR BA.2.12.2 OR BA.2.13 OR BA.2.13.1 OR BA.2.14 OR BA.2.15 OR BA.2.16 OR BA.2.17 OR BA.2.18 OR BA.2.19 OR BA.2.20 OR BA.2.21 OR BA.2.22 OR BA.2.23 OR BA.2.23.1 OR BA.2.24 OR BA.2.25 OR BA.2.25.1 OR BA.2.26 OR BA.2.27 OR BA.2.28 OR BA.2.29 OR BA.2.30 OR BA.2.31 OR BA.2.31.1 OR BA.2.32 OR BA.2.33 OR BA.2.34 OR BA.2.35 OR BA.2.36 OR BA.2.37 OR BA.2.38 OR BA.2.38.1 OR BA.2.38.2 OR BA.2.38.3 OR BA.2.38.4 OR BA.2.39 OR BA.2.40 OR BA.2.40.1 OR BA.2.41 OR BA.2.42 OR BA.2.43 OR BA.2.44 OR BA.2.45 OR BA.2.46 OR BA.2.47 OR BA.2.48 OR BA.2.49 OR BA.2.50 OR BA.2.51 OR BA.2.52 OR BA.2.53 OR BA.2.54 OR BA.2.55 OR BA.2.56 OR BA.2.56.1 OR BA.2.57 OR BA.2.58 OR BA.2.59 OR BA.2.60 OR BA.2.61 OR BA.2.62 OR BA.2.63 OR BA.2.64 OR BA.2.65 OR BA.2.66 OR BA.2.67 OR BA.2.68 OR BA.2.69 OR BA.2.70 OR BA.2.71 OR BA.2.72 OR BA.2.73 OR BA.2.74 OR BA.2.75 OR BA.2.75.1 OR BA.2.75.2 OR BA.2.75.3 OR BA.2.75.4 OR BA.2.75.5 OR BA.2.75.6 OR BA.2.75.7 OR BA.2.75.8 OR BA.2.75.9 OR BA.2.75.10 OR BA.2.76 OR BA.2.76.1 OR BA.2.76.2 OR BA.2.77 OR BA.2.78 OR BA.2.79 OR BA.2.79.1 OR BA.2.80 OR BA.2.81 OR BA.2.82 OR BA.2.83 OR BA.2.85 OR BA.3 OR BA.3.1 OR BA.4 OR BA.4.1 OR BA.4.1.1 OR BA.4.1.2 OR BA.4.1.3 OR BA.4.1.4 OR BA.4.1.5 OR BA.4.1.6 OR BA.4.1.7 OR BA.4.1.8 OR BA.4.1.9 OR BA.4.1.10 OR BA.4.2 OR BA.4.3 OR BA.4.4 OR BA.4.5 OR BA.4.6 OR BA.4.6.1 OR BA.4.6.2 OR BA.4.6.3 OR BA.4.6.4 OR BA.4.6.5 OR BA.4.7 OR BA.4.8 OR BA.5 OR BA.5.1 OR BA.5.1.1 OR BA.5.1.2 OR BA.5.1.3 OR BA.5.1.4 OR BA.5.1.5 OR BA.5.1.6 OR BA.5.1.7 OR BA.5.1.8 OR BA.5.1.9 OR BA.5.1.10 OR BA.5.1.11 OR BA.5.1.12 OR BA.5.1.14 OR BA.5.1.15 OR BA.5.1.16 OR BA.5.1.17 OR BA.5.1.18 OR BA.5.1.19 OR BA.5.1.20 OR BA.5.1.21 OR BA.5.1.22 OR BA.5.1.23 OR BA.5.1.24 OR BA.5.1.25 OR BA.5.1.26 OR BA.5.1.27 OR BA.5.1.28 OR BA.5.1.29 OR BA.5.1.30 OR BA.5.1.31 OR BA.5.1.32 OR BA.5.2 OR BA.5.2.1 OR BA.5.2.2 OR BA.5.2.3 OR BA.5.2.4 OR BA.5.2.5 OR BA.5.2.6 OR BA.5.2.7 OR BA.5.2.8 OR BA.5.2.9 OR BA.5.2.10 OR BA.5.2.11 OR BA.5.2.12 OR BA.5.2.13 OR BA.5.2.14 OR BA.5.2.16 OR BA.5.2.18 OR BA.5.2.19 OR BA.5.2.20 OR BA.5.2.21 OR BA.5.2.22 OR BA.5.2.23 OR BA.5.2.24 OR BA.5.2.25 OR BA.5.2.26 OR BA.5.2.27 OR BA.5.2.28 OR BA.5.2.29 OR BA.5.2.30 OR BA.5.2.31 OR BA.5.2.32 OR BA.5.2.33 OR BA.5.2.34 OR BA.5.2.35 OR BA.5.2.36 OR BA.5.2.37 OR BA.5.2.38 OR BA.5.2.39 OR BA.5.2.40 OR BA.5.2.41 OR BA.5.2.42 OR BA.5.2.43 OR BA.5.2.44 OR BA.5.2.45 OR BA.5.2.46 OR BA.5.2.47 OR BA.5.2.48 OR BA.5.2.49 OR BA.5.3 OR BA.5.3.1 OR BA.5.3.2 OR BA.5.3.3 OR BA.5.3.4 OR BA.5.3.5 OR BA.5.5 OR BA.5.5.1 OR BA.5.5.2 OR BA.5.5.3 OR BA.5.6 OR BA.5.6.1 OR BA.5.6.2 OR BA.5.6.3 OR BA.5.6.4 OR BA.5.7 OR BA.5.8 OR BA.5.9 OR BA.5.10 OR BA.5.10.1 OR BA.5.11 OR BC.1 OR BC.2 OR BD.1 OR BE.1 OR BE.1.1 OR BE.1.1.1 OR BE.1.1.2 OR BE.1.2 OR BE.1.2.1 OR BE.1.3 OR BE.1.4 OR BE.1.4.1 OR BE.1.4.2 OR BE.1.4.3 OR BE.1.4.4 OR BE.2 OR BE.3 OR BE.4 OR BE.4.1 OR BE.4.1.1 OR BE.4.2 OR BE.5 OR BE.6 OR BE.7 OR BE.8 OR BE.9 OR BE.10 OR BF.1 OR BF.1.1 OR BF.2 OR BF.3 OR BF.3.1 OR BF.4 OR BF.5 OR BF.5.1 OR BF.5.2 OR BF.6 OR BF.7 OR BF.7.1 OR BF.7.2 OR BF.7.3 OR BF.7.4 OR BF.7.4.1 OR BF.7.4.2 OR BF.7.5 OR BF.7.5.1 OR BF.7.6 OR BF.7.7 OR BF.7.8 OR BF.7.9 OR BF.7.10 OR BF.7.11 OR BF.7.12 OR BF.7.13 OR BF.7.13.1 OR BF.7.13.2 OR BF.7.14 OR BF.7.15 OR BF.8 OR BF.9 OR BF.10 OR BF.10.1 OR BF.11 OR BF.11.1 OR BF.11.2 OR BF.11.3 OR BF.11.4 OR BF.11.5 OR BF.12 OR BF.13 OR BF.14 OR BF.15 OR BF.16 OR BF.17 OR BF.18 OR BF.19 OR BF.20 OR BF.21 OR BF.22 OR BF.23 OR BF.24 OR BF.25 OR BF.26 OR BF.27 OR BF.28 OR BF.29 OR BF.30 OR BF.31 OR BF.31.1 OR BF.32 OR BF.33 OR BF.34 OR BG.1 OR BG.2 OR BG.3 OR BG.4 OR BG.5 OR BG.6 OR BG.7 OR BH.1 OR BJ.1 OR BK.1 OR BL.1 OR BL.1.1 OR BL.1.2 OR BL.1.3 OR BL.1.4 OR BL.2 OR BL.2.1 OR BL.3 OR BL.4 OR BL.5 OR BL.6 OR BM.1 OR BM.1.1 OR BM.1.1.1 OR BM.1.1.2 OR BM.1.1.3 OR BM.1.1.4 OR BM.1.1.5 OR BM.2 OR BM.2.1 OR BM.2.2 OR BM.2.3 OR BM.3 OR BM.4 OR BM.4.1 OR BM.4.1.1 OR BM.5 OR BM.6 OR BN.1 OR BN.1.1 OR BN.1.1.1 OR BN.1.2 OR BN.1.2.1 OR BN.1.3 OR BN.1.3.1 OR BN.1.3.2 OR BN.1.3.3 OR BN.1.3.4 OR BN.1.4 OR BN.1.4.1 OR BN.1.5 OR BN.1.5.1 OR BN.1.6 OR BN.1.7 OR BN.1.8 OR BN.1.9 OR BN.2 OR BN.2.1 OR BN.3 OR BN.3.1 OR BN.4 OR BN.5 OR BN.6 OR BP.1 OR BQ.1 OR BQ.1.1 OR BQ.1.1.1 OR BQ.1.1.2 OR BQ.1.1.3 OR BQ.1.1.4 OR BQ.1.1.5 OR BQ.1.1.6 OR BQ.1.1.7 OR BQ.1.1.8 OR BQ.1.1.9 OR BQ.1.1.10 OR BQ.1.1.11 OR BQ.1.1.12 OR BQ.1.1.13 OR BQ.1.1.14 OR BQ.1.1.15 OR BQ.1.1.16 OR BQ.1.1.17 OR BQ.1.1.18 OR BQ.1.1.19 OR BQ.1.1.20 OR BQ.1.1.21 OR BQ.1.1.22 OR BQ.1.1.23 OR BQ.1.1.24 OR BQ.1.1.25 OR BQ.1.1.26 OR BQ.1.1.27 OR BQ.1.1.28 OR BQ.1.1.29 OR BQ.1.1.30 OR BQ.1.1.31 OR BQ.1.1.32 OR BQ.1.1.34 OR BQ.1.1.35 OR BQ.1.1.36 OR BQ.1.2 OR BQ.1.3 OR BQ.1.4 OR BQ.1.5 OR BQ.1.6 OR BQ.1.7 OR BQ.1.8 OR BQ.1.8.1 OR BQ.1.8.2 OR BQ.1.9 OR BQ.1.10 OR BQ.1.10.1 OR BQ.1.11 OR BQ.1.12 OR BQ.1.13 OR BQ.1.13.1 OR BQ.1.14 OR BQ.1.15 OR BQ.1.16 OR BQ.1.17 OR BQ.1.18 OR BQ.1.19 OR BQ.1.20 OR BQ.1.21 OR BQ.1.22 OR BQ.1.23 OR BQ.1.24 OR BQ.1.25 OR BQ.1.25.1 OR BQ.1.26 OR BQ.1.26.1 OR BQ.1.27 OR BQ.1.28 OR BQ.2 OR BR.1 OR BR.1.1 OR BR.1.2 OR BR.2 OR BR.2.1 OR BR.3 OR BR.4 OR BS.1 OR BS.1.1 OR BS.1.2 OR BT.1 OR BT.2 OR BU.1 OR BU.2 OR BU.3 OR BV.1 OR BV.2 OR BW.1 OR BW.1.1 OR BY.1 OR BY.1.1 OR BY.1.1.1 OR BY.1.2 OR BY.1.2.1 OR BZ.1 OR CA.1 OR CA.2 OR CA.3 OR CA.3.1 OR CA.4 OR CA.5 OR CA.6 OR CA.7 OR CB.1 OR CC.1 OR CD.1 OR CD.2 OR CE.1 OR CF.1 OR CG.1 OR CH.1 OR CH.1.1 OR CH.1.1.1 OR CH.1.1.2 OR CH.1.1.3 OR CH.1.1.4 OR CH.1.1.5 OR CH.2 OR CH.3 OR CH.3.1 OR CJ.1 OR CJ.1.1 OR CK.1 OR CK.1.1 OR CK.1.2 OR CK.2 OR CK.2.1 OR CK.2.1.1 OR CK.3 OR CL.1 OR CM.1 OR CM.2 OR CM.2.1 OR CM.3 OR CM.4 OR CM.4.1 OR CM.5 OR CM.5.1 OR CM.5.2 OR CM.6 OR CM.6.1 OR CM.7 OR CM.8 OR CM.8.1 OR CM.9 OR CM.10 OR CM.11 OR CM.12 OR CN.1 OR CN.2 OR CP.1 OR CP.1.1 OR CP.1.2 OR CP.1.3 OR CP.2 OR CP.3 OR CP.4 OR CP.5 OR CP.6 OR CQ.1 OR CQ.1.1 OR CQ.2 OR CR.1 OR CR.1.1 OR CR.1.2 OR CR.1.3 OR CR.2 OR CS.1 OR CT.1 OR CU.1 OR CV.1 OR CV.2 OR CW.1 OR CY.1 OR CZ.1 OR DA.1 OR DB.1 OR DB.2 OR DC.1 OR DD.1 OR DE.1 OR DE.2 OR DF.1 OR DF.1.1 OR DG.1 OR DH.1 OR DJ.1 OR DJ.1.1 OR DJ.1.2 OR DJ.1.3 OR DK.1 OR DL.1 OR DM.1 OR DN.1 OR DN.1.1 OR DP.1 OR DQ.1 OR DR.1 OR DS.1 OR DT.1 OR DU.1 OR DV.1,Omicron,13.1428571428571,11.5714285714286,0.880434782608696
2022-06-27,3,3,7.14285714285714,6.71428571428571,0.94,0.70756382633769,0.999932313535756,B.1.1.529 OR BA.1 OR BA.1.1 OR BA.1.1.1 OR BA.1.1.2 OR BA.1.1.3 OR BA.1.1.4 OR BA.1.1.5 OR BA.1.1.6 OR BA.1.1.7 OR BA.1.1.8 OR BA.1.1.9 OR BA.1.1.10 OR BA.1.1.11 OR BA.1.1.12 OR BA.1.1.13 OR BA.1.1.14 OR BA.1.1.15 OR BA.1.1.16 OR BA.1.1.17 OR BA.1.1.18 OR BA.1.2 OR BA.1.3 OR BA.1.4 OR BA.1.5 OR BA.1.6 OR BA.1.7 OR BA.1.8 OR BA.1.9 OR BA.1.10 OR BA.1.12 OR BA.1.13 OR BA.1.13.1 OR BA.1.14 OR BA.1.14.1 OR BA.1.14.2 OR BA.1.15 OR BA.1.15.1 OR BA.1.15.2 OR BA.1.15.3 OR BA.1.16 OR BA.1.16.1 OR BA.1.16.2 OR BA.1.17 OR BA.1.17.1 OR BA.1.17.2 OR BA.1.18 OR BA.1.19 OR BA.1.20 OR BA.1.21 OR BA.1.21.1 OR BA.1.22 OR BA.1.23 OR BA.1.24 OR BA.2 OR BA.2.1 OR BA.2.2 OR BA.2.2.1 OR BA.2.3 OR BA.2.3.1 OR BA.2.3.2 OR BA.2.3.4 OR BA.2.3.5 OR BA.2.3.6 OR BA.2.3.7 OR BA.2.3.8 OR BA.2.3.9 OR BA.2.3.10 OR BA.2.3.11 OR BA.2.3.12 OR BA.2.3.13 OR BA.2.3.14 OR BA.2.3.15 OR BA.2.3.16 OR BA.2.3.17 OR BA.2.3.18 OR BA.2.3.19 OR BA.2.3.20 OR BA.2.3.21 OR BA.2.3.22 OR BA.2.4 OR BA.2.5 OR BA.2.6 OR BA.2.7 OR BA.2.8 OR BA.2.9 OR BA.2.9.1 OR BA.2.9.2 OR BA.2.9.3 OR BA.2.9.4 OR BA.2.9.5 OR BA.2.9.6 OR BA.2.9.7 OR BA.2.10 OR BA.2.10.1 OR BA.2.10.2 OR BA.2.10.3 OR BA.2.10.4 OR BA.2.11 OR BA.2.12 OR BA.2.12.1 OR BA.2.12.2 OR BA.2.13 OR BA.2.13.1 OR BA.2.14 OR BA.2.15 OR BA.2.16 OR BA.2.17 OR BA.2.18 OR BA.2.19 OR BA.2.20 OR BA.2.21 OR BA.2.22 OR BA.2.23 OR BA.2.23.1 OR BA.2.24 OR BA.2.25 OR BA.2.25.1 OR BA.2.26 OR BA.2.27 OR BA.2.28 OR BA.2.29 OR BA.2.30 OR BA.2.31 OR BA.2.31.1 OR BA.2.32 OR BA.2.33 OR BA.2.34 OR BA.2.35 OR BA.2.36 OR BA.2.37 OR BA.2.38 OR BA.2.38.1 OR BA.2.38.2 OR BA.2.38.3 OR BA.2.38.4 OR BA.2.39 OR BA.2.40 OR BA.2.40.1 OR BA.2.41 OR BA.2.42 OR BA.2.43 OR BA.2.44 OR BA.2.45 OR BA.2.46 OR BA.2.47 OR BA.2.48 OR BA.2.49 OR BA.2.50 OR BA.2.51 OR BA.2.52 OR BA.2.53 OR BA.2.54 OR BA.2.55 OR BA.2.56 OR BA.2.56.1 OR BA.2.57 OR BA.2.58 OR BA.2.59 OR BA.2.60 OR BA.2.61 OR BA.2.62 OR BA.2.63 OR BA.2.64 OR BA.2.65 OR BA.2.66 OR BA.2.67 OR BA.2.68 OR BA.2.69 OR BA.2.70 OR BA.2.71 OR BA.2.72 OR BA.2.73 OR BA.2.74 OR BA.2.75 OR BA.2.75.1 OR BA.2.75.2 OR BA.2.75.3 OR BA.2.75.4 OR BA.2.75.5 OR BA.2.75.6 OR BA.2.75.7 OR BA.2.75.8 OR BA.2.75.9 OR BA.2.75.10 OR BA.2.76 OR BA.2.76.1 OR BA.2.76.2 OR BA.2.77 OR BA.2.78 OR BA.2.79 OR BA.2.79.1 OR BA.2.80 OR BA.2.81 OR BA.2.82 OR BA.2.83 OR BA.2.85 OR BA.3 OR BA.3.1 OR BA.4 OR BA.4.1 OR BA.4.1.1 OR BA.4.1.2 OR BA.4.1.3 OR BA.4.1.4 OR BA.4.1.5 OR BA.4.1.6 OR BA.4.1.7 OR BA.4.1.8 OR BA.4.1.9 OR BA.4.1.10 OR BA.4.2 OR BA.4.3 OR BA.4.4 OR BA.4.5 OR BA.4.6 OR BA.4.6.1 OR BA.4.6.2 OR BA.4.6.3 OR BA.4.6.4 OR BA.4.6.5 OR BA.4.7 OR BA.4.8 OR BA.5 OR BA.5.1 OR BA.5.1.1 OR BA.5.1.2 OR BA.5.1.3 OR BA.5.1.4 OR BA.5.1.5 OR BA.5.1.6 OR BA.5.1.7 OR BA.5.1.8 OR BA.5.1.9 OR BA.5.1.10 OR BA.5.1.11 OR BA.5.1.12 OR BA.5.1.14 OR BA.5.1.15 OR BA.5.1.16 OR BA.5.1.17 OR BA.5.1.18 OR BA.5.1.19 OR BA.5.1.20 OR BA.5.1.21 OR BA.5.1.22 OR BA.5.1.23 OR BA.5.1.24 OR BA.5.1.25 OR BA.5.1.26 OR BA.5.1.27 OR BA.5.1.28 OR BA.5.1.29 OR BA.5.1.30 OR BA.5.1.31 OR BA.5.1.32 OR BA.5.2 OR BA.5.2.1 OR BA.5.2.2 OR BA.5.2.3 OR BA.5.2.4 OR BA.5.2.5 OR BA.5.2.6 OR BA.5.2.7 OR BA.5.2.8 OR BA.5.2.9 OR BA.5.2.10 OR BA.5.2.11 OR BA.5.2.12 OR BA.5.2.13 OR BA.5.2.14 OR BA.5.2.16 OR BA.5.2.18 OR BA.5.2.19 OR BA.5.2.20 OR BA.5.2.21 OR BA.5.2.22 OR BA.5.2.23 OR BA.5.2.24 OR BA.5.2.25 OR BA.5.2.26 OR BA.5.2.27 OR BA.5.2.28 OR BA.5.2.29 OR BA.5.2.30 OR BA.5.2.31 OR BA.5.2.32 OR BA.5.2.33 OR BA.5.2.34 OR BA.5.2.35 OR BA.5.2.36 OR BA.5.2.37 OR BA.5.2.38 OR BA.5.2.39 OR BA.5.2.40 OR BA.5.2.41 OR BA.5.2.42 OR BA.5.2.43 OR BA.5.2.44 OR BA.5.2.45 OR BA.5.2.46 OR BA.5.2.47 OR BA.5.2.48 OR BA.5.2.49 OR BA.5.3 OR BA.5.3.1 OR BA.5.3.2 OR BA.5.3.3 OR BA.5.3.4 OR BA.5.3.5 OR BA.5.5 OR BA.5.5.1 OR BA.5.5.2 OR BA.5.5.3 OR BA.5.6 OR BA.5.6.1 OR BA.5.6.2 OR BA.5.6.3 OR BA.5.6.4 OR BA.5.7 OR BA.5.8 OR BA.5.9 OR BA.5.10 OR BA.5.10.1 OR BA.5.11 OR BC.1 OR BC.2 OR BD.1 OR BE.1 OR BE.1.1 OR BE.1.1.1 OR BE.1.1.2 OR BE.1.2 OR BE.1.2.1 OR BE.1.3 OR BE.1.4 OR BE.1.4.1 OR BE.1.4.2 OR BE.1.4.3 OR BE.1.4.4 OR BE.2 OR BE.3 OR BE.4 OR BE.4.1 OR BE.4.1.1 OR BE.4.2 OR BE.5 OR BE.6 OR BE.7 OR BE.8 OR BE.9 OR BE.10 OR BF.1 OR BF.1.1 OR BF.2 OR BF.3 OR BF.3.1 OR BF.4 OR BF.5 OR BF.5.1 OR BF.5.2 OR BF.6 OR BF.7 OR BF.7.1 OR BF.7.2 OR BF.7.3 OR BF.7.4 OR BF.7.4.1 OR BF.7.4.2 OR BF.7.5 OR BF.7.5.1 OR BF.7.6 OR BF.7.7 OR BF.7.8 OR BF.7.9 OR BF.7.10 OR BF.7.11 OR BF.7.12 OR BF.7.13 OR BF.7.13.1 OR BF.7.13.2 OR BF.7.14 OR BF.7.15 OR BF.8 OR BF.9 OR BF.10 OR BF.10.1 OR BF.11 OR BF.11.1 OR BF.11.2 OR BF.11.3 OR BF.11.4 OR BF.11.5 OR BF.12 OR BF.13 OR BF.14 OR BF.15 OR BF.16 OR BF.17 OR BF.18 OR BF.19 OR BF.20 OR BF.21 OR BF.22 OR BF.23 OR BF.24 OR BF.25 OR BF.26 OR BF.27 OR BF.28 OR BF.29 OR BF.30 OR BF.31 OR BF.31.1 OR BF.32 OR BF.33 OR BF.34 OR BG.1 OR BG.2 OR BG.3 OR BG.4 OR BG.5 OR BG.6 OR BG.7 OR BH.1 OR BJ.1 OR BK.1 OR BL.1 OR BL.1.1 OR BL.1.2 OR BL.1.3 OR BL.1.4 OR BL.2 OR BL.2.1 OR BL.3 OR BL.4 OR BL.5 OR BL.6 OR BM.1 OR BM.1.1 OR BM.1.1.1 OR BM.1.1.2 OR BM.1.1.3 OR BM.1.1.4 OR BM.1.1.5 OR BM.2 OR BM.2.1 OR BM.2.2 OR BM.2.3 OR BM.3 OR BM.4 OR BM.4.1 OR BM.4.1.1 OR BM.5 OR BM.6 OR BN.1 OR BN.1.1 OR BN.1.1.1 OR BN.1.2 OR BN.1.2.1 OR BN.1.3 OR BN.1.3.1 OR BN.1.3.2 OR BN.1.3.3 OR BN.1.3.4 OR BN.1.4 OR BN.1.4.1 OR BN.1.5 OR BN.1.5.1 OR BN.1.6 OR BN.1.7 OR BN.1.8 OR BN.1.9 OR BN.2 OR BN.2.1 OR BN.3 OR BN.3.1 OR BN.4 OR BN.5 OR BN.6 OR BP.1 OR BQ.1 OR BQ.1.1 OR BQ.1.1.1 OR BQ.1.1.2 OR BQ.1.1.3 OR BQ.1.1.4 OR BQ.1.1.5 OR BQ.1.1.6 OR BQ.1.1.7 OR BQ.1.1.8 OR BQ.1.1.9 OR BQ.1.1.10 OR BQ.1.1.11 OR BQ.1.1.12 OR BQ.1.1.13 OR BQ.1.1.14 OR BQ.1.1.15 OR BQ.1.1.16 OR BQ.1.1.17 OR BQ.1.1.18 OR BQ.1.1.19 OR BQ.1.1.20 OR BQ.1.1.21 OR BQ.1.1.22 OR BQ.1.1.23 OR BQ.1.1.24 OR BQ.1.1.25 OR BQ.1.1.26 OR BQ.1.1.27 OR BQ.1.1.28 OR BQ.1.1.29 OR BQ.1.1.30 OR BQ.1.1.31 OR BQ.1.1.32 OR BQ.1.1.34 OR BQ.1.1.35 OR BQ.1.1.36 OR BQ.1.2 OR BQ.1.3 OR BQ.1.4 OR BQ.1.5 OR BQ.1.6 OR BQ.1.7 OR BQ.1.8 OR BQ.1.8.1 OR BQ.1.8.2 OR BQ.1.9 OR BQ.1.10 OR BQ.1.10.1 OR BQ.1.11 OR BQ.1.12 OR BQ.1.13 OR BQ.1.13.1 OR BQ.1.14 OR BQ.1.15 OR BQ.1.16 OR BQ.1.17 OR BQ.1.18 OR BQ.1.19 OR BQ.1.20 OR BQ.1.21 OR BQ.1.22 OR BQ.1.23 OR BQ.1.24 OR BQ.1.25 OR BQ.1.25.1 OR BQ.1.26 OR BQ.1.26.1 OR BQ.1.27 OR BQ.1.28 OR BQ.2 OR BR.1 OR BR.1.1 OR BR.1.2 OR BR.2 OR BR.2.1 OR BR.3 OR BR.4 OR BS.1 OR BS.1.1 OR BS.1.2 OR BT.1 OR BT.2 OR BU.1 OR BU.2 OR BU.3 OR BV.1 OR BV.2 OR BW.1 OR BW.1.1 OR BY.1 OR BY.1.1 OR BY.1.1.1 OR BY.1.2 OR BY.1.2.1 OR BZ.1 OR CA.1 OR CA.2 OR CA.3 OR CA.3.1 OR CA.4 OR CA.5 OR CA.6 OR CA.7 OR CB.1 OR CC.1 OR CD.1 OR CD.2 OR CE.1 OR CF.1 OR CG.1 OR CH.1 OR CH.1.1 OR CH.1.1.1 OR CH.1.1.2 OR CH.1.1.3 OR CH.1.1.4 OR CH.1.1.5 OR CH.2 OR CH.3 OR CH.3.1 OR CJ.1 OR CJ.1.1 OR CK.1 OR CK.1.1 OR CK.1.2 OR CK.2 OR CK.2.1 OR CK.2.1.1 OR CK.3 OR CL.1 OR CM.1 OR CM.2 OR CM.2.1 OR CM.3 OR CM.4 OR CM.4.1 OR CM.5 OR CM.5.1 OR CM.5.2 OR CM.6 OR CM.6.1 OR CM.7 OR CM.8 OR CM.8.1 OR CM.9 OR CM.10 OR CM.11 OR CM.12 OR CN.1 OR CN.2 OR CP.1 OR CP.1.1 OR CP.1.2 OR CP.1.3 OR CP.2 OR CP.3 OR CP.4 OR CP.5 OR CP.6 OR CQ.1 OR CQ.1.1 OR CQ.2 OR CR.1 OR CR.1.1 OR CR.1.2 OR CR.1.3 OR CR.2 OR CS.1 OR CT.1 OR CU.1 OR CV.1 OR CV.2 OR CW.1 OR CY.1 OR CZ.1 OR DA.1 OR DB.1 OR DB.2 OR DC.1 OR DD.1 OR DE.1 OR DE.2 OR DF.1 OR DF.1.1 OR DG.1 OR DH.1 OR DJ.1 OR DJ.1.1 OR DJ.1.2 OR DJ.1.3 OR DK.1 OR DL.1 OR DM.1 OR DN.1 OR DN.1.1 OR DP.1 OR DQ.1 OR DR.1 OR DS.1 OR DT.1 OR DU.1 OR DV.1,Omicron,12.4285714285714,10.9285714285714,0.879310344827586
2022-06-28,9,7,7.28571428571429,6.57142857142857,0.901960784313725,0.70756382633769,0.999932313535756,B.1.1.529 OR BA.1 OR BA.1.1 OR BA.1.1.1 OR BA.1.1.2 OR BA.1.1.3 OR BA.1.1.4 OR BA.1.1.5 OR BA.1.1.6 OR BA.1.1.7 OR BA.1.1.8 OR BA.1.1.9 OR BA.1.1.10 OR BA.1.1.11 OR BA.1.1.12 OR BA.1.1.13 OR BA.1.1.14 OR BA.1.1.15 OR BA.1.1.16 OR BA.1.1.17 OR BA.1.1.18 OR BA.1.2 OR BA.1.3 OR BA.1.4 OR BA.1.5 OR BA.1.6 OR BA.1.7 OR BA.1.8 OR BA.1.9 OR BA.1.10 OR BA.1.12 OR BA.1.13 OR BA.1.13.1 OR BA.1.14 OR BA.1.14.1 OR BA.1.14.2 OR BA.1.15 OR BA.1.15.1 OR BA.1.15.2 OR BA.1.15.3 OR BA.1.16 OR BA.1.16.1 OR BA.1.16.2 OR BA.1.17 OR BA.1.17.1 OR BA.1.17.2 OR BA.1.18 OR BA.1.19 OR BA.1.20 OR BA.1.21 OR BA.1.21.1 OR BA.1.22 OR BA.1.23 OR BA.1.24 OR BA.2 OR BA.2.1 OR BA.2.2 OR BA.2.2.1 OR BA.2.3 OR BA.2.3.1 OR BA.2.3.2 OR BA.2.3.4 OR BA.2.3.5 OR BA.2.3.6 OR BA.2.3.7 OR BA.2.3.8 OR BA.2.3.9 OR BA.2.3.10 OR BA.2.3.11 OR BA.2.3.12 OR BA.2.3.13 OR BA.2.3.14 OR BA.2.3.15 OR BA.2.3.16 OR BA.2.3.17 OR BA.2.3.18 OR BA.2.3.19 OR BA.2.3.20 OR BA.2.3.21 OR BA.2.3.22 OR BA.2.4 OR BA.2.5 OR BA.2.6 OR BA.2.7 OR BA.2.8 OR BA.2.9 OR BA.2.9.1 OR BA.2.9.2 OR BA.2.9.3 OR BA.2.9.4 OR BA.2.9.5 OR BA.2.9.6 OR BA.2.9.7 OR BA.2.10 OR BA.2.10.1 OR BA.2.10.2 OR BA.2.10.3 OR BA.2.10.4 OR BA.2.11 OR BA.2.12 OR BA.2.12.1 OR BA.2.12.2 OR BA.2.13 OR BA.2.13.1 OR BA.2.14 OR BA.2.15 OR BA.2.16 OR BA.2.17 OR BA.2.18 OR BA.2.19 OR BA.2.20 OR BA.2.21 OR BA.2.22 OR BA.2.23 OR BA.2.23.1 OR BA.2.24 OR BA.2.25 OR BA.2.25.1 OR BA.2.26 OR BA.2.27 OR BA.2.28 OR BA.2.29 OR BA.2.30 OR BA.2.31 OR BA.2.31.1 OR BA.2.32 OR BA.2.33 OR BA.2.34 OR BA.2.35 OR BA.2.36 OR BA.2.37 OR BA.2.38 OR BA.2.38.1 OR BA.2.38.2 OR BA.2.38.3 OR BA.2.38.4 OR BA.2.39 OR BA.2.40 OR BA.2.40.1 OR BA.2.41 OR BA.2.42 OR BA.2.43 OR BA.2.44 OR BA.2.45 OR BA.2.46 OR BA.2.47 OR BA.2.48 OR BA.2.49 OR BA.2.50 OR BA.2.51 OR BA.2.52 OR BA.2.53 OR BA.2.54 OR BA.2.55 OR BA.2.56 OR BA.2.56.1 OR BA.2.57 OR BA.2.58 OR BA.2.59 OR BA.2.60 OR BA.2.61 OR BA.2.62 OR BA.2.63 OR BA.2.64 OR BA.2.65 OR BA.2.66 OR BA.2.67 OR BA.2.68 OR BA.2.69 OR BA.2.70 OR BA.2.71 OR BA.2.72 OR BA.2.73 OR BA.2.74 OR BA.2.75 OR BA.2.75.1 OR BA.2.75.2 OR BA.2.75.3 OR BA.2.75.4 OR BA.2.75.5 OR BA.2.75.6 OR BA.2.75.7 OR BA.2.75.8 OR BA.2.75.9 OR BA.2.75.10 OR BA.2.76 OR BA.2.76.1 OR BA.2.76.2 OR BA.2.77 OR BA.2.78 OR BA.2.79 OR BA.2.79.1 OR BA.2.80 OR BA.2.81 OR BA.2.82 OR BA.2.83 OR BA.2.85 OR BA.3 OR BA.3.1 OR BA.4 OR BA.4.1 OR BA.4.1.1 OR BA.4.1.2 OR BA.4.1.3 OR BA.4.1.4 OR BA.4.1.5 OR BA.4.1.6 OR BA.4.1.7 OR BA.4.1.8 OR BA.4.1.9 OR BA.4.1.10 OR BA.4.2 OR BA.4.3 OR BA.4.4 OR BA.4.5 OR BA.4.6 OR BA.4.6.1 OR BA.4.6.2 OR BA.4.6.3 OR BA.4.6.4 OR BA.4.6.5 OR BA.4.7 OR BA.4.8 OR BA.5 OR BA.5.1 OR BA.5.1.1 OR BA.5.1.2 OR BA.5.1.3 OR BA.5.1.4 OR BA.5.1.5 OR BA.5.1.6 OR BA.5.1.7 OR BA.5.1.8 OR BA.5.1.9 OR BA.5.1.10 OR BA.5.1.11 OR BA.5.1.12 OR BA.5.1.14 OR BA.5.1.15 OR BA.5.1.16 OR BA.5.1.17 OR BA.5.1.18 OR BA.5.1.19 OR BA.5.1.20 OR BA.5.1.21 OR BA.5.1.22 OR BA.5.1.23 OR BA.5.1.24 OR BA.5.1.25 OR BA.5.1.26 OR BA.5.1.27 OR BA.5.1.28 OR BA.5.1.29 OR BA.5.1.30 OR BA.5.1.31 OR BA.5.1.32 OR BA.5.2 OR BA.5.2.1 OR BA.5.2.2 OR BA.5.2.3 OR BA.5.2.4 OR BA.5.2.5 OR BA.5.2.6 OR BA.5.2.7 OR BA.5.2.8 OR BA.5.2.9 OR BA.5.2.10 OR BA.5.2.11 OR BA.5.2.12 OR BA.5.2.13 OR BA.5.2.14 OR BA.5.2.16 OR BA.5.2.18 OR BA.5.2.19 OR BA.5.2.20 OR BA.5.2.21 OR BA.5.2.22 OR BA.5.2.23 OR BA.5.2.24 OR BA.5.2.25 OR BA.5.2.26 OR BA.5.2.27 OR BA.5.2.28 OR BA.5.2.29 OR BA.5.2.30 OR BA.5.2.31 OR BA.5.2.32 OR BA.5.2.33 OR BA.5.2.34 OR BA.5.2.35 OR BA.5.2.36 OR BA.5.2.37 OR BA.5.2.38 OR BA.5.2.39 OR BA.5.2.40 OR BA.5.2.41 OR BA.5.2.42 OR BA.5.2.43 OR BA.5.2.44 OR BA.5.2.45 OR BA.5.2.46 OR BA.5.2.47 OR BA.5.2.48 OR BA.5.2.49 OR BA.5.3 OR BA.5.3.1 OR BA.5.3.2 OR BA.5.3.3 OR BA.5.3.4 OR BA.5.3.5 OR BA.5.5 OR BA.5.5.1 OR BA.5.5.2 OR BA.5.5.3 OR BA.5.6 OR BA.5.6.1 OR BA.5.6.2 OR BA.5.6.3 OR BA.5.6.4 OR BA.5.7 OR BA.5.8 OR BA.5.9 OR BA.5.10 OR BA.5.10.1 OR BA.5.11 OR BC.1 OR BC.2 OR BD.1 OR BE.1 OR BE.1.1 OR BE.1.1.1 OR BE.1.1.2 OR BE.1.2 OR BE.1.2.1 OR BE.1.3 OR BE.1.4 OR BE.1.4.1 OR BE.1.4.2 OR BE.1.4.3 OR BE.1.4.4 OR BE.2 OR BE.3 OR BE.4 OR BE.4.1 OR BE.4.1.1 OR BE.4.2 OR BE.5 OR BE.6 OR BE.7 OR BE.8 OR BE.9 OR BE.10 OR BF.1 OR BF.1.1 OR BF.2 OR BF.3 OR BF.3.1 OR BF.4 OR BF.5 OR BF.5.1 OR BF.5.2 OR BF.6 OR BF.7 OR BF.7.1 OR BF.7.2 OR BF.7.3 OR BF.7.4 OR BF.7.4.1 OR BF.7.4.2 OR BF.7.5 OR BF.7.5.1 OR BF.7.6 OR BF.7.7 OR BF.7.8 OR BF.7.9 OR BF.7.10 OR BF.7.11 OR BF.7.12 OR BF.7.13 OR BF.7.13.1 OR BF.7.13.2 OR BF.7.14 OR BF.7.15 OR BF.8 OR BF.9 OR BF.10 OR BF.10.1 OR BF.11 OR BF.11.1 OR BF.11.2 OR BF.11.3 OR BF.11.4 OR BF.11.5 OR BF.12 OR BF.13 OR BF.14 OR BF.15 OR BF.16 OR BF.17 OR BF.18 OR BF.19 OR BF.20 OR BF.21 OR BF.22 OR BF.23 OR BF.24 OR BF.25 OR BF.26 OR BF.27 OR BF.28 OR BF.29 OR BF.30 OR BF.31 OR BF.31.1 OR BF.32 OR BF.33 OR BF.34 OR BG.1 OR BG.2 OR BG.3 OR BG.4 OR BG.5 OR BG.6 OR BG.7 OR BH.1 OR BJ.1 OR BK.1 OR BL.1 OR BL.1.1 OR BL.1.2 OR BL.1.3 OR BL.1.4 OR BL.2 OR BL.2.1 OR BL.3 OR BL.4 OR BL.5 OR BL.6 OR BM.1 OR BM.1.1 OR BM.1.1.1 OR BM.1.1.2 OR BM.1.1.3 OR BM.1.1.4 OR BM.1.1.5 OR BM.2 OR BM.2.1 OR BM.2.2 OR BM.2.3 OR BM.3 OR BM.4 OR BM.4.1 OR BM.4.1.1 OR BM.5 OR BM.6 OR BN.1 OR BN.1.1 OR BN.1.1.1 OR BN.1.2 OR BN.1.2.1 OR BN.1.3 OR BN.1.3.1 OR BN.1.3.2 OR BN.1.3.3 OR BN.1.3.4 OR BN.1.4 OR BN.1.4.1 OR BN.1.5 OR BN.1.5.1 OR BN.1.6 OR BN.1.7 OR BN.1.8 OR BN.1.9 OR BN.2 OR BN.2.1 OR BN.3 OR BN.3.1 OR BN.4 OR BN.5 OR BN.6 OR BP.1 OR BQ.1 OR BQ.1.1 OR BQ.1.1.1 OR BQ.1.1.2 OR BQ.1.1.3 OR BQ.1.1.4 OR BQ.1.1.5 OR BQ.1.1.6 OR BQ.1.1.7 OR BQ.1.1.8 OR BQ.1.1.9 OR BQ.1.1.10 OR BQ.1.1.11 OR BQ.1.1.12 OR BQ.1.1.13 OR BQ.1.1.14 OR BQ.1.1.15 OR BQ.1.1.16 OR BQ.1.1.17 OR BQ.1.1.18 OR BQ.1.1.19 OR BQ.1.1.20 OR BQ.1.1.21 OR BQ.1.1.22 OR BQ.1.1.23 OR BQ.1.1.24 OR BQ.1.1.25 OR BQ.1.1.26 OR BQ.1.1.27 OR BQ.1.1.28 OR BQ.1.1.29 OR BQ.1.1.30 OR BQ.1.1.31 OR BQ.1.1.32 OR BQ.1.1.34 OR BQ.1.1.35 OR BQ.1.1.36 OR BQ.1.2 OR BQ.1.3 OR BQ.1.4 OR BQ.1.5 OR BQ.1.6 OR BQ.1.7 OR BQ.1.8 OR BQ.1.8.1 OR BQ.1.8.2 OR BQ.1.9 OR BQ.1.10 OR BQ.1.10.1 OR BQ.1.11 OR BQ.1.12 OR BQ.1.13 OR BQ.1.13.1 OR BQ.1.14 OR BQ.1.15 OR BQ.1.16 OR BQ.1.17 OR BQ.1.18 OR BQ.1.19 OR BQ.1.20 OR BQ.1.21 OR BQ.1.22 OR BQ.1.23 OR BQ.1.24 OR BQ.1.25 OR BQ.1.25.1 OR BQ.1.26 OR BQ.1.26.1 OR BQ.1.27 OR BQ.1.28 OR BQ.2 OR BR.1 OR BR.1.1 OR BR.1.2 OR BR.2 OR BR.2.1 OR BR.3 OR BR.4 OR BS.1 OR BS.1.1 OR BS.1.2 OR BT.1 OR BT.2 OR BU.1 OR BU.2 OR BU.3 OR BV.1 OR BV.2 OR BW.1 OR BW.1.1 OR BY.1 OR BY.1.1 OR BY.1.1.1 OR BY.1.2 OR BY.1.2.1 OR BZ.1 OR CA.1 OR CA.2 OR CA.3 OR CA.3.1 OR CA.4 OR CA.5 OR CA.6 OR CA.7 OR CB.1 OR CC.1 OR CD.1 OR CD.2 OR CE.1 OR CF.1 OR CG.1 OR CH.1 OR CH.1.1 OR CH.1.1.1 OR CH.1.1.2 OR CH.1.1.3 OR CH.1.1.4 OR CH.1.1.5 OR CH.2 OR CH.3 OR CH.3.1 OR CJ.1 OR CJ.1.1 OR CK.1 OR CK.1.1 OR CK.1.2 OR CK.2 OR CK.2.1 OR CK.2.1.1 OR CK.3 OR CL.1 OR CM.1 OR CM.2 OR CM.2.1 OR CM.3 OR CM.4 OR CM.4.1 OR CM.5 OR CM.5.1 OR CM.5.2 OR CM.6 OR CM.6.1 OR CM.7 OR CM.8 OR CM.8.1 OR CM.9 OR CM.10 OR CM.11 OR CM.12 OR CN.1 OR CN.2 OR CP.1 OR CP.1.1 OR CP.1.2 OR CP.1.3 OR CP.2 OR CP.3 OR CP.4 OR CP.5 OR CP.6 OR CQ.1 OR CQ.1.1 OR CQ.2 OR CR.1 OR CR.1.1 OR CR.1.2 OR CR.1.3 OR CR.2 OR CS.1 OR CT.1 OR CU.1 OR CV.1 OR CV.2 OR CW.1 OR CY.1 OR CZ.1 OR DA.1 OR DB.1 OR DB.2 OR DC.1 OR DD.1 OR DE.1 OR DE.2 OR DF.1 OR DF.1.1 OR DG.1 OR DH.1 OR DJ.1 OR DJ.1.1 OR DJ.1.2 OR DJ.1.3 OR DK.1 OR DL.1 OR DM.1 OR DN.1 OR DN.1.1 OR DP.1 OR DQ.1 OR DR.1 OR DS.1 OR DT.1 OR DU.1 OR DV.1,Omicron,12.2142857142857,10.6428571428571,0.871345029239766
2022-06-29,7,6,6.71428571428571,5.85714285714286,0.872340425531915,0.499202538380922,0.984123475787253,B.1.1.529 OR BA.1 OR BA.1.1 OR BA.1.1.1 OR BA.1.1.2 OR BA.1.1.3 OR BA.1.1.4 OR BA.1.1.5 OR BA.1.1.6 OR BA.1.1.7 OR BA.1.1.8 OR BA.1.1.9 OR BA.1.1.10 OR BA.1.1.11 OR BA.1.1.12 OR BA.1.1.13 OR BA.1.1.14 OR BA.1.1.15 OR BA.1.1.16 OR BA.1.1.17 OR BA.1.1.18 OR BA.1.2 OR BA.1.3 OR BA.1.4 OR BA.1.5 OR BA.1.6 OR BA.1.7 OR BA.1.8 OR BA.1.9 OR BA.1.10 OR BA.1.12 OR BA.1.13 OR BA.1.13.1 OR BA.1.14 OR BA.1.14.1 OR BA.1.14.2 OR BA.1.15 OR BA.1.15.1 OR BA.1.15.2 OR BA.1.15.3 OR BA.1.16 OR BA.1.16.1 OR BA.1.16.2 OR BA.1.17 OR BA.1.17.1 OR BA.1.17.2 OR BA.1.18 OR BA.1.19 OR BA.1.20 OR BA.1.21 OR BA.1.21.1 OR BA.1.22 OR BA.1.23 OR BA.1.24 OR BA.2 OR BA.2.1 OR BA.2.2 OR BA.2.2.1 OR BA.2.3 OR BA.2.3.1 OR BA.2.3.2 OR BA.2.3.4 OR BA.2.3.5 OR BA.2.3.6 OR BA.2.3.7 OR BA.2.3.8 OR BA.2.3.9 OR BA.2.3.10 OR BA.2.3.11 OR BA.2.3.12 OR BA.2.3.13 OR BA.2.3.14 OR BA.2.3.15 OR BA.2.3.16 OR BA.2.3.17 OR BA.2.3.18 OR BA.2.3.19 OR BA.2.3.20 OR BA.2.3.21 OR BA.2.3.22 OR BA.2.4 OR BA.2.5 OR BA.2.6 OR BA.2.7 OR BA.2.8 OR BA.2.9 OR BA.2.9.1 OR BA.2.9.2 OR BA.2.9.3 OR BA.2.9.4 OR BA.2.9.5 OR BA.2.9.6 OR BA.2.9.7 OR BA.2.10 OR BA.2.10.1 OR BA.2.10.2 OR BA.2.10.3 OR BA.2.10.4 OR BA.2.11 OR BA.2.12 OR BA.2.12.1 OR BA.2.12.2 OR BA.2.13 OR BA.2.13.1 OR BA.2.14 OR BA.2.15 OR BA.2.16 OR BA.2.17 OR BA.2.18 OR BA.2.19 OR BA.2.20 OR BA.2.21 OR BA.2.22 OR BA.2.23 OR BA.2.23.1 OR BA.2.24 OR BA.2.25 OR BA.2.25.1 OR BA.2.26 OR BA.2.27 OR BA.2.28 OR BA.2.29 OR BA.2.30 OR BA.2.31 OR BA.2.31.1 OR BA.2.32 OR BA.2.33 OR BA.2.34 OR BA.2.35 OR BA.2.36 OR BA.2.37 OR BA.2.38 OR BA.2.38.1 OR BA.2.38.2 OR BA.2.38.3 OR BA.2.38.4 OR BA.2.39 OR BA.2.40 OR BA.2.40.1 OR BA.2.41 OR BA.2.42 OR BA.2.43 OR BA.2.44 OR BA.2.45 OR BA.2.46 OR BA.2.47 OR BA.2.48 OR BA.2.49 OR BA.2.50 OR BA.2.51 OR BA.2.52 OR BA.2.53 OR BA.2.54 OR BA.2.55 OR BA.2.56 OR BA.2.56.1 OR BA.2.57 OR BA.2.58 OR BA.2.59 OR BA.2.60 OR BA.2.61 OR BA.2.62 OR BA.2.63 OR BA.2.64 OR BA.2.65 OR BA.2.66 OR BA.2.67 OR BA.2.68 OR BA.2.69 OR BA.2.70 OR BA.2.71 OR BA.2.72 OR BA.2.73 OR BA.2.74 OR BA.2.75 OR BA.2.75.1 OR BA.2.75.2 OR BA.2.75.3 OR BA.2.75.4 OR BA.2.75.5 OR BA.2.75.6 OR BA.2.75.7 OR BA.2.75.8 OR BA.2.75.9 OR BA.2.75.10 OR BA.2.76 OR BA.2.76.1 OR BA.2.76.2 OR BA.2.77 OR BA.2.78 OR BA.2.79 OR BA.2.79.1 OR BA.2.80 OR BA.2.81 OR BA.2.82 OR BA.2.83 OR BA.2.85 OR BA.3 OR BA.3.1 OR BA.4 OR BA.4.1 OR BA.4.1.1 OR BA.4.1.2 OR BA.4.1.3 OR BA.4.1.4 OR BA.4.1.5 OR BA.4.1.6 OR BA.4.1.7 OR BA.4.1.8 OR BA.4.1.9 OR BA.4.1.10 OR BA.4.2 OR BA.4.3 OR BA.4.4 OR BA.4.5 OR BA.4.6 OR BA.4.6.1 OR BA.4.6.2 OR BA.4.6.3 OR BA.4.6.4 OR BA.4.6.5 OR BA.4.7 OR BA.4.8 OR BA.5 OR BA.5.1 OR BA.5.1.1 OR BA.5.1.2 OR BA.5.1.3 OR BA.5.1.4 OR BA.5.1.5 OR BA.5.1.6 OR BA.5.1.7 OR BA.5.1.8 OR BA.5.1.9 OR BA.5.1.10 OR BA.5.1.11 OR BA.5.1.12 OR BA.5.1.14 OR BA.5.1.15 OR BA.5.1.16 OR BA.5.1.17 OR BA.5.1.18 OR BA.5.1.19 OR BA.5.1.20 OR BA.5.1.21 OR BA.5.1.22 OR BA.5.1.23 OR BA.5.1.24 OR BA.5.1.25 OR BA.5.1.26 OR BA.5.1.27 OR BA.5.1.28 OR BA.5.1.29 OR BA.5.1.30 OR BA.5.1.31 OR BA.5.1.32 OR BA.5.2 OR BA.5.2.1 OR BA.5.2.2 OR BA.5.2.3 OR BA.5.2.4 OR BA.5.2.5 OR BA.5.2.6 OR BA.5.2.7 OR BA.5.2.8 OR BA.5.2.9 OR BA.5.2.10 OR BA.5.2.11 OR BA.5.2.12 OR BA.5.2.13 OR BA.5.2.14 OR BA.5.2.16 OR BA.5.2.18 OR BA.5.2.19 OR BA.5.2.20 OR BA.5.2.21 OR BA.5.2.22 OR BA.5.2.23 OR BA.5.2.24 OR BA.5.2.25 OR BA.5.2.26 OR BA.5.2.27 OR BA.5.2.28 OR BA.5.2.29 OR BA.5.2.30 OR BA.5.2.31 OR BA.5.2.32 OR BA.5.2.33 OR BA.5.2.34 OR BA.5.2.35 OR BA.5.2.36 OR BA.5.2.37 OR BA.5.2.38 OR BA.5.2.39 OR BA.5.2.40 OR BA.5.2.41 OR BA.5.2.42 OR BA.5.2.43 OR BA.5.2.44 OR BA.5.2.45 OR BA.5.2.46 OR BA.5.2.47 OR BA.5.2.48 OR BA.5.2.49 OR BA.5.3 OR BA.5.3.1 OR BA.5.3.2 OR BA.5.3.3 OR BA.5.3.4 OR BA.5.3.5 OR BA.5.5 OR BA.5.5.1 OR BA.5.5.2 OR BA.5.5.3 OR BA.5.6 OR BA.5.6.1 OR BA.5.6.2 OR BA.5.6.3 OR BA.5.6.4 OR BA.5.7 OR BA.5.8 OR BA.5.9 OR BA.5.10 OR BA.5.10.1 OR BA.5.11 OR BC.1 OR BC.2 OR BD.1 OR BE.1 OR BE.1.1 OR BE.1.1.1 OR BE.1.1.2 OR BE.1.2 OR BE.1.2.1 OR BE.1.3 OR BE.1.4 OR BE.1.4.1 OR BE.1.4.2 OR BE.1.4.3 OR BE.1.4.4 OR BE.2 OR BE.3 OR BE.4 OR BE.4.1 OR BE.4.1.1 OR BE.4.2 OR BE.5 OR BE.6 OR BE.7 OR BE.8 OR BE.9 OR BE.10 OR BF.1 OR BF.1.1 OR BF.2 OR BF.3 OR BF.3.1 OR BF.4 OR BF.5 OR BF.5.1 OR BF.5.2 OR BF.6 OR BF.7 OR BF.7.1 OR BF.7.2 OR BF.7.3 OR BF.7.4 OR BF.7.4.1 OR BF.7.4.2 OR BF.7.5 OR BF.7.5.1 OR BF.7.6 OR BF.7.7 OR BF.7.8 OR BF.7.9 OR BF.7.10 OR BF.7.11 OR BF.7.12 OR BF.7.13 OR BF.7.13.1 OR BF.7.13.2 OR BF.7.14 OR BF.7.15 OR BF.8 OR BF.9 OR BF.10 OR BF.10.1 OR BF.11 OR BF.11.1 OR BF.11.2 OR BF.11.3 OR BF.11.4 OR BF.11.5 OR BF.12 OR BF.13 OR BF.14 OR BF.15 OR BF.16 OR BF.17 OR BF.18 OR BF.19 OR BF.20 OR BF.21 OR BF.22 OR BF.23 OR BF.24 OR BF.25 OR BF.26 OR BF.27 OR BF.28 OR BF.29 OR BF.30 OR BF.31 OR BF.31.1 OR BF.32 OR BF.33 OR BF.34 OR BG.1 OR BG.2 OR BG.3 OR BG.4 OR BG.5 OR BG.6 OR BG.7 OR BH.1 OR BJ.1 OR BK.1 OR BL.1 OR BL.1.1 OR BL.1.2 OR BL.1.3 OR BL.1.4 OR BL.2 OR BL.2.1 OR BL.3 OR BL.4 OR BL.5 OR BL.6 OR BM.1 OR BM.1.1 OR BM.1.1.1 OR BM.1.1.2 OR BM.1.1.3 OR BM.1.1.4 OR BM.1.1.5 OR BM.2 OR BM.2.1 OR BM.2.2 OR BM.2.3 OR BM.3 OR BM.4 OR BM.4.1 OR BM.4.1.1 OR BM.5 OR BM.6 OR BN.1 OR BN.1.1 OR BN.1.1.1 OR BN.1.2 OR BN.1.2.1 OR BN.1.3 OR BN.1.3.1 OR BN.1.3.2 OR BN.1.3.3 OR BN.1.3.4 OR BN.1.4 OR BN.1.4.1 OR BN.1.5 OR BN.1.5.1 OR BN.1.6 OR BN.1.7 OR BN.1.8 OR BN.1.9 OR BN.2 OR BN.2.1 OR BN.3 OR BN.3.1 OR BN.4 OR BN.5 OR BN.6 OR BP.1 OR BQ.1 OR BQ.1.1 OR BQ.1.1.1 OR BQ.1.1.2 OR BQ.1.1.3 OR BQ.1.1.4 OR BQ.1.1.5 OR BQ.1.1.6 OR BQ.1.1.7 OR BQ.1.1.8 OR BQ.1.1.9 OR BQ.1.1.10 OR BQ.1.1.11 OR BQ.1.1.12 OR BQ.1.1.13 OR BQ.1.1.14 OR BQ.1.1.15 OR BQ.1.1.16 OR BQ.1.1.17 OR BQ.1.1.18 OR BQ.1.1.19 OR BQ.1.1.20 OR BQ.1.1.21 OR BQ.1.1.22 OR BQ.1.1.23 OR BQ.1.1.24 OR BQ.1.1.25 OR BQ.1.1.26 OR BQ.1.1.27 OR BQ.1.1.28 OR BQ.1.1.29 OR BQ.1.1.30 OR BQ.1.1.31 OR BQ.1.1.32 OR BQ.1.1.34 OR BQ.1.1.35 OR BQ.1.1.36 OR BQ.1.2 OR BQ.1.3 OR BQ.1.4 OR BQ.1.5 OR BQ.1.6 OR BQ.1.7 OR BQ.1.8 OR BQ.1.8.1 OR BQ.1.8.2 OR BQ.1.9 OR BQ.1.10 OR BQ.1.10.1 OR BQ.1.11 OR BQ.1.12 OR BQ.1.13 OR BQ.1.13.1 OR BQ.1.14 OR BQ.1.15 OR BQ.1.16 OR BQ.1.17 OR BQ.1.18 OR BQ.1.19 OR BQ.1.20 OR BQ.1.21 OR BQ.1.22 OR BQ.1.23 OR BQ.1.24 OR BQ.1.25 OR BQ.1.25.1 OR BQ.1.26 OR BQ.1.26.1 OR BQ.1.27 OR BQ.1.28 OR BQ.2 OR BR.1 OR BR.1.1 OR BR.1.2 OR BR.2 OR BR.2.1 OR BR.3 OR BR.4 OR BS.1 OR BS.1.1 OR BS.1.2 OR BT.1 OR BT.2 OR BU.1 OR BU.2 OR BU.3 OR BV.1 OR BV.2 OR BW.1 OR BW.1.1 OR BY.1 OR BY.1.1 OR BY.1.1.1 OR BY.1.2 OR BY.1.2.1 OR BZ.1 OR CA.1 OR CA.2 OR CA.3 OR CA.3.1 OR CA.4 OR CA.5 OR CA.6 OR CA.7 OR CB.1 OR CC.1 OR CD.1 OR CD.2 OR CE.1 OR CF.1 OR CG.1 OR CH.1 OR CH.1.1 OR CH.1.1.1 OR CH.1.1.2 OR CH.1.1.3 OR CH.1.1.4 OR CH.1.1.5 OR CH.2 OR CH.3 OR CH.3.1 OR CJ.1 OR CJ.1.1 OR CK.1 OR CK.1.1 OR CK.1.2 OR CK.2 OR CK.2.1 OR CK.2.1.1 OR CK.3 OR CL.1 OR CM.1 OR CM.2 OR CM.2.1 OR CM.3 OR CM.4 OR CM.4.1 OR CM.5 OR CM.5.1 OR CM.5.2 OR CM.6 OR CM.6.1 OR CM.7 OR CM.8 OR CM.8.1 OR CM.9 OR CM.10 OR CM.11 OR CM.12 OR CN.1 OR CN.2 OR CP.1 OR CP.1.1 OR CP.1.2 OR CP.1.3 OR CP.2 OR CP.3 OR CP.4 OR CP.5 OR CP.6 OR CQ.1 OR CQ.1.1 OR CQ.2 OR CR.1 OR CR.1.1 OR CR.1.2 OR CR.1.3 OR CR.2 OR CS.1 OR CT.1 OR CU.1 OR CV.1 OR CV.2 OR CW.1 OR CY.1 OR CZ.1 OR DA.1 OR DB.1 OR DB.2 OR DC.1 OR DD.1 OR DE.1 OR DE.2 OR DF.1 OR DF.1.1 OR DG.1 OR DH.1 OR DJ.1 OR DJ.1.1 OR DJ.1.2 OR DJ.1.3 OR DK.1 OR DL.1 OR DM.1 OR DN.1 OR DN.1.1 OR DP.1 OR DQ.1 OR DR.1 OR DS.1 OR DT.1 OR DU.1 OR DV.1,Omicron,8.92857142857143,7.92857142857143,0.888
2022-06-30,5,5,5.85714285714286,5,0.853658536585366,0.441943226390752,0.981379872880558,B.1.1.529 OR BA.1 OR BA.1.1 OR BA.1.1.1 OR BA.1.1.2 OR BA.1.1.3 OR BA.1.1.4 OR BA.1.1.5 OR BA.1.1.6 OR BA.1.1.7 OR BA.1.1.8 OR BA.1.1.9 OR BA.1.1.10 OR BA.1.1.11 OR BA.1.1.12 OR BA.1.1.13 OR BA.1.1.14 OR BA.1.1.15 OR BA.1.1.16 OR BA.1.1.17 OR BA.1.1.18 OR BA.1.2 OR BA.1.3 OR BA.1.4 OR BA.1.5 OR BA.1.6 OR BA.1.7 OR BA.1.8 OR BA.1.9 OR BA.1.10 OR BA.1.12 OR BA.1.13 OR BA.1.13.1 OR BA.1.14 OR BA.1.14.1 OR BA.1.14.2 OR BA.1.15 OR BA.1.15.1 OR BA.1.15.2 OR BA.1.15.3 OR BA.1.16 OR BA.1.16.1 OR BA.1.16.2 OR BA.1.17 OR BA.1.17.1 OR BA.1.17.2 OR BA.1.18 OR BA.1.19 OR BA.1.20 OR BA.1.21 OR BA.1.21.1 OR BA.1.22 OR BA.1.23 OR BA.1.24 OR BA.2 OR BA.2.1 OR BA.2.2 OR BA.2.2.1 OR BA.2.3 OR BA.2.3.1 OR BA.2.3.2 OR BA.2.3.4 OR BA.2.3.5 OR BA.2.3.6 OR BA.2.3.7 OR BA.2.3.8 OR BA.2.3.9 OR BA.2.3.10 OR BA.2.3.11 OR BA.2.3.12 OR BA.2.3.13 OR BA.2.3.14 OR BA.2.3.15 OR BA.2.3.16 OR BA.2.3.17 OR BA.2.3.18 OR BA.2.3.19 OR BA.2.3.20 OR BA.2.3.21 OR BA.2.3.22 OR BA.2.4 OR BA.2.5 OR BA.2.6 OR BA.2.7 OR BA.2.8 OR BA.2.9 OR BA.2.9.1 OR BA.2.9.2 OR BA.2.9.3 OR BA.2.9.4 OR BA.2.9.5 OR BA.2.9.6 OR BA.2.9.7 OR BA.2.10 OR BA.2.10.1 OR BA.2.10.2 OR BA.2.10.3 OR BA.2.10.4 OR BA.2.11 OR BA.2.12 OR BA.2.12.1 OR BA.2.12.2 OR BA.2.13 OR BA.2.13.1 OR BA.2.14 OR BA.2.15 OR BA.2.16 OR BA.2.17 OR BA.2.18 OR BA.2.19 OR BA.2.20 OR BA.2.21 OR BA.2.22 OR BA.2.23 OR BA.2.23.1 OR BA.2.24 OR BA.2.25 OR BA.2.25.1 OR BA.2.26 OR BA.2.27 OR BA.2.28 OR BA.2.29 OR BA.2.30 OR BA.2.31 OR BA.2.31.1 OR BA.2.32 OR BA.2.33 OR BA.2.34 OR BA.2.35 OR BA.2.36 OR BA.2.37 OR BA.2.38 OR BA.2.38.1 OR BA.2.38.2 OR BA.2.38.3 OR BA.2.38.4 OR BA.2.39 OR BA.2.40 OR BA.2.40.1 OR BA.2.41 OR BA.2.42 OR BA.2.43 OR BA.2.44 OR BA.2.45 OR BA.2.46 OR BA.2.47 OR BA.2.48 OR BA.2.49 OR BA.2.50 OR BA.2.51 OR BA.2.52 OR BA.2.53 OR BA.2.54 OR BA.2.55 OR BA.2.56 OR BA.2.56.1 OR BA.2.57 OR BA.2.58 OR BA.2.59 OR BA.2.60 OR BA.2.61 OR BA.2.62 OR BA.2.63 OR BA.2.64 OR BA.2.65 OR BA.2.66 OR BA.2.67 OR BA.2.68 OR BA.2.69 OR BA.2.70 OR BA.2.71 OR BA.2.72 OR BA.2.73 OR BA.2.74 OR BA.2.75 OR BA.2.75.1 OR BA.2.75.2 OR BA.2.75.3 OR BA.2.75.4 OR BA.2.75.5 OR BA.2.75.6 OR BA.2.75.7 OR BA.2.75.8 OR BA.2.75.9 OR BA.2.75.10 OR BA.2.76 OR BA.2.76.1 OR BA.2.76.2 OR BA.2.77 OR BA.2.78 OR BA.2.79 OR BA.2.79.1 OR BA.2.80 OR BA.2.81 OR BA.2.82 OR BA.2.83 OR BA.2.85 OR BA.3 OR BA.3.1 OR BA.4 OR BA.4.1 OR BA.4.1.1 OR BA.4.1.2 OR BA.4.1.3 OR BA.4.1.4 OR BA.4.1.5 OR BA.4.1.6 OR BA.4.1.7 OR BA.4.1.8 OR BA.4.1.9 OR BA.4.1.10 OR BA.4.2 OR BA.4.3 OR BA.4.4 OR BA.4.5 OR BA.4.6 OR BA.4.6.1 OR BA.4.6.2 OR BA.4.6.3 OR BA.4.6.4 OR BA.4.6.5 OR BA.4.7 OR BA.4.8 OR BA.5 OR BA.5.1 OR BA.5.1.1 OR BA.5.1.2 OR BA.5.1.3 OR BA.5.1.4 OR BA.5.1.5 OR BA.5.1.6 OR BA.5.1.7 OR BA.5.1.8 OR BA.5.1.9 OR BA.5.1.10 OR BA.5.1.11 OR BA.5.1.12 OR BA.5.1.14 OR BA.5.1.15 OR BA.5.1.16 OR BA.5.1.17 OR BA.5.1.18 OR BA.5.1.19 OR BA.5.1.20 OR BA.5.1.21 OR BA.5.1.22 OR BA.5.1.23 OR BA.5.1.24 OR BA.5.1.25 OR BA.5.1.26 OR BA.5.1.27 OR BA.5.1.28 OR BA.5.1.29 OR BA.5.1.30 OR BA.5.1.31 OR BA.5.1.32 OR BA.5.2 OR BA.5.2.1 OR BA.5.2.2 OR BA.5.2.3 OR BA.5.2.4 OR BA.5.2.5 OR BA.5.2.6 OR BA.5.2.7 OR BA.5.2.8 OR BA.5.2.9 OR BA.5.2.10 OR BA.5.2.11 OR BA.5.2.12 OR BA.5.2.13 OR BA.5.2.14 OR BA.5.2.16 OR BA.5.2.18 OR BA.5.2.19 OR BA.5.2.20 OR BA.5.2.21 OR BA.5.2.22 OR BA.5.2.23 OR BA.5.2.24 OR BA.5.2.25 OR BA.5.2.26 OR BA.5.2.27 OR BA.5.2.28 OR BA.5.2.29 OR BA.5.2.30 OR BA.5.2.31 OR BA.5.2.32 OR BA.5.2.33 OR BA.5.2.34 OR BA.5.2.35 OR BA.5.2.36 OR BA.5.2.37 OR BA.5.2.38 OR BA.5.2.39 OR BA.5.2.40 OR BA.5.2.41 OR BA.5.2.42 OR BA.5.2.43 OR BA.5.2.44 OR BA.5.2.45 OR BA.5.2.46 OR BA.5.2.47 OR BA.5.2.48 OR BA.5.2.49 OR BA.5.3 OR BA.5.3.1 OR BA.5.3.2 OR BA.5.3.3 OR BA.5.3.4 OR BA.5.3.5 OR BA.5.5 OR BA.5.5.1 OR BA.5.5.2 OR BA.5.5.3 OR BA.5.6 OR BA.5.6.1 OR BA.5.6.2 OR BA.5.6.3 OR BA.5.6.4 OR BA.5.7 OR BA.5.8 OR BA.5.9 OR BA.5.10 OR BA.5.10.1 OR BA.5.11 OR BC.1 OR BC.2 OR BD.1 OR BE.1 OR BE.1.1 OR BE.1.1.1 OR BE.1.1.2 OR BE.1.2 OR BE.1.2.1 OR BE.1.3 OR BE.1.4 OR BE.1.4.1 OR BE.1.4.2 OR BE.1.4.3 OR BE.1.4.4 OR BE.2 OR BE.3 OR BE.4 OR BE.4.1 OR BE.4.1.1 OR BE.4.2 OR BE.5 OR BE.6 OR BE.7 OR BE.8 OR BE.9 OR BE.10 OR BF.1 OR BF.1.1 OR BF.2 OR BF.3 OR BF.3.1 OR BF.4 OR BF.5 OR BF.5.1 OR BF.5.2 OR BF.6 OR BF.7 OR BF.7.1 OR BF.7.2 OR BF.7.3 OR BF.7.4 OR BF.7.4.1 OR BF.7.4.2 OR BF.7.5 OR BF.7.5.1 OR BF.7.6 OR BF.7.7 OR BF.7.8 OR BF.7.9 OR BF.7.10 OR BF.7.11 OR BF.7.12 OR BF.7.13 OR BF.7.13.1 OR BF.7.13.2 OR BF.7.14 OR BF.7.15 OR BF.8 OR BF.9 OR BF.10 OR BF.10.1 OR BF.11 OR BF.11.1 OR BF.11.2 OR BF.11.3 OR BF.11.4 OR BF.11.5 OR BF.12 OR BF.13 OR BF.14 OR BF.15 OR BF.16 OR BF.17 OR BF.18 OR BF.19 OR BF.20 OR BF.21 OR BF.22 OR BF.23 OR BF.24 OR BF.25 OR BF.26 OR BF.27 OR BF.28 OR BF.29 OR BF.30 OR BF.31 OR BF.31.1 OR BF.32 OR BF.33 OR BF.34 OR BG.1 OR BG.2 OR BG.3 OR BG.4 OR BG.5 OR BG.6 OR BG.7 OR BH.1 OR BJ.1 OR BK.1 OR BL.1 OR BL.1.1 OR BL.1.2 OR BL.1.3 OR BL.1.4 OR BL.2 OR BL.2.1 OR BL.3 OR BL.4 OR BL.5 OR BL.6 OR BM.1 OR BM.1.1 OR BM.1.1.1 OR BM.1.1.2 OR BM.1.1.3 OR BM.1.1.4 OR BM.1.1.5 OR BM.2 OR BM.2.1 OR BM.2.2 OR BM.2.3 OR BM.3 OR BM.4 OR BM.4.1 OR BM.4.1.1 OR BM.5 OR BM.6 OR BN.1 OR BN.1.1 OR BN.1.1.1 OR BN.1.2 OR BN.1.2.1 OR BN.1.3 OR BN.1.3.1 OR BN.1.3.2 OR BN.1.3.3 OR BN.1.3.4 OR BN.1.4 OR BN.1.4.1 OR BN.1.5 OR BN.1.5.1 OR BN.1.6 OR BN.1.7 OR BN.1.8 OR BN.1.9 OR BN.2 OR BN.2.1 OR BN.3 OR BN.3.1 OR BN.4 OR BN.5 OR BN.6 OR BP.1 OR BQ.1 OR BQ.1.1 OR BQ.1.1.1 OR BQ.1.1.2 OR BQ.1.1.3 OR BQ.1.1.4 OR BQ.1.1.5 OR BQ.1.1.6 OR BQ.1.1.7 OR BQ.1.1.8 OR BQ.1.1.9 OR BQ.1.1.10 OR BQ.1.1.11 OR BQ.1.1.12 OR BQ.1.1.13 OR BQ.1.1.14 OR BQ.1.1.15 OR BQ.1.1.16 OR BQ.1.1.17 OR BQ.1.1.18 OR BQ.1.1.19 OR BQ.1.1.20 OR BQ.1.1.21 OR BQ.1.1.22 OR BQ.1.1.23 OR BQ.1.1.24 OR BQ.1.1.25 OR BQ.1.1.26 OR BQ.1.1.27 OR BQ.1.1.28 OR BQ.1.1.29 OR BQ.1.1.30 OR BQ.1.1.31 OR BQ.1.1.32 OR BQ.1.1.34 OR BQ.1.1.35 OR BQ.1.1.36 OR BQ.1.2 OR BQ.1.3 OR BQ.1.4 OR BQ.1.5 OR BQ.1.6 OR BQ.1.7 OR BQ.1.8 OR BQ.1.8.1 OR BQ.1.8.2 OR BQ.1.9 OR BQ.1.10 OR BQ.1.10.1 OR BQ.1.11 OR BQ.1.12 OR BQ.1.13 OR BQ.1.13.1 OR BQ.1.14 OR BQ.1.15 OR BQ.1.16 OR BQ.1.17 OR BQ.1.18 OR BQ.1.19 OR BQ.1.20 OR BQ.1.21 OR BQ.1.22 OR BQ.1.23 OR BQ.1.24 OR BQ.1.25 OR BQ.1.25.1 OR BQ.1.26 OR BQ.1.26.1 OR BQ.1.27 OR BQ.1.28 OR BQ.2 OR BR.1 OR BR.1.1 OR BR.1.2 OR BR.2 OR BR.2.1 OR BR.3 OR BR.4 OR BS.1 OR BS.1.1 OR BS.1.2 OR BT.1 OR BT.2 OR BU.1 OR BU.2 OR BU.3 OR BV.1 OR BV.2 OR BW.1 OR BW.1.1 OR BY.1 OR BY.1.1 OR BY.1.1.1 OR BY.1.2 OR BY.1.2.1 OR BZ.1 OR CA.1 OR CA.2 OR CA.3 OR CA.3.1 OR CA.4 OR CA.5 OR CA.6 OR CA.7 OR CB.1 OR CC.1 OR CD.1 OR CD.2 OR CE.1 OR CF.1 OR CG.1 OR CH.1 OR CH.1.1 OR CH.1.1.1 OR CH.1.1.2 OR CH.1.1.3 OR CH.1.1.4 OR CH.1.1.5 OR CH.2 OR CH.3 OR CH.3.1 OR CJ.1 OR CJ.1.1 OR CK.1 OR CK.1.1 OR CK.1.2 OR CK.2 OR CK.2.1 OR CK.2.1.1 OR CK.3 OR CL.1 OR CM.1 OR CM.2 OR CM.2.1 OR CM.3 OR CM.4 OR CM.4.1 OR CM.5 OR CM.5.1 OR CM.5.2 OR CM.6 OR CM.6.1 OR CM.7 OR CM.8 OR CM.8.1 OR CM.9 OR CM.10 OR CM.11 OR CM.12 OR CN.1 OR CN.2 OR CP.1 OR CP.1.1 OR CP.1.2 OR CP.1.3 OR CP.2 OR CP.3 OR CP.4 OR CP.5 OR CP.6 OR CQ.1 OR CQ.1.1 OR CQ.2 OR CR.1 OR CR.1.1 OR CR.1.2 OR CR.1.3 OR CR.2 OR CS.1 OR CT.1 OR CU.1 OR CV.1 OR CV.2 OR CW.1 OR CY.1 OR CZ.1 OR DA.1 OR DB.1 OR DB.2 OR DC.1 OR DD.1 OR DE.1 OR DE.2 OR DF.1 OR DF.1.1 OR DG.1 OR DH.1 OR DJ.1 OR DJ.1.1 OR DJ.1.2 OR DJ.1.3 OR DK.1 OR DL.1 OR DM.1 OR DN.1 OR DN.1.1 OR DP.1 OR DQ.1 OR DR.1 OR DS.1 OR DT.1 OR DU.1 OR DV.1,Omicron,8.57142857142857,7.85714285714286,0.916666666666667
2022-07-01,10,9,6,5.14285714285714,0.857142857142857,0.441943226390752,0.981379872880558,B.1.1.529 OR BA.1 OR BA.1.1 OR BA.1.1.1 OR BA.1.1.2 OR BA.1.1.3 OR BA.1.1.4 OR BA.1.1.5 OR BA.1.1.6 OR BA.1.1.7 OR BA.1.1.8 OR BA.1.1.9 OR BA.1.1.10 OR BA.1.1.11 OR BA.1.1.12 OR BA.1.1.13 OR BA.1.1.14 OR BA.1.1.15 OR BA.1.1.16 OR BA.1.1.17 OR BA.1.1.18 OR BA.1.2 OR BA.1.3 OR BA.1.4 OR BA.1.5 OR BA.1.6 OR BA.1.7 OR BA.1.8 OR BA.1.9 OR BA.1.10 OR BA.1.12 OR BA.1.13 OR BA.1.13.1 OR BA.1.14 OR BA.1.14.1 OR BA.1.14.2 OR BA.1.15 OR BA.1.15.1 OR BA.1.15.2 OR BA.1.15.3 OR BA.1.16 OR BA.1.16.1 OR BA.1.16.2 OR BA.1.17 OR BA.1.17.1 OR BA.1.17.2 OR BA.1.18 OR BA.1.19 OR BA.1.20 OR BA.1.21 OR BA.1.21.1 OR BA.1.22 OR BA.1.23 OR BA.1.24 OR BA.2 OR BA.2.1 OR BA.2.2 OR BA.2.2.1 OR BA.2.3 OR BA.2.3.1 OR BA.2.3.2 OR BA.2.3.4 OR BA.2.3.5 OR BA.2.3.6 OR BA.2.3.7 OR BA.2.3.8 OR BA.2.3.9 OR BA.2.3.10 OR BA.2.3.11 OR BA.2.3.12 OR BA.2.3.13 OR BA.2.3.14 OR BA.2.3.15 OR BA.2.3.16 OR BA.2.3.17 OR BA.2.3.18 OR BA.2.3.19 OR BA.2.3.20 OR BA.2.3.21 OR BA.2.3.22 OR BA.2.4 OR BA.2.5 OR BA.2.6 OR BA.2.7 OR BA.2.8 OR BA.2.9 OR BA.2.9.1 OR BA.2.9.2 OR BA.2.9.3 OR BA.2.9.4 OR BA.2.9.5 OR BA.2.9.6 OR BA.2.9.7 OR BA.2.10 OR BA.2.10.1 OR BA.2.10.2 OR BA.2.10.3 OR BA.2.10.4 OR BA.2.11 OR BA.2.12 OR BA.2.12.1 OR BA.2.12.2 OR BA.2.13 OR BA.2.13.1 OR BA.2.14 OR BA.2.15 OR BA.2.16 OR BA.2.17 OR BA.2.18 OR BA.2.19 OR BA.2.20 OR BA.2.21 OR BA.2.22 OR BA.2.23 OR BA.2.23.1 OR BA.2.24 OR BA.2.25 OR BA.2.25.1 OR BA.2.26 OR BA.2.27 OR BA.2.28 OR BA.2.29 OR BA.2.30 OR BA.2.31 OR BA.2.31.1 OR BA.2.32 OR BA.2.33 OR BA.2.34 OR BA.2.35 OR BA.2.36 OR BA.2.37 OR BA.2.38 OR BA.2.38.1 OR BA.2.38.2 OR BA.2.38.3 OR BA.2.38.4 OR BA.2.39 OR BA.2.40 OR BA.2.40.1 OR BA.2.41 OR BA.2.42 OR BA.2.43 OR BA.2.44 OR BA.2.45 OR BA.2.46 OR BA.2.47 OR BA.2.48 OR BA.2.49 OR BA.2.50 OR BA.2.51 OR BA.2.52 OR BA.2.53 OR BA.2.54 OR BA.2.55 OR BA.2.56 OR BA.2.56.1 OR BA.2.57 OR BA.2.58 OR BA.2.59 OR BA.2.60 OR BA.2.61 OR BA.2.62 OR BA.2.63 OR BA.2.64 OR BA.2.65 OR BA.2.66 OR BA.2.67 OR BA.2.68 OR BA.2.69 OR BA.2.70 OR BA.2.71 OR BA.2.72 OR BA.2.73 OR BA.2.74 OR BA.2.75 OR BA.2.75.1 OR BA.2.75.2 OR BA.2.75.3 OR BA.2.75.4 OR BA.2.75.5 OR BA.2.75.6 OR BA.2.75.7 OR BA.2.75.8 OR BA.2.75.9 OR BA.2.75.10 OR BA.2.76 OR BA.2.76.1 OR BA.2.76.2 OR BA.2.77 OR BA.2.78 OR BA.2.79 OR BA.2.79.1 OR BA.2.80 OR BA.2.81 OR BA.2.82 OR BA.2.83 OR BA.2.85 OR BA.3 OR BA.3.1 OR BA.4 OR BA.4.1 OR BA.4.1.1 OR BA.4.1.2 OR BA.4.1.3 OR BA.4.1.4 OR BA.4.1.5 OR BA.4.1.6 OR BA.4.1.7 OR BA.4.1.8 OR BA.4.1.9 OR BA.4.1.10 OR BA.4.2 OR BA.4.3 OR BA.4.4 OR BA.4.5 OR BA.4.6 OR BA.4.6.1 OR BA.4.6.2 OR BA.4.6.3 OR BA.4.6.4 OR BA.4.6.5 OR BA.4.7 OR BA.4.8 OR BA.5 OR BA.5.1 OR BA.5.1.1 OR BA.5.1.2 OR BA.5.1.3 OR BA.5.1.4 OR BA.5.1.5 OR BA.5.1.6 OR BA.5.1.7 OR BA.5.1.8 OR BA.5.1.9 OR BA.5.1.10 OR BA.5.1.11 OR BA.5.1.12 OR BA.5.1.14 OR BA.5.1.15 OR BA.5.1.16 OR BA.5.1.17 OR BA.5.1.18 OR BA.5.1.19 OR BA.5.1.20 OR BA.5.1.21 OR BA.5.1.22 OR BA.5.1.23 OR BA.5.1.24 OR BA.5.1.25 OR BA.5.1.26 OR BA.5.1.27 OR BA.5.1.28 OR BA.5.1.29 OR BA.5.1.30 OR BA.5.1.31 OR BA.5.1.32 OR BA.5.2 OR BA.5.2.1 OR BA.5.2.2 OR BA.5.2.3 OR BA.5.2.4 OR BA.5.2.5 OR BA.5.2.6 OR BA.5.2.7 OR BA.5.2.8 OR BA.5.2.9 OR BA.5.2.10 OR BA.5.2.11 OR BA.5.2.12 OR BA.5.2.13 OR BA.5.2.14 OR BA.5.2.16 OR BA.5.2.18 OR BA.5.2.19 OR BA.5.2.20 OR BA.5.2.21 OR BA.5.2.22 OR BA.5.2.23 OR BA.5.2.24 OR BA.5.2.25 OR BA.5.2.26 OR BA.5.2.27 OR BA.5.2.28 OR BA.5.2.29 OR BA.5.2.30 OR BA.5.2.31 OR BA.5.2.32 OR BA.5.2.33 OR BA.5.2.34 OR BA.5.2.35 OR BA.5.2.36 OR BA.5.2.37 OR BA.5.2.38 OR BA.5.2.39 OR BA.5.2.40 OR BA.5.2.41 OR BA.5.2.42 OR BA.5.2.43 OR BA.5.2.44 OR BA.5.2.45 OR BA.5.2.46 OR BA.5.2.47 OR BA.5.2.48 OR BA.5.2.49 OR BA.5.3 OR BA.5.3.1 OR BA.5.3.2 OR BA.5.3.3 OR BA.5.3.4 OR BA.5.3.5 OR BA.5.5 OR BA.5.5.1 OR BA.5.5.2 OR BA.5.5.3 OR BA.5.6 OR BA.5.6.1 OR BA.5.6.2 OR BA.5.6.3 OR BA.5.6.4 OR BA.5.7 OR BA.5.8 OR BA.5.9 OR BA.5.10 OR BA.5.10.1 OR BA.5.11 OR BC.1 OR BC.2 OR BD.1 OR BE.1 OR BE.1.1 OR BE.1.1.1 OR BE.1.1.2 OR BE.1.2 OR BE.1.2.1 OR BE.1.3 OR BE.1.4 OR BE.1.4.1 OR BE.1.4.2 OR BE.1.4.3 OR BE.1.4.4 OR BE.2 OR BE.3 OR BE.4 OR BE.4.1 OR BE.4.1.1 OR BE.4.2 OR BE.5 OR BE.6 OR BE.7 OR BE.8 OR BE.9 OR BE.10 OR BF.1 OR BF.1.1 OR BF.2 OR BF.3 OR BF.3.1 OR BF.4 OR BF.5 OR BF.5.1 OR BF.5.2 OR BF.6 OR BF.7 OR BF.7.1 OR BF.7.2 OR BF.7.3 OR BF.7.4 OR BF.7.4.1 OR BF.7.4.2 OR BF.7.5 OR BF.7.5.1 OR BF.7.6 OR BF.7.7 OR BF.7.8 OR BF.7.9 OR BF.7.10 OR BF.7.11 OR BF.7.12 OR BF.7.13 OR BF.7.13.1 OR BF.7.13.2 OR BF.7.14 OR BF.7.15 OR BF.8 OR BF.9 OR BF.10 OR BF.10.1 OR BF.11 OR BF.11.1 OR BF.11.2 OR BF.11.3 OR BF.11.4 OR BF.11.5 OR BF.12 OR BF.13 OR BF.14 OR BF.15 OR BF.16 OR BF.17 OR BF.18 OR BF.19 OR BF.20 OR BF.21 OR BF.22 OR BF.23 OR BF.24 OR BF.25 OR BF.26 OR BF.27 OR BF.28 OR BF.29 OR BF.30 OR BF.31 OR BF.31.1 OR BF.32 OR BF.33 OR BF.34 OR BG.1 OR BG.2 OR BG.3 OR BG.4 OR BG.5 OR BG.6 OR BG.7 OR BH.1 OR BJ.1 OR BK.1 OR BL.1 OR BL.1.1 OR BL.1.2 OR BL.1.3 OR BL.1.4 OR BL.2 OR BL.2.1 OR BL.3 OR BL.4 OR BL.5 OR BL.6 OR BM.1 OR BM.1.1 OR BM.1.1.1 OR BM.1.1.2 OR BM.1.1.3 OR BM.1.1.4 OR BM.1.1.5 OR BM.2 OR BM.2.1 OR BM.2.2 OR BM.2.3 OR BM.3 OR BM.4 OR BM.4.1 OR BM.4.1.1 OR BM.5 OR BM.6 OR BN.1 OR BN.1.1 OR BN.1.1.1 OR BN.1.2 OR BN.1.2.1 OR BN.1.3 OR BN.1.3.1 OR BN.1.3.2 OR BN.1.3.3 OR BN.1.3.4 OR BN.1.4 OR BN.1.4.1 OR BN.1.5 OR BN.1.5.1 OR BN.1.6 OR BN.1.7 OR BN.1.8 OR BN.1.9 OR BN.2 OR BN.2.1 OR BN.3 OR BN.3.1 OR BN.4 OR BN.5 OR BN.6 OR BP.1 OR BQ.1 OR BQ.1.1 OR BQ.1.1.1 OR BQ.1.1.2 OR BQ.1.1.3 OR BQ.1.1.4 OR BQ.1.1.5 OR BQ.1.1.6 OR BQ.1.1.7 OR BQ.1.1.8 OR BQ.1.1.9 OR BQ.1.1.10 OR BQ.1.1.11 OR BQ.1.1.12 OR BQ.1.1.13 OR BQ.1.1.14 OR BQ.1.1.15 OR BQ.1.1.16 OR BQ.1.1.17 OR BQ.1.1.18 OR BQ.1.1.19 OR BQ.1.1.20 OR BQ.1.1.21 OR BQ.1.1.22 OR BQ.1.1.23 OR BQ.1.1.24 OR BQ.1.1.25 OR BQ.1.1.26 OR BQ.1.1.27 OR BQ.1.1.28 OR BQ.1.1.29 OR BQ.1.1.30 OR BQ.1.1.31 OR BQ.1.1.32 OR BQ.1.1.34 OR BQ.1.1.35 OR BQ.1.1.36 OR BQ.1.2 OR BQ.1.3 OR BQ.1.4 OR BQ.1.5 OR BQ.1.6 OR BQ.1.7 OR BQ.1.8 OR BQ.1.8.1 OR BQ.1.8.2 OR BQ.1.9 OR BQ.1.10 OR BQ.1.10.1 OR BQ.1.11 OR BQ.1.12 OR BQ.1.13 OR BQ.1.13.1 OR BQ.1.14 OR BQ.1.15 OR BQ.1.16 OR BQ.1.17 OR BQ.1.18 OR BQ.1.19 OR BQ.1.20 OR BQ.1.21 OR BQ.1.22 OR BQ.1.23 OR BQ.1.24 OR BQ.1.25 OR BQ.1.25.1 OR BQ.1.26 OR BQ.1.26.1 OR BQ.1.27 OR BQ.1.28 OR BQ.2 OR BR.1 OR BR.1.1 OR BR.1.2 OR BR.2 OR BR.2.1 OR BR.3 OR BR.4 OR BS.1 OR BS.1.1 OR BS.1.2 OR BT.1 OR BT.2 OR BU.1 OR BU.2 OR BU.3 OR BV.1 OR BV.2 OR BW.1 OR BW.1.1 OR BY.1 OR BY.1.1 OR BY.1.1.1 OR BY.1.2 OR BY.1.2.1 OR BZ.1 OR CA.1 OR CA.2 OR CA.3 OR CA.3.1 OR CA.4 OR CA.5 OR CA.6 OR CA.7 OR CB.1 OR CC.1 OR CD.1 OR CD.2 OR CE.1 OR CF.1 OR CG.1 OR CH.1 OR CH.1.1 OR CH.1.1.1 OR CH.1.1.2 OR CH.1.1.3 OR CH.1.1.4 OR CH.1.1.5 OR CH.2 OR CH.3 OR CH.3.1 OR CJ.1 OR CJ.1.1 OR CK.1 OR CK.1.1 OR CK.1.2 OR CK.2 OR CK.2.1 OR CK.2.1.1 OR CK.3 OR CL.1 OR CM.1 OR CM.2 OR CM.2.1 OR CM.3 OR CM.4 OR CM.4.1 OR CM.5 OR CM.5.1 OR CM.5.2 OR CM.6 OR CM.6.1 OR CM.7 OR CM.8 OR CM.8.1 OR CM.9 OR CM.10 OR CM.11 OR CM.12 OR CN.1 OR CN.2 OR CP.1 OR CP.1.1 OR CP.1.2 OR CP.1.3 OR CP.2 OR CP.3 OR CP.4 OR CP.5 OR CP.6 OR CQ.1 OR CQ.1.1 OR CQ.2 OR CR.1 OR CR.1.1 OR CR.1.2 OR CR.1.3 OR CR.2 OR CS.1 OR CT.1 OR CU.1 OR CV.1 OR CV.2 OR CW.1 OR CY.1 OR CZ.1 OR DA.1 OR DB.1 OR DB.2 OR DC.1 OR DD.1 OR DE.1 OR DE.2 OR DF.1 OR DF.1.1 OR DG.1 OR DH.1 OR DJ.1 OR DJ.1.1 OR DJ.1.2 OR DJ.1.3 OR DK.1 OR DL.1 OR DM.1 OR DN.1 OR DN.1.1 OR DP.1 OR DQ.1 OR DR.1 OR DS.1 OR DT.1 OR DU.1 OR DV.1,Omicron,8.42857142857143,7.71428571428571,0.915254237288136
2022-07-02,10,6,6.71428571428571,5.57142857142857,0.829787234042553,0.499202538380922,0.984123475787253,B.1.1.529 OR BA.1 OR BA.1.1 OR BA.1.1.1 OR BA.1.1.2 OR BA.1.1.3 OR BA.1.1.4 OR BA.1.1.5 OR BA.1.1.6 OR BA.1.1.7 OR BA.1.1.8 OR BA.1.1.9 OR BA.1.1.10 OR BA.1.1.11 OR BA.1.1.12 OR BA.1.1.13 OR BA.1.1.14 OR BA.1.1.15 OR BA.1.1.16 OR BA.1.1.17 OR BA.1.1.18 OR BA.1.2 OR BA.1.3 OR BA.1.4 OR BA.1.5 OR BA.1.6 OR BA.1.7 OR BA.1.8 OR BA.1.9 OR BA.1.10 OR BA.1.12 OR BA.1.13 OR BA.1.13.1 OR BA.1.14 OR BA.1.14.1 OR BA.1.14.2 OR BA.1.15 OR BA.1.15.1 OR BA.1.15.2 OR BA.1.15.3 OR BA.1.16 OR BA.1.16.1 OR BA.1.16.2 OR BA.1.17 OR BA.1.17.1 OR BA.1.17.2 OR BA.1.18 OR BA.1.19 OR BA.1.20 OR BA.1.21 OR BA.1.21.1 OR BA.1.22 OR BA.1.23 OR BA.1.24 OR BA.2 OR BA.2.1 OR BA.2.2 OR BA.2.2.1 OR BA.2.3 OR BA.2.3.1 OR BA.2.3.2 OR BA.2.3.4 OR BA.2.3.5 OR BA.2.3.6 OR BA.2.3.7 OR BA.2.3.8 OR BA.2.3.9 OR BA.2.3.10 OR BA.2.3.11 OR BA.2.3.12 OR BA.2.3.13 OR BA.2.3.14 OR BA.2.3.15 OR BA.2.3.16 OR BA.2.3.17 OR BA.2.3.18 OR BA.2.3.19 OR BA.2.3.20 OR BA.2.3.21 OR BA.2.3.22 OR BA.2.4 OR BA.2.5 OR BA.2.6 OR BA.2.7 OR BA.2.8 OR BA.2.9 OR BA.2.9.1 OR BA.2.9.2 OR BA.2.9.3 OR BA.2.9.4 OR BA.2.9.5 OR BA.2.9.6 OR BA.2.9.7 OR BA.2.10 OR BA.2.10.1 OR BA.2.10.2 OR BA.2.10.3 OR BA.2.10.4 OR BA.2.11 OR BA.2.12 OR BA.2.12.1 OR BA.2.12.2 OR BA.2.13 OR BA.2.13.1 OR BA.2.14 OR BA.2.15 OR BA.2.16 OR BA.2.17 OR BA.2.18 OR BA.2.19 OR BA.2.20 OR BA.2.21 OR BA.2.22 OR BA.2.23 OR BA.2.23.1 OR BA.2.24 OR BA.2.25 OR BA.2.25.1 OR BA.2.26 OR BA.2.27 OR BA.2.28 OR BA.2.29 OR BA.2.30 OR BA.2.31 OR BA.2.31.1 OR BA.2.32 OR BA.2.33 OR BA.2.34 OR BA.2.35 OR BA.2.36 OR BA.2.37 OR BA.2.38 OR BA.2.38.1 OR BA.2.38.2 OR BA.2.38.3 OR BA.2.38.4 OR BA.2.39 OR BA.2.40 OR BA.2.40.1 OR BA.2.41 OR BA.2.42 OR BA.2.43 OR BA.2.44 OR BA.2.45 OR BA.2.46 OR BA.2.47 OR BA.2.48 OR BA.2.49 OR BA.2.50 OR BA.2.51 OR BA.2.52 OR BA.2.53 OR BA.2.54 OR BA.2.55 OR BA.2.56 OR BA.2.56.1 OR BA.2.57 OR BA.2.58 OR BA.2.59 OR BA.2.60 OR BA.2.61 OR BA.2.62 OR BA.2.63 OR BA.2.64 OR BA.2.65 OR BA.2.66 OR BA.2.67 OR BA.2.68 OR BA.2.69 OR BA.2.70 OR BA.2.71 OR BA.2.72 OR BA.2.73 OR BA.2.74 OR BA.2.75 OR BA.2.75.1 OR BA.2.75.2 OR BA.2.75.3 OR BA.2.75.4 OR BA.2.75.5 OR BA.2.75.6 OR BA.2.75.7 OR BA.2.75.8 OR BA.2.75.9 OR BA.2.75.10 OR BA.2.76 OR BA.2.76.1 OR BA.2.76.2 OR BA.2.77 OR BA.2.78 OR BA.2.79 OR BA.2.79.1 OR BA.2.80 OR BA.2.81 OR BA.2.82 OR BA.2.83 OR BA.2.85 OR BA.3 OR BA.3.1 OR BA.4 OR BA.4.1 OR BA.4.1.1 OR BA.4.1.2 OR BA.4.1.3 OR BA.4.1.4 OR BA.4.1.5 OR BA.4.1.6 OR BA.4.1.7 OR BA.4.1.8 OR BA.4.1.9 OR BA.4.1.10 OR BA.4.2 OR BA.4.3 OR BA.4.4 OR BA.4.5 OR BA.4.6 OR BA.4.6.1 OR BA.4.6.2 OR BA.4.6.3 OR BA.4.6.4 OR BA.4.6.5 OR BA.4.7 OR BA.4.8 OR BA.5 OR BA.5.1 OR BA.5.1.1 OR BA.5.1.2 OR BA.5.1.3 OR BA.5.1.4 OR BA.5.1.5 OR BA.5.1.6 OR BA.5.1.7 OR BA.5.1.8 OR BA.5.1.9 OR BA.5.1.10 OR BA.5.1.11 OR BA.5.1.12 OR BA.5.1.14 OR BA.5.1.15 OR BA.5.1.16 OR BA.5.1.17 OR BA.5.1.18 OR BA.5.1.19 OR BA.5.1.20 OR BA.5.1.21 OR BA.5.1.22 OR BA.5.1.23 OR BA.5.1.24 OR BA.5.1.25 OR BA.5.1.26 OR BA.5.1.27 OR BA.5.1.28 OR BA.5.1.29 OR BA.5.1.30 OR BA.5.1.31 OR BA.5.1.32 OR BA.5.2 OR BA.5.2.1 OR BA.5.2.2 OR BA.5.2.3 OR BA.5.2.4 OR BA.5.2.5 OR BA.5.2.6 OR BA.5.2.7 OR BA.5.2.8 OR BA.5.2.9 OR BA.5.2.10 OR BA.5.2.11 OR BA.5.2.12 OR BA.5.2.13 OR BA.5.2.14 OR BA.5.2.16 OR BA.5.2.18 OR BA.5.2.19 OR BA.5.2.20 OR BA.5.2.21 OR BA.5.2.22 OR BA.5.2.23 OR BA.5.2.24 OR BA.5.2.25 OR BA.5.2.26 OR BA.5.2.27 OR BA.5.2.28 OR BA.5.2.29 OR BA.5.2.30 OR BA.5.2.31 OR BA.5.2.32 OR BA.5.2.33 OR BA.5.2.34 OR BA.5.2.35 OR BA.5.2.36 OR BA.5.2.37 OR BA.5.2.38 OR BA.5.2.39 OR BA.5.2.40 OR BA.5.2.41 OR BA.5.2.42 OR BA.5.2.43 OR BA.5.2.44 OR BA.5.2.45 OR BA.5.2.46 OR BA.5.2.47 OR BA.5.2.48 OR BA.5.2.49 OR BA.5.3 OR BA.5.3.1 OR BA.5.3.2 OR BA.5.3.3 OR BA.5.3.4 OR BA.5.3.5 OR BA.5.5 OR BA.5.5.1 OR BA.5.5.2 OR BA.5.5.3 OR BA.5.6 OR BA.5.6.1 OR BA.5.6.2 OR BA.5.6.3 OR BA.5.6.4 OR BA.5.7 OR BA.5.8 OR BA.5.9 OR BA.5.10 OR BA.5.10.1 OR BA.5.11 OR BC.1 OR BC.2 OR BD.1 OR BE.1 OR BE.1.1 OR BE.1.1.1 OR BE.1.1.2 OR BE.1.2 OR BE.1.2.1 OR BE.1.3 OR BE.1.4 OR BE.1.4.1 OR BE.1.4.2 OR BE.1.4.3 OR BE.1.4.4 OR BE.2 OR BE.3 OR BE.4 OR BE.4.1 OR BE.4.1.1 OR BE.4.2 OR BE.5 OR BE.6 OR BE.7 OR BE.8 OR BE.9 OR BE.10 OR BF.1 OR BF.1.1 OR BF.2 OR BF.3 OR BF.3.1 OR BF.4 OR BF.5 OR BF.5.1 OR BF.5.2 OR BF.6 OR BF.7 OR BF.7.1 OR BF.7.2 OR BF.7.3 OR BF.7.4 OR BF.7.4.1 OR BF.7.4.2 OR BF.7.5 OR BF.7.5.1 OR BF.7.6 OR BF.7.7 OR BF.7.8 OR BF.7.9 OR BF.7.10 OR BF.7.11 OR BF.7.12 OR BF.7.13 OR BF.7.13.1 OR BF.7.13.2 OR BF.7.14 OR BF.7.15 OR BF.8 OR BF.9 OR BF.10 OR BF.10.1 OR BF.11 OR BF.11.1 OR BF.11.2 OR BF.11.3 OR BF.11.4 OR BF.11.5 OR BF.12 OR BF.13 OR BF.14 OR BF.15 OR BF.16 OR BF.17 OR BF.18 OR BF.19 OR BF.20 OR BF.21 OR BF.22 OR BF.23 OR BF.24 OR BF.25 OR BF.26 OR BF.27 OR BF.28 OR BF.29 OR BF.30 OR BF.31 OR BF.31.1 OR BF.32 OR BF.33 OR BF.34 OR BG.1 OR BG.2 OR BG.3 OR BG.4 OR BG.5 OR BG.6 OR BG.7 OR BH.1 OR BJ.1 OR BK.1 OR BL.1 OR BL.1.1 OR BL.1.2 OR BL.1.3 OR BL.1.4 OR BL.2 OR BL.2.1 OR BL.3 OR BL.4 OR BL.5 OR BL.6 OR BM.1 OR BM.1.1 OR BM.1.1.1 OR BM.1.1.2 OR BM.1.1.3 OR BM.1.1.4 OR BM.1.1.5 OR BM.2 OR BM.2.1 OR BM.2.2 OR BM.2.3 OR BM.3 OR BM.4 OR BM.4.1 OR BM.4.1.1 OR BM.5 OR BM.6 OR BN.1 OR BN.1.1 OR BN.1.1.1 OR BN.1.2 OR BN.1.2.1 OR BN.1.3 OR BN.1.3.1 OR BN.1.3.2 OR BN.1.3.3 OR BN.1.3.4 OR BN.1.4 OR BN.1.4.1 OR BN.1.5 OR BN.1.5.1 OR BN.1.6 OR BN.1.7 OR BN.1.8 OR BN.1.9 OR BN.2 OR BN.2.1 OR BN.3 OR BN.3.1 OR BN.4 OR BN.5 OR BN.6 OR BP.1 OR BQ.1 OR BQ.1.1 OR BQ.1.1.1 OR BQ.1.1.2 OR BQ.1.1.3 OR BQ.1.1.4 OR BQ.1.1.5 OR BQ.1.1.6 OR BQ.1.1.7 OR BQ.1.1.8 OR BQ.1.1.9 OR BQ.1.1.10 OR BQ.1.1.11 OR BQ.1.1.12 OR BQ.1.1.13 OR BQ.1.1.14 OR BQ.1.1.15 OR BQ.1.1.16 OR BQ.1.1.17 OR BQ.1.1.18 OR BQ.1.1.19 OR BQ.1.1.20 OR BQ.1.1.21 OR BQ.1.1.22 OR BQ.1.1.23 OR BQ.1.1.24 OR BQ.1.1.25 OR BQ.1.1.26 OR BQ.1.1.27 OR BQ.1.1.28 OR BQ.1.1.29 OR BQ.1.1.30 OR BQ.1.1.31 OR BQ.1.1.32 OR BQ.1.1.34 OR BQ.1.1.35 OR BQ.1.1.36 OR BQ.1.2 OR BQ.1.3 OR BQ.1.4 OR BQ.1.5 OR BQ.1.6 OR BQ.1.7 OR BQ.1.8 OR BQ.1.8.1 OR BQ.1.8.2 OR BQ.1.9 OR BQ.1.10 OR BQ.1.10.1 OR BQ.1.11 OR BQ.1.12 OR BQ.1.13 OR BQ.1.13.1 OR BQ.1.14 OR BQ.1.15 OR BQ.1.16 OR BQ.1.17 OR BQ.1.18 OR BQ.1.19 OR BQ.1.20 OR BQ.1.21 OR BQ.1.22 OR BQ.1.23 OR BQ.1.24 OR BQ.1.25 OR BQ.1.25.1 OR BQ.1.26 OR BQ.1.26.1 OR BQ.1.27 OR BQ.1.28 OR BQ.2 OR BR.1 OR BR.1.1 OR BR.1.2 OR BR.2 OR BR.2.1 OR BR.3 OR BR.4 OR BS.1 OR BS.1.1 OR BS.1.2 OR BT.1 OR BT.2 OR BU.1 OR BU.2 OR BU.3 OR BV.1 OR BV.2 OR BW.1 OR BW.1.1 OR BY.1 OR BY.1.1 OR BY.1.1.1 OR BY.1.2 OR BY.1.2.1 OR BZ.1 OR CA.1 OR CA.2 OR CA.3 OR CA.3.1 OR CA.4 OR CA.5 OR CA.6 OR CA.7 OR CB.1 OR CC.1 OR CD.1 OR CD.2 OR CE.1 OR CF.1 OR CG.1 OR CH.1 OR CH.1.1 OR CH.1.1.1 OR CH.1.1.2 OR CH.1.1.3 OR CH.1.1.4 OR CH.1.1.5 OR CH.2 OR CH.3 OR CH.3.1 OR CJ.1 OR CJ.1.1 OR CK.1 OR CK.1.1 OR CK.1.2 OR CK.2 OR CK.2.1 OR CK.2.1.1 OR CK.3 OR CL.1 OR CM.1 OR CM.2 OR CM.2.1 OR CM.3 OR CM.4 OR CM.4.1 OR CM.5 OR CM.5.1 OR CM.5.2 OR CM.6 OR CM.6.1 OR CM.7 OR CM.8 OR CM.8.1 OR CM.9 OR CM.10 OR CM.11 OR CM.12 OR CN.1 OR CN.2 OR CP.1 OR CP.1.1 OR CP.1.2 OR CP.1.3 OR CP.2 OR CP.3 OR CP.4 OR CP.5 OR CP.6 OR CQ.1 OR CQ.1.1 OR CQ.2 OR CR.1 OR CR.1.1 OR CR.1.2 OR CR.1.3 OR CR.2 OR CS.1 OR CT.1 OR CU.1 OR CV.1 OR CV.2 OR CW.1 OR CY.1 OR CZ.1 OR DA.1 OR DB.1 OR DB.2 OR DC.1 OR DD.1 OR DE.1 OR DE.2 OR DF.1 OR DF.1.1 OR DG.1 OR DH.1 OR DJ.1 OR DJ.1.1 OR DJ.1.2 OR DJ.1.3 OR DK.1 OR DL.1 OR DM.1 OR DN.1 OR DN.1.1 OR DP.1 OR DQ.1 OR DR.1 OR DS.1 OR DT.1 OR DU.1 OR DV.1,Omicron,8.71428571428571,7.78571428571429,0.89344262295082
2022-07-03,5,5,7,5.85714285714286,0.836734693877551,0.499202538380922,0.984123475787253,B.1.1.529 OR BA.1 OR BA.1.1 OR BA.1.1.1 OR BA.1.1.2 OR BA.1.1.3 OR BA.1.1.4 OR BA.1.1.5 OR BA.1.1.6 OR BA.1.1.7 OR BA.1.1.8 OR BA.1.1.9 OR BA.1.1.10 OR BA.1.1.11 OR BA.1.1.12 OR BA.1.1.13 OR BA.1.1.14 OR BA.1.1.15 OR BA.1.1.16 OR BA.1.1.17 OR BA.1.1.18 OR BA.1.2 OR BA.1.3 OR BA.1.4 OR BA.1.5 OR BA.1.6 OR BA.1.7 OR BA.1.8 OR BA.1.9 OR BA.1.10 OR BA.1.12 OR BA.1.13 OR BA.1.13.1 OR BA.1.14 OR BA.1.14.1 OR BA.1.14.2 OR BA.1.15 OR BA.1.15.1 OR BA.1.15.2 OR BA.1.15.3 OR BA.1.16 OR BA.1.16.1 OR BA.1.16.2 OR BA.1.17 OR BA.1.17.1 OR BA.1.17.2 OR BA.1.18 OR BA.1.19 OR BA.1.20 OR BA.1.21 OR BA.1.21.1 OR BA.1.22 OR BA.1.23 OR BA.1.24 OR BA.2 OR BA.2.1 OR BA.2.2 OR BA.2.2.1 OR BA.2.3 OR BA.2.3.1 OR BA.2.3.2 OR BA.2.3.4 OR BA.2.3.5 OR BA.2.3.6 OR BA.2.3.7 OR BA.2.3.8 OR BA.2.3.9 OR BA.2.3.10 OR BA.2.3.11 OR BA.2.3.12 OR BA.2.3.13 OR BA.2.3.14 OR BA.2.3.15 OR BA.2.3.16 OR BA.2.3.17 OR BA.2.3.18 OR BA.2.3.19 OR BA.2.3.20 OR BA.2.3.21 OR BA.2.3.22 OR BA.2.4 OR BA.2.5 OR BA.2.6 OR BA.2.7 OR BA.2.8 OR BA.2.9 OR BA.2.9.1 OR BA.2.9.2 OR BA.2.9.3 OR BA.2.9.4 OR BA.2.9.5 OR BA.2.9.6 OR BA.2.9.7 OR BA.2.10 OR BA.2.10.1 OR BA.2.10.2 OR BA.2.10.3 OR BA.2.10.4 OR BA.2.11 OR BA.2.12 OR BA.2.12.1 OR BA.2.12.2 OR BA.2.13 OR BA.2.13.1 OR BA.2.14 OR BA.2.15 OR BA.2.16 OR BA.2.17 OR BA.2.18 OR BA.2.19 OR BA.2.20 OR BA.2.21 OR BA.2.22 OR BA.2.23 OR BA.2.23.1 OR BA.2.24 OR BA.2.25 OR BA.2.25.1 OR BA.2.26 OR BA.2.27 OR BA.2.28 OR BA.2.29 OR BA.2.30 OR BA.2.31 OR BA.2.31.1 OR BA.2.32 OR BA.2.33 OR BA.2.34 OR BA.2.35 OR BA.2.36 OR BA.2.37 OR BA.2.38 OR BA.2.38.1 OR BA.2.38.2 OR BA.2.38.3 OR BA.2.38.4 OR BA.2.39 OR BA.2.40 OR BA.2.40.1 OR BA.2.41 OR BA.2.42 OR BA.2.43 OR BA.2.44 OR BA.2.45 OR BA.2.46 OR BA.2.47 OR BA.2.48 OR BA.2.49 OR BA.2.50 OR BA.2.51 OR BA.2.52 OR BA.2.53 OR BA.2.54 OR BA.2.55 OR BA.2.56 OR BA.2.56.1 OR BA.2.57 OR BA.2.58 OR BA.2.59 OR BA.2.60 OR BA.2.61 OR BA.2.62 OR BA.2.63 OR BA.2.64 OR BA.2.65 OR BA.2.66 OR BA.2.67 OR BA.2.68 OR BA.2.69 OR BA.2.70 OR BA.2.71 OR BA.2.72 OR BA.2.73 OR BA.2.74 OR BA.2.75 OR BA.2.75.1 OR BA.2.75.2 OR BA.2.75.3 OR BA.2.75.4 OR BA.2.75.5 OR BA.2.75.6 OR BA.2.75.7 OR BA.2.75.8 OR BA.2.75.9 OR BA.2.75.10 OR BA.2.76 OR BA.2.76.1 OR BA.2.76.2 OR BA.2.77 OR BA.2.78 OR BA.2.79 OR BA.2.79.1 OR BA.2.80 OR BA.2.81 OR BA.2.82 OR BA.2.83 OR BA.2.85 OR BA.3 OR BA.3.1 OR BA.4 OR BA.4.1 OR BA.4.1.1 OR BA.4.1.2 OR BA.4.1.3 OR BA.4.1.4 OR BA.4.1.5 OR BA.4.1.6 OR BA.4.1.7 OR BA.4.1.8 OR BA.4.1.9 OR BA.4.1.10 OR BA.4.2 OR BA.4.3 OR BA.4.4 OR BA.4.5 OR BA.4.6 OR BA.4.6.1 OR BA.4.6.2 OR BA.4.6.3 OR BA.4.6.4 OR BA.4.6.5 OR BA.4.7 OR BA.4.8 OR BA.5 OR BA.5.1 OR BA.5.1.1 OR BA.5.1.2 OR BA.5.1.3 OR BA.5.1.4 OR BA.5.1.5 OR BA.5.1.6 OR BA.5.1.7 OR BA.5.1.8 OR BA.5.1.9 OR BA.5.1.10 OR BA.5.1.11 OR BA.5.1.12 OR BA.5.1.14 OR BA.5.1.15 OR BA.5.1.16 OR BA.5.1.17 OR BA.5.1.18 OR BA.5.1.19 OR BA.5.1.20 OR BA.5.1.21 OR BA.5.1.22 OR BA.5.1.23 OR BA.5.1.24 OR BA.5.1.25 OR BA.5.1.26 OR BA.5.1.27 OR BA.5.1.28 OR BA.5.1.29 OR BA.5.1.30 OR BA.5.1.31 OR BA.5.1.32 OR BA.5.2 OR BA.5.2.1 OR BA.5.2.2 OR BA.5.2.3 OR BA.5.2.4 OR BA.5.2.5 OR BA.5.2.6 OR BA.5.2.7 OR BA.5.2.8 OR BA.5.2.9 OR BA.5.2.10 OR BA.5.2.11 OR BA.5.2.12 OR BA.5.2.13 OR BA.5.2.14 OR BA.5.2.16 OR BA.5.2.18 OR BA.5.2.19 OR BA.5.2.20 OR BA.5.2.21 OR BA.5.2.22 OR BA.5.2.23 OR BA.5.2.24 OR BA.5.2.25 OR BA.5.2.26 OR BA.5.2.27 OR BA.5.2.28 OR BA.5.2.29 OR BA.5.2.30 OR BA.5.2.31 OR BA.5.2.32 OR BA.5.2.33 OR BA.5.2.34 OR BA.5.2.35 OR BA.5.2.36 OR BA.5.2.37 OR BA.5.2.38 OR BA.5.2.39 OR BA.5.2.40 OR BA.5.2.41 OR BA.5.2.42 OR BA.5.2.43 OR BA.5.2.44 OR BA.5.2.45 OR BA.5.2.46 OR BA.5.2.47 OR BA.5.2.48 OR BA.5.2.49 OR BA.5.3 OR BA.5.3.1 OR BA.5.3.2 OR BA.5.3.3 OR BA.5.3.4 OR BA.5.3.5 OR BA.5.5 OR BA.5.5.1 OR BA.5.5.2 OR BA.5.5.3 OR BA.5.6 OR BA.5.6.1 OR BA.5.6.2 OR BA.5.6.3 OR BA.5.6.4 OR BA.5.7 OR BA.5.8 OR BA.5.9 OR BA.5.10 OR BA.5.10.1 OR BA.5.11 OR BC.1 OR BC.2 OR BD.1 OR BE.1 OR BE.1.1 OR BE.1.1.1 OR BE.1.1.2 OR BE.1.2 OR BE.1.2.1 OR BE.1.3 OR BE.1.4 OR BE.1.4.1 OR BE.1.4.2 OR BE.1.4.3 OR BE.1.4.4 OR BE.2 OR BE.3 OR BE.4 OR BE.4.1 OR BE.4.1.1 OR BE.4.2 OR BE.5 OR BE.6 OR BE.7 OR BE.8 OR BE.9 OR BE.10 OR BF.1 OR BF.1.1 OR BF.2 OR BF.3 OR BF.3.1 OR BF.4 OR BF.5 OR BF.5.1 OR BF.5.2 OR BF.6 OR BF.7 OR BF.7.1 OR BF.7.2 OR BF.7.3 OR BF.7.4 OR BF.7.4.1 OR BF.7.4.2 OR BF.7.5 OR BF.7.5.1 OR BF.7.6 OR BF.7.7 OR BF.7.8 OR BF.7.9 OR BF.7.10 OR BF.7.11 OR BF.7.12 OR BF.7.13 OR BF.7.13.1 OR BF.7.13.2 OR BF.7.14 OR BF.7.15 OR BF.8 OR BF.9 OR BF.10 OR BF.10.1 OR BF.11 OR BF.11.1 OR BF.11.2 OR BF.11.3 OR BF.11.4 OR BF.11.5 OR BF.12 OR BF.13 OR BF.14 OR BF.15 OR BF.16 OR BF.17 OR BF.18 OR BF.19 OR BF.20 OR BF.21 OR BF.22 OR BF.23 OR BF.24 OR BF.25 OR BF.26 OR BF.27 OR BF.28 OR BF.29 OR BF.30 OR BF.31 OR BF.31.1 OR BF.32 OR BF.33 OR BF.34 OR BG.1 OR BG.2 OR BG.3 OR BG.4 OR BG.5 OR BG.6 OR BG.7 OR BH.1 OR BJ.1 OR BK.1 OR BL.1 OR BL.1.1 OR BL.1.2 OR BL.1.3 OR BL.1.4 OR BL.2 OR BL.2.1 OR BL.3 OR BL.4 OR BL.5 OR BL.6 OR BM.1 OR BM.1.1 OR BM.1.1.1 OR BM.1.1.2 OR BM.1.1.3 OR BM.1.1.4 OR BM.1.1.5 OR BM.2 OR BM.2.1 OR BM.2.2 OR BM.2.3 OR BM.3 OR BM.4 OR BM.4.1 OR BM.4.1.1 OR BM.5 OR BM.6 OR BN.1 OR BN.1.1 OR BN.1.1.1 OR BN.1.2 OR BN.1.2.1 OR BN.1.3 OR BN.1.3.1 OR BN.1.3.2 OR BN.1.3.3 OR BN.1.3.4 OR BN.1.4 OR BN.1.4.1 OR BN.1.5 OR BN.1.5.1 OR BN.1.6 OR BN.1.7 OR BN.1.8 OR BN.1.9 OR BN.2 OR BN.2.1 OR BN.3 OR BN.3.1 OR BN.4 OR BN.5 OR BN.6 OR BP.1 OR BQ.1 OR BQ.1.1 OR BQ.1.1.1 OR BQ.1.1.2 OR BQ.1.1.3 OR BQ.1.1.4 OR BQ.1.1.5 OR BQ.1.1.6 OR BQ.1.1.7 OR BQ.1.1.8 OR BQ.1.1.9 OR BQ.1.1.10 OR BQ.1.1.11 OR BQ.1.1.12 OR BQ.1.1.13 OR BQ.1.1.14 OR BQ.1.1.15 OR BQ.1.1.16 OR BQ.1.1.17 OR BQ.1.1.18 OR BQ.1.1.19 OR BQ.1.1.20 OR BQ.1.1.21 OR BQ.1.1.22 OR BQ.1.1.23 OR BQ.1.1.24 OR BQ.1.1.25 OR BQ.1.1.26 OR BQ.1.1.27 OR BQ.1.1.28 OR BQ.1.1.29 OR BQ.1.1.30 OR BQ.1.1.31 OR BQ.1.1.32 OR BQ.1.1.34 OR BQ.1.1.35 OR BQ.1.1.36 OR BQ.1.2 OR BQ.1.3 OR BQ.1.4 OR BQ.1.5 OR BQ.1.6 OR BQ.1.7 OR BQ.1.8 OR BQ.1.8.1 OR BQ.1.8.2 OR BQ.1.9 OR BQ.1.10 OR BQ.1.10.1 OR BQ.1.11 OR BQ.1.12 OR BQ.1.13 OR BQ.1.13.1 OR BQ.1.14 OR BQ.1.15 OR BQ.1.16 OR BQ.1.17 OR BQ.1.18 OR BQ.1.19 OR BQ.1.20 OR BQ.1.21 OR BQ.1.22 OR BQ.1.23 OR BQ.1.24 OR BQ.1.25 OR BQ.1.25.1 OR BQ.1.26 OR BQ.1.26.1 OR BQ.1.27 OR BQ.1.28 OR BQ.2 OR BR.1 OR BR.1.1 OR BR.1.2 OR BR.2 OR BR.2.1 OR BR.3 OR BR.4 OR BS.1 OR BS.1.1 OR BS.1.2 OR BT.1 OR BT.2 OR BU.1 OR BU.2 OR BU.3 OR BV.1 OR BV.2 OR BW.1 OR BW.1.1 OR BY.1 OR BY.1.1 OR BY.1.1.1 OR BY.1.2 OR BY.1.2.1 OR BZ.1 OR CA.1 OR CA.2 OR CA.3 OR CA.3.1 OR CA.4 OR CA.5 OR CA.6 OR CA.7 OR CB.1 OR CC.1 OR CD.1 OR CD.2 OR CE.1 OR CF.1 OR CG.1 OR CH.1 OR CH.1.1 OR CH.1.1.1 OR CH.1.1.2 OR CH.1.1.3 OR CH.1.1.4 OR CH.1.1.5 OR CH.2 OR CH.3 OR CH.3.1 OR CJ.1 OR CJ.1.1 OR CK.1 OR CK.1.1 OR CK.1.2 OR CK.2 OR CK.2.1 OR CK.2.1.1 OR CK.3 OR CL.1 OR CM.1 OR CM.2 OR CM.2.1 OR CM.3 OR CM.4 OR CM.4.1 OR CM.5 OR CM.5.1 OR CM.5.2 OR CM.6 OR CM.6.1 OR CM.7 OR CM.8 OR CM.8.1 OR CM.9 OR CM.10 OR CM.11 OR CM.12 OR CN.1 OR CN.2 OR CP.1 OR CP.1.1 OR CP.1.2 OR CP.1.3 OR CP.2 OR CP.3 OR CP.4 OR CP.5 OR CP.6 OR CQ.1 OR CQ.1.1 OR CQ.2 OR CR.1 OR CR.1.1 OR CR.1.2 OR CR.1.3 OR CR.2 OR CS.1 OR CT.1 OR CU.1 OR CV.1 OR CV.2 OR CW.1 OR CY.1 OR CZ.1 OR DA.1 OR DB.1 OR DB.2 OR DC.1 OR DD.1 OR DE.1 OR DE.2 OR DF.1 OR DF.1.1 OR DG.1 OR DH.1 OR DJ.1 OR DJ.1.1 OR DJ.1.2 OR DJ.1.3 OR DK.1 OR DL.1 OR DM.1 OR DN.1 OR DN.1.1 OR DP.1 OR DQ.1 OR DR.1 OR DS.1 OR DT.1 OR DU.1 OR DV.1,Omicron,8.14285714285714,7.28571428571429,0.894736842105263
2022-07-04,10,8,8,6.57142857142857,0.821428571428571,0.546280678967585,0.986161766209679,B.1.1.529 OR BA.1 OR BA.1.1 OR BA.1.1.1 OR BA.1.1.2 OR BA.1.1.3 OR BA.1.1.4 OR BA.1.1.5 OR BA.1.1.6 OR BA.1.1.7 OR BA.1.1.8 OR BA.1.1.9 OR BA.1.1.10 OR BA.1.1.11 OR BA.1.1.12 OR BA.1.1.13 OR BA.1.1.14 OR BA.1.1.15 OR BA.1.1.16 OR BA.1.1.17 OR BA.1.1.18 OR BA.1.2 OR BA.1.3 OR BA.1.4 OR BA.1.5 OR BA.1.6 OR BA.1.7 OR BA.1.8 OR BA.1.9 OR BA.1.10 OR BA.1.12 OR BA.1.13 OR BA.1.13.1 OR BA.1.14 OR BA.1.14.1 OR BA.1.14.2 OR BA.1.15 OR BA.1.15.1 OR BA.1.15.2 OR BA.1.15.3 OR BA.1.16 OR BA.1.16.1 OR BA.1.16.2 OR BA.1.17 OR BA.1.17.1 OR BA.1.17.2 OR BA.1.18 OR BA.1.19 OR BA.1.20 OR BA.1.21 OR BA.1.21.1 OR BA.1.22 OR BA.1.23 OR BA.1.24 OR BA.2 OR BA.2.1 OR BA.2.2 OR BA.2.2.1 OR BA.2.3 OR BA.2.3.1 OR BA.2.3.2 OR BA.2.3.4 OR BA.2.3.5 OR BA.2.3.6 OR BA.2.3.7 OR BA.2.3.8 OR BA.2.3.9 OR BA.2.3.10 OR BA.2.3.11 OR BA.2.3.12 OR BA.2.3.13 OR BA.2.3.14 OR BA.2.3.15 OR BA.2.3.16 OR BA.2.3.17 OR BA.2.3.18 OR BA.2.3.19 OR BA.2.3.20 OR BA.2.3.21 OR BA.2.3.22 OR BA.2.4 OR BA.2.5 OR BA.2.6 OR BA.2.7 OR BA.2.8 OR BA.2.9 OR BA.2.9.1 OR BA.2.9.2 OR BA.2.9.3 OR BA.2.9.4 OR BA.2.9.5 OR BA.2.9.6 OR BA.2.9.7 OR BA.2.10 OR BA.2.10.1 OR BA.2.10.2 OR BA.2.10.3 OR BA.2.10.4 OR BA.2.11 OR BA.2.12 OR BA.2.12.1 OR BA.2.12.2 OR BA.2.13 OR BA.2.13.1 OR BA.2.14 OR BA.2.15 OR BA.2.16 OR BA.2.17 OR BA.2.18 OR BA.2.19 OR BA.2.20 OR BA.2.21 OR BA.2.22 OR BA.2.23 OR BA.2.23.1 OR BA.2.24 OR BA.2.25 OR BA.2.25.1 OR BA.2.26 OR BA.2.27 OR BA.2.28 OR BA.2.29 OR BA.2.30 OR BA.2.31 OR BA.2.31.1 OR BA.2.32 OR BA.2.33 OR BA.2.34 OR BA.2.35 OR BA.2.36 OR BA.2.37 OR BA.2.38 OR BA.2.38.1 OR BA.2.38.2 OR BA.2.38.3 OR BA.2.38.4 OR BA.2.39 OR BA.2.40 OR BA.2.40.1 OR BA.2.41 OR BA.2.42 OR BA.2.43 OR BA.2.44 OR BA.2.45 OR BA.2.46 OR BA.2.47 OR BA.2.48 OR BA.2.49 OR BA.2.50 OR BA.2.51 OR BA.2.52 OR BA.2.53 OR BA.2.54 OR BA.2.55 OR BA.2.56 OR BA.2.56.1 OR BA.2.57 OR BA.2.58 OR BA.2.59 OR BA.2.60 OR BA.2.61 OR BA.2.62 OR BA.2.63 OR BA.2.64 OR BA.2.65 OR BA.2.66 OR BA.2.67 OR BA.2.68 OR BA.2.69 OR BA.2.70 OR BA.2.71 OR BA.2.72 OR BA.2.73 OR BA.2.74 OR BA.2.75 OR BA.2.75.1 OR BA.2.75.2 OR BA.2.75.3 OR BA.2.75.4 OR BA.2.75.5 OR BA.2.75.6 OR BA.2.75.7 OR BA.2.75.8 OR BA.2.75.9 OR BA.2.75.10 OR BA.2.76 OR BA.2.76.1 OR BA.2.76.2 OR BA.2.77 OR BA.2.78 OR BA.2.79 OR BA.2.79.1 OR BA.2.80 OR BA.2.81 OR BA.2.82 OR BA.2.83 OR BA.2.85 OR BA.3 OR BA.3.1 OR BA.4 OR BA.4.1 OR BA.4.1.1 OR BA.4.1.2 OR BA.4.1.3 OR BA.4.1.4 OR BA.4.1.5 OR BA.4.1.6 OR BA.4.1.7 OR BA.4.1.8 OR BA.4.1.9 OR BA.4.1.10 OR BA.4.2 OR BA.4.3 OR BA.4.4 OR BA.4.5 OR BA.4.6 OR BA.4.6.1 OR BA.4.6.2 OR BA.4.6.3 OR BA.4.6.4 OR BA.4.6.5 OR BA.4.7 OR BA.4.8 OR BA.5 OR BA.5.1 OR BA.5.1.1 OR BA.5.1.2 OR BA.5.1.3 OR BA.5.1.4 OR BA.5.1.5 OR BA.5.1.6 OR BA.5.1.7 OR BA.5.1.8 OR BA.5.1.9 OR BA.5.1.10 OR BA.5.1.11 OR BA.5.1.12 OR BA.5.1.14 OR BA.5.1.15 OR BA.5.1.16 OR BA.5.1.17 OR BA.5.1.18 OR BA.5.1.19 OR BA.5.1.20 OR BA.5.1.21 OR BA.5.1.22 OR BA.5.1.23 OR BA.5.1.24 OR BA.5.1.25 OR BA.5.1.26 OR BA.5.1.27 OR BA.5.1.28 OR BA.5.1.29 OR BA.5.1.30 OR BA.5.1.31 OR BA.5.1.32 OR BA.5.2 OR BA.5.2.1 OR BA.5.2.2 OR BA.5.2.3 OR BA.5.2.4 OR BA.5.2.5 OR BA.5.2.6 OR BA.5.2.7 OR BA.5.2.8 OR BA.5.2.9 OR BA.5.2.10 OR BA.5.2.11 OR BA.5.2.12 OR BA.5.2.13 OR BA.5.2.14 OR BA.5.2.16 OR BA.5.2.18 OR BA.5.2.19 OR BA.5.2.20 OR BA.5.2.21 OR BA.5.2.22 OR BA.5.2.23 OR BA.5.2.24 OR BA.5.2.25 OR BA.5.2.26 OR BA.5.2.27 OR BA.5.2.28 OR BA.5.2.29 OR BA.5.2.30 OR BA.5.2.31 OR BA.5.2.32 OR BA.5.2.33 OR BA.5.2.34 OR BA.5.2.35 OR BA.5.2.36 OR BA.5.2.37 OR BA.5.2.38 OR BA.5.2.39 OR BA.5.2.40 OR BA.5.2.41 OR BA.5.2.42 OR BA.5.2.43 OR BA.5.2.44 OR BA.5.2.45 OR BA.5.2.46 OR BA.5.2.47 OR BA.5.2.48 OR BA.5.2.49 OR BA.5.3 OR BA.5.3.1 OR BA.5.3.2 OR BA.5.3.3 OR BA.5.3.4 OR BA.5.3.5 OR BA.5.5 OR BA.5.5.1 OR BA.5.5.2 OR BA.5.5.3 OR BA.5.6 OR BA.5.6.1 OR BA.5.6.2 OR BA.5.6.3 OR BA.5.6.4 OR BA.5.7 OR BA.5.8 OR BA.5.9 OR BA.5.10 OR BA.5.10.1 OR BA.5.11 OR BC.1 OR BC.2 OR BD.1 OR BE.1 OR BE.1.1 OR BE.1.1.1 OR BE.1.1.2 OR BE.1.2 OR BE.1.2.1 OR BE.1.3 OR BE.1.4 OR BE.1.4.1 OR BE.1.4.2 OR BE.1.4.3 OR BE.1.4.4 OR BE.2 OR BE.3 OR BE.4 OR BE.4.1 OR BE.4.1.1 OR BE.4.2 OR BE.5 OR BE.6 OR BE.7 OR BE.8 OR BE.9 OR BE.10 OR BF.1 OR BF.1.1 OR BF.2 OR BF.3 OR BF.3.1 OR BF.4 OR BF.5 OR BF.5.1 OR BF.5.2 OR BF.6 OR BF.7 OR BF.7.1 OR BF.7.2 OR BF.7.3 OR BF.7.4 OR BF.7.4.1 OR BF.7.4.2 OR BF.7.5 OR BF.7.5.1 OR BF.7.6 OR BF.7.7 OR BF.7.8 OR BF.7.9 OR BF.7.10 OR BF.7.11 OR BF.7.12 OR BF.7.13 OR BF.7.13.1 OR BF.7.13.2 OR BF.7.14 OR BF.7.15 OR BF.8 OR BF.9 OR BF.10 OR BF.10.1 OR BF.11 OR BF.11.1 OR BF.11.2 OR BF.11.3 OR BF.11.4 OR BF.11.5 OR BF.12 OR BF.13 OR BF.14 OR BF.15 OR BF.16 OR BF.17 OR BF.18 OR BF.19 OR BF.20 OR BF.21 OR BF.22 OR BF.23 OR BF.24 OR BF.25 OR BF.26 OR BF.27 OR BF.28 OR BF.29 OR BF.30 OR BF.31 OR BF.31.1 OR BF.32 OR BF.33 OR BF.34 OR BG.1 OR BG.2 OR BG.3 OR BG.4 OR BG.5 OR BG.6 OR BG.7 OR BH.1 OR BJ.1 OR BK.1 OR BL.1 OR BL.1.1 OR BL.1.2 OR BL.1.3 OR BL.1.4 OR BL.2 OR BL.2.1 OR BL.3 OR BL.4 OR BL.5 OR BL.6 OR BM.1 OR BM.1.1 OR BM.1.1.1 OR BM.1.1.2 OR BM.1.1.3 OR BM.1.1.4 OR BM.1.1.5 OR BM.2 OR BM.2.1 OR BM.2.2 OR BM.2.3 OR BM.3 OR BM.4 OR BM.4.1 OR BM.4.1.1 OR BM.5 OR BM.6 OR BN.1 OR BN.1.1 OR BN.1.1.1 OR BN.1.2 OR BN.1.2.1 OR BN.1.3 OR BN.1.3.1 OR BN.1.3.2 OR BN.1.3.3 OR BN.1.3.4 OR BN.1.4 OR BN.1.4.1 OR BN.1.5 OR BN.1.5.1 OR BN.1.6 OR BN.1.7 OR BN.1.8 OR BN.1.9 OR BN.2 OR BN.2.1 OR BN.3 OR BN.3.1 OR BN.4 OR BN.5 OR BN.6 OR BP.1 OR BQ.1 OR BQ.1.1 OR BQ.1.1.1 OR BQ.1.1.2 OR BQ.1.1.3 OR BQ.1.1.4 OR BQ.1.1.5 OR BQ.1.1.6 OR BQ.1.1.7 OR BQ.1.1.8 OR BQ.1.1.9 OR BQ.1.1.10 OR BQ.1.1.11 OR BQ.1.1.12 OR BQ.1.1.13 OR BQ.1.1.14 OR BQ.1.1.15 OR BQ.1.1.16 OR BQ.1.1.17 OR BQ.1.1.18 OR BQ.1.1.19 OR BQ.1.1.20 OR BQ.1.1.21 OR BQ.1.1.22 OR BQ.1.1.23 OR BQ.1.1.24 OR BQ.1.1.25 OR BQ.1.1.26 OR BQ.1.1.27 OR BQ.1.1.28 OR BQ.1.1.29 OR BQ.1.1.30 OR BQ.1.1.31 OR BQ.1.1.32 OR BQ.1.1.34 OR BQ.1.1.35 OR BQ.1.1.36 OR BQ.1.2 OR BQ.1.3 OR BQ.1.4 OR BQ.1.5 OR BQ.1.6 OR BQ.1.7 OR BQ.1.8 OR BQ.1.8.1 OR BQ.1.8.2 OR BQ.1.9 OR BQ.1.10 OR BQ.1.10.1 OR BQ.1.11 OR BQ.1.12 OR BQ.1.13 OR BQ.1.13.1 OR BQ.1.14 OR BQ.1.15 OR BQ.1.16 OR BQ.1.17 OR BQ.1.18 OR BQ.1.19 OR BQ.1.20 OR BQ.1.21 OR BQ.1.22 OR BQ.1.23 OR BQ.1.24 OR BQ.1.25 OR BQ.1.25.1 OR BQ.1.26 OR BQ.1.26.1 OR BQ.1.27 OR BQ.1.28 OR BQ.2 OR BR.1 OR BR.1.1 OR BR.1.2 OR BR.2 OR BR.2.1 OR BR.3 OR BR.4 OR BS.1 OR BS.1.1 OR BS.1.2 OR BT.1 OR BT.2 OR BU.1 OR BU.2 OR BU.3 OR BV.1 OR BV.2 OR BW.1 OR BW.1.1 OR BY.1 OR BY.1.1 OR BY.1.1.1 OR BY.1.2 OR BY.1.2.1 OR BZ.1 OR CA.1 OR CA.2 OR CA.3 OR CA.3.1 OR CA.4 OR CA.5 OR CA.6 OR CA.7 OR CB.1 OR CC.1 OR CD.1 OR CD.2 OR CE.1 OR CF.1 OR CG.1 OR CH.1 OR CH.1.1 OR CH.1.1.1 OR CH.1.1.2 OR CH.1.1.3 OR CH.1.1.4 OR CH.1.1.5 OR CH.2 OR CH.3 OR CH.3.1 OR CJ.1 OR CJ.1.1 OR CK.1 OR CK.1.1 OR CK.1.2 OR CK.2 OR CK.2.1 OR CK.2.1.1 OR CK.3 OR CL.1 OR CM.1 OR CM.2 OR CM.2.1 OR CM.3 OR CM.4 OR CM.4.1 OR CM.5 OR CM.5.1 OR CM.5.2 OR CM.6 OR CM.6.1 OR CM.7 OR CM.8 OR CM.8.1 OR CM.9 OR CM.10 OR CM.11 OR CM.12 OR CN.1 OR CN.2 OR CP.1 OR CP.1.1 OR CP.1.2 OR CP.1.3 OR CP.2 OR CP.3 OR CP.4 OR CP.5 OR CP.6 OR CQ.1 OR CQ.1.1 OR CQ.2 OR CR.1 OR CR.1.1 OR CR.1.2 OR CR.1.3 OR CR.2 OR CS.1 OR CT.1 OR CU.1 OR CV.1 OR CV.2 OR CW.1 OR CY.1 OR CZ.1 OR DA.1 OR DB.1 OR DB.2 OR DC.1 OR DD.1 OR DE.1 OR DE.2 OR DF.1 OR DF.1.1 OR DG.1 OR DH.1 OR DJ.1 OR DJ.1.1 OR DJ.1.2 OR DJ.1.3 OR DK.1 OR DL.1 OR DM.1 OR DN.1 OR DN.1.1 OR DP.1 OR DQ.1 OR DR.1 OR DS.1 OR DT.1 OR DU.1 OR DV.1,Omicron,7.57142857142857,6.64285714285714,0.877358490566038
2022-07-05,16,13,9,7.42857142857143,0.825396825396826,0.456175566880653,0.950698077023406,B.1.1.529 OR BA.1 OR BA.1.1 OR BA.1.1.1 OR BA.1.1.2 OR BA.1.1.3 OR BA.1.1.4 OR BA.1.1.5 OR BA.1.1.6 OR BA.1.1.7 OR BA.1.1.8 OR BA.1.1.9 OR BA.1.1.10 OR BA.1.1.11 OR BA.1.1.12 OR BA.1.1.13 OR BA.1.1.14 OR BA.1.1.15 OR BA.1.1.16 OR BA.1.1.17 OR BA.1.1.18 OR BA.1.2 OR BA.1.3 OR BA.1.4 OR BA.1.5 OR BA.1.6 OR BA.1.7 OR BA.1.8 OR BA.1.9 OR BA.1.10 OR BA.1.12 OR BA.1.13 OR BA.1.13.1 OR BA.1.14 OR BA.1.14.1 OR BA.1.14.2 OR BA.1.15 OR BA.1.15.1 OR BA.1.15.2 OR BA.1.15.3 OR BA.1.16 OR BA.1.16.1 OR BA.1.16.2 OR BA.1.17 OR BA.1.17.1 OR BA.1.17.2 OR BA.1.18 OR BA.1.19 OR BA.1.20 OR BA.1.21 OR BA.1.21.1 OR BA.1.22 OR BA.1.23 OR BA.1.24 OR BA.2 OR BA.2.1 OR BA.2.2 OR BA.2.2.1 OR BA.2.3 OR BA.2.3.1 OR BA.2.3.2 OR BA.2.3.4 OR BA.2.3.5 OR BA.2.3.6 OR BA.2.3.7 OR BA.2.3.8 OR BA.2.3.9 OR BA.2.3.10 OR BA.2.3.11 OR BA.2.3.12 OR BA.2.3.13 OR BA.2.3.14 OR BA.2.3.15 OR BA.2.3.16 OR BA.2.3.17 OR BA.2.3.18 OR BA.2.3.19 OR BA.2.3.20 OR BA.2.3.21 OR BA.2.3.22 OR BA.2.4 OR BA.2.5 OR BA.2.6 OR BA.2.7 OR BA.2.8 OR BA.2.9 OR BA.2.9.1 OR BA.2.9.2 OR BA.2.9.3 OR BA.2.9.4 OR BA.2.9.5 OR BA.2.9.6 OR BA.2.9.7 OR BA.2.10 OR BA.2.10.1 OR BA.2.10.2 OR BA.2.10.3 OR BA.2.10.4 OR BA.2.11 OR BA.2.12 OR BA.2.12.1 OR BA.2.12.2 OR BA.2.13 OR BA.2.13.1 OR BA.2.14 OR BA.2.15 OR BA.2.16 OR BA.2.17 OR BA.2.18 OR BA.2.19 OR BA.2.20 OR BA.2.21 OR BA.2.22 OR BA.2.23 OR BA.2.23.1 OR BA.2.24 OR BA.2.25 OR BA.2.25.1 OR BA.2.26 OR BA.2.27 OR BA.2.28 OR BA.2.29 OR BA.2.30 OR BA.2.31 OR BA.2.31.1 OR BA.2.32 OR BA.2.33 OR BA.2.34 OR BA.2.35 OR BA.2.36 OR BA.2.37 OR BA.2.38 OR BA.2.38.1 OR BA.2.38.2 OR BA.2.38.3 OR BA.2.38.4 OR BA.2.39 OR BA.2.40 OR BA.2.40.1 OR BA.2.41 OR BA.2.42 OR BA.2.43 OR BA.2.44 OR BA.2.45 OR BA.2.46 OR BA.2.47 OR BA.2.48 OR BA.2.49 OR BA.2.50 OR BA.2.51 OR BA.2.52 OR BA.2.53 OR BA.2.54 OR BA.2.55 OR BA.2.56 OR BA.2.56.1 OR BA.2.57 OR BA.2.58 OR BA.2.59 OR BA.2.60 OR BA.2.61 OR BA.2.62 OR BA.2.63 OR BA.2.64 OR BA.2.65 OR BA.2.66 OR BA.2.67 OR BA.2.68 OR BA.2.69 OR BA.2.70 OR BA.2.71 OR BA.2.72 OR BA.2.73 OR BA.2.74 OR BA.2.75 OR BA.2.75.1 OR BA.2.75.2 OR BA.2.75.3 OR BA.2.75.4 OR BA.2.75.5 OR BA.2.75.6 OR BA.2.75.7 OR BA.2.75.8 OR BA.2.75.9 OR BA.2.75.10 OR BA.2.76 OR BA.2.76.1 OR BA.2.76.2 OR BA.2.77 OR BA.2.78 OR BA.2.79 OR BA.2.79.1 OR BA.2.80 OR BA.2.81 OR BA.2.82 OR BA.2.83 OR BA.2.85 OR BA.3 OR BA.3.1 OR BA.4 OR BA.4.1 OR BA.4.1.1 OR BA.4.1.2 OR BA.4.1.3 OR BA.4.1.4 OR BA.4.1.5 OR BA.4.1.6 OR BA.4.1.7 OR BA.4.1.8 OR BA.4.1.9 OR BA.4.1.10 OR BA.4.2 OR BA.4.3 OR BA.4.4 OR BA.4.5 OR BA.4.6 OR BA.4.6.1 OR BA.4.6.2 OR BA.4.6.3 OR BA.4.6.4 OR BA.4.6.5 OR BA.4.7 OR BA.4.8 OR BA.5 OR BA.5.1 OR BA.5.1.1 OR BA.5.1.2 OR BA.5.1.3 OR BA.5.1.4 OR BA.5.1.5 OR BA.5.1.6 OR BA.5.1.7 OR BA.5.1.8 OR BA.5.1.9 OR BA.5.1.10 OR BA.5.1.11 OR BA.5.1.12 OR BA.5.1.14 OR BA.5.1.15 OR BA.5.1.16 OR BA.5.1.17 OR BA.5.1.18 OR BA.5.1.19 OR BA.5.1.20 OR BA.5.1.21 OR BA.5.1.22 OR BA.5.1.23 OR BA.5.1.24 OR BA.5.1.25 OR BA.5.1.26 OR BA.5.1.27 OR BA.5.1.28 OR BA.5.1.29 OR BA.5.1.30 OR BA.5.1.31 OR BA.5.1.32 OR BA.5.2 OR BA.5.2.1 OR BA.5.2.2 OR BA.5.2.3 OR BA.5.2.4 OR BA.5.2.5 OR BA.5.2.6 OR BA.5.2.7 OR BA.5.2.8 OR BA.5.2.9 OR BA.5.2.10 OR BA.5.2.11 OR BA.5.2.12 OR BA.5.2.13 OR BA.5.2.14 OR BA.5.2.16 OR BA.5.2.18 OR BA.5.2.19 OR BA.5.2.20 OR BA.5.2.21 OR BA.5.2.22 OR BA.5.2.23 OR BA.5.2.24 OR BA.5.2.25 OR BA.5.2.26 OR BA.5.2.27 OR BA.5.2.28 OR BA.5.2.29 OR BA.5.2.30 OR BA.5.2.31 OR BA.5.2.32 OR BA.5.2.33 OR BA.5.2.34 OR BA.5.2.35 OR BA.5.2.36 OR BA.5.2.37 OR BA.5.2.38 OR BA.5.2.39 OR BA.5.2.40 OR BA.5.2.41 OR BA.5.2.42 OR BA.5.2.43 OR BA.5.2.44 OR BA.5.2.45 OR BA.5.2.46 OR BA.5.2.47 OR BA.5.2.48 OR BA.5.2.49 OR BA.5.3 OR BA.5.3.1 OR BA.5.3.2 OR BA.5.3.3 OR BA.5.3.4 OR BA.5.3.5 OR BA.5.5 OR BA.5.5.1 OR BA.5.5.2 OR BA.5.5.3 OR BA.5.6 OR BA.5.6.1 OR BA.5.6.2 OR BA.5.6.3 OR BA.5.6.4 OR BA.5.7 OR BA.5.8 OR BA.5.9 OR BA.5.10 OR BA.5.10.1 OR BA.5.11 OR BC.1 OR BC.2 OR BD.1 OR BE.1 OR BE.1.1 OR BE.1.1.1 OR BE.1.1.2 OR BE.1.2 OR BE.1.2.1 OR BE.1.3 OR BE.1.4 OR BE.1.4.1 OR BE.1.4.2 OR BE.1.4.3 OR BE.1.4.4 OR BE.2 OR BE.3 OR BE.4 OR BE.4.1 OR BE.4.1.1 OR BE.4.2 OR BE.5 OR BE.6 OR BE.7 OR BE.8 OR BE.9 OR BE.10 OR BF.1 OR BF.1.1 OR BF.2 OR BF.3 OR BF.3.1 OR BF.4 OR BF.5 OR BF.5.1 OR BF.5.2 OR BF.6 OR BF.7 OR BF.7.1 OR BF.7.2 OR BF.7.3 OR BF.7.4 OR BF.7.4.1 OR BF.7.4.2 OR BF.7.5 OR BF.7.5.1 OR BF.7.6 OR BF.7.7 OR BF.7.8 OR BF.7.9 OR BF.7.10 OR BF.7.11 OR BF.7.12 OR BF.7.13 OR BF.7.13.1 OR BF.7.13.2 OR BF.7.14 OR BF.7.15 OR BF.8 OR BF.9 OR BF.10 OR BF.10.1 OR BF.11 OR BF.11.1 OR BF.11.2 OR BF.11.3 OR BF.11.4 OR BF.11.5 OR BF.12 OR BF.13 OR BF.14 OR BF.15 OR BF.16 OR BF.17 OR BF.18 OR BF.19 OR BF.20 OR BF.21 OR BF.22 OR BF.23 OR BF.24 OR BF.25 OR BF.26 OR BF.27 OR BF.28 OR BF.29 OR BF.30 OR BF.31 OR BF.31.1 OR BF.32 OR BF.33 OR BF.34 OR BG.1 OR BG.2 OR BG.3 OR BG.4 OR BG.5 OR BG.6 OR BG.7 OR BH.1 OR BJ.1 OR BK.1 OR BL.1 OR BL.1.1 OR BL.1.2 OR BL.1.3 OR BL.1.4 OR BL.2 OR BL.2.1 OR BL.3 OR BL.4 OR BL.5 OR BL.6 OR BM.1 OR BM.1.1 OR BM.1.1.1 OR BM.1.1.2 OR BM.1.1.3 OR BM.1.1.4 OR BM.1.1.5 OR BM.2 OR BM.2.1 OR BM.2.2 OR BM.2.3 OR BM.3 OR BM.4 OR BM.4.1 OR BM.4.1.1 OR BM.5 OR BM.6 OR BN.1 OR BN.1.1 OR BN.1.1.1 OR BN.1.2 OR BN.1.2.1 OR BN.1.3 OR BN.1.3.1 OR BN.1.3.2 OR BN.1.3.3 OR BN.1.3.4 OR BN.1.4 OR BN.1.4.1 OR BN.1.5 OR BN.1.5.1 OR BN.1.6 OR BN.1.7 OR BN.1.8 OR BN.1.9 OR BN.2 OR BN.2.1 OR BN.3 OR BN.3.1 OR BN.4 OR BN.5 OR BN.6 OR BP.1 OR BQ.1 OR BQ.1.1 OR BQ.1.1.1 OR BQ.1.1.2 OR BQ.1.1.3 OR BQ.1.1.4 OR BQ.1.1.5 OR BQ.1.1.6 OR BQ.1.1.7 OR BQ.1.1.8 OR BQ.1.1.9 OR BQ.1.1.10 OR BQ.1.1.11 OR BQ.1.1.12 OR BQ.1.1.13 OR BQ.1.1.14 OR BQ.1.1.15 OR BQ.1.1.16 OR BQ.1.1.17 OR BQ.1.1.18 OR BQ.1.1.19 OR BQ.1.1.20 OR BQ.1.1.21 OR BQ.1.1.22 OR BQ.1.1.23 OR BQ.1.1.24 OR BQ.1.1.25 OR BQ.1.1.26 OR BQ.1.1.27 OR BQ.1.1.28 OR BQ.1.1.29 OR BQ.1.1.30 OR BQ.1.1.31 OR BQ.1.1.32 OR BQ.1.1.34 OR BQ.1.1.35 OR BQ.1.1.36 OR BQ.1.2 OR BQ.1.3 OR BQ.1.4 OR BQ.1.5 OR BQ.1.6 OR BQ.1.7 OR BQ.1.8 OR BQ.1.8.1 OR BQ.1.8.2 OR BQ.1.9 OR BQ.1.10 OR BQ.1.10.1 OR BQ.1.11 OR BQ.1.12 OR BQ.1.13 OR BQ.1.13.1 OR BQ.1.14 OR BQ.1.15 OR BQ.1.16 OR BQ.1.17 OR BQ.1.18 OR BQ.1.19 OR BQ.1.20 OR BQ.1.21 OR BQ.1.22 OR BQ.1.23 OR BQ.1.24 OR BQ.1.25 OR BQ.1.25.1 OR BQ.1.26 OR BQ.1.26.1 OR BQ.1.27 OR BQ.1.28 OR BQ.2 OR BR.1 OR BR.1.1 OR BR.1.2 OR BR.2 OR BR.2.1 OR BR.3 OR BR.4 OR BS.1 OR BS.1.1 OR BS.1.2 OR BT.1 OR BT.2 OR BU.1 OR BU.2 OR BU.3 OR BV.1 OR BV.2 OR BW.1 OR BW.1.1 OR BY.1 OR BY.1.1 OR BY.1.1.1 OR BY.1.2 OR BY.1.2.1 OR BZ.1 OR CA.1 OR CA.2 OR CA.3 OR CA.3.1 OR CA.4 OR CA.5 OR CA.6 OR CA.7 OR CB.1 OR CC.1 OR CD.1 OR CD.2 OR CE.1 OR CF.1 OR CG.1 OR CH.1 OR CH.1.1 OR CH.1.1.1 OR CH.1.1.2 OR CH.1.1.3 OR CH.1.1.4 OR CH.1.1.5 OR CH.2 OR CH.3 OR CH.3.1 OR CJ.1 OR CJ.1.1 OR CK.1 OR CK.1.1 OR CK.1.2 OR CK.2 OR CK.2.1 OR CK.2.1.1 OR CK.3 OR CL.1 OR CM.1 OR CM.2 OR CM.2.1 OR CM.3 OR CM.4 OR CM.4.1 OR CM.5 OR CM.5.1 OR CM.5.2 OR CM.6 OR CM.6.1 OR CM.7 OR CM.8 OR CM.8.1 OR CM.9 OR CM.10 OR CM.11 OR CM.12 OR CN.1 OR CN.2 OR CP.1 OR CP.1.1 OR CP.1.2 OR CP.1.3 OR CP.2 OR CP.3 OR CP.4 OR CP.5 OR CP.6 OR CQ.1 OR CQ.1.1 OR CQ.2 OR CR.1 OR CR.1.1 OR CR.1.2 OR CR.1.3 OR CR.2 OR CS.1 OR CT.1 OR CU.1 OR CV.1 OR CV.2 OR CW.1 OR CY.1 OR CZ.1 OR DA.1 OR DB.1 OR DB.2 OR DC.1 OR DD.1 OR DE.1 OR DE.2 OR DF.1 OR DF.1.1 OR DG.1 OR DH.1 OR DJ.1 OR DJ.1.1 OR DJ.1.2 OR DJ.1.3 OR DK.1 OR DL.1 OR DM.1 OR DN.1 OR DN.1.1 OR DP.1 OR DQ.1 OR DR.1 OR DS.1 OR DT.1 OR DU.1 OR DV.1,Omicron,8.14285714285714,7,0.859649122807018
2022-07-06,25,21,11.5714285714286,9.57142857142857,0.82716049382716,0.563752064063617,0.963662243601328,B.1.1.529 OR BA.1 OR BA.1.1 OR BA.1.1.1 OR BA.1.1.2 OR BA.1.1.3 OR BA.1.1.4 OR BA.1.1.5 OR BA.1.1.6 OR BA.1.1.7 OR BA.1.1.8 OR BA.1.1.9 OR BA.1.1.10 OR BA.1.1.11 OR BA.1.1.12 OR BA.1.1.13 OR BA.1.1.14 OR BA.1.1.15 OR BA.1.1.16 OR BA.1.1.17 OR BA.1.1.18 OR BA.1.2 OR BA.1.3 OR BA.1.4 OR BA.1.5 OR BA.1.6 OR BA.1.7 OR BA.1.8 OR BA.1.9 OR BA.1.10 OR BA.1.12 OR BA.1.13 OR BA.1.13.1 OR BA.1.14 OR BA.1.14.1 OR BA.1.14.2 OR BA.1.15 OR BA.1.15.1 OR BA.1.15.2 OR BA.1.15.3 OR BA.1.16 OR BA.1.16.1 OR BA.1.16.2 OR BA.1.17 OR BA.1.17.1 OR BA.1.17.2 OR BA.1.18 OR BA.1.19 OR BA.1.20 OR BA.1.21 OR BA.1.21.1 OR BA.1.22 OR BA.1.23 OR BA.1.24 OR BA.2 OR BA.2.1 OR BA.2.2 OR BA.2.2.1 OR BA.2.3 OR BA.2.3.1 OR BA.2.3.2 OR BA.2.3.4 OR BA.2.3.5 OR BA.2.3.6 OR BA.2.3.7 OR BA.2.3.8 OR BA.2.3.9 OR BA.2.3.10 OR BA.2.3.11 OR BA.2.3.12 OR BA.2.3.13 OR BA.2.3.14 OR BA.2.3.15 OR BA.2.3.16 OR BA.2.3.17 OR BA.2.3.18 OR BA.2.3.19 OR BA.2.3.20 OR BA.2.3.21 OR BA.2.3.22 OR BA.2.4 OR BA.2.5 OR BA.2.6 OR BA.2.7 OR BA.2.8 OR BA.2.9 OR BA.2.9.1 OR BA.2.9.2 OR BA.2.9.3 OR BA.2.9.4 OR BA.2.9.5 OR BA.2.9.6 OR BA.2.9.7 OR BA.2.10 OR BA.2.10.1 OR BA.2.10.2 OR BA.2.10.3 OR BA.2.10.4 OR BA.2.11 OR BA.2.12 OR BA.2.12.1 OR BA.2.12.2 OR BA.2.13 OR BA.2.13.1 OR BA.2.14 OR BA.2.15 OR BA.2.16 OR BA.2.17 OR BA.2.18 OR BA.2.19 OR BA.2.20 OR BA.2.21 OR BA.2.22 OR BA.2.23 OR BA.2.23.1 OR BA.2.24 OR BA.2.25 OR BA.2.25.1 OR BA.2.26 OR BA.2.27 OR BA.2.28 OR BA.2.29 OR BA.2.30 OR BA.2.31 OR BA.2.31.1 OR BA.2.32 OR BA.2.33 OR BA.2.34 OR BA.2.35 OR BA.2.36 OR BA.2.37 OR BA.2.38 OR BA.2.38.1 OR BA.2.38.2 OR BA.2.38.3 OR BA.2.38.4 OR BA.2.39 OR BA.2.40 OR BA.2.40.1 OR BA.2.41 OR BA.2.42 OR BA.2.43 OR BA.2.44 OR BA.2.45 OR BA.2.46 OR BA.2.47 OR BA.2.48 OR BA.2.49 OR BA.2.50 OR BA.2.51 OR BA.2.52 OR BA.2.53 OR BA.2.54 OR BA.2.55 OR BA.2.56 OR BA.2.56.1 OR BA.2.57 OR BA.2.58 OR BA.2.59 OR BA.2.60 OR BA.2.61 OR BA.2.62 OR BA.2.63 OR BA.2.64 OR BA.2.65 OR BA.2.66 OR BA.2.67 OR BA.2.68 OR BA.2.69 OR BA.2.70 OR BA.2.71 OR BA.2.72 OR BA.2.73 OR BA.2.74 OR BA.2.75 OR BA.2.75.1 OR BA.2.75.2 OR BA.2.75.3 OR BA.2.75.4 OR BA.2.75.5 OR BA.2.75.6 OR BA.2.75.7 OR BA.2.75.8 OR BA.2.75.9 OR BA.2.75.10 OR BA.2.76 OR BA.2.76.1 OR BA.2.76.2 OR BA.2.77 OR BA.2.78 OR BA.2.79 OR BA.2.79.1 OR BA.2.80 OR BA.2.81 OR BA.2.82 OR BA.2.83 OR BA.2.85 OR BA.3 OR BA.3.1 OR BA.4 OR BA.4.1 OR BA.4.1.1 OR BA.4.1.2 OR BA.4.1.3 OR BA.4.1.4 OR BA.4.1.5 OR BA.4.1.6 OR BA.4.1.7 OR BA.4.1.8 OR BA.4.1.9 OR BA.4.1.10 OR BA.4.2 OR BA.4.3 OR BA.4.4 OR BA.4.5 OR BA.4.6 OR BA.4.6.1 OR BA.4.6.2 OR BA.4.6.3 OR BA.4.6.4 OR BA.4.6.5 OR BA.4.7 OR BA.4.8 OR BA.5 OR BA.5.1 OR BA.5.1.1 OR BA.5.1.2 OR BA.5.1.3 OR BA.5.1.4 OR BA.5.1.5 OR BA.5.1.6 OR BA.5.1.7 OR BA.5.1.8 OR BA.5.1.9 OR BA.5.1.10 OR BA.5.1.11 OR BA.5.1.12 OR BA.5.1.14 OR BA.5.1.15 OR BA.5.1.16 OR BA.5.1.17 OR BA.5.1.18 OR BA.5.1.19 OR BA.5.1.20 OR BA.5.1.21 OR BA.5.1.22 OR BA.5.1.23 OR BA.5.1.24 OR BA.5.1.25 OR BA.5.1.26 OR BA.5.1.27 OR BA.5.1.28 OR BA.5.1.29 OR BA.5.1.30 OR BA.5.1.31 OR BA.5.1.32 OR BA.5.2 OR BA.5.2.1 OR BA.5.2.2 OR BA.5.2.3 OR BA.5.2.4 OR BA.5.2.5 OR BA.5.2.6 OR BA.5.2.7 OR BA.5.2.8 OR BA.5.2.9 OR BA.5.2.10 OR BA.5.2.11 OR BA.5.2.12 OR BA.5.2.13 OR BA.5.2.14 OR BA.5.2.16 OR BA.5.2.18 OR BA.5.2.19 OR BA.5.2.20 OR BA.5.2.21 OR BA.5.2.22 OR BA.5.2.23 OR BA.5.2.24 OR BA.5.2.25 OR BA.5.2.26 OR BA.5.2.27 OR BA.5.2.28 OR BA.5.2.29 OR BA.5.2.30 OR BA.5.2.31 OR BA.5.2.32 OR BA.5.2.33 OR BA.5.2.34 OR BA.5.2.35 OR BA.5.2.36 OR BA.5.2.37 OR BA.5.2.38 OR BA.5.2.39 OR BA.5.2.40 OR BA.5.2.41 OR BA.5.2.42 OR BA.5.2.43 OR BA.5.2.44 OR BA.5.2.45 OR BA.5.2.46 OR BA.5.2.47 OR BA.5.2.48 OR BA.5.2.49 OR BA.5.3 OR BA.5.3.1 OR BA.5.3.2 OR BA.5.3.3 OR BA.5.3.4 OR BA.5.3.5 OR BA.5.5 OR BA.5.5.1 OR BA.5.5.2 OR BA.5.5.3 OR BA.5.6 OR BA.5.6.1 OR BA.5.6.2 OR BA.5.6.3 OR BA.5.6.4 OR BA.5.7 OR BA.5.8 OR BA.5.9 OR BA.5.10 OR BA.5.10.1 OR BA.5.11 OR BC.1 OR BC.2 OR BD.1 OR BE.1 OR BE.1.1 OR BE.1.1.1 OR BE.1.1.2 OR BE.1.2 OR BE.1.2.1 OR BE.1.3 OR BE.1.4 OR BE.1.4.1 OR BE.1.4.2 OR BE.1.4.3 OR BE.1.4.4 OR BE.2 OR BE.3 OR BE.4 OR BE.4.1 OR BE.4.1.1 OR BE.4.2 OR BE.5 OR BE.6 OR BE.7 OR BE.8 OR BE.9 OR BE.10 OR BF.1 OR BF.1.1 OR BF.2 OR BF.3 OR BF.3.1 OR BF.4 OR BF.5 OR BF.5.1 OR BF.5.2 OR BF.6 OR BF.7 OR BF.7.1 OR BF.7.2 OR BF.7.3 OR BF.7.4 OR BF.7.4.1 OR BF.7.4.2 OR BF.7.5 OR BF.7.5.1 OR BF.7.6 OR BF.7.7 OR BF.7.8 OR BF.7.9 OR BF.7.10 OR BF.7.11 OR BF.7.12 OR BF.7.13 OR BF.7.13.1 OR BF.7.13.2 OR BF.7.14 OR BF.7.15 OR BF.8 OR BF.9 OR BF.10 OR BF.10.1 OR BF.11 OR BF.11.1 OR BF.11.2 OR BF.11.3 OR BF.11.4 OR BF.11.5 OR BF.12 OR BF.13 OR BF.14 OR BF.15 OR BF.16 OR BF.17 OR BF.18 OR BF.19 OR BF.20 OR BF.21 OR BF.22 OR BF.23 OR BF.24 OR BF.25 OR BF.26 OR BF.27 OR BF.28 OR BF.29 OR BF.30 OR BF.31 OR BF.31.1 OR BF.32 OR BF.33 OR BF.34 OR BG.1 OR BG.2 OR BG.3 OR BG.4 OR BG.5 OR BG.6 OR BG.7 OR BH.1 OR BJ.1 OR BK.1 OR BL.1 OR BL.1.1 OR BL.1.2 OR BL.1.3 OR BL.1.4 OR BL.2 OR BL.2.1 OR BL.3 OR BL.4 OR BL.5 OR BL.6 OR BM.1 OR BM.1.1 OR BM.1.1.1 OR BM.1.1.2 OR BM.1.1.3 OR BM.1.1.4 OR BM.1.1.5 OR BM.2 OR BM.2.1 OR BM.2.2 OR BM.2.3 OR BM.3 OR BM.4 OR BM.4.1 OR BM.4.1.1 OR BM.5 OR BM.6 OR BN.1 OR BN.1.1 OR BN.1.1.1 OR BN.1.2 OR BN.1.2.1 OR BN.1.3 OR BN.1.3.1 OR BN.1.3.2 OR BN.1.3.3 OR BN.1.3.4 OR BN.1.4 OR BN.1.4.1 OR BN.1.5 OR BN.1.5.1 OR BN.1.6 OR BN.1.7 OR BN.1.8 OR BN.1.9 OR BN.2 OR BN.2.1 OR BN.3 OR BN.3.1 OR BN.4 OR BN.5 OR BN.6 OR BP.1 OR BQ.1 OR BQ.1.1 OR BQ.1.1.1 OR BQ.1.1.2 OR BQ.1.1.3 OR BQ.1.1.4 OR BQ.1.1.5 OR BQ.1.1.6 OR BQ.1.1.7 OR BQ.1.1.8 OR BQ.1.1.9 OR BQ.1.1.10 OR BQ.1.1.11 OR BQ.1.1.12 OR BQ.1.1.13 OR BQ.1.1.14 OR BQ.1.1.15 OR BQ.1.1.16 OR BQ.1.1.17 OR BQ.1.1.18 OR BQ.1.1.19 OR BQ.1.1.20 OR BQ.1.1.21 OR BQ.1.1.22 OR BQ.1.1.23 OR BQ.1.1.24 OR BQ.1.1.25 OR BQ.1.1.26 OR BQ.1.1.27 OR BQ.1.1.28 OR BQ.1.1.29 OR BQ.1.1.30 OR BQ.1.1.31 OR BQ.1.1.32 OR BQ.1.1.34 OR BQ.1.1.35 OR BQ.1.1.36 OR BQ.1.2 OR BQ.1.3 OR BQ.1.4 OR BQ.1.5 OR BQ.1.6 OR BQ.1.7 OR BQ.1.8 OR BQ.1.8.1 OR BQ.1.8.2 OR BQ.1.9 OR BQ.1.10 OR BQ.1.10.1 OR BQ.1.11 OR BQ.1.12 OR BQ.1.13 OR BQ.1.13.1 OR BQ.1.14 OR BQ.1.15 OR BQ.1.16 OR BQ.1.17 OR BQ.1.18 OR BQ.1.19 OR BQ.1.20 OR BQ.1.21 OR BQ.1.22 OR BQ.1.23 OR BQ.1.24 OR BQ.1.25 OR BQ.1.25.1 OR BQ.1.26 OR BQ.1.26.1 OR BQ.1.27 OR BQ.1.28 OR BQ.2 OR BR.1 OR BR.1.1 OR BR.1.2 OR BR.2 OR BR.2.1 OR BR.3 OR BR.4 OR BS.1 OR BS.1.1 OR BS.1.2 OR BT.1 OR BT.2 OR BU.1 OR BU.2 OR BU.3 OR BV.1 OR BV.2 OR BW.1 OR BW.1.1 OR BY.1 OR BY.1.1 OR BY.1.1.1 OR BY.1.2 OR BY.1.2.1 OR BZ.1 OR CA.1 OR CA.2 OR CA.3 OR CA.3.1 OR CA.4 OR CA.5 OR CA.6 OR CA.7 OR CB.1 OR CC.1 OR CD.1 OR CD.2 OR CE.1 OR CF.1 OR CG.1 OR CH.1 OR CH.1.1 OR CH.1.1.1 OR CH.1.1.2 OR CH.1.1.3 OR CH.1.1.4 OR CH.1.1.5 OR CH.2 OR CH.3 OR CH.3.1 OR CJ.1 OR CJ.1.1 OR CK.1 OR CK.1.1 OR CK.1.2 OR CK.2 OR CK.2.1 OR CK.2.1.1 OR CK.3 OR CL.1 OR CM.1 OR CM.2 OR CM.2.1 OR CM.3 OR CM.4 OR CM.4.1 OR CM.5 OR CM.5.1 OR CM.5.2 OR CM.6 OR CM.6.1 OR CM.7 OR CM.8 OR CM.8.1 OR CM.9 OR CM.10 OR CM.11 OR CM.12 OR CN.1 OR CN.2 OR CP.1 OR CP.1.1 OR CP.1.2 OR CP.1.3 OR CP.2 OR CP.3 OR CP.4 OR CP.5 OR CP.6 OR CQ.1 OR CQ.1.1 OR CQ.2 OR CR.1 OR CR.1.1 OR CR.1.2 OR CR.1.3 OR CR.2 OR CS.1 OR CT.1 OR CU.1 OR CV.1 OR CV.2 OR CW.1 OR CY.1 OR CZ.1 OR DA.1 OR DB.1 OR DB.2 OR DC.1 OR DD.1 OR DE.1 OR DE.2 OR DF.1 OR DF.1.1 OR DG.1 OR DH.1 OR DJ.1 OR DJ.1.1 OR DJ.1.2 OR DJ.1.3 OR DK.1 OR DL.1 OR DM.1 OR DN.1 OR DN.1.1 OR DP.1 OR DQ.1 OR DR.1 OR DS.1 OR DT.1 OR DU.1 OR DV.1,Omicron,9.14285714285714,7.71428571428571,0.84375
2022-07-07,20,18,13.7142857142857,11.4285714285714,0.833333333333333,0.530976332906454,0.935664922461777,B.1.1.529 OR BA.1 OR BA.1.1 OR BA.1.1.1 OR BA.1.1.2 OR BA.1.1.3 OR BA.1.1.4 OR BA.1.1.5 OR BA.1.1.6 OR BA.1.1.7 OR BA.1.1.8 OR BA.1.1.9 OR BA.1.1.10 OR BA.1.1.11 OR BA.1.1.12 OR BA.1.1.13 OR BA.1.1.14 OR BA.1.1.15 OR BA.1.1.16 OR BA.1.1.17 OR BA.1.1.18 OR BA.1.2 OR BA.1.3 OR BA.1.4 OR BA.1.5 OR BA.1.6 OR BA.1.7 OR BA.1.8 OR BA.1.9 OR BA.1.10 OR BA.1.12 OR BA.1.13 OR BA.1.13.1 OR BA.1.14 OR BA.1.14.1 OR BA.1.14.2 OR BA.1.15 OR BA.1.15.1 OR BA.1.15.2 OR BA.1.15.3 OR BA.1.16 OR BA.1.16.1 OR BA.1.16.2 OR BA.1.17 OR BA.1.17.1 OR BA.1.17.2 OR BA.1.18 OR BA.1.19 OR BA.1.20 OR BA.1.21 OR BA.1.21.1 OR BA.1.22 OR BA.1.23 OR BA.1.24 OR BA.2 OR BA.2.1 OR BA.2.2 OR BA.2.2.1 OR BA.2.3 OR BA.2.3.1 OR BA.2.3.2 OR BA.2.3.4 OR BA.2.3.5 OR BA.2.3.6 OR BA.2.3.7 OR BA.2.3.8 OR BA.2.3.9 OR BA.2.3.10 OR BA.2.3.11 OR BA.2.3.12 OR BA.2.3.13 OR BA.2.3.14 OR BA.2.3.15 OR BA.2.3.16 OR BA.2.3.17 OR BA.2.3.18 OR BA.2.3.19 OR BA.2.3.20 OR BA.2.3.21 OR BA.2.3.22 OR BA.2.4 OR BA.2.5 OR BA.2.6 OR BA.2.7 OR BA.2.8 OR BA.2.9 OR BA.2.9.1 OR BA.2.9.2 OR BA.2.9.3 OR BA.2.9.4 OR BA.2.9.5 OR BA.2.9.6 OR BA.2.9.7 OR BA.2.10 OR BA.2.10.1 OR BA.2.10.2 OR BA.2.10.3 OR BA.2.10.4 OR BA.2.11 OR BA.2.12 OR BA.2.12.1 OR BA.2.12.2 OR BA.2.13 OR BA.2.13.1 OR BA.2.14 OR BA.2.15 OR BA.2.16 OR BA.2.17 OR BA.2.18 OR BA.2.19 OR BA.2.20 OR BA.2.21 OR BA.2.22 OR BA.2.23 OR BA.2.23.1 OR BA.2.24 OR BA.2.25 OR BA.2.25.1 OR BA.2.26 OR BA.2.27 OR BA.2.28 OR BA.2.29 OR BA.2.30 OR BA.2.31 OR BA.2.31.1 OR BA.2.32 OR BA.2.33 OR BA.2.34 OR BA.2.35 OR BA.2.36 OR BA.2.37 OR BA.2.38 OR BA.2.38.1 OR BA.2.38.2 OR BA.2.38.3 OR BA.2.38.4 OR BA.2.39 OR BA.2.40 OR BA.2.40.1 OR BA.2.41 OR BA.2.42 OR BA.2.43 OR BA.2.44 OR BA.2.45 OR BA.2.46 OR BA.2.47 OR BA.2.48 OR BA.2.49 OR BA.2.50 OR BA.2.51 OR BA.2.52 OR BA.2.53 OR BA.2.54 OR BA.2.55 OR BA.2.56 OR BA.2.56.1 OR BA.2.57 OR BA.2.58 OR BA.2.59 OR BA.2.60 OR BA.2.61 OR BA.2.62 OR BA.2.63 OR BA.2.64 OR BA.2.65 OR BA.2.66 OR BA.2.67 OR BA.2.68 OR BA.2.69 OR BA.2.70 OR BA.2.71 OR BA.2.72 OR BA.2.73 OR BA.2.74 OR BA.2.75 OR BA.2.75.1 OR BA.2.75.2 OR BA.2.75.3 OR BA.2.75.4 OR BA.2.75.5 OR BA.2.75.6 OR BA.2.75.7 OR BA.2.75.8 OR BA.2.75.9 OR BA.2.75.10 OR BA.2.76 OR BA.2.76.1 OR BA.2.76.2 OR BA.2.77 OR BA.2.78 OR BA.2.79 OR BA.2.79.1 OR BA.2.80 OR BA.2.81 OR BA.2.82 OR BA.2.83 OR BA.2.85 OR BA.3 OR BA.3.1 OR BA.4 OR BA.4.1 OR BA.4.1.1 OR BA.4.1.2 OR BA.4.1.3 OR BA.4.1.4 OR BA.4.1.5 OR BA.4.1.6 OR BA.4.1.7 OR BA.4.1.8 OR BA.4.1.9 OR BA.4.1.10 OR BA.4.2 OR BA.4.3 OR BA.4.4 OR BA.4.5 OR BA.4.6 OR BA.4.6.1 OR BA.4.6.2 OR BA.4.6.3 OR BA.4.6.4 OR BA.4.6.5 OR BA.4.7 OR BA.4.8 OR BA.5 OR BA.5.1 OR BA.5.1.1 OR BA.5.1.2 OR BA.5.1.3 OR BA.5.1.4 OR BA.5.1.5 OR BA.5.1.6 OR BA.5.1.7 OR BA.5.1.8 OR BA.5.1.9 OR BA.5.1.10 OR BA.5.1.11 OR BA.5.1.12 OR BA.5.1.14 OR BA.5.1.15 OR BA.5.1.16 OR BA.5.1.17 OR BA.5.1.18 OR BA.5.1.19 OR BA.5.1.20 OR BA.5.1.21 OR BA.5.1.22 OR BA.5.1.23 OR BA.5.1.24 OR BA.5.1.25 OR BA.5.1.26 OR BA.5.1.27 OR BA.5.1.28 OR BA.5.1.29 OR BA.5.1.30 OR BA.5.1.31 OR BA.5.1.32 OR BA.5.2 OR BA.5.2.1 OR BA.5.2.2 OR BA.5.2.3 OR BA.5.2.4 OR BA.5.2.5 OR BA.5.2.6 OR BA.5.2.7 OR BA.5.2.8 OR BA.5.2.9 OR BA.5.2.10 OR BA.5.2.11 OR BA.5.2.12 OR BA.5.2.13 OR BA.5.2.14 OR BA.5.2.16 OR BA.5.2.18 OR BA.5.2.19 OR BA.5.2.20 OR BA.5.2.21 OR BA.5.2.22 OR BA.5.2.23 OR BA.5.2.24 OR BA.5.2.25 OR BA.5.2.26 OR BA.5.2.27 OR BA.5.2.28 OR BA.5.2.29 OR BA.5.2.30 OR BA.5.2.31 OR BA.5.2.32 OR BA.5.2.33 OR BA.5.2.34 OR BA.5.2.35 OR BA.5.2.36 OR BA.5.2.37 OR BA.5.2.38 OR BA.5.2.39 OR BA.5.2.40 OR BA.5.2.41 OR BA.5.2.42 OR BA.5.2.43 OR BA.5.2.44 OR BA.5.2.45 OR BA.5.2.46 OR BA.5.2.47 OR BA.5.2.48 OR BA.5.2.49 OR BA.5.3 OR BA.5.3.1 OR BA.5.3.2 OR BA.5.3.3 OR BA.5.3.4 OR BA.5.3.5 OR BA.5.5 OR BA.5.5.1 OR BA.5.5.2 OR BA.5.5.3 OR BA.5.6 OR BA.5.6.1 OR BA.5.6.2 OR BA.5.6.3 OR BA.5.6.4 OR BA.5.7 OR BA.5.8 OR BA.5.9 OR BA.5.10 OR BA.5.10.1 OR BA.5.11 OR BC.1 OR BC.2 OR BD.1 OR BE.1 OR BE.1.1 OR BE.1.1.1 OR BE.1.1.2 OR BE.1.2 OR BE.1.2.1 OR BE.1.3 OR BE.1.4 OR BE.1.4.1 OR BE.1.4.2 OR BE.1.4.3 OR BE.1.4.4 OR BE.2 OR BE.3 OR BE.4 OR BE.4.1 OR BE.4.1.1 OR BE.4.2 OR BE.5 OR BE.6 OR BE.7 OR BE.8 OR BE.9 OR BE.10 OR BF.1 OR BF.1.1 OR BF.2 OR BF.3 OR BF.3.1 OR BF.4 OR BF.5 OR BF.5.1 OR BF.5.2 OR BF.6 OR BF.7 OR BF.7.1 OR BF.7.2 OR BF.7.3 OR BF.7.4 OR BF.7.4.1 OR BF.7.4.2 OR BF.7.5 OR BF.7.5.1 OR BF.7.6 OR BF.7.7 OR BF.7.8 OR BF.7.9 OR BF.7.10 OR BF.7.11 OR BF.7.12 OR BF.7.13 OR BF.7.13.1 OR BF.7.13.2 OR BF.7.14 OR BF.7.15 OR BF.8 OR BF.9 OR BF.10 OR BF.10.1 OR BF.11 OR BF.11.1 OR BF.11.2 OR BF.11.3 OR BF.11.4 OR BF.11.5 OR BF.12 OR BF.13 OR BF.14 OR BF.15 OR BF.16 OR BF.17 OR BF.18 OR BF.19 OR BF.20 OR BF.21 OR BF.22 OR BF.23 OR BF.24 OR BF.25 OR BF.26 OR BF.27 OR BF.28 OR BF.29 OR BF.30 OR BF.31 OR BF.31.1 OR BF.32 OR BF.33 OR BF.34 OR BG.1 OR BG.2 OR BG.3 OR BG.4 OR BG.5 OR BG.6 OR BG.7 OR BH.1 OR BJ.1 OR BK.1 OR BL.1 OR BL.1.1 OR BL.1.2 OR BL.1.3 OR BL.1.4 OR BL.2 OR BL.2.1 OR BL.3 OR BL.4 OR BL.5 OR BL.6 OR BM.1 OR BM.1.1 OR BM.1.1.1 OR BM.1.1.2 OR BM.1.1.3 OR BM.1.1.4 OR BM.1.1.5 OR BM.2 OR BM.2.1 OR BM.2.2 OR BM.2.3 OR BM.3 OR BM.4 OR BM.4.1 OR BM.4.1.1 OR BM.5 OR BM.6 OR BN.1 OR BN.1.1 OR BN.1.1.1 OR BN.1.2 OR BN.1.2.1 OR BN.1.3 OR BN.1.3.1 OR BN.1.3.2 OR BN.1.3.3 OR BN.1.3.4 OR BN.1.4 OR BN.1.4.1 OR BN.1.5 OR BN.1.5.1 OR BN.1.6 OR BN.1.7 OR BN.1.8 OR BN.1.9 OR BN.2 OR BN.2.1 OR BN.3 OR BN.3.1 OR BN.4 OR BN.5 OR BN.6 OR BP.1 OR BQ.1 OR BQ.1.1 OR BQ.1.1.1 OR BQ.1.1.2 OR BQ.1.1.3 OR BQ.1.1.4 OR BQ.1.1.5 OR BQ.1.1.6 OR BQ.1.1.7 OR BQ.1.1.8 OR BQ.1.1.9 OR BQ.1.1.10 OR BQ.1.1.11 OR BQ.1.1.12 OR BQ.1.1.13 OR BQ.1.1.14 OR BQ.1.1.15 OR BQ.1.1.16 OR BQ.1.1.17 OR BQ.1.1.18 OR BQ.1.1.19 OR BQ.1.1.20 OR BQ.1.1.21 OR BQ.1.1.22 OR BQ.1.1.23 OR BQ.1.1.24 OR BQ.1.1.25 OR BQ.1.1.26 OR BQ.1.1.27 OR BQ.1.1.28 OR BQ.1.1.29 OR BQ.1.1.30 OR BQ.1.1.31 OR BQ.1.1.32 OR BQ.1.1.34 OR BQ.1.1.35 OR BQ.1.1.36 OR BQ.1.2 OR BQ.1.3 OR BQ.1.4 OR BQ.1.5 OR BQ.1.6 OR BQ.1.7 OR BQ.1.8 OR BQ.1.8.1 OR BQ.1.8.2 OR BQ.1.9 OR BQ.1.10 OR BQ.1.10.1 OR BQ.1.11 OR BQ.1.12 OR BQ.1.13 OR BQ.1.13.1 OR BQ.1.14 OR BQ.1.15 OR BQ.1.16 OR BQ.1.17 OR BQ.1.18 OR BQ.1.19 OR BQ.1.20 OR BQ.1.21 OR BQ.1.22 OR BQ.1.23 OR BQ.1.24 OR BQ.1.25 OR BQ.1.25.1 OR BQ.1.26 OR BQ.1.26.1 OR BQ.1.27 OR BQ.1.28 OR BQ.2 OR BR.1 OR BR.1.1 OR BR.1.2 OR BR.2 OR BR.2.1 OR BR.3 OR BR.4 OR BS.1 OR BS.1.1 OR BS.1.2 OR BT.1 OR BT.2 OR BU.1 OR BU.2 OR BU.3 OR BV.1 OR BV.2 OR BW.1 OR BW.1.1 OR BY.1 OR BY.1.1 OR BY.1.1.1 OR BY.1.2 OR BY.1.2.1 OR BZ.1 OR CA.1 OR CA.2 OR CA.3 OR CA.3.1 OR CA.4 OR CA.5 OR CA.6 OR CA.7 OR CB.1 OR CC.1 OR CD.1 OR CD.2 OR CE.1 OR CF.1 OR CG.1 OR CH.1 OR CH.1.1 OR CH.1.1.1 OR CH.1.1.2 OR CH.1.1.3 OR CH.1.1.4 OR CH.1.1.5 OR CH.2 OR CH.3 OR CH.3.1 OR CJ.1 OR CJ.1.1 OR CK.1 OR CK.1.1 OR CK.1.2 OR CK.2 OR CK.2.1 OR CK.2.1.1 OR CK.3 OR CL.1 OR CM.1 OR CM.2 OR CM.2.1 OR CM.3 OR CM.4 OR CM.4.1 OR CM.5 OR CM.5.1 OR CM.5.2 OR CM.6 OR CM.6.1 OR CM.7 OR CM.8 OR CM.8.1 OR CM.9 OR CM.10 OR CM.11 OR CM.12 OR CN.1 OR CN.2 OR CP.1 OR CP.1.1 OR CP.1.2 OR CP.1.3 OR CP.2 OR CP.3 OR CP.4 OR CP.5 OR CP.6 OR CQ.1 OR CQ.1.1 OR CQ.2 OR CR.1 OR CR.1.1 OR CR.1.2 OR CR.1.3 OR CR.2 OR CS.1 OR CT.1 OR CU.1 OR CV.1 OR CV.2 OR CW.1 OR CY.1 OR CZ.1 OR DA.1 OR DB.1 OR DB.2 OR DC.1 OR DD.1 OR DE.1 OR DE.2 OR DF.1 OR DF.1.1 OR DG.1 OR DH.1 OR DJ.1 OR DJ.1.1 OR DJ.1.2 OR DJ.1.3 OR DK.1 OR DL.1 OR DM.1 OR DN.1 OR DN.1.1 OR DP.1 OR DQ.1 OR DR.1 OR DS.1 OR DT.1 OR DU.1 OR DV.1,Omicron,9.78571428571429,8.21428571428571,0.83941605839416
2022-07-08,15,15,14.4285714285714,12.2857142857143,0.851485148514852,0.615105680392638,0.969077872465246,B.1.1.529 OR BA.1 OR BA.1.1 OR BA.1.1.1 OR BA.1.1.2 OR BA.1.1.3 OR BA.1.1.4 OR BA.1.1.5 OR BA.1.1.6 OR BA.1.1.7 OR BA.1.1.8 OR BA.1.1.9 OR BA.1.1.10 OR BA.1.1.11 OR BA.1.1.12 OR BA.1.1.13 OR BA.1.1.14 OR BA.1.1.15 OR BA.1.1.16 OR BA.1.1.17 OR BA.1.1.18 OR BA.1.2 OR BA.1.3 OR BA.1.4 OR BA.1.5 OR BA.1.6 OR BA.1.7 OR BA.1.8 OR BA.1.9 OR BA.1.10 OR BA.1.12 OR BA.1.13 OR BA.1.13.1 OR BA.1.14 OR BA.1.14.1 OR BA.1.14.2 OR BA.1.15 OR BA.1.15.1 OR BA.1.15.2 OR BA.1.15.3 OR BA.1.16 OR BA.1.16.1 OR BA.1.16.2 OR BA.1.17 OR BA.1.17.1 OR BA.1.17.2 OR BA.1.18 OR BA.1.19 OR BA.1.20 OR BA.1.21 OR BA.1.21.1 OR BA.1.22 OR BA.1.23 OR BA.1.24 OR BA.2 OR BA.2.1 OR BA.2.2 OR BA.2.2.1 OR BA.2.3 OR BA.2.3.1 OR BA.2.3.2 OR BA.2.3.4 OR BA.2.3.5 OR BA.2.3.6 OR BA.2.3.7 OR BA.2.3.8 OR BA.2.3.9 OR BA.2.3.10 OR BA.2.3.11 OR BA.2.3.12 OR BA.2.3.13 OR BA.2.3.14 OR BA.2.3.15 OR BA.2.3.16 OR BA.2.3.17 OR BA.2.3.18 OR BA.2.3.19 OR BA.2.3.20 OR BA.2.3.21 OR BA.2.3.22 OR BA.2.4 OR BA.2.5 OR BA.2.6 OR BA.2.7 OR BA.2.8 OR BA.2.9 OR BA.2.9.1 OR BA.2.9.2 OR BA.2.9.3 OR BA.2.9.4 OR BA.2.9.5 OR BA.2.9.6 OR BA.2.9.7 OR BA.2.10 OR BA.2.10.1 OR BA.2.10.2 OR BA.2.10.3 OR BA.2.10.4 OR BA.2.11 OR BA.2.12 OR BA.2.12.1 OR BA.2.12.2 OR BA.2.13 OR BA.2.13.1 OR BA.2.14 OR BA.2.15 OR BA.2.16 OR BA.2.17 OR BA.2.18 OR BA.2.19 OR BA.2.20 OR BA.2.21 OR BA.2.22 OR BA.2.23 OR BA.2.23.1 OR BA.2.24 OR BA.2.25 OR BA.2.25.1 OR BA.2.26 OR BA.2.27 OR BA.2.28 OR BA.2.29 OR BA.2.30 OR BA.2.31 OR BA.2.31.1 OR BA.2.32 OR BA.2.33 OR BA.2.34 OR BA.2.35 OR BA.2.36 OR BA.2.37 OR BA.2.38 OR BA.2.38.1 OR BA.2.38.2 OR BA.2.38.3 OR BA.2.38.4 OR BA.2.39 OR BA.2.40 OR BA.2.40.1 OR BA.2.41 OR BA.2.42 OR BA.2.43 OR BA.2.44 OR BA.2.45 OR BA.2.46 OR BA.2.47 OR BA.2.48 OR BA.2.49 OR BA.2.50 OR BA.2.51 OR BA.2.52 OR BA.2.53 OR BA.2.54 OR BA.2.55 OR BA.2.56 OR BA.2.56.1 OR BA.2.57 OR BA.2.58 OR BA.2.59 OR BA.2.60 OR BA.2.61 OR BA.2.62 OR BA.2.63 OR BA.2.64 OR BA.2.65 OR BA.2.66 OR BA.2.67 OR BA.2.68 OR BA.2.69 OR BA.2.70 OR BA.2.71 OR BA.2.72 OR BA.2.73 OR BA.2.74 OR BA.2.75 OR BA.2.75.1 OR BA.2.75.2 OR BA.2.75.3 OR BA.2.75.4 OR BA.2.75.5 OR BA.2.75.6 OR BA.2.75.7 OR BA.2.75.8 OR BA.2.75.9 OR BA.2.75.10 OR BA.2.76 OR BA.2.76.1 OR BA.2.76.2 OR BA.2.77 OR BA.2.78 OR BA.2.79 OR BA.2.79.1 OR BA.2.80 OR BA.2.81 OR BA.2.82 OR BA.2.83 OR BA.2.85 OR BA.3 OR BA.3.1 OR BA.4 OR BA.4.1 OR BA.4.1.1 OR BA.4.1.2 OR BA.4.1.3 OR BA.4.1.4 OR BA.4.1.5 OR BA.4.1.6 OR BA.4.1.7 OR BA.4.1.8 OR BA.4.1.9 OR BA.4.1.10 OR BA.4.2 OR BA.4.3 OR BA.4.4 OR BA.4.5 OR BA.4.6 OR BA.4.6.1 OR BA.4.6.2 OR BA.4.6.3 OR BA.4.6.4 OR BA.4.6.5 OR BA.4.7 OR BA.4.8 OR BA.5 OR BA.5.1 OR BA.5.1.1 OR BA.5.1.2 OR BA.5.1.3 OR BA.5.1.4 OR BA.5.1.5 OR BA.5.1.6 OR BA.5.1.7 OR BA.5.1.8 OR BA.5.1.9 OR BA.5.1.10 OR BA.5.1.11 OR BA.5.1.12 OR BA.5.1.14 OR BA.5.1.15 OR BA.5.1.16 OR BA.5.1.17 OR BA.5.1.18 OR BA.5.1.19 OR BA.5.1.20 OR BA.5.1.21 OR BA.5.1.22 OR BA.5.1.23 OR BA.5.1.24 OR BA.5.1.25 OR BA.5.1.26 OR BA.5.1.27 OR BA.5.1.28 OR BA.5.1.29 OR BA.5.1.30 OR BA.5.1.31 OR BA.5.1.32 OR BA.5.2 OR BA.5.2.1 OR BA.5.2.2 OR BA.5.2.3 OR BA.5.2.4 OR BA.5.2.5 OR BA.5.2.6 OR BA.5.2.7 OR BA.5.2.8 OR BA.5.2.9 OR BA.5.2.10 OR BA.5.2.11 OR BA.5.2.12 OR BA.5.2.13 OR BA.5.2.14 OR BA.5.2.16 OR BA.5.2.18 OR BA.5.2.19 OR BA.5.2.20 OR BA.5.2.21 OR BA.5.2.22 OR BA.5.2.23 OR BA.5.2.24 OR BA.5.2.25 OR BA.5.2.26 OR BA.5.2.27 OR BA.5.2.28 OR BA.5.2.29 OR BA.5.2.30 OR BA.5.2.31 OR BA.5.2.32 OR BA.5.2.33 OR BA.5.2.34 OR BA.5.2.35 OR BA.5.2.36 OR BA.5.2.37 OR BA.5.2.38 OR BA.5.2.39 OR BA.5.2.40 OR BA.5.2.41 OR BA.5.2.42 OR BA.5.2.43 OR BA.5.2.44 OR BA.5.2.45 OR BA.5.2.46 OR BA.5.2.47 OR BA.5.2.48 OR BA.5.2.49 OR BA.5.3 OR BA.5.3.1 OR BA.5.3.2 OR BA.5.3.3 OR BA.5.3.4 OR BA.5.3.5 OR BA.5.5 OR BA.5.5.1 OR BA.5.5.2 OR BA.5.5.3 OR BA.5.6 OR BA.5.6.1 OR BA.5.6.2 OR BA.5.6.3 OR BA.5.6.4 OR BA.5.7 OR BA.5.8 OR BA.5.9 OR BA.5.10 OR BA.5.10.1 OR BA.5.11 OR BC.1 OR BC.2 OR BD.1 OR BE.1 OR BE.1.1 OR BE.1.1.1 OR BE.1.1.2 OR BE.1.2 OR BE.1.2.1 OR BE.1.3 OR BE.1.4 OR BE.1.4.1 OR BE.1.4.2 OR BE.1.4.3 OR BE.1.4.4 OR BE.2 OR BE.3 OR BE.4 OR BE.4.1 OR BE.4.1.1 OR BE.4.2 OR BE.5 OR BE.6 OR BE.7 OR BE.8 OR BE.9 OR BE.10 OR BF.1 OR BF.1.1 OR BF.2 OR BF.3 OR BF.3.1 OR BF.4 OR BF.5 OR BF.5.1 OR BF.5.2 OR BF.6 OR BF.7 OR BF.7.1 OR BF.7.2 OR BF.7.3 OR BF.7.4 OR BF.7.4.1 OR BF.7.4.2 OR BF.7.5 OR BF.7.5.1 OR BF.7.6 OR BF.7.7 OR BF.7.8 OR BF.7.9 OR BF.7.10 OR BF.7.11 OR BF.7.12 OR BF.7.13 OR BF.7.13.1 OR BF.7.13.2 OR BF.7.14 OR BF.7.15 OR BF.8 OR BF.9 OR BF.10 OR BF.10.1 OR BF.11 OR BF.11.1 OR BF.11.2 OR BF.11.3 OR BF.11.4 OR BF.11.5 OR BF.12 OR BF.13 OR BF.14 OR BF.15 OR BF.16 OR BF.17 OR BF.18 OR BF.19 OR BF.20 OR BF.21 OR BF.22 OR BF.23 OR BF.24 OR BF.25 OR BF.26 OR BF.27 OR BF.28 OR BF.29 OR BF.30 OR BF.31 OR BF.31.1 OR BF.32 OR BF.33 OR BF.34 OR BG.1 OR BG.2 OR BG.3 OR BG.4 OR BG.5 OR BG.6 OR BG.7 OR BH.1 OR BJ.1 OR BK.1 OR BL.1 OR BL.1.1 OR BL.1.2 OR BL.1.3 OR BL.1.4 OR BL.2 OR BL.2.1 OR BL.3 OR BL.4 OR BL.5 OR BL.6 OR BM.1 OR BM.1.1 OR BM.1.1.1 OR BM.1.1.2 OR BM.1.1.3 OR BM.1.1.4 OR BM.1.1.5 OR BM.2 OR BM.2.1 OR BM.2.2 OR BM.2.3 OR BM.3 OR BM.4 OR BM.4.1 OR BM.4.1.1 OR BM.5 OR BM.6 OR BN.1 OR BN.1.1 OR BN.1.1.1 OR BN.1.2 OR BN.1.2.1 OR BN.1.3 OR BN.1.3.1 OR BN.1.3.2 OR BN.1.3.3 OR BN.1.3.4 OR BN.1.4 OR BN.1.4.1 OR BN.1.5 OR BN.1.5.1 OR BN.1.6 OR BN.1.7 OR BN.1.8 OR BN.1.9 OR BN.2 OR BN.2.1 OR BN.3 OR BN.3.1 OR BN.4 OR BN.5 OR BN.6 OR BP.1 OR BQ.1 OR BQ.1.1 OR BQ.1.1.1 OR BQ.1.1.2 OR BQ.1.1.3 OR BQ.1.1.4 OR BQ.1.1.5 OR BQ.1.1.6 OR BQ.1.1.7 OR BQ.1.1.8 OR BQ.1.1.9 OR BQ.1.1.10 OR BQ.1.1.11 OR BQ.1.1.12 OR BQ.1.1.13 OR BQ.1.1.14 OR BQ.1.1.15 OR BQ.1.1.16 OR BQ.1.1.17 OR BQ.1.1.18 OR BQ.1.1.19 OR BQ.1.1.20 OR BQ.1.1.21 OR BQ.1.1.22 OR BQ.1.1.23 OR BQ.1.1.24 OR BQ.1.1.25 OR BQ.1.1.26 OR BQ.1.1.27 OR BQ.1.1.28 OR BQ.1.1.29 OR BQ.1.1.30 OR BQ.1.1.31 OR BQ.1.1.32 OR BQ.1.1.34 OR BQ.1.1.35 OR BQ.1.1.36 OR BQ.1.2 OR BQ.1.3 OR BQ.1.4 OR BQ.1.5 OR BQ.1.6 OR BQ.1.7 OR BQ.1.8 OR BQ.1.8.1 OR BQ.1.8.2 OR BQ.1.9 OR BQ.1.10 OR BQ.1.10.1 OR BQ.1.11 OR BQ.1.12 OR BQ.1.13 OR BQ.1.13.1 OR BQ.1.14 OR BQ.1.15 OR BQ.1.16 OR BQ.1.17 OR BQ.1.18 OR BQ.1.19 OR BQ.1.20 OR BQ.1.21 OR BQ.1.22 OR BQ.1.23 OR BQ.1.24 OR BQ.1.25 OR BQ.1.25.1 OR BQ.1.26 OR BQ.1.26.1 OR BQ.1.27 OR BQ.1.28 OR BQ.2 OR BR.1 OR BR.1.1 OR BR.1.2 OR BR.2 OR BR.2.1 OR BR.3 OR BR.4 OR BS.1 OR BS.1.1 OR BS.1.2 OR BT.1 OR BT.2 OR BU.1 OR BU.2 OR BU.3 OR BV.1 OR BV.2 OR BW.1 OR BW.1.1 OR BY.1 OR BY.1.1 OR BY.1.1.1 OR BY.1.2 OR BY.1.2.1 OR BZ.1 OR CA.1 OR CA.2 OR CA.3 OR CA.3.1 OR CA.4 OR CA.5 OR CA.6 OR CA.7 OR CB.1 OR CC.1 OR CD.1 OR CD.2 OR CE.1 OR CF.1 OR CG.1 OR CH.1 OR CH.1.1 OR CH.1.1.1 OR CH.1.1.2 OR CH.1.1.3 OR CH.1.1.4 OR CH.1.1.5 OR CH.2 OR CH.3 OR CH.3.1 OR CJ.1 OR CJ.1.1 OR CK.1 OR CK.1.1 OR CK.1.2 OR CK.2 OR CK.2.1 OR CK.2.1.1 OR CK.3 OR CL.1 OR CM.1 OR CM.2 OR CM.2.1 OR CM.3 OR CM.4 OR CM.4.1 OR CM.5 OR CM.5.1 OR CM.5.2 OR CM.6 OR CM.6.1 OR CM.7 OR CM.8 OR CM.8.1 OR CM.9 OR CM.10 OR CM.11 OR CM.12 OR CN.1 OR CN.2 OR CP.1 OR CP.1.1 OR CP.1.2 OR CP.1.3 OR CP.2 OR CP.3 OR CP.4 OR CP.5 OR CP.6 OR CQ.1 OR CQ.1.1 OR CQ.2 OR CR.1 OR CR.1.1 OR CR.1.2 OR CR.1.3 OR CR.2 OR CS.1 OR CT.1 OR CU.1 OR CV.1 OR CV.2 OR CW.1 OR CY.1 OR CZ.1 OR DA.1 OR DB.1 OR DB.2 OR DC.1 OR DD.1 OR DE.1 OR DE.2 OR DF.1 OR DF.1.1 OR DG.1 OR DH.1 OR DJ.1 OR DJ.1.1 OR DJ.1.2 OR DJ.1.3 OR DK.1 OR DL.1 OR DM.1 OR DN.1 OR DN.1.1 OR DP.1 OR DQ.1 OR DR.1 OR DS.1 OR DT.1 OR DU.1 OR DV.1,Omicron,10.2142857142857,8.71428571428571,0.853146853146853
2022-07-09,12,12,14.7142857142857,13.1428571428571,0.893203883495146,0.636582093848978,0.971221672679875,B.1.1.529 OR BA.1 OR BA.1.1 OR BA.1.1.1 OR BA.1.1.2 OR BA.1.1.3 OR BA.1.1.4 OR BA.1.1.5 OR BA.1.1.6 OR BA.1.1.7 OR BA.1.1.8 OR BA.1.1.9 OR BA.1.1.10 OR BA.1.1.11 OR BA.1.1.12 OR BA.1.1.13 OR BA.1.1.14 OR BA.1.1.15 OR BA.1.1.16 OR BA.1.1.17 OR BA.1.1.18 OR BA.1.2 OR BA.1.3 OR BA.1.4 OR BA.1.5 OR BA.1.6 OR BA.1.7 OR BA.1.8 OR BA.1.9 OR BA.1.10 OR BA.1.12 OR BA.1.13 OR BA.1.13.1 OR BA.1.14 OR BA.1.14.1 OR BA.1.14.2 OR BA.1.15 OR BA.1.15.1 OR BA.1.15.2 OR BA.1.15.3 OR BA.1.16 OR BA.1.16.1 OR BA.1.16.2 OR BA.1.17 OR BA.1.17.1 OR BA.1.17.2 OR BA.1.18 OR BA.1.19 OR BA.1.20 OR BA.1.21 OR BA.1.21.1 OR BA.1.22 OR BA.1.23 OR BA.1.24 OR BA.2 OR BA.2.1 OR BA.2.2 OR BA.2.2.1 OR BA.2.3 OR BA.2.3.1 OR BA.2.3.2 OR BA.2.3.4 OR BA.2.3.5 OR BA.2.3.6 OR BA.2.3.7 OR BA.2.3.8 OR BA.2.3.9 OR BA.2.3.10 OR BA.2.3.11 OR BA.2.3.12 OR BA.2.3.13 OR BA.2.3.14 OR BA.2.3.15 OR BA.2.3.16 OR BA.2.3.17 OR BA.2.3.18 OR BA.2.3.19 OR BA.2.3.20 OR BA.2.3.21 OR BA.2.3.22 OR BA.2.4 OR BA.2.5 OR BA.2.6 OR BA.2.7 OR BA.2.8 OR BA.2.9 OR BA.2.9.1 OR BA.2.9.2 OR BA.2.9.3 OR BA.2.9.4 OR BA.2.9.5 OR BA.2.9.6 OR BA.2.9.7 OR BA.2.10 OR BA.2.10.1 OR BA.2.10.2 OR BA.2.10.3 OR BA.2.10.4 OR BA.2.11 OR BA.2.12 OR BA.2.12.1 OR BA.2.12.2 OR BA.2.13 OR BA.2.13.1 OR BA.2.14 OR BA.2.15 OR BA.2.16 OR BA.2.17 OR BA.2.18 OR BA.2.19 OR BA.2.20 OR BA.2.21 OR BA.2.22 OR BA.2.23 OR BA.2.23.1 OR BA.2.24 OR BA.2.25 OR BA.2.25.1 OR BA.2.26 OR BA.2.27 OR BA.2.28 OR BA.2.29 OR BA.2.30 OR BA.2.31 OR BA.2.31.1 OR BA.2.32 OR BA.2.33 OR BA.2.34 OR BA.2.35 OR BA.2.36 OR BA.2.37 OR BA.2.38 OR BA.2.38.1 OR BA.2.38.2 OR BA.2.38.3 OR BA.2.38.4 OR BA.2.39 OR BA.2.40 OR BA.2.40.1 OR BA.2.41 OR BA.2.42 OR BA.2.43 OR BA.2.44 OR BA.2.45 OR BA.2.46 OR BA.2.47 OR BA.2.48 OR BA.2.49 OR BA.2.50 OR BA.2.51 OR BA.2.52 OR BA.2.53 OR BA.2.54 OR BA.2.55 OR BA.2.56 OR BA.2.56.1 OR BA.2.57 OR BA.2.58 OR BA.2.59 OR BA.2.60 OR BA.2.61 OR BA.2.62 OR BA.2.63 OR BA.2.64 OR BA.2.65 OR BA.2.66 OR BA.2.67 OR BA.2.68 OR BA.2.69 OR BA.2.70 OR BA.2.71 OR BA.2.72 OR BA.2.73 OR BA.2.74 OR BA.2.75 OR BA.2.75.1 OR BA.2.75.2 OR BA.2.75.3 OR BA.2.75.4 OR BA.2.75.5 OR BA.2.75.6 OR BA.2.75.7 OR BA.2.75.8 OR BA.2.75.9 OR BA.2.75.10 OR BA.2.76 OR BA.2.76.1 OR BA.2.76.2 OR BA.2.77 OR BA.2.78 OR BA.2.79 OR BA.2.79.1 OR BA.2.80 OR BA.2.81 OR BA.2.82 OR BA.2.83 OR BA.2.85 OR BA.3 OR BA.3.1 OR BA.4 OR BA.4.1 OR BA.4.1.1 OR BA.4.1.2 OR BA.4.1.3 OR BA.4.1.4 OR BA.4.1.5 OR BA.4.1.6 OR BA.4.1.7 OR BA.4.1.8 OR BA.4.1.9 OR BA.4.1.10 OR BA.4.2 OR BA.4.3 OR BA.4.4 OR BA.4.5 OR BA.4.6 OR BA.4.6.1 OR BA.4.6.2 OR BA.4.6.3 OR BA.4.6.4 OR BA.4.6.5 OR BA.4.7 OR BA.4.8 OR BA.5 OR BA.5.1 OR BA.5.1.1 OR BA.5.1.2 OR BA.5.1.3 OR BA.5.1.4 OR BA.5.1.5 OR BA.5.1.6 OR BA.5.1.7 OR BA.5.1.8 OR BA.5.1.9 OR BA.5.1.10 OR BA.5.1.11 OR BA.5.1.12 OR BA.5.1.14 OR BA.5.1.15 OR BA.5.1.16 OR BA.5.1.17 OR BA.5.1.18 OR BA.5.1.19 OR BA.5.1.20 OR BA.5.1.21 OR BA.5.1.22 OR BA.5.1.23 OR BA.5.1.24 OR BA.5.1.25 OR BA.5.1.26 OR BA.5.1.27 OR BA.5.1.28 OR BA.5.1.29 OR BA.5.1.30 OR BA.5.1.31 OR BA.5.1.32 OR BA.5.2 OR BA.5.2.1 OR BA.5.2.2 OR BA.5.2.3 OR BA.5.2.4 OR BA.5.2.5 OR BA.5.2.6 OR BA.5.2.7 OR BA.5.2.8 OR BA.5.2.9 OR BA.5.2.10 OR BA.5.2.11 OR BA.5.2.12 OR BA.5.2.13 OR BA.5.2.14 OR BA.5.2.16 OR BA.5.2.18 OR BA.5.2.19 OR BA.5.2.20 OR BA.5.2.21 OR BA.5.2.22 OR BA.5.2.23 OR BA.5.2.24 OR BA.5.2.25 OR BA.5.2.26 OR BA.5.2.27 OR BA.5.2.28 OR BA.5.2.29 OR BA.5.2.30 OR BA.5.2.31 OR BA.5.2.32 OR BA.5.2.33 OR BA.5.2.34 OR BA.5.2.35 OR BA.5.2.36 OR BA.5.2.37 OR BA.5.2.38 OR BA.5.2.39 OR BA.5.2.40 OR BA.5.2.41 OR BA.5.2.42 OR BA.5.2.43 OR BA.5.2.44 OR BA.5.2.45 OR BA.5.2.46 OR BA.5.2.47 OR BA.5.2.48 OR BA.5.2.49 OR BA.5.3 OR BA.5.3.1 OR BA.5.3.2 OR BA.5.3.3 OR BA.5.3.4 OR BA.5.3.5 OR BA.5.5 OR BA.5.5.1 OR BA.5.5.2 OR BA.5.5.3 OR BA.5.6 OR BA.5.6.1 OR BA.5.6.2 OR BA.5.6.3 OR BA.5.6.4 OR BA.5.7 OR BA.5.8 OR BA.5.9 OR BA.5.10 OR BA.5.10.1 OR BA.5.11 OR BC.1 OR BC.2 OR BD.1 OR BE.1 OR BE.1.1 OR BE.1.1.1 OR BE.1.1.2 OR BE.1.2 OR BE.1.2.1 OR BE.1.3 OR BE.1.4 OR BE.1.4.1 OR BE.1.4.2 OR BE.1.4.3 OR BE.1.4.4 OR BE.2 OR BE.3 OR BE.4 OR BE.4.1 OR BE.4.1.1 OR BE.4.2 OR BE.5 OR BE.6 OR BE.7 OR BE.8 OR BE.9 OR BE.10 OR BF.1 OR BF.1.1 OR BF.2 OR BF.3 OR BF.3.1 OR BF.4 OR BF.5 OR BF.5.1 OR BF.5.2 OR BF.6 OR BF.7 OR BF.7.1 OR BF.7.2 OR BF.7.3 OR BF.7.4 OR BF.7.4.1 OR BF.7.4.2 OR BF.7.5 OR BF.7.5.1 OR BF.7.6 OR BF.7.7 OR BF.7.8 OR BF.7.9 OR BF.7.10 OR BF.7.11 OR BF.7.12 OR BF.7.13 OR BF.7.13.1 OR BF.7.13.2 OR BF.7.14 OR BF.7.15 OR BF.8 OR BF.9 OR BF.10 OR BF.10.1 OR BF.11 OR BF.11.1 OR BF.11.2 OR BF.11.3 OR BF.11.4 OR BF.11.5 OR BF.12 OR BF.13 OR BF.14 OR BF.15 OR BF.16 OR BF.17 OR BF.18 OR BF.19 OR BF.20 OR BF.21 OR BF.22 OR BF.23 OR BF.24 OR BF.25 OR BF.26 OR BF.27 OR BF.28 OR BF.29 OR BF.30 OR BF.31 OR BF.31.1 OR BF.32 OR BF.33 OR BF.34 OR BG.1 OR BG.2 OR BG.3 OR BG.4 OR BG.5 OR BG.6 OR BG.7 OR BH.1 OR BJ.1 OR BK.1 OR BL.1 OR BL.1.1 OR BL.1.2 OR BL.1.3 OR BL.1.4 OR BL.2 OR BL.2.1 OR BL.3 OR BL.4 OR BL.5 OR BL.6 OR BM.1 OR BM.1.1 OR BM.1.1.1 OR BM.1.1.2 OR BM.1.1.3 OR BM.1.1.4 OR BM.1.1.5 OR BM.2 OR BM.2.1 OR BM.2.2 OR BM.2.3 OR BM.3 OR BM.4 OR BM.4.1 OR BM.4.1.1 OR BM.5 OR BM.6 OR BN.1 OR BN.1.1 OR BN.1.1.1 OR BN.1.2 OR BN.1.2.1 OR BN.1.3 OR BN.1.3.1 OR BN.1.3.2 OR BN.1.3.3 OR BN.1.3.4 OR BN.1.4 OR BN.1.4.1 OR BN.1.5 OR BN.1.5.1 OR BN.1.6 OR BN.1.7 OR BN.1.8 OR BN.1.9 OR BN.2 OR BN.2.1 OR BN.3 OR BN.3.1 OR BN.4 OR BN.5 OR BN.6 OR BP.1 OR BQ.1 OR BQ.1.1 OR BQ.1.1.1 OR BQ.1.1.2 OR BQ.1.1.3 OR BQ.1.1.4 OR BQ.1.1.5 OR BQ.1.1.6 OR BQ.1.1.7 OR BQ.1.1.8 OR BQ.1.1.9 OR BQ.1.1.10 OR BQ.1.1.11 OR BQ.1.1.12 OR BQ.1.1.13 OR BQ.1.1.14 OR BQ.1.1.15 OR BQ.1.1.16 OR BQ.1.1.17 OR BQ.1.1.18 OR BQ.1.1.19 OR BQ.1.1.20 OR BQ.1.1.21 OR BQ.1.1.22 OR BQ.1.1.23 OR BQ.1.1.24 OR BQ.1.1.25 OR BQ.1.1.26 OR BQ.1.1.27 OR BQ.1.1.28 OR BQ.1.1.29 OR BQ.1.1.30 OR BQ.1.1.31 OR BQ.1.1.32 OR BQ.1.1.34 OR BQ.1.1.35 OR BQ.1.1.36 OR BQ.1.2 OR BQ.1.3 OR BQ.1.4 OR BQ.1.5 OR BQ.1.6 OR BQ.1.7 OR BQ.1.8 OR BQ.1.8.1 OR BQ.1.8.2 OR BQ.1.9 OR BQ.1.10 OR BQ.1.10.1 OR BQ.1.11 OR BQ.1.12 OR BQ.1.13 OR BQ.1.13.1 OR BQ.1.14 OR BQ.1.15 OR BQ.1.16 OR BQ.1.17 OR BQ.1.18 OR BQ.1.19 OR BQ.1.20 OR BQ.1.21 OR BQ.1.22 OR BQ.1.23 OR BQ.1.24 OR BQ.1.25 OR BQ.1.25.1 OR BQ.1.26 OR BQ.1.26.1 OR BQ.1.27 OR BQ.1.28 OR BQ.2 OR BR.1 OR BR.1.1 OR BR.1.2 OR BR.2 OR BR.2.1 OR BR.3 OR BR.4 OR BS.1 OR BS.1.1 OR BS.1.2 OR BT.1 OR BT.2 OR BU.1 OR BU.2 OR BU.3 OR BV.1 OR BV.2 OR BW.1 OR BW.1.1 OR BY.1 OR BY.1.1 OR BY.1.1.1 OR BY.1.2 OR BY.1.2.1 OR BZ.1 OR CA.1 OR CA.2 OR CA.3 OR CA.3.1 OR CA.4 OR CA.5 OR CA.6 OR CA.7 OR CB.1 OR CC.1 OR CD.1 OR CD.2 OR CE.1 OR CF.1 OR CG.1 OR CH.1 OR CH.1.1 OR CH.1.1.1 OR CH.1.1.2 OR CH.1.1.3 OR CH.1.1.4 OR CH.1.1.5 OR CH.2 OR CH.3 OR CH.3.1 OR CJ.1 OR CJ.1.1 OR CK.1 OR CK.1.1 OR CK.1.2 OR CK.2 OR CK.2.1 OR CK.2.1.1 OR CK.3 OR CL.1 OR CM.1 OR CM.2 OR CM.2.1 OR CM.3 OR CM.4 OR CM.4.1 OR CM.5 OR CM.5.1 OR CM.5.2 OR CM.6 OR CM.6.1 OR CM.7 OR CM.8 OR CM.8.1 OR CM.9 OR CM.10 OR CM.11 OR CM.12 OR CN.1 OR CN.2 OR CP.1 OR CP.1.1 OR CP.1.2 OR CP.1.3 OR CP.2 OR CP.3 OR CP.4 OR CP.5 OR CP.6 OR CQ.1 OR CQ.1.1 OR CQ.2 OR CR.1 OR CR.1.1 OR CR.1.2 OR CR.1.3 OR CR.2 OR CS.1 OR CT.1 OR CU.1 OR CV.1 OR CV.2 OR CW.1 OR CY.1 OR CZ.1 OR DA.1 OR DB.1 OR DB.2 OR DC.1 OR DD.1 OR DE.1 OR DE.2 OR DF.1 OR DF.1.1 OR DG.1 OR DH.1 OR DJ.1 OR DJ.1.1 OR DJ.1.2 OR DJ.1.3 OR DK.1 OR DL.1 OR DM.1 OR DN.1 OR DN.1.1 OR DP.1 OR DQ.1 OR DR.1 OR DS.1 OR DT.1 OR DU.1 OR DV.1,Omicron,10.7142857142857,9.35714285714286,0.873333333333333
2022-07-10,9,7,15.2857142857143,13.4285714285714,0.878504672897196,0.636582093848978,0.971221672679875,B.1.1.529 OR BA.1 OR BA.1.1 OR BA.1.1.1 OR BA.1.1.2 OR BA.1.1.3 OR BA.1.1.4 OR BA.1.1.5 OR BA.1.1.6 OR BA.1.1.7 OR BA.1.1.8 OR BA.1.1.9 OR BA.1.1.10 OR BA.1.1.11 OR BA.1.1.12 OR BA.1.1.13 OR BA.1.1.14 OR BA.1.1.15 OR BA.1.1.16 OR BA.1.1.17 OR BA.1.1.18 OR BA.1.2 OR BA.1.3 OR BA.1.4 OR BA.1.5 OR BA.1.6 OR BA.1.7 OR BA.1.8 OR BA.1.9 OR BA.1.10 OR BA.1.12 OR BA.1.13 OR BA.1.13.1 OR BA.1.14 OR BA.1.14.1 OR BA.1.14.2 OR BA.1.15 OR BA.1.15.1 OR BA.1.15.2 OR BA.1.15.3 OR BA.1.16 OR BA.1.16.1 OR BA.1.16.2 OR BA.1.17 OR BA.1.17.1 OR BA.1.17.2 OR BA.1.18 OR BA.1.19 OR BA.1.20 OR BA.1.21 OR BA.1.21.1 OR BA.1.22 OR BA.1.23 OR BA.1.24 OR BA.2 OR BA.2.1 OR BA.2.2 OR BA.2.2.1 OR BA.2.3 OR BA.2.3.1 OR BA.2.3.2 OR BA.2.3.4 OR BA.2.3.5 OR BA.2.3.6 OR BA.2.3.7 OR BA.2.3.8 OR BA.2.3.9 OR BA.2.3.10 OR BA.2.3.11 OR BA.2.3.12 OR BA.2.3.13 OR BA.2.3.14 OR BA.2.3.15 OR BA.2.3.16 OR BA.2.3.17 OR BA.2.3.18 OR BA.2.3.19 OR BA.2.3.20 OR BA.2.3.21 OR BA.2.3.22 OR BA.2.4 OR BA.2.5 OR BA.2.6 OR BA.2.7 OR BA.2.8 OR BA.2.9 OR BA.2.9.1 OR BA.2.9.2 OR BA.2.9.3 OR BA.2.9.4 OR BA.2.9.5 OR BA.2.9.6 OR BA.2.9.7 OR BA.2.10 OR BA.2.10.1 OR BA.2.10.2 OR BA.2.10.3 OR BA.2.10.4 OR BA.2.11 OR BA.2.12 OR BA.2.12.1 OR BA.2.12.2 OR BA.2.13 OR BA.2.13.1 OR BA.2.14 OR BA.2.15 OR BA.2.16 OR BA.2.17 OR BA.2.18 OR BA.2.19 OR BA.2.20 OR BA.2.21 OR BA.2.22 OR BA.2.23 OR BA.2.23.1 OR BA.2.24 OR BA.2.25 OR BA.2.25.1 OR BA.2.26 OR BA.2.27 OR BA.2.28 OR BA.2.29 OR BA.2.30 OR BA.2.31 OR BA.2.31.1 OR BA.2.32 OR BA.2.33 OR BA.2.34 OR BA.2.35 OR BA.2.36 OR BA.2.37 OR BA.2.38 OR BA.2.38.1 OR BA.2.38.2 OR BA.2.38.3 OR BA.2.38.4 OR BA.2.39 OR BA.2.40 OR BA.2.40.1 OR BA.2.41 OR BA.2.42 OR BA.2.43 OR BA.2.44 OR BA.2.45 OR BA.2.46 OR BA.2.47 OR BA.2.48 OR BA.2.49 OR BA.2.50 OR BA.2.51 OR BA.2.52 OR BA.2.53 OR BA.2.54 OR BA.2.55 OR BA.2.56 OR BA.2.56.1 OR BA.2.57 OR BA.2.58 OR BA.2.59 OR BA.2.60 OR BA.2.61 OR BA.2.62 OR BA.2.63 OR BA.2.64 OR BA.2.65 OR BA.2.66 OR BA.2.67 OR BA.2.68 OR BA.2.69 OR BA.2.70 OR BA.2.71 OR BA.2.72 OR BA.2.73 OR BA.2.74 OR BA.2.75 OR BA.2.75.1 OR BA.2.75.2 OR BA.2.75.3 OR BA.2.75.4 OR BA.2.75.5 OR BA.2.75.6 OR BA.2.75.7 OR BA.2.75.8 OR BA.2.75.9 OR BA.2.75.10 OR BA.2.76 OR BA.2.76.1 OR BA.2.76.2 OR BA.2.77 OR BA.2.78 OR BA.2.79 OR BA.2.79.1 OR BA.2.80 OR BA.2.81 OR BA.2.82 OR BA.2.83 OR BA.2.85 OR BA.3 OR BA.3.1 OR BA.4 OR BA.4.1 OR BA.4.1.1 OR BA.4.1.2 OR BA.4.1.3 OR BA.4.1.4 OR BA.4.1.5 OR BA.4.1.6 OR BA.4.1.7 OR BA.4.1.8 OR BA.4.1.9 OR BA.4.1.10 OR BA.4.2 OR BA.4.3 OR BA.4.4 OR BA.4.5 OR BA.4.6 OR BA.4.6.1 OR BA.4.6.2 OR BA.4.6.3 OR BA.4.6.4 OR BA.4.6.5 OR BA.4.7 OR BA.4.8 OR BA.5 OR BA.5.1 OR BA.5.1.1 OR BA.5.1.2 OR BA.5.1.3 OR BA.5.1.4 OR BA.5.1.5 OR BA.5.1.6 OR BA.5.1.7 OR BA.5.1.8 OR BA.5.1.9 OR BA.5.1.10 OR BA.5.1.11 OR BA.5.1.12 OR BA.5.1.14 OR BA.5.1.15 OR BA.5.1.16 OR BA.5.1.17 OR BA.5.1.18 OR BA.5.1.19 OR BA.5.1.20 OR BA.5.1.21 OR BA.5.1.22 OR BA.5.1.23 OR BA.5.1.24 OR BA.5.1.25 OR BA.5.1.26 OR BA.5.1.27 OR BA.5.1.28 OR BA.5.1.29 OR BA.5.1.30 OR BA.5.1.31 OR BA.5.1.32 OR BA.5.2 OR BA.5.2.1 OR BA.5.2.2 OR BA.5.2.3 OR BA.5.2.4 OR BA.5.2.5 OR BA.5.2.6 OR BA.5.2.7 OR BA.5.2.8 OR BA.5.2.9 OR BA.5.2.10 OR BA.5.2.11 OR BA.5.2.12 OR BA.5.2.13 OR BA.5.2.14 OR BA.5.2.16 OR BA.5.2.18 OR BA.5.2.19 OR BA.5.2.20 OR BA.5.2.21 OR BA.5.2.22 OR BA.5.2.23 OR BA.5.2.24 OR BA.5.2.25 OR BA.5.2.26 OR BA.5.2.27 OR BA.5.2.28 OR BA.5.2.29 OR BA.5.2.30 OR BA.5.2.31 OR BA.5.2.32 OR BA.5.2.33 OR BA.5.2.34 OR BA.5.2.35 OR BA.5.2.36 OR BA.5.2.37 OR BA.5.2.38 OR BA.5.2.39 OR BA.5.2.40 OR BA.5.2.41 OR BA.5.2.42 OR BA.5.2.43 OR BA.5.2.44 OR BA.5.2.45 OR BA.5.2.46 OR BA.5.2.47 OR BA.5.2.48 OR BA.5.2.49 OR BA.5.3 OR BA.5.3.1 OR BA.5.3.2 OR BA.5.3.3 OR BA.5.3.4 OR BA.5.3.5 OR BA.5.5 OR BA.5.5.1 OR BA.5.5.2 OR BA.5.5.3 OR BA.5.6 OR BA.5.6.1 OR BA.5.6.2 OR BA.5.6.3 OR BA.5.6.4 OR BA.5.7 OR BA.5.8 OR BA.5.9 OR BA.5.10 OR BA.5.10.1 OR BA.5.11 OR BC.1 OR BC.2 OR BD.1 OR BE.1 OR BE.1.1 OR BE.1.1.1 OR BE.1.1.2 OR BE.1.2 OR BE.1.2.1 OR BE.1.3 OR BE.1.4 OR BE.1.4.1 OR BE.1.4.2 OR BE.1.4.3 OR BE.1.4.4 OR BE.2 OR BE.3 OR BE.4 OR BE.4.1 OR BE.4.1.1 OR BE.4.2 OR BE.5 OR BE.6 OR BE.7 OR BE.8 OR BE.9 OR BE.10 OR BF.1 OR BF.1.1 OR BF.2 OR BF.3 OR BF.3.1 OR BF.4 OR BF.5 OR BF.5.1 OR BF.5.2 OR BF.6 OR BF.7 OR BF.7.1 OR BF.7.2 OR BF.7.3 OR BF.7.4 OR BF.7.4.1 OR BF.7.4.2 OR BF.7.5 OR BF.7.5.1 OR BF.7.6 OR BF.7.7 OR BF.7.8 OR BF.7.9 OR BF.7.10 OR BF.7.11 OR BF.7.12 OR BF.7.13 OR BF.7.13.1 OR BF.7.13.2 OR BF.7.14 OR BF.7.15 OR BF.8 OR BF.9 OR BF.10 OR BF.10.1 OR BF.11 OR BF.11.1 OR BF.11.2 OR BF.11.3 OR BF.11.4 OR BF.11.5 OR BF.12 OR BF.13 OR BF.14 OR BF.15 OR BF.16 OR BF.17 OR BF.18 OR BF.19 OR BF.20 OR BF.21 OR BF.22 OR BF.23 OR BF.24 OR BF.25 OR BF.26 OR BF.27 OR BF.28 OR BF.29 OR BF.30 OR BF.31 OR BF.31.1 OR BF.32 OR BF.33 OR BF.34 OR BG.1 OR BG.2 OR BG.3 OR BG.4 OR BG.5 OR BG.6 OR BG.7 OR BH.1 OR BJ.1 OR BK.1 OR BL.1 OR BL.1.1 OR BL.1.2 OR BL.1.3 OR BL.1.4 OR BL.2 OR BL.2.1 OR BL.3 OR BL.4 OR BL.5 OR BL.6 OR BM.1 OR BM.1.1 OR BM.1.1.1 OR BM.1.1.2 OR BM.1.1.3 OR BM.1.1.4 OR BM.1.1.5 OR BM.2 OR BM.2.1 OR BM.2.2 OR BM.2.3 OR BM.3 OR BM.4 OR BM.4.1 OR BM.4.1.1 OR BM.5 OR BM.6 OR BN.1 OR BN.1.1 OR BN.1.1.1 OR BN.1.2 OR BN.1.2.1 OR BN.1.3 OR BN.1.3.1 OR BN.1.3.2 OR BN.1.3.3 OR BN.1.3.4 OR BN.1.4 OR BN.1.4.1 OR BN.1.5 OR BN.1.5.1 OR BN.1.6 OR BN.1.7 OR BN.1.8 OR BN.1.9 OR BN.2 OR BN.2.1 OR BN.3 OR BN.3.1 OR BN.4 OR BN.5 OR BN.6 OR BP.1 OR BQ.1 OR BQ.1.1 OR BQ.1.1.1 OR BQ.1.1.2 OR BQ.1.1.3 OR BQ.1.1.4 OR BQ.1.1.5 OR BQ.1.1.6 OR BQ.1.1.7 OR BQ.1.1.8 OR BQ.1.1.9 OR BQ.1.1.10 OR BQ.1.1.11 OR BQ.1.1.12 OR BQ.1.1.13 OR BQ.1.1.14 OR BQ.1.1.15 OR BQ.1.1.16 OR BQ.1.1.17 OR BQ.1.1.18 OR BQ.1.1.19 OR BQ.1.1.20 OR BQ.1.1.21 OR BQ.1.1.22 OR BQ.1.1.23 OR BQ.1.1.24 OR BQ.1.1.25 OR BQ.1.1.26 OR BQ.1.1.27 OR BQ.1.1.28 OR BQ.1.1.29 OR BQ.1.1.30 OR BQ.1.1.31 OR BQ.1.1.32 OR BQ.1.1.34 OR BQ.1.1.35 OR BQ.1.1.36 OR BQ.1.2 OR BQ.1.3 OR BQ.1.4 OR BQ.1.5 OR BQ.1.6 OR BQ.1.7 OR BQ.1.8 OR BQ.1.8.1 OR BQ.1.8.2 OR BQ.1.9 OR BQ.1.10 OR BQ.1.10.1 OR BQ.1.11 OR BQ.1.12 OR BQ.1.13 OR BQ.1.13.1 OR BQ.1.14 OR BQ.1.15 OR BQ.1.16 OR BQ.1.17 OR BQ.1.18 OR BQ.1.19 OR BQ.1.20 OR BQ.1.21 OR BQ.1.22 OR BQ.1.23 OR BQ.1.24 OR BQ.1.25 OR BQ.1.25.1 OR BQ.1.26 OR BQ.1.26.1 OR BQ.1.27 OR BQ.1.28 OR BQ.2 OR BR.1 OR BR.1.1 OR BR.1.2 OR BR.2 OR BR.2.1 OR BR.3 OR BR.4 OR BS.1 OR BS.1.1 OR BS.1.2 OR BT.1 OR BT.2 OR BU.1 OR BU.2 OR BU.3 OR BV.1 OR BV.2 OR BW.1 OR BW.1.1 OR BY.1 OR BY.1.1 OR BY.1.1.1 OR BY.1.2 OR BY.1.2.1 OR BZ.1 OR CA.1 OR CA.2 OR CA.3 OR CA.3.1 OR CA.4 OR CA.5 OR CA.6 OR CA.7 OR CB.1 OR CC.1 OR CD.1 OR CD.2 OR CE.1 OR CF.1 OR CG.1 OR CH.1 OR CH.1.1 OR CH.1.1.1 OR CH.1.1.2 OR CH.1.1.3 OR CH.1.1.4 OR CH.1.1.5 OR CH.2 OR CH.3 OR CH.3.1 OR CJ.1 OR CJ.1.1 OR CK.1 OR CK.1.1 OR CK.1.2 OR CK.2 OR CK.2.1 OR CK.2.1.1 OR CK.3 OR CL.1 OR CM.1 OR CM.2 OR CM.2.1 OR CM.3 OR CM.4 OR CM.4.1 OR CM.5 OR CM.5.1 OR CM.5.2 OR CM.6 OR CM.6.1 OR CM.7 OR CM.8 OR CM.8.1 OR CM.9 OR CM.10 OR CM.11 OR CM.12 OR CN.1 OR CN.2 OR CP.1 OR CP.1.1 OR CP.1.2 OR CP.1.3 OR CP.2 OR CP.3 OR CP.4 OR CP.5 OR CP.6 OR CQ.1 OR CQ.1.1 OR CQ.2 OR CR.1 OR CR.1.1 OR CR.1.2 OR CR.1.3 OR CR.2 OR CS.1 OR CT.1 OR CU.1 OR CV.1 OR CV.2 OR CW.1 OR CY.1 OR CZ.1 OR DA.1 OR DB.1 OR DB.2 OR DC.1 OR DD.1 OR DE.1 OR DE.2 OR DF.1 OR DF.1.1 OR DG.1 OR DH.1 OR DJ.1 OR DJ.1.1 OR DJ.1.2 OR DJ.1.3 OR DK.1 OR DL.1 OR DM.1 OR DN.1 OR DN.1.1 OR DP.1 OR DQ.1 OR DR.1 OR DS.1 OR DT.1 OR DU.1 OR DV.1,Omicron,11.1428571428571,9.64285714285714,0.865384615384615
2022-07-11,22,20,17,15.1428571428571,0.890756302521008,0.673157987342321,0.974725405108869,B.1.1.529 OR BA.1 OR BA.1.1 OR BA.1.1.1 OR BA.1.1.2 OR BA.1.1.3 OR BA.1.1.4 OR BA.1.1.5 OR BA.1.1.6 OR BA.1.1.7 OR BA.1.1.8 OR BA.1.1.9 OR BA.1.1.10 OR BA.1.1.11 OR BA.1.1.12 OR BA.1.1.13 OR BA.1.1.14 OR BA.1.1.15 OR BA.1.1.16 OR BA.1.1.17 OR BA.1.1.18 OR BA.1.2 OR BA.1.3 OR BA.1.4 OR BA.1.5 OR BA.1.6 OR BA.1.7 OR BA.1.8 OR BA.1.9 OR BA.1.10 OR BA.1.12 OR BA.1.13 OR BA.1.13.1 OR BA.1.14 OR BA.1.14.1 OR BA.1.14.2 OR BA.1.15 OR BA.1.15.1 OR BA.1.15.2 OR BA.1.15.3 OR BA.1.16 OR BA.1.16.1 OR BA.1.16.2 OR BA.1.17 OR BA.1.17.1 OR BA.1.17.2 OR BA.1.18 OR BA.1.19 OR BA.1.20 OR BA.1.21 OR BA.1.21.1 OR BA.1.22 OR BA.1.23 OR BA.1.24 OR BA.2 OR BA.2.1 OR BA.2.2 OR BA.2.2.1 OR BA.2.3 OR BA.2.3.1 OR BA.2.3.2 OR BA.2.3.4 OR BA.2.3.5 OR BA.2.3.6 OR BA.2.3.7 OR BA.2.3.8 OR BA.2.3.9 OR BA.2.3.10 OR BA.2.3.11 OR BA.2.3.12 OR BA.2.3.13 OR BA.2.3.14 OR BA.2.3.15 OR BA.2.3.16 OR BA.2.3.17 OR BA.2.3.18 OR BA.2.3.19 OR BA.2.3.20 OR BA.2.3.21 OR BA.2.3.22 OR BA.2.4 OR BA.2.5 OR BA.2.6 OR BA.2.7 OR BA.2.8 OR BA.2.9 OR BA.2.9.1 OR BA.2.9.2 OR BA.2.9.3 OR BA.2.9.4 OR BA.2.9.5 OR BA.2.9.6 OR BA.2.9.7 OR BA.2.10 OR BA.2.10.1 OR BA.2.10.2 OR BA.2.10.3 OR BA.2.10.4 OR BA.2.11 OR BA.2.12 OR BA.2.12.1 OR BA.2.12.2 OR BA.2.13 OR BA.2.13.1 OR BA.2.14 OR BA.2.15 OR BA.2.16 OR BA.2.17 OR BA.2.18 OR BA.2.19 OR BA.2.20 OR BA.2.21 OR BA.2.22 OR BA.2.23 OR BA.2.23.1 OR BA.2.24 OR BA.2.25 OR BA.2.25.1 OR BA.2.26 OR BA.2.27 OR BA.2.28 OR BA.2.29 OR BA.2.30 OR BA.2.31 OR BA.2.31.1 OR BA.2.32 OR BA.2.33 OR BA.2.34 OR BA.2.35 OR BA.2.36 OR BA.2.37 OR BA.2.38 OR BA.2.38.1 OR BA.2.38.2 OR BA.2.38.3 OR BA.2.38.4 OR BA.2.39 OR BA.2.40 OR BA.2.40.1 OR BA.2.41 OR BA.2.42 OR BA.2.43 OR BA.2.44 OR BA.2.45 OR BA.2.46 OR BA.2.47 OR BA.2.48 OR BA.2.49 OR BA.2.50 OR BA.2.51 OR BA.2.52 OR BA.2.53 OR BA.2.54 OR BA.2.55 OR BA.2.56 OR BA.2.56.1 OR BA.2.57 OR BA.2.58 OR BA.2.59 OR BA.2.60 OR BA.2.61 OR BA.2.62 OR BA.2.63 OR BA.2.64 OR BA.2.65 OR BA.2.66 OR BA.2.67 OR BA.2.68 OR BA.2.69 OR BA.2.70 OR BA.2.71 OR BA.2.72 OR BA.2.73 OR BA.2.74 OR BA.2.75 OR BA.2.75.1 OR BA.2.75.2 OR BA.2.75.3 OR BA.2.75.4 OR BA.2.75.5 OR BA.2.75.6 OR BA.2.75.7 OR BA.2.75.8 OR BA.2.75.9 OR BA.2.75.10 OR BA.2.76 OR BA.2.76.1 OR BA.2.76.2 OR BA.2.77 OR BA.2.78 OR BA.2.79 OR BA.2.79.1 OR BA.2.80 OR BA.2.81 OR BA.2.82 OR BA.2.83 OR BA.2.85 OR BA.3 OR BA.3.1 OR BA.4 OR BA.4.1 OR BA.4.1.1 OR BA.4.1.2 OR BA.4.1.3 OR BA.4.1.4 OR BA.4.1.5 OR BA.4.1.6 OR BA.4.1.7 OR BA.4.1.8 OR BA.4.1.9 OR BA.4.1.10 OR BA.4.2 OR BA.4.3 OR BA.4.4 OR BA.4.5 OR BA.4.6 OR BA.4.6.1 OR BA.4.6.2 OR BA.4.6.3 OR BA.4.6.4 OR BA.4.6.5 OR BA.4.7 OR BA.4.8 OR BA.5 OR BA.5.1 OR BA.5.1.1 OR BA.5.1.2 OR BA.5.1.3 OR BA.5.1.4 OR BA.5.1.5 OR BA.5.1.6 OR BA.5.1.7 OR BA.5.1.8 OR BA.5.1.9 OR BA.5.1.10 OR BA.5.1.11 OR BA.5.1.12 OR BA.5.1.14 OR BA.5.1.15 OR BA.5.1.16 OR BA.5.1.17 OR BA.5.1.18 OR BA.5.1.19 OR BA.5.1.20 OR BA.5.1.21 OR BA.5.1.22 OR BA.5.1.23 OR BA.5.1.24 OR BA.5.1.25 OR BA.5.1.26 OR BA.5.1.27 OR BA.5.1.28 OR BA.5.1.29 OR BA.5.1.30 OR BA.5.1.31 OR BA.5.1.32 OR BA.5.2 OR BA.5.2.1 OR BA.5.2.2 OR BA.5.2.3 OR BA.5.2.4 OR BA.5.2.5 OR BA.5.2.6 OR BA.5.2.7 OR BA.5.2.8 OR BA.5.2.9 OR BA.5.2.10 OR BA.5.2.11 OR BA.5.2.12 OR BA.5.2.13 OR BA.5.2.14 OR BA.5.2.16 OR BA.5.2.18 OR BA.5.2.19 OR BA.5.2.20 OR BA.5.2.21 OR BA.5.2.22 OR BA.5.2.23 OR BA.5.2.24 OR BA.5.2.25 OR BA.5.2.26 OR BA.5.2.27 OR BA.5.2.28 OR BA.5.2.29 OR BA.5.2.30 OR BA.5.2.31 OR BA.5.2.32 OR BA.5.2.33 OR BA.5.2.34 OR BA.5.2.35 OR BA.5.2.36 OR BA.5.2.37 OR BA.5.2.38 OR BA.5.2.39 OR BA.5.2.40 OR BA.5.2.41 OR BA.5.2.42 OR BA.5.2.43 OR BA.5.2.44 OR BA.5.2.45 OR BA.5.2.46 OR BA.5.2.47 OR BA.5.2.48 OR BA.5.2.49 OR BA.5.3 OR BA.5.3.1 OR BA.5.3.2 OR BA.5.3.3 OR BA.5.3.4 OR BA.5.3.5 OR BA.5.5 OR BA.5.5.1 OR BA.5.5.2 OR BA.5.5.3 OR BA.5.6 OR BA.5.6.1 OR BA.5.6.2 OR BA.5.6.3 OR BA.5.6.4 OR BA.5.7 OR BA.5.8 OR BA.5.9 OR BA.5.10 OR BA.5.10.1 OR BA.5.11 OR BC.1 OR BC.2 OR BD.1 OR BE.1 OR BE.1.1 OR BE.1.1.1 OR BE.1.1.2 OR BE.1.2 OR BE.1.2.1 OR BE.1.3 OR BE.1.4 OR BE.1.4.1 OR BE.1.4.2 OR BE.1.4.3 OR BE.1.4.4 OR BE.2 OR BE.3 OR BE.4 OR BE.4.1 OR BE.4.1.1 OR BE.4.2 OR BE.5 OR BE.6 OR BE.7 OR BE.8 OR BE.9 OR BE.10 OR BF.1 OR BF.1.1 OR BF.2 OR BF.3 OR BF.3.1 OR BF.4 OR BF.5 OR BF.5.1 OR BF.5.2 OR BF.6 OR BF.7 OR BF.7.1 OR BF.7.2 OR BF.7.3 OR BF.7.4 OR BF.7.4.1 OR BF.7.4.2 OR BF.7.5 OR BF.7.5.1 OR BF.7.6 OR BF.7.7 OR BF.7.8 OR BF.7.9 OR BF.7.10 OR BF.7.11 OR BF.7.12 OR BF.7.13 OR BF.7.13.1 OR BF.7.13.2 OR BF.7.14 OR BF.7.15 OR BF.8 OR BF.9 OR BF.10 OR BF.10.1 OR BF.11 OR BF.11.1 OR BF.11.2 OR BF.11.3 OR BF.11.4 OR BF.11.5 OR BF.12 OR BF.13 OR BF.14 OR BF.15 OR BF.16 OR BF.17 OR BF.18 OR BF.19 OR BF.20 OR BF.21 OR BF.22 OR BF.23 OR BF.24 OR BF.25 OR BF.26 OR BF.27 OR BF.28 OR BF.29 OR BF.30 OR BF.31 OR BF.31.1 OR BF.32 OR BF.33 OR BF.34 OR BG.1 OR BG.2 OR BG.3 OR BG.4 OR BG.5 OR BG.6 OR BG.7 OR BH.1 OR BJ.1 OR BK.1 OR BL.1 OR BL.1.1 OR BL.1.2 OR BL.1.3 OR BL.1.4 OR BL.2 OR BL.2.1 OR BL.3 OR BL.4 OR BL.5 OR BL.6 OR BM.1 OR BM.1.1 OR BM.1.1.1 OR BM.1.1.2 OR BM.1.1.3 OR BM.1.1.4 OR BM.1.1.5 OR BM.2 OR BM.2.1 OR BM.2.2 OR BM.2.3 OR BM.3 OR BM.4 OR BM.4.1 OR BM.4.1.1 OR BM.5 OR BM.6 OR BN.1 OR BN.1.1 OR BN.1.1.1 OR BN.1.2 OR BN.1.2.1 OR BN.1.3 OR BN.1.3.1 OR BN.1.3.2 OR BN.1.3.3 OR BN.1.3.4 OR BN.1.4 OR BN.1.4.1 OR BN.1.5 OR BN.1.5.1 OR BN.1.6 OR BN.1.7 OR BN.1.8 OR BN.1.9 OR BN.2 OR BN.2.1 OR BN.3 OR BN.3.1 OR BN.4 OR BN.5 OR BN.6 OR BP.1 OR BQ.1 OR BQ.1.1 OR BQ.1.1.1 OR BQ.1.1.2 OR BQ.1.1.3 OR BQ.1.1.4 OR BQ.1.1.5 OR BQ.1.1.6 OR BQ.1.1.7 OR BQ.1.1.8 OR BQ.1.1.9 OR BQ.1.1.10 OR BQ.1.1.11 OR BQ.1.1.12 OR BQ.1.1.13 OR BQ.1.1.14 OR BQ.1.1.15 OR BQ.1.1.16 OR BQ.1.1.17 OR BQ.1.1.18 OR BQ.1.1.19 OR BQ.1.1.20 OR BQ.1.1.21 OR BQ.1.1.22 OR BQ.1.1.23 OR BQ.1.1.24 OR BQ.1.1.25 OR BQ.1.1.26 OR BQ.1.1.27 OR BQ.1.1.28 OR BQ.1.1.29 OR BQ.1.1.30 OR BQ.1.1.31 OR BQ.1.1.32 OR BQ.1.1.34 OR BQ.1.1.35 OR BQ.1.1.36 OR BQ.1.2 OR BQ.1.3 OR BQ.1.4 OR BQ.1.5 OR BQ.1.6 OR BQ.1.7 OR BQ.1.8 OR BQ.1.8.1 OR BQ.1.8.2 OR BQ.1.9 OR BQ.1.10 OR BQ.1.10.1 OR BQ.1.11 OR BQ.1.12 OR BQ.1.13 OR BQ.1.13.1 OR BQ.1.14 OR BQ.1.15 OR BQ.1.16 OR BQ.1.17 OR BQ.1.18 OR BQ.1.19 OR BQ.1.20 OR BQ.1.21 OR BQ.1.22 OR BQ.1.23 OR BQ.1.24 OR BQ.1.25 OR BQ.1.25.1 OR BQ.1.26 OR BQ.1.26.1 OR BQ.1.27 OR BQ.1.28 OR BQ.2 OR BR.1 OR BR.1.1 OR BR.1.2 OR BR.2 OR BR.2.1 OR BR.3 OR BR.4 OR BS.1 OR BS.1.1 OR BS.1.2 OR BT.1 OR BT.2 OR BU.1 OR BU.2 OR BU.3 OR BV.1 OR BV.2 OR BW.1 OR BW.1.1 OR BY.1 OR BY.1.1 OR BY.1.1.1 OR BY.1.2 OR BY.1.2.1 OR BZ.1 OR CA.1 OR CA.2 OR CA.3 OR CA.3.1 OR CA.4 OR CA.5 OR CA.6 OR CA.7 OR CB.1 OR CC.1 OR CD.1 OR CD.2 OR CE.1 OR CF.1 OR CG.1 OR CH.1 OR CH.1.1 OR CH.1.1.1 OR CH.1.1.2 OR CH.1.1.3 OR CH.1.1.4 OR CH.1.1.5 OR CH.2 OR CH.3 OR CH.3.1 OR CJ.1 OR CJ.1.1 OR CK.1 OR CK.1.1 OR CK.1.2 OR CK.2 OR CK.2.1 OR CK.2.1.1 OR CK.3 OR CL.1 OR CM.1 OR CM.2 OR CM.2.1 OR CM.3 OR CM.4 OR CM.4.1 OR CM.5 OR CM.5.1 OR CM.5.2 OR CM.6 OR CM.6.1 OR CM.7 OR CM.8 OR CM.8.1 OR CM.9 OR CM.10 OR CM.11 OR CM.12 OR CN.1 OR CN.2 OR CP.1 OR CP.1.1 OR CP.1.2 OR CP.1.3 OR CP.2 OR CP.3 OR CP.4 OR CP.5 OR CP.6 OR CQ.1 OR CQ.1.1 OR CQ.2 OR CR.1 OR CR.1.1 OR CR.1.2 OR CR.1.3 OR CR.2 OR CS.1 OR CT.1 OR CU.1 OR CV.1 OR CV.2 OR CW.1 OR CY.1 OR CZ.1 OR DA.1 OR DB.1 OR DB.2 OR DC.1 OR DD.1 OR DE.1 OR DE.2 OR DF.1 OR DF.1.1 OR DG.1 OR DH.1 OR DJ.1 OR DJ.1.1 OR DJ.1.2 OR DJ.1.3 OR DK.1 OR DL.1 OR DM.1 OR DN.1 OR DN.1.1 OR DP.1 OR DQ.1 OR DR.1 OR DS.1 OR DT.1 OR DU.1 OR DV.1,Omicron,12.5,10.8571428571429,0.868571428571429
2022-07-12,9,9,16,14.5714285714286,0.910714285714286,0.743078570114226,0.993171277944113,B.1.1.529 OR BA.1 OR BA.1.1 OR BA.1.1.1 OR BA.1.1.2 OR BA.1.1.3 OR BA.1.1.4 OR BA.1.1.5 OR BA.1.1.6 OR BA.1.1.7 OR BA.1.1.8 OR BA.1.1.9 OR BA.1.1.10 OR BA.1.1.11 OR BA.1.1.12 OR BA.1.1.13 OR BA.1.1.14 OR BA.1.1.15 OR BA.1.1.16 OR BA.1.1.17 OR BA.1.1.18 OR BA.1.2 OR BA.1.3 OR BA.1.4 OR BA.1.5 OR BA.1.6 OR BA.1.7 OR BA.1.8 OR BA.1.9 OR BA.1.10 OR BA.1.12 OR BA.1.13 OR BA.1.13.1 OR BA.1.14 OR BA.1.14.1 OR BA.1.14.2 OR BA.1.15 OR BA.1.15.1 OR BA.1.15.2 OR BA.1.15.3 OR BA.1.16 OR BA.1.16.1 OR BA.1.16.2 OR BA.1.17 OR BA.1.17.1 OR BA.1.17.2 OR BA.1.18 OR BA.1.19 OR BA.1.20 OR BA.1.21 OR BA.1.21.1 OR BA.1.22 OR BA.1.23 OR BA.1.24 OR BA.2 OR BA.2.1 OR BA.2.2 OR BA.2.2.1 OR BA.2.3 OR BA.2.3.1 OR BA.2.3.2 OR BA.2.3.4 OR BA.2.3.5 OR BA.2.3.6 OR BA.2.3.7 OR BA.2.3.8 OR BA.2.3.9 OR BA.2.3.10 OR BA.2.3.11 OR BA.2.3.12 OR BA.2.3.13 OR BA.2.3.14 OR BA.2.3.15 OR BA.2.3.16 OR BA.2.3.17 OR BA.2.3.18 OR BA.2.3.19 OR BA.2.3.20 OR BA.2.3.21 OR BA.2.3.22 OR BA.2.4 OR BA.2.5 OR BA.2.6 OR BA.2.7 OR BA.2.8 OR BA.2.9 OR BA.2.9.1 OR BA.2.9.2 OR BA.2.9.3 OR BA.2.9.4 OR BA.2.9.5 OR BA.2.9.6 OR BA.2.9.7 OR BA.2.10 OR BA.2.10.1 OR BA.2.10.2 OR BA.2.10.3 OR BA.2.10.4 OR BA.2.11 OR BA.2.12 OR BA.2.12.1 OR BA.2.12.2 OR BA.2.13 OR BA.2.13.1 OR BA.2.14 OR BA.2.15 OR BA.2.16 OR BA.2.17 OR BA.2.18 OR BA.2.19 OR BA.2.20 OR BA.2.21 OR BA.2.22 OR BA.2.23 OR BA.2.23.1 OR BA.2.24 OR BA.2.25 OR BA.2.25.1 OR BA.2.26 OR BA.2.27 OR BA.2.28 OR BA.2.29 OR BA.2.30 OR BA.2.31 OR BA.2.31.1 OR BA.2.32 OR BA.2.33 OR BA.2.34 OR BA.2.35 OR BA.2.36 OR BA.2.37 OR BA.2.38 OR BA.2.38.1 OR BA.2.38.2 OR BA.2.38.3 OR BA.2.38.4 OR BA.2.39 OR BA.2.40 OR BA.2.40.1 OR BA.2.41 OR BA.2.42 OR BA.2.43 OR BA.2.44 OR BA.2.45 OR BA.2.46 OR BA.2.47 OR BA.2.48 OR BA.2.49 OR BA.2.50 OR BA.2.51 OR BA.2.52 OR BA.2.53 OR BA.2.54 OR BA.2.55 OR BA.2.56 OR BA.2.56.1 OR BA.2.57 OR BA.2.58 OR BA.2.59 OR BA.2.60 OR BA.2.61 OR BA.2.62 OR BA.2.63 OR BA.2.64 OR BA.2.65 OR BA.2.66 OR BA.2.67 OR BA.2.68 OR BA.2.69 OR BA.2.70 OR BA.2.71 OR BA.2.72 OR BA.2.73 OR BA.2.74 OR BA.2.75 OR BA.2.75.1 OR BA.2.75.2 OR BA.2.75.3 OR BA.2.75.4 OR BA.2.75.5 OR BA.2.75.6 OR BA.2.75.7 OR BA.2.75.8 OR BA.2.75.9 OR BA.2.75.10 OR BA.2.76 OR BA.2.76.1 OR BA.2.76.2 OR BA.2.77 OR BA.2.78 OR BA.2.79 OR BA.2.79.1 OR BA.2.80 OR BA.2.81 OR BA.2.82 OR BA.2.83 OR BA.2.85 OR BA.3 OR BA.3.1 OR BA.4 OR BA.4.1 OR BA.4.1.1 OR BA.4.1.2 OR BA.4.1.3 OR BA.4.1.4 OR BA.4.1.5 OR BA.4.1.6 OR BA.4.1.7 OR BA.4.1.8 OR BA.4.1.9 OR BA.4.1.10 OR BA.4.2 OR BA.4.3 OR BA.4.4 OR BA.4.5 OR BA.4.6 OR BA.4.6.1 OR BA.4.6.2 OR BA.4.6.3 OR BA.4.6.4 OR BA.4.6.5 OR BA.4.7 OR BA.4.8 OR BA.5 OR BA.5.1 OR BA.5.1.1 OR BA.5.1.2 OR BA.5.1.3 OR BA.5.1.4 OR BA.5.1.5 OR BA.5.1.6 OR BA.5.1.7 OR BA.5.1.8 OR BA.5.1.9 OR BA.5.1.10 OR BA.5.1.11 OR BA.5.1.12 OR BA.5.1.14 OR BA.5.1.15 OR BA.5.1.16 OR BA.5.1.17 OR BA.5.1.18 OR BA.5.1.19 OR BA.5.1.20 OR BA.5.1.21 OR BA.5.1.22 OR BA.5.1.23 OR BA.5.1.24 OR BA.5.1.25 OR BA.5.1.26 OR BA.5.1.27 OR BA.5.1.28 OR BA.5.1.29 OR BA.5.1.30 OR BA.5.1.31 OR BA.5.1.32 OR BA.5.2 OR BA.5.2.1 OR BA.5.2.2 OR BA.5.2.3 OR BA.5.2.4 OR BA.5.2.5 OR BA.5.2.6 OR BA.5.2.7 OR BA.5.2.8 OR BA.5.2.9 OR BA.5.2.10 OR BA.5.2.11 OR BA.5.2.12 OR BA.5.2.13 OR BA.5.2.14 OR BA.5.2.16 OR BA.5.2.18 OR BA.5.2.19 OR BA.5.2.20 OR BA.5.2.21 OR BA.5.2.22 OR BA.5.2.23 OR BA.5.2.24 OR BA.5.2.25 OR BA.5.2.26 OR BA.5.2.27 OR BA.5.2.28 OR BA.5.2.29 OR BA.5.2.30 OR BA.5.2.31 OR BA.5.2.32 OR BA.5.2.33 OR BA.5.2.34 OR BA.5.2.35 OR BA.5.2.36 OR BA.5.2.37 OR BA.5.2.38 OR BA.5.2.39 OR BA.5.2.40 OR BA.5.2.41 OR BA.5.2.42 OR BA.5.2.43 OR BA.5.2.44 OR BA.5.2.45 OR BA.5.2.46 OR BA.5.2.47 OR BA.5.2.48 OR BA.5.2.49 OR BA.5.3 OR BA.5.3.1 OR BA.5.3.2 OR BA.5.3.3 OR BA.5.3.4 OR BA.5.3.5 OR BA.5.5 OR BA.5.5.1 OR BA.5.5.2 OR BA.5.5.3 OR BA.5.6 OR BA.5.6.1 OR BA.5.6.2 OR BA.5.6.3 OR BA.5.6.4 OR BA.5.7 OR BA.5.8 OR BA.5.9 OR BA.5.10 OR BA.5.10.1 OR BA.5.11 OR BC.1 OR BC.2 OR BD.1 OR BE.1 OR BE.1.1 OR BE.1.1.1 OR BE.1.1.2 OR BE.1.2 OR BE.1.2.1 OR BE.1.3 OR BE.1.4 OR BE.1.4.1 OR BE.1.4.2 OR BE.1.4.3 OR BE.1.4.4 OR BE.2 OR BE.3 OR BE.4 OR BE.4.1 OR BE.4.1.1 OR BE.4.2 OR BE.5 OR BE.6 OR BE.7 OR BE.8 OR BE.9 OR BE.10 OR BF.1 OR BF.1.1 OR BF.2 OR BF.3 OR BF.3.1 OR BF.4 OR BF.5 OR BF.5.1 OR BF.5.2 OR BF.6 OR BF.7 OR BF.7.1 OR BF.7.2 OR BF.7.3 OR BF.7.4 OR BF.7.4.1 OR BF.7.4.2 OR BF.7.5 OR BF.7.5.1 OR BF.7.6 OR BF.7.7 OR BF.7.8 OR BF.7.9 OR BF.7.10 OR BF.7.11 OR BF.7.12 OR BF.7.13 OR BF.7.13.1 OR BF.7.13.2 OR BF.7.14 OR BF.7.15 OR BF.8 OR BF.9 OR BF.10 OR BF.10.1 OR BF.11 OR BF.11.1 OR BF.11.2 OR BF.11.3 OR BF.11.4 OR BF.11.5 OR BF.12 OR BF.13 OR BF.14 OR BF.15 OR BF.16 OR BF.17 OR BF.18 OR BF.19 OR BF.20 OR BF.21 OR BF.22 OR BF.23 OR BF.24 OR BF.25 OR BF.26 OR BF.27 OR BF.28 OR BF.29 OR BF.30 OR BF.31 OR BF.31.1 OR BF.32 OR BF.33 OR BF.34 OR BG.1 OR BG.2 OR BG.3 OR BG.4 OR BG.5 OR BG.6 OR BG.7 OR BH.1 OR BJ.1 OR BK.1 OR BL.1 OR BL.1.1 OR BL.1.2 OR BL.1.3 OR BL.1.4 OR BL.2 OR BL.2.1 OR BL.3 OR BL.4 OR BL.5 OR BL.6 OR BM.1 OR BM.1.1 OR BM.1.1.1 OR BM.1.1.2 OR BM.1.1.3 OR BM.1.1.4 OR BM.1.1.5 OR BM.2 OR BM.2.1 OR BM.2.2 OR BM.2.3 OR BM.3 OR BM.4 OR BM.4.1 OR BM.4.1.1 OR BM.5 OR BM.6 OR BN.1 OR BN.1.1 OR BN.1.1.1 OR BN.1.2 OR BN.1.2.1 OR BN.1.3 OR BN.1.3.1 OR BN.1.3.2 OR BN.1.3.3 OR BN.1.3.4 OR BN.1.4 OR BN.1.4.1 OR BN.1.5 OR BN.1.5.1 OR BN.1.6 OR BN.1.7 OR BN.1.8 OR BN.1.9 OR BN.2 OR BN.2.1 OR BN.3 OR BN.3.1 OR BN.4 OR BN.5 OR BN.6 OR BP.1 OR BQ.1 OR BQ.1.1 OR BQ.1.1.1 OR BQ.1.1.2 OR BQ.1.1.3 OR BQ.1.1.4 OR BQ.1.1.5 OR BQ.1.1.6 OR BQ.1.1.7 OR BQ.1.1.8 OR BQ.1.1.9 OR BQ.1.1.10 OR BQ.1.1.11 OR BQ.1.1.12 OR BQ.1.1.13 OR BQ.1.1.14 OR BQ.1.1.15 OR BQ.1.1.16 OR BQ.1.1.17 OR BQ.1.1.18 OR BQ.1.1.19 OR BQ.1.1.20 OR BQ.1.1.21 OR BQ.1.1.22 OR BQ.1.1.23 OR BQ.1.1.24 OR BQ.1.1.25 OR BQ.1.1.26 OR BQ.1.1.27 OR BQ.1.1.28 OR BQ.1.1.29 OR BQ.1.1.30 OR BQ.1.1.31 OR BQ.1.1.32 OR BQ.1.1.34 OR BQ.1.1.35 OR BQ.1.1.36 OR BQ.1.2 OR BQ.1.3 OR BQ.1.4 OR BQ.1.5 OR BQ.1.6 OR BQ.1.7 OR BQ.1.8 OR BQ.1.8.1 OR BQ.1.8.2 OR BQ.1.9 OR BQ.1.10 OR BQ.1.10.1 OR BQ.1.11 OR BQ.1.12 OR BQ.1.13 OR BQ.1.13.1 OR BQ.1.14 OR BQ.1.15 OR BQ.1.16 OR BQ.1.17 OR BQ.1.18 OR BQ.1.19 OR BQ.1.20 OR BQ.1.21 OR BQ.1.22 OR BQ.1.23 OR BQ.1.24 OR BQ.1.25 OR BQ.1.25.1 OR BQ.1.26 OR BQ.1.26.1 OR BQ.1.27 OR BQ.1.28 OR BQ.2 OR BR.1 OR BR.1.1 OR BR.1.2 OR BR.2 OR BR.2.1 OR BR.3 OR BR.4 OR BS.1 OR BS.1.1 OR BS.1.2 OR BT.1 OR BT.2 OR BU.1 OR BU.2 OR BU.3 OR BV.1 OR BV.2 OR BW.1 OR BW.1.1 OR BY.1 OR BY.1.1 OR BY.1.1.1 OR BY.1.2 OR BY.1.2.1 OR BZ.1 OR CA.1 OR CA.2 OR CA.3 OR CA.3.1 OR CA.4 OR CA.5 OR CA.6 OR CA.7 OR CB.1 OR CC.1 OR CD.1 OR CD.2 OR CE.1 OR CF.1 OR CG.1 OR CH.1 OR CH.1.1 OR CH.1.1.1 OR CH.1.1.2 OR CH.1.1.3 OR CH.1.1.4 OR CH.1.1.5 OR CH.2 OR CH.3 OR CH.3.1 OR CJ.1 OR CJ.1.1 OR CK.1 OR CK.1.1 OR CK.1.2 OR CK.2 OR CK.2.1 OR CK.2.1.1 OR CK.3 OR CL.1 OR CM.1 OR CM.2 OR CM.2.1 OR CM.3 OR CM.4 OR CM.4.1 OR CM.5 OR CM.5.1 OR CM.5.2 OR CM.6 OR CM.6.1 OR CM.7 OR CM.8 OR CM.8.1 OR CM.9 OR CM.10 OR CM.11 OR CM.12 OR CN.1 OR CN.2 OR CP.1 OR CP.1.1 OR CP.1.2 OR CP.1.3 OR CP.2 OR CP.3 OR CP.4 OR CP.5 OR CP.6 OR CQ.1 OR CQ.1.1 OR CQ.2 OR CR.1 OR CR.1.1 OR CR.1.2 OR CR.1.3 OR CR.2 OR CS.1 OR CT.1 OR CU.1 OR CV.1 OR CV.2 OR CW.1 OR CY.1 OR CZ.1 OR DA.1 OR DB.1 OR DB.2 OR DC.1 OR DD.1 OR DE.1 OR DE.2 OR DF.1 OR DF.1.1 OR DG.1 OR DH.1 OR DJ.1 OR DJ.1.1 OR DJ.1.2 OR DJ.1.3 OR DK.1 OR DL.1 OR DM.1 OR DN.1 OR DN.1.1 OR DP.1 OR DQ.1 OR DR.1 OR DS.1 OR DT.1 OR DU.1 OR DV.1,Omicron,12.5,11,0.88
2022-07-13,17,16,14.8571428571429,13.8571428571429,0.932692307692308,0.728248685535435,0.992709782212874,B.1.1.529 OR BA.1 OR BA.1.1 OR BA.1.1.1 OR BA.1.1.2 OR BA.1.1.3 OR BA.1.1.4 OR BA.1.1.5 OR BA.1.1.6 OR BA.1.1.7 OR BA.1.1.8 OR BA.1.1.9 OR BA.1.1.10 OR BA.1.1.11 OR BA.1.1.12 OR BA.1.1.13 OR BA.1.1.14 OR BA.1.1.15 OR BA.1.1.16 OR BA.1.1.17 OR BA.1.1.18 OR BA.1.2 OR BA.1.3 OR BA.1.4 OR BA.1.5 OR BA.1.6 OR BA.1.7 OR BA.1.8 OR BA.1.9 OR BA.1.10 OR BA.1.12 OR BA.1.13 OR BA.1.13.1 OR BA.1.14 OR BA.1.14.1 OR BA.1.14.2 OR BA.1.15 OR BA.1.15.1 OR BA.1.15.2 OR BA.1.15.3 OR BA.1.16 OR BA.1.16.1 OR BA.1.16.2 OR BA.1.17 OR BA.1.17.1 OR BA.1.17.2 OR BA.1.18 OR BA.1.19 OR BA.1.20 OR BA.1.21 OR BA.1.21.1 OR BA.1.22 OR BA.1.23 OR BA.1.24 OR BA.2 OR BA.2.1 OR BA.2.2 OR BA.2.2.1 OR BA.2.3 OR BA.2.3.1 OR BA.2.3.2 OR BA.2.3.4 OR BA.2.3.5 OR BA.2.3.6 OR BA.2.3.7 OR BA.2.3.8 OR BA.2.3.9 OR BA.2.3.10 OR BA.2.3.11 OR BA.2.3.12 OR BA.2.3.13 OR BA.2.3.14 OR BA.2.3.15 OR BA.2.3.16 OR BA.2.3.17 OR BA.2.3.18 OR BA.2.3.19 OR BA.2.3.20 OR BA.2.3.21 OR BA.2.3.22 OR BA.2.4 OR BA.2.5 OR BA.2.6 OR BA.2.7 OR BA.2.8 OR BA.2.9 OR BA.2.9.1 OR BA.2.9.2 OR BA.2.9.3 OR BA.2.9.4 OR BA.2.9.5 OR BA.2.9.6 OR BA.2.9.7 OR BA.2.10 OR BA.2.10.1 OR BA.2.10.2 OR BA.2.10.3 OR BA.2.10.4 OR BA.2.11 OR BA.2.12 OR BA.2.12.1 OR BA.2.12.2 OR BA.2.13 OR BA.2.13.1 OR BA.2.14 OR BA.2.15 OR BA.2.16 OR BA.2.17 OR BA.2.18 OR BA.2.19 OR BA.2.20 OR BA.2.21 OR BA.2.22 OR BA.2.23 OR BA.2.23.1 OR BA.2.24 OR BA.2.25 OR BA.2.25.1 OR BA.2.26 OR BA.2.27 OR BA.2.28 OR BA.2.29 OR BA.2.30 OR BA.2.31 OR BA.2.31.1 OR BA.2.32 OR BA.2.33 OR BA.2.34 OR BA.2.35 OR BA.2.36 OR BA.2.37 OR BA.2.38 OR BA.2.38.1 OR BA.2.38.2 OR BA.2.38.3 OR BA.2.38.4 OR BA.2.39 OR BA.2.40 OR BA.2.40.1 OR BA.2.41 OR BA.2.42 OR BA.2.43 OR BA.2.44 OR BA.2.45 OR BA.2.46 OR BA.2.47 OR BA.2.48 OR BA.2.49 OR BA.2.50 OR BA.2.51 OR BA.2.52 OR BA.2.53 OR BA.2.54 OR BA.2.55 OR BA.2.56 OR BA.2.56.1 OR BA.2.57 OR BA.2.58 OR BA.2.59 OR BA.2.60 OR BA.2.61 OR BA.2.62 OR BA.2.63 OR BA.2.64 OR BA.2.65 OR BA.2.66 OR BA.2.67 OR BA.2.68 OR BA.2.69 OR BA.2.70 OR BA.2.71 OR BA.2.72 OR BA.2.73 OR BA.2.74 OR BA.2.75 OR BA.2.75.1 OR BA.2.75.2 OR BA.2.75.3 OR BA.2.75.4 OR BA.2.75.5 OR BA.2.75.6 OR BA.2.75.7 OR BA.2.75.8 OR BA.2.75.9 OR BA.2.75.10 OR BA.2.76 OR BA.2.76.1 OR BA.2.76.2 OR BA.2.77 OR BA.2.78 OR BA.2.79 OR BA.2.79.1 OR BA.2.80 OR BA.2.81 OR BA.2.82 OR BA.2.83 OR BA.2.85 OR BA.3 OR BA.3.1 OR BA.4 OR BA.4.1 OR BA.4.1.1 OR BA.4.1.2 OR BA.4.1.3 OR BA.4.1.4 OR BA.4.1.5 OR BA.4.1.6 OR BA.4.1.7 OR BA.4.1.8 OR BA.4.1.9 OR BA.4.1.10 OR BA.4.2 OR BA.4.3 OR BA.4.4 OR BA.4.5 OR BA.4.6 OR BA.4.6.1 OR BA.4.6.2 OR BA.4.6.3 OR BA.4.6.4 OR BA.4.6.5 OR BA.4.7 OR BA.4.8 OR BA.5 OR BA.5.1 OR BA.5.1.1 OR BA.5.1.2 OR BA.5.1.3 OR BA.5.1.4 OR BA.5.1.5 OR BA.5.1.6 OR BA.5.1.7 OR BA.5.1.8 OR BA.5.1.9 OR BA.5.1.10 OR BA.5.1.11 OR BA.5.1.12 OR BA.5.1.14 OR BA.5.1.15 OR BA.5.1.16 OR BA.5.1.17 OR BA.5.1.18 OR BA.5.1.19 OR BA.5.1.20 OR BA.5.1.21 OR BA.5.1.22 OR BA.5.1.23 OR BA.5.1.24 OR BA.5.1.25 OR BA.5.1.26 OR BA.5.1.27 OR BA.5.1.28 OR BA.5.1.29 OR BA.5.1.30 OR BA.5.1.31 OR BA.5.1.32 OR BA.5.2 OR BA.5.2.1 OR BA.5.2.2 OR BA.5.2.3 OR BA.5.2.4 OR BA.5.2.5 OR BA.5.2.6 OR BA.5.2.7 OR BA.5.2.8 OR BA.5.2.9 OR BA.5.2.10 OR BA.5.2.11 OR BA.5.2.12 OR BA.5.2.13 OR BA.5.2.14 OR BA.5.2.16 OR BA.5.2.18 OR BA.5.2.19 OR BA.5.2.20 OR BA.5.2.21 OR BA.5.2.22 OR BA.5.2.23 OR BA.5.2.24 OR BA.5.2.25 OR BA.5.2.26 OR BA.5.2.27 OR BA.5.2.28 OR BA.5.2.29 OR BA.5.2.30 OR BA.5.2.31 OR BA.5.2.32 OR BA.5.2.33 OR BA.5.2.34 OR BA.5.2.35 OR BA.5.2.36 OR BA.5.2.37 OR BA.5.2.38 OR BA.5.2.39 OR BA.5.2.40 OR BA.5.2.41 OR BA.5.2.42 OR BA.5.2.43 OR BA.5.2.44 OR BA.5.2.45 OR BA.5.2.46 OR BA.5.2.47 OR BA.5.2.48 OR BA.5.2.49 OR BA.5.3 OR BA.5.3.1 OR BA.5.3.2 OR BA.5.3.3 OR BA.5.3.4 OR BA.5.3.5 OR BA.5.5 OR BA.5.5.1 OR BA.5.5.2 OR BA.5.5.3 OR BA.5.6 OR BA.5.6.1 OR BA.5.6.2 OR BA.5.6.3 OR BA.5.6.4 OR BA.5.7 OR BA.5.8 OR BA.5.9 OR BA.5.10 OR BA.5.10.1 OR BA.5.11 OR BC.1 OR BC.2 OR BD.1 OR BE.1 OR BE.1.1 OR BE.1.1.1 OR BE.1.1.2 OR BE.1.2 OR BE.1.2.1 OR BE.1.3 OR BE.1.4 OR BE.1.4.1 OR BE.1.4.2 OR BE.1.4.3 OR BE.1.4.4 OR BE.2 OR BE.3 OR BE.4 OR BE.4.1 OR BE.4.1.1 OR BE.4.2 OR BE.5 OR BE.6 OR BE.7 OR BE.8 OR BE.9 OR BE.10 OR BF.1 OR BF.1.1 OR BF.2 OR BF.3 OR BF.3.1 OR BF.4 OR BF.5 OR BF.5.1 OR BF.5.2 OR BF.6 OR BF.7 OR BF.7.1 OR BF.7.2 OR BF.7.3 OR BF.7.4 OR BF.7.4.1 OR BF.7.4.2 OR BF.7.5 OR BF.7.5.1 OR BF.7.6 OR BF.7.7 OR BF.7.8 OR BF.7.9 OR BF.7.10 OR BF.7.11 OR BF.7.12 OR BF.7.13 OR BF.7.13.1 OR BF.7.13.2 OR BF.7.14 OR BF.7.15 OR BF.8 OR BF.9 OR BF.10 OR BF.10.1 OR BF.11 OR BF.11.1 OR BF.11.2 OR BF.11.3 OR BF.11.4 OR BF.11.5 OR BF.12 OR BF.13 OR BF.14 OR BF.15 OR BF.16 OR BF.17 OR BF.18 OR BF.19 OR BF.20 OR BF.21 OR BF.22 OR BF.23 OR BF.24 OR BF.25 OR BF.26 OR BF.27 OR BF.28 OR BF.29 OR BF.30 OR BF.31 OR BF.31.1 OR BF.32 OR BF.33 OR BF.34 OR BG.1 OR BG.2 OR BG.3 OR BG.4 OR BG.5 OR BG.6 OR BG.7 OR BH.1 OR BJ.1 OR BK.1 OR BL.1 OR BL.1.1 OR BL.1.2 OR BL.1.3 OR BL.1.4 OR BL.2 OR BL.2.1 OR BL.3 OR BL.4 OR BL.5 OR BL.6 OR BM.1 OR BM.1.1 OR BM.1.1.1 OR BM.1.1.2 OR BM.1.1.3 OR BM.1.1.4 OR BM.1.1.5 OR BM.2 OR BM.2.1 OR BM.2.2 OR BM.2.3 OR BM.3 OR BM.4 OR BM.4.1 OR BM.4.1.1 OR BM.5 OR BM.6 OR BN.1 OR BN.1.1 OR BN.1.1.1 OR BN.1.2 OR BN.1.2.1 OR BN.1.3 OR BN.1.3.1 OR BN.1.3.2 OR BN.1.3.3 OR BN.1.3.4 OR BN.1.4 OR BN.1.4.1 OR BN.1.5 OR BN.1.5.1 OR BN.1.6 OR BN.1.7 OR BN.1.8 OR BN.1.9 OR BN.2 OR BN.2.1 OR BN.3 OR BN.3.1 OR BN.4 OR BN.5 OR BN.6 OR BP.1 OR BQ.1 OR BQ.1.1 OR BQ.1.1.1 OR BQ.1.1.2 OR BQ.1.1.3 OR BQ.1.1.4 OR BQ.1.1.5 OR BQ.1.1.6 OR BQ.1.1.7 OR BQ.1.1.8 OR BQ.1.1.9 OR BQ.1.1.10 OR BQ.1.1.11 OR BQ.1.1.12 OR BQ.1.1.13 OR BQ.1.1.14 OR BQ.1.1.15 OR BQ.1.1.16 OR BQ.1.1.17 OR BQ.1.1.18 OR BQ.1.1.19 OR BQ.1.1.20 OR BQ.1.1.21 OR BQ.1.1.22 OR BQ.1.1.23 OR BQ.1.1.24 OR BQ.1.1.25 OR BQ.1.1.26 OR BQ.1.1.27 OR BQ.1.1.28 OR BQ.1.1.29 OR BQ.1.1.30 OR BQ.1.1.31 OR BQ.1.1.32 OR BQ.1.1.34 OR BQ.1.1.35 OR BQ.1.1.36 OR BQ.1.2 OR BQ.1.3 OR BQ.1.4 OR BQ.1.5 OR BQ.1.6 OR BQ.1.7 OR BQ.1.8 OR BQ.1.8.1 OR BQ.1.8.2 OR BQ.1.9 OR BQ.1.10 OR BQ.1.10.1 OR BQ.1.11 OR BQ.1.12 OR BQ.1.13 OR BQ.1.13.1 OR BQ.1.14 OR BQ.1.15 OR BQ.1.16 OR BQ.1.17 OR BQ.1.18 OR BQ.1.19 OR BQ.1.20 OR BQ.1.21 OR BQ.1.22 OR BQ.1.23 OR BQ.1.24 OR BQ.1.25 OR BQ.1.25.1 OR BQ.1.26 OR BQ.1.26.1 OR BQ.1.27 OR BQ.1.28 OR BQ.2 OR BR.1 OR BR.1.1 OR BR.1.2 OR BR.2 OR BR.2.1 OR BR.3 OR BR.4 OR BS.1 OR BS.1.1 OR BS.1.2 OR BT.1 OR BT.2 OR BU.1 OR BU.2 OR BU.3 OR BV.1 OR BV.2 OR BW.1 OR BW.1.1 OR BY.1 OR BY.1.1 OR BY.1.1.1 OR BY.1.2 OR BY.1.2.1 OR BZ.1 OR CA.1 OR CA.2 OR CA.3 OR CA.3.1 OR CA.4 OR CA.5 OR CA.6 OR CA.7 OR CB.1 OR CC.1 OR CD.1 OR CD.2 OR CE.1 OR CF.1 OR CG.1 OR CH.1 OR CH.1.1 OR CH.1.1.1 OR CH.1.1.2 OR CH.1.1.3 OR CH.1.1.4 OR CH.1.1.5 OR CH.2 OR CH.3 OR CH.3.1 OR CJ.1 OR CJ.1.1 OR CK.1 OR CK.1.1 OR CK.1.2 OR CK.2 OR CK.2.1 OR CK.2.1.1 OR CK.3 OR CL.1 OR CM.1 OR CM.2 OR CM.2.1 OR CM.3 OR CM.4 OR CM.4.1 OR CM.5 OR CM.5.1 OR CM.5.2 OR CM.6 OR CM.6.1 OR CM.7 OR CM.8 OR CM.8.1 OR CM.9 OR CM.10 OR CM.11 OR CM.12 OR CN.1 OR CN.2 OR CP.1 OR CP.1.1 OR CP.1.2 OR CP.1.3 OR CP.2 OR CP.3 OR CP.4 OR CP.5 OR CP.6 OR CQ.1 OR CQ.1.1 OR CQ.2 OR CR.1 OR CR.1.1 OR CR.1.2 OR CR.1.3 OR CR.2 OR CS.1 OR CT.1 OR CU.1 OR CV.1 OR CV.2 OR CW.1 OR CY.1 OR CZ.1 OR DA.1 OR DB.1 OR DB.2 OR DC.1 OR DD.1 OR DE.1 OR DE.2 OR DF.1 OR DF.1.1 OR DG.1 OR DH.1 OR DJ.1 OR DJ.1.1 OR DJ.1.2 OR DJ.1.3 OR DK.1 OR DL.1 OR DM.1 OR DN.1 OR DN.1.1 OR DP.1 OR DQ.1 OR DR.1 OR DS.1 OR DT.1 OR DU.1 OR DV.1,Omicron,13.2142857142857,11.7142857142857,0.886486486486487
2022-07-14,15,15,14.1428571428571,13.4285714285714,0.949494949494949,0.711620428991947,0.992181369269896,B.1.1.529 OR BA.1 OR BA.1.1 OR BA.1.1.1 OR BA.1.1.2 OR BA.1.1.3 OR BA.1.1.4 OR BA.1.1.5 OR BA.1.1.6 OR BA.1.1.7 OR BA.1.1.8 OR BA.1.1.9 OR BA.1.1.10 OR BA.1.1.11 OR BA.1.1.12 OR BA.1.1.13 OR BA.1.1.14 OR BA.1.1.15 OR BA.1.1.16 OR BA.1.1.17 OR BA.1.1.18 OR BA.1.2 OR BA.1.3 OR BA.1.4 OR BA.1.5 OR BA.1.6 OR BA.1.7 OR BA.1.8 OR BA.1.9 OR BA.1.10 OR BA.1.12 OR BA.1.13 OR BA.1.13.1 OR BA.1.14 OR BA.1.14.1 OR BA.1.14.2 OR BA.1.15 OR BA.1.15.1 OR BA.1.15.2 OR BA.1.15.3 OR BA.1.16 OR BA.1.16.1 OR BA.1.16.2 OR BA.1.17 OR BA.1.17.1 OR BA.1.17.2 OR BA.1.18 OR BA.1.19 OR BA.1.20 OR BA.1.21 OR BA.1.21.1 OR BA.1.22 OR BA.1.23 OR BA.1.24 OR BA.2 OR BA.2.1 OR BA.2.2 OR BA.2.2.1 OR BA.2.3 OR BA.2.3.1 OR BA.2.3.2 OR BA.2.3.4 OR BA.2.3.5 OR BA.2.3.6 OR BA.2.3.7 OR BA.2.3.8 OR BA.2.3.9 OR BA.2.3.10 OR BA.2.3.11 OR BA.2.3.12 OR BA.2.3.13 OR BA.2.3.14 OR BA.2.3.15 OR BA.2.3.16 OR BA.2.3.17 OR BA.2.3.18 OR BA.2.3.19 OR BA.2.3.20 OR BA.2.3.21 OR BA.2.3.22 OR BA.2.4 OR BA.2.5 OR BA.2.6 OR BA.2.7 OR BA.2.8 OR BA.2.9 OR BA.2.9.1 OR BA.2.9.2 OR BA.2.9.3 OR BA.2.9.4 OR BA.2.9.5 OR BA.2.9.6 OR BA.2.9.7 OR BA.2.10 OR BA.2.10.1 OR BA.2.10.2 OR BA.2.10.3 OR BA.2.10.4 OR BA.2.11 OR BA.2.12 OR BA.2.12.1 OR BA.2.12.2 OR BA.2.13 OR BA.2.13.1 OR BA.2.14 OR BA.2.15 OR BA.2.16 OR BA.2.17 OR BA.2.18 OR BA.2.19 OR BA.2.20 OR BA.2.21 OR BA.2.22 OR BA.2.23 OR BA.2.23.1 OR BA.2.24 OR BA.2.25 OR BA.2.25.1 OR BA.2.26 OR BA.2.27 OR BA.2.28 OR BA.2.29 OR BA.2.30 OR BA.2.31 OR BA.2.31.1 OR BA.2.32 OR BA.2.33 OR BA.2.34 OR BA.2.35 OR BA.2.36 OR BA.2.37 OR BA.2.38 OR BA.2.38.1 OR BA.2.38.2 OR BA.2.38.3 OR BA.2.38.4 OR BA.2.39 OR BA.2.40 OR BA.2.40.1 OR BA.2.41 OR BA.2.42 OR BA.2.43 OR BA.2.44 OR BA.2.45 OR BA.2.46 OR BA.2.47 OR BA.2.48 OR BA.2.49 OR BA.2.50 OR BA.2.51 OR BA.2.52 OR BA.2.53 OR BA.2.54 OR BA.2.55 OR BA.2.56 OR BA.2.56.1 OR BA.2.57 OR BA.2.58 OR BA.2.59 OR BA.2.60 OR BA.2.61 OR BA.2.62 OR BA.2.63 OR BA.2.64 OR BA.2.65 OR BA.2.66 OR BA.2.67 OR BA.2.68 OR BA.2.69 OR BA.2.70 OR BA.2.71 OR BA.2.72 OR BA.2.73 OR BA.2.74 OR BA.2.75 OR BA.2.75.1 OR BA.2.75.2 OR BA.2.75.3 OR BA.2.75.4 OR BA.2.75.5 OR BA.2.75.6 OR BA.2.75.7 OR BA.2.75.8 OR BA.2.75.9 OR BA.2.75.10 OR BA.2.76 OR BA.2.76.1 OR BA.2.76.2 OR BA.2.77 OR BA.2.78 OR BA.2.79 OR BA.2.79.1 OR BA.2.80 OR BA.2.81 OR BA.2.82 OR BA.2.83 OR BA.2.85 OR BA.3 OR BA.3.1 OR BA.4 OR BA.4.1 OR BA.4.1.1 OR BA.4.1.2 OR BA.4.1.3 OR BA.4.1.4 OR BA.4.1.5 OR BA.4.1.6 OR BA.4.1.7 OR BA.4.1.8 OR BA.4.1.9 OR BA.4.1.10 OR BA.4.2 OR BA.4.3 OR BA.4.4 OR BA.4.5 OR BA.4.6 OR BA.4.6.1 OR BA.4.6.2 OR BA.4.6.3 OR BA.4.6.4 OR BA.4.6.5 OR BA.4.7 OR BA.4.8 OR BA.5 OR BA.5.1 OR BA.5.1.1 OR BA.5.1.2 OR BA.5.1.3 OR BA.5.1.4 OR BA.5.1.5 OR BA.5.1.6 OR BA.5.1.7 OR BA.5.1.8 OR BA.5.1.9 OR BA.5.1.10 OR BA.5.1.11 OR BA.5.1.12 OR BA.5.1.14 OR BA.5.1.15 OR BA.5.1.16 OR BA.5.1.17 OR BA.5.1.18 OR BA.5.1.19 OR BA.5.1.20 OR BA.5.1.21 OR BA.5.1.22 OR BA.5.1.23 OR BA.5.1.24 OR BA.5.1.25 OR BA.5.1.26 OR BA.5.1.27 OR BA.5.1.28 OR BA.5.1.29 OR BA.5.1.30 OR BA.5.1.31 OR BA.5.1.32 OR BA.5.2 OR BA.5.2.1 OR BA.5.2.2 OR BA.5.2.3 OR BA.5.2.4 OR BA.5.2.5 OR BA.5.2.6 OR BA.5.2.7 OR BA.5.2.8 OR BA.5.2.9 OR BA.5.2.10 OR BA.5.2.11 OR BA.5.2.12 OR BA.5.2.13 OR BA.5.2.14 OR BA.5.2.16 OR BA.5.2.18 OR BA.5.2.19 OR BA.5.2.20 OR BA.5.2.21 OR BA.5.2.22 OR BA.5.2.23 OR BA.5.2.24 OR BA.5.2.25 OR BA.5.2.26 OR BA.5.2.27 OR BA.5.2.28 OR BA.5.2.29 OR BA.5.2.30 OR BA.5.2.31 OR BA.5.2.32 OR BA.5.2.33 OR BA.5.2.34 OR BA.5.2.35 OR BA.5.2.36 OR BA.5.2.37 OR BA.5.2.38 OR BA.5.2.39 OR BA.5.2.40 OR BA.5.2.41 OR BA.5.2.42 OR BA.5.2.43 OR BA.5.2.44 OR BA.5.2.45 OR BA.5.2.46 OR BA.5.2.47 OR BA.5.2.48 OR BA.5.2.49 OR BA.5.3 OR BA.5.3.1 OR BA.5.3.2 OR BA.5.3.3 OR BA.5.3.4 OR BA.5.3.5 OR BA.5.5 OR BA.5.5.1 OR BA.5.5.2 OR BA.5.5.3 OR BA.5.6 OR BA.5.6.1 OR BA.5.6.2 OR BA.5.6.3 OR BA.5.6.4 OR BA.5.7 OR BA.5.8 OR BA.5.9 OR BA.5.10 OR BA.5.10.1 OR BA.5.11 OR BC.1 OR BC.2 OR BD.1 OR BE.1 OR BE.1.1 OR BE.1.1.1 OR BE.1.1.2 OR BE.1.2 OR BE.1.2.1 OR BE.1.3 OR BE.1.4 OR BE.1.4.1 OR BE.1.4.2 OR BE.1.4.3 OR BE.1.4.4 OR BE.2 OR BE.3 OR BE.4 OR BE.4.1 OR BE.4.1.1 OR BE.4.2 OR BE.5 OR BE.6 OR BE.7 OR BE.8 OR BE.9 OR BE.10 OR BF.1 OR BF.1.1 OR BF.2 OR BF.3 OR BF.3.1 OR BF.4 OR BF.5 OR BF.5.1 OR BF.5.2 OR BF.6 OR BF.7 OR BF.7.1 OR BF.7.2 OR BF.7.3 OR BF.7.4 OR BF.7.4.1 OR BF.7.4.2 OR BF.7.5 OR BF.7.5.1 OR BF.7.6 OR BF.7.7 OR BF.7.8 OR BF.7.9 OR BF.7.10 OR BF.7.11 OR BF.7.12 OR BF.7.13 OR BF.7.13.1 OR BF.7.13.2 OR BF.7.14 OR BF.7.15 OR BF.8 OR BF.9 OR BF.10 OR BF.10.1 OR BF.11 OR BF.11.1 OR BF.11.2 OR BF.11.3 OR BF.11.4 OR BF.11.5 OR BF.12 OR BF.13 OR BF.14 OR BF.15 OR BF.16 OR BF.17 OR BF.18 OR BF.19 OR BF.20 OR BF.21 OR BF.22 OR BF.23 OR BF.24 OR BF.25 OR BF.26 OR BF.27 OR BF.28 OR BF.29 OR BF.30 OR BF.31 OR BF.31.1 OR BF.32 OR BF.33 OR BF.34 OR BG.1 OR BG.2 OR BG.3 OR BG.4 OR BG.5 OR BG.6 OR BG.7 OR BH.1 OR BJ.1 OR BK.1 OR BL.1 OR BL.1.1 OR BL.1.2 OR BL.1.3 OR BL.1.4 OR BL.2 OR BL.2.1 OR BL.3 OR BL.4 OR BL.5 OR BL.6 OR BM.1 OR BM.1.1 OR BM.1.1.1 OR BM.1.1.2 OR BM.1.1.3 OR BM.1.1.4 OR BM.1.1.5 OR BM.2 OR BM.2.1 OR BM.2.2 OR BM.2.3 OR BM.3 OR BM.4 OR BM.4.1 OR BM.4.1.1 OR BM.5 OR BM.6 OR BN.1 OR BN.1.1 OR BN.1.1.1 OR BN.1.2 OR BN.1.2.1 OR BN.1.3 OR BN.1.3.1 OR BN.1.3.2 OR BN.1.3.3 OR BN.1.3.4 OR BN.1.4 OR BN.1.4.1 OR BN.1.5 OR BN.1.5.1 OR BN.1.6 OR BN.1.7 OR BN.1.8 OR BN.1.9 OR BN.2 OR BN.2.1 OR BN.3 OR BN.3.1 OR BN.4 OR BN.5 OR BN.6 OR BP.1 OR BQ.1 OR BQ.1.1 OR BQ.1.1.1 OR BQ.1.1.2 OR BQ.1.1.3 OR BQ.1.1.4 OR BQ.1.1.5 OR BQ.1.1.6 OR BQ.1.1.7 OR BQ.1.1.8 OR BQ.1.1.9 OR BQ.1.1.10 OR BQ.1.1.11 OR BQ.1.1.12 OR BQ.1.1.13 OR BQ.1.1.14 OR BQ.1.1.15 OR BQ.1.1.16 OR BQ.1.1.17 OR BQ.1.1.18 OR BQ.1.1.19 OR BQ.1.1.20 OR BQ.1.1.21 OR BQ.1.1.22 OR BQ.1.1.23 OR BQ.1.1.24 OR BQ.1.1.25 OR BQ.1.1.26 OR BQ.1.1.27 OR BQ.1.1.28 OR BQ.1.1.29 OR BQ.1.1.30 OR BQ.1.1.31 OR BQ.1.1.32 OR BQ.1.1.34 OR BQ.1.1.35 OR BQ.1.1.36 OR BQ.1.2 OR BQ.1.3 OR BQ.1.4 OR BQ.1.5 OR BQ.1.6 OR BQ.1.7 OR BQ.1.8 OR BQ.1.8.1 OR BQ.1.8.2 OR BQ.1.9 OR BQ.1.10 OR BQ.1.10.1 OR BQ.1.11 OR BQ.1.12 OR BQ.1.13 OR BQ.1.13.1 OR BQ.1.14 OR BQ.1.15 OR BQ.1.16 OR BQ.1.17 OR BQ.1.18 OR BQ.1.19 OR BQ.1.20 OR BQ.1.21 OR BQ.1.22 OR BQ.1.23 OR BQ.1.24 OR BQ.1.25 OR BQ.1.25.1 OR BQ.1.26 OR BQ.1.26.1 OR BQ.1.27 OR BQ.1.28 OR BQ.2 OR BR.1 OR BR.1.1 OR BR.1.2 OR BR.2 OR BR.2.1 OR BR.3 OR BR.4 OR BS.1 OR BS.1.1 OR BS.1.2 OR BT.1 OR BT.2 OR BU.1 OR BU.2 OR BU.3 OR BV.1 OR BV.2 OR BW.1 OR BW.1.1 OR BY.1 OR BY.1.1 OR BY.1.1.1 OR BY.1.2 OR BY.1.2.1 OR BZ.1 OR CA.1 OR CA.2 OR CA.3 OR CA.3.1 OR CA.4 OR CA.5 OR CA.6 OR CA.7 OR CB.1 OR CC.1 OR CD.1 OR CD.2 OR CE.1 OR CF.1 OR CG.1 OR CH.1 OR CH.1.1 OR CH.1.1.1 OR CH.1.1.2 OR CH.1.1.3 OR CH.1.1.4 OR CH.1.1.5 OR CH.2 OR CH.3 OR CH.3.1 OR CJ.1 OR CJ.1.1 OR CK.1 OR CK.1.1 OR CK.1.2 OR CK.2 OR CK.2.1 OR CK.2.1.1 OR CK.3 OR CL.1 OR CM.1 OR CM.2 OR CM.2.1 OR CM.3 OR CM.4 OR CM.4.1 OR CM.5 OR CM.5.1 OR CM.5.2 OR CM.6 OR CM.6.1 OR CM.7 OR CM.8 OR CM.8.1 OR CM.9 OR CM.10 OR CM.11 OR CM.12 OR CN.1 OR CN.2 OR CP.1 OR CP.1.1 OR CP.1.2 OR CP.1.3 OR CP.2 OR CP.3 OR CP.4 OR CP.5 OR CP.6 OR CQ.1 OR CQ.1.1 OR CQ.2 OR CR.1 OR CR.1.1 OR CR.1.2 OR CR.1.3 OR CR.2 OR CS.1 OR CT.1 OR CU.1 OR CV.1 OR CV.2 OR CW.1 OR CY.1 OR CZ.1 OR DA.1 OR DB.1 OR DB.2 OR DC.1 OR DD.1 OR DE.1 OR DE.2 OR DF.1 OR DF.1.1 OR DG.1 OR DH.1 OR DJ.1 OR DJ.1.1 OR DJ.1.2 OR DJ.1.3 OR DK.1 OR DL.1 OR DM.1 OR DN.1 OR DN.1.1 OR DP.1 OR DQ.1 OR DR.1 OR DS.1 OR DT.1 OR DU.1 OR DV.1,Omicron,13.9285714285714,12.4285714285714,0.892307692307692
2022-07-15,55,38,19.8571428571429,16.7142857142857,0.841726618705036,0.651422289141546,0.955868658024844,B.1.1.529 OR BA.1 OR BA.1.1 OR BA.1.1.1 OR BA.1.1.2 OR BA.1.1.3 OR BA.1.1.4 OR BA.1.1.5 OR BA.1.1.6 OR BA.1.1.7 OR BA.1.1.8 OR BA.1.1.9 OR BA.1.1.10 OR BA.1.1.11 OR BA.1.1.12 OR BA.1.1.13 OR BA.1.1.14 OR BA.1.1.15 OR BA.1.1.16 OR BA.1.1.17 OR BA.1.1.18 OR BA.1.2 OR BA.1.3 OR BA.1.4 OR BA.1.5 OR BA.1.6 OR BA.1.7 OR BA.1.8 OR BA.1.9 OR BA.1.10 OR BA.1.12 OR BA.1.13 OR BA.1.13.1 OR BA.1.14 OR BA.1.14.1 OR BA.1.14.2 OR BA.1.15 OR BA.1.15.1 OR BA.1.15.2 OR BA.1.15.3 OR BA.1.16 OR BA.1.16.1 OR BA.1.16.2 OR BA.1.17 OR BA.1.17.1 OR BA.1.17.2 OR BA.1.18 OR BA.1.19 OR BA.1.20 OR BA.1.21 OR BA.1.21.1 OR BA.1.22 OR BA.1.23 OR BA.1.24 OR BA.2 OR BA.2.1 OR BA.2.2 OR BA.2.2.1 OR BA.2.3 OR BA.2.3.1 OR BA.2.3.2 OR BA.2.3.4 OR BA.2.3.5 OR BA.2.3.6 OR BA.2.3.7 OR BA.2.3.8 OR BA.2.3.9 OR BA.2.3.10 OR BA.2.3.11 OR BA.2.3.12 OR BA.2.3.13 OR BA.2.3.14 OR BA.2.3.15 OR BA.2.3.16 OR BA.2.3.17 OR BA.2.3.18 OR BA.2.3.19 OR BA.2.3.20 OR BA.2.3.21 OR BA.2.3.22 OR BA.2.4 OR BA.2.5 OR BA.2.6 OR BA.2.7 OR BA.2.8 OR BA.2.9 OR BA.2.9.1 OR BA.2.9.2 OR BA.2.9.3 OR BA.2.9.4 OR BA.2.9.5 OR BA.2.9.6 OR BA.2.9.7 OR BA.2.10 OR BA.2.10.1 OR BA.2.10.2 OR BA.2.10.3 OR BA.2.10.4 OR BA.2.11 OR BA.2.12 OR BA.2.12.1 OR BA.2.12.2 OR BA.2.13 OR BA.2.13.1 OR BA.2.14 OR BA.2.15 OR BA.2.16 OR BA.2.17 OR BA.2.18 OR BA.2.19 OR BA.2.20 OR BA.2.21 OR BA.2.22 OR BA.2.23 OR BA.2.23.1 OR BA.2.24 OR BA.2.25 OR BA.2.25.1 OR BA.2.26 OR BA.2.27 OR BA.2.28 OR BA.2.29 OR BA.2.30 OR BA.2.31 OR BA.2.31.1 OR BA.2.32 OR BA.2.33 OR BA.2.34 OR BA.2.35 OR BA.2.36 OR BA.2.37 OR BA.2.38 OR BA.2.38.1 OR BA.2.38.2 OR BA.2.38.3 OR BA.2.38.4 OR BA.2.39 OR BA.2.40 OR BA.2.40.1 OR BA.2.41 OR BA.2.42 OR BA.2.43 OR BA.2.44 OR BA.2.45 OR BA.2.46 OR BA.2.47 OR BA.2.48 OR BA.2.49 OR BA.2.50 OR BA.2.51 OR BA.2.52 OR BA.2.53 OR BA.2.54 OR BA.2.55 OR BA.2.56 OR BA.2.56.1 OR BA.2.57 OR BA.2.58 OR BA.2.59 OR BA.2.60 OR BA.2.61 OR BA.2.62 OR BA.2.63 OR BA.2.64 OR BA.2.65 OR BA.2.66 OR BA.2.67 OR BA.2.68 OR BA.2.69 OR BA.2.70 OR BA.2.71 OR BA.2.72 OR BA.2.73 OR BA.2.74 OR BA.2.75 OR BA.2.75.1 OR BA.2.75.2 OR BA.2.75.3 OR BA.2.75.4 OR BA.2.75.5 OR BA.2.75.6 OR BA.2.75.7 OR BA.2.75.8 OR BA.2.75.9 OR BA.2.75.10 OR BA.2.76 OR BA.2.76.1 OR BA.2.76.2 OR BA.2.77 OR BA.2.78 OR BA.2.79 OR BA.2.79.1 OR BA.2.80 OR BA.2.81 OR BA.2.82 OR BA.2.83 OR BA.2.85 OR BA.3 OR BA.3.1 OR BA.4 OR BA.4.1 OR BA.4.1.1 OR BA.4.1.2 OR BA.4.1.3 OR BA.4.1.4 OR BA.4.1.5 OR BA.4.1.6 OR BA.4.1.7 OR BA.4.1.8 OR BA.4.1.9 OR BA.4.1.10 OR BA.4.2 OR BA.4.3 OR BA.4.4 OR BA.4.5 OR BA.4.6 OR BA.4.6.1 OR BA.4.6.2 OR BA.4.6.3 OR BA.4.6.4 OR BA.4.6.5 OR BA.4.7 OR BA.4.8 OR BA.5 OR BA.5.1 OR BA.5.1.1 OR BA.5.1.2 OR BA.5.1.3 OR BA.5.1.4 OR BA.5.1.5 OR BA.5.1.6 OR BA.5.1.7 OR BA.5.1.8 OR BA.5.1.9 OR BA.5.1.10 OR BA.5.1.11 OR BA.5.1.12 OR BA.5.1.14 OR BA.5.1.15 OR BA.5.1.16 OR BA.5.1.17 OR BA.5.1.18 OR BA.5.1.19 OR BA.5.1.20 OR BA.5.1.21 OR BA.5.1.22 OR BA.5.1.23 OR BA.5.1.24 OR BA.5.1.25 OR BA.5.1.26 OR BA.5.1.27 OR BA.5.1.28 OR BA.5.1.29 OR BA.5.1.30 OR BA.5.1.31 OR BA.5.1.32 OR BA.5.2 OR BA.5.2.1 OR BA.5.2.2 OR BA.5.2.3 OR BA.5.2.4 OR BA.5.2.5 OR BA.5.2.6 OR BA.5.2.7 OR BA.5.2.8 OR BA.5.2.9 OR BA.5.2.10 OR BA.5.2.11 OR BA.5.2.12 OR BA.5.2.13 OR BA.5.2.14 OR BA.5.2.16 OR BA.5.2.18 OR BA.5.2.19 OR BA.5.2.20 OR BA.5.2.21 OR BA.5.2.22 OR BA.5.2.23 OR BA.5.2.24 OR BA.5.2.25 OR BA.5.2.26 OR BA.5.2.27 OR BA.5.2.28 OR BA.5.2.29 OR BA.5.2.30 OR BA.5.2.31 OR BA.5.2.32 OR BA.5.2.33 OR BA.5.2.34 OR BA.5.2.35 OR BA.5.2.36 OR BA.5.2.37 OR BA.5.2.38 OR BA.5.2.39 OR BA.5.2.40 OR BA.5.2.41 OR BA.5.2.42 OR BA.5.2.43 OR BA.5.2.44 OR BA.5.2.45 OR BA.5.2.46 OR BA.5.2.47 OR BA.5.2.48 OR BA.5.2.49 OR BA.5.3 OR BA.5.3.1 OR BA.5.3.2 OR BA.5.3.3 OR BA.5.3.4 OR BA.5.3.5 OR BA.5.5 OR BA.5.5.1 OR BA.5.5.2 OR BA.5.5.3 OR BA.5.6 OR BA.5.6.1 OR BA.5.6.2 OR BA.5.6.3 OR BA.5.6.4 OR BA.5.7 OR BA.5.8 OR BA.5.9 OR BA.5.10 OR BA.5.10.1 OR BA.5.11 OR BC.1 OR BC.2 OR BD.1 OR BE.1 OR BE.1.1 OR BE.1.1.1 OR BE.1.1.2 OR BE.1.2 OR BE.1.2.1 OR BE.1.3 OR BE.1.4 OR BE.1.4.1 OR BE.1.4.2 OR BE.1.4.3 OR BE.1.4.4 OR BE.2 OR BE.3 OR BE.4 OR BE.4.1 OR BE.4.1.1 OR BE.4.2 OR BE.5 OR BE.6 OR BE.7 OR BE.8 OR BE.9 OR BE.10 OR BF.1 OR BF.1.1 OR BF.2 OR BF.3 OR BF.3.1 OR BF.4 OR BF.5 OR BF.5.1 OR BF.5.2 OR BF.6 OR BF.7 OR BF.7.1 OR BF.7.2 OR BF.7.3 OR BF.7.4 OR BF.7.4.1 OR BF.7.4.2 OR BF.7.5 OR BF.7.5.1 OR BF.7.6 OR BF.7.7 OR BF.7.8 OR BF.7.9 OR BF.7.10 OR BF.7.11 OR BF.7.12 OR BF.7.13 OR BF.7.13.1 OR BF.7.13.2 OR BF.7.14 OR BF.7.15 OR BF.8 OR BF.9 OR BF.10 OR BF.10.1 OR BF.11 OR BF.11.1 OR BF.11.2 OR BF.11.3 OR BF.11.4 OR BF.11.5 OR BF.12 OR BF.13 OR BF.14 OR BF.15 OR BF.16 OR BF.17 OR BF.18 OR BF.19 OR BF.20 OR BF.21 OR BF.22 OR BF.23 OR BF.24 OR BF.25 OR BF.26 OR BF.27 OR BF.28 OR BF.29 OR BF.30 OR BF.31 OR BF.31.1 OR BF.32 OR BF.33 OR BF.34 OR BG.1 OR BG.2 OR BG.3 OR BG.4 OR BG.5 OR BG.6 OR BG.7 OR BH.1 OR BJ.1 OR BK.1 OR BL.1 OR BL.1.1 OR BL.1.2 OR BL.1.3 OR BL.1.4 OR BL.2 OR BL.2.1 OR BL.3 OR BL.4 OR BL.5 OR BL.6 OR BM.1 OR BM.1.1 OR BM.1.1.1 OR BM.1.1.2 OR BM.1.1.3 OR BM.1.1.4 OR BM.1.1.5 OR BM.2 OR BM.2.1 OR BM.2.2 OR BM.2.3 OR BM.3 OR BM.4 OR BM.4.1 OR BM.4.1.1 OR BM.5 OR BM.6 OR BN.1 OR BN.1.1 OR BN.1.1.1 OR BN.1.2 OR BN.1.2.1 OR BN.1.3 OR BN.1.3.1 OR BN.1.3.2 OR BN.1.3.3 OR BN.1.3.4 OR BN.1.4 OR BN.1.4.1 OR BN.1.5 OR BN.1.5.1 OR BN.1.6 OR BN.1.7 OR BN.1.8 OR BN.1.9 OR BN.2 OR BN.2.1 OR BN.3 OR BN.3.1 OR BN.4 OR BN.5 OR BN.6 OR BP.1 OR BQ.1 OR BQ.1.1 OR BQ.1.1.1 OR BQ.1.1.2 OR BQ.1.1.3 OR BQ.1.1.4 OR BQ.1.1.5 OR BQ.1.1.6 OR BQ.1.1.7 OR BQ.1.1.8 OR BQ.1.1.9 OR BQ.1.1.10 OR BQ.1.1.11 OR BQ.1.1.12 OR BQ.1.1.13 OR BQ.1.1.14 OR BQ.1.1.15 OR BQ.1.1.16 OR BQ.1.1.17 OR BQ.1.1.18 OR BQ.1.1.19 OR BQ.1.1.20 OR BQ.1.1.21 OR BQ.1.1.22 OR BQ.1.1.23 OR BQ.1.1.24 OR BQ.1.1.25 OR BQ.1.1.26 OR BQ.1.1.27 OR BQ.1.1.28 OR BQ.1.1.29 OR BQ.1.1.30 OR BQ.1.1.31 OR BQ.1.1.32 OR BQ.1.1.34 OR BQ.1.1.35 OR BQ.1.1.36 OR BQ.1.2 OR BQ.1.3 OR BQ.1.4 OR BQ.1.5 OR BQ.1.6 OR BQ.1.7 OR BQ.1.8 OR BQ.1.8.1 OR BQ.1.8.2 OR BQ.1.9 OR BQ.1.10 OR BQ.1.10.1 OR BQ.1.11 OR BQ.1.12 OR BQ.1.13 OR BQ.1.13.1 OR BQ.1.14 OR BQ.1.15 OR BQ.1.16 OR BQ.1.17 OR BQ.1.18 OR BQ.1.19 OR BQ.1.20 OR BQ.1.21 OR BQ.1.22 OR BQ.1.23 OR BQ.1.24 OR BQ.1.25 OR BQ.1.25.1 OR BQ.1.26 OR BQ.1.26.1 OR BQ.1.27 OR BQ.1.28 OR BQ.2 OR BR.1 OR BR.1.1 OR BR.1.2 OR BR.2 OR BR.2.1 OR BR.3 OR BR.4 OR BS.1 OR BS.1.1 OR BS.1.2 OR BT.1 OR BT.2 OR BU.1 OR BU.2 OR BU.3 OR BV.1 OR BV.2 OR BW.1 OR BW.1.1 OR BY.1 OR BY.1.1 OR BY.1.1.1 OR BY.1.2 OR BY.1.2.1 OR BZ.1 OR CA.1 OR CA.2 OR CA.3 OR CA.3.1 OR CA.4 OR CA.5 OR CA.6 OR CA.7 OR CB.1 OR CC.1 OR CD.1 OR CD.2 OR CE.1 OR CF.1 OR CG.1 OR CH.1 OR CH.1.1 OR CH.1.1.1 OR CH.1.1.2 OR CH.1.1.3 OR CH.1.1.4 OR CH.1.1.5 OR CH.2 OR CH.3 OR CH.3.1 OR CJ.1 OR CJ.1.1 OR CK.1 OR CK.1.1 OR CK.1.2 OR CK.2 OR CK.2.1 OR CK.2.1.1 OR CK.3 OR CL.1 OR CM.1 OR CM.2 OR CM.2.1 OR CM.3 OR CM.4 OR CM.4.1 OR CM.5 OR CM.5.1 OR CM.5.2 OR CM.6 OR CM.6.1 OR CM.7 OR CM.8 OR CM.8.1 OR CM.9 OR CM.10 OR CM.11 OR CM.12 OR CN.1 OR CN.2 OR CP.1 OR CP.1.1 OR CP.1.2 OR CP.1.3 OR CP.2 OR CP.3 OR CP.4 OR CP.5 OR CP.6 OR CQ.1 OR CQ.1.1 OR CQ.2 OR CR.1 OR CR.1.1 OR CR.1.2 OR CR.1.3 OR CR.2 OR CS.1 OR CT.1 OR CU.1 OR CV.1 OR CV.2 OR CW.1 OR CY.1 OR CZ.1 OR DA.1 OR DB.1 OR DB.2 OR DC.1 OR DD.1 OR DE.1 OR DE.2 OR DF.1 OR DF.1.1 OR DG.1 OR DH.1 OR DJ.1 OR DJ.1.1 OR DJ.1.2 OR DJ.1.3 OR DK.1 OR DL.1 OR DM.1 OR DN.1 OR DN.1.1 OR DP.1 OR DQ.1 OR DR.1 OR DS.1 OR DT.1 OR DU.1 OR DV.1,Omicron,17.1428571428571,14.5,0.845833333333333
2022-07-16,4,3,18.7142857142857,15.4285714285714,0.82442748091603,0.573794132291395,0.924468147086528,B.1.1.529 OR BA.1 OR BA.1.1 OR BA.1.1.1 OR BA.1.1.2 OR BA.1.1.3 OR BA.1.1.4 OR BA.1.1.5 OR BA.1.1.6 OR BA.1.1.7 OR BA.1.1.8 OR BA.1.1.9 OR BA.1.1.10 OR BA.1.1.11 OR BA.1.1.12 OR BA.1.1.13 OR BA.1.1.14 OR BA.1.1.15 OR BA.1.1.16 OR BA.1.1.17 OR BA.1.1.18 OR BA.1.2 OR BA.1.3 OR BA.1.4 OR BA.1.5 OR BA.1.6 OR BA.1.7 OR BA.1.8 OR BA.1.9 OR BA.1.10 OR BA.1.12 OR BA.1.13 OR BA.1.13.1 OR BA.1.14 OR BA.1.14.1 OR BA.1.14.2 OR BA.1.15 OR BA.1.15.1 OR BA.1.15.2 OR BA.1.15.3 OR BA.1.16 OR BA.1.16.1 OR BA.1.16.2 OR BA.1.17 OR BA.1.17.1 OR BA.1.17.2 OR BA.1.18 OR BA.1.19 OR BA.1.20 OR BA.1.21 OR BA.1.21.1 OR BA.1.22 OR BA.1.23 OR BA.1.24 OR BA.2 OR BA.2.1 OR BA.2.2 OR BA.2.2.1 OR BA.2.3 OR BA.2.3.1 OR BA.2.3.2 OR BA.2.3.4 OR BA.2.3.5 OR BA.2.3.6 OR BA.2.3.7 OR BA.2.3.8 OR BA.2.3.9 OR BA.2.3.10 OR BA.2.3.11 OR BA.2.3.12 OR BA.2.3.13 OR BA.2.3.14 OR BA.2.3.15 OR BA.2.3.16 OR BA.2.3.17 OR BA.2.3.18 OR BA.2.3.19 OR BA.2.3.20 OR BA.2.3.21 OR BA.2.3.22 OR BA.2.4 OR BA.2.5 OR BA.2.6 OR BA.2.7 OR BA.2.8 OR BA.2.9 OR BA.2.9.1 OR BA.2.9.2 OR BA.2.9.3 OR BA.2.9.4 OR BA.2.9.5 OR BA.2.9.6 OR BA.2.9.7 OR BA.2.10 OR BA.2.10.1 OR BA.2.10.2 OR BA.2.10.3 OR BA.2.10.4 OR BA.2.11 OR BA.2.12 OR BA.2.12.1 OR BA.2.12.2 OR BA.2.13 OR BA.2.13.1 OR BA.2.14 OR BA.2.15 OR BA.2.16 OR BA.2.17 OR BA.2.18 OR BA.2.19 OR BA.2.20 OR BA.2.21 OR BA.2.22 OR BA.2.23 OR BA.2.23.1 OR BA.2.24 OR BA.2.25 OR BA.2.25.1 OR BA.2.26 OR BA.2.27 OR BA.2.28 OR BA.2.29 OR BA.2.30 OR BA.2.31 OR BA.2.31.1 OR BA.2.32 OR BA.2.33 OR BA.2.34 OR BA.2.35 OR BA.2.36 OR BA.2.37 OR BA.2.38 OR BA.2.38.1 OR BA.2.38.2 OR BA.2.38.3 OR BA.2.38.4 OR BA.2.39 OR BA.2.40 OR BA.2.40.1 OR BA.2.41 OR BA.2.42 OR BA.2.43 OR BA.2.44 OR BA.2.45 OR BA.2.46 OR BA.2.47 OR BA.2.48 OR BA.2.49 OR BA.2.50 OR BA.2.51 OR BA.2.52 OR BA.2.53 OR BA.2.54 OR BA.2.55 OR BA.2.56 OR BA.2.56.1 OR BA.2.57 OR BA.2.58 OR BA.2.59 OR BA.2.60 OR BA.2.61 OR BA.2.62 OR BA.2.63 OR BA.2.64 OR BA.2.65 OR BA.2.66 OR BA.2.67 OR BA.2.68 OR BA.2.69 OR BA.2.70 OR BA.2.71 OR BA.2.72 OR BA.2.73 OR BA.2.74 OR BA.2.75 OR BA.2.75.1 OR BA.2.75.2 OR BA.2.75.3 OR BA.2.75.4 OR BA.2.75.5 OR BA.2.75.6 OR BA.2.75.7 OR BA.2.75.8 OR BA.2.75.9 OR BA.2.75.10 OR BA.2.76 OR BA.2.76.1 OR BA.2.76.2 OR BA.2.77 OR BA.2.78 OR BA.2.79 OR BA.2.79.1 OR BA.2.80 OR BA.2.81 OR BA.2.82 OR BA.2.83 OR BA.2.85 OR BA.3 OR BA.3.1 OR BA.4 OR BA.4.1 OR BA.4.1.1 OR BA.4.1.2 OR BA.4.1.3 OR BA.4.1.4 OR BA.4.1.5 OR BA.4.1.6 OR BA.4.1.7 OR BA.4.1.8 OR BA.4.1.9 OR BA.4.1.10 OR BA.4.2 OR BA.4.3 OR BA.4.4 OR BA.4.5 OR BA.4.6 OR BA.4.6.1 OR BA.4.6.2 OR BA.4.6.3 OR BA.4.6.4 OR BA.4.6.5 OR BA.4.7 OR BA.4.8 OR BA.5 OR BA.5.1 OR BA.5.1.1 OR BA.5.1.2 OR BA.5.1.3 OR BA.5.1.4 OR BA.5.1.5 OR BA.5.1.6 OR BA.5.1.7 OR BA.5.1.8 OR BA.5.1.9 OR BA.5.1.10 OR BA.5.1.11 OR BA.5.1.12 OR BA.5.1.14 OR BA.5.1.15 OR BA.5.1.16 OR BA.5.1.17 OR BA.5.1.18 OR BA.5.1.19 OR BA.5.1.20 OR BA.5.1.21 OR BA.5.1.22 OR BA.5.1.23 OR BA.5.1.24 OR BA.5.1.25 OR BA.5.1.26 OR BA.5.1.27 OR BA.5.1.28 OR BA.5.1.29 OR BA.5.1.30 OR BA.5.1.31 OR BA.5.1.32 OR BA.5.2 OR BA.5.2.1 OR BA.5.2.2 OR BA.5.2.3 OR BA.5.2.4 OR BA.5.2.5 OR BA.5.2.6 OR BA.5.2.7 OR BA.5.2.8 OR BA.5.2.9 OR BA.5.2.10 OR BA.5.2.11 OR BA.5.2.12 OR BA.5.2.13 OR BA.5.2.14 OR BA.5.2.16 OR BA.5.2.18 OR BA.5.2.19 OR BA.5.2.20 OR BA.5.2.21 OR BA.5.2.22 OR BA.5.2.23 OR BA.5.2.24 OR BA.5.2.25 OR BA.5.2.26 OR BA.5.2.27 OR BA.5.2.28 OR BA.5.2.29 OR BA.5.2.30 OR BA.5.2.31 OR BA.5.2.32 OR BA.5.2.33 OR BA.5.2.34 OR BA.5.2.35 OR BA.5.2.36 OR BA.5.2.37 OR BA.5.2.38 OR BA.5.2.39 OR BA.5.2.40 OR BA.5.2.41 OR BA.5.2.42 OR BA.5.2.43 OR BA.5.2.44 OR BA.5.2.45 OR BA.5.2.46 OR BA.5.2.47 OR BA.5.2.48 OR BA.5.2.49 OR BA.5.3 OR BA.5.3.1 OR BA.5.3.2 OR BA.5.3.3 OR BA.5.3.4 OR BA.5.3.5 OR BA.5.5 OR BA.5.5.1 OR BA.5.5.2 OR BA.5.5.3 OR BA.5.6 OR BA.5.6.1 OR BA.5.6.2 OR BA.5.6.3 OR BA.5.6.4 OR BA.5.7 OR BA.5.8 OR BA.5.9 OR BA.5.10 OR BA.5.10.1 OR BA.5.11 OR BC.1 OR BC.2 OR BD.1 OR BE.1 OR BE.1.1 OR BE.1.1.1 OR BE.1.1.2 OR BE.1.2 OR BE.1.2.1 OR BE.1.3 OR BE.1.4 OR BE.1.4.1 OR BE.1.4.2 OR BE.1.4.3 OR BE.1.4.4 OR BE.2 OR BE.3 OR BE.4 OR BE.4.1 OR BE.4.1.1 OR BE.4.2 OR BE.5 OR BE.6 OR BE.7 OR BE.8 OR BE.9 OR BE.10 OR BF.1 OR BF.1.1 OR BF.2 OR BF.3 OR BF.3.1 OR BF.4 OR BF.5 OR BF.5.1 OR BF.5.2 OR BF.6 OR BF.7 OR BF.7.1 OR BF.7.2 OR BF.7.3 OR BF.7.4 OR BF.7.4.1 OR BF.7.4.2 OR BF.7.5 OR BF.7.5.1 OR BF.7.6 OR BF.7.7 OR BF.7.8 OR BF.7.9 OR BF.7.10 OR BF.7.11 OR BF.7.12 OR BF.7.13 OR BF.7.13.1 OR BF.7.13.2 OR BF.7.14 OR BF.7.15 OR BF.8 OR BF.9 OR BF.10 OR BF.10.1 OR BF.11 OR BF.11.1 OR BF.11.2 OR BF.11.3 OR BF.11.4 OR BF.11.5 OR BF.12 OR BF.13 OR BF.14 OR BF.15 OR BF.16 OR BF.17 OR BF.18 OR BF.19 OR BF.20 OR BF.21 OR BF.22 OR BF.23 OR BF.24 OR BF.25 OR BF.26 OR BF.27 OR BF.28 OR BF.29 OR BF.30 OR BF.31 OR BF.31.1 OR BF.32 OR BF.33 OR BF.34 OR BG.1 OR BG.2 OR BG.3 OR BG.4 OR BG.5 OR BG.6 OR BG.7 OR BH.1 OR BJ.1 OR BK.1 OR BL.1 OR BL.1.1 OR BL.1.2 OR BL.1.3 OR BL.1.4 OR BL.2 OR BL.2.1 OR BL.3 OR BL.4 OR BL.5 OR BL.6 OR BM.1 OR BM.1.1 OR BM.1.1.1 OR BM.1.1.2 OR BM.1.1.3 OR BM.1.1.4 OR BM.1.1.5 OR BM.2 OR BM.2.1 OR BM.2.2 OR BM.2.3 OR BM.3 OR BM.4 OR BM.4.1 OR BM.4.1.1 OR BM.5 OR BM.6 OR BN.1 OR BN.1.1 OR BN.1.1.1 OR BN.1.2 OR BN.1.2.1 OR BN.1.3 OR BN.1.3.1 OR BN.1.3.2 OR BN.1.3.3 OR BN.1.3.4 OR BN.1.4 OR BN.1.4.1 OR BN.1.5 OR BN.1.5.1 OR BN.1.6 OR BN.1.7 OR BN.1.8 OR BN.1.9 OR BN.2 OR BN.2.1 OR BN.3 OR BN.3.1 OR BN.4 OR BN.5 OR BN.6 OR BP.1 OR BQ.1 OR BQ.1.1 OR BQ.1.1.1 OR BQ.1.1.2 OR BQ.1.1.3 OR BQ.1.1.4 OR BQ.1.1.5 OR BQ.1.1.6 OR BQ.1.1.7 OR BQ.1.1.8 OR BQ.1.1.9 OR BQ.1.1.10 OR BQ.1.1.11 OR BQ.1.1.12 OR BQ.1.1.13 OR BQ.1.1.14 OR BQ.1.1.15 OR BQ.1.1.16 OR BQ.1.1.17 OR BQ.1.1.18 OR BQ.1.1.19 OR BQ.1.1.20 OR BQ.1.1.21 OR BQ.1.1.22 OR BQ.1.1.23 OR BQ.1.1.24 OR BQ.1.1.25 OR BQ.1.1.26 OR BQ.1.1.27 OR BQ.1.1.28 OR BQ.1.1.29 OR BQ.1.1.30 OR BQ.1.1.31 OR BQ.1.1.32 OR BQ.1.1.34 OR BQ.1.1.35 OR BQ.1.1.36 OR BQ.1.2 OR BQ.1.3 OR BQ.1.4 OR BQ.1.5 OR BQ.1.6 OR BQ.1.7 OR BQ.1.8 OR BQ.1.8.1 OR BQ.1.8.2 OR BQ.1.9 OR BQ.1.10 OR BQ.1.10.1 OR BQ.1.11 OR BQ.1.12 OR BQ.1.13 OR BQ.1.13.1 OR BQ.1.14 OR BQ.1.15 OR BQ.1.16 OR BQ.1.17 OR BQ.1.18 OR BQ.1.19 OR BQ.1.20 OR BQ.1.21 OR BQ.1.22 OR BQ.1.23 OR BQ.1.24 OR BQ.1.25 OR BQ.1.25.1 OR BQ.1.26 OR BQ.1.26.1 OR BQ.1.27 OR BQ.1.28 OR BQ.2 OR BR.1 OR BR.1.1 OR BR.1.2 OR BR.2 OR BR.2.1 OR BR.3 OR BR.4 OR BS.1 OR BS.1.1 OR BS.1.2 OR BT.1 OR BT.2 OR BU.1 OR BU.2 OR BU.3 OR BV.1 OR BV.2 OR BW.1 OR BW.1.1 OR BY.1 OR BY.1.1 OR BY.1.1.1 OR BY.1.2 OR BY.1.2.1 OR BZ.1 OR CA.1 OR CA.2 OR CA.3 OR CA.3.1 OR CA.4 OR CA.5 OR CA.6 OR CA.7 OR CB.1 OR CC.1 OR CD.1 OR CD.2 OR CE.1 OR CF.1 OR CG.1 OR CH.1 OR CH.1.1 OR CH.1.1.1 OR CH.1.1.2 OR CH.1.1.3 OR CH.1.1.4 OR CH.1.1.5 OR CH.2 OR CH.3 OR CH.3.1 OR CJ.1 OR CJ.1.1 OR CK.1 OR CK.1.1 OR CK.1.2 OR CK.2 OR CK.2.1 OR CK.2.1.1 OR CK.3 OR CL.1 OR CM.1 OR CM.2 OR CM.2.1 OR CM.3 OR CM.4 OR CM.4.1 OR CM.5 OR CM.5.1 OR CM.5.2 OR CM.6 OR CM.6.1 OR CM.7 OR CM.8 OR CM.8.1 OR CM.9 OR CM.10 OR CM.11 OR CM.12 OR CN.1 OR CN.2 OR CP.1 OR CP.1.1 OR CP.1.2 OR CP.1.3 OR CP.2 OR CP.3 OR CP.4 OR CP.5 OR CP.6 OR CQ.1 OR CQ.1.1 OR CQ.2 OR CR.1 OR CR.1.1 OR CR.1.2 OR CR.1.3 OR CR.2 OR CS.1 OR CT.1 OR CU.1 OR CV.1 OR CV.2 OR CW.1 OR CY.1 OR CZ.1 OR DA.1 OR DB.1 OR DB.2 OR DC.1 OR DD.1 OR DE.1 OR DE.2 OR DF.1 OR DF.1.1 OR DG.1 OR DH.1 OR DJ.1 OR DJ.1.1 OR DJ.1.2 OR DJ.1.3 OR DK.1 OR DL.1 OR DM.1 OR DN.1 OR DN.1.1 OR DP.1 OR DQ.1 OR DR.1 OR DS.1 OR DT.1 OR DU.1 OR DV.1,Omicron,16.7142857142857,14.2857142857143,0.854700854700855
2022-07-17,13,11,19.2857142857143,16,0.82962962962963,0.635756815327585,0.953432778586849,B.1.1.529 OR BA.1 OR BA.1.1 OR BA.1.1.1 OR BA.1.1.2 OR BA.1.1.3 OR BA.1.1.4 OR BA.1.1.5 OR BA.1.1.6 OR BA.1.1.7 OR BA.1.1.8 OR BA.1.1.9 OR BA.1.1.10 OR BA.1.1.11 OR BA.1.1.12 OR BA.1.1.13 OR BA.1.1.14 OR BA.1.1.15 OR BA.1.1.16 OR BA.1.1.17 OR BA.1.1.18 OR BA.1.2 OR BA.1.3 OR BA.1.4 OR BA.1.5 OR BA.1.6 OR BA.1.7 OR BA.1.8 OR BA.1.9 OR BA.1.10 OR BA.1.12 OR BA.1.13 OR BA.1.13.1 OR BA.1.14 OR BA.1.14.1 OR BA.1.14.2 OR BA.1.15 OR BA.1.15.1 OR BA.1.15.2 OR BA.1.15.3 OR BA.1.16 OR BA.1.16.1 OR BA.1.16.2 OR BA.1.17 OR BA.1.17.1 OR BA.1.17.2 OR BA.1.18 OR BA.1.19 OR BA.1.20 OR BA.1.21 OR BA.1.21.1 OR BA.1.22 OR BA.1.23 OR BA.1.24 OR BA.2 OR BA.2.1 OR BA.2.2 OR BA.2.2.1 OR BA.2.3 OR BA.2.3.1 OR BA.2.3.2 OR BA.2.3.4 OR BA.2.3.5 OR BA.2.3.6 OR BA.2.3.7 OR BA.2.3.8 OR BA.2.3.9 OR BA.2.3.10 OR BA.2.3.11 OR BA.2.3.12 OR BA.2.3.13 OR BA.2.3.14 OR BA.2.3.15 OR BA.2.3.16 OR BA.2.3.17 OR BA.2.3.18 OR BA.2.3.19 OR BA.2.3.20 OR BA.2.3.21 OR BA.2.3.22 OR BA.2.4 OR BA.2.5 OR BA.2.6 OR BA.2.7 OR BA.2.8 OR BA.2.9 OR BA.2.9.1 OR BA.2.9.2 OR BA.2.9.3 OR BA.2.9.4 OR BA.2.9.5 OR BA.2.9.6 OR BA.2.9.7 OR BA.2.10 OR BA.2.10.1 OR BA.2.10.2 OR BA.2.10.3 OR BA.2.10.4 OR BA.2.11 OR BA.2.12 OR BA.2.12.1 OR BA.2.12.2 OR BA.2.13 OR BA.2.13.1 OR BA.2.14 OR BA.2.15 OR BA.2.16 OR BA.2.17 OR BA.2.18 OR BA.2.19 OR BA.2.20 OR BA.2.21 OR BA.2.22 OR BA.2.23 OR BA.2.23.1 OR BA.2.24 OR BA.2.25 OR BA.2.25.1 OR BA.2.26 OR BA.2.27 OR BA.2.28 OR BA.2.29 OR BA.2.30 OR BA.2.31 OR BA.2.31.1 OR BA.2.32 OR BA.2.33 OR BA.2.34 OR BA.2.35 OR BA.2.36 OR BA.2.37 OR BA.2.38 OR BA.2.38.1 OR BA.2.38.2 OR BA.2.38.3 OR BA.2.38.4 OR BA.2.39 OR BA.2.40 OR BA.2.40.1 OR BA.2.41 OR BA.2.42 OR BA.2.43 OR BA.2.44 OR BA.2.45 OR BA.2.46 OR BA.2.47 OR BA.2.48 OR BA.2.49 OR BA.2.50 OR BA.2.51 OR BA.2.52 OR BA.2.53 OR BA.2.54 OR BA.2.55 OR BA.2.56 OR BA.2.56.1 OR BA.2.57 OR BA.2.58 OR BA.2.59 OR BA.2.60 OR BA.2.61 OR BA.2.62 OR BA.2.63 OR BA.2.64 OR BA.2.65 OR BA.2.66 OR BA.2.67 OR BA.2.68 OR BA.2.69 OR BA.2.70 OR BA.2.71 OR BA.2.72 OR BA.2.73 OR BA.2.74 OR BA.2.75 OR BA.2.75.1 OR BA.2.75.2 OR BA.2.75.3 OR BA.2.75.4 OR BA.2.75.5 OR BA.2.75.6 OR BA.2.75.7 OR BA.2.75.8 OR BA.2.75.9 OR BA.2.75.10 OR BA.2.76 OR BA.2.76.1 OR BA.2.76.2 OR BA.2.77 OR BA.2.78 OR BA.2.79 OR BA.2.79.1 OR BA.2.80 OR BA.2.81 OR BA.2.82 OR BA.2.83 OR BA.2.85 OR BA.3 OR BA.3.1 OR BA.4 OR BA.4.1 OR BA.4.1.1 OR BA.4.1.2 OR BA.4.1.3 OR BA.4.1.4 OR BA.4.1.5 OR BA.4.1.6 OR BA.4.1.7 OR BA.4.1.8 OR BA.4.1.9 OR BA.4.1.10 OR BA.4.2 OR BA.4.3 OR BA.4.4 OR BA.4.5 OR BA.4.6 OR BA.4.6.1 OR BA.4.6.2 OR BA.4.6.3 OR BA.4.6.4 OR BA.4.6.5 OR BA.4.7 OR BA.4.8 OR BA.5 OR BA.5.1 OR BA.5.1.1 OR BA.5.1.2 OR BA.5.1.3 OR BA.5.1.4 OR BA.5.1.5 OR BA.5.1.6 OR BA.5.1.7 OR BA.5.1.8 OR BA.5.1.9 OR BA.5.1.10 OR BA.5.1.11 OR BA.5.1.12 OR BA.5.1.14 OR BA.5.1.15 OR BA.5.1.16 OR BA.5.1.17 OR BA.5.1.18 OR BA.5.1.19 OR BA.5.1.20 OR BA.5.1.21 OR BA.5.1.22 OR BA.5.1.23 OR BA.5.1.24 OR BA.5.1.25 OR BA.5.1.26 OR BA.5.1.27 OR BA.5.1.28 OR BA.5.1.29 OR BA.5.1.30 OR BA.5.1.31 OR BA.5.1.32 OR BA.5.2 OR BA.5.2.1 OR BA.5.2.2 OR BA.5.2.3 OR BA.5.2.4 OR BA.5.2.5 OR BA.5.2.6 OR BA.5.2.7 OR BA.5.2.8 OR BA.5.2.9 OR BA.5.2.10 OR BA.5.2.11 OR BA.5.2.12 OR BA.5.2.13 OR BA.5.2.14 OR BA.5.2.16 OR BA.5.2.18 OR BA.5.2.19 OR BA.5.2.20 OR BA.5.2.21 OR BA.5.2.22 OR BA.5.2.23 OR BA.5.2.24 OR BA.5.2.25 OR BA.5.2.26 OR BA.5.2.27 OR BA.5.2.28 OR BA.5.2.29 OR BA.5.2.30 OR BA.5.2.31 OR BA.5.2.32 OR BA.5.2.33 OR BA.5.2.34 OR BA.5.2.35 OR BA.5.2.36 OR BA.5.2.37 OR BA.5.2.38 OR BA.5.2.39 OR BA.5.2.40 OR BA.5.2.41 OR BA.5.2.42 OR BA.5.2.43 OR BA.5.2.44 OR BA.5.2.45 OR BA.5.2.46 OR BA.5.2.47 OR BA.5.2.48 OR BA.5.2.49 OR BA.5.3 OR BA.5.3.1 OR BA.5.3.2 OR BA.5.3.3 OR BA.5.3.4 OR BA.5.3.5 OR BA.5.5 OR BA.5.5.1 OR BA.5.5.2 OR BA.5.5.3 OR BA.5.6 OR BA.5.6.1 OR BA.5.6.2 OR BA.5.6.3 OR BA.5.6.4 OR BA.5.7 OR BA.5.8 OR BA.5.9 OR BA.5.10 OR BA.5.10.1 OR BA.5.11 OR BC.1 OR BC.2 OR BD.1 OR BE.1 OR BE.1.1 OR BE.1.1.1 OR BE.1.1.2 OR BE.1.2 OR BE.1.2.1 OR BE.1.3 OR BE.1.4 OR BE.1.4.1 OR BE.1.4.2 OR BE.1.4.3 OR BE.1.4.4 OR BE.2 OR BE.3 OR BE.4 OR BE.4.1 OR BE.4.1.1 OR BE.4.2 OR BE.5 OR BE.6 OR BE.7 OR BE.8 OR BE.9 OR BE.10 OR BF.1 OR BF.1.1 OR BF.2 OR BF.3 OR BF.3.1 OR BF.4 OR BF.5 OR BF.5.1 OR BF.5.2 OR BF.6 OR BF.7 OR BF.7.1 OR BF.7.2 OR BF.7.3 OR BF.7.4 OR BF.7.4.1 OR BF.7.4.2 OR BF.7.5 OR BF.7.5.1 OR BF.7.6 OR BF.7.7 OR BF.7.8 OR BF.7.9 OR BF.7.10 OR BF.7.11 OR BF.7.12 OR BF.7.13 OR BF.7.13.1 OR BF.7.13.2 OR BF.7.14 OR BF.7.15 OR BF.8 OR BF.9 OR BF.10 OR BF.10.1 OR BF.11 OR BF.11.1 OR BF.11.2 OR BF.11.3 OR BF.11.4 OR BF.11.5 OR BF.12 OR BF.13 OR BF.14 OR BF.15 OR BF.16 OR BF.17 OR BF.18 OR BF.19 OR BF.20 OR BF.21 OR BF.22 OR BF.23 OR BF.24 OR BF.25 OR BF.26 OR BF.27 OR BF.28 OR BF.29 OR BF.30 OR BF.31 OR BF.31.1 OR BF.32 OR BF.33 OR BF.34 OR BG.1 OR BG.2 OR BG.3 OR BG.4 OR BG.5 OR BG.6 OR BG.7 OR BH.1 OR BJ.1 OR BK.1 OR BL.1 OR BL.1.1 OR BL.1.2 OR BL.1.3 OR BL.1.4 OR BL.2 OR BL.2.1 OR BL.3 OR BL.4 OR BL.5 OR BL.6 OR BM.1 OR BM.1.1 OR BM.1.1.1 OR BM.1.1.2 OR BM.1.1.3 OR BM.1.1.4 OR BM.1.1.5 OR BM.2 OR BM.2.1 OR BM.2.2 OR BM.2.3 OR BM.3 OR BM.4 OR BM.4.1 OR BM.4.1.1 OR BM.5 OR BM.6 OR BN.1 OR BN.1.1 OR BN.1.1.1 OR BN.1.2 OR BN.1.2.1 OR BN.1.3 OR BN.1.3.1 OR BN.1.3.2 OR BN.1.3.3 OR BN.1.3.4 OR BN.1.4 OR BN.1.4.1 OR BN.1.5 OR BN.1.5.1 OR BN.1.6 OR BN.1.7 OR BN.1.8 OR BN.1.9 OR BN.2 OR BN.2.1 OR BN.3 OR BN.3.1 OR BN.4 OR BN.5 OR BN.6 OR BP.1 OR BQ.1 OR BQ.1.1 OR BQ.1.1.1 OR BQ.1.1.2 OR BQ.1.1.3 OR BQ.1.1.4 OR BQ.1.1.5 OR BQ.1.1.6 OR BQ.1.1.7 OR BQ.1.1.8 OR BQ.1.1.9 OR BQ.1.1.10 OR BQ.1.1.11 OR BQ.1.1.12 OR BQ.1.1.13 OR BQ.1.1.14 OR BQ.1.1.15 OR BQ.1.1.16 OR BQ.1.1.17 OR BQ.1.1.18 OR BQ.1.1.19 OR BQ.1.1.20 OR BQ.1.1.21 OR BQ.1.1.22 OR BQ.1.1.23 OR BQ.1.1.24 OR BQ.1.1.25 OR BQ.1.1.26 OR BQ.1.1.27 OR BQ.1.1.28 OR BQ.1.1.29 OR BQ.1.1.30 OR BQ.1.1.31 OR BQ.1.1.32 OR BQ.1.1.34 OR BQ.1.1.35 OR BQ.1.1.36 OR BQ.1.2 OR BQ.1.3 OR BQ.1.4 OR BQ.1.5 OR BQ.1.6 OR BQ.1.7 OR BQ.1.8 OR BQ.1.8.1 OR BQ.1.8.2 OR BQ.1.9 OR BQ.1.10 OR BQ.1.10.1 OR BQ.1.11 OR BQ.1.12 OR BQ.1.13 OR BQ.1.13.1 OR BQ.1.14 OR BQ.1.15 OR BQ.1.16 OR BQ.1.17 OR BQ.1.18 OR BQ.1.19 OR BQ.1.20 OR BQ.1.21 OR BQ.1.22 OR BQ.1.23 OR BQ.1.24 OR BQ.1.25 OR BQ.1.25.1 OR BQ.1.26 OR BQ.1.26.1 OR BQ.1.27 OR BQ.1.28 OR BQ.2 OR BR.1 OR BR.1.1 OR BR.1.2 OR BR.2 OR BR.2.1 OR BR.3 OR BR.4 OR BS.1 OR BS.1.1 OR BS.1.2 OR BT.1 OR BT.2 OR BU.1 OR BU.2 OR BU.3 OR BV.1 OR BV.2 OR BW.1 OR BW.1.1 OR BY.1 OR BY.1.1 OR BY.1.1.1 OR BY.1.2 OR BY.1.2.1 OR BZ.1 OR CA.1 OR CA.2 OR CA.3 OR CA.3.1 OR CA.4 OR CA.5 OR CA.6 OR CA.7 OR CB.1 OR CC.1 OR CD.1 OR CD.2 OR CE.1 OR CF.1 OR CG.1 OR CH.1 OR CH.1.1 OR CH.1.1.1 OR CH.1.1.2 OR CH.1.1.3 OR CH.1.1.4 OR CH.1.1.5 OR CH.2 OR CH.3 OR CH.3.1 OR CJ.1 OR CJ.1.1 OR CK.1 OR CK.1.1 OR CK.1.2 OR CK.2 OR CK.2.1 OR CK.2.1.1 OR CK.3 OR CL.1 OR CM.1 OR CM.2 OR CM.2.1 OR CM.3 OR CM.4 OR CM.4.1 OR CM.5 OR CM.5.1 OR CM.5.2 OR CM.6 OR CM.6.1 OR CM.7 OR CM.8 OR CM.8.1 OR CM.9 OR CM.10 OR CM.11 OR CM.12 OR CN.1 OR CN.2 OR CP.1 OR CP.1.1 OR CP.1.2 OR CP.1.3 OR CP.2 OR CP.3 OR CP.4 OR CP.5 OR CP.6 OR CQ.1 OR CQ.1.1 OR CQ.2 OR CR.1 OR CR.1.1 OR CR.1.2 OR CR.1.3 OR CR.2 OR CS.1 OR CT.1 OR CU.1 OR CV.1 OR CV.2 OR CW.1 OR CY.1 OR CZ.1 OR DA.1 OR DB.1 OR DB.2 OR DC.1 OR DD.1 OR DE.1 OR DE.2 OR DF.1 OR DF.1.1 OR DG.1 OR DH.1 OR DJ.1 OR DJ.1.1 OR DJ.1.2 OR DJ.1.3 OR DK.1 OR DL.1 OR DM.1 OR DN.1 OR DN.1.1 OR DP.1 OR DQ.1 OR DR.1 OR DS.1 OR DT.1 OR DU.1 OR DV.1,Omicron,17.2857142857143,14.7142857142857,0.851239669421488
2022-07-18,14,12,18.1428571428571,14.8571428571429,0.818897637795276,0.618643446510317,0.950711769431337,B.1.1.529 OR BA.1 OR BA.1.1 OR BA.1.1.1 OR BA.1.1.2 OR BA.1.1.3 OR BA.1.1.4 OR BA.1.1.5 OR BA.1.1.6 OR BA.1.1.7 OR BA.1.1.8 OR BA.1.1.9 OR BA.1.1.10 OR BA.1.1.11 OR BA.1.1.12 OR BA.1.1.13 OR BA.1.1.14 OR BA.1.1.15 OR BA.1.1.16 OR BA.1.1.17 OR BA.1.1.18 OR BA.1.2 OR BA.1.3 OR BA.1.4 OR BA.1.5 OR BA.1.6 OR BA.1.7 OR BA.1.8 OR BA.1.9 OR BA.1.10 OR BA.1.12 OR BA.1.13 OR BA.1.13.1 OR BA.1.14 OR BA.1.14.1 OR BA.1.14.2 OR BA.1.15 OR BA.1.15.1 OR BA.1.15.2 OR BA.1.15.3 OR BA.1.16 OR BA.1.16.1 OR BA.1.16.2 OR BA.1.17 OR BA.1.17.1 OR BA.1.17.2 OR BA.1.18 OR BA.1.19 OR BA.1.20 OR BA.1.21 OR BA.1.21.1 OR BA.1.22 OR BA.1.23 OR BA.1.24 OR BA.2 OR BA.2.1 OR BA.2.2 OR BA.2.2.1 OR BA.2.3 OR BA.2.3.1 OR BA.2.3.2 OR BA.2.3.4 OR BA.2.3.5 OR BA.2.3.6 OR BA.2.3.7 OR BA.2.3.8 OR BA.2.3.9 OR BA.2.3.10 OR BA.2.3.11 OR BA.2.3.12 OR BA.2.3.13 OR BA.2.3.14 OR BA.2.3.15 OR BA.2.3.16 OR BA.2.3.17 OR BA.2.3.18 OR BA.2.3.19 OR BA.2.3.20 OR BA.2.3.21 OR BA.2.3.22 OR BA.2.4 OR BA.2.5 OR BA.2.6 OR BA.2.7 OR BA.2.8 OR BA.2.9 OR BA.2.9.1 OR BA.2.9.2 OR BA.2.9.3 OR BA.2.9.4 OR BA.2.9.5 OR BA.2.9.6 OR BA.2.9.7 OR BA.2.10 OR BA.2.10.1 OR BA.2.10.2 OR BA.2.10.3 OR BA.2.10.4 OR BA.2.11 OR BA.2.12 OR BA.2.12.1 OR BA.2.12.2 OR BA.2.13 OR BA.2.13.1 OR BA.2.14 OR BA.2.15 OR BA.2.16 OR BA.2.17 OR BA.2.18 OR BA.2.19 OR BA.2.20 OR BA.2.21 OR BA.2.22 OR BA.2.23 OR BA.2.23.1 OR BA.2.24 OR BA.2.25 OR BA.2.25.1 OR BA.2.26 OR BA.2.27 OR BA.2.28 OR BA.2.29 OR BA.2.30 OR BA.2.31 OR BA.2.31.1 OR BA.2.32 OR BA.2.33 OR BA.2.34 OR BA.2.35 OR BA.2.36 OR BA.2.37 OR BA.2.38 OR BA.2.38.1 OR BA.2.38.2 OR BA.2.38.3 OR BA.2.38.4 OR BA.2.39 OR BA.2.40 OR BA.2.40.1 OR BA.2.41 OR BA.2.42 OR BA.2.43 OR BA.2.44 OR BA.2.45 OR BA.2.46 OR BA.2.47 OR BA.2.48 OR BA.2.49 OR BA.2.50 OR BA.2.51 OR BA.2.52 OR BA.2.53 OR BA.2.54 OR BA.2.55 OR BA.2.56 OR BA.2.56.1 OR BA.2.57 OR BA.2.58 OR BA.2.59 OR BA.2.60 OR BA.2.61 OR BA.2.62 OR BA.2.63 OR BA.2.64 OR BA.2.65 OR BA.2.66 OR BA.2.67 OR BA.2.68 OR BA.2.69 OR BA.2.70 OR BA.2.71 OR BA.2.72 OR BA.2.73 OR BA.2.74 OR BA.2.75 OR BA.2.75.1 OR BA.2.75.2 OR BA.2.75.3 OR BA.2.75.4 OR BA.2.75.5 OR BA.2.75.6 OR BA.2.75.7 OR BA.2.75.8 OR BA.2.75.9 OR BA.2.75.10 OR BA.2.76 OR BA.2.76.1 OR BA.2.76.2 OR BA.2.77 OR BA.2.78 OR BA.2.79 OR BA.2.79.1 OR BA.2.80 OR BA.2.81 OR BA.2.82 OR BA.2.83 OR BA.2.85 OR BA.3 OR BA.3.1 OR BA.4 OR BA.4.1 OR BA.4.1.1 OR BA.4.1.2 OR BA.4.1.3 OR BA.4.1.4 OR BA.4.1.5 OR BA.4.1.6 OR BA.4.1.7 OR BA.4.1.8 OR BA.4.1.9 OR BA.4.1.10 OR BA.4.2 OR BA.4.3 OR BA.4.4 OR BA.4.5 OR BA.4.6 OR BA.4.6.1 OR BA.4.6.2 OR BA.4.6.3 OR BA.4.6.4 OR BA.4.6.5 OR BA.4.7 OR BA.4.8 OR BA.5 OR BA.5.1 OR BA.5.1.1 OR BA.5.1.2 OR BA.5.1.3 OR BA.5.1.4 OR BA.5.1.5 OR BA.5.1.6 OR BA.5.1.7 OR BA.5.1.8 OR BA.5.1.9 OR BA.5.1.10 OR BA.5.1.11 OR BA.5.1.12 OR BA.5.1.14 OR BA.5.1.15 OR BA.5.1.16 OR BA.5.1.17 OR BA.5.1.18 OR BA.5.1.19 OR BA.5.1.20 OR BA.5.1.21 OR BA.5.1.22 OR BA.5.1.23 OR BA.5.1.24 OR BA.5.1.25 OR BA.5.1.26 OR BA.5.1.27 OR BA.5.1.28 OR BA.5.1.29 OR BA.5.1.30 OR BA.5.1.31 OR BA.5.1.32 OR BA.5.2 OR BA.5.2.1 OR BA.5.2.2 OR BA.5.2.3 OR BA.5.2.4 OR BA.5.2.5 OR BA.5.2.6 OR BA.5.2.7 OR BA.5.2.8 OR BA.5.2.9 OR BA.5.2.10 OR BA.5.2.11 OR BA.5.2.12 OR BA.5.2.13 OR BA.5.2.14 OR BA.5.2.16 OR BA.5.2.18 OR BA.5.2.19 OR BA.5.2.20 OR BA.5.2.21 OR BA.5.2.22 OR BA.5.2.23 OR BA.5.2.24 OR BA.5.2.25 OR BA.5.2.26 OR BA.5.2.27 OR BA.5.2.28 OR BA.5.2.29 OR BA.5.2.30 OR BA.5.2.31 OR BA.5.2.32 OR BA.5.2.33 OR BA.5.2.34 OR BA.5.2.35 OR BA.5.2.36 OR BA.5.2.37 OR BA.5.2.38 OR BA.5.2.39 OR BA.5.2.40 OR BA.5.2.41 OR BA.5.2.42 OR BA.5.2.43 OR BA.5.2.44 OR BA.5.2.45 OR BA.5.2.46 OR BA.5.2.47 OR BA.5.2.48 OR BA.5.2.49 OR BA.5.3 OR BA.5.3.1 OR BA.5.3.2 OR BA.5.3.3 OR BA.5.3.4 OR BA.5.3.5 OR BA.5.5 OR BA.5.5.1 OR BA.5.5.2 OR BA.5.5.3 OR BA.5.6 OR BA.5.6.1 OR BA.5.6.2 OR BA.5.6.3 OR BA.5.6.4 OR BA.5.7 OR BA.5.8 OR BA.5.9 OR BA.5.10 OR BA.5.10.1 OR BA.5.11 OR BC.1 OR BC.2 OR BD.1 OR BE.1 OR BE.1.1 OR BE.1.1.1 OR BE.1.1.2 OR BE.1.2 OR BE.1.2.1 OR BE.1.3 OR BE.1.4 OR BE.1.4.1 OR BE.1.4.2 OR BE.1.4.3 OR BE.1.4.4 OR BE.2 OR BE.3 OR BE.4 OR BE.4.1 OR BE.4.1.1 OR BE.4.2 OR BE.5 OR BE.6 OR BE.7 OR BE.8 OR BE.9 OR BE.10 OR BF.1 OR BF.1.1 OR BF.2 OR BF.3 OR BF.3.1 OR BF.4 OR BF.5 OR BF.5.1 OR BF.5.2 OR BF.6 OR BF.7 OR BF.7.1 OR BF.7.2 OR BF.7.3 OR BF.7.4 OR BF.7.4.1 OR BF.7.4.2 OR BF.7.5 OR BF.7.5.1 OR BF.7.6 OR BF.7.7 OR BF.7.8 OR BF.7.9 OR BF.7.10 OR BF.7.11 OR BF.7.12 OR BF.7.13 OR BF.7.13.1 OR BF.7.13.2 OR BF.7.14 OR BF.7.15 OR BF.8 OR BF.9 OR BF.10 OR BF.10.1 OR BF.11 OR BF.11.1 OR BF.11.2 OR BF.11.3 OR BF.11.4 OR BF.11.5 OR BF.12 OR BF.13 OR BF.14 OR BF.15 OR BF.16 OR BF.17 OR BF.18 OR BF.19 OR BF.20 OR BF.21 OR BF.22 OR BF.23 OR BF.24 OR BF.25 OR BF.26 OR BF.27 OR BF.28 OR BF.29 OR BF.30 OR BF.31 OR BF.31.1 OR BF.32 OR BF.33 OR BF.34 OR BG.1 OR BG.2 OR BG.3 OR BG.4 OR BG.5 OR BG.6 OR BG.7 OR BH.1 OR BJ.1 OR BK.1 OR BL.1 OR BL.1.1 OR BL.1.2 OR BL.1.3 OR BL.1.4 OR BL.2 OR BL.2.1 OR BL.3 OR BL.4 OR BL.5 OR BL.6 OR BM.1 OR BM.1.1 OR BM.1.1.1 OR BM.1.1.2 OR BM.1.1.3 OR BM.1.1.4 OR BM.1.1.5 OR BM.2 OR BM.2.1 OR BM.2.2 OR BM.2.3 OR BM.3 OR BM.4 OR BM.4.1 OR BM.4.1.1 OR BM.5 OR BM.6 OR BN.1 OR BN.1.1 OR BN.1.1.1 OR BN.1.2 OR BN.1.2.1 OR BN.1.3 OR BN.1.3.1 OR BN.1.3.2 OR BN.1.3.3 OR BN.1.3.4 OR BN.1.4 OR BN.1.4.1 OR BN.1.5 OR BN.1.5.1 OR BN.1.6 OR BN.1.7 OR BN.1.8 OR BN.1.9 OR BN.2 OR BN.2.1 OR BN.3 OR BN.3.1 OR BN.4 OR BN.5 OR BN.6 OR BP.1 OR BQ.1 OR BQ.1.1 OR BQ.1.1.1 OR BQ.1.1.2 OR BQ.1.1.3 OR BQ.1.1.4 OR BQ.1.1.5 OR BQ.1.1.6 OR BQ.1.1.7 OR BQ.1.1.8 OR BQ.1.1.9 OR BQ.1.1.10 OR BQ.1.1.11 OR BQ.1.1.12 OR BQ.1.1.13 OR BQ.1.1.14 OR BQ.1.1.15 OR BQ.1.1.16 OR BQ.1.1.17 OR BQ.1.1.18 OR BQ.1.1.19 OR BQ.1.1.20 OR BQ.1.1.21 OR BQ.1.1.22 OR BQ.1.1.23 OR BQ.1.1.24 OR BQ.1.1.25 OR BQ.1.1.26 OR BQ.1.1.27 OR BQ.1.1.28 OR BQ.1.1.29 OR BQ.1.1.30 OR BQ.1.1.31 OR BQ.1.1.32 OR BQ.1.1.34 OR BQ.1.1.35 OR BQ.1.1.36 OR BQ.1.2 OR BQ.1.3 OR BQ.1.4 OR BQ.1.5 OR BQ.1.6 OR BQ.1.7 OR BQ.1.8 OR BQ.1.8.1 OR BQ.1.8.2 OR BQ.1.9 OR BQ.1.10 OR BQ.1.10.1 OR BQ.1.11 OR BQ.1.12 OR BQ.1.13 OR BQ.1.13.1 OR BQ.1.14 OR BQ.1.15 OR BQ.1.16 OR BQ.1.17 OR BQ.1.18 OR BQ.1.19 OR BQ.1.20 OR BQ.1.21 OR BQ.1.22 OR BQ.1.23 OR BQ.1.24 OR BQ.1.25 OR BQ.1.25.1 OR BQ.1.26 OR BQ.1.26.1 OR BQ.1.27 OR BQ.1.28 OR BQ.2 OR BR.1 OR BR.1.1 OR BR.1.2 OR BR.2 OR BR.2.1 OR BR.3 OR BR.4 OR BS.1 OR BS.1.1 OR BS.1.2 OR BT.1 OR BT.2 OR BU.1 OR BU.2 OR BU.3 OR BV.1 OR BV.2 OR BW.1 OR BW.1.1 OR BY.1 OR BY.1.1 OR BY.1.1.1 OR BY.1.2 OR BY.1.2.1 OR BZ.1 OR CA.1 OR CA.2 OR CA.3 OR CA.3.1 OR CA.4 OR CA.5 OR CA.6 OR CA.7 OR CB.1 OR CC.1 OR CD.1 OR CD.2 OR CE.1 OR CF.1 OR CG.1 OR CH.1 OR CH.1.1 OR CH.1.1.1 OR CH.1.1.2 OR CH.1.1.3 OR CH.1.1.4 OR CH.1.1.5 OR CH.2 OR CH.3 OR CH.3.1 OR CJ.1 OR CJ.1.1 OR CK.1 OR CK.1.1 OR CK.1.2 OR CK.2 OR CK.2.1 OR CK.2.1.1 OR CK.3 OR CL.1 OR CM.1 OR CM.2 OR CM.2.1 OR CM.3 OR CM.4 OR CM.4.1 OR CM.5 OR CM.5.1 OR CM.5.2 OR CM.6 OR CM.6.1 OR CM.7 OR CM.8 OR CM.8.1 OR CM.9 OR CM.10 OR CM.11 OR CM.12 OR CN.1 OR CN.2 OR CP.1 OR CP.1.1 OR CP.1.2 OR CP.1.3 OR CP.2 OR CP.3 OR CP.4 OR CP.5 OR CP.6 OR CQ.1 OR CQ.1.1 OR CQ.2 OR CR.1 OR CR.1.1 OR CR.1.2 OR CR.1.3 OR CR.2 OR CS.1 OR CT.1 OR CU.1 OR CV.1 OR CV.2 OR CW.1 OR CY.1 OR CZ.1 OR DA.1 OR DB.1 OR DB.2 OR DC.1 OR DD.1 OR DE.1 OR DE.2 OR DF.1 OR DF.1.1 OR DG.1 OR DH.1 OR DJ.1 OR DJ.1.1 OR DJ.1.2 OR DJ.1.3 OR DK.1 OR DL.1 OR DM.1 OR DN.1 OR DN.1.1 OR DP.1 OR DQ.1 OR DR.1 OR DS.1 OR DT.1 OR DU.1 OR DV.1,Omicron,17.5714285714286,15,0.853658536585366
2022-07-19,10,8,18.2857142857143,14.7142857142857,0.8046875,0.618643446510317,0.950711769431337,B.1.1.529 OR BA.1 OR BA.1.1 OR BA.1.1.1 OR BA.1.1.2 OR BA.1.1.3 OR BA.1.1.4 OR BA.1.1.5 OR BA.1.1.6 OR BA.1.1.7 OR BA.1.1.8 OR BA.1.1.9 OR BA.1.1.10 OR BA.1.1.11 OR BA.1.1.12 OR BA.1.1.13 OR BA.1.1.14 OR BA.1.1.15 OR BA.1.1.16 OR BA.1.1.17 OR BA.1.1.18 OR BA.1.2 OR BA.1.3 OR BA.1.4 OR BA.1.5 OR BA.1.6 OR BA.1.7 OR BA.1.8 OR BA.1.9 OR BA.1.10 OR BA.1.12 OR BA.1.13 OR BA.1.13.1 OR BA.1.14 OR BA.1.14.1 OR BA.1.14.2 OR BA.1.15 OR BA.1.15.1 OR BA.1.15.2 OR BA.1.15.3 OR BA.1.16 OR BA.1.16.1 OR BA.1.16.2 OR BA.1.17 OR BA.1.17.1 OR BA.1.17.2 OR BA.1.18 OR BA.1.19 OR BA.1.20 OR BA.1.21 OR BA.1.21.1 OR BA.1.22 OR BA.1.23 OR BA.1.24 OR BA.2 OR BA.2.1 OR BA.2.2 OR BA.2.2.1 OR BA.2.3 OR BA.2.3.1 OR BA.2.3.2 OR BA.2.3.4 OR BA.2.3.5 OR BA.2.3.6 OR BA.2.3.7 OR BA.2.3.8 OR BA.2.3.9 OR BA.2.3.10 OR BA.2.3.11 OR BA.2.3.12 OR BA.2.3.13 OR BA.2.3.14 OR BA.2.3.15 OR BA.2.3.16 OR BA.2.3.17 OR BA.2.3.18 OR BA.2.3.19 OR BA.2.3.20 OR BA.2.3.21 OR BA.2.3.22 OR BA.2.4 OR BA.2.5 OR BA.2.6 OR BA.2.7 OR BA.2.8 OR BA.2.9 OR BA.2.9.1 OR BA.2.9.2 OR BA.2.9.3 OR BA.2.9.4 OR BA.2.9.5 OR BA.2.9.6 OR BA.2.9.7 OR BA.2.10 OR BA.2.10.1 OR BA.2.10.2 OR BA.2.10.3 OR BA.2.10.4 OR BA.2.11 OR BA.2.12 OR BA.2.12.1 OR BA.2.12.2 OR BA.2.13 OR BA.2.13.1 OR BA.2.14 OR BA.2.15 OR BA.2.16 OR BA.2.17 OR BA.2.18 OR BA.2.19 OR BA.2.20 OR BA.2.21 OR BA.2.22 OR BA.2.23 OR BA.2.23.1 OR BA.2.24 OR BA.2.25 OR BA.2.25.1 OR BA.2.26 OR BA.2.27 OR BA.2.28 OR BA.2.29 OR BA.2.30 OR BA.2.31 OR BA.2.31.1 OR BA.2.32 OR BA.2.33 OR BA.2.34 OR BA.2.35 OR BA.2.36 OR BA.2.37 OR BA.2.38 OR BA.2.38.1 OR BA.2.38.2 OR BA.2.38.3 OR BA.2.38.4 OR BA.2.39 OR BA.2.40 OR BA.2.40.1 OR BA.2.41 OR BA.2.42 OR BA.2.43 OR BA.2.44 OR BA.2.45 OR BA.2.46 OR BA.2.47 OR BA.2.48 OR BA.2.49 OR BA.2.50 OR BA.2.51 OR BA.2.52 OR BA.2.53 OR BA.2.54 OR BA.2.55 OR BA.2.56 OR BA.2.56.1 OR BA.2.57 OR BA.2.58 OR BA.2.59 OR BA.2.60 OR BA.2.61 OR BA.2.62 OR BA.2.63 OR BA.2.64 OR BA.2.65 OR BA.2.66 OR BA.2.67 OR BA.2.68 OR BA.2.69 OR BA.2.70 OR BA.2.71 OR BA.2.72 OR BA.2.73 OR BA.2.74 OR BA.2.75 OR BA.2.75.1 OR BA.2.75.2 OR BA.2.75.3 OR BA.2.75.4 OR BA.2.75.5 OR BA.2.75.6 OR BA.2.75.7 OR BA.2.75.8 OR BA.2.75.9 OR BA.2.75.10 OR BA.2.76 OR BA.2.76.1 OR BA.2.76.2 OR BA.2.77 OR BA.2.78 OR BA.2.79 OR BA.2.79.1 OR BA.2.80 OR BA.2.81 OR BA.2.82 OR BA.2.83 OR BA.2.85 OR BA.3 OR BA.3.1 OR BA.4 OR BA.4.1 OR BA.4.1.1 OR BA.4.1.2 OR BA.4.1.3 OR BA.4.1.4 OR BA.4.1.5 OR BA.4.1.6 OR BA.4.1.7 OR BA.4.1.8 OR BA.4.1.9 OR BA.4.1.10 OR BA.4.2 OR BA.4.3 OR BA.4.4 OR BA.4.5 OR BA.4.6 OR BA.4.6.1 OR BA.4.6.2 OR BA.4.6.3 OR BA.4.6.4 OR BA.4.6.5 OR BA.4.7 OR BA.4.8 OR BA.5 OR BA.5.1 OR BA.5.1.1 OR BA.5.1.2 OR BA.5.1.3 OR BA.5.1.4 OR BA.5.1.5 OR BA.5.1.6 OR BA.5.1.7 OR BA.5.1.8 OR BA.5.1.9 OR BA.5.1.10 OR BA.5.1.11 OR BA.5.1.12 OR BA.5.1.14 OR BA.5.1.15 OR BA.5.1.16 OR BA.5.1.17 OR BA.5.1.18 OR BA.5.1.19 OR BA.5.1.20 OR BA.5.1.21 OR BA.5.1.22 OR BA.5.1.23 OR BA.5.1.24 OR BA.5.1.25 OR BA.5.1.26 OR BA.5.1.27 OR BA.5.1.28 OR BA.5.1.29 OR BA.5.1.30 OR BA.5.1.31 OR BA.5.1.32 OR BA.5.2 OR BA.5.2.1 OR BA.5.2.2 OR BA.5.2.3 OR BA.5.2.4 OR BA.5.2.5 OR BA.5.2.6 OR BA.5.2.7 OR BA.5.2.8 OR BA.5.2.9 OR BA.5.2.10 OR BA.5.2.11 OR BA.5.2.12 OR BA.5.2.13 OR BA.5.2.14 OR BA.5.2.16 OR BA.5.2.18 OR BA.5.2.19 OR BA.5.2.20 OR BA.5.2.21 OR BA.5.2.22 OR BA.5.2.23 OR BA.5.2.24 OR BA.5.2.25 OR BA.5.2.26 OR BA.5.2.27 OR BA.5.2.28 OR BA.5.2.29 OR BA.5.2.30 OR BA.5.2.31 OR BA.5.2.32 OR BA.5.2.33 OR BA.5.2.34 OR BA.5.2.35 OR BA.5.2.36 OR BA.5.2.37 OR BA.5.2.38 OR BA.5.2.39 OR BA.5.2.40 OR BA.5.2.41 OR BA.5.2.42 OR BA.5.2.43 OR BA.5.2.44 OR BA.5.2.45 OR BA.5.2.46 OR BA.5.2.47 OR BA.5.2.48 OR BA.5.2.49 OR BA.5.3 OR BA.5.3.1 OR BA.5.3.2 OR BA.5.3.3 OR BA.5.3.4 OR BA.5.3.5 OR BA.5.5 OR BA.5.5.1 OR BA.5.5.2 OR BA.5.5.3 OR BA.5.6 OR BA.5.6.1 OR BA.5.6.2 OR BA.5.6.3 OR BA.5.6.4 OR BA.5.7 OR BA.5.8 OR BA.5.9 OR BA.5.10 OR BA.5.10.1 OR BA.5.11 OR BC.1 OR BC.2 OR BD.1 OR BE.1 OR BE.1.1 OR BE.1.1.1 OR BE.1.1.2 OR BE.1.2 OR BE.1.2.1 OR BE.1.3 OR BE.1.4 OR BE.1.4.1 OR BE.1.4.2 OR BE.1.4.3 OR BE.1.4.4 OR BE.2 OR BE.3 OR BE.4 OR BE.4.1 OR BE.4.1.1 OR BE.4.2 OR BE.5 OR BE.6 OR BE.7 OR BE.8 OR BE.9 OR BE.10 OR BF.1 OR BF.1.1 OR BF.2 OR BF.3 OR BF.3.1 OR BF.4 OR BF.5 OR BF.5.1 OR BF.5.2 OR BF.6 OR BF.7 OR BF.7.1 OR BF.7.2 OR BF.7.3 OR BF.7.4 OR BF.7.4.1 OR BF.7.4.2 OR BF.7.5 OR BF.7.5.1 OR BF.7.6 OR BF.7.7 OR BF.7.8 OR BF.7.9 OR BF.7.10 OR BF.7.11 OR BF.7.12 OR BF.7.13 OR BF.7.13.1 OR BF.7.13.2 OR BF.7.14 OR BF.7.15 OR BF.8 OR BF.9 OR BF.10 OR BF.10.1 OR BF.11 OR BF.11.1 OR BF.11.2 OR BF.11.3 OR BF.11.4 OR BF.11.5 OR BF.12 OR BF.13 OR BF.14 OR BF.15 OR BF.16 OR BF.17 OR BF.18 OR BF.19 OR BF.20 OR BF.21 OR BF.22 OR BF.23 OR BF.24 OR BF.25 OR BF.26 OR BF.27 OR BF.28 OR BF.29 OR BF.30 OR BF.31 OR BF.31.1 OR BF.32 OR BF.33 OR BF.34 OR BG.1 OR BG.2 OR BG.3 OR BG.4 OR BG.5 OR BG.6 OR BG.7 OR BH.1 OR BJ.1 OR BK.1 OR BL.1 OR BL.1.1 OR BL.1.2 OR BL.1.3 OR BL.1.4 OR BL.2 OR BL.2.1 OR BL.3 OR BL.4 OR BL.5 OR BL.6 OR BM.1 OR BM.1.1 OR BM.1.1.1 OR BM.1.1.2 OR BM.1.1.3 OR BM.1.1.4 OR BM.1.1.5 OR BM.2 OR BM.2.1 OR BM.2.2 OR BM.2.3 OR BM.3 OR BM.4 OR BM.4.1 OR BM.4.1.1 OR BM.5 OR BM.6 OR BN.1 OR BN.1.1 OR BN.1.1.1 OR BN.1.2 OR BN.1.2.1 OR BN.1.3 OR BN.1.3.1 OR BN.1.3.2 OR BN.1.3.3 OR BN.1.3.4 OR BN.1.4 OR BN.1.4.1 OR BN.1.5 OR BN.1.5.1 OR BN.1.6 OR BN.1.7 OR BN.1.8 OR BN.1.9 OR BN.2 OR BN.2.1 OR BN.3 OR BN.3.1 OR BN.4 OR BN.5 OR BN.6 OR BP.1 OR BQ.1 OR BQ.1.1 OR BQ.1.1.1 OR BQ.1.1.2 OR BQ.1.1.3 OR BQ.1.1.4 OR BQ.1.1.5 OR BQ.1.1.6 OR BQ.1.1.7 OR BQ.1.1.8 OR BQ.1.1.9 OR BQ.1.1.10 OR BQ.1.1.11 OR BQ.1.1.12 OR BQ.1.1.13 OR BQ.1.1.14 OR BQ.1.1.15 OR BQ.1.1.16 OR BQ.1.1.17 OR BQ.1.1.18 OR BQ.1.1.19 OR BQ.1.1.20 OR BQ.1.1.21 OR BQ.1.1.22 OR BQ.1.1.23 OR BQ.1.1.24 OR BQ.1.1.25 OR BQ.1.1.26 OR BQ.1.1.27 OR BQ.1.1.28 OR BQ.1.1.29 OR BQ.1.1.30 OR BQ.1.1.31 OR BQ.1.1.32 OR BQ.1.1.34 OR BQ.1.1.35 OR BQ.1.1.36 OR BQ.1.2 OR BQ.1.3 OR BQ.1.4 OR BQ.1.5 OR BQ.1.6 OR BQ.1.7 OR BQ.1.8 OR BQ.1.8.1 OR BQ.1.8.2 OR BQ.1.9 OR BQ.1.10 OR BQ.1.10.1 OR BQ.1.11 OR BQ.1.12 OR BQ.1.13 OR BQ.1.13.1 OR BQ.1.14 OR BQ.1.15 OR BQ.1.16 OR BQ.1.17 OR BQ.1.18 OR BQ.1.19 OR BQ.1.20 OR BQ.1.21 OR BQ.1.22 OR BQ.1.23 OR BQ.1.24 OR BQ.1.25 OR BQ.1.25.1 OR BQ.1.26 OR BQ.1.26.1 OR BQ.1.27 OR BQ.1.28 OR BQ.2 OR BR.1 OR BR.1.1 OR BR.1.2 OR BR.2 OR BR.2.1 OR BR.3 OR BR.4 OR BS.1 OR BS.1.1 OR BS.1.2 OR BT.1 OR BT.2 OR BU.1 OR BU.2 OR BU.3 OR BV.1 OR BV.2 OR BW.1 OR BW.1.1 OR BY.1 OR BY.1.1 OR BY.1.1.1 OR BY.1.2 OR BY.1.2.1 OR BZ.1 OR CA.1 OR CA.2 OR CA.3 OR CA.3.1 OR CA.4 OR CA.5 OR CA.6 OR CA.7 OR CB.1 OR CC.1 OR CD.1 OR CD.2 OR CE.1 OR CF.1 OR CG.1 OR CH.1 OR CH.1.1 OR CH.1.1.1 OR CH.1.1.2 OR CH.1.1.3 OR CH.1.1.4 OR CH.1.1.5 OR CH.2 OR CH.3 OR CH.3.1 OR CJ.1 OR CJ.1.1 OR CK.1 OR CK.1.1 OR CK.1.2 OR CK.2 OR CK.2.1 OR CK.2.1.1 OR CK.3 OR CL.1 OR CM.1 OR CM.2 OR CM.2.1 OR CM.3 OR CM.4 OR CM.4.1 OR CM.5 OR CM.5.1 OR CM.5.2 OR CM.6 OR CM.6.1 OR CM.7 OR CM.8 OR CM.8.1 OR CM.9 OR CM.10 OR CM.11 OR CM.12 OR CN.1 OR CN.2 OR CP.1 OR CP.1.1 OR CP.1.2 OR CP.1.3 OR CP.2 OR CP.3 OR CP.4 OR CP.5 OR CP.6 OR CQ.1 OR CQ.1.1 OR CQ.2 OR CR.1 OR CR.1.1 OR CR.1.2 OR CR.1.3 OR CR.2 OR CS.1 OR CT.1 OR CU.1 OR CV.1 OR CV.2 OR CW.1 OR CY.1 OR CZ.1 OR DA.1 OR DB.1 OR DB.2 OR DC.1 OR DD.1 OR DE.1 OR DE.2 OR DF.1 OR DF.1.1 OR DG.1 OR DH.1 OR DJ.1 OR DJ.1.1 OR DJ.1.2 OR DJ.1.3 OR DK.1 OR DL.1 OR DM.1 OR DN.1 OR DN.1.1 OR DP.1 OR DQ.1 OR DR.1 OR DS.1 OR DT.1 OR DU.1 OR DV.1,Omicron,17.1428571428571,14.6428571428571,0.854166666666667
2022-07-20,12,12,17.5714285714286,14.1428571428571,0.804878048780488,0.554201406826066,0.919977927983702,B.1.1.529 OR BA.1 OR BA.1.1 OR BA.1.1.1 OR BA.1.1.2 OR BA.1.1.3 OR BA.1.1.4 OR BA.1.1.5 OR BA.1.1.6 OR BA.1.1.7 OR BA.1.1.8 OR BA.1.1.9 OR BA.1.1.10 OR BA.1.1.11 OR BA.1.1.12 OR BA.1.1.13 OR BA.1.1.14 OR BA.1.1.15 OR BA.1.1.16 OR BA.1.1.17 OR BA.1.1.18 OR BA.1.2 OR BA.1.3 OR BA.1.4 OR BA.1.5 OR BA.1.6 OR BA.1.7 OR BA.1.8 OR BA.1.9 OR BA.1.10 OR BA.1.12 OR BA.1.13 OR BA.1.13.1 OR BA.1.14 OR BA.1.14.1 OR BA.1.14.2 OR BA.1.15 OR BA.1.15.1 OR BA.1.15.2 OR BA.1.15.3 OR BA.1.16 OR BA.1.16.1 OR BA.1.16.2 OR BA.1.17 OR BA.1.17.1 OR BA.1.17.2 OR BA.1.18 OR BA.1.19 OR BA.1.20 OR BA.1.21 OR BA.1.21.1 OR BA.1.22 OR BA.1.23 OR BA.1.24 OR BA.2 OR BA.2.1 OR BA.2.2 OR BA.2.2.1 OR BA.2.3 OR BA.2.3.1 OR BA.2.3.2 OR BA.2.3.4 OR BA.2.3.5 OR BA.2.3.6 OR BA.2.3.7 OR BA.2.3.8 OR BA.2.3.9 OR BA.2.3.10 OR BA.2.3.11 OR BA.2.3.12 OR BA.2.3.13 OR BA.2.3.14 OR BA.2.3.15 OR BA.2.3.16 OR BA.2.3.17 OR BA.2.3.18 OR BA.2.3.19 OR BA.2.3.20 OR BA.2.3.21 OR BA.2.3.22 OR BA.2.4 OR BA.2.5 OR BA.2.6 OR BA.2.7 OR BA.2.8 OR BA.2.9 OR BA.2.9.1 OR BA.2.9.2 OR BA.2.9.3 OR BA.2.9.4 OR BA.2.9.5 OR BA.2.9.6 OR BA.2.9.7 OR BA.2.10 OR BA.2.10.1 OR BA.2.10.2 OR BA.2.10.3 OR BA.2.10.4 OR BA.2.11 OR BA.2.12 OR BA.2.12.1 OR BA.2.12.2 OR BA.2.13 OR BA.2.13.1 OR BA.2.14 OR BA.2.15 OR BA.2.16 OR BA.2.17 OR BA.2.18 OR BA.2.19 OR BA.2.20 OR BA.2.21 OR BA.2.22 OR BA.2.23 OR BA.2.23.1 OR BA.2.24 OR BA.2.25 OR BA.2.25.1 OR BA.2.26 OR BA.2.27 OR BA.2.28 OR BA.2.29 OR BA.2.30 OR BA.2.31 OR BA.2.31.1 OR BA.2.32 OR BA.2.33 OR BA.2.34 OR BA.2.35 OR BA.2.36 OR BA.2.37 OR BA.2.38 OR BA.2.38.1 OR BA.2.38.2 OR BA.2.38.3 OR BA.2.38.4 OR BA.2.39 OR BA.2.40 OR BA.2.40.1 OR BA.2.41 OR BA.2.42 OR BA.2.43 OR BA.2.44 OR BA.2.45 OR BA.2.46 OR BA.2.47 OR BA.2.48 OR BA.2.49 OR BA.2.50 OR BA.2.51 OR BA.2.52 OR BA.2.53 OR BA.2.54 OR BA.2.55 OR BA.2.56 OR BA.2.56.1 OR BA.2.57 OR BA.2.58 OR BA.2.59 OR BA.2.60 OR BA.2.61 OR BA.2.62 OR BA.2.63 OR BA.2.64 OR BA.2.65 OR BA.2.66 OR BA.2.67 OR BA.2.68 OR BA.2.69 OR BA.2.70 OR BA.2.71 OR BA.2.72 OR BA.2.73 OR BA.2.74 OR BA.2.75 OR BA.2.75.1 OR BA.2.75.2 OR BA.2.75.3 OR BA.2.75.4 OR BA.2.75.5 OR BA.2.75.6 OR BA.2.75.7 OR BA.2.75.8 OR BA.2.75.9 OR BA.2.75.10 OR BA.2.76 OR BA.2.76.1 OR BA.2.76.2 OR BA.2.77 OR BA.2.78 OR BA.2.79 OR BA.2.79.1 OR BA.2.80 OR BA.2.81 OR BA.2.82 OR BA.2.83 OR BA.2.85 OR BA.3 OR BA.3.1 OR BA.4 OR BA.4.1 OR BA.4.1.1 OR BA.4.1.2 OR BA.4.1.3 OR BA.4.1.4 OR BA.4.1.5 OR BA.4.1.6 OR BA.4.1.7 OR BA.4.1.8 OR BA.4.1.9 OR BA.4.1.10 OR BA.4.2 OR BA.4.3 OR BA.4.4 OR BA.4.5 OR BA.4.6 OR BA.4.6.1 OR BA.4.6.2 OR BA.4.6.3 OR BA.4.6.4 OR BA.4.6.5 OR BA.4.7 OR BA.4.8 OR BA.5 OR BA.5.1 OR BA.5.1.1 OR BA.5.1.2 OR BA.5.1.3 OR BA.5.1.4 OR BA.5.1.5 OR BA.5.1.6 OR BA.5.1.7 OR BA.5.1.8 OR BA.5.1.9 OR BA.5.1.10 OR BA.5.1.11 OR BA.5.1.12 OR BA.5.1.14 OR BA.5.1.15 OR BA.5.1.16 OR BA.5.1.17 OR BA.5.1.18 OR BA.5.1.19 OR BA.5.1.20 OR BA.5.1.21 OR BA.5.1.22 OR BA.5.1.23 OR BA.5.1.24 OR BA.5.1.25 OR BA.5.1.26 OR BA.5.1.27 OR BA.5.1.28 OR BA.5.1.29 OR BA.5.1.30 OR BA.5.1.31 OR BA.5.1.32 OR BA.5.2 OR BA.5.2.1 OR BA.5.2.2 OR BA.5.2.3 OR BA.5.2.4 OR BA.5.2.5 OR BA.5.2.6 OR BA.5.2.7 OR BA.5.2.8 OR BA.5.2.9 OR BA.5.2.10 OR BA.5.2.11 OR BA.5.2.12 OR BA.5.2.13 OR BA.5.2.14 OR BA.5.2.16 OR BA.5.2.18 OR BA.5.2.19 OR BA.5.2.20 OR BA.5.2.21 OR BA.5.2.22 OR BA.5.2.23 OR BA.5.2.24 OR BA.5.2.25 OR BA.5.2.26 OR BA.5.2.27 OR BA.5.2.28 OR BA.5.2.29 OR BA.5.2.30 OR BA.5.2.31 OR BA.5.2.32 OR BA.5.2.33 OR BA.5.2.34 OR BA.5.2.35 OR BA.5.2.36 OR BA.5.2.37 OR BA.5.2.38 OR BA.5.2.39 OR BA.5.2.40 OR BA.5.2.41 OR BA.5.2.42 OR BA.5.2.43 OR BA.5.2.44 OR BA.5.2.45 OR BA.5.2.46 OR BA.5.2.47 OR BA.5.2.48 OR BA.5.2.49 OR BA.5.3 OR BA.5.3.1 OR BA.5.3.2 OR BA.5.3.3 OR BA.5.3.4 OR BA.5.3.5 OR BA.5.5 OR BA.5.5.1 OR BA.5.5.2 OR BA.5.5.3 OR BA.5.6 OR BA.5.6.1 OR BA.5.6.2 OR BA.5.6.3 OR BA.5.6.4 OR BA.5.7 OR BA.5.8 OR BA.5.9 OR BA.5.10 OR BA.5.10.1 OR BA.5.11 OR BC.1 OR BC.2 OR BD.1 OR BE.1 OR BE.1.1 OR BE.1.1.1 OR BE.1.1.2 OR BE.1.2 OR BE.1.2.1 OR BE.1.3 OR BE.1.4 OR BE.1.4.1 OR BE.1.4.2 OR BE.1.4.3 OR BE.1.4.4 OR BE.2 OR BE.3 OR BE.4 OR BE.4.1 OR BE.4.1.1 OR BE.4.2 OR BE.5 OR BE.6 OR BE.7 OR BE.8 OR BE.9 OR BE.10 OR BF.1 OR BF.1.1 OR BF.2 OR BF.3 OR BF.3.1 OR BF.4 OR BF.5 OR BF.5.1 OR BF.5.2 OR BF.6 OR BF.7 OR BF.7.1 OR BF.7.2 OR BF.7.3 OR BF.7.4 OR BF.7.4.1 OR BF.7.4.2 OR BF.7.5 OR BF.7.5.1 OR BF.7.6 OR BF.7.7 OR BF.7.8 OR BF.7.9 OR BF.7.10 OR BF.7.11 OR BF.7.12 OR BF.7.13 OR BF.7.13.1 OR BF.7.13.2 OR BF.7.14 OR BF.7.15 OR BF.8 OR BF.9 OR BF.10 OR BF.10.1 OR BF.11 OR BF.11.1 OR BF.11.2 OR BF.11.3 OR BF.11.4 OR BF.11.5 OR BF.12 OR BF.13 OR BF.14 OR BF.15 OR BF.16 OR BF.17 OR BF.18 OR BF.19 OR BF.20 OR BF.21 OR BF.22 OR BF.23 OR BF.24 OR BF.25 OR BF.26 OR BF.27 OR BF.28 OR BF.29 OR BF.30 OR BF.31 OR BF.31.1 OR BF.32 OR BF.33 OR BF.34 OR BG.1 OR BG.2 OR BG.3 OR BG.4 OR BG.5 OR BG.6 OR BG.7 OR BH.1 OR BJ.1 OR BK.1 OR BL.1 OR BL.1.1 OR BL.1.2 OR BL.1.3 OR BL.1.4 OR BL.2 OR BL.2.1 OR BL.3 OR BL.4 OR BL.5 OR BL.6 OR BM.1 OR BM.1.1 OR BM.1.1.1 OR BM.1.1.2 OR BM.1.1.3 OR BM.1.1.4 OR BM.1.1.5 OR BM.2 OR BM.2.1 OR BM.2.2 OR BM.2.3 OR BM.3 OR BM.4 OR BM.4.1 OR BM.4.1.1 OR BM.5 OR BM.6 OR BN.1 OR BN.1.1 OR BN.1.1.1 OR BN.1.2 OR BN.1.2.1 OR BN.1.3 OR BN.1.3.1 OR BN.1.3.2 OR BN.1.3.3 OR BN.1.3.4 OR BN.1.4 OR BN.1.4.1 OR BN.1.5 OR BN.1.5.1 OR BN.1.6 OR BN.1.7 OR BN.1.8 OR BN.1.9 OR BN.2 OR BN.2.1 OR BN.3 OR BN.3.1 OR BN.4 OR BN.5 OR BN.6 OR BP.1 OR BQ.1 OR BQ.1.1 OR BQ.1.1.1 OR BQ.1.1.2 OR BQ.1.1.3 OR BQ.1.1.4 OR BQ.1.1.5 OR BQ.1.1.6 OR BQ.1.1.7 OR BQ.1.1.8 OR BQ.1.1.9 OR BQ.1.1.10 OR BQ.1.1.11 OR BQ.1.1.12 OR BQ.1.1.13 OR BQ.1.1.14 OR BQ.1.1.15 OR BQ.1.1.16 OR BQ.1.1.17 OR BQ.1.1.18 OR BQ.1.1.19 OR BQ.1.1.20 OR BQ.1.1.21 OR BQ.1.1.22 OR BQ.1.1.23 OR BQ.1.1.24 OR BQ.1.1.25 OR BQ.1.1.26 OR BQ.1.1.27 OR BQ.1.1.28 OR BQ.1.1.29 OR BQ.1.1.30 OR BQ.1.1.31 OR BQ.1.1.32 OR BQ.1.1.34 OR BQ.1.1.35 OR BQ.1.1.36 OR BQ.1.2 OR BQ.1.3 OR BQ.1.4 OR BQ.1.5 OR BQ.1.6 OR BQ.1.7 OR BQ.1.8 OR BQ.1.8.1 OR BQ.1.8.2 OR BQ.1.9 OR BQ.1.10 OR BQ.1.10.1 OR BQ.1.11 OR BQ.1.12 OR BQ.1.13 OR BQ.1.13.1 OR BQ.1.14 OR BQ.1.15 OR BQ.1.16 OR BQ.1.17 OR BQ.1.18 OR BQ.1.19 OR BQ.1.20 OR BQ.1.21 OR BQ.1.22 OR BQ.1.23 OR BQ.1.24 OR BQ.1.25 OR BQ.1.25.1 OR BQ.1.26 OR BQ.1.26.1 OR BQ.1.27 OR BQ.1.28 OR BQ.2 OR BR.1 OR BR.1.1 OR BR.1.2 OR BR.2 OR BR.2.1 OR BR.3 OR BR.4 OR BS.1 OR BS.1.1 OR BS.1.2 OR BT.1 OR BT.2 OR BU.1 OR BU.2 OR BU.3 OR BV.1 OR BV.2 OR BW.1 OR BW.1.1 OR BY.1 OR BY.1.1 OR BY.1.1.1 OR BY.1.2 OR BY.1.2.1 OR BZ.1 OR CA.1 OR CA.2 OR CA.3 OR CA.3.1 OR CA.4 OR CA.5 OR CA.6 OR CA.7 OR CB.1 OR CC.1 OR CD.1 OR CD.2 OR CE.1 OR CF.1 OR CG.1 OR CH.1 OR CH.1.1 OR CH.1.1.1 OR CH.1.1.2 OR CH.1.1.3 OR CH.1.1.4 OR CH.1.1.5 OR CH.2 OR CH.3 OR CH.3.1 OR CJ.1 OR CJ.1.1 OR CK.1 OR CK.1.1 OR CK.1.2 OR CK.2 OR CK.2.1 OR CK.2.1.1 OR CK.3 OR CL.1 OR CM.1 OR CM.2 OR CM.2.1 OR CM.3 OR CM.4 OR CM.4.1 OR CM.5 OR CM.5.1 OR CM.5.2 OR CM.6 OR CM.6.1 OR CM.7 OR CM.8 OR CM.8.1 OR CM.9 OR CM.10 OR CM.11 OR CM.12 OR CN.1 OR CN.2 OR CP.1 OR CP.1.1 OR CP.1.2 OR CP.1.3 OR CP.2 OR CP.3 OR CP.4 OR CP.5 OR CP.6 OR CQ.1 OR CQ.1.1 OR CQ.2 OR CR.1 OR CR.1.1 OR CR.1.2 OR CR.1.3 OR CR.2 OR CS.1 OR CT.1 OR CU.1 OR CV.1 OR CV.2 OR CW.1 OR CY.1 OR CZ.1 OR DA.1 OR DB.1 OR DB.2 OR DC.1 OR DD.1 OR DE.1 OR DE.2 OR DF.1 OR DF.1.1 OR DG.1 OR DH.1 OR DJ.1 OR DJ.1.1 OR DJ.1.2 OR DJ.1.3 OR DK.1 OR DL.1 OR DM.1 OR DN.1 OR DN.1.1 OR DP.1 OR DQ.1 OR DR.1 OR DS.1 OR DT.1 OR DU.1 OR DV.1,Omicron,16.2142857142857,14,0.863436123348018
2022-07-21,14,13,17.4285714285714,13.8571428571429,0.795081967213115,0.599877337376686,0.947652342949326,B.1.1.529 OR BA.1 OR BA.1.1 OR BA.1.1.1 OR BA.1.1.2 OR BA.1.1.3 OR BA.1.1.4 OR BA.1.1.5 OR BA.1.1.6 OR BA.1.1.7 OR BA.1.1.8 OR BA.1.1.9 OR BA.1.1.10 OR BA.1.1.11 OR BA.1.1.12 OR BA.1.1.13 OR BA.1.1.14 OR BA.1.1.15 OR BA.1.1.16 OR BA.1.1.17 OR BA.1.1.18 OR BA.1.2 OR BA.1.3 OR BA.1.4 OR BA.1.5 OR BA.1.6 OR BA.1.7 OR BA.1.8 OR BA.1.9 OR BA.1.10 OR BA.1.12 OR BA.1.13 OR BA.1.13.1 OR BA.1.14 OR BA.1.14.1 OR BA.1.14.2 OR BA.1.15 OR BA.1.15.1 OR BA.1.15.2 OR BA.1.15.3 OR BA.1.16 OR BA.1.16.1 OR BA.1.16.2 OR BA.1.17 OR BA.1.17.1 OR BA.1.17.2 OR BA.1.18 OR BA.1.19 OR BA.1.20 OR BA.1.21 OR BA.1.21.1 OR BA.1.22 OR BA.1.23 OR BA.1.24 OR BA.2 OR BA.2.1 OR BA.2.2 OR BA.2.2.1 OR BA.2.3 OR BA.2.3.1 OR BA.2.3.2 OR BA.2.3.4 OR BA.2.3.5 OR BA.2.3.6 OR BA.2.3.7 OR BA.2.3.8 OR BA.2.3.9 OR BA.2.3.10 OR BA.2.3.11 OR BA.2.3.12 OR BA.2.3.13 OR BA.2.3.14 OR BA.2.3.15 OR BA.2.3.16 OR BA.2.3.17 OR BA.2.3.18 OR BA.2.3.19 OR BA.2.3.20 OR BA.2.3.21 OR BA.2.3.22 OR BA.2.4 OR BA.2.5 OR BA.2.6 OR BA.2.7 OR BA.2.8 OR BA.2.9 OR BA.2.9.1 OR BA.2.9.2 OR BA.2.9.3 OR BA.2.9.4 OR BA.2.9.5 OR BA.2.9.6 OR BA.2.9.7 OR BA.2.10 OR BA.2.10.1 OR BA.2.10.2 OR BA.2.10.3 OR BA.2.10.4 OR BA.2.11 OR BA.2.12 OR BA.2.12.1 OR BA.2.12.2 OR BA.2.13 OR BA.2.13.1 OR BA.2.14 OR BA.2.15 OR BA.2.16 OR BA.2.17 OR BA.2.18 OR BA.2.19 OR BA.2.20 OR BA.2.21 OR BA.2.22 OR BA.2.23 OR BA.2.23.1 OR BA.2.24 OR BA.2.25 OR BA.2.25.1 OR BA.2.26 OR BA.2.27 OR BA.2.28 OR BA.2.29 OR BA.2.30 OR BA.2.31 OR BA.2.31.1 OR BA.2.32 OR BA.2.33 OR BA.2.34 OR BA.2.35 OR BA.2.36 OR BA.2.37 OR BA.2.38 OR BA.2.38.1 OR BA.2.38.2 OR BA.2.38.3 OR BA.2.38.4 OR BA.2.39 OR BA.2.40 OR BA.2.40.1 OR BA.2.41 OR BA.2.42 OR BA.2.43 OR BA.2.44 OR BA.2.45 OR BA.2.46 OR BA.2.47 OR BA.2.48 OR BA.2.49 OR BA.2.50 OR BA.2.51 OR BA.2.52 OR BA.2.53 OR BA.2.54 OR BA.2.55 OR BA.2.56 OR BA.2.56.1 OR BA.2.57 OR BA.2.58 OR BA.2.59 OR BA.2.60 OR BA.2.61 OR BA.2.62 OR BA.2.63 OR BA.2.64 OR BA.2.65 OR BA.2.66 OR BA.2.67 OR BA.2.68 OR BA.2.69 OR BA.2.70 OR BA.2.71 OR BA.2.72 OR BA.2.73 OR BA.2.74 OR BA.2.75 OR BA.2.75.1 OR BA.2.75.2 OR BA.2.75.3 OR BA.2.75.4 OR BA.2.75.5 OR BA.2.75.6 OR BA.2.75.7 OR BA.2.75.8 OR BA.2.75.9 OR BA.2.75.10 OR BA.2.76 OR BA.2.76.1 OR BA.2.76.2 OR BA.2.77 OR BA.2.78 OR BA.2.79 OR BA.2.79.1 OR BA.2.80 OR BA.2.81 OR BA.2.82 OR BA.2.83 OR BA.2.85 OR BA.3 OR BA.3.1 OR BA.4 OR BA.4.1 OR BA.4.1.1 OR BA.4.1.2 OR BA.4.1.3 OR BA.4.1.4 OR BA.4.1.5 OR BA.4.1.6 OR BA.4.1.7 OR BA.4.1.8 OR BA.4.1.9 OR BA.4.1.10 OR BA.4.2 OR BA.4.3 OR BA.4.4 OR BA.4.5 OR BA.4.6 OR BA.4.6.1 OR BA.4.6.2 OR BA.4.6.3 OR BA.4.6.4 OR BA.4.6.5 OR BA.4.7 OR BA.4.8 OR BA.5 OR BA.5.1 OR BA.5.1.1 OR BA.5.1.2 OR BA.5.1.3 OR BA.5.1.4 OR BA.5.1.5 OR BA.5.1.6 OR BA.5.1.7 OR BA.5.1.8 OR BA.5.1.9 OR BA.5.1.10 OR BA.5.1.11 OR BA.5.1.12 OR BA.5.1.14 OR BA.5.1.15 OR BA.5.1.16 OR BA.5.1.17 OR BA.5.1.18 OR BA.5.1.19 OR BA.5.1.20 OR BA.5.1.21 OR BA.5.1.22 OR BA.5.1.23 OR BA.5.1.24 OR BA.5.1.25 OR BA.5.1.26 OR BA.5.1.27 OR BA.5.1.28 OR BA.5.1.29 OR BA.5.1.30 OR BA.5.1.31 OR BA.5.1.32 OR BA.5.2 OR BA.5.2.1 OR BA.5.2.2 OR BA.5.2.3 OR BA.5.2.4 OR BA.5.2.5 OR BA.5.2.6 OR BA.5.2.7 OR BA.5.2.8 OR BA.5.2.9 OR BA.5.2.10 OR BA.5.2.11 OR BA.5.2.12 OR BA.5.2.13 OR BA.5.2.14 OR BA.5.2.16 OR BA.5.2.18 OR BA.5.2.19 OR BA.5.2.20 OR BA.5.2.21 OR BA.5.2.22 OR BA.5.2.23 OR BA.5.2.24 OR BA.5.2.25 OR BA.5.2.26 OR BA.5.2.27 OR BA.5.2.28 OR BA.5.2.29 OR BA.5.2.30 OR BA.5.2.31 OR BA.5.2.32 OR BA.5.2.33 OR BA.5.2.34 OR BA.5.2.35 OR BA.5.2.36 OR BA.5.2.37 OR BA.5.2.38 OR BA.5.2.39 OR BA.5.2.40 OR BA.5.2.41 OR BA.5.2.42 OR BA.5.2.43 OR BA.5.2.44 OR BA.5.2.45 OR BA.5.2.46 OR BA.5.2.47 OR BA.5.2.48 OR BA.5.2.49 OR BA.5.3 OR BA.5.3.1 OR BA.5.3.2 OR BA.5.3.3 OR BA.5.3.4 OR BA.5.3.5 OR BA.5.5 OR BA.5.5.1 OR BA.5.5.2 OR BA.5.5.3 OR BA.5.6 OR BA.5.6.1 OR BA.5.6.2 OR BA.5.6.3 OR BA.5.6.4 OR BA.5.7 OR BA.5.8 OR BA.5.9 OR BA.5.10 OR BA.5.10.1 OR BA.5.11 OR BC.1 OR BC.2 OR BD.1 OR BE.1 OR BE.1.1 OR BE.1.1.1 OR BE.1.1.2 OR BE.1.2 OR BE.1.2.1 OR BE.1.3 OR BE.1.4 OR BE.1.4.1 OR BE.1.4.2 OR BE.1.4.3 OR BE.1.4.4 OR BE.2 OR BE.3 OR BE.4 OR BE.4.1 OR BE.4.1.1 OR BE.4.2 OR BE.5 OR BE.6 OR BE.7 OR BE.8 OR BE.9 OR BE.10 OR BF.1 OR BF.1.1 OR BF.2 OR BF.3 OR BF.3.1 OR BF.4 OR BF.5 OR BF.5.1 OR BF.5.2 OR BF.6 OR BF.7 OR BF.7.1 OR BF.7.2 OR BF.7.3 OR BF.7.4 OR BF.7.4.1 OR BF.7.4.2 OR BF.7.5 OR BF.7.5.1 OR BF.7.6 OR BF.7.7 OR BF.7.8 OR BF.7.9 OR BF.7.10 OR BF.7.11 OR BF.7.12 OR BF.7.13 OR BF.7.13.1 OR BF.7.13.2 OR BF.7.14 OR BF.7.15 OR BF.8 OR BF.9 OR BF.10 OR BF.10.1 OR BF.11 OR BF.11.1 OR BF.11.2 OR BF.11.3 OR BF.11.4 OR BF.11.5 OR BF.12 OR BF.13 OR BF.14 OR BF.15 OR BF.16 OR BF.17 OR BF.18 OR BF.19 OR BF.20 OR BF.21 OR BF.22 OR BF.23 OR BF.24 OR BF.25 OR BF.26 OR BF.27 OR BF.28 OR BF.29 OR BF.30 OR BF.31 OR BF.31.1 OR BF.32 OR BF.33 OR BF.34 OR BG.1 OR BG.2 OR BG.3 OR BG.4 OR BG.5 OR BG.6 OR BG.7 OR BH.1 OR BJ.1 OR BK.1 OR BL.1 OR BL.1.1 OR BL.1.2 OR BL.1.3 OR BL.1.4 OR BL.2 OR BL.2.1 OR BL.3 OR BL.4 OR BL.5 OR BL.6 OR BM.1 OR BM.1.1 OR BM.1.1.1 OR BM.1.1.2 OR BM.1.1.3 OR BM.1.1.4 OR BM.1.1.5 OR BM.2 OR BM.2.1 OR BM.2.2 OR BM.2.3 OR BM.3 OR BM.4 OR BM.4.1 OR BM.4.1.1 OR BM.5 OR BM.6 OR BN.1 OR BN.1.1 OR BN.1.1.1 OR BN.1.2 OR BN.1.2.1 OR BN.1.3 OR BN.1.3.1 OR BN.1.3.2 OR BN.1.3.3 OR BN.1.3.4 OR BN.1.4 OR BN.1.4.1 OR BN.1.5 OR BN.1.5.1 OR BN.1.6 OR BN.1.7 OR BN.1.8 OR BN.1.9 OR BN.2 OR BN.2.1 OR BN.3 OR BN.3.1 OR BN.4 OR BN.5 OR BN.6 OR BP.1 OR BQ.1 OR BQ.1.1 OR BQ.1.1.1 OR BQ.1.1.2 OR BQ.1.1.3 OR BQ.1.1.4 OR BQ.1.1.5 OR BQ.1.1.6 OR BQ.1.1.7 OR BQ.1.1.8 OR BQ.1.1.9 OR BQ.1.1.10 OR BQ.1.1.11 OR BQ.1.1.12 OR BQ.1.1.13 OR BQ.1.1.14 OR BQ.1.1.15 OR BQ.1.1.16 OR BQ.1.1.17 OR BQ.1.1.18 OR BQ.1.1.19 OR BQ.1.1.20 OR BQ.1.1.21 OR BQ.1.1.22 OR BQ.1.1.23 OR BQ.1.1.24 OR BQ.1.1.25 OR BQ.1.1.26 OR BQ.1.1.27 OR BQ.1.1.28 OR BQ.1.1.29 OR BQ.1.1.30 OR BQ.1.1.31 OR BQ.1.1.32 OR BQ.1.1.34 OR BQ.1.1.35 OR BQ.1.1.36 OR BQ.1.2 OR BQ.1.3 OR BQ.1.4 OR BQ.1.5 OR BQ.1.6 OR BQ.1.7 OR BQ.1.8 OR BQ.1.8.1 OR BQ.1.8.2 OR BQ.1.9 OR BQ.1.10 OR BQ.1.10.1 OR BQ.1.11 OR BQ.1.12 OR BQ.1.13 OR BQ.1.13.1 OR BQ.1.14 OR BQ.1.15 OR BQ.1.16 OR BQ.1.17 OR BQ.1.18 OR BQ.1.19 OR BQ.1.20 OR BQ.1.21 OR BQ.1.22 OR BQ.1.23 OR BQ.1.24 OR BQ.1.25 OR BQ.1.25.1 OR BQ.1.26 OR BQ.1.26.1 OR BQ.1.27 OR BQ.1.28 OR BQ.2 OR BR.1 OR BR.1.1 OR BR.1.2 OR BR.2 OR BR.2.1 OR BR.3 OR BR.4 OR BS.1 OR BS.1.1 OR BS.1.2 OR BT.1 OR BT.2 OR BU.1 OR BU.2 OR BU.3 OR BV.1 OR BV.2 OR BW.1 OR BW.1.1 OR BY.1 OR BY.1.1 OR BY.1.1.1 OR BY.1.2 OR BY.1.2.1 OR BZ.1 OR CA.1 OR CA.2 OR CA.3 OR CA.3.1 OR CA.4 OR CA.5 OR CA.6 OR CA.7 OR CB.1 OR CC.1 OR CD.1 OR CD.2 OR CE.1 OR CF.1 OR CG.1 OR CH.1 OR CH.1.1 OR CH.1.1.1 OR CH.1.1.2 OR CH.1.1.3 OR CH.1.1.4 OR CH.1.1.5 OR CH.2 OR CH.3 OR CH.3.1 OR CJ.1 OR CJ.1.1 OR CK.1 OR CK.1.1 OR CK.1.2 OR CK.2 OR CK.2.1 OR CK.2.1.1 OR CK.3 OR CL.1 OR CM.1 OR CM.2 OR CM.2.1 OR CM.3 OR CM.4 OR CM.4.1 OR CM.5 OR CM.5.1 OR CM.5.2 OR CM.6 OR CM.6.1 OR CM.7 OR CM.8 OR CM.8.1 OR CM.9 OR CM.10 OR CM.11 OR CM.12 OR CN.1 OR CN.2 OR CP.1 OR CP.1.1 OR CP.1.2 OR CP.1.3 OR CP.2 OR CP.3 OR CP.4 OR CP.5 OR CP.6 OR CQ.1 OR CQ.1.1 OR CQ.2 OR CR.1 OR CR.1.1 OR CR.1.2 OR CR.1.3 OR CR.2 OR CS.1 OR CT.1 OR CU.1 OR CV.1 OR CV.2 OR CW.1 OR CY.1 OR CZ.1 OR DA.1 OR DB.1 OR DB.2 OR DC.1 OR DD.1 OR DE.1 OR DE.2 OR DF.1 OR DF.1.1 OR DG.1 OR DH.1 OR DJ.1 OR DJ.1.1 OR DJ.1.2 OR DJ.1.3 OR DK.1 OR DL.1 OR DM.1 OR DN.1 OR DN.1.1 OR DP.1 OR DQ.1 OR DR.1 OR DS.1 OR DT.1 OR DU.1 OR DV.1,Omicron,15.7857142857143,13.6428571428571,0.864253393665158
2022-07-22,17,14,12,10.4285714285714,0.869047619047619,0.563752064063617,0.963662243601328,B.1.1.529 OR BA.1 OR BA.1.1 OR BA.1.1.1 OR BA.1.1.2 OR BA.1.1.3 OR BA.1.1.4 OR BA.1.1.5 OR BA.1.1.6 OR BA.1.1.7 OR BA.1.1.8 OR BA.1.1.9 OR BA.1.1.10 OR BA.1.1.11 OR BA.1.1.12 OR BA.1.1.13 OR BA.1.1.14 OR BA.1.1.15 OR BA.1.1.16 OR BA.1.1.17 OR BA.1.1.18 OR BA.1.2 OR BA.1.3 OR BA.1.4 OR BA.1.5 OR BA.1.6 OR BA.1.7 OR BA.1.8 OR BA.1.9 OR BA.1.10 OR BA.1.12 OR BA.1.13 OR BA.1.13.1 OR BA.1.14 OR BA.1.14.1 OR BA.1.14.2 OR BA.1.15 OR BA.1.15.1 OR BA.1.15.2 OR BA.1.15.3 OR BA.1.16 OR BA.1.16.1 OR BA.1.16.2 OR BA.1.17 OR BA.1.17.1 OR BA.1.17.2 OR BA.1.18 OR BA.1.19 OR BA.1.20 OR BA.1.21 OR BA.1.21.1 OR BA.1.22 OR BA.1.23 OR BA.1.24 OR BA.2 OR BA.2.1 OR BA.2.2 OR BA.2.2.1 OR BA.2.3 OR BA.2.3.1 OR BA.2.3.2 OR BA.2.3.4 OR BA.2.3.5 OR BA.2.3.6 OR BA.2.3.7 OR BA.2.3.8 OR BA.2.3.9 OR BA.2.3.10 OR BA.2.3.11 OR BA.2.3.12 OR BA.2.3.13 OR BA.2.3.14 OR BA.2.3.15 OR BA.2.3.16 OR BA.2.3.17 OR BA.2.3.18 OR BA.2.3.19 OR BA.2.3.20 OR BA.2.3.21 OR BA.2.3.22 OR BA.2.4 OR BA.2.5 OR BA.2.6 OR BA.2.7 OR BA.2.8 OR BA.2.9 OR BA.2.9.1 OR BA.2.9.2 OR BA.2.9.3 OR BA.2.9.4 OR BA.2.9.5 OR BA.2.9.6 OR BA.2.9.7 OR BA.2.10 OR BA.2.10.1 OR BA.2.10.2 OR BA.2.10.3 OR BA.2.10.4 OR BA.2.11 OR BA.2.12 OR BA.2.12.1 OR BA.2.12.2 OR BA.2.13 OR BA.2.13.1 OR BA.2.14 OR BA.2.15 OR BA.2.16 OR BA.2.17 OR BA.2.18 OR BA.2.19 OR BA.2.20 OR BA.2.21 OR BA.2.22 OR BA.2.23 OR BA.2.23.1 OR BA.2.24 OR BA.2.25 OR BA.2.25.1 OR BA.2.26 OR BA.2.27 OR BA.2.28 OR BA.2.29 OR BA.2.30 OR BA.2.31 OR BA.2.31.1 OR BA.2.32 OR BA.2.33 OR BA.2.34 OR BA.2.35 OR BA.2.36 OR BA.2.37 OR BA.2.38 OR BA.2.38.1 OR BA.2.38.2 OR BA.2.38.3 OR BA.2.38.4 OR BA.2.39 OR BA.2.40 OR BA.2.40.1 OR BA.2.41 OR BA.2.42 OR BA.2.43 OR BA.2.44 OR BA.2.45 OR BA.2.46 OR BA.2.47 OR BA.2.48 OR BA.2.49 OR BA.2.50 OR BA.2.51 OR BA.2.52 OR BA.2.53 OR BA.2.54 OR BA.2.55 OR BA.2.56 OR BA.2.56.1 OR BA.2.57 OR BA.2.58 OR BA.2.59 OR BA.2.60 OR BA.2.61 OR BA.2.62 OR BA.2.63 OR BA.2.64 OR BA.2.65 OR BA.2.66 OR BA.2.67 OR BA.2.68 OR BA.2.69 OR BA.2.70 OR BA.2.71 OR BA.2.72 OR BA.2.73 OR BA.2.74 OR BA.2.75 OR BA.2.75.1 OR BA.2.75.2 OR BA.2.75.3 OR BA.2.75.4 OR BA.2.75.5 OR BA.2.75.6 OR BA.2.75.7 OR BA.2.75.8 OR BA.2.75.9 OR BA.2.75.10 OR BA.2.76 OR BA.2.76.1 OR BA.2.76.2 OR BA.2.77 OR BA.2.78 OR BA.2.79 OR BA.2.79.1 OR BA.2.80 OR BA.2.81 OR BA.2.82 OR BA.2.83 OR BA.2.85 OR BA.3 OR BA.3.1 OR BA.4 OR BA.4.1 OR BA.4.1.1 OR BA.4.1.2 OR BA.4.1.3 OR BA.4.1.4 OR BA.4.1.5 OR BA.4.1.6 OR BA.4.1.7 OR BA.4.1.8 OR BA.4.1.9 OR BA.4.1.10 OR BA.4.2 OR BA.4.3 OR BA.4.4 OR BA.4.5 OR BA.4.6 OR BA.4.6.1 OR BA.4.6.2 OR BA.4.6.3 OR BA.4.6.4 OR BA.4.6.5 OR BA.4.7 OR BA.4.8 OR BA.5 OR BA.5.1 OR BA.5.1.1 OR BA.5.1.2 OR BA.5.1.3 OR BA.5.1.4 OR BA.5.1.5 OR BA.5.1.6 OR BA.5.1.7 OR BA.5.1.8 OR BA.5.1.9 OR BA.5.1.10 OR BA.5.1.11 OR BA.5.1.12 OR BA.5.1.14 OR BA.5.1.15 OR BA.5.1.16 OR BA.5.1.17 OR BA.5.1.18 OR BA.5.1.19 OR BA.5.1.20 OR BA.5.1.21 OR BA.5.1.22 OR BA.5.1.23 OR BA.5.1.24 OR BA.5.1.25 OR BA.5.1.26 OR BA.5.1.27 OR BA.5.1.28 OR BA.5.1.29 OR BA.5.1.30 OR BA.5.1.31 OR BA.5.1.32 OR BA.5.2 OR BA.5.2.1 OR BA.5.2.2 OR BA.5.2.3 OR BA.5.2.4 OR BA.5.2.5 OR BA.5.2.6 OR BA.5.2.7 OR BA.5.2.8 OR BA.5.2.9 OR BA.5.2.10 OR BA.5.2.11 OR BA.5.2.12 OR BA.5.2.13 OR BA.5.2.14 OR BA.5.2.16 OR BA.5.2.18 OR BA.5.2.19 OR BA.5.2.20 OR BA.5.2.21 OR BA.5.2.22 OR BA.5.2.23 OR BA.5.2.24 OR BA.5.2.25 OR BA.5.2.26 OR BA.5.2.27 OR BA.5.2.28 OR BA.5.2.29 OR BA.5.2.30 OR BA.5.2.31 OR BA.5.2.32 OR BA.5.2.33 OR BA.5.2.34 OR BA.5.2.35 OR BA.5.2.36 OR BA.5.2.37 OR BA.5.2.38 OR BA.5.2.39 OR BA.5.2.40 OR BA.5.2.41 OR BA.5.2.42 OR BA.5.2.43 OR BA.5.2.44 OR BA.5.2.45 OR BA.5.2.46 OR BA.5.2.47 OR BA.5.2.48 OR BA.5.2.49 OR BA.5.3 OR BA.5.3.1 OR BA.5.3.2 OR BA.5.3.3 OR BA.5.3.4 OR BA.5.3.5 OR BA.5.5 OR BA.5.5.1 OR BA.5.5.2 OR BA.5.5.3 OR BA.5.6 OR BA.5.6.1 OR BA.5.6.2 OR BA.5.6.3 OR BA.5.6.4 OR BA.5.7 OR BA.5.8 OR BA.5.9 OR BA.5.10 OR BA.5.10.1 OR BA.5.11 OR BC.1 OR BC.2 OR BD.1 OR BE.1 OR BE.1.1 OR BE.1.1.1 OR BE.1.1.2 OR BE.1.2 OR BE.1.2.1 OR BE.1.3 OR BE.1.4 OR BE.1.4.1 OR BE.1.4.2 OR BE.1.4.3 OR BE.1.4.4 OR BE.2 OR BE.3 OR BE.4 OR BE.4.1 OR BE.4.1.1 OR BE.4.2 OR BE.5 OR BE.6 OR BE.7 OR BE.8 OR BE.9 OR BE.10 OR BF.1 OR BF.1.1 OR BF.2 OR BF.3 OR BF.3.1 OR BF.4 OR BF.5 OR BF.5.1 OR BF.5.2 OR BF.6 OR BF.7 OR BF.7.1 OR BF.7.2 OR BF.7.3 OR BF.7.4 OR BF.7.4.1 OR BF.7.4.2 OR BF.7.5 OR BF.7.5.1 OR BF.7.6 OR BF.7.7 OR BF.7.8 OR BF.7.9 OR BF.7.10 OR BF.7.11 OR BF.7.12 OR BF.7.13 OR BF.7.13.1 OR BF.7.13.2 OR BF.7.14 OR BF.7.15 OR BF.8 OR BF.9 OR BF.10 OR BF.10.1 OR BF.11 OR BF.11.1 OR BF.11.2 OR BF.11.3 OR BF.11.4 OR BF.11.5 OR BF.12 OR BF.13 OR BF.14 OR BF.15 OR BF.16 OR BF.17 OR BF.18 OR BF.19 OR BF.20 OR BF.21 OR BF.22 OR BF.23 OR BF.24 OR BF.25 OR BF.26 OR BF.27 OR BF.28 OR BF.29 OR BF.30 OR BF.31 OR BF.31.1 OR BF.32 OR BF.33 OR BF.34 OR BG.1 OR BG.2 OR BG.3 OR BG.4 OR BG.5 OR BG.6 OR BG.7 OR BH.1 OR BJ.1 OR BK.1 OR BL.1 OR BL.1.1 OR BL.1.2 OR BL.1.3 OR BL.1.4 OR BL.2 OR BL.2.1 OR BL.3 OR BL.4 OR BL.5 OR BL.6 OR BM.1 OR BM.1.1 OR BM.1.1.1 OR BM.1.1.2 OR BM.1.1.3 OR BM.1.1.4 OR BM.1.1.5 OR BM.2 OR BM.2.1 OR BM.2.2 OR BM.2.3 OR BM.3 OR BM.4 OR BM.4.1 OR BM.4.1.1 OR BM.5 OR BM.6 OR BN.1 OR BN.1.1 OR BN.1.1.1 OR BN.1.2 OR BN.1.2.1 OR BN.1.3 OR BN.1.3.1 OR BN.1.3.2 OR BN.1.3.3 OR BN.1.3.4 OR BN.1.4 OR BN.1.4.1 OR BN.1.5 OR BN.1.5.1 OR BN.1.6 OR BN.1.7 OR BN.1.8 OR BN.1.9 OR BN.2 OR BN.2.1 OR BN.3 OR BN.3.1 OR BN.4 OR BN.5 OR BN.6 OR BP.1 OR BQ.1 OR BQ.1.1 OR BQ.1.1.1 OR BQ.1.1.2 OR BQ.1.1.3 OR BQ.1.1.4 OR BQ.1.1.5 OR BQ.1.1.6 OR BQ.1.1.7 OR BQ.1.1.8 OR BQ.1.1.9 OR BQ.1.1.10 OR BQ.1.1.11 OR BQ.1.1.12 OR BQ.1.1.13 OR BQ.1.1.14 OR BQ.1.1.15 OR BQ.1.1.16 OR BQ.1.1.17 OR BQ.1.1.18 OR BQ.1.1.19 OR BQ.1.1.20 OR BQ.1.1.21 OR BQ.1.1.22 OR BQ.1.1.23 OR BQ.1.1.24 OR BQ.1.1.25 OR BQ.1.1.26 OR BQ.1.1.27 OR BQ.1.1.28 OR BQ.1.1.29 OR BQ.1.1.30 OR BQ.1.1.31 OR BQ.1.1.32 OR BQ.1.1.34 OR BQ.1.1.35 OR BQ.1.1.36 OR BQ.1.2 OR BQ.1.3 OR BQ.1.4 OR BQ.1.5 OR BQ.1.6 OR BQ.1.7 OR BQ.1.8 OR BQ.1.8.1 OR BQ.1.8.2 OR BQ.1.9 OR BQ.1.10 OR BQ.1.10.1 OR BQ.1.11 OR BQ.1.12 OR BQ.1.13 OR BQ.1.13.1 OR BQ.1.14 OR BQ.1.15 OR BQ.1.16 OR BQ.1.17 OR BQ.1.18 OR BQ.1.19 OR BQ.1.20 OR BQ.1.21 OR BQ.1.22 OR BQ.1.23 OR BQ.1.24 OR BQ.1.25 OR BQ.1.25.1 OR BQ.1.26 OR BQ.1.26.1 OR BQ.1.27 OR BQ.1.28 OR BQ.2 OR BR.1 OR BR.1.1 OR BR.1.2 OR BR.2 OR BR.2.1 OR BR.3 OR BR.4 OR BS.1 OR BS.1.1 OR BS.1.2 OR BT.1 OR BT.2 OR BU.1 OR BU.2 OR BU.3 OR BV.1 OR BV.2 OR BW.1 OR BW.1.1 OR BY.1 OR BY.1.1 OR BY.1.1.1 OR BY.1.2 OR BY.1.2.1 OR BZ.1 OR CA.1 OR CA.2 OR CA.3 OR CA.3.1 OR CA.4 OR CA.5 OR CA.6 OR CA.7 OR CB.1 OR CC.1 OR CD.1 OR CD.2 OR CE.1 OR CF.1 OR CG.1 OR CH.1 OR CH.1.1 OR CH.1.1.1 OR CH.1.1.2 OR CH.1.1.3 OR CH.1.1.4 OR CH.1.1.5 OR CH.2 OR CH.3 OR CH.3.1 OR CJ.1 OR CJ.1.1 OR CK.1 OR CK.1.1 OR CK.1.2 OR CK.2 OR CK.2.1 OR CK.2.1.1 OR CK.3 OR CL.1 OR CM.1 OR CM.2 OR CM.2.1 OR CM.3 OR CM.4 OR CM.4.1 OR CM.5 OR CM.5.1 OR CM.5.2 OR CM.6 OR CM.6.1 OR CM.7 OR CM.8 OR CM.8.1 OR CM.9 OR CM.10 OR CM.11 OR CM.12 OR CN.1 OR CN.2 OR CP.1 OR CP.1.1 OR CP.1.2 OR CP.1.3 OR CP.2 OR CP.3 OR CP.4 OR CP.5 OR CP.6 OR CQ.1 OR CQ.1.1 OR CQ.2 OR CR.1 OR CR.1.1 OR CR.1.2 OR CR.1.3 OR CR.2 OR CS.1 OR CT.1 OR CU.1 OR CV.1 OR CV.2 OR CW.1 OR CY.1 OR CZ.1 OR DA.1 OR DB.1 OR DB.2 OR DC.1 OR DD.1 OR DE.1 OR DE.2 OR DF.1 OR DF.1.1 OR DG.1 OR DH.1 OR DJ.1 OR DJ.1.1 OR DJ.1.2 OR DJ.1.3 OR DK.1 OR DL.1 OR DM.1 OR DN.1 OR DN.1.1 OR DP.1 OR DQ.1 OR DR.1 OR DS.1 OR DT.1 OR DU.1 OR DV.1,Omicron,15.9285714285714,13.5714285714286,0.852017937219731
2022-07-23,12,12,13.1428571428571,11.7142857142857,0.891304347826087,0.692850510293305,0.991570341687786,B.1.1.529 OR BA.1 OR BA.1.1 OR BA.1.1.1 OR BA.1.1.2 OR BA.1.1.3 OR BA.1.1.4 OR BA.1.1.5 OR BA.1.1.6 OR BA.1.1.7 OR BA.1.1.8 OR BA.1.1.9 OR BA.1.1.10 OR BA.1.1.11 OR BA.1.1.12 OR BA.1.1.13 OR BA.1.1.14 OR BA.1.1.15 OR BA.1.1.16 OR BA.1.1.17 OR BA.1.1.18 OR BA.1.2 OR BA.1.3 OR BA.1.4 OR BA.1.5 OR BA.1.6 OR BA.1.7 OR BA.1.8 OR BA.1.9 OR BA.1.10 OR BA.1.12 OR BA.1.13 OR BA.1.13.1 OR BA.1.14 OR BA.1.14.1 OR BA.1.14.2 OR BA.1.15 OR BA.1.15.1 OR BA.1.15.2 OR BA.1.15.3 OR BA.1.16 OR BA.1.16.1 OR BA.1.16.2 OR BA.1.17 OR BA.1.17.1 OR BA.1.17.2 OR BA.1.18 OR BA.1.19 OR BA.1.20 OR BA.1.21 OR BA.1.21.1 OR BA.1.22 OR BA.1.23 OR BA.1.24 OR BA.2 OR BA.2.1 OR BA.2.2 OR BA.2.2.1 OR BA.2.3 OR BA.2.3.1 OR BA.2.3.2 OR BA.2.3.4 OR BA.2.3.5 OR BA.2.3.6 OR BA.2.3.7 OR BA.2.3.8 OR BA.2.3.9 OR BA.2.3.10 OR BA.2.3.11 OR BA.2.3.12 OR BA.2.3.13 OR BA.2.3.14 OR BA.2.3.15 OR BA.2.3.16 OR BA.2.3.17 OR BA.2.3.18 OR BA.2.3.19 OR BA.2.3.20 OR BA.2.3.21 OR BA.2.3.22 OR BA.2.4 OR BA.2.5 OR BA.2.6 OR BA.2.7 OR BA.2.8 OR BA.2.9 OR BA.2.9.1 OR BA.2.9.2 OR BA.2.9.3 OR BA.2.9.4 OR BA.2.9.5 OR BA.2.9.6 OR BA.2.9.7 OR BA.2.10 OR BA.2.10.1 OR BA.2.10.2 OR BA.2.10.3 OR BA.2.10.4 OR BA.2.11 OR BA.2.12 OR BA.2.12.1 OR BA.2.12.2 OR BA.2.13 OR BA.2.13.1 OR BA.2.14 OR BA.2.15 OR BA.2.16 OR BA.2.17 OR BA.2.18 OR BA.2.19 OR BA.2.20 OR BA.2.21 OR BA.2.22 OR BA.2.23 OR BA.2.23.1 OR BA.2.24 OR BA.2.25 OR BA.2.25.1 OR BA.2.26 OR BA.2.27 OR BA.2.28 OR BA.2.29 OR BA.2.30 OR BA.2.31 OR BA.2.31.1 OR BA.2.32 OR BA.2.33 OR BA.2.34 OR BA.2.35 OR BA.2.36 OR BA.2.37 OR BA.2.38 OR BA.2.38.1 OR BA.2.38.2 OR BA.2.38.3 OR BA.2.38.4 OR BA.2.39 OR BA.2.40 OR BA.2.40.1 OR BA.2.41 OR BA.2.42 OR BA.2.43 OR BA.2.44 OR BA.2.45 OR BA.2.46 OR BA.2.47 OR BA.2.48 OR BA.2.49 OR BA.2.50 OR BA.2.51 OR BA.2.52 OR BA.2.53 OR BA.2.54 OR BA.2.55 OR BA.2.56 OR BA.2.56.1 OR BA.2.57 OR BA.2.58 OR BA.2.59 OR BA.2.60 OR BA.2.61 OR BA.2.62 OR BA.2.63 OR BA.2.64 OR BA.2.65 OR BA.2.66 OR BA.2.67 OR BA.2.68 OR BA.2.69 OR BA.2.70 OR BA.2.71 OR BA.2.72 OR BA.2.73 OR BA.2.74 OR BA.2.75 OR BA.2.75.1 OR BA.2.75.2 OR BA.2.75.3 OR BA.2.75.4 OR BA.2.75.5 OR BA.2.75.6 OR BA.2.75.7 OR BA.2.75.8 OR BA.2.75.9 OR BA.2.75.10 OR BA.2.76 OR BA.2.76.1 OR BA.2.76.2 OR BA.2.77 OR BA.2.78 OR BA.2.79 OR BA.2.79.1 OR BA.2.80 OR BA.2.81 OR BA.2.82 OR BA.2.83 OR BA.2.85 OR BA.3 OR BA.3.1 OR BA.4 OR BA.4.1 OR BA.4.1.1 OR BA.4.1.2 OR BA.4.1.3 OR BA.4.1.4 OR BA.4.1.5 OR BA.4.1.6 OR BA.4.1.7 OR BA.4.1.8 OR BA.4.1.9 OR BA.4.1.10 OR BA.4.2 OR BA.4.3 OR BA.4.4 OR BA.4.5 OR BA.4.6 OR BA.4.6.1 OR BA.4.6.2 OR BA.4.6.3 OR BA.4.6.4 OR BA.4.6.5 OR BA.4.7 OR BA.4.8 OR BA.5 OR BA.5.1 OR BA.5.1.1 OR BA.5.1.2 OR BA.5.1.3 OR BA.5.1.4 OR BA.5.1.5 OR BA.5.1.6 OR BA.5.1.7 OR BA.5.1.8 OR BA.5.1.9 OR BA.5.1.10 OR BA.5.1.11 OR BA.5.1.12 OR BA.5.1.14 OR BA.5.1.15 OR BA.5.1.16 OR BA.5.1.17 OR BA.5.1.18 OR BA.5.1.19 OR BA.5.1.20 OR BA.5.1.21 OR BA.5.1.22 OR BA.5.1.23 OR BA.5.1.24 OR BA.5.1.25 OR BA.5.1.26 OR BA.5.1.27 OR BA.5.1.28 OR BA.5.1.29 OR BA.5.1.30 OR BA.5.1.31 OR BA.5.1.32 OR BA.5.2 OR BA.5.2.1 OR BA.5.2.2 OR BA.5.2.3 OR BA.5.2.4 OR BA.5.2.5 OR BA.5.2.6 OR BA.5.2.7 OR BA.5.2.8 OR BA.5.2.9 OR BA.5.2.10 OR BA.5.2.11 OR BA.5.2.12 OR BA.5.2.13 OR BA.5.2.14 OR BA.5.2.16 OR BA.5.2.18 OR BA.5.2.19 OR BA.5.2.20 OR BA.5.2.21 OR BA.5.2.22 OR BA.5.2.23 OR BA.5.2.24 OR BA.5.2.25 OR BA.5.2.26 OR BA.5.2.27 OR BA.5.2.28 OR BA.5.2.29 OR BA.5.2.30 OR BA.5.2.31 OR BA.5.2.32 OR BA.5.2.33 OR BA.5.2.34 OR BA.5.2.35 OR BA.5.2.36 OR BA.5.2.37 OR BA.5.2.38 OR BA.5.2.39 OR BA.5.2.40 OR BA.5.2.41 OR BA.5.2.42 OR BA.5.2.43 OR BA.5.2.44 OR BA.5.2.45 OR BA.5.2.46 OR BA.5.2.47 OR BA.5.2.48 OR BA.5.2.49 OR BA.5.3 OR BA.5.3.1 OR BA.5.3.2 OR BA.5.3.3 OR BA.5.3.4 OR BA.5.3.5 OR BA.5.5 OR BA.5.5.1 OR BA.5.5.2 OR BA.5.5.3 OR BA.5.6 OR BA.5.6.1 OR BA.5.6.2 OR BA.5.6.3 OR BA.5.6.4 OR BA.5.7 OR BA.5.8 OR BA.5.9 OR BA.5.10 OR BA.5.10.1 OR BA.5.11 OR BC.1 OR BC.2 OR BD.1 OR BE.1 OR BE.1.1 OR BE.1.1.1 OR BE.1.1.2 OR BE.1.2 OR BE.1.2.1 OR BE.1.3 OR BE.1.4 OR BE.1.4.1 OR BE.1.4.2 OR BE.1.4.3 OR BE.1.4.4 OR BE.2 OR BE.3 OR BE.4 OR BE.4.1 OR BE.4.1.1 OR BE.4.2 OR BE.5 OR BE.6 OR BE.7 OR BE.8 OR BE.9 OR BE.10 OR BF.1 OR BF.1.1 OR BF.2 OR BF.3 OR BF.3.1 OR BF.4 OR BF.5 OR BF.5.1 OR BF.5.2 OR BF.6 OR BF.7 OR BF.7.1 OR BF.7.2 OR BF.7.3 OR BF.7.4 OR BF.7.4.1 OR BF.7.4.2 OR BF.7.5 OR BF.7.5.1 OR BF.7.6 OR BF.7.7 OR BF.7.8 OR BF.7.9 OR BF.7.10 OR BF.7.11 OR BF.7.12 OR BF.7.13 OR BF.7.13.1 OR BF.7.13.2 OR BF.7.14 OR BF.7.15 OR BF.8 OR BF.9 OR BF.10 OR BF.10.1 OR BF.11 OR BF.11.1 OR BF.11.2 OR BF.11.3 OR BF.11.4 OR BF.11.5 OR BF.12 OR BF.13 OR BF.14 OR BF.15 OR BF.16 OR BF.17 OR BF.18 OR BF.19 OR BF.20 OR BF.21 OR BF.22 OR BF.23 OR BF.24 OR BF.25 OR BF.26 OR BF.27 OR BF.28 OR BF.29 OR BF.30 OR BF.31 OR BF.31.1 OR BF.32 OR BF.33 OR BF.34 OR BG.1 OR BG.2 OR BG.3 OR BG.4 OR BG.5 OR BG.6 OR BG.7 OR BH.1 OR BJ.1 OR BK.1 OR BL.1 OR BL.1.1 OR BL.1.2 OR BL.1.3 OR BL.1.4 OR BL.2 OR BL.2.1 OR BL.3 OR BL.4 OR BL.5 OR BL.6 OR BM.1 OR BM.1.1 OR BM.1.1.1 OR BM.1.1.2 OR BM.1.1.3 OR BM.1.1.4 OR BM.1.1.5 OR BM.2 OR BM.2.1 OR BM.2.2 OR BM.2.3 OR BM.3 OR BM.4 OR BM.4.1 OR BM.4.1.1 OR BM.5 OR BM.6 OR BN.1 OR BN.1.1 OR BN.1.1.1 OR BN.1.2 OR BN.1.2.1 OR BN.1.3 OR BN.1.3.1 OR BN.1.3.2 OR BN.1.3.3 OR BN.1.3.4 OR BN.1.4 OR BN.1.4.1 OR BN.1.5 OR BN.1.5.1 OR BN.1.6 OR BN.1.7 OR BN.1.8 OR BN.1.9 OR BN.2 OR BN.2.1 OR BN.3 OR BN.3.1 OR BN.4 OR BN.5 OR BN.6 OR BP.1 OR BQ.1 OR BQ.1.1 OR BQ.1.1.1 OR BQ.1.1.2 OR BQ.1.1.3 OR BQ.1.1.4 OR BQ.1.1.5 OR BQ.1.1.6 OR BQ.1.1.7 OR BQ.1.1.8 OR BQ.1.1.9 OR BQ.1.1.10 OR BQ.1.1.11 OR BQ.1.1.12 OR BQ.1.1.13 OR BQ.1.1.14 OR BQ.1.1.15 OR BQ.1.1.16 OR BQ.1.1.17 OR BQ.1.1.18 OR BQ.1.1.19 OR BQ.1.1.20 OR BQ.1.1.21 OR BQ.1.1.22 OR BQ.1.1.23 OR BQ.1.1.24 OR BQ.1.1.25 OR BQ.1.1.26 OR BQ.1.1.27 OR BQ.1.1.28 OR BQ.1.1.29 OR BQ.1.1.30 OR BQ.1.1.31 OR BQ.1.1.32 OR BQ.1.1.34 OR BQ.1.1.35 OR BQ.1.1.36 OR BQ.1.2 OR BQ.1.3 OR BQ.1.4 OR BQ.1.5 OR BQ.1.6 OR BQ.1.7 OR BQ.1.8 OR BQ.1.8.1 OR BQ.1.8.2 OR BQ.1.9 OR BQ.1.10 OR BQ.1.10.1 OR BQ.1.11 OR BQ.1.12 OR BQ.1.13 OR BQ.1.13.1 OR BQ.1.14 OR BQ.1.15 OR BQ.1.16 OR BQ.1.17 OR BQ.1.18 OR BQ.1.19 OR BQ.1.20 OR BQ.1.21 OR BQ.1.22 OR BQ.1.23 OR BQ.1.24 OR BQ.1.25 OR BQ.1.25.1 OR BQ.1.26 OR BQ.1.26.1 OR BQ.1.27 OR BQ.1.28 OR BQ.2 OR BR.1 OR BR.1.1 OR BR.1.2 OR BR.2 OR BR.2.1 OR BR.3 OR BR.4 OR BS.1 OR BS.1.1 OR BS.1.2 OR BT.1 OR BT.2 OR BU.1 OR BU.2 OR BU.3 OR BV.1 OR BV.2 OR BW.1 OR BW.1.1 OR BY.1 OR BY.1.1 OR BY.1.1.1 OR BY.1.2 OR BY.1.2.1 OR BZ.1 OR CA.1 OR CA.2 OR CA.3 OR CA.3.1 OR CA.4 OR CA.5 OR CA.6 OR CA.7 OR CB.1 OR CC.1 OR CD.1 OR CD.2 OR CE.1 OR CF.1 OR CG.1 OR CH.1 OR CH.1.1 OR CH.1.1.1 OR CH.1.1.2 OR CH.1.1.3 OR CH.1.1.4 OR CH.1.1.5 OR CH.2 OR CH.3 OR CH.3.1 OR CJ.1 OR CJ.1.1 OR CK.1 OR CK.1.1 OR CK.1.2 OR CK.2 OR CK.2.1 OR CK.2.1.1 OR CK.3 OR CL.1 OR CM.1 OR CM.2 OR CM.2.1 OR CM.3 OR CM.4 OR CM.4.1 OR CM.5 OR CM.5.1 OR CM.5.2 OR CM.6 OR CM.6.1 OR CM.7 OR CM.8 OR CM.8.1 OR CM.9 OR CM.10 OR CM.11 OR CM.12 OR CN.1 OR CN.2 OR CP.1 OR CP.1.1 OR CP.1.2 OR CP.1.3 OR CP.2 OR CP.3 OR CP.4 OR CP.5 OR CP.6 OR CQ.1 OR CQ.1.1 OR CQ.2 OR CR.1 OR CR.1.1 OR CR.1.2 OR CR.1.3 OR CR.2 OR CS.1 OR CT.1 OR CU.1 OR CV.1 OR CV.2 OR CW.1 OR CY.1 OR CZ.1 OR DA.1 OR DB.1 OR DB.2 OR DC.1 OR DD.1 OR DE.1 OR DE.2 OR DF.1 OR DF.1.1 OR DG.1 OR DH.1 OR DJ.1 OR DJ.1.1 OR DJ.1.2 OR DJ.1.3 OR DK.1 OR DL.1 OR DM.1 OR DN.1 OR DN.1.1 OR DP.1 OR DQ.1 OR DR.1 OR DS.1 OR DT.1 OR DU.1 OR DV.1,Omicron,15.9285714285714,13.5714285714286,0.852017937219731
2022-07-24,5,3,12,10.5714285714286,0.880952380952381,0.671504273599412,0.990855673765851,B.1.1.529 OR BA.1 OR BA.1.1 OR BA.1.1.1 OR BA.1.1.2 OR BA.1.1.3 OR BA.1.1.4 OR BA.1.1.5 OR BA.1.1.6 OR BA.1.1.7 OR BA.1.1.8 OR BA.1.1.9 OR BA.1.1.10 OR BA.1.1.11 OR BA.1.1.12 OR BA.1.1.13 OR BA.1.1.14 OR BA.1.1.15 OR BA.1.1.16 OR BA.1.1.17 OR BA.1.1.18 OR BA.1.2 OR BA.1.3 OR BA.1.4 OR BA.1.5 OR BA.1.6 OR BA.1.7 OR BA.1.8 OR BA.1.9 OR BA.1.10 OR BA.1.12 OR BA.1.13 OR BA.1.13.1 OR BA.1.14 OR BA.1.14.1 OR BA.1.14.2 OR BA.1.15 OR BA.1.15.1 OR BA.1.15.2 OR BA.1.15.3 OR BA.1.16 OR BA.1.16.1 OR BA.1.16.2 OR BA.1.17 OR BA.1.17.1 OR BA.1.17.2 OR BA.1.18 OR BA.1.19 OR BA.1.20 OR BA.1.21 OR BA.1.21.1 OR BA.1.22 OR BA.1.23 OR BA.1.24 OR BA.2 OR BA.2.1 OR BA.2.2 OR BA.2.2.1 OR BA.2.3 OR BA.2.3.1 OR BA.2.3.2 OR BA.2.3.4 OR BA.2.3.5 OR BA.2.3.6 OR BA.2.3.7 OR BA.2.3.8 OR BA.2.3.9 OR BA.2.3.10 OR BA.2.3.11 OR BA.2.3.12 OR BA.2.3.13 OR BA.2.3.14 OR BA.2.3.15 OR BA.2.3.16 OR BA.2.3.17 OR BA.2.3.18 OR BA.2.3.19 OR BA.2.3.20 OR BA.2.3.21 OR BA.2.3.22 OR BA.2.4 OR BA.2.5 OR BA.2.6 OR BA.2.7 OR BA.2.8 OR BA.2.9 OR BA.2.9.1 OR BA.2.9.2 OR BA.2.9.3 OR BA.2.9.4 OR BA.2.9.5 OR BA.2.9.6 OR BA.2.9.7 OR BA.2.10 OR BA.2.10.1 OR BA.2.10.2 OR BA.2.10.3 OR BA.2.10.4 OR BA.2.11 OR BA.2.12 OR BA.2.12.1 OR BA.2.12.2 OR BA.2.13 OR BA.2.13.1 OR BA.2.14 OR BA.2.15 OR BA.2.16 OR BA.2.17 OR BA.2.18 OR BA.2.19 OR BA.2.20 OR BA.2.21 OR BA.2.22 OR BA.2.23 OR BA.2.23.1 OR BA.2.24 OR BA.2.25 OR BA.2.25.1 OR BA.2.26 OR BA.2.27 OR BA.2.28 OR BA.2.29 OR BA.2.30 OR BA.2.31 OR BA.2.31.1 OR BA.2.32 OR BA.2.33 OR BA.2.34 OR BA.2.35 OR BA.2.36 OR BA.2.37 OR BA.2.38 OR BA.2.38.1 OR BA.2.38.2 OR BA.2.38.3 OR BA.2.38.4 OR BA.2.39 OR BA.2.40 OR BA.2.40.1 OR BA.2.41 OR BA.2.42 OR BA.2.43 OR BA.2.44 OR BA.2.45 OR BA.2.46 OR BA.2.47 OR BA.2.48 OR BA.2.49 OR BA.2.50 OR BA.2.51 OR BA.2.52 OR BA.2.53 OR BA.2.54 OR BA.2.55 OR BA.2.56 OR BA.2.56.1 OR BA.2.57 OR BA.2.58 OR BA.2.59 OR BA.2.60 OR BA.2.61 OR BA.2.62 OR BA.2.63 OR BA.2.64 OR BA.2.65 OR BA.2.66 OR BA.2.67 OR BA.2.68 OR BA.2.69 OR BA.2.70 OR BA.2.71 OR BA.2.72 OR BA.2.73 OR BA.2.74 OR BA.2.75 OR BA.2.75.1 OR BA.2.75.2 OR BA.2.75.3 OR BA.2.75.4 OR BA.2.75.5 OR BA.2.75.6 OR BA.2.75.7 OR BA.2.75.8 OR BA.2.75.9 OR BA.2.75.10 OR BA.2.76 OR BA.2.76.1 OR BA.2.76.2 OR BA.2.77 OR BA.2.78 OR BA.2.79 OR BA.2.79.1 OR BA.2.80 OR BA.2.81 OR BA.2.82 OR BA.2.83 OR BA.2.85 OR BA.3 OR BA.3.1 OR BA.4 OR BA.4.1 OR BA.4.1.1 OR BA.4.1.2 OR BA.4.1.3 OR BA.4.1.4 OR BA.4.1.5 OR BA.4.1.6 OR BA.4.1.7 OR BA.4.1.8 OR BA.4.1.9 OR BA.4.1.10 OR BA.4.2 OR BA.4.3 OR BA.4.4 OR BA.4.5 OR BA.4.6 OR BA.4.6.1 OR BA.4.6.2 OR BA.4.6.3 OR BA.4.6.4 OR BA.4.6.5 OR BA.4.7 OR BA.4.8 OR BA.5 OR BA.5.1 OR BA.5.1.1 OR BA.5.1.2 OR BA.5.1.3 OR BA.5.1.4 OR BA.5.1.5 OR BA.5.1.6 OR BA.5.1.7 OR BA.5.1.8 OR BA.5.1.9 OR BA.5.1.10 OR BA.5.1.11 OR BA.5.1.12 OR BA.5.1.14 OR BA.5.1.15 OR BA.5.1.16 OR BA.5.1.17 OR BA.5.1.18 OR BA.5.1.19 OR BA.5.1.20 OR BA.5.1.21 OR BA.5.1.22 OR BA.5.1.23 OR BA.5.1.24 OR BA.5.1.25 OR BA.5.1.26 OR BA.5.1.27 OR BA.5.1.28 OR BA.5.1.29 OR BA.5.1.30 OR BA.5.1.31 OR BA.5.1.32 OR BA.5.2 OR BA.5.2.1 OR BA.5.2.2 OR BA.5.2.3 OR BA.5.2.4 OR BA.5.2.5 OR BA.5.2.6 OR BA.5.2.7 OR BA.5.2.8 OR BA.5.2.9 OR BA.5.2.10 OR BA.5.2.11 OR BA.5.2.12 OR BA.5.2.13 OR BA.5.2.14 OR BA.5.2.16 OR BA.5.2.18 OR BA.5.2.19 OR BA.5.2.20 OR BA.5.2.21 OR BA.5.2.22 OR BA.5.2.23 OR BA.5.2.24 OR BA.5.2.25 OR BA.5.2.26 OR BA.5.2.27 OR BA.5.2.28 OR BA.5.2.29 OR BA.5.2.30 OR BA.5.2.31 OR BA.5.2.32 OR BA.5.2.33 OR BA.5.2.34 OR BA.5.2.35 OR BA.5.2.36 OR BA.5.2.37 OR BA.5.2.38 OR BA.5.2.39 OR BA.5.2.40 OR BA.5.2.41 OR BA.5.2.42 OR BA.5.2.43 OR BA.5.2.44 OR BA.5.2.45 OR BA.5.2.46 OR BA.5.2.47 OR BA.5.2.48 OR BA.5.2.49 OR BA.5.3 OR BA.5.3.1 OR BA.5.3.2 OR BA.5.3.3 OR BA.5.3.4 OR BA.5.3.5 OR BA.5.5 OR BA.5.5.1 OR BA.5.5.2 OR BA.5.5.3 OR BA.5.6 OR BA.5.6.1 OR BA.5.6.2 OR BA.5.6.3 OR BA.5.6.4 OR BA.5.7 OR BA.5.8 OR BA.5.9 OR BA.5.10 OR BA.5.10.1 OR BA.5.11 OR BC.1 OR BC.2 OR BD.1 OR BE.1 OR BE.1.1 OR BE.1.1.1 OR BE.1.1.2 OR BE.1.2 OR BE.1.2.1 OR BE.1.3 OR BE.1.4 OR BE.1.4.1 OR BE.1.4.2 OR BE.1.4.3 OR BE.1.4.4 OR BE.2 OR BE.3 OR BE.4 OR BE.4.1 OR BE.4.1.1 OR BE.4.2 OR BE.5 OR BE.6 OR BE.7 OR BE.8 OR BE.9 OR BE.10 OR BF.1 OR BF.1.1 OR BF.2 OR BF.3 OR BF.3.1 OR BF.4 OR BF.5 OR BF.5.1 OR BF.5.2 OR BF.6 OR BF.7 OR BF.7.1 OR BF.7.2 OR BF.7.3 OR BF.7.4 OR BF.7.4.1 OR BF.7.4.2 OR BF.7.5 OR BF.7.5.1 OR BF.7.6 OR BF.7.7 OR BF.7.8 OR BF.7.9 OR BF.7.10 OR BF.7.11 OR BF.7.12 OR BF.7.13 OR BF.7.13.1 OR BF.7.13.2 OR BF.7.14 OR BF.7.15 OR BF.8 OR BF.9 OR BF.10 OR BF.10.1 OR BF.11 OR BF.11.1 OR BF.11.2 OR BF.11.3 OR BF.11.4 OR BF.11.5 OR BF.12 OR BF.13 OR BF.14 OR BF.15 OR BF.16 OR BF.17 OR BF.18 OR BF.19 OR BF.20 OR BF.21 OR BF.22 OR BF.23 OR BF.24 OR BF.25 OR BF.26 OR BF.27 OR BF.28 OR BF.29 OR BF.30 OR BF.31 OR BF.31.1 OR BF.32 OR BF.33 OR BF.34 OR BG.1 OR BG.2 OR BG.3 OR BG.4 OR BG.5 OR BG.6 OR BG.7 OR BH.1 OR BJ.1 OR BK.1 OR BL.1 OR BL.1.1 OR BL.1.2 OR BL.1.3 OR BL.1.4 OR BL.2 OR BL.2.1 OR BL.3 OR BL.4 OR BL.5 OR BL.6 OR BM.1 OR BM.1.1 OR BM.1.1.1 OR BM.1.1.2 OR BM.1.1.3 OR BM.1.1.4 OR BM.1.1.5 OR BM.2 OR BM.2.1 OR BM.2.2 OR BM.2.3 OR BM.3 OR BM.4 OR BM.4.1 OR BM.4.1.1 OR BM.5 OR BM.6 OR BN.1 OR BN.1.1 OR BN.1.1.1 OR BN.1.2 OR BN.1.2.1 OR BN.1.3 OR BN.1.3.1 OR BN.1.3.2 OR BN.1.3.3 OR BN.1.3.4 OR BN.1.4 OR BN.1.4.1 OR BN.1.5 OR BN.1.5.1 OR BN.1.6 OR BN.1.7 OR BN.1.8 OR BN.1.9 OR BN.2 OR BN.2.1 OR BN.3 OR BN.3.1 OR BN.4 OR BN.5 OR BN.6 OR BP.1 OR BQ.1 OR BQ.1.1 OR BQ.1.1.1 OR BQ.1.1.2 OR BQ.1.1.3 OR BQ.1.1.4 OR BQ.1.1.5 OR BQ.1.1.6 OR BQ.1.1.7 OR BQ.1.1.8 OR BQ.1.1.9 OR BQ.1.1.10 OR BQ.1.1.11 OR BQ.1.1.12 OR BQ.1.1.13 OR BQ.1.1.14 OR BQ.1.1.15 OR BQ.1.1.16 OR BQ.1.1.17 OR BQ.1.1.18 OR BQ.1.1.19 OR BQ.1.1.20 OR BQ.1.1.21 OR BQ.1.1.22 OR BQ.1.1.23 OR BQ.1.1.24 OR BQ.1.1.25 OR BQ.1.1.26 OR BQ.1.1.27 OR BQ.1.1.28 OR BQ.1.1.29 OR BQ.1.1.30 OR BQ.1.1.31 OR BQ.1.1.32 OR BQ.1.1.34 OR BQ.1.1.35 OR BQ.1.1.36 OR BQ.1.2 OR BQ.1.3 OR BQ.1.4 OR BQ.1.5 OR BQ.1.6 OR BQ.1.7 OR BQ.1.8 OR BQ.1.8.1 OR BQ.1.8.2 OR BQ.1.9 OR BQ.1.10 OR BQ.1.10.1 OR BQ.1.11 OR BQ.1.12 OR BQ.1.13 OR BQ.1.13.1 OR BQ.1.14 OR BQ.1.15 OR BQ.1.16 OR BQ.1.17 OR BQ.1.18 OR BQ.1.19 OR BQ.1.20 OR BQ.1.21 OR BQ.1.22 OR BQ.1.23 OR BQ.1.24 OR BQ.1.25 OR BQ.1.25.1 OR BQ.1.26 OR BQ.1.26.1 OR BQ.1.27 OR BQ.1.28 OR BQ.2 OR BR.1 OR BR.1.1 OR BR.1.2 OR BR.2 OR BR.2.1 OR BR.3 OR BR.4 OR BS.1 OR BS.1.1 OR BS.1.2 OR BT.1 OR BT.2 OR BU.1 OR BU.2 OR BU.3 OR BV.1 OR BV.2 OR BW.1 OR BW.1.1 OR BY.1 OR BY.1.1 OR BY.1.1.1 OR BY.1.2 OR BY.1.2.1 OR BZ.1 OR CA.1 OR CA.2 OR CA.3 OR CA.3.1 OR CA.4 OR CA.5 OR CA.6 OR CA.7 OR CB.1 OR CC.1 OR CD.1 OR CD.2 OR CE.1 OR CF.1 OR CG.1 OR CH.1 OR CH.1.1 OR CH.1.1.1 OR CH.1.1.2 OR CH.1.1.3 OR CH.1.1.4 OR CH.1.1.5 OR CH.2 OR CH.3 OR CH.3.1 OR CJ.1 OR CJ.1.1 OR CK.1 OR CK.1.1 OR CK.1.2 OR CK.2 OR CK.2.1 OR CK.2.1.1 OR CK.3 OR CL.1 OR CM.1 OR CM.2 OR CM.2.1 OR CM.3 OR CM.4 OR CM.4.1 OR CM.5 OR CM.5.1 OR CM.5.2 OR CM.6 OR CM.6.1 OR CM.7 OR CM.8 OR CM.8.1 OR CM.9 OR CM.10 OR CM.11 OR CM.12 OR CN.1 OR CN.2 OR CP.1 OR CP.1.1 OR CP.1.2 OR CP.1.3 OR CP.2 OR CP.3 OR CP.4 OR CP.5 OR CP.6 OR CQ.1 OR CQ.1.1 OR CQ.2 OR CR.1 OR CR.1.1 OR CR.1.2 OR CR.1.3 OR CR.2 OR CS.1 OR CT.1 OR CU.1 OR CV.1 OR CV.2 OR CW.1 OR CY.1 OR CZ.1 OR DA.1 OR DB.1 OR DB.2 OR DC.1 OR DD.1 OR DE.1 OR DE.2 OR DF.1 OR DF.1.1 OR DG.1 OR DH.1 OR DJ.1 OR DJ.1.1 OR DJ.1.2 OR DJ.1.3 OR DK.1 OR DL.1 OR DM.1 OR DN.1 OR DN.1.1 OR DP.1 OR DQ.1 OR DR.1 OR DS.1 OR DT.1 OR DU.1 OR DV.1,Omicron,15.6428571428571,13.2857142857143,0.849315068493151
2022-07-25,8,8,11.1428571428571,10,0.897435897435897,0.647024202370781,0.990008539989305,B.1.1.529 OR BA.1 OR BA.1.1 OR BA.1.1.1 OR BA.1.1.2 OR BA.1.1.3 OR BA.1.1.4 OR BA.1.1.5 OR BA.1.1.6 OR BA.1.1.7 OR BA.1.1.8 OR BA.1.1.9 OR BA.1.1.10 OR BA.1.1.11 OR BA.1.1.12 OR BA.1.1.13 OR BA.1.1.14 OR BA.1.1.15 OR BA.1.1.16 OR BA.1.1.17 OR BA.1.1.18 OR BA.1.2 OR BA.1.3 OR BA.1.4 OR BA.1.5 OR BA.1.6 OR BA.1.7 OR BA.1.8 OR BA.1.9 OR BA.1.10 OR BA.1.12 OR BA.1.13 OR BA.1.13.1 OR BA.1.14 OR BA.1.14.1 OR BA.1.14.2 OR BA.1.15 OR BA.1.15.1 OR BA.1.15.2 OR BA.1.15.3 OR BA.1.16 OR BA.1.16.1 OR BA.1.16.2 OR BA.1.17 OR BA.1.17.1 OR BA.1.17.2 OR BA.1.18 OR BA.1.19 OR BA.1.20 OR BA.1.21 OR BA.1.21.1 OR BA.1.22 OR BA.1.23 OR BA.1.24 OR BA.2 OR BA.2.1 OR BA.2.2 OR BA.2.2.1 OR BA.2.3 OR BA.2.3.1 OR BA.2.3.2 OR BA.2.3.4 OR BA.2.3.5 OR BA.2.3.6 OR BA.2.3.7 OR BA.2.3.8 OR BA.2.3.9 OR BA.2.3.10 OR BA.2.3.11 OR BA.2.3.12 OR BA.2.3.13 OR BA.2.3.14 OR BA.2.3.15 OR BA.2.3.16 OR BA.2.3.17 OR BA.2.3.18 OR BA.2.3.19 OR BA.2.3.20 OR BA.2.3.21 OR BA.2.3.22 OR BA.2.4 OR BA.2.5 OR BA.2.6 OR BA.2.7 OR BA.2.8 OR BA.2.9 OR BA.2.9.1 OR BA.2.9.2 OR BA.2.9.3 OR BA.2.9.4 OR BA.2.9.5 OR BA.2.9.6 OR BA.2.9.7 OR BA.2.10 OR BA.2.10.1 OR BA.2.10.2 OR BA.2.10.3 OR BA.2.10.4 OR BA.2.11 OR BA.2.12 OR BA.2.12.1 OR BA.2.12.2 OR BA.2.13 OR BA.2.13.1 OR BA.2.14 OR BA.2.15 OR BA.2.16 OR BA.2.17 OR BA.2.18 OR BA.2.19 OR BA.2.20 OR BA.2.21 OR BA.2.22 OR BA.2.23 OR BA.2.23.1 OR BA.2.24 OR BA.2.25 OR BA.2.25.1 OR BA.2.26 OR BA.2.27 OR BA.2.28 OR BA.2.29 OR BA.2.30 OR BA.2.31 OR BA.2.31.1 OR BA.2.32 OR BA.2.33 OR BA.2.34 OR BA.2.35 OR BA.2.36 OR BA.2.37 OR BA.2.38 OR BA.2.38.1 OR BA.2.38.2 OR BA.2.38.3 OR BA.2.38.4 OR BA.2.39 OR BA.2.40 OR BA.2.40.1 OR BA.2.41 OR BA.2.42 OR BA.2.43 OR BA.2.44 OR BA.2.45 OR BA.2.46 OR BA.2.47 OR BA.2.48 OR BA.2.49 OR BA.2.50 OR BA.2.51 OR BA.2.52 OR BA.2.53 OR BA.2.54 OR BA.2.55 OR BA.2.56 OR BA.2.56.1 OR BA.2.57 OR BA.2.58 OR BA.2.59 OR BA.2.60 OR BA.2.61 OR BA.2.62 OR BA.2.63 OR BA.2.64 OR BA.2.65 OR BA.2.66 OR BA.2.67 OR BA.2.68 OR BA.2.69 OR BA.2.70 OR BA.2.71 OR BA.2.72 OR BA.2.73 OR BA.2.74 OR BA.2.75 OR BA.2.75.1 OR BA.2.75.2 OR BA.2.75.3 OR BA.2.75.4 OR BA.2.75.5 OR BA.2.75.6 OR BA.2.75.7 OR BA.2.75.8 OR BA.2.75.9 OR BA.2.75.10 OR BA.2.76 OR BA.2.76.1 OR BA.2.76.2 OR BA.2.77 OR BA.2.78 OR BA.2.79 OR BA.2.79.1 OR BA.2.80 OR BA.2.81 OR BA.2.82 OR BA.2.83 OR BA.2.85 OR BA.3 OR BA.3.1 OR BA.4 OR BA.4.1 OR BA.4.1.1 OR BA.4.1.2 OR BA.4.1.3 OR BA.4.1.4 OR BA.4.1.5 OR BA.4.1.6 OR BA.4.1.7 OR BA.4.1.8 OR BA.4.1.9 OR BA.4.1.10 OR BA.4.2 OR BA.4.3 OR BA.4.4 OR BA.4.5 OR BA.4.6 OR BA.4.6.1 OR BA.4.6.2 OR BA.4.6.3 OR BA.4.6.4 OR BA.4.6.5 OR BA.4.7 OR BA.4.8 OR BA.5 OR BA.5.1 OR BA.5.1.1 OR BA.5.1.2 OR BA.5.1.3 OR BA.5.1.4 OR BA.5.1.5 OR BA.5.1.6 OR BA.5.1.7 OR BA.5.1.8 OR BA.5.1.9 OR BA.5.1.10 OR BA.5.1.11 OR BA.5.1.12 OR BA.5.1.14 OR BA.5.1.15 OR BA.5.1.16 OR BA.5.1.17 OR BA.5.1.18 OR BA.5.1.19 OR BA.5.1.20 OR BA.5.1.21 OR BA.5.1.22 OR BA.5.1.23 OR BA.5.1.24 OR BA.5.1.25 OR BA.5.1.26 OR BA.5.1.27 OR BA.5.1.28 OR BA.5.1.29 OR BA.5.1.30 OR BA.5.1.31 OR BA.5.1.32 OR BA.5.2 OR BA.5.2.1 OR BA.5.2.2 OR BA.5.2.3 OR BA.5.2.4 OR BA.5.2.5 OR BA.5.2.6 OR BA.5.2.7 OR BA.5.2.8 OR BA.5.2.9 OR BA.5.2.10 OR BA.5.2.11 OR BA.5.2.12 OR BA.5.2.13 OR BA.5.2.14 OR BA.5.2.16 OR BA.5.2.18 OR BA.5.2.19 OR BA.5.2.20 OR BA.5.2.21 OR BA.5.2.22 OR BA.5.2.23 OR BA.5.2.24 OR BA.5.2.25 OR BA.5.2.26 OR BA.5.2.27 OR BA.5.2.28 OR BA.5.2.29 OR BA.5.2.30 OR BA.5.2.31 OR BA.5.2.32 OR BA.5.2.33 OR BA.5.2.34 OR BA.5.2.35 OR BA.5.2.36 OR BA.5.2.37 OR BA.5.2.38 OR BA.5.2.39 OR BA.5.2.40 OR BA.5.2.41 OR BA.5.2.42 OR BA.5.2.43 OR BA.5.2.44 OR BA.5.2.45 OR BA.5.2.46 OR BA.5.2.47 OR BA.5.2.48 OR BA.5.2.49 OR BA.5.3 OR BA.5.3.1 OR BA.5.3.2 OR BA.5.3.3 OR BA.5.3.4 OR BA.5.3.5 OR BA.5.5 OR BA.5.5.1 OR BA.5.5.2 OR BA.5.5.3 OR BA.5.6 OR BA.5.6.1 OR BA.5.6.2 OR BA.5.6.3 OR BA.5.6.4 OR BA.5.7 OR BA.5.8 OR BA.5.9 OR BA.5.10 OR BA.5.10.1 OR BA.5.11 OR BC.1 OR BC.2 OR BD.1 OR BE.1 OR BE.1.1 OR BE.1.1.1 OR BE.1.1.2 OR BE.1.2 OR BE.1.2.1 OR BE.1.3 OR BE.1.4 OR BE.1.4.1 OR BE.1.4.2 OR BE.1.4.3 OR BE.1.4.4 OR BE.2 OR BE.3 OR BE.4 OR BE.4.1 OR BE.4.1.1 OR BE.4.2 OR BE.5 OR BE.6 OR BE.7 OR BE.8 OR BE.9 OR BE.10 OR BF.1 OR BF.1.1 OR BF.2 OR BF.3 OR BF.3.1 OR BF.4 OR BF.5 OR BF.5.1 OR BF.5.2 OR BF.6 OR BF.7 OR BF.7.1 OR BF.7.2 OR BF.7.3 OR BF.7.4 OR BF.7.4.1 OR BF.7.4.2 OR BF.7.5 OR BF.7.5.1 OR BF.7.6 OR BF.7.7 OR BF.7.8 OR BF.7.9 OR BF.7.10 OR BF.7.11 OR BF.7.12 OR BF.7.13 OR BF.7.13.1 OR BF.7.13.2 OR BF.7.14 OR BF.7.15 OR BF.8 OR BF.9 OR BF.10 OR BF.10.1 OR BF.11 OR BF.11.1 OR BF.11.2 OR BF.11.3 OR BF.11.4 OR BF.11.5 OR BF.12 OR BF.13 OR BF.14 OR BF.15 OR BF.16 OR BF.17 OR BF.18 OR BF.19 OR BF.20 OR BF.21 OR BF.22 OR BF.23 OR BF.24 OR BF.25 OR BF.26 OR BF.27 OR BF.28 OR BF.29 OR BF.30 OR BF.31 OR BF.31.1 OR BF.32 OR BF.33 OR BF.34 OR BG.1 OR BG.2 OR BG.3 OR BG.4 OR BG.5 OR BG.6 OR BG.7 OR BH.1 OR BJ.1 OR BK.1 OR BL.1 OR BL.1.1 OR BL.1.2 OR BL.1.3 OR BL.1.4 OR BL.2 OR BL.2.1 OR BL.3 OR BL.4 OR BL.5 OR BL.6 OR BM.1 OR BM.1.1 OR BM.1.1.1 OR BM.1.1.2 OR BM.1.1.3 OR BM.1.1.4 OR BM.1.1.5 OR BM.2 OR BM.2.1 OR BM.2.2 OR BM.2.3 OR BM.3 OR BM.4 OR BM.4.1 OR BM.4.1.1 OR BM.5 OR BM.6 OR BN.1 OR BN.1.1 OR BN.1.1.1 OR BN.1.2 OR BN.1.2.1 OR BN.1.3 OR BN.1.3.1 OR BN.1.3.2 OR BN.1.3.3 OR BN.1.3.4 OR BN.1.4 OR BN.1.4.1 OR BN.1.5 OR BN.1.5.1 OR BN.1.6 OR BN.1.7 OR BN.1.8 OR BN.1.9 OR BN.2 OR BN.2.1 OR BN.3 OR BN.3.1 OR BN.4 OR BN.5 OR BN.6 OR BP.1 OR BQ.1 OR BQ.1.1 OR BQ.1.1.1 OR BQ.1.1.2 OR BQ.1.1.3 OR BQ.1.1.4 OR BQ.1.1.5 OR BQ.1.1.6 OR BQ.1.1.7 OR BQ.1.1.8 OR BQ.1.1.9 OR BQ.1.1.10 OR BQ.1.1.11 OR BQ.1.1.12 OR BQ.1.1.13 OR BQ.1.1.14 OR BQ.1.1.15 OR BQ.1.1.16 OR BQ.1.1.17 OR BQ.1.1.18 OR BQ.1.1.19 OR BQ.1.1.20 OR BQ.1.1.21 OR BQ.1.1.22 OR BQ.1.1.23 OR BQ.1.1.24 OR BQ.1.1.25 OR BQ.1.1.26 OR BQ.1.1.27 OR BQ.1.1.28 OR BQ.1.1.29 OR BQ.1.1.30 OR BQ.1.1.31 OR BQ.1.1.32 OR BQ.1.1.34 OR BQ.1.1.35 OR BQ.1.1.36 OR BQ.1.2 OR BQ.1.3 OR BQ.1.4 OR BQ.1.5 OR BQ.1.6 OR BQ.1.7 OR BQ.1.8 OR BQ.1.8.1 OR BQ.1.8.2 OR BQ.1.9 OR BQ.1.10 OR BQ.1.10.1 OR BQ.1.11 OR BQ.1.12 OR BQ.1.13 OR BQ.1.13.1 OR BQ.1.14 OR BQ.1.15 OR BQ.1.16 OR BQ.1.17 OR BQ.1.18 OR BQ.1.19 OR BQ.1.20 OR BQ.1.21 OR BQ.1.22 OR BQ.1.23 OR BQ.1.24 OR BQ.1.25 OR BQ.1.25.1 OR BQ.1.26 OR BQ.1.26.1 OR BQ.1.27 OR BQ.1.28 OR BQ.2 OR BR.1 OR BR.1.1 OR BR.1.2 OR BR.2 OR BR.2.1 OR BR.3 OR BR.4 OR BS.1 OR BS.1.1 OR BS.1.2 OR BT.1 OR BT.2 OR BU.1 OR BU.2 OR BU.3 OR BV.1 OR BV.2 OR BW.1 OR BW.1.1 OR BY.1 OR BY.1.1 OR BY.1.1.1 OR BY.1.2 OR BY.1.2.1 OR BZ.1 OR CA.1 OR CA.2 OR CA.3 OR CA.3.1 OR CA.4 OR CA.5 OR CA.6 OR CA.7 OR CB.1 OR CC.1 OR CD.1 OR CD.2 OR CE.1 OR CF.1 OR CG.1 OR CH.1 OR CH.1.1 OR CH.1.1.1 OR CH.1.1.2 OR CH.1.1.3 OR CH.1.1.4 OR CH.1.1.5 OR CH.2 OR CH.3 OR CH.3.1 OR CJ.1 OR CJ.1.1 OR CK.1 OR CK.1.1 OR CK.1.2 OR CK.2 OR CK.2.1 OR CK.2.1.1 OR CK.3 OR CL.1 OR CM.1 OR CM.2 OR CM.2.1 OR CM.3 OR CM.4 OR CM.4.1 OR CM.5 OR CM.5.1 OR CM.5.2 OR CM.6 OR CM.6.1 OR CM.7 OR CM.8 OR CM.8.1 OR CM.9 OR CM.10 OR CM.11 OR CM.12 OR CN.1 OR CN.2 OR CP.1 OR CP.1.1 OR CP.1.2 OR CP.1.3 OR CP.2 OR CP.3 OR CP.4 OR CP.5 OR CP.6 OR CQ.1 OR CQ.1.1 OR CQ.2 OR CR.1 OR CR.1.1 OR CR.1.2 OR CR.1.3 OR CR.2 OR CS.1 OR CT.1 OR CU.1 OR CV.1 OR CV.2 OR CW.1 OR CY.1 OR CZ.1 OR DA.1 OR DB.1 OR DB.2 OR DC.1 OR DD.1 OR DE.1 OR DE.2 OR DF.1 OR DF.1.1 OR DG.1 OR DH.1 OR DJ.1 OR DJ.1.1 OR DJ.1.2 OR DJ.1.3 OR DK.1 OR DL.1 OR DM.1 OR DN.1 OR DN.1.1 OR DP.1 OR DQ.1 OR DR.1 OR DS.1 OR DT.1 OR DU.1 OR DV.1,Omicron,14.6428571428571,12.4285714285714,0.848780487804878
2022-07-26,14,11,11.7142857142857,10.4285714285714,0.890243902439025,0.563752064063617,0.963662243601328,B.1.1.529 OR BA.1 OR BA.1.1 OR BA.1.1.1 OR BA.1.1.2 OR BA.1.1.3 OR BA.1.1.4 OR BA.1.1.5 OR BA.1.1.6 OR BA.1.1.7 OR BA.1.1.8 OR BA.1.1.9 OR BA.1.1.10 OR BA.1.1.11 OR BA.1.1.12 OR BA.1.1.13 OR BA.1.1.14 OR BA.1.1.15 OR BA.1.1.16 OR BA.1.1.17 OR BA.1.1.18 OR BA.1.2 OR BA.1.3 OR BA.1.4 OR BA.1.5 OR BA.1.6 OR BA.1.7 OR BA.1.8 OR BA.1.9 OR BA.1.10 OR BA.1.12 OR BA.1.13 OR BA.1.13.1 OR BA.1.14 OR BA.1.14.1 OR BA.1.14.2 OR BA.1.15 OR BA.1.15.1 OR BA.1.15.2 OR BA.1.15.3 OR BA.1.16 OR BA.1.16.1 OR BA.1.16.2 OR BA.1.17 OR BA.1.17.1 OR BA.1.17.2 OR BA.1.18 OR BA.1.19 OR BA.1.20 OR BA.1.21 OR BA.1.21.1 OR BA.1.22 OR BA.1.23 OR BA.1.24 OR BA.2 OR BA.2.1 OR BA.2.2 OR BA.2.2.1 OR BA.2.3 OR BA.2.3.1 OR BA.2.3.2 OR BA.2.3.4 OR BA.2.3.5 OR BA.2.3.6 OR BA.2.3.7 OR BA.2.3.8 OR BA.2.3.9 OR BA.2.3.10 OR BA.2.3.11 OR BA.2.3.12 OR BA.2.3.13 OR BA.2.3.14 OR BA.2.3.15 OR BA.2.3.16 OR BA.2.3.17 OR BA.2.3.18 OR BA.2.3.19 OR BA.2.3.20 OR BA.2.3.21 OR BA.2.3.22 OR BA.2.4 OR BA.2.5 OR BA.2.6 OR BA.2.7 OR BA.2.8 OR BA.2.9 OR BA.2.9.1 OR BA.2.9.2 OR BA.2.9.3 OR BA.2.9.4 OR BA.2.9.5 OR BA.2.9.6 OR BA.2.9.7 OR BA.2.10 OR BA.2.10.1 OR BA.2.10.2 OR BA.2.10.3 OR BA.2.10.4 OR BA.2.11 OR BA.2.12 OR BA.2.12.1 OR BA.2.12.2 OR BA.2.13 OR BA.2.13.1 OR BA.2.14 OR BA.2.15 OR BA.2.16 OR BA.2.17 OR BA.2.18 OR BA.2.19 OR BA.2.20 OR BA.2.21 OR BA.2.22 OR BA.2.23 OR BA.2.23.1 OR BA.2.24 OR BA.2.25 OR BA.2.25.1 OR BA.2.26 OR BA.2.27 OR BA.2.28 OR BA.2.29 OR BA.2.30 OR BA.2.31 OR BA.2.31.1 OR BA.2.32 OR BA.2.33 OR BA.2.34 OR BA.2.35 OR BA.2.36 OR BA.2.37 OR BA.2.38 OR BA.2.38.1 OR BA.2.38.2 OR BA.2.38.3 OR BA.2.38.4 OR BA.2.39 OR BA.2.40 OR BA.2.40.1 OR BA.2.41 OR BA.2.42 OR BA.2.43 OR BA.2.44 OR BA.2.45 OR BA.2.46 OR BA.2.47 OR BA.2.48 OR BA.2.49 OR BA.2.50 OR BA.2.51 OR BA.2.52 OR BA.2.53 OR BA.2.54 OR BA.2.55 OR BA.2.56 OR BA.2.56.1 OR BA.2.57 OR BA.2.58 OR BA.2.59 OR BA.2.60 OR BA.2.61 OR BA.2.62 OR BA.2.63 OR BA.2.64 OR BA.2.65 OR BA.2.66 OR BA.2.67 OR BA.2.68 OR BA.2.69 OR BA.2.70 OR BA.2.71 OR BA.2.72 OR BA.2.73 OR BA.2.74 OR BA.2.75 OR BA.2.75.1 OR BA.2.75.2 OR BA.2.75.3 OR BA.2.75.4 OR BA.2.75.5 OR BA.2.75.6 OR BA.2.75.7 OR BA.2.75.8 OR BA.2.75.9 OR BA.2.75.10 OR BA.2.76 OR BA.2.76.1 OR BA.2.76.2 OR BA.2.77 OR BA.2.78 OR BA.2.79 OR BA.2.79.1 OR BA.2.80 OR BA.2.81 OR BA.2.82 OR BA.2.83 OR BA.2.85 OR BA.3 OR BA.3.1 OR BA.4 OR BA.4.1 OR BA.4.1.1 OR BA.4.1.2 OR BA.4.1.3 OR BA.4.1.4 OR BA.4.1.5 OR BA.4.1.6 OR BA.4.1.7 OR BA.4.1.8 OR BA.4.1.9 OR BA.4.1.10 OR BA.4.2 OR BA.4.3 OR BA.4.4 OR BA.4.5 OR BA.4.6 OR BA.4.6.1 OR BA.4.6.2 OR BA.4.6.3 OR BA.4.6.4 OR BA.4.6.5 OR BA.4.7 OR BA.4.8 OR BA.5 OR BA.5.1 OR BA.5.1.1 OR BA.5.1.2 OR BA.5.1.3 OR BA.5.1.4 OR BA.5.1.5 OR BA.5.1.6 OR BA.5.1.7 OR BA.5.1.8 OR BA.5.1.9 OR BA.5.1.10 OR BA.5.1.11 OR BA.5.1.12 OR BA.5.1.14 OR BA.5.1.15 OR BA.5.1.16 OR BA.5.1.17 OR BA.5.1.18 OR BA.5.1.19 OR BA.5.1.20 OR BA.5.1.21 OR BA.5.1.22 OR BA.5.1.23 OR BA.5.1.24 OR BA.5.1.25 OR BA.5.1.26 OR BA.5.1.27 OR BA.5.1.28 OR BA.5.1.29 OR BA.5.1.30 OR BA.5.1.31 OR BA.5.1.32 OR BA.5.2 OR BA.5.2.1 OR BA.5.2.2 OR BA.5.2.3 OR BA.5.2.4 OR BA.5.2.5 OR BA.5.2.6 OR BA.5.2.7 OR BA.5.2.8 OR BA.5.2.9 OR BA.5.2.10 OR BA.5.2.11 OR BA.5.2.12 OR BA.5.2.13 OR BA.5.2.14 OR BA.5.2.16 OR BA.5.2.18 OR BA.5.2.19 OR BA.5.2.20 OR BA.5.2.21 OR BA.5.2.22 OR BA.5.2.23 OR BA.5.2.24 OR BA.5.2.25 OR BA.5.2.26 OR BA.5.2.27 OR BA.5.2.28 OR BA.5.2.29 OR BA.5.2.30 OR BA.5.2.31 OR BA.5.2.32 OR BA.5.2.33 OR BA.5.2.34 OR BA.5.2.35 OR BA.5.2.36 OR BA.5.2.37 OR BA.5.2.38 OR BA.5.2.39 OR BA.5.2.40 OR BA.5.2.41 OR BA.5.2.42 OR BA.5.2.43 OR BA.5.2.44 OR BA.5.2.45 OR BA.5.2.46 OR BA.5.2.47 OR BA.5.2.48 OR BA.5.2.49 OR BA.5.3 OR BA.5.3.1 OR BA.5.3.2 OR BA.5.3.3 OR BA.5.3.4 OR BA.5.3.5 OR BA.5.5 OR BA.5.5.1 OR BA.5.5.2 OR BA.5.5.3 OR BA.5.6 OR BA.5.6.1 OR BA.5.6.2 OR BA.5.6.3 OR BA.5.6.4 OR BA.5.7 OR BA.5.8 OR BA.5.9 OR BA.5.10 OR BA.5.10.1 OR BA.5.11 OR BC.1 OR BC.2 OR BD.1 OR BE.1 OR BE.1.1 OR BE.1.1.1 OR BE.1.1.2 OR BE.1.2 OR BE.1.2.1 OR BE.1.3 OR BE.1.4 OR BE.1.4.1 OR BE.1.4.2 OR BE.1.4.3 OR BE.1.4.4 OR BE.2 OR BE.3 OR BE.4 OR BE.4.1 OR BE.4.1.1 OR BE.4.2 OR BE.5 OR BE.6 OR BE.7 OR BE.8 OR BE.9 OR BE.10 OR BF.1 OR BF.1.1 OR BF.2 OR BF.3 OR BF.3.1 OR BF.4 OR BF.5 OR BF.5.1 OR BF.5.2 OR BF.6 OR BF.7 OR BF.7.1 OR BF.7.2 OR BF.7.3 OR BF.7.4 OR BF.7.4.1 OR BF.7.4.2 OR BF.7.5 OR BF.7.5.1 OR BF.7.6 OR BF.7.7 OR BF.7.8 OR BF.7.9 OR BF.7.10 OR BF.7.11 OR BF.7.12 OR BF.7.13 OR BF.7.13.1 OR BF.7.13.2 OR BF.7.14 OR BF.7.15 OR BF.8 OR BF.9 OR BF.10 OR BF.10.1 OR BF.11 OR BF.11.1 OR BF.11.2 OR BF.11.3 OR BF.11.4 OR BF.11.5 OR BF.12 OR BF.13 OR BF.14 OR BF.15 OR BF.16 OR BF.17 OR BF.18 OR BF.19 OR BF.20 OR BF.21 OR BF.22 OR BF.23 OR BF.24 OR BF.25 OR BF.26 OR BF.27 OR BF.28 OR BF.29 OR BF.30 OR BF.31 OR BF.31.1 OR BF.32 OR BF.33 OR BF.34 OR BG.1 OR BG.2 OR BG.3 OR BG.4 OR BG.5 OR BG.6 OR BG.7 OR BH.1 OR BJ.1 OR BK.1 OR BL.1 OR BL.1.1 OR BL.1.2 OR BL.1.3 OR BL.1.4 OR BL.2 OR BL.2.1 OR BL.3 OR BL.4 OR BL.5 OR BL.6 OR BM.1 OR BM.1.1 OR BM.1.1.1 OR BM.1.1.2 OR BM.1.1.3 OR BM.1.1.4 OR BM.1.1.5 OR BM.2 OR BM.2.1 OR BM.2.2 OR BM.2.3 OR BM.3 OR BM.4 OR BM.4.1 OR BM.4.1.1 OR BM.5 OR BM.6 OR BN.1 OR BN.1.1 OR BN.1.1.1 OR BN.1.2 OR BN.1.2.1 OR BN.1.3 OR BN.1.3.1 OR BN.1.3.2 OR BN.1.3.3 OR BN.1.3.4 OR BN.1.4 OR BN.1.4.1 OR BN.1.5 OR BN.1.5.1 OR BN.1.6 OR BN.1.7 OR BN.1.8 OR BN.1.9 OR BN.2 OR BN.2.1 OR BN.3 OR BN.3.1 OR BN.4 OR BN.5 OR BN.6 OR BP.1 OR BQ.1 OR BQ.1.1 OR BQ.1.1.1 OR BQ.1.1.2 OR BQ.1.1.3 OR BQ.1.1.4 OR BQ.1.1.5 OR BQ.1.1.6 OR BQ.1.1.7 OR BQ.1.1.8 OR BQ.1.1.9 OR BQ.1.1.10 OR BQ.1.1.11 OR BQ.1.1.12 OR BQ.1.1.13 OR BQ.1.1.14 OR BQ.1.1.15 OR BQ.1.1.16 OR BQ.1.1.17 OR BQ.1.1.18 OR BQ.1.1.19 OR BQ.1.1.20 OR BQ.1.1.21 OR BQ.1.1.22 OR BQ.1.1.23 OR BQ.1.1.24 OR BQ.1.1.25 OR BQ.1.1.26 OR BQ.1.1.27 OR BQ.1.1.28 OR BQ.1.1.29 OR BQ.1.1.30 OR BQ.1.1.31 OR BQ.1.1.32 OR BQ.1.1.34 OR BQ.1.1.35 OR BQ.1.1.36 OR BQ.1.2 OR BQ.1.3 OR BQ.1.4 OR BQ.1.5 OR BQ.1.6 OR BQ.1.7 OR BQ.1.8 OR BQ.1.8.1 OR BQ.1.8.2 OR BQ.1.9 OR BQ.1.10 OR BQ.1.10.1 OR BQ.1.11 OR BQ.1.12 OR BQ.1.13 OR BQ.1.13.1 OR BQ.1.14 OR BQ.1.15 OR BQ.1.16 OR BQ.1.17 OR BQ.1.18 OR BQ.1.19 OR BQ.1.20 OR BQ.1.21 OR BQ.1.22 OR BQ.1.23 OR BQ.1.24 OR BQ.1.25 OR BQ.1.25.1 OR BQ.1.26 OR BQ.1.26.1 OR BQ.1.27 OR BQ.1.28 OR BQ.2 OR BR.1 OR BR.1.1 OR BR.1.2 OR BR.2 OR BR.2.1 OR BR.3 OR BR.4 OR BS.1 OR BS.1.1 OR BS.1.2 OR BT.1 OR BT.2 OR BU.1 OR BU.2 OR BU.3 OR BV.1 OR BV.2 OR BW.1 OR BW.1.1 OR BY.1 OR BY.1.1 OR BY.1.1.1 OR BY.1.2 OR BY.1.2.1 OR BZ.1 OR CA.1 OR CA.2 OR CA.3 OR CA.3.1 OR CA.4 OR CA.5 OR CA.6 OR CA.7 OR CB.1 OR CC.1 OR CD.1 OR CD.2 OR CE.1 OR CF.1 OR CG.1 OR CH.1 OR CH.1.1 OR CH.1.1.1 OR CH.1.1.2 OR CH.1.1.3 OR CH.1.1.4 OR CH.1.1.5 OR CH.2 OR CH.3 OR CH.3.1 OR CJ.1 OR CJ.1.1 OR CK.1 OR CK.1.1 OR CK.1.2 OR CK.2 OR CK.2.1 OR CK.2.1.1 OR CK.3 OR CL.1 OR CM.1 OR CM.2 OR CM.2.1 OR CM.3 OR CM.4 OR CM.4.1 OR CM.5 OR CM.5.1 OR CM.5.2 OR CM.6 OR CM.6.1 OR CM.7 OR CM.8 OR CM.8.1 OR CM.9 OR CM.10 OR CM.11 OR CM.12 OR CN.1 OR CN.2 OR CP.1 OR CP.1.1 OR CP.1.2 OR CP.1.3 OR CP.2 OR CP.3 OR CP.4 OR CP.5 OR CP.6 OR CQ.1 OR CQ.1.1 OR CQ.2 OR CR.1 OR CR.1.1 OR CR.1.2 OR CR.1.3 OR CR.2 OR CS.1 OR CT.1 OR CU.1 OR CV.1 OR CV.2 OR CW.1 OR CY.1 OR CZ.1 OR DA.1 OR DB.1 OR DB.2 OR DC.1 OR DD.1 OR DE.1 OR DE.2 OR DF.1 OR DF.1.1 OR DG.1 OR DH.1 OR DJ.1 OR DJ.1.1 OR DJ.1.2 OR DJ.1.3 OR DK.1 OR DL.1 OR DM.1 OR DN.1 OR DN.1.1 OR DP.1 OR DQ.1 OR DR.1 OR DS.1 OR DT.1 OR DU.1 OR DV.1,Omicron,15,12.5714285714286,0.838095238095238
2022-07-27,13,13,11.8571428571429,10.5714285714286,0.891566265060241,0.671504273599412,0.990855673765851,B.1.1.529 OR BA.1 OR BA.1.1 OR BA.1.1.1 OR BA.1.1.2 OR BA.1.1.3 OR BA.1.1.4 OR BA.1.1.5 OR BA.1.1.6 OR BA.1.1.7 OR BA.1.1.8 OR BA.1.1.9 OR BA.1.1.10 OR BA.1.1.11 OR BA.1.1.12 OR BA.1.1.13 OR BA.1.1.14 OR BA.1.1.15 OR BA.1.1.16 OR BA.1.1.17 OR BA.1.1.18 OR BA.1.2 OR BA.1.3 OR BA.1.4 OR BA.1.5 OR BA.1.6 OR BA.1.7 OR BA.1.8 OR BA.1.9 OR BA.1.10 OR BA.1.12 OR BA.1.13 OR BA.1.13.1 OR BA.1.14 OR BA.1.14.1 OR BA.1.14.2 OR BA.1.15 OR BA.1.15.1 OR BA.1.15.2 OR BA.1.15.3 OR BA.1.16 OR BA.1.16.1 OR BA.1.16.2 OR BA.1.17 OR BA.1.17.1 OR BA.1.17.2 OR BA.1.18 OR BA.1.19 OR BA.1.20 OR BA.1.21 OR BA.1.21.1 OR BA.1.22 OR BA.1.23 OR BA.1.24 OR BA.2 OR BA.2.1 OR BA.2.2 OR BA.2.2.1 OR BA.2.3 OR BA.2.3.1 OR BA.2.3.2 OR BA.2.3.4 OR BA.2.3.5 OR BA.2.3.6 OR BA.2.3.7 OR BA.2.3.8 OR BA.2.3.9 OR BA.2.3.10 OR BA.2.3.11 OR BA.2.3.12 OR BA.2.3.13 OR BA.2.3.14 OR BA.2.3.15 OR BA.2.3.16 OR BA.2.3.17 OR BA.2.3.18 OR BA.2.3.19 OR BA.2.3.20 OR BA.2.3.21 OR BA.2.3.22 OR BA.2.4 OR BA.2.5 OR BA.2.6 OR BA.2.7 OR BA.2.8 OR BA.2.9 OR BA.2.9.1 OR BA.2.9.2 OR BA.2.9.3 OR BA.2.9.4 OR BA.2.9.5 OR BA.2.9.6 OR BA.2.9.7 OR BA.2.10 OR BA.2.10.1 OR BA.2.10.2 OR BA.2.10.3 OR BA.2.10.4 OR BA.2.11 OR BA.2.12 OR BA.2.12.1 OR BA.2.12.2 OR BA.2.13 OR BA.2.13.1 OR BA.2.14 OR BA.2.15 OR BA.2.16 OR BA.2.17 OR BA.2.18 OR BA.2.19 OR BA.2.20 OR BA.2.21 OR BA.2.22 OR BA.2.23 OR BA.2.23.1 OR BA.2.24 OR BA.2.25 OR BA.2.25.1 OR BA.2.26 OR BA.2.27 OR BA.2.28 OR BA.2.29 OR BA.2.30 OR BA.2.31 OR BA.2.31.1 OR BA.2.32 OR BA.2.33 OR BA.2.34 OR BA.2.35 OR BA.2.36 OR BA.2.37 OR BA.2.38 OR BA.2.38.1 OR BA.2.38.2 OR BA.2.38.3 OR BA.2.38.4 OR BA.2.39 OR BA.2.40 OR BA.2.40.1 OR BA.2.41 OR BA.2.42 OR BA.2.43 OR BA.2.44 OR BA.2.45 OR BA.2.46 OR BA.2.47 OR BA.2.48 OR BA.2.49 OR BA.2.50 OR BA.2.51 OR BA.2.52 OR BA.2.53 OR BA.2.54 OR BA.2.55 OR BA.2.56 OR BA.2.56.1 OR BA.2.57 OR BA.2.58 OR BA.2.59 OR BA.2.60 OR BA.2.61 OR BA.2.62 OR BA.2.63 OR BA.2.64 OR BA.2.65 OR BA.2.66 OR BA.2.67 OR BA.2.68 OR BA.2.69 OR BA.2.70 OR BA.2.71 OR BA.2.72 OR BA.2.73 OR BA.2.74 OR BA.2.75 OR BA.2.75.1 OR BA.2.75.2 OR BA.2.75.3 OR BA.2.75.4 OR BA.2.75.5 OR BA.2.75.6 OR BA.2.75.7 OR BA.2.75.8 OR BA.2.75.9 OR BA.2.75.10 OR BA.2.76 OR BA.2.76.1 OR BA.2.76.2 OR BA.2.77 OR BA.2.78 OR BA.2.79 OR BA.2.79.1 OR BA.2.80 OR BA.2.81 OR BA.2.82 OR BA.2.83 OR BA.2.85 OR BA.3 OR BA.3.1 OR BA.4 OR BA.4.1 OR BA.4.1.1 OR BA.4.1.2 OR BA.4.1.3 OR BA.4.1.4 OR BA.4.1.5 OR BA.4.1.6 OR BA.4.1.7 OR BA.4.1.8 OR BA.4.1.9 OR BA.4.1.10 OR BA.4.2 OR BA.4.3 OR BA.4.4 OR BA.4.5 OR BA.4.6 OR BA.4.6.1 OR BA.4.6.2 OR BA.4.6.3 OR BA.4.6.4 OR BA.4.6.5 OR BA.4.7 OR BA.4.8 OR BA.5 OR BA.5.1 OR BA.5.1.1 OR BA.5.1.2 OR BA.5.1.3 OR BA.5.1.4 OR BA.5.1.5 OR BA.5.1.6 OR BA.5.1.7 OR BA.5.1.8 OR BA.5.1.9 OR BA.5.1.10 OR BA.5.1.11 OR BA.5.1.12 OR BA.5.1.14 OR BA.5.1.15 OR BA.5.1.16 OR BA.5.1.17 OR BA.5.1.18 OR BA.5.1.19 OR BA.5.1.20 OR BA.5.1.21 OR BA.5.1.22 OR BA.5.1.23 OR BA.5.1.24 OR BA.5.1.25 OR BA.5.1.26 OR BA.5.1.27 OR BA.5.1.28 OR BA.5.1.29 OR BA.5.1.30 OR BA.5.1.31 OR BA.5.1.32 OR BA.5.2 OR BA.5.2.1 OR BA.5.2.2 OR BA.5.2.3 OR BA.5.2.4 OR BA.5.2.5 OR BA.5.2.6 OR BA.5.2.7 OR BA.5.2.8 OR BA.5.2.9 OR BA.5.2.10 OR BA.5.2.11 OR BA.5.2.12 OR BA.5.2.13 OR BA.5.2.14 OR BA.5.2.16 OR BA.5.2.18 OR BA.5.2.19 OR BA.5.2.20 OR BA.5.2.21 OR BA.5.2.22 OR BA.5.2.23 OR BA.5.2.24 OR BA.5.2.25 OR BA.5.2.26 OR BA.5.2.27 OR BA.5.2.28 OR BA.5.2.29 OR BA.5.2.30 OR BA.5.2.31 OR BA.5.2.32 OR BA.5.2.33 OR BA.5.2.34 OR BA.5.2.35 OR BA.5.2.36 OR BA.5.2.37 OR BA.5.2.38 OR BA.5.2.39 OR BA.5.2.40 OR BA.5.2.41 OR BA.5.2.42 OR BA.5.2.43 OR BA.5.2.44 OR BA.5.2.45 OR BA.5.2.46 OR BA.5.2.47 OR BA.5.2.48 OR BA.5.2.49 OR BA.5.3 OR BA.5.3.1 OR BA.5.3.2 OR BA.5.3.3 OR BA.5.3.4 OR BA.5.3.5 OR BA.5.5 OR BA.5.5.1 OR BA.5.5.2 OR BA.5.5.3 OR BA.5.6 OR BA.5.6.1 OR BA.5.6.2 OR BA.5.6.3 OR BA.5.6.4 OR BA.5.7 OR BA.5.8 OR BA.5.9 OR BA.5.10 OR BA.5.10.1 OR BA.5.11 OR BC.1 OR BC.2 OR BD.1 OR BE.1 OR BE.1.1 OR BE.1.1.1 OR BE.1.1.2 OR BE.1.2 OR BE.1.2.1 OR BE.1.3 OR BE.1.4 OR BE.1.4.1 OR BE.1.4.2 OR BE.1.4.3 OR BE.1.4.4 OR BE.2 OR BE.3 OR BE.4 OR BE.4.1 OR BE.4.1.1 OR BE.4.2 OR BE.5 OR BE.6 OR BE.7 OR BE.8 OR BE.9 OR BE.10 OR BF.1 OR BF.1.1 OR BF.2 OR BF.3 OR BF.3.1 OR BF.4 OR BF.5 OR BF.5.1 OR BF.5.2 OR BF.6 OR BF.7 OR BF.7.1 OR BF.7.2 OR BF.7.3 OR BF.7.4 OR BF.7.4.1 OR BF.7.4.2 OR BF.7.5 OR BF.7.5.1 OR BF.7.6 OR BF.7.7 OR BF.7.8 OR BF.7.9 OR BF.7.10 OR BF.7.11 OR BF.7.12 OR BF.7.13 OR BF.7.13.1 OR BF.7.13.2 OR BF.7.14 OR BF.7.15 OR BF.8 OR BF.9 OR BF.10 OR BF.10.1 OR BF.11 OR BF.11.1 OR BF.11.2 OR BF.11.3 OR BF.11.4 OR BF.11.5 OR BF.12 OR BF.13 OR BF.14 OR BF.15 OR BF.16 OR BF.17 OR BF.18 OR BF.19 OR BF.20 OR BF.21 OR BF.22 OR BF.23 OR BF.24 OR BF.25 OR BF.26 OR BF.27 OR BF.28 OR BF.29 OR BF.30 OR BF.31 OR BF.31.1 OR BF.32 OR BF.33 OR BF.34 OR BG.1 OR BG.2 OR BG.3 OR BG.4 OR BG.5 OR BG.6 OR BG.7 OR BH.1 OR BJ.1 OR BK.1 OR BL.1 OR BL.1.1 OR BL.1.2 OR BL.1.3 OR BL.1.4 OR BL.2 OR BL.2.1 OR BL.3 OR BL.4 OR BL.5 OR BL.6 OR BM.1 OR BM.1.1 OR BM.1.1.1 OR BM.1.1.2 OR BM.1.1.3 OR BM.1.1.4 OR BM.1.1.5 OR BM.2 OR BM.2.1 OR BM.2.2 OR BM.2.3 OR BM.3 OR BM.4 OR BM.4.1 OR BM.4.1.1 OR BM.5 OR BM.6 OR BN.1 OR BN.1.1 OR BN.1.1.1 OR BN.1.2 OR BN.1.2.1 OR BN.1.3 OR BN.1.3.1 OR BN.1.3.2 OR BN.1.3.3 OR BN.1.3.4 OR BN.1.4 OR BN.1.4.1 OR BN.1.5 OR BN.1.5.1 OR BN.1.6 OR BN.1.7 OR BN.1.8 OR BN.1.9 OR BN.2 OR BN.2.1 OR BN.3 OR BN.3.1 OR BN.4 OR BN.5 OR BN.6 OR BP.1 OR BQ.1 OR BQ.1.1 OR BQ.1.1.1 OR BQ.1.1.2 OR BQ.1.1.3 OR BQ.1.1.4 OR BQ.1.1.5 OR BQ.1.1.6 OR BQ.1.1.7 OR BQ.1.1.8 OR BQ.1.1.9 OR BQ.1.1.10 OR BQ.1.1.11 OR BQ.1.1.12 OR BQ.1.1.13 OR BQ.1.1.14 OR BQ.1.1.15 OR BQ.1.1.16 OR BQ.1.1.17 OR BQ.1.1.18 OR BQ.1.1.19 OR BQ.1.1.20 OR BQ.1.1.21 OR BQ.1.1.22 OR BQ.1.1.23 OR BQ.1.1.24 OR BQ.1.1.25 OR BQ.1.1.26 OR BQ.1.1.27 OR BQ.1.1.28 OR BQ.1.1.29 OR BQ.1.1.30 OR BQ.1.1.31 OR BQ.1.1.32 OR BQ.1.1.34 OR BQ.1.1.35 OR BQ.1.1.36 OR BQ.1.2 OR BQ.1.3 OR BQ.1.4 OR BQ.1.5 OR BQ.1.6 OR BQ.1.7 OR BQ.1.8 OR BQ.1.8.1 OR BQ.1.8.2 OR BQ.1.9 OR BQ.1.10 OR BQ.1.10.1 OR BQ.1.11 OR BQ.1.12 OR BQ.1.13 OR BQ.1.13.1 OR BQ.1.14 OR BQ.1.15 OR BQ.1.16 OR BQ.1.17 OR BQ.1.18 OR BQ.1.19 OR BQ.1.20 OR BQ.1.21 OR BQ.1.22 OR BQ.1.23 OR BQ.1.24 OR BQ.1.25 OR BQ.1.25.1 OR BQ.1.26 OR BQ.1.26.1 OR BQ.1.27 OR BQ.1.28 OR BQ.2 OR BR.1 OR BR.1.1 OR BR.1.2 OR BR.2 OR BR.2.1 OR BR.3 OR BR.4 OR BS.1 OR BS.1.1 OR BS.1.2 OR BT.1 OR BT.2 OR BU.1 OR BU.2 OR BU.3 OR BV.1 OR BV.2 OR BW.1 OR BW.1.1 OR BY.1 OR BY.1.1 OR BY.1.1.1 OR BY.1.2 OR BY.1.2.1 OR BZ.1 OR CA.1 OR CA.2 OR CA.3 OR CA.3.1 OR CA.4 OR CA.5 OR CA.6 OR CA.7 OR CB.1 OR CC.1 OR CD.1 OR CD.2 OR CE.1 OR CF.1 OR CG.1 OR CH.1 OR CH.1.1 OR CH.1.1.1 OR CH.1.1.2 OR CH.1.1.3 OR CH.1.1.4 OR CH.1.1.5 OR CH.2 OR CH.3 OR CH.3.1 OR CJ.1 OR CJ.1.1 OR CK.1 OR CK.1.1 OR CK.1.2 OR CK.2 OR CK.2.1 OR CK.2.1.1 OR CK.3 OR CL.1 OR CM.1 OR CM.2 OR CM.2.1 OR CM.3 OR CM.4 OR CM.4.1 OR CM.5 OR CM.5.1 OR CM.5.2 OR CM.6 OR CM.6.1 OR CM.7 OR CM.8 OR CM.8.1 OR CM.9 OR CM.10 OR CM.11 OR CM.12 OR CN.1 OR CN.2 OR CP.1 OR CP.1.1 OR CP.1.2 OR CP.1.3 OR CP.2 OR CP.3 OR CP.4 OR CP.5 OR CP.6 OR CQ.1 OR CQ.1.1 OR CQ.2 OR CR.1 OR CR.1.1 OR CR.1.2 OR CR.1.3 OR CR.2 OR CS.1 OR CT.1 OR CU.1 OR CV.1 OR CV.2 OR CW.1 OR CY.1 OR CZ.1 OR DA.1 OR DB.1 OR DB.2 OR DC.1 OR DD.1 OR DE.1 OR DE.2 OR DF.1 OR DF.1.1 OR DG.1 OR DH.1 OR DJ.1 OR DJ.1.1 OR DJ.1.2 OR DJ.1.3 OR DK.1 OR DL.1 OR DM.1 OR DN.1 OR DN.1.1 OR DP.1 OR DQ.1 OR DR.1 OR DS.1 OR DT.1 OR DU.1 OR DV.1,Omicron,14.7142857142857,12.3571428571429,0.839805825242719
2022-07-28,8,7,11,9.71428571428571,0.883116883116883,0.647024202370781,0.990008539989305,B.1.1.529 OR BA.1 OR BA.1.1 OR BA.1.1.1 OR BA.1.1.2 OR BA.1.1.3 OR BA.1.1.4 OR BA.1.1.5 OR BA.1.1.6 OR BA.1.1.7 OR BA.1.1.8 OR BA.1.1.9 OR BA.1.1.10 OR BA.1.1.11 OR BA.1.1.12 OR BA.1.1.13 OR BA.1.1.14 OR BA.1.1.15 OR BA.1.1.16 OR BA.1.1.17 OR BA.1.1.18 OR BA.1.2 OR BA.1.3 OR BA.1.4 OR BA.1.5 OR BA.1.6 OR BA.1.7 OR BA.1.8 OR BA.1.9 OR BA.1.10 OR BA.1.12 OR BA.1.13 OR BA.1.13.1 OR BA.1.14 OR BA.1.14.1 OR BA.1.14.2 OR BA.1.15 OR BA.1.15.1 OR BA.1.15.2 OR BA.1.15.3 OR BA.1.16 OR BA.1.16.1 OR BA.1.16.2 OR BA.1.17 OR BA.1.17.1 OR BA.1.17.2 OR BA.1.18 OR BA.1.19 OR BA.1.20 OR BA.1.21 OR BA.1.21.1 OR BA.1.22 OR BA.1.23 OR BA.1.24 OR BA.2 OR BA.2.1 OR BA.2.2 OR BA.2.2.1 OR BA.2.3 OR BA.2.3.1 OR BA.2.3.2 OR BA.2.3.4 OR BA.2.3.5 OR BA.2.3.6 OR BA.2.3.7 OR BA.2.3.8 OR BA.2.3.9 OR BA.2.3.10 OR BA.2.3.11 OR BA.2.3.12 OR BA.2.3.13 OR BA.2.3.14 OR BA.2.3.15 OR BA.2.3.16 OR BA.2.3.17 OR BA.2.3.18 OR BA.2.3.19 OR BA.2.3.20 OR BA.2.3.21 OR BA.2.3.22 OR BA.2.4 OR BA.2.5 OR BA.2.6 OR BA.2.7 OR BA.2.8 OR BA.2.9 OR BA.2.9.1 OR BA.2.9.2 OR BA.2.9.3 OR BA.2.9.4 OR BA.2.9.5 OR BA.2.9.6 OR BA.2.9.7 OR BA.2.10 OR BA.2.10.1 OR BA.2.10.2 OR BA.2.10.3 OR BA.2.10.4 OR BA.2.11 OR BA.2.12 OR BA.2.12.1 OR BA.2.12.2 OR BA.2.13 OR BA.2.13.1 OR BA.2.14 OR BA.2.15 OR BA.2.16 OR BA.2.17 OR BA.2.18 OR BA.2.19 OR BA.2.20 OR BA.2.21 OR BA.2.22 OR BA.2.23 OR BA.2.23.1 OR BA.2.24 OR BA.2.25 OR BA.2.25.1 OR BA.2.26 OR BA.2.27 OR BA.2.28 OR BA.2.29 OR BA.2.30 OR BA.2.31 OR BA.2.31.1 OR BA.2.32 OR BA.2.33 OR BA.2.34 OR BA.2.35 OR BA.2.36 OR BA.2.37 OR BA.2.38 OR BA.2.38.1 OR BA.2.38.2 OR BA.2.38.3 OR BA.2.38.4 OR BA.2.39 OR BA.2.40 OR BA.2.40.1 OR BA.2.41 OR BA.2.42 OR BA.2.43 OR BA.2.44 OR BA.2.45 OR BA.2.46 OR BA.2.47 OR BA.2.48 OR BA.2.49 OR BA.2.50 OR BA.2.51 OR BA.2.52 OR BA.2.53 OR BA.2.54 OR BA.2.55 OR BA.2.56 OR BA.2.56.1 OR BA.2.57 OR BA.2.58 OR BA.2.59 OR BA.2.60 OR BA.2.61 OR BA.2.62 OR BA.2.63 OR BA.2.64 OR BA.2.65 OR BA.2.66 OR BA.2.67 OR BA.2.68 OR BA.2.69 OR BA.2.70 OR BA.2.71 OR BA.2.72 OR BA.2.73 OR BA.2.74 OR BA.2.75 OR BA.2.75.1 OR BA.2.75.2 OR BA.2.75.3 OR BA.2.75.4 OR BA.2.75.5 OR BA.2.75.6 OR BA.2.75.7 OR BA.2.75.8 OR BA.2.75.9 OR BA.2.75.10 OR BA.2.76 OR BA.2.76.1 OR BA.2.76.2 OR BA.2.77 OR BA.2.78 OR BA.2.79 OR BA.2.79.1 OR BA.2.80 OR BA.2.81 OR BA.2.82 OR BA.2.83 OR BA.2.85 OR BA.3 OR BA.3.1 OR BA.4 OR BA.4.1 OR BA.4.1.1 OR BA.4.1.2 OR BA.4.1.3 OR BA.4.1.4 OR BA.4.1.5 OR BA.4.1.6 OR BA.4.1.7 OR BA.4.1.8 OR BA.4.1.9 OR BA.4.1.10 OR BA.4.2 OR BA.4.3 OR BA.4.4 OR BA.4.5 OR BA.4.6 OR BA.4.6.1 OR BA.4.6.2 OR BA.4.6.3 OR BA.4.6.4 OR BA.4.6.5 OR BA.4.7 OR BA.4.8 OR BA.5 OR BA.5.1 OR BA.5.1.1 OR BA.5.1.2 OR BA.5.1.3 OR BA.5.1.4 OR BA.5.1.5 OR BA.5.1.6 OR BA.5.1.7 OR BA.5.1.8 OR BA.5.1.9 OR BA.5.1.10 OR BA.5.1.11 OR BA.5.1.12 OR BA.5.1.14 OR BA.5.1.15 OR BA.5.1.16 OR BA.5.1.17 OR BA.5.1.18 OR BA.5.1.19 OR BA.5.1.20 OR BA.5.1.21 OR BA.5.1.22 OR BA.5.1.23 OR BA.5.1.24 OR BA.5.1.25 OR BA.5.1.26 OR BA.5.1.27 OR BA.5.1.28 OR BA.5.1.29 OR BA.5.1.30 OR BA.5.1.31 OR BA.5.1.32 OR BA.5.2 OR BA.5.2.1 OR BA.5.2.2 OR BA.5.2.3 OR BA.5.2.4 OR BA.5.2.5 OR BA.5.2.6 OR BA.5.2.7 OR BA.5.2.8 OR BA.5.2.9 OR BA.5.2.10 OR BA.5.2.11 OR BA.5.2.12 OR BA.5.2.13 OR BA.5.2.14 OR BA.5.2.16 OR BA.5.2.18 OR BA.5.2.19 OR BA.5.2.20 OR BA.5.2.21 OR BA.5.2.22 OR BA.5.2.23 OR BA.5.2.24 OR BA.5.2.25 OR BA.5.2.26 OR BA.5.2.27 OR BA.5.2.28 OR BA.5.2.29 OR BA.5.2.30 OR BA.5.2.31 OR BA.5.2.32 OR BA.5.2.33 OR BA.5.2.34 OR BA.5.2.35 OR BA.5.2.36 OR BA.5.2.37 OR BA.5.2.38 OR BA.5.2.39 OR BA.5.2.40 OR BA.5.2.41 OR BA.5.2.42 OR BA.5.2.43 OR BA.5.2.44 OR BA.5.2.45 OR BA.5.2.46 OR BA.5.2.47 OR BA.5.2.48 OR BA.5.2.49 OR BA.5.3 OR BA.5.3.1 OR BA.5.3.2 OR BA.5.3.3 OR BA.5.3.4 OR BA.5.3.5 OR BA.5.5 OR BA.5.5.1 OR BA.5.5.2 OR BA.5.5.3 OR BA.5.6 OR BA.5.6.1 OR BA.5.6.2 OR BA.5.6.3 OR BA.5.6.4 OR BA.5.7 OR BA.5.8 OR BA.5.9 OR BA.5.10 OR BA.5.10.1 OR BA.5.11 OR BC.1 OR BC.2 OR BD.1 OR BE.1 OR BE.1.1 OR BE.1.1.1 OR BE.1.1.2 OR BE.1.2 OR BE.1.2.1 OR BE.1.3 OR BE.1.4 OR BE.1.4.1 OR BE.1.4.2 OR BE.1.4.3 OR BE.1.4.4 OR BE.2 OR BE.3 OR BE.4 OR BE.4.1 OR BE.4.1.1 OR BE.4.2 OR BE.5 OR BE.6 OR BE.7 OR BE.8 OR BE.9 OR BE.10 OR BF.1 OR BF.1.1 OR BF.2 OR BF.3 OR BF.3.1 OR BF.4 OR BF.5 OR BF.5.1 OR BF.5.2 OR BF.6 OR BF.7 OR BF.7.1 OR BF.7.2 OR BF.7.3 OR BF.7.4 OR BF.7.4.1 OR BF.7.4.2 OR BF.7.5 OR BF.7.5.1 OR BF.7.6 OR BF.7.7 OR BF.7.8 OR BF.7.9 OR BF.7.10 OR BF.7.11 OR BF.7.12 OR BF.7.13 OR BF.7.13.1 OR BF.7.13.2 OR BF.7.14 OR BF.7.15 OR BF.8 OR BF.9 OR BF.10 OR BF.10.1 OR BF.11 OR BF.11.1 OR BF.11.2 OR BF.11.3 OR BF.11.4 OR BF.11.5 OR BF.12 OR BF.13 OR BF.14 OR BF.15 OR BF.16 OR BF.17 OR BF.18 OR BF.19 OR BF.20 OR BF.21 OR BF.22 OR BF.23 OR BF.24 OR BF.25 OR BF.26 OR BF.27 OR BF.28 OR BF.29 OR BF.30 OR BF.31 OR BF.31.1 OR BF.32 OR BF.33 OR BF.34 OR BG.1 OR BG.2 OR BG.3 OR BG.4 OR BG.5 OR BG.6 OR BG.7 OR BH.1 OR BJ.1 OR BK.1 OR BL.1 OR BL.1.1 OR BL.1.2 OR BL.1.3 OR BL.1.4 OR BL.2 OR BL.2.1 OR BL.3 OR BL.4 OR BL.5 OR BL.6 OR BM.1 OR BM.1.1 OR BM.1.1.1 OR BM.1.1.2 OR BM.1.1.3 OR BM.1.1.4 OR BM.1.1.5 OR BM.2 OR BM.2.1 OR BM.2.2 OR BM.2.3 OR BM.3 OR BM.4 OR BM.4.1 OR BM.4.1.1 OR BM.5 OR BM.6 OR BN.1 OR BN.1.1 OR BN.1.1.1 OR BN.1.2 OR BN.1.2.1 OR BN.1.3 OR BN.1.3.1 OR BN.1.3.2 OR BN.1.3.3 OR BN.1.3.4 OR BN.1.4 OR BN.1.4.1 OR BN.1.5 OR BN.1.5.1 OR BN.1.6 OR BN.1.7 OR BN.1.8 OR BN.1.9 OR BN.2 OR BN.2.1 OR BN.3 OR BN.3.1 OR BN.4 OR BN.5 OR BN.6 OR BP.1 OR BQ.1 OR BQ.1.1 OR BQ.1.1.1 OR BQ.1.1.2 OR BQ.1.1.3 OR BQ.1.1.4 OR BQ.1.1.5 OR BQ.1.1.6 OR BQ.1.1.7 OR BQ.1.1.8 OR BQ.1.1.9 OR BQ.1.1.10 OR BQ.1.1.11 OR BQ.1.1.12 OR BQ.1.1.13 OR BQ.1.1.14 OR BQ.1.1.15 OR BQ.1.1.16 OR BQ.1.1.17 OR BQ.1.1.18 OR BQ.1.1.19 OR BQ.1.1.20 OR BQ.1.1.21 OR BQ.1.1.22 OR BQ.1.1.23 OR BQ.1.1.24 OR BQ.1.1.25 OR BQ.1.1.26 OR BQ.1.1.27 OR BQ.1.1.28 OR BQ.1.1.29 OR BQ.1.1.30 OR BQ.1.1.31 OR BQ.1.1.32 OR BQ.1.1.34 OR BQ.1.1.35 OR BQ.1.1.36 OR BQ.1.2 OR BQ.1.3 OR BQ.1.4 OR BQ.1.5 OR BQ.1.6 OR BQ.1.7 OR BQ.1.8 OR BQ.1.8.1 OR BQ.1.8.2 OR BQ.1.9 OR BQ.1.10 OR BQ.1.10.1 OR BQ.1.11 OR BQ.1.12 OR BQ.1.13 OR BQ.1.13.1 OR BQ.1.14 OR BQ.1.15 OR BQ.1.16 OR BQ.1.17 OR BQ.1.18 OR BQ.1.19 OR BQ.1.20 OR BQ.1.21 OR BQ.1.22 OR BQ.1.23 OR BQ.1.24 OR BQ.1.25 OR BQ.1.25.1 OR BQ.1.26 OR BQ.1.26.1 OR BQ.1.27 OR BQ.1.28 OR BQ.2 OR BR.1 OR BR.1.1 OR BR.1.2 OR BR.2 OR BR.2.1 OR BR.3 OR BR.4 OR BS.1 OR BS.1.1 OR BS.1.2 OR BT.1 OR BT.2 OR BU.1 OR BU.2 OR BU.3 OR BV.1 OR BV.2 OR BW.1 OR BW.1.1 OR BY.1 OR BY.1.1 OR BY.1.1.1 OR BY.1.2 OR BY.1.2.1 OR BZ.1 OR CA.1 OR CA.2 OR CA.3 OR CA.3.1 OR CA.4 OR CA.5 OR CA.6 OR CA.7 OR CB.1 OR CC.1 OR CD.1 OR CD.2 OR CE.1 OR CF.1 OR CG.1 OR CH.1 OR CH.1.1 OR CH.1.1.1 OR CH.1.1.2 OR CH.1.1.3 OR CH.1.1.4 OR CH.1.1.5 OR CH.2 OR CH.3 OR CH.3.1 OR CJ.1 OR CJ.1.1 OR CK.1 OR CK.1.1 OR CK.1.2 OR CK.2 OR CK.2.1 OR CK.2.1.1 OR CK.3 OR CL.1 OR CM.1 OR CM.2 OR CM.2.1 OR CM.3 OR CM.4 OR CM.4.1 OR CM.5 OR CM.5.1 OR CM.5.2 OR CM.6 OR CM.6.1 OR CM.7 OR CM.8 OR CM.8.1 OR CM.9 OR CM.10 OR CM.11 OR CM.12 OR CN.1 OR CN.2 OR CP.1 OR CP.1.1 OR CP.1.2 OR CP.1.3 OR CP.2 OR CP.3 OR CP.4 OR CP.5 OR CP.6 OR CQ.1 OR CQ.1.1 OR CQ.2 OR CR.1 OR CR.1.1 OR CR.1.2 OR CR.1.3 OR CR.2 OR CS.1 OR CT.1 OR CU.1 OR CV.1 OR CV.2 OR CW.1 OR CY.1 OR CZ.1 OR DA.1 OR DB.1 OR DB.2 OR DC.1 OR DD.1 OR DE.1 OR DE.2 OR DF.1 OR DF.1.1 OR DG.1 OR DH.1 OR DJ.1 OR DJ.1.1 OR DJ.1.2 OR DJ.1.3 OR DK.1 OR DL.1 OR DM.1 OR DN.1 OR DN.1.1 OR DP.1 OR DQ.1 OR DR.1 OR DS.1 OR DT.1 OR DU.1 OR DV.1,Omicron,14.2142857142857,11.7857142857143,0.829145728643216
2022-07-29,11,8,10.1428571428571,8.85714285714286,0.873239436619718,0.618685228933384,0.988988326236839,B.1.1.529 OR BA.1 OR BA.1.1 OR BA.1.1.1 OR BA.1.1.2 OR BA.1.1.3 OR BA.1.1.4 OR BA.1.1.5 OR BA.1.1.6 OR BA.1.1.7 OR BA.1.1.8 OR BA.1.1.9 OR BA.1.1.10 OR BA.1.1.11 OR BA.1.1.12 OR BA.1.1.13 OR BA.1.1.14 OR BA.1.1.15 OR BA.1.1.16 OR BA.1.1.17 OR BA.1.1.18 OR BA.1.2 OR BA.1.3 OR BA.1.4 OR BA.1.5 OR BA.1.6 OR BA.1.7 OR BA.1.8 OR BA.1.9 OR BA.1.10 OR BA.1.12 OR BA.1.13 OR BA.1.13.1 OR BA.1.14 OR BA.1.14.1 OR BA.1.14.2 OR BA.1.15 OR BA.1.15.1 OR BA.1.15.2 OR BA.1.15.3 OR BA.1.16 OR BA.1.16.1 OR BA.1.16.2 OR BA.1.17 OR BA.1.17.1 OR BA.1.17.2 OR BA.1.18 OR BA.1.19 OR BA.1.20 OR BA.1.21 OR BA.1.21.1 OR BA.1.22 OR BA.1.23 OR BA.1.24 OR BA.2 OR BA.2.1 OR BA.2.2 OR BA.2.2.1 OR BA.2.3 OR BA.2.3.1 OR BA.2.3.2 OR BA.2.3.4 OR BA.2.3.5 OR BA.2.3.6 OR BA.2.3.7 OR BA.2.3.8 OR BA.2.3.9 OR BA.2.3.10 OR BA.2.3.11 OR BA.2.3.12 OR BA.2.3.13 OR BA.2.3.14 OR BA.2.3.15 OR BA.2.3.16 OR BA.2.3.17 OR BA.2.3.18 OR BA.2.3.19 OR BA.2.3.20 OR BA.2.3.21 OR BA.2.3.22 OR BA.2.4 OR BA.2.5 OR BA.2.6 OR BA.2.7 OR BA.2.8 OR BA.2.9 OR BA.2.9.1 OR BA.2.9.2 OR BA.2.9.3 OR BA.2.9.4 OR BA.2.9.5 OR BA.2.9.6 OR BA.2.9.7 OR BA.2.10 OR BA.2.10.1 OR BA.2.10.2 OR BA.2.10.3 OR BA.2.10.4 OR BA.2.11 OR BA.2.12 OR BA.2.12.1 OR BA.2.12.2 OR BA.2.13 OR BA.2.13.1 OR BA.2.14 OR BA.2.15 OR BA.2.16 OR BA.2.17 OR BA.2.18 OR BA.2.19 OR BA.2.20 OR BA.2.21 OR BA.2.22 OR BA.2.23 OR BA.2.23.1 OR BA.2.24 OR BA.2.25 OR BA.2.25.1 OR BA.2.26 OR BA.2.27 OR BA.2.28 OR BA.2.29 OR BA.2.30 OR BA.2.31 OR BA.2.31.1 OR BA.2.32 OR BA.2.33 OR BA.2.34 OR BA.2.35 OR BA.2.36 OR BA.2.37 OR BA.2.38 OR BA.2.38.1 OR BA.2.38.2 OR BA.2.38.3 OR BA.2.38.4 OR BA.2.39 OR BA.2.40 OR BA.2.40.1 OR BA.2.41 OR BA.2.42 OR BA.2.43 OR BA.2.44 OR BA.2.45 OR BA.2.46 OR BA.2.47 OR BA.2.48 OR BA.2.49 OR BA.2.50 OR BA.2.51 OR BA.2.52 OR BA.2.53 OR BA.2.54 OR BA.2.55 OR BA.2.56 OR BA.2.56.1 OR BA.2.57 OR BA.2.58 OR BA.2.59 OR BA.2.60 OR BA.2.61 OR BA.2.62 OR BA.2.63 OR BA.2.64 OR BA.2.65 OR BA.2.66 OR BA.2.67 OR BA.2.68 OR BA.2.69 OR BA.2.70 OR BA.2.71 OR BA.2.72 OR BA.2.73 OR BA.2.74 OR BA.2.75 OR BA.2.75.1 OR BA.2.75.2 OR BA.2.75.3 OR BA.2.75.4 OR BA.2.75.5 OR BA.2.75.6 OR BA.2.75.7 OR BA.2.75.8 OR BA.2.75.9 OR BA.2.75.10 OR BA.2.76 OR BA.2.76.1 OR BA.2.76.2 OR BA.2.77 OR BA.2.78 OR BA.2.79 OR BA.2.79.1 OR BA.2.80 OR BA.2.81 OR BA.2.82 OR BA.2.83 OR BA.2.85 OR BA.3 OR BA.3.1 OR BA.4 OR BA.4.1 OR BA.4.1.1 OR BA.4.1.2 OR BA.4.1.3 OR BA.4.1.4 OR BA.4.1.5 OR BA.4.1.6 OR BA.4.1.7 OR BA.4.1.8 OR BA.4.1.9 OR BA.4.1.10 OR BA.4.2 OR BA.4.3 OR BA.4.4 OR BA.4.5 OR BA.4.6 OR BA.4.6.1 OR BA.4.6.2 OR BA.4.6.3 OR BA.4.6.4 OR BA.4.6.5 OR BA.4.7 OR BA.4.8 OR BA.5 OR BA.5.1 OR BA.5.1.1 OR BA.5.1.2 OR BA.5.1.3 OR BA.5.1.4 OR BA.5.1.5 OR BA.5.1.6 OR BA.5.1.7 OR BA.5.1.8 OR BA.5.1.9 OR BA.5.1.10 OR BA.5.1.11 OR BA.5.1.12 OR BA.5.1.14 OR BA.5.1.15 OR BA.5.1.16 OR BA.5.1.17 OR BA.5.1.18 OR BA.5.1.19 OR BA.5.1.20 OR BA.5.1.21 OR BA.5.1.22 OR BA.5.1.23 OR BA.5.1.24 OR BA.5.1.25 OR BA.5.1.26 OR BA.5.1.27 OR BA.5.1.28 OR BA.5.1.29 OR BA.5.1.30 OR BA.5.1.31 OR BA.5.1.32 OR BA.5.2 OR BA.5.2.1 OR BA.5.2.2 OR BA.5.2.3 OR BA.5.2.4 OR BA.5.2.5 OR BA.5.2.6 OR BA.5.2.7 OR BA.5.2.8 OR BA.5.2.9 OR BA.5.2.10 OR BA.5.2.11 OR BA.5.2.12 OR BA.5.2.13 OR BA.5.2.14 OR BA.5.2.16 OR BA.5.2.18 OR BA.5.2.19 OR BA.5.2.20 OR BA.5.2.21 OR BA.5.2.22 OR BA.5.2.23 OR BA.5.2.24 OR BA.5.2.25 OR BA.5.2.26 OR BA.5.2.27 OR BA.5.2.28 OR BA.5.2.29 OR BA.5.2.30 OR BA.5.2.31 OR BA.5.2.32 OR BA.5.2.33 OR BA.5.2.34 OR BA.5.2.35 OR BA.5.2.36 OR BA.5.2.37 OR BA.5.2.38 OR BA.5.2.39 OR BA.5.2.40 OR BA.5.2.41 OR BA.5.2.42 OR BA.5.2.43 OR BA.5.2.44 OR BA.5.2.45 OR BA.5.2.46 OR BA.5.2.47 OR BA.5.2.48 OR BA.5.2.49 OR BA.5.3 OR BA.5.3.1 OR BA.5.3.2 OR BA.5.3.3 OR BA.5.3.4 OR BA.5.3.5 OR BA.5.5 OR BA.5.5.1 OR BA.5.5.2 OR BA.5.5.3 OR BA.5.6 OR BA.5.6.1 OR BA.5.6.2 OR BA.5.6.3 OR BA.5.6.4 OR BA.5.7 OR BA.5.8 OR BA.5.9 OR BA.5.10 OR BA.5.10.1 OR BA.5.11 OR BC.1 OR BC.2 OR BD.1 OR BE.1 OR BE.1.1 OR BE.1.1.1 OR BE.1.1.2 OR BE.1.2 OR BE.1.2.1 OR BE.1.3 OR BE.1.4 OR BE.1.4.1 OR BE.1.4.2 OR BE.1.4.3 OR BE.1.4.4 OR BE.2 OR BE.3 OR BE.4 OR BE.4.1 OR BE.4.1.1 OR BE.4.2 OR BE.5 OR BE.6 OR BE.7 OR BE.8 OR BE.9 OR BE.10 OR BF.1 OR BF.1.1 OR BF.2 OR BF.3 OR BF.3.1 OR BF.4 OR BF.5 OR BF.5.1 OR BF.5.2 OR BF.6 OR BF.7 OR BF.7.1 OR BF.7.2 OR BF.7.3 OR BF.7.4 OR BF.7.4.1 OR BF.7.4.2 OR BF.7.5 OR BF.7.5.1 OR BF.7.6 OR BF.7.7 OR BF.7.8 OR BF.7.9 OR BF.7.10 OR BF.7.11 OR BF.7.12 OR BF.7.13 OR BF.7.13.1 OR BF.7.13.2 OR BF.7.14 OR BF.7.15 OR BF.8 OR BF.9 OR BF.10 OR BF.10.1 OR BF.11 OR BF.11.1 OR BF.11.2 OR BF.11.3 OR BF.11.4 OR BF.11.5 OR BF.12 OR BF.13 OR BF.14 OR BF.15 OR BF.16 OR BF.17 OR BF.18 OR BF.19 OR BF.20 OR BF.21 OR BF.22 OR BF.23 OR BF.24 OR BF.25 OR BF.26 OR BF.27 OR BF.28 OR BF.29 OR BF.30 OR BF.31 OR BF.31.1 OR BF.32 OR BF.33 OR BF.34 OR BG.1 OR BG.2 OR BG.3 OR BG.4 OR BG.5 OR BG.6 OR BG.7 OR BH.1 OR BJ.1 OR BK.1 OR BL.1 OR BL.1.1 OR BL.1.2 OR BL.1.3 OR BL.1.4 OR BL.2 OR BL.2.1 OR BL.3 OR BL.4 OR BL.5 OR BL.6 OR BM.1 OR BM.1.1 OR BM.1.1.1 OR BM.1.1.2 OR BM.1.1.3 OR BM.1.1.4 OR BM.1.1.5 OR BM.2 OR BM.2.1 OR BM.2.2 OR BM.2.3 OR BM.3 OR BM.4 OR BM.4.1 OR BM.4.1.1 OR BM.5 OR BM.6 OR BN.1 OR BN.1.1 OR BN.1.1.1 OR BN.1.2 OR BN.1.2.1 OR BN.1.3 OR BN.1.3.1 OR BN.1.3.2 OR BN.1.3.3 OR BN.1.3.4 OR BN.1.4 OR BN.1.4.1 OR BN.1.5 OR BN.1.5.1 OR BN.1.6 OR BN.1.7 OR BN.1.8 OR BN.1.9 OR BN.2 OR BN.2.1 OR BN.3 OR BN.3.1 OR BN.4 OR BN.5 OR BN.6 OR BP.1 OR BQ.1 OR BQ.1.1 OR BQ.1.1.1 OR BQ.1.1.2 OR BQ.1.1.3 OR BQ.1.1.4 OR BQ.1.1.5 OR BQ.1.1.6 OR BQ.1.1.7 OR BQ.1.1.8 OR BQ.1.1.9 OR BQ.1.1.10 OR BQ.1.1.11 OR BQ.1.1.12 OR BQ.1.1.13 OR BQ.1.1.14 OR BQ.1.1.15 OR BQ.1.1.16 OR BQ.1.1.17 OR BQ.1.1.18 OR BQ.1.1.19 OR BQ.1.1.20 OR BQ.1.1.21 OR BQ.1.1.22 OR BQ.1.1.23 OR BQ.1.1.24 OR BQ.1.1.25 OR BQ.1.1.26 OR BQ.1.1.27 OR BQ.1.1.28 OR BQ.1.1.29 OR BQ.1.1.30 OR BQ.1.1.31 OR BQ.1.1.32 OR BQ.1.1.34 OR BQ.1.1.35 OR BQ.1.1.36 OR BQ.1.2 OR BQ.1.3 OR BQ.1.4 OR BQ.1.5 OR BQ.1.6 OR BQ.1.7 OR BQ.1.8 OR BQ.1.8.1 OR BQ.1.8.2 OR BQ.1.9 OR BQ.1.10 OR BQ.1.10.1 OR BQ.1.11 OR BQ.1.12 OR BQ.1.13 OR BQ.1.13.1 OR BQ.1.14 OR BQ.1.15 OR BQ.1.16 OR BQ.1.17 OR BQ.1.18 OR BQ.1.19 OR BQ.1.20 OR BQ.1.21 OR BQ.1.22 OR BQ.1.23 OR BQ.1.24 OR BQ.1.25 OR BQ.1.25.1 OR BQ.1.26 OR BQ.1.26.1 OR BQ.1.27 OR BQ.1.28 OR BQ.2 OR BR.1 OR BR.1.1 OR BR.1.2 OR BR.2 OR BR.2.1 OR BR.3 OR BR.4 OR BS.1 OR BS.1.1 OR BS.1.2 OR BT.1 OR BT.2 OR BU.1 OR BU.2 OR BU.3 OR BV.1 OR BV.2 OR BW.1 OR BW.1.1 OR BY.1 OR BY.1.1 OR BY.1.1.1 OR BY.1.2 OR BY.1.2.1 OR BZ.1 OR CA.1 OR CA.2 OR CA.3 OR CA.3.1 OR CA.4 OR CA.5 OR CA.6 OR CA.7 OR CB.1 OR CC.1 OR CD.1 OR CD.2 OR CE.1 OR CF.1 OR CG.1 OR CH.1 OR CH.1.1 OR CH.1.1.1 OR CH.1.1.2 OR CH.1.1.3 OR CH.1.1.4 OR CH.1.1.5 OR CH.2 OR CH.3 OR CH.3.1 OR CJ.1 OR CJ.1.1 OR CK.1 OR CK.1.1 OR CK.1.2 OR CK.2 OR CK.2.1 OR CK.2.1.1 OR CK.3 OR CL.1 OR CM.1 OR CM.2 OR CM.2.1 OR CM.3 OR CM.4 OR CM.4.1 OR CM.5 OR CM.5.1 OR CM.5.2 OR CM.6 OR CM.6.1 OR CM.7 OR CM.8 OR CM.8.1 OR CM.9 OR CM.10 OR CM.11 OR CM.12 OR CN.1 OR CN.2 OR CP.1 OR CP.1.1 OR CP.1.2 OR CP.1.3 OR CP.2 OR CP.3 OR CP.4 OR CP.5 OR CP.6 OR CQ.1 OR CQ.1.1 OR CQ.2 OR CR.1 OR CR.1.1 OR CR.1.2 OR CR.1.3 OR CR.2 OR CS.1 OR CT.1 OR CU.1 OR CV.1 OR CV.2 OR CW.1 OR CY.1 OR CZ.1 OR DA.1 OR DB.1 OR DB.2 OR DC.1 OR DD.1 OR DE.1 OR DE.2 OR DF.1 OR DF.1.1 OR DG.1 OR DH.1 OR DJ.1 OR DJ.1.1 OR DJ.1.2 OR DJ.1.3 OR DK.1 OR DL.1 OR DM.1 OR DN.1 OR DN.1.1 OR DP.1 OR DQ.1 OR DR.1 OR DS.1 OR DT.1 OR DU.1 OR DV.1,Omicron,11.0714285714286,9.64285714285714,0.870967741935484
2022-07-30,4,4,9,7.71428571428571,0.857142857142857,0.585530722559468,0.98773591237838,B.1.1.529 OR BA.1 OR BA.1.1 OR BA.1.1.1 OR BA.1.1.2 OR BA.1.1.3 OR BA.1.1.4 OR BA.1.1.5 OR BA.1.1.6 OR BA.1.1.7 OR BA.1.1.8 OR BA.1.1.9 OR BA.1.1.10 OR BA.1.1.11 OR BA.1.1.12 OR BA.1.1.13 OR BA.1.1.14 OR BA.1.1.15 OR BA.1.1.16 OR BA.1.1.17 OR BA.1.1.18 OR BA.1.2 OR BA.1.3 OR BA.1.4 OR BA.1.5 OR BA.1.6 OR BA.1.7 OR BA.1.8 OR BA.1.9 OR BA.1.10 OR BA.1.12 OR BA.1.13 OR BA.1.13.1 OR BA.1.14 OR BA.1.14.1 OR BA.1.14.2 OR BA.1.15 OR BA.1.15.1 OR BA.1.15.2 OR BA.1.15.3 OR BA.1.16 OR BA.1.16.1 OR BA.1.16.2 OR BA.1.17 OR BA.1.17.1 OR BA.1.17.2 OR BA.1.18 OR BA.1.19 OR BA.1.20 OR BA.1.21 OR BA.1.21.1 OR BA.1.22 OR BA.1.23 OR BA.1.24 OR BA.2 OR BA.2.1 OR BA.2.2 OR BA.2.2.1 OR BA.2.3 OR BA.2.3.1 OR BA.2.3.2 OR BA.2.3.4 OR BA.2.3.5 OR BA.2.3.6 OR BA.2.3.7 OR BA.2.3.8 OR BA.2.3.9 OR BA.2.3.10 OR BA.2.3.11 OR BA.2.3.12 OR BA.2.3.13 OR BA.2.3.14 OR BA.2.3.15 OR BA.2.3.16 OR BA.2.3.17 OR BA.2.3.18 OR BA.2.3.19 OR BA.2.3.20 OR BA.2.3.21 OR BA.2.3.22 OR BA.2.4 OR BA.2.5 OR BA.2.6 OR BA.2.7 OR BA.2.8 OR BA.2.9 OR BA.2.9.1 OR BA.2.9.2 OR BA.2.9.3 OR BA.2.9.4 OR BA.2.9.5 OR BA.2.9.6 OR BA.2.9.7 OR BA.2.10 OR BA.2.10.1 OR BA.2.10.2 OR BA.2.10.3 OR BA.2.10.4 OR BA.2.11 OR BA.2.12 OR BA.2.12.1 OR BA.2.12.2 OR BA.2.13 OR BA.2.13.1 OR BA.2.14 OR BA.2.15 OR BA.2.16 OR BA.2.17 OR BA.2.18 OR BA.2.19 OR BA.2.20 OR BA.2.21 OR BA.2.22 OR BA.2.23 OR BA.2.23.1 OR BA.2.24 OR BA.2.25 OR BA.2.25.1 OR BA.2.26 OR BA.2.27 OR BA.2.28 OR BA.2.29 OR BA.2.30 OR BA.2.31 OR BA.2.31.1 OR BA.2.32 OR BA.2.33 OR BA.2.34 OR BA.2.35 OR BA.2.36 OR BA.2.37 OR BA.2.38 OR BA.2.38.1 OR BA.2.38.2 OR BA.2.38.3 OR BA.2.38.4 OR BA.2.39 OR BA.2.40 OR BA.2.40.1 OR BA.2.41 OR BA.2.42 OR BA.2.43 OR BA.2.44 OR BA.2.45 OR BA.2.46 OR BA.2.47 OR BA.2.48 OR BA.2.49 OR BA.2.50 OR BA.2.51 OR BA.2.52 OR BA.2.53 OR BA.2.54 OR BA.2.55 OR BA.2.56 OR BA.2.56.1 OR BA.2.57 OR BA.2.58 OR BA.2.59 OR BA.2.60 OR BA.2.61 OR BA.2.62 OR BA.2.63 OR BA.2.64 OR BA.2.65 OR BA.2.66 OR BA.2.67 OR BA.2.68 OR BA.2.69 OR BA.2.70 OR BA.2.71 OR BA.2.72 OR BA.2.73 OR BA.2.74 OR BA.2.75 OR BA.2.75.1 OR BA.2.75.2 OR BA.2.75.3 OR BA.2.75.4 OR BA.2.75.5 OR BA.2.75.6 OR BA.2.75.7 OR BA.2.75.8 OR BA.2.75.9 OR BA.2.75.10 OR BA.2.76 OR BA.2.76.1 OR BA.2.76.2 OR BA.2.77 OR BA.2.78 OR BA.2.79 OR BA.2.79.1 OR BA.2.80 OR BA.2.81 OR BA.2.82 OR BA.2.83 OR BA.2.85 OR BA.3 OR BA.3.1 OR BA.4 OR BA.4.1 OR BA.4.1.1 OR BA.4.1.2 OR BA.4.1.3 OR BA.4.1.4 OR BA.4.1.5 OR BA.4.1.6 OR BA.4.1.7 OR BA.4.1.8 OR BA.4.1.9 OR BA.4.1.10 OR BA.4.2 OR BA.4.3 OR BA.4.4 OR BA.4.5 OR BA.4.6 OR BA.4.6.1 OR BA.4.6.2 OR BA.4.6.3 OR BA.4.6.4 OR BA.4.6.5 OR BA.4.7 OR BA.4.8 OR BA.5 OR BA.5.1 OR BA.5.1.1 OR BA.5.1.2 OR BA.5.1.3 OR BA.5.1.4 OR BA.5.1.5 OR BA.5.1.6 OR BA.5.1.7 OR BA.5.1.8 OR BA.5.1.9 OR BA.5.1.10 OR BA.5.1.11 OR BA.5.1.12 OR BA.5.1.14 OR BA.5.1.15 OR BA.5.1.16 OR BA.5.1.17 OR BA.5.1.18 OR BA.5.1.19 OR BA.5.1.20 OR BA.5.1.21 OR BA.5.1.22 OR BA.5.1.23 OR BA.5.1.24 OR BA.5.1.25 OR BA.5.1.26 OR BA.5.1.27 OR BA.5.1.28 OR BA.5.1.29 OR BA.5.1.30 OR BA.5.1.31 OR BA.5.1.32 OR BA.5.2 OR BA.5.2.1 OR BA.5.2.2 OR BA.5.2.3 OR BA.5.2.4 OR BA.5.2.5 OR BA.5.2.6 OR BA.5.2.7 OR BA.5.2.8 OR BA.5.2.9 OR BA.5.2.10 OR BA.5.2.11 OR BA.5.2.12 OR BA.5.2.13 OR BA.5.2.14 OR BA.5.2.16 OR BA.5.2.18 OR BA.5.2.19 OR BA.5.2.20 OR BA.5.2.21 OR BA.5.2.22 OR BA.5.2.23 OR BA.5.2.24 OR BA.5.2.25 OR BA.5.2.26 OR BA.5.2.27 OR BA.5.2.28 OR BA.5.2.29 OR BA.5.2.30 OR BA.5.2.31 OR BA.5.2.32 OR BA.5.2.33 OR BA.5.2.34 OR BA.5.2.35 OR BA.5.2.36 OR BA.5.2.37 OR BA.5.2.38 OR BA.5.2.39 OR BA.5.2.40 OR BA.5.2.41 OR BA.5.2.42 OR BA.5.2.43 OR BA.5.2.44 OR BA.5.2.45 OR BA.5.2.46 OR BA.5.2.47 OR BA.5.2.48 OR BA.5.2.49 OR BA.5.3 OR BA.5.3.1 OR BA.5.3.2 OR BA.5.3.3 OR BA.5.3.4 OR BA.5.3.5 OR BA.5.5 OR BA.5.5.1 OR BA.5.5.2 OR BA.5.5.3 OR BA.5.6 OR BA.5.6.1 OR BA.5.6.2 OR BA.5.6.3 OR BA.5.6.4 OR BA.5.7 OR BA.5.8 OR BA.5.9 OR BA.5.10 OR BA.5.10.1 OR BA.5.11 OR BC.1 OR BC.2 OR BD.1 OR BE.1 OR BE.1.1 OR BE.1.1.1 OR BE.1.1.2 OR BE.1.2 OR BE.1.2.1 OR BE.1.3 OR BE.1.4 OR BE.1.4.1 OR BE.1.4.2 OR BE.1.4.3 OR BE.1.4.4 OR BE.2 OR BE.3 OR BE.4 OR BE.4.1 OR BE.4.1.1 OR BE.4.2 OR BE.5 OR BE.6 OR BE.7 OR BE.8 OR BE.9 OR BE.10 OR BF.1 OR BF.1.1 OR BF.2 OR BF.3 OR BF.3.1 OR BF.4 OR BF.5 OR BF.5.1 OR BF.5.2 OR BF.6 OR BF.7 OR BF.7.1 OR BF.7.2 OR BF.7.3 OR BF.7.4 OR BF.7.4.1 OR BF.7.4.2 OR BF.7.5 OR BF.7.5.1 OR BF.7.6 OR BF.7.7 OR BF.7.8 OR BF.7.9 OR BF.7.10 OR BF.7.11 OR BF.7.12 OR BF.7.13 OR BF.7.13.1 OR BF.7.13.2 OR BF.7.14 OR BF.7.15 OR BF.8 OR BF.9 OR BF.10 OR BF.10.1 OR BF.11 OR BF.11.1 OR BF.11.2 OR BF.11.3 OR BF.11.4 OR BF.11.5 OR BF.12 OR BF.13 OR BF.14 OR BF.15 OR BF.16 OR BF.17 OR BF.18 OR BF.19 OR BF.20 OR BF.21 OR BF.22 OR BF.23 OR BF.24 OR BF.25 OR BF.26 OR BF.27 OR BF.28 OR BF.29 OR BF.30 OR BF.31 OR BF.31.1 OR BF.32 OR BF.33 OR BF.34 OR BG.1 OR BG.2 OR BG.3 OR BG.4 OR BG.5 OR BG.6 OR BG.7 OR BH.1 OR BJ.1 OR BK.1 OR BL.1 OR BL.1.1 OR BL.1.2 OR BL.1.3 OR BL.1.4 OR BL.2 OR BL.2.1 OR BL.3 OR BL.4 OR BL.5 OR BL.6 OR BM.1 OR BM.1.1 OR BM.1.1.1 OR BM.1.1.2 OR BM.1.1.3 OR BM.1.1.4 OR BM.1.1.5 OR BM.2 OR BM.2.1 OR BM.2.2 OR BM.2.3 OR BM.3 OR BM.4 OR BM.4.1 OR BM.4.1.1 OR BM.5 OR BM.6 OR BN.1 OR BN.1.1 OR BN.1.1.1 OR BN.1.2 OR BN.1.2.1 OR BN.1.3 OR BN.1.3.1 OR BN.1.3.2 OR BN.1.3.3 OR BN.1.3.4 OR BN.1.4 OR BN.1.4.1 OR BN.1.5 OR BN.1.5.1 OR BN.1.6 OR BN.1.7 OR BN.1.8 OR BN.1.9 OR BN.2 OR BN.2.1 OR BN.3 OR BN.3.1 OR BN.4 OR BN.5 OR BN.6 OR BP.1 OR BQ.1 OR BQ.1.1 OR BQ.1.1.1 OR BQ.1.1.2 OR BQ.1.1.3 OR BQ.1.1.4 OR BQ.1.1.5 OR BQ.1.1.6 OR BQ.1.1.7 OR BQ.1.1.8 OR BQ.1.1.9 OR BQ.1.1.10 OR BQ.1.1.11 OR BQ.1.1.12 OR BQ.1.1.13 OR BQ.1.1.14 OR BQ.1.1.15 OR BQ.1.1.16 OR BQ.1.1.17 OR BQ.1.1.18 OR BQ.1.1.19 OR BQ.1.1.20 OR BQ.1.1.21 OR BQ.1.1.22 OR BQ.1.1.23 OR BQ.1.1.24 OR BQ.1.1.25 OR BQ.1.1.26 OR BQ.1.1.27 OR BQ.1.1.28 OR BQ.1.1.29 OR BQ.1.1.30 OR BQ.1.1.31 OR BQ.1.1.32 OR BQ.1.1.34 OR BQ.1.1.35 OR BQ.1.1.36 OR BQ.1.2 OR BQ.1.3 OR BQ.1.4 OR BQ.1.5 OR BQ.1.6 OR BQ.1.7 OR BQ.1.8 OR BQ.1.8.1 OR BQ.1.8.2 OR BQ.1.9 OR BQ.1.10 OR BQ.1.10.1 OR BQ.1.11 OR BQ.1.12 OR BQ.1.13 OR BQ.1.13.1 OR BQ.1.14 OR BQ.1.15 OR BQ.1.16 OR BQ.1.17 OR BQ.1.18 OR BQ.1.19 OR BQ.1.20 OR BQ.1.21 OR BQ.1.22 OR BQ.1.23 OR BQ.1.24 OR BQ.1.25 OR BQ.1.25.1 OR BQ.1.26 OR BQ.1.26.1 OR BQ.1.27 OR BQ.1.28 OR BQ.2 OR BR.1 OR BR.1.1 OR BR.1.2 OR BR.2 OR BR.2.1 OR BR.3 OR BR.4 OR BS.1 OR BS.1.1 OR BS.1.2 OR BT.1 OR BT.2 OR BU.1 OR BU.2 OR BU.3 OR BV.1 OR BV.2 OR BW.1 OR BW.1.1 OR BY.1 OR BY.1.1 OR BY.1.1.1 OR BY.1.2 OR BY.1.2.1 OR BZ.1 OR CA.1 OR CA.2 OR CA.3 OR CA.3.1 OR CA.4 OR CA.5 OR CA.6 OR CA.7 OR CB.1 OR CC.1 OR CD.1 OR CD.2 OR CE.1 OR CF.1 OR CG.1 OR CH.1 OR CH.1.1 OR CH.1.1.1 OR CH.1.1.2 OR CH.1.1.3 OR CH.1.1.4 OR CH.1.1.5 OR CH.2 OR CH.3 OR CH.3.1 OR CJ.1 OR CJ.1.1 OR CK.1 OR CK.1.1 OR CK.1.2 OR CK.2 OR CK.2.1 OR CK.2.1.1 OR CK.3 OR CL.1 OR CM.1 OR CM.2 OR CM.2.1 OR CM.3 OR CM.4 OR CM.4.1 OR CM.5 OR CM.5.1 OR CM.5.2 OR CM.6 OR CM.6.1 OR CM.7 OR CM.8 OR CM.8.1 OR CM.9 OR CM.10 OR CM.11 OR CM.12 OR CN.1 OR CN.2 OR CP.1 OR CP.1.1 OR CP.1.2 OR CP.1.3 OR CP.2 OR CP.3 OR CP.4 OR CP.5 OR CP.6 OR CQ.1 OR CQ.1.1 OR CQ.2 OR CR.1 OR CR.1.1 OR CR.1.2 OR CR.1.3 OR CR.2 OR CS.1 OR CT.1 OR CU.1 OR CV.1 OR CV.2 OR CW.1 OR CY.1 OR CZ.1 OR DA.1 OR DB.1 OR DB.2 OR DC.1 OR DD.1 OR DE.1 OR DE.2 OR DF.1 OR DF.1.1 OR DG.1 OR DH.1 OR DJ.1 OR DJ.1.1 OR DJ.1.2 OR DJ.1.3 OR DK.1 OR DL.1 OR DM.1 OR DN.1 OR DN.1.1 OR DP.1 OR DQ.1 OR DR.1 OR DS.1 OR DT.1 OR DU.1 OR DV.1,Omicron,11.0714285714286,9.71428571428571,0.87741935483871
2022-07-31,3,2,8.71428571428571,7.57142857142857,0.868852459016394,0.585530722559468,0.98773591237838,B.1.1.529 OR BA.1 OR BA.1.1 OR BA.1.1.1 OR BA.1.1.2 OR BA.1.1.3 OR BA.1.1.4 OR BA.1.1.5 OR BA.1.1.6 OR BA.1.1.7 OR BA.1.1.8 OR BA.1.1.9 OR BA.1.1.10 OR BA.1.1.11 OR BA.1.1.12 OR BA.1.1.13 OR BA.1.1.14 OR BA.1.1.15 OR BA.1.1.16 OR BA.1.1.17 OR BA.1.1.18 OR BA.1.2 OR BA.1.3 OR BA.1.4 OR BA.1.5 OR BA.1.6 OR BA.1.7 OR BA.1.8 OR BA.1.9 OR BA.1.10 OR BA.1.12 OR BA.1.13 OR BA.1.13.1 OR BA.1.14 OR BA.1.14.1 OR BA.1.14.2 OR BA.1.15 OR BA.1.15.1 OR BA.1.15.2 OR BA.1.15.3 OR BA.1.16 OR BA.1.16.1 OR BA.1.16.2 OR BA.1.17 OR BA.1.17.1 OR BA.1.17.2 OR BA.1.18 OR BA.1.19 OR BA.1.20 OR BA.1.21 OR BA.1.21.1 OR BA.1.22 OR BA.1.23 OR BA.1.24 OR BA.2 OR BA.2.1 OR BA.2.2 OR BA.2.2.1 OR BA.2.3 OR BA.2.3.1 OR BA.2.3.2 OR BA.2.3.4 OR BA.2.3.5 OR BA.2.3.6 OR BA.2.3.7 OR BA.2.3.8 OR BA.2.3.9 OR BA.2.3.10 OR BA.2.3.11 OR BA.2.3.12 OR BA.2.3.13 OR BA.2.3.14 OR BA.2.3.15 OR BA.2.3.16 OR BA.2.3.17 OR BA.2.3.18 OR BA.2.3.19 OR BA.2.3.20 OR BA.2.3.21 OR BA.2.3.22 OR BA.2.4 OR BA.2.5 OR BA.2.6 OR BA.2.7 OR BA.2.8 OR BA.2.9 OR BA.2.9.1 OR BA.2.9.2 OR BA.2.9.3 OR BA.2.9.4 OR BA.2.9.5 OR BA.2.9.6 OR BA.2.9.7 OR BA.2.10 OR BA.2.10.1 OR BA.2.10.2 OR BA.2.10.3 OR BA.2.10.4 OR BA.2.11 OR BA.2.12 OR BA.2.12.1 OR BA.2.12.2 OR BA.2.13 OR BA.2.13.1 OR BA.2.14 OR BA.2.15 OR BA.2.16 OR BA.2.17 OR BA.2.18 OR BA.2.19 OR BA.2.20 OR BA.2.21 OR BA.2.22 OR BA.2.23 OR BA.2.23.1 OR BA.2.24 OR BA.2.25 OR BA.2.25.1 OR BA.2.26 OR BA.2.27 OR BA.2.28 OR BA.2.29 OR BA.2.30 OR BA.2.31 OR BA.2.31.1 OR BA.2.32 OR BA.2.33 OR BA.2.34 OR BA.2.35 OR BA.2.36 OR BA.2.37 OR BA.2.38 OR BA.2.38.1 OR BA.2.38.2 OR BA.2.38.3 OR BA.2.38.4 OR BA.2.39 OR BA.2.40 OR BA.2.40.1 OR BA.2.41 OR BA.2.42 OR BA.2.43 OR BA.2.44 OR BA.2.45 OR BA.2.46 OR BA.2.47 OR BA.2.48 OR BA.2.49 OR BA.2.50 OR BA.2.51 OR BA.2.52 OR BA.2.53 OR BA.2.54 OR BA.2.55 OR BA.2.56 OR BA.2.56.1 OR BA.2.57 OR BA.2.58 OR BA.2.59 OR BA.2.60 OR BA.2.61 OR BA.2.62 OR BA.2.63 OR BA.2.64 OR BA.2.65 OR BA.2.66 OR BA.2.67 OR BA.2.68 OR BA.2.69 OR BA.2.70 OR BA.2.71 OR BA.2.72 OR BA.2.73 OR BA.2.74 OR BA.2.75 OR BA.2.75.1 OR BA.2.75.2 OR BA.2.75.3 OR BA.2.75.4 OR BA.2.75.5 OR BA.2.75.6 OR BA.2.75.7 OR BA.2.75.8 OR BA.2.75.9 OR BA.2.75.10 OR BA.2.76 OR BA.2.76.1 OR BA.2.76.2 OR BA.2.77 OR BA.2.78 OR BA.2.79 OR BA.2.79.1 OR BA.2.80 OR BA.2.81 OR BA.2.82 OR BA.2.83 OR BA.2.85 OR BA.3 OR BA.3.1 OR BA.4 OR BA.4.1 OR BA.4.1.1 OR BA.4.1.2 OR BA.4.1.3 OR BA.4.1.4 OR BA.4.1.5 OR BA.4.1.6 OR BA.4.1.7 OR BA.4.1.8 OR BA.4.1.9 OR BA.4.1.10 OR BA.4.2 OR BA.4.3 OR BA.4.4 OR BA.4.5 OR BA.4.6 OR BA.4.6.1 OR BA.4.6.2 OR BA.4.6.3 OR BA.4.6.4 OR BA.4.6.5 OR BA.4.7 OR BA.4.8 OR BA.5 OR BA.5.1 OR BA.5.1.1 OR BA.5.1.2 OR BA.5.1.3 OR BA.5.1.4 OR BA.5.1.5 OR BA.5.1.6 OR BA.5.1.7 OR BA.5.1.8 OR BA.5.1.9 OR BA.5.1.10 OR BA.5.1.11 OR BA.5.1.12 OR BA.5.1.14 OR BA.5.1.15 OR BA.5.1.16 OR BA.5.1.17 OR BA.5.1.18 OR BA.5.1.19 OR BA.5.1.20 OR BA.5.1.21 OR BA.5.1.22 OR BA.5.1.23 OR BA.5.1.24 OR BA.5.1.25 OR BA.5.1.26 OR BA.5.1.27 OR BA.5.1.28 OR BA.5.1.29 OR BA.5.1.30 OR BA.5.1.31 OR BA.5.1.32 OR BA.5.2 OR BA.5.2.1 OR BA.5.2.2 OR BA.5.2.3 OR BA.5.2.4 OR BA.5.2.5 OR BA.5.2.6 OR BA.5.2.7 OR BA.5.2.8 OR BA.5.2.9 OR BA.5.2.10 OR BA.5.2.11 OR BA.5.2.12 OR BA.5.2.13 OR BA.5.2.14 OR BA.5.2.16 OR BA.5.2.18 OR BA.5.2.19 OR BA.5.2.20 OR BA.5.2.21 OR BA.5.2.22 OR BA.5.2.23 OR BA.5.2.24 OR BA.5.2.25 OR BA.5.2.26 OR BA.5.2.27 OR BA.5.2.28 OR BA.5.2.29 OR BA.5.2.30 OR BA.5.2.31 OR BA.5.2.32 OR BA.5.2.33 OR BA.5.2.34 OR BA.5.2.35 OR BA.5.2.36 OR BA.5.2.37 OR BA.5.2.38 OR BA.5.2.39 OR BA.5.2.40 OR BA.5.2.41 OR BA.5.2.42 OR BA.5.2.43 OR BA.5.2.44 OR BA.5.2.45 OR BA.5.2.46 OR BA.5.2.47 OR BA.5.2.48 OR BA.5.2.49 OR BA.5.3 OR BA.5.3.1 OR BA.5.3.2 OR BA.5.3.3 OR BA.5.3.4 OR BA.5.3.5 OR BA.5.5 OR BA.5.5.1 OR BA.5.5.2 OR BA.5.5.3 OR BA.5.6 OR BA.5.6.1 OR BA.5.6.2 OR BA.5.6.3 OR BA.5.6.4 OR BA.5.7 OR BA.5.8 OR BA.5.9 OR BA.5.10 OR BA.5.10.1 OR BA.5.11 OR BC.1 OR BC.2 OR BD.1 OR BE.1 OR BE.1.1 OR BE.1.1.1 OR BE.1.1.2 OR BE.1.2 OR BE.1.2.1 OR BE.1.3 OR BE.1.4 OR BE.1.4.1 OR BE.1.4.2 OR BE.1.4.3 OR BE.1.4.4 OR BE.2 OR BE.3 OR BE.4 OR BE.4.1 OR BE.4.1.1 OR BE.4.2 OR BE.5 OR BE.6 OR BE.7 OR BE.8 OR BE.9 OR BE.10 OR BF.1 OR BF.1.1 OR BF.2 OR BF.3 OR BF.3.1 OR BF.4 OR BF.5 OR BF.5.1 OR BF.5.2 OR BF.6 OR BF.7 OR BF.7.1 OR BF.7.2 OR BF.7.3 OR BF.7.4 OR BF.7.4.1 OR BF.7.4.2 OR BF.7.5 OR BF.7.5.1 OR BF.7.6 OR BF.7.7 OR BF.7.8 OR BF.7.9 OR BF.7.10 OR BF.7.11 OR BF.7.12 OR BF.7.13 OR BF.7.13.1 OR BF.7.13.2 OR BF.7.14 OR BF.7.15 OR BF.8 OR BF.9 OR BF.10 OR BF.10.1 OR BF.11 OR BF.11.1 OR BF.11.2 OR BF.11.3 OR BF.11.4 OR BF.11.5 OR BF.12 OR BF.13 OR BF.14 OR BF.15 OR BF.16 OR BF.17 OR BF.18 OR BF.19 OR BF.20 OR BF.21 OR BF.22 OR BF.23 OR BF.24 OR BF.25 OR BF.26 OR BF.27 OR BF.28 OR BF.29 OR BF.30 OR BF.31 OR BF.31.1 OR BF.32 OR BF.33 OR BF.34 OR BG.1 OR BG.2 OR BG.3 OR BG.4 OR BG.5 OR BG.6 OR BG.7 OR BH.1 OR BJ.1 OR BK.1 OR BL.1 OR BL.1.1 OR BL.1.2 OR BL.1.3 OR BL.1.4 OR BL.2 OR BL.2.1 OR BL.3 OR BL.4 OR BL.5 OR BL.6 OR BM.1 OR BM.1.1 OR BM.1.1.1 OR BM.1.1.2 OR BM.1.1.3 OR BM.1.1.4 OR BM.1.1.5 OR BM.2 OR BM.2.1 OR BM.2.2 OR BM.2.3 OR BM.3 OR BM.4 OR BM.4.1 OR BM.4.1.1 OR BM.5 OR BM.6 OR BN.1 OR BN.1.1 OR BN.1.1.1 OR BN.1.2 OR BN.1.2.1 OR BN.1.3 OR BN.1.3.1 OR BN.1.3.2 OR BN.1.3.3 OR BN.1.3.4 OR BN.1.4 OR BN.1.4.1 OR BN.1.5 OR BN.1.5.1 OR BN.1.6 OR BN.1.7 OR BN.1.8 OR BN.1.9 OR BN.2 OR BN.2.1 OR BN.3 OR BN.3.1 OR BN.4 OR BN.5 OR BN.6 OR BP.1 OR BQ.1 OR BQ.1.1 OR BQ.1.1.1 OR BQ.1.1.2 OR BQ.1.1.3 OR BQ.1.1.4 OR BQ.1.1.5 OR BQ.1.1.6 OR BQ.1.1.7 OR BQ.1.1.8 OR BQ.1.1.9 OR BQ.1.1.10 OR BQ.1.1.11 OR BQ.1.1.12 OR BQ.1.1.13 OR BQ.1.1.14 OR BQ.1.1.15 OR BQ.1.1.16 OR BQ.1.1.17 OR BQ.1.1.18 OR BQ.1.1.19 OR BQ.1.1.20 OR BQ.1.1.21 OR BQ.1.1.22 OR BQ.1.1.23 OR BQ.1.1.24 OR BQ.1.1.25 OR BQ.1.1.26 OR BQ.1.1.27 OR BQ.1.1.28 OR BQ.1.1.29 OR BQ.1.1.30 OR BQ.1.1.31 OR BQ.1.1.32 OR BQ.1.1.34 OR BQ.1.1.35 OR BQ.1.1.36 OR BQ.1.2 OR BQ.1.3 OR BQ.1.4 OR BQ.1.5 OR BQ.1.6 OR BQ.1.7 OR BQ.1.8 OR BQ.1.8.1 OR BQ.1.8.2 OR BQ.1.9 OR BQ.1.10 OR BQ.1.10.1 OR BQ.1.11 OR BQ.1.12 OR BQ.1.13 OR BQ.1.13.1 OR BQ.1.14 OR BQ.1.15 OR BQ.1.16 OR BQ.1.17 OR BQ.1.18 OR BQ.1.19 OR BQ.1.20 OR BQ.1.21 OR BQ.1.22 OR BQ.1.23 OR BQ.1.24 OR BQ.1.25 OR BQ.1.25.1 OR BQ.1.26 OR BQ.1.26.1 OR BQ.1.27 OR BQ.1.28 OR BQ.2 OR BR.1 OR BR.1.1 OR BR.1.2 OR BR.2 OR BR.2.1 OR BR.3 OR BR.4 OR BS.1 OR BS.1.1 OR BS.1.2 OR BT.1 OR BT.2 OR BU.1 OR BU.2 OR BU.3 OR BV.1 OR BV.2 OR BW.1 OR BW.1.1 OR BY.1 OR BY.1.1 OR BY.1.1.1 OR BY.1.2 OR BY.1.2.1 OR BZ.1 OR CA.1 OR CA.2 OR CA.3 OR CA.3.1 OR CA.4 OR CA.5 OR CA.6 OR CA.7 OR CB.1 OR CC.1 OR CD.1 OR CD.2 OR CE.1 OR CF.1 OR CG.1 OR CH.1 OR CH.1.1 OR CH.1.1.1 OR CH.1.1.2 OR CH.1.1.3 OR CH.1.1.4 OR CH.1.1.5 OR CH.2 OR CH.3 OR CH.3.1 OR CJ.1 OR CJ.1.1 OR CK.1 OR CK.1.1 OR CK.1.2 OR CK.2 OR CK.2.1 OR CK.2.1.1 OR CK.3 OR CL.1 OR CM.1 OR CM.2 OR CM.2.1 OR CM.3 OR CM.4 OR CM.4.1 OR CM.5 OR CM.5.1 OR CM.5.2 OR CM.6 OR CM.6.1 OR CM.7 OR CM.8 OR CM.8.1 OR CM.9 OR CM.10 OR CM.11 OR CM.12 OR CN.1 OR CN.2 OR CP.1 OR CP.1.1 OR CP.1.2 OR CP.1.3 OR CP.2 OR CP.3 OR CP.4 OR CP.5 OR CP.6 OR CQ.1 OR CQ.1.1 OR CQ.2 OR CR.1 OR CR.1.1 OR CR.1.2 OR CR.1.3 OR CR.2 OR CS.1 OR CT.1 OR CU.1 OR CV.1 OR CV.2 OR CW.1 OR CY.1 OR CZ.1 OR DA.1 OR DB.1 OR DB.2 OR DC.1 OR DD.1 OR DE.1 OR DE.2 OR DF.1 OR DF.1.1 OR DG.1 OR DH.1 OR DJ.1 OR DJ.1.1 OR DJ.1.2 OR DJ.1.3 OR DK.1 OR DL.1 OR DM.1 OR DN.1 OR DN.1.1 OR DP.1 OR DQ.1 OR DR.1 OR DS.1 OR DT.1 OR DU.1 OR DV.1,Omicron,10.3571428571429,9.07142857142857,0.875862068965517
2022-08-01,7,5,8.57142857142857,7.14285714285714,0.833333333333333,0.456175566880653,0.950698077023406,B.1.1.529 OR BA.1 OR BA.1.1 OR BA.1.1.1 OR BA.1.1.2 OR BA.1.1.3 OR BA.1.1.4 OR BA.1.1.5 OR BA.1.1.6 OR BA.1.1.7 OR BA.1.1.8 OR BA.1.1.9 OR BA.1.1.10 OR BA.1.1.11 OR BA.1.1.12 OR BA.1.1.13 OR BA.1.1.14 OR BA.1.1.15 OR BA.1.1.16 OR BA.1.1.17 OR BA.1.1.18 OR BA.1.2 OR BA.1.3 OR BA.1.4 OR BA.1.5 OR BA.1.6 OR BA.1.7 OR BA.1.8 OR BA.1.9 OR BA.1.10 OR BA.1.12 OR BA.1.13 OR BA.1.13.1 OR BA.1.14 OR BA.1.14.1 OR BA.1.14.2 OR BA.1.15 OR BA.1.15.1 OR BA.1.15.2 OR BA.1.15.3 OR BA.1.16 OR BA.1.16.1 OR BA.1.16.2 OR BA.1.17 OR BA.1.17.1 OR BA.1.17.2 OR BA.1.18 OR BA.1.19 OR BA.1.20 OR BA.1.21 OR BA.1.21.1 OR BA.1.22 OR BA.1.23 OR BA.1.24 OR BA.2 OR BA.2.1 OR BA.2.2 OR BA.2.2.1 OR BA.2.3 OR BA.2.3.1 OR BA.2.3.2 OR BA.2.3.4 OR BA.2.3.5 OR BA.2.3.6 OR BA.2.3.7 OR BA.2.3.8 OR BA.2.3.9 OR BA.2.3.10 OR BA.2.3.11 OR BA.2.3.12 OR BA.2.3.13 OR BA.2.3.14 OR BA.2.3.15 OR BA.2.3.16 OR BA.2.3.17 OR BA.2.3.18 OR BA.2.3.19 OR BA.2.3.20 OR BA.2.3.21 OR BA.2.3.22 OR BA.2.4 OR BA.2.5 OR BA.2.6 OR BA.2.7 OR BA.2.8 OR BA.2.9 OR BA.2.9.1 OR BA.2.9.2 OR BA.2.9.3 OR BA.2.9.4 OR BA.2.9.5 OR BA.2.9.6 OR BA.2.9.7 OR BA.2.10 OR BA.2.10.1 OR BA.2.10.2 OR BA.2.10.3 OR BA.2.10.4 OR BA.2.11 OR BA.2.12 OR BA.2.12.1 OR BA.2.12.2 OR BA.2.13 OR BA.2.13.1 OR BA.2.14 OR BA.2.15 OR BA.2.16 OR BA.2.17 OR BA.2.18 OR BA.2.19 OR BA.2.20 OR BA.2.21 OR BA.2.22 OR BA.2.23 OR BA.2.23.1 OR BA.2.24 OR BA.2.25 OR BA.2.25.1 OR BA.2.26 OR BA.2.27 OR BA.2.28 OR BA.2.29 OR BA.2.30 OR BA.2.31 OR BA.2.31.1 OR BA.2.32 OR BA.2.33 OR BA.2.34 OR BA.2.35 OR BA.2.36 OR BA.2.37 OR BA.2.38 OR BA.2.38.1 OR BA.2.38.2 OR BA.2.38.3 OR BA.2.38.4 OR BA.2.39 OR BA.2.40 OR BA.2.40.1 OR BA.2.41 OR BA.2.42 OR BA.2.43 OR BA.2.44 OR BA.2.45 OR BA.2.46 OR BA.2.47 OR BA.2.48 OR BA.2.49 OR BA.2.50 OR BA.2.51 OR BA.2.52 OR BA.2.53 OR BA.2.54 OR BA.2.55 OR BA.2.56 OR BA.2.56.1 OR BA.2.57 OR BA.2.58 OR BA.2.59 OR BA.2.60 OR BA.2.61 OR BA.2.62 OR BA.2.63 OR BA.2.64 OR BA.2.65 OR BA.2.66 OR BA.2.67 OR BA.2.68 OR BA.2.69 OR BA.2.70 OR BA.2.71 OR BA.2.72 OR BA.2.73 OR BA.2.74 OR BA.2.75 OR BA.2.75.1 OR BA.2.75.2 OR BA.2.75.3 OR BA.2.75.4 OR BA.2.75.5 OR BA.2.75.6 OR BA.2.75.7 OR BA.2.75.8 OR BA.2.75.9 OR BA.2.75.10 OR BA.2.76 OR BA.2.76.1 OR BA.2.76.2 OR BA.2.77 OR BA.2.78 OR BA.2.79 OR BA.2.79.1 OR BA.2.80 OR BA.2.81 OR BA.2.82 OR BA.2.83 OR BA.2.85 OR BA.3 OR BA.3.1 OR BA.4 OR BA.4.1 OR BA.4.1.1 OR BA.4.1.2 OR BA.4.1.3 OR BA.4.1.4 OR BA.4.1.5 OR BA.4.1.6 OR BA.4.1.7 OR BA.4.1.8 OR BA.4.1.9 OR BA.4.1.10 OR BA.4.2 OR BA.4.3 OR BA.4.4 OR BA.4.5 OR BA.4.6 OR BA.4.6.1 OR BA.4.6.2 OR BA.4.6.3 OR BA.4.6.4 OR BA.4.6.5 OR BA.4.7 OR BA.4.8 OR BA.5 OR BA.5.1 OR BA.5.1.1 OR BA.5.1.2 OR BA.5.1.3 OR BA.5.1.4 OR BA.5.1.5 OR BA.5.1.6 OR BA.5.1.7 OR BA.5.1.8 OR BA.5.1.9 OR BA.5.1.10 OR BA.5.1.11 OR BA.5.1.12 OR BA.5.1.14 OR BA.5.1.15 OR BA.5.1.16 OR BA.5.1.17 OR BA.5.1.18 OR BA.5.1.19 OR BA.5.1.20 OR BA.5.1.21 OR BA.5.1.22 OR BA.5.1.23 OR BA.5.1.24 OR BA.5.1.25 OR BA.5.1.26 OR BA.5.1.27 OR BA.5.1.28 OR BA.5.1.29 OR BA.5.1.30 OR BA.5.1.31 OR BA.5.1.32 OR BA.5.2 OR BA.5.2.1 OR BA.5.2.2 OR BA.5.2.3 OR BA.5.2.4 OR BA.5.2.5 OR BA.5.2.6 OR BA.5.2.7 OR BA.5.2.8 OR BA.5.2.9 OR BA.5.2.10 OR BA.5.2.11 OR BA.5.2.12 OR BA.5.2.13 OR BA.5.2.14 OR BA.5.2.16 OR BA.5.2.18 OR BA.5.2.19 OR BA.5.2.20 OR BA.5.2.21 OR BA.5.2.22 OR BA.5.2.23 OR BA.5.2.24 OR BA.5.2.25 OR BA.5.2.26 OR BA.5.2.27 OR BA.5.2.28 OR BA.5.2.29 OR BA.5.2.30 OR BA.5.2.31 OR BA.5.2.32 OR BA.5.2.33 OR BA.5.2.34 OR BA.5.2.35 OR BA.5.2.36 OR BA.5.2.37 OR BA.5.2.38 OR BA.5.2.39 OR BA.5.2.40 OR BA.5.2.41 OR BA.5.2.42 OR BA.5.2.43 OR BA.5.2.44 OR BA.5.2.45 OR BA.5.2.46 OR BA.5.2.47 OR BA.5.2.48 OR BA.5.2.49 OR BA.5.3 OR BA.5.3.1 OR BA.5.3.2 OR BA.5.3.3 OR BA.5.3.4 OR BA.5.3.5 OR BA.5.5 OR BA.5.5.1 OR BA.5.5.2 OR BA.5.5.3 OR BA.5.6 OR BA.5.6.1 OR BA.5.6.2 OR BA.5.6.3 OR BA.5.6.4 OR BA.5.7 OR BA.5.8 OR BA.5.9 OR BA.5.10 OR BA.5.10.1 OR BA.5.11 OR BC.1 OR BC.2 OR BD.1 OR BE.1 OR BE.1.1 OR BE.1.1.1 OR BE.1.1.2 OR BE.1.2 OR BE.1.2.1 OR BE.1.3 OR BE.1.4 OR BE.1.4.1 OR BE.1.4.2 OR BE.1.4.3 OR BE.1.4.4 OR BE.2 OR BE.3 OR BE.4 OR BE.4.1 OR BE.4.1.1 OR BE.4.2 OR BE.5 OR BE.6 OR BE.7 OR BE.8 OR BE.9 OR BE.10 OR BF.1 OR BF.1.1 OR BF.2 OR BF.3 OR BF.3.1 OR BF.4 OR BF.5 OR BF.5.1 OR BF.5.2 OR BF.6 OR BF.7 OR BF.7.1 OR BF.7.2 OR BF.7.3 OR BF.7.4 OR BF.7.4.1 OR BF.7.4.2 OR BF.7.5 OR BF.7.5.1 OR BF.7.6 OR BF.7.7 OR BF.7.8 OR BF.7.9 OR BF.7.10 OR BF.7.11 OR BF.7.12 OR BF.7.13 OR BF.7.13.1 OR BF.7.13.2 OR BF.7.14 OR BF.7.15 OR BF.8 OR BF.9 OR BF.10 OR BF.10.1 OR BF.11 OR BF.11.1 OR BF.11.2 OR BF.11.3 OR BF.11.4 OR BF.11.5 OR BF.12 OR BF.13 OR BF.14 OR BF.15 OR BF.16 OR BF.17 OR BF.18 OR BF.19 OR BF.20 OR BF.21 OR BF.22 OR BF.23 OR BF.24 OR BF.25 OR BF.26 OR BF.27 OR BF.28 OR BF.29 OR BF.30 OR BF.31 OR BF.31.1 OR BF.32 OR BF.33 OR BF.34 OR BG.1 OR BG.2 OR BG.3 OR BG.4 OR BG.5 OR BG.6 OR BG.7 OR BH.1 OR BJ.1 OR BK.1 OR BL.1 OR BL.1.1 OR BL.1.2 OR BL.1.3 OR BL.1.4 OR BL.2 OR BL.2.1 OR BL.3 OR BL.4 OR BL.5 OR BL.6 OR BM.1 OR BM.1.1 OR BM.1.1.1 OR BM.1.1.2 OR BM.1.1.3 OR BM.1.1.4 OR BM.1.1.5 OR BM.2 OR BM.2.1 OR BM.2.2 OR BM.2.3 OR BM.3 OR BM.4 OR BM.4.1 OR BM.4.1.1 OR BM.5 OR BM.6 OR BN.1 OR BN.1.1 OR BN.1.1.1 OR BN.1.2 OR BN.1.2.1 OR BN.1.3 OR BN.1.3.1 OR BN.1.3.2 OR BN.1.3.3 OR BN.1.3.4 OR BN.1.4 OR BN.1.4.1 OR BN.1.5 OR BN.1.5.1 OR BN.1.6 OR BN.1.7 OR BN.1.8 OR BN.1.9 OR BN.2 OR BN.2.1 OR BN.3 OR BN.3.1 OR BN.4 OR BN.5 OR BN.6 OR BP.1 OR BQ.1 OR BQ.1.1 OR BQ.1.1.1 OR BQ.1.1.2 OR BQ.1.1.3 OR BQ.1.1.4 OR BQ.1.1.5 OR BQ.1.1.6 OR BQ.1.1.7 OR BQ.1.1.8 OR BQ.1.1.9 OR BQ.1.1.10 OR BQ.1.1.11 OR BQ.1.1.12 OR BQ.1.1.13 OR BQ.1.1.14 OR BQ.1.1.15 OR BQ.1.1.16 OR BQ.1.1.17 OR BQ.1.1.18 OR BQ.1.1.19 OR BQ.1.1.20 OR BQ.1.1.21 OR BQ.1.1.22 OR BQ.1.1.23 OR BQ.1.1.24 OR BQ.1.1.25 OR BQ.1.1.26 OR BQ.1.1.27 OR BQ.1.1.28 OR BQ.1.1.29 OR BQ.1.1.30 OR BQ.1.1.31 OR BQ.1.1.32 OR BQ.1.1.34 OR BQ.1.1.35 OR BQ.1.1.36 OR BQ.1.2 OR BQ.1.3 OR BQ.1.4 OR BQ.1.5 OR BQ.1.6 OR BQ.1.7 OR BQ.1.8 OR BQ.1.8.1 OR BQ.1.8.2 OR BQ.1.9 OR BQ.1.10 OR BQ.1.10.1 OR BQ.1.11 OR BQ.1.12 OR BQ.1.13 OR BQ.1.13.1 OR BQ.1.14 OR BQ.1.15 OR BQ.1.16 OR BQ.1.17 OR BQ.1.18 OR BQ.1.19 OR BQ.1.20 OR BQ.1.21 OR BQ.1.22 OR BQ.1.23 OR BQ.1.24 OR BQ.1.25 OR BQ.1.25.1 OR BQ.1.26 OR BQ.1.26.1 OR BQ.1.27 OR BQ.1.28 OR BQ.2 OR BR.1 OR BR.1.1 OR BR.1.2 OR BR.2 OR BR.2.1 OR BR.3 OR BR.4 OR BS.1 OR BS.1.1 OR BS.1.2 OR BT.1 OR BT.2 OR BU.1 OR BU.2 OR BU.3 OR BV.1 OR BV.2 OR BW.1 OR BW.1.1 OR BY.1 OR BY.1.1 OR BY.1.1.1 OR BY.1.2 OR BY.1.2.1 OR BZ.1 OR CA.1 OR CA.2 OR CA.3 OR CA.3.1 OR CA.4 OR CA.5 OR CA.6 OR CA.7 OR CB.1 OR CC.1 OR CD.1 OR CD.2 OR CE.1 OR CF.1 OR CG.1 OR CH.1 OR CH.1.1 OR CH.1.1.1 OR CH.1.1.2 OR CH.1.1.3 OR CH.1.1.4 OR CH.1.1.5 OR CH.2 OR CH.3 OR CH.3.1 OR CJ.1 OR CJ.1.1 OR CK.1 OR CK.1.1 OR CK.1.2 OR CK.2 OR CK.2.1 OR CK.2.1.1 OR CK.3 OR CL.1 OR CM.1 OR CM.2 OR CM.2.1 OR CM.3 OR CM.4 OR CM.4.1 OR CM.5 OR CM.5.1 OR CM.5.2 OR CM.6 OR CM.6.1 OR CM.7 OR CM.8 OR CM.8.1 OR CM.9 OR CM.10 OR CM.11 OR CM.12 OR CN.1 OR CN.2 OR CP.1 OR CP.1.1 OR CP.1.2 OR CP.1.3 OR CP.2 OR CP.3 OR CP.4 OR CP.5 OR CP.6 OR CQ.1 OR CQ.1.1 OR CQ.2 OR CR.1 OR CR.1.1 OR CR.1.2 OR CR.1.3 OR CR.2 OR CS.1 OR CT.1 OR CU.1 OR CV.1 OR CV.2 OR CW.1 OR CY.1 OR CZ.1 OR DA.1 OR DB.1 OR DB.2 OR DC.1 OR DD.1 OR DE.1 OR DE.2 OR DF.1 OR DF.1.1 OR DG.1 OR DH.1 OR DJ.1 OR DJ.1.1 OR DJ.1.2 OR DJ.1.3 OR DK.1 OR DL.1 OR DM.1 OR DN.1 OR DN.1.1 OR DP.1 OR DQ.1 OR DR.1 OR DS.1 OR DT.1 OR DU.1 OR DV.1,Omicron,9.85714285714286,8.57142857142857,0.869565217391304
2022-08-02,6,5,7.42857142857143,6.28571428571429,0.846153846153846,0.499202538380922,0.984123475787253,B.1.1.529 OR BA.1 OR BA.1.1 OR BA.1.1.1 OR BA.1.1.2 OR BA.1.1.3 OR BA.1.1.4 OR BA.1.1.5 OR BA.1.1.6 OR BA.1.1.7 OR BA.1.1.8 OR BA.1.1.9 OR BA.1.1.10 OR BA.1.1.11 OR BA.1.1.12 OR BA.1.1.13 OR BA.1.1.14 OR BA.1.1.15 OR BA.1.1.16 OR BA.1.1.17 OR BA.1.1.18 OR BA.1.2 OR BA.1.3 OR BA.1.4 OR BA.1.5 OR BA.1.6 OR BA.1.7 OR BA.1.8 OR BA.1.9 OR BA.1.10 OR BA.1.12 OR BA.1.13 OR BA.1.13.1 OR BA.1.14 OR BA.1.14.1 OR BA.1.14.2 OR BA.1.15 OR BA.1.15.1 OR BA.1.15.2 OR BA.1.15.3 OR BA.1.16 OR BA.1.16.1 OR BA.1.16.2 OR BA.1.17 OR BA.1.17.1 OR BA.1.17.2 OR BA.1.18 OR BA.1.19 OR BA.1.20 OR BA.1.21 OR BA.1.21.1 OR BA.1.22 OR BA.1.23 OR BA.1.24 OR BA.2 OR BA.2.1 OR BA.2.2 OR BA.2.2.1 OR BA.2.3 OR BA.2.3.1 OR BA.2.3.2 OR BA.2.3.4 OR BA.2.3.5 OR BA.2.3.6 OR BA.2.3.7 OR BA.2.3.8 OR BA.2.3.9 OR BA.2.3.10 OR BA.2.3.11 OR BA.2.3.12 OR BA.2.3.13 OR BA.2.3.14 OR BA.2.3.15 OR BA.2.3.16 OR BA.2.3.17 OR BA.2.3.18 OR BA.2.3.19 OR BA.2.3.20 OR BA.2.3.21 OR BA.2.3.22 OR BA.2.4 OR BA.2.5 OR BA.2.6 OR BA.2.7 OR BA.2.8 OR BA.2.9 OR BA.2.9.1 OR BA.2.9.2 OR BA.2.9.3 OR BA.2.9.4 OR BA.2.9.5 OR BA.2.9.6 OR BA.2.9.7 OR BA.2.10 OR BA.2.10.1 OR BA.2.10.2 OR BA.2.10.3 OR BA.2.10.4 OR BA.2.11 OR BA.2.12 OR BA.2.12.1 OR BA.2.12.2 OR BA.2.13 OR BA.2.13.1 OR BA.2.14 OR BA.2.15 OR BA.2.16 OR BA.2.17 OR BA.2.18 OR BA.2.19 OR BA.2.20 OR BA.2.21 OR BA.2.22 OR BA.2.23 OR BA.2.23.1 OR BA.2.24 OR BA.2.25 OR BA.2.25.1 OR BA.2.26 OR BA.2.27 OR BA.2.28 OR BA.2.29 OR BA.2.30 OR BA.2.31 OR BA.2.31.1 OR BA.2.32 OR BA.2.33 OR BA.2.34 OR BA.2.35 OR BA.2.36 OR BA.2.37 OR BA.2.38 OR BA.2.38.1 OR BA.2.38.2 OR BA.2.38.3 OR BA.2.38.4 OR BA.2.39 OR BA.2.40 OR BA.2.40.1 OR BA.2.41 OR BA.2.42 OR BA.2.43 OR BA.2.44 OR BA.2.45 OR BA.2.46 OR BA.2.47 OR BA.2.48 OR BA.2.49 OR BA.2.50 OR BA.2.51 OR BA.2.52 OR BA.2.53 OR BA.2.54 OR BA.2.55 OR BA.2.56 OR BA.2.56.1 OR BA.2.57 OR BA.2.58 OR BA.2.59 OR BA.2.60 OR BA.2.61 OR BA.2.62 OR BA.2.63 OR BA.2.64 OR BA.2.65 OR BA.2.66 OR BA.2.67 OR BA.2.68 OR BA.2.69 OR BA.2.70 OR BA.2.71 OR BA.2.72 OR BA.2.73 OR BA.2.74 OR BA.2.75 OR BA.2.75.1 OR BA.2.75.2 OR BA.2.75.3 OR BA.2.75.4 OR BA.2.75.5 OR BA.2.75.6 OR BA.2.75.7 OR BA.2.75.8 OR BA.2.75.9 OR BA.2.75.10 OR BA.2.76 OR BA.2.76.1 OR BA.2.76.2 OR BA.2.77 OR BA.2.78 OR BA.2.79 OR BA.2.79.1 OR BA.2.80 OR BA.2.81 OR BA.2.82 OR BA.2.83 OR BA.2.85 OR BA.3 OR BA.3.1 OR BA.4 OR BA.4.1 OR BA.4.1.1 OR BA.4.1.2 OR BA.4.1.3 OR BA.4.1.4 OR BA.4.1.5 OR BA.4.1.6 OR BA.4.1.7 OR BA.4.1.8 OR BA.4.1.9 OR BA.4.1.10 OR BA.4.2 OR BA.4.3 OR BA.4.4 OR BA.4.5 OR BA.4.6 OR BA.4.6.1 OR BA.4.6.2 OR BA.4.6.3 OR BA.4.6.4 OR BA.4.6.5 OR BA.4.7 OR BA.4.8 OR BA.5 OR BA.5.1 OR BA.5.1.1 OR BA.5.1.2 OR BA.5.1.3 OR BA.5.1.4 OR BA.5.1.5 OR BA.5.1.6 OR BA.5.1.7 OR BA.5.1.8 OR BA.5.1.9 OR BA.5.1.10 OR BA.5.1.11 OR BA.5.1.12 OR BA.5.1.14 OR BA.5.1.15 OR BA.5.1.16 OR BA.5.1.17 OR BA.5.1.18 OR BA.5.1.19 OR BA.5.1.20 OR BA.5.1.21 OR BA.5.1.22 OR BA.5.1.23 OR BA.5.1.24 OR BA.5.1.25 OR BA.5.1.26 OR BA.5.1.27 OR BA.5.1.28 OR BA.5.1.29 OR BA.5.1.30 OR BA.5.1.31 OR BA.5.1.32 OR BA.5.2 OR BA.5.2.1 OR BA.5.2.2 OR BA.5.2.3 OR BA.5.2.4 OR BA.5.2.5 OR BA.5.2.6 OR BA.5.2.7 OR BA.5.2.8 OR BA.5.2.9 OR BA.5.2.10 OR BA.5.2.11 OR BA.5.2.12 OR BA.5.2.13 OR BA.5.2.14 OR BA.5.2.16 OR BA.5.2.18 OR BA.5.2.19 OR BA.5.2.20 OR BA.5.2.21 OR BA.5.2.22 OR BA.5.2.23 OR BA.5.2.24 OR BA.5.2.25 OR BA.5.2.26 OR BA.5.2.27 OR BA.5.2.28 OR BA.5.2.29 OR BA.5.2.30 OR BA.5.2.31 OR BA.5.2.32 OR BA.5.2.33 OR BA.5.2.34 OR BA.5.2.35 OR BA.5.2.36 OR BA.5.2.37 OR BA.5.2.38 OR BA.5.2.39 OR BA.5.2.40 OR BA.5.2.41 OR BA.5.2.42 OR BA.5.2.43 OR BA.5.2.44 OR BA.5.2.45 OR BA.5.2.46 OR BA.5.2.47 OR BA.5.2.48 OR BA.5.2.49 OR BA.5.3 OR BA.5.3.1 OR BA.5.3.2 OR BA.5.3.3 OR BA.5.3.4 OR BA.5.3.5 OR BA.5.5 OR BA.5.5.1 OR BA.5.5.2 OR BA.5.5.3 OR BA.5.6 OR BA.5.6.1 OR BA.5.6.2 OR BA.5.6.3 OR BA.5.6.4 OR BA.5.7 OR BA.5.8 OR BA.5.9 OR BA.5.10 OR BA.5.10.1 OR BA.5.11 OR BC.1 OR BC.2 OR BD.1 OR BE.1 OR BE.1.1 OR BE.1.1.1 OR BE.1.1.2 OR BE.1.2 OR BE.1.2.1 OR BE.1.3 OR BE.1.4 OR BE.1.4.1 OR BE.1.4.2 OR BE.1.4.3 OR BE.1.4.4 OR BE.2 OR BE.3 OR BE.4 OR BE.4.1 OR BE.4.1.1 OR BE.4.2 OR BE.5 OR BE.6 OR BE.7 OR BE.8 OR BE.9 OR BE.10 OR BF.1 OR BF.1.1 OR BF.2 OR BF.3 OR BF.3.1 OR BF.4 OR BF.5 OR BF.5.1 OR BF.5.2 OR BF.6 OR BF.7 OR BF.7.1 OR BF.7.2 OR BF.7.3 OR BF.7.4 OR BF.7.4.1 OR BF.7.4.2 OR BF.7.5 OR BF.7.5.1 OR BF.7.6 OR BF.7.7 OR BF.7.8 OR BF.7.9 OR BF.7.10 OR BF.7.11 OR BF.7.12 OR BF.7.13 OR BF.7.13.1 OR BF.7.13.2 OR BF.7.14 OR BF.7.15 OR BF.8 OR BF.9 OR BF.10 OR BF.10.1 OR BF.11 OR BF.11.1 OR BF.11.2 OR BF.11.3 OR BF.11.4 OR BF.11.5 OR BF.12 OR BF.13 OR BF.14 OR BF.15 OR BF.16 OR BF.17 OR BF.18 OR BF.19 OR BF.20 OR BF.21 OR BF.22 OR BF.23 OR BF.24 OR BF.25 OR BF.26 OR BF.27 OR BF.28 OR BF.29 OR BF.30 OR BF.31 OR BF.31.1 OR BF.32 OR BF.33 OR BF.34 OR BG.1 OR BG.2 OR BG.3 OR BG.4 OR BG.5 OR BG.6 OR BG.7 OR BH.1 OR BJ.1 OR BK.1 OR BL.1 OR BL.1.1 OR BL.1.2 OR BL.1.3 OR BL.1.4 OR BL.2 OR BL.2.1 OR BL.3 OR BL.4 OR BL.5 OR BL.6 OR BM.1 OR BM.1.1 OR BM.1.1.1 OR BM.1.1.2 OR BM.1.1.3 OR BM.1.1.4 OR BM.1.1.5 OR BM.2 OR BM.2.1 OR BM.2.2 OR BM.2.3 OR BM.3 OR BM.4 OR BM.4.1 OR BM.4.1.1 OR BM.5 OR BM.6 OR BN.1 OR BN.1.1 OR BN.1.1.1 OR BN.1.2 OR BN.1.2.1 OR BN.1.3 OR BN.1.3.1 OR BN.1.3.2 OR BN.1.3.3 OR BN.1.3.4 OR BN.1.4 OR BN.1.4.1 OR BN.1.5 OR BN.1.5.1 OR BN.1.6 OR BN.1.7 OR BN.1.8 OR BN.1.9 OR BN.2 OR BN.2.1 OR BN.3 OR BN.3.1 OR BN.4 OR BN.5 OR BN.6 OR BP.1 OR BQ.1 OR BQ.1.1 OR BQ.1.1.1 OR BQ.1.1.2 OR BQ.1.1.3 OR BQ.1.1.4 OR BQ.1.1.5 OR BQ.1.1.6 OR BQ.1.1.7 OR BQ.1.1.8 OR BQ.1.1.9 OR BQ.1.1.10 OR BQ.1.1.11 OR BQ.1.1.12 OR BQ.1.1.13 OR BQ.1.1.14 OR BQ.1.1.15 OR BQ.1.1.16 OR BQ.1.1.17 OR BQ.1.1.18 OR BQ.1.1.19 OR BQ.1.1.20 OR BQ.1.1.21 OR BQ.1.1.22 OR BQ.1.1.23 OR BQ.1.1.24 OR BQ.1.1.25 OR BQ.1.1.26 OR BQ.1.1.27 OR BQ.1.1.28 OR BQ.1.1.29 OR BQ.1.1.30 OR BQ.1.1.31 OR BQ.1.1.32 OR BQ.1.1.34 OR BQ.1.1.35 OR BQ.1.1.36 OR BQ.1.2 OR BQ.1.3 OR BQ.1.4 OR BQ.1.5 OR BQ.1.6 OR BQ.1.7 OR BQ.1.8 OR BQ.1.8.1 OR BQ.1.8.2 OR BQ.1.9 OR BQ.1.10 OR BQ.1.10.1 OR BQ.1.11 OR BQ.1.12 OR BQ.1.13 OR BQ.1.13.1 OR BQ.1.14 OR BQ.1.15 OR BQ.1.16 OR BQ.1.17 OR BQ.1.18 OR BQ.1.19 OR BQ.1.20 OR BQ.1.21 OR BQ.1.22 OR BQ.1.23 OR BQ.1.24 OR BQ.1.25 OR BQ.1.25.1 OR BQ.1.26 OR BQ.1.26.1 OR BQ.1.27 OR BQ.1.28 OR BQ.2 OR BR.1 OR BR.1.1 OR BR.1.2 OR BR.2 OR BR.2.1 OR BR.3 OR BR.4 OR BS.1 OR BS.1.1 OR BS.1.2 OR BT.1 OR BT.2 OR BU.1 OR BU.2 OR BU.3 OR BV.1 OR BV.2 OR BW.1 OR BW.1.1 OR BY.1 OR BY.1.1 OR BY.1.1.1 OR BY.1.2 OR BY.1.2.1 OR BZ.1 OR CA.1 OR CA.2 OR CA.3 OR CA.3.1 OR CA.4 OR CA.5 OR CA.6 OR CA.7 OR CB.1 OR CC.1 OR CD.1 OR CD.2 OR CE.1 OR CF.1 OR CG.1 OR CH.1 OR CH.1.1 OR CH.1.1.1 OR CH.1.1.2 OR CH.1.1.3 OR CH.1.1.4 OR CH.1.1.5 OR CH.2 OR CH.3 OR CH.3.1 OR CJ.1 OR CJ.1.1 OR CK.1 OR CK.1.1 OR CK.1.2 OR CK.2 OR CK.2.1 OR CK.2.1.1 OR CK.3 OR CL.1 OR CM.1 OR CM.2 OR CM.2.1 OR CM.3 OR CM.4 OR CM.4.1 OR CM.5 OR CM.5.1 OR CM.5.2 OR CM.6 OR CM.6.1 OR CM.7 OR CM.8 OR CM.8.1 OR CM.9 OR CM.10 OR CM.11 OR CM.12 OR CN.1 OR CN.2 OR CP.1 OR CP.1.1 OR CP.1.2 OR CP.1.3 OR CP.2 OR CP.3 OR CP.4 OR CP.5 OR CP.6 OR CQ.1 OR CQ.1.1 OR CQ.2 OR CR.1 OR CR.1.1 OR CR.1.2 OR CR.1.3 OR CR.2 OR CS.1 OR CT.1 OR CU.1 OR CV.1 OR CV.2 OR CW.1 OR CY.1 OR CZ.1 OR DA.1 OR DB.1 OR DB.2 OR DC.1 OR DD.1 OR DE.1 OR DE.2 OR DF.1 OR DF.1.1 OR DG.1 OR DH.1 OR DJ.1 OR DJ.1.1 OR DJ.1.2 OR DJ.1.3 OR DK.1 OR DL.1 OR DM.1 OR DN.1 OR DN.1.1 OR DP.1 OR DQ.1 OR DR.1 OR DS.1 OR DT.1 OR DU.1 OR DV.1,Omicron,9.57142857142857,8.35714285714286,0.873134328358209
2022-08-03,12,11,7.28571428571429,6,0.823529411764706,0.499202538380922,0.984123475787253,B.1.1.529 OR BA.1 OR BA.1.1 OR BA.1.1.1 OR BA.1.1.2 OR BA.1.1.3 OR BA.1.1.4 OR BA.1.1.5 OR BA.1.1.6 OR BA.1.1.7 OR BA.1.1.8 OR BA.1.1.9 OR BA.1.1.10 OR BA.1.1.11 OR BA.1.1.12 OR BA.1.1.13 OR BA.1.1.14 OR BA.1.1.15 OR BA.1.1.16 OR BA.1.1.17 OR BA.1.1.18 OR BA.1.2 OR BA.1.3 OR BA.1.4 OR BA.1.5 OR BA.1.6 OR BA.1.7 OR BA.1.8 OR BA.1.9 OR BA.1.10 OR BA.1.12 OR BA.1.13 OR BA.1.13.1 OR BA.1.14 OR BA.1.14.1 OR BA.1.14.2 OR BA.1.15 OR BA.1.15.1 OR BA.1.15.2 OR BA.1.15.3 OR BA.1.16 OR BA.1.16.1 OR BA.1.16.2 OR BA.1.17 OR BA.1.17.1 OR BA.1.17.2 OR BA.1.18 OR BA.1.19 OR BA.1.20 OR BA.1.21 OR BA.1.21.1 OR BA.1.22 OR BA.1.23 OR BA.1.24 OR BA.2 OR BA.2.1 OR BA.2.2 OR BA.2.2.1 OR BA.2.3 OR BA.2.3.1 OR BA.2.3.2 OR BA.2.3.4 OR BA.2.3.5 OR BA.2.3.6 OR BA.2.3.7 OR BA.2.3.8 OR BA.2.3.9 OR BA.2.3.10 OR BA.2.3.11 OR BA.2.3.12 OR BA.2.3.13 OR BA.2.3.14 OR BA.2.3.15 OR BA.2.3.16 OR BA.2.3.17 OR BA.2.3.18 OR BA.2.3.19 OR BA.2.3.20 OR BA.2.3.21 OR BA.2.3.22 OR BA.2.4 OR BA.2.5 OR BA.2.6 OR BA.2.7 OR BA.2.8 OR BA.2.9 OR BA.2.9.1 OR BA.2.9.2 OR BA.2.9.3 OR BA.2.9.4 OR BA.2.9.5 OR BA.2.9.6 OR BA.2.9.7 OR BA.2.10 OR BA.2.10.1 OR BA.2.10.2 OR BA.2.10.3 OR BA.2.10.4 OR BA.2.11 OR BA.2.12 OR BA.2.12.1 OR BA.2.12.2 OR BA.2.13 OR BA.2.13.1 OR BA.2.14 OR BA.2.15 OR BA.2.16 OR BA.2.17 OR BA.2.18 OR BA.2.19 OR BA.2.20 OR BA.2.21 OR BA.2.22 OR BA.2.23 OR BA.2.23.1 OR BA.2.24 OR BA.2.25 OR BA.2.25.1 OR BA.2.26 OR BA.2.27 OR BA.2.28 OR BA.2.29 OR BA.2.30 OR BA.2.31 OR BA.2.31.1 OR BA.2.32 OR BA.2.33 OR BA.2.34 OR BA.2.35 OR BA.2.36 OR BA.2.37 OR BA.2.38 OR BA.2.38.1 OR BA.2.38.2 OR BA.2.38.3 OR BA.2.38.4 OR BA.2.39 OR BA.2.40 OR BA.2.40.1 OR BA.2.41 OR BA.2.42 OR BA.2.43 OR BA.2.44 OR BA.2.45 OR BA.2.46 OR BA.2.47 OR BA.2.48 OR BA.2.49 OR BA.2.50 OR BA.2.51 OR BA.2.52 OR BA.2.53 OR BA.2.54 OR BA.2.55 OR BA.2.56 OR BA.2.56.1 OR BA.2.57 OR BA.2.58 OR BA.2.59 OR BA.2.60 OR BA.2.61 OR BA.2.62 OR BA.2.63 OR BA.2.64 OR BA.2.65 OR BA.2.66 OR BA.2.67 OR BA.2.68 OR BA.2.69 OR BA.2.70 OR BA.2.71 OR BA.2.72 OR BA.2.73 OR BA.2.74 OR BA.2.75 OR BA.2.75.1 OR BA.2.75.2 OR BA.2.75.3 OR BA.2.75.4 OR BA.2.75.5 OR BA.2.75.6 OR BA.2.75.7 OR BA.2.75.8 OR BA.2.75.9 OR BA.2.75.10 OR BA.2.76 OR BA.2.76.1 OR BA.2.76.2 OR BA.2.77 OR BA.2.78 OR BA.2.79 OR BA.2.79.1 OR BA.2.80 OR BA.2.81 OR BA.2.82 OR BA.2.83 OR BA.2.85 OR BA.3 OR BA.3.1 OR BA.4 OR BA.4.1 OR BA.4.1.1 OR BA.4.1.2 OR BA.4.1.3 OR BA.4.1.4 OR BA.4.1.5 OR BA.4.1.6 OR BA.4.1.7 OR BA.4.1.8 OR BA.4.1.9 OR BA.4.1.10 OR BA.4.2 OR BA.4.3 OR BA.4.4 OR BA.4.5 OR BA.4.6 OR BA.4.6.1 OR BA.4.6.2 OR BA.4.6.3 OR BA.4.6.4 OR BA.4.6.5 OR BA.4.7 OR BA.4.8 OR BA.5 OR BA.5.1 OR BA.5.1.1 OR BA.5.1.2 OR BA.5.1.3 OR BA.5.1.4 OR BA.5.1.5 OR BA.5.1.6 OR BA.5.1.7 OR BA.5.1.8 OR BA.5.1.9 OR BA.5.1.10 OR BA.5.1.11 OR BA.5.1.12 OR BA.5.1.14 OR BA.5.1.15 OR BA.5.1.16 OR BA.5.1.17 OR BA.5.1.18 OR BA.5.1.19 OR BA.5.1.20 OR BA.5.1.21 OR BA.5.1.22 OR BA.5.1.23 OR BA.5.1.24 OR BA.5.1.25 OR BA.5.1.26 OR BA.5.1.27 OR BA.5.1.28 OR BA.5.1.29 OR BA.5.1.30 OR BA.5.1.31 OR BA.5.1.32 OR BA.5.2 OR BA.5.2.1 OR BA.5.2.2 OR BA.5.2.3 OR BA.5.2.4 OR BA.5.2.5 OR BA.5.2.6 OR BA.5.2.7 OR BA.5.2.8 OR BA.5.2.9 OR BA.5.2.10 OR BA.5.2.11 OR BA.5.2.12 OR BA.5.2.13 OR BA.5.2.14 OR BA.5.2.16 OR BA.5.2.18 OR BA.5.2.19 OR BA.5.2.20 OR BA.5.2.21 OR BA.5.2.22 OR BA.5.2.23 OR BA.5.2.24 OR BA.5.2.25 OR BA.5.2.26 OR BA.5.2.27 OR BA.5.2.28 OR BA.5.2.29 OR BA.5.2.30 OR BA.5.2.31 OR BA.5.2.32 OR BA.5.2.33 OR BA.5.2.34 OR BA.5.2.35 OR BA.5.2.36 OR BA.5.2.37 OR BA.5.2.38 OR BA.5.2.39 OR BA.5.2.40 OR BA.5.2.41 OR BA.5.2.42 OR BA.5.2.43 OR BA.5.2.44 OR BA.5.2.45 OR BA.5.2.46 OR BA.5.2.47 OR BA.5.2.48 OR BA.5.2.49 OR BA.5.3 OR BA.5.3.1 OR BA.5.3.2 OR BA.5.3.3 OR BA.5.3.4 OR BA.5.3.5 OR BA.5.5 OR BA.5.5.1 OR BA.5.5.2 OR BA.5.5.3 OR BA.5.6 OR BA.5.6.1 OR BA.5.6.2 OR BA.5.6.3 OR BA.5.6.4 OR BA.5.7 OR BA.5.8 OR BA.5.9 OR BA.5.10 OR BA.5.10.1 OR BA.5.11 OR BC.1 OR BC.2 OR BD.1 OR BE.1 OR BE.1.1 OR BE.1.1.1 OR BE.1.1.2 OR BE.1.2 OR BE.1.2.1 OR BE.1.3 OR BE.1.4 OR BE.1.4.1 OR BE.1.4.2 OR BE.1.4.3 OR BE.1.4.4 OR BE.2 OR BE.3 OR BE.4 OR BE.4.1 OR BE.4.1.1 OR BE.4.2 OR BE.5 OR BE.6 OR BE.7 OR BE.8 OR BE.9 OR BE.10 OR BF.1 OR BF.1.1 OR BF.2 OR BF.3 OR BF.3.1 OR BF.4 OR BF.5 OR BF.5.1 OR BF.5.2 OR BF.6 OR BF.7 OR BF.7.1 OR BF.7.2 OR BF.7.3 OR BF.7.4 OR BF.7.4.1 OR BF.7.4.2 OR BF.7.5 OR BF.7.5.1 OR BF.7.6 OR BF.7.7 OR BF.7.8 OR BF.7.9 OR BF.7.10 OR BF.7.11 OR BF.7.12 OR BF.7.13 OR BF.7.13.1 OR BF.7.13.2 OR BF.7.14 OR BF.7.15 OR BF.8 OR BF.9 OR BF.10 OR BF.10.1 OR BF.11 OR BF.11.1 OR BF.11.2 OR BF.11.3 OR BF.11.4 OR BF.11.5 OR BF.12 OR BF.13 OR BF.14 OR BF.15 OR BF.16 OR BF.17 OR BF.18 OR BF.19 OR BF.20 OR BF.21 OR BF.22 OR BF.23 OR BF.24 OR BF.25 OR BF.26 OR BF.27 OR BF.28 OR BF.29 OR BF.30 OR BF.31 OR BF.31.1 OR BF.32 OR BF.33 OR BF.34 OR BG.1 OR BG.2 OR BG.3 OR BG.4 OR BG.5 OR BG.6 OR BG.7 OR BH.1 OR BJ.1 OR BK.1 OR BL.1 OR BL.1.1 OR BL.1.2 OR BL.1.3 OR BL.1.4 OR BL.2 OR BL.2.1 OR BL.3 OR BL.4 OR BL.5 OR BL.6 OR BM.1 OR BM.1.1 OR BM.1.1.1 OR BM.1.1.2 OR BM.1.1.3 OR BM.1.1.4 OR BM.1.1.5 OR BM.2 OR BM.2.1 OR BM.2.2 OR BM.2.3 OR BM.3 OR BM.4 OR BM.4.1 OR BM.4.1.1 OR BM.5 OR BM.6 OR BN.1 OR BN.1.1 OR BN.1.1.1 OR BN.1.2 OR BN.1.2.1 OR BN.1.3 OR BN.1.3.1 OR BN.1.3.2 OR BN.1.3.3 OR BN.1.3.4 OR BN.1.4 OR BN.1.4.1 OR BN.1.5 OR BN.1.5.1 OR BN.1.6 OR BN.1.7 OR BN.1.8 OR BN.1.9 OR BN.2 OR BN.2.1 OR BN.3 OR BN.3.1 OR BN.4 OR BN.5 OR BN.6 OR BP.1 OR BQ.1 OR BQ.1.1 OR BQ.1.1.1 OR BQ.1.1.2 OR BQ.1.1.3 OR BQ.1.1.4 OR BQ.1.1.5 OR BQ.1.1.6 OR BQ.1.1.7 OR BQ.1.1.8 OR BQ.1.1.9 OR BQ.1.1.10 OR BQ.1.1.11 OR BQ.1.1.12 OR BQ.1.1.13 OR BQ.1.1.14 OR BQ.1.1.15 OR BQ.1.1.16 OR BQ.1.1.17 OR BQ.1.1.18 OR BQ.1.1.19 OR BQ.1.1.20 OR BQ.1.1.21 OR BQ.1.1.22 OR BQ.1.1.23 OR BQ.1.1.24 OR BQ.1.1.25 OR BQ.1.1.26 OR BQ.1.1.27 OR BQ.1.1.28 OR BQ.1.1.29 OR BQ.1.1.30 OR BQ.1.1.31 OR BQ.1.1.32 OR BQ.1.1.34 OR BQ.1.1.35 OR BQ.1.1.36 OR BQ.1.2 OR BQ.1.3 OR BQ.1.4 OR BQ.1.5 OR BQ.1.6 OR BQ.1.7 OR BQ.1.8 OR BQ.1.8.1 OR BQ.1.8.2 OR BQ.1.9 OR BQ.1.10 OR BQ.1.10.1 OR BQ.1.11 OR BQ.1.12 OR BQ.1.13 OR BQ.1.13.1 OR BQ.1.14 OR BQ.1.15 OR BQ.1.16 OR BQ.1.17 OR BQ.1.18 OR BQ.1.19 OR BQ.1.20 OR BQ.1.21 OR BQ.1.22 OR BQ.1.23 OR BQ.1.24 OR BQ.1.25 OR BQ.1.25.1 OR BQ.1.26 OR BQ.1.26.1 OR BQ.1.27 OR BQ.1.28 OR BQ.2 OR BR.1 OR BR.1.1 OR BR.1.2 OR BR.2 OR BR.2.1 OR BR.3 OR BR.4 OR BS.1 OR BS.1.1 OR BS.1.2 OR BT.1 OR BT.2 OR BU.1 OR BU.2 OR BU.3 OR BV.1 OR BV.2 OR BW.1 OR BW.1.1 OR BY.1 OR BY.1.1 OR BY.1.1.1 OR BY.1.2 OR BY.1.2.1 OR BZ.1 OR CA.1 OR CA.2 OR CA.3 OR CA.3.1 OR CA.4 OR CA.5 OR CA.6 OR CA.7 OR CB.1 OR CC.1 OR CD.1 OR CD.2 OR CE.1 OR CF.1 OR CG.1 OR CH.1 OR CH.1.1 OR CH.1.1.1 OR CH.1.1.2 OR CH.1.1.3 OR CH.1.1.4 OR CH.1.1.5 OR CH.2 OR CH.3 OR CH.3.1 OR CJ.1 OR CJ.1.1 OR CK.1 OR CK.1.1 OR CK.1.2 OR CK.2 OR CK.2.1 OR CK.2.1.1 OR CK.3 OR CL.1 OR CM.1 OR CM.2 OR CM.2.1 OR CM.3 OR CM.4 OR CM.4.1 OR CM.5 OR CM.5.1 OR CM.5.2 OR CM.6 OR CM.6.1 OR CM.7 OR CM.8 OR CM.8.1 OR CM.9 OR CM.10 OR CM.11 OR CM.12 OR CN.1 OR CN.2 OR CP.1 OR CP.1.1 OR CP.1.2 OR CP.1.3 OR CP.2 OR CP.3 OR CP.4 OR CP.5 OR CP.6 OR CQ.1 OR CQ.1.1 OR CQ.2 OR CR.1 OR CR.1.1 OR CR.1.2 OR CR.1.3 OR CR.2 OR CS.1 OR CT.1 OR CU.1 OR CV.1 OR CV.2 OR CW.1 OR CY.1 OR CZ.1 OR DA.1 OR DB.1 OR DB.2 OR DC.1 OR DD.1 OR DE.1 OR DE.2 OR DF.1 OR DF.1.1 OR DG.1 OR DH.1 OR DJ.1 OR DJ.1.1 OR DJ.1.2 OR DJ.1.3 OR DK.1 OR DL.1 OR DM.1 OR DN.1 OR DN.1.1 OR DP.1 OR DQ.1 OR DR.1 OR DS.1 OR DT.1 OR DU.1 OR DV.1,Omicron,9.57142857142857,8.28571428571429,0.865671641791045
2022-08-04,10,8,7.57142857142857,6.14285714285714,0.811320754716981,0.408376489426663,0.944033110275341,B.1.1.529 OR BA.1 OR BA.1.1 OR BA.1.1.1 OR BA.1.1.2 OR BA.1.1.3 OR BA.1.1.4 OR BA.1.1.5 OR BA.1.1.6 OR BA.1.1.7 OR BA.1.1.8 OR BA.1.1.9 OR BA.1.1.10 OR BA.1.1.11 OR BA.1.1.12 OR BA.1.1.13 OR BA.1.1.14 OR BA.1.1.15 OR BA.1.1.16 OR BA.1.1.17 OR BA.1.1.18 OR BA.1.2 OR BA.1.3 OR BA.1.4 OR BA.1.5 OR BA.1.6 OR BA.1.7 OR BA.1.8 OR BA.1.9 OR BA.1.10 OR BA.1.12 OR BA.1.13 OR BA.1.13.1 OR BA.1.14 OR BA.1.14.1 OR BA.1.14.2 OR BA.1.15 OR BA.1.15.1 OR BA.1.15.2 OR BA.1.15.3 OR BA.1.16 OR BA.1.16.1 OR BA.1.16.2 OR BA.1.17 OR BA.1.17.1 OR BA.1.17.2 OR BA.1.18 OR BA.1.19 OR BA.1.20 OR BA.1.21 OR BA.1.21.1 OR BA.1.22 OR BA.1.23 OR BA.1.24 OR BA.2 OR BA.2.1 OR BA.2.2 OR BA.2.2.1 OR BA.2.3 OR BA.2.3.1 OR BA.2.3.2 OR BA.2.3.4 OR BA.2.3.5 OR BA.2.3.6 OR BA.2.3.7 OR BA.2.3.8 OR BA.2.3.9 OR BA.2.3.10 OR BA.2.3.11 OR BA.2.3.12 OR BA.2.3.13 OR BA.2.3.14 OR BA.2.3.15 OR BA.2.3.16 OR BA.2.3.17 OR BA.2.3.18 OR BA.2.3.19 OR BA.2.3.20 OR BA.2.3.21 OR BA.2.3.22 OR BA.2.4 OR BA.2.5 OR BA.2.6 OR BA.2.7 OR BA.2.8 OR BA.2.9 OR BA.2.9.1 OR BA.2.9.2 OR BA.2.9.3 OR BA.2.9.4 OR BA.2.9.5 OR BA.2.9.6 OR BA.2.9.7 OR BA.2.10 OR BA.2.10.1 OR BA.2.10.2 OR BA.2.10.3 OR BA.2.10.4 OR BA.2.11 OR BA.2.12 OR BA.2.12.1 OR BA.2.12.2 OR BA.2.13 OR BA.2.13.1 OR BA.2.14 OR BA.2.15 OR BA.2.16 OR BA.2.17 OR BA.2.18 OR BA.2.19 OR BA.2.20 OR BA.2.21 OR BA.2.22 OR BA.2.23 OR BA.2.23.1 OR BA.2.24 OR BA.2.25 OR BA.2.25.1 OR BA.2.26 OR BA.2.27 OR BA.2.28 OR BA.2.29 OR BA.2.30 OR BA.2.31 OR BA.2.31.1 OR BA.2.32 OR BA.2.33 OR BA.2.34 OR BA.2.35 OR BA.2.36 OR BA.2.37 OR BA.2.38 OR BA.2.38.1 OR BA.2.38.2 OR BA.2.38.3 OR BA.2.38.4 OR BA.2.39 OR BA.2.40 OR BA.2.40.1 OR BA.2.41 OR BA.2.42 OR BA.2.43 OR BA.2.44 OR BA.2.45 OR BA.2.46 OR BA.2.47 OR BA.2.48 OR BA.2.49 OR BA.2.50 OR BA.2.51 OR BA.2.52 OR BA.2.53 OR BA.2.54 OR BA.2.55 OR BA.2.56 OR BA.2.56.1 OR BA.2.57 OR BA.2.58 OR BA.2.59 OR BA.2.60 OR BA.2.61 OR BA.2.62 OR BA.2.63 OR BA.2.64 OR BA.2.65 OR BA.2.66 OR BA.2.67 OR BA.2.68 OR BA.2.69 OR BA.2.70 OR BA.2.71 OR BA.2.72 OR BA.2.73 OR BA.2.74 OR BA.2.75 OR BA.2.75.1 OR BA.2.75.2 OR BA.2.75.3 OR BA.2.75.4 OR BA.2.75.5 OR BA.2.75.6 OR BA.2.75.7 OR BA.2.75.8 OR BA.2.75.9 OR BA.2.75.10 OR BA.2.76 OR BA.2.76.1 OR BA.2.76.2 OR BA.2.77 OR BA.2.78 OR BA.2.79 OR BA.2.79.1 OR BA.2.80 OR BA.2.81 OR BA.2.82 OR BA.2.83 OR BA.2.85 OR BA.3 OR BA.3.1 OR BA.4 OR BA.4.1 OR BA.4.1.1 OR BA.4.1.2 OR BA.4.1.3 OR BA.4.1.4 OR BA.4.1.5 OR BA.4.1.6 OR BA.4.1.7 OR BA.4.1.8 OR BA.4.1.9 OR BA.4.1.10 OR BA.4.2 OR BA.4.3 OR BA.4.4 OR BA.4.5 OR BA.4.6 OR BA.4.6.1 OR BA.4.6.2 OR BA.4.6.3 OR BA.4.6.4 OR BA.4.6.5 OR BA.4.7 OR BA.4.8 OR BA.5 OR BA.5.1 OR BA.5.1.1 OR BA.5.1.2 OR BA.5.1.3 OR BA.5.1.4 OR BA.5.1.5 OR BA.5.1.6 OR BA.5.1.7 OR BA.5.1.8 OR BA.5.1.9 OR BA.5.1.10 OR BA.5.1.11 OR BA.5.1.12 OR BA.5.1.14 OR BA.5.1.15 OR BA.5.1.16 OR BA.5.1.17 OR BA.5.1.18 OR BA.5.1.19 OR BA.5.1.20 OR BA.5.1.21 OR BA.5.1.22 OR BA.5.1.23 OR BA.5.1.24 OR BA.5.1.25 OR BA.5.1.26 OR BA.5.1.27 OR BA.5.1.28 OR BA.5.1.29 OR BA.5.1.30 OR BA.5.1.31 OR BA.5.1.32 OR BA.5.2 OR BA.5.2.1 OR BA.5.2.2 OR BA.5.2.3 OR BA.5.2.4 OR BA.5.2.5 OR BA.5.2.6 OR BA.5.2.7 OR BA.5.2.8 OR BA.5.2.9 OR BA.5.2.10 OR BA.5.2.11 OR BA.5.2.12 OR BA.5.2.13 OR BA.5.2.14 OR BA.5.2.16 OR BA.5.2.18 OR BA.5.2.19 OR BA.5.2.20 OR BA.5.2.21 OR BA.5.2.22 OR BA.5.2.23 OR BA.5.2.24 OR BA.5.2.25 OR BA.5.2.26 OR BA.5.2.27 OR BA.5.2.28 OR BA.5.2.29 OR BA.5.2.30 OR BA.5.2.31 OR BA.5.2.32 OR BA.5.2.33 OR BA.5.2.34 OR BA.5.2.35 OR BA.5.2.36 OR BA.5.2.37 OR BA.5.2.38 OR BA.5.2.39 OR BA.5.2.40 OR BA.5.2.41 OR BA.5.2.42 OR BA.5.2.43 OR BA.5.2.44 OR BA.5.2.45 OR BA.5.2.46 OR BA.5.2.47 OR BA.5.2.48 OR BA.5.2.49 OR BA.5.3 OR BA.5.3.1 OR BA.5.3.2 OR BA.5.3.3 OR BA.5.3.4 OR BA.5.3.5 OR BA.5.5 OR BA.5.5.1 OR BA.5.5.2 OR BA.5.5.3 OR BA.5.6 OR BA.5.6.1 OR BA.5.6.2 OR BA.5.6.3 OR BA.5.6.4 OR BA.5.7 OR BA.5.8 OR BA.5.9 OR BA.5.10 OR BA.5.10.1 OR BA.5.11 OR BC.1 OR BC.2 OR BD.1 OR BE.1 OR BE.1.1 OR BE.1.1.1 OR BE.1.1.2 OR BE.1.2 OR BE.1.2.1 OR BE.1.3 OR BE.1.4 OR BE.1.4.1 OR BE.1.4.2 OR BE.1.4.3 OR BE.1.4.4 OR BE.2 OR BE.3 OR BE.4 OR BE.4.1 OR BE.4.1.1 OR BE.4.2 OR BE.5 OR BE.6 OR BE.7 OR BE.8 OR BE.9 OR BE.10 OR BF.1 OR BF.1.1 OR BF.2 OR BF.3 OR BF.3.1 OR BF.4 OR BF.5 OR BF.5.1 OR BF.5.2 OR BF.6 OR BF.7 OR BF.7.1 OR BF.7.2 OR BF.7.3 OR BF.7.4 OR BF.7.4.1 OR BF.7.4.2 OR BF.7.5 OR BF.7.5.1 OR BF.7.6 OR BF.7.7 OR BF.7.8 OR BF.7.9 OR BF.7.10 OR BF.7.11 OR BF.7.12 OR BF.7.13 OR BF.7.13.1 OR BF.7.13.2 OR BF.7.14 OR BF.7.15 OR BF.8 OR BF.9 OR BF.10 OR BF.10.1 OR BF.11 OR BF.11.1 OR BF.11.2 OR BF.11.3 OR BF.11.4 OR BF.11.5 OR BF.12 OR BF.13 OR BF.14 OR BF.15 OR BF.16 OR BF.17 OR BF.18 OR BF.19 OR BF.20 OR BF.21 OR BF.22 OR BF.23 OR BF.24 OR BF.25 OR BF.26 OR BF.27 OR BF.28 OR BF.29 OR BF.30 OR BF.31 OR BF.31.1 OR BF.32 OR BF.33 OR BF.34 OR BG.1 OR BG.2 OR BG.3 OR BG.4 OR BG.5 OR BG.6 OR BG.7 OR BH.1 OR BJ.1 OR BK.1 OR BL.1 OR BL.1.1 OR BL.1.2 OR BL.1.3 OR BL.1.4 OR BL.2 OR BL.2.1 OR BL.3 OR BL.4 OR BL.5 OR BL.6 OR BM.1 OR BM.1.1 OR BM.1.1.1 OR BM.1.1.2 OR BM.1.1.3 OR BM.1.1.4 OR BM.1.1.5 OR BM.2 OR BM.2.1 OR BM.2.2 OR BM.2.3 OR BM.3 OR BM.4 OR BM.4.1 OR BM.4.1.1 OR BM.5 OR BM.6 OR BN.1 OR BN.1.1 OR BN.1.1.1 OR BN.1.2 OR BN.1.2.1 OR BN.1.3 OR BN.1.3.1 OR BN.1.3.2 OR BN.1.3.3 OR BN.1.3.4 OR BN.1.4 OR BN.1.4.1 OR BN.1.5 OR BN.1.5.1 OR BN.1.6 OR BN.1.7 OR BN.1.8 OR BN.1.9 OR BN.2 OR BN.2.1 OR BN.3 OR BN.3.1 OR BN.4 OR BN.5 OR BN.6 OR BP.1 OR BQ.1 OR BQ.1.1 OR BQ.1.1.1 OR BQ.1.1.2 OR BQ.1.1.3 OR BQ.1.1.4 OR BQ.1.1.5 OR BQ.1.1.6 OR BQ.1.1.7 OR BQ.1.1.8 OR BQ.1.1.9 OR BQ.1.1.10 OR BQ.1.1.11 OR BQ.1.1.12 OR BQ.1.1.13 OR BQ.1.1.14 OR BQ.1.1.15 OR BQ.1.1.16 OR BQ.1.1.17 OR BQ.1.1.18 OR BQ.1.1.19 OR BQ.1.1.20 OR BQ.1.1.21 OR BQ.1.1.22 OR BQ.1.1.23 OR BQ.1.1.24 OR BQ.1.1.25 OR BQ.1.1.26 OR BQ.1.1.27 OR BQ.1.1.28 OR BQ.1.1.29 OR BQ.1.1.30 OR BQ.1.1.31 OR BQ.1.1.32 OR BQ.1.1.34 OR BQ.1.1.35 OR BQ.1.1.36 OR BQ.1.2 OR BQ.1.3 OR BQ.1.4 OR BQ.1.5 OR BQ.1.6 OR BQ.1.7 OR BQ.1.8 OR BQ.1.8.1 OR BQ.1.8.2 OR BQ.1.9 OR BQ.1.10 OR BQ.1.10.1 OR BQ.1.11 OR BQ.1.12 OR BQ.1.13 OR BQ.1.13.1 OR BQ.1.14 OR BQ.1.15 OR BQ.1.16 OR BQ.1.17 OR BQ.1.18 OR BQ.1.19 OR BQ.1.20 OR BQ.1.21 OR BQ.1.22 OR BQ.1.23 OR BQ.1.24 OR BQ.1.25 OR BQ.1.25.1 OR BQ.1.26 OR BQ.1.26.1 OR BQ.1.27 OR BQ.1.28 OR BQ.2 OR BR.1 OR BR.1.1 OR BR.1.2 OR BR.2 OR BR.2.1 OR BR.3 OR BR.4 OR BS.1 OR BS.1.1 OR BS.1.2 OR BT.1 OR BT.2 OR BU.1 OR BU.2 OR BU.3 OR BV.1 OR BV.2 OR BW.1 OR BW.1.1 OR BY.1 OR BY.1.1 OR BY.1.1.1 OR BY.1.2 OR BY.1.2.1 OR BZ.1 OR CA.1 OR CA.2 OR CA.3 OR CA.3.1 OR CA.4 OR CA.5 OR CA.6 OR CA.7 OR CB.1 OR CC.1 OR CD.1 OR CD.2 OR CE.1 OR CF.1 OR CG.1 OR CH.1 OR CH.1.1 OR CH.1.1.1 OR CH.1.1.2 OR CH.1.1.3 OR CH.1.1.4 OR CH.1.1.5 OR CH.2 OR CH.3 OR CH.3.1 OR CJ.1 OR CJ.1.1 OR CK.1 OR CK.1.1 OR CK.1.2 OR CK.2 OR CK.2.1 OR CK.2.1.1 OR CK.3 OR CL.1 OR CM.1 OR CM.2 OR CM.2.1 OR CM.3 OR CM.4 OR CM.4.1 OR CM.5 OR CM.5.1 OR CM.5.2 OR CM.6 OR CM.6.1 OR CM.7 OR CM.8 OR CM.8.1 OR CM.9 OR CM.10 OR CM.11 OR CM.12 OR CN.1 OR CN.2 OR CP.1 OR CP.1.1 OR CP.1.2 OR CP.1.3 OR CP.2 OR CP.3 OR CP.4 OR CP.5 OR CP.6 OR CQ.1 OR CQ.1.1 OR CQ.2 OR CR.1 OR CR.1.1 OR CR.1.2 OR CR.1.3 OR CR.2 OR CS.1 OR CT.1 OR CU.1 OR CV.1 OR CV.2 OR CW.1 OR CY.1 OR CZ.1 OR DA.1 OR DB.1 OR DB.2 OR DC.1 OR DD.1 OR DE.1 OR DE.2 OR DF.1 OR DF.1.1 OR DG.1 OR DH.1 OR DJ.1 OR DJ.1.1 OR DJ.1.2 OR DJ.1.3 OR DK.1 OR DL.1 OR DM.1 OR DN.1 OR DN.1.1 OR DP.1 OR DQ.1 OR DR.1 OR DS.1 OR DT.1 OR DU.1 OR DV.1,Omicron,9.28571428571429,7.92857142857143,0.853846153846154
2022-08-05,7,7,7,6,0.857142857142857,0.499202538380922,0.984123475787253,B.1.1.529 OR BA.1 OR BA.1.1 OR BA.1.1.1 OR BA.1.1.2 OR BA.1.1.3 OR BA.1.1.4 OR BA.1.1.5 OR BA.1.1.6 OR BA.1.1.7 OR BA.1.1.8 OR BA.1.1.9 OR BA.1.1.10 OR BA.1.1.11 OR BA.1.1.12 OR BA.1.1.13 OR BA.1.1.14 OR BA.1.1.15 OR BA.1.1.16 OR BA.1.1.17 OR BA.1.1.18 OR BA.1.2 OR BA.1.3 OR BA.1.4 OR BA.1.5 OR BA.1.6 OR BA.1.7 OR BA.1.8 OR BA.1.9 OR BA.1.10 OR BA.1.12 OR BA.1.13 OR BA.1.13.1 OR BA.1.14 OR BA.1.14.1 OR BA.1.14.2 OR BA.1.15 OR BA.1.15.1 OR BA.1.15.2 OR BA.1.15.3 OR BA.1.16 OR BA.1.16.1 OR BA.1.16.2 OR BA.1.17 OR BA.1.17.1 OR BA.1.17.2 OR BA.1.18 OR BA.1.19 OR BA.1.20 OR BA.1.21 OR BA.1.21.1 OR BA.1.22 OR BA.1.23 OR BA.1.24 OR BA.2 OR BA.2.1 OR BA.2.2 OR BA.2.2.1 OR BA.2.3 OR BA.2.3.1 OR BA.2.3.2 OR BA.2.3.4 OR BA.2.3.5 OR BA.2.3.6 OR BA.2.3.7 OR BA.2.3.8 OR BA.2.3.9 OR BA.2.3.10 OR BA.2.3.11 OR BA.2.3.12 OR BA.2.3.13 OR BA.2.3.14 OR BA.2.3.15 OR BA.2.3.16 OR BA.2.3.17 OR BA.2.3.18 OR BA.2.3.19 OR BA.2.3.20 OR BA.2.3.21 OR BA.2.3.22 OR BA.2.4 OR BA.2.5 OR BA.2.6 OR BA.2.7 OR BA.2.8 OR BA.2.9 OR BA.2.9.1 OR BA.2.9.2 OR BA.2.9.3 OR BA.2.9.4 OR BA.2.9.5 OR BA.2.9.6 OR BA.2.9.7 OR BA.2.10 OR BA.2.10.1 OR BA.2.10.2 OR BA.2.10.3 OR BA.2.10.4 OR BA.2.11 OR BA.2.12 OR BA.2.12.1 OR BA.2.12.2 OR BA.2.13 OR BA.2.13.1 OR BA.2.14 OR BA.2.15 OR BA.2.16 OR BA.2.17 OR BA.2.18 OR BA.2.19 OR BA.2.20 OR BA.2.21 OR BA.2.22 OR BA.2.23 OR BA.2.23.1 OR BA.2.24 OR BA.2.25 OR BA.2.25.1 OR BA.2.26 OR BA.2.27 OR BA.2.28 OR BA.2.29 OR BA.2.30 OR BA.2.31 OR BA.2.31.1 OR BA.2.32 OR BA.2.33 OR BA.2.34 OR BA.2.35 OR BA.2.36 OR BA.2.37 OR BA.2.38 OR BA.2.38.1 OR BA.2.38.2 OR BA.2.38.3 OR BA.2.38.4 OR BA.2.39 OR BA.2.40 OR BA.2.40.1 OR BA.2.41 OR BA.2.42 OR BA.2.43 OR BA.2.44 OR BA.2.45 OR BA.2.46 OR BA.2.47 OR BA.2.48 OR BA.2.49 OR BA.2.50 OR BA.2.51 OR BA.2.52 OR BA.2.53 OR BA.2.54 OR BA.2.55 OR BA.2.56 OR BA.2.56.1 OR BA.2.57 OR BA.2.58 OR BA.2.59 OR BA.2.60 OR BA.2.61 OR BA.2.62 OR BA.2.63 OR BA.2.64 OR BA.2.65 OR BA.2.66 OR BA.2.67 OR BA.2.68 OR BA.2.69 OR BA.2.70 OR BA.2.71 OR BA.2.72 OR BA.2.73 OR BA.2.74 OR BA.2.75 OR BA.2.75.1 OR BA.2.75.2 OR BA.2.75.3 OR BA.2.75.4 OR BA.2.75.5 OR BA.2.75.6 OR BA.2.75.7 OR BA.2.75.8 OR BA.2.75.9 OR BA.2.75.10 OR BA.2.76 OR BA.2.76.1 OR BA.2.76.2 OR BA.2.77 OR BA.2.78 OR BA.2.79 OR BA.2.79.1 OR BA.2.80 OR BA.2.81 OR BA.2.82 OR BA.2.83 OR BA.2.85 OR BA.3 OR BA.3.1 OR BA.4 OR BA.4.1 OR BA.4.1.1 OR BA.4.1.2 OR BA.4.1.3 OR BA.4.1.4 OR BA.4.1.5 OR BA.4.1.6 OR BA.4.1.7 OR BA.4.1.8 OR BA.4.1.9 OR BA.4.1.10 OR BA.4.2 OR BA.4.3 OR BA.4.4 OR BA.4.5 OR BA.4.6 OR BA.4.6.1 OR BA.4.6.2 OR BA.4.6.3 OR BA.4.6.4 OR BA.4.6.5 OR BA.4.7 OR BA.4.8 OR BA.5 OR BA.5.1 OR BA.5.1.1 OR BA.5.1.2 OR BA.5.1.3 OR BA.5.1.4 OR BA.5.1.5 OR BA.5.1.6 OR BA.5.1.7 OR BA.5.1.8 OR BA.5.1.9 OR BA.5.1.10 OR BA.5.1.11 OR BA.5.1.12 OR BA.5.1.14 OR BA.5.1.15 OR BA.5.1.16 OR BA.5.1.17 OR BA.5.1.18 OR BA.5.1.19 OR BA.5.1.20 OR BA.5.1.21 OR BA.5.1.22 OR BA.5.1.23 OR BA.5.1.24 OR BA.5.1.25 OR BA.5.1.26 OR BA.5.1.27 OR BA.5.1.28 OR BA.5.1.29 OR BA.5.1.30 OR BA.5.1.31 OR BA.5.1.32 OR BA.5.2 OR BA.5.2.1 OR BA.5.2.2 OR BA.5.2.3 OR BA.5.2.4 OR BA.5.2.5 OR BA.5.2.6 OR BA.5.2.7 OR BA.5.2.8 OR BA.5.2.9 OR BA.5.2.10 OR BA.5.2.11 OR BA.5.2.12 OR BA.5.2.13 OR BA.5.2.14 OR BA.5.2.16 OR BA.5.2.18 OR BA.5.2.19 OR BA.5.2.20 OR BA.5.2.21 OR BA.5.2.22 OR BA.5.2.23 OR BA.5.2.24 OR BA.5.2.25 OR BA.5.2.26 OR BA.5.2.27 OR BA.5.2.28 OR BA.5.2.29 OR BA.5.2.30 OR BA.5.2.31 OR BA.5.2.32 OR BA.5.2.33 OR BA.5.2.34 OR BA.5.2.35 OR BA.5.2.36 OR BA.5.2.37 OR BA.5.2.38 OR BA.5.2.39 OR BA.5.2.40 OR BA.5.2.41 OR BA.5.2.42 OR BA.5.2.43 OR BA.5.2.44 OR BA.5.2.45 OR BA.5.2.46 OR BA.5.2.47 OR BA.5.2.48 OR BA.5.2.49 OR BA.5.3 OR BA.5.3.1 OR BA.5.3.2 OR BA.5.3.3 OR BA.5.3.4 OR BA.5.3.5 OR BA.5.5 OR BA.5.5.1 OR BA.5.5.2 OR BA.5.5.3 OR BA.5.6 OR BA.5.6.1 OR BA.5.6.2 OR BA.5.6.3 OR BA.5.6.4 OR BA.5.7 OR BA.5.8 OR BA.5.9 OR BA.5.10 OR BA.5.10.1 OR BA.5.11 OR BC.1 OR BC.2 OR BD.1 OR BE.1 OR BE.1.1 OR BE.1.1.1 OR BE.1.1.2 OR BE.1.2 OR BE.1.2.1 OR BE.1.3 OR BE.1.4 OR BE.1.4.1 OR BE.1.4.2 OR BE.1.4.3 OR BE.1.4.4 OR BE.2 OR BE.3 OR BE.4 OR BE.4.1 OR BE.4.1.1 OR BE.4.2 OR BE.5 OR BE.6 OR BE.7 OR BE.8 OR BE.9 OR BE.10 OR BF.1 OR BF.1.1 OR BF.2 OR BF.3 OR BF.3.1 OR BF.4 OR BF.5 OR BF.5.1 OR BF.5.2 OR BF.6 OR BF.7 OR BF.7.1 OR BF.7.2 OR BF.7.3 OR BF.7.4 OR BF.7.4.1 OR BF.7.4.2 OR BF.7.5 OR BF.7.5.1 OR BF.7.6 OR BF.7.7 OR BF.7.8 OR BF.7.9 OR BF.7.10 OR BF.7.11 OR BF.7.12 OR BF.7.13 OR BF.7.13.1 OR BF.7.13.2 OR BF.7.14 OR BF.7.15 OR BF.8 OR BF.9 OR BF.10 OR BF.10.1 OR BF.11 OR BF.11.1 OR BF.11.2 OR BF.11.3 OR BF.11.4 OR BF.11.5 OR BF.12 OR BF.13 OR BF.14 OR BF.15 OR BF.16 OR BF.17 OR BF.18 OR BF.19 OR BF.20 OR BF.21 OR BF.22 OR BF.23 OR BF.24 OR BF.25 OR BF.26 OR BF.27 OR BF.28 OR BF.29 OR BF.30 OR BF.31 OR BF.31.1 OR BF.32 OR BF.33 OR BF.34 OR BG.1 OR BG.2 OR BG.3 OR BG.4 OR BG.5 OR BG.6 OR BG.7 OR BH.1 OR BJ.1 OR BK.1 OR BL.1 OR BL.1.1 OR BL.1.2 OR BL.1.3 OR BL.1.4 OR BL.2 OR BL.2.1 OR BL.3 OR BL.4 OR BL.5 OR BL.6 OR BM.1 OR BM.1.1 OR BM.1.1.1 OR BM.1.1.2 OR BM.1.1.3 OR BM.1.1.4 OR BM.1.1.5 OR BM.2 OR BM.2.1 OR BM.2.2 OR BM.2.3 OR BM.3 OR BM.4 OR BM.4.1 OR BM.4.1.1 OR BM.5 OR BM.6 OR BN.1 OR BN.1.1 OR BN.1.1.1 OR BN.1.2 OR BN.1.2.1 OR BN.1.3 OR BN.1.3.1 OR BN.1.3.2 OR BN.1.3.3 OR BN.1.3.4 OR BN.1.4 OR BN.1.4.1 OR BN.1.5 OR BN.1.5.1 OR BN.1.6 OR BN.1.7 OR BN.1.8 OR BN.1.9 OR BN.2 OR BN.2.1 OR BN.3 OR BN.3.1 OR BN.4 OR BN.5 OR BN.6 OR BP.1 OR BQ.1 OR BQ.1.1 OR BQ.1.1.1 OR BQ.1.1.2 OR BQ.1.1.3 OR BQ.1.1.4 OR BQ.1.1.5 OR BQ.1.1.6 OR BQ.1.1.7 OR BQ.1.1.8 OR BQ.1.1.9 OR BQ.1.1.10 OR BQ.1.1.11 OR BQ.1.1.12 OR BQ.1.1.13 OR BQ.1.1.14 OR BQ.1.1.15 OR BQ.1.1.16 OR BQ.1.1.17 OR BQ.1.1.18 OR BQ.1.1.19 OR BQ.1.1.20 OR BQ.1.1.21 OR BQ.1.1.22 OR BQ.1.1.23 OR BQ.1.1.24 OR BQ.1.1.25 OR BQ.1.1.26 OR BQ.1.1.27 OR BQ.1.1.28 OR BQ.1.1.29 OR BQ.1.1.30 OR BQ.1.1.31 OR BQ.1.1.32 OR BQ.1.1.34 OR BQ.1.1.35 OR BQ.1.1.36 OR BQ.1.2 OR BQ.1.3 OR BQ.1.4 OR BQ.1.5 OR BQ.1.6 OR BQ.1.7 OR BQ.1.8 OR BQ.1.8.1 OR BQ.1.8.2 OR BQ.1.9 OR BQ.1.10 OR BQ.1.10.1 OR BQ.1.11 OR BQ.1.12 OR BQ.1.13 OR BQ.1.13.1 OR BQ.1.14 OR BQ.1.15 OR BQ.1.16 OR BQ.1.17 OR BQ.1.18 OR BQ.1.19 OR BQ.1.20 OR BQ.1.21 OR BQ.1.22 OR BQ.1.23 OR BQ.1.24 OR BQ.1.25 OR BQ.1.25.1 OR BQ.1.26 OR BQ.1.26.1 OR BQ.1.27 OR BQ.1.28 OR BQ.2 OR BR.1 OR BR.1.1 OR BR.1.2 OR BR.2 OR BR.2.1 OR BR.3 OR BR.4 OR BS.1 OR BS.1.1 OR BS.1.2 OR BT.1 OR BT.2 OR BU.1 OR BU.2 OR BU.3 OR BV.1 OR BV.2 OR BW.1 OR BW.1.1 OR BY.1 OR BY.1.1 OR BY.1.1.1 OR BY.1.2 OR BY.1.2.1 OR BZ.1 OR CA.1 OR CA.2 OR CA.3 OR CA.3.1 OR CA.4 OR CA.5 OR CA.6 OR CA.7 OR CB.1 OR CC.1 OR CD.1 OR CD.2 OR CE.1 OR CF.1 OR CG.1 OR CH.1 OR CH.1.1 OR CH.1.1.1 OR CH.1.1.2 OR CH.1.1.3 OR CH.1.1.4 OR CH.1.1.5 OR CH.2 OR CH.3 OR CH.3.1 OR CJ.1 OR CJ.1.1 OR CK.1 OR CK.1.1 OR CK.1.2 OR CK.2 OR CK.2.1 OR CK.2.1.1 OR CK.3 OR CL.1 OR CM.1 OR CM.2 OR CM.2.1 OR CM.3 OR CM.4 OR CM.4.1 OR CM.5 OR CM.5.1 OR CM.5.2 OR CM.6 OR CM.6.1 OR CM.7 OR CM.8 OR CM.8.1 OR CM.9 OR CM.10 OR CM.11 OR CM.12 OR CN.1 OR CN.2 OR CP.1 OR CP.1.1 OR CP.1.2 OR CP.1.3 OR CP.2 OR CP.3 OR CP.4 OR CP.5 OR CP.6 OR CQ.1 OR CQ.1.1 OR CQ.2 OR CR.1 OR CR.1.1 OR CR.1.2 OR CR.1.3 OR CR.2 OR CS.1 OR CT.1 OR CU.1 OR CV.1 OR CV.2 OR CW.1 OR CY.1 OR CZ.1 OR DA.1 OR DB.1 OR DB.2 OR DC.1 OR DD.1 OR DE.1 OR DE.2 OR DF.1 OR DF.1.1 OR DG.1 OR DH.1 OR DJ.1 OR DJ.1.1 OR DJ.1.2 OR DJ.1.3 OR DK.1 OR DL.1 OR DM.1 OR DN.1 OR DN.1.1 OR DP.1 OR DQ.1 OR DR.1 OR DS.1 OR DT.1 OR DU.1 OR DV.1,Omicron,8.57142857142857,7.42857142857143,0.866666666666667
2022-08-06,8,8,7.57142857142857,6.57142857142857,0.867924528301887,0.546280678967585,0.986161766209679,B.1.1.529 OR BA.1 OR BA.1.1 OR BA.1.1.1 OR BA.1.1.2 OR BA.1.1.3 OR BA.1.1.4 OR BA.1.1.5 OR BA.1.1.6 OR BA.1.1.7 OR BA.1.1.8 OR BA.1.1.9 OR BA.1.1.10 OR BA.1.1.11 OR BA.1.1.12 OR BA.1.1.13 OR BA.1.1.14 OR BA.1.1.15 OR BA.1.1.16 OR BA.1.1.17 OR BA.1.1.18 OR BA.1.2 OR BA.1.3 OR BA.1.4 OR BA.1.5 OR BA.1.6 OR BA.1.7 OR BA.1.8 OR BA.1.9 OR BA.1.10 OR BA.1.12 OR BA.1.13 OR BA.1.13.1 OR BA.1.14 OR BA.1.14.1 OR BA.1.14.2 OR BA.1.15 OR BA.1.15.1 OR BA.1.15.2 OR BA.1.15.3 OR BA.1.16 OR BA.1.16.1 OR BA.1.16.2 OR BA.1.17 OR BA.1.17.1 OR BA.1.17.2 OR BA.1.18 OR BA.1.19 OR BA.1.20 OR BA.1.21 OR BA.1.21.1 OR BA.1.22 OR BA.1.23 OR BA.1.24 OR BA.2 OR BA.2.1 OR BA.2.2 OR BA.2.2.1 OR BA.2.3 OR BA.2.3.1 OR BA.2.3.2 OR BA.2.3.4 OR BA.2.3.5 OR BA.2.3.6 OR BA.2.3.7 OR BA.2.3.8 OR BA.2.3.9 OR BA.2.3.10 OR BA.2.3.11 OR BA.2.3.12 OR BA.2.3.13 OR BA.2.3.14 OR BA.2.3.15 OR BA.2.3.16 OR BA.2.3.17 OR BA.2.3.18 OR BA.2.3.19 OR BA.2.3.20 OR BA.2.3.21 OR BA.2.3.22 OR BA.2.4 OR BA.2.5 OR BA.2.6 OR BA.2.7 OR BA.2.8 OR BA.2.9 OR BA.2.9.1 OR BA.2.9.2 OR BA.2.9.3 OR BA.2.9.4 OR BA.2.9.5 OR BA.2.9.6 OR BA.2.9.7 OR BA.2.10 OR BA.2.10.1 OR BA.2.10.2 OR BA.2.10.3 OR BA.2.10.4 OR BA.2.11 OR BA.2.12 OR BA.2.12.1 OR BA.2.12.2 OR BA.2.13 OR BA.2.13.1 OR BA.2.14 OR BA.2.15 OR BA.2.16 OR BA.2.17 OR BA.2.18 OR BA.2.19 OR BA.2.20 OR BA.2.21 OR BA.2.22 OR BA.2.23 OR BA.2.23.1 OR BA.2.24 OR BA.2.25 OR BA.2.25.1 OR BA.2.26 OR BA.2.27 OR BA.2.28 OR BA.2.29 OR BA.2.30 OR BA.2.31 OR BA.2.31.1 OR BA.2.32 OR BA.2.33 OR BA.2.34 OR BA.2.35 OR BA.2.36 OR BA.2.37 OR BA.2.38 OR BA.2.38.1 OR BA.2.38.2 OR BA.2.38.3 OR BA.2.38.4 OR BA.2.39 OR BA.2.40 OR BA.2.40.1 OR BA.2.41 OR BA.2.42 OR BA.2.43 OR BA.2.44 OR BA.2.45 OR BA.2.46 OR BA.2.47 OR BA.2.48 OR BA.2.49 OR BA.2.50 OR BA.2.51 OR BA.2.52 OR BA.2.53 OR BA.2.54 OR BA.2.55 OR BA.2.56 OR BA.2.56.1 OR BA.2.57 OR BA.2.58 OR BA.2.59 OR BA.2.60 OR BA.2.61 OR BA.2.62 OR BA.2.63 OR BA.2.64 OR BA.2.65 OR BA.2.66 OR BA.2.67 OR BA.2.68 OR BA.2.69 OR BA.2.70 OR BA.2.71 OR BA.2.72 OR BA.2.73 OR BA.2.74 OR BA.2.75 OR BA.2.75.1 OR BA.2.75.2 OR BA.2.75.3 OR BA.2.75.4 OR BA.2.75.5 OR BA.2.75.6 OR BA.2.75.7 OR BA.2.75.8 OR BA.2.75.9 OR BA.2.75.10 OR BA.2.76 OR BA.2.76.1 OR BA.2.76.2 OR BA.2.77 OR BA.2.78 OR BA.2.79 OR BA.2.79.1 OR BA.2.80 OR BA.2.81 OR BA.2.82 OR BA.2.83 OR BA.2.85 OR BA.3 OR BA.3.1 OR BA.4 OR BA.4.1 OR BA.4.1.1 OR BA.4.1.2 OR BA.4.1.3 OR BA.4.1.4 OR BA.4.1.5 OR BA.4.1.6 OR BA.4.1.7 OR BA.4.1.8 OR BA.4.1.9 OR BA.4.1.10 OR BA.4.2 OR BA.4.3 OR BA.4.4 OR BA.4.5 OR BA.4.6 OR BA.4.6.1 OR BA.4.6.2 OR BA.4.6.3 OR BA.4.6.4 OR BA.4.6.5 OR BA.4.7 OR BA.4.8 OR BA.5 OR BA.5.1 OR BA.5.1.1 OR BA.5.1.2 OR BA.5.1.3 OR BA.5.1.4 OR BA.5.1.5 OR BA.5.1.6 OR BA.5.1.7 OR BA.5.1.8 OR BA.5.1.9 OR BA.5.1.10 OR BA.5.1.11 OR BA.5.1.12 OR BA.5.1.14 OR BA.5.1.15 OR BA.5.1.16 OR BA.5.1.17 OR BA.5.1.18 OR BA.5.1.19 OR BA.5.1.20 OR BA.5.1.21 OR BA.5.1.22 OR BA.5.1.23 OR BA.5.1.24 OR BA.5.1.25 OR BA.5.1.26 OR BA.5.1.27 OR BA.5.1.28 OR BA.5.1.29 OR BA.5.1.30 OR BA.5.1.31 OR BA.5.1.32 OR BA.5.2 OR BA.5.2.1 OR BA.5.2.2 OR BA.5.2.3 OR BA.5.2.4 OR BA.5.2.5 OR BA.5.2.6 OR BA.5.2.7 OR BA.5.2.8 OR BA.5.2.9 OR BA.5.2.10 OR BA.5.2.11 OR BA.5.2.12 OR BA.5.2.13 OR BA.5.2.14 OR BA.5.2.16 OR BA.5.2.18 OR BA.5.2.19 OR BA.5.2.20 OR BA.5.2.21 OR BA.5.2.22 OR BA.5.2.23 OR BA.5.2.24 OR BA.5.2.25 OR BA.5.2.26 OR BA.5.2.27 OR BA.5.2.28 OR BA.5.2.29 OR BA.5.2.30 OR BA.5.2.31 OR BA.5.2.32 OR BA.5.2.33 OR BA.5.2.34 OR BA.5.2.35 OR BA.5.2.36 OR BA.5.2.37 OR BA.5.2.38 OR BA.5.2.39 OR BA.5.2.40 OR BA.5.2.41 OR BA.5.2.42 OR BA.5.2.43 OR BA.5.2.44 OR BA.5.2.45 OR BA.5.2.46 OR BA.5.2.47 OR BA.5.2.48 OR BA.5.2.49 OR BA.5.3 OR BA.5.3.1 OR BA.5.3.2 OR BA.5.3.3 OR BA.5.3.4 OR BA.5.3.5 OR BA.5.5 OR BA.5.5.1 OR BA.5.5.2 OR BA.5.5.3 OR BA.5.6 OR BA.5.6.1 OR BA.5.6.2 OR BA.5.6.3 OR BA.5.6.4 OR BA.5.7 OR BA.5.8 OR BA.5.9 OR BA.5.10 OR BA.5.10.1 OR BA.5.11 OR BC.1 OR BC.2 OR BD.1 OR BE.1 OR BE.1.1 OR BE.1.1.1 OR BE.1.1.2 OR BE.1.2 OR BE.1.2.1 OR BE.1.3 OR BE.1.4 OR BE.1.4.1 OR BE.1.4.2 OR BE.1.4.3 OR BE.1.4.4 OR BE.2 OR BE.3 OR BE.4 OR BE.4.1 OR BE.4.1.1 OR BE.4.2 OR BE.5 OR BE.6 OR BE.7 OR BE.8 OR BE.9 OR BE.10 OR BF.1 OR BF.1.1 OR BF.2 OR BF.3 OR BF.3.1 OR BF.4 OR BF.5 OR BF.5.1 OR BF.5.2 OR BF.6 OR BF.7 OR BF.7.1 OR BF.7.2 OR BF.7.3 OR BF.7.4 OR BF.7.4.1 OR BF.7.4.2 OR BF.7.5 OR BF.7.5.1 OR BF.7.6 OR BF.7.7 OR BF.7.8 OR BF.7.9 OR BF.7.10 OR BF.7.11 OR BF.7.12 OR BF.7.13 OR BF.7.13.1 OR BF.7.13.2 OR BF.7.14 OR BF.7.15 OR BF.8 OR BF.9 OR BF.10 OR BF.10.1 OR BF.11 OR BF.11.1 OR BF.11.2 OR BF.11.3 OR BF.11.4 OR BF.11.5 OR BF.12 OR BF.13 OR BF.14 OR BF.15 OR BF.16 OR BF.17 OR BF.18 OR BF.19 OR BF.20 OR BF.21 OR BF.22 OR BF.23 OR BF.24 OR BF.25 OR BF.26 OR BF.27 OR BF.28 OR BF.29 OR BF.30 OR BF.31 OR BF.31.1 OR BF.32 OR BF.33 OR BF.34 OR BG.1 OR BG.2 OR BG.3 OR BG.4 OR BG.5 OR BG.6 OR BG.7 OR BH.1 OR BJ.1 OR BK.1 OR BL.1 OR BL.1.1 OR BL.1.2 OR BL.1.3 OR BL.1.4 OR BL.2 OR BL.2.1 OR BL.3 OR BL.4 OR BL.5 OR BL.6 OR BM.1 OR BM.1.1 OR BM.1.1.1 OR BM.1.1.2 OR BM.1.1.3 OR BM.1.1.4 OR BM.1.1.5 OR BM.2 OR BM.2.1 OR BM.2.2 OR BM.2.3 OR BM.3 OR BM.4 OR BM.4.1 OR BM.4.1.1 OR BM.5 OR BM.6 OR BN.1 OR BN.1.1 OR BN.1.1.1 OR BN.1.2 OR BN.1.2.1 OR BN.1.3 OR BN.1.3.1 OR BN.1.3.2 OR BN.1.3.3 OR BN.1.3.4 OR BN.1.4 OR BN.1.4.1 OR BN.1.5 OR BN.1.5.1 OR BN.1.6 OR BN.1.7 OR BN.1.8 OR BN.1.9 OR BN.2 OR BN.2.1 OR BN.3 OR BN.3.1 OR BN.4 OR BN.5 OR BN.6 OR BP.1 OR BQ.1 OR BQ.1.1 OR BQ.1.1.1 OR BQ.1.1.2 OR BQ.1.1.3 OR BQ.1.1.4 OR BQ.1.1.5 OR BQ.1.1.6 OR BQ.1.1.7 OR BQ.1.1.8 OR BQ.1.1.9 OR BQ.1.1.10 OR BQ.1.1.11 OR BQ.1.1.12 OR BQ.1.1.13 OR BQ.1.1.14 OR BQ.1.1.15 OR BQ.1.1.16 OR BQ.1.1.17 OR BQ.1.1.18 OR BQ.1.1.19 OR BQ.1.1.20 OR BQ.1.1.21 OR BQ.1.1.22 OR BQ.1.1.23 OR BQ.1.1.24 OR BQ.1.1.25 OR BQ.1.1.26 OR BQ.1.1.27 OR BQ.1.1.28 OR BQ.1.1.29 OR BQ.1.1.30 OR BQ.1.1.31 OR BQ.1.1.32 OR BQ.1.1.34 OR BQ.1.1.35 OR BQ.1.1.36 OR BQ.1.2 OR BQ.1.3 OR BQ.1.4 OR BQ.1.5 OR BQ.1.6 OR BQ.1.7 OR BQ.1.8 OR BQ.1.8.1 OR BQ.1.8.2 OR BQ.1.9 OR BQ.1.10 OR BQ.1.10.1 OR BQ.1.11 OR BQ.1.12 OR BQ.1.13 OR BQ.1.13.1 OR BQ.1.14 OR BQ.1.15 OR BQ.1.16 OR BQ.1.17 OR BQ.1.18 OR BQ.1.19 OR BQ.1.20 OR BQ.1.21 OR BQ.1.22 OR BQ.1.23 OR BQ.1.24 OR BQ.1.25 OR BQ.1.25.1 OR BQ.1.26 OR BQ.1.26.1 OR BQ.1.27 OR BQ.1.28 OR BQ.2 OR BR.1 OR BR.1.1 OR BR.1.2 OR BR.2 OR BR.2.1 OR BR.3 OR BR.4 OR BS.1 OR BS.1.1 OR BS.1.2 OR BT.1 OR BT.2 OR BU.1 OR BU.2 OR BU.3 OR BV.1 OR BV.2 OR BW.1 OR BW.1.1 OR BY.1 OR BY.1.1 OR BY.1.1.1 OR BY.1.2 OR BY.1.2.1 OR BZ.1 OR CA.1 OR CA.2 OR CA.3 OR CA.3.1 OR CA.4 OR CA.5 OR CA.6 OR CA.7 OR CB.1 OR CC.1 OR CD.1 OR CD.2 OR CE.1 OR CF.1 OR CG.1 OR CH.1 OR CH.1.1 OR CH.1.1.1 OR CH.1.1.2 OR CH.1.1.3 OR CH.1.1.4 OR CH.1.1.5 OR CH.2 OR CH.3 OR CH.3.1 OR CJ.1 OR CJ.1.1 OR CK.1 OR CK.1.1 OR CK.1.2 OR CK.2 OR CK.2.1 OR CK.2.1.1 OR CK.3 OR CL.1 OR CM.1 OR CM.2 OR CM.2.1 OR CM.3 OR CM.4 OR CM.4.1 OR CM.5 OR CM.5.1 OR CM.5.2 OR CM.6 OR CM.6.1 OR CM.7 OR CM.8 OR CM.8.1 OR CM.9 OR CM.10 OR CM.11 OR CM.12 OR CN.1 OR CN.2 OR CP.1 OR CP.1.1 OR CP.1.2 OR CP.1.3 OR CP.2 OR CP.3 OR CP.4 OR CP.5 OR CP.6 OR CQ.1 OR CQ.1.1 OR CQ.2 OR CR.1 OR CR.1.1 OR CR.1.2 OR CR.1.3 OR CR.2 OR CS.1 OR CT.1 OR CU.1 OR CV.1 OR CV.2 OR CW.1 OR CY.1 OR CZ.1 OR DA.1 OR DB.1 OR DB.2 OR DC.1 OR DD.1 OR DE.1 OR DE.2 OR DF.1 OR DF.1.1 OR DG.1 OR DH.1 OR DJ.1 OR DJ.1.1 OR DJ.1.2 OR DJ.1.3 OR DK.1 OR DL.1 OR DM.1 OR DN.1 OR DN.1.1 OR DP.1 OR DQ.1 OR DR.1 OR DS.1 OR DT.1 OR DU.1 OR DV.1,Omicron,8.28571428571429,7.14285714285714,0.862068965517241
2022-08-07,5,5,7.85714285714286,7,0.890909090909091,0.546280678967585,0.986161766209679,B.1.1.529 OR BA.1 OR BA.1.1 OR BA.1.1.1 OR BA.1.1.2 OR BA.1.1.3 OR BA.1.1.4 OR BA.1.1.5 OR BA.1.1.6 OR BA.1.1.7 OR BA.1.1.8 OR BA.1.1.9 OR BA.1.1.10 OR BA.1.1.11 OR BA.1.1.12 OR BA.1.1.13 OR BA.1.1.14 OR BA.1.1.15 OR BA.1.1.16 OR BA.1.1.17 OR BA.1.1.18 OR BA.1.2 OR BA.1.3 OR BA.1.4 OR BA.1.5 OR BA.1.6 OR BA.1.7 OR BA.1.8 OR BA.1.9 OR BA.1.10 OR BA.1.12 OR BA.1.13 OR BA.1.13.1 OR BA.1.14 OR BA.1.14.1 OR BA.1.14.2 OR BA.1.15 OR BA.1.15.1 OR BA.1.15.2 OR BA.1.15.3 OR BA.1.16 OR BA.1.16.1 OR BA.1.16.2 OR BA.1.17 OR BA.1.17.1 OR BA.1.17.2 OR BA.1.18 OR BA.1.19 OR BA.1.20 OR BA.1.21 OR BA.1.21.1 OR BA.1.22 OR BA.1.23 OR BA.1.24 OR BA.2 OR BA.2.1 OR BA.2.2 OR BA.2.2.1 OR BA.2.3 OR BA.2.3.1 OR BA.2.3.2 OR BA.2.3.4 OR BA.2.3.5 OR BA.2.3.6 OR BA.2.3.7 OR BA.2.3.8 OR BA.2.3.9 OR BA.2.3.10 OR BA.2.3.11 OR BA.2.3.12 OR BA.2.3.13 OR BA.2.3.14 OR BA.2.3.15 OR BA.2.3.16 OR BA.2.3.17 OR BA.2.3.18 OR BA.2.3.19 OR BA.2.3.20 OR BA.2.3.21 OR BA.2.3.22 OR BA.2.4 OR BA.2.5 OR BA.2.6 OR BA.2.7 OR BA.2.8 OR BA.2.9 OR BA.2.9.1 OR BA.2.9.2 OR BA.2.9.3 OR BA.2.9.4 OR BA.2.9.5 OR BA.2.9.6 OR BA.2.9.7 OR BA.2.10 OR BA.2.10.1 OR BA.2.10.2 OR BA.2.10.3 OR BA.2.10.4 OR BA.2.11 OR BA.2.12 OR BA.2.12.1 OR BA.2.12.2 OR BA.2.13 OR BA.2.13.1 OR BA.2.14 OR BA.2.15 OR BA.2.16 OR BA.2.17 OR BA.2.18 OR BA.2.19 OR BA.2.20 OR BA.2.21 OR BA.2.22 OR BA.2.23 OR BA.2.23.1 OR BA.2.24 OR BA.2.25 OR BA.2.25.1 OR BA.2.26 OR BA.2.27 OR BA.2.28 OR BA.2.29 OR BA.2.30 OR BA.2.31 OR BA.2.31.1 OR BA.2.32 OR BA.2.33 OR BA.2.34 OR BA.2.35 OR BA.2.36 OR BA.2.37 OR BA.2.38 OR BA.2.38.1 OR BA.2.38.2 OR BA.2.38.3 OR BA.2.38.4 OR BA.2.39 OR BA.2.40 OR BA.2.40.1 OR BA.2.41 OR BA.2.42 OR BA.2.43 OR BA.2.44 OR BA.2.45 OR BA.2.46 OR BA.2.47 OR BA.2.48 OR BA.2.49 OR BA.2.50 OR BA.2.51 OR BA.2.52 OR BA.2.53 OR BA.2.54 OR BA.2.55 OR BA.2.56 OR BA.2.56.1 OR BA.2.57 OR BA.2.58 OR BA.2.59 OR BA.2.60 OR BA.2.61 OR BA.2.62 OR BA.2.63 OR BA.2.64 OR BA.2.65 OR BA.2.66 OR BA.2.67 OR BA.2.68 OR BA.2.69 OR BA.2.70 OR BA.2.71 OR BA.2.72 OR BA.2.73 OR BA.2.74 OR BA.2.75 OR BA.2.75.1 OR BA.2.75.2 OR BA.2.75.3 OR BA.2.75.4 OR BA.2.75.5 OR BA.2.75.6 OR BA.2.75.7 OR BA.2.75.8 OR BA.2.75.9 OR BA.2.75.10 OR BA.2.76 OR BA.2.76.1 OR BA.2.76.2 OR BA.2.77 OR BA.2.78 OR BA.2.79 OR BA.2.79.1 OR BA.2.80 OR BA.2.81 OR BA.2.82 OR BA.2.83 OR BA.2.85 OR BA.3 OR BA.3.1 OR BA.4 OR BA.4.1 OR BA.4.1.1 OR BA.4.1.2 OR BA.4.1.3 OR BA.4.1.4 OR BA.4.1.5 OR BA.4.1.6 OR BA.4.1.7 OR BA.4.1.8 OR BA.4.1.9 OR BA.4.1.10 OR BA.4.2 OR BA.4.3 OR BA.4.4 OR BA.4.5 OR BA.4.6 OR BA.4.6.1 OR BA.4.6.2 OR BA.4.6.3 OR BA.4.6.4 OR BA.4.6.5 OR BA.4.7 OR BA.4.8 OR BA.5 OR BA.5.1 OR BA.5.1.1 OR BA.5.1.2 OR BA.5.1.3 OR BA.5.1.4 OR BA.5.1.5 OR BA.5.1.6 OR BA.5.1.7 OR BA.5.1.8 OR BA.5.1.9 OR BA.5.1.10 OR BA.5.1.11 OR BA.5.1.12 OR BA.5.1.14 OR BA.5.1.15 OR BA.5.1.16 OR BA.5.1.17 OR BA.5.1.18 OR BA.5.1.19 OR BA.5.1.20 OR BA.5.1.21 OR BA.5.1.22 OR BA.5.1.23 OR BA.5.1.24 OR BA.5.1.25 OR BA.5.1.26 OR BA.5.1.27 OR BA.5.1.28 OR BA.5.1.29 OR BA.5.1.30 OR BA.5.1.31 OR BA.5.1.32 OR BA.5.2 OR BA.5.2.1 OR BA.5.2.2 OR BA.5.2.3 OR BA.5.2.4 OR BA.5.2.5 OR BA.5.2.6 OR BA.5.2.7 OR BA.5.2.8 OR BA.5.2.9 OR BA.5.2.10 OR BA.5.2.11 OR BA.5.2.12 OR BA.5.2.13 OR BA.5.2.14 OR BA.5.2.16 OR BA.5.2.18 OR BA.5.2.19 OR BA.5.2.20 OR BA.5.2.21 OR BA.5.2.22 OR BA.5.2.23 OR BA.5.2.24 OR BA.5.2.25 OR BA.5.2.26 OR BA.5.2.27 OR BA.5.2.28 OR BA.5.2.29 OR BA.5.2.30 OR BA.5.2.31 OR BA.5.2.32 OR BA.5.2.33 OR BA.5.2.34 OR BA.5.2.35 OR BA.5.2.36 OR BA.5.2.37 OR BA.5.2.38 OR BA.5.2.39 OR BA.5.2.40 OR BA.5.2.41 OR BA.5.2.42 OR BA.5.2.43 OR BA.5.2.44 OR BA.5.2.45 OR BA.5.2.46 OR BA.5.2.47 OR BA.5.2.48 OR BA.5.2.49 OR BA.5.3 OR BA.5.3.1 OR BA.5.3.2 OR BA.5.3.3 OR BA.5.3.4 OR BA.5.3.5 OR BA.5.5 OR BA.5.5.1 OR BA.5.5.2 OR BA.5.5.3 OR BA.5.6 OR BA.5.6.1 OR BA.5.6.2 OR BA.5.6.3 OR BA.5.6.4 OR BA.5.7 OR BA.5.8 OR BA.5.9 OR BA.5.10 OR BA.5.10.1 OR BA.5.11 OR BC.1 OR BC.2 OR BD.1 OR BE.1 OR BE.1.1 OR BE.1.1.1 OR BE.1.1.2 OR BE.1.2 OR BE.1.2.1 OR BE.1.3 OR BE.1.4 OR BE.1.4.1 OR BE.1.4.2 OR BE.1.4.3 OR BE.1.4.4 OR BE.2 OR BE.3 OR BE.4 OR BE.4.1 OR BE.4.1.1 OR BE.4.2 OR BE.5 OR BE.6 OR BE.7 OR BE.8 OR BE.9 OR BE.10 OR BF.1 OR BF.1.1 OR BF.2 OR BF.3 OR BF.3.1 OR BF.4 OR BF.5 OR BF.5.1 OR BF.5.2 OR BF.6 OR BF.7 OR BF.7.1 OR BF.7.2 OR BF.7.3 OR BF.7.4 OR BF.7.4.1 OR BF.7.4.2 OR BF.7.5 OR BF.7.5.1 OR BF.7.6 OR BF.7.7 OR BF.7.8 OR BF.7.9 OR BF.7.10 OR BF.7.11 OR BF.7.12 OR BF.7.13 OR BF.7.13.1 OR BF.7.13.2 OR BF.7.14 OR BF.7.15 OR BF.8 OR BF.9 OR BF.10 OR BF.10.1 OR BF.11 OR BF.11.1 OR BF.11.2 OR BF.11.3 OR BF.11.4 OR BF.11.5 OR BF.12 OR BF.13 OR BF.14 OR BF.15 OR BF.16 OR BF.17 OR BF.18 OR BF.19 OR BF.20 OR BF.21 OR BF.22 OR BF.23 OR BF.24 OR BF.25 OR BF.26 OR BF.27 OR BF.28 OR BF.29 OR BF.30 OR BF.31 OR BF.31.1 OR BF.32 OR BF.33 OR BF.34 OR BG.1 OR BG.2 OR BG.3 OR BG.4 OR BG.5 OR BG.6 OR BG.7 OR BH.1 OR BJ.1 OR BK.1 OR BL.1 OR BL.1.1 OR BL.1.2 OR BL.1.3 OR BL.1.4 OR BL.2 OR BL.2.1 OR BL.3 OR BL.4 OR BL.5 OR BL.6 OR BM.1 OR BM.1.1 OR BM.1.1.1 OR BM.1.1.2 OR BM.1.1.3 OR BM.1.1.4 OR BM.1.1.5 OR BM.2 OR BM.2.1 OR BM.2.2 OR BM.2.3 OR BM.3 OR BM.4 OR BM.4.1 OR BM.4.1.1 OR BM.5 OR BM.6 OR BN.1 OR BN.1.1 OR BN.1.1.1 OR BN.1.2 OR BN.1.2.1 OR BN.1.3 OR BN.1.3.1 OR BN.1.3.2 OR BN.1.3.3 OR BN.1.3.4 OR BN.1.4 OR BN.1.4.1 OR BN.1.5 OR BN.1.5.1 OR BN.1.6 OR BN.1.7 OR BN.1.8 OR BN.1.9 OR BN.2 OR BN.2.1 OR BN.3 OR BN.3.1 OR BN.4 OR BN.5 OR BN.6 OR BP.1 OR BQ.1 OR BQ.1.1 OR BQ.1.1.1 OR BQ.1.1.2 OR BQ.1.1.3 OR BQ.1.1.4 OR BQ.1.1.5 OR BQ.1.1.6 OR BQ.1.1.7 OR BQ.1.1.8 OR BQ.1.1.9 OR BQ.1.1.10 OR BQ.1.1.11 OR BQ.1.1.12 OR BQ.1.1.13 OR BQ.1.1.14 OR BQ.1.1.15 OR BQ.1.1.16 OR BQ.1.1.17 OR BQ.1.1.18 OR BQ.1.1.19 OR BQ.1.1.20 OR BQ.1.1.21 OR BQ.1.1.22 OR BQ.1.1.23 OR BQ.1.1.24 OR BQ.1.1.25 OR BQ.1.1.26 OR BQ.1.1.27 OR BQ.1.1.28 OR BQ.1.1.29 OR BQ.1.1.30 OR BQ.1.1.31 OR BQ.1.1.32 OR BQ.1.1.34 OR BQ.1.1.35 OR BQ.1.1.36 OR BQ.1.2 OR BQ.1.3 OR BQ.1.4 OR BQ.1.5 OR BQ.1.6 OR BQ.1.7 OR BQ.1.8 OR BQ.1.8.1 OR BQ.1.8.2 OR BQ.1.9 OR BQ.1.10 OR BQ.1.10.1 OR BQ.1.11 OR BQ.1.12 OR BQ.1.13 OR BQ.1.13.1 OR BQ.1.14 OR BQ.1.15 OR BQ.1.16 OR BQ.1.17 OR BQ.1.18 OR BQ.1.19 OR BQ.1.20 OR BQ.1.21 OR BQ.1.22 OR BQ.1.23 OR BQ.1.24 OR BQ.1.25 OR BQ.1.25.1 OR BQ.1.26 OR BQ.1.26.1 OR BQ.1.27 OR BQ.1.28 OR BQ.2 OR BR.1 OR BR.1.1 OR BR.1.2 OR BR.2 OR BR.2.1 OR BR.3 OR BR.4 OR BS.1 OR BS.1.1 OR BS.1.2 OR BT.1 OR BT.2 OR BU.1 OR BU.2 OR BU.3 OR BV.1 OR BV.2 OR BW.1 OR BW.1.1 OR BY.1 OR BY.1.1 OR BY.1.1.1 OR BY.1.2 OR BY.1.2.1 OR BZ.1 OR CA.1 OR CA.2 OR CA.3 OR CA.3.1 OR CA.4 OR CA.5 OR CA.6 OR CA.7 OR CB.1 OR CC.1 OR CD.1 OR CD.2 OR CE.1 OR CF.1 OR CG.1 OR CH.1 OR CH.1.1 OR CH.1.1.1 OR CH.1.1.2 OR CH.1.1.3 OR CH.1.1.4 OR CH.1.1.5 OR CH.2 OR CH.3 OR CH.3.1 OR CJ.1 OR CJ.1.1 OR CK.1 OR CK.1.1 OR CK.1.2 OR CK.2 OR CK.2.1 OR CK.2.1.1 OR CK.3 OR CL.1 OR CM.1 OR CM.2 OR CM.2.1 OR CM.3 OR CM.4 OR CM.4.1 OR CM.5 OR CM.5.1 OR CM.5.2 OR CM.6 OR CM.6.1 OR CM.7 OR CM.8 OR CM.8.1 OR CM.9 OR CM.10 OR CM.11 OR CM.12 OR CN.1 OR CN.2 OR CP.1 OR CP.1.1 OR CP.1.2 OR CP.1.3 OR CP.2 OR CP.3 OR CP.4 OR CP.5 OR CP.6 OR CQ.1 OR CQ.1.1 OR CQ.2 OR CR.1 OR CR.1.1 OR CR.1.2 OR CR.1.3 OR CR.2 OR CS.1 OR CT.1 OR CU.1 OR CV.1 OR CV.2 OR CW.1 OR CY.1 OR CZ.1 OR DA.1 OR DB.1 OR DB.2 OR DC.1 OR DD.1 OR DE.1 OR DE.2 OR DF.1 OR DF.1.1 OR DG.1 OR DH.1 OR DJ.1 OR DJ.1.1 OR DJ.1.2 OR DJ.1.3 OR DK.1 OR DL.1 OR DM.1 OR DN.1 OR DN.1.1 OR DP.1 OR DQ.1 OR DR.1 OR DS.1 OR DT.1 OR DU.1 OR DV.1,Omicron,8.28571428571429,7.28571428571429,0.879310344827586
2022-08-08,6,5,7.71428571428571,7,0.907407407407407,0.546280678967585,0.986161766209679,B.1.1.529 OR BA.1 OR BA.1.1 OR BA.1.1.1 OR BA.1.1.2 OR BA.1.1.3 OR BA.1.1.4 OR BA.1.1.5 OR BA.1.1.6 OR BA.1.1.7 OR BA.1.1.8 OR BA.1.1.9 OR BA.1.1.10 OR BA.1.1.11 OR BA.1.1.12 OR BA.1.1.13 OR BA.1.1.14 OR BA.1.1.15 OR BA.1.1.16 OR BA.1.1.17 OR BA.1.1.18 OR BA.1.2 OR BA.1.3 OR BA.1.4 OR BA.1.5 OR BA.1.6 OR BA.1.7 OR BA.1.8 OR BA.1.9 OR BA.1.10 OR BA.1.12 OR BA.1.13 OR BA.1.13.1 OR BA.1.14 OR BA.1.14.1 OR BA.1.14.2 OR BA.1.15 OR BA.1.15.1 OR BA.1.15.2 OR BA.1.15.3 OR BA.1.16 OR BA.1.16.1 OR BA.1.16.2 OR BA.1.17 OR BA.1.17.1 OR BA.1.17.2 OR BA.1.18 OR BA.1.19 OR BA.1.20 OR BA.1.21 OR BA.1.21.1 OR BA.1.22 OR BA.1.23 OR BA.1.24 OR BA.2 OR BA.2.1 OR BA.2.2 OR BA.2.2.1 OR BA.2.3 OR BA.2.3.1 OR BA.2.3.2 OR BA.2.3.4 OR BA.2.3.5 OR BA.2.3.6 OR BA.2.3.7 OR BA.2.3.8 OR BA.2.3.9 OR BA.2.3.10 OR BA.2.3.11 OR BA.2.3.12 OR BA.2.3.13 OR BA.2.3.14 OR BA.2.3.15 OR BA.2.3.16 OR BA.2.3.17 OR BA.2.3.18 OR BA.2.3.19 OR BA.2.3.20 OR BA.2.3.21 OR BA.2.3.22 OR BA.2.4 OR BA.2.5 OR BA.2.6 OR BA.2.7 OR BA.2.8 OR BA.2.9 OR BA.2.9.1 OR BA.2.9.2 OR BA.2.9.3 OR BA.2.9.4 OR BA.2.9.5 OR BA.2.9.6 OR BA.2.9.7 OR BA.2.10 OR BA.2.10.1 OR BA.2.10.2 OR BA.2.10.3 OR BA.2.10.4 OR BA.2.11 OR BA.2.12 OR BA.2.12.1 OR BA.2.12.2 OR BA.2.13 OR BA.2.13.1 OR BA.2.14 OR BA.2.15 OR BA.2.16 OR BA.2.17 OR BA.2.18 OR BA.2.19 OR BA.2.20 OR BA.2.21 OR BA.2.22 OR BA.2.23 OR BA.2.23.1 OR BA.2.24 OR BA.2.25 OR BA.2.25.1 OR BA.2.26 OR BA.2.27 OR BA.2.28 OR BA.2.29 OR BA.2.30 OR BA.2.31 OR BA.2.31.1 OR BA.2.32 OR BA.2.33 OR BA.2.34 OR BA.2.35 OR BA.2.36 OR BA.2.37 OR BA.2.38 OR BA.2.38.1 OR BA.2.38.2 OR BA.2.38.3 OR BA.2.38.4 OR BA.2.39 OR BA.2.40 OR BA.2.40.1 OR BA.2.41 OR BA.2.42 OR BA.2.43 OR BA.2.44 OR BA.2.45 OR BA.2.46 OR BA.2.47 OR BA.2.48 OR BA.2.49 OR BA.2.50 OR BA.2.51 OR BA.2.52 OR BA.2.53 OR BA.2.54 OR BA.2.55 OR BA.2.56 OR BA.2.56.1 OR BA.2.57 OR BA.2.58 OR BA.2.59 OR BA.2.60 OR BA.2.61 OR BA.2.62 OR BA.2.63 OR BA.2.64 OR BA.2.65 OR BA.2.66 OR BA.2.67 OR BA.2.68 OR BA.2.69 OR BA.2.70 OR BA.2.71 OR BA.2.72 OR BA.2.73 OR BA.2.74 OR BA.2.75 OR BA.2.75.1 OR BA.2.75.2 OR BA.2.75.3 OR BA.2.75.4 OR BA.2.75.5 OR BA.2.75.6 OR BA.2.75.7 OR BA.2.75.8 OR BA.2.75.9 OR BA.2.75.10 OR BA.2.76 OR BA.2.76.1 OR BA.2.76.2 OR BA.2.77 OR BA.2.78 OR BA.2.79 OR BA.2.79.1 OR BA.2.80 OR BA.2.81 OR BA.2.82 OR BA.2.83 OR BA.2.85 OR BA.3 OR BA.3.1 OR BA.4 OR BA.4.1 OR BA.4.1.1 OR BA.4.1.2 OR BA.4.1.3 OR BA.4.1.4 OR BA.4.1.5 OR BA.4.1.6 OR BA.4.1.7 OR BA.4.1.8 OR BA.4.1.9 OR BA.4.1.10 OR BA.4.2 OR BA.4.3 OR BA.4.4 OR BA.4.5 OR BA.4.6 OR BA.4.6.1 OR BA.4.6.2 OR BA.4.6.3 OR BA.4.6.4 OR BA.4.6.5 OR BA.4.7 OR BA.4.8 OR BA.5 OR BA.5.1 OR BA.5.1.1 OR BA.5.1.2 OR BA.5.1.3 OR BA.5.1.4 OR BA.5.1.5 OR BA.5.1.6 OR BA.5.1.7 OR BA.5.1.8 OR BA.5.1.9 OR BA.5.1.10 OR BA.5.1.11 OR BA.5.1.12 OR BA.5.1.14 OR BA.5.1.15 OR BA.5.1.16 OR BA.5.1.17 OR BA.5.1.18 OR BA.5.1.19 OR BA.5.1.20 OR BA.5.1.21 OR BA.5.1.22 OR BA.5.1.23 OR BA.5.1.24 OR BA.5.1.25 OR BA.5.1.26 OR BA.5.1.27 OR BA.5.1.28 OR BA.5.1.29 OR BA.5.1.30 OR BA.5.1.31 OR BA.5.1.32 OR BA.5.2 OR BA.5.2.1 OR BA.5.2.2 OR BA.5.2.3 OR BA.5.2.4 OR BA.5.2.5 OR BA.5.2.6 OR BA.5.2.7 OR BA.5.2.8 OR BA.5.2.9 OR BA.5.2.10 OR BA.5.2.11 OR BA.5.2.12 OR BA.5.2.13 OR BA.5.2.14 OR BA.5.2.16 OR BA.5.2.18 OR BA.5.2.19 OR BA.5.2.20 OR BA.5.2.21 OR BA.5.2.22 OR BA.5.2.23 OR BA.5.2.24 OR BA.5.2.25 OR BA.5.2.26 OR BA.5.2.27 OR BA.5.2.28 OR BA.5.2.29 OR BA.5.2.30 OR BA.5.2.31 OR BA.5.2.32 OR BA.5.2.33 OR BA.5.2.34 OR BA.5.2.35 OR BA.5.2.36 OR BA.5.2.37 OR BA.5.2.38 OR BA.5.2.39 OR BA.5.2.40 OR BA.5.2.41 OR BA.5.2.42 OR BA.5.2.43 OR BA.5.2.44 OR BA.5.2.45 OR BA.5.2.46 OR BA.5.2.47 OR BA.5.2.48 OR BA.5.2.49 OR BA.5.3 OR BA.5.3.1 OR BA.5.3.2 OR BA.5.3.3 OR BA.5.3.4 OR BA.5.3.5 OR BA.5.5 OR BA.5.5.1 OR BA.5.5.2 OR BA.5.5.3 OR BA.5.6 OR BA.5.6.1 OR BA.5.6.2 OR BA.5.6.3 OR BA.5.6.4 OR BA.5.7 OR BA.5.8 OR BA.5.9 OR BA.5.10 OR BA.5.10.1 OR BA.5.11 OR BC.1 OR BC.2 OR BD.1 OR BE.1 OR BE.1.1 OR BE.1.1.1 OR BE.1.1.2 OR BE.1.2 OR BE.1.2.1 OR BE.1.3 OR BE.1.4 OR BE.1.4.1 OR BE.1.4.2 OR BE.1.4.3 OR BE.1.4.4 OR BE.2 OR BE.3 OR BE.4 OR BE.4.1 OR BE.4.1.1 OR BE.4.2 OR BE.5 OR BE.6 OR BE.7 OR BE.8 OR BE.9 OR BE.10 OR BF.1 OR BF.1.1 OR BF.2 OR BF.3 OR BF.3.1 OR BF.4 OR BF.5 OR BF.5.1 OR BF.5.2 OR BF.6 OR BF.7 OR BF.7.1 OR BF.7.2 OR BF.7.3 OR BF.7.4 OR BF.7.4.1 OR BF.7.4.2 OR BF.7.5 OR BF.7.5.1 OR BF.7.6 OR BF.7.7 OR BF.7.8 OR BF.7.9 OR BF.7.10 OR BF.7.11 OR BF.7.12 OR BF.7.13 OR BF.7.13.1 OR BF.7.13.2 OR BF.7.14 OR BF.7.15 OR BF.8 OR BF.9 OR BF.10 OR BF.10.1 OR BF.11 OR BF.11.1 OR BF.11.2 OR BF.11.3 OR BF.11.4 OR BF.11.5 OR BF.12 OR BF.13 OR BF.14 OR BF.15 OR BF.16 OR BF.17 OR BF.18 OR BF.19 OR BF.20 OR BF.21 OR BF.22 OR BF.23 OR BF.24 OR BF.25 OR BF.26 OR BF.27 OR BF.28 OR BF.29 OR BF.30 OR BF.31 OR BF.31.1 OR BF.32 OR BF.33 OR BF.34 OR BG.1 OR BG.2 OR BG.3 OR BG.4 OR BG.5 OR BG.6 OR BG.7 OR BH.1 OR BJ.1 OR BK.1 OR BL.1 OR BL.1.1 OR BL.1.2 OR BL.1.3 OR BL.1.4 OR BL.2 OR BL.2.1 OR BL.3 OR BL.4 OR BL.5 OR BL.6 OR BM.1 OR BM.1.1 OR BM.1.1.1 OR BM.1.1.2 OR BM.1.1.3 OR BM.1.1.4 OR BM.1.1.5 OR BM.2 OR BM.2.1 OR BM.2.2 OR BM.2.3 OR BM.3 OR BM.4 OR BM.4.1 OR BM.4.1.1 OR BM.5 OR BM.6 OR BN.1 OR BN.1.1 OR BN.1.1.1 OR BN.1.2 OR BN.1.2.1 OR BN.1.3 OR BN.1.3.1 OR BN.1.3.2 OR BN.1.3.3 OR BN.1.3.4 OR BN.1.4 OR BN.1.4.1 OR BN.1.5 OR BN.1.5.1 OR BN.1.6 OR BN.1.7 OR BN.1.8 OR BN.1.9 OR BN.2 OR BN.2.1 OR BN.3 OR BN.3.1 OR BN.4 OR BN.5 OR BN.6 OR BP.1 OR BQ.1 OR BQ.1.1 OR BQ.1.1.1 OR BQ.1.1.2 OR BQ.1.1.3 OR BQ.1.1.4 OR BQ.1.1.5 OR BQ.1.1.6 OR BQ.1.1.7 OR BQ.1.1.8 OR BQ.1.1.9 OR BQ.1.1.10 OR BQ.1.1.11 OR BQ.1.1.12 OR BQ.1.1.13 OR BQ.1.1.14 OR BQ.1.1.15 OR BQ.1.1.16 OR BQ.1.1.17 OR BQ.1.1.18 OR BQ.1.1.19 OR BQ.1.1.20 OR BQ.1.1.21 OR BQ.1.1.22 OR BQ.1.1.23 OR BQ.1.1.24 OR BQ.1.1.25 OR BQ.1.1.26 OR BQ.1.1.27 OR BQ.1.1.28 OR BQ.1.1.29 OR BQ.1.1.30 OR BQ.1.1.31 OR BQ.1.1.32 OR BQ.1.1.34 OR BQ.1.1.35 OR BQ.1.1.36 OR BQ.1.2 OR BQ.1.3 OR BQ.1.4 OR BQ.1.5 OR BQ.1.6 OR BQ.1.7 OR BQ.1.8 OR BQ.1.8.1 OR BQ.1.8.2 OR BQ.1.9 OR BQ.1.10 OR BQ.1.10.1 OR BQ.1.11 OR BQ.1.12 OR BQ.1.13 OR BQ.1.13.1 OR BQ.1.14 OR BQ.1.15 OR BQ.1.16 OR BQ.1.17 OR BQ.1.18 OR BQ.1.19 OR BQ.1.20 OR BQ.1.21 OR BQ.1.22 OR BQ.1.23 OR BQ.1.24 OR BQ.1.25 OR BQ.1.25.1 OR BQ.1.26 OR BQ.1.26.1 OR BQ.1.27 OR BQ.1.28 OR BQ.2 OR BR.1 OR BR.1.1 OR BR.1.2 OR BR.2 OR BR.2.1 OR BR.3 OR BR.4 OR BS.1 OR BS.1.1 OR BS.1.2 OR BT.1 OR BT.2 OR BU.1 OR BU.2 OR BU.3 OR BV.1 OR BV.2 OR BW.1 OR BW.1.1 OR BY.1 OR BY.1.1 OR BY.1.1.1 OR BY.1.2 OR BY.1.2.1 OR BZ.1 OR CA.1 OR CA.2 OR CA.3 OR CA.3.1 OR CA.4 OR CA.5 OR CA.6 OR CA.7 OR CB.1 OR CC.1 OR CD.1 OR CD.2 OR CE.1 OR CF.1 OR CG.1 OR CH.1 OR CH.1.1 OR CH.1.1.1 OR CH.1.1.2 OR CH.1.1.3 OR CH.1.1.4 OR CH.1.1.5 OR CH.2 OR CH.3 OR CH.3.1 OR CJ.1 OR CJ.1.1 OR CK.1 OR CK.1.1 OR CK.1.2 OR CK.2 OR CK.2.1 OR CK.2.1.1 OR CK.3 OR CL.1 OR CM.1 OR CM.2 OR CM.2.1 OR CM.3 OR CM.4 OR CM.4.1 OR CM.5 OR CM.5.1 OR CM.5.2 OR CM.6 OR CM.6.1 OR CM.7 OR CM.8 OR CM.8.1 OR CM.9 OR CM.10 OR CM.11 OR CM.12 OR CN.1 OR CN.2 OR CP.1 OR CP.1.1 OR CP.1.2 OR CP.1.3 OR CP.2 OR CP.3 OR CP.4 OR CP.5 OR CP.6 OR CQ.1 OR CQ.1.1 OR CQ.2 OR CR.1 OR CR.1.1 OR CR.1.2 OR CR.1.3 OR CR.2 OR CS.1 OR CT.1 OR CU.1 OR CV.1 OR CV.2 OR CW.1 OR CY.1 OR CZ.1 OR DA.1 OR DB.1 OR DB.2 OR DC.1 OR DD.1 OR DE.1 OR DE.2 OR DF.1 OR DF.1.1 OR DG.1 OR DH.1 OR DJ.1 OR DJ.1.1 OR DJ.1.2 OR DJ.1.3 OR DK.1 OR DL.1 OR DM.1 OR DN.1 OR DN.1.1 OR DP.1 OR DQ.1 OR DR.1 OR DS.1 OR DT.1 OR DU.1 OR DV.1,Omicron,8.14285714285714,7.07142857142857,0.868421052631579
2022-08-09,4,4,7.42857142857143,6.85714285714286,0.923076923076923,0.70756382633769,0.999932313535756,B.1.1.529 OR BA.1 OR BA.1.1 OR BA.1.1.1 OR BA.1.1.2 OR BA.1.1.3 OR BA.1.1.4 OR BA.1.1.5 OR BA.1.1.6 OR BA.1.1.7 OR BA.1.1.8 OR BA.1.1.9 OR BA.1.1.10 OR BA.1.1.11 OR BA.1.1.12 OR BA.1.1.13 OR BA.1.1.14 OR BA.1.1.15 OR BA.1.1.16 OR BA.1.1.17 OR BA.1.1.18 OR BA.1.2 OR BA.1.3 OR BA.1.4 OR BA.1.5 OR BA.1.6 OR BA.1.7 OR BA.1.8 OR BA.1.9 OR BA.1.10 OR BA.1.12 OR BA.1.13 OR BA.1.13.1 OR BA.1.14 OR BA.1.14.1 OR BA.1.14.2 OR BA.1.15 OR BA.1.15.1 OR BA.1.15.2 OR BA.1.15.3 OR BA.1.16 OR BA.1.16.1 OR BA.1.16.2 OR BA.1.17 OR BA.1.17.1 OR BA.1.17.2 OR BA.1.18 OR BA.1.19 OR BA.1.20 OR BA.1.21 OR BA.1.21.1 OR BA.1.22 OR BA.1.23 OR BA.1.24 OR BA.2 OR BA.2.1 OR BA.2.2 OR BA.2.2.1 OR BA.2.3 OR BA.2.3.1 OR BA.2.3.2 OR BA.2.3.4 OR BA.2.3.5 OR BA.2.3.6 OR BA.2.3.7 OR BA.2.3.8 OR BA.2.3.9 OR BA.2.3.10 OR BA.2.3.11 OR BA.2.3.12 OR BA.2.3.13 OR BA.2.3.14 OR BA.2.3.15 OR BA.2.3.16 OR BA.2.3.17 OR BA.2.3.18 OR BA.2.3.19 OR BA.2.3.20 OR BA.2.3.21 OR BA.2.3.22 OR BA.2.4 OR BA.2.5 OR BA.2.6 OR BA.2.7 OR BA.2.8 OR BA.2.9 OR BA.2.9.1 OR BA.2.9.2 OR BA.2.9.3 OR BA.2.9.4 OR BA.2.9.5 OR BA.2.9.6 OR BA.2.9.7 OR BA.2.10 OR BA.2.10.1 OR BA.2.10.2 OR BA.2.10.3 OR BA.2.10.4 OR BA.2.11 OR BA.2.12 OR BA.2.12.1 OR BA.2.12.2 OR BA.2.13 OR BA.2.13.1 OR BA.2.14 OR BA.2.15 OR BA.2.16 OR BA.2.17 OR BA.2.18 OR BA.2.19 OR BA.2.20 OR BA.2.21 OR BA.2.22 OR BA.2.23 OR BA.2.23.1 OR BA.2.24 OR BA.2.25 OR BA.2.25.1 OR BA.2.26 OR BA.2.27 OR BA.2.28 OR BA.2.29 OR BA.2.30 OR BA.2.31 OR BA.2.31.1 OR BA.2.32 OR BA.2.33 OR BA.2.34 OR BA.2.35 OR BA.2.36 OR BA.2.37 OR BA.2.38 OR BA.2.38.1 OR BA.2.38.2 OR BA.2.38.3 OR BA.2.38.4 OR BA.2.39 OR BA.2.40 OR BA.2.40.1 OR BA.2.41 OR BA.2.42 OR BA.2.43 OR BA.2.44 OR BA.2.45 OR BA.2.46 OR BA.2.47 OR BA.2.48 OR BA.2.49 OR BA.2.50 OR BA.2.51 OR BA.2.52 OR BA.2.53 OR BA.2.54 OR BA.2.55 OR BA.2.56 OR BA.2.56.1 OR BA.2.57 OR BA.2.58 OR BA.2.59 OR BA.2.60 OR BA.2.61 OR BA.2.62 OR BA.2.63 OR BA.2.64 OR BA.2.65 OR BA.2.66 OR BA.2.67 OR BA.2.68 OR BA.2.69 OR BA.2.70 OR BA.2.71 OR BA.2.72 OR BA.2.73 OR BA.2.74 OR BA.2.75 OR BA.2.75.1 OR BA.2.75.2 OR BA.2.75.3 OR BA.2.75.4 OR BA.2.75.5 OR BA.2.75.6 OR BA.2.75.7 OR BA.2.75.8 OR BA.2.75.9 OR BA.2.75.10 OR BA.2.76 OR BA.2.76.1 OR BA.2.76.2 OR BA.2.77 OR BA.2.78 OR BA.2.79 OR BA.2.79.1 OR BA.2.80 OR BA.2.81 OR BA.2.82 OR BA.2.83 OR BA.2.85 OR BA.3 OR BA.3.1 OR BA.4 OR BA.4.1 OR BA.4.1.1 OR BA.4.1.2 OR BA.4.1.3 OR BA.4.1.4 OR BA.4.1.5 OR BA.4.1.6 OR BA.4.1.7 OR BA.4.1.8 OR BA.4.1.9 OR BA.4.1.10 OR BA.4.2 OR BA.4.3 OR BA.4.4 OR BA.4.5 OR BA.4.6 OR BA.4.6.1 OR BA.4.6.2 OR BA.4.6.3 OR BA.4.6.4 OR BA.4.6.5 OR BA.4.7 OR BA.4.8 OR BA.5 OR BA.5.1 OR BA.5.1.1 OR BA.5.1.2 OR BA.5.1.3 OR BA.5.1.4 OR BA.5.1.5 OR BA.5.1.6 OR BA.5.1.7 OR BA.5.1.8 OR BA.5.1.9 OR BA.5.1.10 OR BA.5.1.11 OR BA.5.1.12 OR BA.5.1.14 OR BA.5.1.15 OR BA.5.1.16 OR BA.5.1.17 OR BA.5.1.18 OR BA.5.1.19 OR BA.5.1.20 OR BA.5.1.21 OR BA.5.1.22 OR BA.5.1.23 OR BA.5.1.24 OR BA.5.1.25 OR BA.5.1.26 OR BA.5.1.27 OR BA.5.1.28 OR BA.5.1.29 OR BA.5.1.30 OR BA.5.1.31 OR BA.5.1.32 OR BA.5.2 OR BA.5.2.1 OR BA.5.2.2 OR BA.5.2.3 OR BA.5.2.4 OR BA.5.2.5 OR BA.5.2.6 OR BA.5.2.7 OR BA.5.2.8 OR BA.5.2.9 OR BA.5.2.10 OR BA.5.2.11 OR BA.5.2.12 OR BA.5.2.13 OR BA.5.2.14 OR BA.5.2.16 OR BA.5.2.18 OR BA.5.2.19 OR BA.5.2.20 OR BA.5.2.21 OR BA.5.2.22 OR BA.5.2.23 OR BA.5.2.24 OR BA.5.2.25 OR BA.5.2.26 OR BA.5.2.27 OR BA.5.2.28 OR BA.5.2.29 OR BA.5.2.30 OR BA.5.2.31 OR BA.5.2.32 OR BA.5.2.33 OR BA.5.2.34 OR BA.5.2.35 OR BA.5.2.36 OR BA.5.2.37 OR BA.5.2.38 OR BA.5.2.39 OR BA.5.2.40 OR BA.5.2.41 OR BA.5.2.42 OR BA.5.2.43 OR BA.5.2.44 OR BA.5.2.45 OR BA.5.2.46 OR BA.5.2.47 OR BA.5.2.48 OR BA.5.2.49 OR BA.5.3 OR BA.5.3.1 OR BA.5.3.2 OR BA.5.3.3 OR BA.5.3.4 OR BA.5.3.5 OR BA.5.5 OR BA.5.5.1 OR BA.5.5.2 OR BA.5.5.3 OR BA.5.6 OR BA.5.6.1 OR BA.5.6.2 OR BA.5.6.3 OR BA.5.6.4 OR BA.5.7 OR BA.5.8 OR BA.5.9 OR BA.5.10 OR BA.5.10.1 OR BA.5.11 OR BC.1 OR BC.2 OR BD.1 OR BE.1 OR BE.1.1 OR BE.1.1.1 OR BE.1.1.2 OR BE.1.2 OR BE.1.2.1 OR BE.1.3 OR BE.1.4 OR BE.1.4.1 OR BE.1.4.2 OR BE.1.4.3 OR BE.1.4.4 OR BE.2 OR BE.3 OR BE.4 OR BE.4.1 OR BE.4.1.1 OR BE.4.2 OR BE.5 OR BE.6 OR BE.7 OR BE.8 OR BE.9 OR BE.10 OR BF.1 OR BF.1.1 OR BF.2 OR BF.3 OR BF.3.1 OR BF.4 OR BF.5 OR BF.5.1 OR BF.5.2 OR BF.6 OR BF.7 OR BF.7.1 OR BF.7.2 OR BF.7.3 OR BF.7.4 OR BF.7.4.1 OR BF.7.4.2 OR BF.7.5 OR BF.7.5.1 OR BF.7.6 OR BF.7.7 OR BF.7.8 OR BF.7.9 OR BF.7.10 OR BF.7.11 OR BF.7.12 OR BF.7.13 OR BF.7.13.1 OR BF.7.13.2 OR BF.7.14 OR BF.7.15 OR BF.8 OR BF.9 OR BF.10 OR BF.10.1 OR BF.11 OR BF.11.1 OR BF.11.2 OR BF.11.3 OR BF.11.4 OR BF.11.5 OR BF.12 OR BF.13 OR BF.14 OR BF.15 OR BF.16 OR BF.17 OR BF.18 OR BF.19 OR BF.20 OR BF.21 OR BF.22 OR BF.23 OR BF.24 OR BF.25 OR BF.26 OR BF.27 OR BF.28 OR BF.29 OR BF.30 OR BF.31 OR BF.31.1 OR BF.32 OR BF.33 OR BF.34 OR BG.1 OR BG.2 OR BG.3 OR BG.4 OR BG.5 OR BG.6 OR BG.7 OR BH.1 OR BJ.1 OR BK.1 OR BL.1 OR BL.1.1 OR BL.1.2 OR BL.1.3 OR BL.1.4 OR BL.2 OR BL.2.1 OR BL.3 OR BL.4 OR BL.5 OR BL.6 OR BM.1 OR BM.1.1 OR BM.1.1.1 OR BM.1.1.2 OR BM.1.1.3 OR BM.1.1.4 OR BM.1.1.5 OR BM.2 OR BM.2.1 OR BM.2.2 OR BM.2.3 OR BM.3 OR BM.4 OR BM.4.1 OR BM.4.1.1 OR BM.5 OR BM.6 OR BN.1 OR BN.1.1 OR BN.1.1.1 OR BN.1.2 OR BN.1.2.1 OR BN.1.3 OR BN.1.3.1 OR BN.1.3.2 OR BN.1.3.3 OR BN.1.3.4 OR BN.1.4 OR BN.1.4.1 OR BN.1.5 OR BN.1.5.1 OR BN.1.6 OR BN.1.7 OR BN.1.8 OR BN.1.9 OR BN.2 OR BN.2.1 OR BN.3 OR BN.3.1 OR BN.4 OR BN.5 OR BN.6 OR BP.1 OR BQ.1 OR BQ.1.1 OR BQ.1.1.1 OR BQ.1.1.2 OR BQ.1.1.3 OR BQ.1.1.4 OR BQ.1.1.5 OR BQ.1.1.6 OR BQ.1.1.7 OR BQ.1.1.8 OR BQ.1.1.9 OR BQ.1.1.10 OR BQ.1.1.11 OR BQ.1.1.12 OR BQ.1.1.13 OR BQ.1.1.14 OR BQ.1.1.15 OR BQ.1.1.16 OR BQ.1.1.17 OR BQ.1.1.18 OR BQ.1.1.19 OR BQ.1.1.20 OR BQ.1.1.21 OR BQ.1.1.22 OR BQ.1.1.23 OR BQ.1.1.24 OR BQ.1.1.25 OR BQ.1.1.26 OR BQ.1.1.27 OR BQ.1.1.28 OR BQ.1.1.29 OR BQ.1.1.30 OR BQ.1.1.31 OR BQ.1.1.32 OR BQ.1.1.34 OR BQ.1.1.35 OR BQ.1.1.36 OR BQ.1.2 OR BQ.1.3 OR BQ.1.4 OR BQ.1.5 OR BQ.1.6 OR BQ.1.7 OR BQ.1.8 OR BQ.1.8.1 OR BQ.1.8.2 OR BQ.1.9 OR BQ.1.10 OR BQ.1.10.1 OR BQ.1.11 OR BQ.1.12 OR BQ.1.13 OR BQ.1.13.1 OR BQ.1.14 OR BQ.1.15 OR BQ.1.16 OR BQ.1.17 OR BQ.1.18 OR BQ.1.19 OR BQ.1.20 OR BQ.1.21 OR BQ.1.22 OR BQ.1.23 OR BQ.1.24 OR BQ.1.25 OR BQ.1.25.1 OR BQ.1.26 OR BQ.1.26.1 OR BQ.1.27 OR BQ.1.28 OR BQ.2 OR BR.1 OR BR.1.1 OR BR.1.2 OR BR.2 OR BR.2.1 OR BR.3 OR BR.4 OR BS.1 OR BS.1.1 OR BS.1.2 OR BT.1 OR BT.2 OR BU.1 OR BU.2 OR BU.3 OR BV.1 OR BV.2 OR BW.1 OR BW.1.1 OR BY.1 OR BY.1.1 OR BY.1.1.1 OR BY.1.2 OR BY.1.2.1 OR BZ.1 OR CA.1 OR CA.2 OR CA.3 OR CA.3.1 OR CA.4 OR CA.5 OR CA.6 OR CA.7 OR CB.1 OR CC.1 OR CD.1 OR CD.2 OR CE.1 OR CF.1 OR CG.1 OR CH.1 OR CH.1.1 OR CH.1.1.1 OR CH.1.1.2 OR CH.1.1.3 OR CH.1.1.4 OR CH.1.1.5 OR CH.2 OR CH.3 OR CH.3.1 OR CJ.1 OR CJ.1.1 OR CK.1 OR CK.1.1 OR CK.1.2 OR CK.2 OR CK.2.1 OR CK.2.1.1 OR CK.3 OR CL.1 OR CM.1 OR CM.2 OR CM.2.1 OR CM.3 OR CM.4 OR CM.4.1 OR CM.5 OR CM.5.1 OR CM.5.2 OR CM.6 OR CM.6.1 OR CM.7 OR CM.8 OR CM.8.1 OR CM.9 OR CM.10 OR CM.11 OR CM.12 OR CN.1 OR CN.2 OR CP.1 OR CP.1.1 OR CP.1.2 OR CP.1.3 OR CP.2 OR CP.3 OR CP.4 OR CP.5 OR CP.6 OR CQ.1 OR CQ.1.1 OR CQ.2 OR CR.1 OR CR.1.1 OR CR.1.2 OR CR.1.3 OR CR.2 OR CS.1 OR CT.1 OR CU.1 OR CV.1 OR CV.2 OR CW.1 OR CY.1 OR CZ.1 OR DA.1 OR DB.1 OR DB.2 OR DC.1 OR DD.1 OR DE.1 OR DE.2 OR DF.1 OR DF.1.1 OR DG.1 OR DH.1 OR DJ.1 OR DJ.1.1 OR DJ.1.2 OR DJ.1.3 OR DK.1 OR DL.1 OR DM.1 OR DN.1 OR DN.1.1 OR DP.1 OR DQ.1 OR DR.1 OR DS.1 OR DT.1 OR DU.1 OR DV.1,Omicron,7.42857142857143,6.57142857142857,0.884615384615385
2022-08-10,9,7,7,6.28571428571429,0.897959183673469,0.499202538380922,0.984123475787253,B.1.1.529 OR BA.1 OR BA.1.1 OR BA.1.1.1 OR BA.1.1.2 OR BA.1.1.3 OR BA.1.1.4 OR BA.1.1.5 OR BA.1.1.6 OR BA.1.1.7 OR BA.1.1.8 OR BA.1.1.9 OR BA.1.1.10 OR BA.1.1.11 OR BA.1.1.12 OR BA.1.1.13 OR BA.1.1.14 OR BA.1.1.15 OR BA.1.1.16 OR BA.1.1.17 OR BA.1.1.18 OR BA.1.2 OR BA.1.3 OR BA.1.4 OR BA.1.5 OR BA.1.6 OR BA.1.7 OR BA.1.8 OR BA.1.9 OR BA.1.10 OR BA.1.12 OR BA.1.13 OR BA.1.13.1 OR BA.1.14 OR BA.1.14.1 OR BA.1.14.2 OR BA.1.15 OR BA.1.15.1 OR BA.1.15.2 OR BA.1.15.3 OR BA.1.16 OR BA.1.16.1 OR BA.1.16.2 OR BA.1.17 OR BA.1.17.1 OR BA.1.17.2 OR BA.1.18 OR BA.1.19 OR BA.1.20 OR BA.1.21 OR BA.1.21.1 OR BA.1.22 OR BA.1.23 OR BA.1.24 OR BA.2 OR BA.2.1 OR BA.2.2 OR BA.2.2.1 OR BA.2.3 OR BA.2.3.1 OR BA.2.3.2 OR BA.2.3.4 OR BA.2.3.5 OR BA.2.3.6 OR BA.2.3.7 OR BA.2.3.8 OR BA.2.3.9 OR BA.2.3.10 OR BA.2.3.11 OR BA.2.3.12 OR BA.2.3.13 OR BA.2.3.14 OR BA.2.3.15 OR BA.2.3.16 OR BA.2.3.17 OR BA.2.3.18 OR BA.2.3.19 OR BA.2.3.20 OR BA.2.3.21 OR BA.2.3.22 OR BA.2.4 OR BA.2.5 OR BA.2.6 OR BA.2.7 OR BA.2.8 OR BA.2.9 OR BA.2.9.1 OR BA.2.9.2 OR BA.2.9.3 OR BA.2.9.4 OR BA.2.9.5 OR BA.2.9.6 OR BA.2.9.7 OR BA.2.10 OR BA.2.10.1 OR BA.2.10.2 OR BA.2.10.3 OR BA.2.10.4 OR BA.2.11 OR BA.2.12 OR BA.2.12.1 OR BA.2.12.2 OR BA.2.13 OR BA.2.13.1 OR BA.2.14 OR BA.2.15 OR BA.2.16 OR BA.2.17 OR BA.2.18 OR BA.2.19 OR BA.2.20 OR BA.2.21 OR BA.2.22 OR BA.2.23 OR BA.2.23.1 OR BA.2.24 OR BA.2.25 OR BA.2.25.1 OR BA.2.26 OR BA.2.27 OR BA.2.28 OR BA.2.29 OR BA.2.30 OR BA.2.31 OR BA.2.31.1 OR BA.2.32 OR BA.2.33 OR BA.2.34 OR BA.2.35 OR BA.2.36 OR BA.2.37 OR BA.2.38 OR BA.2.38.1 OR BA.2.38.2 OR BA.2.38.3 OR BA.2.38.4 OR BA.2.39 OR BA.2.40 OR BA.2.40.1 OR BA.2.41 OR BA.2.42 OR BA.2.43 OR BA.2.44 OR BA.2.45 OR BA.2.46 OR BA.2.47 OR BA.2.48 OR BA.2.49 OR BA.2.50 OR BA.2.51 OR BA.2.52 OR BA.2.53 OR BA.2.54 OR BA.2.55 OR BA.2.56 OR BA.2.56.1 OR BA.2.57 OR BA.2.58 OR BA.2.59 OR BA.2.60 OR BA.2.61 OR BA.2.62 OR BA.2.63 OR BA.2.64 OR BA.2.65 OR BA.2.66 OR BA.2.67 OR BA.2.68 OR BA.2.69 OR BA.2.70 OR BA.2.71 OR BA.2.72 OR BA.2.73 OR BA.2.74 OR BA.2.75 OR BA.2.75.1 OR BA.2.75.2 OR BA.2.75.3 OR BA.2.75.4 OR BA.2.75.5 OR BA.2.75.6 OR BA.2.75.7 OR BA.2.75.8 OR BA.2.75.9 OR BA.2.75.10 OR BA.2.76 OR BA.2.76.1 OR BA.2.76.2 OR BA.2.77 OR BA.2.78 OR BA.2.79 OR BA.2.79.1 OR BA.2.80 OR BA.2.81 OR BA.2.82 OR BA.2.83 OR BA.2.85 OR BA.3 OR BA.3.1 OR BA.4 OR BA.4.1 OR BA.4.1.1 OR BA.4.1.2 OR BA.4.1.3 OR BA.4.1.4 OR BA.4.1.5 OR BA.4.1.6 OR BA.4.1.7 OR BA.4.1.8 OR BA.4.1.9 OR BA.4.1.10 OR BA.4.2 OR BA.4.3 OR BA.4.4 OR BA.4.5 OR BA.4.6 OR BA.4.6.1 OR BA.4.6.2 OR BA.4.6.3 OR BA.4.6.4 OR BA.4.6.5 OR BA.4.7 OR BA.4.8 OR BA.5 OR BA.5.1 OR BA.5.1.1 OR BA.5.1.2 OR BA.5.1.3 OR BA.5.1.4 OR BA.5.1.5 OR BA.5.1.6 OR BA.5.1.7 OR BA.5.1.8 OR BA.5.1.9 OR BA.5.1.10 OR BA.5.1.11 OR BA.5.1.12 OR BA.5.1.14 OR BA.5.1.15 OR BA.5.1.16 OR BA.5.1.17 OR BA.5.1.18 OR BA.5.1.19 OR BA.5.1.20 OR BA.5.1.21 OR BA.5.1.22 OR BA.5.1.23 OR BA.5.1.24 OR BA.5.1.25 OR BA.5.1.26 OR BA.5.1.27 OR BA.5.1.28 OR BA.5.1.29 OR BA.5.1.30 OR BA.5.1.31 OR BA.5.1.32 OR BA.5.2 OR BA.5.2.1 OR BA.5.2.2 OR BA.5.2.3 OR BA.5.2.4 OR BA.5.2.5 OR BA.5.2.6 OR BA.5.2.7 OR BA.5.2.8 OR BA.5.2.9 OR BA.5.2.10 OR BA.5.2.11 OR BA.5.2.12 OR BA.5.2.13 OR BA.5.2.14 OR BA.5.2.16 OR BA.5.2.18 OR BA.5.2.19 OR BA.5.2.20 OR BA.5.2.21 OR BA.5.2.22 OR BA.5.2.23 OR BA.5.2.24 OR BA.5.2.25 OR BA.5.2.26 OR BA.5.2.27 OR BA.5.2.28 OR BA.5.2.29 OR BA.5.2.30 OR BA.5.2.31 OR BA.5.2.32 OR BA.5.2.33 OR BA.5.2.34 OR BA.5.2.35 OR BA.5.2.36 OR BA.5.2.37 OR BA.5.2.38 OR BA.5.2.39 OR BA.5.2.40 OR BA.5.2.41 OR BA.5.2.42 OR BA.5.2.43 OR BA.5.2.44 OR BA.5.2.45 OR BA.5.2.46 OR BA.5.2.47 OR BA.5.2.48 OR BA.5.2.49 OR BA.5.3 OR BA.5.3.1 OR BA.5.3.2 OR BA.5.3.3 OR BA.5.3.4 OR BA.5.3.5 OR BA.5.5 OR BA.5.5.1 OR BA.5.5.2 OR BA.5.5.3 OR BA.5.6 OR BA.5.6.1 OR BA.5.6.2 OR BA.5.6.3 OR BA.5.6.4 OR BA.5.7 OR BA.5.8 OR BA.5.9 OR BA.5.10 OR BA.5.10.1 OR BA.5.11 OR BC.1 OR BC.2 OR BD.1 OR BE.1 OR BE.1.1 OR BE.1.1.1 OR BE.1.1.2 OR BE.1.2 OR BE.1.2.1 OR BE.1.3 OR BE.1.4 OR BE.1.4.1 OR BE.1.4.2 OR BE.1.4.3 OR BE.1.4.4 OR BE.2 OR BE.3 OR BE.4 OR BE.4.1 OR BE.4.1.1 OR BE.4.2 OR BE.5 OR BE.6 OR BE.7 OR BE.8 OR BE.9 OR BE.10 OR BF.1 OR BF.1.1 OR BF.2 OR BF.3 OR BF.3.1 OR BF.4 OR BF.5 OR BF.5.1 OR BF.5.2 OR BF.6 OR BF.7 OR BF.7.1 OR BF.7.2 OR BF.7.3 OR BF.7.4 OR BF.7.4.1 OR BF.7.4.2 OR BF.7.5 OR BF.7.5.1 OR BF.7.6 OR BF.7.7 OR BF.7.8 OR BF.7.9 OR BF.7.10 OR BF.7.11 OR BF.7.12 OR BF.7.13 OR BF.7.13.1 OR BF.7.13.2 OR BF.7.14 OR BF.7.15 OR BF.8 OR BF.9 OR BF.10 OR BF.10.1 OR BF.11 OR BF.11.1 OR BF.11.2 OR BF.11.3 OR BF.11.4 OR BF.11.5 OR BF.12 OR BF.13 OR BF.14 OR BF.15 OR BF.16 OR BF.17 OR BF.18 OR BF.19 OR BF.20 OR BF.21 OR BF.22 OR BF.23 OR BF.24 OR BF.25 OR BF.26 OR BF.27 OR BF.28 OR BF.29 OR BF.30 OR BF.31 OR BF.31.1 OR BF.32 OR BF.33 OR BF.34 OR BG.1 OR BG.2 OR BG.3 OR BG.4 OR BG.5 OR BG.6 OR BG.7 OR BH.1 OR BJ.1 OR BK.1 OR BL.1 OR BL.1.1 OR BL.1.2 OR BL.1.3 OR BL.1.4 OR BL.2 OR BL.2.1 OR BL.3 OR BL.4 OR BL.5 OR BL.6 OR BM.1 OR BM.1.1 OR BM.1.1.1 OR BM.1.1.2 OR BM.1.1.3 OR BM.1.1.4 OR BM.1.1.5 OR BM.2 OR BM.2.1 OR BM.2.2 OR BM.2.3 OR BM.3 OR BM.4 OR BM.4.1 OR BM.4.1.1 OR BM.5 OR BM.6 OR BN.1 OR BN.1.1 OR BN.1.1.1 OR BN.1.2 OR BN.1.2.1 OR BN.1.3 OR BN.1.3.1 OR BN.1.3.2 OR BN.1.3.3 OR BN.1.3.4 OR BN.1.4 OR BN.1.4.1 OR BN.1.5 OR BN.1.5.1 OR BN.1.6 OR BN.1.7 OR BN.1.8 OR BN.1.9 OR BN.2 OR BN.2.1 OR BN.3 OR BN.3.1 OR BN.4 OR BN.5 OR BN.6 OR BP.1 OR BQ.1 OR BQ.1.1 OR BQ.1.1.1 OR BQ.1.1.2 OR BQ.1.1.3 OR BQ.1.1.4 OR BQ.1.1.5 OR BQ.1.1.6 OR BQ.1.1.7 OR BQ.1.1.8 OR BQ.1.1.9 OR BQ.1.1.10 OR BQ.1.1.11 OR BQ.1.1.12 OR BQ.1.1.13 OR BQ.1.1.14 OR BQ.1.1.15 OR BQ.1.1.16 OR BQ.1.1.17 OR BQ.1.1.18 OR BQ.1.1.19 OR BQ.1.1.20 OR BQ.1.1.21 OR BQ.1.1.22 OR BQ.1.1.23 OR BQ.1.1.24 OR BQ.1.1.25 OR BQ.1.1.26 OR BQ.1.1.27 OR BQ.1.1.28 OR BQ.1.1.29 OR BQ.1.1.30 OR BQ.1.1.31 OR BQ.1.1.32 OR BQ.1.1.34 OR BQ.1.1.35 OR BQ.1.1.36 OR BQ.1.2 OR BQ.1.3 OR BQ.1.4 OR BQ.1.5 OR BQ.1.6 OR BQ.1.7 OR BQ.1.8 OR BQ.1.8.1 OR BQ.1.8.2 OR BQ.1.9 OR BQ.1.10 OR BQ.1.10.1 OR BQ.1.11 OR BQ.1.12 OR BQ.1.13 OR BQ.1.13.1 OR BQ.1.14 OR BQ.1.15 OR BQ.1.16 OR BQ.1.17 OR BQ.1.18 OR BQ.1.19 OR BQ.1.20 OR BQ.1.21 OR BQ.1.22 OR BQ.1.23 OR BQ.1.24 OR BQ.1.25 OR BQ.1.25.1 OR BQ.1.26 OR BQ.1.26.1 OR BQ.1.27 OR BQ.1.28 OR BQ.2 OR BR.1 OR BR.1.1 OR BR.1.2 OR BR.2 OR BR.2.1 OR BR.3 OR BR.4 OR BS.1 OR BS.1.1 OR BS.1.2 OR BT.1 OR BT.2 OR BU.1 OR BU.2 OR BU.3 OR BV.1 OR BV.2 OR BW.1 OR BW.1.1 OR BY.1 OR BY.1.1 OR BY.1.1.1 OR BY.1.2 OR BY.1.2.1 OR BZ.1 OR CA.1 OR CA.2 OR CA.3 OR CA.3.1 OR CA.4 OR CA.5 OR CA.6 OR CA.7 OR CB.1 OR CC.1 OR CD.1 OR CD.2 OR CE.1 OR CF.1 OR CG.1 OR CH.1 OR CH.1.1 OR CH.1.1.1 OR CH.1.1.2 OR CH.1.1.3 OR CH.1.1.4 OR CH.1.1.5 OR CH.2 OR CH.3 OR CH.3.1 OR CJ.1 OR CJ.1.1 OR CK.1 OR CK.1.1 OR CK.1.2 OR CK.2 OR CK.2.1 OR CK.2.1.1 OR CK.3 OR CL.1 OR CM.1 OR CM.2 OR CM.2.1 OR CM.3 OR CM.4 OR CM.4.1 OR CM.5 OR CM.5.1 OR CM.5.2 OR CM.6 OR CM.6.1 OR CM.7 OR CM.8 OR CM.8.1 OR CM.9 OR CM.10 OR CM.11 OR CM.12 OR CN.1 OR CN.2 OR CP.1 OR CP.1.1 OR CP.1.2 OR CP.1.3 OR CP.2 OR CP.3 OR CP.4 OR CP.5 OR CP.6 OR CQ.1 OR CQ.1.1 OR CQ.2 OR CR.1 OR CR.1.1 OR CR.1.2 OR CR.1.3 OR CR.2 OR CS.1 OR CT.1 OR CU.1 OR CV.1 OR CV.2 OR CW.1 OR CY.1 OR CZ.1 OR DA.1 OR DB.1 OR DB.2 OR DC.1 OR DD.1 OR DE.1 OR DE.2 OR DF.1 OR DF.1.1 OR DG.1 OR DH.1 OR DJ.1 OR DJ.1.1 OR DJ.1.2 OR DJ.1.3 OR DK.1 OR DL.1 OR DM.1 OR DN.1 OR DN.1.1 OR DP.1 OR DQ.1 OR DR.1 OR DS.1 OR DT.1 OR DU.1 OR DV.1,Omicron,7.14285714285714,6.14285714285714,0.86
2022-08-11,14,14,7.57142857142857,7.14285714285714,0.943396226415094,0.546280678967585,0.986161766209679,B.1.1.529 OR BA.1 OR BA.1.1 OR BA.1.1.1 OR BA.1.1.2 OR BA.1.1.3 OR BA.1.1.4 OR BA.1.1.5 OR BA.1.1.6 OR BA.1.1.7 OR BA.1.1.8 OR BA.1.1.9 OR BA.1.1.10 OR BA.1.1.11 OR BA.1.1.12 OR BA.1.1.13 OR BA.1.1.14 OR BA.1.1.15 OR BA.1.1.16 OR BA.1.1.17 OR BA.1.1.18 OR BA.1.2 OR BA.1.3 OR BA.1.4 OR BA.1.5 OR BA.1.6 OR BA.1.7 OR BA.1.8 OR BA.1.9 OR BA.1.10 OR BA.1.12 OR BA.1.13 OR BA.1.13.1 OR BA.1.14 OR BA.1.14.1 OR BA.1.14.2 OR BA.1.15 OR BA.1.15.1 OR BA.1.15.2 OR BA.1.15.3 OR BA.1.16 OR BA.1.16.1 OR BA.1.16.2 OR BA.1.17 OR BA.1.17.1 OR BA.1.17.2 OR BA.1.18 OR BA.1.19 OR BA.1.20 OR BA.1.21 OR BA.1.21.1 OR BA.1.22 OR BA.1.23 OR BA.1.24 OR BA.2 OR BA.2.1 OR BA.2.2 OR BA.2.2.1 OR BA.2.3 OR BA.2.3.1 OR BA.2.3.2 OR BA.2.3.4 OR BA.2.3.5 OR BA.2.3.6 OR BA.2.3.7 OR BA.2.3.8 OR BA.2.3.9 OR BA.2.3.10 OR BA.2.3.11 OR BA.2.3.12 OR BA.2.3.13 OR BA.2.3.14 OR BA.2.3.15 OR BA.2.3.16 OR BA.2.3.17 OR BA.2.3.18 OR BA.2.3.19 OR BA.2.3.20 OR BA.2.3.21 OR BA.2.3.22 OR BA.2.4 OR BA.2.5 OR BA.2.6 OR BA.2.7 OR BA.2.8 OR BA.2.9 OR BA.2.9.1 OR BA.2.9.2 OR BA.2.9.3 OR BA.2.9.4 OR BA.2.9.5 OR BA.2.9.6 OR BA.2.9.7 OR BA.2.10 OR BA.2.10.1 OR BA.2.10.2 OR BA.2.10.3 OR BA.2.10.4 OR BA.2.11 OR BA.2.12 OR BA.2.12.1 OR BA.2.12.2 OR BA.2.13 OR BA.2.13.1 OR BA.2.14 OR BA.2.15 OR BA.2.16 OR BA.2.17 OR BA.2.18 OR BA.2.19 OR BA.2.20 OR BA.2.21 OR BA.2.22 OR BA.2.23 OR BA.2.23.1 OR BA.2.24 OR BA.2.25 OR BA.2.25.1 OR BA.2.26 OR BA.2.27 OR BA.2.28 OR BA.2.29 OR BA.2.30 OR BA.2.31 OR BA.2.31.1 OR BA.2.32 OR BA.2.33 OR BA.2.34 OR BA.2.35 OR BA.2.36 OR BA.2.37 OR BA.2.38 OR BA.2.38.1 OR BA.2.38.2 OR BA.2.38.3 OR BA.2.38.4 OR BA.2.39 OR BA.2.40 OR BA.2.40.1 OR BA.2.41 OR BA.2.42 OR BA.2.43 OR BA.2.44 OR BA.2.45 OR BA.2.46 OR BA.2.47 OR BA.2.48 OR BA.2.49 OR BA.2.50 OR BA.2.51 OR BA.2.52 OR BA.2.53 OR BA.2.54 OR BA.2.55 OR BA.2.56 OR BA.2.56.1 OR BA.2.57 OR BA.2.58 OR BA.2.59 OR BA.2.60 OR BA.2.61 OR BA.2.62 OR BA.2.63 OR BA.2.64 OR BA.2.65 OR BA.2.66 OR BA.2.67 OR BA.2.68 OR BA.2.69 OR BA.2.70 OR BA.2.71 OR BA.2.72 OR BA.2.73 OR BA.2.74 OR BA.2.75 OR BA.2.75.1 OR BA.2.75.2 OR BA.2.75.3 OR BA.2.75.4 OR BA.2.75.5 OR BA.2.75.6 OR BA.2.75.7 OR BA.2.75.8 OR BA.2.75.9 OR BA.2.75.10 OR BA.2.76 OR BA.2.76.1 OR BA.2.76.2 OR BA.2.77 OR BA.2.78 OR BA.2.79 OR BA.2.79.1 OR BA.2.80 OR BA.2.81 OR BA.2.82 OR BA.2.83 OR BA.2.85 OR BA.3 OR BA.3.1 OR BA.4 OR BA.4.1 OR BA.4.1.1 OR BA.4.1.2 OR BA.4.1.3 OR BA.4.1.4 OR BA.4.1.5 OR BA.4.1.6 OR BA.4.1.7 OR BA.4.1.8 OR BA.4.1.9 OR BA.4.1.10 OR BA.4.2 OR BA.4.3 OR BA.4.4 OR BA.4.5 OR BA.4.6 OR BA.4.6.1 OR BA.4.6.2 OR BA.4.6.3 OR BA.4.6.4 OR BA.4.6.5 OR BA.4.7 OR BA.4.8 OR BA.5 OR BA.5.1 OR BA.5.1.1 OR BA.5.1.2 OR BA.5.1.3 OR BA.5.1.4 OR BA.5.1.5 OR BA.5.1.6 OR BA.5.1.7 OR BA.5.1.8 OR BA.5.1.9 OR BA.5.1.10 OR BA.5.1.11 OR BA.5.1.12 OR BA.5.1.14 OR BA.5.1.15 OR BA.5.1.16 OR BA.5.1.17 OR BA.5.1.18 OR BA.5.1.19 OR BA.5.1.20 OR BA.5.1.21 OR BA.5.1.22 OR BA.5.1.23 OR BA.5.1.24 OR BA.5.1.25 OR BA.5.1.26 OR BA.5.1.27 OR BA.5.1.28 OR BA.5.1.29 OR BA.5.1.30 OR BA.5.1.31 OR BA.5.1.32 OR BA.5.2 OR BA.5.2.1 OR BA.5.2.2 OR BA.5.2.3 OR BA.5.2.4 OR BA.5.2.5 OR BA.5.2.6 OR BA.5.2.7 OR BA.5.2.8 OR BA.5.2.9 OR BA.5.2.10 OR BA.5.2.11 OR BA.5.2.12 OR BA.5.2.13 OR BA.5.2.14 OR BA.5.2.16 OR BA.5.2.18 OR BA.5.2.19 OR BA.5.2.20 OR BA.5.2.21 OR BA.5.2.22 OR BA.5.2.23 OR BA.5.2.24 OR BA.5.2.25 OR BA.5.2.26 OR BA.5.2.27 OR BA.5.2.28 OR BA.5.2.29 OR BA.5.2.30 OR BA.5.2.31 OR BA.5.2.32 OR BA.5.2.33 OR BA.5.2.34 OR BA.5.2.35 OR BA.5.2.36 OR BA.5.2.37 OR BA.5.2.38 OR BA.5.2.39 OR BA.5.2.40 OR BA.5.2.41 OR BA.5.2.42 OR BA.5.2.43 OR BA.5.2.44 OR BA.5.2.45 OR BA.5.2.46 OR BA.5.2.47 OR BA.5.2.48 OR BA.5.2.49 OR BA.5.3 OR BA.5.3.1 OR BA.5.3.2 OR BA.5.3.3 OR BA.5.3.4 OR BA.5.3.5 OR BA.5.5 OR BA.5.5.1 OR BA.5.5.2 OR BA.5.5.3 OR BA.5.6 OR BA.5.6.1 OR BA.5.6.2 OR BA.5.6.3 OR BA.5.6.4 OR BA.5.7 OR BA.5.8 OR BA.5.9 OR BA.5.10 OR BA.5.10.1 OR BA.5.11 OR BC.1 OR BC.2 OR BD.1 OR BE.1 OR BE.1.1 OR BE.1.1.1 OR BE.1.1.2 OR BE.1.2 OR BE.1.2.1 OR BE.1.3 OR BE.1.4 OR BE.1.4.1 OR BE.1.4.2 OR BE.1.4.3 OR BE.1.4.4 OR BE.2 OR BE.3 OR BE.4 OR BE.4.1 OR BE.4.1.1 OR BE.4.2 OR BE.5 OR BE.6 OR BE.7 OR BE.8 OR BE.9 OR BE.10 OR BF.1 OR BF.1.1 OR BF.2 OR BF.3 OR BF.3.1 OR BF.4 OR BF.5 OR BF.5.1 OR BF.5.2 OR BF.6 OR BF.7 OR BF.7.1 OR BF.7.2 OR BF.7.3 OR BF.7.4 OR BF.7.4.1 OR BF.7.4.2 OR BF.7.5 OR BF.7.5.1 OR BF.7.6 OR BF.7.7 OR BF.7.8 OR BF.7.9 OR BF.7.10 OR BF.7.11 OR BF.7.12 OR BF.7.13 OR BF.7.13.1 OR BF.7.13.2 OR BF.7.14 OR BF.7.15 OR BF.8 OR BF.9 OR BF.10 OR BF.10.1 OR BF.11 OR BF.11.1 OR BF.11.2 OR BF.11.3 OR BF.11.4 OR BF.11.5 OR BF.12 OR BF.13 OR BF.14 OR BF.15 OR BF.16 OR BF.17 OR BF.18 OR BF.19 OR BF.20 OR BF.21 OR BF.22 OR BF.23 OR BF.24 OR BF.25 OR BF.26 OR BF.27 OR BF.28 OR BF.29 OR BF.30 OR BF.31 OR BF.31.1 OR BF.32 OR BF.33 OR BF.34 OR BG.1 OR BG.2 OR BG.3 OR BG.4 OR BG.5 OR BG.6 OR BG.7 OR BH.1 OR BJ.1 OR BK.1 OR BL.1 OR BL.1.1 OR BL.1.2 OR BL.1.3 OR BL.1.4 OR BL.2 OR BL.2.1 OR BL.3 OR BL.4 OR BL.5 OR BL.6 OR BM.1 OR BM.1.1 OR BM.1.1.1 OR BM.1.1.2 OR BM.1.1.3 OR BM.1.1.4 OR BM.1.1.5 OR BM.2 OR BM.2.1 OR BM.2.2 OR BM.2.3 OR BM.3 OR BM.4 OR BM.4.1 OR BM.4.1.1 OR BM.5 OR BM.6 OR BN.1 OR BN.1.1 OR BN.1.1.1 OR BN.1.2 OR BN.1.2.1 OR BN.1.3 OR BN.1.3.1 OR BN.1.3.2 OR BN.1.3.3 OR BN.1.3.4 OR BN.1.4 OR BN.1.4.1 OR BN.1.5 OR BN.1.5.1 OR BN.1.6 OR BN.1.7 OR BN.1.8 OR BN.1.9 OR BN.2 OR BN.2.1 OR BN.3 OR BN.3.1 OR BN.4 OR BN.5 OR BN.6 OR BP.1 OR BQ.1 OR BQ.1.1 OR BQ.1.1.1 OR BQ.1.1.2 OR BQ.1.1.3 OR BQ.1.1.4 OR BQ.1.1.5 OR BQ.1.1.6 OR BQ.1.1.7 OR BQ.1.1.8 OR BQ.1.1.9 OR BQ.1.1.10 OR BQ.1.1.11 OR BQ.1.1.12 OR BQ.1.1.13 OR BQ.1.1.14 OR BQ.1.1.15 OR BQ.1.1.16 OR BQ.1.1.17 OR BQ.1.1.18 OR BQ.1.1.19 OR BQ.1.1.20 OR BQ.1.1.21 OR BQ.1.1.22 OR BQ.1.1.23 OR BQ.1.1.24 OR BQ.1.1.25 OR BQ.1.1.26 OR BQ.1.1.27 OR BQ.1.1.28 OR BQ.1.1.29 OR BQ.1.1.30 OR BQ.1.1.31 OR BQ.1.1.32 OR BQ.1.1.34 OR BQ.1.1.35 OR BQ.1.1.36 OR BQ.1.2 OR BQ.1.3 OR BQ.1.4 OR BQ.1.5 OR BQ.1.6 OR BQ.1.7 OR BQ.1.8 OR BQ.1.8.1 OR BQ.1.8.2 OR BQ.1.9 OR BQ.1.10 OR BQ.1.10.1 OR BQ.1.11 OR BQ.1.12 OR BQ.1.13 OR BQ.1.13.1 OR BQ.1.14 OR BQ.1.15 OR BQ.1.16 OR BQ.1.17 OR BQ.1.18 OR BQ.1.19 OR BQ.1.20 OR BQ.1.21 OR BQ.1.22 OR BQ.1.23 OR BQ.1.24 OR BQ.1.25 OR BQ.1.25.1 OR BQ.1.26 OR BQ.1.26.1 OR BQ.1.27 OR BQ.1.28 OR BQ.2 OR BR.1 OR BR.1.1 OR BR.1.2 OR BR.2 OR BR.2.1 OR BR.3 OR BR.4 OR BS.1 OR BS.1.1 OR BS.1.2 OR BT.1 OR BT.2 OR BU.1 OR BU.2 OR BU.3 OR BV.1 OR BV.2 OR BW.1 OR BW.1.1 OR BY.1 OR BY.1.1 OR BY.1.1.1 OR BY.1.2 OR BY.1.2.1 OR BZ.1 OR CA.1 OR CA.2 OR CA.3 OR CA.3.1 OR CA.4 OR CA.5 OR CA.6 OR CA.7 OR CB.1 OR CC.1 OR CD.1 OR CD.2 OR CE.1 OR CF.1 OR CG.1 OR CH.1 OR CH.1.1 OR CH.1.1.1 OR CH.1.1.2 OR CH.1.1.3 OR CH.1.1.4 OR CH.1.1.5 OR CH.2 OR CH.3 OR CH.3.1 OR CJ.1 OR CJ.1.1 OR CK.1 OR CK.1.1 OR CK.1.2 OR CK.2 OR CK.2.1 OR CK.2.1.1 OR CK.3 OR CL.1 OR CM.1 OR CM.2 OR CM.2.1 OR CM.3 OR CM.4 OR CM.4.1 OR CM.5 OR CM.5.1 OR CM.5.2 OR CM.6 OR CM.6.1 OR CM.7 OR CM.8 OR CM.8.1 OR CM.9 OR CM.10 OR CM.11 OR CM.12 OR CN.1 OR CN.2 OR CP.1 OR CP.1.1 OR CP.1.2 OR CP.1.3 OR CP.2 OR CP.3 OR CP.4 OR CP.5 OR CP.6 OR CQ.1 OR CQ.1.1 OR CQ.2 OR CR.1 OR CR.1.1 OR CR.1.2 OR CR.1.3 OR CR.2 OR CS.1 OR CT.1 OR CU.1 OR CV.1 OR CV.2 OR CW.1 OR CY.1 OR CZ.1 OR DA.1 OR DB.1 OR DB.2 OR DC.1 OR DD.1 OR DE.1 OR DE.2 OR DF.1 OR DF.1.1 OR DG.1 OR DH.1 OR DJ.1 OR DJ.1.1 OR DJ.1.2 OR DJ.1.3 OR DK.1 OR DL.1 OR DM.1 OR DN.1 OR DN.1.1 OR DP.1 OR DQ.1 OR DR.1 OR DS.1 OR DT.1 OR DU.1 OR DV.1,Omicron,7.57142857142857,6.64285714285714,0.877358490566038
2022-08-12,5,4,7.28571428571429,6.71428571428571,0.92156862745098,0.70756382633769,0.999932313535756,B.1.1.529 OR BA.1 OR BA.1.1 OR BA.1.1.1 OR BA.1.1.2 OR BA.1.1.3 OR BA.1.1.4 OR BA.1.1.5 OR BA.1.1.6 OR BA.1.1.7 OR BA.1.1.8 OR BA.1.1.9 OR BA.1.1.10 OR BA.1.1.11 OR BA.1.1.12 OR BA.1.1.13 OR BA.1.1.14 OR BA.1.1.15 OR BA.1.1.16 OR BA.1.1.17 OR BA.1.1.18 OR BA.1.2 OR BA.1.3 OR BA.1.4 OR BA.1.5 OR BA.1.6 OR BA.1.7 OR BA.1.8 OR BA.1.9 OR BA.1.10 OR BA.1.12 OR BA.1.13 OR BA.1.13.1 OR BA.1.14 OR BA.1.14.1 OR BA.1.14.2 OR BA.1.15 OR BA.1.15.1 OR BA.1.15.2 OR BA.1.15.3 OR BA.1.16 OR BA.1.16.1 OR BA.1.16.2 OR BA.1.17 OR BA.1.17.1 OR BA.1.17.2 OR BA.1.18 OR BA.1.19 OR BA.1.20 OR BA.1.21 OR BA.1.21.1 OR BA.1.22 OR BA.1.23 OR BA.1.24 OR BA.2 OR BA.2.1 OR BA.2.2 OR BA.2.2.1 OR BA.2.3 OR BA.2.3.1 OR BA.2.3.2 OR BA.2.3.4 OR BA.2.3.5 OR BA.2.3.6 OR BA.2.3.7 OR BA.2.3.8 OR BA.2.3.9 OR BA.2.3.10 OR BA.2.3.11 OR BA.2.3.12 OR BA.2.3.13 OR BA.2.3.14 OR BA.2.3.15 OR BA.2.3.16 OR BA.2.3.17 OR BA.2.3.18 OR BA.2.3.19 OR BA.2.3.20 OR BA.2.3.21 OR BA.2.3.22 OR BA.2.4 OR BA.2.5 OR BA.2.6 OR BA.2.7 OR BA.2.8 OR BA.2.9 OR BA.2.9.1 OR BA.2.9.2 OR BA.2.9.3 OR BA.2.9.4 OR BA.2.9.5 OR BA.2.9.6 OR BA.2.9.7 OR BA.2.10 OR BA.2.10.1 OR BA.2.10.2 OR BA.2.10.3 OR BA.2.10.4 OR BA.2.11 OR BA.2.12 OR BA.2.12.1 OR BA.2.12.2 OR BA.2.13 OR BA.2.13.1 OR BA.2.14 OR BA.2.15 OR BA.2.16 OR BA.2.17 OR BA.2.18 OR BA.2.19 OR BA.2.20 OR BA.2.21 OR BA.2.22 OR BA.2.23 OR BA.2.23.1 OR BA.2.24 OR BA.2.25 OR BA.2.25.1 OR BA.2.26 OR BA.2.27 OR BA.2.28 OR BA.2.29 OR BA.2.30 OR BA.2.31 OR BA.2.31.1 OR BA.2.32 OR BA.2.33 OR BA.2.34 OR BA.2.35 OR BA.2.36 OR BA.2.37 OR BA.2.38 OR BA.2.38.1 OR BA.2.38.2 OR BA.2.38.3 OR BA.2.38.4 OR BA.2.39 OR BA.2.40 OR BA.2.40.1 OR BA.2.41 OR BA.2.42 OR BA.2.43 OR BA.2.44 OR BA.2.45 OR BA.2.46 OR BA.2.47 OR BA.2.48 OR BA.2.49 OR BA.2.50 OR BA.2.51 OR BA.2.52 OR BA.2.53 OR BA.2.54 OR BA.2.55 OR BA.2.56 OR BA.2.56.1 OR BA.2.57 OR BA.2.58 OR BA.2.59 OR BA.2.60 OR BA.2.61 OR BA.2.62 OR BA.2.63 OR BA.2.64 OR BA.2.65 OR BA.2.66 OR BA.2.67 OR BA.2.68 OR BA.2.69 OR BA.2.70 OR BA.2.71 OR BA.2.72 OR BA.2.73 OR BA.2.74 OR BA.2.75 OR BA.2.75.1 OR BA.2.75.2 OR BA.2.75.3 OR BA.2.75.4 OR BA.2.75.5 OR BA.2.75.6 OR BA.2.75.7 OR BA.2.75.8 OR BA.2.75.9 OR BA.2.75.10 OR BA.2.76 OR BA.2.76.1 OR BA.2.76.2 OR BA.2.77 OR BA.2.78 OR BA.2.79 OR BA.2.79.1 OR BA.2.80 OR BA.2.81 OR BA.2.82 OR BA.2.83 OR BA.2.85 OR BA.3 OR BA.3.1 OR BA.4 OR BA.4.1 OR BA.4.1.1 OR BA.4.1.2 OR BA.4.1.3 OR BA.4.1.4 OR BA.4.1.5 OR BA.4.1.6 OR BA.4.1.7 OR BA.4.1.8 OR BA.4.1.9 OR BA.4.1.10 OR BA.4.2 OR BA.4.3 OR BA.4.4 OR BA.4.5 OR BA.4.6 OR BA.4.6.1 OR BA.4.6.2 OR BA.4.6.3 OR BA.4.6.4 OR BA.4.6.5 OR BA.4.7 OR BA.4.8 OR BA.5 OR BA.5.1 OR BA.5.1.1 OR BA.5.1.2 OR BA.5.1.3 OR BA.5.1.4 OR BA.5.1.5 OR BA.5.1.6 OR BA.5.1.7 OR BA.5.1.8 OR BA.5.1.9 OR BA.5.1.10 OR BA.5.1.11 OR BA.5.1.12 OR BA.5.1.14 OR BA.5.1.15 OR BA.5.1.16 OR BA.5.1.17 OR BA.5.1.18 OR BA.5.1.19 OR BA.5.1.20 OR BA.5.1.21 OR BA.5.1.22 OR BA.5.1.23 OR BA.5.1.24 OR BA.5.1.25 OR BA.5.1.26 OR BA.5.1.27 OR BA.5.1.28 OR BA.5.1.29 OR BA.5.1.30 OR BA.5.1.31 OR BA.5.1.32 OR BA.5.2 OR BA.5.2.1 OR BA.5.2.2 OR BA.5.2.3 OR BA.5.2.4 OR BA.5.2.5 OR BA.5.2.6 OR BA.5.2.7 OR BA.5.2.8 OR BA.5.2.9 OR BA.5.2.10 OR BA.5.2.11 OR BA.5.2.12 OR BA.5.2.13 OR BA.5.2.14 OR BA.5.2.16 OR BA.5.2.18 OR BA.5.2.19 OR BA.5.2.20 OR BA.5.2.21 OR BA.5.2.22 OR BA.5.2.23 OR BA.5.2.24 OR BA.5.2.25 OR BA.5.2.26 OR BA.5.2.27 OR BA.5.2.28 OR BA.5.2.29 OR BA.5.2.30 OR BA.5.2.31 OR BA.5.2.32 OR BA.5.2.33 OR BA.5.2.34 OR BA.5.2.35 OR BA.5.2.36 OR BA.5.2.37 OR BA.5.2.38 OR BA.5.2.39 OR BA.5.2.40 OR BA.5.2.41 OR BA.5.2.42 OR BA.5.2.43 OR BA.5.2.44 OR BA.5.2.45 OR BA.5.2.46 OR BA.5.2.47 OR BA.5.2.48 OR BA.5.2.49 OR BA.5.3 OR BA.5.3.1 OR BA.5.3.2 OR BA.5.3.3 OR BA.5.3.4 OR BA.5.3.5 OR BA.5.5 OR BA.5.5.1 OR BA.5.5.2 OR BA.5.5.3 OR BA.5.6 OR BA.5.6.1 OR BA.5.6.2 OR BA.5.6.3 OR BA.5.6.4 OR BA.5.7 OR BA.5.8 OR BA.5.9 OR BA.5.10 OR BA.5.10.1 OR BA.5.11 OR BC.1 OR BC.2 OR BD.1 OR BE.1 OR BE.1.1 OR BE.1.1.1 OR BE.1.1.2 OR BE.1.2 OR BE.1.2.1 OR BE.1.3 OR BE.1.4 OR BE.1.4.1 OR BE.1.4.2 OR BE.1.4.3 OR BE.1.4.4 OR BE.2 OR BE.3 OR BE.4 OR BE.4.1 OR BE.4.1.1 OR BE.4.2 OR BE.5 OR BE.6 OR BE.7 OR BE.8 OR BE.9 OR BE.10 OR BF.1 OR BF.1.1 OR BF.2 OR BF.3 OR BF.3.1 OR BF.4 OR BF.5 OR BF.5.1 OR BF.5.2 OR BF.6 OR BF.7 OR BF.7.1 OR BF.7.2 OR BF.7.3 OR BF.7.4 OR BF.7.4.1 OR BF.7.4.2 OR BF.7.5 OR BF.7.5.1 OR BF.7.6 OR BF.7.7 OR BF.7.8 OR BF.7.9 OR BF.7.10 OR BF.7.11 OR BF.7.12 OR BF.7.13 OR BF.7.13.1 OR BF.7.13.2 OR BF.7.14 OR BF.7.15 OR BF.8 OR BF.9 OR BF.10 OR BF.10.1 OR BF.11 OR BF.11.1 OR BF.11.2 OR BF.11.3 OR BF.11.4 OR BF.11.5 OR BF.12 OR BF.13 OR BF.14 OR BF.15 OR BF.16 OR BF.17 OR BF.18 OR BF.19 OR BF.20 OR BF.21 OR BF.22 OR BF.23 OR BF.24 OR BF.25 OR BF.26 OR BF.27 OR BF.28 OR BF.29 OR BF.30 OR BF.31 OR BF.31.1 OR BF.32 OR BF.33 OR BF.34 OR BG.1 OR BG.2 OR BG.3 OR BG.4 OR BG.5 OR BG.6 OR BG.7 OR BH.1 OR BJ.1 OR BK.1 OR BL.1 OR BL.1.1 OR BL.1.2 OR BL.1.3 OR BL.1.4 OR BL.2 OR BL.2.1 OR BL.3 OR BL.4 OR BL.5 OR BL.6 OR BM.1 OR BM.1.1 OR BM.1.1.1 OR BM.1.1.2 OR BM.1.1.3 OR BM.1.1.4 OR BM.1.1.5 OR BM.2 OR BM.2.1 OR BM.2.2 OR BM.2.3 OR BM.3 OR BM.4 OR BM.4.1 OR BM.4.1.1 OR BM.5 OR BM.6 OR BN.1 OR BN.1.1 OR BN.1.1.1 OR BN.1.2 OR BN.1.2.1 OR BN.1.3 OR BN.1.3.1 OR BN.1.3.2 OR BN.1.3.3 OR BN.1.3.4 OR BN.1.4 OR BN.1.4.1 OR BN.1.5 OR BN.1.5.1 OR BN.1.6 OR BN.1.7 OR BN.1.8 OR BN.1.9 OR BN.2 OR BN.2.1 OR BN.3 OR BN.3.1 OR BN.4 OR BN.5 OR BN.6 OR BP.1 OR BQ.1 OR BQ.1.1 OR BQ.1.1.1 OR BQ.1.1.2 OR BQ.1.1.3 OR BQ.1.1.4 OR BQ.1.1.5 OR BQ.1.1.6 OR BQ.1.1.7 OR BQ.1.1.8 OR BQ.1.1.9 OR BQ.1.1.10 OR BQ.1.1.11 OR BQ.1.1.12 OR BQ.1.1.13 OR BQ.1.1.14 OR BQ.1.1.15 OR BQ.1.1.16 OR BQ.1.1.17 OR BQ.1.1.18 OR BQ.1.1.19 OR BQ.1.1.20 OR BQ.1.1.21 OR BQ.1.1.22 OR BQ.1.1.23 OR BQ.1.1.24 OR BQ.1.1.25 OR BQ.1.1.26 OR BQ.1.1.27 OR BQ.1.1.28 OR BQ.1.1.29 OR BQ.1.1.30 OR BQ.1.1.31 OR BQ.1.1.32 OR BQ.1.1.34 OR BQ.1.1.35 OR BQ.1.1.36 OR BQ.1.2 OR BQ.1.3 OR BQ.1.4 OR BQ.1.5 OR BQ.1.6 OR BQ.1.7 OR BQ.1.8 OR BQ.1.8.1 OR BQ.1.8.2 OR BQ.1.9 OR BQ.1.10 OR BQ.1.10.1 OR BQ.1.11 OR BQ.1.12 OR BQ.1.13 OR BQ.1.13.1 OR BQ.1.14 OR BQ.1.15 OR BQ.1.16 OR BQ.1.17 OR BQ.1.18 OR BQ.1.19 OR BQ.1.20 OR BQ.1.21 OR BQ.1.22 OR BQ.1.23 OR BQ.1.24 OR BQ.1.25 OR BQ.1.25.1 OR BQ.1.26 OR BQ.1.26.1 OR BQ.1.27 OR BQ.1.28 OR BQ.2 OR BR.1 OR BR.1.1 OR BR.1.2 OR BR.2 OR BR.2.1 OR BR.3 OR BR.4 OR BS.1 OR BS.1.1 OR BS.1.2 OR BT.1 OR BT.2 OR BU.1 OR BU.2 OR BU.3 OR BV.1 OR BV.2 OR BW.1 OR BW.1.1 OR BY.1 OR BY.1.1 OR BY.1.1.1 OR BY.1.2 OR BY.1.2.1 OR BZ.1 OR CA.1 OR CA.2 OR CA.3 OR CA.3.1 OR CA.4 OR CA.5 OR CA.6 OR CA.7 OR CB.1 OR CC.1 OR CD.1 OR CD.2 OR CE.1 OR CF.1 OR CG.1 OR CH.1 OR CH.1.1 OR CH.1.1.1 OR CH.1.1.2 OR CH.1.1.3 OR CH.1.1.4 OR CH.1.1.5 OR CH.2 OR CH.3 OR CH.3.1 OR CJ.1 OR CJ.1.1 OR CK.1 OR CK.1.1 OR CK.1.2 OR CK.2 OR CK.2.1 OR CK.2.1.1 OR CK.3 OR CL.1 OR CM.1 OR CM.2 OR CM.2.1 OR CM.3 OR CM.4 OR CM.4.1 OR CM.5 OR CM.5.1 OR CM.5.2 OR CM.6 OR CM.6.1 OR CM.7 OR CM.8 OR CM.8.1 OR CM.9 OR CM.10 OR CM.11 OR CM.12 OR CN.1 OR CN.2 OR CP.1 OR CP.1.1 OR CP.1.2 OR CP.1.3 OR CP.2 OR CP.3 OR CP.4 OR CP.5 OR CP.6 OR CQ.1 OR CQ.1.1 OR CQ.2 OR CR.1 OR CR.1.1 OR CR.1.2 OR CR.1.3 OR CR.2 OR CS.1 OR CT.1 OR CU.1 OR CV.1 OR CV.2 OR CW.1 OR CY.1 OR CZ.1 OR DA.1 OR DB.1 OR DB.2 OR DC.1 OR DD.1 OR DE.1 OR DE.2 OR DF.1 OR DF.1.1 OR DG.1 OR DH.1 OR DJ.1 OR DJ.1.1 OR DJ.1.2 OR DJ.1.3 OR DK.1 OR DL.1 OR DM.1 OR DN.1 OR DN.1.1 OR DP.1 OR DQ.1 OR DR.1 OR DS.1 OR DT.1 OR DU.1 OR DV.1,Omicron,7.14285714285714,6.35714285714286,0.89
2022-08-14,3,3,6.83333333333333,6.16666666666667,0.902439024390244,0.499202538380922,0.984123475787253,B.1.1.529 OR BA.1 OR BA.1.1 OR BA.1.1.1 OR BA.1.1.2 OR BA.1.1.3 OR BA.1.1.4 OR BA.1.1.5 OR BA.1.1.6 OR BA.1.1.7 OR BA.1.1.8 OR BA.1.1.9 OR BA.1.1.10 OR BA.1.1.11 OR BA.1.1.12 OR BA.1.1.13 OR BA.1.1.14 OR BA.1.1.15 OR BA.1.1.16 OR BA.1.1.17 OR BA.1.1.18 OR BA.1.2 OR BA.1.3 OR BA.1.4 OR BA.1.5 OR BA.1.6 OR BA.1.7 OR BA.1.8 OR BA.1.9 OR BA.1.10 OR BA.1.12 OR BA.1.13 OR BA.1.13.1 OR BA.1.14 OR BA.1.14.1 OR BA.1.14.2 OR BA.1.15 OR BA.1.15.1 OR BA.1.15.2 OR BA.1.15.3 OR BA.1.16 OR BA.1.16.1 OR BA.1.16.2 OR BA.1.17 OR BA.1.17.1 OR BA.1.17.2 OR BA.1.18 OR BA.1.19 OR BA.1.20 OR BA.1.21 OR BA.1.21.1 OR BA.1.22 OR BA.1.23 OR BA.1.24 OR BA.2 OR BA.2.1 OR BA.2.2 OR BA.2.2.1 OR BA.2.3 OR BA.2.3.1 OR BA.2.3.2 OR BA.2.3.4 OR BA.2.3.5 OR BA.2.3.6 OR BA.2.3.7 OR BA.2.3.8 OR BA.2.3.9 OR BA.2.3.10 OR BA.2.3.11 OR BA.2.3.12 OR BA.2.3.13 OR BA.2.3.14 OR BA.2.3.15 OR BA.2.3.16 OR BA.2.3.17 OR BA.2.3.18 OR BA.2.3.19 OR BA.2.3.20 OR BA.2.3.21 OR BA.2.3.22 OR BA.2.4 OR BA.2.5 OR BA.2.6 OR BA.2.7 OR BA.2.8 OR BA.2.9 OR BA.2.9.1 OR BA.2.9.2 OR BA.2.9.3 OR BA.2.9.4 OR BA.2.9.5 OR BA.2.9.6 OR BA.2.9.7 OR BA.2.10 OR BA.2.10.1 OR BA.2.10.2 OR BA.2.10.3 OR BA.2.10.4 OR BA.2.11 OR BA.2.12 OR BA.2.12.1 OR BA.2.12.2 OR BA.2.13 OR BA.2.13.1 OR BA.2.14 OR BA.2.15 OR BA.2.16 OR BA.2.17 OR BA.2.18 OR BA.2.19 OR BA.2.20 OR BA.2.21 OR BA.2.22 OR BA.2.23 OR BA.2.23.1 OR BA.2.24 OR BA.2.25 OR BA.2.25.1 OR BA.2.26 OR BA.2.27 OR BA.2.28 OR BA.2.29 OR BA.2.30 OR BA.2.31 OR BA.2.31.1 OR BA.2.32 OR BA.2.33 OR BA.2.34 OR BA.2.35 OR BA.2.36 OR BA.2.37 OR BA.2.38 OR BA.2.38.1 OR BA.2.38.2 OR BA.2.38.3 OR BA.2.38.4 OR BA.2.39 OR BA.2.40 OR BA.2.40.1 OR BA.2.41 OR BA.2.42 OR BA.2.43 OR BA.2.44 OR BA.2.45 OR BA.2.46 OR BA.2.47 OR BA.2.48 OR BA.2.49 OR BA.2.50 OR BA.2.51 OR BA.2.52 OR BA.2.53 OR BA.2.54 OR BA.2.55 OR BA.2.56 OR BA.2.56.1 OR BA.2.57 OR BA.2.58 OR BA.2.59 OR BA.2.60 OR BA.2.61 OR BA.2.62 OR BA.2.63 OR BA.2.64 OR BA.2.65 OR BA.2.66 OR BA.2.67 OR BA.2.68 OR BA.2.69 OR BA.2.70 OR BA.2.71 OR BA.2.72 OR BA.2.73 OR BA.2.74 OR BA.2.75 OR BA.2.75.1 OR BA.2.75.2 OR BA.2.75.3 OR BA.2.75.4 OR BA.2.75.5 OR BA.2.75.6 OR BA.2.75.7 OR BA.2.75.8 OR BA.2.75.9 OR BA.2.75.10 OR BA.2.76 OR BA.2.76.1 OR BA.2.76.2 OR BA.2.77 OR BA.2.78 OR BA.2.79 OR BA.2.79.1 OR BA.2.80 OR BA.2.81 OR BA.2.82 OR BA.2.83 OR BA.2.85 OR BA.3 OR BA.3.1 OR BA.4 OR BA.4.1 OR BA.4.1.1 OR BA.4.1.2 OR BA.4.1.3 OR BA.4.1.4 OR BA.4.1.5 OR BA.4.1.6 OR BA.4.1.7 OR BA.4.1.8 OR BA.4.1.9 OR BA.4.1.10 OR BA.4.2 OR BA.4.3 OR BA.4.4 OR BA.4.5 OR BA.4.6 OR BA.4.6.1 OR BA.4.6.2 OR BA.4.6.3 OR BA.4.6.4 OR BA.4.6.5 OR BA.4.7 OR BA.4.8 OR BA.5 OR BA.5.1 OR BA.5.1.1 OR BA.5.1.2 OR BA.5.1.3 OR BA.5.1.4 OR BA.5.1.5 OR BA.5.1.6 OR BA.5.1.7 OR BA.5.1.8 OR BA.5.1.9 OR BA.5.1.10 OR BA.5.1.11 OR BA.5.1.12 OR BA.5.1.14 OR BA.5.1.15 OR BA.5.1.16 OR BA.5.1.17 OR BA.5.1.18 OR BA.5.1.19 OR BA.5.1.20 OR BA.5.1.21 OR BA.5.1.22 OR BA.5.1.23 OR BA.5.1.24 OR BA.5.1.25 OR BA.5.1.26 OR BA.5.1.27 OR BA.5.1.28 OR BA.5.1.29 OR BA.5.1.30 OR BA.5.1.31 OR BA.5.1.32 OR BA.5.2 OR BA.5.2.1 OR BA.5.2.2 OR BA.5.2.3 OR BA.5.2.4 OR BA.5.2.5 OR BA.5.2.6 OR BA.5.2.7 OR BA.5.2.8 OR BA.5.2.9 OR BA.5.2.10 OR BA.5.2.11 OR BA.5.2.12 OR BA.5.2.13 OR BA.5.2.14 OR BA.5.2.16 OR BA.5.2.18 OR BA.5.2.19 OR BA.5.2.20 OR BA.5.2.21 OR BA.5.2.22 OR BA.5.2.23 OR BA.5.2.24 OR BA.5.2.25 OR BA.5.2.26 OR BA.5.2.27 OR BA.5.2.28 OR BA.5.2.29 OR BA.5.2.30 OR BA.5.2.31 OR BA.5.2.32 OR BA.5.2.33 OR BA.5.2.34 OR BA.5.2.35 OR BA.5.2.36 OR BA.5.2.37 OR BA.5.2.38 OR BA.5.2.39 OR BA.5.2.40 OR BA.5.2.41 OR BA.5.2.42 OR BA.5.2.43 OR BA.5.2.44 OR BA.5.2.45 OR BA.5.2.46 OR BA.5.2.47 OR BA.5.2.48 OR BA.5.2.49 OR BA.5.3 OR BA.5.3.1 OR BA.5.3.2 OR BA.5.3.3 OR BA.5.3.4 OR BA.5.3.5 OR BA.5.5 OR BA.5.5.1 OR BA.5.5.2 OR BA.5.5.3 OR BA.5.6 OR BA.5.6.1 OR BA.5.6.2 OR BA.5.6.3 OR BA.5.6.4 OR BA.5.7 OR BA.5.8 OR BA.5.9 OR BA.5.10 OR BA.5.10.1 OR BA.5.11 OR BC.1 OR BC.2 OR BD.1 OR BE.1 OR BE.1.1 OR BE.1.1.1 OR BE.1.1.2 OR BE.1.2 OR BE.1.2.1 OR BE.1.3 OR BE.1.4 OR BE.1.4.1 OR BE.1.4.2 OR BE.1.4.3 OR BE.1.4.4 OR BE.2 OR BE.3 OR BE.4 OR BE.4.1 OR BE.4.1.1 OR BE.4.2 OR BE.5 OR BE.6 OR BE.7 OR BE.8 OR BE.9 OR BE.10 OR BF.1 OR BF.1.1 OR BF.2 OR BF.3 OR BF.3.1 OR BF.4 OR BF.5 OR BF.5.1 OR BF.5.2 OR BF.6 OR BF.7 OR BF.7.1 OR BF.7.2 OR BF.7.3 OR BF.7.4 OR BF.7.4.1 OR BF.7.4.2 OR BF.7.5 OR BF.7.5.1 OR BF.7.6 OR BF.7.7 OR BF.7.8 OR BF.7.9 OR BF.7.10 OR BF.7.11 OR BF.7.12 OR BF.7.13 OR BF.7.13.1 OR BF.7.13.2 OR BF.7.14 OR BF.7.15 OR BF.8 OR BF.9 OR BF.10 OR BF.10.1 OR BF.11 OR BF.11.1 OR BF.11.2 OR BF.11.3 OR BF.11.4 OR BF.11.5 OR BF.12 OR BF.13 OR BF.14 OR BF.15 OR BF.16 OR BF.17 OR BF.18 OR BF.19 OR BF.20 OR BF.21 OR BF.22 OR BF.23 OR BF.24 OR BF.25 OR BF.26 OR BF.27 OR BF.28 OR BF.29 OR BF.30 OR BF.31 OR BF.31.1 OR BF.32 OR BF.33 OR BF.34 OR BG.1 OR BG.2 OR BG.3 OR BG.4 OR BG.5 OR BG.6 OR BG.7 OR BH.1 OR BJ.1 OR BK.1 OR BL.1 OR BL.1.1 OR BL.1.2 OR BL.1.3 OR BL.1.4 OR BL.2 OR BL.2.1 OR BL.3 OR BL.4 OR BL.5 OR BL.6 OR BM.1 OR BM.1.1 OR BM.1.1.1 OR BM.1.1.2 OR BM.1.1.3 OR BM.1.1.4 OR BM.1.1.5 OR BM.2 OR BM.2.1 OR BM.2.2 OR BM.2.3 OR BM.3 OR BM.4 OR BM.4.1 OR BM.4.1.1 OR BM.5 OR BM.6 OR BN.1 OR BN.1.1 OR BN.1.1.1 OR BN.1.2 OR BN.1.2.1 OR BN.1.3 OR BN.1.3.1 OR BN.1.3.2 OR BN.1.3.3 OR BN.1.3.4 OR BN.1.4 OR BN.1.4.1 OR BN.1.5 OR BN.1.5.1 OR BN.1.6 OR BN.1.7 OR BN.1.8 OR BN.1.9 OR BN.2 OR BN.2.1 OR BN.3 OR BN.3.1 OR BN.4 OR BN.5 OR BN.6 OR BP.1 OR BQ.1 OR BQ.1.1 OR BQ.1.1.1 OR BQ.1.1.2 OR BQ.1.1.3 OR BQ.1.1.4 OR BQ.1.1.5 OR BQ.1.1.6 OR BQ.1.1.7 OR BQ.1.1.8 OR BQ.1.1.9 OR BQ.1.1.10 OR BQ.1.1.11 OR BQ.1.1.12 OR BQ.1.1.13 OR BQ.1.1.14 OR BQ.1.1.15 OR BQ.1.1.16 OR BQ.1.1.17 OR BQ.1.1.18 OR BQ.1.1.19 OR BQ.1.1.20 OR BQ.1.1.21 OR BQ.1.1.22 OR BQ.1.1.23 OR BQ.1.1.24 OR BQ.1.1.25 OR BQ.1.1.26 OR BQ.1.1.27 OR BQ.1.1.28 OR BQ.1.1.29 OR BQ.1.1.30 OR BQ.1.1.31 OR BQ.1.1.32 OR BQ.1.1.34 OR BQ.1.1.35 OR BQ.1.1.36 OR BQ.1.2 OR BQ.1.3 OR BQ.1.4 OR BQ.1.5 OR BQ.1.6 OR BQ.1.7 OR BQ.1.8 OR BQ.1.8.1 OR BQ.1.8.2 OR BQ.1.9 OR BQ.1.10 OR BQ.1.10.1 OR BQ.1.11 OR BQ.1.12 OR BQ.1.13 OR BQ.1.13.1 OR BQ.1.14 OR BQ.1.15 OR BQ.1.16 OR BQ.1.17 OR BQ.1.18 OR BQ.1.19 OR BQ.1.20 OR BQ.1.21 OR BQ.1.22 OR BQ.1.23 OR BQ.1.24 OR BQ.1.25 OR BQ.1.25.1 OR BQ.1.26 OR BQ.1.26.1 OR BQ.1.27 OR BQ.1.28 OR BQ.2 OR BR.1 OR BR.1.1 OR BR.1.2 OR BR.2 OR BR.2.1 OR BR.3 OR BR.4 OR BS.1 OR BS.1.1 OR BS.1.2 OR BT.1 OR BT.2 OR BU.1 OR BU.2 OR BU.3 OR BV.1 OR BV.2 OR BW.1 OR BW.1.1 OR BY.1 OR BY.1.1 OR BY.1.1.1 OR BY.1.2 OR BY.1.2.1 OR BZ.1 OR CA.1 OR CA.2 OR CA.3 OR CA.3.1 OR CA.4 OR CA.5 OR CA.6 OR CA.7 OR CB.1 OR CC.1 OR CD.1 OR CD.2 OR CE.1 OR CF.1 OR CG.1 OR CH.1 OR CH.1.1 OR CH.1.1.1 OR CH.1.1.2 OR CH.1.1.3 OR CH.1.1.4 OR CH.1.1.5 OR CH.2 OR CH.3 OR CH.3.1 OR CJ.1 OR CJ.1.1 OR CK.1 OR CK.1.1 OR CK.1.2 OR CK.2 OR CK.2.1 OR CK.2.1.1 OR CK.3 OR CL.1 OR CM.1 OR CM.2 OR CM.2.1 OR CM.3 OR CM.4 OR CM.4.1 OR CM.5 OR CM.5.1 OR CM.5.2 OR CM.6 OR CM.6.1 OR CM.7 OR CM.8 OR CM.8.1 OR CM.9 OR CM.10 OR CM.11 OR CM.12 OR CN.1 OR CN.2 OR CP.1 OR CP.1.1 OR CP.1.2 OR CP.1.3 OR CP.2 OR CP.3 OR CP.4 OR CP.5 OR CP.6 OR CQ.1 OR CQ.1.1 OR CQ.2 OR CR.1 OR CR.1.1 OR CR.1.2 OR CR.1.3 OR CR.2 OR CS.1 OR CT.1 OR CU.1 OR CV.1 OR CV.2 OR CW.1 OR CY.1 OR CZ.1 OR DA.1 OR DB.1 OR DB.2 OR DC.1 OR DD.1 OR DE.1 OR DE.2 OR DF.1 OR DF.1.1 OR DG.1 OR DH.1 OR DJ.1 OR DJ.1.1 OR DJ.1.2 OR DJ.1.3 OR DK.1 OR DL.1 OR DM.1 OR DN.1 OR DN.1.1 OR DP.1 OR DQ.1 OR DR.1 OR DS.1 OR DT.1 OR DU.1 OR DV.1,Omicron,7.07142857142857,6.28571428571429,0.888888888888889
2022-08-15,2,1,6.16666666666667,5.5,0.891891891891892,0.66961109084845,0.999921500151634,B.1.1.529 OR BA.1 OR BA.1.1 OR BA.1.1.1 OR BA.1.1.2 OR BA.1.1.3 OR BA.1.1.4 OR BA.1.1.5 OR BA.1.1.6 OR BA.1.1.7 OR BA.1.1.8 OR BA.1.1.9 OR BA.1.1.10 OR BA.1.1.11 OR BA.1.1.12 OR BA.1.1.13 OR BA.1.1.14 OR BA.1.1.15 OR BA.1.1.16 OR BA.1.1.17 OR BA.1.1.18 OR BA.1.2 OR BA.1.3 OR BA.1.4 OR BA.1.5 OR BA.1.6 OR BA.1.7 OR BA.1.8 OR BA.1.9 OR BA.1.10 OR BA.1.12 OR BA.1.13 OR BA.1.13.1 OR BA.1.14 OR BA.1.14.1 OR BA.1.14.2 OR BA.1.15 OR BA.1.15.1 OR BA.1.15.2 OR BA.1.15.3 OR BA.1.16 OR BA.1.16.1 OR BA.1.16.2 OR BA.1.17 OR BA.1.17.1 OR BA.1.17.2 OR BA.1.18 OR BA.1.19 OR BA.1.20 OR BA.1.21 OR BA.1.21.1 OR BA.1.22 OR BA.1.23 OR BA.1.24 OR BA.2 OR BA.2.1 OR BA.2.2 OR BA.2.2.1 OR BA.2.3 OR BA.2.3.1 OR BA.2.3.2 OR BA.2.3.4 OR BA.2.3.5 OR BA.2.3.6 OR BA.2.3.7 OR BA.2.3.8 OR BA.2.3.9 OR BA.2.3.10 OR BA.2.3.11 OR BA.2.3.12 OR BA.2.3.13 OR BA.2.3.14 OR BA.2.3.15 OR BA.2.3.16 OR BA.2.3.17 OR BA.2.3.18 OR BA.2.3.19 OR BA.2.3.20 OR BA.2.3.21 OR BA.2.3.22 OR BA.2.4 OR BA.2.5 OR BA.2.6 OR BA.2.7 OR BA.2.8 OR BA.2.9 OR BA.2.9.1 OR BA.2.9.2 OR BA.2.9.3 OR BA.2.9.4 OR BA.2.9.5 OR BA.2.9.6 OR BA.2.9.7 OR BA.2.10 OR BA.2.10.1 OR BA.2.10.2 OR BA.2.10.3 OR BA.2.10.4 OR BA.2.11 OR BA.2.12 OR BA.2.12.1 OR BA.2.12.2 OR BA.2.13 OR BA.2.13.1 OR BA.2.14 OR BA.2.15 OR BA.2.16 OR BA.2.17 OR BA.2.18 OR BA.2.19 OR BA.2.20 OR BA.2.21 OR BA.2.22 OR BA.2.23 OR BA.2.23.1 OR BA.2.24 OR BA.2.25 OR BA.2.25.1 OR BA.2.26 OR BA.2.27 OR BA.2.28 OR BA.2.29 OR BA.2.30 OR BA.2.31 OR BA.2.31.1 OR BA.2.32 OR BA.2.33 OR BA.2.34 OR BA.2.35 OR BA.2.36 OR BA.2.37 OR BA.2.38 OR BA.2.38.1 OR BA.2.38.2 OR BA.2.38.3 OR BA.2.38.4 OR BA.2.39 OR BA.2.40 OR BA.2.40.1 OR BA.2.41 OR BA.2.42 OR BA.2.43 OR BA.2.44 OR BA.2.45 OR BA.2.46 OR BA.2.47 OR BA.2.48 OR BA.2.49 OR BA.2.50 OR BA.2.51 OR BA.2.52 OR BA.2.53 OR BA.2.54 OR BA.2.55 OR BA.2.56 OR BA.2.56.1 OR BA.2.57 OR BA.2.58 OR BA.2.59 OR BA.2.60 OR BA.2.61 OR BA.2.62 OR BA.2.63 OR BA.2.64 OR BA.2.65 OR BA.2.66 OR BA.2.67 OR BA.2.68 OR BA.2.69 OR BA.2.70 OR BA.2.71 OR BA.2.72 OR BA.2.73 OR BA.2.74 OR BA.2.75 OR BA.2.75.1 OR BA.2.75.2 OR BA.2.75.3 OR BA.2.75.4 OR BA.2.75.5 OR BA.2.75.6 OR BA.2.75.7 OR BA.2.75.8 OR BA.2.75.9 OR BA.2.75.10 OR BA.2.76 OR BA.2.76.1 OR BA.2.76.2 OR BA.2.77 OR BA.2.78 OR BA.2.79 OR BA.2.79.1 OR BA.2.80 OR BA.2.81 OR BA.2.82 OR BA.2.83 OR BA.2.85 OR BA.3 OR BA.3.1 OR BA.4 OR BA.4.1 OR BA.4.1.1 OR BA.4.1.2 OR BA.4.1.3 OR BA.4.1.4 OR BA.4.1.5 OR BA.4.1.6 OR BA.4.1.7 OR BA.4.1.8 OR BA.4.1.9 OR BA.4.1.10 OR BA.4.2 OR BA.4.3 OR BA.4.4 OR BA.4.5 OR BA.4.6 OR BA.4.6.1 OR BA.4.6.2 OR BA.4.6.3 OR BA.4.6.4 OR BA.4.6.5 OR BA.4.7 OR BA.4.8 OR BA.5 OR BA.5.1 OR BA.5.1.1 OR BA.5.1.2 OR BA.5.1.3 OR BA.5.1.4 OR BA.5.1.5 OR BA.5.1.6 OR BA.5.1.7 OR BA.5.1.8 OR BA.5.1.9 OR BA.5.1.10 OR BA.5.1.11 OR BA.5.1.12 OR BA.5.1.14 OR BA.5.1.15 OR BA.5.1.16 OR BA.5.1.17 OR BA.5.1.18 OR BA.5.1.19 OR BA.5.1.20 OR BA.5.1.21 OR BA.5.1.22 OR BA.5.1.23 OR BA.5.1.24 OR BA.5.1.25 OR BA.5.1.26 OR BA.5.1.27 OR BA.5.1.28 OR BA.5.1.29 OR BA.5.1.30 OR BA.5.1.31 OR BA.5.1.32 OR BA.5.2 OR BA.5.2.1 OR BA.5.2.2 OR BA.5.2.3 OR BA.5.2.4 OR BA.5.2.5 OR BA.5.2.6 OR BA.5.2.7 OR BA.5.2.8 OR BA.5.2.9 OR BA.5.2.10 OR BA.5.2.11 OR BA.5.2.12 OR BA.5.2.13 OR BA.5.2.14 OR BA.5.2.16 OR BA.5.2.18 OR BA.5.2.19 OR BA.5.2.20 OR BA.5.2.21 OR BA.5.2.22 OR BA.5.2.23 OR BA.5.2.24 OR BA.5.2.25 OR BA.5.2.26 OR BA.5.2.27 OR BA.5.2.28 OR BA.5.2.29 OR BA.5.2.30 OR BA.5.2.31 OR BA.5.2.32 OR BA.5.2.33 OR BA.5.2.34 OR BA.5.2.35 OR BA.5.2.36 OR BA.5.2.37 OR BA.5.2.38 OR BA.5.2.39 OR BA.5.2.40 OR BA.5.2.41 OR BA.5.2.42 OR BA.5.2.43 OR BA.5.2.44 OR BA.5.2.45 OR BA.5.2.46 OR BA.5.2.47 OR BA.5.2.48 OR BA.5.2.49 OR BA.5.3 OR BA.5.3.1 OR BA.5.3.2 OR BA.5.3.3 OR BA.5.3.4 OR BA.5.3.5 OR BA.5.5 OR BA.5.5.1 OR BA.5.5.2 OR BA.5.5.3 OR BA.5.6 OR BA.5.6.1 OR BA.5.6.2 OR BA.5.6.3 OR BA.5.6.4 OR BA.5.7 OR BA.5.8 OR BA.5.9 OR BA.5.10 OR BA.5.10.1 OR BA.5.11 OR BC.1 OR BC.2 OR BD.1 OR BE.1 OR BE.1.1 OR BE.1.1.1 OR BE.1.1.2 OR BE.1.2 OR BE.1.2.1 OR BE.1.3 OR BE.1.4 OR BE.1.4.1 OR BE.1.4.2 OR BE.1.4.3 OR BE.1.4.4 OR BE.2 OR BE.3 OR BE.4 OR BE.4.1 OR BE.4.1.1 OR BE.4.2 OR BE.5 OR BE.6 OR BE.7 OR BE.8 OR BE.9 OR BE.10 OR BF.1 OR BF.1.1 OR BF.2 OR BF.3 OR BF.3.1 OR BF.4 OR BF.5 OR BF.5.1 OR BF.5.2 OR BF.6 OR BF.7 OR BF.7.1 OR BF.7.2 OR BF.7.3 OR BF.7.4 OR BF.7.4.1 OR BF.7.4.2 OR BF.7.5 OR BF.7.5.1 OR BF.7.6 OR BF.7.7 OR BF.7.8 OR BF.7.9 OR BF.7.10 OR BF.7.11 OR BF.7.12 OR BF.7.13 OR BF.7.13.1 OR BF.7.13.2 OR BF.7.14 OR BF.7.15 OR BF.8 OR BF.9 OR BF.10 OR BF.10.1 OR BF.11 OR BF.11.1 OR BF.11.2 OR BF.11.3 OR BF.11.4 OR BF.11.5 OR BF.12 OR BF.13 OR BF.14 OR BF.15 OR BF.16 OR BF.17 OR BF.18 OR BF.19 OR BF.20 OR BF.21 OR BF.22 OR BF.23 OR BF.24 OR BF.25 OR BF.26 OR BF.27 OR BF.28 OR BF.29 OR BF.30 OR BF.31 OR BF.31.1 OR BF.32 OR BF.33 OR BF.34 OR BG.1 OR BG.2 OR BG.3 OR BG.4 OR BG.5 OR BG.6 OR BG.7 OR BH.1 OR BJ.1 OR BK.1 OR BL.1 OR BL.1.1 OR BL.1.2 OR BL.1.3 OR BL.1.4 OR BL.2 OR BL.2.1 OR BL.3 OR BL.4 OR BL.5 OR BL.6 OR BM.1 OR BM.1.1 OR BM.1.1.1 OR BM.1.1.2 OR BM.1.1.3 OR BM.1.1.4 OR BM.1.1.5 OR BM.2 OR BM.2.1 OR BM.2.2 OR BM.2.3 OR BM.3 OR BM.4 OR BM.4.1 OR BM.4.1.1 OR BM.5 OR BM.6 OR BN.1 OR BN.1.1 OR BN.1.1.1 OR BN.1.2 OR BN.1.2.1 OR BN.1.3 OR BN.1.3.1 OR BN.1.3.2 OR BN.1.3.3 OR BN.1.3.4 OR BN.1.4 OR BN.1.4.1 OR BN.1.5 OR BN.1.5.1 OR BN.1.6 OR BN.1.7 OR BN.1.8 OR BN.1.9 OR BN.2 OR BN.2.1 OR BN.3 OR BN.3.1 OR BN.4 OR BN.5 OR BN.6 OR BP.1 OR BQ.1 OR BQ.1.1 OR BQ.1.1.1 OR BQ.1.1.2 OR BQ.1.1.3 OR BQ.1.1.4 OR BQ.1.1.5 OR BQ.1.1.6 OR BQ.1.1.7 OR BQ.1.1.8 OR BQ.1.1.9 OR BQ.1.1.10 OR BQ.1.1.11 OR BQ.1.1.12 OR BQ.1.1.13 OR BQ.1.1.14 OR BQ.1.1.15 OR BQ.1.1.16 OR BQ.1.1.17 OR BQ.1.1.18 OR BQ.1.1.19 OR BQ.1.1.20 OR BQ.1.1.21 OR BQ.1.1.22 OR BQ.1.1.23 OR BQ.1.1.24 OR BQ.1.1.25 OR BQ.1.1.26 OR BQ.1.1.27 OR BQ.1.1.28 OR BQ.1.1.29 OR BQ.1.1.30 OR BQ.1.1.31 OR BQ.1.1.32 OR BQ.1.1.34 OR BQ.1.1.35 OR BQ.1.1.36 OR BQ.1.2 OR BQ.1.3 OR BQ.1.4 OR BQ.1.5 OR BQ.1.6 OR BQ.1.7 OR BQ.1.8 OR BQ.1.8.1 OR BQ.1.8.2 OR BQ.1.9 OR BQ.1.10 OR BQ.1.10.1 OR BQ.1.11 OR BQ.1.12 OR BQ.1.13 OR BQ.1.13.1 OR BQ.1.14 OR BQ.1.15 OR BQ.1.16 OR BQ.1.17 OR BQ.1.18 OR BQ.1.19 OR BQ.1.20 OR BQ.1.21 OR BQ.1.22 OR BQ.1.23 OR BQ.1.24 OR BQ.1.25 OR BQ.1.25.1 OR BQ.1.26 OR BQ.1.26.1 OR BQ.1.27 OR BQ.1.28 OR BQ.2 OR BR.1 OR BR.1.1 OR BR.1.2 OR BR.2 OR BR.2.1 OR BR.3 OR BR.4 OR BS.1 OR BS.1.1 OR BS.1.2 OR BT.1 OR BT.2 OR BU.1 OR BU.2 OR BU.3 OR BV.1 OR BV.2 OR BW.1 OR BW.1.1 OR BY.1 OR BY.1.1 OR BY.1.1.1 OR BY.1.2 OR BY.1.2.1 OR BZ.1 OR CA.1 OR CA.2 OR CA.3 OR CA.3.1 OR CA.4 OR CA.5 OR CA.6 OR CA.7 OR CB.1 OR CC.1 OR CD.1 OR CD.2 OR CE.1 OR CF.1 OR CG.1 OR CH.1 OR CH.1.1 OR CH.1.1.1 OR CH.1.1.2 OR CH.1.1.3 OR CH.1.1.4 OR CH.1.1.5 OR CH.2 OR CH.3 OR CH.3.1 OR CJ.1 OR CJ.1.1 OR CK.1 OR CK.1.1 OR CK.1.2 OR CK.2 OR CK.2.1 OR CK.2.1.1 OR CK.3 OR CL.1 OR CM.1 OR CM.2 OR CM.2.1 OR CM.3 OR CM.4 OR CM.4.1 OR CM.5 OR CM.5.1 OR CM.5.2 OR CM.6 OR CM.6.1 OR CM.7 OR CM.8 OR CM.8.1 OR CM.9 OR CM.10 OR CM.11 OR CM.12 OR CN.1 OR CN.2 OR CP.1 OR CP.1.1 OR CP.1.2 OR CP.1.3 OR CP.2 OR CP.3 OR CP.4 OR CP.5 OR CP.6 OR CQ.1 OR CQ.1.1 OR CQ.2 OR CR.1 OR CR.1.1 OR CR.1.2 OR CR.1.3 OR CR.2 OR CS.1 OR CT.1 OR CU.1 OR CV.1 OR CV.2 OR CW.1 OR CY.1 OR CZ.1 OR DA.1 OR DB.1 OR DB.2 OR DC.1 OR DD.1 OR DE.1 OR DE.2 OR DF.1 OR DF.1.1 OR DG.1 OR DH.1 OR DJ.1 OR DJ.1.1 OR DJ.1.2 OR DJ.1.3 OR DK.1 OR DL.1 OR DM.1 OR DN.1 OR DN.1.1 OR DP.1 OR DQ.1 OR DR.1 OR DS.1 OR DT.1 OR DU.1 OR DV.1,Omicron,7,6.21428571428571,0.887755102040816
2022-08-16,7,5,6.66666666666667,5.66666666666667,0.85,0.499202538380922,0.984123475787253,B.1.1.529 OR BA.1 OR BA.1.1 OR BA.1.1.1 OR BA.1.1.2 OR BA.1.1.3 OR BA.1.1.4 OR BA.1.1.5 OR BA.1.1.6 OR BA.1.1.7 OR BA.1.1.8 OR BA.1.1.9 OR BA.1.1.10 OR BA.1.1.11 OR BA.1.1.12 OR BA.1.1.13 OR BA.1.1.14 OR BA.1.1.15 OR BA.1.1.16 OR BA.1.1.17 OR BA.1.1.18 OR BA.1.2 OR BA.1.3 OR BA.1.4 OR BA.1.5 OR BA.1.6 OR BA.1.7 OR BA.1.8 OR BA.1.9 OR BA.1.10 OR BA.1.12 OR BA.1.13 OR BA.1.13.1 OR BA.1.14 OR BA.1.14.1 OR BA.1.14.2 OR BA.1.15 OR BA.1.15.1 OR BA.1.15.2 OR BA.1.15.3 OR BA.1.16 OR BA.1.16.1 OR BA.1.16.2 OR BA.1.17 OR BA.1.17.1 OR BA.1.17.2 OR BA.1.18 OR BA.1.19 OR BA.1.20 OR BA.1.21 OR BA.1.21.1 OR BA.1.22 OR BA.1.23 OR BA.1.24 OR BA.2 OR BA.2.1 OR BA.2.2 OR BA.2.2.1 OR BA.2.3 OR BA.2.3.1 OR BA.2.3.2 OR BA.2.3.4 OR BA.2.3.5 OR BA.2.3.6 OR BA.2.3.7 OR BA.2.3.8 OR BA.2.3.9 OR BA.2.3.10 OR BA.2.3.11 OR BA.2.3.12 OR BA.2.3.13 OR BA.2.3.14 OR BA.2.3.15 OR BA.2.3.16 OR BA.2.3.17 OR BA.2.3.18 OR BA.2.3.19 OR BA.2.3.20 OR BA.2.3.21 OR BA.2.3.22 OR BA.2.4 OR BA.2.5 OR BA.2.6 OR BA.2.7 OR BA.2.8 OR BA.2.9 OR BA.2.9.1 OR BA.2.9.2 OR BA.2.9.3 OR BA.2.9.4 OR BA.2.9.5 OR BA.2.9.6 OR BA.2.9.7 OR BA.2.10 OR BA.2.10.1 OR BA.2.10.2 OR BA.2.10.3 OR BA.2.10.4 OR BA.2.11 OR BA.2.12 OR BA.2.12.1 OR BA.2.12.2 OR BA.2.13 OR BA.2.13.1 OR BA.2.14 OR BA.2.15 OR BA.2.16 OR BA.2.17 OR BA.2.18 OR BA.2.19 OR BA.2.20 OR BA.2.21 OR BA.2.22 OR BA.2.23 OR BA.2.23.1 OR BA.2.24 OR BA.2.25 OR BA.2.25.1 OR BA.2.26 OR BA.2.27 OR BA.2.28 OR BA.2.29 OR BA.2.30 OR BA.2.31 OR BA.2.31.1 OR BA.2.32 OR BA.2.33 OR BA.2.34 OR BA.2.35 OR BA.2.36 OR BA.2.37 OR BA.2.38 OR BA.2.38.1 OR BA.2.38.2 OR BA.2.38.3 OR BA.2.38.4 OR BA.2.39 OR BA.2.40 OR BA.2.40.1 OR BA.2.41 OR BA.2.42 OR BA.2.43 OR BA.2.44 OR BA.2.45 OR BA.2.46 OR BA.2.47 OR BA.2.48 OR BA.2.49 OR BA.2.50 OR BA.2.51 OR BA.2.52 OR BA.2.53 OR BA.2.54 OR BA.2.55 OR BA.2.56 OR BA.2.56.1 OR BA.2.57 OR BA.2.58 OR BA.2.59 OR BA.2.60 OR BA.2.61 OR BA.2.62 OR BA.2.63 OR BA.2.64 OR BA.2.65 OR BA.2.66 OR BA.2.67 OR BA.2.68 OR BA.2.69 OR BA.2.70 OR BA.2.71 OR BA.2.72 OR BA.2.73 OR BA.2.74 OR BA.2.75 OR BA.2.75.1 OR BA.2.75.2 OR BA.2.75.3 OR BA.2.75.4 OR BA.2.75.5 OR BA.2.75.6 OR BA.2.75.7 OR BA.2.75.8 OR BA.2.75.9 OR BA.2.75.10 OR BA.2.76 OR BA.2.76.1 OR BA.2.76.2 OR BA.2.77 OR BA.2.78 OR BA.2.79 OR BA.2.79.1 OR BA.2.80 OR BA.2.81 OR BA.2.82 OR BA.2.83 OR BA.2.85 OR BA.3 OR BA.3.1 OR BA.4 OR BA.4.1 OR BA.4.1.1 OR BA.4.1.2 OR BA.4.1.3 OR BA.4.1.4 OR BA.4.1.5 OR BA.4.1.6 OR BA.4.1.7 OR BA.4.1.8 OR BA.4.1.9 OR BA.4.1.10 OR BA.4.2 OR BA.4.3 OR BA.4.4 OR BA.4.5 OR BA.4.6 OR BA.4.6.1 OR BA.4.6.2 OR BA.4.6.3 OR BA.4.6.4 OR BA.4.6.5 OR BA.4.7 OR BA.4.8 OR BA.5 OR BA.5.1 OR BA.5.1.1 OR BA.5.1.2 OR BA.5.1.3 OR BA.5.1.4 OR BA.5.1.5 OR BA.5.1.6 OR BA.5.1.7 OR BA.5.1.8 OR BA.5.1.9 OR BA.5.1.10 OR BA.5.1.11 OR BA.5.1.12 OR BA.5.1.14 OR BA.5.1.15 OR BA.5.1.16 OR BA.5.1.17 OR BA.5.1.18 OR BA.5.1.19 OR BA.5.1.20 OR BA.5.1.21 OR BA.5.1.22 OR BA.5.1.23 OR BA.5.1.24 OR BA.5.1.25 OR BA.5.1.26 OR BA.5.1.27 OR BA.5.1.28 OR BA.5.1.29 OR BA.5.1.30 OR BA.5.1.31 OR BA.5.1.32 OR BA.5.2 OR BA.5.2.1 OR BA.5.2.2 OR BA.5.2.3 OR BA.5.2.4 OR BA.5.2.5 OR BA.5.2.6 OR BA.5.2.7 OR BA.5.2.8 OR BA.5.2.9 OR BA.5.2.10 OR BA.5.2.11 OR BA.5.2.12 OR BA.5.2.13 OR BA.5.2.14 OR BA.5.2.16 OR BA.5.2.18 OR BA.5.2.19 OR BA.5.2.20 OR BA.5.2.21 OR BA.5.2.22 OR BA.5.2.23 OR BA.5.2.24 OR BA.5.2.25 OR BA.5.2.26 OR BA.5.2.27 OR BA.5.2.28 OR BA.5.2.29 OR BA.5.2.30 OR BA.5.2.31 OR BA.5.2.32 OR BA.5.2.33 OR BA.5.2.34 OR BA.5.2.35 OR BA.5.2.36 OR BA.5.2.37 OR BA.5.2.38 OR BA.5.2.39 OR BA.5.2.40 OR BA.5.2.41 OR BA.5.2.42 OR BA.5.2.43 OR BA.5.2.44 OR BA.5.2.45 OR BA.5.2.46 OR BA.5.2.47 OR BA.5.2.48 OR BA.5.2.49 OR BA.5.3 OR BA.5.3.1 OR BA.5.3.2 OR BA.5.3.3 OR BA.5.3.4 OR BA.5.3.5 OR BA.5.5 OR BA.5.5.1 OR BA.5.5.2 OR BA.5.5.3 OR BA.5.6 OR BA.5.6.1 OR BA.5.6.2 OR BA.5.6.3 OR BA.5.6.4 OR BA.5.7 OR BA.5.8 OR BA.5.9 OR BA.5.10 OR BA.5.10.1 OR BA.5.11 OR BC.1 OR BC.2 OR BD.1 OR BE.1 OR BE.1.1 OR BE.1.1.1 OR BE.1.1.2 OR BE.1.2 OR BE.1.2.1 OR BE.1.3 OR BE.1.4 OR BE.1.4.1 OR BE.1.4.2 OR BE.1.4.3 OR BE.1.4.4 OR BE.2 OR BE.3 OR BE.4 OR BE.4.1 OR BE.4.1.1 OR BE.4.2 OR BE.5 OR BE.6 OR BE.7 OR BE.8 OR BE.9 OR BE.10 OR BF.1 OR BF.1.1 OR BF.2 OR BF.3 OR BF.3.1 OR BF.4 OR BF.5 OR BF.5.1 OR BF.5.2 OR BF.6 OR BF.7 OR BF.7.1 OR BF.7.2 OR BF.7.3 OR BF.7.4 OR BF.7.4.1 OR BF.7.4.2 OR BF.7.5 OR BF.7.5.1 OR BF.7.6 OR BF.7.7 OR BF.7.8 OR BF.7.9 OR BF.7.10 OR BF.7.11 OR BF.7.12 OR BF.7.13 OR BF.7.13.1 OR BF.7.13.2 OR BF.7.14 OR BF.7.15 OR BF.8 OR BF.9 OR BF.10 OR BF.10.1 OR BF.11 OR BF.11.1 OR BF.11.2 OR BF.11.3 OR BF.11.4 OR BF.11.5 OR BF.12 OR BF.13 OR BF.14 OR BF.15 OR BF.16 OR BF.17 OR BF.18 OR BF.19 OR BF.20 OR BF.21 OR BF.22 OR BF.23 OR BF.24 OR BF.25 OR BF.26 OR BF.27 OR BF.28 OR BF.29 OR BF.30 OR BF.31 OR BF.31.1 OR BF.32 OR BF.33 OR BF.34 OR BG.1 OR BG.2 OR BG.3 OR BG.4 OR BG.5 OR BG.6 OR BG.7 OR BH.1 OR BJ.1 OR BK.1 OR BL.1 OR BL.1.1 OR BL.1.2 OR BL.1.3 OR BL.1.4 OR BL.2 OR BL.2.1 OR BL.3 OR BL.4 OR BL.5 OR BL.6 OR BM.1 OR BM.1.1 OR BM.1.1.1 OR BM.1.1.2 OR BM.1.1.3 OR BM.1.1.4 OR BM.1.1.5 OR BM.2 OR BM.2.1 OR BM.2.2 OR BM.2.3 OR BM.3 OR BM.4 OR BM.4.1 OR BM.4.1.1 OR BM.5 OR BM.6 OR BN.1 OR BN.1.1 OR BN.1.1.1 OR BN.1.2 OR BN.1.2.1 OR BN.1.3 OR BN.1.3.1 OR BN.1.3.2 OR BN.1.3.3 OR BN.1.3.4 OR BN.1.4 OR BN.1.4.1 OR BN.1.5 OR BN.1.5.1 OR BN.1.6 OR BN.1.7 OR BN.1.8 OR BN.1.9 OR BN.2 OR BN.2.1 OR BN.3 OR BN.3.1 OR BN.4 OR BN.5 OR BN.6 OR BP.1 OR BQ.1 OR BQ.1.1 OR BQ.1.1.1 OR BQ.1.1.2 OR BQ.1.1.3 OR BQ.1.1.4 OR BQ.1.1.5 OR BQ.1.1.6 OR BQ.1.1.7 OR BQ.1.1.8 OR BQ.1.1.9 OR BQ.1.1.10 OR BQ.1.1.11 OR BQ.1.1.12 OR BQ.1.1.13 OR BQ.1.1.14 OR BQ.1.1.15 OR BQ.1.1.16 OR BQ.1.1.17 OR BQ.1.1.18 OR BQ.1.1.19 OR BQ.1.1.20 OR BQ.1.1.21 OR BQ.1.1.22 OR BQ.1.1.23 OR BQ.1.1.24 OR BQ.1.1.25 OR BQ.1.1.26 OR BQ.1.1.27 OR BQ.1.1.28 OR BQ.1.1.29 OR BQ.1.1.30 OR BQ.1.1.31 OR BQ.1.1.32 OR BQ.1.1.34 OR BQ.1.1.35 OR BQ.1.1.36 OR BQ.1.2 OR BQ.1.3 OR BQ.1.4 OR BQ.1.5 OR BQ.1.6 OR BQ.1.7 OR BQ.1.8 OR BQ.1.8.1 OR BQ.1.8.2 OR BQ.1.9 OR BQ.1.10 OR BQ.1.10.1 OR BQ.1.11 OR BQ.1.12 OR BQ.1.13 OR BQ.1.13.1 OR BQ.1.14 OR BQ.1.15 OR BQ.1.16 OR BQ.1.17 OR BQ.1.18 OR BQ.1.19 OR BQ.1.20 OR BQ.1.21 OR BQ.1.22 OR BQ.1.23 OR BQ.1.24 OR BQ.1.25 OR BQ.1.25.1 OR BQ.1.26 OR BQ.1.26.1 OR BQ.1.27 OR BQ.1.28 OR BQ.2 OR BR.1 OR BR.1.1 OR BR.1.2 OR BR.2 OR BR.2.1 OR BR.3 OR BR.4 OR BS.1 OR BS.1.1 OR BS.1.2 OR BT.1 OR BT.2 OR BU.1 OR BU.2 OR BU.3 OR BV.1 OR BV.2 OR BW.1 OR BW.1.1 OR BY.1 OR BY.1.1 OR BY.1.1.1 OR BY.1.2 OR BY.1.2.1 OR BZ.1 OR CA.1 OR CA.2 OR CA.3 OR CA.3.1 OR CA.4 OR CA.5 OR CA.6 OR CA.7 OR CB.1 OR CC.1 OR CD.1 OR CD.2 OR CE.1 OR CF.1 OR CG.1 OR CH.1 OR CH.1.1 OR CH.1.1.1 OR CH.1.1.2 OR CH.1.1.3 OR CH.1.1.4 OR CH.1.1.5 OR CH.2 OR CH.3 OR CH.3.1 OR CJ.1 OR CJ.1.1 OR CK.1 OR CK.1.1 OR CK.1.2 OR CK.2 OR CK.2.1 OR CK.2.1.1 OR CK.3 OR CL.1 OR CM.1 OR CM.2 OR CM.2.1 OR CM.3 OR CM.4 OR CM.4.1 OR CM.5 OR CM.5.1 OR CM.5.2 OR CM.6 OR CM.6.1 OR CM.7 OR CM.8 OR CM.8.1 OR CM.9 OR CM.10 OR CM.11 OR CM.12 OR CN.1 OR CN.2 OR CP.1 OR CP.1.1 OR CP.1.2 OR CP.1.3 OR CP.2 OR CP.3 OR CP.4 OR CP.5 OR CP.6 OR CQ.1 OR CQ.1.1 OR CQ.2 OR CR.1 OR CR.1.1 OR CR.1.2 OR CR.1.3 OR CR.2 OR CS.1 OR CT.1 OR CU.1 OR CV.1 OR CV.2 OR CW.1 OR CY.1 OR CZ.1 OR DA.1 OR DB.1 OR DB.2 OR DC.1 OR DD.1 OR DE.1 OR DE.2 OR DF.1 OR DF.1.1 OR DG.1 OR DH.1 OR DJ.1 OR DJ.1.1 OR DJ.1.2 OR DJ.1.3 OR DK.1 OR DL.1 OR DM.1 OR DN.1 OR DN.1.1 OR DP.1 OR DQ.1 OR DR.1 OR DS.1 OR DT.1 OR DU.1 OR DV.1,Omicron,7,6.21428571428571,0.887755102040816
2022-08-17,7,6,6.33333333333333,5.5,0.868421052631579,0.66961109084845,0.999921500151634,B.1.1.529 OR BA.1 OR BA.1.1 OR BA.1.1.1 OR BA.1.1.2 OR BA.1.1.3 OR BA.1.1.4 OR BA.1.1.5 OR BA.1.1.6 OR BA.1.1.7 OR BA.1.1.8 OR BA.1.1.9 OR BA.1.1.10 OR BA.1.1.11 OR BA.1.1.12 OR BA.1.1.13 OR BA.1.1.14 OR BA.1.1.15 OR BA.1.1.16 OR BA.1.1.17 OR BA.1.1.18 OR BA.1.2 OR BA.1.3 OR BA.1.4 OR BA.1.5 OR BA.1.6 OR BA.1.7 OR BA.1.8 OR BA.1.9 OR BA.1.10 OR BA.1.12 OR BA.1.13 OR BA.1.13.1 OR BA.1.14 OR BA.1.14.1 OR BA.1.14.2 OR BA.1.15 OR BA.1.15.1 OR BA.1.15.2 OR BA.1.15.3 OR BA.1.16 OR BA.1.16.1 OR BA.1.16.2 OR BA.1.17 OR BA.1.17.1 OR BA.1.17.2 OR BA.1.18 OR BA.1.19 OR BA.1.20 OR BA.1.21 OR BA.1.21.1 OR BA.1.22 OR BA.1.23 OR BA.1.24 OR BA.2 OR BA.2.1 OR BA.2.2 OR BA.2.2.1 OR BA.2.3 OR BA.2.3.1 OR BA.2.3.2 OR BA.2.3.4 OR BA.2.3.5 OR BA.2.3.6 OR BA.2.3.7 OR BA.2.3.8 OR BA.2.3.9 OR BA.2.3.10 OR BA.2.3.11 OR BA.2.3.12 OR BA.2.3.13 OR BA.2.3.14 OR BA.2.3.15 OR BA.2.3.16 OR BA.2.3.17 OR BA.2.3.18 OR BA.2.3.19 OR BA.2.3.20 OR BA.2.3.21 OR BA.2.3.22 OR BA.2.4 OR BA.2.5 OR BA.2.6 OR BA.2.7 OR BA.2.8 OR BA.2.9 OR BA.2.9.1 OR BA.2.9.2 OR BA.2.9.3 OR BA.2.9.4 OR BA.2.9.5 OR BA.2.9.6 OR BA.2.9.7 OR BA.2.10 OR BA.2.10.1 OR BA.2.10.2 OR BA.2.10.3 OR BA.2.10.4 OR BA.2.11 OR BA.2.12 OR BA.2.12.1 OR BA.2.12.2 OR BA.2.13 OR BA.2.13.1 OR BA.2.14 OR BA.2.15 OR BA.2.16 OR BA.2.17 OR BA.2.18 OR BA.2.19 OR BA.2.20 OR BA.2.21 OR BA.2.22 OR BA.2.23 OR BA.2.23.1 OR BA.2.24 OR BA.2.25 OR BA.2.25.1 OR BA.2.26 OR BA.2.27 OR BA.2.28 OR BA.2.29 OR BA.2.30 OR BA.2.31 OR BA.2.31.1 OR BA.2.32 OR BA.2.33 OR BA.2.34 OR BA.2.35 OR BA.2.36 OR BA.2.37 OR BA.2.38 OR BA.2.38.1 OR BA.2.38.2 OR BA.2.38.3 OR BA.2.38.4 OR BA.2.39 OR BA.2.40 OR BA.2.40.1 OR BA.2.41 OR BA.2.42 OR BA.2.43 OR BA.2.44 OR BA.2.45 OR BA.2.46 OR BA.2.47 OR BA.2.48 OR BA.2.49 OR BA.2.50 OR BA.2.51 OR BA.2.52 OR BA.2.53 OR BA.2.54 OR BA.2.55 OR BA.2.56 OR BA.2.56.1 OR BA.2.57 OR BA.2.58 OR BA.2.59 OR BA.2.60 OR BA.2.61 OR BA.2.62 OR BA.2.63 OR BA.2.64 OR BA.2.65 OR BA.2.66 OR BA.2.67 OR BA.2.68 OR BA.2.69 OR BA.2.70 OR BA.2.71 OR BA.2.72 OR BA.2.73 OR BA.2.74 OR BA.2.75 OR BA.2.75.1 OR BA.2.75.2 OR BA.2.75.3 OR BA.2.75.4 OR BA.2.75.5 OR BA.2.75.6 OR BA.2.75.7 OR BA.2.75.8 OR BA.2.75.9 OR BA.2.75.10 OR BA.2.76 OR BA.2.76.1 OR BA.2.76.2 OR BA.2.77 OR BA.2.78 OR BA.2.79 OR BA.2.79.1 OR BA.2.80 OR BA.2.81 OR BA.2.82 OR BA.2.83 OR BA.2.85 OR BA.3 OR BA.3.1 OR BA.4 OR BA.4.1 OR BA.4.1.1 OR BA.4.1.2 OR BA.4.1.3 OR BA.4.1.4 OR BA.4.1.5 OR BA.4.1.6 OR BA.4.1.7 OR BA.4.1.8 OR BA.4.1.9 OR BA.4.1.10 OR BA.4.2 OR BA.4.3 OR BA.4.4 OR BA.4.5 OR BA.4.6 OR BA.4.6.1 OR BA.4.6.2 OR BA.4.6.3 OR BA.4.6.4 OR BA.4.6.5 OR BA.4.7 OR BA.4.8 OR BA.5 OR BA.5.1 OR BA.5.1.1 OR BA.5.1.2 OR BA.5.1.3 OR BA.5.1.4 OR BA.5.1.5 OR BA.5.1.6 OR BA.5.1.7 OR BA.5.1.8 OR BA.5.1.9 OR BA.5.1.10 OR BA.5.1.11 OR BA.5.1.12 OR BA.5.1.14 OR BA.5.1.15 OR BA.5.1.16 OR BA.5.1.17 OR BA.5.1.18 OR BA.5.1.19 OR BA.5.1.20 OR BA.5.1.21 OR BA.5.1.22 OR BA.5.1.23 OR BA.5.1.24 OR BA.5.1.25 OR BA.5.1.26 OR BA.5.1.27 OR BA.5.1.28 OR BA.5.1.29 OR BA.5.1.30 OR BA.5.1.31 OR BA.5.1.32 OR BA.5.2 OR BA.5.2.1 OR BA.5.2.2 OR BA.5.2.3 OR BA.5.2.4 OR BA.5.2.5 OR BA.5.2.6 OR BA.5.2.7 OR BA.5.2.8 OR BA.5.2.9 OR BA.5.2.10 OR BA.5.2.11 OR BA.5.2.12 OR BA.5.2.13 OR BA.5.2.14 OR BA.5.2.16 OR BA.5.2.18 OR BA.5.2.19 OR BA.5.2.20 OR BA.5.2.21 OR BA.5.2.22 OR BA.5.2.23 OR BA.5.2.24 OR BA.5.2.25 OR BA.5.2.26 OR BA.5.2.27 OR BA.5.2.28 OR BA.5.2.29 OR BA.5.2.30 OR BA.5.2.31 OR BA.5.2.32 OR BA.5.2.33 OR BA.5.2.34 OR BA.5.2.35 OR BA.5.2.36 OR BA.5.2.37 OR BA.5.2.38 OR BA.5.2.39 OR BA.5.2.40 OR BA.5.2.41 OR BA.5.2.42 OR BA.5.2.43 OR BA.5.2.44 OR BA.5.2.45 OR BA.5.2.46 OR BA.5.2.47 OR BA.5.2.48 OR BA.5.2.49 OR BA.5.3 OR BA.5.3.1 OR BA.5.3.2 OR BA.5.3.3 OR BA.5.3.4 OR BA.5.3.5 OR BA.5.5 OR BA.5.5.1 OR BA.5.5.2 OR BA.5.5.3 OR BA.5.6 OR BA.5.6.1 OR BA.5.6.2 OR BA.5.6.3 OR BA.5.6.4 OR BA.5.7 OR BA.5.8 OR BA.5.9 OR BA.5.10 OR BA.5.10.1 OR BA.5.11 OR BC.1 OR BC.2 OR BD.1 OR BE.1 OR BE.1.1 OR BE.1.1.1 OR BE.1.1.2 OR BE.1.2 OR BE.1.2.1 OR BE.1.3 OR BE.1.4 OR BE.1.4.1 OR BE.1.4.2 OR BE.1.4.3 OR BE.1.4.4 OR BE.2 OR BE.3 OR BE.4 OR BE.4.1 OR BE.4.1.1 OR BE.4.2 OR BE.5 OR BE.6 OR BE.7 OR BE.8 OR BE.9 OR BE.10 OR BF.1 OR BF.1.1 OR BF.2 OR BF.3 OR BF.3.1 OR BF.4 OR BF.5 OR BF.5.1 OR BF.5.2 OR BF.6 OR BF.7 OR BF.7.1 OR BF.7.2 OR BF.7.3 OR BF.7.4 OR BF.7.4.1 OR BF.7.4.2 OR BF.7.5 OR BF.7.5.1 OR BF.7.6 OR BF.7.7 OR BF.7.8 OR BF.7.9 OR BF.7.10 OR BF.7.11 OR BF.7.12 OR BF.7.13 OR BF.7.13.1 OR BF.7.13.2 OR BF.7.14 OR BF.7.15 OR BF.8 OR BF.9 OR BF.10 OR BF.10.1 OR BF.11 OR BF.11.1 OR BF.11.2 OR BF.11.3 OR BF.11.4 OR BF.11.5 OR BF.12 OR BF.13 OR BF.14 OR BF.15 OR BF.16 OR BF.17 OR BF.18 OR BF.19 OR BF.20 OR BF.21 OR BF.22 OR BF.23 OR BF.24 OR BF.25 OR BF.26 OR BF.27 OR BF.28 OR BF.29 OR BF.30 OR BF.31 OR BF.31.1 OR BF.32 OR BF.33 OR BF.34 OR BG.1 OR BG.2 OR BG.3 OR BG.4 OR BG.5 OR BG.6 OR BG.7 OR BH.1 OR BJ.1 OR BK.1 OR BL.1 OR BL.1.1 OR BL.1.2 OR BL.1.3 OR BL.1.4 OR BL.2 OR BL.2.1 OR BL.3 OR BL.4 OR BL.5 OR BL.6 OR BM.1 OR BM.1.1 OR BM.1.1.1 OR BM.1.1.2 OR BM.1.1.3 OR BM.1.1.4 OR BM.1.1.5 OR BM.2 OR BM.2.1 OR BM.2.2 OR BM.2.3 OR BM.3 OR BM.4 OR BM.4.1 OR BM.4.1.1 OR BM.5 OR BM.6 OR BN.1 OR BN.1.1 OR BN.1.1.1 OR BN.1.2 OR BN.1.2.1 OR BN.1.3 OR BN.1.3.1 OR BN.1.3.2 OR BN.1.3.3 OR BN.1.3.4 OR BN.1.4 OR BN.1.4.1 OR BN.1.5 OR BN.1.5.1 OR BN.1.6 OR BN.1.7 OR BN.1.8 OR BN.1.9 OR BN.2 OR BN.2.1 OR BN.3 OR BN.3.1 OR BN.4 OR BN.5 OR BN.6 OR BP.1 OR BQ.1 OR BQ.1.1 OR BQ.1.1.1 OR BQ.1.1.2 OR BQ.1.1.3 OR BQ.1.1.4 OR BQ.1.1.5 OR BQ.1.1.6 OR BQ.1.1.7 OR BQ.1.1.8 OR BQ.1.1.9 OR BQ.1.1.10 OR BQ.1.1.11 OR BQ.1.1.12 OR BQ.1.1.13 OR BQ.1.1.14 OR BQ.1.1.15 OR BQ.1.1.16 OR BQ.1.1.17 OR BQ.1.1.18 OR BQ.1.1.19 OR BQ.1.1.20 OR BQ.1.1.21 OR BQ.1.1.22 OR BQ.1.1.23 OR BQ.1.1.24 OR BQ.1.1.25 OR BQ.1.1.26 OR BQ.1.1.27 OR BQ.1.1.28 OR BQ.1.1.29 OR BQ.1.1.30 OR BQ.1.1.31 OR BQ.1.1.32 OR BQ.1.1.34 OR BQ.1.1.35 OR BQ.1.1.36 OR BQ.1.2 OR BQ.1.3 OR BQ.1.4 OR BQ.1.5 OR BQ.1.6 OR BQ.1.7 OR BQ.1.8 OR BQ.1.8.1 OR BQ.1.8.2 OR BQ.1.9 OR BQ.1.10 OR BQ.1.10.1 OR BQ.1.11 OR BQ.1.12 OR BQ.1.13 OR BQ.1.13.1 OR BQ.1.14 OR BQ.1.15 OR BQ.1.16 OR BQ.1.17 OR BQ.1.18 OR BQ.1.19 OR BQ.1.20 OR BQ.1.21 OR BQ.1.22 OR BQ.1.23 OR BQ.1.24 OR BQ.1.25 OR BQ.1.25.1 OR BQ.1.26 OR BQ.1.26.1 OR BQ.1.27 OR BQ.1.28 OR BQ.2 OR BR.1 OR BR.1.1 OR BR.1.2 OR BR.2 OR BR.2.1 OR BR.3 OR BR.4 OR BS.1 OR BS.1.1 OR BS.1.2 OR BT.1 OR BT.2 OR BU.1 OR BU.2 OR BU.3 OR BV.1 OR BV.2 OR BW.1 OR BW.1.1 OR BY.1 OR BY.1.1 OR BY.1.1.1 OR BY.1.2 OR BY.1.2.1 OR BZ.1 OR CA.1 OR CA.2 OR CA.3 OR CA.3.1 OR CA.4 OR CA.5 OR CA.6 OR CA.7 OR CB.1 OR CC.1 OR CD.1 OR CD.2 OR CE.1 OR CF.1 OR CG.1 OR CH.1 OR CH.1.1 OR CH.1.1.1 OR CH.1.1.2 OR CH.1.1.3 OR CH.1.1.4 OR CH.1.1.5 OR CH.2 OR CH.3 OR CH.3.1 OR CJ.1 OR CJ.1.1 OR CK.1 OR CK.1.1 OR CK.1.2 OR CK.2 OR CK.2.1 OR CK.2.1.1 OR CK.3 OR CL.1 OR CM.1 OR CM.2 OR CM.2.1 OR CM.3 OR CM.4 OR CM.4.1 OR CM.5 OR CM.5.1 OR CM.5.2 OR CM.6 OR CM.6.1 OR CM.7 OR CM.8 OR CM.8.1 OR CM.9 OR CM.10 OR CM.11 OR CM.12 OR CN.1 OR CN.2 OR CP.1 OR CP.1.1 OR CP.1.2 OR CP.1.3 OR CP.2 OR CP.3 OR CP.4 OR CP.5 OR CP.6 OR CQ.1 OR CQ.1.1 OR CQ.2 OR CR.1 OR CR.1.1 OR CR.1.2 OR CR.1.3 OR CR.2 OR CS.1 OR CT.1 OR CU.1 OR CV.1 OR CV.2 OR CW.1 OR CY.1 OR CZ.1 OR DA.1 OR DB.1 OR DB.2 OR DC.1 OR DD.1 OR DE.1 OR DE.2 OR DF.1 OR DF.1.1 OR DG.1 OR DH.1 OR DJ.1 OR DJ.1.1 OR DJ.1.2 OR DJ.1.3 OR DK.1 OR DL.1 OR DM.1 OR DN.1 OR DN.1.1 OR DP.1 OR DQ.1 OR DR.1 OR DS.1 OR DT.1 OR DU.1 OR DV.1,Omicron,7.07142857142857,6.28571428571429,0.888888888888889
2022-08-18,3,3,4.5,3.66666666666667,0.814814814814815,0.55523738234236,0.999884667211762,B.1.1.529 OR BA.1 OR BA.1.1 OR BA.1.1.1 OR BA.1.1.2 OR BA.1.1.3 OR BA.1.1.4 OR BA.1.1.5 OR BA.1.1.6 OR BA.1.1.7 OR BA.1.1.8 OR BA.1.1.9 OR BA.1.1.10 OR BA.1.1.11 OR BA.1.1.12 OR BA.1.1.13 OR BA.1.1.14 OR BA.1.1.15 OR BA.1.1.16 OR BA.1.1.17 OR BA.1.1.18 OR BA.1.2 OR BA.1.3 OR BA.1.4 OR BA.1.5 OR BA.1.6 OR BA.1.7 OR BA.1.8 OR BA.1.9 OR BA.1.10 OR BA.1.12 OR BA.1.13 OR BA.1.13.1 OR BA.1.14 OR BA.1.14.1 OR BA.1.14.2 OR BA.1.15 OR BA.1.15.1 OR BA.1.15.2 OR BA.1.15.3 OR BA.1.16 OR BA.1.16.1 OR BA.1.16.2 OR BA.1.17 OR BA.1.17.1 OR BA.1.17.2 OR BA.1.18 OR BA.1.19 OR BA.1.20 OR BA.1.21 OR BA.1.21.1 OR BA.1.22 OR BA.1.23 OR BA.1.24 OR BA.2 OR BA.2.1 OR BA.2.2 OR BA.2.2.1 OR BA.2.3 OR BA.2.3.1 OR BA.2.3.2 OR BA.2.3.4 OR BA.2.3.5 OR BA.2.3.6 OR BA.2.3.7 OR BA.2.3.8 OR BA.2.3.9 OR BA.2.3.10 OR BA.2.3.11 OR BA.2.3.12 OR BA.2.3.13 OR BA.2.3.14 OR BA.2.3.15 OR BA.2.3.16 OR BA.2.3.17 OR BA.2.3.18 OR BA.2.3.19 OR BA.2.3.20 OR BA.2.3.21 OR BA.2.3.22 OR BA.2.4 OR BA.2.5 OR BA.2.6 OR BA.2.7 OR BA.2.8 OR BA.2.9 OR BA.2.9.1 OR BA.2.9.2 OR BA.2.9.3 OR BA.2.9.4 OR BA.2.9.5 OR BA.2.9.6 OR BA.2.9.7 OR BA.2.10 OR BA.2.10.1 OR BA.2.10.2 OR BA.2.10.3 OR BA.2.10.4 OR BA.2.11 OR BA.2.12 OR BA.2.12.1 OR BA.2.12.2 OR BA.2.13 OR BA.2.13.1 OR BA.2.14 OR BA.2.15 OR BA.2.16 OR BA.2.17 OR BA.2.18 OR BA.2.19 OR BA.2.20 OR BA.2.21 OR BA.2.22 OR BA.2.23 OR BA.2.23.1 OR BA.2.24 OR BA.2.25 OR BA.2.25.1 OR BA.2.26 OR BA.2.27 OR BA.2.28 OR BA.2.29 OR BA.2.30 OR BA.2.31 OR BA.2.31.1 OR BA.2.32 OR BA.2.33 OR BA.2.34 OR BA.2.35 OR BA.2.36 OR BA.2.37 OR BA.2.38 OR BA.2.38.1 OR BA.2.38.2 OR BA.2.38.3 OR BA.2.38.4 OR BA.2.39 OR BA.2.40 OR BA.2.40.1 OR BA.2.41 OR BA.2.42 OR BA.2.43 OR BA.2.44 OR BA.2.45 OR BA.2.46 OR BA.2.47 OR BA.2.48 OR BA.2.49 OR BA.2.50 OR BA.2.51 OR BA.2.52 OR BA.2.53 OR BA.2.54 OR BA.2.55 OR BA.2.56 OR BA.2.56.1 OR BA.2.57 OR BA.2.58 OR BA.2.59 OR BA.2.60 OR BA.2.61 OR BA.2.62 OR BA.2.63 OR BA.2.64 OR BA.2.65 OR BA.2.66 OR BA.2.67 OR BA.2.68 OR BA.2.69 OR BA.2.70 OR BA.2.71 OR BA.2.72 OR BA.2.73 OR BA.2.74 OR BA.2.75 OR BA.2.75.1 OR BA.2.75.2 OR BA.2.75.3 OR BA.2.75.4 OR BA.2.75.5 OR BA.2.75.6 OR BA.2.75.7 OR BA.2.75.8 OR BA.2.75.9 OR BA.2.75.10 OR BA.2.76 OR BA.2.76.1 OR BA.2.76.2 OR BA.2.77 OR BA.2.78 OR BA.2.79 OR BA.2.79.1 OR BA.2.80 OR BA.2.81 OR BA.2.82 OR BA.2.83 OR BA.2.85 OR BA.3 OR BA.3.1 OR BA.4 OR BA.4.1 OR BA.4.1.1 OR BA.4.1.2 OR BA.4.1.3 OR BA.4.1.4 OR BA.4.1.5 OR BA.4.1.6 OR BA.4.1.7 OR BA.4.1.8 OR BA.4.1.9 OR BA.4.1.10 OR BA.4.2 OR BA.4.3 OR BA.4.4 OR BA.4.5 OR BA.4.6 OR BA.4.6.1 OR BA.4.6.2 OR BA.4.6.3 OR BA.4.6.4 OR BA.4.6.5 OR BA.4.7 OR BA.4.8 OR BA.5 OR BA.5.1 OR BA.5.1.1 OR BA.5.1.2 OR BA.5.1.3 OR BA.5.1.4 OR BA.5.1.5 OR BA.5.1.6 OR BA.5.1.7 OR BA.5.1.8 OR BA.5.1.9 OR BA.5.1.10 OR BA.5.1.11 OR BA.5.1.12 OR BA.5.1.14 OR BA.5.1.15 OR BA.5.1.16 OR BA.5.1.17 OR BA.5.1.18 OR BA.5.1.19 OR BA.5.1.20 OR BA.5.1.21 OR BA.5.1.22 OR BA.5.1.23 OR BA.5.1.24 OR BA.5.1.25 OR BA.5.1.26 OR BA.5.1.27 OR BA.5.1.28 OR BA.5.1.29 OR BA.5.1.30 OR BA.5.1.31 OR BA.5.1.32 OR BA.5.2 OR BA.5.2.1 OR BA.5.2.2 OR BA.5.2.3 OR BA.5.2.4 OR BA.5.2.5 OR BA.5.2.6 OR BA.5.2.7 OR BA.5.2.8 OR BA.5.2.9 OR BA.5.2.10 OR BA.5.2.11 OR BA.5.2.12 OR BA.5.2.13 OR BA.5.2.14 OR BA.5.2.16 OR BA.5.2.18 OR BA.5.2.19 OR BA.5.2.20 OR BA.5.2.21 OR BA.5.2.22 OR BA.5.2.23 OR BA.5.2.24 OR BA.5.2.25 OR BA.5.2.26 OR BA.5.2.27 OR BA.5.2.28 OR BA.5.2.29 OR BA.5.2.30 OR BA.5.2.31 OR BA.5.2.32 OR BA.5.2.33 OR BA.5.2.34 OR BA.5.2.35 OR BA.5.2.36 OR BA.5.2.37 OR BA.5.2.38 OR BA.5.2.39 OR BA.5.2.40 OR BA.5.2.41 OR BA.5.2.42 OR BA.5.2.43 OR BA.5.2.44 OR BA.5.2.45 OR BA.5.2.46 OR BA.5.2.47 OR BA.5.2.48 OR BA.5.2.49 OR BA.5.3 OR BA.5.3.1 OR BA.5.3.2 OR BA.5.3.3 OR BA.5.3.4 OR BA.5.3.5 OR BA.5.5 OR BA.5.5.1 OR BA.5.5.2 OR BA.5.5.3 OR BA.5.6 OR BA.5.6.1 OR BA.5.6.2 OR BA.5.6.3 OR BA.5.6.4 OR BA.5.7 OR BA.5.8 OR BA.5.9 OR BA.5.10 OR BA.5.10.1 OR BA.5.11 OR BC.1 OR BC.2 OR BD.1 OR BE.1 OR BE.1.1 OR BE.1.1.1 OR BE.1.1.2 OR BE.1.2 OR BE.1.2.1 OR BE.1.3 OR BE.1.4 OR BE.1.4.1 OR BE.1.4.2 OR BE.1.4.3 OR BE.1.4.4 OR BE.2 OR BE.3 OR BE.4 OR BE.4.1 OR BE.4.1.1 OR BE.4.2 OR BE.5 OR BE.6 OR BE.7 OR BE.8 OR BE.9 OR BE.10 OR BF.1 OR BF.1.1 OR BF.2 OR BF.3 OR BF.3.1 OR BF.4 OR BF.5 OR BF.5.1 OR BF.5.2 OR BF.6 OR BF.7 OR BF.7.1 OR BF.7.2 OR BF.7.3 OR BF.7.4 OR BF.7.4.1 OR BF.7.4.2 OR BF.7.5 OR BF.7.5.1 OR BF.7.6 OR BF.7.7 OR BF.7.8 OR BF.7.9 OR BF.7.10 OR BF.7.11 OR BF.7.12 OR BF.7.13 OR BF.7.13.1 OR BF.7.13.2 OR BF.7.14 OR BF.7.15 OR BF.8 OR BF.9 OR BF.10 OR BF.10.1 OR BF.11 OR BF.11.1 OR BF.11.2 OR BF.11.3 OR BF.11.4 OR BF.11.5 OR BF.12 OR BF.13 OR BF.14 OR BF.15 OR BF.16 OR BF.17 OR BF.18 OR BF.19 OR BF.20 OR BF.21 OR BF.22 OR BF.23 OR BF.24 OR BF.25 OR BF.26 OR BF.27 OR BF.28 OR BF.29 OR BF.30 OR BF.31 OR BF.31.1 OR BF.32 OR BF.33 OR BF.34 OR BG.1 OR BG.2 OR BG.3 OR BG.4 OR BG.5 OR BG.6 OR BG.7 OR BH.1 OR BJ.1 OR BK.1 OR BL.1 OR BL.1.1 OR BL.1.2 OR BL.1.3 OR BL.1.4 OR BL.2 OR BL.2.1 OR BL.3 OR BL.4 OR BL.5 OR BL.6 OR BM.1 OR BM.1.1 OR BM.1.1.1 OR BM.1.1.2 OR BM.1.1.3 OR BM.1.1.4 OR BM.1.1.5 OR BM.2 OR BM.2.1 OR BM.2.2 OR BM.2.3 OR BM.3 OR BM.4 OR BM.4.1 OR BM.4.1.1 OR BM.5 OR BM.6 OR BN.1 OR BN.1.1 OR BN.1.1.1 OR BN.1.2 OR BN.1.2.1 OR BN.1.3 OR BN.1.3.1 OR BN.1.3.2 OR BN.1.3.3 OR BN.1.3.4 OR BN.1.4 OR BN.1.4.1 OR BN.1.5 OR BN.1.5.1 OR BN.1.6 OR BN.1.7 OR BN.1.8 OR BN.1.9 OR BN.2 OR BN.2.1 OR BN.3 OR BN.3.1 OR BN.4 OR BN.5 OR BN.6 OR BP.1 OR BQ.1 OR BQ.1.1 OR BQ.1.1.1 OR BQ.1.1.2 OR BQ.1.1.3 OR BQ.1.1.4 OR BQ.1.1.5 OR BQ.1.1.6 OR BQ.1.1.7 OR BQ.1.1.8 OR BQ.1.1.9 OR BQ.1.1.10 OR BQ.1.1.11 OR BQ.1.1.12 OR BQ.1.1.13 OR BQ.1.1.14 OR BQ.1.1.15 OR BQ.1.1.16 OR BQ.1.1.17 OR BQ.1.1.18 OR BQ.1.1.19 OR BQ.1.1.20 OR BQ.1.1.21 OR BQ.1.1.22 OR BQ.1.1.23 OR BQ.1.1.24 OR BQ.1.1.25 OR BQ.1.1.26 OR BQ.1.1.27 OR BQ.1.1.28 OR BQ.1.1.29 OR BQ.1.1.30 OR BQ.1.1.31 OR BQ.1.1.32 OR BQ.1.1.34 OR BQ.1.1.35 OR BQ.1.1.36 OR BQ.1.2 OR BQ.1.3 OR BQ.1.4 OR BQ.1.5 OR BQ.1.6 OR BQ.1.7 OR BQ.1.8 OR BQ.1.8.1 OR BQ.1.8.2 OR BQ.1.9 OR BQ.1.10 OR BQ.1.10.1 OR BQ.1.11 OR BQ.1.12 OR BQ.1.13 OR BQ.1.13.1 OR BQ.1.14 OR BQ.1.15 OR BQ.1.16 OR BQ.1.17 OR BQ.1.18 OR BQ.1.19 OR BQ.1.20 OR BQ.1.21 OR BQ.1.22 OR BQ.1.23 OR BQ.1.24 OR BQ.1.25 OR BQ.1.25.1 OR BQ.1.26 OR BQ.1.26.1 OR BQ.1.27 OR BQ.1.28 OR BQ.2 OR BR.1 OR BR.1.1 OR BR.1.2 OR BR.2 OR BR.2.1 OR BR.3 OR BR.4 OR BS.1 OR BS.1.1 OR BS.1.2 OR BT.1 OR BT.2 OR BU.1 OR BU.2 OR BU.3 OR BV.1 OR BV.2 OR BW.1 OR BW.1.1 OR BY.1 OR BY.1.1 OR BY.1.1.1 OR BY.1.2 OR BY.1.2.1 OR BZ.1 OR CA.1 OR CA.2 OR CA.3 OR CA.3.1 OR CA.4 OR CA.5 OR CA.6 OR CA.7 OR CB.1 OR CC.1 OR CD.1 OR CD.2 OR CE.1 OR CF.1 OR CG.1 OR CH.1 OR CH.1.1 OR CH.1.1.1 OR CH.1.1.2 OR CH.1.1.3 OR CH.1.1.4 OR CH.1.1.5 OR CH.2 OR CH.3 OR CH.3.1 OR CJ.1 OR CJ.1.1 OR CK.1 OR CK.1.1 OR CK.1.2 OR CK.2 OR CK.2.1 OR CK.2.1.1 OR CK.3 OR CL.1 OR CM.1 OR CM.2 OR CM.2.1 OR CM.3 OR CM.4 OR CM.4.1 OR CM.5 OR CM.5.1 OR CM.5.2 OR CM.6 OR CM.6.1 OR CM.7 OR CM.8 OR CM.8.1 OR CM.9 OR CM.10 OR CM.11 OR CM.12 OR CN.1 OR CN.2 OR CP.1 OR CP.1.1 OR CP.1.2 OR CP.1.3 OR CP.2 OR CP.3 OR CP.4 OR CP.5 OR CP.6 OR CQ.1 OR CQ.1.1 OR CQ.2 OR CR.1 OR CR.1.1 OR CR.1.2 OR CR.1.3 OR CR.2 OR CS.1 OR CT.1 OR CU.1 OR CV.1 OR CV.2 OR CW.1 OR CY.1 OR CZ.1 OR DA.1 OR DB.1 OR DB.2 OR DC.1 OR DD.1 OR DE.1 OR DE.2 OR DF.1 OR DF.1.1 OR DG.1 OR DH.1 OR DJ.1 OR DJ.1.1 OR DJ.1.2 OR DJ.1.3 OR DK.1 OR DL.1 OR DM.1 OR DN.1 OR DN.1.1 OR DP.1 OR DQ.1 OR DR.1 OR DS.1 OR DT.1 OR DU.1 OR DV.1,Omicron,6.42857142857143,5.71428571428571,0.888888888888889
2022-08-19,6,6,4.66666666666667,4,0.857142857142857,0.371373599368006,0.977487234000845,B.1.1.529 OR BA.1 OR BA.1.1 OR BA.1.1.1 OR BA.1.1.2 OR BA.1.1.3 OR BA.1.1.4 OR BA.1.1.5 OR BA.1.1.6 OR BA.1.1.7 OR BA.1.1.8 OR BA.1.1.9 OR BA.1.1.10 OR BA.1.1.11 OR BA.1.1.12 OR BA.1.1.13 OR BA.1.1.14 OR BA.1.1.15 OR BA.1.1.16 OR BA.1.1.17 OR BA.1.1.18 OR BA.1.2 OR BA.1.3 OR BA.1.4 OR BA.1.5 OR BA.1.6 OR BA.1.7 OR BA.1.8 OR BA.1.9 OR BA.1.10 OR BA.1.12 OR BA.1.13 OR BA.1.13.1 OR BA.1.14 OR BA.1.14.1 OR BA.1.14.2 OR BA.1.15 OR BA.1.15.1 OR BA.1.15.2 OR BA.1.15.3 OR BA.1.16 OR BA.1.16.1 OR BA.1.16.2 OR BA.1.17 OR BA.1.17.1 OR BA.1.17.2 OR BA.1.18 OR BA.1.19 OR BA.1.20 OR BA.1.21 OR BA.1.21.1 OR BA.1.22 OR BA.1.23 OR BA.1.24 OR BA.2 OR BA.2.1 OR BA.2.2 OR BA.2.2.1 OR BA.2.3 OR BA.2.3.1 OR BA.2.3.2 OR BA.2.3.4 OR BA.2.3.5 OR BA.2.3.6 OR BA.2.3.7 OR BA.2.3.8 OR BA.2.3.9 OR BA.2.3.10 OR BA.2.3.11 OR BA.2.3.12 OR BA.2.3.13 OR BA.2.3.14 OR BA.2.3.15 OR BA.2.3.16 OR BA.2.3.17 OR BA.2.3.18 OR BA.2.3.19 OR BA.2.3.20 OR BA.2.3.21 OR BA.2.3.22 OR BA.2.4 OR BA.2.5 OR BA.2.6 OR BA.2.7 OR BA.2.8 OR BA.2.9 OR BA.2.9.1 OR BA.2.9.2 OR BA.2.9.3 OR BA.2.9.4 OR BA.2.9.5 OR BA.2.9.6 OR BA.2.9.7 OR BA.2.10 OR BA.2.10.1 OR BA.2.10.2 OR BA.2.10.3 OR BA.2.10.4 OR BA.2.11 OR BA.2.12 OR BA.2.12.1 OR BA.2.12.2 OR BA.2.13 OR BA.2.13.1 OR BA.2.14 OR BA.2.15 OR BA.2.16 OR BA.2.17 OR BA.2.18 OR BA.2.19 OR BA.2.20 OR BA.2.21 OR BA.2.22 OR BA.2.23 OR BA.2.23.1 OR BA.2.24 OR BA.2.25 OR BA.2.25.1 OR BA.2.26 OR BA.2.27 OR BA.2.28 OR BA.2.29 OR BA.2.30 OR BA.2.31 OR BA.2.31.1 OR BA.2.32 OR BA.2.33 OR BA.2.34 OR BA.2.35 OR BA.2.36 OR BA.2.37 OR BA.2.38 OR BA.2.38.1 OR BA.2.38.2 OR BA.2.38.3 OR BA.2.38.4 OR BA.2.39 OR BA.2.40 OR BA.2.40.1 OR BA.2.41 OR BA.2.42 OR BA.2.43 OR BA.2.44 OR BA.2.45 OR BA.2.46 OR BA.2.47 OR BA.2.48 OR BA.2.49 OR BA.2.50 OR BA.2.51 OR BA.2.52 OR BA.2.53 OR BA.2.54 OR BA.2.55 OR BA.2.56 OR BA.2.56.1 OR BA.2.57 OR BA.2.58 OR BA.2.59 OR BA.2.60 OR BA.2.61 OR BA.2.62 OR BA.2.63 OR BA.2.64 OR BA.2.65 OR BA.2.66 OR BA.2.67 OR BA.2.68 OR BA.2.69 OR BA.2.70 OR BA.2.71 OR BA.2.72 OR BA.2.73 OR BA.2.74 OR BA.2.75 OR BA.2.75.1 OR BA.2.75.2 OR BA.2.75.3 OR BA.2.75.4 OR BA.2.75.5 OR BA.2.75.6 OR BA.2.75.7 OR BA.2.75.8 OR BA.2.75.9 OR BA.2.75.10 OR BA.2.76 OR BA.2.76.1 OR BA.2.76.2 OR BA.2.77 OR BA.2.78 OR BA.2.79 OR BA.2.79.1 OR BA.2.80 OR BA.2.81 OR BA.2.82 OR BA.2.83 OR BA.2.85 OR BA.3 OR BA.3.1 OR BA.4 OR BA.4.1 OR BA.4.1.1 OR BA.4.1.2 OR BA.4.1.3 OR BA.4.1.4 OR BA.4.1.5 OR BA.4.1.6 OR BA.4.1.7 OR BA.4.1.8 OR BA.4.1.9 OR BA.4.1.10 OR BA.4.2 OR BA.4.3 OR BA.4.4 OR BA.4.5 OR BA.4.6 OR BA.4.6.1 OR BA.4.6.2 OR BA.4.6.3 OR BA.4.6.4 OR BA.4.6.5 OR BA.4.7 OR BA.4.8 OR BA.5 OR BA.5.1 OR BA.5.1.1 OR BA.5.1.2 OR BA.5.1.3 OR BA.5.1.4 OR BA.5.1.5 OR BA.5.1.6 OR BA.5.1.7 OR BA.5.1.8 OR BA.5.1.9 OR BA.5.1.10 OR BA.5.1.11 OR BA.5.1.12 OR BA.5.1.14 OR BA.5.1.15 OR BA.5.1.16 OR BA.5.1.17 OR BA.5.1.18 OR BA.5.1.19 OR BA.5.1.20 OR BA.5.1.21 OR BA.5.1.22 OR BA.5.1.23 OR BA.5.1.24 OR BA.5.1.25 OR BA.5.1.26 OR BA.5.1.27 OR BA.5.1.28 OR BA.5.1.29 OR BA.5.1.30 OR BA.5.1.31 OR BA.5.1.32 OR BA.5.2 OR BA.5.2.1 OR BA.5.2.2 OR BA.5.2.3 OR BA.5.2.4 OR BA.5.2.5 OR BA.5.2.6 OR BA.5.2.7 OR BA.5.2.8 OR BA.5.2.9 OR BA.5.2.10 OR BA.5.2.11 OR BA.5.2.12 OR BA.5.2.13 OR BA.5.2.14 OR BA.5.2.16 OR BA.5.2.18 OR BA.5.2.19 OR BA.5.2.20 OR BA.5.2.21 OR BA.5.2.22 OR BA.5.2.23 OR BA.5.2.24 OR BA.5.2.25 OR BA.5.2.26 OR BA.5.2.27 OR BA.5.2.28 OR BA.5.2.29 OR BA.5.2.30 OR BA.5.2.31 OR BA.5.2.32 OR BA.5.2.33 OR BA.5.2.34 OR BA.5.2.35 OR BA.5.2.36 OR BA.5.2.37 OR BA.5.2.38 OR BA.5.2.39 OR BA.5.2.40 OR BA.5.2.41 OR BA.5.2.42 OR BA.5.2.43 OR BA.5.2.44 OR BA.5.2.45 OR BA.5.2.46 OR BA.5.2.47 OR BA.5.2.48 OR BA.5.2.49 OR BA.5.3 OR BA.5.3.1 OR BA.5.3.2 OR BA.5.3.3 OR BA.5.3.4 OR BA.5.3.5 OR BA.5.5 OR BA.5.5.1 OR BA.5.5.2 OR BA.5.5.3 OR BA.5.6 OR BA.5.6.1 OR BA.5.6.2 OR BA.5.6.3 OR BA.5.6.4 OR BA.5.7 OR BA.5.8 OR BA.5.9 OR BA.5.10 OR BA.5.10.1 OR BA.5.11 OR BC.1 OR BC.2 OR BD.1 OR BE.1 OR BE.1.1 OR BE.1.1.1 OR BE.1.1.2 OR BE.1.2 OR BE.1.2.1 OR BE.1.3 OR BE.1.4 OR BE.1.4.1 OR BE.1.4.2 OR BE.1.4.3 OR BE.1.4.4 OR BE.2 OR BE.3 OR BE.4 OR BE.4.1 OR BE.4.1.1 OR BE.4.2 OR BE.5 OR BE.6 OR BE.7 OR BE.8 OR BE.9 OR BE.10 OR BF.1 OR BF.1.1 OR BF.2 OR BF.3 OR BF.3.1 OR BF.4 OR BF.5 OR BF.5.1 OR BF.5.2 OR BF.6 OR BF.7 OR BF.7.1 OR BF.7.2 OR BF.7.3 OR BF.7.4 OR BF.7.4.1 OR BF.7.4.2 OR BF.7.5 OR BF.7.5.1 OR BF.7.6 OR BF.7.7 OR BF.7.8 OR BF.7.9 OR BF.7.10 OR BF.7.11 OR BF.7.12 OR BF.7.13 OR BF.7.13.1 OR BF.7.13.2 OR BF.7.14 OR BF.7.15 OR BF.8 OR BF.9 OR BF.10 OR BF.10.1 OR BF.11 OR BF.11.1 OR BF.11.2 OR BF.11.3 OR BF.11.4 OR BF.11.5 OR BF.12 OR BF.13 OR BF.14 OR BF.15 OR BF.16 OR BF.17 OR BF.18 OR BF.19 OR BF.20 OR BF.21 OR BF.22 OR BF.23 OR BF.24 OR BF.25 OR BF.26 OR BF.27 OR BF.28 OR BF.29 OR BF.30 OR BF.31 OR BF.31.1 OR BF.32 OR BF.33 OR BF.34 OR BG.1 OR BG.2 OR BG.3 OR BG.4 OR BG.5 OR BG.6 OR BG.7 OR BH.1 OR BJ.1 OR BK.1 OR BL.1 OR BL.1.1 OR BL.1.2 OR BL.1.3 OR BL.1.4 OR BL.2 OR BL.2.1 OR BL.3 OR BL.4 OR BL.5 OR BL.6 OR BM.1 OR BM.1.1 OR BM.1.1.1 OR BM.1.1.2 OR BM.1.1.3 OR BM.1.1.4 OR BM.1.1.5 OR BM.2 OR BM.2.1 OR BM.2.2 OR BM.2.3 OR BM.3 OR BM.4 OR BM.4.1 OR BM.4.1.1 OR BM.5 OR BM.6 OR BN.1 OR BN.1.1 OR BN.1.1.1 OR BN.1.2 OR BN.1.2.1 OR BN.1.3 OR BN.1.3.1 OR BN.1.3.2 OR BN.1.3.3 OR BN.1.3.4 OR BN.1.4 OR BN.1.4.1 OR BN.1.5 OR BN.1.5.1 OR BN.1.6 OR BN.1.7 OR BN.1.8 OR BN.1.9 OR BN.2 OR BN.2.1 OR BN.3 OR BN.3.1 OR BN.4 OR BN.5 OR BN.6 OR BP.1 OR BQ.1 OR BQ.1.1 OR BQ.1.1.1 OR BQ.1.1.2 OR BQ.1.1.3 OR BQ.1.1.4 OR BQ.1.1.5 OR BQ.1.1.6 OR BQ.1.1.7 OR BQ.1.1.8 OR BQ.1.1.9 OR BQ.1.1.10 OR BQ.1.1.11 OR BQ.1.1.12 OR BQ.1.1.13 OR BQ.1.1.14 OR BQ.1.1.15 OR BQ.1.1.16 OR BQ.1.1.17 OR BQ.1.1.18 OR BQ.1.1.19 OR BQ.1.1.20 OR BQ.1.1.21 OR BQ.1.1.22 OR BQ.1.1.23 OR BQ.1.1.24 OR BQ.1.1.25 OR BQ.1.1.26 OR BQ.1.1.27 OR BQ.1.1.28 OR BQ.1.1.29 OR BQ.1.1.30 OR BQ.1.1.31 OR BQ.1.1.32 OR BQ.1.1.34 OR BQ.1.1.35 OR BQ.1.1.36 OR BQ.1.2 OR BQ.1.3 OR BQ.1.4 OR BQ.1.5 OR BQ.1.6 OR BQ.1.7 OR BQ.1.8 OR BQ.1.8.1 OR BQ.1.8.2 OR BQ.1.9 OR BQ.1.10 OR BQ.1.10.1 OR BQ.1.11 OR BQ.1.12 OR BQ.1.13 OR BQ.1.13.1 OR BQ.1.14 OR BQ.1.15 OR BQ.1.16 OR BQ.1.17 OR BQ.1.18 OR BQ.1.19 OR BQ.1.20 OR BQ.1.21 OR BQ.1.22 OR BQ.1.23 OR BQ.1.24 OR BQ.1.25 OR BQ.1.25.1 OR BQ.1.26 OR BQ.1.26.1 OR BQ.1.27 OR BQ.1.28 OR BQ.2 OR BR.1 OR BR.1.1 OR BR.1.2 OR BR.2 OR BR.2.1 OR BR.3 OR BR.4 OR BS.1 OR BS.1.1 OR BS.1.2 OR BT.1 OR BT.2 OR BU.1 OR BU.2 OR BU.3 OR BV.1 OR BV.2 OR BW.1 OR BW.1.1 OR BY.1 OR BY.1.1 OR BY.1.1.1 OR BY.1.2 OR BY.1.2.1 OR BZ.1 OR CA.1 OR CA.2 OR CA.3 OR CA.3.1 OR CA.4 OR CA.5 OR CA.6 OR CA.7 OR CB.1 OR CC.1 OR CD.1 OR CD.2 OR CE.1 OR CF.1 OR CG.1 OR CH.1 OR CH.1.1 OR CH.1.1.1 OR CH.1.1.2 OR CH.1.1.3 OR CH.1.1.4 OR CH.1.1.5 OR CH.2 OR CH.3 OR CH.3.1 OR CJ.1 OR CJ.1.1 OR CK.1 OR CK.1.1 OR CK.1.2 OR CK.2 OR CK.2.1 OR CK.2.1.1 OR CK.3 OR CL.1 OR CM.1 OR CM.2 OR CM.2.1 OR CM.3 OR CM.4 OR CM.4.1 OR CM.5 OR CM.5.1 OR CM.5.2 OR CM.6 OR CM.6.1 OR CM.7 OR CM.8 OR CM.8.1 OR CM.9 OR CM.10 OR CM.11 OR CM.12 OR CN.1 OR CN.2 OR CP.1 OR CP.1.1 OR CP.1.2 OR CP.1.3 OR CP.2 OR CP.3 OR CP.4 OR CP.5 OR CP.6 OR CQ.1 OR CQ.1.1 OR CQ.2 OR CR.1 OR CR.1.1 OR CR.1.2 OR CR.1.3 OR CR.2 OR CS.1 OR CT.1 OR CU.1 OR CV.1 OR CV.2 OR CW.1 OR CY.1 OR CZ.1 OR DA.1 OR DB.1 OR DB.2 OR DC.1 OR DD.1 OR DE.1 OR DE.2 OR DF.1 OR DF.1.1 OR DG.1 OR DH.1 OR DJ.1 OR DJ.1.1 OR DJ.1.2 OR DJ.1.3 OR DK.1 OR DL.1 OR DM.1 OR DN.1 OR DN.1.1 OR DP.1 OR DQ.1 OR DR.1 OR DS.1 OR DT.1 OR DU.1 OR DV.1,Omicron,6.14285714285714,5.57142857142857,0.906976744186047
2022-08-20,4,3,4.57142857142857,3.85714285714286,0.84375,0.371373599368006,0.977487234000845,B.1.1.529 OR BA.1 OR BA.1.1 OR BA.1.1.1 OR BA.1.1.2 OR BA.1.1.3 OR BA.1.1.4 OR BA.1.1.5 OR BA.1.1.6 OR BA.1.1.7 OR BA.1.1.8 OR BA.1.1.9 OR BA.1.1.10 OR BA.1.1.11 OR BA.1.1.12 OR BA.1.1.13 OR BA.1.1.14 OR BA.1.1.15 OR BA.1.1.16 OR BA.1.1.17 OR BA.1.1.18 OR BA.1.2 OR BA.1.3 OR BA.1.4 OR BA.1.5 OR BA.1.6 OR BA.1.7 OR BA.1.8 OR BA.1.9 OR BA.1.10 OR BA.1.12 OR BA.1.13 OR BA.1.13.1 OR BA.1.14 OR BA.1.14.1 OR BA.1.14.2 OR BA.1.15 OR BA.1.15.1 OR BA.1.15.2 OR BA.1.15.3 OR BA.1.16 OR BA.1.16.1 OR BA.1.16.2 OR BA.1.17 OR BA.1.17.1 OR BA.1.17.2 OR BA.1.18 OR BA.1.19 OR BA.1.20 OR BA.1.21 OR BA.1.21.1 OR BA.1.22 OR BA.1.23 OR BA.1.24 OR BA.2 OR BA.2.1 OR BA.2.2 OR BA.2.2.1 OR BA.2.3 OR BA.2.3.1 OR BA.2.3.2 OR BA.2.3.4 OR BA.2.3.5 OR BA.2.3.6 OR BA.2.3.7 OR BA.2.3.8 OR BA.2.3.9 OR BA.2.3.10 OR BA.2.3.11 OR BA.2.3.12 OR BA.2.3.13 OR BA.2.3.14 OR BA.2.3.15 OR BA.2.3.16 OR BA.2.3.17 OR BA.2.3.18 OR BA.2.3.19 OR BA.2.3.20 OR BA.2.3.21 OR BA.2.3.22 OR BA.2.4 OR BA.2.5 OR BA.2.6 OR BA.2.7 OR BA.2.8 OR BA.2.9 OR BA.2.9.1 OR BA.2.9.2 OR BA.2.9.3 OR BA.2.9.4 OR BA.2.9.5 OR BA.2.9.6 OR BA.2.9.7 OR BA.2.10 OR BA.2.10.1 OR BA.2.10.2 OR BA.2.10.3 OR BA.2.10.4 OR BA.2.11 OR BA.2.12 OR BA.2.12.1 OR BA.2.12.2 OR BA.2.13 OR BA.2.13.1 OR BA.2.14 OR BA.2.15 OR BA.2.16 OR BA.2.17 OR BA.2.18 OR BA.2.19 OR BA.2.20 OR BA.2.21 OR BA.2.22 OR BA.2.23 OR BA.2.23.1 OR BA.2.24 OR BA.2.25 OR BA.2.25.1 OR BA.2.26 OR BA.2.27 OR BA.2.28 OR BA.2.29 OR BA.2.30 OR BA.2.31 OR BA.2.31.1 OR BA.2.32 OR BA.2.33 OR BA.2.34 OR BA.2.35 OR BA.2.36 OR BA.2.37 OR BA.2.38 OR BA.2.38.1 OR BA.2.38.2 OR BA.2.38.3 OR BA.2.38.4 OR BA.2.39 OR BA.2.40 OR BA.2.40.1 OR BA.2.41 OR BA.2.42 OR BA.2.43 OR BA.2.44 OR BA.2.45 OR BA.2.46 OR BA.2.47 OR BA.2.48 OR BA.2.49 OR BA.2.50 OR BA.2.51 OR BA.2.52 OR BA.2.53 OR BA.2.54 OR BA.2.55 OR BA.2.56 OR BA.2.56.1 OR BA.2.57 OR BA.2.58 OR BA.2.59 OR BA.2.60 OR BA.2.61 OR BA.2.62 OR BA.2.63 OR BA.2.64 OR BA.2.65 OR BA.2.66 OR BA.2.67 OR BA.2.68 OR BA.2.69 OR BA.2.70 OR BA.2.71 OR BA.2.72 OR BA.2.73 OR BA.2.74 OR BA.2.75 OR BA.2.75.1 OR BA.2.75.2 OR BA.2.75.3 OR BA.2.75.4 OR BA.2.75.5 OR BA.2.75.6 OR BA.2.75.7 OR BA.2.75.8 OR BA.2.75.9 OR BA.2.75.10 OR BA.2.76 OR BA.2.76.1 OR BA.2.76.2 OR BA.2.77 OR BA.2.78 OR BA.2.79 OR BA.2.79.1 OR BA.2.80 OR BA.2.81 OR BA.2.82 OR BA.2.83 OR BA.2.85 OR BA.3 OR BA.3.1 OR BA.4 OR BA.4.1 OR BA.4.1.1 OR BA.4.1.2 OR BA.4.1.3 OR BA.4.1.4 OR BA.4.1.5 OR BA.4.1.6 OR BA.4.1.7 OR BA.4.1.8 OR BA.4.1.9 OR BA.4.1.10 OR BA.4.2 OR BA.4.3 OR BA.4.4 OR BA.4.5 OR BA.4.6 OR BA.4.6.1 OR BA.4.6.2 OR BA.4.6.3 OR BA.4.6.4 OR BA.4.6.5 OR BA.4.7 OR BA.4.8 OR BA.5 OR BA.5.1 OR BA.5.1.1 OR BA.5.1.2 OR BA.5.1.3 OR BA.5.1.4 OR BA.5.1.5 OR BA.5.1.6 OR BA.5.1.7 OR BA.5.1.8 OR BA.5.1.9 OR BA.5.1.10 OR BA.5.1.11 OR BA.5.1.12 OR BA.5.1.14 OR BA.5.1.15 OR BA.5.1.16 OR BA.5.1.17 OR BA.5.1.18 OR BA.5.1.19 OR BA.5.1.20 OR BA.5.1.21 OR BA.5.1.22 OR BA.5.1.23 OR BA.5.1.24 OR BA.5.1.25 OR BA.5.1.26 OR BA.5.1.27 OR BA.5.1.28 OR BA.5.1.29 OR BA.5.1.30 OR BA.5.1.31 OR BA.5.1.32 OR BA.5.2 OR BA.5.2.1 OR BA.5.2.2 OR BA.5.2.3 OR BA.5.2.4 OR BA.5.2.5 OR BA.5.2.6 OR BA.5.2.7 OR BA.5.2.8 OR BA.5.2.9 OR BA.5.2.10 OR BA.5.2.11 OR BA.5.2.12 OR BA.5.2.13 OR BA.5.2.14 OR BA.5.2.16 OR BA.5.2.18 OR BA.5.2.19 OR BA.5.2.20 OR BA.5.2.21 OR BA.5.2.22 OR BA.5.2.23 OR BA.5.2.24 OR BA.5.2.25 OR BA.5.2.26 OR BA.5.2.27 OR BA.5.2.28 OR BA.5.2.29 OR BA.5.2.30 OR BA.5.2.31 OR BA.5.2.32 OR BA.5.2.33 OR BA.5.2.34 OR BA.5.2.35 OR BA.5.2.36 OR BA.5.2.37 OR BA.5.2.38 OR BA.5.2.39 OR BA.5.2.40 OR BA.5.2.41 OR BA.5.2.42 OR BA.5.2.43 OR BA.5.2.44 OR BA.5.2.45 OR BA.5.2.46 OR BA.5.2.47 OR BA.5.2.48 OR BA.5.2.49 OR BA.5.3 OR BA.5.3.1 OR BA.5.3.2 OR BA.5.3.3 OR BA.5.3.4 OR BA.5.3.5 OR BA.5.5 OR BA.5.5.1 OR BA.5.5.2 OR BA.5.5.3 OR BA.5.6 OR BA.5.6.1 OR BA.5.6.2 OR BA.5.6.3 OR BA.5.6.4 OR BA.5.7 OR BA.5.8 OR BA.5.9 OR BA.5.10 OR BA.5.10.1 OR BA.5.11 OR BC.1 OR BC.2 OR BD.1 OR BE.1 OR BE.1.1 OR BE.1.1.1 OR BE.1.1.2 OR BE.1.2 OR BE.1.2.1 OR BE.1.3 OR BE.1.4 OR BE.1.4.1 OR BE.1.4.2 OR BE.1.4.3 OR BE.1.4.4 OR BE.2 OR BE.3 OR BE.4 OR BE.4.1 OR BE.4.1.1 OR BE.4.2 OR BE.5 OR BE.6 OR BE.7 OR BE.8 OR BE.9 OR BE.10 OR BF.1 OR BF.1.1 OR BF.2 OR BF.3 OR BF.3.1 OR BF.4 OR BF.5 OR BF.5.1 OR BF.5.2 OR BF.6 OR BF.7 OR BF.7.1 OR BF.7.2 OR BF.7.3 OR BF.7.4 OR BF.7.4.1 OR BF.7.4.2 OR BF.7.5 OR BF.7.5.1 OR BF.7.6 OR BF.7.7 OR BF.7.8 OR BF.7.9 OR BF.7.10 OR BF.7.11 OR BF.7.12 OR BF.7.13 OR BF.7.13.1 OR BF.7.13.2 OR BF.7.14 OR BF.7.15 OR BF.8 OR BF.9 OR BF.10 OR BF.10.1 OR BF.11 OR BF.11.1 OR BF.11.2 OR BF.11.3 OR BF.11.4 OR BF.11.5 OR BF.12 OR BF.13 OR BF.14 OR BF.15 OR BF.16 OR BF.17 OR BF.18 OR BF.19 OR BF.20 OR BF.21 OR BF.22 OR BF.23 OR BF.24 OR BF.25 OR BF.26 OR BF.27 OR BF.28 OR BF.29 OR BF.30 OR BF.31 OR BF.31.1 OR BF.32 OR BF.33 OR BF.34 OR BG.1 OR BG.2 OR BG.3 OR BG.4 OR BG.5 OR BG.6 OR BG.7 OR BH.1 OR BJ.1 OR BK.1 OR BL.1 OR BL.1.1 OR BL.1.2 OR BL.1.3 OR BL.1.4 OR BL.2 OR BL.2.1 OR BL.3 OR BL.4 OR BL.5 OR BL.6 OR BM.1 OR BM.1.1 OR BM.1.1.1 OR BM.1.1.2 OR BM.1.1.3 OR BM.1.1.4 OR BM.1.1.5 OR BM.2 OR BM.2.1 OR BM.2.2 OR BM.2.3 OR BM.3 OR BM.4 OR BM.4.1 OR BM.4.1.1 OR BM.5 OR BM.6 OR BN.1 OR BN.1.1 OR BN.1.1.1 OR BN.1.2 OR BN.1.2.1 OR BN.1.3 OR BN.1.3.1 OR BN.1.3.2 OR BN.1.3.3 OR BN.1.3.4 OR BN.1.4 OR BN.1.4.1 OR BN.1.5 OR BN.1.5.1 OR BN.1.6 OR BN.1.7 OR BN.1.8 OR BN.1.9 OR BN.2 OR BN.2.1 OR BN.3 OR BN.3.1 OR BN.4 OR BN.5 OR BN.6 OR BP.1 OR BQ.1 OR BQ.1.1 OR BQ.1.1.1 OR BQ.1.1.2 OR BQ.1.1.3 OR BQ.1.1.4 OR BQ.1.1.5 OR BQ.1.1.6 OR BQ.1.1.7 OR BQ.1.1.8 OR BQ.1.1.9 OR BQ.1.1.10 OR BQ.1.1.11 OR BQ.1.1.12 OR BQ.1.1.13 OR BQ.1.1.14 OR BQ.1.1.15 OR BQ.1.1.16 OR BQ.1.1.17 OR BQ.1.1.18 OR BQ.1.1.19 OR BQ.1.1.20 OR BQ.1.1.21 OR BQ.1.1.22 OR BQ.1.1.23 OR BQ.1.1.24 OR BQ.1.1.25 OR BQ.1.1.26 OR BQ.1.1.27 OR BQ.1.1.28 OR BQ.1.1.29 OR BQ.1.1.30 OR BQ.1.1.31 OR BQ.1.1.32 OR BQ.1.1.34 OR BQ.1.1.35 OR BQ.1.1.36 OR BQ.1.2 OR BQ.1.3 OR BQ.1.4 OR BQ.1.5 OR BQ.1.6 OR BQ.1.7 OR BQ.1.8 OR BQ.1.8.1 OR BQ.1.8.2 OR BQ.1.9 OR BQ.1.10 OR BQ.1.10.1 OR BQ.1.11 OR BQ.1.12 OR BQ.1.13 OR BQ.1.13.1 OR BQ.1.14 OR BQ.1.15 OR BQ.1.16 OR BQ.1.17 OR BQ.1.18 OR BQ.1.19 OR BQ.1.20 OR BQ.1.21 OR BQ.1.22 OR BQ.1.23 OR BQ.1.24 OR BQ.1.25 OR BQ.1.25.1 OR BQ.1.26 OR BQ.1.26.1 OR BQ.1.27 OR BQ.1.28 OR BQ.2 OR BR.1 OR BR.1.1 OR BR.1.2 OR BR.2 OR BR.2.1 OR BR.3 OR BR.4 OR BS.1 OR BS.1.1 OR BS.1.2 OR BT.1 OR BT.2 OR BU.1 OR BU.2 OR BU.3 OR BV.1 OR BV.2 OR BW.1 OR BW.1.1 OR BY.1 OR BY.1.1 OR BY.1.1.1 OR BY.1.2 OR BY.1.2.1 OR BZ.1 OR CA.1 OR CA.2 OR CA.3 OR CA.3.1 OR CA.4 OR CA.5 OR CA.6 OR CA.7 OR CB.1 OR CC.1 OR CD.1 OR CD.2 OR CE.1 OR CF.1 OR CG.1 OR CH.1 OR CH.1.1 OR CH.1.1.1 OR CH.1.1.2 OR CH.1.1.3 OR CH.1.1.4 OR CH.1.1.5 OR CH.2 OR CH.3 OR CH.3.1 OR CJ.1 OR CJ.1.1 OR CK.1 OR CK.1.1 OR CK.1.2 OR CK.2 OR CK.2.1 OR CK.2.1.1 OR CK.3 OR CL.1 OR CM.1 OR CM.2 OR CM.2.1 OR CM.3 OR CM.4 OR CM.4.1 OR CM.5 OR CM.5.1 OR CM.5.2 OR CM.6 OR CM.6.1 OR CM.7 OR CM.8 OR CM.8.1 OR CM.9 OR CM.10 OR CM.11 OR CM.12 OR CN.1 OR CN.2 OR CP.1 OR CP.1.1 OR CP.1.2 OR CP.1.3 OR CP.2 OR CP.3 OR CP.4 OR CP.5 OR CP.6 OR CQ.1 OR CQ.1.1 OR CQ.2 OR CR.1 OR CR.1.1 OR CR.1.2 OR CR.1.3 OR CR.2 OR CS.1 OR CT.1 OR CU.1 OR CV.1 OR CV.2 OR CW.1 OR CY.1 OR CZ.1 OR DA.1 OR DB.1 OR DB.2 OR DC.1 OR DD.1 OR DE.1 OR DE.2 OR DF.1 OR DF.1.1 OR DG.1 OR DH.1 OR DJ.1 OR DJ.1.1 OR DJ.1.2 OR DJ.1.3 OR DK.1 OR DL.1 OR DM.1 OR DN.1 OR DN.1.1 OR DP.1 OR DQ.1 OR DR.1 OR DS.1 OR DT.1 OR DU.1 OR DV.1,Omicron,5.92857142857143,5.28571428571429,0.891566265060241
2022-08-21,3,3,4.57142857142857,3.85714285714286,0.84375,0.371373599368006,0.977487234000845,B.1.1.529 OR BA.1 OR BA.1.1 OR BA.1.1.1 OR BA.1.1.2 OR BA.1.1.3 OR BA.1.1.4 OR BA.1.1.5 OR BA.1.1.6 OR BA.1.1.7 OR BA.1.1.8 OR BA.1.1.9 OR BA.1.1.10 OR BA.1.1.11 OR BA.1.1.12 OR BA.1.1.13 OR BA.1.1.14 OR BA.1.1.15 OR BA.1.1.16 OR BA.1.1.17 OR BA.1.1.18 OR BA.1.2 OR BA.1.3 OR BA.1.4 OR BA.1.5 OR BA.1.6 OR BA.1.7 OR BA.1.8 OR BA.1.9 OR BA.1.10 OR BA.1.12 OR BA.1.13 OR BA.1.13.1 OR BA.1.14 OR BA.1.14.1 OR BA.1.14.2 OR BA.1.15 OR BA.1.15.1 OR BA.1.15.2 OR BA.1.15.3 OR BA.1.16 OR BA.1.16.1 OR BA.1.16.2 OR BA.1.17 OR BA.1.17.1 OR BA.1.17.2 OR BA.1.18 OR BA.1.19 OR BA.1.20 OR BA.1.21 OR BA.1.21.1 OR BA.1.22 OR BA.1.23 OR BA.1.24 OR BA.2 OR BA.2.1 OR BA.2.2 OR BA.2.2.1 OR BA.2.3 OR BA.2.3.1 OR BA.2.3.2 OR BA.2.3.4 OR BA.2.3.5 OR BA.2.3.6 OR BA.2.3.7 OR BA.2.3.8 OR BA.2.3.9 OR BA.2.3.10 OR BA.2.3.11 OR BA.2.3.12 OR BA.2.3.13 OR BA.2.3.14 OR BA.2.3.15 OR BA.2.3.16 OR BA.2.3.17 OR BA.2.3.18 OR BA.2.3.19 OR BA.2.3.20 OR BA.2.3.21 OR BA.2.3.22 OR BA.2.4 OR BA.2.5 OR BA.2.6 OR BA.2.7 OR BA.2.8 OR BA.2.9 OR BA.2.9.1 OR BA.2.9.2 OR BA.2.9.3 OR BA.2.9.4 OR BA.2.9.5 OR BA.2.9.6 OR BA.2.9.7 OR BA.2.10 OR BA.2.10.1 OR BA.2.10.2 OR BA.2.10.3 OR BA.2.10.4 OR BA.2.11 OR BA.2.12 OR BA.2.12.1 OR BA.2.12.2 OR BA.2.13 OR BA.2.13.1 OR BA.2.14 OR BA.2.15 OR BA.2.16 OR BA.2.17 OR BA.2.18 OR BA.2.19 OR BA.2.20 OR BA.2.21 OR BA.2.22 OR BA.2.23 OR BA.2.23.1 OR BA.2.24 OR BA.2.25 OR BA.2.25.1 OR BA.2.26 OR BA.2.27 OR BA.2.28 OR BA.2.29 OR BA.2.30 OR BA.2.31 OR BA.2.31.1 OR BA.2.32 OR BA.2.33 OR BA.2.34 OR BA.2.35 OR BA.2.36 OR BA.2.37 OR BA.2.38 OR BA.2.38.1 OR BA.2.38.2 OR BA.2.38.3 OR BA.2.38.4 OR BA.2.39 OR BA.2.40 OR BA.2.40.1 OR BA.2.41 OR BA.2.42 OR BA.2.43 OR BA.2.44 OR BA.2.45 OR BA.2.46 OR BA.2.47 OR BA.2.48 OR BA.2.49 OR BA.2.50 OR BA.2.51 OR BA.2.52 OR BA.2.53 OR BA.2.54 OR BA.2.55 OR BA.2.56 OR BA.2.56.1 OR BA.2.57 OR BA.2.58 OR BA.2.59 OR BA.2.60 OR BA.2.61 OR BA.2.62 OR BA.2.63 OR BA.2.64 OR BA.2.65 OR BA.2.66 OR BA.2.67 OR BA.2.68 OR BA.2.69 OR BA.2.70 OR BA.2.71 OR BA.2.72 OR BA.2.73 OR BA.2.74 OR BA.2.75 OR BA.2.75.1 OR BA.2.75.2 OR BA.2.75.3 OR BA.2.75.4 OR BA.2.75.5 OR BA.2.75.6 OR BA.2.75.7 OR BA.2.75.8 OR BA.2.75.9 OR BA.2.75.10 OR BA.2.76 OR BA.2.76.1 OR BA.2.76.2 OR BA.2.77 OR BA.2.78 OR BA.2.79 OR BA.2.79.1 OR BA.2.80 OR BA.2.81 OR BA.2.82 OR BA.2.83 OR BA.2.85 OR BA.3 OR BA.3.1 OR BA.4 OR BA.4.1 OR BA.4.1.1 OR BA.4.1.2 OR BA.4.1.3 OR BA.4.1.4 OR BA.4.1.5 OR BA.4.1.6 OR BA.4.1.7 OR BA.4.1.8 OR BA.4.1.9 OR BA.4.1.10 OR BA.4.2 OR BA.4.3 OR BA.4.4 OR BA.4.5 OR BA.4.6 OR BA.4.6.1 OR BA.4.6.2 OR BA.4.6.3 OR BA.4.6.4 OR BA.4.6.5 OR BA.4.7 OR BA.4.8 OR BA.5 OR BA.5.1 OR BA.5.1.1 OR BA.5.1.2 OR BA.5.1.3 OR BA.5.1.4 OR BA.5.1.5 OR BA.5.1.6 OR BA.5.1.7 OR BA.5.1.8 OR BA.5.1.9 OR BA.5.1.10 OR BA.5.1.11 OR BA.5.1.12 OR BA.5.1.14 OR BA.5.1.15 OR BA.5.1.16 OR BA.5.1.17 OR BA.5.1.18 OR BA.5.1.19 OR BA.5.1.20 OR BA.5.1.21 OR BA.5.1.22 OR BA.5.1.23 OR BA.5.1.24 OR BA.5.1.25 OR BA.5.1.26 OR BA.5.1.27 OR BA.5.1.28 OR BA.5.1.29 OR BA.5.1.30 OR BA.5.1.31 OR BA.5.1.32 OR BA.5.2 OR BA.5.2.1 OR BA.5.2.2 OR BA.5.2.3 OR BA.5.2.4 OR BA.5.2.5 OR BA.5.2.6 OR BA.5.2.7 OR BA.5.2.8 OR BA.5.2.9 OR BA.5.2.10 OR BA.5.2.11 OR BA.5.2.12 OR BA.5.2.13 OR BA.5.2.14 OR BA.5.2.16 OR BA.5.2.18 OR BA.5.2.19 OR BA.5.2.20 OR BA.5.2.21 OR BA.5.2.22 OR BA.5.2.23 OR BA.5.2.24 OR BA.5.2.25 OR BA.5.2.26 OR BA.5.2.27 OR BA.5.2.28 OR BA.5.2.29 OR BA.5.2.30 OR BA.5.2.31 OR BA.5.2.32 OR BA.5.2.33 OR BA.5.2.34 OR BA.5.2.35 OR BA.5.2.36 OR BA.5.2.37 OR BA.5.2.38 OR BA.5.2.39 OR BA.5.2.40 OR BA.5.2.41 OR BA.5.2.42 OR BA.5.2.43 OR BA.5.2.44 OR BA.5.2.45 OR BA.5.2.46 OR BA.5.2.47 OR BA.5.2.48 OR BA.5.2.49 OR BA.5.3 OR BA.5.3.1 OR BA.5.3.2 OR BA.5.3.3 OR BA.5.3.4 OR BA.5.3.5 OR BA.5.5 OR BA.5.5.1 OR BA.5.5.2 OR BA.5.5.3 OR BA.5.6 OR BA.5.6.1 OR BA.5.6.2 OR BA.5.6.3 OR BA.5.6.4 OR BA.5.7 OR BA.5.8 OR BA.5.9 OR BA.5.10 OR BA.5.10.1 OR BA.5.11 OR BC.1 OR BC.2 OR BD.1 OR BE.1 OR BE.1.1 OR BE.1.1.1 OR BE.1.1.2 OR BE.1.2 OR BE.1.2.1 OR BE.1.3 OR BE.1.4 OR BE.1.4.1 OR BE.1.4.2 OR BE.1.4.3 OR BE.1.4.4 OR BE.2 OR BE.3 OR BE.4 OR BE.4.1 OR BE.4.1.1 OR BE.4.2 OR BE.5 OR BE.6 OR BE.7 OR BE.8 OR BE.9 OR BE.10 OR BF.1 OR BF.1.1 OR BF.2 OR BF.3 OR BF.3.1 OR BF.4 OR BF.5 OR BF.5.1 OR BF.5.2 OR BF.6 OR BF.7 OR BF.7.1 OR BF.7.2 OR BF.7.3 OR BF.7.4 OR BF.7.4.1 OR BF.7.4.2 OR BF.7.5 OR BF.7.5.1 OR BF.7.6 OR BF.7.7 OR BF.7.8 OR BF.7.9 OR BF.7.10 OR BF.7.11 OR BF.7.12 OR BF.7.13 OR BF.7.13.1 OR BF.7.13.2 OR BF.7.14 OR BF.7.15 OR BF.8 OR BF.9 OR BF.10 OR BF.10.1 OR BF.11 OR BF.11.1 OR BF.11.2 OR BF.11.3 OR BF.11.4 OR BF.11.5 OR BF.12 OR BF.13 OR BF.14 OR BF.15 OR BF.16 OR BF.17 OR BF.18 OR BF.19 OR BF.20 OR BF.21 OR BF.22 OR BF.23 OR BF.24 OR BF.25 OR BF.26 OR BF.27 OR BF.28 OR BF.29 OR BF.30 OR BF.31 OR BF.31.1 OR BF.32 OR BF.33 OR BF.34 OR BG.1 OR BG.2 OR BG.3 OR BG.4 OR BG.5 OR BG.6 OR BG.7 OR BH.1 OR BJ.1 OR BK.1 OR BL.1 OR BL.1.1 OR BL.1.2 OR BL.1.3 OR BL.1.4 OR BL.2 OR BL.2.1 OR BL.3 OR BL.4 OR BL.5 OR BL.6 OR BM.1 OR BM.1.1 OR BM.1.1.1 OR BM.1.1.2 OR BM.1.1.3 OR BM.1.1.4 OR BM.1.1.5 OR BM.2 OR BM.2.1 OR BM.2.2 OR BM.2.3 OR BM.3 OR BM.4 OR BM.4.1 OR BM.4.1.1 OR BM.5 OR BM.6 OR BN.1 OR BN.1.1 OR BN.1.1.1 OR BN.1.2 OR BN.1.2.1 OR BN.1.3 OR BN.1.3.1 OR BN.1.3.2 OR BN.1.3.3 OR BN.1.3.4 OR BN.1.4 OR BN.1.4.1 OR BN.1.5 OR BN.1.5.1 OR BN.1.6 OR BN.1.7 OR BN.1.8 OR BN.1.9 OR BN.2 OR BN.2.1 OR BN.3 OR BN.3.1 OR BN.4 OR BN.5 OR BN.6 OR BP.1 OR BQ.1 OR BQ.1.1 OR BQ.1.1.1 OR BQ.1.1.2 OR BQ.1.1.3 OR BQ.1.1.4 OR BQ.1.1.5 OR BQ.1.1.6 OR BQ.1.1.7 OR BQ.1.1.8 OR BQ.1.1.9 OR BQ.1.1.10 OR BQ.1.1.11 OR BQ.1.1.12 OR BQ.1.1.13 OR BQ.1.1.14 OR BQ.1.1.15 OR BQ.1.1.16 OR BQ.1.1.17 OR BQ.1.1.18 OR BQ.1.1.19 OR BQ.1.1.20 OR BQ.1.1.21 OR BQ.1.1.22 OR BQ.1.1.23 OR BQ.1.1.24 OR BQ.1.1.25 OR BQ.1.1.26 OR BQ.1.1.27 OR BQ.1.1.28 OR BQ.1.1.29 OR BQ.1.1.30 OR BQ.1.1.31 OR BQ.1.1.32 OR BQ.1.1.34 OR BQ.1.1.35 OR BQ.1.1.36 OR BQ.1.2 OR BQ.1.3 OR BQ.1.4 OR BQ.1.5 OR BQ.1.6 OR BQ.1.7 OR BQ.1.8 OR BQ.1.8.1 OR BQ.1.8.2 OR BQ.1.9 OR BQ.1.10 OR BQ.1.10.1 OR BQ.1.11 OR BQ.1.12 OR BQ.1.13 OR BQ.1.13.1 OR BQ.1.14 OR BQ.1.15 OR BQ.1.16 OR BQ.1.17 OR BQ.1.18 OR BQ.1.19 OR BQ.1.20 OR BQ.1.21 OR BQ.1.22 OR BQ.1.23 OR BQ.1.24 OR BQ.1.25 OR BQ.1.25.1 OR BQ.1.26 OR BQ.1.26.1 OR BQ.1.27 OR BQ.1.28 OR BQ.2 OR BR.1 OR BR.1.1 OR BR.1.2 OR BR.2 OR BR.2.1 OR BR.3 OR BR.4 OR BS.1 OR BS.1.1 OR BS.1.2 OR BT.1 OR BT.2 OR BU.1 OR BU.2 OR BU.3 OR BV.1 OR BV.2 OR BW.1 OR BW.1.1 OR BY.1 OR BY.1.1 OR BY.1.1.1 OR BY.1.2 OR BY.1.2.1 OR BZ.1 OR CA.1 OR CA.2 OR CA.3 OR CA.3.1 OR CA.4 OR CA.5 OR CA.6 OR CA.7 OR CB.1 OR CC.1 OR CD.1 OR CD.2 OR CE.1 OR CF.1 OR CG.1 OR CH.1 OR CH.1.1 OR CH.1.1.1 OR CH.1.1.2 OR CH.1.1.3 OR CH.1.1.4 OR CH.1.1.5 OR CH.2 OR CH.3 OR CH.3.1 OR CJ.1 OR CJ.1.1 OR CK.1 OR CK.1.1 OR CK.1.2 OR CK.2 OR CK.2.1 OR CK.2.1.1 OR CK.3 OR CL.1 OR CM.1 OR CM.2 OR CM.2.1 OR CM.3 OR CM.4 OR CM.4.1 OR CM.5 OR CM.5.1 OR CM.5.2 OR CM.6 OR CM.6.1 OR CM.7 OR CM.8 OR CM.8.1 OR CM.9 OR CM.10 OR CM.11 OR CM.12 OR CN.1 OR CN.2 OR CP.1 OR CP.1.1 OR CP.1.2 OR CP.1.3 OR CP.2 OR CP.3 OR CP.4 OR CP.5 OR CP.6 OR CQ.1 OR CQ.1.1 OR CQ.2 OR CR.1 OR CR.1.1 OR CR.1.2 OR CR.1.3 OR CR.2 OR CS.1 OR CT.1 OR CU.1 OR CV.1 OR CV.2 OR CW.1 OR CY.1 OR CZ.1 OR DA.1 OR DB.1 OR DB.2 OR DC.1 OR DD.1 OR DE.1 OR DE.2 OR DF.1 OR DF.1.1 OR DG.1 OR DH.1 OR DJ.1 OR DJ.1.1 OR DJ.1.2 OR DJ.1.3 OR DK.1 OR DL.1 OR DM.1 OR DN.1 OR DN.1.1 OR DP.1 OR DQ.1 OR DR.1 OR DS.1 OR DT.1 OR DU.1 OR DV.1,Omicron,5.57142857142857,4.92857142857143,0.884615384615385
2022-08-22,3,3,4.71428571428571,4.14285714285714,0.878787878787879,0.371373599368006,0.977487234000845,B.1.1.529 OR BA.1 OR BA.1.1 OR BA.1.1.1 OR BA.1.1.2 OR BA.1.1.3 OR BA.1.1.4 OR BA.1.1.5 OR BA.1.1.6 OR BA.1.1.7 OR BA.1.1.8 OR BA.1.1.9 OR BA.1.1.10 OR BA.1.1.11 OR BA.1.1.12 OR BA.1.1.13 OR BA.1.1.14 OR BA.1.1.15 OR BA.1.1.16 OR BA.1.1.17 OR BA.1.1.18 OR BA.1.2 OR BA.1.3 OR BA.1.4 OR BA.1.5 OR BA.1.6 OR BA.1.7 OR BA.1.8 OR BA.1.9 OR BA.1.10 OR BA.1.12 OR BA.1.13 OR BA.1.13.1 OR BA.1.14 OR BA.1.14.1 OR BA.1.14.2 OR BA.1.15 OR BA.1.15.1 OR BA.1.15.2 OR BA.1.15.3 OR BA.1.16 OR BA.1.16.1 OR BA.1.16.2 OR BA.1.17 OR BA.1.17.1 OR BA.1.17.2 OR BA.1.18 OR BA.1.19 OR BA.1.20 OR BA.1.21 OR BA.1.21.1 OR BA.1.22 OR BA.1.23 OR BA.1.24 OR BA.2 OR BA.2.1 OR BA.2.2 OR BA.2.2.1 OR BA.2.3 OR BA.2.3.1 OR BA.2.3.2 OR BA.2.3.4 OR BA.2.3.5 OR BA.2.3.6 OR BA.2.3.7 OR BA.2.3.8 OR BA.2.3.9 OR BA.2.3.10 OR BA.2.3.11 OR BA.2.3.12 OR BA.2.3.13 OR BA.2.3.14 OR BA.2.3.15 OR BA.2.3.16 OR BA.2.3.17 OR BA.2.3.18 OR BA.2.3.19 OR BA.2.3.20 OR BA.2.3.21 OR BA.2.3.22 OR BA.2.4 OR BA.2.5 OR BA.2.6 OR BA.2.7 OR BA.2.8 OR BA.2.9 OR BA.2.9.1 OR BA.2.9.2 OR BA.2.9.3 OR BA.2.9.4 OR BA.2.9.5 OR BA.2.9.6 OR BA.2.9.7 OR BA.2.10 OR BA.2.10.1 OR BA.2.10.2 OR BA.2.10.3 OR BA.2.10.4 OR BA.2.11 OR BA.2.12 OR BA.2.12.1 OR BA.2.12.2 OR BA.2.13 OR BA.2.13.1 OR BA.2.14 OR BA.2.15 OR BA.2.16 OR BA.2.17 OR BA.2.18 OR BA.2.19 OR BA.2.20 OR BA.2.21 OR BA.2.22 OR BA.2.23 OR BA.2.23.1 OR BA.2.24 OR BA.2.25 OR BA.2.25.1 OR BA.2.26 OR BA.2.27 OR BA.2.28 OR BA.2.29 OR BA.2.30 OR BA.2.31 OR BA.2.31.1 OR BA.2.32 OR BA.2.33 OR BA.2.34 OR BA.2.35 OR BA.2.36 OR BA.2.37 OR BA.2.38 OR BA.2.38.1 OR BA.2.38.2 OR BA.2.38.3 OR BA.2.38.4 OR BA.2.39 OR BA.2.40 OR BA.2.40.1 OR BA.2.41 OR BA.2.42 OR BA.2.43 OR BA.2.44 OR BA.2.45 OR BA.2.46 OR BA.2.47 OR BA.2.48 OR BA.2.49 OR BA.2.50 OR BA.2.51 OR BA.2.52 OR BA.2.53 OR BA.2.54 OR BA.2.55 OR BA.2.56 OR BA.2.56.1 OR BA.2.57 OR BA.2.58 OR BA.2.59 OR BA.2.60 OR BA.2.61 OR BA.2.62 OR BA.2.63 OR BA.2.64 OR BA.2.65 OR BA.2.66 OR BA.2.67 OR BA.2.68 OR BA.2.69 OR BA.2.70 OR BA.2.71 OR BA.2.72 OR BA.2.73 OR BA.2.74 OR BA.2.75 OR BA.2.75.1 OR BA.2.75.2 OR BA.2.75.3 OR BA.2.75.4 OR BA.2.75.5 OR BA.2.75.6 OR BA.2.75.7 OR BA.2.75.8 OR BA.2.75.9 OR BA.2.75.10 OR BA.2.76 OR BA.2.76.1 OR BA.2.76.2 OR BA.2.77 OR BA.2.78 OR BA.2.79 OR BA.2.79.1 OR BA.2.80 OR BA.2.81 OR BA.2.82 OR BA.2.83 OR BA.2.85 OR BA.3 OR BA.3.1 OR BA.4 OR BA.4.1 OR BA.4.1.1 OR BA.4.1.2 OR BA.4.1.3 OR BA.4.1.4 OR BA.4.1.5 OR BA.4.1.6 OR BA.4.1.7 OR BA.4.1.8 OR BA.4.1.9 OR BA.4.1.10 OR BA.4.2 OR BA.4.3 OR BA.4.4 OR BA.4.5 OR BA.4.6 OR BA.4.6.1 OR BA.4.6.2 OR BA.4.6.3 OR BA.4.6.4 OR BA.4.6.5 OR BA.4.7 OR BA.4.8 OR BA.5 OR BA.5.1 OR BA.5.1.1 OR BA.5.1.2 OR BA.5.1.3 OR BA.5.1.4 OR BA.5.1.5 OR BA.5.1.6 OR BA.5.1.7 OR BA.5.1.8 OR BA.5.1.9 OR BA.5.1.10 OR BA.5.1.11 OR BA.5.1.12 OR BA.5.1.14 OR BA.5.1.15 OR BA.5.1.16 OR BA.5.1.17 OR BA.5.1.18 OR BA.5.1.19 OR BA.5.1.20 OR BA.5.1.21 OR BA.5.1.22 OR BA.5.1.23 OR BA.5.1.24 OR BA.5.1.25 OR BA.5.1.26 OR BA.5.1.27 OR BA.5.1.28 OR BA.5.1.29 OR BA.5.1.30 OR BA.5.1.31 OR BA.5.1.32 OR BA.5.2 OR BA.5.2.1 OR BA.5.2.2 OR BA.5.2.3 OR BA.5.2.4 OR BA.5.2.5 OR BA.5.2.6 OR BA.5.2.7 OR BA.5.2.8 OR BA.5.2.9 OR BA.5.2.10 OR BA.5.2.11 OR BA.5.2.12 OR BA.5.2.13 OR BA.5.2.14 OR BA.5.2.16 OR BA.5.2.18 OR BA.5.2.19 OR BA.5.2.20 OR BA.5.2.21 OR BA.5.2.22 OR BA.5.2.23 OR BA.5.2.24 OR BA.5.2.25 OR BA.5.2.26 OR BA.5.2.27 OR BA.5.2.28 OR BA.5.2.29 OR BA.5.2.30 OR BA.5.2.31 OR BA.5.2.32 OR BA.5.2.33 OR BA.5.2.34 OR BA.5.2.35 OR BA.5.2.36 OR BA.5.2.37 OR BA.5.2.38 OR BA.5.2.39 OR BA.5.2.40 OR BA.5.2.41 OR BA.5.2.42 OR BA.5.2.43 OR BA.5.2.44 OR BA.5.2.45 OR BA.5.2.46 OR BA.5.2.47 OR BA.5.2.48 OR BA.5.2.49 OR BA.5.3 OR BA.5.3.1 OR BA.5.3.2 OR BA.5.3.3 OR BA.5.3.4 OR BA.5.3.5 OR BA.5.5 OR BA.5.5.1 OR BA.5.5.2 OR BA.5.5.3 OR BA.5.6 OR BA.5.6.1 OR BA.5.6.2 OR BA.5.6.3 OR BA.5.6.4 OR BA.5.7 OR BA.5.8 OR BA.5.9 OR BA.5.10 OR BA.5.10.1 OR BA.5.11 OR BC.1 OR BC.2 OR BD.1 OR BE.1 OR BE.1.1 OR BE.1.1.1 OR BE.1.1.2 OR BE.1.2 OR BE.1.2.1 OR BE.1.3 OR BE.1.4 OR BE.1.4.1 OR BE.1.4.2 OR BE.1.4.3 OR BE.1.4.4 OR BE.2 OR BE.3 OR BE.4 OR BE.4.1 OR BE.4.1.1 OR BE.4.2 OR BE.5 OR BE.6 OR BE.7 OR BE.8 OR BE.9 OR BE.10 OR BF.1 OR BF.1.1 OR BF.2 OR BF.3 OR BF.3.1 OR BF.4 OR BF.5 OR BF.5.1 OR BF.5.2 OR BF.6 OR BF.7 OR BF.7.1 OR BF.7.2 OR BF.7.3 OR BF.7.4 OR BF.7.4.1 OR BF.7.4.2 OR BF.7.5 OR BF.7.5.1 OR BF.7.6 OR BF.7.7 OR BF.7.8 OR BF.7.9 OR BF.7.10 OR BF.7.11 OR BF.7.12 OR BF.7.13 OR BF.7.13.1 OR BF.7.13.2 OR BF.7.14 OR BF.7.15 OR BF.8 OR BF.9 OR BF.10 OR BF.10.1 OR BF.11 OR BF.11.1 OR BF.11.2 OR BF.11.3 OR BF.11.4 OR BF.11.5 OR BF.12 OR BF.13 OR BF.14 OR BF.15 OR BF.16 OR BF.17 OR BF.18 OR BF.19 OR BF.20 OR BF.21 OR BF.22 OR BF.23 OR BF.24 OR BF.25 OR BF.26 OR BF.27 OR BF.28 OR BF.29 OR BF.30 OR BF.31 OR BF.31.1 OR BF.32 OR BF.33 OR BF.34 OR BG.1 OR BG.2 OR BG.3 OR BG.4 OR BG.5 OR BG.6 OR BG.7 OR BH.1 OR BJ.1 OR BK.1 OR BL.1 OR BL.1.1 OR BL.1.2 OR BL.1.3 OR BL.1.4 OR BL.2 OR BL.2.1 OR BL.3 OR BL.4 OR BL.5 OR BL.6 OR BM.1 OR BM.1.1 OR BM.1.1.1 OR BM.1.1.2 OR BM.1.1.3 OR BM.1.1.4 OR BM.1.1.5 OR BM.2 OR BM.2.1 OR BM.2.2 OR BM.2.3 OR BM.3 OR BM.4 OR BM.4.1 OR BM.4.1.1 OR BM.5 OR BM.6 OR BN.1 OR BN.1.1 OR BN.1.1.1 OR BN.1.2 OR BN.1.2.1 OR BN.1.3 OR BN.1.3.1 OR BN.1.3.2 OR BN.1.3.3 OR BN.1.3.4 OR BN.1.4 OR BN.1.4.1 OR BN.1.5 OR BN.1.5.1 OR BN.1.6 OR BN.1.7 OR BN.1.8 OR BN.1.9 OR BN.2 OR BN.2.1 OR BN.3 OR BN.3.1 OR BN.4 OR BN.5 OR BN.6 OR BP.1 OR BQ.1 OR BQ.1.1 OR BQ.1.1.1 OR BQ.1.1.2 OR BQ.1.1.3 OR BQ.1.1.4 OR BQ.1.1.5 OR BQ.1.1.6 OR BQ.1.1.7 OR BQ.1.1.8 OR BQ.1.1.9 OR BQ.1.1.10 OR BQ.1.1.11 OR BQ.1.1.12 OR BQ.1.1.13 OR BQ.1.1.14 OR BQ.1.1.15 OR BQ.1.1.16 OR BQ.1.1.17 OR BQ.1.1.18 OR BQ.1.1.19 OR BQ.1.1.20 OR BQ.1.1.21 OR BQ.1.1.22 OR BQ.1.1.23 OR BQ.1.1.24 OR BQ.1.1.25 OR BQ.1.1.26 OR BQ.1.1.27 OR BQ.1.1.28 OR BQ.1.1.29 OR BQ.1.1.30 OR BQ.1.1.31 OR BQ.1.1.32 OR BQ.1.1.34 OR BQ.1.1.35 OR BQ.1.1.36 OR BQ.1.2 OR BQ.1.3 OR BQ.1.4 OR BQ.1.5 OR BQ.1.6 OR BQ.1.7 OR BQ.1.8 OR BQ.1.8.1 OR BQ.1.8.2 OR BQ.1.9 OR BQ.1.10 OR BQ.1.10.1 OR BQ.1.11 OR BQ.1.12 OR BQ.1.13 OR BQ.1.13.1 OR BQ.1.14 OR BQ.1.15 OR BQ.1.16 OR BQ.1.17 OR BQ.1.18 OR BQ.1.19 OR BQ.1.20 OR BQ.1.21 OR BQ.1.22 OR BQ.1.23 OR BQ.1.24 OR BQ.1.25 OR BQ.1.25.1 OR BQ.1.26 OR BQ.1.26.1 OR BQ.1.27 OR BQ.1.28 OR BQ.2 OR BR.1 OR BR.1.1 OR BR.1.2 OR BR.2 OR BR.2.1 OR BR.3 OR BR.4 OR BS.1 OR BS.1.1 OR BS.1.2 OR BT.1 OR BT.2 OR BU.1 OR BU.2 OR BU.3 OR BV.1 OR BV.2 OR BW.1 OR BW.1.1 OR BY.1 OR BY.1.1 OR BY.1.1.1 OR BY.1.2 OR BY.1.2.1 OR BZ.1 OR CA.1 OR CA.2 OR CA.3 OR CA.3.1 OR CA.4 OR CA.5 OR CA.6 OR CA.7 OR CB.1 OR CC.1 OR CD.1 OR CD.2 OR CE.1 OR CF.1 OR CG.1 OR CH.1 OR CH.1.1 OR CH.1.1.1 OR CH.1.1.2 OR CH.1.1.3 OR CH.1.1.4 OR CH.1.1.5 OR CH.2 OR CH.3 OR CH.3.1 OR CJ.1 OR CJ.1.1 OR CK.1 OR CK.1.1 OR CK.1.2 OR CK.2 OR CK.2.1 OR CK.2.1.1 OR CK.3 OR CL.1 OR CM.1 OR CM.2 OR CM.2.1 OR CM.3 OR CM.4 OR CM.4.1 OR CM.5 OR CM.5.1 OR CM.5.2 OR CM.6 OR CM.6.1 OR CM.7 OR CM.8 OR CM.8.1 OR CM.9 OR CM.10 OR CM.11 OR CM.12 OR CN.1 OR CN.2 OR CP.1 OR CP.1.1 OR CP.1.2 OR CP.1.3 OR CP.2 OR CP.3 OR CP.4 OR CP.5 OR CP.6 OR CQ.1 OR CQ.1.1 OR CQ.2 OR CR.1 OR CR.1.1 OR CR.1.2 OR CR.1.3 OR CR.2 OR CS.1 OR CT.1 OR CU.1 OR CV.1 OR CV.2 OR CW.1 OR CY.1 OR CZ.1 OR DA.1 OR DB.1 OR DB.2 OR DC.1 OR DD.1 OR DE.1 OR DE.2 OR DF.1 OR DF.1.1 OR DG.1 OR DH.1 OR DJ.1 OR DJ.1.1 OR DJ.1.2 OR DJ.1.3 OR DK.1 OR DL.1 OR DM.1 OR DN.1 OR DN.1.1 OR DP.1 OR DQ.1 OR DR.1 OR DS.1 OR DT.1 OR DU.1 OR DV.1,Omicron,5.42857142857143,4.78571428571429,0.881578947368421
2022-08-23,2,2,4,3.71428571428571,0.928571428571429,0.55523738234236,0.999884667211762,B.1.1.529 OR BA.1 OR BA.1.1 OR BA.1.1.1 OR BA.1.1.2 OR BA.1.1.3 OR BA.1.1.4 OR BA.1.1.5 OR BA.1.1.6 OR BA.1.1.7 OR BA.1.1.8 OR BA.1.1.9 OR BA.1.1.10 OR BA.1.1.11 OR BA.1.1.12 OR BA.1.1.13 OR BA.1.1.14 OR BA.1.1.15 OR BA.1.1.16 OR BA.1.1.17 OR BA.1.1.18 OR BA.1.2 OR BA.1.3 OR BA.1.4 OR BA.1.5 OR BA.1.6 OR BA.1.7 OR BA.1.8 OR BA.1.9 OR BA.1.10 OR BA.1.12 OR BA.1.13 OR BA.1.13.1 OR BA.1.14 OR BA.1.14.1 OR BA.1.14.2 OR BA.1.15 OR BA.1.15.1 OR BA.1.15.2 OR BA.1.15.3 OR BA.1.16 OR BA.1.16.1 OR BA.1.16.2 OR BA.1.17 OR BA.1.17.1 OR BA.1.17.2 OR BA.1.18 OR BA.1.19 OR BA.1.20 OR BA.1.21 OR BA.1.21.1 OR BA.1.22 OR BA.1.23 OR BA.1.24 OR BA.2 OR BA.2.1 OR BA.2.2 OR BA.2.2.1 OR BA.2.3 OR BA.2.3.1 OR BA.2.3.2 OR BA.2.3.4 OR BA.2.3.5 OR BA.2.3.6 OR BA.2.3.7 OR BA.2.3.8 OR BA.2.3.9 OR BA.2.3.10 OR BA.2.3.11 OR BA.2.3.12 OR BA.2.3.13 OR BA.2.3.14 OR BA.2.3.15 OR BA.2.3.16 OR BA.2.3.17 OR BA.2.3.18 OR BA.2.3.19 OR BA.2.3.20 OR BA.2.3.21 OR BA.2.3.22 OR BA.2.4 OR BA.2.5 OR BA.2.6 OR BA.2.7 OR BA.2.8 OR BA.2.9 OR BA.2.9.1 OR BA.2.9.2 OR BA.2.9.3 OR BA.2.9.4 OR BA.2.9.5 OR BA.2.9.6 OR BA.2.9.7 OR BA.2.10 OR BA.2.10.1 OR BA.2.10.2 OR BA.2.10.3 OR BA.2.10.4 OR BA.2.11 OR BA.2.12 OR BA.2.12.1 OR BA.2.12.2 OR BA.2.13 OR BA.2.13.1 OR BA.2.14 OR BA.2.15 OR BA.2.16 OR BA.2.17 OR BA.2.18 OR BA.2.19 OR BA.2.20 OR BA.2.21 OR BA.2.22 OR BA.2.23 OR BA.2.23.1 OR BA.2.24 OR BA.2.25 OR BA.2.25.1 OR BA.2.26 OR BA.2.27 OR BA.2.28 OR BA.2.29 OR BA.2.30 OR BA.2.31 OR BA.2.31.1 OR BA.2.32 OR BA.2.33 OR BA.2.34 OR BA.2.35 OR BA.2.36 OR BA.2.37 OR BA.2.38 OR BA.2.38.1 OR BA.2.38.2 OR BA.2.38.3 OR BA.2.38.4 OR BA.2.39 OR BA.2.40 OR BA.2.40.1 OR BA.2.41 OR BA.2.42 OR BA.2.43 OR BA.2.44 OR BA.2.45 OR BA.2.46 OR BA.2.47 OR BA.2.48 OR BA.2.49 OR BA.2.50 OR BA.2.51 OR BA.2.52 OR BA.2.53 OR BA.2.54 OR BA.2.55 OR BA.2.56 OR BA.2.56.1 OR BA.2.57 OR BA.2.58 OR BA.2.59 OR BA.2.60 OR BA.2.61 OR BA.2.62 OR BA.2.63 OR BA.2.64 OR BA.2.65 OR BA.2.66 OR BA.2.67 OR BA.2.68 OR BA.2.69 OR BA.2.70 OR BA.2.71 OR BA.2.72 OR BA.2.73 OR BA.2.74 OR BA.2.75 OR BA.2.75.1 OR BA.2.75.2 OR BA.2.75.3 OR BA.2.75.4 OR BA.2.75.5 OR BA.2.75.6 OR BA.2.75.7 OR BA.2.75.8 OR BA.2.75.9 OR BA.2.75.10 OR BA.2.76 OR BA.2.76.1 OR BA.2.76.2 OR BA.2.77 OR BA.2.78 OR BA.2.79 OR BA.2.79.1 OR BA.2.80 OR BA.2.81 OR BA.2.82 OR BA.2.83 OR BA.2.85 OR BA.3 OR BA.3.1 OR BA.4 OR BA.4.1 OR BA.4.1.1 OR BA.4.1.2 OR BA.4.1.3 OR BA.4.1.4 OR BA.4.1.5 OR BA.4.1.6 OR BA.4.1.7 OR BA.4.1.8 OR BA.4.1.9 OR BA.4.1.10 OR BA.4.2 OR BA.4.3 OR BA.4.4 OR BA.4.5 OR BA.4.6 OR BA.4.6.1 OR BA.4.6.2 OR BA.4.6.3 OR BA.4.6.4 OR BA.4.6.5 OR BA.4.7 OR BA.4.8 OR BA.5 OR BA.5.1 OR BA.5.1.1 OR BA.5.1.2 OR BA.5.1.3 OR BA.5.1.4 OR BA.5.1.5 OR BA.5.1.6 OR BA.5.1.7 OR BA.5.1.8 OR BA.5.1.9 OR BA.5.1.10 OR BA.5.1.11 OR BA.5.1.12 OR BA.5.1.14 OR BA.5.1.15 OR BA.5.1.16 OR BA.5.1.17 OR BA.5.1.18 OR BA.5.1.19 OR BA.5.1.20 OR BA.5.1.21 OR BA.5.1.22 OR BA.5.1.23 OR BA.5.1.24 OR BA.5.1.25 OR BA.5.1.26 OR BA.5.1.27 OR BA.5.1.28 OR BA.5.1.29 OR BA.5.1.30 OR BA.5.1.31 OR BA.5.1.32 OR BA.5.2 OR BA.5.2.1 OR BA.5.2.2 OR BA.5.2.3 OR BA.5.2.4 OR BA.5.2.5 OR BA.5.2.6 OR BA.5.2.7 OR BA.5.2.8 OR BA.5.2.9 OR BA.5.2.10 OR BA.5.2.11 OR BA.5.2.12 OR BA.5.2.13 OR BA.5.2.14 OR BA.5.2.16 OR BA.5.2.18 OR BA.5.2.19 OR BA.5.2.20 OR BA.5.2.21 OR BA.5.2.22 OR BA.5.2.23 OR BA.5.2.24 OR BA.5.2.25 OR BA.5.2.26 OR BA.5.2.27 OR BA.5.2.28 OR BA.5.2.29 OR BA.5.2.30 OR BA.5.2.31 OR BA.5.2.32 OR BA.5.2.33 OR BA.5.2.34 OR BA.5.2.35 OR BA.5.2.36 OR BA.5.2.37 OR BA.5.2.38 OR BA.5.2.39 OR BA.5.2.40 OR BA.5.2.41 OR BA.5.2.42 OR BA.5.2.43 OR BA.5.2.44 OR BA.5.2.45 OR BA.5.2.46 OR BA.5.2.47 OR BA.5.2.48 OR BA.5.2.49 OR BA.5.3 OR BA.5.3.1 OR BA.5.3.2 OR BA.5.3.3 OR BA.5.3.4 OR BA.5.3.5 OR BA.5.5 OR BA.5.5.1 OR BA.5.5.2 OR BA.5.5.3 OR BA.5.6 OR BA.5.6.1 OR BA.5.6.2 OR BA.5.6.3 OR BA.5.6.4 OR BA.5.7 OR BA.5.8 OR BA.5.9 OR BA.5.10 OR BA.5.10.1 OR BA.5.11 OR BC.1 OR BC.2 OR BD.1 OR BE.1 OR BE.1.1 OR BE.1.1.1 OR BE.1.1.2 OR BE.1.2 OR BE.1.2.1 OR BE.1.3 OR BE.1.4 OR BE.1.4.1 OR BE.1.4.2 OR BE.1.4.3 OR BE.1.4.4 OR BE.2 OR BE.3 OR BE.4 OR BE.4.1 OR BE.4.1.1 OR BE.4.2 OR BE.5 OR BE.6 OR BE.7 OR BE.8 OR BE.9 OR BE.10 OR BF.1 OR BF.1.1 OR BF.2 OR BF.3 OR BF.3.1 OR BF.4 OR BF.5 OR BF.5.1 OR BF.5.2 OR BF.6 OR BF.7 OR BF.7.1 OR BF.7.2 OR BF.7.3 OR BF.7.4 OR BF.7.4.1 OR BF.7.4.2 OR BF.7.5 OR BF.7.5.1 OR BF.7.6 OR BF.7.7 OR BF.7.8 OR BF.7.9 OR BF.7.10 OR BF.7.11 OR BF.7.12 OR BF.7.13 OR BF.7.13.1 OR BF.7.13.2 OR BF.7.14 OR BF.7.15 OR BF.8 OR BF.9 OR BF.10 OR BF.10.1 OR BF.11 OR BF.11.1 OR BF.11.2 OR BF.11.3 OR BF.11.4 OR BF.11.5 OR BF.12 OR BF.13 OR BF.14 OR BF.15 OR BF.16 OR BF.17 OR BF.18 OR BF.19 OR BF.20 OR BF.21 OR BF.22 OR BF.23 OR BF.24 OR BF.25 OR BF.26 OR BF.27 OR BF.28 OR BF.29 OR BF.30 OR BF.31 OR BF.31.1 OR BF.32 OR BF.33 OR BF.34 OR BG.1 OR BG.2 OR BG.3 OR BG.4 OR BG.5 OR BG.6 OR BG.7 OR BH.1 OR BJ.1 OR BK.1 OR BL.1 OR BL.1.1 OR BL.1.2 OR BL.1.3 OR BL.1.4 OR BL.2 OR BL.2.1 OR BL.3 OR BL.4 OR BL.5 OR BL.6 OR BM.1 OR BM.1.1 OR BM.1.1.1 OR BM.1.1.2 OR BM.1.1.3 OR BM.1.1.4 OR BM.1.1.5 OR BM.2 OR BM.2.1 OR BM.2.2 OR BM.2.3 OR BM.3 OR BM.4 OR BM.4.1 OR BM.4.1.1 OR BM.5 OR BM.6 OR BN.1 OR BN.1.1 OR BN.1.1.1 OR BN.1.2 OR BN.1.2.1 OR BN.1.3 OR BN.1.3.1 OR BN.1.3.2 OR BN.1.3.3 OR BN.1.3.4 OR BN.1.4 OR BN.1.4.1 OR BN.1.5 OR BN.1.5.1 OR BN.1.6 OR BN.1.7 OR BN.1.8 OR BN.1.9 OR BN.2 OR BN.2.1 OR BN.3 OR BN.3.1 OR BN.4 OR BN.5 OR BN.6 OR BP.1 OR BQ.1 OR BQ.1.1 OR BQ.1.1.1 OR BQ.1.1.2 OR BQ.1.1.3 OR BQ.1.1.4 OR BQ.1.1.5 OR BQ.1.1.6 OR BQ.1.1.7 OR BQ.1.1.8 OR BQ.1.1.9 OR BQ.1.1.10 OR BQ.1.1.11 OR BQ.1.1.12 OR BQ.1.1.13 OR BQ.1.1.14 OR BQ.1.1.15 OR BQ.1.1.16 OR BQ.1.1.17 OR BQ.1.1.18 OR BQ.1.1.19 OR BQ.1.1.20 OR BQ.1.1.21 OR BQ.1.1.22 OR BQ.1.1.23 OR BQ.1.1.24 OR BQ.1.1.25 OR BQ.1.1.26 OR BQ.1.1.27 OR BQ.1.1.28 OR BQ.1.1.29 OR BQ.1.1.30 OR BQ.1.1.31 OR BQ.1.1.32 OR BQ.1.1.34 OR BQ.1.1.35 OR BQ.1.1.36 OR BQ.1.2 OR BQ.1.3 OR BQ.1.4 OR BQ.1.5 OR BQ.1.6 OR BQ.1.7 OR BQ.1.8 OR BQ.1.8.1 OR BQ.1.8.2 OR BQ.1.9 OR BQ.1.10 OR BQ.1.10.1 OR BQ.1.11 OR BQ.1.12 OR BQ.1.13 OR BQ.1.13.1 OR BQ.1.14 OR BQ.1.15 OR BQ.1.16 OR BQ.1.17 OR BQ.1.18 OR BQ.1.19 OR BQ.1.20 OR BQ.1.21 OR BQ.1.22 OR BQ.1.23 OR BQ.1.24 OR BQ.1.25 OR BQ.1.25.1 OR BQ.1.26 OR BQ.1.26.1 OR BQ.1.27 OR BQ.1.28 OR BQ.2 OR BR.1 OR BR.1.1 OR BR.1.2 OR BR.2 OR BR.2.1 OR BR.3 OR BR.4 OR BS.1 OR BS.1.1 OR BS.1.2 OR BT.1 OR BT.2 OR BU.1 OR BU.2 OR BU.3 OR BV.1 OR BV.2 OR BW.1 OR BW.1.1 OR BY.1 OR BY.1.1 OR BY.1.1.1 OR BY.1.2 OR BY.1.2.1 OR BZ.1 OR CA.1 OR CA.2 OR CA.3 OR CA.3.1 OR CA.4 OR CA.5 OR CA.6 OR CA.7 OR CB.1 OR CC.1 OR CD.1 OR CD.2 OR CE.1 OR CF.1 OR CG.1 OR CH.1 OR CH.1.1 OR CH.1.1.1 OR CH.1.1.2 OR CH.1.1.3 OR CH.1.1.4 OR CH.1.1.5 OR CH.2 OR CH.3 OR CH.3.1 OR CJ.1 OR CJ.1.1 OR CK.1 OR CK.1.1 OR CK.1.2 OR CK.2 OR CK.2.1 OR CK.2.1.1 OR CK.3 OR CL.1 OR CM.1 OR CM.2 OR CM.2.1 OR CM.3 OR CM.4 OR CM.4.1 OR CM.5 OR CM.5.1 OR CM.5.2 OR CM.6 OR CM.6.1 OR CM.7 OR CM.8 OR CM.8.1 OR CM.9 OR CM.10 OR CM.11 OR CM.12 OR CN.1 OR CN.2 OR CP.1 OR CP.1.1 OR CP.1.2 OR CP.1.3 OR CP.2 OR CP.3 OR CP.4 OR CP.5 OR CP.6 OR CQ.1 OR CQ.1.1 OR CQ.2 OR CR.1 OR CR.1.1 OR CR.1.2 OR CR.1.3 OR CR.2 OR CS.1 OR CT.1 OR CU.1 OR CV.1 OR CV.2 OR CW.1 OR CY.1 OR CZ.1 OR DA.1 OR DB.1 OR DB.2 OR DC.1 OR DD.1 OR DE.1 OR DE.2 OR DF.1 OR DF.1.1 OR DG.1 OR DH.1 OR DJ.1 OR DJ.1.1 OR DJ.1.2 OR DJ.1.3 OR DK.1 OR DL.1 OR DM.1 OR DN.1 OR DN.1.1 OR DP.1 OR DQ.1 OR DR.1 OR DS.1 OR DT.1 OR DU.1 OR DV.1,Omicron,5.14285714285714,4.57142857142857,0.888888888888889
2022-08-24,5,4,3.71428571428571,3.42857142857143,0.923076923076923,0.283751679563413,0.971529104912853,B.1.1.529 OR BA.1 OR BA.1.1 OR BA.1.1.1 OR BA.1.1.2 OR BA.1.1.3 OR BA.1.1.4 OR BA.1.1.5 OR BA.1.1.6 OR BA.1.1.7 OR BA.1.1.8 OR BA.1.1.9 OR BA.1.1.10 OR BA.1.1.11 OR BA.1.1.12 OR BA.1.1.13 OR BA.1.1.14 OR BA.1.1.15 OR BA.1.1.16 OR BA.1.1.17 OR BA.1.1.18 OR BA.1.2 OR BA.1.3 OR BA.1.4 OR BA.1.5 OR BA.1.6 OR BA.1.7 OR BA.1.8 OR BA.1.9 OR BA.1.10 OR BA.1.12 OR BA.1.13 OR BA.1.13.1 OR BA.1.14 OR BA.1.14.1 OR BA.1.14.2 OR BA.1.15 OR BA.1.15.1 OR BA.1.15.2 OR BA.1.15.3 OR BA.1.16 OR BA.1.16.1 OR BA.1.16.2 OR BA.1.17 OR BA.1.17.1 OR BA.1.17.2 OR BA.1.18 OR BA.1.19 OR BA.1.20 OR BA.1.21 OR BA.1.21.1 OR BA.1.22 OR BA.1.23 OR BA.1.24 OR BA.2 OR BA.2.1 OR BA.2.2 OR BA.2.2.1 OR BA.2.3 OR BA.2.3.1 OR BA.2.3.2 OR BA.2.3.4 OR BA.2.3.5 OR BA.2.3.6 OR BA.2.3.7 OR BA.2.3.8 OR BA.2.3.9 OR BA.2.3.10 OR BA.2.3.11 OR BA.2.3.12 OR BA.2.3.13 OR BA.2.3.14 OR BA.2.3.15 OR BA.2.3.16 OR BA.2.3.17 OR BA.2.3.18 OR BA.2.3.19 OR BA.2.3.20 OR BA.2.3.21 OR BA.2.3.22 OR BA.2.4 OR BA.2.5 OR BA.2.6 OR BA.2.7 OR BA.2.8 OR BA.2.9 OR BA.2.9.1 OR BA.2.9.2 OR BA.2.9.3 OR BA.2.9.4 OR BA.2.9.5 OR BA.2.9.6 OR BA.2.9.7 OR BA.2.10 OR BA.2.10.1 OR BA.2.10.2 OR BA.2.10.3 OR BA.2.10.4 OR BA.2.11 OR BA.2.12 OR BA.2.12.1 OR BA.2.12.2 OR BA.2.13 OR BA.2.13.1 OR BA.2.14 OR BA.2.15 OR BA.2.16 OR BA.2.17 OR BA.2.18 OR BA.2.19 OR BA.2.20 OR BA.2.21 OR BA.2.22 OR BA.2.23 OR BA.2.23.1 OR BA.2.24 OR BA.2.25 OR BA.2.25.1 OR BA.2.26 OR BA.2.27 OR BA.2.28 OR BA.2.29 OR BA.2.30 OR BA.2.31 OR BA.2.31.1 OR BA.2.32 OR BA.2.33 OR BA.2.34 OR BA.2.35 OR BA.2.36 OR BA.2.37 OR BA.2.38 OR BA.2.38.1 OR BA.2.38.2 OR BA.2.38.3 OR BA.2.38.4 OR BA.2.39 OR BA.2.40 OR BA.2.40.1 OR BA.2.41 OR BA.2.42 OR BA.2.43 OR BA.2.44 OR BA.2.45 OR BA.2.46 OR BA.2.47 OR BA.2.48 OR BA.2.49 OR BA.2.50 OR BA.2.51 OR BA.2.52 OR BA.2.53 OR BA.2.54 OR BA.2.55 OR BA.2.56 OR BA.2.56.1 OR BA.2.57 OR BA.2.58 OR BA.2.59 OR BA.2.60 OR BA.2.61 OR BA.2.62 OR BA.2.63 OR BA.2.64 OR BA.2.65 OR BA.2.66 OR BA.2.67 OR BA.2.68 OR BA.2.69 OR BA.2.70 OR BA.2.71 OR BA.2.72 OR BA.2.73 OR BA.2.74 OR BA.2.75 OR BA.2.75.1 OR BA.2.75.2 OR BA.2.75.3 OR BA.2.75.4 OR BA.2.75.5 OR BA.2.75.6 OR BA.2.75.7 OR BA.2.75.8 OR BA.2.75.9 OR BA.2.75.10 OR BA.2.76 OR BA.2.76.1 OR BA.2.76.2 OR BA.2.77 OR BA.2.78 OR BA.2.79 OR BA.2.79.1 OR BA.2.80 OR BA.2.81 OR BA.2.82 OR BA.2.83 OR BA.2.85 OR BA.3 OR BA.3.1 OR BA.4 OR BA.4.1 OR BA.4.1.1 OR BA.4.1.2 OR BA.4.1.3 OR BA.4.1.4 OR BA.4.1.5 OR BA.4.1.6 OR BA.4.1.7 OR BA.4.1.8 OR BA.4.1.9 OR BA.4.1.10 OR BA.4.2 OR BA.4.3 OR BA.4.4 OR BA.4.5 OR BA.4.6 OR BA.4.6.1 OR BA.4.6.2 OR BA.4.6.3 OR BA.4.6.4 OR BA.4.6.5 OR BA.4.7 OR BA.4.8 OR BA.5 OR BA.5.1 OR BA.5.1.1 OR BA.5.1.2 OR BA.5.1.3 OR BA.5.1.4 OR BA.5.1.5 OR BA.5.1.6 OR BA.5.1.7 OR BA.5.1.8 OR BA.5.1.9 OR BA.5.1.10 OR BA.5.1.11 OR BA.5.1.12 OR BA.5.1.14 OR BA.5.1.15 OR BA.5.1.16 OR BA.5.1.17 OR BA.5.1.18 OR BA.5.1.19 OR BA.5.1.20 OR BA.5.1.21 OR BA.5.1.22 OR BA.5.1.23 OR BA.5.1.24 OR BA.5.1.25 OR BA.5.1.26 OR BA.5.1.27 OR BA.5.1.28 OR BA.5.1.29 OR BA.5.1.30 OR BA.5.1.31 OR BA.5.1.32 OR BA.5.2 OR BA.5.2.1 OR BA.5.2.2 OR BA.5.2.3 OR BA.5.2.4 OR BA.5.2.5 OR BA.5.2.6 OR BA.5.2.7 OR BA.5.2.8 OR BA.5.2.9 OR BA.5.2.10 OR BA.5.2.11 OR BA.5.2.12 OR BA.5.2.13 OR BA.5.2.14 OR BA.5.2.16 OR BA.5.2.18 OR BA.5.2.19 OR BA.5.2.20 OR BA.5.2.21 OR BA.5.2.22 OR BA.5.2.23 OR BA.5.2.24 OR BA.5.2.25 OR BA.5.2.26 OR BA.5.2.27 OR BA.5.2.28 OR BA.5.2.29 OR BA.5.2.30 OR BA.5.2.31 OR BA.5.2.32 OR BA.5.2.33 OR BA.5.2.34 OR BA.5.2.35 OR BA.5.2.36 OR BA.5.2.37 OR BA.5.2.38 OR BA.5.2.39 OR BA.5.2.40 OR BA.5.2.41 OR BA.5.2.42 OR BA.5.2.43 OR BA.5.2.44 OR BA.5.2.45 OR BA.5.2.46 OR BA.5.2.47 OR BA.5.2.48 OR BA.5.2.49 OR BA.5.3 OR BA.5.3.1 OR BA.5.3.2 OR BA.5.3.3 OR BA.5.3.4 OR BA.5.3.5 OR BA.5.5 OR BA.5.5.1 OR BA.5.5.2 OR BA.5.5.3 OR BA.5.6 OR BA.5.6.1 OR BA.5.6.2 OR BA.5.6.3 OR BA.5.6.4 OR BA.5.7 OR BA.5.8 OR BA.5.9 OR BA.5.10 OR BA.5.10.1 OR BA.5.11 OR BC.1 OR BC.2 OR BD.1 OR BE.1 OR BE.1.1 OR BE.1.1.1 OR BE.1.1.2 OR BE.1.2 OR BE.1.2.1 OR BE.1.3 OR BE.1.4 OR BE.1.4.1 OR BE.1.4.2 OR BE.1.4.3 OR BE.1.4.4 OR BE.2 OR BE.3 OR BE.4 OR BE.4.1 OR BE.4.1.1 OR BE.4.2 OR BE.5 OR BE.6 OR BE.7 OR BE.8 OR BE.9 OR BE.10 OR BF.1 OR BF.1.1 OR BF.2 OR BF.3 OR BF.3.1 OR BF.4 OR BF.5 OR BF.5.1 OR BF.5.2 OR BF.6 OR BF.7 OR BF.7.1 OR BF.7.2 OR BF.7.3 OR BF.7.4 OR BF.7.4.1 OR BF.7.4.2 OR BF.7.5 OR BF.7.5.1 OR BF.7.6 OR BF.7.7 OR BF.7.8 OR BF.7.9 OR BF.7.10 OR BF.7.11 OR BF.7.12 OR BF.7.13 OR BF.7.13.1 OR BF.7.13.2 OR BF.7.14 OR BF.7.15 OR BF.8 OR BF.9 OR BF.10 OR BF.10.1 OR BF.11 OR BF.11.1 OR BF.11.2 OR BF.11.3 OR BF.11.4 OR BF.11.5 OR BF.12 OR BF.13 OR BF.14 OR BF.15 OR BF.16 OR BF.17 OR BF.18 OR BF.19 OR BF.20 OR BF.21 OR BF.22 OR BF.23 OR BF.24 OR BF.25 OR BF.26 OR BF.27 OR BF.28 OR BF.29 OR BF.30 OR BF.31 OR BF.31.1 OR BF.32 OR BF.33 OR BF.34 OR BG.1 OR BG.2 OR BG.3 OR BG.4 OR BG.5 OR BG.6 OR BG.7 OR BH.1 OR BJ.1 OR BK.1 OR BL.1 OR BL.1.1 OR BL.1.2 OR BL.1.3 OR BL.1.4 OR BL.2 OR BL.2.1 OR BL.3 OR BL.4 OR BL.5 OR BL.6 OR BM.1 OR BM.1.1 OR BM.1.1.1 OR BM.1.1.2 OR BM.1.1.3 OR BM.1.1.4 OR BM.1.1.5 OR BM.2 OR BM.2.1 OR BM.2.2 OR BM.2.3 OR BM.3 OR BM.4 OR BM.4.1 OR BM.4.1.1 OR BM.5 OR BM.6 OR BN.1 OR BN.1.1 OR BN.1.1.1 OR BN.1.2 OR BN.1.2.1 OR BN.1.3 OR BN.1.3.1 OR BN.1.3.2 OR BN.1.3.3 OR BN.1.3.4 OR BN.1.4 OR BN.1.4.1 OR BN.1.5 OR BN.1.5.1 OR BN.1.6 OR BN.1.7 OR BN.1.8 OR BN.1.9 OR BN.2 OR BN.2.1 OR BN.3 OR BN.3.1 OR BN.4 OR BN.5 OR BN.6 OR BP.1 OR BQ.1 OR BQ.1.1 OR BQ.1.1.1 OR BQ.1.1.2 OR BQ.1.1.3 OR BQ.1.1.4 OR BQ.1.1.5 OR BQ.1.1.6 OR BQ.1.1.7 OR BQ.1.1.8 OR BQ.1.1.9 OR BQ.1.1.10 OR BQ.1.1.11 OR BQ.1.1.12 OR BQ.1.1.13 OR BQ.1.1.14 OR BQ.1.1.15 OR BQ.1.1.16 OR BQ.1.1.17 OR BQ.1.1.18 OR BQ.1.1.19 OR BQ.1.1.20 OR BQ.1.1.21 OR BQ.1.1.22 OR BQ.1.1.23 OR BQ.1.1.24 OR BQ.1.1.25 OR BQ.1.1.26 OR BQ.1.1.27 OR BQ.1.1.28 OR BQ.1.1.29 OR BQ.1.1.30 OR BQ.1.1.31 OR BQ.1.1.32 OR BQ.1.1.34 OR BQ.1.1.35 OR BQ.1.1.36 OR BQ.1.2 OR BQ.1.3 OR BQ.1.4 OR BQ.1.5 OR BQ.1.6 OR BQ.1.7 OR BQ.1.8 OR BQ.1.8.1 OR BQ.1.8.2 OR BQ.1.9 OR BQ.1.10 OR BQ.1.10.1 OR BQ.1.11 OR BQ.1.12 OR BQ.1.13 OR BQ.1.13.1 OR BQ.1.14 OR BQ.1.15 OR BQ.1.16 OR BQ.1.17 OR BQ.1.18 OR BQ.1.19 OR BQ.1.20 OR BQ.1.21 OR BQ.1.22 OR BQ.1.23 OR BQ.1.24 OR BQ.1.25 OR BQ.1.25.1 OR BQ.1.26 OR BQ.1.26.1 OR BQ.1.27 OR BQ.1.28 OR BQ.2 OR BR.1 OR BR.1.1 OR BR.1.2 OR BR.2 OR BR.2.1 OR BR.3 OR BR.4 OR BS.1 OR BS.1.1 OR BS.1.2 OR BT.1 OR BT.2 OR BU.1 OR BU.2 OR BU.3 OR BV.1 OR BV.2 OR BW.1 OR BW.1.1 OR BY.1 OR BY.1.1 OR BY.1.1.1 OR BY.1.2 OR BY.1.2.1 OR BZ.1 OR CA.1 OR CA.2 OR CA.3 OR CA.3.1 OR CA.4 OR CA.5 OR CA.6 OR CA.7 OR CB.1 OR CC.1 OR CD.1 OR CD.2 OR CE.1 OR CF.1 OR CG.1 OR CH.1 OR CH.1.1 OR CH.1.1.1 OR CH.1.1.2 OR CH.1.1.3 OR CH.1.1.4 OR CH.1.1.5 OR CH.2 OR CH.3 OR CH.3.1 OR CJ.1 OR CJ.1.1 OR CK.1 OR CK.1.1 OR CK.1.2 OR CK.2 OR CK.2.1 OR CK.2.1.1 OR CK.3 OR CL.1 OR CM.1 OR CM.2 OR CM.2.1 OR CM.3 OR CM.4 OR CM.4.1 OR CM.5 OR CM.5.1 OR CM.5.2 OR CM.6 OR CM.6.1 OR CM.7 OR CM.8 OR CM.8.1 OR CM.9 OR CM.10 OR CM.11 OR CM.12 OR CN.1 OR CN.2 OR CP.1 OR CP.1.1 OR CP.1.2 OR CP.1.3 OR CP.2 OR CP.3 OR CP.4 OR CP.5 OR CP.6 OR CQ.1 OR CQ.1.1 OR CQ.2 OR CR.1 OR CR.1.1 OR CR.1.2 OR CR.1.3 OR CR.2 OR CS.1 OR CT.1 OR CU.1 OR CV.1 OR CV.2 OR CW.1 OR CY.1 OR CZ.1 OR DA.1 OR DB.1 OR DB.2 OR DC.1 OR DD.1 OR DE.1 OR DE.2 OR DF.1 OR DF.1.1 OR DG.1 OR DH.1 OR DJ.1 OR DJ.1.1 OR DJ.1.2 OR DJ.1.3 OR DK.1 OR DL.1 OR DM.1 OR DN.1 OR DN.1.1 OR DP.1 OR DQ.1 OR DR.1 OR DS.1 OR DT.1 OR DU.1 OR DV.1,Omicron,5.21428571428571,4.57142857142857,0.876712328767123
2022-08-25,1,1,3.42857142857143,3.14285714285714,0.916666666666667,0.46441675695705,0.999849363974563,B.1.1.529 OR BA.1 OR BA.1.1 OR BA.1.1.1 OR BA.1.1.2 OR BA.1.1.3 OR BA.1.1.4 OR BA.1.1.5 OR BA.1.1.6 OR BA.1.1.7 OR BA.1.1.8 OR BA.1.1.9 OR BA.1.1.10 OR BA.1.1.11 OR BA.1.1.12 OR BA.1.1.13 OR BA.1.1.14 OR BA.1.1.15 OR BA.1.1.16 OR BA.1.1.17 OR BA.1.1.18 OR BA.1.2 OR BA.1.3 OR BA.1.4 OR BA.1.5 OR BA.1.6 OR BA.1.7 OR BA.1.8 OR BA.1.9 OR BA.1.10 OR BA.1.12 OR BA.1.13 OR BA.1.13.1 OR BA.1.14 OR BA.1.14.1 OR BA.1.14.2 OR BA.1.15 OR BA.1.15.1 OR BA.1.15.2 OR BA.1.15.3 OR BA.1.16 OR BA.1.16.1 OR BA.1.16.2 OR BA.1.17 OR BA.1.17.1 OR BA.1.17.2 OR BA.1.18 OR BA.1.19 OR BA.1.20 OR BA.1.21 OR BA.1.21.1 OR BA.1.22 OR BA.1.23 OR BA.1.24 OR BA.2 OR BA.2.1 OR BA.2.2 OR BA.2.2.1 OR BA.2.3 OR BA.2.3.1 OR BA.2.3.2 OR BA.2.3.4 OR BA.2.3.5 OR BA.2.3.6 OR BA.2.3.7 OR BA.2.3.8 OR BA.2.3.9 OR BA.2.3.10 OR BA.2.3.11 OR BA.2.3.12 OR BA.2.3.13 OR BA.2.3.14 OR BA.2.3.15 OR BA.2.3.16 OR BA.2.3.17 OR BA.2.3.18 OR BA.2.3.19 OR BA.2.3.20 OR BA.2.3.21 OR BA.2.3.22 OR BA.2.4 OR BA.2.5 OR BA.2.6 OR BA.2.7 OR BA.2.8 OR BA.2.9 OR BA.2.9.1 OR BA.2.9.2 OR BA.2.9.3 OR BA.2.9.4 OR BA.2.9.5 OR BA.2.9.6 OR BA.2.9.7 OR BA.2.10 OR BA.2.10.1 OR BA.2.10.2 OR BA.2.10.3 OR BA.2.10.4 OR BA.2.11 OR BA.2.12 OR BA.2.12.1 OR BA.2.12.2 OR BA.2.13 OR BA.2.13.1 OR BA.2.14 OR BA.2.15 OR BA.2.16 OR BA.2.17 OR BA.2.18 OR BA.2.19 OR BA.2.20 OR BA.2.21 OR BA.2.22 OR BA.2.23 OR BA.2.23.1 OR BA.2.24 OR BA.2.25 OR BA.2.25.1 OR BA.2.26 OR BA.2.27 OR BA.2.28 OR BA.2.29 OR BA.2.30 OR BA.2.31 OR BA.2.31.1 OR BA.2.32 OR BA.2.33 OR BA.2.34 OR BA.2.35 OR BA.2.36 OR BA.2.37 OR BA.2.38 OR BA.2.38.1 OR BA.2.38.2 OR BA.2.38.3 OR BA.2.38.4 OR BA.2.39 OR BA.2.40 OR BA.2.40.1 OR BA.2.41 OR BA.2.42 OR BA.2.43 OR BA.2.44 OR BA.2.45 OR BA.2.46 OR BA.2.47 OR BA.2.48 OR BA.2.49 OR BA.2.50 OR BA.2.51 OR BA.2.52 OR BA.2.53 OR BA.2.54 OR BA.2.55 OR BA.2.56 OR BA.2.56.1 OR BA.2.57 OR BA.2.58 OR BA.2.59 OR BA.2.60 OR BA.2.61 OR BA.2.62 OR BA.2.63 OR BA.2.64 OR BA.2.65 OR BA.2.66 OR BA.2.67 OR BA.2.68 OR BA.2.69 OR BA.2.70 OR BA.2.71 OR BA.2.72 OR BA.2.73 OR BA.2.74 OR BA.2.75 OR BA.2.75.1 OR BA.2.75.2 OR BA.2.75.3 OR BA.2.75.4 OR BA.2.75.5 OR BA.2.75.6 OR BA.2.75.7 OR BA.2.75.8 OR BA.2.75.9 OR BA.2.75.10 OR BA.2.76 OR BA.2.76.1 OR BA.2.76.2 OR BA.2.77 OR BA.2.78 OR BA.2.79 OR BA.2.79.1 OR BA.2.80 OR BA.2.81 OR BA.2.82 OR BA.2.83 OR BA.2.85 OR BA.3 OR BA.3.1 OR BA.4 OR BA.4.1 OR BA.4.1.1 OR BA.4.1.2 OR BA.4.1.3 OR BA.4.1.4 OR BA.4.1.5 OR BA.4.1.6 OR BA.4.1.7 OR BA.4.1.8 OR BA.4.1.9 OR BA.4.1.10 OR BA.4.2 OR BA.4.3 OR BA.4.4 OR BA.4.5 OR BA.4.6 OR BA.4.6.1 OR BA.4.6.2 OR BA.4.6.3 OR BA.4.6.4 OR BA.4.6.5 OR BA.4.7 OR BA.4.8 OR BA.5 OR BA.5.1 OR BA.5.1.1 OR BA.5.1.2 OR BA.5.1.3 OR BA.5.1.4 OR BA.5.1.5 OR BA.5.1.6 OR BA.5.1.7 OR BA.5.1.8 OR BA.5.1.9 OR BA.5.1.10 OR BA.5.1.11 OR BA.5.1.12 OR BA.5.1.14 OR BA.5.1.15 OR BA.5.1.16 OR BA.5.1.17 OR BA.5.1.18 OR BA.5.1.19 OR BA.5.1.20 OR BA.5.1.21 OR BA.5.1.22 OR BA.5.1.23 OR BA.5.1.24 OR BA.5.1.25 OR BA.5.1.26 OR BA.5.1.27 OR BA.5.1.28 OR BA.5.1.29 OR BA.5.1.30 OR BA.5.1.31 OR BA.5.1.32 OR BA.5.2 OR BA.5.2.1 OR BA.5.2.2 OR BA.5.2.3 OR BA.5.2.4 OR BA.5.2.5 OR BA.5.2.6 OR BA.5.2.7 OR BA.5.2.8 OR BA.5.2.9 OR BA.5.2.10 OR BA.5.2.11 OR BA.5.2.12 OR BA.5.2.13 OR BA.5.2.14 OR BA.5.2.16 OR BA.5.2.18 OR BA.5.2.19 OR BA.5.2.20 OR BA.5.2.21 OR BA.5.2.22 OR BA.5.2.23 OR BA.5.2.24 OR BA.5.2.25 OR BA.5.2.26 OR BA.5.2.27 OR BA.5.2.28 OR BA.5.2.29 OR BA.5.2.30 OR BA.5.2.31 OR BA.5.2.32 OR BA.5.2.33 OR BA.5.2.34 OR BA.5.2.35 OR BA.5.2.36 OR BA.5.2.37 OR BA.5.2.38 OR BA.5.2.39 OR BA.5.2.40 OR BA.5.2.41 OR BA.5.2.42 OR BA.5.2.43 OR BA.5.2.44 OR BA.5.2.45 OR BA.5.2.46 OR BA.5.2.47 OR BA.5.2.48 OR BA.5.2.49 OR BA.5.3 OR BA.5.3.1 OR BA.5.3.2 OR BA.5.3.3 OR BA.5.3.4 OR BA.5.3.5 OR BA.5.5 OR BA.5.5.1 OR BA.5.5.2 OR BA.5.5.3 OR BA.5.6 OR BA.5.6.1 OR BA.5.6.2 OR BA.5.6.3 OR BA.5.6.4 OR BA.5.7 OR BA.5.8 OR BA.5.9 OR BA.5.10 OR BA.5.10.1 OR BA.5.11 OR BC.1 OR BC.2 OR BD.1 OR BE.1 OR BE.1.1 OR BE.1.1.1 OR BE.1.1.2 OR BE.1.2 OR BE.1.2.1 OR BE.1.3 OR BE.1.4 OR BE.1.4.1 OR BE.1.4.2 OR BE.1.4.3 OR BE.1.4.4 OR BE.2 OR BE.3 OR BE.4 OR BE.4.1 OR BE.4.1.1 OR BE.4.2 OR BE.5 OR BE.6 OR BE.7 OR BE.8 OR BE.9 OR BE.10 OR BF.1 OR BF.1.1 OR BF.2 OR BF.3 OR BF.3.1 OR BF.4 OR BF.5 OR BF.5.1 OR BF.5.2 OR BF.6 OR BF.7 OR BF.7.1 OR BF.7.2 OR BF.7.3 OR BF.7.4 OR BF.7.4.1 OR BF.7.4.2 OR BF.7.5 OR BF.7.5.1 OR BF.7.6 OR BF.7.7 OR BF.7.8 OR BF.7.9 OR BF.7.10 OR BF.7.11 OR BF.7.12 OR BF.7.13 OR BF.7.13.1 OR BF.7.13.2 OR BF.7.14 OR BF.7.15 OR BF.8 OR BF.9 OR BF.10 OR BF.10.1 OR BF.11 OR BF.11.1 OR BF.11.2 OR BF.11.3 OR BF.11.4 OR BF.11.5 OR BF.12 OR BF.13 OR BF.14 OR BF.15 OR BF.16 OR BF.17 OR BF.18 OR BF.19 OR BF.20 OR BF.21 OR BF.22 OR BF.23 OR BF.24 OR BF.25 OR BF.26 OR BF.27 OR BF.28 OR BF.29 OR BF.30 OR BF.31 OR BF.31.1 OR BF.32 OR BF.33 OR BF.34 OR BG.1 OR BG.2 OR BG.3 OR BG.4 OR BG.5 OR BG.6 OR BG.7 OR BH.1 OR BJ.1 OR BK.1 OR BL.1 OR BL.1.1 OR BL.1.2 OR BL.1.3 OR BL.1.4 OR BL.2 OR BL.2.1 OR BL.3 OR BL.4 OR BL.5 OR BL.6 OR BM.1 OR BM.1.1 OR BM.1.1.1 OR BM.1.1.2 OR BM.1.1.3 OR BM.1.1.4 OR BM.1.1.5 OR BM.2 OR BM.2.1 OR BM.2.2 OR BM.2.3 OR BM.3 OR BM.4 OR BM.4.1 OR BM.4.1.1 OR BM.5 OR BM.6 OR BN.1 OR BN.1.1 OR BN.1.1.1 OR BN.1.2 OR BN.1.2.1 OR BN.1.3 OR BN.1.3.1 OR BN.1.3.2 OR BN.1.3.3 OR BN.1.3.4 OR BN.1.4 OR BN.1.4.1 OR BN.1.5 OR BN.1.5.1 OR BN.1.6 OR BN.1.7 OR BN.1.8 OR BN.1.9 OR BN.2 OR BN.2.1 OR BN.3 OR BN.3.1 OR BN.4 OR BN.5 OR BN.6 OR BP.1 OR BQ.1 OR BQ.1.1 OR BQ.1.1.1 OR BQ.1.1.2 OR BQ.1.1.3 OR BQ.1.1.4 OR BQ.1.1.5 OR BQ.1.1.6 OR BQ.1.1.7 OR BQ.1.1.8 OR BQ.1.1.9 OR BQ.1.1.10 OR BQ.1.1.11 OR BQ.1.1.12 OR BQ.1.1.13 OR BQ.1.1.14 OR BQ.1.1.15 OR BQ.1.1.16 OR BQ.1.1.17 OR BQ.1.1.18 OR BQ.1.1.19 OR BQ.1.1.20 OR BQ.1.1.21 OR BQ.1.1.22 OR BQ.1.1.23 OR BQ.1.1.24 OR BQ.1.1.25 OR BQ.1.1.26 OR BQ.1.1.27 OR BQ.1.1.28 OR BQ.1.1.29 OR BQ.1.1.30 OR BQ.1.1.31 OR BQ.1.1.32 OR BQ.1.1.34 OR BQ.1.1.35 OR BQ.1.1.36 OR BQ.1.2 OR BQ.1.3 OR BQ.1.4 OR BQ.1.5 OR BQ.1.6 OR BQ.1.7 OR BQ.1.8 OR BQ.1.8.1 OR BQ.1.8.2 OR BQ.1.9 OR BQ.1.10 OR BQ.1.10.1 OR BQ.1.11 OR BQ.1.12 OR BQ.1.13 OR BQ.1.13.1 OR BQ.1.14 OR BQ.1.15 OR BQ.1.16 OR BQ.1.17 OR BQ.1.18 OR BQ.1.19 OR BQ.1.20 OR BQ.1.21 OR BQ.1.22 OR BQ.1.23 OR BQ.1.24 OR BQ.1.25 OR BQ.1.25.1 OR BQ.1.26 OR BQ.1.26.1 OR BQ.1.27 OR BQ.1.28 OR BQ.2 OR BR.1 OR BR.1.1 OR BR.1.2 OR BR.2 OR BR.2.1 OR BR.3 OR BR.4 OR BS.1 OR BS.1.1 OR BS.1.2 OR BT.1 OR BT.2 OR BU.1 OR BU.2 OR BU.3 OR BV.1 OR BV.2 OR BW.1 OR BW.1.1 OR BY.1 OR BY.1.1 OR BY.1.1.1 OR BY.1.2 OR BY.1.2.1 OR BZ.1 OR CA.1 OR CA.2 OR CA.3 OR CA.3.1 OR CA.4 OR CA.5 OR CA.6 OR CA.7 OR CB.1 OR CC.1 OR CD.1 OR CD.2 OR CE.1 OR CF.1 OR CG.1 OR CH.1 OR CH.1.1 OR CH.1.1.1 OR CH.1.1.2 OR CH.1.1.3 OR CH.1.1.4 OR CH.1.1.5 OR CH.2 OR CH.3 OR CH.3.1 OR CJ.1 OR CJ.1.1 OR CK.1 OR CK.1.1 OR CK.1.2 OR CK.2 OR CK.2.1 OR CK.2.1.1 OR CK.3 OR CL.1 OR CM.1 OR CM.2 OR CM.2.1 OR CM.3 OR CM.4 OR CM.4.1 OR CM.5 OR CM.5.1 OR CM.5.2 OR CM.6 OR CM.6.1 OR CM.7 OR CM.8 OR CM.8.1 OR CM.9 OR CM.10 OR CM.11 OR CM.12 OR CN.1 OR CN.2 OR CP.1 OR CP.1.1 OR CP.1.2 OR CP.1.3 OR CP.2 OR CP.3 OR CP.4 OR CP.5 OR CP.6 OR CQ.1 OR CQ.1.1 OR CQ.2 OR CR.1 OR CR.1.1 OR CR.1.2 OR CR.1.3 OR CR.2 OR CS.1 OR CT.1 OR CU.1 OR CV.1 OR CV.2 OR CW.1 OR CY.1 OR CZ.1 OR DA.1 OR DB.1 OR DB.2 OR DC.1 OR DD.1 OR DE.1 OR DE.2 OR DF.1 OR DF.1.1 OR DG.1 OR DH.1 OR DJ.1 OR DJ.1.1 OR DJ.1.2 OR DJ.1.3 OR DK.1 OR DL.1 OR DM.1 OR DN.1 OR DN.1.1 OR DP.1 OR DQ.1 OR DR.1 OR DS.1 OR DT.1 OR DU.1 OR DV.1,Omicron,4.64285714285714,4.14285714285714,0.892307692307692
2022-08-27,2,2,2.66666666666667,2.5,0.9375,0.176736097131257,0.961252382214835,B.1.1.529 OR BA.1 OR BA.1.1 OR BA.1.1.1 OR BA.1.1.2 OR BA.1.1.3 OR BA.1.1.4 OR BA.1.1.5 OR BA.1.1.6 OR BA.1.1.7 OR BA.1.1.8 OR BA.1.1.9 OR BA.1.1.10 OR BA.1.1.11 OR BA.1.1.12 OR BA.1.1.13 OR BA.1.1.14 OR BA.1.1.15 OR BA.1.1.16 OR BA.1.1.17 OR BA.1.1.18 OR BA.1.2 OR BA.1.3 OR BA.1.4 OR BA.1.5 OR BA.1.6 OR BA.1.7 OR BA.1.8 OR BA.1.9 OR BA.1.10 OR BA.1.12 OR BA.1.13 OR BA.1.13.1 OR BA.1.14 OR BA.1.14.1 OR BA.1.14.2 OR BA.1.15 OR BA.1.15.1 OR BA.1.15.2 OR BA.1.15.3 OR BA.1.16 OR BA.1.16.1 OR BA.1.16.2 OR BA.1.17 OR BA.1.17.1 OR BA.1.17.2 OR BA.1.18 OR BA.1.19 OR BA.1.20 OR BA.1.21 OR BA.1.21.1 OR BA.1.22 OR BA.1.23 OR BA.1.24 OR BA.2 OR BA.2.1 OR BA.2.2 OR BA.2.2.1 OR BA.2.3 OR BA.2.3.1 OR BA.2.3.2 OR BA.2.3.4 OR BA.2.3.5 OR BA.2.3.6 OR BA.2.3.7 OR BA.2.3.8 OR BA.2.3.9 OR BA.2.3.10 OR BA.2.3.11 OR BA.2.3.12 OR BA.2.3.13 OR BA.2.3.14 OR BA.2.3.15 OR BA.2.3.16 OR BA.2.3.17 OR BA.2.3.18 OR BA.2.3.19 OR BA.2.3.20 OR BA.2.3.21 OR BA.2.3.22 OR BA.2.4 OR BA.2.5 OR BA.2.6 OR BA.2.7 OR BA.2.8 OR BA.2.9 OR BA.2.9.1 OR BA.2.9.2 OR BA.2.9.3 OR BA.2.9.4 OR BA.2.9.5 OR BA.2.9.6 OR BA.2.9.7 OR BA.2.10 OR BA.2.10.1 OR BA.2.10.2 OR BA.2.10.3 OR BA.2.10.4 OR BA.2.11 OR BA.2.12 OR BA.2.12.1 OR BA.2.12.2 OR BA.2.13 OR BA.2.13.1 OR BA.2.14 OR BA.2.15 OR BA.2.16 OR BA.2.17 OR BA.2.18 OR BA.2.19 OR BA.2.20 OR BA.2.21 OR BA.2.22 OR BA.2.23 OR BA.2.23.1 OR BA.2.24 OR BA.2.25 OR BA.2.25.1 OR BA.2.26 OR BA.2.27 OR BA.2.28 OR BA.2.29 OR BA.2.30 OR BA.2.31 OR BA.2.31.1 OR BA.2.32 OR BA.2.33 OR BA.2.34 OR BA.2.35 OR BA.2.36 OR BA.2.37 OR BA.2.38 OR BA.2.38.1 OR BA.2.38.2 OR BA.2.38.3 OR BA.2.38.4 OR BA.2.39 OR BA.2.40 OR BA.2.40.1 OR BA.2.41 OR BA.2.42 OR BA.2.43 OR BA.2.44 OR BA.2.45 OR BA.2.46 OR BA.2.47 OR BA.2.48 OR BA.2.49 OR BA.2.50 OR BA.2.51 OR BA.2.52 OR BA.2.53 OR BA.2.54 OR BA.2.55 OR BA.2.56 OR BA.2.56.1 OR BA.2.57 OR BA.2.58 OR BA.2.59 OR BA.2.60 OR BA.2.61 OR BA.2.62 OR BA.2.63 OR BA.2.64 OR BA.2.65 OR BA.2.66 OR BA.2.67 OR BA.2.68 OR BA.2.69 OR BA.2.70 OR BA.2.71 OR BA.2.72 OR BA.2.73 OR BA.2.74 OR BA.2.75 OR BA.2.75.1 OR BA.2.75.2 OR BA.2.75.3 OR BA.2.75.4 OR BA.2.75.5 OR BA.2.75.6 OR BA.2.75.7 OR BA.2.75.8 OR BA.2.75.9 OR BA.2.75.10 OR BA.2.76 OR BA.2.76.1 OR BA.2.76.2 OR BA.2.77 OR BA.2.78 OR BA.2.79 OR BA.2.79.1 OR BA.2.80 OR BA.2.81 OR BA.2.82 OR BA.2.83 OR BA.2.85 OR BA.3 OR BA.3.1 OR BA.4 OR BA.4.1 OR BA.4.1.1 OR BA.4.1.2 OR BA.4.1.3 OR BA.4.1.4 OR BA.4.1.5 OR BA.4.1.6 OR BA.4.1.7 OR BA.4.1.8 OR BA.4.1.9 OR BA.4.1.10 OR BA.4.2 OR BA.4.3 OR BA.4.4 OR BA.4.5 OR BA.4.6 OR BA.4.6.1 OR BA.4.6.2 OR BA.4.6.3 OR BA.4.6.4 OR BA.4.6.5 OR BA.4.7 OR BA.4.8 OR BA.5 OR BA.5.1 OR BA.5.1.1 OR BA.5.1.2 OR BA.5.1.3 OR BA.5.1.4 OR BA.5.1.5 OR BA.5.1.6 OR BA.5.1.7 OR BA.5.1.8 OR BA.5.1.9 OR BA.5.1.10 OR BA.5.1.11 OR BA.5.1.12 OR BA.5.1.14 OR BA.5.1.15 OR BA.5.1.16 OR BA.5.1.17 OR BA.5.1.18 OR BA.5.1.19 OR BA.5.1.20 OR BA.5.1.21 OR BA.5.1.22 OR BA.5.1.23 OR BA.5.1.24 OR BA.5.1.25 OR BA.5.1.26 OR BA.5.1.27 OR BA.5.1.28 OR BA.5.1.29 OR BA.5.1.30 OR BA.5.1.31 OR BA.5.1.32 OR BA.5.2 OR BA.5.2.1 OR BA.5.2.2 OR BA.5.2.3 OR BA.5.2.4 OR BA.5.2.5 OR BA.5.2.6 OR BA.5.2.7 OR BA.5.2.8 OR BA.5.2.9 OR BA.5.2.10 OR BA.5.2.11 OR BA.5.2.12 OR BA.5.2.13 OR BA.5.2.14 OR BA.5.2.16 OR BA.5.2.18 OR BA.5.2.19 OR BA.5.2.20 OR BA.5.2.21 OR BA.5.2.22 OR BA.5.2.23 OR BA.5.2.24 OR BA.5.2.25 OR BA.5.2.26 OR BA.5.2.27 OR BA.5.2.28 OR BA.5.2.29 OR BA.5.2.30 OR BA.5.2.31 OR BA.5.2.32 OR BA.5.2.33 OR BA.5.2.34 OR BA.5.2.35 OR BA.5.2.36 OR BA.5.2.37 OR BA.5.2.38 OR BA.5.2.39 OR BA.5.2.40 OR BA.5.2.41 OR BA.5.2.42 OR BA.5.2.43 OR BA.5.2.44 OR BA.5.2.45 OR BA.5.2.46 OR BA.5.2.47 OR BA.5.2.48 OR BA.5.2.49 OR BA.5.3 OR BA.5.3.1 OR BA.5.3.2 OR BA.5.3.3 OR BA.5.3.4 OR BA.5.3.5 OR BA.5.5 OR BA.5.5.1 OR BA.5.5.2 OR BA.5.5.3 OR BA.5.6 OR BA.5.6.1 OR BA.5.6.2 OR BA.5.6.3 OR BA.5.6.4 OR BA.5.7 OR BA.5.8 OR BA.5.9 OR BA.5.10 OR BA.5.10.1 OR BA.5.11 OR BC.1 OR BC.2 OR BD.1 OR BE.1 OR BE.1.1 OR BE.1.1.1 OR BE.1.1.2 OR BE.1.2 OR BE.1.2.1 OR BE.1.3 OR BE.1.4 OR BE.1.4.1 OR BE.1.4.2 OR BE.1.4.3 OR BE.1.4.4 OR BE.2 OR BE.3 OR BE.4 OR BE.4.1 OR BE.4.1.1 OR BE.4.2 OR BE.5 OR BE.6 OR BE.7 OR BE.8 OR BE.9 OR BE.10 OR BF.1 OR BF.1.1 OR BF.2 OR BF.3 OR BF.3.1 OR BF.4 OR BF.5 OR BF.5.1 OR BF.5.2 OR BF.6 OR BF.7 OR BF.7.1 OR BF.7.2 OR BF.7.3 OR BF.7.4 OR BF.7.4.1 OR BF.7.4.2 OR BF.7.5 OR BF.7.5.1 OR BF.7.6 OR BF.7.7 OR BF.7.8 OR BF.7.9 OR BF.7.10 OR BF.7.11 OR BF.7.12 OR BF.7.13 OR BF.7.13.1 OR BF.7.13.2 OR BF.7.14 OR BF.7.15 OR BF.8 OR BF.9 OR BF.10 OR BF.10.1 OR BF.11 OR BF.11.1 OR BF.11.2 OR BF.11.3 OR BF.11.4 OR BF.11.5 OR BF.12 OR BF.13 OR BF.14 OR BF.15 OR BF.16 OR BF.17 OR BF.18 OR BF.19 OR BF.20 OR BF.21 OR BF.22 OR BF.23 OR BF.24 OR BF.25 OR BF.26 OR BF.27 OR BF.28 OR BF.29 OR BF.30 OR BF.31 OR BF.31.1 OR BF.32 OR BF.33 OR BF.34 OR BG.1 OR BG.2 OR BG.3 OR BG.4 OR BG.5 OR BG.6 OR BG.7 OR BH.1 OR BJ.1 OR BK.1 OR BL.1 OR BL.1.1 OR BL.1.2 OR BL.1.3 OR BL.1.4 OR BL.2 OR BL.2.1 OR BL.3 OR BL.4 OR BL.5 OR BL.6 OR BM.1 OR BM.1.1 OR BM.1.1.1 OR BM.1.1.2 OR BM.1.1.3 OR BM.1.1.4 OR BM.1.1.5 OR BM.2 OR BM.2.1 OR BM.2.2 OR BM.2.3 OR BM.3 OR BM.4 OR BM.4.1 OR BM.4.1.1 OR BM.5 OR BM.6 OR BN.1 OR BN.1.1 OR BN.1.1.1 OR BN.1.2 OR BN.1.2.1 OR BN.1.3 OR BN.1.3.1 OR BN.1.3.2 OR BN.1.3.3 OR BN.1.3.4 OR BN.1.4 OR BN.1.4.1 OR BN.1.5 OR BN.1.5.1 OR BN.1.6 OR BN.1.7 OR BN.1.8 OR BN.1.9 OR BN.2 OR BN.2.1 OR BN.3 OR BN.3.1 OR BN.4 OR BN.5 OR BN.6 OR BP.1 OR BQ.1 OR BQ.1.1 OR BQ.1.1.1 OR BQ.1.1.2 OR BQ.1.1.3 OR BQ.1.1.4 OR BQ.1.1.5 OR BQ.1.1.6 OR BQ.1.1.7 OR BQ.1.1.8 OR BQ.1.1.9 OR BQ.1.1.10 OR BQ.1.1.11 OR BQ.1.1.12 OR BQ.1.1.13 OR BQ.1.1.14 OR BQ.1.1.15 OR BQ.1.1.16 OR BQ.1.1.17 OR BQ.1.1.18 OR BQ.1.1.19 OR BQ.1.1.20 OR BQ.1.1.21 OR BQ.1.1.22 OR BQ.1.1.23 OR BQ.1.1.24 OR BQ.1.1.25 OR BQ.1.1.26 OR BQ.1.1.27 OR BQ.1.1.28 OR BQ.1.1.29 OR BQ.1.1.30 OR BQ.1.1.31 OR BQ.1.1.32 OR BQ.1.1.34 OR BQ.1.1.35 OR BQ.1.1.36 OR BQ.1.2 OR BQ.1.3 OR BQ.1.4 OR BQ.1.5 OR BQ.1.6 OR BQ.1.7 OR BQ.1.8 OR BQ.1.8.1 OR BQ.1.8.2 OR BQ.1.9 OR BQ.1.10 OR BQ.1.10.1 OR BQ.1.11 OR BQ.1.12 OR BQ.1.13 OR BQ.1.13.1 OR BQ.1.14 OR BQ.1.15 OR BQ.1.16 OR BQ.1.17 OR BQ.1.18 OR BQ.1.19 OR BQ.1.20 OR BQ.1.21 OR BQ.1.22 OR BQ.1.23 OR BQ.1.24 OR BQ.1.25 OR BQ.1.25.1 OR BQ.1.26 OR BQ.1.26.1 OR BQ.1.27 OR BQ.1.28 OR BQ.2 OR BR.1 OR BR.1.1 OR BR.1.2 OR BR.2 OR BR.2.1 OR BR.3 OR BR.4 OR BS.1 OR BS.1.1 OR BS.1.2 OR BT.1 OR BT.2 OR BU.1 OR BU.2 OR BU.3 OR BV.1 OR BV.2 OR BW.1 OR BW.1.1 OR BY.1 OR BY.1.1 OR BY.1.1.1 OR BY.1.2 OR BY.1.2.1 OR BZ.1 OR CA.1 OR CA.2 OR CA.3 OR CA.3.1 OR CA.4 OR CA.5 OR CA.6 OR CA.7 OR CB.1 OR CC.1 OR CD.1 OR CD.2 OR CE.1 OR CF.1 OR CG.1 OR CH.1 OR CH.1.1 OR CH.1.1.1 OR CH.1.1.2 OR CH.1.1.3 OR CH.1.1.4 OR CH.1.1.5 OR CH.2 OR CH.3 OR CH.3.1 OR CJ.1 OR CJ.1.1 OR CK.1 OR CK.1.1 OR CK.1.2 OR CK.2 OR CK.2.1 OR CK.2.1.1 OR CK.3 OR CL.1 OR CM.1 OR CM.2 OR CM.2.1 OR CM.3 OR CM.4 OR CM.4.1 OR CM.5 OR CM.5.1 OR CM.5.2 OR CM.6 OR CM.6.1 OR CM.7 OR CM.8 OR CM.8.1 OR CM.9 OR CM.10 OR CM.11 OR CM.12 OR CN.1 OR CN.2 OR CP.1 OR CP.1.1 OR CP.1.2 OR CP.1.3 OR CP.2 OR CP.3 OR CP.4 OR CP.5 OR CP.6 OR CQ.1 OR CQ.1.1 OR CQ.2 OR CR.1 OR CR.1.1 OR CR.1.2 OR CR.1.3 OR CR.2 OR CS.1 OR CT.1 OR CU.1 OR CV.1 OR CV.2 OR CW.1 OR CY.1 OR CZ.1 OR DA.1 OR DB.1 OR DB.2 OR DC.1 OR DD.1 OR DE.1 OR DE.2 OR DF.1 OR DF.1.1 OR DG.1 OR DH.1 OR DJ.1 OR DJ.1.1 OR DJ.1.2 OR DJ.1.3 OR DK.1 OR DL.1 OR DM.1 OR DN.1 OR DN.1.1 OR DP.1 OR DQ.1 OR DR.1 OR DS.1 OR DT.1 OR DU.1 OR DV.1,Omicron,3.78571428571429,3.28571428571429,0.867924528301887
2022-08-29,3,2,2.6,2.2,0.846153846153846,0.176736097131257,0.961252382214835,B.1.1.529 OR BA.1 OR BA.1.1 OR BA.1.1.1 OR BA.1.1.2 OR BA.1.1.3 OR BA.1.1.4 OR BA.1.1.5 OR BA.1.1.6 OR BA.1.1.7 OR BA.1.1.8 OR BA.1.1.9 OR BA.1.1.10 OR BA.1.1.11 OR BA.1.1.12 OR BA.1.1.13 OR BA.1.1.14 OR BA.1.1.15 OR BA.1.1.16 OR BA.1.1.17 OR BA.1.1.18 OR BA.1.2 OR BA.1.3 OR BA.1.4 OR BA.1.5 OR BA.1.6 OR BA.1.7 OR BA.1.8 OR BA.1.9 OR BA.1.10 OR BA.1.12 OR BA.1.13 OR BA.1.13.1 OR BA.1.14 OR BA.1.14.1 OR BA.1.14.2 OR BA.1.15 OR BA.1.15.1 OR BA.1.15.2 OR BA.1.15.3 OR BA.1.16 OR BA.1.16.1 OR BA.1.16.2 OR BA.1.17 OR BA.1.17.1 OR BA.1.17.2 OR BA.1.18 OR BA.1.19 OR BA.1.20 OR BA.1.21 OR BA.1.21.1 OR BA.1.22 OR BA.1.23 OR BA.1.24 OR BA.2 OR BA.2.1 OR BA.2.2 OR BA.2.2.1 OR BA.2.3 OR BA.2.3.1 OR BA.2.3.2 OR BA.2.3.4 OR BA.2.3.5 OR BA.2.3.6 OR BA.2.3.7 OR BA.2.3.8 OR BA.2.3.9 OR BA.2.3.10 OR BA.2.3.11 OR BA.2.3.12 OR BA.2.3.13 OR BA.2.3.14 OR BA.2.3.15 OR BA.2.3.16 OR BA.2.3.17 OR BA.2.3.18 OR BA.2.3.19 OR BA.2.3.20 OR BA.2.3.21 OR BA.2.3.22 OR BA.2.4 OR BA.2.5 OR BA.2.6 OR BA.2.7 OR BA.2.8 OR BA.2.9 OR BA.2.9.1 OR BA.2.9.2 OR BA.2.9.3 OR BA.2.9.4 OR BA.2.9.5 OR BA.2.9.6 OR BA.2.9.7 OR BA.2.10 OR BA.2.10.1 OR BA.2.10.2 OR BA.2.10.3 OR BA.2.10.4 OR BA.2.11 OR BA.2.12 OR BA.2.12.1 OR BA.2.12.2 OR BA.2.13 OR BA.2.13.1 OR BA.2.14 OR BA.2.15 OR BA.2.16 OR BA.2.17 OR BA.2.18 OR BA.2.19 OR BA.2.20 OR BA.2.21 OR BA.2.22 OR BA.2.23 OR BA.2.23.1 OR BA.2.24 OR BA.2.25 OR BA.2.25.1 OR BA.2.26 OR BA.2.27 OR BA.2.28 OR BA.2.29 OR BA.2.30 OR BA.2.31 OR BA.2.31.1 OR BA.2.32 OR BA.2.33 OR BA.2.34 OR BA.2.35 OR BA.2.36 OR BA.2.37 OR BA.2.38 OR BA.2.38.1 OR BA.2.38.2 OR BA.2.38.3 OR BA.2.38.4 OR BA.2.39 OR BA.2.40 OR BA.2.40.1 OR BA.2.41 OR BA.2.42 OR BA.2.43 OR BA.2.44 OR BA.2.45 OR BA.2.46 OR BA.2.47 OR BA.2.48 OR BA.2.49 OR BA.2.50 OR BA.2.51 OR BA.2.52 OR BA.2.53 OR BA.2.54 OR BA.2.55 OR BA.2.56 OR BA.2.56.1 OR BA.2.57 OR BA.2.58 OR BA.2.59 OR BA.2.60 OR BA.2.61 OR BA.2.62 OR BA.2.63 OR BA.2.64 OR BA.2.65 OR BA.2.66 OR BA.2.67 OR BA.2.68 OR BA.2.69 OR BA.2.70 OR BA.2.71 OR BA.2.72 OR BA.2.73 OR BA.2.74 OR BA.2.75 OR BA.2.75.1 OR BA.2.75.2 OR BA.2.75.3 OR BA.2.75.4 OR BA.2.75.5 OR BA.2.75.6 OR BA.2.75.7 OR BA.2.75.8 OR BA.2.75.9 OR BA.2.75.10 OR BA.2.76 OR BA.2.76.1 OR BA.2.76.2 OR BA.2.77 OR BA.2.78 OR BA.2.79 OR BA.2.79.1 OR BA.2.80 OR BA.2.81 OR BA.2.82 OR BA.2.83 OR BA.2.85 OR BA.3 OR BA.3.1 OR BA.4 OR BA.4.1 OR BA.4.1.1 OR BA.4.1.2 OR BA.4.1.3 OR BA.4.1.4 OR BA.4.1.5 OR BA.4.1.6 OR BA.4.1.7 OR BA.4.1.8 OR BA.4.1.9 OR BA.4.1.10 OR BA.4.2 OR BA.4.3 OR BA.4.4 OR BA.4.5 OR BA.4.6 OR BA.4.6.1 OR BA.4.6.2 OR BA.4.6.3 OR BA.4.6.4 OR BA.4.6.5 OR BA.4.7 OR BA.4.8 OR BA.5 OR BA.5.1 OR BA.5.1.1 OR BA.5.1.2 OR BA.5.1.3 OR BA.5.1.4 OR BA.5.1.5 OR BA.5.1.6 OR BA.5.1.7 OR BA.5.1.8 OR BA.5.1.9 OR BA.5.1.10 OR BA.5.1.11 OR BA.5.1.12 OR BA.5.1.14 OR BA.5.1.15 OR BA.5.1.16 OR BA.5.1.17 OR BA.5.1.18 OR BA.5.1.19 OR BA.5.1.20 OR BA.5.1.21 OR BA.5.1.22 OR BA.5.1.23 OR BA.5.1.24 OR BA.5.1.25 OR BA.5.1.26 OR BA.5.1.27 OR BA.5.1.28 OR BA.5.1.29 OR BA.5.1.30 OR BA.5.1.31 OR BA.5.1.32 OR BA.5.2 OR BA.5.2.1 OR BA.5.2.2 OR BA.5.2.3 OR BA.5.2.4 OR BA.5.2.5 OR BA.5.2.6 OR BA.5.2.7 OR BA.5.2.8 OR BA.5.2.9 OR BA.5.2.10 OR BA.5.2.11 OR BA.5.2.12 OR BA.5.2.13 OR BA.5.2.14 OR BA.5.2.16 OR BA.5.2.18 OR BA.5.2.19 OR BA.5.2.20 OR BA.5.2.21 OR BA.5.2.22 OR BA.5.2.23 OR BA.5.2.24 OR BA.5.2.25 OR BA.5.2.26 OR BA.5.2.27 OR BA.5.2.28 OR BA.5.2.29 OR BA.5.2.30 OR BA.5.2.31 OR BA.5.2.32 OR BA.5.2.33 OR BA.5.2.34 OR BA.5.2.35 OR BA.5.2.36 OR BA.5.2.37 OR BA.5.2.38 OR BA.5.2.39 OR BA.5.2.40 OR BA.5.2.41 OR BA.5.2.42 OR BA.5.2.43 OR BA.5.2.44 OR BA.5.2.45 OR BA.5.2.46 OR BA.5.2.47 OR BA.5.2.48 OR BA.5.2.49 OR BA.5.3 OR BA.5.3.1 OR BA.5.3.2 OR BA.5.3.3 OR BA.5.3.4 OR BA.5.3.5 OR BA.5.5 OR BA.5.5.1 OR BA.5.5.2 OR BA.5.5.3 OR BA.5.6 OR BA.5.6.1 OR BA.5.6.2 OR BA.5.6.3 OR BA.5.6.4 OR BA.5.7 OR BA.5.8 OR BA.5.9 OR BA.5.10 OR BA.5.10.1 OR BA.5.11 OR BC.1 OR BC.2 OR BD.1 OR BE.1 OR BE.1.1 OR BE.1.1.1 OR BE.1.1.2 OR BE.1.2 OR BE.1.2.1 OR BE.1.3 OR BE.1.4 OR BE.1.4.1 OR BE.1.4.2 OR BE.1.4.3 OR BE.1.4.4 OR BE.2 OR BE.3 OR BE.4 OR BE.4.1 OR BE.4.1.1 OR BE.4.2 OR BE.5 OR BE.6 OR BE.7 OR BE.8 OR BE.9 OR BE.10 OR BF.1 OR BF.1.1 OR BF.2 OR BF.3 OR BF.3.1 OR BF.4 OR BF.5 OR BF.5.1 OR BF.5.2 OR BF.6 OR BF.7 OR BF.7.1 OR BF.7.2 OR BF.7.3 OR BF.7.4 OR BF.7.4.1 OR BF.7.4.2 OR BF.7.5 OR BF.7.5.1 OR BF.7.6 OR BF.7.7 OR BF.7.8 OR BF.7.9 OR BF.7.10 OR BF.7.11 OR BF.7.12 OR BF.7.13 OR BF.7.13.1 OR BF.7.13.2 OR BF.7.14 OR BF.7.15 OR BF.8 OR BF.9 OR BF.10 OR BF.10.1 OR BF.11 OR BF.11.1 OR BF.11.2 OR BF.11.3 OR BF.11.4 OR BF.11.5 OR BF.12 OR BF.13 OR BF.14 OR BF.15 OR BF.16 OR BF.17 OR BF.18 OR BF.19 OR BF.20 OR BF.21 OR BF.22 OR BF.23 OR BF.24 OR BF.25 OR BF.26 OR BF.27 OR BF.28 OR BF.29 OR BF.30 OR BF.31 OR BF.31.1 OR BF.32 OR BF.33 OR BF.34 OR BG.1 OR BG.2 OR BG.3 OR BG.4 OR BG.5 OR BG.6 OR BG.7 OR BH.1 OR BJ.1 OR BK.1 OR BL.1 OR BL.1.1 OR BL.1.2 OR BL.1.3 OR BL.1.4 OR BL.2 OR BL.2.1 OR BL.3 OR BL.4 OR BL.5 OR BL.6 OR BM.1 OR BM.1.1 OR BM.1.1.1 OR BM.1.1.2 OR BM.1.1.3 OR BM.1.1.4 OR BM.1.1.5 OR BM.2 OR BM.2.1 OR BM.2.2 OR BM.2.3 OR BM.3 OR BM.4 OR BM.4.1 OR BM.4.1.1 OR BM.5 OR BM.6 OR BN.1 OR BN.1.1 OR BN.1.1.1 OR BN.1.2 OR BN.1.2.1 OR BN.1.3 OR BN.1.3.1 OR BN.1.3.2 OR BN.1.3.3 OR BN.1.3.4 OR BN.1.4 OR BN.1.4.1 OR BN.1.5 OR BN.1.5.1 OR BN.1.6 OR BN.1.7 OR BN.1.8 OR BN.1.9 OR BN.2 OR BN.2.1 OR BN.3 OR BN.3.1 OR BN.4 OR BN.5 OR BN.6 OR BP.1 OR BQ.1 OR BQ.1.1 OR BQ.1.1.1 OR BQ.1.1.2 OR BQ.1.1.3 OR BQ.1.1.4 OR BQ.1.1.5 OR BQ.1.1.6 OR BQ.1.1.7 OR BQ.1.1.8 OR BQ.1.1.9 OR BQ.1.1.10 OR BQ.1.1.11 OR BQ.1.1.12 OR BQ.1.1.13 OR BQ.1.1.14 OR BQ.1.1.15 OR BQ.1.1.16 OR BQ.1.1.17 OR BQ.1.1.18 OR BQ.1.1.19 OR BQ.1.1.20 OR BQ.1.1.21 OR BQ.1.1.22 OR BQ.1.1.23 OR BQ.1.1.24 OR BQ.1.1.25 OR BQ.1.1.26 OR BQ.1.1.27 OR BQ.1.1.28 OR BQ.1.1.29 OR BQ.1.1.30 OR BQ.1.1.31 OR BQ.1.1.32 OR BQ.1.1.34 OR BQ.1.1.35 OR BQ.1.1.36 OR BQ.1.2 OR BQ.1.3 OR BQ.1.4 OR BQ.1.5 OR BQ.1.6 OR BQ.1.7 OR BQ.1.8 OR BQ.1.8.1 OR BQ.1.8.2 OR BQ.1.9 OR BQ.1.10 OR BQ.1.10.1 OR BQ.1.11 OR BQ.1.12 OR BQ.1.13 OR BQ.1.13.1 OR BQ.1.14 OR BQ.1.15 OR BQ.1.16 OR BQ.1.17 OR BQ.1.18 OR BQ.1.19 OR BQ.1.20 OR BQ.1.21 OR BQ.1.22 OR BQ.1.23 OR BQ.1.24 OR BQ.1.25 OR BQ.1.25.1 OR BQ.1.26 OR BQ.1.26.1 OR BQ.1.27 OR BQ.1.28 OR BQ.2 OR BR.1 OR BR.1.1 OR BR.1.2 OR BR.2 OR BR.2.1 OR BR.3 OR BR.4 OR BS.1 OR BS.1.1 OR BS.1.2 OR BT.1 OR BT.2 OR BU.1 OR BU.2 OR BU.3 OR BV.1 OR BV.2 OR BW.1 OR BW.1.1 OR BY.1 OR BY.1.1 OR BY.1.1.1 OR BY.1.2 OR BY.1.2.1 OR BZ.1 OR CA.1 OR CA.2 OR CA.3 OR CA.3.1 OR CA.4 OR CA.5 OR CA.6 OR CA.7 OR CB.1 OR CC.1 OR CD.1 OR CD.2 OR CE.1 OR CF.1 OR CG.1 OR CH.1 OR CH.1.1 OR CH.1.1.1 OR CH.1.1.2 OR CH.1.1.3 OR CH.1.1.4 OR CH.1.1.5 OR CH.2 OR CH.3 OR CH.3.1 OR CJ.1 OR CJ.1.1 OR CK.1 OR CK.1.1 OR CK.1.2 OR CK.2 OR CK.2.1 OR CK.2.1.1 OR CK.3 OR CL.1 OR CM.1 OR CM.2 OR CM.2.1 OR CM.3 OR CM.4 OR CM.4.1 OR CM.5 OR CM.5.1 OR CM.5.2 OR CM.6 OR CM.6.1 OR CM.7 OR CM.8 OR CM.8.1 OR CM.9 OR CM.10 OR CM.11 OR CM.12 OR CN.1 OR CN.2 OR CP.1 OR CP.1.1 OR CP.1.2 OR CP.1.3 OR CP.2 OR CP.3 OR CP.4 OR CP.5 OR CP.6 OR CQ.1 OR CQ.1.1 OR CQ.2 OR CR.1 OR CR.1.1 OR CR.1.2 OR CR.1.3 OR CR.2 OR CS.1 OR CT.1 OR CU.1 OR CV.1 OR CV.2 OR CW.1 OR CY.1 OR CZ.1 OR DA.1 OR DB.1 OR DB.2 OR DC.1 OR DD.1 OR DE.1 OR DE.2 OR DF.1 OR DF.1.1 OR DG.1 OR DH.1 OR DJ.1 OR DJ.1.1 OR DJ.1.2 OR DJ.1.3 OR DK.1 OR DL.1 OR DM.1 OR DN.1 OR DN.1.1 OR DP.1 OR DQ.1 OR DR.1 OR DS.1 OR DT.1 OR DU.1 OR DV.1,Omicron,3.64285714285714,3.14285714285714,0.862745098039216
2022-08-30,1,1,2.4,2,0.833333333333333,0.333178245598791,0.999783091529969,B.1.1.529 OR BA.1 OR BA.1.1 OR BA.1.1.1 OR BA.1.1.2 OR BA.1.1.3 OR BA.1.1.4 OR BA.1.1.5 OR BA.1.1.6 OR BA.1.1.7 OR BA.1.1.8 OR BA.1.1.9 OR BA.1.1.10 OR BA.1.1.11 OR BA.1.1.12 OR BA.1.1.13 OR BA.1.1.14 OR BA.1.1.15 OR BA.1.1.16 OR BA.1.1.17 OR BA.1.1.18 OR BA.1.2 OR BA.1.3 OR BA.1.4 OR BA.1.5 OR BA.1.6 OR BA.1.7 OR BA.1.8 OR BA.1.9 OR BA.1.10 OR BA.1.12 OR BA.1.13 OR BA.1.13.1 OR BA.1.14 OR BA.1.14.1 OR BA.1.14.2 OR BA.1.15 OR BA.1.15.1 OR BA.1.15.2 OR BA.1.15.3 OR BA.1.16 OR BA.1.16.1 OR BA.1.16.2 OR BA.1.17 OR BA.1.17.1 OR BA.1.17.2 OR BA.1.18 OR BA.1.19 OR BA.1.20 OR BA.1.21 OR BA.1.21.1 OR BA.1.22 OR BA.1.23 OR BA.1.24 OR BA.2 OR BA.2.1 OR BA.2.2 OR BA.2.2.1 OR BA.2.3 OR BA.2.3.1 OR BA.2.3.2 OR BA.2.3.4 OR BA.2.3.5 OR BA.2.3.6 OR BA.2.3.7 OR BA.2.3.8 OR BA.2.3.9 OR BA.2.3.10 OR BA.2.3.11 OR BA.2.3.12 OR BA.2.3.13 OR BA.2.3.14 OR BA.2.3.15 OR BA.2.3.16 OR BA.2.3.17 OR BA.2.3.18 OR BA.2.3.19 OR BA.2.3.20 OR BA.2.3.21 OR BA.2.3.22 OR BA.2.4 OR BA.2.5 OR BA.2.6 OR BA.2.7 OR BA.2.8 OR BA.2.9 OR BA.2.9.1 OR BA.2.9.2 OR BA.2.9.3 OR BA.2.9.4 OR BA.2.9.5 OR BA.2.9.6 OR BA.2.9.7 OR BA.2.10 OR BA.2.10.1 OR BA.2.10.2 OR BA.2.10.3 OR BA.2.10.4 OR BA.2.11 OR BA.2.12 OR BA.2.12.1 OR BA.2.12.2 OR BA.2.13 OR BA.2.13.1 OR BA.2.14 OR BA.2.15 OR BA.2.16 OR BA.2.17 OR BA.2.18 OR BA.2.19 OR BA.2.20 OR BA.2.21 OR BA.2.22 OR BA.2.23 OR BA.2.23.1 OR BA.2.24 OR BA.2.25 OR BA.2.25.1 OR BA.2.26 OR BA.2.27 OR BA.2.28 OR BA.2.29 OR BA.2.30 OR BA.2.31 OR BA.2.31.1 OR BA.2.32 OR BA.2.33 OR BA.2.34 OR BA.2.35 OR BA.2.36 OR BA.2.37 OR BA.2.38 OR BA.2.38.1 OR BA.2.38.2 OR BA.2.38.3 OR BA.2.38.4 OR BA.2.39 OR BA.2.40 OR BA.2.40.1 OR BA.2.41 OR BA.2.42 OR BA.2.43 OR BA.2.44 OR BA.2.45 OR BA.2.46 OR BA.2.47 OR BA.2.48 OR BA.2.49 OR BA.2.50 OR BA.2.51 OR BA.2.52 OR BA.2.53 OR BA.2.54 OR BA.2.55 OR BA.2.56 OR BA.2.56.1 OR BA.2.57 OR BA.2.58 OR BA.2.59 OR BA.2.60 OR BA.2.61 OR BA.2.62 OR BA.2.63 OR BA.2.64 OR BA.2.65 OR BA.2.66 OR BA.2.67 OR BA.2.68 OR BA.2.69 OR BA.2.70 OR BA.2.71 OR BA.2.72 OR BA.2.73 OR BA.2.74 OR BA.2.75 OR BA.2.75.1 OR BA.2.75.2 OR BA.2.75.3 OR BA.2.75.4 OR BA.2.75.5 OR BA.2.75.6 OR BA.2.75.7 OR BA.2.75.8 OR BA.2.75.9 OR BA.2.75.10 OR BA.2.76 OR BA.2.76.1 OR BA.2.76.2 OR BA.2.77 OR BA.2.78 OR BA.2.79 OR BA.2.79.1 OR BA.2.80 OR BA.2.81 OR BA.2.82 OR BA.2.83 OR BA.2.85 OR BA.3 OR BA.3.1 OR BA.4 OR BA.4.1 OR BA.4.1.1 OR BA.4.1.2 OR BA.4.1.3 OR BA.4.1.4 OR BA.4.1.5 OR BA.4.1.6 OR BA.4.1.7 OR BA.4.1.8 OR BA.4.1.9 OR BA.4.1.10 OR BA.4.2 OR BA.4.3 OR BA.4.4 OR BA.4.5 OR BA.4.6 OR BA.4.6.1 OR BA.4.6.2 OR BA.4.6.3 OR BA.4.6.4 OR BA.4.6.5 OR BA.4.7 OR BA.4.8 OR BA.5 OR BA.5.1 OR BA.5.1.1 OR BA.5.1.2 OR BA.5.1.3 OR BA.5.1.4 OR BA.5.1.5 OR BA.5.1.6 OR BA.5.1.7 OR BA.5.1.8 OR BA.5.1.9 OR BA.5.1.10 OR BA.5.1.11 OR BA.5.1.12 OR BA.5.1.14 OR BA.5.1.15 OR BA.5.1.16 OR BA.5.1.17 OR BA.5.1.18 OR BA.5.1.19 OR BA.5.1.20 OR BA.5.1.21 OR BA.5.1.22 OR BA.5.1.23 OR BA.5.1.24 OR BA.5.1.25 OR BA.5.1.26 OR BA.5.1.27 OR BA.5.1.28 OR BA.5.1.29 OR BA.5.1.30 OR BA.5.1.31 OR BA.5.1.32 OR BA.5.2 OR BA.5.2.1 OR BA.5.2.2 OR BA.5.2.3 OR BA.5.2.4 OR BA.5.2.5 OR BA.5.2.6 OR BA.5.2.7 OR BA.5.2.8 OR BA.5.2.9 OR BA.5.2.10 OR BA.5.2.11 OR BA.5.2.12 OR BA.5.2.13 OR BA.5.2.14 OR BA.5.2.16 OR BA.5.2.18 OR BA.5.2.19 OR BA.5.2.20 OR BA.5.2.21 OR BA.5.2.22 OR BA.5.2.23 OR BA.5.2.24 OR BA.5.2.25 OR BA.5.2.26 OR BA.5.2.27 OR BA.5.2.28 OR BA.5.2.29 OR BA.5.2.30 OR BA.5.2.31 OR BA.5.2.32 OR BA.5.2.33 OR BA.5.2.34 OR BA.5.2.35 OR BA.5.2.36 OR BA.5.2.37 OR BA.5.2.38 OR BA.5.2.39 OR BA.5.2.40 OR BA.5.2.41 OR BA.5.2.42 OR BA.5.2.43 OR BA.5.2.44 OR BA.5.2.45 OR BA.5.2.46 OR BA.5.2.47 OR BA.5.2.48 OR BA.5.2.49 OR BA.5.3 OR BA.5.3.1 OR BA.5.3.2 OR BA.5.3.3 OR BA.5.3.4 OR BA.5.3.5 OR BA.5.5 OR BA.5.5.1 OR BA.5.5.2 OR BA.5.5.3 OR BA.5.6 OR BA.5.6.1 OR BA.5.6.2 OR BA.5.6.3 OR BA.5.6.4 OR BA.5.7 OR BA.5.8 OR BA.5.9 OR BA.5.10 OR BA.5.10.1 OR BA.5.11 OR BC.1 OR BC.2 OR BD.1 OR BE.1 OR BE.1.1 OR BE.1.1.1 OR BE.1.1.2 OR BE.1.2 OR BE.1.2.1 OR BE.1.3 OR BE.1.4 OR BE.1.4.1 OR BE.1.4.2 OR BE.1.4.3 OR BE.1.4.4 OR BE.2 OR BE.3 OR BE.4 OR BE.4.1 OR BE.4.1.1 OR BE.4.2 OR BE.5 OR BE.6 OR BE.7 OR BE.8 OR BE.9 OR BE.10 OR BF.1 OR BF.1.1 OR BF.2 OR BF.3 OR BF.3.1 OR BF.4 OR BF.5 OR BF.5.1 OR BF.5.2 OR BF.6 OR BF.7 OR BF.7.1 OR BF.7.2 OR BF.7.3 OR BF.7.4 OR BF.7.4.1 OR BF.7.4.2 OR BF.7.5 OR BF.7.5.1 OR BF.7.6 OR BF.7.7 OR BF.7.8 OR BF.7.9 OR BF.7.10 OR BF.7.11 OR BF.7.12 OR BF.7.13 OR BF.7.13.1 OR BF.7.13.2 OR BF.7.14 OR BF.7.15 OR BF.8 OR BF.9 OR BF.10 OR BF.10.1 OR BF.11 OR BF.11.1 OR BF.11.2 OR BF.11.3 OR BF.11.4 OR BF.11.5 OR BF.12 OR BF.13 OR BF.14 OR BF.15 OR BF.16 OR BF.17 OR BF.18 OR BF.19 OR BF.20 OR BF.21 OR BF.22 OR BF.23 OR BF.24 OR BF.25 OR BF.26 OR BF.27 OR BF.28 OR BF.29 OR BF.30 OR BF.31 OR BF.31.1 OR BF.32 OR BF.33 OR BF.34 OR BG.1 OR BG.2 OR BG.3 OR BG.4 OR BG.5 OR BG.6 OR BG.7 OR BH.1 OR BJ.1 OR BK.1 OR BL.1 OR BL.1.1 OR BL.1.2 OR BL.1.3 OR BL.1.4 OR BL.2 OR BL.2.1 OR BL.3 OR BL.4 OR BL.5 OR BL.6 OR BM.1 OR BM.1.1 OR BM.1.1.1 OR BM.1.1.2 OR BM.1.1.3 OR BM.1.1.4 OR BM.1.1.5 OR BM.2 OR BM.2.1 OR BM.2.2 OR BM.2.3 OR BM.3 OR BM.4 OR BM.4.1 OR BM.4.1.1 OR BM.5 OR BM.6 OR BN.1 OR BN.1.1 OR BN.1.1.1 OR BN.1.2 OR BN.1.2.1 OR BN.1.3 OR BN.1.3.1 OR BN.1.3.2 OR BN.1.3.3 OR BN.1.3.4 OR BN.1.4 OR BN.1.4.1 OR BN.1.5 OR BN.1.5.1 OR BN.1.6 OR BN.1.7 OR BN.1.8 OR BN.1.9 OR BN.2 OR BN.2.1 OR BN.3 OR BN.3.1 OR BN.4 OR BN.5 OR BN.6 OR BP.1 OR BQ.1 OR BQ.1.1 OR BQ.1.1.1 OR BQ.1.1.2 OR BQ.1.1.3 OR BQ.1.1.4 OR BQ.1.1.5 OR BQ.1.1.6 OR BQ.1.1.7 OR BQ.1.1.8 OR BQ.1.1.9 OR BQ.1.1.10 OR BQ.1.1.11 OR BQ.1.1.12 OR BQ.1.1.13 OR BQ.1.1.14 OR BQ.1.1.15 OR BQ.1.1.16 OR BQ.1.1.17 OR BQ.1.1.18 OR BQ.1.1.19 OR BQ.1.1.20 OR BQ.1.1.21 OR BQ.1.1.22 OR BQ.1.1.23 OR BQ.1.1.24 OR BQ.1.1.25 OR BQ.1.1.26 OR BQ.1.1.27 OR BQ.1.1.28 OR BQ.1.1.29 OR BQ.1.1.30 OR BQ.1.1.31 OR BQ.1.1.32 OR BQ.1.1.34 OR BQ.1.1.35 OR BQ.1.1.36 OR BQ.1.2 OR BQ.1.3 OR BQ.1.4 OR BQ.1.5 OR BQ.1.6 OR BQ.1.7 OR BQ.1.8 OR BQ.1.8.1 OR BQ.1.8.2 OR BQ.1.9 OR BQ.1.10 OR BQ.1.10.1 OR BQ.1.11 OR BQ.1.12 OR BQ.1.13 OR BQ.1.13.1 OR BQ.1.14 OR BQ.1.15 OR BQ.1.16 OR BQ.1.17 OR BQ.1.18 OR BQ.1.19 OR BQ.1.20 OR BQ.1.21 OR BQ.1.22 OR BQ.1.23 OR BQ.1.24 OR BQ.1.25 OR BQ.1.25.1 OR BQ.1.26 OR BQ.1.26.1 OR BQ.1.27 OR BQ.1.28 OR BQ.2 OR BR.1 OR BR.1.1 OR BR.1.2 OR BR.2 OR BR.2.1 OR BR.3 OR BR.4 OR BS.1 OR BS.1.1 OR BS.1.2 OR BT.1 OR BT.2 OR BU.1 OR BU.2 OR BU.3 OR BV.1 OR BV.2 OR BW.1 OR BW.1.1 OR BY.1 OR BY.1.1 OR BY.1.1.1 OR BY.1.2 OR BY.1.2.1 OR BZ.1 OR CA.1 OR CA.2 OR CA.3 OR CA.3.1 OR CA.4 OR CA.5 OR CA.6 OR CA.7 OR CB.1 OR CC.1 OR CD.1 OR CD.2 OR CE.1 OR CF.1 OR CG.1 OR CH.1 OR CH.1.1 OR CH.1.1.1 OR CH.1.1.2 OR CH.1.1.3 OR CH.1.1.4 OR CH.1.1.5 OR CH.2 OR CH.3 OR CH.3.1 OR CJ.1 OR CJ.1.1 OR CK.1 OR CK.1.1 OR CK.1.2 OR CK.2 OR CK.2.1 OR CK.2.1.1 OR CK.3 OR CL.1 OR CM.1 OR CM.2 OR CM.2.1 OR CM.3 OR CM.4 OR CM.4.1 OR CM.5 OR CM.5.1 OR CM.5.2 OR CM.6 OR CM.6.1 OR CM.7 OR CM.8 OR CM.8.1 OR CM.9 OR CM.10 OR CM.11 OR CM.12 OR CN.1 OR CN.2 OR CP.1 OR CP.1.1 OR CP.1.2 OR CP.1.3 OR CP.2 OR CP.3 OR CP.4 OR CP.5 OR CP.6 OR CQ.1 OR CQ.1.1 OR CQ.2 OR CR.1 OR CR.1.1 OR CR.1.2 OR CR.1.3 OR CR.2 OR CS.1 OR CT.1 OR CU.1 OR CV.1 OR CV.2 OR CW.1 OR CY.1 OR CZ.1 OR DA.1 OR DB.1 OR DB.2 OR DC.1 OR DD.1 OR DE.1 OR DE.2 OR DF.1 OR DF.1.1 OR DG.1 OR DH.1 OR DJ.1 OR DJ.1.1 OR DJ.1.2 OR DJ.1.3 OR DK.1 OR DL.1 OR DM.1 OR DN.1 OR DN.1.1 OR DP.1 OR DQ.1 OR DR.1 OR DS.1 OR DT.1 OR DU.1 OR DV.1,Omicron,3.5,3,0.857142857142857
2022-08-31,1,1,1.6,1.4,0.875,0.0608302759200974,0.939169724079903,B.1.1.529 OR BA.1 OR BA.1.1 OR BA.1.1.1 OR BA.1.1.2 OR BA.1.1.3 OR BA.1.1.4 OR BA.1.1.5 OR BA.1.1.6 OR BA.1.1.7 OR BA.1.1.8 OR BA.1.1.9 OR BA.1.1.10 OR BA.1.1.11 OR BA.1.1.12 OR BA.1.1.13 OR BA.1.1.14 OR BA.1.1.15 OR BA.1.1.16 OR BA.1.1.17 OR BA.1.1.18 OR BA.1.2 OR BA.1.3 OR BA.1.4 OR BA.1.5 OR BA.1.6 OR BA.1.7 OR BA.1.8 OR BA.1.9 OR BA.1.10 OR BA.1.12 OR BA.1.13 OR BA.1.13.1 OR BA.1.14 OR BA.1.14.1 OR BA.1.14.2 OR BA.1.15 OR BA.1.15.1 OR BA.1.15.2 OR BA.1.15.3 OR BA.1.16 OR BA.1.16.1 OR BA.1.16.2 OR BA.1.17 OR BA.1.17.1 OR BA.1.17.2 OR BA.1.18 OR BA.1.19 OR BA.1.20 OR BA.1.21 OR BA.1.21.1 OR BA.1.22 OR BA.1.23 OR BA.1.24 OR BA.2 OR BA.2.1 OR BA.2.2 OR BA.2.2.1 OR BA.2.3 OR BA.2.3.1 OR BA.2.3.2 OR BA.2.3.4 OR BA.2.3.5 OR BA.2.3.6 OR BA.2.3.7 OR BA.2.3.8 OR BA.2.3.9 OR BA.2.3.10 OR BA.2.3.11 OR BA.2.3.12 OR BA.2.3.13 OR BA.2.3.14 OR BA.2.3.15 OR BA.2.3.16 OR BA.2.3.17 OR BA.2.3.18 OR BA.2.3.19 OR BA.2.3.20 OR BA.2.3.21 OR BA.2.3.22 OR BA.2.4 OR BA.2.5 OR BA.2.6 OR BA.2.7 OR BA.2.8 OR BA.2.9 OR BA.2.9.1 OR BA.2.9.2 OR BA.2.9.3 OR BA.2.9.4 OR BA.2.9.5 OR BA.2.9.6 OR BA.2.9.7 OR BA.2.10 OR BA.2.10.1 OR BA.2.10.2 OR BA.2.10.3 OR BA.2.10.4 OR BA.2.11 OR BA.2.12 OR BA.2.12.1 OR BA.2.12.2 OR BA.2.13 OR BA.2.13.1 OR BA.2.14 OR BA.2.15 OR BA.2.16 OR BA.2.17 OR BA.2.18 OR BA.2.19 OR BA.2.20 OR BA.2.21 OR BA.2.22 OR BA.2.23 OR BA.2.23.1 OR BA.2.24 OR BA.2.25 OR BA.2.25.1 OR BA.2.26 OR BA.2.27 OR BA.2.28 OR BA.2.29 OR BA.2.30 OR BA.2.31 OR BA.2.31.1 OR BA.2.32 OR BA.2.33 OR BA.2.34 OR BA.2.35 OR BA.2.36 OR BA.2.37 OR BA.2.38 OR BA.2.38.1 OR BA.2.38.2 OR BA.2.38.3 OR BA.2.38.4 OR BA.2.39 OR BA.2.40 OR BA.2.40.1 OR BA.2.41 OR BA.2.42 OR BA.2.43 OR BA.2.44 OR BA.2.45 OR BA.2.46 OR BA.2.47 OR BA.2.48 OR BA.2.49 OR BA.2.50 OR BA.2.51 OR BA.2.52 OR BA.2.53 OR BA.2.54 OR BA.2.55 OR BA.2.56 OR BA.2.56.1 OR BA.2.57 OR BA.2.58 OR BA.2.59 OR BA.2.60 OR BA.2.61 OR BA.2.62 OR BA.2.63 OR BA.2.64 OR BA.2.65 OR BA.2.66 OR BA.2.67 OR BA.2.68 OR BA.2.69 OR BA.2.70 OR BA.2.71 OR BA.2.72 OR BA.2.73 OR BA.2.74 OR BA.2.75 OR BA.2.75.1 OR BA.2.75.2 OR BA.2.75.3 OR BA.2.75.4 OR BA.2.75.5 OR BA.2.75.6 OR BA.2.75.7 OR BA.2.75.8 OR BA.2.75.9 OR BA.2.75.10 OR BA.2.76 OR BA.2.76.1 OR BA.2.76.2 OR BA.2.77 OR BA.2.78 OR BA.2.79 OR BA.2.79.1 OR BA.2.80 OR BA.2.81 OR BA.2.82 OR BA.2.83 OR BA.2.85 OR BA.3 OR BA.3.1 OR BA.4 OR BA.4.1 OR BA.4.1.1 OR BA.4.1.2 OR BA.4.1.3 OR BA.4.1.4 OR BA.4.1.5 OR BA.4.1.6 OR BA.4.1.7 OR BA.4.1.8 OR BA.4.1.9 OR BA.4.1.10 OR BA.4.2 OR BA.4.3 OR BA.4.4 OR BA.4.5 OR BA.4.6 OR BA.4.6.1 OR BA.4.6.2 OR BA.4.6.3 OR BA.4.6.4 OR BA.4.6.5 OR BA.4.7 OR BA.4.8 OR BA.5 OR BA.5.1 OR BA.5.1.1 OR BA.5.1.2 OR BA.5.1.3 OR BA.5.1.4 OR BA.5.1.5 OR BA.5.1.6 OR BA.5.1.7 OR BA.5.1.8 OR BA.5.1.9 OR BA.5.1.10 OR BA.5.1.11 OR BA.5.1.12 OR BA.5.1.14 OR BA.5.1.15 OR BA.5.1.16 OR BA.5.1.17 OR BA.5.1.18 OR BA.5.1.19 OR BA.5.1.20 OR BA.5.1.21 OR BA.5.1.22 OR BA.5.1.23 OR BA.5.1.24 OR BA.5.1.25 OR BA.5.1.26 OR BA.5.1.27 OR BA.5.1.28 OR BA.5.1.29 OR BA.5.1.30 OR BA.5.1.31 OR BA.5.1.32 OR BA.5.2 OR BA.5.2.1 OR BA.5.2.2 OR BA.5.2.3 OR BA.5.2.4 OR BA.5.2.5 OR BA.5.2.6 OR BA.5.2.7 OR BA.5.2.8 OR BA.5.2.9 OR BA.5.2.10 OR BA.5.2.11 OR BA.5.2.12 OR BA.5.2.13 OR BA.5.2.14 OR BA.5.2.16 OR BA.5.2.18 OR BA.5.2.19 OR BA.5.2.20 OR BA.5.2.21 OR BA.5.2.22 OR BA.5.2.23 OR BA.5.2.24 OR BA.5.2.25 OR BA.5.2.26 OR BA.5.2.27 OR BA.5.2.28 OR BA.5.2.29 OR BA.5.2.30 OR BA.5.2.31 OR BA.5.2.32 OR BA.5.2.33 OR BA.5.2.34 OR BA.5.2.35 OR BA.5.2.36 OR BA.5.2.37 OR BA.5.2.38 OR BA.5.2.39 OR BA.5.2.40 OR BA.5.2.41 OR BA.5.2.42 OR BA.5.2.43 OR BA.5.2.44 OR BA.5.2.45 OR BA.5.2.46 OR BA.5.2.47 OR BA.5.2.48 OR BA.5.2.49 OR BA.5.3 OR BA.5.3.1 OR BA.5.3.2 OR BA.5.3.3 OR BA.5.3.4 OR BA.5.3.5 OR BA.5.5 OR BA.5.5.1 OR BA.5.5.2 OR BA.5.5.3 OR BA.5.6 OR BA.5.6.1 OR BA.5.6.2 OR BA.5.6.3 OR BA.5.6.4 OR BA.5.7 OR BA.5.8 OR BA.5.9 OR BA.5.10 OR BA.5.10.1 OR BA.5.11 OR BC.1 OR BC.2 OR BD.1 OR BE.1 OR BE.1.1 OR BE.1.1.1 OR BE.1.1.2 OR BE.1.2 OR BE.1.2.1 OR BE.1.3 OR BE.1.4 OR BE.1.4.1 OR BE.1.4.2 OR BE.1.4.3 OR BE.1.4.4 OR BE.2 OR BE.3 OR BE.4 OR BE.4.1 OR BE.4.1.1 OR BE.4.2 OR BE.5 OR BE.6 OR BE.7 OR BE.8 OR BE.9 OR BE.10 OR BF.1 OR BF.1.1 OR BF.2 OR BF.3 OR BF.3.1 OR BF.4 OR BF.5 OR BF.5.1 OR BF.5.2 OR BF.6 OR BF.7 OR BF.7.1 OR BF.7.2 OR BF.7.3 OR BF.7.4 OR BF.7.4.1 OR BF.7.4.2 OR BF.7.5 OR BF.7.5.1 OR BF.7.6 OR BF.7.7 OR BF.7.8 OR BF.7.9 OR BF.7.10 OR BF.7.11 OR BF.7.12 OR BF.7.13 OR BF.7.13.1 OR BF.7.13.2 OR BF.7.14 OR BF.7.15 OR BF.8 OR BF.9 OR BF.10 OR BF.10.1 OR BF.11 OR BF.11.1 OR BF.11.2 OR BF.11.3 OR BF.11.4 OR BF.11.5 OR BF.12 OR BF.13 OR BF.14 OR BF.15 OR BF.16 OR BF.17 OR BF.18 OR BF.19 OR BF.20 OR BF.21 OR BF.22 OR BF.23 OR BF.24 OR BF.25 OR BF.26 OR BF.27 OR BF.28 OR BF.29 OR BF.30 OR BF.31 OR BF.31.1 OR BF.32 OR BF.33 OR BF.34 OR BG.1 OR BG.2 OR BG.3 OR BG.4 OR BG.5 OR BG.6 OR BG.7 OR BH.1 OR BJ.1 OR BK.1 OR BL.1 OR BL.1.1 OR BL.1.2 OR BL.1.3 OR BL.1.4 OR BL.2 OR BL.2.1 OR BL.3 OR BL.4 OR BL.5 OR BL.6 OR BM.1 OR BM.1.1 OR BM.1.1.1 OR BM.1.1.2 OR BM.1.1.3 OR BM.1.1.4 OR BM.1.1.5 OR BM.2 OR BM.2.1 OR BM.2.2 OR BM.2.3 OR BM.3 OR BM.4 OR BM.4.1 OR BM.4.1.1 OR BM.5 OR BM.6 OR BN.1 OR BN.1.1 OR BN.1.1.1 OR BN.1.2 OR BN.1.2.1 OR BN.1.3 OR BN.1.3.1 OR BN.1.3.2 OR BN.1.3.3 OR BN.1.3.4 OR BN.1.4 OR BN.1.4.1 OR BN.1.5 OR BN.1.5.1 OR BN.1.6 OR BN.1.7 OR BN.1.8 OR BN.1.9 OR BN.2 OR BN.2.1 OR BN.3 OR BN.3.1 OR BN.4 OR BN.5 OR BN.6 OR BP.1 OR BQ.1 OR BQ.1.1 OR BQ.1.1.1 OR BQ.1.1.2 OR BQ.1.1.3 OR BQ.1.1.4 OR BQ.1.1.5 OR BQ.1.1.6 OR BQ.1.1.7 OR BQ.1.1.8 OR BQ.1.1.9 OR BQ.1.1.10 OR BQ.1.1.11 OR BQ.1.1.12 OR BQ.1.1.13 OR BQ.1.1.14 OR BQ.1.1.15 OR BQ.1.1.16 OR BQ.1.1.17 OR BQ.1.1.18 OR BQ.1.1.19 OR BQ.1.1.20 OR BQ.1.1.21 OR BQ.1.1.22 OR BQ.1.1.23 OR BQ.1.1.24 OR BQ.1.1.25 OR BQ.1.1.26 OR BQ.1.1.27 OR BQ.1.1.28 OR BQ.1.1.29 OR BQ.1.1.30 OR BQ.1.1.31 OR BQ.1.1.32 OR BQ.1.1.34 OR BQ.1.1.35 OR BQ.1.1.36 OR BQ.1.2 OR BQ.1.3 OR BQ.1.4 OR BQ.1.5 OR BQ.1.6 OR BQ.1.7 OR BQ.1.8 OR BQ.1.8.1 OR BQ.1.8.2 OR BQ.1.9 OR BQ.1.10 OR BQ.1.10.1 OR BQ.1.11 OR BQ.1.12 OR BQ.1.13 OR BQ.1.13.1 OR BQ.1.14 OR BQ.1.15 OR BQ.1.16 OR BQ.1.17 OR BQ.1.18 OR BQ.1.19 OR BQ.1.20 OR BQ.1.21 OR BQ.1.22 OR BQ.1.23 OR BQ.1.24 OR BQ.1.25 OR BQ.1.25.1 OR BQ.1.26 OR BQ.1.26.1 OR BQ.1.27 OR BQ.1.28 OR BQ.2 OR BR.1 OR BR.1.1 OR BR.1.2 OR BR.2 OR BR.2.1 OR BR.3 OR BR.4 OR BS.1 OR BS.1.1 OR BS.1.2 OR BT.1 OR BT.2 OR BU.1 OR BU.2 OR BU.3 OR BV.1 OR BV.2 OR BW.1 OR BW.1.1 OR BY.1 OR BY.1.1 OR BY.1.1.1 OR BY.1.2 OR BY.1.2.1 OR BZ.1 OR CA.1 OR CA.2 OR CA.3 OR CA.3.1 OR CA.4 OR CA.5 OR CA.6 OR CA.7 OR CB.1 OR CC.1 OR CD.1 OR CD.2 OR CE.1 OR CF.1 OR CG.1 OR CH.1 OR CH.1.1 OR CH.1.1.1 OR CH.1.1.2 OR CH.1.1.3 OR CH.1.1.4 OR CH.1.1.5 OR CH.2 OR CH.3 OR CH.3.1 OR CJ.1 OR CJ.1.1 OR CK.1 OR CK.1.1 OR CK.1.2 OR CK.2 OR CK.2.1 OR CK.2.1.1 OR CK.3 OR CL.1 OR CM.1 OR CM.2 OR CM.2.1 OR CM.3 OR CM.4 OR CM.4.1 OR CM.5 OR CM.5.1 OR CM.5.2 OR CM.6 OR CM.6.1 OR CM.7 OR CM.8 OR CM.8.1 OR CM.9 OR CM.10 OR CM.11 OR CM.12 OR CN.1 OR CN.2 OR CP.1 OR CP.1.1 OR CP.1.2 OR CP.1.3 OR CP.2 OR CP.3 OR CP.4 OR CP.5 OR CP.6 OR CQ.1 OR CQ.1.1 OR CQ.2 OR CR.1 OR CR.1.1 OR CR.1.2 OR CR.1.3 OR CR.2 OR CS.1 OR CT.1 OR CU.1 OR CV.1 OR CV.2 OR CW.1 OR CY.1 OR CZ.1 OR DA.1 OR DB.1 OR DB.2 OR DC.1 OR DD.1 OR DE.1 OR DE.2 OR DF.1 OR DF.1.1 OR DG.1 OR DH.1 OR DJ.1 OR DJ.1.1 OR DJ.1.2 OR DJ.1.3 OR DK.1 OR DL.1 OR DM.1 OR DN.1 OR DN.1.1 OR DP.1 OR DQ.1 OR DR.1 OR DS.1 OR DT.1 OR DU.1 OR DV.1,Omicron,3.42857142857143,3,0.875
2022-09-01,2,1,1.8,1.4,0.777777777777778,0.0608302759200974,0.939169724079903,B.1.1.529 OR BA.1 OR BA.1.1 OR BA.1.1.1 OR BA.1.1.2 OR BA.1.1.3 OR BA.1.1.4 OR BA.1.1.5 OR BA.1.1.6 OR BA.1.1.7 OR BA.1.1.8 OR BA.1.1.9 OR BA.1.1.10 OR BA.1.1.11 OR BA.1.1.12 OR BA.1.1.13 OR BA.1.1.14 OR BA.1.1.15 OR BA.1.1.16 OR BA.1.1.17 OR BA.1.1.18 OR BA.1.2 OR BA.1.3 OR BA.1.4 OR BA.1.5 OR BA.1.6 OR BA.1.7 OR BA.1.8 OR BA.1.9 OR BA.1.10 OR BA.1.12 OR BA.1.13 OR BA.1.13.1 OR BA.1.14 OR BA.1.14.1 OR BA.1.14.2 OR BA.1.15 OR BA.1.15.1 OR BA.1.15.2 OR BA.1.15.3 OR BA.1.16 OR BA.1.16.1 OR BA.1.16.2 OR BA.1.17 OR BA.1.17.1 OR BA.1.17.2 OR BA.1.18 OR BA.1.19 OR BA.1.20 OR BA.1.21 OR BA.1.21.1 OR BA.1.22 OR BA.1.23 OR BA.1.24 OR BA.2 OR BA.2.1 OR BA.2.2 OR BA.2.2.1 OR BA.2.3 OR BA.2.3.1 OR BA.2.3.2 OR BA.2.3.4 OR BA.2.3.5 OR BA.2.3.6 OR BA.2.3.7 OR BA.2.3.8 OR BA.2.3.9 OR BA.2.3.10 OR BA.2.3.11 OR BA.2.3.12 OR BA.2.3.13 OR BA.2.3.14 OR BA.2.3.15 OR BA.2.3.16 OR BA.2.3.17 OR BA.2.3.18 OR BA.2.3.19 OR BA.2.3.20 OR BA.2.3.21 OR BA.2.3.22 OR BA.2.4 OR BA.2.5 OR BA.2.6 OR BA.2.7 OR BA.2.8 OR BA.2.9 OR BA.2.9.1 OR BA.2.9.2 OR BA.2.9.3 OR BA.2.9.4 OR BA.2.9.5 OR BA.2.9.6 OR BA.2.9.7 OR BA.2.10 OR BA.2.10.1 OR BA.2.10.2 OR BA.2.10.3 OR BA.2.10.4 OR BA.2.11 OR BA.2.12 OR BA.2.12.1 OR BA.2.12.2 OR BA.2.13 OR BA.2.13.1 OR BA.2.14 OR BA.2.15 OR BA.2.16 OR BA.2.17 OR BA.2.18 OR BA.2.19 OR BA.2.20 OR BA.2.21 OR BA.2.22 OR BA.2.23 OR BA.2.23.1 OR BA.2.24 OR BA.2.25 OR BA.2.25.1 OR BA.2.26 OR BA.2.27 OR BA.2.28 OR BA.2.29 OR BA.2.30 OR BA.2.31 OR BA.2.31.1 OR BA.2.32 OR BA.2.33 OR BA.2.34 OR BA.2.35 OR BA.2.36 OR BA.2.37 OR BA.2.38 OR BA.2.38.1 OR BA.2.38.2 OR BA.2.38.3 OR BA.2.38.4 OR BA.2.39 OR BA.2.40 OR BA.2.40.1 OR BA.2.41 OR BA.2.42 OR BA.2.43 OR BA.2.44 OR BA.2.45 OR BA.2.46 OR BA.2.47 OR BA.2.48 OR BA.2.49 OR BA.2.50 OR BA.2.51 OR BA.2.52 OR BA.2.53 OR BA.2.54 OR BA.2.55 OR BA.2.56 OR BA.2.56.1 OR BA.2.57 OR BA.2.58 OR BA.2.59 OR BA.2.60 OR BA.2.61 OR BA.2.62 OR BA.2.63 OR BA.2.64 OR BA.2.65 OR BA.2.66 OR BA.2.67 OR BA.2.68 OR BA.2.69 OR BA.2.70 OR BA.2.71 OR BA.2.72 OR BA.2.73 OR BA.2.74 OR BA.2.75 OR BA.2.75.1 OR BA.2.75.2 OR BA.2.75.3 OR BA.2.75.4 OR BA.2.75.5 OR BA.2.75.6 OR BA.2.75.7 OR BA.2.75.8 OR BA.2.75.9 OR BA.2.75.10 OR BA.2.76 OR BA.2.76.1 OR BA.2.76.2 OR BA.2.77 OR BA.2.78 OR BA.2.79 OR BA.2.79.1 OR BA.2.80 OR BA.2.81 OR BA.2.82 OR BA.2.83 OR BA.2.85 OR BA.3 OR BA.3.1 OR BA.4 OR BA.4.1 OR BA.4.1.1 OR BA.4.1.2 OR BA.4.1.3 OR BA.4.1.4 OR BA.4.1.5 OR BA.4.1.6 OR BA.4.1.7 OR BA.4.1.8 OR BA.4.1.9 OR BA.4.1.10 OR BA.4.2 OR BA.4.3 OR BA.4.4 OR BA.4.5 OR BA.4.6 OR BA.4.6.1 OR BA.4.6.2 OR BA.4.6.3 OR BA.4.6.4 OR BA.4.6.5 OR BA.4.7 OR BA.4.8 OR BA.5 OR BA.5.1 OR BA.5.1.1 OR BA.5.1.2 OR BA.5.1.3 OR BA.5.1.4 OR BA.5.1.5 OR BA.5.1.6 OR BA.5.1.7 OR BA.5.1.8 OR BA.5.1.9 OR BA.5.1.10 OR BA.5.1.11 OR BA.5.1.12 OR BA.5.1.14 OR BA.5.1.15 OR BA.5.1.16 OR BA.5.1.17 OR BA.5.1.18 OR BA.5.1.19 OR BA.5.1.20 OR BA.5.1.21 OR BA.5.1.22 OR BA.5.1.23 OR BA.5.1.24 OR BA.5.1.25 OR BA.5.1.26 OR BA.5.1.27 OR BA.5.1.28 OR BA.5.1.29 OR BA.5.1.30 OR BA.5.1.31 OR BA.5.1.32 OR BA.5.2 OR BA.5.2.1 OR BA.5.2.2 OR BA.5.2.3 OR BA.5.2.4 OR BA.5.2.5 OR BA.5.2.6 OR BA.5.2.7 OR BA.5.2.8 OR BA.5.2.9 OR BA.5.2.10 OR BA.5.2.11 OR BA.5.2.12 OR BA.5.2.13 OR BA.5.2.14 OR BA.5.2.16 OR BA.5.2.18 OR BA.5.2.19 OR BA.5.2.20 OR BA.5.2.21 OR BA.5.2.22 OR BA.5.2.23 OR BA.5.2.24 OR BA.5.2.25 OR BA.5.2.26 OR BA.5.2.27 OR BA.5.2.28 OR BA.5.2.29 OR BA.5.2.30 OR BA.5.2.31 OR BA.5.2.32 OR BA.5.2.33 OR BA.5.2.34 OR BA.5.2.35 OR BA.5.2.36 OR BA.5.2.37 OR BA.5.2.38 OR BA.5.2.39 OR BA.5.2.40 OR BA.5.2.41 OR BA.5.2.42 OR BA.5.2.43 OR BA.5.2.44 OR BA.5.2.45 OR BA.5.2.46 OR BA.5.2.47 OR BA.5.2.48 OR BA.5.2.49 OR BA.5.3 OR BA.5.3.1 OR BA.5.3.2 OR BA.5.3.3 OR BA.5.3.4 OR BA.5.3.5 OR BA.5.5 OR BA.5.5.1 OR BA.5.5.2 OR BA.5.5.3 OR BA.5.6 OR BA.5.6.1 OR BA.5.6.2 OR BA.5.6.3 OR BA.5.6.4 OR BA.5.7 OR BA.5.8 OR BA.5.9 OR BA.5.10 OR BA.5.10.1 OR BA.5.11 OR BC.1 OR BC.2 OR BD.1 OR BE.1 OR BE.1.1 OR BE.1.1.1 OR BE.1.1.2 OR BE.1.2 OR BE.1.2.1 OR BE.1.3 OR BE.1.4 OR BE.1.4.1 OR BE.1.4.2 OR BE.1.4.3 OR BE.1.4.4 OR BE.2 OR BE.3 OR BE.4 OR BE.4.1 OR BE.4.1.1 OR BE.4.2 OR BE.5 OR BE.6 OR BE.7 OR BE.8 OR BE.9 OR BE.10 OR BF.1 OR BF.1.1 OR BF.2 OR BF.3 OR BF.3.1 OR BF.4 OR BF.5 OR BF.5.1 OR BF.5.2 OR BF.6 OR BF.7 OR BF.7.1 OR BF.7.2 OR BF.7.3 OR BF.7.4 OR BF.7.4.1 OR BF.7.4.2 OR BF.7.5 OR BF.7.5.1 OR BF.7.6 OR BF.7.7 OR BF.7.8 OR BF.7.9 OR BF.7.10 OR BF.7.11 OR BF.7.12 OR BF.7.13 OR BF.7.13.1 OR BF.7.13.2 OR BF.7.14 OR BF.7.15 OR BF.8 OR BF.9 OR BF.10 OR BF.10.1 OR BF.11 OR BF.11.1 OR BF.11.2 OR BF.11.3 OR BF.11.4 OR BF.11.5 OR BF.12 OR BF.13 OR BF.14 OR BF.15 OR BF.16 OR BF.17 OR BF.18 OR BF.19 OR BF.20 OR BF.21 OR BF.22 OR BF.23 OR BF.24 OR BF.25 OR BF.26 OR BF.27 OR BF.28 OR BF.29 OR BF.30 OR BF.31 OR BF.31.1 OR BF.32 OR BF.33 OR BF.34 OR BG.1 OR BG.2 OR BG.3 OR BG.4 OR BG.5 OR BG.6 OR BG.7 OR BH.1 OR BJ.1 OR BK.1 OR BL.1 OR BL.1.1 OR BL.1.2 OR BL.1.3 OR BL.1.4 OR BL.2 OR BL.2.1 OR BL.3 OR BL.4 OR BL.5 OR BL.6 OR BM.1 OR BM.1.1 OR BM.1.1.1 OR BM.1.1.2 OR BM.1.1.3 OR BM.1.1.4 OR BM.1.1.5 OR BM.2 OR BM.2.1 OR BM.2.2 OR BM.2.3 OR BM.3 OR BM.4 OR BM.4.1 OR BM.4.1.1 OR BM.5 OR BM.6 OR BN.1 OR BN.1.1 OR BN.1.1.1 OR BN.1.2 OR BN.1.2.1 OR BN.1.3 OR BN.1.3.1 OR BN.1.3.2 OR BN.1.3.3 OR BN.1.3.4 OR BN.1.4 OR BN.1.4.1 OR BN.1.5 OR BN.1.5.1 OR BN.1.6 OR BN.1.7 OR BN.1.8 OR BN.1.9 OR BN.2 OR BN.2.1 OR BN.3 OR BN.3.1 OR BN.4 OR BN.5 OR BN.6 OR BP.1 OR BQ.1 OR BQ.1.1 OR BQ.1.1.1 OR BQ.1.1.2 OR BQ.1.1.3 OR BQ.1.1.4 OR BQ.1.1.5 OR BQ.1.1.6 OR BQ.1.1.7 OR BQ.1.1.8 OR BQ.1.1.9 OR BQ.1.1.10 OR BQ.1.1.11 OR BQ.1.1.12 OR BQ.1.1.13 OR BQ.1.1.14 OR BQ.1.1.15 OR BQ.1.1.16 OR BQ.1.1.17 OR BQ.1.1.18 OR BQ.1.1.19 OR BQ.1.1.20 OR BQ.1.1.21 OR BQ.1.1.22 OR BQ.1.1.23 OR BQ.1.1.24 OR BQ.1.1.25 OR BQ.1.1.26 OR BQ.1.1.27 OR BQ.1.1.28 OR BQ.1.1.29 OR BQ.1.1.30 OR BQ.1.1.31 OR BQ.1.1.32 OR BQ.1.1.34 OR BQ.1.1.35 OR BQ.1.1.36 OR BQ.1.2 OR BQ.1.3 OR BQ.1.4 OR BQ.1.5 OR BQ.1.6 OR BQ.1.7 OR BQ.1.8 OR BQ.1.8.1 OR BQ.1.8.2 OR BQ.1.9 OR BQ.1.10 OR BQ.1.10.1 OR BQ.1.11 OR BQ.1.12 OR BQ.1.13 OR BQ.1.13.1 OR BQ.1.14 OR BQ.1.15 OR BQ.1.16 OR BQ.1.17 OR BQ.1.18 OR BQ.1.19 OR BQ.1.20 OR BQ.1.21 OR BQ.1.22 OR BQ.1.23 OR BQ.1.24 OR BQ.1.25 OR BQ.1.25.1 OR BQ.1.26 OR BQ.1.26.1 OR BQ.1.27 OR BQ.1.28 OR BQ.2 OR BR.1 OR BR.1.1 OR BR.1.2 OR BR.2 OR BR.2.1 OR BR.3 OR BR.4 OR BS.1 OR BS.1.1 OR BS.1.2 OR BT.1 OR BT.2 OR BU.1 OR BU.2 OR BU.3 OR BV.1 OR BV.2 OR BW.1 OR BW.1.1 OR BY.1 OR BY.1.1 OR BY.1.1.1 OR BY.1.2 OR BY.1.2.1 OR BZ.1 OR CA.1 OR CA.2 OR CA.3 OR CA.3.1 OR CA.4 OR CA.5 OR CA.6 OR CA.7 OR CB.1 OR CC.1 OR CD.1 OR CD.2 OR CE.1 OR CF.1 OR CG.1 OR CH.1 OR CH.1.1 OR CH.1.1.1 OR CH.1.1.2 OR CH.1.1.3 OR CH.1.1.4 OR CH.1.1.5 OR CH.2 OR CH.3 OR CH.3.1 OR CJ.1 OR CJ.1.1 OR CK.1 OR CK.1.1 OR CK.1.2 OR CK.2 OR CK.2.1 OR CK.2.1.1 OR CK.3 OR CL.1 OR CM.1 OR CM.2 OR CM.2.1 OR CM.3 OR CM.4 OR CM.4.1 OR CM.5 OR CM.5.1 OR CM.5.2 OR CM.6 OR CM.6.1 OR CM.7 OR CM.8 OR CM.8.1 OR CM.9 OR CM.10 OR CM.11 OR CM.12 OR CN.1 OR CN.2 OR CP.1 OR CP.1.1 OR CP.1.2 OR CP.1.3 OR CP.2 OR CP.3 OR CP.4 OR CP.5 OR CP.6 OR CQ.1 OR CQ.1.1 OR CQ.2 OR CR.1 OR CR.1.1 OR CR.1.2 OR CR.1.3 OR CR.2 OR CS.1 OR CT.1 OR CU.1 OR CV.1 OR CV.2 OR CW.1 OR CY.1 OR CZ.1 OR DA.1 OR DB.1 OR DB.2 OR DC.1 OR DD.1 OR DE.1 OR DE.2 OR DF.1 OR DF.1.1 OR DG.1 OR DH.1 OR DJ.1 OR DJ.1.1 OR DJ.1.2 OR DJ.1.3 OR DK.1 OR DL.1 OR DM.1 OR DN.1 OR DN.1.1 OR DP.1 OR DQ.1 OR DR.1 OR DS.1 OR DT.1 OR DU.1 OR DV.1,Omicron,3.07142857142857,2.71428571428571,0.883720930232558
2022-09-02,1,1,1.66666666666667,1.33333333333333,0.8,0.0608302759200974,0.939169724079903,B.1.1.529 OR BA.1 OR BA.1.1 OR BA.1.1.1 OR BA.1.1.2 OR BA.1.1.3 OR BA.1.1.4 OR BA.1.1.5 OR BA.1.1.6 OR BA.1.1.7 OR BA.1.1.8 OR BA.1.1.9 OR BA.1.1.10 OR BA.1.1.11 OR BA.1.1.12 OR BA.1.1.13 OR BA.1.1.14 OR BA.1.1.15 OR BA.1.1.16 OR BA.1.1.17 OR BA.1.1.18 OR BA.1.2 OR BA.1.3 OR BA.1.4 OR BA.1.5 OR BA.1.6 OR BA.1.7 OR BA.1.8 OR BA.1.9 OR BA.1.10 OR BA.1.12 OR BA.1.13 OR BA.1.13.1 OR BA.1.14 OR BA.1.14.1 OR BA.1.14.2 OR BA.1.15 OR BA.1.15.1 OR BA.1.15.2 OR BA.1.15.3 OR BA.1.16 OR BA.1.16.1 OR BA.1.16.2 OR BA.1.17 OR BA.1.17.1 OR BA.1.17.2 OR BA.1.18 OR BA.1.19 OR BA.1.20 OR BA.1.21 OR BA.1.21.1 OR BA.1.22 OR BA.1.23 OR BA.1.24 OR BA.2 OR BA.2.1 OR BA.2.2 OR BA.2.2.1 OR BA.2.3 OR BA.2.3.1 OR BA.2.3.2 OR BA.2.3.4 OR BA.2.3.5 OR BA.2.3.6 OR BA.2.3.7 OR BA.2.3.8 OR BA.2.3.9 OR BA.2.3.10 OR BA.2.3.11 OR BA.2.3.12 OR BA.2.3.13 OR BA.2.3.14 OR BA.2.3.15 OR BA.2.3.16 OR BA.2.3.17 OR BA.2.3.18 OR BA.2.3.19 OR BA.2.3.20 OR BA.2.3.21 OR BA.2.3.22 OR BA.2.4 OR BA.2.5 OR BA.2.6 OR BA.2.7 OR BA.2.8 OR BA.2.9 OR BA.2.9.1 OR BA.2.9.2 OR BA.2.9.3 OR BA.2.9.4 OR BA.2.9.5 OR BA.2.9.6 OR BA.2.9.7 OR BA.2.10 OR BA.2.10.1 OR BA.2.10.2 OR BA.2.10.3 OR BA.2.10.4 OR BA.2.11 OR BA.2.12 OR BA.2.12.1 OR BA.2.12.2 OR BA.2.13 OR BA.2.13.1 OR BA.2.14 OR BA.2.15 OR BA.2.16 OR BA.2.17 OR BA.2.18 OR BA.2.19 OR BA.2.20 OR BA.2.21 OR BA.2.22 OR BA.2.23 OR BA.2.23.1 OR BA.2.24 OR BA.2.25 OR BA.2.25.1 OR BA.2.26 OR BA.2.27 OR BA.2.28 OR BA.2.29 OR BA.2.30 OR BA.2.31 OR BA.2.31.1 OR BA.2.32 OR BA.2.33 OR BA.2.34 OR BA.2.35 OR BA.2.36 OR BA.2.37 OR BA.2.38 OR BA.2.38.1 OR BA.2.38.2 OR BA.2.38.3 OR BA.2.38.4 OR BA.2.39 OR BA.2.40 OR BA.2.40.1 OR BA.2.41 OR BA.2.42 OR BA.2.43 OR BA.2.44 OR BA.2.45 OR BA.2.46 OR BA.2.47 OR BA.2.48 OR BA.2.49 OR BA.2.50 OR BA.2.51 OR BA.2.52 OR BA.2.53 OR BA.2.54 OR BA.2.55 OR BA.2.56 OR BA.2.56.1 OR BA.2.57 OR BA.2.58 OR BA.2.59 OR BA.2.60 OR BA.2.61 OR BA.2.62 OR BA.2.63 OR BA.2.64 OR BA.2.65 OR BA.2.66 OR BA.2.67 OR BA.2.68 OR BA.2.69 OR BA.2.70 OR BA.2.71 OR BA.2.72 OR BA.2.73 OR BA.2.74 OR BA.2.75 OR BA.2.75.1 OR BA.2.75.2 OR BA.2.75.3 OR BA.2.75.4 OR BA.2.75.5 OR BA.2.75.6 OR BA.2.75.7 OR BA.2.75.8 OR BA.2.75.9 OR BA.2.75.10 OR BA.2.76 OR BA.2.76.1 OR BA.2.76.2 OR BA.2.77 OR BA.2.78 OR BA.2.79 OR BA.2.79.1 OR BA.2.80 OR BA.2.81 OR BA.2.82 OR BA.2.83 OR BA.2.85 OR BA.3 OR BA.3.1 OR BA.4 OR BA.4.1 OR BA.4.1.1 OR BA.4.1.2 OR BA.4.1.3 OR BA.4.1.4 OR BA.4.1.5 OR BA.4.1.6 OR BA.4.1.7 OR BA.4.1.8 OR BA.4.1.9 OR BA.4.1.10 OR BA.4.2 OR BA.4.3 OR BA.4.4 OR BA.4.5 OR BA.4.6 OR BA.4.6.1 OR BA.4.6.2 OR BA.4.6.3 OR BA.4.6.4 OR BA.4.6.5 OR BA.4.7 OR BA.4.8 OR BA.5 OR BA.5.1 OR BA.5.1.1 OR BA.5.1.2 OR BA.5.1.3 OR BA.5.1.4 OR BA.5.1.5 OR BA.5.1.6 OR BA.5.1.7 OR BA.5.1.8 OR BA.5.1.9 OR BA.5.1.10 OR BA.5.1.11 OR BA.5.1.12 OR BA.5.1.14 OR BA.5.1.15 OR BA.5.1.16 OR BA.5.1.17 OR BA.5.1.18 OR BA.5.1.19 OR BA.5.1.20 OR BA.5.1.21 OR BA.5.1.22 OR BA.5.1.23 OR BA.5.1.24 OR BA.5.1.25 OR BA.5.1.26 OR BA.5.1.27 OR BA.5.1.28 OR BA.5.1.29 OR BA.5.1.30 OR BA.5.1.31 OR BA.5.1.32 OR BA.5.2 OR BA.5.2.1 OR BA.5.2.2 OR BA.5.2.3 OR BA.5.2.4 OR BA.5.2.5 OR BA.5.2.6 OR BA.5.2.7 OR BA.5.2.8 OR BA.5.2.9 OR BA.5.2.10 OR BA.5.2.11 OR BA.5.2.12 OR BA.5.2.13 OR BA.5.2.14 OR BA.5.2.16 OR BA.5.2.18 OR BA.5.2.19 OR BA.5.2.20 OR BA.5.2.21 OR BA.5.2.22 OR BA.5.2.23 OR BA.5.2.24 OR BA.5.2.25 OR BA.5.2.26 OR BA.5.2.27 OR BA.5.2.28 OR BA.5.2.29 OR BA.5.2.30 OR BA.5.2.31 OR BA.5.2.32 OR BA.5.2.33 OR BA.5.2.34 OR BA.5.2.35 OR BA.5.2.36 OR BA.5.2.37 OR BA.5.2.38 OR BA.5.2.39 OR BA.5.2.40 OR BA.5.2.41 OR BA.5.2.42 OR BA.5.2.43 OR BA.5.2.44 OR BA.5.2.45 OR BA.5.2.46 OR BA.5.2.47 OR BA.5.2.48 OR BA.5.2.49 OR BA.5.3 OR BA.5.3.1 OR BA.5.3.2 OR BA.5.3.3 OR BA.5.3.4 OR BA.5.3.5 OR BA.5.5 OR BA.5.5.1 OR BA.5.5.2 OR BA.5.5.3 OR BA.5.6 OR BA.5.6.1 OR BA.5.6.2 OR BA.5.6.3 OR BA.5.6.4 OR BA.5.7 OR BA.5.8 OR BA.5.9 OR BA.5.10 OR BA.5.10.1 OR BA.5.11 OR BC.1 OR BC.2 OR BD.1 OR BE.1 OR BE.1.1 OR BE.1.1.1 OR BE.1.1.2 OR BE.1.2 OR BE.1.2.1 OR BE.1.3 OR BE.1.4 OR BE.1.4.1 OR BE.1.4.2 OR BE.1.4.3 OR BE.1.4.4 OR BE.2 OR BE.3 OR BE.4 OR BE.4.1 OR BE.4.1.1 OR BE.4.2 OR BE.5 OR BE.6 OR BE.7 OR BE.8 OR BE.9 OR BE.10 OR BF.1 OR BF.1.1 OR BF.2 OR BF.3 OR BF.3.1 OR BF.4 OR BF.5 OR BF.5.1 OR BF.5.2 OR BF.6 OR BF.7 OR BF.7.1 OR BF.7.2 OR BF.7.3 OR BF.7.4 OR BF.7.4.1 OR BF.7.4.2 OR BF.7.5 OR BF.7.5.1 OR BF.7.6 OR BF.7.7 OR BF.7.8 OR BF.7.9 OR BF.7.10 OR BF.7.11 OR BF.7.12 OR BF.7.13 OR BF.7.13.1 OR BF.7.13.2 OR BF.7.14 OR BF.7.15 OR BF.8 OR BF.9 OR BF.10 OR BF.10.1 OR BF.11 OR BF.11.1 OR BF.11.2 OR BF.11.3 OR BF.11.4 OR BF.11.5 OR BF.12 OR BF.13 OR BF.14 OR BF.15 OR BF.16 OR BF.17 OR BF.18 OR BF.19 OR BF.20 OR BF.21 OR BF.22 OR BF.23 OR BF.24 OR BF.25 OR BF.26 OR BF.27 OR BF.28 OR BF.29 OR BF.30 OR BF.31 OR BF.31.1 OR BF.32 OR BF.33 OR BF.34 OR BG.1 OR BG.2 OR BG.3 OR BG.4 OR BG.5 OR BG.6 OR BG.7 OR BH.1 OR BJ.1 OR BK.1 OR BL.1 OR BL.1.1 OR BL.1.2 OR BL.1.3 OR BL.1.4 OR BL.2 OR BL.2.1 OR BL.3 OR BL.4 OR BL.5 OR BL.6 OR BM.1 OR BM.1.1 OR BM.1.1.1 OR BM.1.1.2 OR BM.1.1.3 OR BM.1.1.4 OR BM.1.1.5 OR BM.2 OR BM.2.1 OR BM.2.2 OR BM.2.3 OR BM.3 OR BM.4 OR BM.4.1 OR BM.4.1.1 OR BM.5 OR BM.6 OR BN.1 OR BN.1.1 OR BN.1.1.1 OR BN.1.2 OR BN.1.2.1 OR BN.1.3 OR BN.1.3.1 OR BN.1.3.2 OR BN.1.3.3 OR BN.1.3.4 OR BN.1.4 OR BN.1.4.1 OR BN.1.5 OR BN.1.5.1 OR BN.1.6 OR BN.1.7 OR BN.1.8 OR BN.1.9 OR BN.2 OR BN.2.1 OR BN.3 OR BN.3.1 OR BN.4 OR BN.5 OR BN.6 OR BP.1 OR BQ.1 OR BQ.1.1 OR BQ.1.1.1 OR BQ.1.1.2 OR BQ.1.1.3 OR BQ.1.1.4 OR BQ.1.1.5 OR BQ.1.1.6 OR BQ.1.1.7 OR BQ.1.1.8 OR BQ.1.1.9 OR BQ.1.1.10 OR BQ.1.1.11 OR BQ.1.1.12 OR BQ.1.1.13 OR BQ.1.1.14 OR BQ.1.1.15 OR BQ.1.1.16 OR BQ.1.1.17 OR BQ.1.1.18 OR BQ.1.1.19 OR BQ.1.1.20 OR BQ.1.1.21 OR BQ.1.1.22 OR BQ.1.1.23 OR BQ.1.1.24 OR BQ.1.1.25 OR BQ.1.1.26 OR BQ.1.1.27 OR BQ.1.1.28 OR BQ.1.1.29 OR BQ.1.1.30 OR BQ.1.1.31 OR BQ.1.1.32 OR BQ.1.1.34 OR BQ.1.1.35 OR BQ.1.1.36 OR BQ.1.2 OR BQ.1.3 OR BQ.1.4 OR BQ.1.5 OR BQ.1.6 OR BQ.1.7 OR BQ.1.8 OR BQ.1.8.1 OR BQ.1.8.2 OR BQ.1.9 OR BQ.1.10 OR BQ.1.10.1 OR BQ.1.11 OR BQ.1.12 OR BQ.1.13 OR BQ.1.13.1 OR BQ.1.14 OR BQ.1.15 OR BQ.1.16 OR BQ.1.17 OR BQ.1.18 OR BQ.1.19 OR BQ.1.20 OR BQ.1.21 OR BQ.1.22 OR BQ.1.23 OR BQ.1.24 OR BQ.1.25 OR BQ.1.25.1 OR BQ.1.26 OR BQ.1.26.1 OR BQ.1.27 OR BQ.1.28 OR BQ.2 OR BR.1 OR BR.1.1 OR BR.1.2 OR BR.2 OR BR.2.1 OR BR.3 OR BR.4 OR BS.1 OR BS.1.1 OR BS.1.2 OR BT.1 OR BT.2 OR BU.1 OR BU.2 OR BU.3 OR BV.1 OR BV.2 OR BW.1 OR BW.1.1 OR BY.1 OR BY.1.1 OR BY.1.1.1 OR BY.1.2 OR BY.1.2.1 OR BZ.1 OR CA.1 OR CA.2 OR CA.3 OR CA.3.1 OR CA.4 OR CA.5 OR CA.6 OR CA.7 OR CB.1 OR CC.1 OR CD.1 OR CD.2 OR CE.1 OR CF.1 OR CG.1 OR CH.1 OR CH.1.1 OR CH.1.1.1 OR CH.1.1.2 OR CH.1.1.3 OR CH.1.1.4 OR CH.1.1.5 OR CH.2 OR CH.3 OR CH.3.1 OR CJ.1 OR CJ.1.1 OR CK.1 OR CK.1.1 OR CK.1.2 OR CK.2 OR CK.2.1 OR CK.2.1.1 OR CK.3 OR CL.1 OR CM.1 OR CM.2 OR CM.2.1 OR CM.3 OR CM.4 OR CM.4.1 OR CM.5 OR CM.5.1 OR CM.5.2 OR CM.6 OR CM.6.1 OR CM.7 OR CM.8 OR CM.8.1 OR CM.9 OR CM.10 OR CM.11 OR CM.12 OR CN.1 OR CN.2 OR CP.1 OR CP.1.1 OR CP.1.2 OR CP.1.3 OR CP.2 OR CP.3 OR CP.4 OR CP.5 OR CP.6 OR CQ.1 OR CQ.1.1 OR CQ.2 OR CR.1 OR CR.1.1 OR CR.1.2 OR CR.1.3 OR CR.2 OR CS.1 OR CT.1 OR CU.1 OR CV.1 OR CV.2 OR CW.1 OR CY.1 OR CZ.1 OR DA.1 OR DB.1 OR DB.2 OR DC.1 OR DD.1 OR DE.1 OR DE.2 OR DF.1 OR DF.1.1 OR DG.1 OR DH.1 OR DJ.1 OR DJ.1.1 OR DJ.1.2 OR DJ.1.3 OR DK.1 OR DL.1 OR DM.1 OR DN.1 OR DN.1.1 OR DP.1 OR DQ.1 OR DR.1 OR DS.1 OR DT.1 OR DU.1 OR DV.1,Omicron,2.64285714285714,2.35714285714286,0.891891891891892
2022-09-05,1,1,1.2,1,0.833333333333333,0.146746316309575,0.999614419019244,B.1.1.529 OR BA.1 OR BA.1.1 OR BA.1.1.1 OR BA.1.1.2 OR BA.1.1.3 OR BA.1.1.4 OR BA.1.1.5 OR BA.1.1.6 OR BA.1.1.7 OR BA.1.1.8 OR BA.1.1.9 OR BA.1.1.10 OR BA.1.1.11 OR BA.1.1.12 OR BA.1.1.13 OR BA.1.1.14 OR BA.1.1.15 OR BA.1.1.16 OR BA.1.1.17 OR BA.1.1.18 OR BA.1.2 OR BA.1.3 OR BA.1.4 OR BA.1.5 OR BA.1.6 OR BA.1.7 OR BA.1.8 OR BA.1.9 OR BA.1.10 OR BA.1.12 OR BA.1.13 OR BA.1.13.1 OR BA.1.14 OR BA.1.14.1 OR BA.1.14.2 OR BA.1.15 OR BA.1.15.1 OR BA.1.15.2 OR BA.1.15.3 OR BA.1.16 OR BA.1.16.1 OR BA.1.16.2 OR BA.1.17 OR BA.1.17.1 OR BA.1.17.2 OR BA.1.18 OR BA.1.19 OR BA.1.20 OR BA.1.21 OR BA.1.21.1 OR BA.1.22 OR BA.1.23 OR BA.1.24 OR BA.2 OR BA.2.1 OR BA.2.2 OR BA.2.2.1 OR BA.2.3 OR BA.2.3.1 OR BA.2.3.2 OR BA.2.3.4 OR BA.2.3.5 OR BA.2.3.6 OR BA.2.3.7 OR BA.2.3.8 OR BA.2.3.9 OR BA.2.3.10 OR BA.2.3.11 OR BA.2.3.12 OR BA.2.3.13 OR BA.2.3.14 OR BA.2.3.15 OR BA.2.3.16 OR BA.2.3.17 OR BA.2.3.18 OR BA.2.3.19 OR BA.2.3.20 OR BA.2.3.21 OR BA.2.3.22 OR BA.2.4 OR BA.2.5 OR BA.2.6 OR BA.2.7 OR BA.2.8 OR BA.2.9 OR BA.2.9.1 OR BA.2.9.2 OR BA.2.9.3 OR BA.2.9.4 OR BA.2.9.5 OR BA.2.9.6 OR BA.2.9.7 OR BA.2.10 OR BA.2.10.1 OR BA.2.10.2 OR BA.2.10.3 OR BA.2.10.4 OR BA.2.11 OR BA.2.12 OR BA.2.12.1 OR BA.2.12.2 OR BA.2.13 OR BA.2.13.1 OR BA.2.14 OR BA.2.15 OR BA.2.16 OR BA.2.17 OR BA.2.18 OR BA.2.19 OR BA.2.20 OR BA.2.21 OR BA.2.22 OR BA.2.23 OR BA.2.23.1 OR BA.2.24 OR BA.2.25 OR BA.2.25.1 OR BA.2.26 OR BA.2.27 OR BA.2.28 OR BA.2.29 OR BA.2.30 OR BA.2.31 OR BA.2.31.1 OR BA.2.32 OR BA.2.33 OR BA.2.34 OR BA.2.35 OR BA.2.36 OR BA.2.37 OR BA.2.38 OR BA.2.38.1 OR BA.2.38.2 OR BA.2.38.3 OR BA.2.38.4 OR BA.2.39 OR BA.2.40 OR BA.2.40.1 OR BA.2.41 OR BA.2.42 OR BA.2.43 OR BA.2.44 OR BA.2.45 OR BA.2.46 OR BA.2.47 OR BA.2.48 OR BA.2.49 OR BA.2.50 OR BA.2.51 OR BA.2.52 OR BA.2.53 OR BA.2.54 OR BA.2.55 OR BA.2.56 OR BA.2.56.1 OR BA.2.57 OR BA.2.58 OR BA.2.59 OR BA.2.60 OR BA.2.61 OR BA.2.62 OR BA.2.63 OR BA.2.64 OR BA.2.65 OR BA.2.66 OR BA.2.67 OR BA.2.68 OR BA.2.69 OR BA.2.70 OR BA.2.71 OR BA.2.72 OR BA.2.73 OR BA.2.74 OR BA.2.75 OR BA.2.75.1 OR BA.2.75.2 OR BA.2.75.3 OR BA.2.75.4 OR BA.2.75.5 OR BA.2.75.6 OR BA.2.75.7 OR BA.2.75.8 OR BA.2.75.9 OR BA.2.75.10 OR BA.2.76 OR BA.2.76.1 OR BA.2.76.2 OR BA.2.77 OR BA.2.78 OR BA.2.79 OR BA.2.79.1 OR BA.2.80 OR BA.2.81 OR BA.2.82 OR BA.2.83 OR BA.2.85 OR BA.3 OR BA.3.1 OR BA.4 OR BA.4.1 OR BA.4.1.1 OR BA.4.1.2 OR BA.4.1.3 OR BA.4.1.4 OR BA.4.1.5 OR BA.4.1.6 OR BA.4.1.7 OR BA.4.1.8 OR BA.4.1.9 OR BA.4.1.10 OR BA.4.2 OR BA.4.3 OR BA.4.4 OR BA.4.5 OR BA.4.6 OR BA.4.6.1 OR BA.4.6.2 OR BA.4.6.3 OR BA.4.6.4 OR BA.4.6.5 OR BA.4.7 OR BA.4.8 OR BA.5 OR BA.5.1 OR BA.5.1.1 OR BA.5.1.2 OR BA.5.1.3 OR BA.5.1.4 OR BA.5.1.5 OR BA.5.1.6 OR BA.5.1.7 OR BA.5.1.8 OR BA.5.1.9 OR BA.5.1.10 OR BA.5.1.11 OR BA.5.1.12 OR BA.5.1.14 OR BA.5.1.15 OR BA.5.1.16 OR BA.5.1.17 OR BA.5.1.18 OR BA.5.1.19 OR BA.5.1.20 OR BA.5.1.21 OR BA.5.1.22 OR BA.5.1.23 OR BA.5.1.24 OR BA.5.1.25 OR BA.5.1.26 OR BA.5.1.27 OR BA.5.1.28 OR BA.5.1.29 OR BA.5.1.30 OR BA.5.1.31 OR BA.5.1.32 OR BA.5.2 OR BA.5.2.1 OR BA.5.2.2 OR BA.5.2.3 OR BA.5.2.4 OR BA.5.2.5 OR BA.5.2.6 OR BA.5.2.7 OR BA.5.2.8 OR BA.5.2.9 OR BA.5.2.10 OR BA.5.2.11 OR BA.5.2.12 OR BA.5.2.13 OR BA.5.2.14 OR BA.5.2.16 OR BA.5.2.18 OR BA.5.2.19 OR BA.5.2.20 OR BA.5.2.21 OR BA.5.2.22 OR BA.5.2.23 OR BA.5.2.24 OR BA.5.2.25 OR BA.5.2.26 OR BA.5.2.27 OR BA.5.2.28 OR BA.5.2.29 OR BA.5.2.30 OR BA.5.2.31 OR BA.5.2.32 OR BA.5.2.33 OR BA.5.2.34 OR BA.5.2.35 OR BA.5.2.36 OR BA.5.2.37 OR BA.5.2.38 OR BA.5.2.39 OR BA.5.2.40 OR BA.5.2.41 OR BA.5.2.42 OR BA.5.2.43 OR BA.5.2.44 OR BA.5.2.45 OR BA.5.2.46 OR BA.5.2.47 OR BA.5.2.48 OR BA.5.2.49 OR BA.5.3 OR BA.5.3.1 OR BA.5.3.2 OR BA.5.3.3 OR BA.5.3.4 OR BA.5.3.5 OR BA.5.5 OR BA.5.5.1 OR BA.5.5.2 OR BA.5.5.3 OR BA.5.6 OR BA.5.6.1 OR BA.5.6.2 OR BA.5.6.3 OR BA.5.6.4 OR BA.5.7 OR BA.5.8 OR BA.5.9 OR BA.5.10 OR BA.5.10.1 OR BA.5.11 OR BC.1 OR BC.2 OR BD.1 OR BE.1 OR BE.1.1 OR BE.1.1.1 OR BE.1.1.2 OR BE.1.2 OR BE.1.2.1 OR BE.1.3 OR BE.1.4 OR BE.1.4.1 OR BE.1.4.2 OR BE.1.4.3 OR BE.1.4.4 OR BE.2 OR BE.3 OR BE.4 OR BE.4.1 OR BE.4.1.1 OR BE.4.2 OR BE.5 OR BE.6 OR BE.7 OR BE.8 OR BE.9 OR BE.10 OR BF.1 OR BF.1.1 OR BF.2 OR BF.3 OR BF.3.1 OR BF.4 OR BF.5 OR BF.5.1 OR BF.5.2 OR BF.6 OR BF.7 OR BF.7.1 OR BF.7.2 OR BF.7.3 OR BF.7.4 OR BF.7.4.1 OR BF.7.4.2 OR BF.7.5 OR BF.7.5.1 OR BF.7.6 OR BF.7.7 OR BF.7.8 OR BF.7.9 OR BF.7.10 OR BF.7.11 OR BF.7.12 OR BF.7.13 OR BF.7.13.1 OR BF.7.13.2 OR BF.7.14 OR BF.7.15 OR BF.8 OR BF.9 OR BF.10 OR BF.10.1 OR BF.11 OR BF.11.1 OR BF.11.2 OR BF.11.3 OR BF.11.4 OR BF.11.5 OR BF.12 OR BF.13 OR BF.14 OR BF.15 OR BF.16 OR BF.17 OR BF.18 OR BF.19 OR BF.20 OR BF.21 OR BF.22 OR BF.23 OR BF.24 OR BF.25 OR BF.26 OR BF.27 OR BF.28 OR BF.29 OR BF.30 OR BF.31 OR BF.31.1 OR BF.32 OR BF.33 OR BF.34 OR BG.1 OR BG.2 OR BG.3 OR BG.4 OR BG.5 OR BG.6 OR BG.7 OR BH.1 OR BJ.1 OR BK.1 OR BL.1 OR BL.1.1 OR BL.1.2 OR BL.1.3 OR BL.1.4 OR BL.2 OR BL.2.1 OR BL.3 OR BL.4 OR BL.5 OR BL.6 OR BM.1 OR BM.1.1 OR BM.1.1.1 OR BM.1.1.2 OR BM.1.1.3 OR BM.1.1.4 OR BM.1.1.5 OR BM.2 OR BM.2.1 OR BM.2.2 OR BM.2.3 OR BM.3 OR BM.4 OR BM.4.1 OR BM.4.1.1 OR BM.5 OR BM.6 OR BN.1 OR BN.1.1 OR BN.1.1.1 OR BN.1.2 OR BN.1.2.1 OR BN.1.3 OR BN.1.3.1 OR BN.1.3.2 OR BN.1.3.3 OR BN.1.3.4 OR BN.1.4 OR BN.1.4.1 OR BN.1.5 OR BN.1.5.1 OR BN.1.6 OR BN.1.7 OR BN.1.8 OR BN.1.9 OR BN.2 OR BN.2.1 OR BN.3 OR BN.3.1 OR BN.4 OR BN.5 OR BN.6 OR BP.1 OR BQ.1 OR BQ.1.1 OR BQ.1.1.1 OR BQ.1.1.2 OR BQ.1.1.3 OR BQ.1.1.4 OR BQ.1.1.5 OR BQ.1.1.6 OR BQ.1.1.7 OR BQ.1.1.8 OR BQ.1.1.9 OR BQ.1.1.10 OR BQ.1.1.11 OR BQ.1.1.12 OR BQ.1.1.13 OR BQ.1.1.14 OR BQ.1.1.15 OR BQ.1.1.16 OR BQ.1.1.17 OR BQ.1.1.18 OR BQ.1.1.19 OR BQ.1.1.20 OR BQ.1.1.21 OR BQ.1.1.22 OR BQ.1.1.23 OR BQ.1.1.24 OR BQ.1.1.25 OR BQ.1.1.26 OR BQ.1.1.27 OR BQ.1.1.28 OR BQ.1.1.29 OR BQ.1.1.30 OR BQ.1.1.31 OR BQ.1.1.32 OR BQ.1.1.34 OR BQ.1.1.35 OR BQ.1.1.36 OR BQ.1.2 OR BQ.1.3 OR BQ.1.4 OR BQ.1.5 OR BQ.1.6 OR BQ.1.7 OR BQ.1.8 OR BQ.1.8.1 OR BQ.1.8.2 OR BQ.1.9 OR BQ.1.10 OR BQ.1.10.1 OR BQ.1.11 OR BQ.1.12 OR BQ.1.13 OR BQ.1.13.1 OR BQ.1.14 OR BQ.1.15 OR BQ.1.16 OR BQ.1.17 OR BQ.1.18 OR BQ.1.19 OR BQ.1.20 OR BQ.1.21 OR BQ.1.22 OR BQ.1.23 OR BQ.1.24 OR BQ.1.25 OR BQ.1.25.1 OR BQ.1.26 OR BQ.1.26.1 OR BQ.1.27 OR BQ.1.28 OR BQ.2 OR BR.1 OR BR.1.1 OR BR.1.2 OR BR.2 OR BR.2.1 OR BR.3 OR BR.4 OR BS.1 OR BS.1.1 OR BS.1.2 OR BT.1 OR BT.2 OR BU.1 OR BU.2 OR BU.3 OR BV.1 OR BV.2 OR BW.1 OR BW.1.1 OR BY.1 OR BY.1.1 OR BY.1.1.1 OR BY.1.2 OR BY.1.2.1 OR BZ.1 OR CA.1 OR CA.2 OR CA.3 OR CA.3.1 OR CA.4 OR CA.5 OR CA.6 OR CA.7 OR CB.1 OR CC.1 OR CD.1 OR CD.2 OR CE.1 OR CF.1 OR CG.1 OR CH.1 OR CH.1.1 OR CH.1.1.1 OR CH.1.1.2 OR CH.1.1.3 OR CH.1.1.4 OR CH.1.1.5 OR CH.2 OR CH.3 OR CH.3.1 OR CJ.1 OR CJ.1.1 OR CK.1 OR CK.1.1 OR CK.1.2 OR CK.2 OR CK.2.1 OR CK.2.1.1 OR CK.3 OR CL.1 OR CM.1 OR CM.2 OR CM.2.1 OR CM.3 OR CM.4 OR CM.4.1 OR CM.5 OR CM.5.1 OR CM.5.2 OR CM.6 OR CM.6.1 OR CM.7 OR CM.8 OR CM.8.1 OR CM.9 OR CM.10 OR CM.11 OR CM.12 OR CN.1 OR CN.2 OR CP.1 OR CP.1.1 OR CP.1.2 OR CP.1.3 OR CP.2 OR CP.3 OR CP.4 OR CP.5 OR CP.6 OR CQ.1 OR CQ.1.1 OR CQ.2 OR CR.1 OR CR.1.1 OR CR.1.2 OR CR.1.3 OR CR.2 OR CS.1 OR CT.1 OR CU.1 OR CV.1 OR CV.2 OR CW.1 OR CY.1 OR CZ.1 OR DA.1 OR DB.1 OR DB.2 OR DC.1 OR DD.1 OR DE.1 OR DE.2 OR DF.1 OR DF.1.1 OR DG.1 OR DH.1 OR DJ.1 OR DJ.1.1 OR DJ.1.2 OR DJ.1.3 OR DK.1 OR DL.1 OR DM.1 OR DN.1 OR DN.1.1 OR DP.1 OR DQ.1 OR DR.1 OR DS.1 OR DT.1 OR DU.1 OR DV.1,Omicron,2.5,2.21428571428571,0.885714285714286
2022-09-07,1,1,1.25,1,0.8,0.146746316309575,0.999614419019244,B.1.1.529 OR BA.1 OR BA.1.1 OR BA.1.1.1 OR BA.1.1.2 OR BA.1.1.3 OR BA.1.1.4 OR BA.1.1.5 OR BA.1.1.6 OR BA.1.1.7 OR BA.1.1.8 OR BA.1.1.9 OR BA.1.1.10 OR BA.1.1.11 OR BA.1.1.12 OR BA.1.1.13 OR BA.1.1.14 OR BA.1.1.15 OR BA.1.1.16 OR BA.1.1.17 OR BA.1.1.18 OR BA.1.2 OR BA.1.3 OR BA.1.4 OR BA.1.5 OR BA.1.6 OR BA.1.7 OR BA.1.8 OR BA.1.9 OR BA.1.10 OR BA.1.12 OR BA.1.13 OR BA.1.13.1 OR BA.1.14 OR BA.1.14.1 OR BA.1.14.2 OR BA.1.15 OR BA.1.15.1 OR BA.1.15.2 OR BA.1.15.3 OR BA.1.16 OR BA.1.16.1 OR BA.1.16.2 OR BA.1.17 OR BA.1.17.1 OR BA.1.17.2 OR BA.1.18 OR BA.1.19 OR BA.1.20 OR BA.1.21 OR BA.1.21.1 OR BA.1.22 OR BA.1.23 OR BA.1.24 OR BA.2 OR BA.2.1 OR BA.2.2 OR BA.2.2.1 OR BA.2.3 OR BA.2.3.1 OR BA.2.3.2 OR BA.2.3.4 OR BA.2.3.5 OR BA.2.3.6 OR BA.2.3.7 OR BA.2.3.8 OR BA.2.3.9 OR BA.2.3.10 OR BA.2.3.11 OR BA.2.3.12 OR BA.2.3.13 OR BA.2.3.14 OR BA.2.3.15 OR BA.2.3.16 OR BA.2.3.17 OR BA.2.3.18 OR BA.2.3.19 OR BA.2.3.20 OR BA.2.3.21 OR BA.2.3.22 OR BA.2.4 OR BA.2.5 OR BA.2.6 OR BA.2.7 OR BA.2.8 OR BA.2.9 OR BA.2.9.1 OR BA.2.9.2 OR BA.2.9.3 OR BA.2.9.4 OR BA.2.9.5 OR BA.2.9.6 OR BA.2.9.7 OR BA.2.10 OR BA.2.10.1 OR BA.2.10.2 OR BA.2.10.3 OR BA.2.10.4 OR BA.2.11 OR BA.2.12 OR BA.2.12.1 OR BA.2.12.2 OR BA.2.13 OR BA.2.13.1 OR BA.2.14 OR BA.2.15 OR BA.2.16 OR BA.2.17 OR BA.2.18 OR BA.2.19 OR BA.2.20 OR BA.2.21 OR BA.2.22 OR BA.2.23 OR BA.2.23.1 OR BA.2.24 OR BA.2.25 OR BA.2.25.1 OR BA.2.26 OR BA.2.27 OR BA.2.28 OR BA.2.29 OR BA.2.30 OR BA.2.31 OR BA.2.31.1 OR BA.2.32 OR BA.2.33 OR BA.2.34 OR BA.2.35 OR BA.2.36 OR BA.2.37 OR BA.2.38 OR BA.2.38.1 OR BA.2.38.2 OR BA.2.38.3 OR BA.2.38.4 OR BA.2.39 OR BA.2.40 OR BA.2.40.1 OR BA.2.41 OR BA.2.42 OR BA.2.43 OR BA.2.44 OR BA.2.45 OR BA.2.46 OR BA.2.47 OR BA.2.48 OR BA.2.49 OR BA.2.50 OR BA.2.51 OR BA.2.52 OR BA.2.53 OR BA.2.54 OR BA.2.55 OR BA.2.56 OR BA.2.56.1 OR BA.2.57 OR BA.2.58 OR BA.2.59 OR BA.2.60 OR BA.2.61 OR BA.2.62 OR BA.2.63 OR BA.2.64 OR BA.2.65 OR BA.2.66 OR BA.2.67 OR BA.2.68 OR BA.2.69 OR BA.2.70 OR BA.2.71 OR BA.2.72 OR BA.2.73 OR BA.2.74 OR BA.2.75 OR BA.2.75.1 OR BA.2.75.2 OR BA.2.75.3 OR BA.2.75.4 OR BA.2.75.5 OR BA.2.75.6 OR BA.2.75.7 OR BA.2.75.8 OR BA.2.75.9 OR BA.2.75.10 OR BA.2.76 OR BA.2.76.1 OR BA.2.76.2 OR BA.2.77 OR BA.2.78 OR BA.2.79 OR BA.2.79.1 OR BA.2.80 OR BA.2.81 OR BA.2.82 OR BA.2.83 OR BA.2.85 OR BA.3 OR BA.3.1 OR BA.4 OR BA.4.1 OR BA.4.1.1 OR BA.4.1.2 OR BA.4.1.3 OR BA.4.1.4 OR BA.4.1.5 OR BA.4.1.6 OR BA.4.1.7 OR BA.4.1.8 OR BA.4.1.9 OR BA.4.1.10 OR BA.4.2 OR BA.4.3 OR BA.4.4 OR BA.4.5 OR BA.4.6 OR BA.4.6.1 OR BA.4.6.2 OR BA.4.6.3 OR BA.4.6.4 OR BA.4.6.5 OR BA.4.7 OR BA.4.8 OR BA.5 OR BA.5.1 OR BA.5.1.1 OR BA.5.1.2 OR BA.5.1.3 OR BA.5.1.4 OR BA.5.1.5 OR BA.5.1.6 OR BA.5.1.7 OR BA.5.1.8 OR BA.5.1.9 OR BA.5.1.10 OR BA.5.1.11 OR BA.5.1.12 OR BA.5.1.14 OR BA.5.1.15 OR BA.5.1.16 OR BA.5.1.17 OR BA.5.1.18 OR BA.5.1.19 OR BA.5.1.20 OR BA.5.1.21 OR BA.5.1.22 OR BA.5.1.23 OR BA.5.1.24 OR BA.5.1.25 OR BA.5.1.26 OR BA.5.1.27 OR BA.5.1.28 OR BA.5.1.29 OR BA.5.1.30 OR BA.5.1.31 OR BA.5.1.32 OR BA.5.2 OR BA.5.2.1 OR BA.5.2.2 OR BA.5.2.3 OR BA.5.2.4 OR BA.5.2.5 OR BA.5.2.6 OR BA.5.2.7 OR BA.5.2.8 OR BA.5.2.9 OR BA.5.2.10 OR BA.5.2.11 OR BA.5.2.12 OR BA.5.2.13 OR BA.5.2.14 OR BA.5.2.16 OR BA.5.2.18 OR BA.5.2.19 OR BA.5.2.20 OR BA.5.2.21 OR BA.5.2.22 OR BA.5.2.23 OR BA.5.2.24 OR BA.5.2.25 OR BA.5.2.26 OR BA.5.2.27 OR BA.5.2.28 OR BA.5.2.29 OR BA.5.2.30 OR BA.5.2.31 OR BA.5.2.32 OR BA.5.2.33 OR BA.5.2.34 OR BA.5.2.35 OR BA.5.2.36 OR BA.5.2.37 OR BA.5.2.38 OR BA.5.2.39 OR BA.5.2.40 OR BA.5.2.41 OR BA.5.2.42 OR BA.5.2.43 OR BA.5.2.44 OR BA.5.2.45 OR BA.5.2.46 OR BA.5.2.47 OR BA.5.2.48 OR BA.5.2.49 OR BA.5.3 OR BA.5.3.1 OR BA.5.3.2 OR BA.5.3.3 OR BA.5.3.4 OR BA.5.3.5 OR BA.5.5 OR BA.5.5.1 OR BA.5.5.2 OR BA.5.5.3 OR BA.5.6 OR BA.5.6.1 OR BA.5.6.2 OR BA.5.6.3 OR BA.5.6.4 OR BA.5.7 OR BA.5.8 OR BA.5.9 OR BA.5.10 OR BA.5.10.1 OR BA.5.11 OR BC.1 OR BC.2 OR BD.1 OR BE.1 OR BE.1.1 OR BE.1.1.1 OR BE.1.1.2 OR BE.1.2 OR BE.1.2.1 OR BE.1.3 OR BE.1.4 OR BE.1.4.1 OR BE.1.4.2 OR BE.1.4.3 OR BE.1.4.4 OR BE.2 OR BE.3 OR BE.4 OR BE.4.1 OR BE.4.1.1 OR BE.4.2 OR BE.5 OR BE.6 OR BE.7 OR BE.8 OR BE.9 OR BE.10 OR BF.1 OR BF.1.1 OR BF.2 OR BF.3 OR BF.3.1 OR BF.4 OR BF.5 OR BF.5.1 OR BF.5.2 OR BF.6 OR BF.7 OR BF.7.1 OR BF.7.2 OR BF.7.3 OR BF.7.4 OR BF.7.4.1 OR BF.7.4.2 OR BF.7.5 OR BF.7.5.1 OR BF.7.6 OR BF.7.7 OR BF.7.8 OR BF.7.9 OR BF.7.10 OR BF.7.11 OR BF.7.12 OR BF.7.13 OR BF.7.13.1 OR BF.7.13.2 OR BF.7.14 OR BF.7.15 OR BF.8 OR BF.9 OR BF.10 OR BF.10.1 OR BF.11 OR BF.11.1 OR BF.11.2 OR BF.11.3 OR BF.11.4 OR BF.11.5 OR BF.12 OR BF.13 OR BF.14 OR BF.15 OR BF.16 OR BF.17 OR BF.18 OR BF.19 OR BF.20 OR BF.21 OR BF.22 OR BF.23 OR BF.24 OR BF.25 OR BF.26 OR BF.27 OR BF.28 OR BF.29 OR BF.30 OR BF.31 OR BF.31.1 OR BF.32 OR BF.33 OR BF.34 OR BG.1 OR BG.2 OR BG.3 OR BG.4 OR BG.5 OR BG.6 OR BG.7 OR BH.1 OR BJ.1 OR BK.1 OR BL.1 OR BL.1.1 OR BL.1.2 OR BL.1.3 OR BL.1.4 OR BL.2 OR BL.2.1 OR BL.3 OR BL.4 OR BL.5 OR BL.6 OR BM.1 OR BM.1.1 OR BM.1.1.1 OR BM.1.1.2 OR BM.1.1.3 OR BM.1.1.4 OR BM.1.1.5 OR BM.2 OR BM.2.1 OR BM.2.2 OR BM.2.3 OR BM.3 OR BM.4 OR BM.4.1 OR BM.4.1.1 OR BM.5 OR BM.6 OR BN.1 OR BN.1.1 OR BN.1.1.1 OR BN.1.2 OR BN.1.2.1 OR BN.1.3 OR BN.1.3.1 OR BN.1.3.2 OR BN.1.3.3 OR BN.1.3.4 OR BN.1.4 OR BN.1.4.1 OR BN.1.5 OR BN.1.5.1 OR BN.1.6 OR BN.1.7 OR BN.1.8 OR BN.1.9 OR BN.2 OR BN.2.1 OR BN.3 OR BN.3.1 OR BN.4 OR BN.5 OR BN.6 OR BP.1 OR BQ.1 OR BQ.1.1 OR BQ.1.1.1 OR BQ.1.1.2 OR BQ.1.1.3 OR BQ.1.1.4 OR BQ.1.1.5 OR BQ.1.1.6 OR BQ.1.1.7 OR BQ.1.1.8 OR BQ.1.1.9 OR BQ.1.1.10 OR BQ.1.1.11 OR BQ.1.1.12 OR BQ.1.1.13 OR BQ.1.1.14 OR BQ.1.1.15 OR BQ.1.1.16 OR BQ.1.1.17 OR BQ.1.1.18 OR BQ.1.1.19 OR BQ.1.1.20 OR BQ.1.1.21 OR BQ.1.1.22 OR BQ.1.1.23 OR BQ.1.1.24 OR BQ.1.1.25 OR BQ.1.1.26 OR BQ.1.1.27 OR BQ.1.1.28 OR BQ.1.1.29 OR BQ.1.1.30 OR BQ.1.1.31 OR BQ.1.1.32 OR BQ.1.1.34 OR BQ.1.1.35 OR BQ.1.1.36 OR BQ.1.2 OR BQ.1.3 OR BQ.1.4 OR BQ.1.5 OR BQ.1.6 OR BQ.1.7 OR BQ.1.8 OR BQ.1.8.1 OR BQ.1.8.2 OR BQ.1.9 OR BQ.1.10 OR BQ.1.10.1 OR BQ.1.11 OR BQ.1.12 OR BQ.1.13 OR BQ.1.13.1 OR BQ.1.14 OR BQ.1.15 OR BQ.1.16 OR BQ.1.17 OR BQ.1.18 OR BQ.1.19 OR BQ.1.20 OR BQ.1.21 OR BQ.1.22 OR BQ.1.23 OR BQ.1.24 OR BQ.1.25 OR BQ.1.25.1 OR BQ.1.26 OR BQ.1.26.1 OR BQ.1.27 OR BQ.1.28 OR BQ.2 OR BR.1 OR BR.1.1 OR BR.1.2 OR BR.2 OR BR.2.1 OR BR.3 OR BR.4 OR BS.1 OR BS.1.1 OR BS.1.2 OR BT.1 OR BT.2 OR BU.1 OR BU.2 OR BU.3 OR BV.1 OR BV.2 OR BW.1 OR BW.1.1 OR BY.1 OR BY.1.1 OR BY.1.1.1 OR BY.1.2 OR BY.1.2.1 OR BZ.1 OR CA.1 OR CA.2 OR CA.3 OR CA.3.1 OR CA.4 OR CA.5 OR CA.6 OR CA.7 OR CB.1 OR CC.1 OR CD.1 OR CD.2 OR CE.1 OR CF.1 OR CG.1 OR CH.1 OR CH.1.1 OR CH.1.1.1 OR CH.1.1.2 OR CH.1.1.3 OR CH.1.1.4 OR CH.1.1.5 OR CH.2 OR CH.3 OR CH.3.1 OR CJ.1 OR CJ.1.1 OR CK.1 OR CK.1.1 OR CK.1.2 OR CK.2 OR CK.2.1 OR CK.2.1.1 OR CK.3 OR CL.1 OR CM.1 OR CM.2 OR CM.2.1 OR CM.3 OR CM.4 OR CM.4.1 OR CM.5 OR CM.5.1 OR CM.5.2 OR CM.6 OR CM.6.1 OR CM.7 OR CM.8 OR CM.8.1 OR CM.9 OR CM.10 OR CM.11 OR CM.12 OR CN.1 OR CN.2 OR CP.1 OR CP.1.1 OR CP.1.2 OR CP.1.3 OR CP.2 OR CP.3 OR CP.4 OR CP.5 OR CP.6 OR CQ.1 OR CQ.1.1 OR CQ.2 OR CR.1 OR CR.1.1 OR CR.1.2 OR CR.1.3 OR CR.2 OR CS.1 OR CT.1 OR CU.1 OR CV.1 OR CV.2 OR CW.1 OR CY.1 OR CZ.1 OR DA.1 OR DB.1 OR DB.2 OR DC.1 OR DD.1 OR DE.1 OR DE.2 OR DF.1 OR DF.1.1 OR DG.1 OR DH.1 OR DJ.1 OR DJ.1.1 OR DJ.1.2 OR DJ.1.3 OR DK.1 OR DL.1 OR DM.1 OR DN.1 OR DN.1.1 OR DP.1 OR DQ.1 OR DR.1 OR DS.1 OR DT.1 OR DU.1 OR DV.1,Omicron,2.14285714285714,1.85714285714286,0.866666666666667
2022-09-08,2,2,1.25,1.25,1,0.146746316309575,0.999614419019244,B.1.1.529 OR BA.1 OR BA.1.1 OR BA.1.1.1 OR BA.1.1.2 OR BA.1.1.3 OR BA.1.1.4 OR BA.1.1.5 OR BA.1.1.6 OR BA.1.1.7 OR BA.1.1.8 OR BA.1.1.9 OR BA.1.1.10 OR BA.1.1.11 OR BA.1.1.12 OR BA.1.1.13 OR BA.1.1.14 OR BA.1.1.15 OR BA.1.1.16 OR BA.1.1.17 OR BA.1.1.18 OR BA.1.2 OR BA.1.3 OR BA.1.4 OR BA.1.5 OR BA.1.6 OR BA.1.7 OR BA.1.8 OR BA.1.9 OR BA.1.10 OR BA.1.12 OR BA.1.13 OR BA.1.13.1 OR BA.1.14 OR BA.1.14.1 OR BA.1.14.2 OR BA.1.15 OR BA.1.15.1 OR BA.1.15.2 OR BA.1.15.3 OR BA.1.16 OR BA.1.16.1 OR BA.1.16.2 OR BA.1.17 OR BA.1.17.1 OR BA.1.17.2 OR BA.1.18 OR BA.1.19 OR BA.1.20 OR BA.1.21 OR BA.1.21.1 OR BA.1.22 OR BA.1.23 OR BA.1.24 OR BA.2 OR BA.2.1 OR BA.2.2 OR BA.2.2.1 OR BA.2.3 OR BA.2.3.1 OR BA.2.3.2 OR BA.2.3.4 OR BA.2.3.5 OR BA.2.3.6 OR BA.2.3.7 OR BA.2.3.8 OR BA.2.3.9 OR BA.2.3.10 OR BA.2.3.11 OR BA.2.3.12 OR BA.2.3.13 OR BA.2.3.14 OR BA.2.3.15 OR BA.2.3.16 OR BA.2.3.17 OR BA.2.3.18 OR BA.2.3.19 OR BA.2.3.20 OR BA.2.3.21 OR BA.2.3.22 OR BA.2.4 OR BA.2.5 OR BA.2.6 OR BA.2.7 OR BA.2.8 OR BA.2.9 OR BA.2.9.1 OR BA.2.9.2 OR BA.2.9.3 OR BA.2.9.4 OR BA.2.9.5 OR BA.2.9.6 OR BA.2.9.7 OR BA.2.10 OR BA.2.10.1 OR BA.2.10.2 OR BA.2.10.3 OR BA.2.10.4 OR BA.2.11 OR BA.2.12 OR BA.2.12.1 OR BA.2.12.2 OR BA.2.13 OR BA.2.13.1 OR BA.2.14 OR BA.2.15 OR BA.2.16 OR BA.2.17 OR BA.2.18 OR BA.2.19 OR BA.2.20 OR BA.2.21 OR BA.2.22 OR BA.2.23 OR BA.2.23.1 OR BA.2.24 OR BA.2.25 OR BA.2.25.1 OR BA.2.26 OR BA.2.27 OR BA.2.28 OR BA.2.29 OR BA.2.30 OR BA.2.31 OR BA.2.31.1 OR BA.2.32 OR BA.2.33 OR BA.2.34 OR BA.2.35 OR BA.2.36 OR BA.2.37 OR BA.2.38 OR BA.2.38.1 OR BA.2.38.2 OR BA.2.38.3 OR BA.2.38.4 OR BA.2.39 OR BA.2.40 OR BA.2.40.1 OR BA.2.41 OR BA.2.42 OR BA.2.43 OR BA.2.44 OR BA.2.45 OR BA.2.46 OR BA.2.47 OR BA.2.48 OR BA.2.49 OR BA.2.50 OR BA.2.51 OR BA.2.52 OR BA.2.53 OR BA.2.54 OR BA.2.55 OR BA.2.56 OR BA.2.56.1 OR BA.2.57 OR BA.2.58 OR BA.2.59 OR BA.2.60 OR BA.2.61 OR BA.2.62 OR BA.2.63 OR BA.2.64 OR BA.2.65 OR BA.2.66 OR BA.2.67 OR BA.2.68 OR BA.2.69 OR BA.2.70 OR BA.2.71 OR BA.2.72 OR BA.2.73 OR BA.2.74 OR BA.2.75 OR BA.2.75.1 OR BA.2.75.2 OR BA.2.75.3 OR BA.2.75.4 OR BA.2.75.5 OR BA.2.75.6 OR BA.2.75.7 OR BA.2.75.8 OR BA.2.75.9 OR BA.2.75.10 OR BA.2.76 OR BA.2.76.1 OR BA.2.76.2 OR BA.2.77 OR BA.2.78 OR BA.2.79 OR BA.2.79.1 OR BA.2.80 OR BA.2.81 OR BA.2.82 OR BA.2.83 OR BA.2.85 OR BA.3 OR BA.3.1 OR BA.4 OR BA.4.1 OR BA.4.1.1 OR BA.4.1.2 OR BA.4.1.3 OR BA.4.1.4 OR BA.4.1.5 OR BA.4.1.6 OR BA.4.1.7 OR BA.4.1.8 OR BA.4.1.9 OR BA.4.1.10 OR BA.4.2 OR BA.4.3 OR BA.4.4 OR BA.4.5 OR BA.4.6 OR BA.4.6.1 OR BA.4.6.2 OR BA.4.6.3 OR BA.4.6.4 OR BA.4.6.5 OR BA.4.7 OR BA.4.8 OR BA.5 OR BA.5.1 OR BA.5.1.1 OR BA.5.1.2 OR BA.5.1.3 OR BA.5.1.4 OR BA.5.1.5 OR BA.5.1.6 OR BA.5.1.7 OR BA.5.1.8 OR BA.5.1.9 OR BA.5.1.10 OR BA.5.1.11 OR BA.5.1.12 OR BA.5.1.14 OR BA.5.1.15 OR BA.5.1.16 OR BA.5.1.17 OR BA.5.1.18 OR BA.5.1.19 OR BA.5.1.20 OR BA.5.1.21 OR BA.5.1.22 OR BA.5.1.23 OR BA.5.1.24 OR BA.5.1.25 OR BA.5.1.26 OR BA.5.1.27 OR BA.5.1.28 OR BA.5.1.29 OR BA.5.1.30 OR BA.5.1.31 OR BA.5.1.32 OR BA.5.2 OR BA.5.2.1 OR BA.5.2.2 OR BA.5.2.3 OR BA.5.2.4 OR BA.5.2.5 OR BA.5.2.6 OR BA.5.2.7 OR BA.5.2.8 OR BA.5.2.9 OR BA.5.2.10 OR BA.5.2.11 OR BA.5.2.12 OR BA.5.2.13 OR BA.5.2.14 OR BA.5.2.16 OR BA.5.2.18 OR BA.5.2.19 OR BA.5.2.20 OR BA.5.2.21 OR BA.5.2.22 OR BA.5.2.23 OR BA.5.2.24 OR BA.5.2.25 OR BA.5.2.26 OR BA.5.2.27 OR BA.5.2.28 OR BA.5.2.29 OR BA.5.2.30 OR BA.5.2.31 OR BA.5.2.32 OR BA.5.2.33 OR BA.5.2.34 OR BA.5.2.35 OR BA.5.2.36 OR BA.5.2.37 OR BA.5.2.38 OR BA.5.2.39 OR BA.5.2.40 OR BA.5.2.41 OR BA.5.2.42 OR BA.5.2.43 OR BA.5.2.44 OR BA.5.2.45 OR BA.5.2.46 OR BA.5.2.47 OR BA.5.2.48 OR BA.5.2.49 OR BA.5.3 OR BA.5.3.1 OR BA.5.3.2 OR BA.5.3.3 OR BA.5.3.4 OR BA.5.3.5 OR BA.5.5 OR BA.5.5.1 OR BA.5.5.2 OR BA.5.5.3 OR BA.5.6 OR BA.5.6.1 OR BA.5.6.2 OR BA.5.6.3 OR BA.5.6.4 OR BA.5.7 OR BA.5.8 OR BA.5.9 OR BA.5.10 OR BA.5.10.1 OR BA.5.11 OR BC.1 OR BC.2 OR BD.1 OR BE.1 OR BE.1.1 OR BE.1.1.1 OR BE.1.1.2 OR BE.1.2 OR BE.1.2.1 OR BE.1.3 OR BE.1.4 OR BE.1.4.1 OR BE.1.4.2 OR BE.1.4.3 OR BE.1.4.4 OR BE.2 OR BE.3 OR BE.4 OR BE.4.1 OR BE.4.1.1 OR BE.4.2 OR BE.5 OR BE.6 OR BE.7 OR BE.8 OR BE.9 OR BE.10 OR BF.1 OR BF.1.1 OR BF.2 OR BF.3 OR BF.3.1 OR BF.4 OR BF.5 OR BF.5.1 OR BF.5.2 OR BF.6 OR BF.7 OR BF.7.1 OR BF.7.2 OR BF.7.3 OR BF.7.4 OR BF.7.4.1 OR BF.7.4.2 OR BF.7.5 OR BF.7.5.1 OR BF.7.6 OR BF.7.7 OR BF.7.8 OR BF.7.9 OR BF.7.10 OR BF.7.11 OR BF.7.12 OR BF.7.13 OR BF.7.13.1 OR BF.7.13.2 OR BF.7.14 OR BF.7.15 OR BF.8 OR BF.9 OR BF.10 OR BF.10.1 OR BF.11 OR BF.11.1 OR BF.11.2 OR BF.11.3 OR BF.11.4 OR BF.11.5 OR BF.12 OR BF.13 OR BF.14 OR BF.15 OR BF.16 OR BF.17 OR BF.18 OR BF.19 OR BF.20 OR BF.21 OR BF.22 OR BF.23 OR BF.24 OR BF.25 OR BF.26 OR BF.27 OR BF.28 OR BF.29 OR BF.30 OR BF.31 OR BF.31.1 OR BF.32 OR BF.33 OR BF.34 OR BG.1 OR BG.2 OR BG.3 OR BG.4 OR BG.5 OR BG.6 OR BG.7 OR BH.1 OR BJ.1 OR BK.1 OR BL.1 OR BL.1.1 OR BL.1.2 OR BL.1.3 OR BL.1.4 OR BL.2 OR BL.2.1 OR BL.3 OR BL.4 OR BL.5 OR BL.6 OR BM.1 OR BM.1.1 OR BM.1.1.1 OR BM.1.1.2 OR BM.1.1.3 OR BM.1.1.4 OR BM.1.1.5 OR BM.2 OR BM.2.1 OR BM.2.2 OR BM.2.3 OR BM.3 OR BM.4 OR BM.4.1 OR BM.4.1.1 OR BM.5 OR BM.6 OR BN.1 OR BN.1.1 OR BN.1.1.1 OR BN.1.2 OR BN.1.2.1 OR BN.1.3 OR BN.1.3.1 OR BN.1.3.2 OR BN.1.3.3 OR BN.1.3.4 OR BN.1.4 OR BN.1.4.1 OR BN.1.5 OR BN.1.5.1 OR BN.1.6 OR BN.1.7 OR BN.1.8 OR BN.1.9 OR BN.2 OR BN.2.1 OR BN.3 OR BN.3.1 OR BN.4 OR BN.5 OR BN.6 OR BP.1 OR BQ.1 OR BQ.1.1 OR BQ.1.1.1 OR BQ.1.1.2 OR BQ.1.1.3 OR BQ.1.1.4 OR BQ.1.1.5 OR BQ.1.1.6 OR BQ.1.1.7 OR BQ.1.1.8 OR BQ.1.1.9 OR BQ.1.1.10 OR BQ.1.1.11 OR BQ.1.1.12 OR BQ.1.1.13 OR BQ.1.1.14 OR BQ.1.1.15 OR BQ.1.1.16 OR BQ.1.1.17 OR BQ.1.1.18 OR BQ.1.1.19 OR BQ.1.1.20 OR BQ.1.1.21 OR BQ.1.1.22 OR BQ.1.1.23 OR BQ.1.1.24 OR BQ.1.1.25 OR BQ.1.1.26 OR BQ.1.1.27 OR BQ.1.1.28 OR BQ.1.1.29 OR BQ.1.1.30 OR BQ.1.1.31 OR BQ.1.1.32 OR BQ.1.1.34 OR BQ.1.1.35 OR BQ.1.1.36 OR BQ.1.2 OR BQ.1.3 OR BQ.1.4 OR BQ.1.5 OR BQ.1.6 OR BQ.1.7 OR BQ.1.8 OR BQ.1.8.1 OR BQ.1.8.2 OR BQ.1.9 OR BQ.1.10 OR BQ.1.10.1 OR BQ.1.11 OR BQ.1.12 OR BQ.1.13 OR BQ.1.13.1 OR BQ.1.14 OR BQ.1.15 OR BQ.1.16 OR BQ.1.17 OR BQ.1.18 OR BQ.1.19 OR BQ.1.20 OR BQ.1.21 OR BQ.1.22 OR BQ.1.23 OR BQ.1.24 OR BQ.1.25 OR BQ.1.25.1 OR BQ.1.26 OR BQ.1.26.1 OR BQ.1.27 OR BQ.1.28 OR BQ.2 OR BR.1 OR BR.1.1 OR BR.1.2 OR BR.2 OR BR.2.1 OR BR.3 OR BR.4 OR BS.1 OR BS.1.1 OR BS.1.2 OR BT.1 OR BT.2 OR BU.1 OR BU.2 OR BU.3 OR BV.1 OR BV.2 OR BW.1 OR BW.1.1 OR BY.1 OR BY.1.1 OR BY.1.1.1 OR BY.1.2 OR BY.1.2.1 OR BZ.1 OR CA.1 OR CA.2 OR CA.3 OR CA.3.1 OR CA.4 OR CA.5 OR CA.6 OR CA.7 OR CB.1 OR CC.1 OR CD.1 OR CD.2 OR CE.1 OR CF.1 OR CG.1 OR CH.1 OR CH.1.1 OR CH.1.1.1 OR CH.1.1.2 OR CH.1.1.3 OR CH.1.1.4 OR CH.1.1.5 OR CH.2 OR CH.3 OR CH.3.1 OR CJ.1 OR CJ.1.1 OR CK.1 OR CK.1.1 OR CK.1.2 OR CK.2 OR CK.2.1 OR CK.2.1.1 OR CK.3 OR CL.1 OR CM.1 OR CM.2 OR CM.2.1 OR CM.3 OR CM.4 OR CM.4.1 OR CM.5 OR CM.5.1 OR CM.5.2 OR CM.6 OR CM.6.1 OR CM.7 OR CM.8 OR CM.8.1 OR CM.9 OR CM.10 OR CM.11 OR CM.12 OR CN.1 OR CN.2 OR CP.1 OR CP.1.1 OR CP.1.2 OR CP.1.3 OR CP.2 OR CP.3 OR CP.4 OR CP.5 OR CP.6 OR CQ.1 OR CQ.1.1 OR CQ.2 OR CR.1 OR CR.1.1 OR CR.1.2 OR CR.1.3 OR CR.2 OR CS.1 OR CT.1 OR CU.1 OR CV.1 OR CV.2 OR CW.1 OR CY.1 OR CZ.1 OR DA.1 OR DB.1 OR DB.2 OR DC.1 OR DD.1 OR DE.1 OR DE.2 OR DF.1 OR DF.1.1 OR DG.1 OR DH.1 OR DJ.1 OR DJ.1.1 OR DJ.1.2 OR DJ.1.3 OR DK.1 OR DL.1 OR DM.1 OR DN.1 OR DN.1.1 OR DP.1 OR DQ.1 OR DR.1 OR DS.1 OR DT.1 OR DU.1 OR DV.1,Omicron,2,1.78571428571429,0.892857142857143
