date,total_count,lineage_count,total_count_rolling,lineage_count_rolling,proportion,proportion_ci_lower,proportion_ci_upper,query_key,lineage,total_count_rolling_14,lineage_count_rolling_14,proportion_rolling_14
2020-04-22,8,1,4.33333333333333,0.166666666666667,0.0384615384615385,0.000115332788238275,0.44476261765764,B.1.1.7 OR Q.1 OR Q.2 OR Q.3 OR Q.4 OR Q.5 OR Q.6 OR Q.7 OR Q.8,Alpha,,,
2020-04-23,2,0,3.66666666666667,0.166666666666667,0.0454545454545455,0.000115332788238275,0.44476261765764,B.1.1.7 OR Q.1 OR Q.2 OR Q.3 OR Q.4 OR Q.5 OR Q.6 OR Q.7 OR Q.8,Alpha,,,
2020-04-26,1,0,5,0.25,0.05,9.34206000395449e-05,0.379377142299039,B.1.1.7 OR Q.1 OR Q.2 OR Q.3 OR Q.4 OR Q.5 OR Q.6 OR Q.7 OR Q.8,Alpha,,,
2020-04-27,3,0,4.6,0.2,0.0434782608695652,9.34206000395449e-05,0.379377142299039,B.1.1.7 OR Q.1 OR Q.2 OR Q.3 OR Q.4 OR Q.5 OR Q.6 OR Q.7 OR Q.8,Alpha,,,
2020-04-28,5,0,3.8,0.2,0.0526315789473684,0.000115332788238275,0.44476261765764,B.1.1.7 OR Q.1 OR Q.2 OR Q.3 OR Q.4 OR Q.5 OR Q.6 OR Q.7 OR Q.8,Alpha,,,
2020-04-29,2,0,2.6,0,0,0.000150636025436569,0.535583243042951,B.1.1.7 OR Q.1 OR Q.2 OR Q.3 OR Q.4 OR Q.5 OR Q.6 OR Q.7 OR Q.8,Alpha,,,
2020-04-30,1,0,2.4,0,0,0.000216908470030966,0.666821754401209,B.1.1.7 OR Q.1 OR Q.2 OR Q.3 OR Q.4 OR Q.5 OR Q.6 OR Q.7 OR Q.8,Alpha,,,
2020-05-02,2,0,2.33333333333333,0,0,0.000216908470030966,0.666821754401209,B.1.1.7 OR Q.1 OR Q.2 OR Q.3 OR Q.4 OR Q.5 OR Q.6 OR Q.7 OR Q.8,Alpha,,,
2020-05-04,2,0,2.4,0,0,0.000216908470030966,0.666821754401209,B.1.1.7 OR Q.1 OR Q.2 OR Q.3 OR Q.4 OR Q.5 OR Q.6 OR Q.7 OR Q.8,Alpha,,,
2020-05-05,13,0,4,0,0,0.000115332788238275,0.44476261765764,B.1.1.7 OR Q.1 OR Q.2 OR Q.3 OR Q.4 OR Q.5 OR Q.6 OR Q.7 OR Q.8,Alpha,,,
2020-05-06,1,0,3.8,0,0,0.000115332788238275,0.44476261765764,B.1.1.7 OR Q.1 OR Q.2 OR Q.3 OR Q.4 OR Q.5 OR Q.6 OR Q.7 OR Q.8,Alpha,,,
2020-05-08,2,0,4,0,0,0.000115332788238275,0.44476261765764,B.1.1.7 OR Q.1 OR Q.2 OR Q.3 OR Q.4 OR Q.5 OR Q.6 OR Q.7 OR Q.8,Alpha,,,
2020-05-09,2,0,4,0,0,0.000115332788238275,0.44476261765764,B.1.1.7 OR Q.1 OR Q.2 OR Q.3 OR Q.4 OR Q.5 OR Q.6 OR Q.7 OR Q.8,Alpha,,,
2020-05-10,28,0,8,0,0,5.94903028944023e-05,0.262217248717186,B.1.1.7 OR Q.1 OR Q.2 OR Q.3 OR Q.4 OR Q.5 OR Q.6 OR Q.7 OR Q.8,Alpha,5.14285714285714,0.0714285714285714,0.0138888888888889
2020-05-12,8,0,8.2,0,0,5.94903028944023e-05,0.262217248717186,B.1.1.7 OR Q.1 OR Q.2 OR Q.3 OR Q.4 OR Q.5 OR Q.6 OR Q.7 OR Q.8,Alpha,5.14285714285714,0,0
2020-05-13,1,0,8.2,0,0,5.94903028944023e-05,0.262217248717186,B.1.1.7 OR Q.1 OR Q.2 OR Q.3 OR Q.4 OR Q.5 OR Q.6 OR Q.7 OR Q.8,Alpha,5.07142857142857,0,0
2020-05-16,1,0,9.5,0,0,4.7890433157582e-05,0.217196267509211,B.1.1.7 OR Q.1 OR Q.2 OR Q.3 OR Q.4 OR Q.5 OR Q.6 OR Q.7 OR Q.8,Alpha,5.07142857142857,0,0
2020-05-19,1,0,1,0,0,0.000385580980755901,0.853253683690425,B.1.1.7 OR Q.1 OR Q.2 OR Q.3 OR Q.4 OR Q.5 OR Q.6 OR Q.7 OR Q.8,Alpha,4.92857142857143,0,0
2020-05-20,7,0,3,0,0,0.000150636025436569,0.535583243042951,B.1.1.7 OR Q.1 OR Q.2 OR Q.3 OR Q.4 OR Q.5 OR Q.6 OR Q.7 OR Q.8,Alpha,5.07142857142857,0,0
2020-05-22,8,0,4.25,0,0,0.000115332788238275,0.44476261765764,B.1.1.7 OR Q.1 OR Q.2 OR Q.3 OR Q.4 OR Q.5 OR Q.6 OR Q.7 OR Q.8,Alpha,5.5,0,0
2020-05-25,1,0,4.25,0,0,0.000115332788238275,0.44476261765764,B.1.1.7 OR Q.1 OR Q.2 OR Q.3 OR Q.4 OR Q.5 OR Q.6 OR Q.7 OR Q.8,Alpha,5.5,0,0
2020-05-26,1,0,4.25,0,0,0.000115332788238275,0.44476261765764,B.1.1.7 OR Q.1 OR Q.2 OR Q.3 OR Q.4 OR Q.5 OR Q.6 OR Q.7 OR Q.8,Alpha,5.42857142857143,0,0
2020-06-01,2,0,1.5,0,0,0.000216908470030966,0.666821754401209,B.1.1.7 OR Q.1 OR Q.2 OR Q.3 OR Q.4 OR Q.5 OR Q.6 OR Q.7 OR Q.8,Alpha,5.42857142857143,0,0
2020-06-06,17,0,9.5,0,0,4.7890433157582e-05,0.217196267509211,B.1.1.7 OR Q.1 OR Q.2 OR Q.3 OR Q.4 OR Q.5 OR Q.6 OR Q.7 OR Q.8,Alpha,5.71428571428571,0,0
2020-06-07,2,0,7,0,0,6.76864642438303e-05,0.29243617366231,B.1.1.7 OR Q.1 OR Q.2 OR Q.3 OR Q.4 OR Q.5 OR Q.6 OR Q.7 OR Q.8,Alpha,5.78571428571429,0,0
2020-06-08,1,0,6.66666666666667,0,0,6.76864642438303e-05,0.29243617366231,B.1.1.7 OR Q.1 OR Q.2 OR Q.3 OR Q.4 OR Q.5 OR Q.6 OR Q.7 OR Q.8,Alpha,5.71428571428571,0,0
2020-06-09,2,0,5.5,0,0,7.84998483662081e-05,0.33038890915155,B.1.1.7 OR Q.1 OR Q.2 OR Q.3 OR Q.4 OR Q.5 OR Q.6 OR Q.7 OR Q.8,Alpha,5.71428571428571,0,0
2020-06-15,17,0,9.5,0,0,4.7890433157582e-05,0.217196267509211,B.1.1.7 OR Q.1 OR Q.2 OR Q.3 OR Q.4 OR Q.5 OR Q.6 OR Q.7 OR Q.8,Alpha,4.92857142857143,0,0
2020-06-20,1,0,9,0,0,5.3064053418493e-05,0.237610098632903,B.1.1.7 OR Q.1 OR Q.2 OR Q.3 OR Q.4 OR Q.5 OR Q.6 OR Q.7 OR Q.8,Alpha,4.42857142857143,0,0
2020-08-10,1,0,1,0,0,0.000385580980755901,0.853253683690425,B.1.1.7 OR Q.1 OR Q.2 OR Q.3 OR Q.4 OR Q.5 OR Q.6 OR Q.7 OR Q.8,Alpha,4.42857142857143,0,0
2020-08-28,2,0,2,0,0,0.000216908470030966,0.666821754401209,B.1.1.7 OR Q.1 OR Q.2 OR Q.3 OR Q.4 OR Q.5 OR Q.6 OR Q.7 OR Q.8,Alpha,4.5,0,0
2020-08-30,1,0,1.5,0,0,0.000216908470030966,0.666821754401209,B.1.1.7 OR Q.1 OR Q.2 OR Q.3 OR Q.4 OR Q.5 OR Q.6 OR Q.7 OR Q.8,Alpha,4.5,0,0
2020-09-04,1,0,1,0,0,0.000385580980755901,0.853253683690425,B.1.1.7 OR Q.1 OR Q.2 OR Q.3 OR Q.4 OR Q.5 OR Q.6 OR Q.7 OR Q.8,Alpha,4.07142857142857,0,0
2020-09-05,2,0,1.33333333333333,0,0,0.000385580980755901,0.853253683690425,B.1.1.7 OR Q.1 OR Q.2 OR Q.3 OR Q.4 OR Q.5 OR Q.6 OR Q.7 OR Q.8,Alpha,3.64285714285714,0,0
2020-09-06,1,0,1.33333333333333,0,0,0.000385580980755901,0.853253683690425,B.1.1.7 OR Q.1 OR Q.2 OR Q.3 OR Q.4 OR Q.5 OR Q.6 OR Q.7 OR Q.8,Alpha,3.64285714285714,0,0
2020-09-09,1,0,1.25,0,0,0.000385580980755901,0.853253683690425,B.1.1.7 OR Q.1 OR Q.2 OR Q.3 OR Q.4 OR Q.5 OR Q.6 OR Q.7 OR Q.8,Alpha,3.64285714285714,0,0
2020-09-12,1,0,1,0,0,0.000385580980755901,0.853253683690425,B.1.1.7 OR Q.1 OR Q.2 OR Q.3 OR Q.4 OR Q.5 OR Q.6 OR Q.7 OR Q.8,Alpha,3.57142857142857,0,0
2020-09-17,1,0,1,0,0,0.000385580980755901,0.853253683690425,B.1.1.7 OR Q.1 OR Q.2 OR Q.3 OR Q.4 OR Q.5 OR Q.6 OR Q.7 OR Q.8,Alpha,2.42857142857143,0,0
2020-09-20,1,0,1,0,0,0.000385580980755901,0.853253683690425,B.1.1.7 OR Q.1 OR Q.2 OR Q.3 OR Q.4 OR Q.5 OR Q.6 OR Q.7 OR Q.8,Alpha,2.35714285714286,0,0
2020-09-24,2,0,1.5,0,0,0.000216908470030966,0.666821754401209,B.1.1.7 OR Q.1 OR Q.2 OR Q.3 OR Q.4 OR Q.5 OR Q.6 OR Q.7 OR Q.8,Alpha,2.42857142857143,0,0
2020-09-25,1,0,1.33333333333333,0,0,0.000385580980755901,0.853253683690425,B.1.1.7 OR Q.1 OR Q.2 OR Q.3 OR Q.4 OR Q.5 OR Q.6 OR Q.7 OR Q.8,Alpha,2.35714285714286,0,0
2020-09-27,1,0,1.33333333333333,0,0,0.000385580980755901,0.853253683690425,B.1.1.7 OR Q.1 OR Q.2 OR Q.3 OR Q.4 OR Q.5 OR Q.6 OR Q.7 OR Q.8,Alpha,1.21428571428571,0,0
2020-09-30,1,0,1.25,0,0,0.000385580980755901,0.853253683690425,B.1.1.7 OR Q.1 OR Q.2 OR Q.3 OR Q.4 OR Q.5 OR Q.6 OR Q.7 OR Q.8,Alpha,1.21428571428571,0,0
2020-10-04,1,0,1,0,0,0.000385580980755901,0.853253683690425,B.1.1.7 OR Q.1 OR Q.2 OR Q.3 OR Q.4 OR Q.5 OR Q.6 OR Q.7 OR Q.8,Alpha,1.21428571428571,0,0
2020-10-21,1,0,1,0,0,0.000385580980755901,0.853253683690425,B.1.1.7 OR Q.1 OR Q.2 OR Q.3 OR Q.4 OR Q.5 OR Q.6 OR Q.7 OR Q.8,Alpha,1.14285714285714,0,0
2020-10-28,1,0,1,0,0,0.000385580980755901,0.853253683690425,B.1.1.7 OR Q.1 OR Q.2 OR Q.3 OR Q.4 OR Q.5 OR Q.6 OR Q.7 OR Q.8,Alpha,1.14285714285714,0,0
2020-10-29,1,0,1,0,0,0.000385580980755901,0.853253683690425,B.1.1.7 OR Q.1 OR Q.2 OR Q.3 OR Q.4 OR Q.5 OR Q.6 OR Q.7 OR Q.8,Alpha,1.14285714285714,0,0
2020-11-02,1,0,1,0,0,0.000385580980755901,0.853253683690425,B.1.1.7 OR Q.1 OR Q.2 OR Q.3 OR Q.4 OR Q.5 OR Q.6 OR Q.7 OR Q.8,Alpha,1.07142857142857,0,0
2020-11-04,3,0,1.66666666666667,0,0,0.000216908470030966,0.666821754401209,B.1.1.7 OR Q.1 OR Q.2 OR Q.3 OR Q.4 OR Q.5 OR Q.6 OR Q.7 OR Q.8,Alpha,1.21428571428571,0,0
2020-11-06,1,0,1.66666666666667,0,0,0.000216908470030966,0.666821754401209,B.1.1.7 OR Q.1 OR Q.2 OR Q.3 OR Q.4 OR Q.5 OR Q.6 OR Q.7 OR Q.8,Alpha,1.21428571428571,0,0
2020-11-09,3,0,2.33333333333333,0,0,0.000216908470030966,0.666821754401209,B.1.1.7 OR Q.1 OR Q.2 OR Q.3 OR Q.4 OR Q.5 OR Q.6 OR Q.7 OR Q.8,Alpha,1.35714285714286,0,0
2020-11-10,1,0,2,0,0,0.000216908470030966,0.666821754401209,B.1.1.7 OR Q.1 OR Q.2 OR Q.3 OR Q.4 OR Q.5 OR Q.6 OR Q.7 OR Q.8,Alpha,1.35714285714286,0,0
2020-11-15,99,0,34.3333333333333,0,0,1.43362906715572e-05,0.070711630679021,B.1.1.7 OR Q.1 OR Q.2 OR Q.3 OR Q.4 OR Q.5 OR Q.6 OR Q.7 OR Q.8,Alpha,8.35714285714286,0,0
2020-11-16,2,0,34,0,0,1.43362906715572e-05,0.070711630679021,B.1.1.7 OR Q.1 OR Q.2 OR Q.3 OR Q.4 OR Q.5 OR Q.6 OR Q.7 OR Q.8,Alpha,8.35714285714286,0,0
2020-11-20,1,0,34,0,0,1.43362906715572e-05,0.070711630679021,B.1.1.7 OR Q.1 OR Q.2 OR Q.3 OR Q.4 OR Q.5 OR Q.6 OR Q.7 OR Q.8,Alpha,8.35714285714286,0,0
2020-11-23,2,0,1.5,0,0,0.000216908470030966,0.666821754401209,B.1.1.7 OR Q.1 OR Q.2 OR Q.3 OR Q.4 OR Q.5 OR Q.6 OR Q.7 OR Q.8,Alpha,8.42857142857143,0,0
2020-11-24,4,0,2.33333333333333,0,0,0.000216908470030966,0.666821754401209,B.1.1.7 OR Q.1 OR Q.2 OR Q.3 OR Q.4 OR Q.5 OR Q.6 OR Q.7 OR Q.8,Alpha,8.64285714285714,0,0
2020-11-25,11,0,4.5,0,0,0.000115332788238275,0.44476261765764,B.1.1.7 OR Q.1 OR Q.2 OR Q.3 OR Q.4 OR Q.5 OR Q.6 OR Q.7 OR Q.8,Alpha,9.35714285714286,0,0
2020-11-26,5,0,4.6,0,0,9.34206000395449e-05,0.379377142299039,B.1.1.7 OR Q.1 OR Q.2 OR Q.3 OR Q.4 OR Q.5 OR Q.6 OR Q.7 OR Q.8,Alpha,9.64285714285714,0,0
2020-11-27,1,0,4.6,0,0,9.34206000395449e-05,0.379377142299039,B.1.1.7 OR Q.1 OR Q.2 OR Q.3 OR Q.4 OR Q.5 OR Q.6 OR Q.7 OR Q.8,Alpha,9.64285714285714,0,0
2020-11-28,2,0,4.16666666666667,0,0,0.000115332788238275,0.44476261765764,B.1.1.7 OR Q.1 OR Q.2 OR Q.3 OR Q.4 OR Q.5 OR Q.6 OR Q.7 OR Q.8,Alpha,9.71428571428571,0,0
2020-11-29,2,0,3.85714285714286,0,0,0.000115332788238275,0.44476261765764,B.1.1.7 OR Q.1 OR Q.2 OR Q.3 OR Q.4 OR Q.5 OR Q.6 OR Q.7 OR Q.8,Alpha,9.78571428571429,0,0
2020-11-30,1,0,3.71428571428571,0,0,0.000115332788238275,0.44476261765764,B.1.1.7 OR Q.1 OR Q.2 OR Q.3 OR Q.4 OR Q.5 OR Q.6 OR Q.7 OR Q.8,Alpha,9.64285714285714,0,0
2020-12-02,3,0,2.33333333333333,0,0,0.000216908470030966,0.666821754401209,B.1.1.7 OR Q.1 OR Q.2 OR Q.3 OR Q.4 OR Q.5 OR Q.6 OR Q.7 OR Q.8,Alpha,9.78571428571429,0,0
2020-12-03,1,0,1.66666666666667,0,0,0.000216908470030966,0.666821754401209,B.1.1.7 OR Q.1 OR Q.2 OR Q.3 OR Q.4 OR Q.5 OR Q.6 OR Q.7 OR Q.8,Alpha,9.64285714285714,0,0
2020-12-04,1,0,1.66666666666667,0,0,0.000216908470030966,0.666821754401209,B.1.1.7 OR Q.1 OR Q.2 OR Q.3 OR Q.4 OR Q.5 OR Q.6 OR Q.7 OR Q.8,Alpha,9.64285714285714,0,0
2020-12-05,1,0,1.5,0,0,0.000216908470030966,0.666821754401209,B.1.1.7 OR Q.1 OR Q.2 OR Q.3 OR Q.4 OR Q.5 OR Q.6 OR Q.7 OR Q.8,Alpha,2.64285714285714,0,0
2020-12-06,3,0,1.66666666666667,0,0,0.000216908470030966,0.666821754401209,B.1.1.7 OR Q.1 OR Q.2 OR Q.3 OR Q.4 OR Q.5 OR Q.6 OR Q.7 OR Q.8,Alpha,2.71428571428571,0,0
2020-12-07,4,0,2.16666666666667,0,0,0.000216908470030966,0.666821754401209,B.1.1.7 OR Q.1 OR Q.2 OR Q.3 OR Q.4 OR Q.5 OR Q.6 OR Q.7 OR Q.8,Alpha,2.92857142857143,0,0
2020-12-08,5,0,2.57142857142857,0,0,0.000150636025436569,0.535583243042951,B.1.1.7 OR Q.1 OR Q.2 OR Q.3 OR Q.4 OR Q.5 OR Q.6 OR Q.7 OR Q.8,Alpha,3.14285714285714,0,0
2020-12-09,3,0,2.57142857142857,0,0,0.000150636025436569,0.535583243042951,B.1.1.7 OR Q.1 OR Q.2 OR Q.3 OR Q.4 OR Q.5 OR Q.6 OR Q.7 OR Q.8,Alpha,3.07142857142857,0,0
2020-12-10,6,0,3.28571428571429,0,0,0.000150636025436569,0.535583243042951,B.1.1.7 OR Q.1 OR Q.2 OR Q.3 OR Q.4 OR Q.5 OR Q.6 OR Q.7 OR Q.8,Alpha,2.71428571428571,0,0
2020-12-11,6,0,4,0,0,0.000115332788238275,0.44476261765764,B.1.1.7 OR Q.1 OR Q.2 OR Q.3 OR Q.4 OR Q.5 OR Q.6 OR Q.7 OR Q.8,Alpha,2.78571428571429,0,0
2020-12-12,2,0,4.14285714285714,0,0,0.000115332788238275,0.44476261765764,B.1.1.7 OR Q.1 OR Q.2 OR Q.3 OR Q.4 OR Q.5 OR Q.6 OR Q.7 OR Q.8,Alpha,2.85714285714286,0,0
2020-12-13,3,0,4.14285714285714,0,0,0.000115332788238275,0.44476261765764,B.1.1.7 OR Q.1 OR Q.2 OR Q.3 OR Q.4 OR Q.5 OR Q.6 OR Q.7 OR Q.8,Alpha,2.92857142857143,0,0
2020-12-14,5,0,4.28571428571429,0,0,0.000115332788238275,0.44476261765764,B.1.1.7 OR Q.1 OR Q.2 OR Q.3 OR Q.4 OR Q.5 OR Q.6 OR Q.7 OR Q.8,Alpha,3.14285714285714,0,0
2020-12-15,18,0,6.14285714285714,0,0,7.84998483662081e-05,0.33038890915155,B.1.1.7 OR Q.1 OR Q.2 OR Q.3 OR Q.4 OR Q.5 OR Q.6 OR Q.7 OR Q.8,Alpha,4.35714285714286,0,0
2020-12-16,4,0,6.28571428571429,0,0,7.84998483662081e-05,0.33038890915155,B.1.1.7 OR Q.1 OR Q.2 OR Q.3 OR Q.4 OR Q.5 OR Q.6 OR Q.7 OR Q.8,Alpha,4.42857142857143,0,0
2020-12-17,5,0,6.14285714285714,0,0,7.84998483662081e-05,0.33038890915155,B.1.1.7 OR Q.1 OR Q.2 OR Q.3 OR Q.4 OR Q.5 OR Q.6 OR Q.7 OR Q.8,Alpha,4.71428571428571,0,0
2020-12-18,2,0,5.57142857142857,0,0,7.84998483662081e-05,0.33038890915155,B.1.1.7 OR Q.1 OR Q.2 OR Q.3 OR Q.4 OR Q.5 OR Q.6 OR Q.7 OR Q.8,Alpha,4.78571428571429,0,0
2020-12-19,1,0,5.42857142857143,0,0,9.34206000395449e-05,0.379377142299039,B.1.1.7 OR Q.1 OR Q.2 OR Q.3 OR Q.4 OR Q.5 OR Q.6 OR Q.7 OR Q.8,Alpha,4.78571428571429,0,0
2020-12-20,2,0,5.28571428571429,0,0,9.34206000395449e-05,0.379377142299039,B.1.1.7 OR Q.1 OR Q.2 OR Q.3 OR Q.4 OR Q.5 OR Q.6 OR Q.7 OR Q.8,Alpha,4.71428571428571,0,0
2020-12-21,5,0,5.28571428571429,0,0,9.34206000395449e-05,0.379377142299039,B.1.1.7 OR Q.1 OR Q.2 OR Q.3 OR Q.4 OR Q.5 OR Q.6 OR Q.7 OR Q.8,Alpha,4.78571428571429,0,0
2020-12-22,73,1,13.1428571428571,0.142857142857143,0.0108695652173913,3.70519332987658e-05,0.172619445282057,B.1.1.7 OR Q.1 OR Q.2 OR Q.3 OR Q.4 OR Q.5 OR Q.6 OR Q.7 OR Q.8,Alpha,9.64285714285714,0.0714285714285714,0.00740740740740741
2020-12-23,12,0,14.2857142857143,0.142857142857143,0.01,3.44526718020059e-05,0.161553304514194,B.1.1.7 OR Q.1 OR Q.2 OR Q.3 OR Q.4 OR Q.5 OR Q.6 OR Q.7 OR Q.8,Alpha,10.2857142857143,0.0714285714285714,0.00694444444444444
2020-12-24,6,0,14.4285714285714,0.142857142857143,0.0099009900990099,3.44526718020059e-05,0.161553304514194,B.1.1.7 OR Q.1 OR Q.2 OR Q.3 OR Q.4 OR Q.5 OR Q.6 OR Q.7 OR Q.8,Alpha,10.2857142857143,0.0714285714285714,0.00694444444444444
2020-12-25,15,0,16.2857142857143,0.142857142857143,0.0087719298245614,3.02134799780236e-05,0.143184137931445,B.1.1.7 OR Q.1 OR Q.2 OR Q.3 OR Q.4 OR Q.5 OR Q.6 OR Q.7 OR Q.8,Alpha,10.9285714285714,0.0714285714285714,0.0065359477124183
2020-12-26,4,0,16.7142857142857,0.142857142857143,0.00854700854700855,2.84623777231095e-05,0.135478437891688,B.1.1.7 OR Q.1 OR Q.2 OR Q.3 OR Q.4 OR Q.5 OR Q.6 OR Q.7 OR Q.8,Alpha,11.0714285714286,0.0714285714285714,0.00645161290322581
2020-12-27,2,0,16.7142857142857,0.142857142857143,0.00854700854700855,2.84623777231095e-05,0.135478437891688,B.1.1.7 OR Q.1 OR Q.2 OR Q.3 OR Q.4 OR Q.5 OR Q.6 OR Q.7 OR Q.8,Alpha,11,0.0714285714285714,0.00649350649350649
2020-12-30,3,0,6,0,0,7.84998483662081e-05,0.33038890915155,B.1.1.7 OR Q.1 OR Q.2 OR Q.3 OR Q.4 OR Q.5 OR Q.6 OR Q.7 OR Q.8,Alpha,10.8571428571429,0.0714285714285714,0.00657894736842105
2020-12-31,3,0,5.4,0,0,9.34206000395449e-05,0.379377142299039,B.1.1.7 OR Q.1 OR Q.2 OR Q.3 OR Q.4 OR Q.5 OR Q.6 OR Q.7 OR Q.8,Alpha,9.78571428571429,0.0714285714285714,0.0072992700729927
2021-01-01,1,0,2.6,0,0,0.000150636025436569,0.535583243042951,B.1.1.7 OR Q.1 OR Q.2 OR Q.3 OR Q.4 OR Q.5 OR Q.6 OR Q.7 OR Q.8,Alpha,9.57142857142857,0.0714285714285714,0.00746268656716418
2021-01-02,5,0,2.8,0,0,0.000150636025436569,0.535583243042951,B.1.1.7 OR Q.1 OR Q.2 OR Q.3 OR Q.4 OR Q.5 OR Q.6 OR Q.7 OR Q.8,Alpha,9.57142857142857,0.0714285714285714,0.00746268656716418
2021-01-03,5,0,3.4,0,0,0.000150636025436569,0.535583243042951,B.1.1.7 OR Q.1 OR Q.2 OR Q.3 OR Q.4 OR Q.5 OR Q.6 OR Q.7 OR Q.8,Alpha,9.78571428571429,0.0714285714285714,0.0072992700729927
2021-01-04,8,0,4.16666666666667,0,0,0.000115332788238275,0.44476261765764,B.1.1.7 OR Q.1 OR Q.2 OR Q.3 OR Q.4 OR Q.5 OR Q.6 OR Q.7 OR Q.8,Alpha,10.2857142857143,0.0714285714285714,0.00694444444444444
2021-01-05,15,0,5.71428571428571,0,0,7.84998483662081e-05,0.33038890915155,B.1.1.7 OR Q.1 OR Q.2 OR Q.3 OR Q.4 OR Q.5 OR Q.6 OR Q.7 OR Q.8,Alpha,11.2142857142857,0.0714285714285714,0.00636942675159236
2021-01-06,13,0,7.14285714285714,0,0,6.76864642438303e-05,0.29243617366231,B.1.1.7 OR Q.1 OR Q.2 OR Q.3 OR Q.4 OR Q.5 OR Q.6 OR Q.7 OR Q.8,Alpha,11.7857142857143,0.0714285714285714,0.00606060606060606
2021-01-07,5,0,7.42857142857143,0,0,6.76864642438303e-05,0.29243617366231,B.1.1.7 OR Q.1 OR Q.2 OR Q.3 OR Q.4 OR Q.5 OR Q.6 OR Q.7 OR Q.8,Alpha,6.92857142857143,0,0
2021-01-08,11,1,8.85714285714286,0.142857142857143,0.0161290322580645,5.3064053418493e-05,0.237610098632903,B.1.1.7 OR Q.1 OR Q.2 OR Q.3 OR Q.4 OR Q.5 OR Q.6 OR Q.7 OR Q.8,Alpha,6.85714285714286,0.0714285714285714,0.0104166666666667
2021-01-09,7,0,9.14285714285714,0.142857142857143,0.015625,5.3064053418493e-05,0.237610098632903,B.1.1.7 OR Q.1 OR Q.2 OR Q.3 OR Q.4 OR Q.5 OR Q.6 OR Q.7 OR Q.8,Alpha,6.92857142857143,0.0714285714285714,0.0103092783505155
2021-01-10,5,0,9.14285714285714,0.142857142857143,0.015625,5.3064053418493e-05,0.237610098632903,B.1.1.7 OR Q.1 OR Q.2 OR Q.3 OR Q.4 OR Q.5 OR Q.6 OR Q.7 OR Q.8,Alpha,6.21428571428571,0.0714285714285714,0.0114942528735632
2021-01-11,27,3,11.8571428571429,0.571428571428571,0.0481927710843373,0.00914432623414849,0.328495726400588,B.1.1.7 OR Q.1 OR Q.2 OR Q.3 OR Q.4 OR Q.5 OR Q.6 OR Q.7 OR Q.8,Alpha,7.85714285714286,0.285714285714286,0.0363636363636364
2021-01-12,14,2,11.7142857142857,0.857142857142857,0.0731707317073171,0.00914432623414849,0.328495726400588,B.1.1.7 OR Q.1 OR Q.2 OR Q.3 OR Q.4 OR Q.5 OR Q.6 OR Q.7 OR Q.8,Alpha,8.71428571428571,0.428571428571429,0.0491803278688525
2021-01-13,21,4,12.8571428571429,1.42857142857143,0.111111111111111,0.00842965831221387,0.307149489706695,B.1.1.7 OR Q.1 OR Q.2 OR Q.3 OR Q.4 OR Q.5 OR Q.6 OR Q.7 OR Q.8,Alpha,10,0.714285714285714,0.0714285714285714
2021-01-14,11,0,13.7142857142857,1.42857142857143,0.104166666666667,0.00781863073010409,0.288379571008053,B.1.1.7 OR Q.1 OR Q.2 OR Q.3 OR Q.4 OR Q.5 OR Q.6 OR Q.7 OR Q.8,Alpha,10.5714285714286,0.714285714285714,0.0675675675675676
2021-01-15,29,3,16.2857142857143,1.71428571428571,0.105263157894737,0.0269127902154839,0.344175567625113,B.1.1.7 OR Q.1 OR Q.2 OR Q.3 OR Q.4 OR Q.5 OR Q.6 OR Q.7 OR Q.8,Alpha,12.5714285714286,0.928571428571429,0.0738636363636364
2021-01-16,29,5,19.4285714285714,2.42857142857143,0.125,0.0225319523318016,0.296882241811435,B.1.1.7 OR Q.1 OR Q.2 OR Q.3 OR Q.4 OR Q.5 OR Q.6 OR Q.7 OR Q.8,Alpha,14.2857142857143,1.28571428571429,0.09
2021-01-17,1,0,18.8571428571429,2.42857142857143,0.128787878787879,0.0225319523318016,0.296882241811435,B.1.1.7 OR Q.1 OR Q.2 OR Q.3 OR Q.4 OR Q.5 OR Q.6 OR Q.7 OR Q.8,Alpha,14,1.28571428571429,0.0918367346938776
2021-01-18,3,0,15.4285714285714,2,0.12962962962963,0.0287783273201252,0.363417906151022,B.1.1.7 OR Q.1 OR Q.2 OR Q.3 OR Q.4 OR Q.5 OR Q.6 OR Q.7 OR Q.8,Alpha,13.6428571428571,1.28571428571429,0.0942408376963351
2021-01-19,25,0,17,1.71428571428571,0.100840336134454,0.0252745948911315,0.326842012657679,B.1.1.7 OR Q.1 OR Q.2 OR Q.3 OR Q.4 OR Q.5 OR Q.6 OR Q.7 OR Q.8,Alpha,14.3571428571429,1.28571428571429,0.0895522388059702
2021-01-20,54,2,21.7142857142857,1.42857142857143,0.0657894736842105,0.00494909354918625,0.19343736468331,B.1.1.7 OR Q.1 OR Q.2 OR Q.3 OR Q.4 OR Q.5 OR Q.6 OR Q.7 OR Q.8,Alpha,17.2857142857143,1.42857142857143,0.0826446280991736
2021-01-21,29,2,24.2857142857143,1.71428571428571,0.0705882352941176,0.0177246548060779,0.241402973150326,B.1.1.7 OR Q.1 OR Q.2 OR Q.3 OR Q.4 OR Q.5 OR Q.6 OR Q.7 OR Q.8,Alpha,19,1.57142857142857,0.0827067669172932
2021-01-22,13,1,22,1.42857142857143,0.0649350649350649,0.00494909354918625,0.19343736468331,B.1.1.7 OR Q.1 OR Q.2 OR Q.3 OR Q.4 OR Q.5 OR Q.6 OR Q.7 OR Q.8,Alpha,19.1428571428571,1.57142857142857,0.082089552238806
2021-01-23,2,1,18.1428571428571,0.857142857142857,0.047244094488189,0.0060613441653269,0.231611808489526,B.1.1.7 OR Q.1 OR Q.2 OR Q.3 OR Q.4 OR Q.5 OR Q.6 OR Q.7 OR Q.8,Alpha,18.7857142857143,1.64285714285714,0.0874524714828897
2021-01-24,11,1,19.5714285714286,1,0.0510948905109489,0.0054490325814266,0.210818636249265,B.1.1.7 OR Q.1 OR Q.2 OR Q.3 OR Q.4 OR Q.5 OR Q.6 OR Q.7 OR Q.8,Alpha,19.2142857142857,1.71428571428571,0.0892193308550186
2021-01-25,32,3,23.7142857142857,1.42857142857143,0.0602409638554217,0.00453319012727151,0.178694918798973,B.1.1.7 OR Q.1 OR Q.2 OR Q.3 OR Q.4 OR Q.5 OR Q.6 OR Q.7 OR Q.8,Alpha,19.5714285714286,1.71428571428571,0.0875912408759124
2021-01-26,44,7,26.4285714285714,2.42857142857143,0.0918918918918919,0.0163311352471723,0.224584464694791,B.1.1.7 OR Q.1 OR Q.2 OR Q.3 OR Q.4 OR Q.5 OR Q.6 OR Q.7 OR Q.8,Alpha,21.7142857142857,2.07142857142857,0.0953947368421053
2021-01-27,25,7,22.2857142857143,3.14285714285714,0.141025641025641,0.039952508857127,0.320923778386231,B.1.1.7 OR Q.1 OR Q.2 OR Q.3 OR Q.4 OR Q.5 OR Q.6 OR Q.7 OR Q.8,Alpha,22,2.28571428571429,0.103896103896104
2021-01-28,29,4,22.2857142857143,3.42857142857143,0.153846153846154,0.039952508857127,0.320923778386231,B.1.1.7 OR Q.1 OR Q.2 OR Q.3 OR Q.4 OR Q.5 OR Q.6 OR Q.7 OR Q.8,Alpha,23.2857142857143,2.57142857142857,0.110429447852761
2021-01-29,35,5,25.4285714285714,4,0.157303370786517,0.0565204651991122,0.336852768873446,B.1.1.7 OR Q.1 OR Q.2 OR Q.3 OR Q.4 OR Q.5 OR Q.6 OR Q.7 OR Q.8,Alpha,23.7142857142857,2.71428571428571,0.114457831325301
2021-01-30,32,1,29.7142857142857,4,0.134615384615385,0.0467275021848248,0.286528926848262,B.1.1.7 OR Q.1 OR Q.2 OR Q.3 OR Q.4 OR Q.5 OR Q.6 OR Q.7 OR Q.8,Alpha,23.9285714285714,2.42857142857143,0.101492537313433
2021-01-31,10,0,29.5714285714286,3.85714285714286,0.130434782608696,0.0467275021848248,0.286528926848262,B.1.1.7 OR Q.1 OR Q.2 OR Q.3 OR Q.4 OR Q.5 OR Q.6 OR Q.7 OR Q.8,Alpha,24.5714285714286,2.42857142857143,0.0988372093023256
2021-02-01,40,7,30.7142857142857,4.42857142857143,0.144186046511628,0.0451628980055354,0.278202491201752,B.1.1.7 OR Q.1 OR Q.2 OR Q.3 OR Q.4 OR Q.5 OR Q.6 OR Q.7 OR Q.8,Alpha,27.2142857142857,2.92857142857143,0.10761154855643
2021-02-02,38,12,29.8571428571429,5.14285714285714,0.172248803827751,0.066573953567455,0.327427751663461,B.1.1.7 OR Q.1 OR Q.2 OR Q.3 OR Q.4 OR Q.5 OR Q.6 OR Q.7 OR Q.8,Alpha,28.1428571428571,3.78571428571429,0.134517766497462
2021-02-03,39,8,31.8571428571429,5.28571428571429,0.165919282511211,0.0622246467323513,0.309109903509219,B.1.1.7 OR Q.1 OR Q.2 OR Q.3 OR Q.4 OR Q.5 OR Q.6 OR Q.7 OR Q.8,Alpha,27.0714285714286,4.21428571428571,0.155672823218997
2021-02-04,28,5,31.7142857142857,5.42857142857143,0.171171171171171,0.0622246467323513,0.309109903509219,B.1.1.7 OR Q.1 OR Q.2 OR Q.3 OR Q.4 OR Q.5 OR Q.6 OR Q.7 OR Q.8,Alpha,27,4.42857142857143,0.164021164021164
2021-02-05,15,5,28.8571428571429,5.42857142857143,0.188118811881188,0.0689853025031016,0.337416086500951,B.1.1.7 OR Q.1 OR Q.2 OR Q.3 OR Q.4 OR Q.5 OR Q.6 OR Q.7 OR Q.8,Alpha,27.1428571428571,4.71428571428571,0.173684210526316
2021-02-06,15,3,26.4285714285714,5.71428571428571,0.216216216216216,0.10253015898713,0.415201678406716,B.1.1.7 OR Q.1 OR Q.2 OR Q.3 OR Q.4 OR Q.5 OR Q.6 OR Q.7 OR Q.8,Alpha,28.0714285714286,4.85714285714286,0.173027989821883
2021-02-07,10,3,26.4285714285714,6.14285714285714,0.232432432432432,0.10253015898713,0.415201678406716,B.1.1.7 OR Q.1 OR Q.2 OR Q.3 OR Q.4 OR Q.5 OR Q.6 OR Q.7 OR Q.8,Alpha,28,5,0.178571428571429
2021-02-08,71,36,30.8571428571429,10.2857142857143,0.333333333333333,0.179443649961283,0.497148051194565,B.1.1.7 OR Q.1 OR Q.2 OR Q.3 OR Q.4 OR Q.5 OR Q.6 OR Q.7 OR Q.8,Alpha,30.7857142857143,7.35714285714286,0.238979118329466
2021-02-09,49,13,32.4285714285714,10.4285714285714,0.3215859030837,0.173355231505638,0.483871924333725,B.1.1.7 OR Q.1 OR Q.2 OR Q.3 OR Q.4 OR Q.5 OR Q.6 OR Q.7 OR Q.8,Alpha,31.1428571428571,7.78571428571429,0.25
2021-02-10,51,28,34.1428571428571,13.2857142857143,0.389121338912134,0.23399497379286,0.549810398223964,B.1.1.7 OR Q.1 OR Q.2 OR Q.3 OR Q.4 OR Q.5 OR Q.6 OR Q.7 OR Q.8,Alpha,33,9.28571428571429,0.281385281385281
2021-02-11,33,16,34.8571428571429,14.8571428571429,0.426229508196721,0.27568459628628,0.592740570372102,B.1.1.7 OR Q.1 OR Q.2 OR Q.3 OR Q.4 OR Q.5 OR Q.6 OR Q.7 OR Q.8,Alpha,33.2857142857143,10.1428571428571,0.304721030042918
2021-02-12,30,13,37,16,0.432432432432432,0.282869850602649,0.592115684579759,B.1.1.7 OR Q.1 OR Q.2 OR Q.3 OR Q.4 OR Q.5 OR Q.6 OR Q.7 OR Q.8,Alpha,32.9285714285714,10.7142857142857,0.325379609544469
2021-02-13,22,8,38,16.7142857142857,0.43984962406015,0.297972081246476,0.604449798463334,B.1.1.7 OR Q.1 OR Q.2 OR Q.3 OR Q.4 OR Q.5 OR Q.6 OR Q.7 OR Q.8,Alpha,32.2142857142857,11.2142857142857,0.348115299334812
2021-02-14,20,11,39.4285714285714,17.8571428571429,0.452898550724638,0.312515535537187,0.616039427525337,B.1.1.7 OR Q.1 OR Q.2 OR Q.3 OR Q.4 OR Q.5 OR Q.6 OR Q.7 OR Q.8,Alpha,32.9285714285714,12,0.364425162689805
2021-02-15,89,45,42,19.1428571428571,0.45578231292517,0.309208776464636,0.601869405183834,B.1.1.7 OR Q.1 OR Q.2 OR Q.3 OR Q.4 OR Q.5 OR Q.6 OR Q.7 OR Q.8,Alpha,36.4285714285714,14.7142857142857,0.403921568627451
2021-02-16,74,42,45.5714285714286,23.2857142857143,0.510971786833856,0.359214985622286,0.640785014377714,B.1.1.7 OR Q.1 OR Q.2 OR Q.3 OR Q.4 OR Q.5 OR Q.6 OR Q.7 OR Q.8,Alpha,39,16.8571428571429,0.432234432234432
2021-02-17,56,35,46.2857142857143,24.2857142857143,0.524691358024691,0.379762668465555,0.661073989181798,B.1.1.7 OR Q.1 OR Q.2 OR Q.3 OR Q.4 OR Q.5 OR Q.6 OR Q.7 OR Q.8,Alpha,40.2142857142857,18.7857142857143,0.467140319715808
2021-02-18,100,60,55.8571428571429,30.5714285714286,0.547314578005115,0.423417523571285,0.678344908087501,B.1.1.7 OR Q.1 OR Q.2 OR Q.3 OR Q.4 OR Q.5 OR Q.6 OR Q.7 OR Q.8,Alpha,45.3571428571429,22.7142857142857,0.500787401574803
2021-02-19,78,47,62.7142857142857,35.4285714285714,0.564920273348519,0.432664070557553,0.673471483040423,B.1.1.7 OR Q.1 OR Q.2 OR Q.3 OR Q.4 OR Q.5 OR Q.6 OR Q.7 OR Q.8,Alpha,49.8571428571429,25.7142857142857,0.515759312320917
2021-02-20,62,39,68.4285714285714,39.8571428571429,0.582463465553236,0.4696035539299,0.699532379287109,B.1.1.7 OR Q.1 OR Q.2 OR Q.3 OR Q.4 OR Q.5 OR Q.6 OR Q.7 OR Q.8,Alpha,53.2142857142857,28.2857142857143,0.531543624161074
2021-02-21,25,18,69.1428571428572,40.8571428571429,0.590909090909091,0.476438115397868,0.704247897723078,B.1.1.7 OR Q.1 OR Q.2 OR Q.3 OR Q.4 OR Q.5 OR Q.6 OR Q.7 OR Q.8,Alpha,54.2857142857143,29.3571428571429,0.540789473684211
2021-02-22,143,92,76.8571428571429,47.5714285714286,0.618959107806691,0.512226688250913,0.725445058087652,B.1.1.7 OR Q.1 OR Q.2 OR Q.3 OR Q.4 OR Q.5 OR Q.6 OR Q.7 OR Q.8,Alpha,59.4285714285714,33.3571428571429,0.561298076923077
2021-02-23,139,98,86.1428571428571,55.5714285714286,0.645107794361526,0.546764531506177,0.74557752072659,B.1.1.7 OR Q.1 OR Q.2 OR Q.3 OR Q.4 OR Q.5 OR Q.6 OR Q.7 OR Q.8,Alpha,65.8571428571429,39.4285714285714,0.598698481561822
2021-02-24,202,133,107,69.5714285714286,0.650200267022697,0.56092857335841,0.739266574331436,B.1.1.7 OR Q.1 OR Q.2 OR Q.3 OR Q.4 OR Q.5 OR Q.6 OR Q.7 OR Q.8,Alpha,76.6428571428572,46.9285714285714,0.612301957129543
2021-02-25,106,74,107.857142857143,71.5714285714286,0.663576158940397,0.574280830342262,0.750253797244379,B.1.1.7 OR Q.1 OR Q.2 OR Q.3 OR Q.4 OR Q.5 OR Q.6 OR Q.7 OR Q.8,Alpha,81.8571428571429,51.0714285714286,0.6239092495637
2021-02-26,79,57,108,73,0.675925925925926,0.583917491582537,0.758647100986498,B.1.1.7 OR Q.1 OR Q.2 OR Q.3 OR Q.4 OR Q.5 OR Q.6 OR Q.7 OR Q.8,Alpha,85.3571428571429,54.2142857142857,0.635146443514644
2021-02-27,47,38,105.857142857143,72.8571428571429,0.688259109311741,0.596366145542346,0.770847240439574,B.1.1.7 OR Q.1 OR Q.2 OR Q.3 OR Q.4 OR Q.5 OR Q.6 OR Q.7 OR Q.8,Alpha,87.1428571428571,56.3571428571429,0.64672131147541
2021-02-28,18,14,104.857142857143,72.2857142857143,0.689373297002725,0.592804828654209,0.768544337222192,B.1.1.7 OR Q.1 OR Q.2 OR Q.3 OR Q.4 OR Q.5 OR Q.6 OR Q.7 OR Q.8,Alpha,87,56.5714285714286,0.650246305418719
2021-03-01,151,122,106,76.5714285714286,0.722371967654986,0.636288425876304,0.804369620467717,B.1.1.7 OR Q.1 OR Q.2 OR Q.3 OR Q.4 OR Q.5 OR Q.6 OR Q.7 OR Q.8,Alpha,91.4285714285714,62.0714285714286,0.67890625
2021-03-02,238,204,120.142857142857,91.7142857142857,0.763376932223543,0.685244567716367,0.835404862392711,B.1.1.7 OR Q.1 OR Q.2 OR Q.3 OR Q.4 OR Q.5 OR Q.6 OR Q.7 OR Q.8,Alpha,103.142857142857,73.6428571428571,0.71398891966759
2021-03-03,159,126,114,90.7142857142857,0.795739348370927,0.717663486586618,0.863909997505992,B.1.1.7 OR Q.1 OR Q.2 OR Q.3 OR Q.4 OR Q.5 OR Q.6 OR Q.7 OR Q.8,Alpha,110.5,80.1428571428571,0.725274725274725
2021-03-04,112,85,114.857142857143,92.2857142857143,0.803482587064677,0.719985815022527,0.865137474468099,B.1.1.7 OR Q.1 OR Q.2 OR Q.3 OR Q.4 OR Q.5 OR Q.6 OR Q.7 OR Q.8,Alpha,111.357142857143,81.9285714285714,0.735728030788967
2021-03-05,73,59,114,92.5714285714286,0.81203007518797,0.737213162097461,0.878573413806133,B.1.1.7 OR Q.1 OR Q.2 OR Q.3 OR Q.4 OR Q.5 OR Q.6 OR Q.7 OR Q.8,Alpha,111,82.7857142857143,0.745817245817246
2021-03-06,25,20,110.857142857143,90,0.811855670103093,0.730490801504924,0.875172987482843,B.1.1.7 OR Q.1 OR Q.2 OR Q.3 OR Q.4 OR Q.5 OR Q.6 OR Q.7 OR Q.8,Alpha,108.357142857143,81.4285714285714,0.751483190507581
2021-03-07,31,27,112.714285714286,91.8571428571429,0.814955640050697,0.735009794846925,0.877460745073024,B.1.1.7 OR Q.1 OR Q.2 OR Q.3 OR Q.4 OR Q.5 OR Q.6 OR Q.7 OR Q.8,Alpha,108.785714285714,82.0714285714286,0.754432042022324
2021-03-08,170,141,115.428571428571,94.5714285714286,0.819306930693069,0.749163223272454,0.886845027113386,B.1.1.7 OR Q.1 OR Q.2 OR Q.3 OR Q.4 OR Q.5 OR Q.6 OR Q.7 OR Q.8,Alpha,110.714285714286,85.5714285714286,0.772903225806452
2021-03-09,196,176,109.428571428571,90.5714285714286,0.827676240208877,0.756838943310816,0.895388173500102,B.1.1.7 OR Q.1 OR Q.2 OR Q.3 OR Q.4 OR Q.5 OR Q.6 OR Q.7 OR Q.8,Alpha,114.785714285714,91.1428571428571,0.794026135656503
2021-03-10,298,264,129.285714285714,110.285714285714,0.853038674033149,0.784019102177747,0.905799189256991,B.1.1.7 OR Q.1 OR Q.2 OR Q.3 OR Q.4 OR Q.5 OR Q.6 OR Q.7 OR Q.8,Alpha,121.642857142857,100.5,0.826189078097475
2021-03-11,239,220,147.428571428571,129.571428571429,0.878875968992248,0.82527929134573,0.928485769411929,B.1.1.7 OR Q.1 OR Q.2 OR Q.3 OR Q.4 OR Q.5 OR Q.6 OR Q.7 OR Q.8,Alpha,131.142857142857,110.928571428571,0.845860566448802
2021-03-12,216,192,167.857142857143,148.571428571429,0.885106382978723,0.832490467362588,0.928137290550593,B.1.1.7 OR Q.1 OR Q.2 OR Q.3 OR Q.4 OR Q.5 OR Q.6 OR Q.7 OR Q.8,Alpha,140.928571428571,120.571428571429,0.855549923973644
2021-03-13,75,73,175,156.142857142857,0.892244897959184,0.838979645008804,0.931070516346563,B.1.1.7 OR Q.1 OR Q.2 OR Q.3 OR Q.4 OR Q.5 OR Q.6 OR Q.7 OR Q.8,Alpha,142.928571428571,123.071428571429,0.861069465267366
2021-03-14,68,61,180.285714285714,161,0.893026941362916,0.843315606160675,0.93302316034715,B.1.1.7 OR Q.1 OR Q.2 OR Q.3 OR Q.4 OR Q.5 OR Q.6 OR Q.7 OR Q.8,Alpha,146.5,126.428571428571,0.862993661628474
2021-03-15,134,121,175.142857142857,158.142857142857,0.902936378466558,0.852392212556802,0.940144918179246,B.1.1.7 OR Q.1 OR Q.2 OR Q.3 OR Q.4 OR Q.5 OR Q.6 OR Q.7 OR Q.8,Alpha,145.285714285714,126.357142857143,0.869714847590954
2021-03-16,138,126,166.857142857143,151,0.904965753424657,0.852624041272867,0.941913020964945,B.1.1.7 OR Q.1 OR Q.2 OR Q.3 OR Q.4 OR Q.5 OR Q.6 OR Q.7 OR Q.8,Alpha,138.142857142857,120.785714285714,0.87435367114788
2021-03-17,157,147,146.714285714286,134.285714285714,0.915287244401168,0.857623626217615,0.949518618716756,B.1.1.7 OR Q.1 OR Q.2 OR Q.3 OR Q.4 OR Q.5 OR Q.6 OR Q.7 OR Q.8,Alpha,138,122.285714285714,0.886128364389234
2021-03-18,105,101,127.571428571429,117.285714285714,0.919372900335946,0.856212708523783,0.953480223242846,B.1.1.7 OR Q.1 OR Q.2 OR Q.3 OR Q.4 OR Q.5 OR Q.6 OR Q.7 OR Q.8,Alpha,137.5,123.428571428571,0.897662337662338
2021-03-19,190,184,123.857142857143,116.142857142857,0.937716262975778,0.881966571326325,0.969028794528889,B.1.1.7 OR Q.1 OR Q.2 OR Q.3 OR Q.4 OR Q.5 OR Q.6 OR Q.7 OR Q.8,Alpha,145.857142857143,132.357142857143,0.907443682664055
2021-03-20,76,70,124,115.714285714286,0.933179723502304,0.881966571326325,0.969028794528889,B.1.1.7 OR Q.1 OR Q.2 OR Q.3 OR Q.4 OR Q.5 OR Q.6 OR Q.7 OR Q.8,Alpha,149.5,135.928571428571,0.90922121356904
2021-03-21,129,126,132.714285714286,125,0.941872981700753,0.889721446106128,0.971155074913562,B.1.1.7 OR Q.1 OR Q.2 OR Q.3 OR Q.4 OR Q.5 OR Q.6 OR Q.7 OR Q.8,Alpha,156.5,143,0.913738019169329
2021-03-22,286,274,154.428571428571,146.857142857143,0.950971322849214,0.912838507527836,0.979441446137877,B.1.1.7 OR Q.1 OR Q.2 OR Q.3 OR Q.4 OR Q.5 OR Q.6 OR Q.7 OR Q.8,Alpha,164.785714285714,152.5,0.925444299956654
2021-03-23,180,174,160.428571428571,153.714285714286,0.958147818343722,0.924349476176582,0.984198621039597,B.1.1.7 OR Q.1 OR Q.2 OR Q.3 OR Q.4 OR Q.5 OR Q.6 OR Q.7 OR Q.8,Alpha,163.642857142857,152.357142857143,0.931034482758621
2021-03-24,121,113,155.285714285714,148.857142857143,0.958601655933763,0.921963656462953,0.983683848423702,B.1.1.7 OR Q.1 OR Q.2 OR Q.3 OR Q.4 OR Q.5 OR Q.6 OR Q.7 OR Q.8,Alpha,151,141.571428571429,0.93755912961211
2021-03-25,92,89,153.428571428571,147.142857142857,0.95903165735568,0.920966670549417,0.983468423370125,B.1.1.7 OR Q.1 OR Q.2 OR Q.3 OR Q.4 OR Q.5 OR Q.6 OR Q.7 OR Q.8,Alpha,140.5,132.214285714286,0.941026944585663
2021-03-26,58,54,134.571428571429,128.571428571429,0.955414012738854,0.910699121000487,0.981239061130527,B.1.1.7 OR Q.1 OR Q.2 OR Q.3 OR Q.4 OR Q.5 OR Q.6 OR Q.7 OR Q.8,Alpha,129.214285714286,122.357142857143,0.946932006633499
2021-03-27,43,43,129.857142857143,124.714285714286,0.96039603960396,0.917768616962766,0.985175108648691,B.1.1.7 OR Q.1 OR Q.2 OR Q.3 OR Q.4 OR Q.5 OR Q.6 OR Q.7 OR Q.8,Alpha,126.928571428571,120.214285714286,0.947101857062465
2021-03-28,31,31,115.857142857143,111.142857142857,0.959309494451295,0.908122268523871,0.983365345776128,B.1.1.7 OR Q.1 OR Q.2 OR Q.3 OR Q.4 OR Q.5 OR Q.6 OR Q.7 OR Q.8,Alpha,124.285714285714,118.071428571429,0.95
2021-03-29,221,217,106.571428571429,103,0.966487935656837,0.913577281660603,0.987252337855107,B.1.1.7 OR Q.1 OR Q.2 OR Q.3 OR Q.4 OR Q.5 OR Q.6 OR Q.7 OR Q.8,Alpha,130.5,124.928571428571,0.957307060755337
2021-03-30,180,175,106.571428571429,103.142857142857,0.967828418230563,0.913577281660603,0.987252337855107,B.1.1.7 OR Q.1 OR Q.2 OR Q.3 OR Q.4 OR Q.5 OR Q.6 OR Q.7 OR Q.8,Alpha,133.5,128.428571428571,0.962011771000535
2021-03-31,272,266,128.142857142857,125,0.975473801560758,0.938782134168648,0.993355789378015,B.1.1.7 OR Q.1 OR Q.2 OR Q.3 OR Q.4 OR Q.5 OR Q.6 OR Q.7 OR Q.8,Alpha,141.714285714286,136.928571428571,0.966229838709677
2021-04-01,182,179,141,137.857142857143,0.977710233029382,0.94431586065564,0.993972025630345,B.1.1.7 OR Q.1 OR Q.2 OR Q.3 OR Q.4 OR Q.5 OR Q.6 OR Q.7 OR Q.8,Alpha,147.214285714286,142.5,0.967976710334789
2021-04-02,112,111,148.714285714286,146,0.981748318924111,0.947250268478937,0.99429749805279,B.1.1.7 OR Q.1 OR Q.2 OR Q.3 OR Q.4 OR Q.5 OR Q.6 OR Q.7 OR Q.8,Alpha,141.642857142857,137.285714285714,0.969238527483611
2021-04-03,63,63,151.571428571429,148.857142857143,0.982092365692743,0.948272496882504,0.994410668535696,B.1.1.7 OR Q.1 OR Q.2 OR Q.3 OR Q.4 OR Q.5 OR Q.6 OR Q.7 OR Q.8,Alpha,140.714285714286,136.785714285714,0.972081218274112
2021-04-04,8,8,148.285714285714,145.571428571429,0.981695568400771,0.957360647578582,0.997181497300554,B.1.1.7 OR Q.1 OR Q.2 OR Q.3 OR Q.4 OR Q.5 OR Q.6 OR Q.7 OR Q.8,Alpha,132.071428571429,128.357142857143,0.971876690102758
2021-04-05,38,36,122.142857142857,119.714285714286,0.980116959064327,0.9484561088905,0.99657813415687,B.1.1.7 OR Q.1 OR Q.2 OR Q.3 OR Q.4 OR Q.5 OR Q.6 OR Q.7 OR Q.8,Alpha,114.357142857143,111.357142857143,0.973766396002499
2021-04-06,194,192,124.142857142857,122.142857142857,0.983889528193326,0.949271001621368,0.996633569622355,B.1.1.7 OR Q.1 OR Q.2 OR Q.3 OR Q.4 OR Q.5 OR Q.6 OR Q.7 OR Q.8,Alpha,115.357142857143,112.642857142857,0.976470588235294
2021-04-07,255,250,121.714285714286,119.857142857143,0.984741784037559,0.9484561088905,0.99657813415687,B.1.1.7 OR Q.1 OR Q.2 OR Q.3 OR Q.4 OR Q.5 OR Q.6 OR Q.7 OR Q.8,Alpha,124.928571428571,122.428571428571,0.979988564894225
2021-04-08,209,207,125.571428571429,123.857142857143,0.986348122866894,0.950060533644229,0.996687237547002,B.1.1.7 OR Q.1 OR Q.2 OR Q.3 OR Q.4 OR Q.5 OR Q.6 OR Q.7 OR Q.8,Alpha,133.285714285714,130.857142857143,0.981779206859593
2021-04-09,227,220,142,139.428571428571,0.981891348088531,0.944700388756772,0.994014727141189,B.1.1.7 OR Q.1 OR Q.2 OR Q.3 OR Q.4 OR Q.5 OR Q.6 OR Q.7 OR Q.8,Alpha,145.357142857143,142.714285714286,0.981818181818182
2021-04-10,115,114,149.428571428571,146.714285714286,0.981835564053537,0.957642101778067,0.99720048291048,B.1.1.7 OR Q.1 OR Q.2 OR Q.3 OR Q.4 OR Q.5 OR Q.6 OR Q.7 OR Q.8,Alpha,150.5,147.785714285714,0.981964878974846
2021-04-11,54,54,156,153.285714285714,0.982600732600732,0.949575400961988,0.994554755085726,B.1.1.7 OR Q.1 OR Q.2 OR Q.3 OR Q.4 OR Q.5 OR Q.6 OR Q.7 OR Q.8,Alpha,152.142857142857,149.428571428571,0.982159624413146
2021-04-12,224,223,182.571428571429,180,0.985915492957746,0.956902897208773,0.995361827760252,B.1.1.7 OR Q.1 OR Q.2 OR Q.3 OR Q.4 OR Q.5 OR Q.6 OR Q.7 OR Q.8,Alpha,152.357142857143,149.857142857143,0.983591186122832
2021-04-13,251,244,190.714285714286,187.428571428571,0.982771535580524,0.950980828909151,0.99289074171882,B.1.1.7 OR Q.1 OR Q.2 OR Q.3 OR Q.4 OR Q.5 OR Q.6 OR Q.7 OR Q.8,Alpha,157.428571428571,154.785714285714,0.983212341197822
2021-04-14,258,254,191.142857142857,188,0.98355754857997,0.958681957310041,0.995556947615641,B.1.1.7 OR Q.1 OR Q.2 OR Q.3 OR Q.4 OR Q.5 OR Q.6 OR Q.7 OR Q.8,Alpha,156.428571428571,153.928571428571,0.984018264840183
2021-04-15,333,328,208.857142857143,205.285714285714,0.982900136798906,0.95514164796357,0.993506213011791,B.1.1.7 OR Q.1 OR Q.2 OR Q.3 OR Q.4 OR Q.5 OR Q.6 OR Q.7 OR Q.8,Alpha,167.214285714286,164.571428571429,0.984194788551901
2021-04-16,189,189,203.428571428571,200.857142857143,0.987359550561798,0.96877311625966,0.997947186333993,B.1.1.7 OR Q.1 OR Q.2 OR Q.3 OR Q.4 OR Q.5 OR Q.6 OR Q.7 OR Q.8,Alpha,172.714285714286,170.142857142857,0.985111662531017
2021-04-17,277,272,226.571428571429,223.428571428571,0.986128625472888,0.958651449988627,0.994023606758451,B.1.1.7 OR Q.1 OR Q.2 OR Q.3 OR Q.4 OR Q.5 OR Q.6 OR Q.7 OR Q.8,Alpha,188,185.071428571429,0.984422492401216
2021-04-18,189,187,245.857142857143,242.428571428571,0.986054619407321,0.961805903844309,0.994487237595369,B.1.1.7 OR Q.1 OR Q.2 OR Q.3 OR Q.4 OR Q.5 OR Q.6 OR Q.7 OR Q.8,Alpha,200.928571428571,197.857142857143,0.984713828652684
2021-04-19,214,209,244.428571428571,240.428571428571,0.983635300993571,0.961496702640375,0.994441849772187,B.1.1.7 OR Q.1 OR Q.2 OR Q.3 OR Q.4 OR Q.5 OR Q.6 OR Q.7 OR Q.8,Alpha,213.5,210.214285714286,0.984610237537638
2021-04-20,262,254,246,241.857142857143,0.983159117305459,0.961805903844309,0.994487237595369,B.1.1.7 OR Q.1 OR Q.2 OR Q.3 OR Q.4 OR Q.5 OR Q.6 OR Q.7 OR Q.8,Alpha,218.357142857143,214.642857142857,0.982989859339222
2021-04-21,301,291,252.142857142857,247.142857142857,0.980169971671388,0.957062782782888,0.992389776786641,B.1.1.7 OR Q.1 OR Q.2 OR Q.3 OR Q.4 OR Q.5 OR Q.6 OR Q.7 OR Q.8,Alpha,221.642857142857,217.571428571429,0.981630679987109
2021-04-22,232,227,237.714285714286,232.714285714286,0.978966346153846,0.954571463123015,0.991939645448517,B.1.1.7 OR Q.1 OR Q.2 OR Q.3 OR Q.4 OR Q.5 OR Q.6 OR Q.7 OR Q.8,Alpha,223.285714285714,219,0.980806142034549
2021-04-23,224,222,242.714285714286,237.428571428571,0.978222483814008,0.949819846571518,0.989629693687819,B.1.1.7 OR Q.1 OR Q.2 OR Q.3 OR Q.4 OR Q.5 OR Q.6 OR Q.7 OR Q.8,Alpha,223.071428571429,219.142857142857,0.982388728786423
2021-04-24,121,117,220.428571428571,215.285714285714,0.976668826960467,0.950909352245557,0.991276219533424,B.1.1.7 OR Q.1 OR Q.2 OR Q.3 OR Q.4 OR Q.5 OR Q.6 OR Q.7 OR Q.8,Alpha,223.5,219.357142857143,0.981463726430169
2021-04-25,37,37,198.714285714286,193.857142857143,0.975557153127247,0.945813338072754,0.990349526651183,B.1.1.7 OR Q.1 OR Q.2 OR Q.3 OR Q.4 OR Q.5 OR Q.6 OR Q.7 OR Q.8,Alpha,222.285714285714,218.142857142857,0.981362467866324
2021-04-26,189,183,195.142857142857,190.142857142857,0.974377745241581,0.944720315176645,0.990150230206859,B.1.1.7 OR Q.1 OR Q.2 OR Q.3 OR Q.4 OR Q.5 OR Q.6 OR Q.7 OR Q.8,Alpha,219.785714285714,215.285714285714,0.979525511862203
2021-04-27,281,278,197.857142857143,193.571428571429,0.978339350180505,0.95268743853079,0.99314346234486,B.1.1.7 OR Q.1 OR Q.2 OR Q.3 OR Q.4 OR Q.5 OR Q.6 OR Q.7 OR Q.8,Alpha,221.928571428571,217.714285714286,0.981010621177985
2021-04-28,277,267,194.428571428571,190.142857142857,0.977957384276267,0.951727077008968,0.993001296327039,B.1.1.7 OR Q.1 OR Q.2 OR Q.3 OR Q.4 OR Q.5 OR Q.6 OR Q.7 OR Q.8,Alpha,223.285714285714,218.642857142857,0.979206653870761
2021-04-29,190,184,188.428571428571,184,0.976497346474602,0.950211149832543,0.992776638226628,B.1.1.7 OR Q.1 OR Q.2 OR Q.3 OR Q.4 OR Q.5 OR Q.6 OR Q.7 OR Q.8,Alpha,213.071428571429,208.357142857143,0.97787462286289
2021-04-30,162,159,179.571428571429,175,0.974542561654733,0.940196707019355,0.989323399176664,B.1.1.7 OR Q.1 OR Q.2 OR Q.3 OR Q.4 OR Q.5 OR Q.6 OR Q.7 OR Q.8,Alpha,211.142857142857,206.214285714286,0.976657645466847
2021-05-01,124,124,180,176,0.977777777777778,0.948035363341048,0.992453654450214,B.1.1.7 OR Q.1 OR Q.2 OR Q.3 OR Q.4 OR Q.5 OR Q.6 OR Q.7 OR Q.8,Alpha,200.214285714286,195.642857142857,0.977167320727792
2021-05-02,67,67,184.285714285714,180.285714285714,0.978294573643411,0.949146515072355,0.992618677931432,B.1.1.7 OR Q.1 OR Q.2 OR Q.3 OR Q.4 OR Q.5 OR Q.6 OR Q.7 OR Q.8,Alpha,191.5,187.071428571429,0.976874300634092
2021-05-03,52,49,164.714285714286,161.142857142857,0.978317432784042,0.943397578461461,0.991763082574396,B.1.1.7 OR Q.1 OR Q.2 OR Q.3 OR Q.4 OR Q.5 OR Q.6 OR Q.7 OR Q.8,Alpha,179.928571428571,175.642857142857,0.976181024215959
2021-05-04,206,196,154,149.428571428571,0.970315398886827,0.930312725956582,0.987505371527534,B.1.1.7 OR Q.1 OR Q.2 OR Q.3 OR Q.4 OR Q.5 OR Q.6 OR Q.7 OR Q.8,Alpha,175.928571428571,171.5,0.974827446203817
2021-05-05,323,312,160.571428571429,155.857142857143,0.970640569395018,0.933281419108364,0.988053081351575,B.1.1.7 OR Q.1 OR Q.2 OR Q.3 OR Q.4 OR Q.5 OR Q.6 OR Q.7 OR Q.8,Alpha,177.5,173,0.974647887323944
2021-05-06,307,287,177.285714285714,170.571428571429,0.962127316680097,0.93147307794535,0.985729407368626,B.1.1.7 OR Q.1 OR Q.2 OR Q.3 OR Q.4 OR Q.5 OR Q.6 OR Q.7 OR Q.8,Alpha,182.857142857143,177.285714285714,0.96953125
2021-05-07,289,275,195.428571428571,187.142857142857,0.957602339181287,0.924088590604988,0.980416404062941,B.1.1.7 OR Q.1 OR Q.2 OR Q.3 OR Q.4 OR Q.5 OR Q.6 OR Q.7 OR Q.8,Alpha,187.5,181.071428571429,0.965714285714286
2021-05-08,128,121,196,186.714285714286,0.952623906705539,0.917881754395998,0.97704004565652,B.1.1.7 OR Q.1 OR Q.2 OR Q.3 OR Q.4 OR Q.5 OR Q.6 OR Q.7 OR Q.8,Alpha,188,181.357142857143,0.964665653495441
2021-05-09,48,43,193.285714285714,183.285714285714,0.948263118994826,0.910042302023486,0.97305283994099,B.1.1.7 OR Q.1 OR Q.2 OR Q.3 OR Q.4 OR Q.5 OR Q.6 OR Q.7 OR Q.8,Alpha,188.785714285714,181.785714285714,0.962920923193341
2021-05-10,205,203,215.142857142857,205.285714285714,0.954183266932271,0.919067995999343,0.975839041020695,B.1.1.7 OR Q.1 OR Q.2 OR Q.3 OR Q.4 OR Q.5 OR Q.6 OR Q.7 OR Q.8,Alpha,189.928571428571,183.214285714286,0.964648364046634
2021-05-11,228,224,218.285714285714,209.285714285714,0.958769633507853,0.926016159651427,0.979379205173063,B.1.1.7 OR Q.1 OR Q.2 OR Q.3 OR Q.4 OR Q.5 OR Q.6 OR Q.7 OR Q.8,Alpha,186.142857142857,179.357142857143,0.963545663852648
2021-05-12,251,242,208,199.285714285714,0.958104395604396,0.922527832090384,0.978377911423521,B.1.1.7 OR Q.1 OR Q.2 OR Q.3 OR Q.4 OR Q.5 OR Q.6 OR Q.7 OR Q.8,Alpha,184.285714285714,177.571428571429,0.963565891472868
2021-05-13,234,229,197.571428571429,191,0.966738973246565,0.93184876168711,0.984049861336158,B.1.1.7 OR Q.1 OR Q.2 OR Q.3 OR Q.4 OR Q.5 OR Q.6 OR Q.7 OR Q.8,Alpha,187.428571428571,180.785714285714,0.964557926829268
2021-05-14,163,157,179.571428571429,174.142857142857,0.969769291964996,0.932593233114221,0.985969273489729,B.1.1.7 OR Q.1 OR Q.2 OR Q.3 OR Q.4 OR Q.5 OR Q.6 OR Q.7 OR Q.8,Alpha,187.5,180.642857142857,0.963428571428571
2021-05-15,111,108,177.142857142857,172.285714285714,0.97258064516129,0.939201686238255,0.98914108997914,B.1.1.7 OR Q.1 OR Q.2 OR Q.3 OR Q.4 OR Q.5 OR Q.6 OR Q.7 OR Q.8,Alpha,186.571428571429,179.5,0.962098009188361
2021-05-16,74,71,180.857142857143,176.285714285714,0.974723538704581,0.940521183920722,0.989382816082549,B.1.1.7 OR Q.1 OR Q.2 OR Q.3 OR Q.4 OR Q.5 OR Q.6 OR Q.7 OR Q.8,Alpha,187.071428571429,179.785714285714,0.961053837342497
2021-05-17,206,199,181,175.714285714286,0.970797158642462,0.940521183920722,0.989382816082549,B.1.1.7 OR Q.1 OR Q.2 OR Q.3 OR Q.4 OR Q.5 OR Q.6 OR Q.7 OR Q.8,Alpha,198.071428571429,190.5,0.961774251712946
2021-05-18,216,202,179.285714285714,172.571428571429,0.962549800796813,0.932223938184184,0.985890219164885,B.1.1.7 OR Q.1 OR Q.2 OR Q.3 OR Q.4 OR Q.5 OR Q.6 OR Q.7 OR Q.8,Alpha,198.785714285714,190.928571428571,0.960474308300395
2021-05-19,198,185,171.714285714286,164.428571428571,0.95757071547421,0.914164219824807,0.977768537987401,B.1.1.7 OR Q.1 OR Q.2 OR Q.3 OR Q.4 OR Q.5 OR Q.6 OR Q.7 OR Q.8,Alpha,189.857142857143,181.857142857143,0.957863054928518
2021-05-20,147,141,159.285714285714,151.857142857143,0.953363228699552,0.915516249087713,0.980094991125019,B.1.1.7 OR Q.1 OR Q.2 OR Q.3 OR Q.4 OR Q.5 OR Q.6 OR Q.7 OR Q.8,Alpha,178.428571428571,171.428571428571,0.960768614891914
2021-05-21,110,105,151.714285714286,144.428571428571,0.951977401129943,0.903155730834888,0.974806382452705,B.1.1.7 OR Q.1 OR Q.2 OR Q.3 OR Q.4 OR Q.5 OR Q.6 OR Q.7 OR Q.8,Alpha,165.642857142857,159.285714285714,0.961621388529539
2021-05-22,68,60,145.571428571429,137.571428571429,0.9450441609421,0.899280865891405,0.973757376978004,B.1.1.7 OR Q.1 OR Q.2 OR Q.3 OR Q.4 OR Q.5 OR Q.6 OR Q.7 OR Q.8,Alpha,161.357142857143,154.928571428571,0.960159362549801
2021-05-23,37,36,140.285714285714,132.571428571429,0.945010183299389,0.904350383123834,0.977360061278354,B.1.1.7 OR Q.1 OR Q.2 OR Q.3 OR Q.4 OR Q.5 OR Q.6 OR Q.7 OR Q.8,Alpha,160.571428571429,154.428571428571,0.961743772241993
2021-05-24,114,114,127.142857142857,120.428571428571,0.947191011235955,0.894842160913604,0.975010758734991,B.1.1.7 OR Q.1 OR Q.2 OR Q.3 OR Q.4 OR Q.5 OR Q.6 OR Q.7 OR Q.8,Alpha,154.071428571429,148.071428571429,0.96105702364395
2021-05-25,148,145,117.428571428571,112.285714285714,0.956204379562044,0.908885684251437,0.983509142723158,B.1.1.7 OR Q.1 OR Q.2 OR Q.3 OR Q.4 OR Q.5 OR Q.6 OR Q.7 OR Q.8,Alpha,148.357142857143,142.428571428571,0.960038517091959
2021-05-26,133,126,108.142857142857,103.857142857143,0.960369881109643,0.914355099462989,0.987371576265972,B.1.1.7 OR Q.1 OR Q.2 OR Q.3 OR Q.4 OR Q.5 OR Q.6 OR Q.7 OR Q.8,Alpha,139.928571428571,134.142857142857,0.958652373660031
2021-05-27,111,110,103,99.4285714285714,0.965325936199723,0.910319483344795,0.986751981313324,B.1.1.7 OR Q.1 OR Q.2 OR Q.3 OR Q.4 OR Q.5 OR Q.6 OR Q.7 OR Q.8,Alpha,131.142857142857,125.642857142857,0.958061002178649
2021-05-28,90,84,100.142857142857,96.4285714285714,0.962910128388017,0.907710357958518,0.986350152989882,B.1.1.7 OR Q.1 OR Q.2 OR Q.3 OR Q.4 OR Q.5 OR Q.6 OR Q.7 OR Q.8,Alpha,125.928571428571,120.428571428571,0.9563244469654
2021-05-29,47,41,97.1428571428572,93.7142857142857,0.964705882352941,0.919772012635739,0.991213907195807,B.1.1.7 OR Q.1 OR Q.2 OR Q.3 OR Q.4 OR Q.5 OR Q.6 OR Q.7 OR Q.8,Alpha,121.357142857143,115.642857142857,0.952913478516775
2021-05-30,17,15,94.2857142857143,90.7142857142857,0.962121212121212,0.917286655284312,0.990930977352587,B.1.1.7 OR Q.1 OR Q.2 OR Q.3 OR Q.4 OR Q.5 OR Q.6 OR Q.7 OR Q.8,Alpha,117.285714285714,111.642857142857,0.951887941534714
2021-05-31,74,72,88.5714285714286,84.7142857142857,0.956451612903226,0.89669064114568,0.984642111167165,B.1.1.7 OR Q.1 OR Q.2 OR Q.3 OR Q.4 OR Q.5 OR Q.6 OR Q.7 OR Q.8,Alpha,107.857142857143,102.571428571429,0.950993377483444
2021-06-01,89,86,80.1428571428571,76.2857142857143,0.951871657754011,0.885507181042586,0.982890360121522,B.1.1.7 OR Q.1 OR Q.2 OR Q.3 OR Q.4 OR Q.5 OR Q.6 OR Q.7 OR Q.8,Alpha,98.7857142857143,94.2857142857143,0.954446854663775
2021-06-02,60,53,69.7142857142857,65.8571428571429,0.944672131147541,0.869856975834843,0.980407166283703,B.1.1.7 OR Q.1 OR Q.2 OR Q.3 OR Q.4 OR Q.5 OR Q.6 OR Q.7 OR Q.8,Alpha,88.9285714285714,84.8571428571429,0.954216867469879
2021-06-03,37,32,59.1428571428572,54.7142857142857,0.92512077294686,0.846835528646881,0.976684720717305,B.1.1.7 OR Q.1 OR Q.2 OR Q.3 OR Q.4 OR Q.5 OR Q.6 OR Q.7 OR Q.8,Alpha,81.0714285714286,77.0714285714286,0.950660792951542
2021-06-04,51,48,53.5714285714286,49.5714285714286,0.925333333333333,0.833449477057402,0.974480753437523,B.1.1.7 OR Q.1 OR Q.2 OR Q.3 OR Q.4 OR Q.5 OR Q.6 OR Q.7 OR Q.8,Alpha,76.8571428571429,73,0.949814126394052
2021-06-05,22,18,50,46.2857142857143,0.925714285714286,0.820933850381986,0.972392909007788,B.1.1.7 OR Q.1 OR Q.2 OR Q.3 OR Q.4 OR Q.5 OR Q.6 OR Q.7 OR Q.8,Alpha,73.5714285714286,70,0.951456310679612
2021-06-06,11,10,49.1428571428572,45.5714285714286,0.927325581395349,0.845549303600923,0.982456424207253,B.1.1.7 OR Q.1 OR Q.2 OR Q.3 OR Q.4 OR Q.5 OR Q.6 OR Q.7 OR Q.8,Alpha,71.7142857142857,68.1428571428571,0.950199203187251
2021-06-07,44,35,44.8571428571429,40.2857142857143,0.898089171974522,0.773495568341131,0.956315693387733,B.1.1.7 OR Q.1 OR Q.2 OR Q.3 OR Q.4 OR Q.5 OR Q.6 OR Q.7 OR Q.8,Alpha,66.7142857142857,62.5,0.936830835117773
2021-06-08,64,50,41.2857142857143,35.1428571428571,0.85121107266436,0.722995450846937,0.936527137412282,B.1.1.7 OR Q.1 OR Q.2 OR Q.3 OR Q.4 OR Q.5 OR Q.6 OR Q.7 OR Q.8,Alpha,60.7142857142857,55.7142857142857,0.917647058823529
2021-06-09,57,41,40.8571428571429,33.4285714285714,0.818181818181818,0.665302599690934,0.903175665029749,B.1.1.7 OR Q.1 OR Q.2 OR Q.3 OR Q.4 OR Q.5 OR Q.6 OR Q.7 OR Q.8,Alpha,55.2857142857143,49.6428571428572,0.897932816537468
2021-06-10,51,42,42.8571428571429,34.8571428571429,0.813333333333333,0.679408233627881,0.907900894278906,B.1.1.7 OR Q.1 OR Q.2 OR Q.3 OR Q.4 OR Q.5 OR Q.6 OR Q.7 OR Q.8,Alpha,51,44.7857142857143,0.878151260504202
2021-06-11,38,29,41,32.1428571428572,0.78397212543554,0.637524249563879,0.885452975429912,B.1.1.7 OR Q.1 OR Q.2 OR Q.3 OR Q.4 OR Q.5 OR Q.6 OR Q.7 OR Q.8,Alpha,47.2857142857143,40.8571428571429,0.86404833836858
2021-06-12,24,17,41.2857142857143,32,0.775086505190311,0.637524249563879,0.885452975429912,B.1.1.7 OR Q.1 OR Q.2 OR Q.3 OR Q.4 OR Q.5 OR Q.6 OR Q.7 OR Q.8,Alpha,45.6428571428572,39.1428571428571,0.857589984350548
2021-06-13,8,5,40.8571428571429,31.2857142857143,0.765734265734266,0.610341374527726,0.867143269821408,B.1.1.7 OR Q.1 OR Q.2 OR Q.3 OR Q.4 OR Q.5 OR Q.6 OR Q.7 OR Q.8,Alpha,45,38.4285714285714,0.853968253968254
2021-06-14,20,17,37.4285714285714,28.7142857142857,0.767175572519084,0.633058808323924,0.892099709287329,B.1.1.7 OR Q.1 OR Q.2 OR Q.3 OR Q.4 OR Q.5 OR Q.6 OR Q.7 OR Q.8,Alpha,41.1428571428572,34.5,0.838541666666667
2021-06-15,26,22,32,24.7142857142857,0.772321428571429,0.617804047908706,0.896439095202792,B.1.1.7 OR Q.1 OR Q.2 OR Q.3 OR Q.4 OR Q.5 OR Q.6 OR Q.7 OR Q.8,Alpha,36.6428571428571,29.9285714285714,0.816764132553606
2021-06-16,21,19,26.8571428571429,21.5714285714286,0.803191489361702,0.640686424920797,0.925625807794276,B.1.1.7 OR Q.1 OR Q.2 OR Q.3 OR Q.4 OR Q.5 OR Q.6 OR Q.7 OR Q.8,Alpha,33.8571428571429,27.5,0.812236286919831
2021-06-17,13,10,21.4285714285714,17,0.793333333333333,0.608327485699967,0.932086104225234,B.1.1.7 OR Q.1 OR Q.2 OR Q.3 OR Q.4 OR Q.5 OR Q.6 OR Q.7 OR Q.8,Alpha,32.1428571428572,25.9285714285714,0.806666666666667
2021-06-18,15,12,18.1428571428571,14.5714285714286,0.803149606299213,0.618643446510318,0.950711769431337,B.1.1.7 OR Q.1 OR Q.2 OR Q.3 OR Q.4 OR Q.5 OR Q.6 OR Q.7 OR Q.8,Alpha,29.5714285714286,23.3571428571429,0.789855072463768
2021-06-19,8,4,15.8571428571429,12.7142857142857,0.801801801801802,0.579214827764293,0.944187016109991,B.1.1.7 OR Q.1 OR Q.2 OR Q.3 OR Q.4 OR Q.5 OR Q.6 OR Q.7 OR Q.8,Alpha,28.5714285714286,22.3571428571429,0.7825
2021-06-20,2,2,15,12.2857142857143,0.819047619047619,0.556364538325763,0.940229031623067,B.1.1.7 OR Q.1 OR Q.2 OR Q.3 OR Q.4 OR Q.5 OR Q.6 OR Q.7 OR Q.8,Alpha,27.9285714285714,21.7857142857143,0.780051150895141
2021-06-21,7,5,13.1428571428571,10.5714285714286,0.804347826086957,0.590994698225189,0.966588427046432,B.1.1.7 OR Q.1 OR Q.2 OR Q.3 OR Q.4 OR Q.5 OR Q.6 OR Q.7 OR Q.8,Alpha,25.2857142857143,19.6428571428571,0.77683615819209
2021-06-22,6,3,10.2857142857143,7.85714285714286,0.763888888888889,0.497225503560007,0.955940586447369,B.1.1.7 OR Q.1 OR Q.2 OR Q.3 OR Q.4 OR Q.5 OR Q.6 OR Q.7 OR Q.8,Alpha,21.1428571428571,16.2857142857143,0.77027027027027
2021-06-23,7,4,8.28571428571429,5.71428571428571,0.689655172413793,0.408376489426663,0.944033110275341,B.1.1.7 OR Q.1 OR Q.2 OR Q.3 OR Q.4 OR Q.5 OR Q.6 OR Q.7 OR Q.8,Alpha,17.5714285714286,13.6428571428571,0.776422764227642
2021-06-24,8,5,7.57142857142857,5,0.660377358490566,0.294823446280309,0.880960819845834,B.1.1.7 OR Q.1 OR Q.2 OR Q.3 OR Q.4 OR Q.5 OR Q.6 OR Q.7 OR Q.8,Alpha,14.5,11,0.758620689655172
2021-06-25,6,1,6.28571428571429,3.42857142857143,0.545454545454545,0.166808197331845,0.833191802668155,B.1.1.7 OR Q.1 OR Q.2 OR Q.3 OR Q.4 OR Q.5 OR Q.6 OR Q.7 OR Q.8,Alpha,12.2142857142857,9,0.736842105263158
2021-06-26,6,3,6,3.28571428571429,0.547619047619048,0.166808197331845,0.833191802668155,B.1.1.7 OR Q.1 OR Q.2 OR Q.3 OR Q.4 OR Q.5 OR Q.6 OR Q.7 OR Q.8,Alpha,10.9285714285714,8,0.73202614379085
2021-06-27,3,2,6.14285714285714,3.28571428571429,0.534883720930233,0.166808197331845,0.833191802668155,B.1.1.7 OR Q.1 OR Q.2 OR Q.3 OR Q.4 OR Q.5 OR Q.6 OR Q.7 OR Q.8,Alpha,10.5714285714286,7.78571428571429,0.736486486486487
2021-06-28,9,6,6.42857142857143,3.42857142857143,0.533333333333333,0.166808197331845,0.833191802668155,B.1.1.7 OR Q.1 OR Q.2 OR Q.3 OR Q.4 OR Q.5 OR Q.6 OR Q.7 OR Q.8,Alpha,9.78571428571429,7,0.715328467153285
2021-06-29,19,7,8.28571428571429,4,0.482758620689655,0.198965611281496,0.801034388718504,B.1.1.7 OR Q.1 OR Q.2 OR Q.3 OR Q.4 OR Q.5 OR Q.6 OR Q.7 OR Q.8,Alpha,9.28571428571429,5.92857142857143,0.638461538461538
2021-06-30,51,24,14.5714285714286,6.85714285714286,0.470588235294118,0.238786847959058,0.706113585119601,B.1.1.7 OR Q.1 OR Q.2 OR Q.3 OR Q.4 OR Q.5 OR Q.6 OR Q.7 OR Q.8,Alpha,11.4285714285714,6.28571428571429,0.55
2021-07-01,19,8,16.1428571428571,7.28571428571429,0.451327433628319,0.221605955800948,0.673857625904834,B.1.1.7 OR Q.1 OR Q.2 OR Q.3 OR Q.4 OR Q.5 OR Q.6 OR Q.7 OR Q.8,Alpha,11.8571428571429,6.14285714285714,0.518072289156627
2021-07-02,10,3,16.7142857142857,7.57142857142857,0.452991452991453,0.253619769286773,0.696674052686665,B.1.1.7 OR Q.1 OR Q.2 OR Q.3 OR Q.4 OR Q.5 OR Q.6 OR Q.7 OR Q.8,Alpha,11.5,5.5,0.478260869565217
2021-07-03,9,4,17.1428571428571,7.71428571428571,0.45,0.253619769286773,0.696674052686665,B.1.1.7 OR Q.1 OR Q.2 OR Q.3 OR Q.4 OR Q.5 OR Q.6 OR Q.7 OR Q.8,Alpha,11.5714285714286,5.5,0.475308641975309
2021-07-04,6,1,17.5714285714286,7.57142857142857,0.430894308943089,0.237431600295194,0.667804654145858,B.1.1.7 OR Q.1 OR Q.2 OR Q.3 OR Q.4 OR Q.5 OR Q.6 OR Q.7 OR Q.8,Alpha,11.8571428571429,5.42857142857143,0.457831325301205
2021-07-05,11,2,17.8571428571429,7,0.392,0.193813211494211,0.616645957292421,B.1.1.7 OR Q.1 OR Q.2 OR Q.3 OR Q.4 OR Q.5 OR Q.6 OR Q.7 OR Q.8,Alpha,12.1428571428571,5.21428571428571,0.429411764705882
2021-07-06,12,1,16.8571428571429,6.14285714285714,0.364406779661017,0.162869390260731,0.588554316009976,B.1.1.7 OR Q.1 OR Q.2 OR Q.3 OR Q.4 OR Q.5 OR Q.6 OR Q.7 OR Q.8,Alpha,12.5714285714286,5.07142857142857,0.403409090909091
2021-07-07,10,0,11,2.71428571428571,0.246753246753247,0.0834817598301942,0.565095480501786,B.1.1.7 OR Q.1 OR Q.2 OR Q.3 OR Q.4 OR Q.5 OR Q.6 OR Q.7 OR Q.8,Alpha,12.7857142857143,4.78571428571429,0.374301675977654
2021-07-08,9,1,9.57142857142857,1.71428571428571,0.17910447761194,0.0440594135526308,0.502774496439993,B.1.1.7 OR Q.1 OR Q.2 OR Q.3 OR Q.4 OR Q.5 OR Q.6 OR Q.7 OR Q.8,Alpha,12.8571428571429,4.5,0.35
2021-07-09,6,2,9,1.57142857142857,0.174603174603175,0.049301922976594,0.543824433119348,B.1.1.7 OR Q.1 OR Q.2 OR Q.3 OR Q.4 OR Q.5 OR Q.6 OR Q.7 OR Q.8,Alpha,12.8571428571429,4.57142857142857,0.355555555555556
2021-07-10,12,1,9.42857142857143,1.14285714285714,0.121212121212121,0.0122640876216195,0.414469277440533,B.1.1.7 OR Q.1 OR Q.2 OR Q.3 OR Q.4 OR Q.5 OR Q.6 OR Q.7 OR Q.8,Alpha,13.2857142857143,4.42857142857143,0.333333333333333
2021-07-11,4,0,9.14285714285714,1,0.109375,0.0122640876216195,0.414469277440533,B.1.1.7 OR Q.1 OR Q.2 OR Q.3 OR Q.4 OR Q.5 OR Q.6 OR Q.7 OR Q.8,Alpha,13.3571428571429,4.28571428571429,0.320855614973262
2021-07-12,13,2,9.42857142857143,1,0.106060606060606,0.0122640876216195,0.414469277440533,B.1.1.7 OR Q.1 OR Q.2 OR Q.3 OR Q.4 OR Q.5 OR Q.6 OR Q.7 OR Q.8,Alpha,13.6428571428571,4,0.293193717277487
2021-07-13,30,4,12,1.42857142857143,0.119047619047619,0.00914432623414849,0.328495726400588,B.1.1.7 OR Q.1 OR Q.2 OR Q.3 OR Q.4 OR Q.5 OR Q.6 OR Q.7 OR Q.8,Alpha,14.4285714285714,3.78571428571429,0.262376237623762
2021-07-14,16,1,12.8571428571429,1.57142857142857,0.122222222222222,0.0334115729535681,0.409005301774811,B.1.1.7 OR Q.1 OR Q.2 OR Q.3 OR Q.4 OR Q.5 OR Q.6 OR Q.7 OR Q.8,Alpha,11.9285714285714,2.14285714285714,0.179640718562874
2021-07-15,15,1,13.7142857142857,1.57142857142857,0.114583333333333,0.0309221275347543,0.384894319607362,B.1.1.7 OR Q.1 OR Q.2 OR Q.3 OR Q.4 OR Q.5 OR Q.6 OR Q.7 OR Q.8,Alpha,11.6428571428571,1.64285714285714,0.141104294478528
2021-07-16,12,1,14.5714285714286,1.42857142857143,0.0980392156862745,0.00729021778712626,0.271751314464565,B.1.1.7 OR Q.1 OR Q.2 OR Q.3 OR Q.4 OR Q.5 OR Q.6 OR Q.7 OR Q.8,Alpha,11.7857142857143,1.5,0.127272727272727
2021-07-17,10,0,14.2857142857143,1.28571428571429,0.09,0.00781863073010409,0.288379571008053,B.1.1.7 OR Q.1 OR Q.2 OR Q.3 OR Q.4 OR Q.5 OR Q.6 OR Q.7 OR Q.8,Alpha,11.8571428571429,1.21428571428571,0.102409638554217
2021-07-18,11,0,15.2857142857143,1.28571428571429,0.0841121495327103,0.00729021778712626,0.271751314464565,B.1.1.7 OR Q.1 OR Q.2 OR Q.3 OR Q.4 OR Q.5 OR Q.6 OR Q.7 OR Q.8,Alpha,12.2142857142857,1.14285714285714,0.0935672514619883
2021-07-19,12,0,15.1428571428571,1,0.0660377358490566,0.00729021778712626,0.271751314464565,B.1.1.7 OR Q.1 OR Q.2 OR Q.3 OR Q.4 OR Q.5 OR Q.6 OR Q.7 OR Q.8,Alpha,12.2857142857143,1,0.0813953488372093
2021-07-20,24,4,14.2857142857143,1,0.07,0.00781863073010409,0.288379571008053,B.1.1.7 OR Q.1 OR Q.2 OR Q.3 OR Q.4 OR Q.5 OR Q.6 OR Q.7 OR Q.8,Alpha,13.1428571428571,1.21428571428571,0.0923913043478261
2021-07-21,24,2,15.4285714285714,1.14285714285714,0.0740740740740741,0.00729021778712626,0.271751314464565,B.1.1.7 OR Q.1 OR Q.2 OR Q.3 OR Q.4 OR Q.5 OR Q.6 OR Q.7 OR Q.8,Alpha,14.1428571428571,1.35714285714286,0.095959595959596
2021-07-22,22,0,16.4285714285714,1,0.0608695652173913,0.00682872205588686,0.256921429885774,B.1.1.7 OR Q.1 OR Q.2 OR Q.3 OR Q.4 OR Q.5 OR Q.6 OR Q.7 OR Q.8,Alpha,15.0714285714286,1.28571428571429,0.0853080568720379
2021-07-23,30,0,19,0.857142857142857,0.0451127819548872,0.00573889948481024,0.220729248066958,B.1.1.7 OR Q.1 OR Q.2 OR Q.3 OR Q.4 OR Q.5 OR Q.6 OR Q.7 OR Q.8,Alpha,16.7857142857143,1.14285714285714,0.0680851063829787
2021-07-24,16,1,19.8571428571429,1,0.0503597122302158,0.0054490325814266,0.210818636249265,B.1.1.7 OR Q.1 OR Q.2 OR Q.3 OR Q.4 OR Q.5 OR Q.6 OR Q.7 OR Q.8,Alpha,17.0714285714286,1.14285714285714,0.0669456066945607
2021-07-25,14,2,20.2857142857143,1.28571428571429,0.0633802816901409,0.0054490325814266,0.210818636249265,B.1.1.7 OR Q.1 OR Q.2 OR Q.3 OR Q.4 OR Q.5 OR Q.6 OR Q.7 OR Q.8,Alpha,17.7857142857143,1.28571428571429,0.072289156626506
2021-07-26,21,1,21.5714285714286,1.42857142857143,0.0662251655629139,0.00494909354918625,0.19343736468331,B.1.1.7 OR Q.1 OR Q.2 OR Q.3 OR Q.4 OR Q.5 OR Q.6 OR Q.7 OR Q.8,Alpha,18.3571428571429,1.21428571428571,0.066147859922179
2021-07-27,30,2,22.4285714285714,1.14285714285714,0.0509554140127389,0.00494909354918625,0.19343736468331,B.1.1.7 OR Q.1 OR Q.2 OR Q.3 OR Q.4 OR Q.5 OR Q.6 OR Q.7 OR Q.8,Alpha,18.3571428571429,1.07142857142857,0.0583657587548638
2021-07-28,40,0,24.7142857142857,0.857142857142857,0.0346820809248555,0.00435039682737248,0.172132957960123,B.1.1.7 OR Q.1 OR Q.2 OR Q.3 OR Q.4 OR Q.5 OR Q.6 OR Q.7 OR Q.8,Alpha,20.0714285714286,1,0.0498220640569395
2021-07-29,29,1,25.7142857142857,1,0.0388888888888889,0.00418177494460406,0.166034558287944,B.1.1.7 OR Q.1 OR Q.2 OR Q.3 OR Q.4 OR Q.5 OR Q.6 OR Q.7 OR Q.8,Alpha,21.0714285714286,1,0.0474576271186441
2021-07-30,28,1,25.4285714285714,1.14285714285714,0.0449438202247191,0.00435039682737248,0.172132957960123,B.1.1.7 OR Q.1 OR Q.2 OR Q.3 OR Q.4 OR Q.5 OR Q.6 OR Q.7 OR Q.8,Alpha,22.2142857142857,1,0.045016077170418
2021-07-31,18,0,25.7142857142857,1,0.0388888888888889,0.00418177494460406,0.166034558287944,B.1.1.7 OR Q.1 OR Q.2 OR Q.3 OR Q.4 OR Q.5 OR Q.6 OR Q.7 OR Q.8,Alpha,22.7857142857143,1,0.0438871473354232
2021-08-01,14,0,25.7142857142857,0.714285714285714,0.0277777777777778,0.00418177494460406,0.166034558287944,B.1.1.7 OR Q.1 OR Q.2 OR Q.3 OR Q.4 OR Q.5 OR Q.6 OR Q.7 OR Q.8,Alpha,23,1,0.0434782608695652
2021-08-02,26,0,26.4285714285714,0.571428571428571,0.0216216216216216,0.00418177494460406,0.166034558287944,B.1.1.7 OR Q.1 OR Q.2 OR Q.3 OR Q.4 OR Q.5 OR Q.6 OR Q.7 OR Q.8,Alpha,24,1,0.0416666666666667
2021-08-03,31,0,26.5714285714286,0.285714285714286,0.010752688172043,1.80186960799325e-05,0.088050831511056,B.1.1.7 OR Q.1 OR Q.2 OR Q.3 OR Q.4 OR Q.5 OR Q.6 OR Q.7 OR Q.8,Alpha,24.5,0.714285714285714,0.0291545189504373
2021-08-04,41,0,26.7142857142857,0.285714285714286,0.0106951871657754,1.80186960799325e-05,0.088050831511056,B.1.1.7 OR Q.1 OR Q.2 OR Q.3 OR Q.4 OR Q.5 OR Q.6 OR Q.7 OR Q.8,Alpha,25.7142857142857,0.571428571428571,0.0222222222222222
2021-08-05,20,0,25.4285714285714,0.142857142857143,0.00561797752808989,1.94457708981588e-05,0.0946827641095835,B.1.1.7 OR Q.1 OR Q.2 OR Q.3 OR Q.4 OR Q.5 OR Q.6 OR Q.7 OR Q.8,Alpha,25.5714285714286,0.571428571428571,0.0223463687150838
2021-08-06,28,2,25.4285714285714,0.285714285714286,0.0112359550561798,1.94457708981588e-05,0.0946827641095835,B.1.1.7 OR Q.1 OR Q.2 OR Q.3 OR Q.4 OR Q.5 OR Q.6 OR Q.7 OR Q.8,Alpha,25.4285714285714,0.714285714285714,0.0280898876404494
2021-08-07,18,0,25.4285714285714,0.285714285714286,0.0112359550561798,1.94457708981588e-05,0.0946827641095835,B.1.1.7 OR Q.1 OR Q.2 OR Q.3 OR Q.4 OR Q.5 OR Q.6 OR Q.7 OR Q.8,Alpha,25.5714285714286,0.642857142857143,0.0251396648044693
2021-08-08,10,0,24.8571428571429,0.285714285714286,0.0114942528735632,1.94457708981588e-05,0.0946827641095835,B.1.1.7 OR Q.1 OR Q.2 OR Q.3 OR Q.4 OR Q.5 OR Q.6 OR Q.7 OR Q.8,Alpha,25.2857142857143,0.5,0.019774011299435
2021-08-09,18,1,23.7142857142857,0.428571428571429,0.0180722891566265,2.02475667180483e-05,0.0983876043858698,B.1.1.7 OR Q.1 OR Q.2 OR Q.3 OR Q.4 OR Q.5 OR Q.6 OR Q.7 OR Q.8,Alpha,25.0714285714286,0.5,0.0199430199430199
2021-08-10,26,0,23,0.428571428571429,0.0186335403726708,2.11183220173076e-05,0.102393828091608,B.1.1.7 OR Q.1 OR Q.2 OR Q.3 OR Q.4 OR Q.5 OR Q.6 OR Q.7 OR Q.8,Alpha,24.7857142857143,0.357142857142857,0.0144092219020173
2021-08-11,28,0,21.1428571428571,0.428571428571429,0.0202702702702703,2.31056426491535e-05,0.111470316193041,B.1.1.7 OR Q.1 OR Q.2 OR Q.3 OR Q.4 OR Q.5 OR Q.6 OR Q.7 OR Q.8,Alpha,23.9285714285714,0.357142857142857,0.0149253731343284
2021-08-12,18,0,20.8571428571429,0.428571428571429,0.0205479452054795,2.31056426491535e-05,0.111470316193041,B.1.1.7 OR Q.1 OR Q.2 OR Q.3 OR Q.4 OR Q.5 OR Q.6 OR Q.7 OR Q.8,Alpha,23.1428571428571,0.285714285714286,0.0123456790123457
2021-08-13,33,0,21.5714285714286,0.142857142857143,0.00662251655629139,2.20673323983508e-05,0.106739717911786,B.1.1.7 OR Q.1 OR Q.2 OR Q.3 OR Q.4 OR Q.5 OR Q.6 OR Q.7 OR Q.8,Alpha,23.5,0.214285714285714,0.00911854103343465
2021-08-14,25,0,22.5714285714286,0.142857142857143,0.00632911392405063,2.11183220173076e-05,0.102393828091608,B.1.1.7 OR Q.1 OR Q.2 OR Q.3 OR Q.4 OR Q.5 OR Q.6 OR Q.7 OR Q.8,Alpha,24,0.214285714285714,0.00892857142857143
2021-08-15,11,0,22.7142857142857,0.142857142857143,0.00628930817610063,2.11183220173076e-05,0.102393828091608,B.1.1.7 OR Q.1 OR Q.2 OR Q.3 OR Q.4 OR Q.5 OR Q.6 OR Q.7 OR Q.8,Alpha,23.7857142857143,0.214285714285714,0.00900900900900901
2021-08-16,56,1,28.1428571428571,0.142857142857143,0.0050761421319797,1.73809225368852e-05,0.0850712000323353,B.1.1.7 OR Q.1 OR Q.2 OR Q.3 OR Q.4 OR Q.5 OR Q.6 OR Q.7 OR Q.8,Alpha,25.9285714285714,0.285714285714286,0.0110192837465565
2021-08-17,62,0,33.2857142857143,0.142857142857143,0.00429184549356223,1.47674301045867e-05,0.0727587053126257,B.1.1.7 OR Q.1 OR Q.2 OR Q.3 OR Q.4 OR Q.5 OR Q.6 OR Q.7 OR Q.8,Alpha,28.1428571428571,0.285714285714286,0.0101522842639594
2021-08-18,230,0,62.1428571428572,0.142857142857143,0.00229885057471264,7.88801061758937e-06,0.0395483430782547,B.1.1.7 OR Q.1 OR Q.2 OR Q.3 OR Q.4 OR Q.5 OR Q.6 OR Q.7 OR Q.8,Alpha,41.6428571428571,0.285714285714286,0.00686106346483705
2021-08-19,106,0,74.7142857142857,0.142857142857143,0.00191204588910134,6.52531888156199e-06,0.032829819470909,B.1.1.7 OR Q.1 OR Q.2 OR Q.3 OR Q.4 OR Q.5 OR Q.6 OR Q.7 OR Q.8,Alpha,47.7857142857143,0.285714285714286,0.00597907324364723
2021-08-20,78,0,81.1428571428571,0.142857142857143,0.00176056338028169,6.04345538087524e-06,0.0304428239735805,B.1.1.7 OR Q.1 OR Q.2 OR Q.3 OR Q.4 OR Q.5 OR Q.6 OR Q.7 OR Q.8,Alpha,51.3571428571429,0.142857142857143,0.00278164116828929
2021-08-21,45,0,84,0.142857142857143,0.00170068027210884,5.82826071412354e-06,0.0293749147247891,B.1.1.7 OR Q.1 OR Q.2 OR Q.3 OR Q.4 OR Q.5 OR Q.6 OR Q.7 OR Q.8,Alpha,53.2857142857143,0.142857142857143,0.00268096514745308
2021-08-22,27,0,86.2857142857143,0.142857142857143,0.00165562913907285,5.69311417356093e-06,0.0287036444212419,B.1.1.7 OR Q.1 OR Q.2 OR Q.3 OR Q.4 OR Q.5 OR Q.6 OR Q.7 OR Q.8,Alpha,54.5,0.142857142857143,0.00262123197903014
2021-08-23,56,0,86.2857142857143,0,0,5.69311417356093e-06,0.0287036444212419,B.1.1.7 OR Q.1 OR Q.2 OR Q.3 OR Q.4 OR Q.5 OR Q.6 OR Q.7 OR Q.8,Alpha,57.2142857142857,0.0714285714285714,0.00124843945068664
2021-08-24,75,1,88.1428571428572,0.142857142857143,0.00162074554294976,5.56409316269688e-06,0.0280623658134942,B.1.1.7 OR Q.1 OR Q.2 OR Q.3 OR Q.4 OR Q.5 OR Q.6 OR Q.7 OR Q.8,Alpha,60.7142857142857,0.142857142857143,0.00235294117647059
2021-08-25,79,0,66.5714285714286,0.142857142857143,0.00214592274678112,7.30155200012784e-06,0.0366626561611633,B.1.1.7 OR Q.1 OR Q.2 OR Q.3 OR Q.4 OR Q.5 OR Q.6 OR Q.7 OR Q.8,Alpha,64.3571428571429,0.142857142857143,0.00221975582685905
2021-08-26,54,0,59.1428571428572,0.142857142857143,0.00241545893719807,8.28739496441351e-06,0.0415085672645384,B.1.1.7 OR Q.1 OR Q.2 OR Q.3 OR Q.4 OR Q.5 OR Q.6 OR Q.7 OR Q.8,Alpha,66.9285714285714,0.142857142857143,0.00213447171824973
2021-08-27,65,0,57.2857142857143,0.142857142857143,0.00249376558603491,8.57690427525629e-06,0.0429270058037562,B.1.1.7 OR Q.1 OR Q.2 OR Q.3 OR Q.4 OR Q.5 OR Q.6 OR Q.7 OR Q.8,Alpha,69.2142857142857,0.142857142857143,0.0020639834881321
2021-08-28,29,1,55,0.285714285714286,0.0051948051948052,8.88737282121765e-06,0.0444457961269066,B.1.1.7 OR Q.1 OR Q.2 OR Q.3 OR Q.4 OR Q.5 OR Q.6 OR Q.7 OR Q.8,Alpha,69.5,0.214285714285714,0.00308324768756423
2021-08-29,34,0,56,0.285714285714286,0.00510204081632653,8.72937892167467e-06,0.043673203095405,B.1.1.7 OR Q.1 OR Q.2 OR Q.3 OR Q.4 OR Q.5 OR Q.6 OR Q.7 OR Q.8,Alpha,71.1428571428571,0.214285714285714,0.00301204819277108
2021-08-30,59,0,56.4285714285714,0.285714285714286,0.00506329113924051,8.72937892167467e-06,0.043673203095405,B.1.1.7 OR Q.1 OR Q.2 OR Q.3 OR Q.4 OR Q.5 OR Q.6 OR Q.7 OR Q.8,Alpha,71.3571428571429,0.142857142857143,0.002002002002002
2021-08-31,84,0,57.7142857142857,0.142857142857143,0.00247524752475248,8.4296646405349e-06,0.0422058745011226,B.1.1.7 OR Q.1 OR Q.2 OR Q.3 OR Q.4 OR Q.5 OR Q.6 OR Q.7 OR Q.8,Alpha,72.9285714285714,0.142857142857143,0.0019588638589618
2021-09-01,85,0,58.5714285714286,0.142857142857143,0.0024390243902439,8.28739496441351e-06,0.0415085672645384,B.1.1.7 OR Q.1 OR Q.2 OR Q.3 OR Q.4 OR Q.5 OR Q.6 OR Q.7 OR Q.8,Alpha,62.5714285714286,0.142857142857143,0.00228310502283105
2021-09-02,112,0,66.8571428571429,0.142857142857143,0.00213675213675214,7.30155200012784e-06,0.0366626561611633,B.1.1.7 OR Q.1 OR Q.2 OR Q.3 OR Q.4 OR Q.5 OR Q.6 OR Q.7 OR Q.8,Alpha,63,0.142857142857143,0.00226757369614512
2021-09-03,88,0,70.1428571428571,0.142857142857143,0.00203665987780041,6.98974707807279e-06,0.0351248762971794,B.1.1.7 OR Q.1 OR Q.2 OR Q.3 OR Q.4 OR Q.5 OR Q.6 OR Q.7 OR Q.8,Alpha,63.7142857142857,0.142857142857143,0.00224215246636771
2021-09-04,65,0,75.2857142857143,0,0,6.52531888156199e-06,0.032829819470909,B.1.1.7 OR Q.1 OR Q.2 OR Q.3 OR Q.4 OR Q.5 OR Q.6 OR Q.7 OR Q.8,Alpha,65.1428571428571,0.142857142857143,0.00219298245614035
2021-09-05,49,0,77.4285714285714,0,0,6.35638091717777e-06,0.0319936262649119,B.1.1.7 OR Q.1 OR Q.2 OR Q.3 OR Q.4 OR Q.5 OR Q.6 OR Q.7 OR Q.8,Alpha,66.7142857142857,0.142857142857143,0.00214132762312634
2021-09-06,80,0,80.4285714285714,0,0,6.1187622791363e-06,0.0308162584924402,B.1.1.7 OR Q.1 OR Q.2 OR Q.3 OR Q.4 OR Q.5 OR Q.6 OR Q.7 OR Q.8,Alpha,68.4285714285714,0.142857142857143,0.00208768267223382
2021-09-07,116,0,85,0,0,5.75989480802187e-06,0.0290354006417662,B.1.1.7 OR Q.1 OR Q.2 OR Q.3 OR Q.4 OR Q.5 OR Q.6 OR Q.7 OR Q.8,Alpha,71.3571428571429,0.0714285714285714,0.001001001001001
2021-09-08,111,0,88.7142857142857,0,0,5.50175104573027e-06,0.0277523522582762,B.1.1.7 OR Q.1 OR Q.2 OR Q.3 OR Q.4 OR Q.5 OR Q.6 OR Q.7 OR Q.8,Alpha,73.6428571428571,0.0714285714285714,0.000969932104752667
2021-09-09,149,0,94,0,0,5.20988383572225e-06,0.0262996439694614,B.1.1.7 OR Q.1 OR Q.2 OR Q.3 OR Q.4 OR Q.5 OR Q.6 OR Q.7 OR Q.8,Alpha,80.4285714285714,0.0714285714285714,0.00088809946714032
2021-09-10,71,0,91.5714285714286,0,0,5.32283412520503e-06,0.0268620881129159,B.1.1.7 OR Q.1 OR Q.2 OR Q.3 OR Q.4 OR Q.5 OR Q.6 OR Q.7 OR Q.8,Alpha,80.8571428571429,0.0714285714285714,0.00088339222614841
2021-09-11,57,0,90.4285714285714,0,0,5.44079045167817e-06,0.0274491129752038,B.1.1.7 OR Q.1 OR Q.2 OR Q.3 OR Q.4 OR Q.5 OR Q.6 OR Q.7 OR Q.8,Alpha,82.8571428571429,0,0
2021-09-12,29,0,87.5714285714286,0,0,5.56409316269688e-06,0.0280623658134942,B.1.1.7 OR Q.1 OR Q.2 OR Q.3 OR Q.4 OR Q.5 OR Q.6 OR Q.7 OR Q.8,Alpha,82.5,0,0
2021-09-13,95,0,89.7142857142857,0,0,5.44079045167817e-06,0.0274491129752038,B.1.1.7 OR Q.1 OR Q.2 OR Q.3 OR Q.4 OR Q.5 OR Q.6 OR Q.7 OR Q.8,Alpha,85.0714285714286,0,0
2021-09-14,128,0,91.4285714285714,0,0,5.38116596142488e-06,0.0271524283382124,B.1.1.7 OR Q.1 OR Q.2 OR Q.3 OR Q.4 OR Q.5 OR Q.6 OR Q.7 OR Q.8,Alpha,88.2142857142857,0,0
2021-09-15,156,0,97.8571428571429,0,0,4.99777853866861e-06,0.0252425707593752,B.1.1.7 OR Q.1 OR Q.2 OR Q.3 OR Q.4 OR Q.5 OR Q.6 OR Q.7 OR Q.8,Alpha,93.2857142857143,0,0
2021-09-16,208,0,106.285714285714,0,0,4.62147825174262e-06,0.0233643680628732,B.1.1.7 OR Q.1 OR Q.2 OR Q.3 OR Q.4 OR Q.5 OR Q.6 OR Q.7 OR Q.8,Alpha,100.142857142857,0,0
2021-09-17,114,0,112.428571428571,0,0,4.37445226161459e-06,0.0221294344334854,B.1.1.7 OR Q.1 OR Q.2 OR Q.3 OR Q.4 OR Q.5 OR Q.6 OR Q.7 OR Q.8,Alpha,102,0,0
2021-09-18,75,0,115,0,0,4.26058444180264e-06,0.0215596596611785,B.1.1.7 OR Q.1 OR Q.2 OR Q.3 OR Q.4 OR Q.5 OR Q.6 OR Q.7 OR Q.8,Alpha,102.714285714286,0,0
2021-09-19,38,0,116.285714285714,0,0,4.22393450074705e-06,0.0213761990501723,B.1.1.7 OR Q.1 OR Q.2 OR Q.3 OR Q.4 OR Q.5 OR Q.6 OR Q.7 OR Q.8,Alpha,101.928571428571,0,0
2021-09-20,107,0,118,0,0,4.1524942185831e-06,0.0210184875575149,B.1.1.7 OR Q.1 OR Q.2 OR Q.3 OR Q.4 OR Q.5 OR Q.6 OR Q.7 OR Q.8,Alpha,103.857142857143,0,0
2021-09-21,172,0,124.285714285714,0,0,3.95197258781667e-06,0.02001374837691,B.1.1.7 OR Q.1 OR Q.2 OR Q.3 OR Q.4 OR Q.5 OR Q.6 OR Q.7 OR Q.8,Alpha,107.857142857143,0,0
2021-09-22,145,0,122.714285714286,0,0,3.98403707881802e-06,0.0201744808863682,B.1.1.7 OR Q.1 OR Q.2 OR Q.3 OR Q.4 OR Q.5 OR Q.6 OR Q.7 OR Q.8,Alpha,110.285714285714,0,0
2021-09-23,164,0,116.428571428571,0,0,4.22393450074705e-06,0.0213761990501723,B.1.1.7 OR Q.1 OR Q.2 OR Q.3 OR Q.4 OR Q.5 OR Q.6 OR Q.7 OR Q.8,Alpha,111.357142857143,0,0
2021-09-24,153,0,122,0,0,4.01662613795073e-06,0.0203378159097935,B.1.1.7 OR Q.1 OR Q.2 OR Q.3 OR Q.4 OR Q.5 OR Q.6 OR Q.7 OR Q.8,Alpha,117.214285714286,0,0
2021-09-25,66,0,120.714285714286,0,0,4.04975274408481e-06,0.0205038171686234,B.1.1.7 OR Q.1 OR Q.2 OR Q.3 OR Q.4 OR Q.5 OR Q.6 OR Q.7 OR Q.8,Alpha,117.857142857143,0,0
2021-09-26,35,0,120.285714285714,0,0,4.08343030781433e-06,0.020672550481579,B.1.1.7 OR Q.1 OR Q.2 OR Q.3 OR Q.4 OR Q.5 OR Q.6 OR Q.7 OR Q.8,Alpha,118.285714285714,0,0
2021-09-27,128,1,123.285714285714,0.142857142857143,0.00115874855156431,3.98403707881802e-06,0.0201744808863682,B.1.1.7 OR Q.1 OR Q.2 OR Q.3 OR Q.4 OR Q.5 OR Q.6 OR Q.7 OR Q.8,Alpha,120.642857142857,0.0714285714285714,0.00059206631142688
2021-09-28,130,0,117.285714285714,0.142857142857143,0.00121802679658952,4.18790971299034e-06,0.0211958342494188,B.1.1.7 OR Q.1 OR Q.2 OR Q.3 OR Q.4 OR Q.5 OR Q.6 OR Q.7 OR Q.8,Alpha,120.785714285714,0.0714285714285714,0.000591366055588409
2021-09-29,152,0,118.285714285714,0.142857142857143,0.00120772946859903,4.1524942185831e-06,0.0210184875575149,B.1.1.7 OR Q.1 OR Q.2 OR Q.3 OR Q.4 OR Q.5 OR Q.6 OR Q.7 OR Q.8,Alpha,120.5,0.0714285714285714,0.000592768227622999
2021-09-30,171,0,119.285714285714,0.142857142857143,0.00119760479041916,4.11767268955882e-06,0.0208440838516609,B.1.1.7 OR Q.1 OR Q.2 OR Q.3 OR Q.4 OR Q.5 OR Q.6 OR Q.7 OR Q.8,Alpha,117.857142857143,0.0714285714285714,0.000606060606060606
2021-10-01,175,0,122.428571428571,0.142857142857143,0.00116686114352392,4.01662613795073e-06,0.0203378159097935,B.1.1.7 OR Q.1 OR Q.2 OR Q.3 OR Q.4 OR Q.5 OR Q.6 OR Q.7 OR Q.8,Alpha,122.214285714286,0.0714285714285714,0.000584453535943892
2021-10-02,78,0,124.142857142857,0.142857142857143,0.00115074798619102,3.95197258781667e-06,0.02001374837691,B.1.1.7 OR Q.1 OR Q.2 OR Q.3 OR Q.4 OR Q.5 OR Q.6 OR Q.7 OR Q.8,Alpha,122.428571428571,0.0714285714285714,0.00058343057176196
2021-10-03,54,0,126.857142857143,0.142857142857143,0.00112612612612613,3.85880285453139e-06,0.0195465584639524,B.1.1.7 OR Q.1 OR Q.2 OR Q.3 OR Q.4 OR Q.5 OR Q.6 OR Q.7 OR Q.8,Alpha,123.571428571429,0.0714285714285714,0.000578034682080925
2021-10-04,191,0,135.857142857143,0,0,3.60391080304845e-06,0.0182672895031009,B.1.1.7 OR Q.1 OR Q.2 OR Q.3 OR Q.4 OR Q.5 OR Q.6 OR Q.7 OR Q.8,Alpha,129.571428571429,0.0714285714285714,0.000551267916207277
2021-10-05,260,0,154.428571428571,0,0,3.18335903976262e-06,0.016152944178978,B.1.1.7 OR Q.1 OR Q.2 OR Q.3 OR Q.4 OR Q.5 OR Q.6 OR Q.7 OR Q.8,Alpha,135.857142857143,0.0714285714285714,0.000525762355415352
2021-10-06,210,0,162.714285714286,0,0,3.00786060730635e-06,0.0152692699911115,B.1.1.7 OR Q.1 OR Q.2 OR Q.3 OR Q.4 OR Q.5 OR Q.6 OR Q.7 OR Q.8,Alpha,140.5,0.0714285714285714,0.000508388408744281
2021-10-07,183,0,164.428571428571,0,0,2.98954797948663e-06,0.0151770160346656,B.1.1.7 OR Q.1 OR Q.2 OR Q.3 OR Q.4 OR Q.5 OR Q.6 OR Q.7 OR Q.8,Alpha,141.857142857143,0.0714285714285714,0.000503524672708963
2021-10-08,142,0,159.714285714286,0,0,3.06416978815145e-06,0.0155528859091645,B.1.1.7 OR Q.1 OR Q.2 OR Q.3 OR Q.4 OR Q.5 OR Q.6 OR Q.7 OR Q.8,Alpha,141.071428571429,0.0714285714285714,0.000506329113924051
2021-10-09,146,0,169.428571428571,0,0,2.9012307854328e-06,0.0147319769923334,B.1.1.7 OR Q.1 OR Q.2 OR Q.3 OR Q.4 OR Q.5 OR Q.6 OR Q.7 OR Q.8,Alpha,146.785714285714,0.0714285714285714,0.00048661800486618
2021-10-10,69,0,171.571428571429,0,0,2.85070154625736e-06,0.0144772646869602,B.1.1.7 OR Q.1 OR Q.2 OR Q.3 OR Q.4 OR Q.5 OR Q.6 OR Q.7 OR Q.8,Alpha,149.214285714286,0.0714285714285714,0.000478697941598851
2021-10-11,215,0,175,0,0,2.80190225897232e-06,0.0142312103393425,B.1.1.7 OR Q.1 OR Q.2 OR Q.3 OR Q.4 OR Q.5 OR Q.6 OR Q.7 OR Q.8,Alpha,155.428571428571,0,0
2021-10-12,175,0,162.857142857143,0,0,3.00786060730635e-06,0.0152692699911115,B.1.1.7 OR Q.1 OR Q.2 OR Q.3 OR Q.4 OR Q.5 OR Q.6 OR Q.7 OR Q.8,Alpha,158.642857142857,0,0
2021-10-13,203,0,161.857142857143,0,0,3.02639896745607e-06,0.0153626523172213,B.1.1.7 OR Q.1 OR Q.2 OR Q.3 OR Q.4 OR Q.5 OR Q.6 OR Q.7 OR Q.8,Alpha,162.285714285714,0,0
2021-10-14,191,0,163,0,0,3.00786060730635e-06,0.0152692699911115,B.1.1.7 OR Q.1 OR Q.2 OR Q.3 OR Q.4 OR Q.5 OR Q.6 OR Q.7 OR Q.8,Alpha,163.714285714286,0,0
2021-10-15,145,0,163.428571428571,0,0,3.00786060730635e-06,0.0152692699911115,B.1.1.7 OR Q.1 OR Q.2 OR Q.3 OR Q.4 OR Q.5 OR Q.6 OR Q.7 OR Q.8,Alpha,161.571428571429,0,0
2021-10-16,111,0,158.428571428571,0,0,3.10289531652219e-06,0.0157478897269735,B.1.1.7 OR Q.1 OR Q.2 OR Q.3 OR Q.4 OR Q.5 OR Q.6 OR Q.7 OR Q.8,Alpha,163.928571428571,0,0
2021-10-17,48,0,155.428571428571,0,0,3.16285439743451e-06,0.0160497396311359,B.1.1.7 OR Q.1 OR Q.2 OR Q.3 OR Q.4 OR Q.5 OR Q.6 OR Q.7 OR Q.8,Alpha,163.5,0,0
2021-10-18,232,0,157.857142857143,0,0,3.10289531652219e-06,0.0157478897269735,B.1.1.7 OR Q.1 OR Q.2 OR Q.3 OR Q.4 OR Q.5 OR Q.6 OR Q.7 OR Q.8,Alpha,166.428571428571,0,0
2021-10-19,302,0,176,0,0,2.7860049954209e-06,0.0141510403470323,B.1.1.7 OR Q.1 OR Q.2 OR Q.3 OR Q.4 OR Q.5 OR Q.6 OR Q.7 OR Q.8,Alpha,169.428571428571,0,0
2021-10-20,288,0,188.142857142857,0,0,2.60841160708543e-06,0.0132549922531687,B.1.1.7 OR Q.1 OR Q.2 OR Q.3 OR Q.4 OR Q.5 OR Q.6 OR Q.7 OR Q.8,Alpha,175,0,0
2021-10-21,258,0,197.714285714286,0,0,2.47684015097843e-06,0.012590622585741,B.1.1.7 OR Q.1 OR Q.2 OR Q.3 OR Q.4 OR Q.5 OR Q.6 OR Q.7 OR Q.8,Alpha,180.357142857143,0,0
2021-10-22,140,0,197,0,0,2.4893969727681e-06,0.0126540475312475,B.1.1.7 OR Q.1 OR Q.2 OR Q.3 OR Q.4 OR Q.5 OR Q.6 OR Q.7 OR Q.8,Alpha,180.214285714286,0,0
2021-10-23,117,0,197.857142857143,0,0,2.47684015097843e-06,0.012590622585741,B.1.1.7 OR Q.1 OR Q.2 OR Q.3 OR Q.4 OR Q.5 OR Q.6 OR Q.7 OR Q.8,Alpha,178.142857142857,0,0
2021-10-24,47,0,197.714285714286,0,0,2.47684015097843e-06,0.012590622585741,B.1.1.7 OR Q.1 OR Q.2 OR Q.3 OR Q.4 OR Q.5 OR Q.6 OR Q.7 OR Q.8,Alpha,176.571428571429,0,0
2021-10-25,231,0,197.571428571429,0,0,2.47684015097843e-06,0.012590622585741,B.1.1.7 OR Q.1 OR Q.2 OR Q.3 OR Q.4 OR Q.5 OR Q.6 OR Q.7 OR Q.8,Alpha,177.714285714286,0,0
2021-10-26,264,0,192.142857142857,0,0,2.55414052637225e-06,0.0129810048029017,B.1.1.7 OR Q.1 OR Q.2 OR Q.3 OR Q.4 OR Q.5 OR Q.6 OR Q.7 OR Q.8,Alpha,184.071428571429,0,0
2021-10-27,247,0,186.285714285714,0,0,2.63642130901851e-06,0.0133963694101081,B.1.1.7 OR Q.1 OR Q.2 OR Q.3 OR Q.4 OR Q.5 OR Q.6 OR Q.7 OR Q.8,Alpha,187.214285714286,0,0
2021-10-28,271,0,188.142857142857,0,0,2.60841160708543e-06,0.0132549922531687,B.1.1.7 OR Q.1 OR Q.2 OR Q.3 OR Q.4 OR Q.5 OR Q.6 OR Q.7 OR Q.8,Alpha,192.928571428571,0,0
2021-10-29,212,0,198.428571428571,0,0,2.47684015097843e-06,0.012590622585741,B.1.1.7 OR Q.1 OR Q.2 OR Q.3 OR Q.4 OR Q.5 OR Q.6 OR Q.7 OR Q.8,Alpha,197.714285714286,0,0
2021-10-30,94,0,195.142857142857,0,0,2.51489648396594e-06,0.0127828339108822,B.1.1.7 OR Q.1 OR Q.2 OR Q.3 OR Q.4 OR Q.5 OR Q.6 OR Q.7 OR Q.8,Alpha,196.5,0,0
2021-10-31,88,0,201,0,0,2.43991841268647e-06,0.0124041059820151,B.1.1.7 OR Q.1 OR Q.2 OR Q.3 OR Q.4 OR Q.5 OR Q.6 OR Q.7 OR Q.8,Alpha,199.357142857143,0,0
2021-11-01,174,0,192.857142857143,0,0,2.54092379677567e-06,0.0129142686439563,B.1.1.7 OR Q.1 OR Q.2 OR Q.3 OR Q.4 OR Q.5 OR Q.6 OR Q.7 OR Q.8,Alpha,195.214285714286,0,0
2021-11-02,445,0,218.714285714286,0,0,2.23960633709195e-06,0.0113915800708678,B.1.1.7 OR Q.1 OR Q.2 OR Q.3 OR Q.4 OR Q.5 OR Q.6 OR Q.7 OR Q.8,Alpha,205.428571428571,0,0
2021-11-03,427,0,244.428571428571,0,0,2.01037382890293e-06,0.0102315945721852,B.1.1.7 OR Q.1 OR Q.2 OR Q.3 OR Q.4 OR Q.5 OR Q.6 OR Q.7 OR Q.8,Alpha,215.357142857143,0,0
2021-11-04,424,0,266.285714285714,0,0,1.84425873899439e-06,0.00939015150442384,B.1.1.7 OR Q.1 OR Q.2 OR Q.3 OR Q.4 OR Q.5 OR Q.6 OR Q.7 OR Q.8,Alpha,227.214285714286,0,0
2021-11-05,453,0,300.714285714286,0,0,1.62998834607905e-06,0.00830372466072703,B.1.1.7 OR Q.1 OR Q.2 OR Q.3 OR Q.4 OR Q.5 OR Q.6 OR Q.7 OR Q.8,Alpha,249.571428571429,0,0
2021-11-06,177,0,312.571428571429,0,0,1.56754674316857e-06,0.00798689940111123,B.1.1.7 OR Q.1 OR Q.2 OR Q.3 OR Q.4 OR Q.5 OR Q.6 OR Q.7 OR Q.8,Alpha,253.857142857143,0,0
2021-11-07,133,0,319,0,0,1.53808623447162e-06,0.00783738325090626,B.1.1.7 OR Q.1 OR Q.2 OR Q.3 OR Q.4 OR Q.5 OR Q.6 OR Q.7 OR Q.8,Alpha,260,0,0
2021-11-08,513,0,367.428571428571,0,0,1.33705681826253e-06,0.00681652938210312,B.1.1.7 OR Q.1 OR Q.2 OR Q.3 OR Q.4 OR Q.5 OR Q.6 OR Q.7 OR Q.8,Alpha,280.142857142857,0,0
2021-11-09,459,0,369.428571428571,0,0,1.32981481249815e-06,0.00677973392448625,B.1.1.7 OR Q.1 OR Q.2 OR Q.3 OR Q.4 OR Q.5 OR Q.6 OR Q.7 OR Q.8,Alpha,294.071428571429,0,0
2021-11-10,304,0,351.857142857143,0,0,1.39399316573271e-06,0.00710576624628073,B.1.1.7 OR Q.1 OR Q.2 OR Q.3 OR Q.4 OR Q.5 OR Q.6 OR Q.7 OR Q.8,Alpha,298.142857142857,0,0
2021-11-11,212,0,321.571428571429,0,0,1.52376737521076e-06,0.00776470492313088,B.1.1.7 OR Q.1 OR Q.2 OR Q.3 OR Q.4 OR Q.5 OR Q.6 OR Q.7 OR Q.8,Alpha,293.928571428571,0,0
2021-11-12,210,0,286.857142857143,0,0,1.7094306453006e-06,0.0087066642293802,B.1.1.7 OR Q.1 OR Q.2 OR Q.3 OR Q.4 OR Q.5 OR Q.6 OR Q.7 OR Q.8,Alpha,293.785714285714,0,0
2021-11-13,151,0,283.142857142857,0,0,1.73357084428816e-06,0.00882907337433933,B.1.1.7 OR Q.1 OR Q.2 OR Q.3 OR Q.4 OR Q.5 OR Q.6 OR Q.7 OR Q.8,Alpha,297.857142857143,0,0
2021-11-14,80,0,275.571428571429,0,0,1.77749835670937e-06,0.00905178044135724,B.1.1.7 OR Q.1 OR Q.2 OR Q.3 OR Q.4 OR Q.5 OR Q.6 OR Q.7 OR Q.8,Alpha,297.285714285714,0,0
2021-11-15,129,0,220.714285714286,0,0,2.21936135649766e-06,0.0112891891473855,B.1.1.7 OR Q.1 OR Q.2 OR Q.3 OR Q.4 OR Q.5 OR Q.6 OR Q.7 OR Q.8,Alpha,294.071428571429,0,0
2021-11-16,116,0,171.714285714286,0,0,2.85070154625736e-06,0.0144772646869602,B.1.1.7 OR Q.1 OR Q.2 OR Q.3 OR Q.4 OR Q.5 OR Q.6 OR Q.7 OR Q.8,Alpha,270.571428571429,0,0
2021-11-17,126,0,146.285714285714,0,0,3.35749071194876e-06,0.0170289521886297,B.1.1.7 OR Q.1 OR Q.2 OR Q.3 OR Q.4 OR Q.5 OR Q.6 OR Q.7 OR Q.8,Alpha,249.071428571429,0,0
2021-11-18,349,0,165.857142857143,0,0,2.95358362747456e-06,0.0149958124024809,B.1.1.7 OR Q.1 OR Q.2 OR Q.3 OR Q.4 OR Q.5 OR Q.6 OR Q.7 OR Q.8,Alpha,243.714285714286,0,0
2021-11-19,125,0,153.714285714286,0,0,3.18335903976262e-06,0.016152944178978,B.1.1.7 OR Q.1 OR Q.2 OR Q.3 OR Q.4 OR Q.5 OR Q.6 OR Q.7 OR Q.8,Alpha,220.285714285714,0,0
2021-11-20,137,0,151.714285714286,0,0,3.22517638460406e-06,0.0163633868570241,B.1.1.7 OR Q.1 OR Q.2 OR Q.3 OR Q.4 OR Q.5 OR Q.6 OR Q.7 OR Q.8,Alpha,217.428571428571,0,0
2021-11-21,91,0,153.285714285714,0,0,3.20413127789015e-06,0.0162574845530713,B.1.1.7 OR Q.1 OR Q.2 OR Q.3 OR Q.4 OR Q.5 OR Q.6 OR Q.7 OR Q.8,Alpha,214.428571428571,0,0
2021-11-22,240,0,169.142857142857,0,0,2.9012307854328e-06,0.0147319769923334,B.1.1.7 OR Q.1 OR Q.2 OR Q.3 OR Q.4 OR Q.5 OR Q.6 OR Q.7 OR Q.8,Alpha,194.928571428571,0,0
2021-11-23,196,0,180.571428571429,0,0,2.70914993764684e-06,0.0137633678343677,B.1.1.7 OR Q.1 OR Q.2 OR Q.3 OR Q.4 OR Q.5 OR Q.6 OR Q.7 OR Q.8,Alpha,176.142857142857,0,0
2021-11-24,185,0,189,0,0,2.59462876080893e-06,0.013185416788535,B.1.1.7 OR Q.1 OR Q.2 OR Q.3 OR Q.4 OR Q.5 OR Q.6 OR Q.7 OR Q.8,Alpha,167.642857142857,0,0
2021-11-25,222,0,170.857142857143,0,0,2.86734791939538e-06,0.0145611844889316,B.1.1.7 OR Q.1 OR Q.2 OR Q.3 OR Q.4 OR Q.5 OR Q.6 OR Q.7 OR Q.8,Alpha,168.357142857143,0,0
2021-11-26,166,0,176.714285714286,0,0,2.77028710782409e-06,0.0140717685353221,B.1.1.7 OR Q.1 OR Q.2 OR Q.3 OR Q.4 OR Q.5 OR Q.6 OR Q.7 OR Q.8,Alpha,165.214285714286,0,0
2021-11-27,140,0,177.142857142857,0,0,2.77028710782409e-06,0.0140717685353221,B.1.1.7 OR Q.1 OR Q.2 OR Q.3 OR Q.4 OR Q.5 OR Q.6 OR Q.7 OR Q.8,Alpha,164.428571428571,0,0
2021-11-28,82,0,175.857142857143,0,0,2.7860049954209e-06,0.0141510403470323,B.1.1.7 OR Q.1 OR Q.2 OR Q.3 OR Q.4 OR Q.5 OR Q.6 OR Q.7 OR Q.8,Alpha,164.571428571429,0,0
2021-11-29,221,0,173.142857142857,0,0,2.8342473381684e-06,0.0143943066246898,B.1.1.7 OR Q.1 OR Q.2 OR Q.3 OR Q.4 OR Q.5 OR Q.6 OR Q.7 OR Q.8,Alpha,171.142857142857,0,0
2021-11-30,157,0,167.571428571429,0,0,2.91847429308968e-06,0.0148188845320305,B.1.1.7 OR Q.1 OR Q.2 OR Q.3 OR Q.4 OR Q.5 OR Q.6 OR Q.7 OR Q.8,Alpha,174.071428571429,0,0
2021-12-01,204,0,170.285714285714,0,0,2.88418984372798e-06,0.0146460828520485,B.1.1.7 OR Q.1 OR Q.2 OR Q.3 OR Q.4 OR Q.5 OR Q.6 OR Q.7 OR Q.8,Alpha,179.642857142857,0,0
2021-12-02,231,0,171.571428571429,0,0,2.85070154625736e-06,0.0144772646869602,B.1.1.7 OR Q.1 OR Q.2 OR Q.3 OR Q.4 OR Q.5 OR Q.6 OR Q.7 OR Q.8,Alpha,171.214285714286,0,0
2021-12-03,377,0,201.714285714286,0,0,2.42785457233034e-06,0.0123431557478449,B.1.1.7 OR Q.1 OR Q.2 OR Q.3 OR Q.4 OR Q.5 OR Q.6 OR Q.7 OR Q.8,Alpha,189.214285714286,0,0
2021-12-04,247,0,217,0,0,2.26022406646434e-06,0.011495845304561,B.1.1.7 OR Q.1 OR Q.2 OR Q.3 OR Q.4 OR Q.5 OR Q.6 OR Q.7 OR Q.8,Alpha,197.071428571429,0,0
2021-12-05,262,0,242.714285714286,0,0,2.0186384524594e-06,0.0102734397047645,B.1.1.7 OR Q.1 OR Q.2 OR Q.3 OR Q.4 OR Q.5 OR Q.6 OR Q.7 OR Q.8,Alpha,209.285714285714,0,0
2021-12-06,378,0,265.142857142857,0,0,1.85121163398505e-06,0.00942538519721838,B.1.1.7 OR Q.1 OR Q.2 OR Q.3 OR Q.4 OR Q.5 OR Q.6 OR Q.7 OR Q.8,Alpha,219.142857142857,0,0
2021-12-07,263,0,280.285714285714,0,0,1.75212821755867e-06,0.00892316307353726,B.1.1.7 OR Q.1 OR Q.2 OR Q.3 OR Q.4 OR Q.5 OR Q.6 OR Q.7 OR Q.8,Alpha,223.928571428571,0,0
2021-12-08,416,0,310.571428571429,0,0,1.57761931825701e-06,0.00803801394079173,B.1.1.7 OR Q.1 OR Q.2 OR Q.3 OR Q.4 OR Q.5 OR Q.6 OR Q.7 OR Q.8,Alpha,240.428571428571,0,0
2021-12-09,147,0,298.571428571429,0,0,1.64088215309321e-06,0.00835898886872059,B.1.1.7 OR Q.1 OR Q.2 OR Q.3 OR Q.4 OR Q.5 OR Q.6 OR Q.7 OR Q.8,Alpha,235.071428571429,0,0
2021-12-10,282,0,285,0,0,1.72141611674884e-06,0.00876744156331315,B.1.1.7 OR Q.1 OR Q.2 OR Q.3 OR Q.4 OR Q.5 OR Q.6 OR Q.7 OR Q.8,Alpha,243.357142857143,0,0
2021-12-11,254,0,286,0,0,1.71540244574416e-06,0.00873694720119021,B.1.1.7 OR Q.1 OR Q.2 OR Q.3 OR Q.4 OR Q.5 OR Q.6 OR Q.7 OR Q.8,Alpha,251.5,0,0
2021-12-12,179,0,274.142857142857,0,0,1.79046094772534e-06,0.0091174896132951,B.1.1.7 OR Q.1 OR Q.2 OR Q.3 OR Q.4 OR Q.5 OR Q.6 OR Q.7 OR Q.8,Alpha,258.428571428571,0,0
2021-12-13,364,0,272.142857142857,0,0,1.8036139896233e-06,0.00918415975237434,B.1.1.7 OR Q.1 OR Q.2 OR Q.3 OR Q.4 OR Q.5 OR Q.6 OR Q.7 OR Q.8,Alpha,268.642857142857,0,0
2021-12-14,245,0,269.571428571429,0,0,1.81696171071969e-06,0.00925181209426767,B.1.1.7 OR Q.1 OR Q.2 OR Q.3 OR Q.4 OR Q.5 OR Q.6 OR Q.7 OR Q.8,Alpha,274.928571428571,0,0
2021-12-15,279,0,250,0,0,1.96217315378124e-06,0.00998751145709409,B.1.1.7 OR Q.1 OR Q.2 OR Q.3 OR Q.4 OR Q.5 OR Q.6 OR Q.7 OR Q.8,Alpha,280.285714285714,0,0
2021-12-16,143,0,249.428571428571,0,0,1.97004544766414e-06,0.010027380033247,B.1.1.7 OR Q.1 OR Q.2 OR Q.3 OR Q.4 OR Q.5 OR Q.6 OR Q.7 OR Q.8,Alpha,274,0,0
2021-12-17,296,0,251.428571428571,0,0,1.9543635247696e-06,0.00994795865499283,B.1.1.7 OR Q.1 OR Q.2 OR Q.3 OR Q.4 OR Q.5 OR Q.6 OR Q.7 OR Q.8,Alpha,268.214285714286,0,0
2021-12-18,254,0,251.428571428571,0,0,1.9543635247696e-06,0.00994795865499283,B.1.1.7 OR Q.1 OR Q.2 OR Q.3 OR Q.4 OR Q.5 OR Q.6 OR Q.7 OR Q.8,Alpha,268.714285714286,0,0
2021-12-19,129,0,244.285714285714,0,0,2.01037382890293e-06,0.0102315945721852,B.1.1.7 OR Q.1 OR Q.2 OR Q.3 OR Q.4 OR Q.5 OR Q.6 OR Q.7 OR Q.8,Alpha,259.214285714286,0,0
2021-12-20,285,0,233,0,0,2.10518224905609e-06,0.0107115187370326,B.1.1.7 OR Q.1 OR Q.2 OR Q.3 OR Q.4 OR Q.5 OR Q.6 OR Q.7 OR Q.8,Alpha,252.571428571429,0,0
2021-12-21,191,0,225.285714285714,0,0,2.17994992603348e-06,0.0110898316436594,B.1.1.7 OR Q.1 OR Q.2 OR Q.3 OR Q.4 OR Q.5 OR Q.6 OR Q.7 OR Q.8,Alpha,247.428571428571,0,0
2021-12-22,266,0,223.428571428571,0,0,2.19947910682983e-06,0.0111886224450171,B.1.1.7 OR Q.1 OR Q.2 OR Q.3 OR Q.4 OR Q.5 OR Q.6 OR Q.7 OR Q.8,Alpha,236.714285714286,0,0
2021-12-23,245,0,238,0,0,2.06100223360826e-06,0.0104879066322085,B.1.1.7 OR Q.1 OR Q.2 OR Q.3 OR Q.4 OR Q.5 OR Q.6 OR Q.7 OR Q.8,Alpha,243.714285714286,0,0
2021-12-24,382,0,250.285714285714,0,0,1.96217315378124e-06,0.00998751145709409,B.1.1.7 OR Q.1 OR Q.2 OR Q.3 OR Q.4 OR Q.5 OR Q.6 OR Q.7 OR Q.8,Alpha,250.857142857143,0,0
2021-12-25,240,0,248.285714285714,0,0,1.97798116369526e-06,0.0100675681800939,B.1.1.7 OR Q.1 OR Q.2 OR Q.3 OR Q.4 OR Q.5 OR Q.6 OR Q.7 OR Q.8,Alpha,249.857142857143,0,0
2021-12-26,144,0,250.428571428571,0,0,1.96217315378124e-06,0.00998751145709409,B.1.1.7 OR Q.1 OR Q.2 OR Q.3 OR Q.4 OR Q.5 OR Q.6 OR Q.7 OR Q.8,Alpha,247.357142857143,0,0
2021-12-27,353,0,260.142857142857,0,0,1.88677759353946e-06,0.00960559556754755,B.1.1.7 OR Q.1 OR Q.2 OR Q.3 OR Q.4 OR Q.5 OR Q.6 OR Q.7 OR Q.8,Alpha,246.571428571429,0,0
2021-12-28,423,0,293.285714285714,0,0,1.67445513720291e-06,0.00852928501168656,B.1.1.7 OR Q.1 OR Q.2 OR Q.3 OR Q.4 OR Q.5 OR Q.6 OR Q.7 OR Q.8,Alpha,259.285714285714,0,0
2021-12-29,624,0,344.428571428571,0,0,1.42638802863867e-06,0.00727029467044418,B.1.1.7 OR Q.1 OR Q.2 OR Q.3 OR Q.4 OR Q.5 OR Q.6 OR Q.7 OR Q.8,Alpha,283.928571428571,0,0
2021-12-30,254,0,345.714285714286,0,0,1.41814897436462e-06,0.00722845239275987,B.1.1.7 OR Q.1 OR Q.2 OR Q.3 OR Q.4 OR Q.5 OR Q.6 OR Q.7 OR Q.8,Alpha,291.857142857143,0,0
2021-12-31,415,0,350.428571428571,0,0,1.40195314563278e-06,0.00714619626199126,B.1.1.7 OR Q.1 OR Q.2 OR Q.3 OR Q.4 OR Q.5 OR Q.6 OR Q.7 OR Q.8,Alpha,300.357142857143,0,0
2022-01-01,140,0,336.142857142857,0,0,1.46032435476781e-06,0.00744262269941402,B.1.1.7 OR Q.1 OR Q.2 OR Q.3 OR Q.4 OR Q.5 OR Q.6 OR Q.7 OR Q.8,Alpha,292.214285714286,0,0
2022-01-02,265,0,353.428571428571,0,0,1.39004697607276e-06,0.00708572230502691,B.1.1.7 OR Q.1 OR Q.2 OR Q.3 OR Q.4 OR Q.5 OR Q.6 OR Q.7 OR Q.8,Alpha,301.928571428571,0,0
2022-01-03,624,0,392.142857142857,0,0,1.25183977431262e-06,0.00638346901413674,B.1.1.7 OR Q.1 OR Q.2 OR Q.3 OR Q.4 OR Q.5 OR Q.6 OR Q.7 OR Q.8,Alpha,326.142857142857,0,0
2022-01-04,872,0,456.285714285714,0,0,1.0762393876448e-06,0.00549049830240912,B.1.1.7 OR Q.1 OR Q.2 OR Q.3 OR Q.4 OR Q.5 OR Q.6 OR Q.7 OR Q.8,Alpha,374.785714285714,0,0
2022-01-05,643,0,459,0,0,1.06920897833332e-06,0.00545473025474581,B.1.1.7 OR Q.1 OR Q.2 OR Q.3 OR Q.4 OR Q.5 OR Q.6 OR Q.7 OR Q.8,Alpha,401.714285714286,0,0
2022-01-06,581,0,505.714285714286,0,0,9.69944218382986e-07,0.00494957158416971,B.1.1.7 OR Q.1 OR Q.2 OR Q.3 OR Q.4 OR Q.5 OR Q.6 OR Q.7 OR Q.8,Alpha,425.714285714286,0,0
2022-01-07,571,0,528,0,0,9.29549030495685e-07,0.00474392689774478,B.1.1.7 OR Q.1 OR Q.2 OR Q.3 OR Q.4 OR Q.5 OR Q.6 OR Q.7 OR Q.8,Alpha,439.214285714286,0,0
2022-01-08,380,0,562.285714285714,0,0,8.73338009090679e-07,0.00445769590554764,B.1.1.7 OR Q.1 OR Q.2 OR Q.3 OR Q.4 OR Q.5 OR Q.6 OR Q.7 OR Q.8,Alpha,449.214285714286,0,0
2022-01-09,407,0,582.571428571429,0,0,8.4189336779339e-07,0.00429754138655595,B.1.1.7 OR Q.1 OR Q.2 OR Q.3 OR Q.4 OR Q.5 OR Q.6 OR Q.7 OR Q.8,Alpha,468,0,0
2022-01-10,829,0,611.857142857143,0,0,8.02016040390226e-07,0.00409440027447702,B.1.1.7 OR Q.1 OR Q.2 OR Q.3 OR Q.4 OR Q.5 OR Q.6 OR Q.7 OR Q.8,Alpha,502,0,0
2022-01-11,744,0,593.571428571429,0,0,8.2630931804231e-07,0.00421815882284329,B.1.1.7 OR Q.1 OR Q.2 OR Q.3 OR Q.4 OR Q.5 OR Q.6 OR Q.7 OR Q.8,Alpha,524.928571428572,0,0
2022-01-12,885,0,628.142857142857,0,0,7.81590653088724e-07,0.00399033422487778,B.1.1.7 OR Q.1 OR Q.2 OR Q.3 OR Q.4 OR Q.5 OR Q.6 OR Q.7 OR Q.8,Alpha,543.571428571429,0,0
2022-01-13,638,0,636.285714285714,0,0,7.71763192436238e-07,0.00394026006307474,B.1.1.7 OR Q.1 OR Q.2 OR Q.3 OR Q.4 OR Q.5 OR Q.6 OR Q.7 OR Q.8,Alpha,571,0,0
2022-01-14,691,0,653.428571428572,0,0,7.51679047940275e-07,0.00383791687554485,B.1.1.7 OR Q.1 OR Q.2 OR Q.3 OR Q.4 OR Q.5 OR Q.6 OR Q.7 OR Q.8,Alpha,590.714285714286,0,0
2022-01-15,598,0,684.571428571429,0,0,7.16576942673204e-07,0.00365902110650706,B.1.1.7 OR Q.1 OR Q.2 OR Q.3 OR Q.4 OR Q.5 OR Q.6 OR Q.7 OR Q.8,Alpha,623.428571428572,0,0
2022-01-16,402,0,683.857142857143,0,0,7.1762418650101e-07,0.0036643587866291,B.1.1.7 OR Q.1 OR Q.2 OR Q.3 OR Q.4 OR Q.5 OR Q.6 OR Q.7 OR Q.8,Alpha,633.214285714286,0,0
2022-01-17,987,0,706.428571428572,0,0,6.95269886177195e-07,0.00355041530548675,B.1.1.7 OR Q.1 OR Q.2 OR Q.3 OR Q.4 OR Q.5 OR Q.6 OR Q.7 OR Q.8,Alpha,659.142857142857,0,0
2022-01-18,890,0,727.285714285714,0,0,6.75193350007751e-07,0.00344807084970464,B.1.1.7 OR Q.1 OR Q.2 OR Q.3 OR Q.4 OR Q.5 OR Q.6 OR Q.7 OR Q.8,Alpha,660.428571428572,0,0
2022-01-19,813,0,717,0,0,6.8460698594329e-07,0.00349606018981415,B.1.1.7 OR Q.1 OR Q.2 OR Q.3 OR Q.4 OR Q.5 OR Q.6 OR Q.7 OR Q.8,Alpha,672.571428571429,0,0
2022-01-20,787,0,738.285714285714,0,0,6.65132905006126e-07,0.00339678161687033,B.1.1.7 OR Q.1 OR Q.2 OR Q.3 OR Q.4 OR Q.5 OR Q.6 OR Q.7 OR Q.8,Alpha,687.285714285714,0,0
2022-01-21,752,0,747,0,0,6.57121940129315e-07,0.00335593896679908,B.1.1.7 OR Q.1 OR Q.2 OR Q.3 OR Q.4 OR Q.5 OR Q.6 OR Q.7 OR Q.8,Alpha,700.214285714286,0,0
2022-01-22,662,0,756.142857142857,0,0,6.49301649366632e-07,0.00331606682435235,B.1.1.7 OR Q.1 OR Q.2 OR Q.3 OR Q.4 OR Q.5 OR Q.6 OR Q.7 OR Q.8,Alpha,720.357142857143,0,0
2022-01-23,536,0,775.285714285714,0,0,6.33388426364676e-07,0.00323492753798591,B.1.1.7 OR Q.1 OR Q.2 OR Q.3 OR Q.4 OR Q.5 OR Q.6 OR Q.7 OR Q.8,Alpha,729.571428571429,0,0
2022-01-24,957,0,771,0,0,6.36673421674493e-07,0.00325167780815255,B.1.1.7 OR Q.1 OR Q.2 OR Q.3 OR Q.4 OR Q.5 OR Q.6 OR Q.7 OR Q.8,Alpha,738.714285714286,0,0
2022-01-25,1122,0,804.142857142857,0,0,6.10549437309075e-07,0.00311846320131434,B.1.1.7 OR Q.1 OR Q.2 OR Q.3 OR Q.4 OR Q.5 OR Q.6 OR Q.7 OR Q.8,Alpha,765.714285714286,0,0
2022-01-26,933,0,821.285714285714,0,0,5.97910975989286e-07,0.00305400922831571,B.1.1.7 OR Q.1 OR Q.2 OR Q.3 OR Q.4 OR Q.5 OR Q.6 OR Q.7 OR Q.8,Alpha,769.142857142857,0,0
2022-01-27,826,0,826.857142857143,0,0,5.9357436134839e-07,0.00303189228134088,B.1.1.7 OR Q.1 OR Q.2 OR Q.3 OR Q.4 OR Q.5 OR Q.6 OR Q.7 OR Q.8,Alpha,782.571428571429,0,0
2022-01-28,708,0,820.571428571429,0,0,5.97910975989286e-07,0.00305400922831571,B.1.1.7 OR Q.1 OR Q.2 OR Q.3 OR Q.4 OR Q.5 OR Q.6 OR Q.7 OR Q.8,Alpha,783.785714285714,0,0
2022-01-29,589,0,810.142857142857,0,0,6.06028246115822e-07,0.00309540638469937,B.1.1.7 OR Q.1 OR Q.2 OR Q.3 OR Q.4 OR Q.5 OR Q.6 OR Q.7 OR Q.8,Alpha,783.142857142857,0,0
2022-01-30,430,0,795,0,0,6.17459142055661e-07,0.0031536997419933,B.1.1.7 OR Q.1 OR Q.2 OR Q.3 OR Q.4 OR Q.5 OR Q.6 OR Q.7 OR Q.8,Alpha,785.142857142857,0,0
2022-01-31,1200,0,829.714285714286,0,0,5.91429558703428e-07,0.00302095350151769,B.1.1.7 OR Q.1 OR Q.2 OR Q.3 OR Q.4 OR Q.5 OR Q.6 OR Q.7 OR Q.8,Alpha,800.357142857143,0,0
2022-02-01,1003,0,812.714285714286,0,0,6.03792667860699e-07,0.00308400536082948,B.1.1.7 OR Q.1 OR Q.2 OR Q.3 OR Q.4 OR Q.5 OR Q.6 OR Q.7 OR Q.8,Alpha,808.428571428572,0,0
2022-02-02,849,0,800.714285714286,0,0,6.12835424919209e-07,0.00313012089885434,B.1.1.7 OR Q.1 OR Q.2 OR Q.3 OR Q.4 OR Q.5 OR Q.6 OR Q.7 OR Q.8,Alpha,811,0,0
2022-02-03,765,0,792,0,0,6.19797263441908e-07,0.00316562287961599,B.1.1.7 OR Q.1 OR Q.2 OR Q.3 OR Q.4 OR Q.5 OR Q.6 OR Q.7 OR Q.8,Alpha,809.428571428571,0,0
2022-02-04,819,0,807.857142857143,0,0,6.07527851446728e-07,0.00310305401357381,B.1.1.7 OR Q.1 OR Q.2 OR Q.3 OR Q.4 OR Q.5 OR Q.6 OR Q.7 OR Q.8,Alpha,814.214285714286,0,0
2022-02-05,474,0,791.428571428572,0,0,6.20580577195968e-07,0.00316961731857368,B.1.1.7 OR Q.1 OR Q.2 OR Q.3 OR Q.4 OR Q.5 OR Q.6 OR Q.7 OR Q.8,Alpha,800.785714285714,0,0
2022-02-06,489,0,799.857142857143,0,0,6.13601229576654e-07,0.00313402619096842,B.1.1.7 OR Q.1 OR Q.2 OR Q.3 OR Q.4 OR Q.5 OR Q.6 OR Q.7 OR Q.8,Alpha,797.428571428571,0,0
2022-02-07,1035,0,776.285714285714,0,0,6.32572467383238e-07,0.00323076689984937,B.1.1.7 OR Q.1 OR Q.2 OR Q.3 OR Q.4 OR Q.5 OR Q.6 OR Q.7 OR Q.8,Alpha,803,0,0
2022-02-08,890,0,760.142857142857,0,0,6.45885397505271e-07,0.00329864839328195,B.1.1.7 OR Q.1 OR Q.2 OR Q.3 OR Q.4 OR Q.5 OR Q.6 OR Q.7 OR Q.8,Alpha,786.428571428572,0,0
2022-02-09,530,0,714.571428571429,0,0,6.8652130028677e-07,0.00350581880179708,B.1.1.7 OR Q.1 OR Q.2 OR Q.3 OR Q.4 OR Q.5 OR Q.6 OR Q.7 OR Q.8,Alpha,757.642857142857,0,0
2022-02-10,498,0,676.428571428571,0,0,7.26113636596825e-07,0.00370762747196209,B.1.1.7 OR Q.1 OR Q.2 OR Q.3 OR Q.4 OR Q.5 OR Q.6 OR Q.7 OR Q.8,Alpha,734.214285714286,0,0
2022-02-11,293,0,601.285714285714,0,0,8.16689090419805e-07,0.00416915182022254,B.1.1.7 OR Q.1 OR Q.2 OR Q.3 OR Q.4 OR Q.5 OR Q.6 OR Q.7 OR Q.8,Alpha,704.571428571429,0,0
2022-02-12,341,0,582.285714285714,0,0,8.43339297991354e-07,0.00430490639424358,B.1.1.7 OR Q.1 OR Q.2 OR Q.3 OR Q.4 OR Q.5 OR Q.6 OR Q.7 OR Q.8,Alpha,686.857142857143,0,0
2022-02-13,222,0,544.142857142857,0,0,9.02221929729579e-07,0.00460478540775873,B.1.1.7 OR Q.1 OR Q.2 OR Q.3 OR Q.4 OR Q.5 OR Q.6 OR Q.7 OR Q.8,Alpha,672,0,0
2022-02-14,732,0,500.857142857143,0,0,9.796194652986e-07,0.00499882022998554,B.1.1.7 OR Q.1 OR Q.2 OR Q.3 OR Q.4 OR Q.5 OR Q.6 OR Q.7 OR Q.8,Alpha,638.571428571429,0,0
2022-02-15,404,0,431.428571428572,0,0,1.13863002086409e-06,0.00580786174474194,B.1.1.7 OR Q.1 OR Q.2 OR Q.3 OR Q.4 OR Q.5 OR Q.6 OR Q.7 OR Q.8,Alpha,595.785714285714,0,0
2022-02-16,316,0,400.857142857143,0,0,1.22376115337859e-06,0.00624073626986596,B.1.1.7 OR Q.1 OR Q.2 OR Q.3 OR Q.4 OR Q.5 OR Q.6 OR Q.7 OR Q.8,Alpha,557.714285714286,0,0
2022-02-17,290,0,371.142857142857,0,0,1.32265083497164e-06,0.00674333357427535,B.1.1.7 OR Q.1 OR Q.2 OR Q.3 OR Q.4 OR Q.5 OR Q.6 OR Q.7 OR Q.8,Alpha,523.785714285714,0,0
2022-02-18,245,0,364.285714285714,0,0,1.34806894144398e-06,0.00687247758261282,B.1.1.7 OR Q.1 OR Q.2 OR Q.3 OR Q.4 OR Q.5 OR Q.6 OR Q.7 OR Q.8,Alpha,482.785714285714,0,0
2022-02-19,152,0,337.285714285714,0,0,1.45599426584914e-06,0.00742063625426931,B.1.1.7 OR Q.1 OR Q.2 OR Q.3 OR Q.4 OR Q.5 OR Q.6 OR Q.7 OR Q.8,Alpha,459.785714285714,0,0
2022-02-20,192,0,333,0,0,1.47347054345676e-06,0.00750937075927116,B.1.1.7 OR Q.1 OR Q.2 OR Q.3 OR Q.4 OR Q.5 OR Q.6 OR Q.7 OR Q.8,Alpha,438.571428571429,0,0
2022-02-21,403,0,286,0,0,1.71540244574416e-06,0.00873694720119021,B.1.1.7 OR Q.1 OR Q.2 OR Q.3 OR Q.4 OR Q.5 OR Q.6 OR Q.7 OR Q.8,Alpha,393.428571428571,0,0
2022-02-22,275,0,267.571428571429,0,0,1.83050846542382e-06,0.00932046850498606,B.1.1.7 OR Q.1 OR Q.2 OR Q.3 OR Q.4 OR Q.5 OR Q.6 OR Q.7 OR Q.8,Alpha,349.5,0,0
2022-02-23,137,0,242,0,0,2.02697130802396e-06,0.0103156285154405,B.1.1.7 OR Q.1 OR Q.2 OR Q.3 OR Q.4 OR Q.5 OR Q.6 OR Q.7 OR Q.8,Alpha,321.428571428571,0,0
2022-02-24,159,0,223.285714285714,0,0,2.19947910682983e-06,0.0111886224450171,B.1.1.7 OR Q.1 OR Q.2 OR Q.3 OR Q.4 OR Q.5 OR Q.6 OR Q.7 OR Q.8,Alpha,297.214285714286,0,0
2022-02-25,258,0,225.142857142857,0,0,2.17994992603348e-06,0.0110898316436594,B.1.1.7 OR Q.1 OR Q.2 OR Q.3 OR Q.4 OR Q.5 OR Q.6 OR Q.7 OR Q.8,Alpha,294.714285714286,0,0
2022-02-26,113,0,219.571428571429,0,0,2.22943788784192e-06,0.011340153493315,B.1.1.7 OR Q.1 OR Q.2 OR Q.3 OR Q.4 OR Q.5 OR Q.6 OR Q.7 OR Q.8,Alpha,278.428571428571,0,0
2022-02-27,82,0,203.857142857143,0,0,2.40408127492379e-06,0.0122230347180468,B.1.1.7 OR Q.1 OR Q.2 OR Q.3 OR Q.4 OR Q.5 OR Q.6 OR Q.7 OR Q.8,Alpha,268.428571428571,0,0
2022-02-28,384,0,201.142857142857,0,0,2.43991841268647e-06,0.0124041059820151,B.1.1.7 OR Q.1 OR Q.2 OR Q.3 OR Q.4 OR Q.5 OR Q.6 OR Q.7 OR Q.8,Alpha,243.571428571429,0,0
2022-03-01,196,0,189.857142857143,0,0,2.58099080591376e-06,0.0131165679010523,B.1.1.7 OR Q.1 OR Q.2 OR Q.3 OR Q.4 OR Q.5 OR Q.6 OR Q.7 OR Q.8,Alpha,228.714285714286,0,0
2022-03-02,124,0,188,0,0,2.60841160708543e-06,0.0132549922531687,B.1.1.7 OR Q.1 OR Q.2 OR Q.3 OR Q.4 OR Q.5 OR Q.6 OR Q.7 OR Q.8,Alpha,215,0,0
2022-03-03,106,0,180.428571428571,0,0,2.7241798463776e-06,0.0138391937404528,B.1.1.7 OR Q.1 OR Q.2 OR Q.3 OR Q.4 OR Q.5 OR Q.6 OR Q.7 OR Q.8,Alpha,201.857142857143,0,0
2022-03-04,169,0,167.714285714286,0,0,2.91847429308968e-06,0.0148188845320305,B.1.1.7 OR Q.1 OR Q.2 OR Q.3 OR Q.4 OR Q.5 OR Q.6 OR Q.7 OR Q.8,Alpha,196.428571428571,0,0
2022-03-05,118,0,168.428571428571,0,0,2.91847429308968e-06,0.0148188845320305,B.1.1.7 OR Q.1 OR Q.2 OR Q.3 OR Q.4 OR Q.5 OR Q.6 OR Q.7 OR Q.8,Alpha,194,0,0
2022-03-06,79,0,168,0,0,2.91847429308968e-06,0.0148188845320305,B.1.1.7 OR Q.1 OR Q.2 OR Q.3 OR Q.4 OR Q.5 OR Q.6 OR Q.7 OR Q.8,Alpha,185.928571428571,0,0
2022-03-07,358,0,164.285714285714,0,0,2.98954797948663e-06,0.0151770160346656,B.1.1.7 OR Q.1 OR Q.2 OR Q.3 OR Q.4 OR Q.5 OR Q.6 OR Q.7 OR Q.8,Alpha,182.714285714286,0,0
2022-03-08,145,0,157,0,0,3.1226274796481e-06,0.0158472368930627,B.1.1.7 OR Q.1 OR Q.2 OR Q.3 OR Q.4 OR Q.5 OR Q.6 OR Q.7 OR Q.8,Alpha,173.428571428571,0,0
2022-03-09,77,0,150.285714285714,0,0,3.26810699680149e-06,0.016579385114365,B.1.1.7 OR Q.1 OR Q.2 OR Q.3 OR Q.4 OR Q.5 OR Q.6 OR Q.7 OR Q.8,Alpha,169.142857142857,0,0
2022-03-10,76,0,146,0,0,3.35749071194876e-06,0.0170289521886297,B.1.1.7 OR Q.1 OR Q.2 OR Q.3 OR Q.4 OR Q.5 OR Q.6 OR Q.7 OR Q.8,Alpha,163.214285714286,0,0
2022-03-11,216,0,152.714285714286,0,0,3.20413127789015e-06,0.0162574845530713,B.1.1.7 OR Q.1 OR Q.2 OR Q.3 OR Q.4 OR Q.5 OR Q.6 OR Q.7 OR Q.8,Alpha,160.214285714286,0,0
2022-03-12,74,0,146.428571428571,0,0,3.35749071194876e-06,0.0170289521886297,B.1.1.7 OR Q.1 OR Q.2 OR Q.3 OR Q.4 OR Q.5 OR Q.6 OR Q.7 OR Q.8,Alpha,157.428571428571,0,0
2022-03-13,49,0,142.142857142857,0,0,3.45190124791903e-06,0.0175035789898406,B.1.1.7 OR Q.1 OR Q.2 OR Q.3 OR Q.4 OR Q.5 OR Q.6 OR Q.7 OR Q.8,Alpha,155.071428571429,0,0
2022-03-14,220,0,122.428571428571,0,0,4.01662613795073e-06,0.0203378159097935,B.1.1.7 OR Q.1 OR Q.2 OR Q.3 OR Q.4 OR Q.5 OR Q.6 OR Q.7 OR Q.8,Alpha,143.357142857143,0,0
2022-03-15,235,0,135.285714285714,0,0,3.63055695453752e-06,0.0184011011034599,B.1.1.7 OR Q.1 OR Q.2 OR Q.3 OR Q.4 OR Q.5 OR Q.6 OR Q.7 OR Q.8,Alpha,146.142857142857,0,0
2022-03-16,67,0,133.857142857143,0,0,3.65760006640101e-06,0.0185368874969057,B.1.1.7 OR Q.1 OR Q.2 OR Q.3 OR Q.4 OR Q.5 OR Q.6 OR Q.7 OR Q.8,Alpha,142.071428571429,0,0
2022-03-17,114,0,139.285714285714,0,0,3.52626859045616e-06,0.0178772818689058,B.1.1.7 OR Q.1 OR Q.2 OR Q.3 OR Q.4 OR Q.5 OR Q.6 OR Q.7 OR Q.8,Alpha,142.642857142857,0,0
2022-03-18,107,0,123.714285714286,0,0,3.95197258781667e-06,0.02001374837691,B.1.1.7 OR Q.1 OR Q.2 OR Q.3 OR Q.4 OR Q.5 OR Q.6 OR Q.7 OR Q.8,Alpha,138.214285714286,0,0
2022-03-19,64,0,122.285714285714,0,0,4.01662613795073e-06,0.0203378159097935,B.1.1.7 OR Q.1 OR Q.2 OR Q.3 OR Q.4 OR Q.5 OR Q.6 OR Q.7 OR Q.8,Alpha,134.357142857143,0,0
2022-03-20,39,0,120.857142857143,0,0,4.04975274408481e-06,0.0205038171686234,B.1.1.7 OR Q.1 OR Q.2 OR Q.3 OR Q.4 OR Q.5 OR Q.6 OR Q.7 OR Q.8,Alpha,131.5,0,0
2022-03-21,127,0,107.571428571429,0,0,4.53609362576091e-06,0.0229376894287247,B.1.1.7 OR Q.1 OR Q.2 OR Q.3 OR Q.4 OR Q.5 OR Q.6 OR Q.7 OR Q.8,Alpha,115,0,0
2022-03-22,71,0,84.1428571428572,0,0,5.82826071412354e-06,0.0293749147247891,B.1.1.7 OR Q.1 OR Q.2 OR Q.3 OR Q.4 OR Q.5 OR Q.6 OR Q.7 OR Q.8,Alpha,109.714285714286,0,0
2022-03-23,99,0,88.7142857142857,0,0,5.50175104573027e-06,0.0277523522582762,B.1.1.7 OR Q.1 OR Q.2 OR Q.3 OR Q.4 OR Q.5 OR Q.6 OR Q.7 OR Q.8,Alpha,111.285714285714,0,0
2022-03-24,89,0,85.1428571428571,0,0,5.75989480802187e-06,0.0290354006417662,B.1.1.7 OR Q.1 OR Q.2 OR Q.3 OR Q.4 OR Q.5 OR Q.6 OR Q.7 OR Q.8,Alpha,112.214285714286,0,0
2022-03-25,99,0,84,0,0,5.82826071412354e-06,0.0293749147247891,B.1.1.7 OR Q.1 OR Q.2 OR Q.3 OR Q.4 OR Q.5 OR Q.6 OR Q.7 OR Q.8,Alpha,103.857142857143,0,0
2022-03-26,39,0,80.4285714285714,0,0,6.1187622791363e-06,0.0308162584924402,B.1.1.7 OR Q.1 OR Q.2 OR Q.3 OR Q.4 OR Q.5 OR Q.6 OR Q.7 OR Q.8,Alpha,101.357142857143,0,0
2022-03-27,23,0,78.1428571428571,0,0,6.27515030178844e-06,0.0315913009128417,B.1.1.7 OR Q.1 OR Q.2 OR Q.3 OR Q.4 OR Q.5 OR Q.6 OR Q.7 OR Q.8,Alpha,99.5,0,0
2022-03-28,249,0,95.5714285714286,0,0,5.10162752373203e-06,0.0257602683918616,B.1.1.7 OR Q.1 OR Q.2 OR Q.3 OR Q.4 OR Q.5 OR Q.6 OR Q.7 OR Q.8,Alpha,101.571428571429,0,0
2022-03-29,128,0,103.714285714286,0,0,4.71013899098436e-06,0.023807220500457,B.1.1.7 OR Q.1 OR Q.2 OR Q.3 OR Q.4 OR Q.5 OR Q.6 OR Q.7 OR Q.8,Alpha,93.9285714285714,0,0
2022-03-30,62,0,98.4285714285714,0,0,4.99777853866861e-06,0.0252425707593752,B.1.1.7 OR Q.1 OR Q.2 OR Q.3 OR Q.4 OR Q.5 OR Q.6 OR Q.7 OR Q.8,Alpha,93.5714285714286,0,0
2022-03-31,94,0,99.1428571428571,0,0,4.94742353317848e-06,0.0249914468604415,B.1.1.7 OR Q.1 OR Q.2 OR Q.3 OR Q.4 OR Q.5 OR Q.6 OR Q.7 OR Q.8,Alpha,92.1428571428571,0,0
2022-04-01,44,0,91.2857142857143,0,0,5.38116596142488e-06,0.0271524283382124,B.1.1.7 OR Q.1 OR Q.2 OR Q.3 OR Q.4 OR Q.5 OR Q.6 OR Q.7 OR Q.8,Alpha,87.6428571428571,0,0
2022-04-02,10,0,87.1428571428571,0,0,5.62786430389776e-06,0.0283793831889142,B.1.1.7 OR Q.1 OR Q.2 OR Q.3 OR Q.4 OR Q.5 OR Q.6 OR Q.7 OR Q.8,Alpha,83.7857142857143,0,0
2022-04-03,6,0,84.7142857142857,0,0,5.75989480802187e-06,0.0290354006417662,B.1.1.7 OR Q.1 OR Q.2 OR Q.3 OR Q.4 OR Q.5 OR Q.6 OR Q.7 OR Q.8,Alpha,81.4285714285714,0,0
2022-04-04,124,0,66.8571428571429,0,0,7.30155200012784e-06,0.0366626561611633,B.1.1.7 OR Q.1 OR Q.2 OR Q.3 OR Q.4 OR Q.5 OR Q.6 OR Q.7 OR Q.8,Alpha,81.2142857142857,0,0
2022-04-05,78,0,59.7142857142857,0,0,8.14984778982563e-06,0.0408339228668985,B.1.1.7 OR Q.1 OR Q.2 OR Q.3 OR Q.4 OR Q.5 OR Q.6 OR Q.7 OR Q.8,Alpha,81.7142857142857,0,0
2022-04-06,12,0,52.5714285714286,0,0,9.22116209664496e-06,0.0460759758318105,B.1.1.7 OR Q.1 OR Q.2 OR Q.3 OR Q.4 OR Q.5 OR Q.6 OR Q.7 OR Q.8,Alpha,75.5,0,0
2022-04-07,66,0,48.5714285714286,0,0,9.97006665728702e-06,0.049723385287822,B.1.1.7 OR Q.1 OR Q.2 OR Q.3 OR Q.4 OR Q.5 OR Q.6 OR Q.7 OR Q.8,Alpha,73.8571428571429,0,0
2022-04-08,28,0,46.2857142857143,0,0,1.06167519271196e-05,0.0528617046392331,B.1.1.7 OR Q.1 OR Q.2 OR Q.3 OR Q.4 OR Q.5 OR Q.6 OR Q.7 OR Q.8,Alpha,68.7857142857143,0,0
2022-04-09,4,0,45.4285714285714,0,0,1.08513679206047e-05,0.0539977096907176,B.1.1.7 OR Q.1 OR Q.2 OR Q.3 OR Q.4 OR Q.5 OR Q.6 OR Q.7 OR Q.8,Alpha,66.2857142857143,0,0
2022-04-10,6,0,45.4285714285714,0,0,1.08513679206047e-05,0.0539977096907176,B.1.1.7 OR Q.1 OR Q.2 OR Q.3 OR Q.4 OR Q.5 OR Q.6 OR Q.7 OR Q.8,Alpha,65.0714285714286,0,0
2022-04-11,98,0,41.7142857142857,0,0,1.16218486873075e-05,0.0577187584875909,B.1.1.7 OR Q.1 OR Q.2 OR Q.3 OR Q.4 OR Q.5 OR Q.6 OR Q.7 OR Q.8,Alpha,54.2857142857143,0,0
2022-04-12,60,0,39.1428571428571,0,0,1.25101025353066e-05,0.0619903842693526,B.1.1.7 OR Q.1 OR Q.2 OR Q.3 OR Q.4 OR Q.5 OR Q.6 OR Q.7 OR Q.8,Alpha,49.4285714285714,0,0
2022-04-13,15,0,39.5714285714286,0,0,1.21993065751864e-05,0.0604979752140797,B.1.1.7 OR Q.1 OR Q.2 OR Q.3 OR Q.4 OR Q.5 OR Q.6 OR Q.7 OR Q.8,Alpha,46.0714285714286,0,0
2022-04-14,10,0,31.5714285714286,0,0,1.52253043245215e-05,0.0749277634292839,B.1.1.7 OR Q.1 OR Q.2 OR Q.3 OR Q.4 OR Q.5 OR Q.6 OR Q.7 OR Q.8,Alpha,40.0714285714286,0,0
2022-04-15,34,0,32.4285714285714,0,0,1.52253043245215e-05,0.0749277634292839,B.1.1.7 OR Q.1 OR Q.2 OR Q.3 OR Q.4 OR Q.5 OR Q.6 OR Q.7 OR Q.8,Alpha,39.3571428571429,0,0
2022-04-16,4,0,32.4285714285714,0,0,1.52253043245215e-05,0.0749277634292839,B.1.1.7 OR Q.1 OR Q.2 OR Q.3 OR Q.4 OR Q.5 OR Q.6 OR Q.7 OR Q.8,Alpha,38.9285714285714,0,0
2022-04-17,3,0,32,0,0,1.52253043245215e-05,0.0749277634292839,B.1.1.7 OR Q.1 OR Q.2 OR Q.3 OR Q.4 OR Q.5 OR Q.6 OR Q.7 OR Q.8,Alpha,38.7142857142857,0,0
2022-04-18,3,0,18.4285714285714,0,0,2.69031173009093e-05,0.12855821182176,B.1.1.7 OR Q.1 OR Q.2 OR Q.3 OR Q.4 OR Q.5 OR Q.6 OR Q.7 OR Q.8,Alpha,30.0714285714286,0,0
2022-04-19,25,0,13.4285714285714,0,0,3.70519332987658e-05,0.172619445282057,B.1.1.7 OR Q.1 OR Q.2 OR Q.3 OR Q.4 OR Q.5 OR Q.6 OR Q.7 OR Q.8,Alpha,26.2857142857143,0,0
2022-04-20,9,0,12.5714285714286,0,0,3.70519332987658e-05,0.172619445282057,B.1.1.7 OR Q.1 OR Q.2 OR Q.3 OR Q.4 OR Q.5 OR Q.6 OR Q.7 OR Q.8,Alpha,26.0714285714286,0,0
2022-04-21,8,0,12.2857142857143,0,0,4.00753100765989e-05,0.185305938312485,B.1.1.7 OR Q.1 OR Q.2 OR Q.3 OR Q.4 OR Q.5 OR Q.6 OR Q.7 OR Q.8,Alpha,21.9285714285714,0,0
2022-04-22,10,0,8.85714285714286,0,0,5.3064053418493e-05,0.237610098632903,B.1.1.7 OR Q.1 OR Q.2 OR Q.3 OR Q.4 OR Q.5 OR Q.6 OR Q.7 OR Q.8,Alpha,20.6428571428571,0,0
2022-04-23,11,0,9.85714285714286,0,0,4.7890433157582e-05,0.217196267509211,B.1.1.7 OR Q.1 OR Q.2 OR Q.3 OR Q.4 OR Q.5 OR Q.6 OR Q.7 OR Q.8,Alpha,21.1428571428571,0,0
2022-04-24,5,0,10.1428571428571,0,0,4.7890433157582e-05,0.217196267509211,B.1.1.7 OR Q.1 OR Q.2 OR Q.3 OR Q.4 OR Q.5 OR Q.6 OR Q.7 OR Q.8,Alpha,21.0714285714286,0,0
2022-04-25,14,0,11.7142857142857,0,0,4.00753100765989e-05,0.185305938312485,B.1.1.7 OR Q.1 OR Q.2 OR Q.3 OR Q.4 OR Q.5 OR Q.6 OR Q.7 OR Q.8,Alpha,15.0714285714286,0,0
2022-04-26,43,0,14.2857142857143,0,0,3.44526718020059e-05,0.161553304514194,B.1.1.7 OR Q.1 OR Q.2 OR Q.3 OR Q.4 OR Q.5 OR Q.6 OR Q.7 OR Q.8,Alpha,13.8571428571429,0,0
2022-04-27,28,0,17,0,0,2.84623777231095e-05,0.135478437891688,B.1.1.7 OR Q.1 OR Q.2 OR Q.3 OR Q.4 OR Q.5 OR Q.6 OR Q.7 OR Q.8,Alpha,14.7857142857143,0,0
2022-04-28,12,0,17.5714285714286,0,0,2.69031173009093e-05,0.12855821182176,B.1.1.7 OR Q.1 OR Q.2 OR Q.3 OR Q.4 OR Q.5 OR Q.6 OR Q.7 OR Q.8,Alpha,14.9285714285714,0,0
2022-04-29,25,0,19.7142857142857,0,0,2.42464784592428e-05,0.116638982904875,B.1.1.7 OR Q.1 OR Q.2 OR Q.3 OR Q.4 OR Q.5 OR Q.6 OR Q.7 OR Q.8,Alpha,14.2857142857143,0,0
2022-04-30,8,0,19.2857142857143,0,0,2.55058126256953e-05,0.122309404319914,B.1.1.7 OR Q.1 OR Q.2 OR Q.3 OR Q.4 OR Q.5 OR Q.6 OR Q.7 OR Q.8,Alpha,14.5714285714286,0,0
2022-05-01,2,0,18.8571428571429,0,0,2.55058126256953e-05,0.122309404319914,B.1.1.7 OR Q.1 OR Q.2 OR Q.3 OR Q.4 OR Q.5 OR Q.6 OR Q.7 OR Q.8,Alpha,14.5,0,0
2022-05-02,6,0,17.7142857142857,0,0,2.69031173009093e-05,0.12855821182176,B.1.1.7 OR Q.1 OR Q.2 OR Q.3 OR Q.4 OR Q.5 OR Q.6 OR Q.7 OR Q.8,Alpha,14.7142857142857,0,0
2022-05-03,5,0,12.2857142857143,0,0,4.00753100765989e-05,0.185305938312485,B.1.1.7 OR Q.1 OR Q.2 OR Q.3 OR Q.4 OR Q.5 OR Q.6 OR Q.7 OR Q.8,Alpha,13.2857142857143,0,0
2022-05-04,24,0,11.7142857142857,0,0,4.00753100765989e-05,0.185305938312485,B.1.1.7 OR Q.1 OR Q.2 OR Q.3 OR Q.4 OR Q.5 OR Q.6 OR Q.7 OR Q.8,Alpha,14.3571428571429,0,0
2022-05-05,8,0,11.1428571428571,0,0,4.36357981421897e-05,0.199994569026208,B.1.1.7 OR Q.1 OR Q.2 OR Q.3 OR Q.4 OR Q.5 OR Q.6 OR Q.7 OR Q.8,Alpha,14.3571428571429,0,0
2022-05-06,34,0,12.4285714285714,0,0,4.00753100765989e-05,0.185305938312485,B.1.1.7 OR Q.1 OR Q.2 OR Q.3 OR Q.4 OR Q.5 OR Q.6 OR Q.7 OR Q.8,Alpha,16.0714285714286,0,0
2022-05-07,5,0,12,0,0,4.00753100765989e-05,0.185305938312485,B.1.1.7 OR Q.1 OR Q.2 OR Q.3 OR Q.4 OR Q.5 OR Q.6 OR Q.7 OR Q.8,Alpha,15.6428571428571,0,0
2022-05-08,4,0,12.2857142857143,0,0,4.00753100765989e-05,0.185305938312485,B.1.1.7 OR Q.1 OR Q.2 OR Q.3 OR Q.4 OR Q.5 OR Q.6 OR Q.7 OR Q.8,Alpha,15.5714285714286,0,0
2022-05-09,17,0,13.8571428571429,0,0,3.44526718020059e-05,0.161553304514194,B.1.1.7 OR Q.1 OR Q.2 OR Q.3 OR Q.4 OR Q.5 OR Q.6 OR Q.7 OR Q.8,Alpha,15.7857142857143,0,0
2022-05-10,15,0,15.2857142857143,0,0,3.21941443237269e-05,0.151816662114398,B.1.1.7 OR Q.1 OR Q.2 OR Q.3 OR Q.4 OR Q.5 OR Q.6 OR Q.7 OR Q.8,Alpha,13.7857142857143,0,0
2022-05-11,6,0,12.7142857142857,0,0,3.70519332987658e-05,0.172619445282057,B.1.1.7 OR Q.1 OR Q.2 OR Q.3 OR Q.4 OR Q.5 OR Q.6 OR Q.7 OR Q.8,Alpha,12.2142857142857,0,0
2022-05-12,26,0,15.2857142857143,0,0,3.21941443237269e-05,0.151816662114398,B.1.1.7 OR Q.1 OR Q.2 OR Q.3 OR Q.4 OR Q.5 OR Q.6 OR Q.7 OR Q.8,Alpha,13.2142857142857,0,0
2022-05-13,23,0,13.7142857142857,0,0,3.44526718020059e-05,0.161553304514194,B.1.1.7 OR Q.1 OR Q.2 OR Q.3 OR Q.4 OR Q.5 OR Q.6 OR Q.7 OR Q.8,Alpha,13.0714285714286,0,0
2022-05-14,3,0,13.4285714285714,0,0,3.70519332987658e-05,0.172619445282057,B.1.1.7 OR Q.1 OR Q.2 OR Q.3 OR Q.4 OR Q.5 OR Q.6 OR Q.7 OR Q.8,Alpha,12.7142857142857,0,0
2022-05-15,2,0,13.1428571428571,0,0,3.70519332987658e-05,0.172619445282057,B.1.1.7 OR Q.1 OR Q.2 OR Q.3 OR Q.4 OR Q.5 OR Q.6 OR Q.7 OR Q.8,Alpha,12.7142857142857,0,0
2022-05-16,16,0,13,0,0,3.70519332987658e-05,0.172619445282057,B.1.1.7 OR Q.1 OR Q.2 OR Q.3 OR Q.4 OR Q.5 OR Q.6 OR Q.7 OR Q.8,Alpha,13.4285714285714,0,0
2022-05-17,18,0,13.4285714285714,0,0,3.70519332987658e-05,0.172619445282057,B.1.1.7 OR Q.1 OR Q.2 OR Q.3 OR Q.4 OR Q.5 OR Q.6 OR Q.7 OR Q.8,Alpha,14.3571428571429,0,0
2022-05-18,13,0,14.4285714285714,0,0,3.44526718020059e-05,0.161553304514194,B.1.1.7 OR Q.1 OR Q.2 OR Q.3 OR Q.4 OR Q.5 OR Q.6 OR Q.7 OR Q.8,Alpha,13.5714285714286,0,0
2022-05-19,20,0,13.5714285714286,0,0,3.44526718020059e-05,0.161553304514194,B.1.1.7 OR Q.1 OR Q.2 OR Q.3 OR Q.4 OR Q.5 OR Q.6 OR Q.7 OR Q.8,Alpha,14.4285714285714,0,0
2022-05-20,15,0,12.4285714285714,0,0,4.00753100765989e-05,0.185305938312485,B.1.1.7 OR Q.1 OR Q.2 OR Q.3 OR Q.4 OR Q.5 OR Q.6 OR Q.7 OR Q.8,Alpha,13.0714285714286,0,0
2022-05-21,1,0,12.1428571428571,0,0,4.00753100765989e-05,0.185305938312485,B.1.1.7 OR Q.1 OR Q.2 OR Q.3 OR Q.4 OR Q.5 OR Q.6 OR Q.7 OR Q.8,Alpha,12.7857142857143,0,0
2022-05-22,5,0,12.5714285714286,0,0,3.70519332987658e-05,0.172619445282057,B.1.1.7 OR Q.1 OR Q.2 OR Q.3 OR Q.4 OR Q.5 OR Q.6 OR Q.7 OR Q.8,Alpha,12.8571428571429,0,0
2022-05-23,31,0,14.7142857142857,0,0,3.21941443237269e-05,0.151816662114398,B.1.1.7 OR Q.1 OR Q.2 OR Q.3 OR Q.4 OR Q.5 OR Q.6 OR Q.7 OR Q.8,Alpha,13.8571428571429,0,0
2022-05-24,8,0,13.2857142857143,0,0,3.70519332987658e-05,0.172619445282057,B.1.1.7 OR Q.1 OR Q.2 OR Q.3 OR Q.4 OR Q.5 OR Q.6 OR Q.7 OR Q.8,Alpha,13.3571428571429,0,0
2022-05-25,13,0,13.2857142857143,0,0,3.70519332987658e-05,0.172619445282057,B.1.1.7 OR Q.1 OR Q.2 OR Q.3 OR Q.4 OR Q.5 OR Q.6 OR Q.7 OR Q.8,Alpha,13.8571428571429,0,0
2022-05-26,2,0,10.7142857142857,0,0,4.36357981421897e-05,0.199994569026208,B.1.1.7 OR Q.1 OR Q.2 OR Q.3 OR Q.4 OR Q.5 OR Q.6 OR Q.7 OR Q.8,Alpha,12.1428571428571,0,0
2022-05-27,15,0,10.7142857142857,0,0,4.36357981421897e-05,0.199994569026208,B.1.1.7 OR Q.1 OR Q.2 OR Q.3 OR Q.4 OR Q.5 OR Q.6 OR Q.7 OR Q.8,Alpha,11.5714285714286,0,0
2022-05-28,3,0,11,0,0,4.36357981421897e-05,0.199994569026208,B.1.1.7 OR Q.1 OR Q.2 OR Q.3 OR Q.4 OR Q.5 OR Q.6 OR Q.7 OR Q.8,Alpha,11.5714285714286,0,0
2022-05-29,3,0,10.7142857142857,0,0,4.36357981421897e-05,0.199994569026208,B.1.1.7 OR Q.1 OR Q.2 OR Q.3 OR Q.4 OR Q.5 OR Q.6 OR Q.7 OR Q.8,Alpha,11.6428571428571,0,0
2022-05-30,5,0,7,0,0,6.76864642438303e-05,0.29243617366231,B.1.1.7 OR Q.1 OR Q.2 OR Q.3 OR Q.4 OR Q.5 OR Q.6 OR Q.7 OR Q.8,Alpha,10.8571428571429,0,0
2022-05-31,5,0,6.57142857142857,0,0,6.76864642438303e-05,0.29243617366231,B.1.1.7 OR Q.1 OR Q.2 OR Q.3 OR Q.4 OR Q.5 OR Q.6 OR Q.7 OR Q.8,Alpha,9.92857142857143,0,0
2022-06-01,8,0,5.85714285714286,0,0,7.84998483662081e-05,0.33038890915155,B.1.1.7 OR Q.1 OR Q.2 OR Q.3 OR Q.4 OR Q.5 OR Q.6 OR Q.7 OR Q.8,Alpha,9.57142857142857,0,0
2022-06-02,10,0,7,0,0,6.76864642438303e-05,0.29243617366231,B.1.1.7 OR Q.1 OR Q.2 OR Q.3 OR Q.4 OR Q.5 OR Q.6 OR Q.7 OR Q.8,Alpha,8.85714285714286,0,0
2022-06-03,6,0,5.71428571428571,0,0,7.84998483662081e-05,0.33038890915155,B.1.1.7 OR Q.1 OR Q.2 OR Q.3 OR Q.4 OR Q.5 OR Q.6 OR Q.7 OR Q.8,Alpha,8.21428571428571,0,0
2022-06-04,3,0,5.71428571428571,0,0,7.84998483662081e-05,0.33038890915155,B.1.1.7 OR Q.1 OR Q.2 OR Q.3 OR Q.4 OR Q.5 OR Q.6 OR Q.7 OR Q.8,Alpha,8.35714285714286,0,0
2022-06-05,2,0,5.57142857142857,0,0,7.84998483662081e-05,0.33038890915155,B.1.1.7 OR Q.1 OR Q.2 OR Q.3 OR Q.4 OR Q.5 OR Q.6 OR Q.7 OR Q.8,Alpha,8.14285714285714,0,0
2022-06-06,25,0,8.42857142857143,0,0,5.94903028944023e-05,0.262217248717186,B.1.1.7 OR Q.1 OR Q.2 OR Q.3 OR Q.4 OR Q.5 OR Q.6 OR Q.7 OR Q.8,Alpha,7.71428571428571,0,0
2022-06-07,10,0,9.14285714285714,0,0,5.3064053418493e-05,0.237610098632903,B.1.1.7 OR Q.1 OR Q.2 OR Q.3 OR Q.4 OR Q.5 OR Q.6 OR Q.7 OR Q.8,Alpha,7.85714285714286,0,0
2022-06-08,4,0,8.57142857142857,0,0,5.3064053418493e-05,0.237610098632903,B.1.1.7 OR Q.1 OR Q.2 OR Q.3 OR Q.4 OR Q.5 OR Q.6 OR Q.7 OR Q.8,Alpha,7.21428571428571,0,0
2022-06-09,6,0,8,0,0,5.94903028944023e-05,0.262217248717186,B.1.1.7 OR Q.1 OR Q.2 OR Q.3 OR Q.4 OR Q.5 OR Q.6 OR Q.7 OR Q.8,Alpha,7.5,0,0
2022-06-10,12,0,8.85714285714286,0,0,5.3064053418493e-05,0.237610098632903,B.1.1.7 OR Q.1 OR Q.2 OR Q.3 OR Q.4 OR Q.5 OR Q.6 OR Q.7 OR Q.8,Alpha,7.28571428571429,0,0
2022-06-14,1,0,5.75,0,0,7.84998483662081e-05,0.33038890915155,B.1.1.7 OR Q.1 OR Q.2 OR Q.3 OR Q.4 OR Q.5 OR Q.6 OR Q.7 OR Q.8,Alpha,7.14285714285714,0,0
2022-06-17,4,0,2.5,0,0,0.000216908470030966,0.666821754401209,B.1.1.7 OR Q.1 OR Q.2 OR Q.3 OR Q.4 OR Q.5 OR Q.6 OR Q.7 OR Q.8,Alpha,7.21428571428571,0,0
2022-06-21,2,0,3,0,0,0.000150636025436569,0.535583243042951,B.1.1.7 OR Q.1 OR Q.2 OR Q.3 OR Q.4 OR Q.5 OR Q.6 OR Q.7 OR Q.8,Alpha,7,0,0
2022-06-22,26,0,10.6666666666667,0,0,4.36357981421897e-05,0.199994569026208,B.1.1.7 OR Q.1 OR Q.2 OR Q.3 OR Q.4 OR Q.5 OR Q.6 OR Q.7 OR Q.8,Alpha,8.5,0,0
2021-02-08,71,1,30.8571428571429,0.142857142857143,0.00462962962962963,1.57124795370013e-05,0.0772300356534818,B.1.351 OR B.1.351.1 OR B.1.351.2 OR B.1.351.3 OR B.1.351.4 OR B.1.351.5,Beta,,,
2021-02-09,49,0,32.4285714285714,0.142857142857143,0.00440528634361233,1.52253043245215e-05,0.0749277634292839,B.1.351 OR B.1.351.1 OR B.1.351.2 OR B.1.351.3 OR B.1.351.4 OR B.1.351.5,Beta,,,
2021-02-10,51,2,34.1428571428571,0.428571428571429,0.0125523012552301,1.43362906715572e-05,0.070711630679021,B.1.351 OR B.1.351.1 OR B.1.351.2 OR B.1.351.3 OR B.1.351.4 OR B.1.351.5,Beta,,,
2021-02-11,33,0,34.8571428571429,0.428571428571429,0.0122950819672131,1.39296109795325e-05,0.0687765361160591,B.1.351 OR B.1.351.1 OR B.1.351.2 OR B.1.351.3 OR B.1.351.4 OR B.1.351.5,Beta,,,
2021-02-12,30,0,37,0.428571428571429,0.0115830115830116,1.3181751978966e-05,0.0652074564454339,B.1.351 OR B.1.351.1 OR B.1.351.2 OR B.1.351.3 OR B.1.351.4 OR B.1.351.5,Beta,,,
2021-02-13,22,0,38,0.428571428571429,0.0112781954887218,1.28371481450411e-05,0.0635582549702204,B.1.351 OR B.1.351.1 OR B.1.351.2 OR B.1.351.3 OR B.1.351.4 OR B.1.351.5,Beta,,,
2021-02-14,20,0,39.4285714285714,0.428571428571429,0.0108695652173913,1.25101025353066e-05,0.0619903842693526,B.1.351 OR B.1.351.1 OR B.1.351.2 OR B.1.351.3 OR B.1.351.4 OR B.1.351.5,Beta,,,
2021-02-15,89,0,42,0.285714285714286,0.00680272108843537,1.16218486873075e-05,0.0577187584875909,B.1.351 OR B.1.351.1 OR B.1.351.2 OR B.1.351.3 OR B.1.351.4 OR B.1.351.5,Beta,,,
2021-02-16,74,0,45.5714285714286,0.285714285714286,0.00626959247648903,1.06167519271196e-05,0.0528617046392331,B.1.351 OR B.1.351.1 OR B.1.351.2 OR B.1.351.3 OR B.1.351.4 OR B.1.351.5,Beta,,,
2021-02-17,56,0,46.2857142857143,0,0,1.06167519271196e-05,0.0528617046392331,B.1.351 OR B.1.351.1 OR B.1.351.2 OR B.1.351.3 OR B.1.351.4 OR B.1.351.5,Beta,,,
2021-02-18,100,0,55.8571428571429,0,0,8.72937892167467e-06,0.043673203095405,B.1.351 OR B.1.351.1 OR B.1.351.2 OR B.1.351.3 OR B.1.351.4 OR B.1.351.5,Beta,,,
2021-02-19,78,1,62.7142857142857,0.142857142857143,0.00227790432801822,7.76330143583422e-06,0.0389354336544959,B.1.351 OR B.1.351.1 OR B.1.351.2 OR B.1.351.3 OR B.1.351.4 OR B.1.351.5,Beta,,,
2021-02-20,62,0,68.4285714285714,0.142857142857143,0.00208768267223382,7.19457138457642e-06,0.0361353190163147,B.1.351 OR B.1.351.1 OR B.1.351.2 OR B.1.351.3 OR B.1.351.4 OR B.1.351.5,Beta,,,
2021-02-21,25,0,69.1428571428572,0.142857142857143,0.00206611570247934,7.09068038963006e-06,0.0356229347352303,B.1.351 OR B.1.351.1 OR B.1.351.2 OR B.1.351.3 OR B.1.351.4 OR B.1.351.5,Beta,54.2857142857143,0.285714285714286,0.00526315789473684
2021-02-22,143,2,76.8571428571429,0.428571428571429,0.00557620817843866,6.35638091717777e-06,0.0319936262649119,B.1.351 OR B.1.351.1 OR B.1.351.2 OR B.1.351.3 OR B.1.351.4 OR B.1.351.5,Beta,59.4285714285714,0.357142857142857,0.00600961538461539
2021-02-23,139,1,86.1428571428571,0.571428571428571,0.0066334991708126,0.00125749951273766,0.0530516708865962,B.1.351 OR B.1.351.1 OR B.1.351.2 OR B.1.351.3 OR B.1.351.4 OR B.1.351.5,Beta,65.8571428571429,0.428571428571429,0.00650759219088937
2021-02-24,202,0,107,0.571428571428571,0.00534045393858478,0.00101024491596275,0.0428421973186258,B.1.351 OR B.1.351.1 OR B.1.351.2 OR B.1.351.3 OR B.1.351.4 OR B.1.351.5,Beta,76.6428571428572,0.285714285714286,0.00372786579683131
2021-02-25,106,0,107.857142857143,0.571428571428571,0.00529801324503311,0.00100087369853933,0.0424531423029534,B.1.351 OR B.1.351.1 OR B.1.351.2 OR B.1.351.3 OR B.1.351.4 OR B.1.351.5,Beta,81.8571428571429,0.285714285714286,0.00349040139616056
2021-02-26,79,0,108,0.428571428571429,0.00396825396825397,4.53609362576091e-06,0.0229376894287247,B.1.351 OR B.1.351.1 OR B.1.351.2 OR B.1.351.3 OR B.1.351.4 OR B.1.351.5,Beta,85.3571428571429,0.285714285714286,0.00334728033472803
2021-02-27,47,0,105.857142857143,0.428571428571429,0.00404858299595142,4.62147825174262e-06,0.0233643680628732,B.1.351 OR B.1.351.1 OR B.1.351.2 OR B.1.351.3 OR B.1.351.4 OR B.1.351.5,Beta,87.1428571428571,0.285714285714286,0.00327868852459016
2021-02-28,18,0,104.857142857143,0.428571428571429,0.00408719346049046,4.66538743475149e-06,0.0235837156219346,B.1.351 OR B.1.351.1 OR B.1.351.2 OR B.1.351.3 OR B.1.351.4 OR B.1.351.5,Beta,87,0.285714285714286,0.00328407224958949
2021-03-01,151,0,106,0.142857142857143,0.00134770889487871,4.62147825174262e-06,0.0233643680628732,B.1.351 OR B.1.351.1 OR B.1.351.2 OR B.1.351.3 OR B.1.351.4 OR B.1.351.5,Beta,91.4285714285714,0.285714285714286,0.003125
2021-03-02,238,0,120.142857142857,0,0,4.08343030781433e-06,0.020672550481579,B.1.351 OR B.1.351.1 OR B.1.351.2 OR B.1.351.3 OR B.1.351.4 OR B.1.351.5,Beta,103.142857142857,0.285714285714286,0.00277008310249308
2021-03-03,159,2,114,0.285714285714286,0.0025062656641604,4.29787595137051e-06,0.0217462964740351,B.1.351 OR B.1.351.1 OR B.1.351.2 OR B.1.351.3 OR B.1.351.4 OR B.1.351.5,Beta,110.5,0.428571428571429,0.00387847446670976
2021-03-04,112,0,114.857142857143,0.285714285714286,0.00248756218905473,4.26058444180264e-06,0.0215596596611785,B.1.351 OR B.1.351.1 OR B.1.351.2 OR B.1.351.3 OR B.1.351.4 OR B.1.351.5,Beta,111.357142857143,0.428571428571429,0.00384862091084028
2021-03-05,73,0,114,0.285714285714286,0.0025062656641604,4.29787595137051e-06,0.0217462964740351,B.1.351 OR B.1.351.1 OR B.1.351.2 OR B.1.351.3 OR B.1.351.4 OR B.1.351.5,Beta,111,0.357142857142857,0.00321750321750322
2021-03-06,25,0,110.857142857143,0.285714285714286,0.00257731958762887,4.4137728963029e-06,0.022326110902588,B.1.351 OR B.1.351.1 OR B.1.351.2 OR B.1.351.3 OR B.1.351.4 OR B.1.351.5,Beta,108.357142857143,0.357142857142857,0.003295978905735
2021-03-07,31,0,112.714285714286,0.285714285714286,0.00253485424588086,4.33582602444266e-06,0.0219361926879704,B.1.351 OR B.1.351.1 OR B.1.351.2 OR B.1.351.3 OR B.1.351.4 OR B.1.351.5,Beta,108.785714285714,0.357142857142857,0.00328299409061064
2021-03-08,170,0,115.428571428571,0.285714285714286,0.00247524752475248,4.26058444180264e-06,0.0215596596611785,B.1.351 OR B.1.351.1 OR B.1.351.2 OR B.1.351.3 OR B.1.351.4 OR B.1.351.5,Beta,110.714285714286,0.214285714285714,0.00193548387096774
2021-03-09,196,0,109.428571428571,0.285714285714286,0.00261096605744125,4.49457362977039e-06,0.0227301409179991,B.1.351 OR B.1.351.1 OR B.1.351.2 OR B.1.351.3 OR B.1.351.4 OR B.1.351.5,Beta,114.785714285714,0.142857142857143,0.00124455507156192
2021-03-10,298,2,129.285714285714,0.285714285714286,0.00220994475138122,3.79909251070444e-06,0.0192470299765967,B.1.351 OR B.1.351.1 OR B.1.351.2 OR B.1.351.3 OR B.1.351.4 OR B.1.351.5,Beta,121.642857142857,0.285714285714286,0.00234879624192601
2021-03-11,239,0,147.428571428571,0.285714285714286,0.00193798449612403,3.33468952077885e-06,0.0169142901611745,B.1.351 OR B.1.351.1 OR B.1.351.2 OR B.1.351.3 OR B.1.351.4 OR B.1.351.5,Beta,131.142857142857,0.285714285714286,0.00217864923747277
2021-03-12,216,0,167.857142857143,0.285714285714286,0.00170212765957447,2.91847429308968e-06,0.0148188845320305,B.1.351 OR B.1.351.1 OR B.1.351.2 OR B.1.351.3 OR B.1.351.4 OR B.1.351.5,Beta,140.928571428571,0.285714285714286,0.0020273694880892
2021-03-13,75,0,175,0.285714285714286,0.00163265306122449,2.80190225897232e-06,0.0142312103393425,B.1.351 OR B.1.351.1 OR B.1.351.2 OR B.1.351.3 OR B.1.351.4 OR B.1.351.5,Beta,142.928571428571,0.285714285714286,0.00199900049975013
2021-03-14,68,0,180.285714285714,0.285714285714286,0.00158478605388273,2.7241798463776e-06,0.0138391937404528,B.1.351 OR B.1.351.1 OR B.1.351.2 OR B.1.351.3 OR B.1.351.4 OR B.1.351.5,Beta,146.5,0.285714285714286,0.00195026816187226
2021-03-15,134,0,175.142857142857,0.285714285714286,0.00163132137030995,2.80190225897232e-06,0.0142312103393425,B.1.351 OR B.1.351.1 OR B.1.351.2 OR B.1.351.3 OR B.1.351.4 OR B.1.351.5,Beta,145.285714285714,0.285714285714286,0.00196656833824975
2021-03-16,138,0,166.857142857143,0.285714285714286,0.00171232876712329,2.93592400014718e-06,0.0149068235116557,B.1.351 OR B.1.351.1 OR B.1.351.2 OR B.1.351.3 OR B.1.351.4 OR B.1.351.5,Beta,138.142857142857,0.285714285714286,0.00206825232678387
2021-03-17,157,0,146.714285714286,0,0,3.33468952077885e-06,0.0169142901611745,B.1.351 OR B.1.351.1 OR B.1.351.2 OR B.1.351.3 OR B.1.351.4 OR B.1.351.5,Beta,138,0.142857142857143,0.0010351966873706
2021-03-18,105,1,127.571428571429,0.142857142857143,0.00111982082866741,3.82871489552602e-06,0.0193956379214941,B.1.351 OR B.1.351.1 OR B.1.351.2 OR B.1.351.3 OR B.1.351.4 OR B.1.351.5,Beta,137.5,0.214285714285714,0.00155844155844156
2021-03-19,190,1,123.857142857143,0.285714285714286,0.00230680507497116,3.95197258781667e-06,0.02001374837691,B.1.351 OR B.1.351.1 OR B.1.351.2 OR B.1.351.3 OR B.1.351.4 OR B.1.351.5,Beta,145.857142857143,0.285714285714286,0.0019588638589618
2021-03-20,76,0,124,0.285714285714286,0.00230414746543779,3.95197258781667e-06,0.02001374837691,B.1.351 OR B.1.351.1 OR B.1.351.2 OR B.1.351.3 OR B.1.351.4 OR B.1.351.5,Beta,149.5,0.285714285714286,0.00191113234591495
2021-03-21,129,0,132.714285714286,0.285714285714286,0.00215285252960172,3.68504907575438e-06,0.018674692722905,B.1.351 OR B.1.351.1 OR B.1.351.2 OR B.1.351.3 OR B.1.351.4 OR B.1.351.5,Beta,156.5,0.285714285714286,0.00182565038795071
2021-03-22,286,1,154.428571428571,0.428571428571429,0.00277520814061055,3.18335903976262e-06,0.016152944178978,B.1.351 OR B.1.351.1 OR B.1.351.2 OR B.1.351.3 OR B.1.351.4 OR B.1.351.5,Beta,164.785714285714,0.357142857142857,0.00216731686172518
2021-03-23,180,1,160.428571428571,0.571428571428571,0.00356188780053428,0.000675188990261196,0.0288357316224666,B.1.351 OR B.1.351.1 OR B.1.351.2 OR B.1.351.3 OR B.1.351.4 OR B.1.351.5,Beta,163.642857142857,0.428571428571429,0.00261894369271061
2021-03-24,121,0,155.285714285714,0.571428571428571,0.00367985280588776,0.000696996959526958,0.0297534326949119,B.1.351 OR B.1.351.1 OR B.1.351.2 OR B.1.351.3 OR B.1.351.4 OR B.1.351.5,Beta,151,0.285714285714286,0.00189214758751183
2021-03-25,92,0,153.428571428571,0.428571428571429,0.00279329608938548,3.20413127789015e-06,0.0162574845530713,B.1.351 OR B.1.351.1 OR B.1.351.2 OR B.1.351.3 OR B.1.351.4 OR B.1.351.5,Beta,140.5,0.285714285714286,0.00203355363497712
2021-03-26,58,1,134.571428571429,0.428571428571429,0.00318471337579618,3.63055695453752e-06,0.0184011011034599,B.1.351 OR B.1.351.1 OR B.1.351.2 OR B.1.351.3 OR B.1.351.4 OR B.1.351.5,Beta,129.214285714286,0.357142857142857,0.00276395798783858
2021-03-27,43,0,129.857142857143,0.428571428571429,0.0033003300330033,3.7699249767691e-06,0.019100681880484,B.1.351 OR B.1.351.1 OR B.1.351.2 OR B.1.351.3 OR B.1.351.4 OR B.1.351.5,Beta,126.928571428571,0.357142857142857,0.0028137310073157
2021-03-28,31,0,115.857142857143,0.428571428571429,0.00369913686806412,4.22393450074705e-06,0.0213761990501723,B.1.351 OR B.1.351.1 OR B.1.351.2 OR B.1.351.3 OR B.1.351.4 OR B.1.351.5,Beta,124.285714285714,0.357142857142857,0.0028735632183908
2021-03-29,221,2,106.571428571429,0.571428571428571,0.00536193029490617,0.00101024491596275,0.0428421973186258,B.1.351 OR B.1.351.1 OR B.1.351.2 OR B.1.351.3 OR B.1.351.4 OR B.1.351.5,Beta,130.5,0.5,0.00383141762452107
2021-03-30,180,0,106.571428571429,0.428571428571429,0.00402144772117962,4.57838787938409e-06,0.0231490629055322,B.1.351 OR B.1.351.1 OR B.1.351.2 OR B.1.351.3 OR B.1.351.4 OR B.1.351.5,Beta,133.5,0.5,0.00374531835205993
2021-03-31,272,1,128.142857142857,0.571428571428571,0.00445930880713489,0.000844246167255553,0.0359277112947526,B.1.351 OR B.1.351.1 OR B.1.351.2 OR B.1.351.3 OR B.1.351.4 OR B.1.351.5,Beta,141.714285714286,0.571428571428571,0.00403225806451613
2021-04-01,182,0,141,0.571428571428571,0.00405268490374873,0.00076629904724935,0.0326641181098841,B.1.351 OR B.1.351.1 OR B.1.351.2 OR B.1.351.3 OR B.1.351.4 OR B.1.351.5,Beta,147.214285714286,0.5,0.00339640950994663
2021-04-02,112,0,148.714285714286,0.428571428571429,0.00288184438040346,3.29000376382915e-06,0.0166895367890601,B.1.351 OR B.1.351.1 OR B.1.351.2 OR B.1.351.3 OR B.1.351.4 OR B.1.351.5,Beta,141.642857142857,0.428571428571429,0.00302571860816944
2021-04-03,63,0,151.571428571429,0.428571428571429,0.00282752120640905,3.22517638460406e-06,0.0163633868570241,B.1.351 OR B.1.351.1 OR B.1.351.2 OR B.1.351.3 OR B.1.351.4 OR B.1.351.5,Beta,140.714285714286,0.428571428571429,0.00304568527918782
2021-04-04,8,0,148.285714285714,0.428571428571429,0.00289017341040462,3.31219593238065e-06,0.0168011618841482,B.1.351 OR B.1.351.1 OR B.1.351.2 OR B.1.351.3 OR B.1.351.4 OR B.1.351.5,Beta,132.071428571429,0.428571428571429,0.00324499729583559
2021-04-05,38,0,122.142857142857,0.142857142857143,0.00116959064327485,4.01662613795073e-06,0.0203378159097935,B.1.351 OR B.1.351.1 OR B.1.351.2 OR B.1.351.3 OR B.1.351.4 OR B.1.351.5,Beta,114.357142857143,0.357142857142857,0.00312304809494066
2021-04-06,194,0,124.142857142857,0.142857142857143,0.00115074798619102,3.95197258781667e-06,0.02001374837691,B.1.351 OR B.1.351.1 OR B.1.351.2 OR B.1.351.3 OR B.1.351.4 OR B.1.351.5,Beta,115.357142857143,0.285714285714286,0.00247678018575851
2021-04-07,255,1,121.714285714286,0.142857142857143,0.00117370892018779,4.01662613795073e-06,0.0203378159097935,B.1.351 OR B.1.351.1 OR B.1.351.2 OR B.1.351.3 OR B.1.351.4 OR B.1.351.5,Beta,124.928571428571,0.357142857142857,0.0028587764436821
2021-04-08,209,0,125.571428571429,0.142857142857143,0.00113765642775882,3.88936745076218e-06,0.0196998460072196,B.1.351 OR B.1.351.1 OR B.1.351.2 OR B.1.351.3 OR B.1.351.4 OR B.1.351.5,Beta,133.285714285714,0.357142857142857,0.00267952840300107
2021-04-09,227,0,142,0.142857142857143,0.00100603621730382,3.45190124791903e-06,0.0175035789898406,B.1.351 OR B.1.351.1 OR B.1.351.2 OR B.1.351.3 OR B.1.351.4 OR B.1.351.5,Beta,145.357142857143,0.285714285714286,0.00196560196560197
2021-04-10,115,0,149.428571428571,0.142857142857143,0.000956022944550669,3.29000376382915e-06,0.0166895367890601,B.1.351 OR B.1.351.1 OR B.1.351.2 OR B.1.351.3 OR B.1.351.4 OR B.1.351.5,Beta,150.5,0.285714285714286,0.0018984337921215
2021-04-11,54,0,156,0.142857142857143,0.000915750915750916,3.14261221310113e-06,0.0159478454687762,B.1.351 OR B.1.351.1 OR B.1.351.2 OR B.1.351.3 OR B.1.351.4 OR B.1.351.5,Beta,152.142857142857,0.285714285714286,0.00187793427230047
2021-04-12,224,0,182.571428571429,0.142857142857143,0.000782472613458529,2.67958222974765e-06,0.0136141816900239,B.1.351 OR B.1.351.1 OR B.1.351.2 OR B.1.351.3 OR B.1.351.4 OR B.1.351.5,Beta,152.357142857143,0.142857142857143,0.00093764650726676
2021-04-13,251,0,190.714285714286,0.142857142857143,0.000749063670411985,2.56749546960353e-06,0.0130484342685558,B.1.351 OR B.1.351.1 OR B.1.351.2 OR B.1.351.3 OR B.1.351.4 OR B.1.351.5,Beta,157.428571428571,0.142857142857143,0.000907441016333938
2021-04-14,258,2,191.142857142857,0.285714285714286,0.00149476831091181,2.56749546960353e-06,0.0130484342685558,B.1.351 OR B.1.351.1 OR B.1.351.2 OR B.1.351.3 OR B.1.351.4 OR B.1.351.5,Beta,156.428571428571,0.214285714285714,0.00136986301369863
2021-04-15,333,1,208.857142857143,0.428571428571429,0.00205198358413133,2.3466362335987e-06,0.0119327177439391,B.1.351 OR B.1.351.1 OR B.1.351.2 OR B.1.351.3 OR B.1.351.4 OR B.1.351.5,Beta,167.214285714286,0.285714285714286,0.00170867150790261
2021-04-16,189,0,203.428571428571,0.428571428571429,0.00210674157303371,2.41590944093311e-06,0.0122828015600703,B.1.351 OR B.1.351.1 OR B.1.351.2 OR B.1.351.3 OR B.1.351.4 OR B.1.351.5,Beta,172.714285714286,0.285714285714286,0.00165425971877585
2021-04-17,277,0,226.571428571429,0.428571428571429,0.00189155107187894,2.16076449219375e-06,0.0109927701147918,B.1.351 OR B.1.351.1 OR B.1.351.2 OR B.1.351.3 OR B.1.351.4 OR B.1.351.5,Beta,188,0.285714285714286,0.00151975683890578
2021-04-18,189,0,245.857142857143,0.428571428571429,0.00174317257408483,1.99404595281556e-06,0.010148918679213,B.1.351 OR B.1.351.1 OR B.1.351.2 OR B.1.351.3 OR B.1.351.4 OR B.1.351.5,Beta,200.928571428571,0.285714285714286,0.00142196942765731
2021-04-19,214,0,244.428571428571,0.428571428571429,0.00175336060783168,2.01037382890293e-06,0.0102315945721852,B.1.351 OR B.1.351.1 OR B.1.351.2 OR B.1.351.3 OR B.1.351.4 OR B.1.351.5,Beta,213.5,0.285714285714286,0.00133824021411843
2021-04-20,262,0,246,0.428571428571429,0.00174216027874564,1.99404595281556e-06,0.010148918679213,B.1.351 OR B.1.351.1 OR B.1.351.2 OR B.1.351.3 OR B.1.351.4 OR B.1.351.5,Beta,218.357142857143,0.285714285714286,0.00130847235852143
2021-04-21,301,1,252.142857142857,0.285714285714286,0.00113314447592068,1.94661581536111e-06,0.00990871789020417,B.1.351 OR B.1.351.1 OR B.1.351.2 OR B.1.351.3 OR B.1.351.4 OR B.1.351.5,Beta,221.642857142857,0.285714285714286,0.00128907508862391
2021-04-22,232,0,237.714285714286,0.142857142857143,0.000600961538461538,2.06100223360826e-06,0.0104879066322085,B.1.351 OR B.1.351.1 OR B.1.351.2 OR B.1.351.3 OR B.1.351.4 OR B.1.351.5,Beta,223.285714285714,0.285714285714286,0.00127959053103007
2021-04-23,224,0,242.714285714286,0.142857142857143,0.000588581518540318,2.0186384524594e-06,0.0102734397047645,B.1.351 OR B.1.351.1 OR B.1.351.2 OR B.1.351.3 OR B.1.351.4 OR B.1.351.5,Beta,223.071428571429,0.285714285714286,0.00128081972462376
2021-04-24,121,2,220.428571428571,0.428571428571429,0.00194426441996111,2.22943788784192e-06,0.011340153493315,B.1.351 OR B.1.351.1 OR B.1.351.2 OR B.1.351.3 OR B.1.351.4 OR B.1.351.5,Beta,223.5,0.428571428571429,0.00191754554170662
2021-04-25,37,0,198.714285714286,0.428571428571429,0.00215672178289001,2.46440936960528e-06,0.0125278302598964,B.1.351 OR B.1.351.1 OR B.1.351.2 OR B.1.351.3 OR B.1.351.4 OR B.1.351.5,Beta,222.285714285714,0.428571428571429,0.0019280205655527
2021-04-26,189,1,195.142857142857,0.571428571428571,0.00292825768667643,0.000553878880415672,0.0237153942189362,B.1.351 OR B.1.351.1 OR B.1.351.2 OR B.1.351.3 OR B.1.351.4 OR B.1.351.5,Beta,219.785714285714,0.5,0.00227494312642184
2021-04-27,281,0,197.857142857143,0.571428571428571,0.00288808664259928,0.000545478435327196,0.0233598486078174,B.1.351 OR B.1.351.1 OR B.1.351.2 OR B.1.351.3 OR B.1.351.4 OR B.1.351.5,Beta,221.928571428571,0.5,0.00225297714837464
2021-04-28,277,1,194.428571428571,0.571428571428571,0.00293901542983101,0.000556736822445048,0.023836326705773,B.1.351 OR B.1.351.1 OR B.1.351.2 OR B.1.351.3 OR B.1.351.4 OR B.1.351.5,Beta,223.285714285714,0.428571428571429,0.00191938579654511
2021-04-29,190,3,188.428571428571,1,0.00530705079605762,0.00057452362038491,0.0245886381073231,B.1.351 OR B.1.351.1 OR B.1.351.2 OR B.1.351.3 OR B.1.351.4 OR B.1.351.5,Beta,213.071428571429,0.571428571428571,0.00268186389540731
2021-04-30,162,1,179.571428571429,1.14285714285714,0.00636435958631663,0.000600085927825837,0.0256688317068305,B.1.351 OR B.1.351.1 OR B.1.351.2 OR B.1.351.3 OR B.1.351.4 OR B.1.351.5,Beta,211.142857142857,0.642857142857143,0.0030446549391069
2021-05-01,124,0,180,0.857142857142857,0.00476190476190476,0.000600085927825837,0.0256688317068305,B.1.351 OR B.1.351.1 OR B.1.351.2 OR B.1.351.3 OR B.1.351.4 OR B.1.351.5,Beta,200.214285714286,0.642857142857143,0.0032108455226543
2021-05-02,67,0,184.285714285714,0.857142857142857,0.00465116279069768,0.000587026625253529,0.0251171270831921,B.1.351 OR B.1.351.1 OR B.1.351.2 OR B.1.351.3 OR B.1.351.4 OR B.1.351.5,Beta,191.5,0.642857142857143,0.00335695635956733
2021-05-03,52,0,164.714285714286,0.714285714285714,0.00433651344319167,0.000654704296448207,0.0279729435894956,B.1.351 OR B.1.351.1 OR B.1.351.2 OR B.1.351.3 OR B.1.351.4 OR B.1.351.5,Beta,179.928571428571,0.642857142857143,0.00357284636760619
2021-05-04,206,0,154,0.714285714285714,0.00463821892393321,0.000701528703353093,0.0299440267350539,B.1.351 OR B.1.351.1 OR B.1.351.2 OR B.1.351.3 OR B.1.351.4 OR B.1.351.5,Beta,175.928571428571,0.642857142857143,0.00365408038976858
2021-05-05,323,0,160.571428571429,0.571428571428571,0.00355871886120996,0.000670990139474156,0.0286589425511173,B.1.351 OR B.1.351.1 OR B.1.351.2 OR B.1.351.3 OR B.1.351.4 OR B.1.351.5,Beta,177.5,0.571428571428571,0.00321931589537223
2021-05-06,307,0,177.285714285714,0.142857142857143,0.0008058017727639,2.77028710782409e-06,0.0140717685353221,B.1.351 OR B.1.351.1 OR B.1.351.2 OR B.1.351.3 OR B.1.351.4 OR B.1.351.5,Beta,182.857142857143,0.571428571428571,0.003125
2021-05-07,289,1,195.428571428571,0.142857142857143,0.000730994152046784,2.51489648396594e-06,0.0127828339108822,B.1.351 OR B.1.351.1 OR B.1.351.2 OR B.1.351.3 OR B.1.351.4 OR B.1.351.5,Beta,187.5,0.642857142857143,0.00342857142857143
2021-05-08,128,1,196,0.285714285714286,0.00145772594752187,2.50208176169889e-06,0.0127181147049318,B.1.351 OR B.1.351.1 OR B.1.351.2 OR B.1.351.3 OR B.1.351.4 OR B.1.351.5,Beta,188,0.571428571428571,0.00303951367781155
2021-05-09,48,3,193.285714285714,0.714285714285714,0.00369549150036955,0.000559624410695949,0.0239584988055961,B.1.351 OR B.1.351.1 OR B.1.351.2 OR B.1.351.3 OR B.1.351.4 OR B.1.351.5,Beta,188.785714285714,0.785714285714286,0.00416193719258419
2021-05-10,205,1,215.142857142857,0.857142857142857,0.00398406374501992,0.00050230811266585,0.0215306862015524,B.1.351 OR B.1.351.1 OR B.1.351.2 OR B.1.351.3 OR B.1.351.4 OR B.1.351.5,Beta,189.928571428571,0.785714285714286,0.00413689356901091
2021-05-11,228,1,218.285714285714,1,0.00458115183246073,0.000495389377899115,0.0212372228517328,B.1.351 OR B.1.351.1 OR B.1.351.2 OR B.1.351.3 OR B.1.351.4 OR B.1.351.5,Beta,186.142857142857,0.857142857142857,0.00460475825019187
2021-05-12,251,1,208,1.14285714285714,0.00549450549450549,0.000519228702289996,0.0222480238519176,B.1.351 OR B.1.351.1 OR B.1.351.2 OR B.1.351.3 OR B.1.351.4 OR B.1.351.5,Beta,184.285714285714,0.857142857142857,0.00465116279069768
2021-05-13,234,0,197.571428571429,1.14285714285714,0.00578452639190166,0.000545478435327196,0.0233598486078174,B.1.351 OR B.1.351.1 OR B.1.351.2 OR B.1.351.3 OR B.1.351.4 OR B.1.351.5,Beta,187.428571428571,0.642857142857143,0.00342987804878049
2021-05-14,163,0,179.571428571429,1,0.00556881463802705,0.000600085927825837,0.0256688317068305,B.1.351 OR B.1.351.1 OR B.1.351.2 OR B.1.351.3 OR B.1.351.4 OR B.1.351.5,Beta,187.5,0.571428571428571,0.00304761904761905
2021-05-15,111,0,177.142857142857,0.857142857142857,0.00483870967741936,0.000610268188421013,0.0260987810378622,B.1.351 OR B.1.351.1 OR B.1.351.2 OR B.1.351.3 OR B.1.351.4 OR B.1.351.5,Beta,186.571428571429,0.571428571428571,0.00306278713629403
2021-05-16,74,0,180.857142857143,0.428571428571429,0.0023696682464455,2.70914993764684e-06,0.0137633678343677,B.1.351 OR B.1.351.1 OR B.1.351.2 OR B.1.351.3 OR B.1.351.4 OR B.1.351.5,Beta,187.071428571429,0.571428571428571,0.00305460099274532
2021-05-17,206,0,181,0.285714285714286,0.0015785319652723,2.70914993764684e-06,0.0137633678343677,B.1.351 OR B.1.351.1 OR B.1.351.2 OR B.1.351.3 OR B.1.351.4 OR B.1.351.5,Beta,198.071428571429,0.571428571428571,0.00288496213487198
2021-05-18,216,0,179.285714285714,0.142857142857143,0.000796812749003984,2.73937745211849e-06,0.0139158597474502,B.1.351 OR B.1.351.1 OR B.1.351.2 OR B.1.351.3 OR B.1.351.4 OR B.1.351.5,Beta,198.785714285714,0.571428571428571,0.00287459575997125
2021-05-19,198,1,171.714285714286,0.142857142857143,0.000831946755407654,2.85070154625736e-06,0.0144772646869602,B.1.351 OR B.1.351.1 OR B.1.351.2 OR B.1.351.3 OR B.1.351.4 OR B.1.351.5,Beta,189.857142857143,0.642857142857143,0.00338600451467269
2021-05-20,147,0,159.285714285714,0.142857142857143,0.000896860986547085,3.08341096575766e-06,0.0156497803959334,B.1.351 OR B.1.351.1 OR B.1.351.2 OR B.1.351.3 OR B.1.351.4 OR B.1.351.5,Beta,178.428571428571,0.642857142857143,0.00360288230584468
2021-05-21,110,0,151.714285714286,0.142857142857143,0.000941619585687382,3.22517638460406e-06,0.0163633868570241,B.1.351 OR B.1.351.1 OR B.1.351.2 OR B.1.351.3 OR B.1.351.4 OR B.1.351.5,Beta,165.642857142857,0.571428571428571,0.00344976282880552
2021-05-22,68,0,145.571428571429,0.142857142857143,0.00098135426889107,3.35749071194876e-06,0.0170289521886297,B.1.351 OR B.1.351.1 OR B.1.351.2 OR B.1.351.3 OR B.1.351.4 OR B.1.351.5,Beta,161.357142857143,0.5,0.0030987162461266
2021-05-23,37,0,140.285714285714,0.142857142857143,0.0010183299389002,3.50112597962298e-06,0.0177509538069425,B.1.351 OR B.1.351.1 OR B.1.351.2 OR B.1.351.3 OR B.1.351.4 OR B.1.351.5,Beta,160.571428571429,0.285714285714286,0.00177935943060498
2021-05-24,114,0,127.142857142857,0.142857142857143,0.00112359550561798,3.85880285453139e-06,0.0195465584639524,B.1.351 OR B.1.351.1 OR B.1.351.2 OR B.1.351.3 OR B.1.351.4 OR B.1.351.5,Beta,154.071428571429,0.214285714285714,0.00139082058414465
2021-05-25,148,0,117.428571428571,0.142857142857143,0.00121654501216545,4.18790971299034e-06,0.0211958342494188,B.1.351 OR B.1.351.1 OR B.1.351.2 OR B.1.351.3 OR B.1.351.4 OR B.1.351.5,Beta,148.357142857143,0.142857142857143,0.000962927298988926
2021-05-26,133,0,108.142857142857,0,0,4.53609362576091e-06,0.0229376894287247,B.1.351 OR B.1.351.1 OR B.1.351.2 OR B.1.351.3 OR B.1.351.4 OR B.1.351.5,Beta,139.928571428571,0.0714285714285714,0.000510464522715671
2021-05-27,111,0,103,0,0,4.75575739583535e-06,0.0240350020134461,B.1.351 OR B.1.351.1 OR B.1.351.2 OR B.1.351.3 OR B.1.351.4 OR B.1.351.5,Beta,131.142857142857,0.0714285714285714,0.000544662309368192
2021-05-28,90,0,100.142857142857,0,0,4.89807310439749e-06,0.0247452700152699,B.1.351 OR B.1.351.1 OR B.1.351.2 OR B.1.351.3 OR B.1.351.4 OR B.1.351.5,Beta,125.928571428571,0.0714285714285714,0.000567214974475326
2021-05-29,47,0,97.1428571428572,0,0,5.04916910989899e-06,0.0254987923361407,B.1.351 OR B.1.351.1 OR B.1.351.2 OR B.1.351.3 OR B.1.351.4 OR B.1.351.5,Beta,121.357142857143,0.0714285714285714,0.000588581518540318
2021-05-30,17,0,94.2857142857143,0,0,5.20988383572225e-06,0.0262996439694614,B.1.351 OR B.1.351.1 OR B.1.351.2 OR B.1.351.3 OR B.1.351.4 OR B.1.351.5,Beta,117.285714285714,0.0714285714285714,0.000609013398294762
2021-05-31,74,0,88.5714285714286,0,0,5.50175104573027e-06,0.0277523522582762,B.1.351 OR B.1.351.1 OR B.1.351.2 OR B.1.351.3 OR B.1.351.4 OR B.1.351.5,Beta,107.857142857143,0.0714285714285714,0.000662251655629139
2021-06-01,89,1,80.1428571428571,0.142857142857143,0.0017825311942959,6.1187622791363e-06,0.0308162584924402,B.1.351 OR B.1.351.1 OR B.1.351.2 OR B.1.351.3 OR B.1.351.4 OR B.1.351.5,Beta,98.7857142857143,0.142857142857143,0.00144613159797542
2021-06-02,60,0,69.7142857142857,0.142857142857143,0.00204918032786885,6.98974707807279e-06,0.0351248762971794,B.1.351 OR B.1.351.1 OR B.1.351.2 OR B.1.351.3 OR B.1.351.4 OR B.1.351.5,Beta,88.9285714285714,0.0714285714285714,0.000803212851405622
2021-06-03,37,0,59.1428571428572,0.142857142857143,0.00241545893719807,8.28739496441351e-06,0.0415085672645384,B.1.351 OR B.1.351.1 OR B.1.351.2 OR B.1.351.3 OR B.1.351.4 OR B.1.351.5,Beta,81.0714285714286,0.0714285714285714,0.000881057268722467
2021-06-04,51,0,53.5714285714286,0.142857142857143,0.00266666666666667,9.05119117203746e-06,0.0452462103788205,B.1.351 OR B.1.351.1 OR B.1.351.2 OR B.1.351.3 OR B.1.351.4 OR B.1.351.5,Beta,76.8571428571429,0.0714285714285714,0.000929368029739777
2021-06-05,22,1,50,0.285714285714286,0.00571428571428571,9.77166330180406e-06,0.0487584594440714,B.1.351 OR B.1.351.1 OR B.1.351.2 OR B.1.351.3 OR B.1.351.4 OR B.1.351.5,Beta,73.5714285714286,0.142857142857143,0.00194174757281553
2021-06-06,11,0,49.1428571428572,0.285714285714286,0.00581395348837209,9.97006665728702e-06,0.049723385287822,B.1.351 OR B.1.351.1 OR B.1.351.2 OR B.1.351.3 OR B.1.351.4 OR B.1.351.5,Beta,71.7142857142857,0.142857142857143,0.00199203187250996
2021-06-07,44,1,44.8571428571429,0.428571428571429,0.00955414012738853,1.08513679206047e-05,0.0539977096907176,B.1.351 OR B.1.351.1 OR B.1.351.2 OR B.1.351.3 OR B.1.351.4 OR B.1.351.5,Beta,66.7142857142857,0.214285714285714,0.00321199143468951
2021-06-08,64,0,41.2857142857143,0.285714285714286,0.0069204152249135,1.19035785691706e-05,0.0590757099093132,B.1.351 OR B.1.351.1 OR B.1.351.2 OR B.1.351.3 OR B.1.351.4 OR B.1.351.5,Beta,60.7142857142857,0.214285714285714,0.00352941176470588
2021-06-09,57,0,40.8571428571429,0.285714285714286,0.00699300699300699,1.19035785691706e-05,0.0590757099093132,B.1.351 OR B.1.351.1 OR B.1.351.2 OR B.1.351.3 OR B.1.351.4 OR B.1.351.5,Beta,55.2857142857143,0.214285714285714,0.00387596899224806
2021-06-10,51,0,42.8571428571429,0.285714285714286,0.00666666666666667,1.13531460342197e-05,0.0564227244016504,B.1.351 OR B.1.351.1 OR B.1.351.2 OR B.1.351.3 OR B.1.351.4 OR B.1.351.5,Beta,51,0.214285714285714,0.00420168067226891
2021-06-11,38,0,41,0.285714285714286,0.00696864111498258,1.19035785691706e-05,0.0590757099093132,B.1.351 OR B.1.351.1 OR B.1.351.2 OR B.1.351.3 OR B.1.351.4 OR B.1.351.5,Beta,47.2857142857143,0.214285714285714,0.00453172205438066
2021-06-12,24,0,41.2857142857143,0.142857142857143,0.00346020761245675,1.19035785691706e-05,0.0590757099093132,B.1.351 OR B.1.351.1 OR B.1.351.2 OR B.1.351.3 OR B.1.351.4 OR B.1.351.5,Beta,45.6428571428572,0.214285714285714,0.00469483568075117
2021-06-13,8,0,40.8571428571429,0.142857142857143,0.0034965034965035,1.19035785691706e-05,0.0590757099093132,B.1.351 OR B.1.351.1 OR B.1.351.2 OR B.1.351.3 OR B.1.351.4 OR B.1.351.5,Beta,45,0.214285714285714,0.00476190476190476
2021-06-14,20,0,37.4285714285714,0,0,1.3181751978966e-05,0.0652074564454339,B.1.351 OR B.1.351.1 OR B.1.351.2 OR B.1.351.3 OR B.1.351.4 OR B.1.351.5,Beta,41.1428571428572,0.214285714285714,0.00520833333333333
2021-06-15,26,0,32,0,0,1.52253043245215e-05,0.0749277634292839,B.1.351 OR B.1.351.1 OR B.1.351.2 OR B.1.351.3 OR B.1.351.4 OR B.1.351.5,Beta,36.6428571428571,0.142857142857143,0.00389863547758285
2021-06-16,21,0,26.8571428571429,0,0,1.80186960799325e-05,0.088050831511056,B.1.351 OR B.1.351.1 OR B.1.351.2 OR B.1.351.3 OR B.1.351.4 OR B.1.351.5,Beta,33.8571428571429,0.142857142857143,0.00421940928270042
2021-06-17,13,0,21.4285714285714,0,0,2.31056426491535e-05,0.111470316193041,B.1.351 OR B.1.351.1 OR B.1.351.2 OR B.1.351.3 OR B.1.351.4 OR B.1.351.5,Beta,32.1428571428572,0.142857142857143,0.00444444444444444
2021-06-18,15,0,18.1428571428571,0,0,2.69031173009093e-05,0.12855821182176,B.1.351 OR B.1.351.1 OR B.1.351.2 OR B.1.351.3 OR B.1.351.4 OR B.1.351.5,Beta,29.5714285714286,0.142857142857143,0.00483091787439614
2021-06-19,8,0,15.8571428571429,0,0,3.02134799780236e-05,0.143184137931445,B.1.351 OR B.1.351.1 OR B.1.351.2 OR B.1.351.3 OR B.1.351.4 OR B.1.351.5,Beta,28.5714285714286,0.0714285714285714,0.0025
2021-06-20,2,0,15,0,0,3.21941443237269e-05,0.151816662114398,B.1.351 OR B.1.351.1 OR B.1.351.2 OR B.1.351.3 OR B.1.351.4 OR B.1.351.5,Beta,27.9285714285714,0.0714285714285714,0.00255754475703325
2021-06-21,7,0,13.1428571428571,0,0,3.70519332987658e-05,0.172619445282057,B.1.351 OR B.1.351.1 OR B.1.351.2 OR B.1.351.3 OR B.1.351.4 OR B.1.351.5,Beta,25.2857142857143,0,0
2021-06-22,6,0,10.2857142857143,0,0,4.7890433157582e-05,0.217196267509211,B.1.351 OR B.1.351.1 OR B.1.351.2 OR B.1.351.3 OR B.1.351.4 OR B.1.351.5,Beta,21.1428571428571,0,0
2021-06-23,7,0,8.28571428571429,0,0,5.94903028944023e-05,0.262217248717186,B.1.351 OR B.1.351.1 OR B.1.351.2 OR B.1.351.3 OR B.1.351.4 OR B.1.351.5,Beta,17.5714285714286,0,0
2021-06-24,8,0,7.57142857142857,0,0,5.94903028944023e-05,0.262217248717186,B.1.351 OR B.1.351.1 OR B.1.351.2 OR B.1.351.3 OR B.1.351.4 OR B.1.351.5,Beta,14.5,0,0
2021-06-25,6,0,6.28571428571429,0,0,7.84998483662081e-05,0.33038890915155,B.1.351 OR B.1.351.1 OR B.1.351.2 OR B.1.351.3 OR B.1.351.4 OR B.1.351.5,Beta,12.2142857142857,0,0
2021-06-26,6,0,6,0,0,7.84998483662081e-05,0.33038890915155,B.1.351 OR B.1.351.1 OR B.1.351.2 OR B.1.351.3 OR B.1.351.4 OR B.1.351.5,Beta,10.9285714285714,0,0
2021-06-27,3,0,6.14285714285714,0,0,7.84998483662081e-05,0.33038890915155,B.1.351 OR B.1.351.1 OR B.1.351.2 OR B.1.351.3 OR B.1.351.4 OR B.1.351.5,Beta,10.5714285714286,0,0
2021-06-28,9,0,6.42857142857143,0,0,7.84998483662081e-05,0.33038890915155,B.1.351 OR B.1.351.1 OR B.1.351.2 OR B.1.351.3 OR B.1.351.4 OR B.1.351.5,Beta,9.78571428571429,0,0
2021-06-29,19,0,8.28571428571429,0,0,5.94903028944023e-05,0.262217248717186,B.1.351 OR B.1.351.1 OR B.1.351.2 OR B.1.351.3 OR B.1.351.4 OR B.1.351.5,Beta,9.28571428571429,0,0
2021-06-30,51,0,14.5714285714286,0,0,3.21941443237269e-05,0.151816662114398,B.1.351 OR B.1.351.1 OR B.1.351.2 OR B.1.351.3 OR B.1.351.4 OR B.1.351.5,Beta,11.4285714285714,0,0
2021-07-01,19,0,16.1428571428571,0,0,3.02134799780236e-05,0.143184137931445,B.1.351 OR B.1.351.1 OR B.1.351.2 OR B.1.351.3 OR B.1.351.4 OR B.1.351.5,Beta,11.8571428571429,0,0
2021-07-02,10,0,16.7142857142857,0,0,2.84623777231095e-05,0.135478437891688,B.1.351 OR B.1.351.1 OR B.1.351.2 OR B.1.351.3 OR B.1.351.4 OR B.1.351.5,Beta,11.5,0,0
2021-07-03,9,0,17.1428571428571,0,0,2.84623777231095e-05,0.135478437891688,B.1.351 OR B.1.351.1 OR B.1.351.2 OR B.1.351.3 OR B.1.351.4 OR B.1.351.5,Beta,11.5714285714286,0,0
2021-07-04,6,0,17.5714285714286,0,0,2.69031173009093e-05,0.12855821182176,B.1.351 OR B.1.351.1 OR B.1.351.2 OR B.1.351.3 OR B.1.351.4 OR B.1.351.5,Beta,11.8571428571429,0,0
2021-07-05,11,0,17.8571428571429,0,0,2.69031173009093e-05,0.12855821182176,B.1.351 OR B.1.351.1 OR B.1.351.2 OR B.1.351.3 OR B.1.351.4 OR B.1.351.5,Beta,12.1428571428571,0,0
2021-07-06,12,0,16.8571428571429,0,0,2.84623777231095e-05,0.135478437891688,B.1.351 OR B.1.351.1 OR B.1.351.2 OR B.1.351.3 OR B.1.351.4 OR B.1.351.5,Beta,12.5714285714286,0,0
2021-07-07,10,0,11,0,0,4.36357981421897e-05,0.199994569026208,B.1.351 OR B.1.351.1 OR B.1.351.2 OR B.1.351.3 OR B.1.351.4 OR B.1.351.5,Beta,12.7857142857143,0,0
2021-07-08,9,0,9.57142857142857,0,0,4.7890433157582e-05,0.217196267509211,B.1.351 OR B.1.351.1 OR B.1.351.2 OR B.1.351.3 OR B.1.351.4 OR B.1.351.5,Beta,12.8571428571429,0,0
2021-07-09,6,0,9,0,0,5.3064053418493e-05,0.237610098632903,B.1.351 OR B.1.351.1 OR B.1.351.2 OR B.1.351.3 OR B.1.351.4 OR B.1.351.5,Beta,12.8571428571429,0,0
2021-07-10,12,2,9.42857142857143,0.285714285714286,0.0303030303030303,5.3064053418493e-05,0.237610098632903,B.1.351 OR B.1.351.1 OR B.1.351.2 OR B.1.351.3 OR B.1.351.4 OR B.1.351.5,Beta,13.2857142857143,0.142857142857143,0.010752688172043
2021-07-11,4,0,9.14285714285714,0.285714285714286,0.03125,5.3064053418493e-05,0.237610098632903,B.1.351 OR B.1.351.1 OR B.1.351.2 OR B.1.351.3 OR B.1.351.4 OR B.1.351.5,Beta,13.3571428571429,0.142857142857143,0.0106951871657754
2021-07-12,13,0,9.42857142857143,0.285714285714286,0.0303030303030303,5.3064053418493e-05,0.237610098632903,B.1.351 OR B.1.351.1 OR B.1.351.2 OR B.1.351.3 OR B.1.351.4 OR B.1.351.5,Beta,13.6428571428571,0.142857142857143,0.0104712041884817
2021-07-13,30,0,12,0.285714285714286,0.0238095238095238,4.00753100765989e-05,0.185305938312485,B.1.351 OR B.1.351.1 OR B.1.351.2 OR B.1.351.3 OR B.1.351.4 OR B.1.351.5,Beta,14.4285714285714,0.142857142857143,0.0099009900990099
2021-07-14,16,0,12.8571428571429,0.285714285714286,0.0222222222222222,3.70519332987658e-05,0.172619445282057,B.1.351 OR B.1.351.1 OR B.1.351.2 OR B.1.351.3 OR B.1.351.4 OR B.1.351.5,Beta,11.9285714285714,0.142857142857143,0.0119760479041916
2021-07-15,15,0,13.7142857142857,0.285714285714286,0.0208333333333333,3.44526718020059e-05,0.161553304514194,B.1.351 OR B.1.351.1 OR B.1.351.2 OR B.1.351.3 OR B.1.351.4 OR B.1.351.5,Beta,11.6428571428571,0.142857142857143,0.0122699386503067
2021-07-16,12,0,14.5714285714286,0.285714285714286,0.0196078431372549,3.21941443237269e-05,0.151816662114398,B.1.351 OR B.1.351.1 OR B.1.351.2 OR B.1.351.3 OR B.1.351.4 OR B.1.351.5,Beta,11.7857142857143,0.142857142857143,0.0121212121212121
2021-07-17,10,0,14.2857142857143,0,0,3.44526718020059e-05,0.161553304514194,B.1.351 OR B.1.351.1 OR B.1.351.2 OR B.1.351.3 OR B.1.351.4 OR B.1.351.5,Beta,11.8571428571429,0.142857142857143,0.0120481927710843
2021-07-18,11,0,15.2857142857143,0,0,3.21941443237269e-05,0.151816662114398,B.1.351 OR B.1.351.1 OR B.1.351.2 OR B.1.351.3 OR B.1.351.4 OR B.1.351.5,Beta,12.2142857142857,0.142857142857143,0.0116959064327485
2021-07-19,12,0,15.1428571428571,0,0,3.21941443237269e-05,0.151816662114398,B.1.351 OR B.1.351.1 OR B.1.351.2 OR B.1.351.3 OR B.1.351.4 OR B.1.351.5,Beta,12.2857142857143,0.142857142857143,0.0116279069767442
2021-07-20,24,0,14.2857142857143,0,0,3.44526718020059e-05,0.161553304514194,B.1.351 OR B.1.351.1 OR B.1.351.2 OR B.1.351.3 OR B.1.351.4 OR B.1.351.5,Beta,13.1428571428571,0.142857142857143,0.0108695652173913
2021-07-21,24,0,15.4285714285714,0,0,3.21941443237269e-05,0.151816662114398,B.1.351 OR B.1.351.1 OR B.1.351.2 OR B.1.351.3 OR B.1.351.4 OR B.1.351.5,Beta,14.1428571428571,0.142857142857143,0.0101010101010101
2021-07-22,22,0,16.4285714285714,0,0,3.02134799780236e-05,0.143184137931445,B.1.351 OR B.1.351.1 OR B.1.351.2 OR B.1.351.3 OR B.1.351.4 OR B.1.351.5,Beta,15.0714285714286,0.142857142857143,0.00947867298578199
2021-07-23,30,0,19,0,0,2.55058126256953e-05,0.122309404319914,B.1.351 OR B.1.351.1 OR B.1.351.2 OR B.1.351.3 OR B.1.351.4 OR B.1.351.5,Beta,16.7857142857143,0.142857142857143,0.00851063829787234
2021-07-24,16,0,19.8571428571429,0,0,2.42464784592428e-05,0.116638982904875,B.1.351 OR B.1.351.1 OR B.1.351.2 OR B.1.351.3 OR B.1.351.4 OR B.1.351.5,Beta,17.0714285714286,0,0
2021-07-25,14,0,20.2857142857143,0,0,2.42464784592428e-05,0.116638982904875,B.1.351 OR B.1.351.1 OR B.1.351.2 OR B.1.351.3 OR B.1.351.4 OR B.1.351.5,Beta,17.7857142857143,0,0
2021-07-26,21,0,21.5714285714286,0,0,2.20673323983508e-05,0.106739717911786,B.1.351 OR B.1.351.1 OR B.1.351.2 OR B.1.351.3 OR B.1.351.4 OR B.1.351.5,Beta,18.3571428571429,0,0
2021-07-27,30,0,22.4285714285714,0,0,2.20673323983508e-05,0.106739717911786,B.1.351 OR B.1.351.1 OR B.1.351.2 OR B.1.351.3 OR B.1.351.4 OR B.1.351.5,Beta,18.3571428571429,0,0
2021-07-28,40,0,24.7142857142857,0,0,1.94457708981588e-05,0.0946827641095835,B.1.351 OR B.1.351.1 OR B.1.351.2 OR B.1.351.3 OR B.1.351.4 OR B.1.351.5,Beta,20.0714285714286,0,0
2021-07-29,29,0,25.7142857142857,0,0,1.87050550662591e-05,0.0912465634089562,B.1.351 OR B.1.351.1 OR B.1.351.2 OR B.1.351.3 OR B.1.351.4 OR B.1.351.5,Beta,21.0714285714286,0,0
2021-07-30,28,0,25.4285714285714,0,0,1.94457708981588e-05,0.0946827641095835,B.1.351 OR B.1.351.1 OR B.1.351.2 OR B.1.351.3 OR B.1.351.4 OR B.1.351.5,Beta,22.2142857142857,0,0
2021-07-31,18,0,25.7142857142857,0,0,1.87050550662591e-05,0.0912465634089562,B.1.351 OR B.1.351.1 OR B.1.351.2 OR B.1.351.3 OR B.1.351.4 OR B.1.351.5,Beta,22.7857142857143,0,0
2021-08-01,14,0,25.7142857142857,0,0,1.87050550662591e-05,0.0912465634089562,B.1.351 OR B.1.351.1 OR B.1.351.2 OR B.1.351.3 OR B.1.351.4 OR B.1.351.5,Beta,23,0,0
2021-08-02,26,0,26.4285714285714,0,0,1.87050550662591e-05,0.0912465634089562,B.1.351 OR B.1.351.1 OR B.1.351.2 OR B.1.351.3 OR B.1.351.4 OR B.1.351.5,Beta,24,0,0
2021-08-03,31,0,26.5714285714286,0,0,1.80186960799325e-05,0.088050831511056,B.1.351 OR B.1.351.1 OR B.1.351.2 OR B.1.351.3 OR B.1.351.4 OR B.1.351.5,Beta,24.5,0,0
2021-08-04,41,0,26.7142857142857,0,0,1.80186960799325e-05,0.088050831511056,B.1.351 OR B.1.351.1 OR B.1.351.2 OR B.1.351.3 OR B.1.351.4 OR B.1.351.5,Beta,25.7142857142857,0,0
2021-08-05,20,0,25.4285714285714,0,0,1.94457708981588e-05,0.0946827641095835,B.1.351 OR B.1.351.1 OR B.1.351.2 OR B.1.351.3 OR B.1.351.4 OR B.1.351.5,Beta,25.5714285714286,0,0
2021-08-06,28,0,25.4285714285714,0,0,1.94457708981588e-05,0.0946827641095835,B.1.351 OR B.1.351.1 OR B.1.351.2 OR B.1.351.3 OR B.1.351.4 OR B.1.351.5,Beta,25.4285714285714,0,0
2021-08-07,18,0,25.4285714285714,0,0,1.94457708981588e-05,0.0946827641095835,B.1.351 OR B.1.351.1 OR B.1.351.2 OR B.1.351.3 OR B.1.351.4 OR B.1.351.5,Beta,25.5714285714286,0,0
2021-08-08,10,0,24.8571428571429,0,0,1.94457708981588e-05,0.0946827641095835,B.1.351 OR B.1.351.1 OR B.1.351.2 OR B.1.351.3 OR B.1.351.4 OR B.1.351.5,Beta,25.2857142857143,0,0
2021-08-09,18,0,23.7142857142857,0,0,2.02475667180483e-05,0.0983876043858698,B.1.351 OR B.1.351.1 OR B.1.351.2 OR B.1.351.3 OR B.1.351.4 OR B.1.351.5,Beta,25.0714285714286,0,0
2021-08-10,26,0,23,0,0,2.11183220173076e-05,0.102393828091608,B.1.351 OR B.1.351.1 OR B.1.351.2 OR B.1.351.3 OR B.1.351.4 OR B.1.351.5,Beta,24.7857142857143,0,0
2021-08-11,28,0,21.1428571428571,0,0,2.31056426491535e-05,0.111470316193041,B.1.351 OR B.1.351.1 OR B.1.351.2 OR B.1.351.3 OR B.1.351.4 OR B.1.351.5,Beta,23.9285714285714,0,0
2021-08-12,18,0,20.8571428571429,0,0,2.31056426491535e-05,0.111470316193041,B.1.351 OR B.1.351.1 OR B.1.351.2 OR B.1.351.3 OR B.1.351.4 OR B.1.351.5,Beta,23.1428571428571,0,0
2021-08-13,33,0,21.5714285714286,0,0,2.20673323983508e-05,0.106739717911786,B.1.351 OR B.1.351.1 OR B.1.351.2 OR B.1.351.3 OR B.1.351.4 OR B.1.351.5,Beta,23.5,0,0
2021-08-14,25,0,22.5714285714286,0,0,2.11183220173076e-05,0.102393828091608,B.1.351 OR B.1.351.1 OR B.1.351.2 OR B.1.351.3 OR B.1.351.4 OR B.1.351.5,Beta,24,0,0
2021-08-15,11,0,22.7142857142857,0,0,2.11183220173076e-05,0.102393828091608,B.1.351 OR B.1.351.1 OR B.1.351.2 OR B.1.351.3 OR B.1.351.4 OR B.1.351.5,Beta,23.7857142857143,0,0
2021-08-16,56,0,28.1428571428571,0,0,1.73809225368852e-05,0.0850712000323353,B.1.351 OR B.1.351.1 OR B.1.351.2 OR B.1.351.3 OR B.1.351.4 OR B.1.351.5,Beta,25.9285714285714,0,0
2021-08-17,62,0,33.2857142857143,0,0,1.47674301045867e-05,0.0727587053126257,B.1.351 OR B.1.351.1 OR B.1.351.2 OR B.1.351.3 OR B.1.351.4 OR B.1.351.5,Beta,28.1428571428571,0,0
2021-08-18,230,0,62.1428571428572,0,0,7.88801061758937e-06,0.0395483430782547,B.1.351 OR B.1.351.1 OR B.1.351.2 OR B.1.351.3 OR B.1.351.4 OR B.1.351.5,Beta,41.6428571428571,0,0
2021-08-19,106,0,74.7142857142857,0,0,6.52531888156199e-06,0.032829819470909,B.1.351 OR B.1.351.1 OR B.1.351.2 OR B.1.351.3 OR B.1.351.4 OR B.1.351.5,Beta,47.7857142857143,0,0
2021-08-20,78,0,81.1428571428571,0,0,6.04345538087524e-06,0.0304428239735805,B.1.351 OR B.1.351.1 OR B.1.351.2 OR B.1.351.3 OR B.1.351.4 OR B.1.351.5,Beta,51.3571428571429,0,0
2021-08-21,45,0,84,0,0,5.82826071412354e-06,0.0293749147247891,B.1.351 OR B.1.351.1 OR B.1.351.2 OR B.1.351.3 OR B.1.351.4 OR B.1.351.5,Beta,53.2857142857143,0,0
2021-08-22,27,0,86.2857142857143,0,0,5.69311417356093e-06,0.0287036444212419,B.1.351 OR B.1.351.1 OR B.1.351.2 OR B.1.351.3 OR B.1.351.4 OR B.1.351.5,Beta,54.5,0,0
2021-08-23,56,0,86.2857142857143,0,0,5.69311417356093e-06,0.0287036444212419,B.1.351 OR B.1.351.1 OR B.1.351.2 OR B.1.351.3 OR B.1.351.4 OR B.1.351.5,Beta,57.2142857142857,0,0
2021-08-24,75,0,88.1428571428572,0,0,5.56409316269688e-06,0.0280623658134942,B.1.351 OR B.1.351.1 OR B.1.351.2 OR B.1.351.3 OR B.1.351.4 OR B.1.351.5,Beta,60.7142857142857,0,0
2021-08-25,79,0,66.5714285714286,0,0,7.30155200012784e-06,0.0366626561611633,B.1.351 OR B.1.351.1 OR B.1.351.2 OR B.1.351.3 OR B.1.351.4 OR B.1.351.5,Beta,64.3571428571429,0,0
2021-08-26,54,0,59.1428571428572,0,0,8.28739496441351e-06,0.0415085672645384,B.1.351 OR B.1.351.1 OR B.1.351.2 OR B.1.351.3 OR B.1.351.4 OR B.1.351.5,Beta,66.9285714285714,0,0
2021-08-27,65,0,57.2857142857143,0,0,8.57690427525629e-06,0.0429270058037562,B.1.351 OR B.1.351.1 OR B.1.351.2 OR B.1.351.3 OR B.1.351.4 OR B.1.351.5,Beta,69.2142857142857,0,0
2021-08-28,29,0,55,0,0,8.88737282121765e-06,0.0444457961269066,B.1.351 OR B.1.351.1 OR B.1.351.2 OR B.1.351.3 OR B.1.351.4 OR B.1.351.5,Beta,69.5,0,0
2021-08-29,34,0,56,0,0,8.72937892167467e-06,0.043673203095405,B.1.351 OR B.1.351.1 OR B.1.351.2 OR B.1.351.3 OR B.1.351.4 OR B.1.351.5,Beta,71.1428571428571,0,0
2021-08-30,59,0,56.4285714285714,0,0,8.72937892167467e-06,0.043673203095405,B.1.351 OR B.1.351.1 OR B.1.351.2 OR B.1.351.3 OR B.1.351.4 OR B.1.351.5,Beta,71.3571428571429,0,0
2021-08-31,84,0,57.7142857142857,0,0,8.4296646405349e-06,0.0422058745011226,B.1.351 OR B.1.351.1 OR B.1.351.2 OR B.1.351.3 OR B.1.351.4 OR B.1.351.5,Beta,72.9285714285714,0,0
2021-09-01,85,0,58.5714285714286,0,0,8.28739496441351e-06,0.0415085672645384,B.1.351 OR B.1.351.1 OR B.1.351.2 OR B.1.351.3 OR B.1.351.4 OR B.1.351.5,Beta,62.5714285714286,0,0
2021-09-02,112,0,66.8571428571429,0,0,7.30155200012784e-06,0.0366626561611633,B.1.351 OR B.1.351.1 OR B.1.351.2 OR B.1.351.3 OR B.1.351.4 OR B.1.351.5,Beta,63,0,0
2021-09-03,88,0,70.1428571428571,0,0,6.98974707807279e-06,0.0351248762971794,B.1.351 OR B.1.351.1 OR B.1.351.2 OR B.1.351.3 OR B.1.351.4 OR B.1.351.5,Beta,63.7142857142857,0,0
2021-09-04,65,0,75.2857142857143,0,0,6.52531888156199e-06,0.032829819470909,B.1.351 OR B.1.351.1 OR B.1.351.2 OR B.1.351.3 OR B.1.351.4 OR B.1.351.5,Beta,65.1428571428571,0,0
2021-09-05,49,0,77.4285714285714,0,0,6.35638091717777e-06,0.0319936262649119,B.1.351 OR B.1.351.1 OR B.1.351.2 OR B.1.351.3 OR B.1.351.4 OR B.1.351.5,Beta,66.7142857142857,0,0
2021-09-06,80,0,80.4285714285714,0,0,6.1187622791363e-06,0.0308162584924402,B.1.351 OR B.1.351.1 OR B.1.351.2 OR B.1.351.3 OR B.1.351.4 OR B.1.351.5,Beta,68.4285714285714,0,0
2021-09-07,116,0,85,0,0,5.75989480802187e-06,0.0290354006417662,B.1.351 OR B.1.351.1 OR B.1.351.2 OR B.1.351.3 OR B.1.351.4 OR B.1.351.5,Beta,71.3571428571429,0,0
2021-09-08,111,0,88.7142857142857,0,0,5.50175104573027e-06,0.0277523522582762,B.1.351 OR B.1.351.1 OR B.1.351.2 OR B.1.351.3 OR B.1.351.4 OR B.1.351.5,Beta,73.6428571428571,0,0
2021-09-09,149,0,94,0,0,5.20988383572225e-06,0.0262996439694614,B.1.351 OR B.1.351.1 OR B.1.351.2 OR B.1.351.3 OR B.1.351.4 OR B.1.351.5,Beta,80.4285714285714,0,0
2021-09-10,71,0,91.5714285714286,0,0,5.32283412520503e-06,0.0268620881129159,B.1.351 OR B.1.351.1 OR B.1.351.2 OR B.1.351.3 OR B.1.351.4 OR B.1.351.5,Beta,80.8571428571429,0,0
2021-09-11,57,0,90.4285714285714,0,0,5.44079045167817e-06,0.0274491129752038,B.1.351 OR B.1.351.1 OR B.1.351.2 OR B.1.351.3 OR B.1.351.4 OR B.1.351.5,Beta,82.8571428571429,0,0
2021-09-12,29,0,87.5714285714286,0,0,5.56409316269688e-06,0.0280623658134942,B.1.351 OR B.1.351.1 OR B.1.351.2 OR B.1.351.3 OR B.1.351.4 OR B.1.351.5,Beta,82.5,0,0
2021-09-13,95,0,89.7142857142857,0,0,5.44079045167817e-06,0.0274491129752038,B.1.351 OR B.1.351.1 OR B.1.351.2 OR B.1.351.3 OR B.1.351.4 OR B.1.351.5,Beta,85.0714285714286,0,0
2021-09-14,128,0,91.4285714285714,0,0,5.38116596142488e-06,0.0271524283382124,B.1.351 OR B.1.351.1 OR B.1.351.2 OR B.1.351.3 OR B.1.351.4 OR B.1.351.5,Beta,88.2142857142857,0,0
2021-09-15,156,0,97.8571428571429,0,0,4.99777853866861e-06,0.0252425707593752,B.1.351 OR B.1.351.1 OR B.1.351.2 OR B.1.351.3 OR B.1.351.4 OR B.1.351.5,Beta,93.2857142857143,0,0
2021-09-16,208,0,106.285714285714,0,0,4.62147825174262e-06,0.0233643680628732,B.1.351 OR B.1.351.1 OR B.1.351.2 OR B.1.351.3 OR B.1.351.4 OR B.1.351.5,Beta,100.142857142857,0,0
2021-09-17,114,0,112.428571428571,0,0,4.37445226161459e-06,0.0221294344334854,B.1.351 OR B.1.351.1 OR B.1.351.2 OR B.1.351.3 OR B.1.351.4 OR B.1.351.5,Beta,102,0,0
2021-09-18,75,0,115,0,0,4.26058444180264e-06,0.0215596596611785,B.1.351 OR B.1.351.1 OR B.1.351.2 OR B.1.351.3 OR B.1.351.4 OR B.1.351.5,Beta,102.714285714286,0,0
2021-09-19,38,0,116.285714285714,0,0,4.22393450074705e-06,0.0213761990501723,B.1.351 OR B.1.351.1 OR B.1.351.2 OR B.1.351.3 OR B.1.351.4 OR B.1.351.5,Beta,101.928571428571,0,0
2021-09-20,107,0,118,0,0,4.1524942185831e-06,0.0210184875575149,B.1.351 OR B.1.351.1 OR B.1.351.2 OR B.1.351.3 OR B.1.351.4 OR B.1.351.5,Beta,103.857142857143,0,0
2021-09-21,172,0,124.285714285714,0,0,3.95197258781667e-06,0.02001374837691,B.1.351 OR B.1.351.1 OR B.1.351.2 OR B.1.351.3 OR B.1.351.4 OR B.1.351.5,Beta,107.857142857143,0,0
2021-09-22,145,0,122.714285714286,0,0,3.98403707881802e-06,0.0201744808863682,B.1.351 OR B.1.351.1 OR B.1.351.2 OR B.1.351.3 OR B.1.351.4 OR B.1.351.5,Beta,110.285714285714,0,0
2021-09-23,164,0,116.428571428571,0,0,4.22393450074705e-06,0.0213761990501723,B.1.351 OR B.1.351.1 OR B.1.351.2 OR B.1.351.3 OR B.1.351.4 OR B.1.351.5,Beta,111.357142857143,0,0
2021-09-24,153,0,122,0,0,4.01662613795073e-06,0.0203378159097935,B.1.351 OR B.1.351.1 OR B.1.351.2 OR B.1.351.3 OR B.1.351.4 OR B.1.351.5,Beta,117.214285714286,0,0
2021-09-25,66,0,120.714285714286,0,0,4.04975274408481e-06,0.0205038171686234,B.1.351 OR B.1.351.1 OR B.1.351.2 OR B.1.351.3 OR B.1.351.4 OR B.1.351.5,Beta,117.857142857143,0,0
2021-09-26,35,0,120.285714285714,0,0,4.08343030781433e-06,0.020672550481579,B.1.351 OR B.1.351.1 OR B.1.351.2 OR B.1.351.3 OR B.1.351.4 OR B.1.351.5,Beta,118.285714285714,0,0
2021-09-27,128,0,123.285714285714,0,0,3.98403707881802e-06,0.0201744808863682,B.1.351 OR B.1.351.1 OR B.1.351.2 OR B.1.351.3 OR B.1.351.4 OR B.1.351.5,Beta,120.642857142857,0,0
2021-09-28,130,0,117.285714285714,0,0,4.18790971299034e-06,0.0211958342494188,B.1.351 OR B.1.351.1 OR B.1.351.2 OR B.1.351.3 OR B.1.351.4 OR B.1.351.5,Beta,120.785714285714,0,0
2021-09-29,152,0,118.285714285714,0,0,4.1524942185831e-06,0.0210184875575149,B.1.351 OR B.1.351.1 OR B.1.351.2 OR B.1.351.3 OR B.1.351.4 OR B.1.351.5,Beta,120.5,0,0
2021-09-30,171,0,119.285714285714,0,0,4.11767268955882e-06,0.0208440838516609,B.1.351 OR B.1.351.1 OR B.1.351.2 OR B.1.351.3 OR B.1.351.4 OR B.1.351.5,Beta,117.857142857143,0,0
2021-10-01,175,0,122.428571428571,0,0,4.01662613795073e-06,0.0203378159097935,B.1.351 OR B.1.351.1 OR B.1.351.2 OR B.1.351.3 OR B.1.351.4 OR B.1.351.5,Beta,122.214285714286,0,0
2021-10-02,78,0,124.142857142857,0,0,3.95197258781667e-06,0.02001374837691,B.1.351 OR B.1.351.1 OR B.1.351.2 OR B.1.351.3 OR B.1.351.4 OR B.1.351.5,Beta,122.428571428571,0,0
2021-10-03,54,0,126.857142857143,0,0,3.85880285453139e-06,0.0195465584639524,B.1.351 OR B.1.351.1 OR B.1.351.2 OR B.1.351.3 OR B.1.351.4 OR B.1.351.5,Beta,123.571428571429,0,0
2021-10-04,191,0,135.857142857143,0,0,3.60391080304845e-06,0.0182672895031009,B.1.351 OR B.1.351.1 OR B.1.351.2 OR B.1.351.3 OR B.1.351.4 OR B.1.351.5,Beta,129.571428571429,0,0
2021-10-05,260,0,154.428571428571,0,0,3.18335903976262e-06,0.016152944178978,B.1.351 OR B.1.351.1 OR B.1.351.2 OR B.1.351.3 OR B.1.351.4 OR B.1.351.5,Beta,135.857142857143,0,0
2021-10-06,210,0,162.714285714286,0,0,3.00786060730635e-06,0.0152692699911115,B.1.351 OR B.1.351.1 OR B.1.351.2 OR B.1.351.3 OR B.1.351.4 OR B.1.351.5,Beta,140.5,0,0
2021-10-07,183,0,164.428571428571,0,0,2.98954797948663e-06,0.0151770160346656,B.1.351 OR B.1.351.1 OR B.1.351.2 OR B.1.351.3 OR B.1.351.4 OR B.1.351.5,Beta,141.857142857143,0,0
2021-10-08,142,0,159.714285714286,0,0,3.06416978815145e-06,0.0155528859091645,B.1.351 OR B.1.351.1 OR B.1.351.2 OR B.1.351.3 OR B.1.351.4 OR B.1.351.5,Beta,141.071428571429,0,0
2021-10-09,146,0,169.428571428571,0,0,2.9012307854328e-06,0.0147319769923334,B.1.351 OR B.1.351.1 OR B.1.351.2 OR B.1.351.3 OR B.1.351.4 OR B.1.351.5,Beta,146.785714285714,0,0
2021-10-10,69,0,171.571428571429,0,0,2.85070154625736e-06,0.0144772646869602,B.1.351 OR B.1.351.1 OR B.1.351.2 OR B.1.351.3 OR B.1.351.4 OR B.1.351.5,Beta,149.214285714286,0,0
2021-10-11,215,0,175,0,0,2.80190225897232e-06,0.0142312103393425,B.1.351 OR B.1.351.1 OR B.1.351.2 OR B.1.351.3 OR B.1.351.4 OR B.1.351.5,Beta,155.428571428571,0,0
2021-10-12,175,0,162.857142857143,0,0,3.00786060730635e-06,0.0152692699911115,B.1.351 OR B.1.351.1 OR B.1.351.2 OR B.1.351.3 OR B.1.351.4 OR B.1.351.5,Beta,158.642857142857,0,0
2021-10-13,203,0,161.857142857143,0,0,3.02639896745607e-06,0.0153626523172213,B.1.351 OR B.1.351.1 OR B.1.351.2 OR B.1.351.3 OR B.1.351.4 OR B.1.351.5,Beta,162.285714285714,0,0
2021-10-14,191,0,163,0,0,3.00786060730635e-06,0.0152692699911115,B.1.351 OR B.1.351.1 OR B.1.351.2 OR B.1.351.3 OR B.1.351.4 OR B.1.351.5,Beta,163.714285714286,0,0
2021-10-15,145,0,163.428571428571,0,0,3.00786060730635e-06,0.0152692699911115,B.1.351 OR B.1.351.1 OR B.1.351.2 OR B.1.351.3 OR B.1.351.4 OR B.1.351.5,Beta,161.571428571429,0,0
2021-10-16,111,0,158.428571428571,0,0,3.10289531652219e-06,0.0157478897269735,B.1.351 OR B.1.351.1 OR B.1.351.2 OR B.1.351.3 OR B.1.351.4 OR B.1.351.5,Beta,163.928571428571,0,0
2021-10-17,48,0,155.428571428571,0,0,3.16285439743451e-06,0.0160497396311359,B.1.351 OR B.1.351.1 OR B.1.351.2 OR B.1.351.3 OR B.1.351.4 OR B.1.351.5,Beta,163.5,0,0
2021-10-18,232,0,157.857142857143,0,0,3.10289531652219e-06,0.0157478897269735,B.1.351 OR B.1.351.1 OR B.1.351.2 OR B.1.351.3 OR B.1.351.4 OR B.1.351.5,Beta,166.428571428571,0,0
2021-10-19,302,0,176,0,0,2.7860049954209e-06,0.0141510403470323,B.1.351 OR B.1.351.1 OR B.1.351.2 OR B.1.351.3 OR B.1.351.4 OR B.1.351.5,Beta,169.428571428571,0,0
2021-10-20,288,0,188.142857142857,0,0,2.60841160708543e-06,0.0132549922531687,B.1.351 OR B.1.351.1 OR B.1.351.2 OR B.1.351.3 OR B.1.351.4 OR B.1.351.5,Beta,175,0,0
2021-10-21,258,0,197.714285714286,0,0,2.47684015097843e-06,0.012590622585741,B.1.351 OR B.1.351.1 OR B.1.351.2 OR B.1.351.3 OR B.1.351.4 OR B.1.351.5,Beta,180.357142857143,0,0
2021-10-22,140,0,197,0,0,2.4893969727681e-06,0.0126540475312475,B.1.351 OR B.1.351.1 OR B.1.351.2 OR B.1.351.3 OR B.1.351.4 OR B.1.351.5,Beta,180.214285714286,0,0
2021-10-23,117,0,197.857142857143,0,0,2.47684015097843e-06,0.012590622585741,B.1.351 OR B.1.351.1 OR B.1.351.2 OR B.1.351.3 OR B.1.351.4 OR B.1.351.5,Beta,178.142857142857,0,0
2021-10-24,47,0,197.714285714286,0,0,2.47684015097843e-06,0.012590622585741,B.1.351 OR B.1.351.1 OR B.1.351.2 OR B.1.351.3 OR B.1.351.4 OR B.1.351.5,Beta,176.571428571429,0,0
2021-10-25,231,0,197.571428571429,0,0,2.47684015097843e-06,0.012590622585741,B.1.351 OR B.1.351.1 OR B.1.351.2 OR B.1.351.3 OR B.1.351.4 OR B.1.351.5,Beta,177.714285714286,0,0
2021-10-26,264,0,192.142857142857,0,0,2.55414052637225e-06,0.0129810048029017,B.1.351 OR B.1.351.1 OR B.1.351.2 OR B.1.351.3 OR B.1.351.4 OR B.1.351.5,Beta,184.071428571429,0,0
2021-10-27,247,0,186.285714285714,0,0,2.63642130901851e-06,0.0133963694101081,B.1.351 OR B.1.351.1 OR B.1.351.2 OR B.1.351.3 OR B.1.351.4 OR B.1.351.5,Beta,187.214285714286,0,0
2021-10-28,271,0,188.142857142857,0,0,2.60841160708543e-06,0.0132549922531687,B.1.351 OR B.1.351.1 OR B.1.351.2 OR B.1.351.3 OR B.1.351.4 OR B.1.351.5,Beta,192.928571428571,0,0
2021-10-29,212,0,198.428571428571,0,0,2.47684015097843e-06,0.012590622585741,B.1.351 OR B.1.351.1 OR B.1.351.2 OR B.1.351.3 OR B.1.351.4 OR B.1.351.5,Beta,197.714285714286,0,0
2021-10-30,94,0,195.142857142857,0,0,2.51489648396594e-06,0.0127828339108822,B.1.351 OR B.1.351.1 OR B.1.351.2 OR B.1.351.3 OR B.1.351.4 OR B.1.351.5,Beta,196.5,0,0
2021-10-31,88,0,201,0,0,2.43991841268647e-06,0.0124041059820151,B.1.351 OR B.1.351.1 OR B.1.351.2 OR B.1.351.3 OR B.1.351.4 OR B.1.351.5,Beta,199.357142857143,0,0
2021-11-01,174,0,192.857142857143,0,0,2.54092379677567e-06,0.0129142686439563,B.1.351 OR B.1.351.1 OR B.1.351.2 OR B.1.351.3 OR B.1.351.4 OR B.1.351.5,Beta,195.214285714286,0,0
2021-11-02,445,0,218.714285714286,0,0,2.23960633709195e-06,0.0113915800708678,B.1.351 OR B.1.351.1 OR B.1.351.2 OR B.1.351.3 OR B.1.351.4 OR B.1.351.5,Beta,205.428571428571,0,0
2021-11-03,427,0,244.428571428571,0,0,2.01037382890293e-06,0.0102315945721852,B.1.351 OR B.1.351.1 OR B.1.351.2 OR B.1.351.3 OR B.1.351.4 OR B.1.351.5,Beta,215.357142857143,0,0
2021-11-04,424,0,266.285714285714,0,0,1.84425873899439e-06,0.00939015150442384,B.1.351 OR B.1.351.1 OR B.1.351.2 OR B.1.351.3 OR B.1.351.4 OR B.1.351.5,Beta,227.214285714286,0,0
2021-11-05,453,0,300.714285714286,0,0,1.62998834607905e-06,0.00830372466072703,B.1.351 OR B.1.351.1 OR B.1.351.2 OR B.1.351.3 OR B.1.351.4 OR B.1.351.5,Beta,249.571428571429,0,0
2021-11-06,177,0,312.571428571429,0,0,1.56754674316857e-06,0.00798689940111123,B.1.351 OR B.1.351.1 OR B.1.351.2 OR B.1.351.3 OR B.1.351.4 OR B.1.351.5,Beta,253.857142857143,0,0
2021-11-07,133,0,319,0,0,1.53808623447162e-06,0.00783738325090626,B.1.351 OR B.1.351.1 OR B.1.351.2 OR B.1.351.3 OR B.1.351.4 OR B.1.351.5,Beta,260,0,0
2021-11-08,513,0,367.428571428571,0,0,1.33705681826253e-06,0.00681652938210312,B.1.351 OR B.1.351.1 OR B.1.351.2 OR B.1.351.3 OR B.1.351.4 OR B.1.351.5,Beta,280.142857142857,0,0
2021-11-09,459,0,369.428571428571,0,0,1.32981481249815e-06,0.00677973392448625,B.1.351 OR B.1.351.1 OR B.1.351.2 OR B.1.351.3 OR B.1.351.4 OR B.1.351.5,Beta,294.071428571429,0,0
2021-11-10,304,0,351.857142857143,0,0,1.39399316573271e-06,0.00710576624628073,B.1.351 OR B.1.351.1 OR B.1.351.2 OR B.1.351.3 OR B.1.351.4 OR B.1.351.5,Beta,298.142857142857,0,0
2021-11-11,212,0,321.571428571429,0,0,1.52376737521076e-06,0.00776470492313088,B.1.351 OR B.1.351.1 OR B.1.351.2 OR B.1.351.3 OR B.1.351.4 OR B.1.351.5,Beta,293.928571428571,0,0
2021-11-12,210,0,286.857142857143,0,0,1.7094306453006e-06,0.0087066642293802,B.1.351 OR B.1.351.1 OR B.1.351.2 OR B.1.351.3 OR B.1.351.4 OR B.1.351.5,Beta,293.785714285714,0,0
2021-11-13,151,0,283.142857142857,0,0,1.73357084428816e-06,0.00882907337433933,B.1.351 OR B.1.351.1 OR B.1.351.2 OR B.1.351.3 OR B.1.351.4 OR B.1.351.5,Beta,297.857142857143,0,0
2021-11-14,80,0,275.571428571429,0,0,1.77749835670937e-06,0.00905178044135724,B.1.351 OR B.1.351.1 OR B.1.351.2 OR B.1.351.3 OR B.1.351.4 OR B.1.351.5,Beta,297.285714285714,0,0
2021-11-15,129,0,220.714285714286,0,0,2.21936135649766e-06,0.0112891891473855,B.1.351 OR B.1.351.1 OR B.1.351.2 OR B.1.351.3 OR B.1.351.4 OR B.1.351.5,Beta,294.071428571429,0,0
2021-11-16,116,0,171.714285714286,0,0,2.85070154625736e-06,0.0144772646869602,B.1.351 OR B.1.351.1 OR B.1.351.2 OR B.1.351.3 OR B.1.351.4 OR B.1.351.5,Beta,270.571428571429,0,0
2021-11-17,126,0,146.285714285714,0,0,3.35749071194876e-06,0.0170289521886297,B.1.351 OR B.1.351.1 OR B.1.351.2 OR B.1.351.3 OR B.1.351.4 OR B.1.351.5,Beta,249.071428571429,0,0
2021-11-18,349,0,165.857142857143,0,0,2.95358362747456e-06,0.0149958124024809,B.1.351 OR B.1.351.1 OR B.1.351.2 OR B.1.351.3 OR B.1.351.4 OR B.1.351.5,Beta,243.714285714286,0,0
2021-11-19,125,0,153.714285714286,0,0,3.18335903976262e-06,0.016152944178978,B.1.351 OR B.1.351.1 OR B.1.351.2 OR B.1.351.3 OR B.1.351.4 OR B.1.351.5,Beta,220.285714285714,0,0
2021-11-20,137,0,151.714285714286,0,0,3.22517638460406e-06,0.0163633868570241,B.1.351 OR B.1.351.1 OR B.1.351.2 OR B.1.351.3 OR B.1.351.4 OR B.1.351.5,Beta,217.428571428571,0,0
2021-11-21,91,0,153.285714285714,0,0,3.20413127789015e-06,0.0162574845530713,B.1.351 OR B.1.351.1 OR B.1.351.2 OR B.1.351.3 OR B.1.351.4 OR B.1.351.5,Beta,214.428571428571,0,0
2021-11-22,240,0,169.142857142857,0,0,2.9012307854328e-06,0.0147319769923334,B.1.351 OR B.1.351.1 OR B.1.351.2 OR B.1.351.3 OR B.1.351.4 OR B.1.351.5,Beta,194.928571428571,0,0
2021-11-23,196,0,180.571428571429,0,0,2.70914993764684e-06,0.0137633678343677,B.1.351 OR B.1.351.1 OR B.1.351.2 OR B.1.351.3 OR B.1.351.4 OR B.1.351.5,Beta,176.142857142857,0,0
2021-11-24,185,0,189,0,0,2.59462876080893e-06,0.013185416788535,B.1.351 OR B.1.351.1 OR B.1.351.2 OR B.1.351.3 OR B.1.351.4 OR B.1.351.5,Beta,167.642857142857,0,0
2021-11-25,222,0,170.857142857143,0,0,2.86734791939538e-06,0.0145611844889316,B.1.351 OR B.1.351.1 OR B.1.351.2 OR B.1.351.3 OR B.1.351.4 OR B.1.351.5,Beta,168.357142857143,0,0
2021-11-26,166,0,176.714285714286,0,0,2.77028710782409e-06,0.0140717685353221,B.1.351 OR B.1.351.1 OR B.1.351.2 OR B.1.351.3 OR B.1.351.4 OR B.1.351.5,Beta,165.214285714286,0,0
2021-11-27,140,0,177.142857142857,0,0,2.77028710782409e-06,0.0140717685353221,B.1.351 OR B.1.351.1 OR B.1.351.2 OR B.1.351.3 OR B.1.351.4 OR B.1.351.5,Beta,164.428571428571,0,0
2021-11-28,82,0,175.857142857143,0,0,2.7860049954209e-06,0.0141510403470323,B.1.351 OR B.1.351.1 OR B.1.351.2 OR B.1.351.3 OR B.1.351.4 OR B.1.351.5,Beta,164.571428571429,0,0
2021-11-29,221,0,173.142857142857,0,0,2.8342473381684e-06,0.0143943066246898,B.1.351 OR B.1.351.1 OR B.1.351.2 OR B.1.351.3 OR B.1.351.4 OR B.1.351.5,Beta,171.142857142857,0,0
2021-11-30,157,0,167.571428571429,0,0,2.91847429308968e-06,0.0148188845320305,B.1.351 OR B.1.351.1 OR B.1.351.2 OR B.1.351.3 OR B.1.351.4 OR B.1.351.5,Beta,174.071428571429,0,0
2021-12-01,204,0,170.285714285714,0,0,2.88418984372798e-06,0.0146460828520485,B.1.351 OR B.1.351.1 OR B.1.351.2 OR B.1.351.3 OR B.1.351.4 OR B.1.351.5,Beta,179.642857142857,0,0
2021-12-02,231,0,171.571428571429,0,0,2.85070154625736e-06,0.0144772646869602,B.1.351 OR B.1.351.1 OR B.1.351.2 OR B.1.351.3 OR B.1.351.4 OR B.1.351.5,Beta,171.214285714286,0,0
2021-12-03,377,0,201.714285714286,0,0,2.42785457233034e-06,0.0123431557478449,B.1.351 OR B.1.351.1 OR B.1.351.2 OR B.1.351.3 OR B.1.351.4 OR B.1.351.5,Beta,189.214285714286,0,0
2021-12-04,247,0,217,0,0,2.26022406646434e-06,0.011495845304561,B.1.351 OR B.1.351.1 OR B.1.351.2 OR B.1.351.3 OR B.1.351.4 OR B.1.351.5,Beta,197.071428571429,0,0
2021-12-05,262,0,242.714285714286,0,0,2.0186384524594e-06,0.0102734397047645,B.1.351 OR B.1.351.1 OR B.1.351.2 OR B.1.351.3 OR B.1.351.4 OR B.1.351.5,Beta,209.285714285714,0,0
2021-12-06,378,0,265.142857142857,0,0,1.85121163398505e-06,0.00942538519721838,B.1.351 OR B.1.351.1 OR B.1.351.2 OR B.1.351.3 OR B.1.351.4 OR B.1.351.5,Beta,219.142857142857,0,0
2021-12-07,263,0,280.285714285714,0,0,1.75212821755867e-06,0.00892316307353726,B.1.351 OR B.1.351.1 OR B.1.351.2 OR B.1.351.3 OR B.1.351.4 OR B.1.351.5,Beta,223.928571428571,0,0
2021-12-08,416,0,310.571428571429,0,0,1.57761931825701e-06,0.00803801394079173,B.1.351 OR B.1.351.1 OR B.1.351.2 OR B.1.351.3 OR B.1.351.4 OR B.1.351.5,Beta,240.428571428571,0,0
2021-12-09,147,0,298.571428571429,0,0,1.64088215309321e-06,0.00835898886872059,B.1.351 OR B.1.351.1 OR B.1.351.2 OR B.1.351.3 OR B.1.351.4 OR B.1.351.5,Beta,235.071428571429,0,0
2021-12-10,282,0,285,0,0,1.72141611674884e-06,0.00876744156331315,B.1.351 OR B.1.351.1 OR B.1.351.2 OR B.1.351.3 OR B.1.351.4 OR B.1.351.5,Beta,243.357142857143,0,0
2021-12-11,254,0,286,0,0,1.71540244574416e-06,0.00873694720119021,B.1.351 OR B.1.351.1 OR B.1.351.2 OR B.1.351.3 OR B.1.351.4 OR B.1.351.5,Beta,251.5,0,0
2021-12-12,179,0,274.142857142857,0,0,1.79046094772534e-06,0.0091174896132951,B.1.351 OR B.1.351.1 OR B.1.351.2 OR B.1.351.3 OR B.1.351.4 OR B.1.351.5,Beta,258.428571428571,0,0
2021-12-13,364,0,272.142857142857,0,0,1.8036139896233e-06,0.00918415975237434,B.1.351 OR B.1.351.1 OR B.1.351.2 OR B.1.351.3 OR B.1.351.4 OR B.1.351.5,Beta,268.642857142857,0,0
2021-12-14,245,0,269.571428571429,0,0,1.81696171071969e-06,0.00925181209426767,B.1.351 OR B.1.351.1 OR B.1.351.2 OR B.1.351.3 OR B.1.351.4 OR B.1.351.5,Beta,274.928571428571,0,0
2021-12-15,279,0,250,0,0,1.96217315378124e-06,0.00998751145709409,B.1.351 OR B.1.351.1 OR B.1.351.2 OR B.1.351.3 OR B.1.351.4 OR B.1.351.5,Beta,280.285714285714,0,0
2021-12-16,143,0,249.428571428571,0,0,1.97004544766414e-06,0.010027380033247,B.1.351 OR B.1.351.1 OR B.1.351.2 OR B.1.351.3 OR B.1.351.4 OR B.1.351.5,Beta,274,0,0
2021-12-17,296,0,251.428571428571,0,0,1.9543635247696e-06,0.00994795865499283,B.1.351 OR B.1.351.1 OR B.1.351.2 OR B.1.351.3 OR B.1.351.4 OR B.1.351.5,Beta,268.214285714286,0,0
2021-12-18,254,0,251.428571428571,0,0,1.9543635247696e-06,0.00994795865499283,B.1.351 OR B.1.351.1 OR B.1.351.2 OR B.1.351.3 OR B.1.351.4 OR B.1.351.5,Beta,268.714285714286,0,0
2021-12-19,129,0,244.285714285714,0,0,2.01037382890293e-06,0.0102315945721852,B.1.351 OR B.1.351.1 OR B.1.351.2 OR B.1.351.3 OR B.1.351.4 OR B.1.351.5,Beta,259.214285714286,0,0
2021-12-20,285,0,233,0,0,2.10518224905609e-06,0.0107115187370326,B.1.351 OR B.1.351.1 OR B.1.351.2 OR B.1.351.3 OR B.1.351.4 OR B.1.351.5,Beta,252.571428571429,0,0
2021-12-21,191,0,225.285714285714,0,0,2.17994992603348e-06,0.0110898316436594,B.1.351 OR B.1.351.1 OR B.1.351.2 OR B.1.351.3 OR B.1.351.4 OR B.1.351.5,Beta,247.428571428571,0,0
2021-12-22,266,0,223.428571428571,0,0,2.19947910682983e-06,0.0111886224450171,B.1.351 OR B.1.351.1 OR B.1.351.2 OR B.1.351.3 OR B.1.351.4 OR B.1.351.5,Beta,236.714285714286,0,0
2021-12-23,245,0,238,0,0,2.06100223360826e-06,0.0104879066322085,B.1.351 OR B.1.351.1 OR B.1.351.2 OR B.1.351.3 OR B.1.351.4 OR B.1.351.5,Beta,243.714285714286,0,0
2021-12-24,382,0,250.285714285714,0,0,1.96217315378124e-06,0.00998751145709409,B.1.351 OR B.1.351.1 OR B.1.351.2 OR B.1.351.3 OR B.1.351.4 OR B.1.351.5,Beta,250.857142857143,0,0
2021-12-25,240,0,248.285714285714,0,0,1.97798116369526e-06,0.0100675681800939,B.1.351 OR B.1.351.1 OR B.1.351.2 OR B.1.351.3 OR B.1.351.4 OR B.1.351.5,Beta,249.857142857143,0,0
2021-12-26,144,0,250.428571428571,0,0,1.96217315378124e-06,0.00998751145709409,B.1.351 OR B.1.351.1 OR B.1.351.2 OR B.1.351.3 OR B.1.351.4 OR B.1.351.5,Beta,247.357142857143,0,0
2021-12-27,353,0,260.142857142857,0,0,1.88677759353946e-06,0.00960559556754755,B.1.351 OR B.1.351.1 OR B.1.351.2 OR B.1.351.3 OR B.1.351.4 OR B.1.351.5,Beta,246.571428571429,0,0
2021-12-28,423,0,293.285714285714,0,0,1.67445513720291e-06,0.00852928501168656,B.1.351 OR B.1.351.1 OR B.1.351.2 OR B.1.351.3 OR B.1.351.4 OR B.1.351.5,Beta,259.285714285714,0,0
2021-12-29,624,0,344.428571428571,0,0,1.42638802863867e-06,0.00727029467044418,B.1.351 OR B.1.351.1 OR B.1.351.2 OR B.1.351.3 OR B.1.351.4 OR B.1.351.5,Beta,283.928571428571,0,0
2021-12-30,254,0,345.714285714286,0,0,1.41814897436462e-06,0.00722845239275987,B.1.351 OR B.1.351.1 OR B.1.351.2 OR B.1.351.3 OR B.1.351.4 OR B.1.351.5,Beta,291.857142857143,0,0
2021-12-31,415,0,350.428571428571,0,0,1.40195314563278e-06,0.00714619626199126,B.1.351 OR B.1.351.1 OR B.1.351.2 OR B.1.351.3 OR B.1.351.4 OR B.1.351.5,Beta,300.357142857143,0,0
2022-01-01,140,0,336.142857142857,0,0,1.46032435476781e-06,0.00744262269941402,B.1.351 OR B.1.351.1 OR B.1.351.2 OR B.1.351.3 OR B.1.351.4 OR B.1.351.5,Beta,292.214285714286,0,0
2022-01-02,265,0,353.428571428571,0,0,1.39004697607276e-06,0.00708572230502691,B.1.351 OR B.1.351.1 OR B.1.351.2 OR B.1.351.3 OR B.1.351.4 OR B.1.351.5,Beta,301.928571428571,0,0
2022-01-03,624,0,392.142857142857,0,0,1.25183977431262e-06,0.00638346901413674,B.1.351 OR B.1.351.1 OR B.1.351.2 OR B.1.351.3 OR B.1.351.4 OR B.1.351.5,Beta,326.142857142857,0,0
2022-01-04,872,0,456.285714285714,0,0,1.0762393876448e-06,0.00549049830240912,B.1.351 OR B.1.351.1 OR B.1.351.2 OR B.1.351.3 OR B.1.351.4 OR B.1.351.5,Beta,374.785714285714,0,0
2022-01-05,643,0,459,0,0,1.06920897833332e-06,0.00545473025474581,B.1.351 OR B.1.351.1 OR B.1.351.2 OR B.1.351.3 OR B.1.351.4 OR B.1.351.5,Beta,401.714285714286,0,0
2022-01-06,581,0,505.714285714286,0,0,9.69944218382986e-07,0.00494957158416971,B.1.351 OR B.1.351.1 OR B.1.351.2 OR B.1.351.3 OR B.1.351.4 OR B.1.351.5,Beta,425.714285714286,0,0
2022-01-07,571,0,528,0,0,9.29549030495685e-07,0.00474392689774478,B.1.351 OR B.1.351.1 OR B.1.351.2 OR B.1.351.3 OR B.1.351.4 OR B.1.351.5,Beta,439.214285714286,0,0
2022-01-08,380,0,562.285714285714,0,0,8.73338009090679e-07,0.00445769590554764,B.1.351 OR B.1.351.1 OR B.1.351.2 OR B.1.351.3 OR B.1.351.4 OR B.1.351.5,Beta,449.214285714286,0,0
2022-01-09,407,0,582.571428571429,0,0,8.4189336779339e-07,0.00429754138655595,B.1.351 OR B.1.351.1 OR B.1.351.2 OR B.1.351.3 OR B.1.351.4 OR B.1.351.5,Beta,468,0,0
2022-01-10,829,0,611.857142857143,0,0,8.02016040390226e-07,0.00409440027447702,B.1.351 OR B.1.351.1 OR B.1.351.2 OR B.1.351.3 OR B.1.351.4 OR B.1.351.5,Beta,502,0,0
2022-01-11,744,0,593.571428571429,0,0,8.2630931804231e-07,0.00421815882284329,B.1.351 OR B.1.351.1 OR B.1.351.2 OR B.1.351.3 OR B.1.351.4 OR B.1.351.5,Beta,524.928571428572,0,0
2022-01-12,885,0,628.142857142857,0,0,7.81590653088724e-07,0.00399033422487778,B.1.351 OR B.1.351.1 OR B.1.351.2 OR B.1.351.3 OR B.1.351.4 OR B.1.351.5,Beta,543.571428571429,0,0
2022-01-13,638,0,636.285714285714,0,0,7.71763192436238e-07,0.00394026006307474,B.1.351 OR B.1.351.1 OR B.1.351.2 OR B.1.351.3 OR B.1.351.4 OR B.1.351.5,Beta,571,0,0
2022-01-14,691,0,653.428571428572,0,0,7.51679047940275e-07,0.00383791687554485,B.1.351 OR B.1.351.1 OR B.1.351.2 OR B.1.351.3 OR B.1.351.4 OR B.1.351.5,Beta,590.714285714286,0,0
2022-01-15,598,0,684.571428571429,0,0,7.16576942673204e-07,0.00365902110650706,B.1.351 OR B.1.351.1 OR B.1.351.2 OR B.1.351.3 OR B.1.351.4 OR B.1.351.5,Beta,623.428571428572,0,0
2022-01-16,402,0,683.857142857143,0,0,7.1762418650101e-07,0.0036643587866291,B.1.351 OR B.1.351.1 OR B.1.351.2 OR B.1.351.3 OR B.1.351.4 OR B.1.351.5,Beta,633.214285714286,0,0
2022-01-17,987,0,706.428571428572,0,0,6.95269886177195e-07,0.00355041530548675,B.1.351 OR B.1.351.1 OR B.1.351.2 OR B.1.351.3 OR B.1.351.4 OR B.1.351.5,Beta,659.142857142857,0,0
2022-01-18,890,0,727.285714285714,0,0,6.75193350007751e-07,0.00344807084970464,B.1.351 OR B.1.351.1 OR B.1.351.2 OR B.1.351.3 OR B.1.351.4 OR B.1.351.5,Beta,660.428571428572,0,0
2022-01-19,813,0,717,0,0,6.8460698594329e-07,0.00349606018981415,B.1.351 OR B.1.351.1 OR B.1.351.2 OR B.1.351.3 OR B.1.351.4 OR B.1.351.5,Beta,672.571428571429,0,0
2022-01-20,787,0,738.285714285714,0,0,6.65132905006126e-07,0.00339678161687033,B.1.351 OR B.1.351.1 OR B.1.351.2 OR B.1.351.3 OR B.1.351.4 OR B.1.351.5,Beta,687.285714285714,0,0
2022-01-21,752,0,747,0,0,6.57121940129315e-07,0.00335593896679908,B.1.351 OR B.1.351.1 OR B.1.351.2 OR B.1.351.3 OR B.1.351.4 OR B.1.351.5,Beta,700.214285714286,0,0
2022-01-22,662,0,756.142857142857,0,0,6.49301649366632e-07,0.00331606682435235,B.1.351 OR B.1.351.1 OR B.1.351.2 OR B.1.351.3 OR B.1.351.4 OR B.1.351.5,Beta,720.357142857143,0,0
2022-01-23,536,0,775.285714285714,0,0,6.33388426364676e-07,0.00323492753798591,B.1.351 OR B.1.351.1 OR B.1.351.2 OR B.1.351.3 OR B.1.351.4 OR B.1.351.5,Beta,729.571428571429,0,0
2022-01-24,957,0,771,0,0,6.36673421674493e-07,0.00325167780815255,B.1.351 OR B.1.351.1 OR B.1.351.2 OR B.1.351.3 OR B.1.351.4 OR B.1.351.5,Beta,738.714285714286,0,0
2022-01-25,1122,0,804.142857142857,0,0,6.10549437309075e-07,0.00311846320131434,B.1.351 OR B.1.351.1 OR B.1.351.2 OR B.1.351.3 OR B.1.351.4 OR B.1.351.5,Beta,765.714285714286,0,0
2022-01-26,933,0,821.285714285714,0,0,5.97910975989286e-07,0.00305400922831571,B.1.351 OR B.1.351.1 OR B.1.351.2 OR B.1.351.3 OR B.1.351.4 OR B.1.351.5,Beta,769.142857142857,0,0
2022-01-27,826,0,826.857142857143,0,0,5.9357436134839e-07,0.00303189228134088,B.1.351 OR B.1.351.1 OR B.1.351.2 OR B.1.351.3 OR B.1.351.4 OR B.1.351.5,Beta,782.571428571429,0,0
2022-01-28,708,0,820.571428571429,0,0,5.97910975989286e-07,0.00305400922831571,B.1.351 OR B.1.351.1 OR B.1.351.2 OR B.1.351.3 OR B.1.351.4 OR B.1.351.5,Beta,783.785714285714,0,0
2022-01-29,589,0,810.142857142857,0,0,6.06028246115822e-07,0.00309540638469937,B.1.351 OR B.1.351.1 OR B.1.351.2 OR B.1.351.3 OR B.1.351.4 OR B.1.351.5,Beta,783.142857142857,0,0
2022-01-30,430,0,795,0,0,6.17459142055661e-07,0.0031536997419933,B.1.351 OR B.1.351.1 OR B.1.351.2 OR B.1.351.3 OR B.1.351.4 OR B.1.351.5,Beta,785.142857142857,0,0
2022-01-31,1200,0,829.714285714286,0,0,5.91429558703428e-07,0.00302095350151769,B.1.351 OR B.1.351.1 OR B.1.351.2 OR B.1.351.3 OR B.1.351.4 OR B.1.351.5,Beta,800.357142857143,0,0
2022-02-01,1003,0,812.714285714286,0,0,6.03792667860699e-07,0.00308400536082948,B.1.351 OR B.1.351.1 OR B.1.351.2 OR B.1.351.3 OR B.1.351.4 OR B.1.351.5,Beta,808.428571428572,0,0
2022-02-02,849,0,800.714285714286,0,0,6.12835424919209e-07,0.00313012089885434,B.1.351 OR B.1.351.1 OR B.1.351.2 OR B.1.351.3 OR B.1.351.4 OR B.1.351.5,Beta,811,0,0
2022-02-03,765,0,792,0,0,6.19797263441908e-07,0.00316562287961599,B.1.351 OR B.1.351.1 OR B.1.351.2 OR B.1.351.3 OR B.1.351.4 OR B.1.351.5,Beta,809.428571428571,0,0
2022-02-04,819,0,807.857142857143,0,0,6.07527851446728e-07,0.00310305401357381,B.1.351 OR B.1.351.1 OR B.1.351.2 OR B.1.351.3 OR B.1.351.4 OR B.1.351.5,Beta,814.214285714286,0,0
2022-02-05,474,0,791.428571428572,0,0,6.20580577195968e-07,0.00316961731857368,B.1.351 OR B.1.351.1 OR B.1.351.2 OR B.1.351.3 OR B.1.351.4 OR B.1.351.5,Beta,800.785714285714,0,0
2022-02-06,489,0,799.857142857143,0,0,6.13601229576654e-07,0.00313402619096842,B.1.351 OR B.1.351.1 OR B.1.351.2 OR B.1.351.3 OR B.1.351.4 OR B.1.351.5,Beta,797.428571428571,0,0
2022-02-07,1035,0,776.285714285714,0,0,6.32572467383238e-07,0.00323076689984937,B.1.351 OR B.1.351.1 OR B.1.351.2 OR B.1.351.3 OR B.1.351.4 OR B.1.351.5,Beta,803,0,0
2022-02-08,890,0,760.142857142857,0,0,6.45885397505271e-07,0.00329864839328195,B.1.351 OR B.1.351.1 OR B.1.351.2 OR B.1.351.3 OR B.1.351.4 OR B.1.351.5,Beta,786.428571428572,0,0
2022-02-09,530,0,714.571428571429,0,0,6.8652130028677e-07,0.00350581880179708,B.1.351 OR B.1.351.1 OR B.1.351.2 OR B.1.351.3 OR B.1.351.4 OR B.1.351.5,Beta,757.642857142857,0,0
2022-02-10,498,0,676.428571428571,0,0,7.26113636596825e-07,0.00370762747196209,B.1.351 OR B.1.351.1 OR B.1.351.2 OR B.1.351.3 OR B.1.351.4 OR B.1.351.5,Beta,734.214285714286,0,0
2022-02-11,293,0,601.285714285714,0,0,8.16689090419805e-07,0.00416915182022254,B.1.351 OR B.1.351.1 OR B.1.351.2 OR B.1.351.3 OR B.1.351.4 OR B.1.351.5,Beta,704.571428571429,0,0
2022-02-12,341,0,582.285714285714,0,0,8.43339297991354e-07,0.00430490639424358,B.1.351 OR B.1.351.1 OR B.1.351.2 OR B.1.351.3 OR B.1.351.4 OR B.1.351.5,Beta,686.857142857143,0,0
2022-02-13,222,0,544.142857142857,0,0,9.02221929729579e-07,0.00460478540775873,B.1.351 OR B.1.351.1 OR B.1.351.2 OR B.1.351.3 OR B.1.351.4 OR B.1.351.5,Beta,672,0,0
2022-02-14,732,0,500.857142857143,0,0,9.796194652986e-07,0.00499882022998554,B.1.351 OR B.1.351.1 OR B.1.351.2 OR B.1.351.3 OR B.1.351.4 OR B.1.351.5,Beta,638.571428571429,0,0
2022-02-15,404,0,431.428571428572,0,0,1.13863002086409e-06,0.00580786174474194,B.1.351 OR B.1.351.1 OR B.1.351.2 OR B.1.351.3 OR B.1.351.4 OR B.1.351.5,Beta,595.785714285714,0,0
2022-02-16,316,0,400.857142857143,0,0,1.22376115337859e-06,0.00624073626986596,B.1.351 OR B.1.351.1 OR B.1.351.2 OR B.1.351.3 OR B.1.351.4 OR B.1.351.5,Beta,557.714285714286,0,0
2022-02-17,290,0,371.142857142857,0,0,1.32265083497164e-06,0.00674333357427535,B.1.351 OR B.1.351.1 OR B.1.351.2 OR B.1.351.3 OR B.1.351.4 OR B.1.351.5,Beta,523.785714285714,0,0
2022-02-18,245,0,364.285714285714,0,0,1.34806894144398e-06,0.00687247758261282,B.1.351 OR B.1.351.1 OR B.1.351.2 OR B.1.351.3 OR B.1.351.4 OR B.1.351.5,Beta,482.785714285714,0,0
2022-02-19,152,0,337.285714285714,0,0,1.45599426584914e-06,0.00742063625426931,B.1.351 OR B.1.351.1 OR B.1.351.2 OR B.1.351.3 OR B.1.351.4 OR B.1.351.5,Beta,459.785714285714,0,0
2022-02-20,192,0,333,0,0,1.47347054345676e-06,0.00750937075927116,B.1.351 OR B.1.351.1 OR B.1.351.2 OR B.1.351.3 OR B.1.351.4 OR B.1.351.5,Beta,438.571428571429,0,0
2022-02-21,403,0,286,0,0,1.71540244574416e-06,0.00873694720119021,B.1.351 OR B.1.351.1 OR B.1.351.2 OR B.1.351.3 OR B.1.351.4 OR B.1.351.5,Beta,393.428571428571,0,0
2022-02-22,275,0,267.571428571429,0,0,1.83050846542382e-06,0.00932046850498606,B.1.351 OR B.1.351.1 OR B.1.351.2 OR B.1.351.3 OR B.1.351.4 OR B.1.351.5,Beta,349.5,0,0
2022-02-23,137,0,242,0,0,2.02697130802396e-06,0.0103156285154405,B.1.351 OR B.1.351.1 OR B.1.351.2 OR B.1.351.3 OR B.1.351.4 OR B.1.351.5,Beta,321.428571428571,0,0
2022-02-24,159,0,223.285714285714,0,0,2.19947910682983e-06,0.0111886224450171,B.1.351 OR B.1.351.1 OR B.1.351.2 OR B.1.351.3 OR B.1.351.4 OR B.1.351.5,Beta,297.214285714286,0,0
2022-02-25,258,0,225.142857142857,0,0,2.17994992603348e-06,0.0110898316436594,B.1.351 OR B.1.351.1 OR B.1.351.2 OR B.1.351.3 OR B.1.351.4 OR B.1.351.5,Beta,294.714285714286,0,0
2022-02-26,113,0,219.571428571429,0,0,2.22943788784192e-06,0.011340153493315,B.1.351 OR B.1.351.1 OR B.1.351.2 OR B.1.351.3 OR B.1.351.4 OR B.1.351.5,Beta,278.428571428571,0,0
2022-02-27,82,0,203.857142857143,0,0,2.40408127492379e-06,0.0122230347180468,B.1.351 OR B.1.351.1 OR B.1.351.2 OR B.1.351.3 OR B.1.351.4 OR B.1.351.5,Beta,268.428571428571,0,0
2022-02-28,384,0,201.142857142857,0,0,2.43991841268647e-06,0.0124041059820151,B.1.351 OR B.1.351.1 OR B.1.351.2 OR B.1.351.3 OR B.1.351.4 OR B.1.351.5,Beta,243.571428571429,0,0
2022-03-01,196,0,189.857142857143,0,0,2.58099080591376e-06,0.0131165679010523,B.1.351 OR B.1.351.1 OR B.1.351.2 OR B.1.351.3 OR B.1.351.4 OR B.1.351.5,Beta,228.714285714286,0,0
2022-03-02,124,0,188,0,0,2.60841160708543e-06,0.0132549922531687,B.1.351 OR B.1.351.1 OR B.1.351.2 OR B.1.351.3 OR B.1.351.4 OR B.1.351.5,Beta,215,0,0
2022-03-03,106,0,180.428571428571,0,0,2.7241798463776e-06,0.0138391937404528,B.1.351 OR B.1.351.1 OR B.1.351.2 OR B.1.351.3 OR B.1.351.4 OR B.1.351.5,Beta,201.857142857143,0,0
2022-03-04,169,0,167.714285714286,0,0,2.91847429308968e-06,0.0148188845320305,B.1.351 OR B.1.351.1 OR B.1.351.2 OR B.1.351.3 OR B.1.351.4 OR B.1.351.5,Beta,196.428571428571,0,0
2022-03-05,118,0,168.428571428571,0,0,2.91847429308968e-06,0.0148188845320305,B.1.351 OR B.1.351.1 OR B.1.351.2 OR B.1.351.3 OR B.1.351.4 OR B.1.351.5,Beta,194,0,0
2022-03-06,79,0,168,0,0,2.91847429308968e-06,0.0148188845320305,B.1.351 OR B.1.351.1 OR B.1.351.2 OR B.1.351.3 OR B.1.351.4 OR B.1.351.5,Beta,185.928571428571,0,0
2022-03-07,358,0,164.285714285714,0,0,2.98954797948663e-06,0.0151770160346656,B.1.351 OR B.1.351.1 OR B.1.351.2 OR B.1.351.3 OR B.1.351.4 OR B.1.351.5,Beta,182.714285714286,0,0
2022-03-08,145,0,157,0,0,3.1226274796481e-06,0.0158472368930627,B.1.351 OR B.1.351.1 OR B.1.351.2 OR B.1.351.3 OR B.1.351.4 OR B.1.351.5,Beta,173.428571428571,0,0
2022-03-09,77,0,150.285714285714,0,0,3.26810699680149e-06,0.016579385114365,B.1.351 OR B.1.351.1 OR B.1.351.2 OR B.1.351.3 OR B.1.351.4 OR B.1.351.5,Beta,169.142857142857,0,0
2022-03-10,76,0,146,0,0,3.35749071194876e-06,0.0170289521886297,B.1.351 OR B.1.351.1 OR B.1.351.2 OR B.1.351.3 OR B.1.351.4 OR B.1.351.5,Beta,163.214285714286,0,0
2022-03-11,216,0,152.714285714286,0,0,3.20413127789015e-06,0.0162574845530713,B.1.351 OR B.1.351.1 OR B.1.351.2 OR B.1.351.3 OR B.1.351.4 OR B.1.351.5,Beta,160.214285714286,0,0
2022-03-12,74,0,146.428571428571,0,0,3.35749071194876e-06,0.0170289521886297,B.1.351 OR B.1.351.1 OR B.1.351.2 OR B.1.351.3 OR B.1.351.4 OR B.1.351.5,Beta,157.428571428571,0,0
2022-03-13,49,0,142.142857142857,0,0,3.45190124791903e-06,0.0175035789898406,B.1.351 OR B.1.351.1 OR B.1.351.2 OR B.1.351.3 OR B.1.351.4 OR B.1.351.5,Beta,155.071428571429,0,0
2022-03-14,220,0,122.428571428571,0,0,4.01662613795073e-06,0.0203378159097935,B.1.351 OR B.1.351.1 OR B.1.351.2 OR B.1.351.3 OR B.1.351.4 OR B.1.351.5,Beta,143.357142857143,0,0
2022-03-15,235,0,135.285714285714,0,0,3.63055695453752e-06,0.0184011011034599,B.1.351 OR B.1.351.1 OR B.1.351.2 OR B.1.351.3 OR B.1.351.4 OR B.1.351.5,Beta,146.142857142857,0,0
2022-03-16,67,0,133.857142857143,0,0,3.65760006640101e-06,0.0185368874969057,B.1.351 OR B.1.351.1 OR B.1.351.2 OR B.1.351.3 OR B.1.351.4 OR B.1.351.5,Beta,142.071428571429,0,0
2022-03-17,114,0,139.285714285714,0,0,3.52626859045616e-06,0.0178772818689058,B.1.351 OR B.1.351.1 OR B.1.351.2 OR B.1.351.3 OR B.1.351.4 OR B.1.351.5,Beta,142.642857142857,0,0
2022-03-18,107,0,123.714285714286,0,0,3.95197258781667e-06,0.02001374837691,B.1.351 OR B.1.351.1 OR B.1.351.2 OR B.1.351.3 OR B.1.351.4 OR B.1.351.5,Beta,138.214285714286,0,0
2022-03-19,64,0,122.285714285714,0,0,4.01662613795073e-06,0.0203378159097935,B.1.351 OR B.1.351.1 OR B.1.351.2 OR B.1.351.3 OR B.1.351.4 OR B.1.351.5,Beta,134.357142857143,0,0
2022-03-20,39,0,120.857142857143,0,0,4.04975274408481e-06,0.0205038171686234,B.1.351 OR B.1.351.1 OR B.1.351.2 OR B.1.351.3 OR B.1.351.4 OR B.1.351.5,Beta,131.5,0,0
2022-03-21,127,0,107.571428571429,0,0,4.53609362576091e-06,0.0229376894287247,B.1.351 OR B.1.351.1 OR B.1.351.2 OR B.1.351.3 OR B.1.351.4 OR B.1.351.5,Beta,115,0,0
2022-03-22,71,0,84.1428571428572,0,0,5.82826071412354e-06,0.0293749147247891,B.1.351 OR B.1.351.1 OR B.1.351.2 OR B.1.351.3 OR B.1.351.4 OR B.1.351.5,Beta,109.714285714286,0,0
2022-03-23,99,0,88.7142857142857,0,0,5.50175104573027e-06,0.0277523522582762,B.1.351 OR B.1.351.1 OR B.1.351.2 OR B.1.351.3 OR B.1.351.4 OR B.1.351.5,Beta,111.285714285714,0,0
2022-03-24,89,0,85.1428571428571,0,0,5.75989480802187e-06,0.0290354006417662,B.1.351 OR B.1.351.1 OR B.1.351.2 OR B.1.351.3 OR B.1.351.4 OR B.1.351.5,Beta,112.214285714286,0,0
2022-03-25,99,0,84,0,0,5.82826071412354e-06,0.0293749147247891,B.1.351 OR B.1.351.1 OR B.1.351.2 OR B.1.351.3 OR B.1.351.4 OR B.1.351.5,Beta,103.857142857143,0,0
2022-03-26,39,0,80.4285714285714,0,0,6.1187622791363e-06,0.0308162584924402,B.1.351 OR B.1.351.1 OR B.1.351.2 OR B.1.351.3 OR B.1.351.4 OR B.1.351.5,Beta,101.357142857143,0,0
2022-03-27,23,0,78.1428571428571,0,0,6.27515030178844e-06,0.0315913009128417,B.1.351 OR B.1.351.1 OR B.1.351.2 OR B.1.351.3 OR B.1.351.4 OR B.1.351.5,Beta,99.5,0,0
2022-03-28,249,0,95.5714285714286,0,0,5.10162752373203e-06,0.0257602683918616,B.1.351 OR B.1.351.1 OR B.1.351.2 OR B.1.351.3 OR B.1.351.4 OR B.1.351.5,Beta,101.571428571429,0,0
2022-03-29,128,0,103.714285714286,0,0,4.71013899098436e-06,0.023807220500457,B.1.351 OR B.1.351.1 OR B.1.351.2 OR B.1.351.3 OR B.1.351.4 OR B.1.351.5,Beta,93.9285714285714,0,0
2022-03-30,62,0,98.4285714285714,0,0,4.99777853866861e-06,0.0252425707593752,B.1.351 OR B.1.351.1 OR B.1.351.2 OR B.1.351.3 OR B.1.351.4 OR B.1.351.5,Beta,93.5714285714286,0,0
2022-03-31,94,0,99.1428571428571,0,0,4.94742353317848e-06,0.0249914468604415,B.1.351 OR B.1.351.1 OR B.1.351.2 OR B.1.351.3 OR B.1.351.4 OR B.1.351.5,Beta,92.1428571428571,0,0
2022-04-01,44,0,91.2857142857143,0,0,5.38116596142488e-06,0.0271524283382124,B.1.351 OR B.1.351.1 OR B.1.351.2 OR B.1.351.3 OR B.1.351.4 OR B.1.351.5,Beta,87.6428571428571,0,0
2022-04-02,10,0,87.1428571428571,0,0,5.62786430389776e-06,0.0283793831889142,B.1.351 OR B.1.351.1 OR B.1.351.2 OR B.1.351.3 OR B.1.351.4 OR B.1.351.5,Beta,83.7857142857143,0,0
2022-04-03,6,0,84.7142857142857,0,0,5.75989480802187e-06,0.0290354006417662,B.1.351 OR B.1.351.1 OR B.1.351.2 OR B.1.351.3 OR B.1.351.4 OR B.1.351.5,Beta,81.4285714285714,0,0
2022-04-04,124,0,66.8571428571429,0,0,7.30155200012784e-06,0.0366626561611633,B.1.351 OR B.1.351.1 OR B.1.351.2 OR B.1.351.3 OR B.1.351.4 OR B.1.351.5,Beta,81.2142857142857,0,0
2022-04-05,78,0,59.7142857142857,0,0,8.14984778982563e-06,0.0408339228668985,B.1.351 OR B.1.351.1 OR B.1.351.2 OR B.1.351.3 OR B.1.351.4 OR B.1.351.5,Beta,81.7142857142857,0,0
2022-04-06,12,0,52.5714285714286,0,0,9.22116209664496e-06,0.0460759758318105,B.1.351 OR B.1.351.1 OR B.1.351.2 OR B.1.351.3 OR B.1.351.4 OR B.1.351.5,Beta,75.5,0,0
2022-04-07,66,0,48.5714285714286,0,0,9.97006665728702e-06,0.049723385287822,B.1.351 OR B.1.351.1 OR B.1.351.2 OR B.1.351.3 OR B.1.351.4 OR B.1.351.5,Beta,73.8571428571429,0,0
2022-04-08,28,0,46.2857142857143,0,0,1.06167519271196e-05,0.0528617046392331,B.1.351 OR B.1.351.1 OR B.1.351.2 OR B.1.351.3 OR B.1.351.4 OR B.1.351.5,Beta,68.7857142857143,0,0
2022-04-09,4,0,45.4285714285714,0,0,1.08513679206047e-05,0.0539977096907176,B.1.351 OR B.1.351.1 OR B.1.351.2 OR B.1.351.3 OR B.1.351.4 OR B.1.351.5,Beta,66.2857142857143,0,0
2022-04-10,6,0,45.4285714285714,0,0,1.08513679206047e-05,0.0539977096907176,B.1.351 OR B.1.351.1 OR B.1.351.2 OR B.1.351.3 OR B.1.351.4 OR B.1.351.5,Beta,65.0714285714286,0,0
2022-04-11,98,0,41.7142857142857,0,0,1.16218486873075e-05,0.0577187584875909,B.1.351 OR B.1.351.1 OR B.1.351.2 OR B.1.351.3 OR B.1.351.4 OR B.1.351.5,Beta,54.2857142857143,0,0
2022-04-12,60,0,39.1428571428571,0,0,1.25101025353066e-05,0.0619903842693526,B.1.351 OR B.1.351.1 OR B.1.351.2 OR B.1.351.3 OR B.1.351.4 OR B.1.351.5,Beta,49.4285714285714,0,0
2022-04-13,15,0,39.5714285714286,0,0,1.21993065751864e-05,0.0604979752140797,B.1.351 OR B.1.351.1 OR B.1.351.2 OR B.1.351.3 OR B.1.351.4 OR B.1.351.5,Beta,46.0714285714286,0,0
2022-04-14,10,0,31.5714285714286,0,0,1.52253043245215e-05,0.0749277634292839,B.1.351 OR B.1.351.1 OR B.1.351.2 OR B.1.351.3 OR B.1.351.4 OR B.1.351.5,Beta,40.0714285714286,0,0
2022-04-15,34,0,32.4285714285714,0,0,1.52253043245215e-05,0.0749277634292839,B.1.351 OR B.1.351.1 OR B.1.351.2 OR B.1.351.3 OR B.1.351.4 OR B.1.351.5,Beta,39.3571428571429,0,0
2022-04-16,4,0,32.4285714285714,0,0,1.52253043245215e-05,0.0749277634292839,B.1.351 OR B.1.351.1 OR B.1.351.2 OR B.1.351.3 OR B.1.351.4 OR B.1.351.5,Beta,38.9285714285714,0,0
2022-04-17,3,0,32,0,0,1.52253043245215e-05,0.0749277634292839,B.1.351 OR B.1.351.1 OR B.1.351.2 OR B.1.351.3 OR B.1.351.4 OR B.1.351.5,Beta,38.7142857142857,0,0
2022-04-18,3,0,18.4285714285714,0,0,2.69031173009093e-05,0.12855821182176,B.1.351 OR B.1.351.1 OR B.1.351.2 OR B.1.351.3 OR B.1.351.4 OR B.1.351.5,Beta,30.0714285714286,0,0
2022-04-19,25,0,13.4285714285714,0,0,3.70519332987658e-05,0.172619445282057,B.1.351 OR B.1.351.1 OR B.1.351.2 OR B.1.351.3 OR B.1.351.4 OR B.1.351.5,Beta,26.2857142857143,0,0
2022-04-20,9,0,12.5714285714286,0,0,3.70519332987658e-05,0.172619445282057,B.1.351 OR B.1.351.1 OR B.1.351.2 OR B.1.351.3 OR B.1.351.4 OR B.1.351.5,Beta,26.0714285714286,0,0
2022-04-21,8,0,12.2857142857143,0,0,4.00753100765989e-05,0.185305938312485,B.1.351 OR B.1.351.1 OR B.1.351.2 OR B.1.351.3 OR B.1.351.4 OR B.1.351.5,Beta,21.9285714285714,0,0
2022-04-22,10,0,8.85714285714286,0,0,5.3064053418493e-05,0.237610098632903,B.1.351 OR B.1.351.1 OR B.1.351.2 OR B.1.351.3 OR B.1.351.4 OR B.1.351.5,Beta,20.6428571428571,0,0
2022-04-23,11,0,9.85714285714286,0,0,4.7890433157582e-05,0.217196267509211,B.1.351 OR B.1.351.1 OR B.1.351.2 OR B.1.351.3 OR B.1.351.4 OR B.1.351.5,Beta,21.1428571428571,0,0
2022-04-24,5,0,10.1428571428571,0,0,4.7890433157582e-05,0.217196267509211,B.1.351 OR B.1.351.1 OR B.1.351.2 OR B.1.351.3 OR B.1.351.4 OR B.1.351.5,Beta,21.0714285714286,0,0
2022-04-25,14,0,11.7142857142857,0,0,4.00753100765989e-05,0.185305938312485,B.1.351 OR B.1.351.1 OR B.1.351.2 OR B.1.351.3 OR B.1.351.4 OR B.1.351.5,Beta,15.0714285714286,0,0
2022-04-26,43,0,14.2857142857143,0,0,3.44526718020059e-05,0.161553304514194,B.1.351 OR B.1.351.1 OR B.1.351.2 OR B.1.351.3 OR B.1.351.4 OR B.1.351.5,Beta,13.8571428571429,0,0
2022-04-27,28,0,17,0,0,2.84623777231095e-05,0.135478437891688,B.1.351 OR B.1.351.1 OR B.1.351.2 OR B.1.351.3 OR B.1.351.4 OR B.1.351.5,Beta,14.7857142857143,0,0
2022-04-28,12,0,17.5714285714286,0,0,2.69031173009093e-05,0.12855821182176,B.1.351 OR B.1.351.1 OR B.1.351.2 OR B.1.351.3 OR B.1.351.4 OR B.1.351.5,Beta,14.9285714285714,0,0
2022-04-29,25,0,19.7142857142857,0,0,2.42464784592428e-05,0.116638982904875,B.1.351 OR B.1.351.1 OR B.1.351.2 OR B.1.351.3 OR B.1.351.4 OR B.1.351.5,Beta,14.2857142857143,0,0
2022-04-30,8,0,19.2857142857143,0,0,2.55058126256953e-05,0.122309404319914,B.1.351 OR B.1.351.1 OR B.1.351.2 OR B.1.351.3 OR B.1.351.4 OR B.1.351.5,Beta,14.5714285714286,0,0
2022-05-01,2,0,18.8571428571429,0,0,2.55058126256953e-05,0.122309404319914,B.1.351 OR B.1.351.1 OR B.1.351.2 OR B.1.351.3 OR B.1.351.4 OR B.1.351.5,Beta,14.5,0,0
2022-05-02,6,0,17.7142857142857,0,0,2.69031173009093e-05,0.12855821182176,B.1.351 OR B.1.351.1 OR B.1.351.2 OR B.1.351.3 OR B.1.351.4 OR B.1.351.5,Beta,14.7142857142857,0,0
2022-05-03,5,0,12.2857142857143,0,0,4.00753100765989e-05,0.185305938312485,B.1.351 OR B.1.351.1 OR B.1.351.2 OR B.1.351.3 OR B.1.351.4 OR B.1.351.5,Beta,13.2857142857143,0,0
2022-05-04,24,0,11.7142857142857,0,0,4.00753100765989e-05,0.185305938312485,B.1.351 OR B.1.351.1 OR B.1.351.2 OR B.1.351.3 OR B.1.351.4 OR B.1.351.5,Beta,14.3571428571429,0,0
2022-05-05,8,0,11.1428571428571,0,0,4.36357981421897e-05,0.199994569026208,B.1.351 OR B.1.351.1 OR B.1.351.2 OR B.1.351.3 OR B.1.351.4 OR B.1.351.5,Beta,14.3571428571429,0,0
2022-05-06,34,0,12.4285714285714,0,0,4.00753100765989e-05,0.185305938312485,B.1.351 OR B.1.351.1 OR B.1.351.2 OR B.1.351.3 OR B.1.351.4 OR B.1.351.5,Beta,16.0714285714286,0,0
2022-05-07,5,0,12,0,0,4.00753100765989e-05,0.185305938312485,B.1.351 OR B.1.351.1 OR B.1.351.2 OR B.1.351.3 OR B.1.351.4 OR B.1.351.5,Beta,15.6428571428571,0,0
2022-05-08,4,0,12.2857142857143,0,0,4.00753100765989e-05,0.185305938312485,B.1.351 OR B.1.351.1 OR B.1.351.2 OR B.1.351.3 OR B.1.351.4 OR B.1.351.5,Beta,15.5714285714286,0,0
2022-05-09,17,0,13.8571428571429,0,0,3.44526718020059e-05,0.161553304514194,B.1.351 OR B.1.351.1 OR B.1.351.2 OR B.1.351.3 OR B.1.351.4 OR B.1.351.5,Beta,15.7857142857143,0,0
2022-05-10,15,0,15.2857142857143,0,0,3.21941443237269e-05,0.151816662114398,B.1.351 OR B.1.351.1 OR B.1.351.2 OR B.1.351.3 OR B.1.351.4 OR B.1.351.5,Beta,13.7857142857143,0,0
2022-05-11,6,0,12.7142857142857,0,0,3.70519332987658e-05,0.172619445282057,B.1.351 OR B.1.351.1 OR B.1.351.2 OR B.1.351.3 OR B.1.351.4 OR B.1.351.5,Beta,12.2142857142857,0,0
2022-05-12,26,0,15.2857142857143,0,0,3.21941443237269e-05,0.151816662114398,B.1.351 OR B.1.351.1 OR B.1.351.2 OR B.1.351.3 OR B.1.351.4 OR B.1.351.5,Beta,13.2142857142857,0,0
2022-05-13,23,0,13.7142857142857,0,0,3.44526718020059e-05,0.161553304514194,B.1.351 OR B.1.351.1 OR B.1.351.2 OR B.1.351.3 OR B.1.351.4 OR B.1.351.5,Beta,13.0714285714286,0,0
2022-05-14,3,0,13.4285714285714,0,0,3.70519332987658e-05,0.172619445282057,B.1.351 OR B.1.351.1 OR B.1.351.2 OR B.1.351.3 OR B.1.351.4 OR B.1.351.5,Beta,12.7142857142857,0,0
2022-05-15,2,0,13.1428571428571,0,0,3.70519332987658e-05,0.172619445282057,B.1.351 OR B.1.351.1 OR B.1.351.2 OR B.1.351.3 OR B.1.351.4 OR B.1.351.5,Beta,12.7142857142857,0,0
2022-05-16,16,0,13,0,0,3.70519332987658e-05,0.172619445282057,B.1.351 OR B.1.351.1 OR B.1.351.2 OR B.1.351.3 OR B.1.351.4 OR B.1.351.5,Beta,13.4285714285714,0,0
2022-05-17,18,0,13.4285714285714,0,0,3.70519332987658e-05,0.172619445282057,B.1.351 OR B.1.351.1 OR B.1.351.2 OR B.1.351.3 OR B.1.351.4 OR B.1.351.5,Beta,14.3571428571429,0,0
2022-05-18,13,0,14.4285714285714,0,0,3.44526718020059e-05,0.161553304514194,B.1.351 OR B.1.351.1 OR B.1.351.2 OR B.1.351.3 OR B.1.351.4 OR B.1.351.5,Beta,13.5714285714286,0,0
2022-05-19,20,0,13.5714285714286,0,0,3.44526718020059e-05,0.161553304514194,B.1.351 OR B.1.351.1 OR B.1.351.2 OR B.1.351.3 OR B.1.351.4 OR B.1.351.5,Beta,14.4285714285714,0,0
2022-05-20,15,0,12.4285714285714,0,0,4.00753100765989e-05,0.185305938312485,B.1.351 OR B.1.351.1 OR B.1.351.2 OR B.1.351.3 OR B.1.351.4 OR B.1.351.5,Beta,13.0714285714286,0,0
2022-05-21,1,0,12.1428571428571,0,0,4.00753100765989e-05,0.185305938312485,B.1.351 OR B.1.351.1 OR B.1.351.2 OR B.1.351.3 OR B.1.351.4 OR B.1.351.5,Beta,12.7857142857143,0,0
2022-05-22,5,0,12.5714285714286,0,0,3.70519332987658e-05,0.172619445282057,B.1.351 OR B.1.351.1 OR B.1.351.2 OR B.1.351.3 OR B.1.351.4 OR B.1.351.5,Beta,12.8571428571429,0,0
2022-05-23,31,0,14.7142857142857,0,0,3.21941443237269e-05,0.151816662114398,B.1.351 OR B.1.351.1 OR B.1.351.2 OR B.1.351.3 OR B.1.351.4 OR B.1.351.5,Beta,13.8571428571429,0,0
2022-05-24,8,0,13.2857142857143,0,0,3.70519332987658e-05,0.172619445282057,B.1.351 OR B.1.351.1 OR B.1.351.2 OR B.1.351.3 OR B.1.351.4 OR B.1.351.5,Beta,13.3571428571429,0,0
2022-05-25,13,0,13.2857142857143,0,0,3.70519332987658e-05,0.172619445282057,B.1.351 OR B.1.351.1 OR B.1.351.2 OR B.1.351.3 OR B.1.351.4 OR B.1.351.5,Beta,13.8571428571429,0,0
2022-05-26,2,0,10.7142857142857,0,0,4.36357981421897e-05,0.199994569026208,B.1.351 OR B.1.351.1 OR B.1.351.2 OR B.1.351.3 OR B.1.351.4 OR B.1.351.5,Beta,12.1428571428571,0,0
2022-05-27,15,0,10.7142857142857,0,0,4.36357981421897e-05,0.199994569026208,B.1.351 OR B.1.351.1 OR B.1.351.2 OR B.1.351.3 OR B.1.351.4 OR B.1.351.5,Beta,11.5714285714286,0,0
2022-05-28,3,0,11,0,0,4.36357981421897e-05,0.199994569026208,B.1.351 OR B.1.351.1 OR B.1.351.2 OR B.1.351.3 OR B.1.351.4 OR B.1.351.5,Beta,11.5714285714286,0,0
2022-05-29,3,0,10.7142857142857,0,0,4.36357981421897e-05,0.199994569026208,B.1.351 OR B.1.351.1 OR B.1.351.2 OR B.1.351.3 OR B.1.351.4 OR B.1.351.5,Beta,11.6428571428571,0,0
2022-05-30,5,0,7,0,0,6.76864642438303e-05,0.29243617366231,B.1.351 OR B.1.351.1 OR B.1.351.2 OR B.1.351.3 OR B.1.351.4 OR B.1.351.5,Beta,10.8571428571429,0,0
2022-05-31,5,0,6.57142857142857,0,0,6.76864642438303e-05,0.29243617366231,B.1.351 OR B.1.351.1 OR B.1.351.2 OR B.1.351.3 OR B.1.351.4 OR B.1.351.5,Beta,9.92857142857143,0,0
2022-06-01,8,0,5.85714285714286,0,0,7.84998483662081e-05,0.33038890915155,B.1.351 OR B.1.351.1 OR B.1.351.2 OR B.1.351.3 OR B.1.351.4 OR B.1.351.5,Beta,9.57142857142857,0,0
2022-06-02,10,0,7,0,0,6.76864642438303e-05,0.29243617366231,B.1.351 OR B.1.351.1 OR B.1.351.2 OR B.1.351.3 OR B.1.351.4 OR B.1.351.5,Beta,8.85714285714286,0,0
2022-06-03,6,0,5.71428571428571,0,0,7.84998483662081e-05,0.33038890915155,B.1.351 OR B.1.351.1 OR B.1.351.2 OR B.1.351.3 OR B.1.351.4 OR B.1.351.5,Beta,8.21428571428571,0,0
2022-06-04,3,0,5.71428571428571,0,0,7.84998483662081e-05,0.33038890915155,B.1.351 OR B.1.351.1 OR B.1.351.2 OR B.1.351.3 OR B.1.351.4 OR B.1.351.5,Beta,8.35714285714286,0,0
2022-06-05,2,0,5.57142857142857,0,0,7.84998483662081e-05,0.33038890915155,B.1.351 OR B.1.351.1 OR B.1.351.2 OR B.1.351.3 OR B.1.351.4 OR B.1.351.5,Beta,8.14285714285714,0,0
2022-06-06,25,0,8.42857142857143,0,0,5.94903028944023e-05,0.262217248717186,B.1.351 OR B.1.351.1 OR B.1.351.2 OR B.1.351.3 OR B.1.351.4 OR B.1.351.5,Beta,7.71428571428571,0,0
2022-06-07,10,0,9.14285714285714,0,0,5.3064053418493e-05,0.237610098632903,B.1.351 OR B.1.351.1 OR B.1.351.2 OR B.1.351.3 OR B.1.351.4 OR B.1.351.5,Beta,7.85714285714286,0,0
2022-06-08,4,0,8.57142857142857,0,0,5.3064053418493e-05,0.237610098632903,B.1.351 OR B.1.351.1 OR B.1.351.2 OR B.1.351.3 OR B.1.351.4 OR B.1.351.5,Beta,7.21428571428571,0,0
2022-06-09,6,0,8,0,0,5.94903028944023e-05,0.262217248717186,B.1.351 OR B.1.351.1 OR B.1.351.2 OR B.1.351.3 OR B.1.351.4 OR B.1.351.5,Beta,7.5,0,0
2022-06-10,12,0,8.85714285714286,0,0,5.3064053418493e-05,0.237610098632903,B.1.351 OR B.1.351.1 OR B.1.351.2 OR B.1.351.3 OR B.1.351.4 OR B.1.351.5,Beta,7.28571428571429,0,0
2022-06-14,1,0,5.75,0,0,7.84998483662081e-05,0.33038890915155,B.1.351 OR B.1.351.1 OR B.1.351.2 OR B.1.351.3 OR B.1.351.4 OR B.1.351.5,Beta,7.14285714285714,0,0
2022-06-17,4,0,2.5,0,0,0.000216908470030966,0.666821754401209,B.1.351 OR B.1.351.1 OR B.1.351.2 OR B.1.351.3 OR B.1.351.4 OR B.1.351.5,Beta,7.21428571428571,0,0
2022-06-21,2,0,3,0,0,0.000150636025436569,0.535583243042951,B.1.351 OR B.1.351.1 OR B.1.351.2 OR B.1.351.3 OR B.1.351.4 OR B.1.351.5,Beta,7,0,0
2022-06-22,26,0,10.6666666666667,0,0,4.36357981421897e-05,0.199994569026208,B.1.351 OR B.1.351.1 OR B.1.351.2 OR B.1.351.3 OR B.1.351.4 OR B.1.351.5,Beta,8.5,0,0
2021-01-02,5,1,2.8,0.2,0.0714285714285714,0.000150636025436569,0.535583243042951,AY.1 OR AY.2 OR AY.3 OR AY.3.1 OR AY.3.2 OR AY.3.3 OR AY.3.4 OR AY.4 OR AY.4.1 OR AY.4.2 OR AY.4.2.1 OR AY.4.2.2 OR AY.4.2.3 OR AY.4.2.4 OR AY.4.2.5 OR AY.4.3 OR AY.4.4 OR AY.4.5 OR AY.4.6 OR AY.4.7 OR AY.4.8 OR AY.4.9 OR AY.4.10 OR AY.4.11 OR AY.4.12 OR AY.4.13 OR AY.4.14 OR AY.4.15 OR AY.4.16 OR AY.4.17 OR AY.5 OR AY.5.1 OR AY.5.2 OR AY.5.3 OR AY.5.4 OR AY.5.5 OR AY.5.6 OR AY.5.7 OR AY.6 OR AY.7 OR AY.7.1 OR AY.7.2 OR AY.8 OR AY.9 OR AY.9.1 OR AY.9.2 OR AY.9.2.1 OR AY.9.2.2 OR AY.10 OR AY.11 OR AY.12 OR AY.13 OR AY.14 OR AY.15 OR AY.16 OR AY.16.1 OR AY.17 OR AY.18 OR AY.19 OR AY.20 OR AY.20.1 OR AY.21 OR AY.22 OR AY.23 OR AY.23.1 OR AY.23.2 OR AY.24 OR AY.24.1 OR AY.25 OR AY.25.1 OR AY.25.1.1 OR AY.25.1.2 OR AY.25.2 OR AY.25.3 OR AY.26 OR AY.26.1 OR AY.27 OR AY.28 OR AY.29 OR AY.29.1 OR AY.29.2 OR AY.30 OR AY.31 OR AY.32 OR AY.33 OR AY.33.1 OR AY.33.2 OR AY.34 OR AY.34.1 OR AY.34.1.1 OR AY.34.2 OR AY.35 OR AY.36 OR AY.36.1 OR AY.37 OR AY.38 OR AY.39 OR AY.39.1 OR AY.39.1.1 OR AY.39.1.2 OR AY.39.1.3 OR AY.39.1.4 OR AY.39.2 OR AY.39.3 OR AY.39.4 OR AY.40 OR AY.41 OR AY.42 OR AY.42.1 OR AY.43 OR AY.43.1 OR AY.43.2 OR AY.43.3 OR AY.43.4 OR AY.43.5 OR AY.43.6 OR AY.43.7 OR AY.43.8 OR AY.43.9 OR AY.44 OR AY.45 OR AY.46 OR AY.46.1 OR AY.46.2 OR AY.46.3 OR AY.46.4 OR AY.46.5 OR AY.46.6 OR AY.46.6.1 OR AY.47 OR AY.48 OR AY.49 OR AY.50 OR AY.51 OR AY.52 OR AY.53 OR AY.54 OR AY.55 OR AY.56 OR AY.57 OR AY.58 OR AY.59 OR AY.60 OR AY.61 OR AY.62 OR AY.63 OR AY.64 OR AY.65 OR AY.66 OR AY.67 OR AY.68 OR AY.69 OR AY.70 OR AY.71 OR AY.72 OR AY.73 OR AY.74 OR AY.75 OR AY.75.1 OR AY.75.2 OR AY.75.3 OR AY.76 OR AY.77 OR AY.78 OR AY.79 OR AY.80 OR AY.81 OR AY.82 OR AY.83 OR AY.84 OR AY.85 OR AY.86 OR AY.87 OR AY.88 OR AY.89 OR AY.90 OR AY.91 OR AY.91.1 OR AY.92 OR AY.93 OR AY.94 OR AY.95 OR AY.96 OR AY.97 OR AY.98 OR AY.98.1 OR AY.98.1.1 OR AY.99 OR AY.99.1 OR AY.99.2 OR AY.100 OR AY.101 OR AY.102 OR AY.102.1 OR AY.102.2 OR AY.103 OR AY.103.1 OR AY.103.2 OR AY.104 OR AY.105 OR AY.106 OR AY.107 OR AY.108 OR AY.109 OR AY.110 OR AY.111 OR AY.112 OR AY.112.1 OR AY.112.2 OR AY.112.3 OR AY.113 OR AY.114 OR AY.115 OR AY.116 OR AY.116.1 OR AY.117 OR AY.118 OR AY.119 OR AY.119.1 OR AY.119.2 OR AY.120 OR AY.120.1 OR AY.120.2 OR AY.120.2.1 OR AY.121 OR AY.121.1 OR AY.122 OR AY.122.1 OR AY.122.2 OR AY.122.3 OR AY.122.4 OR AY.122.5 OR AY.122.6 OR AY.123 OR AY.123.1 OR AY.124 OR AY.124.1 OR AY.124.1.1 OR AY.125 OR AY.125.1 OR AY.126 OR AY.127 OR AY.127.1 OR AY.127.2 OR AY.127.3 OR AY.128 OR AY.129 OR AY.130 OR AY.131 OR AY.132 OR AY.133 OR AY.134 OR B.1.617.2,Delta,,,
2021-01-03,5,0,3.4,0.2,0.0588235294117647,0.000150636025436569,0.535583243042951,AY.1 OR AY.2 OR AY.3 OR AY.3.1 OR AY.3.2 OR AY.3.3 OR AY.3.4 OR AY.4 OR AY.4.1 OR AY.4.2 OR AY.4.2.1 OR AY.4.2.2 OR AY.4.2.3 OR AY.4.2.4 OR AY.4.2.5 OR AY.4.3 OR AY.4.4 OR AY.4.5 OR AY.4.6 OR AY.4.7 OR AY.4.8 OR AY.4.9 OR AY.4.10 OR AY.4.11 OR AY.4.12 OR AY.4.13 OR AY.4.14 OR AY.4.15 OR AY.4.16 OR AY.4.17 OR AY.5 OR AY.5.1 OR AY.5.2 OR AY.5.3 OR AY.5.4 OR AY.5.5 OR AY.5.6 OR AY.5.7 OR AY.6 OR AY.7 OR AY.7.1 OR AY.7.2 OR AY.8 OR AY.9 OR AY.9.1 OR AY.9.2 OR AY.9.2.1 OR AY.9.2.2 OR AY.10 OR AY.11 OR AY.12 OR AY.13 OR AY.14 OR AY.15 OR AY.16 OR AY.16.1 OR AY.17 OR AY.18 OR AY.19 OR AY.20 OR AY.20.1 OR AY.21 OR AY.22 OR AY.23 OR AY.23.1 OR AY.23.2 OR AY.24 OR AY.24.1 OR AY.25 OR AY.25.1 OR AY.25.1.1 OR AY.25.1.2 OR AY.25.2 OR AY.25.3 OR AY.26 OR AY.26.1 OR AY.27 OR AY.28 OR AY.29 OR AY.29.1 OR AY.29.2 OR AY.30 OR AY.31 OR AY.32 OR AY.33 OR AY.33.1 OR AY.33.2 OR AY.34 OR AY.34.1 OR AY.34.1.1 OR AY.34.2 OR AY.35 OR AY.36 OR AY.36.1 OR AY.37 OR AY.38 OR AY.39 OR AY.39.1 OR AY.39.1.1 OR AY.39.1.2 OR AY.39.1.3 OR AY.39.1.4 OR AY.39.2 OR AY.39.3 OR AY.39.4 OR AY.40 OR AY.41 OR AY.42 OR AY.42.1 OR AY.43 OR AY.43.1 OR AY.43.2 OR AY.43.3 OR AY.43.4 OR AY.43.5 OR AY.43.6 OR AY.43.7 OR AY.43.8 OR AY.43.9 OR AY.44 OR AY.45 OR AY.46 OR AY.46.1 OR AY.46.2 OR AY.46.3 OR AY.46.4 OR AY.46.5 OR AY.46.6 OR AY.46.6.1 OR AY.47 OR AY.48 OR AY.49 OR AY.50 OR AY.51 OR AY.52 OR AY.53 OR AY.54 OR AY.55 OR AY.56 OR AY.57 OR AY.58 OR AY.59 OR AY.60 OR AY.61 OR AY.62 OR AY.63 OR AY.64 OR AY.65 OR AY.66 OR AY.67 OR AY.68 OR AY.69 OR AY.70 OR AY.71 OR AY.72 OR AY.73 OR AY.74 OR AY.75 OR AY.75.1 OR AY.75.2 OR AY.75.3 OR AY.76 OR AY.77 OR AY.78 OR AY.79 OR AY.80 OR AY.81 OR AY.82 OR AY.83 OR AY.84 OR AY.85 OR AY.86 OR AY.87 OR AY.88 OR AY.89 OR AY.90 OR AY.91 OR AY.91.1 OR AY.92 OR AY.93 OR AY.94 OR AY.95 OR AY.96 OR AY.97 OR AY.98 OR AY.98.1 OR AY.98.1.1 OR AY.99 OR AY.99.1 OR AY.99.2 OR AY.100 OR AY.101 OR AY.102 OR AY.102.1 OR AY.102.2 OR AY.103 OR AY.103.1 OR AY.103.2 OR AY.104 OR AY.105 OR AY.106 OR AY.107 OR AY.108 OR AY.109 OR AY.110 OR AY.111 OR AY.112 OR AY.112.1 OR AY.112.2 OR AY.112.3 OR AY.113 OR AY.114 OR AY.115 OR AY.116 OR AY.116.1 OR AY.117 OR AY.118 OR AY.119 OR AY.119.1 OR AY.119.2 OR AY.120 OR AY.120.1 OR AY.120.2 OR AY.120.2.1 OR AY.121 OR AY.121.1 OR AY.122 OR AY.122.1 OR AY.122.2 OR AY.122.3 OR AY.122.4 OR AY.122.5 OR AY.122.6 OR AY.123 OR AY.123.1 OR AY.124 OR AY.124.1 OR AY.124.1.1 OR AY.125 OR AY.125.1 OR AY.126 OR AY.127 OR AY.127.1 OR AY.127.2 OR AY.127.3 OR AY.128 OR AY.129 OR AY.130 OR AY.131 OR AY.132 OR AY.133 OR AY.134 OR B.1.617.2,Delta,,,
2021-01-04,8,0,4.16666666666667,0.166666666666667,0.04,0.000115332788238275,0.44476261765764,AY.1 OR AY.2 OR AY.3 OR AY.3.1 OR AY.3.2 OR AY.3.3 OR AY.3.4 OR AY.4 OR AY.4.1 OR AY.4.2 OR AY.4.2.1 OR AY.4.2.2 OR AY.4.2.3 OR AY.4.2.4 OR AY.4.2.5 OR AY.4.3 OR AY.4.4 OR AY.4.5 OR AY.4.6 OR AY.4.7 OR AY.4.8 OR AY.4.9 OR AY.4.10 OR AY.4.11 OR AY.4.12 OR AY.4.13 OR AY.4.14 OR AY.4.15 OR AY.4.16 OR AY.4.17 OR AY.5 OR AY.5.1 OR AY.5.2 OR AY.5.3 OR AY.5.4 OR AY.5.5 OR AY.5.6 OR AY.5.7 OR AY.6 OR AY.7 OR AY.7.1 OR AY.7.2 OR AY.8 OR AY.9 OR AY.9.1 OR AY.9.2 OR AY.9.2.1 OR AY.9.2.2 OR AY.10 OR AY.11 OR AY.12 OR AY.13 OR AY.14 OR AY.15 OR AY.16 OR AY.16.1 OR AY.17 OR AY.18 OR AY.19 OR AY.20 OR AY.20.1 OR AY.21 OR AY.22 OR AY.23 OR AY.23.1 OR AY.23.2 OR AY.24 OR AY.24.1 OR AY.25 OR AY.25.1 OR AY.25.1.1 OR AY.25.1.2 OR AY.25.2 OR AY.25.3 OR AY.26 OR AY.26.1 OR AY.27 OR AY.28 OR AY.29 OR AY.29.1 OR AY.29.2 OR AY.30 OR AY.31 OR AY.32 OR AY.33 OR AY.33.1 OR AY.33.2 OR AY.34 OR AY.34.1 OR AY.34.1.1 OR AY.34.2 OR AY.35 OR AY.36 OR AY.36.1 OR AY.37 OR AY.38 OR AY.39 OR AY.39.1 OR AY.39.1.1 OR AY.39.1.2 OR AY.39.1.3 OR AY.39.1.4 OR AY.39.2 OR AY.39.3 OR AY.39.4 OR AY.40 OR AY.41 OR AY.42 OR AY.42.1 OR AY.43 OR AY.43.1 OR AY.43.2 OR AY.43.3 OR AY.43.4 OR AY.43.5 OR AY.43.6 OR AY.43.7 OR AY.43.8 OR AY.43.9 OR AY.44 OR AY.45 OR AY.46 OR AY.46.1 OR AY.46.2 OR AY.46.3 OR AY.46.4 OR AY.46.5 OR AY.46.6 OR AY.46.6.1 OR AY.47 OR AY.48 OR AY.49 OR AY.50 OR AY.51 OR AY.52 OR AY.53 OR AY.54 OR AY.55 OR AY.56 OR AY.57 OR AY.58 OR AY.59 OR AY.60 OR AY.61 OR AY.62 OR AY.63 OR AY.64 OR AY.65 OR AY.66 OR AY.67 OR AY.68 OR AY.69 OR AY.70 OR AY.71 OR AY.72 OR AY.73 OR AY.74 OR AY.75 OR AY.75.1 OR AY.75.2 OR AY.75.3 OR AY.76 OR AY.77 OR AY.78 OR AY.79 OR AY.80 OR AY.81 OR AY.82 OR AY.83 OR AY.84 OR AY.85 OR AY.86 OR AY.87 OR AY.88 OR AY.89 OR AY.90 OR AY.91 OR AY.91.1 OR AY.92 OR AY.93 OR AY.94 OR AY.95 OR AY.96 OR AY.97 OR AY.98 OR AY.98.1 OR AY.98.1.1 OR AY.99 OR AY.99.1 OR AY.99.2 OR AY.100 OR AY.101 OR AY.102 OR AY.102.1 OR AY.102.2 OR AY.103 OR AY.103.1 OR AY.103.2 OR AY.104 OR AY.105 OR AY.106 OR AY.107 OR AY.108 OR AY.109 OR AY.110 OR AY.111 OR AY.112 OR AY.112.1 OR AY.112.2 OR AY.112.3 OR AY.113 OR AY.114 OR AY.115 OR AY.116 OR AY.116.1 OR AY.117 OR AY.118 OR AY.119 OR AY.119.1 OR AY.119.2 OR AY.120 OR AY.120.1 OR AY.120.2 OR AY.120.2.1 OR AY.121 OR AY.121.1 OR AY.122 OR AY.122.1 OR AY.122.2 OR AY.122.3 OR AY.122.4 OR AY.122.5 OR AY.122.6 OR AY.123 OR AY.123.1 OR AY.124 OR AY.124.1 OR AY.124.1.1 OR AY.125 OR AY.125.1 OR AY.126 OR AY.127 OR AY.127.1 OR AY.127.2 OR AY.127.3 OR AY.128 OR AY.129 OR AY.130 OR AY.131 OR AY.132 OR AY.133 OR AY.134 OR B.1.617.2,Delta,,,
2021-01-05,15,0,5.71428571428571,0.142857142857143,0.025,7.84998483662081e-05,0.33038890915155,AY.1 OR AY.2 OR AY.3 OR AY.3.1 OR AY.3.2 OR AY.3.3 OR AY.3.4 OR AY.4 OR AY.4.1 OR AY.4.2 OR AY.4.2.1 OR AY.4.2.2 OR AY.4.2.3 OR AY.4.2.4 OR AY.4.2.5 OR AY.4.3 OR AY.4.4 OR AY.4.5 OR AY.4.6 OR AY.4.7 OR AY.4.8 OR AY.4.9 OR AY.4.10 OR AY.4.11 OR AY.4.12 OR AY.4.13 OR AY.4.14 OR AY.4.15 OR AY.4.16 OR AY.4.17 OR AY.5 OR AY.5.1 OR AY.5.2 OR AY.5.3 OR AY.5.4 OR AY.5.5 OR AY.5.6 OR AY.5.7 OR AY.6 OR AY.7 OR AY.7.1 OR AY.7.2 OR AY.8 OR AY.9 OR AY.9.1 OR AY.9.2 OR AY.9.2.1 OR AY.9.2.2 OR AY.10 OR AY.11 OR AY.12 OR AY.13 OR AY.14 OR AY.15 OR AY.16 OR AY.16.1 OR AY.17 OR AY.18 OR AY.19 OR AY.20 OR AY.20.1 OR AY.21 OR AY.22 OR AY.23 OR AY.23.1 OR AY.23.2 OR AY.24 OR AY.24.1 OR AY.25 OR AY.25.1 OR AY.25.1.1 OR AY.25.1.2 OR AY.25.2 OR AY.25.3 OR AY.26 OR AY.26.1 OR AY.27 OR AY.28 OR AY.29 OR AY.29.1 OR AY.29.2 OR AY.30 OR AY.31 OR AY.32 OR AY.33 OR AY.33.1 OR AY.33.2 OR AY.34 OR AY.34.1 OR AY.34.1.1 OR AY.34.2 OR AY.35 OR AY.36 OR AY.36.1 OR AY.37 OR AY.38 OR AY.39 OR AY.39.1 OR AY.39.1.1 OR AY.39.1.2 OR AY.39.1.3 OR AY.39.1.4 OR AY.39.2 OR AY.39.3 OR AY.39.4 OR AY.40 OR AY.41 OR AY.42 OR AY.42.1 OR AY.43 OR AY.43.1 OR AY.43.2 OR AY.43.3 OR AY.43.4 OR AY.43.5 OR AY.43.6 OR AY.43.7 OR AY.43.8 OR AY.43.9 OR AY.44 OR AY.45 OR AY.46 OR AY.46.1 OR AY.46.2 OR AY.46.3 OR AY.46.4 OR AY.46.5 OR AY.46.6 OR AY.46.6.1 OR AY.47 OR AY.48 OR AY.49 OR AY.50 OR AY.51 OR AY.52 OR AY.53 OR AY.54 OR AY.55 OR AY.56 OR AY.57 OR AY.58 OR AY.59 OR AY.60 OR AY.61 OR AY.62 OR AY.63 OR AY.64 OR AY.65 OR AY.66 OR AY.67 OR AY.68 OR AY.69 OR AY.70 OR AY.71 OR AY.72 OR AY.73 OR AY.74 OR AY.75 OR AY.75.1 OR AY.75.2 OR AY.75.3 OR AY.76 OR AY.77 OR AY.78 OR AY.79 OR AY.80 OR AY.81 OR AY.82 OR AY.83 OR AY.84 OR AY.85 OR AY.86 OR AY.87 OR AY.88 OR AY.89 OR AY.90 OR AY.91 OR AY.91.1 OR AY.92 OR AY.93 OR AY.94 OR AY.95 OR AY.96 OR AY.97 OR AY.98 OR AY.98.1 OR AY.98.1.1 OR AY.99 OR AY.99.1 OR AY.99.2 OR AY.100 OR AY.101 OR AY.102 OR AY.102.1 OR AY.102.2 OR AY.103 OR AY.103.1 OR AY.103.2 OR AY.104 OR AY.105 OR AY.106 OR AY.107 OR AY.108 OR AY.109 OR AY.110 OR AY.111 OR AY.112 OR AY.112.1 OR AY.112.2 OR AY.112.3 OR AY.113 OR AY.114 OR AY.115 OR AY.116 OR AY.116.1 OR AY.117 OR AY.118 OR AY.119 OR AY.119.1 OR AY.119.2 OR AY.120 OR AY.120.1 OR AY.120.2 OR AY.120.2.1 OR AY.121 OR AY.121.1 OR AY.122 OR AY.122.1 OR AY.122.2 OR AY.122.3 OR AY.122.4 OR AY.122.5 OR AY.122.6 OR AY.123 OR AY.123.1 OR AY.124 OR AY.124.1 OR AY.124.1.1 OR AY.125 OR AY.125.1 OR AY.126 OR AY.127 OR AY.127.1 OR AY.127.2 OR AY.127.3 OR AY.128 OR AY.129 OR AY.130 OR AY.131 OR AY.132 OR AY.133 OR AY.134 OR B.1.617.2,Delta,,,
2021-01-06,13,0,7.14285714285714,0.142857142857143,0.02,6.76864642438303e-05,0.29243617366231,AY.1 OR AY.2 OR AY.3 OR AY.3.1 OR AY.3.2 OR AY.3.3 OR AY.3.4 OR AY.4 OR AY.4.1 OR AY.4.2 OR AY.4.2.1 OR AY.4.2.2 OR AY.4.2.3 OR AY.4.2.4 OR AY.4.2.5 OR AY.4.3 OR AY.4.4 OR AY.4.5 OR AY.4.6 OR AY.4.7 OR AY.4.8 OR AY.4.9 OR AY.4.10 OR AY.4.11 OR AY.4.12 OR AY.4.13 OR AY.4.14 OR AY.4.15 OR AY.4.16 OR AY.4.17 OR AY.5 OR AY.5.1 OR AY.5.2 OR AY.5.3 OR AY.5.4 OR AY.5.5 OR AY.5.6 OR AY.5.7 OR AY.6 OR AY.7 OR AY.7.1 OR AY.7.2 OR AY.8 OR AY.9 OR AY.9.1 OR AY.9.2 OR AY.9.2.1 OR AY.9.2.2 OR AY.10 OR AY.11 OR AY.12 OR AY.13 OR AY.14 OR AY.15 OR AY.16 OR AY.16.1 OR AY.17 OR AY.18 OR AY.19 OR AY.20 OR AY.20.1 OR AY.21 OR AY.22 OR AY.23 OR AY.23.1 OR AY.23.2 OR AY.24 OR AY.24.1 OR AY.25 OR AY.25.1 OR AY.25.1.1 OR AY.25.1.2 OR AY.25.2 OR AY.25.3 OR AY.26 OR AY.26.1 OR AY.27 OR AY.28 OR AY.29 OR AY.29.1 OR AY.29.2 OR AY.30 OR AY.31 OR AY.32 OR AY.33 OR AY.33.1 OR AY.33.2 OR AY.34 OR AY.34.1 OR AY.34.1.1 OR AY.34.2 OR AY.35 OR AY.36 OR AY.36.1 OR AY.37 OR AY.38 OR AY.39 OR AY.39.1 OR AY.39.1.1 OR AY.39.1.2 OR AY.39.1.3 OR AY.39.1.4 OR AY.39.2 OR AY.39.3 OR AY.39.4 OR AY.40 OR AY.41 OR AY.42 OR AY.42.1 OR AY.43 OR AY.43.1 OR AY.43.2 OR AY.43.3 OR AY.43.4 OR AY.43.5 OR AY.43.6 OR AY.43.7 OR AY.43.8 OR AY.43.9 OR AY.44 OR AY.45 OR AY.46 OR AY.46.1 OR AY.46.2 OR AY.46.3 OR AY.46.4 OR AY.46.5 OR AY.46.6 OR AY.46.6.1 OR AY.47 OR AY.48 OR AY.49 OR AY.50 OR AY.51 OR AY.52 OR AY.53 OR AY.54 OR AY.55 OR AY.56 OR AY.57 OR AY.58 OR AY.59 OR AY.60 OR AY.61 OR AY.62 OR AY.63 OR AY.64 OR AY.65 OR AY.66 OR AY.67 OR AY.68 OR AY.69 OR AY.70 OR AY.71 OR AY.72 OR AY.73 OR AY.74 OR AY.75 OR AY.75.1 OR AY.75.2 OR AY.75.3 OR AY.76 OR AY.77 OR AY.78 OR AY.79 OR AY.80 OR AY.81 OR AY.82 OR AY.83 OR AY.84 OR AY.85 OR AY.86 OR AY.87 OR AY.88 OR AY.89 OR AY.90 OR AY.91 OR AY.91.1 OR AY.92 OR AY.93 OR AY.94 OR AY.95 OR AY.96 OR AY.97 OR AY.98 OR AY.98.1 OR AY.98.1.1 OR AY.99 OR AY.99.1 OR AY.99.2 OR AY.100 OR AY.101 OR AY.102 OR AY.102.1 OR AY.102.2 OR AY.103 OR AY.103.1 OR AY.103.2 OR AY.104 OR AY.105 OR AY.106 OR AY.107 OR AY.108 OR AY.109 OR AY.110 OR AY.111 OR AY.112 OR AY.112.1 OR AY.112.2 OR AY.112.3 OR AY.113 OR AY.114 OR AY.115 OR AY.116 OR AY.116.1 OR AY.117 OR AY.118 OR AY.119 OR AY.119.1 OR AY.119.2 OR AY.120 OR AY.120.1 OR AY.120.2 OR AY.120.2.1 OR AY.121 OR AY.121.1 OR AY.122 OR AY.122.1 OR AY.122.2 OR AY.122.3 OR AY.122.4 OR AY.122.5 OR AY.122.6 OR AY.123 OR AY.123.1 OR AY.124 OR AY.124.1 OR AY.124.1.1 OR AY.125 OR AY.125.1 OR AY.126 OR AY.127 OR AY.127.1 OR AY.127.2 OR AY.127.3 OR AY.128 OR AY.129 OR AY.130 OR AY.131 OR AY.132 OR AY.133 OR AY.134 OR B.1.617.2,Delta,,,
2021-01-07,5,0,7.42857142857143,0.142857142857143,0.0192307692307692,6.76864642438303e-05,0.29243617366231,AY.1 OR AY.2 OR AY.3 OR AY.3.1 OR AY.3.2 OR AY.3.3 OR AY.3.4 OR AY.4 OR AY.4.1 OR AY.4.2 OR AY.4.2.1 OR AY.4.2.2 OR AY.4.2.3 OR AY.4.2.4 OR AY.4.2.5 OR AY.4.3 OR AY.4.4 OR AY.4.5 OR AY.4.6 OR AY.4.7 OR AY.4.8 OR AY.4.9 OR AY.4.10 OR AY.4.11 OR AY.4.12 OR AY.4.13 OR AY.4.14 OR AY.4.15 OR AY.4.16 OR AY.4.17 OR AY.5 OR AY.5.1 OR AY.5.2 OR AY.5.3 OR AY.5.4 OR AY.5.5 OR AY.5.6 OR AY.5.7 OR AY.6 OR AY.7 OR AY.7.1 OR AY.7.2 OR AY.8 OR AY.9 OR AY.9.1 OR AY.9.2 OR AY.9.2.1 OR AY.9.2.2 OR AY.10 OR AY.11 OR AY.12 OR AY.13 OR AY.14 OR AY.15 OR AY.16 OR AY.16.1 OR AY.17 OR AY.18 OR AY.19 OR AY.20 OR AY.20.1 OR AY.21 OR AY.22 OR AY.23 OR AY.23.1 OR AY.23.2 OR AY.24 OR AY.24.1 OR AY.25 OR AY.25.1 OR AY.25.1.1 OR AY.25.1.2 OR AY.25.2 OR AY.25.3 OR AY.26 OR AY.26.1 OR AY.27 OR AY.28 OR AY.29 OR AY.29.1 OR AY.29.2 OR AY.30 OR AY.31 OR AY.32 OR AY.33 OR AY.33.1 OR AY.33.2 OR AY.34 OR AY.34.1 OR AY.34.1.1 OR AY.34.2 OR AY.35 OR AY.36 OR AY.36.1 OR AY.37 OR AY.38 OR AY.39 OR AY.39.1 OR AY.39.1.1 OR AY.39.1.2 OR AY.39.1.3 OR AY.39.1.4 OR AY.39.2 OR AY.39.3 OR AY.39.4 OR AY.40 OR AY.41 OR AY.42 OR AY.42.1 OR AY.43 OR AY.43.1 OR AY.43.2 OR AY.43.3 OR AY.43.4 OR AY.43.5 OR AY.43.6 OR AY.43.7 OR AY.43.8 OR AY.43.9 OR AY.44 OR AY.45 OR AY.46 OR AY.46.1 OR AY.46.2 OR AY.46.3 OR AY.46.4 OR AY.46.5 OR AY.46.6 OR AY.46.6.1 OR AY.47 OR AY.48 OR AY.49 OR AY.50 OR AY.51 OR AY.52 OR AY.53 OR AY.54 OR AY.55 OR AY.56 OR AY.57 OR AY.58 OR AY.59 OR AY.60 OR AY.61 OR AY.62 OR AY.63 OR AY.64 OR AY.65 OR AY.66 OR AY.67 OR AY.68 OR AY.69 OR AY.70 OR AY.71 OR AY.72 OR AY.73 OR AY.74 OR AY.75 OR AY.75.1 OR AY.75.2 OR AY.75.3 OR AY.76 OR AY.77 OR AY.78 OR AY.79 OR AY.80 OR AY.81 OR AY.82 OR AY.83 OR AY.84 OR AY.85 OR AY.86 OR AY.87 OR AY.88 OR AY.89 OR AY.90 OR AY.91 OR AY.91.1 OR AY.92 OR AY.93 OR AY.94 OR AY.95 OR AY.96 OR AY.97 OR AY.98 OR AY.98.1 OR AY.98.1.1 OR AY.99 OR AY.99.1 OR AY.99.2 OR AY.100 OR AY.101 OR AY.102 OR AY.102.1 OR AY.102.2 OR AY.103 OR AY.103.1 OR AY.103.2 OR AY.104 OR AY.105 OR AY.106 OR AY.107 OR AY.108 OR AY.109 OR AY.110 OR AY.111 OR AY.112 OR AY.112.1 OR AY.112.2 OR AY.112.3 OR AY.113 OR AY.114 OR AY.115 OR AY.116 OR AY.116.1 OR AY.117 OR AY.118 OR AY.119 OR AY.119.1 OR AY.119.2 OR AY.120 OR AY.120.1 OR AY.120.2 OR AY.120.2.1 OR AY.121 OR AY.121.1 OR AY.122 OR AY.122.1 OR AY.122.2 OR AY.122.3 OR AY.122.4 OR AY.122.5 OR AY.122.6 OR AY.123 OR AY.123.1 OR AY.124 OR AY.124.1 OR AY.124.1.1 OR AY.125 OR AY.125.1 OR AY.126 OR AY.127 OR AY.127.1 OR AY.127.2 OR AY.127.3 OR AY.128 OR AY.129 OR AY.130 OR AY.131 OR AY.132 OR AY.133 OR AY.134 OR B.1.617.2,Delta,,,
2021-01-08,11,0,8.85714285714286,0.142857142857143,0.0161290322580645,5.3064053418493e-05,0.237610098632903,AY.1 OR AY.2 OR AY.3 OR AY.3.1 OR AY.3.2 OR AY.3.3 OR AY.3.4 OR AY.4 OR AY.4.1 OR AY.4.2 OR AY.4.2.1 OR AY.4.2.2 OR AY.4.2.3 OR AY.4.2.4 OR AY.4.2.5 OR AY.4.3 OR AY.4.4 OR AY.4.5 OR AY.4.6 OR AY.4.7 OR AY.4.8 OR AY.4.9 OR AY.4.10 OR AY.4.11 OR AY.4.12 OR AY.4.13 OR AY.4.14 OR AY.4.15 OR AY.4.16 OR AY.4.17 OR AY.5 OR AY.5.1 OR AY.5.2 OR AY.5.3 OR AY.5.4 OR AY.5.5 OR AY.5.6 OR AY.5.7 OR AY.6 OR AY.7 OR AY.7.1 OR AY.7.2 OR AY.8 OR AY.9 OR AY.9.1 OR AY.9.2 OR AY.9.2.1 OR AY.9.2.2 OR AY.10 OR AY.11 OR AY.12 OR AY.13 OR AY.14 OR AY.15 OR AY.16 OR AY.16.1 OR AY.17 OR AY.18 OR AY.19 OR AY.20 OR AY.20.1 OR AY.21 OR AY.22 OR AY.23 OR AY.23.1 OR AY.23.2 OR AY.24 OR AY.24.1 OR AY.25 OR AY.25.1 OR AY.25.1.1 OR AY.25.1.2 OR AY.25.2 OR AY.25.3 OR AY.26 OR AY.26.1 OR AY.27 OR AY.28 OR AY.29 OR AY.29.1 OR AY.29.2 OR AY.30 OR AY.31 OR AY.32 OR AY.33 OR AY.33.1 OR AY.33.2 OR AY.34 OR AY.34.1 OR AY.34.1.1 OR AY.34.2 OR AY.35 OR AY.36 OR AY.36.1 OR AY.37 OR AY.38 OR AY.39 OR AY.39.1 OR AY.39.1.1 OR AY.39.1.2 OR AY.39.1.3 OR AY.39.1.4 OR AY.39.2 OR AY.39.3 OR AY.39.4 OR AY.40 OR AY.41 OR AY.42 OR AY.42.1 OR AY.43 OR AY.43.1 OR AY.43.2 OR AY.43.3 OR AY.43.4 OR AY.43.5 OR AY.43.6 OR AY.43.7 OR AY.43.8 OR AY.43.9 OR AY.44 OR AY.45 OR AY.46 OR AY.46.1 OR AY.46.2 OR AY.46.3 OR AY.46.4 OR AY.46.5 OR AY.46.6 OR AY.46.6.1 OR AY.47 OR AY.48 OR AY.49 OR AY.50 OR AY.51 OR AY.52 OR AY.53 OR AY.54 OR AY.55 OR AY.56 OR AY.57 OR AY.58 OR AY.59 OR AY.60 OR AY.61 OR AY.62 OR AY.63 OR AY.64 OR AY.65 OR AY.66 OR AY.67 OR AY.68 OR AY.69 OR AY.70 OR AY.71 OR AY.72 OR AY.73 OR AY.74 OR AY.75 OR AY.75.1 OR AY.75.2 OR AY.75.3 OR AY.76 OR AY.77 OR AY.78 OR AY.79 OR AY.80 OR AY.81 OR AY.82 OR AY.83 OR AY.84 OR AY.85 OR AY.86 OR AY.87 OR AY.88 OR AY.89 OR AY.90 OR AY.91 OR AY.91.1 OR AY.92 OR AY.93 OR AY.94 OR AY.95 OR AY.96 OR AY.97 OR AY.98 OR AY.98.1 OR AY.98.1.1 OR AY.99 OR AY.99.1 OR AY.99.2 OR AY.100 OR AY.101 OR AY.102 OR AY.102.1 OR AY.102.2 OR AY.103 OR AY.103.1 OR AY.103.2 OR AY.104 OR AY.105 OR AY.106 OR AY.107 OR AY.108 OR AY.109 OR AY.110 OR AY.111 OR AY.112 OR AY.112.1 OR AY.112.2 OR AY.112.3 OR AY.113 OR AY.114 OR AY.115 OR AY.116 OR AY.116.1 OR AY.117 OR AY.118 OR AY.119 OR AY.119.1 OR AY.119.2 OR AY.120 OR AY.120.1 OR AY.120.2 OR AY.120.2.1 OR AY.121 OR AY.121.1 OR AY.122 OR AY.122.1 OR AY.122.2 OR AY.122.3 OR AY.122.4 OR AY.122.5 OR AY.122.6 OR AY.123 OR AY.123.1 OR AY.124 OR AY.124.1 OR AY.124.1.1 OR AY.125 OR AY.125.1 OR AY.126 OR AY.127 OR AY.127.1 OR AY.127.2 OR AY.127.3 OR AY.128 OR AY.129 OR AY.130 OR AY.131 OR AY.132 OR AY.133 OR AY.134 OR B.1.617.2,Delta,,,
2021-01-09,7,1,9.14285714285714,0.142857142857143,0.015625,5.3064053418493e-05,0.237610098632903,AY.1 OR AY.2 OR AY.3 OR AY.3.1 OR AY.3.2 OR AY.3.3 OR AY.3.4 OR AY.4 OR AY.4.1 OR AY.4.2 OR AY.4.2.1 OR AY.4.2.2 OR AY.4.2.3 OR AY.4.2.4 OR AY.4.2.5 OR AY.4.3 OR AY.4.4 OR AY.4.5 OR AY.4.6 OR AY.4.7 OR AY.4.8 OR AY.4.9 OR AY.4.10 OR AY.4.11 OR AY.4.12 OR AY.4.13 OR AY.4.14 OR AY.4.15 OR AY.4.16 OR AY.4.17 OR AY.5 OR AY.5.1 OR AY.5.2 OR AY.5.3 OR AY.5.4 OR AY.5.5 OR AY.5.6 OR AY.5.7 OR AY.6 OR AY.7 OR AY.7.1 OR AY.7.2 OR AY.8 OR AY.9 OR AY.9.1 OR AY.9.2 OR AY.9.2.1 OR AY.9.2.2 OR AY.10 OR AY.11 OR AY.12 OR AY.13 OR AY.14 OR AY.15 OR AY.16 OR AY.16.1 OR AY.17 OR AY.18 OR AY.19 OR AY.20 OR AY.20.1 OR AY.21 OR AY.22 OR AY.23 OR AY.23.1 OR AY.23.2 OR AY.24 OR AY.24.1 OR AY.25 OR AY.25.1 OR AY.25.1.1 OR AY.25.1.2 OR AY.25.2 OR AY.25.3 OR AY.26 OR AY.26.1 OR AY.27 OR AY.28 OR AY.29 OR AY.29.1 OR AY.29.2 OR AY.30 OR AY.31 OR AY.32 OR AY.33 OR AY.33.1 OR AY.33.2 OR AY.34 OR AY.34.1 OR AY.34.1.1 OR AY.34.2 OR AY.35 OR AY.36 OR AY.36.1 OR AY.37 OR AY.38 OR AY.39 OR AY.39.1 OR AY.39.1.1 OR AY.39.1.2 OR AY.39.1.3 OR AY.39.1.4 OR AY.39.2 OR AY.39.3 OR AY.39.4 OR AY.40 OR AY.41 OR AY.42 OR AY.42.1 OR AY.43 OR AY.43.1 OR AY.43.2 OR AY.43.3 OR AY.43.4 OR AY.43.5 OR AY.43.6 OR AY.43.7 OR AY.43.8 OR AY.43.9 OR AY.44 OR AY.45 OR AY.46 OR AY.46.1 OR AY.46.2 OR AY.46.3 OR AY.46.4 OR AY.46.5 OR AY.46.6 OR AY.46.6.1 OR AY.47 OR AY.48 OR AY.49 OR AY.50 OR AY.51 OR AY.52 OR AY.53 OR AY.54 OR AY.55 OR AY.56 OR AY.57 OR AY.58 OR AY.59 OR AY.60 OR AY.61 OR AY.62 OR AY.63 OR AY.64 OR AY.65 OR AY.66 OR AY.67 OR AY.68 OR AY.69 OR AY.70 OR AY.71 OR AY.72 OR AY.73 OR AY.74 OR AY.75 OR AY.75.1 OR AY.75.2 OR AY.75.3 OR AY.76 OR AY.77 OR AY.78 OR AY.79 OR AY.80 OR AY.81 OR AY.82 OR AY.83 OR AY.84 OR AY.85 OR AY.86 OR AY.87 OR AY.88 OR AY.89 OR AY.90 OR AY.91 OR AY.91.1 OR AY.92 OR AY.93 OR AY.94 OR AY.95 OR AY.96 OR AY.97 OR AY.98 OR AY.98.1 OR AY.98.1.1 OR AY.99 OR AY.99.1 OR AY.99.2 OR AY.100 OR AY.101 OR AY.102 OR AY.102.1 OR AY.102.2 OR AY.103 OR AY.103.1 OR AY.103.2 OR AY.104 OR AY.105 OR AY.106 OR AY.107 OR AY.108 OR AY.109 OR AY.110 OR AY.111 OR AY.112 OR AY.112.1 OR AY.112.2 OR AY.112.3 OR AY.113 OR AY.114 OR AY.115 OR AY.116 OR AY.116.1 OR AY.117 OR AY.118 OR AY.119 OR AY.119.1 OR AY.119.2 OR AY.120 OR AY.120.1 OR AY.120.2 OR AY.120.2.1 OR AY.121 OR AY.121.1 OR AY.122 OR AY.122.1 OR AY.122.2 OR AY.122.3 OR AY.122.4 OR AY.122.5 OR AY.122.6 OR AY.123 OR AY.123.1 OR AY.124 OR AY.124.1 OR AY.124.1.1 OR AY.125 OR AY.125.1 OR AY.126 OR AY.127 OR AY.127.1 OR AY.127.2 OR AY.127.3 OR AY.128 OR AY.129 OR AY.130 OR AY.131 OR AY.132 OR AY.133 OR AY.134 OR B.1.617.2,Delta,,,
2021-01-10,5,0,9.14285714285714,0.142857142857143,0.015625,5.3064053418493e-05,0.237610098632903,AY.1 OR AY.2 OR AY.3 OR AY.3.1 OR AY.3.2 OR AY.3.3 OR AY.3.4 OR AY.4 OR AY.4.1 OR AY.4.2 OR AY.4.2.1 OR AY.4.2.2 OR AY.4.2.3 OR AY.4.2.4 OR AY.4.2.5 OR AY.4.3 OR AY.4.4 OR AY.4.5 OR AY.4.6 OR AY.4.7 OR AY.4.8 OR AY.4.9 OR AY.4.10 OR AY.4.11 OR AY.4.12 OR AY.4.13 OR AY.4.14 OR AY.4.15 OR AY.4.16 OR AY.4.17 OR AY.5 OR AY.5.1 OR AY.5.2 OR AY.5.3 OR AY.5.4 OR AY.5.5 OR AY.5.6 OR AY.5.7 OR AY.6 OR AY.7 OR AY.7.1 OR AY.7.2 OR AY.8 OR AY.9 OR AY.9.1 OR AY.9.2 OR AY.9.2.1 OR AY.9.2.2 OR AY.10 OR AY.11 OR AY.12 OR AY.13 OR AY.14 OR AY.15 OR AY.16 OR AY.16.1 OR AY.17 OR AY.18 OR AY.19 OR AY.20 OR AY.20.1 OR AY.21 OR AY.22 OR AY.23 OR AY.23.1 OR AY.23.2 OR AY.24 OR AY.24.1 OR AY.25 OR AY.25.1 OR AY.25.1.1 OR AY.25.1.2 OR AY.25.2 OR AY.25.3 OR AY.26 OR AY.26.1 OR AY.27 OR AY.28 OR AY.29 OR AY.29.1 OR AY.29.2 OR AY.30 OR AY.31 OR AY.32 OR AY.33 OR AY.33.1 OR AY.33.2 OR AY.34 OR AY.34.1 OR AY.34.1.1 OR AY.34.2 OR AY.35 OR AY.36 OR AY.36.1 OR AY.37 OR AY.38 OR AY.39 OR AY.39.1 OR AY.39.1.1 OR AY.39.1.2 OR AY.39.1.3 OR AY.39.1.4 OR AY.39.2 OR AY.39.3 OR AY.39.4 OR AY.40 OR AY.41 OR AY.42 OR AY.42.1 OR AY.43 OR AY.43.1 OR AY.43.2 OR AY.43.3 OR AY.43.4 OR AY.43.5 OR AY.43.6 OR AY.43.7 OR AY.43.8 OR AY.43.9 OR AY.44 OR AY.45 OR AY.46 OR AY.46.1 OR AY.46.2 OR AY.46.3 OR AY.46.4 OR AY.46.5 OR AY.46.6 OR AY.46.6.1 OR AY.47 OR AY.48 OR AY.49 OR AY.50 OR AY.51 OR AY.52 OR AY.53 OR AY.54 OR AY.55 OR AY.56 OR AY.57 OR AY.58 OR AY.59 OR AY.60 OR AY.61 OR AY.62 OR AY.63 OR AY.64 OR AY.65 OR AY.66 OR AY.67 OR AY.68 OR AY.69 OR AY.70 OR AY.71 OR AY.72 OR AY.73 OR AY.74 OR AY.75 OR AY.75.1 OR AY.75.2 OR AY.75.3 OR AY.76 OR AY.77 OR AY.78 OR AY.79 OR AY.80 OR AY.81 OR AY.82 OR AY.83 OR AY.84 OR AY.85 OR AY.86 OR AY.87 OR AY.88 OR AY.89 OR AY.90 OR AY.91 OR AY.91.1 OR AY.92 OR AY.93 OR AY.94 OR AY.95 OR AY.96 OR AY.97 OR AY.98 OR AY.98.1 OR AY.98.1.1 OR AY.99 OR AY.99.1 OR AY.99.2 OR AY.100 OR AY.101 OR AY.102 OR AY.102.1 OR AY.102.2 OR AY.103 OR AY.103.1 OR AY.103.2 OR AY.104 OR AY.105 OR AY.106 OR AY.107 OR AY.108 OR AY.109 OR AY.110 OR AY.111 OR AY.112 OR AY.112.1 OR AY.112.2 OR AY.112.3 OR AY.113 OR AY.114 OR AY.115 OR AY.116 OR AY.116.1 OR AY.117 OR AY.118 OR AY.119 OR AY.119.1 OR AY.119.2 OR AY.120 OR AY.120.1 OR AY.120.2 OR AY.120.2.1 OR AY.121 OR AY.121.1 OR AY.122 OR AY.122.1 OR AY.122.2 OR AY.122.3 OR AY.122.4 OR AY.122.5 OR AY.122.6 OR AY.123 OR AY.123.1 OR AY.124 OR AY.124.1 OR AY.124.1.1 OR AY.125 OR AY.125.1 OR AY.126 OR AY.127 OR AY.127.1 OR AY.127.2 OR AY.127.3 OR AY.128 OR AY.129 OR AY.130 OR AY.131 OR AY.132 OR AY.133 OR AY.134 OR B.1.617.2,Delta,,,
2021-01-11,27,0,11.8571428571429,0.142857142857143,0.0120481927710843,4.00753100765989e-05,0.185305938312485,AY.1 OR AY.2 OR AY.3 OR AY.3.1 OR AY.3.2 OR AY.3.3 OR AY.3.4 OR AY.4 OR AY.4.1 OR AY.4.2 OR AY.4.2.1 OR AY.4.2.2 OR AY.4.2.3 OR AY.4.2.4 OR AY.4.2.5 OR AY.4.3 OR AY.4.4 OR AY.4.5 OR AY.4.6 OR AY.4.7 OR AY.4.8 OR AY.4.9 OR AY.4.10 OR AY.4.11 OR AY.4.12 OR AY.4.13 OR AY.4.14 OR AY.4.15 OR AY.4.16 OR AY.4.17 OR AY.5 OR AY.5.1 OR AY.5.2 OR AY.5.3 OR AY.5.4 OR AY.5.5 OR AY.5.6 OR AY.5.7 OR AY.6 OR AY.7 OR AY.7.1 OR AY.7.2 OR AY.8 OR AY.9 OR AY.9.1 OR AY.9.2 OR AY.9.2.1 OR AY.9.2.2 OR AY.10 OR AY.11 OR AY.12 OR AY.13 OR AY.14 OR AY.15 OR AY.16 OR AY.16.1 OR AY.17 OR AY.18 OR AY.19 OR AY.20 OR AY.20.1 OR AY.21 OR AY.22 OR AY.23 OR AY.23.1 OR AY.23.2 OR AY.24 OR AY.24.1 OR AY.25 OR AY.25.1 OR AY.25.1.1 OR AY.25.1.2 OR AY.25.2 OR AY.25.3 OR AY.26 OR AY.26.1 OR AY.27 OR AY.28 OR AY.29 OR AY.29.1 OR AY.29.2 OR AY.30 OR AY.31 OR AY.32 OR AY.33 OR AY.33.1 OR AY.33.2 OR AY.34 OR AY.34.1 OR AY.34.1.1 OR AY.34.2 OR AY.35 OR AY.36 OR AY.36.1 OR AY.37 OR AY.38 OR AY.39 OR AY.39.1 OR AY.39.1.1 OR AY.39.1.2 OR AY.39.1.3 OR AY.39.1.4 OR AY.39.2 OR AY.39.3 OR AY.39.4 OR AY.40 OR AY.41 OR AY.42 OR AY.42.1 OR AY.43 OR AY.43.1 OR AY.43.2 OR AY.43.3 OR AY.43.4 OR AY.43.5 OR AY.43.6 OR AY.43.7 OR AY.43.8 OR AY.43.9 OR AY.44 OR AY.45 OR AY.46 OR AY.46.1 OR AY.46.2 OR AY.46.3 OR AY.46.4 OR AY.46.5 OR AY.46.6 OR AY.46.6.1 OR AY.47 OR AY.48 OR AY.49 OR AY.50 OR AY.51 OR AY.52 OR AY.53 OR AY.54 OR AY.55 OR AY.56 OR AY.57 OR AY.58 OR AY.59 OR AY.60 OR AY.61 OR AY.62 OR AY.63 OR AY.64 OR AY.65 OR AY.66 OR AY.67 OR AY.68 OR AY.69 OR AY.70 OR AY.71 OR AY.72 OR AY.73 OR AY.74 OR AY.75 OR AY.75.1 OR AY.75.2 OR AY.75.3 OR AY.76 OR AY.77 OR AY.78 OR AY.79 OR AY.80 OR AY.81 OR AY.82 OR AY.83 OR AY.84 OR AY.85 OR AY.86 OR AY.87 OR AY.88 OR AY.89 OR AY.90 OR AY.91 OR AY.91.1 OR AY.92 OR AY.93 OR AY.94 OR AY.95 OR AY.96 OR AY.97 OR AY.98 OR AY.98.1 OR AY.98.1.1 OR AY.99 OR AY.99.1 OR AY.99.2 OR AY.100 OR AY.101 OR AY.102 OR AY.102.1 OR AY.102.2 OR AY.103 OR AY.103.1 OR AY.103.2 OR AY.104 OR AY.105 OR AY.106 OR AY.107 OR AY.108 OR AY.109 OR AY.110 OR AY.111 OR AY.112 OR AY.112.1 OR AY.112.2 OR AY.112.3 OR AY.113 OR AY.114 OR AY.115 OR AY.116 OR AY.116.1 OR AY.117 OR AY.118 OR AY.119 OR AY.119.1 OR AY.119.2 OR AY.120 OR AY.120.1 OR AY.120.2 OR AY.120.2.1 OR AY.121 OR AY.121.1 OR AY.122 OR AY.122.1 OR AY.122.2 OR AY.122.3 OR AY.122.4 OR AY.122.5 OR AY.122.6 OR AY.123 OR AY.123.1 OR AY.124 OR AY.124.1 OR AY.124.1.1 OR AY.125 OR AY.125.1 OR AY.126 OR AY.127 OR AY.127.1 OR AY.127.2 OR AY.127.3 OR AY.128 OR AY.129 OR AY.130 OR AY.131 OR AY.132 OR AY.133 OR AY.134 OR B.1.617.2,Delta,,,
2021-01-12,14,0,11.7142857142857,0.142857142857143,0.0121951219512195,4.00753100765989e-05,0.185305938312485,AY.1 OR AY.2 OR AY.3 OR AY.3.1 OR AY.3.2 OR AY.3.3 OR AY.3.4 OR AY.4 OR AY.4.1 OR AY.4.2 OR AY.4.2.1 OR AY.4.2.2 OR AY.4.2.3 OR AY.4.2.4 OR AY.4.2.5 OR AY.4.3 OR AY.4.4 OR AY.4.5 OR AY.4.6 OR AY.4.7 OR AY.4.8 OR AY.4.9 OR AY.4.10 OR AY.4.11 OR AY.4.12 OR AY.4.13 OR AY.4.14 OR AY.4.15 OR AY.4.16 OR AY.4.17 OR AY.5 OR AY.5.1 OR AY.5.2 OR AY.5.3 OR AY.5.4 OR AY.5.5 OR AY.5.6 OR AY.5.7 OR AY.6 OR AY.7 OR AY.7.1 OR AY.7.2 OR AY.8 OR AY.9 OR AY.9.1 OR AY.9.2 OR AY.9.2.1 OR AY.9.2.2 OR AY.10 OR AY.11 OR AY.12 OR AY.13 OR AY.14 OR AY.15 OR AY.16 OR AY.16.1 OR AY.17 OR AY.18 OR AY.19 OR AY.20 OR AY.20.1 OR AY.21 OR AY.22 OR AY.23 OR AY.23.1 OR AY.23.2 OR AY.24 OR AY.24.1 OR AY.25 OR AY.25.1 OR AY.25.1.1 OR AY.25.1.2 OR AY.25.2 OR AY.25.3 OR AY.26 OR AY.26.1 OR AY.27 OR AY.28 OR AY.29 OR AY.29.1 OR AY.29.2 OR AY.30 OR AY.31 OR AY.32 OR AY.33 OR AY.33.1 OR AY.33.2 OR AY.34 OR AY.34.1 OR AY.34.1.1 OR AY.34.2 OR AY.35 OR AY.36 OR AY.36.1 OR AY.37 OR AY.38 OR AY.39 OR AY.39.1 OR AY.39.1.1 OR AY.39.1.2 OR AY.39.1.3 OR AY.39.1.4 OR AY.39.2 OR AY.39.3 OR AY.39.4 OR AY.40 OR AY.41 OR AY.42 OR AY.42.1 OR AY.43 OR AY.43.1 OR AY.43.2 OR AY.43.3 OR AY.43.4 OR AY.43.5 OR AY.43.6 OR AY.43.7 OR AY.43.8 OR AY.43.9 OR AY.44 OR AY.45 OR AY.46 OR AY.46.1 OR AY.46.2 OR AY.46.3 OR AY.46.4 OR AY.46.5 OR AY.46.6 OR AY.46.6.1 OR AY.47 OR AY.48 OR AY.49 OR AY.50 OR AY.51 OR AY.52 OR AY.53 OR AY.54 OR AY.55 OR AY.56 OR AY.57 OR AY.58 OR AY.59 OR AY.60 OR AY.61 OR AY.62 OR AY.63 OR AY.64 OR AY.65 OR AY.66 OR AY.67 OR AY.68 OR AY.69 OR AY.70 OR AY.71 OR AY.72 OR AY.73 OR AY.74 OR AY.75 OR AY.75.1 OR AY.75.2 OR AY.75.3 OR AY.76 OR AY.77 OR AY.78 OR AY.79 OR AY.80 OR AY.81 OR AY.82 OR AY.83 OR AY.84 OR AY.85 OR AY.86 OR AY.87 OR AY.88 OR AY.89 OR AY.90 OR AY.91 OR AY.91.1 OR AY.92 OR AY.93 OR AY.94 OR AY.95 OR AY.96 OR AY.97 OR AY.98 OR AY.98.1 OR AY.98.1.1 OR AY.99 OR AY.99.1 OR AY.99.2 OR AY.100 OR AY.101 OR AY.102 OR AY.102.1 OR AY.102.2 OR AY.103 OR AY.103.1 OR AY.103.2 OR AY.104 OR AY.105 OR AY.106 OR AY.107 OR AY.108 OR AY.109 OR AY.110 OR AY.111 OR AY.112 OR AY.112.1 OR AY.112.2 OR AY.112.3 OR AY.113 OR AY.114 OR AY.115 OR AY.116 OR AY.116.1 OR AY.117 OR AY.118 OR AY.119 OR AY.119.1 OR AY.119.2 OR AY.120 OR AY.120.1 OR AY.120.2 OR AY.120.2.1 OR AY.121 OR AY.121.1 OR AY.122 OR AY.122.1 OR AY.122.2 OR AY.122.3 OR AY.122.4 OR AY.122.5 OR AY.122.6 OR AY.123 OR AY.123.1 OR AY.124 OR AY.124.1 OR AY.124.1.1 OR AY.125 OR AY.125.1 OR AY.126 OR AY.127 OR AY.127.1 OR AY.127.2 OR AY.127.3 OR AY.128 OR AY.129 OR AY.130 OR AY.131 OR AY.132 OR AY.133 OR AY.134 OR B.1.617.2,Delta,,,
2021-01-13,21,0,12.8571428571429,0.142857142857143,0.0111111111111111,3.70519332987658e-05,0.172619445282057,AY.1 OR AY.2 OR AY.3 OR AY.3.1 OR AY.3.2 OR AY.3.3 OR AY.3.4 OR AY.4 OR AY.4.1 OR AY.4.2 OR AY.4.2.1 OR AY.4.2.2 OR AY.4.2.3 OR AY.4.2.4 OR AY.4.2.5 OR AY.4.3 OR AY.4.4 OR AY.4.5 OR AY.4.6 OR AY.4.7 OR AY.4.8 OR AY.4.9 OR AY.4.10 OR AY.4.11 OR AY.4.12 OR AY.4.13 OR AY.4.14 OR AY.4.15 OR AY.4.16 OR AY.4.17 OR AY.5 OR AY.5.1 OR AY.5.2 OR AY.5.3 OR AY.5.4 OR AY.5.5 OR AY.5.6 OR AY.5.7 OR AY.6 OR AY.7 OR AY.7.1 OR AY.7.2 OR AY.8 OR AY.9 OR AY.9.1 OR AY.9.2 OR AY.9.2.1 OR AY.9.2.2 OR AY.10 OR AY.11 OR AY.12 OR AY.13 OR AY.14 OR AY.15 OR AY.16 OR AY.16.1 OR AY.17 OR AY.18 OR AY.19 OR AY.20 OR AY.20.1 OR AY.21 OR AY.22 OR AY.23 OR AY.23.1 OR AY.23.2 OR AY.24 OR AY.24.1 OR AY.25 OR AY.25.1 OR AY.25.1.1 OR AY.25.1.2 OR AY.25.2 OR AY.25.3 OR AY.26 OR AY.26.1 OR AY.27 OR AY.28 OR AY.29 OR AY.29.1 OR AY.29.2 OR AY.30 OR AY.31 OR AY.32 OR AY.33 OR AY.33.1 OR AY.33.2 OR AY.34 OR AY.34.1 OR AY.34.1.1 OR AY.34.2 OR AY.35 OR AY.36 OR AY.36.1 OR AY.37 OR AY.38 OR AY.39 OR AY.39.1 OR AY.39.1.1 OR AY.39.1.2 OR AY.39.1.3 OR AY.39.1.4 OR AY.39.2 OR AY.39.3 OR AY.39.4 OR AY.40 OR AY.41 OR AY.42 OR AY.42.1 OR AY.43 OR AY.43.1 OR AY.43.2 OR AY.43.3 OR AY.43.4 OR AY.43.5 OR AY.43.6 OR AY.43.7 OR AY.43.8 OR AY.43.9 OR AY.44 OR AY.45 OR AY.46 OR AY.46.1 OR AY.46.2 OR AY.46.3 OR AY.46.4 OR AY.46.5 OR AY.46.6 OR AY.46.6.1 OR AY.47 OR AY.48 OR AY.49 OR AY.50 OR AY.51 OR AY.52 OR AY.53 OR AY.54 OR AY.55 OR AY.56 OR AY.57 OR AY.58 OR AY.59 OR AY.60 OR AY.61 OR AY.62 OR AY.63 OR AY.64 OR AY.65 OR AY.66 OR AY.67 OR AY.68 OR AY.69 OR AY.70 OR AY.71 OR AY.72 OR AY.73 OR AY.74 OR AY.75 OR AY.75.1 OR AY.75.2 OR AY.75.3 OR AY.76 OR AY.77 OR AY.78 OR AY.79 OR AY.80 OR AY.81 OR AY.82 OR AY.83 OR AY.84 OR AY.85 OR AY.86 OR AY.87 OR AY.88 OR AY.89 OR AY.90 OR AY.91 OR AY.91.1 OR AY.92 OR AY.93 OR AY.94 OR AY.95 OR AY.96 OR AY.97 OR AY.98 OR AY.98.1 OR AY.98.1.1 OR AY.99 OR AY.99.1 OR AY.99.2 OR AY.100 OR AY.101 OR AY.102 OR AY.102.1 OR AY.102.2 OR AY.103 OR AY.103.1 OR AY.103.2 OR AY.104 OR AY.105 OR AY.106 OR AY.107 OR AY.108 OR AY.109 OR AY.110 OR AY.111 OR AY.112 OR AY.112.1 OR AY.112.2 OR AY.112.3 OR AY.113 OR AY.114 OR AY.115 OR AY.116 OR AY.116.1 OR AY.117 OR AY.118 OR AY.119 OR AY.119.1 OR AY.119.2 OR AY.120 OR AY.120.1 OR AY.120.2 OR AY.120.2.1 OR AY.121 OR AY.121.1 OR AY.122 OR AY.122.1 OR AY.122.2 OR AY.122.3 OR AY.122.4 OR AY.122.5 OR AY.122.6 OR AY.123 OR AY.123.1 OR AY.124 OR AY.124.1 OR AY.124.1.1 OR AY.125 OR AY.125.1 OR AY.126 OR AY.127 OR AY.127.1 OR AY.127.2 OR AY.127.3 OR AY.128 OR AY.129 OR AY.130 OR AY.131 OR AY.132 OR AY.133 OR AY.134 OR B.1.617.2,Delta,,,
2021-01-14,11,0,13.7142857142857,0.142857142857143,0.0104166666666667,3.44526718020059e-05,0.161553304514194,AY.1 OR AY.2 OR AY.3 OR AY.3.1 OR AY.3.2 OR AY.3.3 OR AY.3.4 OR AY.4 OR AY.4.1 OR AY.4.2 OR AY.4.2.1 OR AY.4.2.2 OR AY.4.2.3 OR AY.4.2.4 OR AY.4.2.5 OR AY.4.3 OR AY.4.4 OR AY.4.5 OR AY.4.6 OR AY.4.7 OR AY.4.8 OR AY.4.9 OR AY.4.10 OR AY.4.11 OR AY.4.12 OR AY.4.13 OR AY.4.14 OR AY.4.15 OR AY.4.16 OR AY.4.17 OR AY.5 OR AY.5.1 OR AY.5.2 OR AY.5.3 OR AY.5.4 OR AY.5.5 OR AY.5.6 OR AY.5.7 OR AY.6 OR AY.7 OR AY.7.1 OR AY.7.2 OR AY.8 OR AY.9 OR AY.9.1 OR AY.9.2 OR AY.9.2.1 OR AY.9.2.2 OR AY.10 OR AY.11 OR AY.12 OR AY.13 OR AY.14 OR AY.15 OR AY.16 OR AY.16.1 OR AY.17 OR AY.18 OR AY.19 OR AY.20 OR AY.20.1 OR AY.21 OR AY.22 OR AY.23 OR AY.23.1 OR AY.23.2 OR AY.24 OR AY.24.1 OR AY.25 OR AY.25.1 OR AY.25.1.1 OR AY.25.1.2 OR AY.25.2 OR AY.25.3 OR AY.26 OR AY.26.1 OR AY.27 OR AY.28 OR AY.29 OR AY.29.1 OR AY.29.2 OR AY.30 OR AY.31 OR AY.32 OR AY.33 OR AY.33.1 OR AY.33.2 OR AY.34 OR AY.34.1 OR AY.34.1.1 OR AY.34.2 OR AY.35 OR AY.36 OR AY.36.1 OR AY.37 OR AY.38 OR AY.39 OR AY.39.1 OR AY.39.1.1 OR AY.39.1.2 OR AY.39.1.3 OR AY.39.1.4 OR AY.39.2 OR AY.39.3 OR AY.39.4 OR AY.40 OR AY.41 OR AY.42 OR AY.42.1 OR AY.43 OR AY.43.1 OR AY.43.2 OR AY.43.3 OR AY.43.4 OR AY.43.5 OR AY.43.6 OR AY.43.7 OR AY.43.8 OR AY.43.9 OR AY.44 OR AY.45 OR AY.46 OR AY.46.1 OR AY.46.2 OR AY.46.3 OR AY.46.4 OR AY.46.5 OR AY.46.6 OR AY.46.6.1 OR AY.47 OR AY.48 OR AY.49 OR AY.50 OR AY.51 OR AY.52 OR AY.53 OR AY.54 OR AY.55 OR AY.56 OR AY.57 OR AY.58 OR AY.59 OR AY.60 OR AY.61 OR AY.62 OR AY.63 OR AY.64 OR AY.65 OR AY.66 OR AY.67 OR AY.68 OR AY.69 OR AY.70 OR AY.71 OR AY.72 OR AY.73 OR AY.74 OR AY.75 OR AY.75.1 OR AY.75.2 OR AY.75.3 OR AY.76 OR AY.77 OR AY.78 OR AY.79 OR AY.80 OR AY.81 OR AY.82 OR AY.83 OR AY.84 OR AY.85 OR AY.86 OR AY.87 OR AY.88 OR AY.89 OR AY.90 OR AY.91 OR AY.91.1 OR AY.92 OR AY.93 OR AY.94 OR AY.95 OR AY.96 OR AY.97 OR AY.98 OR AY.98.1 OR AY.98.1.1 OR AY.99 OR AY.99.1 OR AY.99.2 OR AY.100 OR AY.101 OR AY.102 OR AY.102.1 OR AY.102.2 OR AY.103 OR AY.103.1 OR AY.103.2 OR AY.104 OR AY.105 OR AY.106 OR AY.107 OR AY.108 OR AY.109 OR AY.110 OR AY.111 OR AY.112 OR AY.112.1 OR AY.112.2 OR AY.112.3 OR AY.113 OR AY.114 OR AY.115 OR AY.116 OR AY.116.1 OR AY.117 OR AY.118 OR AY.119 OR AY.119.1 OR AY.119.2 OR AY.120 OR AY.120.1 OR AY.120.2 OR AY.120.2.1 OR AY.121 OR AY.121.1 OR AY.122 OR AY.122.1 OR AY.122.2 OR AY.122.3 OR AY.122.4 OR AY.122.5 OR AY.122.6 OR AY.123 OR AY.123.1 OR AY.124 OR AY.124.1 OR AY.124.1.1 OR AY.125 OR AY.125.1 OR AY.126 OR AY.127 OR AY.127.1 OR AY.127.2 OR AY.127.3 OR AY.128 OR AY.129 OR AY.130 OR AY.131 OR AY.132 OR AY.133 OR AY.134 OR B.1.617.2,Delta,,,
2021-01-15,29,0,16.2857142857143,0.142857142857143,0.0087719298245614,3.02134799780236e-05,0.143184137931445,AY.1 OR AY.2 OR AY.3 OR AY.3.1 OR AY.3.2 OR AY.3.3 OR AY.3.4 OR AY.4 OR AY.4.1 OR AY.4.2 OR AY.4.2.1 OR AY.4.2.2 OR AY.4.2.3 OR AY.4.2.4 OR AY.4.2.5 OR AY.4.3 OR AY.4.4 OR AY.4.5 OR AY.4.6 OR AY.4.7 OR AY.4.8 OR AY.4.9 OR AY.4.10 OR AY.4.11 OR AY.4.12 OR AY.4.13 OR AY.4.14 OR AY.4.15 OR AY.4.16 OR AY.4.17 OR AY.5 OR AY.5.1 OR AY.5.2 OR AY.5.3 OR AY.5.4 OR AY.5.5 OR AY.5.6 OR AY.5.7 OR AY.6 OR AY.7 OR AY.7.1 OR AY.7.2 OR AY.8 OR AY.9 OR AY.9.1 OR AY.9.2 OR AY.9.2.1 OR AY.9.2.2 OR AY.10 OR AY.11 OR AY.12 OR AY.13 OR AY.14 OR AY.15 OR AY.16 OR AY.16.1 OR AY.17 OR AY.18 OR AY.19 OR AY.20 OR AY.20.1 OR AY.21 OR AY.22 OR AY.23 OR AY.23.1 OR AY.23.2 OR AY.24 OR AY.24.1 OR AY.25 OR AY.25.1 OR AY.25.1.1 OR AY.25.1.2 OR AY.25.2 OR AY.25.3 OR AY.26 OR AY.26.1 OR AY.27 OR AY.28 OR AY.29 OR AY.29.1 OR AY.29.2 OR AY.30 OR AY.31 OR AY.32 OR AY.33 OR AY.33.1 OR AY.33.2 OR AY.34 OR AY.34.1 OR AY.34.1.1 OR AY.34.2 OR AY.35 OR AY.36 OR AY.36.1 OR AY.37 OR AY.38 OR AY.39 OR AY.39.1 OR AY.39.1.1 OR AY.39.1.2 OR AY.39.1.3 OR AY.39.1.4 OR AY.39.2 OR AY.39.3 OR AY.39.4 OR AY.40 OR AY.41 OR AY.42 OR AY.42.1 OR AY.43 OR AY.43.1 OR AY.43.2 OR AY.43.3 OR AY.43.4 OR AY.43.5 OR AY.43.6 OR AY.43.7 OR AY.43.8 OR AY.43.9 OR AY.44 OR AY.45 OR AY.46 OR AY.46.1 OR AY.46.2 OR AY.46.3 OR AY.46.4 OR AY.46.5 OR AY.46.6 OR AY.46.6.1 OR AY.47 OR AY.48 OR AY.49 OR AY.50 OR AY.51 OR AY.52 OR AY.53 OR AY.54 OR AY.55 OR AY.56 OR AY.57 OR AY.58 OR AY.59 OR AY.60 OR AY.61 OR AY.62 OR AY.63 OR AY.64 OR AY.65 OR AY.66 OR AY.67 OR AY.68 OR AY.69 OR AY.70 OR AY.71 OR AY.72 OR AY.73 OR AY.74 OR AY.75 OR AY.75.1 OR AY.75.2 OR AY.75.3 OR AY.76 OR AY.77 OR AY.78 OR AY.79 OR AY.80 OR AY.81 OR AY.82 OR AY.83 OR AY.84 OR AY.85 OR AY.86 OR AY.87 OR AY.88 OR AY.89 OR AY.90 OR AY.91 OR AY.91.1 OR AY.92 OR AY.93 OR AY.94 OR AY.95 OR AY.96 OR AY.97 OR AY.98 OR AY.98.1 OR AY.98.1.1 OR AY.99 OR AY.99.1 OR AY.99.2 OR AY.100 OR AY.101 OR AY.102 OR AY.102.1 OR AY.102.2 OR AY.103 OR AY.103.1 OR AY.103.2 OR AY.104 OR AY.105 OR AY.106 OR AY.107 OR AY.108 OR AY.109 OR AY.110 OR AY.111 OR AY.112 OR AY.112.1 OR AY.112.2 OR AY.112.3 OR AY.113 OR AY.114 OR AY.115 OR AY.116 OR AY.116.1 OR AY.117 OR AY.118 OR AY.119 OR AY.119.1 OR AY.119.2 OR AY.120 OR AY.120.1 OR AY.120.2 OR AY.120.2.1 OR AY.121 OR AY.121.1 OR AY.122 OR AY.122.1 OR AY.122.2 OR AY.122.3 OR AY.122.4 OR AY.122.5 OR AY.122.6 OR AY.123 OR AY.123.1 OR AY.124 OR AY.124.1 OR AY.124.1.1 OR AY.125 OR AY.125.1 OR AY.126 OR AY.127 OR AY.127.1 OR AY.127.2 OR AY.127.3 OR AY.128 OR AY.129 OR AY.130 OR AY.131 OR AY.132 OR AY.133 OR AY.134 OR B.1.617.2,Delta,12.5714285714286,0.142857142857143,0.0113636363636364
2021-01-16,29,0,19.4285714285714,0,0,2.55058126256953e-05,0.122309404319914,AY.1 OR AY.2 OR AY.3 OR AY.3.1 OR AY.3.2 OR AY.3.3 OR AY.3.4 OR AY.4 OR AY.4.1 OR AY.4.2 OR AY.4.2.1 OR AY.4.2.2 OR AY.4.2.3 OR AY.4.2.4 OR AY.4.2.5 OR AY.4.3 OR AY.4.4 OR AY.4.5 OR AY.4.6 OR AY.4.7 OR AY.4.8 OR AY.4.9 OR AY.4.10 OR AY.4.11 OR AY.4.12 OR AY.4.13 OR AY.4.14 OR AY.4.15 OR AY.4.16 OR AY.4.17 OR AY.5 OR AY.5.1 OR AY.5.2 OR AY.5.3 OR AY.5.4 OR AY.5.5 OR AY.5.6 OR AY.5.7 OR AY.6 OR AY.7 OR AY.7.1 OR AY.7.2 OR AY.8 OR AY.9 OR AY.9.1 OR AY.9.2 OR AY.9.2.1 OR AY.9.2.2 OR AY.10 OR AY.11 OR AY.12 OR AY.13 OR AY.14 OR AY.15 OR AY.16 OR AY.16.1 OR AY.17 OR AY.18 OR AY.19 OR AY.20 OR AY.20.1 OR AY.21 OR AY.22 OR AY.23 OR AY.23.1 OR AY.23.2 OR AY.24 OR AY.24.1 OR AY.25 OR AY.25.1 OR AY.25.1.1 OR AY.25.1.2 OR AY.25.2 OR AY.25.3 OR AY.26 OR AY.26.1 OR AY.27 OR AY.28 OR AY.29 OR AY.29.1 OR AY.29.2 OR AY.30 OR AY.31 OR AY.32 OR AY.33 OR AY.33.1 OR AY.33.2 OR AY.34 OR AY.34.1 OR AY.34.1.1 OR AY.34.2 OR AY.35 OR AY.36 OR AY.36.1 OR AY.37 OR AY.38 OR AY.39 OR AY.39.1 OR AY.39.1.1 OR AY.39.1.2 OR AY.39.1.3 OR AY.39.1.4 OR AY.39.2 OR AY.39.3 OR AY.39.4 OR AY.40 OR AY.41 OR AY.42 OR AY.42.1 OR AY.43 OR AY.43.1 OR AY.43.2 OR AY.43.3 OR AY.43.4 OR AY.43.5 OR AY.43.6 OR AY.43.7 OR AY.43.8 OR AY.43.9 OR AY.44 OR AY.45 OR AY.46 OR AY.46.1 OR AY.46.2 OR AY.46.3 OR AY.46.4 OR AY.46.5 OR AY.46.6 OR AY.46.6.1 OR AY.47 OR AY.48 OR AY.49 OR AY.50 OR AY.51 OR AY.52 OR AY.53 OR AY.54 OR AY.55 OR AY.56 OR AY.57 OR AY.58 OR AY.59 OR AY.60 OR AY.61 OR AY.62 OR AY.63 OR AY.64 OR AY.65 OR AY.66 OR AY.67 OR AY.68 OR AY.69 OR AY.70 OR AY.71 OR AY.72 OR AY.73 OR AY.74 OR AY.75 OR AY.75.1 OR AY.75.2 OR AY.75.3 OR AY.76 OR AY.77 OR AY.78 OR AY.79 OR AY.80 OR AY.81 OR AY.82 OR AY.83 OR AY.84 OR AY.85 OR AY.86 OR AY.87 OR AY.88 OR AY.89 OR AY.90 OR AY.91 OR AY.91.1 OR AY.92 OR AY.93 OR AY.94 OR AY.95 OR AY.96 OR AY.97 OR AY.98 OR AY.98.1 OR AY.98.1.1 OR AY.99 OR AY.99.1 OR AY.99.2 OR AY.100 OR AY.101 OR AY.102 OR AY.102.1 OR AY.102.2 OR AY.103 OR AY.103.1 OR AY.103.2 OR AY.104 OR AY.105 OR AY.106 OR AY.107 OR AY.108 OR AY.109 OR AY.110 OR AY.111 OR AY.112 OR AY.112.1 OR AY.112.2 OR AY.112.3 OR AY.113 OR AY.114 OR AY.115 OR AY.116 OR AY.116.1 OR AY.117 OR AY.118 OR AY.119 OR AY.119.1 OR AY.119.2 OR AY.120 OR AY.120.1 OR AY.120.2 OR AY.120.2.1 OR AY.121 OR AY.121.1 OR AY.122 OR AY.122.1 OR AY.122.2 OR AY.122.3 OR AY.122.4 OR AY.122.5 OR AY.122.6 OR AY.123 OR AY.123.1 OR AY.124 OR AY.124.1 OR AY.124.1.1 OR AY.125 OR AY.125.1 OR AY.126 OR AY.127 OR AY.127.1 OR AY.127.2 OR AY.127.3 OR AY.128 OR AY.129 OR AY.130 OR AY.131 OR AY.132 OR AY.133 OR AY.134 OR B.1.617.2,Delta,14.2857142857143,0.0714285714285714,0.005
2021-01-17,1,0,18.8571428571429,0,0,2.55058126256953e-05,0.122309404319914,AY.1 OR AY.2 OR AY.3 OR AY.3.1 OR AY.3.2 OR AY.3.3 OR AY.3.4 OR AY.4 OR AY.4.1 OR AY.4.2 OR AY.4.2.1 OR AY.4.2.2 OR AY.4.2.3 OR AY.4.2.4 OR AY.4.2.5 OR AY.4.3 OR AY.4.4 OR AY.4.5 OR AY.4.6 OR AY.4.7 OR AY.4.8 OR AY.4.9 OR AY.4.10 OR AY.4.11 OR AY.4.12 OR AY.4.13 OR AY.4.14 OR AY.4.15 OR AY.4.16 OR AY.4.17 OR AY.5 OR AY.5.1 OR AY.5.2 OR AY.5.3 OR AY.5.4 OR AY.5.5 OR AY.5.6 OR AY.5.7 OR AY.6 OR AY.7 OR AY.7.1 OR AY.7.2 OR AY.8 OR AY.9 OR AY.9.1 OR AY.9.2 OR AY.9.2.1 OR AY.9.2.2 OR AY.10 OR AY.11 OR AY.12 OR AY.13 OR AY.14 OR AY.15 OR AY.16 OR AY.16.1 OR AY.17 OR AY.18 OR AY.19 OR AY.20 OR AY.20.1 OR AY.21 OR AY.22 OR AY.23 OR AY.23.1 OR AY.23.2 OR AY.24 OR AY.24.1 OR AY.25 OR AY.25.1 OR AY.25.1.1 OR AY.25.1.2 OR AY.25.2 OR AY.25.3 OR AY.26 OR AY.26.1 OR AY.27 OR AY.28 OR AY.29 OR AY.29.1 OR AY.29.2 OR AY.30 OR AY.31 OR AY.32 OR AY.33 OR AY.33.1 OR AY.33.2 OR AY.34 OR AY.34.1 OR AY.34.1.1 OR AY.34.2 OR AY.35 OR AY.36 OR AY.36.1 OR AY.37 OR AY.38 OR AY.39 OR AY.39.1 OR AY.39.1.1 OR AY.39.1.2 OR AY.39.1.3 OR AY.39.1.4 OR AY.39.2 OR AY.39.3 OR AY.39.4 OR AY.40 OR AY.41 OR AY.42 OR AY.42.1 OR AY.43 OR AY.43.1 OR AY.43.2 OR AY.43.3 OR AY.43.4 OR AY.43.5 OR AY.43.6 OR AY.43.7 OR AY.43.8 OR AY.43.9 OR AY.44 OR AY.45 OR AY.46 OR AY.46.1 OR AY.46.2 OR AY.46.3 OR AY.46.4 OR AY.46.5 OR AY.46.6 OR AY.46.6.1 OR AY.47 OR AY.48 OR AY.49 OR AY.50 OR AY.51 OR AY.52 OR AY.53 OR AY.54 OR AY.55 OR AY.56 OR AY.57 OR AY.58 OR AY.59 OR AY.60 OR AY.61 OR AY.62 OR AY.63 OR AY.64 OR AY.65 OR AY.66 OR AY.67 OR AY.68 OR AY.69 OR AY.70 OR AY.71 OR AY.72 OR AY.73 OR AY.74 OR AY.75 OR AY.75.1 OR AY.75.2 OR AY.75.3 OR AY.76 OR AY.77 OR AY.78 OR AY.79 OR AY.80 OR AY.81 OR AY.82 OR AY.83 OR AY.84 OR AY.85 OR AY.86 OR AY.87 OR AY.88 OR AY.89 OR AY.90 OR AY.91 OR AY.91.1 OR AY.92 OR AY.93 OR AY.94 OR AY.95 OR AY.96 OR AY.97 OR AY.98 OR AY.98.1 OR AY.98.1.1 OR AY.99 OR AY.99.1 OR AY.99.2 OR AY.100 OR AY.101 OR AY.102 OR AY.102.1 OR AY.102.2 OR AY.103 OR AY.103.1 OR AY.103.2 OR AY.104 OR AY.105 OR AY.106 OR AY.107 OR AY.108 OR AY.109 OR AY.110 OR AY.111 OR AY.112 OR AY.112.1 OR AY.112.2 OR AY.112.3 OR AY.113 OR AY.114 OR AY.115 OR AY.116 OR AY.116.1 OR AY.117 OR AY.118 OR AY.119 OR AY.119.1 OR AY.119.2 OR AY.120 OR AY.120.1 OR AY.120.2 OR AY.120.2.1 OR AY.121 OR AY.121.1 OR AY.122 OR AY.122.1 OR AY.122.2 OR AY.122.3 OR AY.122.4 OR AY.122.5 OR AY.122.6 OR AY.123 OR AY.123.1 OR AY.124 OR AY.124.1 OR AY.124.1.1 OR AY.125 OR AY.125.1 OR AY.126 OR AY.127 OR AY.127.1 OR AY.127.2 OR AY.127.3 OR AY.128 OR AY.129 OR AY.130 OR AY.131 OR AY.132 OR AY.133 OR AY.134 OR B.1.617.2,Delta,14,0.0714285714285714,0.00510204081632653
2021-01-18,3,0,15.4285714285714,0,0,3.21941443237269e-05,0.151816662114398,AY.1 OR AY.2 OR AY.3 OR AY.3.1 OR AY.3.2 OR AY.3.3 OR AY.3.4 OR AY.4 OR AY.4.1 OR AY.4.2 OR AY.4.2.1 OR AY.4.2.2 OR AY.4.2.3 OR AY.4.2.4 OR AY.4.2.5 OR AY.4.3 OR AY.4.4 OR AY.4.5 OR AY.4.6 OR AY.4.7 OR AY.4.8 OR AY.4.9 OR AY.4.10 OR AY.4.11 OR AY.4.12 OR AY.4.13 OR AY.4.14 OR AY.4.15 OR AY.4.16 OR AY.4.17 OR AY.5 OR AY.5.1 OR AY.5.2 OR AY.5.3 OR AY.5.4 OR AY.5.5 OR AY.5.6 OR AY.5.7 OR AY.6 OR AY.7 OR AY.7.1 OR AY.7.2 OR AY.8 OR AY.9 OR AY.9.1 OR AY.9.2 OR AY.9.2.1 OR AY.9.2.2 OR AY.10 OR AY.11 OR AY.12 OR AY.13 OR AY.14 OR AY.15 OR AY.16 OR AY.16.1 OR AY.17 OR AY.18 OR AY.19 OR AY.20 OR AY.20.1 OR AY.21 OR AY.22 OR AY.23 OR AY.23.1 OR AY.23.2 OR AY.24 OR AY.24.1 OR AY.25 OR AY.25.1 OR AY.25.1.1 OR AY.25.1.2 OR AY.25.2 OR AY.25.3 OR AY.26 OR AY.26.1 OR AY.27 OR AY.28 OR AY.29 OR AY.29.1 OR AY.29.2 OR AY.30 OR AY.31 OR AY.32 OR AY.33 OR AY.33.1 OR AY.33.2 OR AY.34 OR AY.34.1 OR AY.34.1.1 OR AY.34.2 OR AY.35 OR AY.36 OR AY.36.1 OR AY.37 OR AY.38 OR AY.39 OR AY.39.1 OR AY.39.1.1 OR AY.39.1.2 OR AY.39.1.3 OR AY.39.1.4 OR AY.39.2 OR AY.39.3 OR AY.39.4 OR AY.40 OR AY.41 OR AY.42 OR AY.42.1 OR AY.43 OR AY.43.1 OR AY.43.2 OR AY.43.3 OR AY.43.4 OR AY.43.5 OR AY.43.6 OR AY.43.7 OR AY.43.8 OR AY.43.9 OR AY.44 OR AY.45 OR AY.46 OR AY.46.1 OR AY.46.2 OR AY.46.3 OR AY.46.4 OR AY.46.5 OR AY.46.6 OR AY.46.6.1 OR AY.47 OR AY.48 OR AY.49 OR AY.50 OR AY.51 OR AY.52 OR AY.53 OR AY.54 OR AY.55 OR AY.56 OR AY.57 OR AY.58 OR AY.59 OR AY.60 OR AY.61 OR AY.62 OR AY.63 OR AY.64 OR AY.65 OR AY.66 OR AY.67 OR AY.68 OR AY.69 OR AY.70 OR AY.71 OR AY.72 OR AY.73 OR AY.74 OR AY.75 OR AY.75.1 OR AY.75.2 OR AY.75.3 OR AY.76 OR AY.77 OR AY.78 OR AY.79 OR AY.80 OR AY.81 OR AY.82 OR AY.83 OR AY.84 OR AY.85 OR AY.86 OR AY.87 OR AY.88 OR AY.89 OR AY.90 OR AY.91 OR AY.91.1 OR AY.92 OR AY.93 OR AY.94 OR AY.95 OR AY.96 OR AY.97 OR AY.98 OR AY.98.1 OR AY.98.1.1 OR AY.99 OR AY.99.1 OR AY.99.2 OR AY.100 OR AY.101 OR AY.102 OR AY.102.1 OR AY.102.2 OR AY.103 OR AY.103.1 OR AY.103.2 OR AY.104 OR AY.105 OR AY.106 OR AY.107 OR AY.108 OR AY.109 OR AY.110 OR AY.111 OR AY.112 OR AY.112.1 OR AY.112.2 OR AY.112.3 OR AY.113 OR AY.114 OR AY.115 OR AY.116 OR AY.116.1 OR AY.117 OR AY.118 OR AY.119 OR AY.119.1 OR AY.119.2 OR AY.120 OR AY.120.1 OR AY.120.2 OR AY.120.2.1 OR AY.121 OR AY.121.1 OR AY.122 OR AY.122.1 OR AY.122.2 OR AY.122.3 OR AY.122.4 OR AY.122.5 OR AY.122.6 OR AY.123 OR AY.123.1 OR AY.124 OR AY.124.1 OR AY.124.1.1 OR AY.125 OR AY.125.1 OR AY.126 OR AY.127 OR AY.127.1 OR AY.127.2 OR AY.127.3 OR AY.128 OR AY.129 OR AY.130 OR AY.131 OR AY.132 OR AY.133 OR AY.134 OR B.1.617.2,Delta,13.6428571428571,0.0714285714285714,0.00523560209424084
2021-01-19,25,0,17,0,0,2.84623777231095e-05,0.135478437891688,AY.1 OR AY.2 OR AY.3 OR AY.3.1 OR AY.3.2 OR AY.3.3 OR AY.3.4 OR AY.4 OR AY.4.1 OR AY.4.2 OR AY.4.2.1 OR AY.4.2.2 OR AY.4.2.3 OR AY.4.2.4 OR AY.4.2.5 OR AY.4.3 OR AY.4.4 OR AY.4.5 OR AY.4.6 OR AY.4.7 OR AY.4.8 OR AY.4.9 OR AY.4.10 OR AY.4.11 OR AY.4.12 OR AY.4.13 OR AY.4.14 OR AY.4.15 OR AY.4.16 OR AY.4.17 OR AY.5 OR AY.5.1 OR AY.5.2 OR AY.5.3 OR AY.5.4 OR AY.5.5 OR AY.5.6 OR AY.5.7 OR AY.6 OR AY.7 OR AY.7.1 OR AY.7.2 OR AY.8 OR AY.9 OR AY.9.1 OR AY.9.2 OR AY.9.2.1 OR AY.9.2.2 OR AY.10 OR AY.11 OR AY.12 OR AY.13 OR AY.14 OR AY.15 OR AY.16 OR AY.16.1 OR AY.17 OR AY.18 OR AY.19 OR AY.20 OR AY.20.1 OR AY.21 OR AY.22 OR AY.23 OR AY.23.1 OR AY.23.2 OR AY.24 OR AY.24.1 OR AY.25 OR AY.25.1 OR AY.25.1.1 OR AY.25.1.2 OR AY.25.2 OR AY.25.3 OR AY.26 OR AY.26.1 OR AY.27 OR AY.28 OR AY.29 OR AY.29.1 OR AY.29.2 OR AY.30 OR AY.31 OR AY.32 OR AY.33 OR AY.33.1 OR AY.33.2 OR AY.34 OR AY.34.1 OR AY.34.1.1 OR AY.34.2 OR AY.35 OR AY.36 OR AY.36.1 OR AY.37 OR AY.38 OR AY.39 OR AY.39.1 OR AY.39.1.1 OR AY.39.1.2 OR AY.39.1.3 OR AY.39.1.4 OR AY.39.2 OR AY.39.3 OR AY.39.4 OR AY.40 OR AY.41 OR AY.42 OR AY.42.1 OR AY.43 OR AY.43.1 OR AY.43.2 OR AY.43.3 OR AY.43.4 OR AY.43.5 OR AY.43.6 OR AY.43.7 OR AY.43.8 OR AY.43.9 OR AY.44 OR AY.45 OR AY.46 OR AY.46.1 OR AY.46.2 OR AY.46.3 OR AY.46.4 OR AY.46.5 OR AY.46.6 OR AY.46.6.1 OR AY.47 OR AY.48 OR AY.49 OR AY.50 OR AY.51 OR AY.52 OR AY.53 OR AY.54 OR AY.55 OR AY.56 OR AY.57 OR AY.58 OR AY.59 OR AY.60 OR AY.61 OR AY.62 OR AY.63 OR AY.64 OR AY.65 OR AY.66 OR AY.67 OR AY.68 OR AY.69 OR AY.70 OR AY.71 OR AY.72 OR AY.73 OR AY.74 OR AY.75 OR AY.75.1 OR AY.75.2 OR AY.75.3 OR AY.76 OR AY.77 OR AY.78 OR AY.79 OR AY.80 OR AY.81 OR AY.82 OR AY.83 OR AY.84 OR AY.85 OR AY.86 OR AY.87 OR AY.88 OR AY.89 OR AY.90 OR AY.91 OR AY.91.1 OR AY.92 OR AY.93 OR AY.94 OR AY.95 OR AY.96 OR AY.97 OR AY.98 OR AY.98.1 OR AY.98.1.1 OR AY.99 OR AY.99.1 OR AY.99.2 OR AY.100 OR AY.101 OR AY.102 OR AY.102.1 OR AY.102.2 OR AY.103 OR AY.103.1 OR AY.103.2 OR AY.104 OR AY.105 OR AY.106 OR AY.107 OR AY.108 OR AY.109 OR AY.110 OR AY.111 OR AY.112 OR AY.112.1 OR AY.112.2 OR AY.112.3 OR AY.113 OR AY.114 OR AY.115 OR AY.116 OR AY.116.1 OR AY.117 OR AY.118 OR AY.119 OR AY.119.1 OR AY.119.2 OR AY.120 OR AY.120.1 OR AY.120.2 OR AY.120.2.1 OR AY.121 OR AY.121.1 OR AY.122 OR AY.122.1 OR AY.122.2 OR AY.122.3 OR AY.122.4 OR AY.122.5 OR AY.122.6 OR AY.123 OR AY.123.1 OR AY.124 OR AY.124.1 OR AY.124.1.1 OR AY.125 OR AY.125.1 OR AY.126 OR AY.127 OR AY.127.1 OR AY.127.2 OR AY.127.3 OR AY.128 OR AY.129 OR AY.130 OR AY.131 OR AY.132 OR AY.133 OR AY.134 OR B.1.617.2,Delta,14.3571428571429,0.0714285714285714,0.00497512437810945
2021-01-20,54,0,21.7142857142857,0,0,2.20673323983508e-05,0.106739717911786,AY.1 OR AY.2 OR AY.3 OR AY.3.1 OR AY.3.2 OR AY.3.3 OR AY.3.4 OR AY.4 OR AY.4.1 OR AY.4.2 OR AY.4.2.1 OR AY.4.2.2 OR AY.4.2.3 OR AY.4.2.4 OR AY.4.2.5 OR AY.4.3 OR AY.4.4 OR AY.4.5 OR AY.4.6 OR AY.4.7 OR AY.4.8 OR AY.4.9 OR AY.4.10 OR AY.4.11 OR AY.4.12 OR AY.4.13 OR AY.4.14 OR AY.4.15 OR AY.4.16 OR AY.4.17 OR AY.5 OR AY.5.1 OR AY.5.2 OR AY.5.3 OR AY.5.4 OR AY.5.5 OR AY.5.6 OR AY.5.7 OR AY.6 OR AY.7 OR AY.7.1 OR AY.7.2 OR AY.8 OR AY.9 OR AY.9.1 OR AY.9.2 OR AY.9.2.1 OR AY.9.2.2 OR AY.10 OR AY.11 OR AY.12 OR AY.13 OR AY.14 OR AY.15 OR AY.16 OR AY.16.1 OR AY.17 OR AY.18 OR AY.19 OR AY.20 OR AY.20.1 OR AY.21 OR AY.22 OR AY.23 OR AY.23.1 OR AY.23.2 OR AY.24 OR AY.24.1 OR AY.25 OR AY.25.1 OR AY.25.1.1 OR AY.25.1.2 OR AY.25.2 OR AY.25.3 OR AY.26 OR AY.26.1 OR AY.27 OR AY.28 OR AY.29 OR AY.29.1 OR AY.29.2 OR AY.30 OR AY.31 OR AY.32 OR AY.33 OR AY.33.1 OR AY.33.2 OR AY.34 OR AY.34.1 OR AY.34.1.1 OR AY.34.2 OR AY.35 OR AY.36 OR AY.36.1 OR AY.37 OR AY.38 OR AY.39 OR AY.39.1 OR AY.39.1.1 OR AY.39.1.2 OR AY.39.1.3 OR AY.39.1.4 OR AY.39.2 OR AY.39.3 OR AY.39.4 OR AY.40 OR AY.41 OR AY.42 OR AY.42.1 OR AY.43 OR AY.43.1 OR AY.43.2 OR AY.43.3 OR AY.43.4 OR AY.43.5 OR AY.43.6 OR AY.43.7 OR AY.43.8 OR AY.43.9 OR AY.44 OR AY.45 OR AY.46 OR AY.46.1 OR AY.46.2 OR AY.46.3 OR AY.46.4 OR AY.46.5 OR AY.46.6 OR AY.46.6.1 OR AY.47 OR AY.48 OR AY.49 OR AY.50 OR AY.51 OR AY.52 OR AY.53 OR AY.54 OR AY.55 OR AY.56 OR AY.57 OR AY.58 OR AY.59 OR AY.60 OR AY.61 OR AY.62 OR AY.63 OR AY.64 OR AY.65 OR AY.66 OR AY.67 OR AY.68 OR AY.69 OR AY.70 OR AY.71 OR AY.72 OR AY.73 OR AY.74 OR AY.75 OR AY.75.1 OR AY.75.2 OR AY.75.3 OR AY.76 OR AY.77 OR AY.78 OR AY.79 OR AY.80 OR AY.81 OR AY.82 OR AY.83 OR AY.84 OR AY.85 OR AY.86 OR AY.87 OR AY.88 OR AY.89 OR AY.90 OR AY.91 OR AY.91.1 OR AY.92 OR AY.93 OR AY.94 OR AY.95 OR AY.96 OR AY.97 OR AY.98 OR AY.98.1 OR AY.98.1.1 OR AY.99 OR AY.99.1 OR AY.99.2 OR AY.100 OR AY.101 OR AY.102 OR AY.102.1 OR AY.102.2 OR AY.103 OR AY.103.1 OR AY.103.2 OR AY.104 OR AY.105 OR AY.106 OR AY.107 OR AY.108 OR AY.109 OR AY.110 OR AY.111 OR AY.112 OR AY.112.1 OR AY.112.2 OR AY.112.3 OR AY.113 OR AY.114 OR AY.115 OR AY.116 OR AY.116.1 OR AY.117 OR AY.118 OR AY.119 OR AY.119.1 OR AY.119.2 OR AY.120 OR AY.120.1 OR AY.120.2 OR AY.120.2.1 OR AY.121 OR AY.121.1 OR AY.122 OR AY.122.1 OR AY.122.2 OR AY.122.3 OR AY.122.4 OR AY.122.5 OR AY.122.6 OR AY.123 OR AY.123.1 OR AY.124 OR AY.124.1 OR AY.124.1.1 OR AY.125 OR AY.125.1 OR AY.126 OR AY.127 OR AY.127.1 OR AY.127.2 OR AY.127.3 OR AY.128 OR AY.129 OR AY.130 OR AY.131 OR AY.132 OR AY.133 OR AY.134 OR B.1.617.2,Delta,17.2857142857143,0.0714285714285714,0.00413223140495868
2021-01-21,29,0,24.2857142857143,0,0,2.02475667180483e-05,0.0983876043858698,AY.1 OR AY.2 OR AY.3 OR AY.3.1 OR AY.3.2 OR AY.3.3 OR AY.3.4 OR AY.4 OR AY.4.1 OR AY.4.2 OR AY.4.2.1 OR AY.4.2.2 OR AY.4.2.3 OR AY.4.2.4 OR AY.4.2.5 OR AY.4.3 OR AY.4.4 OR AY.4.5 OR AY.4.6 OR AY.4.7 OR AY.4.8 OR AY.4.9 OR AY.4.10 OR AY.4.11 OR AY.4.12 OR AY.4.13 OR AY.4.14 OR AY.4.15 OR AY.4.16 OR AY.4.17 OR AY.5 OR AY.5.1 OR AY.5.2 OR AY.5.3 OR AY.5.4 OR AY.5.5 OR AY.5.6 OR AY.5.7 OR AY.6 OR AY.7 OR AY.7.1 OR AY.7.2 OR AY.8 OR AY.9 OR AY.9.1 OR AY.9.2 OR AY.9.2.1 OR AY.9.2.2 OR AY.10 OR AY.11 OR AY.12 OR AY.13 OR AY.14 OR AY.15 OR AY.16 OR AY.16.1 OR AY.17 OR AY.18 OR AY.19 OR AY.20 OR AY.20.1 OR AY.21 OR AY.22 OR AY.23 OR AY.23.1 OR AY.23.2 OR AY.24 OR AY.24.1 OR AY.25 OR AY.25.1 OR AY.25.1.1 OR AY.25.1.2 OR AY.25.2 OR AY.25.3 OR AY.26 OR AY.26.1 OR AY.27 OR AY.28 OR AY.29 OR AY.29.1 OR AY.29.2 OR AY.30 OR AY.31 OR AY.32 OR AY.33 OR AY.33.1 OR AY.33.2 OR AY.34 OR AY.34.1 OR AY.34.1.1 OR AY.34.2 OR AY.35 OR AY.36 OR AY.36.1 OR AY.37 OR AY.38 OR AY.39 OR AY.39.1 OR AY.39.1.1 OR AY.39.1.2 OR AY.39.1.3 OR AY.39.1.4 OR AY.39.2 OR AY.39.3 OR AY.39.4 OR AY.40 OR AY.41 OR AY.42 OR AY.42.1 OR AY.43 OR AY.43.1 OR AY.43.2 OR AY.43.3 OR AY.43.4 OR AY.43.5 OR AY.43.6 OR AY.43.7 OR AY.43.8 OR AY.43.9 OR AY.44 OR AY.45 OR AY.46 OR AY.46.1 OR AY.46.2 OR AY.46.3 OR AY.46.4 OR AY.46.5 OR AY.46.6 OR AY.46.6.1 OR AY.47 OR AY.48 OR AY.49 OR AY.50 OR AY.51 OR AY.52 OR AY.53 OR AY.54 OR AY.55 OR AY.56 OR AY.57 OR AY.58 OR AY.59 OR AY.60 OR AY.61 OR AY.62 OR AY.63 OR AY.64 OR AY.65 OR AY.66 OR AY.67 OR AY.68 OR AY.69 OR AY.70 OR AY.71 OR AY.72 OR AY.73 OR AY.74 OR AY.75 OR AY.75.1 OR AY.75.2 OR AY.75.3 OR AY.76 OR AY.77 OR AY.78 OR AY.79 OR AY.80 OR AY.81 OR AY.82 OR AY.83 OR AY.84 OR AY.85 OR AY.86 OR AY.87 OR AY.88 OR AY.89 OR AY.90 OR AY.91 OR AY.91.1 OR AY.92 OR AY.93 OR AY.94 OR AY.95 OR AY.96 OR AY.97 OR AY.98 OR AY.98.1 OR AY.98.1.1 OR AY.99 OR AY.99.1 OR AY.99.2 OR AY.100 OR AY.101 OR AY.102 OR AY.102.1 OR AY.102.2 OR AY.103 OR AY.103.1 OR AY.103.2 OR AY.104 OR AY.105 OR AY.106 OR AY.107 OR AY.108 OR AY.109 OR AY.110 OR AY.111 OR AY.112 OR AY.112.1 OR AY.112.2 OR AY.112.3 OR AY.113 OR AY.114 OR AY.115 OR AY.116 OR AY.116.1 OR AY.117 OR AY.118 OR AY.119 OR AY.119.1 OR AY.119.2 OR AY.120 OR AY.120.1 OR AY.120.2 OR AY.120.2.1 OR AY.121 OR AY.121.1 OR AY.122 OR AY.122.1 OR AY.122.2 OR AY.122.3 OR AY.122.4 OR AY.122.5 OR AY.122.6 OR AY.123 OR AY.123.1 OR AY.124 OR AY.124.1 OR AY.124.1.1 OR AY.125 OR AY.125.1 OR AY.126 OR AY.127 OR AY.127.1 OR AY.127.2 OR AY.127.3 OR AY.128 OR AY.129 OR AY.130 OR AY.131 OR AY.132 OR AY.133 OR AY.134 OR B.1.617.2,Delta,19,0.0714285714285714,0.0037593984962406
2021-01-22,13,0,22,0,0,2.20673323983508e-05,0.106739717911786,AY.1 OR AY.2 OR AY.3 OR AY.3.1 OR AY.3.2 OR AY.3.3 OR AY.3.4 OR AY.4 OR AY.4.1 OR AY.4.2 OR AY.4.2.1 OR AY.4.2.2 OR AY.4.2.3 OR AY.4.2.4 OR AY.4.2.5 OR AY.4.3 OR AY.4.4 OR AY.4.5 OR AY.4.6 OR AY.4.7 OR AY.4.8 OR AY.4.9 OR AY.4.10 OR AY.4.11 OR AY.4.12 OR AY.4.13 OR AY.4.14 OR AY.4.15 OR AY.4.16 OR AY.4.17 OR AY.5 OR AY.5.1 OR AY.5.2 OR AY.5.3 OR AY.5.4 OR AY.5.5 OR AY.5.6 OR AY.5.7 OR AY.6 OR AY.7 OR AY.7.1 OR AY.7.2 OR AY.8 OR AY.9 OR AY.9.1 OR AY.9.2 OR AY.9.2.1 OR AY.9.2.2 OR AY.10 OR AY.11 OR AY.12 OR AY.13 OR AY.14 OR AY.15 OR AY.16 OR AY.16.1 OR AY.17 OR AY.18 OR AY.19 OR AY.20 OR AY.20.1 OR AY.21 OR AY.22 OR AY.23 OR AY.23.1 OR AY.23.2 OR AY.24 OR AY.24.1 OR AY.25 OR AY.25.1 OR AY.25.1.1 OR AY.25.1.2 OR AY.25.2 OR AY.25.3 OR AY.26 OR AY.26.1 OR AY.27 OR AY.28 OR AY.29 OR AY.29.1 OR AY.29.2 OR AY.30 OR AY.31 OR AY.32 OR AY.33 OR AY.33.1 OR AY.33.2 OR AY.34 OR AY.34.1 OR AY.34.1.1 OR AY.34.2 OR AY.35 OR AY.36 OR AY.36.1 OR AY.37 OR AY.38 OR AY.39 OR AY.39.1 OR AY.39.1.1 OR AY.39.1.2 OR AY.39.1.3 OR AY.39.1.4 OR AY.39.2 OR AY.39.3 OR AY.39.4 OR AY.40 OR AY.41 OR AY.42 OR AY.42.1 OR AY.43 OR AY.43.1 OR AY.43.2 OR AY.43.3 OR AY.43.4 OR AY.43.5 OR AY.43.6 OR AY.43.7 OR AY.43.8 OR AY.43.9 OR AY.44 OR AY.45 OR AY.46 OR AY.46.1 OR AY.46.2 OR AY.46.3 OR AY.46.4 OR AY.46.5 OR AY.46.6 OR AY.46.6.1 OR AY.47 OR AY.48 OR AY.49 OR AY.50 OR AY.51 OR AY.52 OR AY.53 OR AY.54 OR AY.55 OR AY.56 OR AY.57 OR AY.58 OR AY.59 OR AY.60 OR AY.61 OR AY.62 OR AY.63 OR AY.64 OR AY.65 OR AY.66 OR AY.67 OR AY.68 OR AY.69 OR AY.70 OR AY.71 OR AY.72 OR AY.73 OR AY.74 OR AY.75 OR AY.75.1 OR AY.75.2 OR AY.75.3 OR AY.76 OR AY.77 OR AY.78 OR AY.79 OR AY.80 OR AY.81 OR AY.82 OR AY.83 OR AY.84 OR AY.85 OR AY.86 OR AY.87 OR AY.88 OR AY.89 OR AY.90 OR AY.91 OR AY.91.1 OR AY.92 OR AY.93 OR AY.94 OR AY.95 OR AY.96 OR AY.97 OR AY.98 OR AY.98.1 OR AY.98.1.1 OR AY.99 OR AY.99.1 OR AY.99.2 OR AY.100 OR AY.101 OR AY.102 OR AY.102.1 OR AY.102.2 OR AY.103 OR AY.103.1 OR AY.103.2 OR AY.104 OR AY.105 OR AY.106 OR AY.107 OR AY.108 OR AY.109 OR AY.110 OR AY.111 OR AY.112 OR AY.112.1 OR AY.112.2 OR AY.112.3 OR AY.113 OR AY.114 OR AY.115 OR AY.116 OR AY.116.1 OR AY.117 OR AY.118 OR AY.119 OR AY.119.1 OR AY.119.2 OR AY.120 OR AY.120.1 OR AY.120.2 OR AY.120.2.1 OR AY.121 OR AY.121.1 OR AY.122 OR AY.122.1 OR AY.122.2 OR AY.122.3 OR AY.122.4 OR AY.122.5 OR AY.122.6 OR AY.123 OR AY.123.1 OR AY.124 OR AY.124.1 OR AY.124.1.1 OR AY.125 OR AY.125.1 OR AY.126 OR AY.127 OR AY.127.1 OR AY.127.2 OR AY.127.3 OR AY.128 OR AY.129 OR AY.130 OR AY.131 OR AY.132 OR AY.133 OR AY.134 OR B.1.617.2,Delta,19.1428571428571,0.0714285714285714,0.00373134328358209
2021-01-23,2,0,18.1428571428571,0,0,2.69031173009093e-05,0.12855821182176,AY.1 OR AY.2 OR AY.3 OR AY.3.1 OR AY.3.2 OR AY.3.3 OR AY.3.4 OR AY.4 OR AY.4.1 OR AY.4.2 OR AY.4.2.1 OR AY.4.2.2 OR AY.4.2.3 OR AY.4.2.4 OR AY.4.2.5 OR AY.4.3 OR AY.4.4 OR AY.4.5 OR AY.4.6 OR AY.4.7 OR AY.4.8 OR AY.4.9 OR AY.4.10 OR AY.4.11 OR AY.4.12 OR AY.4.13 OR AY.4.14 OR AY.4.15 OR AY.4.16 OR AY.4.17 OR AY.5 OR AY.5.1 OR AY.5.2 OR AY.5.3 OR AY.5.4 OR AY.5.5 OR AY.5.6 OR AY.5.7 OR AY.6 OR AY.7 OR AY.7.1 OR AY.7.2 OR AY.8 OR AY.9 OR AY.9.1 OR AY.9.2 OR AY.9.2.1 OR AY.9.2.2 OR AY.10 OR AY.11 OR AY.12 OR AY.13 OR AY.14 OR AY.15 OR AY.16 OR AY.16.1 OR AY.17 OR AY.18 OR AY.19 OR AY.20 OR AY.20.1 OR AY.21 OR AY.22 OR AY.23 OR AY.23.1 OR AY.23.2 OR AY.24 OR AY.24.1 OR AY.25 OR AY.25.1 OR AY.25.1.1 OR AY.25.1.2 OR AY.25.2 OR AY.25.3 OR AY.26 OR AY.26.1 OR AY.27 OR AY.28 OR AY.29 OR AY.29.1 OR AY.29.2 OR AY.30 OR AY.31 OR AY.32 OR AY.33 OR AY.33.1 OR AY.33.2 OR AY.34 OR AY.34.1 OR AY.34.1.1 OR AY.34.2 OR AY.35 OR AY.36 OR AY.36.1 OR AY.37 OR AY.38 OR AY.39 OR AY.39.1 OR AY.39.1.1 OR AY.39.1.2 OR AY.39.1.3 OR AY.39.1.4 OR AY.39.2 OR AY.39.3 OR AY.39.4 OR AY.40 OR AY.41 OR AY.42 OR AY.42.1 OR AY.43 OR AY.43.1 OR AY.43.2 OR AY.43.3 OR AY.43.4 OR AY.43.5 OR AY.43.6 OR AY.43.7 OR AY.43.8 OR AY.43.9 OR AY.44 OR AY.45 OR AY.46 OR AY.46.1 OR AY.46.2 OR AY.46.3 OR AY.46.4 OR AY.46.5 OR AY.46.6 OR AY.46.6.1 OR AY.47 OR AY.48 OR AY.49 OR AY.50 OR AY.51 OR AY.52 OR AY.53 OR AY.54 OR AY.55 OR AY.56 OR AY.57 OR AY.58 OR AY.59 OR AY.60 OR AY.61 OR AY.62 OR AY.63 OR AY.64 OR AY.65 OR AY.66 OR AY.67 OR AY.68 OR AY.69 OR AY.70 OR AY.71 OR AY.72 OR AY.73 OR AY.74 OR AY.75 OR AY.75.1 OR AY.75.2 OR AY.75.3 OR AY.76 OR AY.77 OR AY.78 OR AY.79 OR AY.80 OR AY.81 OR AY.82 OR AY.83 OR AY.84 OR AY.85 OR AY.86 OR AY.87 OR AY.88 OR AY.89 OR AY.90 OR AY.91 OR AY.91.1 OR AY.92 OR AY.93 OR AY.94 OR AY.95 OR AY.96 OR AY.97 OR AY.98 OR AY.98.1 OR AY.98.1.1 OR AY.99 OR AY.99.1 OR AY.99.2 OR AY.100 OR AY.101 OR AY.102 OR AY.102.1 OR AY.102.2 OR AY.103 OR AY.103.1 OR AY.103.2 OR AY.104 OR AY.105 OR AY.106 OR AY.107 OR AY.108 OR AY.109 OR AY.110 OR AY.111 OR AY.112 OR AY.112.1 OR AY.112.2 OR AY.112.3 OR AY.113 OR AY.114 OR AY.115 OR AY.116 OR AY.116.1 OR AY.117 OR AY.118 OR AY.119 OR AY.119.1 OR AY.119.2 OR AY.120 OR AY.120.1 OR AY.120.2 OR AY.120.2.1 OR AY.121 OR AY.121.1 OR AY.122 OR AY.122.1 OR AY.122.2 OR AY.122.3 OR AY.122.4 OR AY.122.5 OR AY.122.6 OR AY.123 OR AY.123.1 OR AY.124 OR AY.124.1 OR AY.124.1.1 OR AY.125 OR AY.125.1 OR AY.126 OR AY.127 OR AY.127.1 OR AY.127.2 OR AY.127.3 OR AY.128 OR AY.129 OR AY.130 OR AY.131 OR AY.132 OR AY.133 OR AY.134 OR B.1.617.2,Delta,18.7857142857143,0,0
2021-01-24,11,0,19.5714285714286,0,0,2.42464784592428e-05,0.116638982904875,AY.1 OR AY.2 OR AY.3 OR AY.3.1 OR AY.3.2 OR AY.3.3 OR AY.3.4 OR AY.4 OR AY.4.1 OR AY.4.2 OR AY.4.2.1 OR AY.4.2.2 OR AY.4.2.3 OR AY.4.2.4 OR AY.4.2.5 OR AY.4.3 OR AY.4.4 OR AY.4.5 OR AY.4.6 OR AY.4.7 OR AY.4.8 OR AY.4.9 OR AY.4.10 OR AY.4.11 OR AY.4.12 OR AY.4.13 OR AY.4.14 OR AY.4.15 OR AY.4.16 OR AY.4.17 OR AY.5 OR AY.5.1 OR AY.5.2 OR AY.5.3 OR AY.5.4 OR AY.5.5 OR AY.5.6 OR AY.5.7 OR AY.6 OR AY.7 OR AY.7.1 OR AY.7.2 OR AY.8 OR AY.9 OR AY.9.1 OR AY.9.2 OR AY.9.2.1 OR AY.9.2.2 OR AY.10 OR AY.11 OR AY.12 OR AY.13 OR AY.14 OR AY.15 OR AY.16 OR AY.16.1 OR AY.17 OR AY.18 OR AY.19 OR AY.20 OR AY.20.1 OR AY.21 OR AY.22 OR AY.23 OR AY.23.1 OR AY.23.2 OR AY.24 OR AY.24.1 OR AY.25 OR AY.25.1 OR AY.25.1.1 OR AY.25.1.2 OR AY.25.2 OR AY.25.3 OR AY.26 OR AY.26.1 OR AY.27 OR AY.28 OR AY.29 OR AY.29.1 OR AY.29.2 OR AY.30 OR AY.31 OR AY.32 OR AY.33 OR AY.33.1 OR AY.33.2 OR AY.34 OR AY.34.1 OR AY.34.1.1 OR AY.34.2 OR AY.35 OR AY.36 OR AY.36.1 OR AY.37 OR AY.38 OR AY.39 OR AY.39.1 OR AY.39.1.1 OR AY.39.1.2 OR AY.39.1.3 OR AY.39.1.4 OR AY.39.2 OR AY.39.3 OR AY.39.4 OR AY.40 OR AY.41 OR AY.42 OR AY.42.1 OR AY.43 OR AY.43.1 OR AY.43.2 OR AY.43.3 OR AY.43.4 OR AY.43.5 OR AY.43.6 OR AY.43.7 OR AY.43.8 OR AY.43.9 OR AY.44 OR AY.45 OR AY.46 OR AY.46.1 OR AY.46.2 OR AY.46.3 OR AY.46.4 OR AY.46.5 OR AY.46.6 OR AY.46.6.1 OR AY.47 OR AY.48 OR AY.49 OR AY.50 OR AY.51 OR AY.52 OR AY.53 OR AY.54 OR AY.55 OR AY.56 OR AY.57 OR AY.58 OR AY.59 OR AY.60 OR AY.61 OR AY.62 OR AY.63 OR AY.64 OR AY.65 OR AY.66 OR AY.67 OR AY.68 OR AY.69 OR AY.70 OR AY.71 OR AY.72 OR AY.73 OR AY.74 OR AY.75 OR AY.75.1 OR AY.75.2 OR AY.75.3 OR AY.76 OR AY.77 OR AY.78 OR AY.79 OR AY.80 OR AY.81 OR AY.82 OR AY.83 OR AY.84 OR AY.85 OR AY.86 OR AY.87 OR AY.88 OR AY.89 OR AY.90 OR AY.91 OR AY.91.1 OR AY.92 OR AY.93 OR AY.94 OR AY.95 OR AY.96 OR AY.97 OR AY.98 OR AY.98.1 OR AY.98.1.1 OR AY.99 OR AY.99.1 OR AY.99.2 OR AY.100 OR AY.101 OR AY.102 OR AY.102.1 OR AY.102.2 OR AY.103 OR AY.103.1 OR AY.103.2 OR AY.104 OR AY.105 OR AY.106 OR AY.107 OR AY.108 OR AY.109 OR AY.110 OR AY.111 OR AY.112 OR AY.112.1 OR AY.112.2 OR AY.112.3 OR AY.113 OR AY.114 OR AY.115 OR AY.116 OR AY.116.1 OR AY.117 OR AY.118 OR AY.119 OR AY.119.1 OR AY.119.2 OR AY.120 OR AY.120.1 OR AY.120.2 OR AY.120.2.1 OR AY.121 OR AY.121.1 OR AY.122 OR AY.122.1 OR AY.122.2 OR AY.122.3 OR AY.122.4 OR AY.122.5 OR AY.122.6 OR AY.123 OR AY.123.1 OR AY.124 OR AY.124.1 OR AY.124.1.1 OR AY.125 OR AY.125.1 OR AY.126 OR AY.127 OR AY.127.1 OR AY.127.2 OR AY.127.3 OR AY.128 OR AY.129 OR AY.130 OR AY.131 OR AY.132 OR AY.133 OR AY.134 OR B.1.617.2,Delta,19.2142857142857,0,0
2021-01-25,32,0,23.7142857142857,0,0,2.02475667180483e-05,0.0983876043858698,AY.1 OR AY.2 OR AY.3 OR AY.3.1 OR AY.3.2 OR AY.3.3 OR AY.3.4 OR AY.4 OR AY.4.1 OR AY.4.2 OR AY.4.2.1 OR AY.4.2.2 OR AY.4.2.3 OR AY.4.2.4 OR AY.4.2.5 OR AY.4.3 OR AY.4.4 OR AY.4.5 OR AY.4.6 OR AY.4.7 OR AY.4.8 OR AY.4.9 OR AY.4.10 OR AY.4.11 OR AY.4.12 OR AY.4.13 OR AY.4.14 OR AY.4.15 OR AY.4.16 OR AY.4.17 OR AY.5 OR AY.5.1 OR AY.5.2 OR AY.5.3 OR AY.5.4 OR AY.5.5 OR AY.5.6 OR AY.5.7 OR AY.6 OR AY.7 OR AY.7.1 OR AY.7.2 OR AY.8 OR AY.9 OR AY.9.1 OR AY.9.2 OR AY.9.2.1 OR AY.9.2.2 OR AY.10 OR AY.11 OR AY.12 OR AY.13 OR AY.14 OR AY.15 OR AY.16 OR AY.16.1 OR AY.17 OR AY.18 OR AY.19 OR AY.20 OR AY.20.1 OR AY.21 OR AY.22 OR AY.23 OR AY.23.1 OR AY.23.2 OR AY.24 OR AY.24.1 OR AY.25 OR AY.25.1 OR AY.25.1.1 OR AY.25.1.2 OR AY.25.2 OR AY.25.3 OR AY.26 OR AY.26.1 OR AY.27 OR AY.28 OR AY.29 OR AY.29.1 OR AY.29.2 OR AY.30 OR AY.31 OR AY.32 OR AY.33 OR AY.33.1 OR AY.33.2 OR AY.34 OR AY.34.1 OR AY.34.1.1 OR AY.34.2 OR AY.35 OR AY.36 OR AY.36.1 OR AY.37 OR AY.38 OR AY.39 OR AY.39.1 OR AY.39.1.1 OR AY.39.1.2 OR AY.39.1.3 OR AY.39.1.4 OR AY.39.2 OR AY.39.3 OR AY.39.4 OR AY.40 OR AY.41 OR AY.42 OR AY.42.1 OR AY.43 OR AY.43.1 OR AY.43.2 OR AY.43.3 OR AY.43.4 OR AY.43.5 OR AY.43.6 OR AY.43.7 OR AY.43.8 OR AY.43.9 OR AY.44 OR AY.45 OR AY.46 OR AY.46.1 OR AY.46.2 OR AY.46.3 OR AY.46.4 OR AY.46.5 OR AY.46.6 OR AY.46.6.1 OR AY.47 OR AY.48 OR AY.49 OR AY.50 OR AY.51 OR AY.52 OR AY.53 OR AY.54 OR AY.55 OR AY.56 OR AY.57 OR AY.58 OR AY.59 OR AY.60 OR AY.61 OR AY.62 OR AY.63 OR AY.64 OR AY.65 OR AY.66 OR AY.67 OR AY.68 OR AY.69 OR AY.70 OR AY.71 OR AY.72 OR AY.73 OR AY.74 OR AY.75 OR AY.75.1 OR AY.75.2 OR AY.75.3 OR AY.76 OR AY.77 OR AY.78 OR AY.79 OR AY.80 OR AY.81 OR AY.82 OR AY.83 OR AY.84 OR AY.85 OR AY.86 OR AY.87 OR AY.88 OR AY.89 OR AY.90 OR AY.91 OR AY.91.1 OR AY.92 OR AY.93 OR AY.94 OR AY.95 OR AY.96 OR AY.97 OR AY.98 OR AY.98.1 OR AY.98.1.1 OR AY.99 OR AY.99.1 OR AY.99.2 OR AY.100 OR AY.101 OR AY.102 OR AY.102.1 OR AY.102.2 OR AY.103 OR AY.103.1 OR AY.103.2 OR AY.104 OR AY.105 OR AY.106 OR AY.107 OR AY.108 OR AY.109 OR AY.110 OR AY.111 OR AY.112 OR AY.112.1 OR AY.112.2 OR AY.112.3 OR AY.113 OR AY.114 OR AY.115 OR AY.116 OR AY.116.1 OR AY.117 OR AY.118 OR AY.119 OR AY.119.1 OR AY.119.2 OR AY.120 OR AY.120.1 OR AY.120.2 OR AY.120.2.1 OR AY.121 OR AY.121.1 OR AY.122 OR AY.122.1 OR AY.122.2 OR AY.122.3 OR AY.122.4 OR AY.122.5 OR AY.122.6 OR AY.123 OR AY.123.1 OR AY.124 OR AY.124.1 OR AY.124.1.1 OR AY.125 OR AY.125.1 OR AY.126 OR AY.127 OR AY.127.1 OR AY.127.2 OR AY.127.3 OR AY.128 OR AY.129 OR AY.130 OR AY.131 OR AY.132 OR AY.133 OR AY.134 OR B.1.617.2,Delta,19.5714285714286,0,0
2021-01-26,44,0,26.4285714285714,0,0,1.87050550662591e-05,0.0912465634089562,AY.1 OR AY.2 OR AY.3 OR AY.3.1 OR AY.3.2 OR AY.3.3 OR AY.3.4 OR AY.4 OR AY.4.1 OR AY.4.2 OR AY.4.2.1 OR AY.4.2.2 OR AY.4.2.3 OR AY.4.2.4 OR AY.4.2.5 OR AY.4.3 OR AY.4.4 OR AY.4.5 OR AY.4.6 OR AY.4.7 OR AY.4.8 OR AY.4.9 OR AY.4.10 OR AY.4.11 OR AY.4.12 OR AY.4.13 OR AY.4.14 OR AY.4.15 OR AY.4.16 OR AY.4.17 OR AY.5 OR AY.5.1 OR AY.5.2 OR AY.5.3 OR AY.5.4 OR AY.5.5 OR AY.5.6 OR AY.5.7 OR AY.6 OR AY.7 OR AY.7.1 OR AY.7.2 OR AY.8 OR AY.9 OR AY.9.1 OR AY.9.2 OR AY.9.2.1 OR AY.9.2.2 OR AY.10 OR AY.11 OR AY.12 OR AY.13 OR AY.14 OR AY.15 OR AY.16 OR AY.16.1 OR AY.17 OR AY.18 OR AY.19 OR AY.20 OR AY.20.1 OR AY.21 OR AY.22 OR AY.23 OR AY.23.1 OR AY.23.2 OR AY.24 OR AY.24.1 OR AY.25 OR AY.25.1 OR AY.25.1.1 OR AY.25.1.2 OR AY.25.2 OR AY.25.3 OR AY.26 OR AY.26.1 OR AY.27 OR AY.28 OR AY.29 OR AY.29.1 OR AY.29.2 OR AY.30 OR AY.31 OR AY.32 OR AY.33 OR AY.33.1 OR AY.33.2 OR AY.34 OR AY.34.1 OR AY.34.1.1 OR AY.34.2 OR AY.35 OR AY.36 OR AY.36.1 OR AY.37 OR AY.38 OR AY.39 OR AY.39.1 OR AY.39.1.1 OR AY.39.1.2 OR AY.39.1.3 OR AY.39.1.4 OR AY.39.2 OR AY.39.3 OR AY.39.4 OR AY.40 OR AY.41 OR AY.42 OR AY.42.1 OR AY.43 OR AY.43.1 OR AY.43.2 OR AY.43.3 OR AY.43.4 OR AY.43.5 OR AY.43.6 OR AY.43.7 OR AY.43.8 OR AY.43.9 OR AY.44 OR AY.45 OR AY.46 OR AY.46.1 OR AY.46.2 OR AY.46.3 OR AY.46.4 OR AY.46.5 OR AY.46.6 OR AY.46.6.1 OR AY.47 OR AY.48 OR AY.49 OR AY.50 OR AY.51 OR AY.52 OR AY.53 OR AY.54 OR AY.55 OR AY.56 OR AY.57 OR AY.58 OR AY.59 OR AY.60 OR AY.61 OR AY.62 OR AY.63 OR AY.64 OR AY.65 OR AY.66 OR AY.67 OR AY.68 OR AY.69 OR AY.70 OR AY.71 OR AY.72 OR AY.73 OR AY.74 OR AY.75 OR AY.75.1 OR AY.75.2 OR AY.75.3 OR AY.76 OR AY.77 OR AY.78 OR AY.79 OR AY.80 OR AY.81 OR AY.82 OR AY.83 OR AY.84 OR AY.85 OR AY.86 OR AY.87 OR AY.88 OR AY.89 OR AY.90 OR AY.91 OR AY.91.1 OR AY.92 OR AY.93 OR AY.94 OR AY.95 OR AY.96 OR AY.97 OR AY.98 OR AY.98.1 OR AY.98.1.1 OR AY.99 OR AY.99.1 OR AY.99.2 OR AY.100 OR AY.101 OR AY.102 OR AY.102.1 OR AY.102.2 OR AY.103 OR AY.103.1 OR AY.103.2 OR AY.104 OR AY.105 OR AY.106 OR AY.107 OR AY.108 OR AY.109 OR AY.110 OR AY.111 OR AY.112 OR AY.112.1 OR AY.112.2 OR AY.112.3 OR AY.113 OR AY.114 OR AY.115 OR AY.116 OR AY.116.1 OR AY.117 OR AY.118 OR AY.119 OR AY.119.1 OR AY.119.2 OR AY.120 OR AY.120.1 OR AY.120.2 OR AY.120.2.1 OR AY.121 OR AY.121.1 OR AY.122 OR AY.122.1 OR AY.122.2 OR AY.122.3 OR AY.122.4 OR AY.122.5 OR AY.122.6 OR AY.123 OR AY.123.1 OR AY.124 OR AY.124.1 OR AY.124.1.1 OR AY.125 OR AY.125.1 OR AY.126 OR AY.127 OR AY.127.1 OR AY.127.2 OR AY.127.3 OR AY.128 OR AY.129 OR AY.130 OR AY.131 OR AY.132 OR AY.133 OR AY.134 OR B.1.617.2,Delta,21.7142857142857,0,0
2021-01-27,25,0,22.2857142857143,0,0,2.20673323983508e-05,0.106739717911786,AY.1 OR AY.2 OR AY.3 OR AY.3.1 OR AY.3.2 OR AY.3.3 OR AY.3.4 OR AY.4 OR AY.4.1 OR AY.4.2 OR AY.4.2.1 OR AY.4.2.2 OR AY.4.2.3 OR AY.4.2.4 OR AY.4.2.5 OR AY.4.3 OR AY.4.4 OR AY.4.5 OR AY.4.6 OR AY.4.7 OR AY.4.8 OR AY.4.9 OR AY.4.10 OR AY.4.11 OR AY.4.12 OR AY.4.13 OR AY.4.14 OR AY.4.15 OR AY.4.16 OR AY.4.17 OR AY.5 OR AY.5.1 OR AY.5.2 OR AY.5.3 OR AY.5.4 OR AY.5.5 OR AY.5.6 OR AY.5.7 OR AY.6 OR AY.7 OR AY.7.1 OR AY.7.2 OR AY.8 OR AY.9 OR AY.9.1 OR AY.9.2 OR AY.9.2.1 OR AY.9.2.2 OR AY.10 OR AY.11 OR AY.12 OR AY.13 OR AY.14 OR AY.15 OR AY.16 OR AY.16.1 OR AY.17 OR AY.18 OR AY.19 OR AY.20 OR AY.20.1 OR AY.21 OR AY.22 OR AY.23 OR AY.23.1 OR AY.23.2 OR AY.24 OR AY.24.1 OR AY.25 OR AY.25.1 OR AY.25.1.1 OR AY.25.1.2 OR AY.25.2 OR AY.25.3 OR AY.26 OR AY.26.1 OR AY.27 OR AY.28 OR AY.29 OR AY.29.1 OR AY.29.2 OR AY.30 OR AY.31 OR AY.32 OR AY.33 OR AY.33.1 OR AY.33.2 OR AY.34 OR AY.34.1 OR AY.34.1.1 OR AY.34.2 OR AY.35 OR AY.36 OR AY.36.1 OR AY.37 OR AY.38 OR AY.39 OR AY.39.1 OR AY.39.1.1 OR AY.39.1.2 OR AY.39.1.3 OR AY.39.1.4 OR AY.39.2 OR AY.39.3 OR AY.39.4 OR AY.40 OR AY.41 OR AY.42 OR AY.42.1 OR AY.43 OR AY.43.1 OR AY.43.2 OR AY.43.3 OR AY.43.4 OR AY.43.5 OR AY.43.6 OR AY.43.7 OR AY.43.8 OR AY.43.9 OR AY.44 OR AY.45 OR AY.46 OR AY.46.1 OR AY.46.2 OR AY.46.3 OR AY.46.4 OR AY.46.5 OR AY.46.6 OR AY.46.6.1 OR AY.47 OR AY.48 OR AY.49 OR AY.50 OR AY.51 OR AY.52 OR AY.53 OR AY.54 OR AY.55 OR AY.56 OR AY.57 OR AY.58 OR AY.59 OR AY.60 OR AY.61 OR AY.62 OR AY.63 OR AY.64 OR AY.65 OR AY.66 OR AY.67 OR AY.68 OR AY.69 OR AY.70 OR AY.71 OR AY.72 OR AY.73 OR AY.74 OR AY.75 OR AY.75.1 OR AY.75.2 OR AY.75.3 OR AY.76 OR AY.77 OR AY.78 OR AY.79 OR AY.80 OR AY.81 OR AY.82 OR AY.83 OR AY.84 OR AY.85 OR AY.86 OR AY.87 OR AY.88 OR AY.89 OR AY.90 OR AY.91 OR AY.91.1 OR AY.92 OR AY.93 OR AY.94 OR AY.95 OR AY.96 OR AY.97 OR AY.98 OR AY.98.1 OR AY.98.1.1 OR AY.99 OR AY.99.1 OR AY.99.2 OR AY.100 OR AY.101 OR AY.102 OR AY.102.1 OR AY.102.2 OR AY.103 OR AY.103.1 OR AY.103.2 OR AY.104 OR AY.105 OR AY.106 OR AY.107 OR AY.108 OR AY.109 OR AY.110 OR AY.111 OR AY.112 OR AY.112.1 OR AY.112.2 OR AY.112.3 OR AY.113 OR AY.114 OR AY.115 OR AY.116 OR AY.116.1 OR AY.117 OR AY.118 OR AY.119 OR AY.119.1 OR AY.119.2 OR AY.120 OR AY.120.1 OR AY.120.2 OR AY.120.2.1 OR AY.121 OR AY.121.1 OR AY.122 OR AY.122.1 OR AY.122.2 OR AY.122.3 OR AY.122.4 OR AY.122.5 OR AY.122.6 OR AY.123 OR AY.123.1 OR AY.124 OR AY.124.1 OR AY.124.1.1 OR AY.125 OR AY.125.1 OR AY.126 OR AY.127 OR AY.127.1 OR AY.127.2 OR AY.127.3 OR AY.128 OR AY.129 OR AY.130 OR AY.131 OR AY.132 OR AY.133 OR AY.134 OR B.1.617.2,Delta,22,0,0
2021-01-28,29,0,22.2857142857143,0,0,2.20673323983508e-05,0.106739717911786,AY.1 OR AY.2 OR AY.3 OR AY.3.1 OR AY.3.2 OR AY.3.3 OR AY.3.4 OR AY.4 OR AY.4.1 OR AY.4.2 OR AY.4.2.1 OR AY.4.2.2 OR AY.4.2.3 OR AY.4.2.4 OR AY.4.2.5 OR AY.4.3 OR AY.4.4 OR AY.4.5 OR AY.4.6 OR AY.4.7 OR AY.4.8 OR AY.4.9 OR AY.4.10 OR AY.4.11 OR AY.4.12 OR AY.4.13 OR AY.4.14 OR AY.4.15 OR AY.4.16 OR AY.4.17 OR AY.5 OR AY.5.1 OR AY.5.2 OR AY.5.3 OR AY.5.4 OR AY.5.5 OR AY.5.6 OR AY.5.7 OR AY.6 OR AY.7 OR AY.7.1 OR AY.7.2 OR AY.8 OR AY.9 OR AY.9.1 OR AY.9.2 OR AY.9.2.1 OR AY.9.2.2 OR AY.10 OR AY.11 OR AY.12 OR AY.13 OR AY.14 OR AY.15 OR AY.16 OR AY.16.1 OR AY.17 OR AY.18 OR AY.19 OR AY.20 OR AY.20.1 OR AY.21 OR AY.22 OR AY.23 OR AY.23.1 OR AY.23.2 OR AY.24 OR AY.24.1 OR AY.25 OR AY.25.1 OR AY.25.1.1 OR AY.25.1.2 OR AY.25.2 OR AY.25.3 OR AY.26 OR AY.26.1 OR AY.27 OR AY.28 OR AY.29 OR AY.29.1 OR AY.29.2 OR AY.30 OR AY.31 OR AY.32 OR AY.33 OR AY.33.1 OR AY.33.2 OR AY.34 OR AY.34.1 OR AY.34.1.1 OR AY.34.2 OR AY.35 OR AY.36 OR AY.36.1 OR AY.37 OR AY.38 OR AY.39 OR AY.39.1 OR AY.39.1.1 OR AY.39.1.2 OR AY.39.1.3 OR AY.39.1.4 OR AY.39.2 OR AY.39.3 OR AY.39.4 OR AY.40 OR AY.41 OR AY.42 OR AY.42.1 OR AY.43 OR AY.43.1 OR AY.43.2 OR AY.43.3 OR AY.43.4 OR AY.43.5 OR AY.43.6 OR AY.43.7 OR AY.43.8 OR AY.43.9 OR AY.44 OR AY.45 OR AY.46 OR AY.46.1 OR AY.46.2 OR AY.46.3 OR AY.46.4 OR AY.46.5 OR AY.46.6 OR AY.46.6.1 OR AY.47 OR AY.48 OR AY.49 OR AY.50 OR AY.51 OR AY.52 OR AY.53 OR AY.54 OR AY.55 OR AY.56 OR AY.57 OR AY.58 OR AY.59 OR AY.60 OR AY.61 OR AY.62 OR AY.63 OR AY.64 OR AY.65 OR AY.66 OR AY.67 OR AY.68 OR AY.69 OR AY.70 OR AY.71 OR AY.72 OR AY.73 OR AY.74 OR AY.75 OR AY.75.1 OR AY.75.2 OR AY.75.3 OR AY.76 OR AY.77 OR AY.78 OR AY.79 OR AY.80 OR AY.81 OR AY.82 OR AY.83 OR AY.84 OR AY.85 OR AY.86 OR AY.87 OR AY.88 OR AY.89 OR AY.90 OR AY.91 OR AY.91.1 OR AY.92 OR AY.93 OR AY.94 OR AY.95 OR AY.96 OR AY.97 OR AY.98 OR AY.98.1 OR AY.98.1.1 OR AY.99 OR AY.99.1 OR AY.99.2 OR AY.100 OR AY.101 OR AY.102 OR AY.102.1 OR AY.102.2 OR AY.103 OR AY.103.1 OR AY.103.2 OR AY.104 OR AY.105 OR AY.106 OR AY.107 OR AY.108 OR AY.109 OR AY.110 OR AY.111 OR AY.112 OR AY.112.1 OR AY.112.2 OR AY.112.3 OR AY.113 OR AY.114 OR AY.115 OR AY.116 OR AY.116.1 OR AY.117 OR AY.118 OR AY.119 OR AY.119.1 OR AY.119.2 OR AY.120 OR AY.120.1 OR AY.120.2 OR AY.120.2.1 OR AY.121 OR AY.121.1 OR AY.122 OR AY.122.1 OR AY.122.2 OR AY.122.3 OR AY.122.4 OR AY.122.5 OR AY.122.6 OR AY.123 OR AY.123.1 OR AY.124 OR AY.124.1 OR AY.124.1.1 OR AY.125 OR AY.125.1 OR AY.126 OR AY.127 OR AY.127.1 OR AY.127.2 OR AY.127.3 OR AY.128 OR AY.129 OR AY.130 OR AY.131 OR AY.132 OR AY.133 OR AY.134 OR B.1.617.2,Delta,23.2857142857143,0,0
2021-01-29,35,0,25.4285714285714,0,0,1.94457708981588e-05,0.0946827641095835,AY.1 OR AY.2 OR AY.3 OR AY.3.1 OR AY.3.2 OR AY.3.3 OR AY.3.4 OR AY.4 OR AY.4.1 OR AY.4.2 OR AY.4.2.1 OR AY.4.2.2 OR AY.4.2.3 OR AY.4.2.4 OR AY.4.2.5 OR AY.4.3 OR AY.4.4 OR AY.4.5 OR AY.4.6 OR AY.4.7 OR AY.4.8 OR AY.4.9 OR AY.4.10 OR AY.4.11 OR AY.4.12 OR AY.4.13 OR AY.4.14 OR AY.4.15 OR AY.4.16 OR AY.4.17 OR AY.5 OR AY.5.1 OR AY.5.2 OR AY.5.3 OR AY.5.4 OR AY.5.5 OR AY.5.6 OR AY.5.7 OR AY.6 OR AY.7 OR AY.7.1 OR AY.7.2 OR AY.8 OR AY.9 OR AY.9.1 OR AY.9.2 OR AY.9.2.1 OR AY.9.2.2 OR AY.10 OR AY.11 OR AY.12 OR AY.13 OR AY.14 OR AY.15 OR AY.16 OR AY.16.1 OR AY.17 OR AY.18 OR AY.19 OR AY.20 OR AY.20.1 OR AY.21 OR AY.22 OR AY.23 OR AY.23.1 OR AY.23.2 OR AY.24 OR AY.24.1 OR AY.25 OR AY.25.1 OR AY.25.1.1 OR AY.25.1.2 OR AY.25.2 OR AY.25.3 OR AY.26 OR AY.26.1 OR AY.27 OR AY.28 OR AY.29 OR AY.29.1 OR AY.29.2 OR AY.30 OR AY.31 OR AY.32 OR AY.33 OR AY.33.1 OR AY.33.2 OR AY.34 OR AY.34.1 OR AY.34.1.1 OR AY.34.2 OR AY.35 OR AY.36 OR AY.36.1 OR AY.37 OR AY.38 OR AY.39 OR AY.39.1 OR AY.39.1.1 OR AY.39.1.2 OR AY.39.1.3 OR AY.39.1.4 OR AY.39.2 OR AY.39.3 OR AY.39.4 OR AY.40 OR AY.41 OR AY.42 OR AY.42.1 OR AY.43 OR AY.43.1 OR AY.43.2 OR AY.43.3 OR AY.43.4 OR AY.43.5 OR AY.43.6 OR AY.43.7 OR AY.43.8 OR AY.43.9 OR AY.44 OR AY.45 OR AY.46 OR AY.46.1 OR AY.46.2 OR AY.46.3 OR AY.46.4 OR AY.46.5 OR AY.46.6 OR AY.46.6.1 OR AY.47 OR AY.48 OR AY.49 OR AY.50 OR AY.51 OR AY.52 OR AY.53 OR AY.54 OR AY.55 OR AY.56 OR AY.57 OR AY.58 OR AY.59 OR AY.60 OR AY.61 OR AY.62 OR AY.63 OR AY.64 OR AY.65 OR AY.66 OR AY.67 OR AY.68 OR AY.69 OR AY.70 OR AY.71 OR AY.72 OR AY.73 OR AY.74 OR AY.75 OR AY.75.1 OR AY.75.2 OR AY.75.3 OR AY.76 OR AY.77 OR AY.78 OR AY.79 OR AY.80 OR AY.81 OR AY.82 OR AY.83 OR AY.84 OR AY.85 OR AY.86 OR AY.87 OR AY.88 OR AY.89 OR AY.90 OR AY.91 OR AY.91.1 OR AY.92 OR AY.93 OR AY.94 OR AY.95 OR AY.96 OR AY.97 OR AY.98 OR AY.98.1 OR AY.98.1.1 OR AY.99 OR AY.99.1 OR AY.99.2 OR AY.100 OR AY.101 OR AY.102 OR AY.102.1 OR AY.102.2 OR AY.103 OR AY.103.1 OR AY.103.2 OR AY.104 OR AY.105 OR AY.106 OR AY.107 OR AY.108 OR AY.109 OR AY.110 OR AY.111 OR AY.112 OR AY.112.1 OR AY.112.2 OR AY.112.3 OR AY.113 OR AY.114 OR AY.115 OR AY.116 OR AY.116.1 OR AY.117 OR AY.118 OR AY.119 OR AY.119.1 OR AY.119.2 OR AY.120 OR AY.120.1 OR AY.120.2 OR AY.120.2.1 OR AY.121 OR AY.121.1 OR AY.122 OR AY.122.1 OR AY.122.2 OR AY.122.3 OR AY.122.4 OR AY.122.5 OR AY.122.6 OR AY.123 OR AY.123.1 OR AY.124 OR AY.124.1 OR AY.124.1.1 OR AY.125 OR AY.125.1 OR AY.126 OR AY.127 OR AY.127.1 OR AY.127.2 OR AY.127.3 OR AY.128 OR AY.129 OR AY.130 OR AY.131 OR AY.132 OR AY.133 OR AY.134 OR B.1.617.2,Delta,23.7142857142857,0,0
2021-01-30,32,0,29.7142857142857,0,0,1.62318612234644e-05,0.07967817381726,AY.1 OR AY.2 OR AY.3 OR AY.3.1 OR AY.3.2 OR AY.3.3 OR AY.3.4 OR AY.4 OR AY.4.1 OR AY.4.2 OR AY.4.2.1 OR AY.4.2.2 OR AY.4.2.3 OR AY.4.2.4 OR AY.4.2.5 OR AY.4.3 OR AY.4.4 OR AY.4.5 OR AY.4.6 OR AY.4.7 OR AY.4.8 OR AY.4.9 OR AY.4.10 OR AY.4.11 OR AY.4.12 OR AY.4.13 OR AY.4.14 OR AY.4.15 OR AY.4.16 OR AY.4.17 OR AY.5 OR AY.5.1 OR AY.5.2 OR AY.5.3 OR AY.5.4 OR AY.5.5 OR AY.5.6 OR AY.5.7 OR AY.6 OR AY.7 OR AY.7.1 OR AY.7.2 OR AY.8 OR AY.9 OR AY.9.1 OR AY.9.2 OR AY.9.2.1 OR AY.9.2.2 OR AY.10 OR AY.11 OR AY.12 OR AY.13 OR AY.14 OR AY.15 OR AY.16 OR AY.16.1 OR AY.17 OR AY.18 OR AY.19 OR AY.20 OR AY.20.1 OR AY.21 OR AY.22 OR AY.23 OR AY.23.1 OR AY.23.2 OR AY.24 OR AY.24.1 OR AY.25 OR AY.25.1 OR AY.25.1.1 OR AY.25.1.2 OR AY.25.2 OR AY.25.3 OR AY.26 OR AY.26.1 OR AY.27 OR AY.28 OR AY.29 OR AY.29.1 OR AY.29.2 OR AY.30 OR AY.31 OR AY.32 OR AY.33 OR AY.33.1 OR AY.33.2 OR AY.34 OR AY.34.1 OR AY.34.1.1 OR AY.34.2 OR AY.35 OR AY.36 OR AY.36.1 OR AY.37 OR AY.38 OR AY.39 OR AY.39.1 OR AY.39.1.1 OR AY.39.1.2 OR AY.39.1.3 OR AY.39.1.4 OR AY.39.2 OR AY.39.3 OR AY.39.4 OR AY.40 OR AY.41 OR AY.42 OR AY.42.1 OR AY.43 OR AY.43.1 OR AY.43.2 OR AY.43.3 OR AY.43.4 OR AY.43.5 OR AY.43.6 OR AY.43.7 OR AY.43.8 OR AY.43.9 OR AY.44 OR AY.45 OR AY.46 OR AY.46.1 OR AY.46.2 OR AY.46.3 OR AY.46.4 OR AY.46.5 OR AY.46.6 OR AY.46.6.1 OR AY.47 OR AY.48 OR AY.49 OR AY.50 OR AY.51 OR AY.52 OR AY.53 OR AY.54 OR AY.55 OR AY.56 OR AY.57 OR AY.58 OR AY.59 OR AY.60 OR AY.61 OR AY.62 OR AY.63 OR AY.64 OR AY.65 OR AY.66 OR AY.67 OR AY.68 OR AY.69 OR AY.70 OR AY.71 OR AY.72 OR AY.73 OR AY.74 OR AY.75 OR AY.75.1 OR AY.75.2 OR AY.75.3 OR AY.76 OR AY.77 OR AY.78 OR AY.79 OR AY.80 OR AY.81 OR AY.82 OR AY.83 OR AY.84 OR AY.85 OR AY.86 OR AY.87 OR AY.88 OR AY.89 OR AY.90 OR AY.91 OR AY.91.1 OR AY.92 OR AY.93 OR AY.94 OR AY.95 OR AY.96 OR AY.97 OR AY.98 OR AY.98.1 OR AY.98.1.1 OR AY.99 OR AY.99.1 OR AY.99.2 OR AY.100 OR AY.101 OR AY.102 OR AY.102.1 OR AY.102.2 OR AY.103 OR AY.103.1 OR AY.103.2 OR AY.104 OR AY.105 OR AY.106 OR AY.107 OR AY.108 OR AY.109 OR AY.110 OR AY.111 OR AY.112 OR AY.112.1 OR AY.112.2 OR AY.112.3 OR AY.113 OR AY.114 OR AY.115 OR AY.116 OR AY.116.1 OR AY.117 OR AY.118 OR AY.119 OR AY.119.1 OR AY.119.2 OR AY.120 OR AY.120.1 OR AY.120.2 OR AY.120.2.1 OR AY.121 OR AY.121.1 OR AY.122 OR AY.122.1 OR AY.122.2 OR AY.122.3 OR AY.122.4 OR AY.122.5 OR AY.122.6 OR AY.123 OR AY.123.1 OR AY.124 OR AY.124.1 OR AY.124.1.1 OR AY.125 OR AY.125.1 OR AY.126 OR AY.127 OR AY.127.1 OR AY.127.2 OR AY.127.3 OR AY.128 OR AY.129 OR AY.130 OR AY.131 OR AY.132 OR AY.133 OR AY.134 OR B.1.617.2,Delta,23.9285714285714,0,0
2021-01-31,10,0,29.5714285714286,0,0,1.62318612234644e-05,0.07967817381726,AY.1 OR AY.2 OR AY.3 OR AY.3.1 OR AY.3.2 OR AY.3.3 OR AY.3.4 OR AY.4 OR AY.4.1 OR AY.4.2 OR AY.4.2.1 OR AY.4.2.2 OR AY.4.2.3 OR AY.4.2.4 OR AY.4.2.5 OR AY.4.3 OR AY.4.4 OR AY.4.5 OR AY.4.6 OR AY.4.7 OR AY.4.8 OR AY.4.9 OR AY.4.10 OR AY.4.11 OR AY.4.12 OR AY.4.13 OR AY.4.14 OR AY.4.15 OR AY.4.16 OR AY.4.17 OR AY.5 OR AY.5.1 OR AY.5.2 OR AY.5.3 OR AY.5.4 OR AY.5.5 OR AY.5.6 OR AY.5.7 OR AY.6 OR AY.7 OR AY.7.1 OR AY.7.2 OR AY.8 OR AY.9 OR AY.9.1 OR AY.9.2 OR AY.9.2.1 OR AY.9.2.2 OR AY.10 OR AY.11 OR AY.12 OR AY.13 OR AY.14 OR AY.15 OR AY.16 OR AY.16.1 OR AY.17 OR AY.18 OR AY.19 OR AY.20 OR AY.20.1 OR AY.21 OR AY.22 OR AY.23 OR AY.23.1 OR AY.23.2 OR AY.24 OR AY.24.1 OR AY.25 OR AY.25.1 OR AY.25.1.1 OR AY.25.1.2 OR AY.25.2 OR AY.25.3 OR AY.26 OR AY.26.1 OR AY.27 OR AY.28 OR AY.29 OR AY.29.1 OR AY.29.2 OR AY.30 OR AY.31 OR AY.32 OR AY.33 OR AY.33.1 OR AY.33.2 OR AY.34 OR AY.34.1 OR AY.34.1.1 OR AY.34.2 OR AY.35 OR AY.36 OR AY.36.1 OR AY.37 OR AY.38 OR AY.39 OR AY.39.1 OR AY.39.1.1 OR AY.39.1.2 OR AY.39.1.3 OR AY.39.1.4 OR AY.39.2 OR AY.39.3 OR AY.39.4 OR AY.40 OR AY.41 OR AY.42 OR AY.42.1 OR AY.43 OR AY.43.1 OR AY.43.2 OR AY.43.3 OR AY.43.4 OR AY.43.5 OR AY.43.6 OR AY.43.7 OR AY.43.8 OR AY.43.9 OR AY.44 OR AY.45 OR AY.46 OR AY.46.1 OR AY.46.2 OR AY.46.3 OR AY.46.4 OR AY.46.5 OR AY.46.6 OR AY.46.6.1 OR AY.47 OR AY.48 OR AY.49 OR AY.50 OR AY.51 OR AY.52 OR AY.53 OR AY.54 OR AY.55 OR AY.56 OR AY.57 OR AY.58 OR AY.59 OR AY.60 OR AY.61 OR AY.62 OR AY.63 OR AY.64 OR AY.65 OR AY.66 OR AY.67 OR AY.68 OR AY.69 OR AY.70 OR AY.71 OR AY.72 OR AY.73 OR AY.74 OR AY.75 OR AY.75.1 OR AY.75.2 OR AY.75.3 OR AY.76 OR AY.77 OR AY.78 OR AY.79 OR AY.80 OR AY.81 OR AY.82 OR AY.83 OR AY.84 OR AY.85 OR AY.86 OR AY.87 OR AY.88 OR AY.89 OR AY.90 OR AY.91 OR AY.91.1 OR AY.92 OR AY.93 OR AY.94 OR AY.95 OR AY.96 OR AY.97 OR AY.98 OR AY.98.1 OR AY.98.1.1 OR AY.99 OR AY.99.1 OR AY.99.2 OR AY.100 OR AY.101 OR AY.102 OR AY.102.1 OR AY.102.2 OR AY.103 OR AY.103.1 OR AY.103.2 OR AY.104 OR AY.105 OR AY.106 OR AY.107 OR AY.108 OR AY.109 OR AY.110 OR AY.111 OR AY.112 OR AY.112.1 OR AY.112.2 OR AY.112.3 OR AY.113 OR AY.114 OR AY.115 OR AY.116 OR AY.116.1 OR AY.117 OR AY.118 OR AY.119 OR AY.119.1 OR AY.119.2 OR AY.120 OR AY.120.1 OR AY.120.2 OR AY.120.2.1 OR AY.121 OR AY.121.1 OR AY.122 OR AY.122.1 OR AY.122.2 OR AY.122.3 OR AY.122.4 OR AY.122.5 OR AY.122.6 OR AY.123 OR AY.123.1 OR AY.124 OR AY.124.1 OR AY.124.1.1 OR AY.125 OR AY.125.1 OR AY.126 OR AY.127 OR AY.127.1 OR AY.127.2 OR AY.127.3 OR AY.128 OR AY.129 OR AY.130 OR AY.131 OR AY.132 OR AY.133 OR AY.134 OR B.1.617.2,Delta,24.5714285714286,0,0
2021-02-01,40,0,30.7142857142857,0,0,1.57124795370013e-05,0.0772300356534818,AY.1 OR AY.2 OR AY.3 OR AY.3.1 OR AY.3.2 OR AY.3.3 OR AY.3.4 OR AY.4 OR AY.4.1 OR AY.4.2 OR AY.4.2.1 OR AY.4.2.2 OR AY.4.2.3 OR AY.4.2.4 OR AY.4.2.5 OR AY.4.3 OR AY.4.4 OR AY.4.5 OR AY.4.6 OR AY.4.7 OR AY.4.8 OR AY.4.9 OR AY.4.10 OR AY.4.11 OR AY.4.12 OR AY.4.13 OR AY.4.14 OR AY.4.15 OR AY.4.16 OR AY.4.17 OR AY.5 OR AY.5.1 OR AY.5.2 OR AY.5.3 OR AY.5.4 OR AY.5.5 OR AY.5.6 OR AY.5.7 OR AY.6 OR AY.7 OR AY.7.1 OR AY.7.2 OR AY.8 OR AY.9 OR AY.9.1 OR AY.9.2 OR AY.9.2.1 OR AY.9.2.2 OR AY.10 OR AY.11 OR AY.12 OR AY.13 OR AY.14 OR AY.15 OR AY.16 OR AY.16.1 OR AY.17 OR AY.18 OR AY.19 OR AY.20 OR AY.20.1 OR AY.21 OR AY.22 OR AY.23 OR AY.23.1 OR AY.23.2 OR AY.24 OR AY.24.1 OR AY.25 OR AY.25.1 OR AY.25.1.1 OR AY.25.1.2 OR AY.25.2 OR AY.25.3 OR AY.26 OR AY.26.1 OR AY.27 OR AY.28 OR AY.29 OR AY.29.1 OR AY.29.2 OR AY.30 OR AY.31 OR AY.32 OR AY.33 OR AY.33.1 OR AY.33.2 OR AY.34 OR AY.34.1 OR AY.34.1.1 OR AY.34.2 OR AY.35 OR AY.36 OR AY.36.1 OR AY.37 OR AY.38 OR AY.39 OR AY.39.1 OR AY.39.1.1 OR AY.39.1.2 OR AY.39.1.3 OR AY.39.1.4 OR AY.39.2 OR AY.39.3 OR AY.39.4 OR AY.40 OR AY.41 OR AY.42 OR AY.42.1 OR AY.43 OR AY.43.1 OR AY.43.2 OR AY.43.3 OR AY.43.4 OR AY.43.5 OR AY.43.6 OR AY.43.7 OR AY.43.8 OR AY.43.9 OR AY.44 OR AY.45 OR AY.46 OR AY.46.1 OR AY.46.2 OR AY.46.3 OR AY.46.4 OR AY.46.5 OR AY.46.6 OR AY.46.6.1 OR AY.47 OR AY.48 OR AY.49 OR AY.50 OR AY.51 OR AY.52 OR AY.53 OR AY.54 OR AY.55 OR AY.56 OR AY.57 OR AY.58 OR AY.59 OR AY.60 OR AY.61 OR AY.62 OR AY.63 OR AY.64 OR AY.65 OR AY.66 OR AY.67 OR AY.68 OR AY.69 OR AY.70 OR AY.71 OR AY.72 OR AY.73 OR AY.74 OR AY.75 OR AY.75.1 OR AY.75.2 OR AY.75.3 OR AY.76 OR AY.77 OR AY.78 OR AY.79 OR AY.80 OR AY.81 OR AY.82 OR AY.83 OR AY.84 OR AY.85 OR AY.86 OR AY.87 OR AY.88 OR AY.89 OR AY.90 OR AY.91 OR AY.91.1 OR AY.92 OR AY.93 OR AY.94 OR AY.95 OR AY.96 OR AY.97 OR AY.98 OR AY.98.1 OR AY.98.1.1 OR AY.99 OR AY.99.1 OR AY.99.2 OR AY.100 OR AY.101 OR AY.102 OR AY.102.1 OR AY.102.2 OR AY.103 OR AY.103.1 OR AY.103.2 OR AY.104 OR AY.105 OR AY.106 OR AY.107 OR AY.108 OR AY.109 OR AY.110 OR AY.111 OR AY.112 OR AY.112.1 OR AY.112.2 OR AY.112.3 OR AY.113 OR AY.114 OR AY.115 OR AY.116 OR AY.116.1 OR AY.117 OR AY.118 OR AY.119 OR AY.119.1 OR AY.119.2 OR AY.120 OR AY.120.1 OR AY.120.2 OR AY.120.2.1 OR AY.121 OR AY.121.1 OR AY.122 OR AY.122.1 OR AY.122.2 OR AY.122.3 OR AY.122.4 OR AY.122.5 OR AY.122.6 OR AY.123 OR AY.123.1 OR AY.124 OR AY.124.1 OR AY.124.1.1 OR AY.125 OR AY.125.1 OR AY.126 OR AY.127 OR AY.127.1 OR AY.127.2 OR AY.127.3 OR AY.128 OR AY.129 OR AY.130 OR AY.131 OR AY.132 OR AY.133 OR AY.134 OR B.1.617.2,Delta,27.2142857142857,0,0
2021-02-02,38,0,29.8571428571429,0,0,1.62318612234644e-05,0.07967817381726,AY.1 OR AY.2 OR AY.3 OR AY.3.1 OR AY.3.2 OR AY.3.3 OR AY.3.4 OR AY.4 OR AY.4.1 OR AY.4.2 OR AY.4.2.1 OR AY.4.2.2 OR AY.4.2.3 OR AY.4.2.4 OR AY.4.2.5 OR AY.4.3 OR AY.4.4 OR AY.4.5 OR AY.4.6 OR AY.4.7 OR AY.4.8 OR AY.4.9 OR AY.4.10 OR AY.4.11 OR AY.4.12 OR AY.4.13 OR AY.4.14 OR AY.4.15 OR AY.4.16 OR AY.4.17 OR AY.5 OR AY.5.1 OR AY.5.2 OR AY.5.3 OR AY.5.4 OR AY.5.5 OR AY.5.6 OR AY.5.7 OR AY.6 OR AY.7 OR AY.7.1 OR AY.7.2 OR AY.8 OR AY.9 OR AY.9.1 OR AY.9.2 OR AY.9.2.1 OR AY.9.2.2 OR AY.10 OR AY.11 OR AY.12 OR AY.13 OR AY.14 OR AY.15 OR AY.16 OR AY.16.1 OR AY.17 OR AY.18 OR AY.19 OR AY.20 OR AY.20.1 OR AY.21 OR AY.22 OR AY.23 OR AY.23.1 OR AY.23.2 OR AY.24 OR AY.24.1 OR AY.25 OR AY.25.1 OR AY.25.1.1 OR AY.25.1.2 OR AY.25.2 OR AY.25.3 OR AY.26 OR AY.26.1 OR AY.27 OR AY.28 OR AY.29 OR AY.29.1 OR AY.29.2 OR AY.30 OR AY.31 OR AY.32 OR AY.33 OR AY.33.1 OR AY.33.2 OR AY.34 OR AY.34.1 OR AY.34.1.1 OR AY.34.2 OR AY.35 OR AY.36 OR AY.36.1 OR AY.37 OR AY.38 OR AY.39 OR AY.39.1 OR AY.39.1.1 OR AY.39.1.2 OR AY.39.1.3 OR AY.39.1.4 OR AY.39.2 OR AY.39.3 OR AY.39.4 OR AY.40 OR AY.41 OR AY.42 OR AY.42.1 OR AY.43 OR AY.43.1 OR AY.43.2 OR AY.43.3 OR AY.43.4 OR AY.43.5 OR AY.43.6 OR AY.43.7 OR AY.43.8 OR AY.43.9 OR AY.44 OR AY.45 OR AY.46 OR AY.46.1 OR AY.46.2 OR AY.46.3 OR AY.46.4 OR AY.46.5 OR AY.46.6 OR AY.46.6.1 OR AY.47 OR AY.48 OR AY.49 OR AY.50 OR AY.51 OR AY.52 OR AY.53 OR AY.54 OR AY.55 OR AY.56 OR AY.57 OR AY.58 OR AY.59 OR AY.60 OR AY.61 OR AY.62 OR AY.63 OR AY.64 OR AY.65 OR AY.66 OR AY.67 OR AY.68 OR AY.69 OR AY.70 OR AY.71 OR AY.72 OR AY.73 OR AY.74 OR AY.75 OR AY.75.1 OR AY.75.2 OR AY.75.3 OR AY.76 OR AY.77 OR AY.78 OR AY.79 OR AY.80 OR AY.81 OR AY.82 OR AY.83 OR AY.84 OR AY.85 OR AY.86 OR AY.87 OR AY.88 OR AY.89 OR AY.90 OR AY.91 OR AY.91.1 OR AY.92 OR AY.93 OR AY.94 OR AY.95 OR AY.96 OR AY.97 OR AY.98 OR AY.98.1 OR AY.98.1.1 OR AY.99 OR AY.99.1 OR AY.99.2 OR AY.100 OR AY.101 OR AY.102 OR AY.102.1 OR AY.102.2 OR AY.103 OR AY.103.1 OR AY.103.2 OR AY.104 OR AY.105 OR AY.106 OR AY.107 OR AY.108 OR AY.109 OR AY.110 OR AY.111 OR AY.112 OR AY.112.1 OR AY.112.2 OR AY.112.3 OR AY.113 OR AY.114 OR AY.115 OR AY.116 OR AY.116.1 OR AY.117 OR AY.118 OR AY.119 OR AY.119.1 OR AY.119.2 OR AY.120 OR AY.120.1 OR AY.120.2 OR AY.120.2.1 OR AY.121 OR AY.121.1 OR AY.122 OR AY.122.1 OR AY.122.2 OR AY.122.3 OR AY.122.4 OR AY.122.5 OR AY.122.6 OR AY.123 OR AY.123.1 OR AY.124 OR AY.124.1 OR AY.124.1.1 OR AY.125 OR AY.125.1 OR AY.126 OR AY.127 OR AY.127.1 OR AY.127.2 OR AY.127.3 OR AY.128 OR AY.129 OR AY.130 OR AY.131 OR AY.132 OR AY.133 OR AY.134 OR B.1.617.2,Delta,28.1428571428571,0,0
2021-02-03,39,0,31.8571428571429,0,0,1.52253043245215e-05,0.0749277634292839,AY.1 OR AY.2 OR AY.3 OR AY.3.1 OR AY.3.2 OR AY.3.3 OR AY.3.4 OR AY.4 OR AY.4.1 OR AY.4.2 OR AY.4.2.1 OR AY.4.2.2 OR AY.4.2.3 OR AY.4.2.4 OR AY.4.2.5 OR AY.4.3 OR AY.4.4 OR AY.4.5 OR AY.4.6 OR AY.4.7 OR AY.4.8 OR AY.4.9 OR AY.4.10 OR AY.4.11 OR AY.4.12 OR AY.4.13 OR AY.4.14 OR AY.4.15 OR AY.4.16 OR AY.4.17 OR AY.5 OR AY.5.1 OR AY.5.2 OR AY.5.3 OR AY.5.4 OR AY.5.5 OR AY.5.6 OR AY.5.7 OR AY.6 OR AY.7 OR AY.7.1 OR AY.7.2 OR AY.8 OR AY.9 OR AY.9.1 OR AY.9.2 OR AY.9.2.1 OR AY.9.2.2 OR AY.10 OR AY.11 OR AY.12 OR AY.13 OR AY.14 OR AY.15 OR AY.16 OR AY.16.1 OR AY.17 OR AY.18 OR AY.19 OR AY.20 OR AY.20.1 OR AY.21 OR AY.22 OR AY.23 OR AY.23.1 OR AY.23.2 OR AY.24 OR AY.24.1 OR AY.25 OR AY.25.1 OR AY.25.1.1 OR AY.25.1.2 OR AY.25.2 OR AY.25.3 OR AY.26 OR AY.26.1 OR AY.27 OR AY.28 OR AY.29 OR AY.29.1 OR AY.29.2 OR AY.30 OR AY.31 OR AY.32 OR AY.33 OR AY.33.1 OR AY.33.2 OR AY.34 OR AY.34.1 OR AY.34.1.1 OR AY.34.2 OR AY.35 OR AY.36 OR AY.36.1 OR AY.37 OR AY.38 OR AY.39 OR AY.39.1 OR AY.39.1.1 OR AY.39.1.2 OR AY.39.1.3 OR AY.39.1.4 OR AY.39.2 OR AY.39.3 OR AY.39.4 OR AY.40 OR AY.41 OR AY.42 OR AY.42.1 OR AY.43 OR AY.43.1 OR AY.43.2 OR AY.43.3 OR AY.43.4 OR AY.43.5 OR AY.43.6 OR AY.43.7 OR AY.43.8 OR AY.43.9 OR AY.44 OR AY.45 OR AY.46 OR AY.46.1 OR AY.46.2 OR AY.46.3 OR AY.46.4 OR AY.46.5 OR AY.46.6 OR AY.46.6.1 OR AY.47 OR AY.48 OR AY.49 OR AY.50 OR AY.51 OR AY.52 OR AY.53 OR AY.54 OR AY.55 OR AY.56 OR AY.57 OR AY.58 OR AY.59 OR AY.60 OR AY.61 OR AY.62 OR AY.63 OR AY.64 OR AY.65 OR AY.66 OR AY.67 OR AY.68 OR AY.69 OR AY.70 OR AY.71 OR AY.72 OR AY.73 OR AY.74 OR AY.75 OR AY.75.1 OR AY.75.2 OR AY.75.3 OR AY.76 OR AY.77 OR AY.78 OR AY.79 OR AY.80 OR AY.81 OR AY.82 OR AY.83 OR AY.84 OR AY.85 OR AY.86 OR AY.87 OR AY.88 OR AY.89 OR AY.90 OR AY.91 OR AY.91.1 OR AY.92 OR AY.93 OR AY.94 OR AY.95 OR AY.96 OR AY.97 OR AY.98 OR AY.98.1 OR AY.98.1.1 OR AY.99 OR AY.99.1 OR AY.99.2 OR AY.100 OR AY.101 OR AY.102 OR AY.102.1 OR AY.102.2 OR AY.103 OR AY.103.1 OR AY.103.2 OR AY.104 OR AY.105 OR AY.106 OR AY.107 OR AY.108 OR AY.109 OR AY.110 OR AY.111 OR AY.112 OR AY.112.1 OR AY.112.2 OR AY.112.3 OR AY.113 OR AY.114 OR AY.115 OR AY.116 OR AY.116.1 OR AY.117 OR AY.118 OR AY.119 OR AY.119.1 OR AY.119.2 OR AY.120 OR AY.120.1 OR AY.120.2 OR AY.120.2.1 OR AY.121 OR AY.121.1 OR AY.122 OR AY.122.1 OR AY.122.2 OR AY.122.3 OR AY.122.4 OR AY.122.5 OR AY.122.6 OR AY.123 OR AY.123.1 OR AY.124 OR AY.124.1 OR AY.124.1.1 OR AY.125 OR AY.125.1 OR AY.126 OR AY.127 OR AY.127.1 OR AY.127.2 OR AY.127.3 OR AY.128 OR AY.129 OR AY.130 OR AY.131 OR AY.132 OR AY.133 OR AY.134 OR B.1.617.2,Delta,27.0714285714286,0,0
2021-02-04,28,0,31.7142857142857,0,0,1.52253043245215e-05,0.0749277634292839,AY.1 OR AY.2 OR AY.3 OR AY.3.1 OR AY.3.2 OR AY.3.3 OR AY.3.4 OR AY.4 OR AY.4.1 OR AY.4.2 OR AY.4.2.1 OR AY.4.2.2 OR AY.4.2.3 OR AY.4.2.4 OR AY.4.2.5 OR AY.4.3 OR AY.4.4 OR AY.4.5 OR AY.4.6 OR AY.4.7 OR AY.4.8 OR AY.4.9 OR AY.4.10 OR AY.4.11 OR AY.4.12 OR AY.4.13 OR AY.4.14 OR AY.4.15 OR AY.4.16 OR AY.4.17 OR AY.5 OR AY.5.1 OR AY.5.2 OR AY.5.3 OR AY.5.4 OR AY.5.5 OR AY.5.6 OR AY.5.7 OR AY.6 OR AY.7 OR AY.7.1 OR AY.7.2 OR AY.8 OR AY.9 OR AY.9.1 OR AY.9.2 OR AY.9.2.1 OR AY.9.2.2 OR AY.10 OR AY.11 OR AY.12 OR AY.13 OR AY.14 OR AY.15 OR AY.16 OR AY.16.1 OR AY.17 OR AY.18 OR AY.19 OR AY.20 OR AY.20.1 OR AY.21 OR AY.22 OR AY.23 OR AY.23.1 OR AY.23.2 OR AY.24 OR AY.24.1 OR AY.25 OR AY.25.1 OR AY.25.1.1 OR AY.25.1.2 OR AY.25.2 OR AY.25.3 OR AY.26 OR AY.26.1 OR AY.27 OR AY.28 OR AY.29 OR AY.29.1 OR AY.29.2 OR AY.30 OR AY.31 OR AY.32 OR AY.33 OR AY.33.1 OR AY.33.2 OR AY.34 OR AY.34.1 OR AY.34.1.1 OR AY.34.2 OR AY.35 OR AY.36 OR AY.36.1 OR AY.37 OR AY.38 OR AY.39 OR AY.39.1 OR AY.39.1.1 OR AY.39.1.2 OR AY.39.1.3 OR AY.39.1.4 OR AY.39.2 OR AY.39.3 OR AY.39.4 OR AY.40 OR AY.41 OR AY.42 OR AY.42.1 OR AY.43 OR AY.43.1 OR AY.43.2 OR AY.43.3 OR AY.43.4 OR AY.43.5 OR AY.43.6 OR AY.43.7 OR AY.43.8 OR AY.43.9 OR AY.44 OR AY.45 OR AY.46 OR AY.46.1 OR AY.46.2 OR AY.46.3 OR AY.46.4 OR AY.46.5 OR AY.46.6 OR AY.46.6.1 OR AY.47 OR AY.48 OR AY.49 OR AY.50 OR AY.51 OR AY.52 OR AY.53 OR AY.54 OR AY.55 OR AY.56 OR AY.57 OR AY.58 OR AY.59 OR AY.60 OR AY.61 OR AY.62 OR AY.63 OR AY.64 OR AY.65 OR AY.66 OR AY.67 OR AY.68 OR AY.69 OR AY.70 OR AY.71 OR AY.72 OR AY.73 OR AY.74 OR AY.75 OR AY.75.1 OR AY.75.2 OR AY.75.3 OR AY.76 OR AY.77 OR AY.78 OR AY.79 OR AY.80 OR AY.81 OR AY.82 OR AY.83 OR AY.84 OR AY.85 OR AY.86 OR AY.87 OR AY.88 OR AY.89 OR AY.90 OR AY.91 OR AY.91.1 OR AY.92 OR AY.93 OR AY.94 OR AY.95 OR AY.96 OR AY.97 OR AY.98 OR AY.98.1 OR AY.98.1.1 OR AY.99 OR AY.99.1 OR AY.99.2 OR AY.100 OR AY.101 OR AY.102 OR AY.102.1 OR AY.102.2 OR AY.103 OR AY.103.1 OR AY.103.2 OR AY.104 OR AY.105 OR AY.106 OR AY.107 OR AY.108 OR AY.109 OR AY.110 OR AY.111 OR AY.112 OR AY.112.1 OR AY.112.2 OR AY.112.3 OR AY.113 OR AY.114 OR AY.115 OR AY.116 OR AY.116.1 OR AY.117 OR AY.118 OR AY.119 OR AY.119.1 OR AY.119.2 OR AY.120 OR AY.120.1 OR AY.120.2 OR AY.120.2.1 OR AY.121 OR AY.121.1 OR AY.122 OR AY.122.1 OR AY.122.2 OR AY.122.3 OR AY.122.4 OR AY.122.5 OR AY.122.6 OR AY.123 OR AY.123.1 OR AY.124 OR AY.124.1 OR AY.124.1.1 OR AY.125 OR AY.125.1 OR AY.126 OR AY.127 OR AY.127.1 OR AY.127.2 OR AY.127.3 OR AY.128 OR AY.129 OR AY.130 OR AY.131 OR AY.132 OR AY.133 OR AY.134 OR B.1.617.2,Delta,27,0,0
2021-02-05,15,0,28.8571428571429,0,0,1.67867521247904e-05,0.0822864829238237,AY.1 OR AY.2 OR AY.3 OR AY.3.1 OR AY.3.2 OR AY.3.3 OR AY.3.4 OR AY.4 OR AY.4.1 OR AY.4.2 OR AY.4.2.1 OR AY.4.2.2 OR AY.4.2.3 OR AY.4.2.4 OR AY.4.2.5 OR AY.4.3 OR AY.4.4 OR AY.4.5 OR AY.4.6 OR AY.4.7 OR AY.4.8 OR AY.4.9 OR AY.4.10 OR AY.4.11 OR AY.4.12 OR AY.4.13 OR AY.4.14 OR AY.4.15 OR AY.4.16 OR AY.4.17 OR AY.5 OR AY.5.1 OR AY.5.2 OR AY.5.3 OR AY.5.4 OR AY.5.5 OR AY.5.6 OR AY.5.7 OR AY.6 OR AY.7 OR AY.7.1 OR AY.7.2 OR AY.8 OR AY.9 OR AY.9.1 OR AY.9.2 OR AY.9.2.1 OR AY.9.2.2 OR AY.10 OR AY.11 OR AY.12 OR AY.13 OR AY.14 OR AY.15 OR AY.16 OR AY.16.1 OR AY.17 OR AY.18 OR AY.19 OR AY.20 OR AY.20.1 OR AY.21 OR AY.22 OR AY.23 OR AY.23.1 OR AY.23.2 OR AY.24 OR AY.24.1 OR AY.25 OR AY.25.1 OR AY.25.1.1 OR AY.25.1.2 OR AY.25.2 OR AY.25.3 OR AY.26 OR AY.26.1 OR AY.27 OR AY.28 OR AY.29 OR AY.29.1 OR AY.29.2 OR AY.30 OR AY.31 OR AY.32 OR AY.33 OR AY.33.1 OR AY.33.2 OR AY.34 OR AY.34.1 OR AY.34.1.1 OR AY.34.2 OR AY.35 OR AY.36 OR AY.36.1 OR AY.37 OR AY.38 OR AY.39 OR AY.39.1 OR AY.39.1.1 OR AY.39.1.2 OR AY.39.1.3 OR AY.39.1.4 OR AY.39.2 OR AY.39.3 OR AY.39.4 OR AY.40 OR AY.41 OR AY.42 OR AY.42.1 OR AY.43 OR AY.43.1 OR AY.43.2 OR AY.43.3 OR AY.43.4 OR AY.43.5 OR AY.43.6 OR AY.43.7 OR AY.43.8 OR AY.43.9 OR AY.44 OR AY.45 OR AY.46 OR AY.46.1 OR AY.46.2 OR AY.46.3 OR AY.46.4 OR AY.46.5 OR AY.46.6 OR AY.46.6.1 OR AY.47 OR AY.48 OR AY.49 OR AY.50 OR AY.51 OR AY.52 OR AY.53 OR AY.54 OR AY.55 OR AY.56 OR AY.57 OR AY.58 OR AY.59 OR AY.60 OR AY.61 OR AY.62 OR AY.63 OR AY.64 OR AY.65 OR AY.66 OR AY.67 OR AY.68 OR AY.69 OR AY.70 OR AY.71 OR AY.72 OR AY.73 OR AY.74 OR AY.75 OR AY.75.1 OR AY.75.2 OR AY.75.3 OR AY.76 OR AY.77 OR AY.78 OR AY.79 OR AY.80 OR AY.81 OR AY.82 OR AY.83 OR AY.84 OR AY.85 OR AY.86 OR AY.87 OR AY.88 OR AY.89 OR AY.90 OR AY.91 OR AY.91.1 OR AY.92 OR AY.93 OR AY.94 OR AY.95 OR AY.96 OR AY.97 OR AY.98 OR AY.98.1 OR AY.98.1.1 OR AY.99 OR AY.99.1 OR AY.99.2 OR AY.100 OR AY.101 OR AY.102 OR AY.102.1 OR AY.102.2 OR AY.103 OR AY.103.1 OR AY.103.2 OR AY.104 OR AY.105 OR AY.106 OR AY.107 OR AY.108 OR AY.109 OR AY.110 OR AY.111 OR AY.112 OR AY.112.1 OR AY.112.2 OR AY.112.3 OR AY.113 OR AY.114 OR AY.115 OR AY.116 OR AY.116.1 OR AY.117 OR AY.118 OR AY.119 OR AY.119.1 OR AY.119.2 OR AY.120 OR AY.120.1 OR AY.120.2 OR AY.120.2.1 OR AY.121 OR AY.121.1 OR AY.122 OR AY.122.1 OR AY.122.2 OR AY.122.3 OR AY.122.4 OR AY.122.5 OR AY.122.6 OR AY.123 OR AY.123.1 OR AY.124 OR AY.124.1 OR AY.124.1.1 OR AY.125 OR AY.125.1 OR AY.126 OR AY.127 OR AY.127.1 OR AY.127.2 OR AY.127.3 OR AY.128 OR AY.129 OR AY.130 OR AY.131 OR AY.132 OR AY.133 OR AY.134 OR B.1.617.2,Delta,27.1428571428571,0,0
2021-02-06,15,0,26.4285714285714,0,0,1.87050550662591e-05,0.0912465634089562,AY.1 OR AY.2 OR AY.3 OR AY.3.1 OR AY.3.2 OR AY.3.3 OR AY.3.4 OR AY.4 OR AY.4.1 OR AY.4.2 OR AY.4.2.1 OR AY.4.2.2 OR AY.4.2.3 OR AY.4.2.4 OR AY.4.2.5 OR AY.4.3 OR AY.4.4 OR AY.4.5 OR AY.4.6 OR AY.4.7 OR AY.4.8 OR AY.4.9 OR AY.4.10 OR AY.4.11 OR AY.4.12 OR AY.4.13 OR AY.4.14 OR AY.4.15 OR AY.4.16 OR AY.4.17 OR AY.5 OR AY.5.1 OR AY.5.2 OR AY.5.3 OR AY.5.4 OR AY.5.5 OR AY.5.6 OR AY.5.7 OR AY.6 OR AY.7 OR AY.7.1 OR AY.7.2 OR AY.8 OR AY.9 OR AY.9.1 OR AY.9.2 OR AY.9.2.1 OR AY.9.2.2 OR AY.10 OR AY.11 OR AY.12 OR AY.13 OR AY.14 OR AY.15 OR AY.16 OR AY.16.1 OR AY.17 OR AY.18 OR AY.19 OR AY.20 OR AY.20.1 OR AY.21 OR AY.22 OR AY.23 OR AY.23.1 OR AY.23.2 OR AY.24 OR AY.24.1 OR AY.25 OR AY.25.1 OR AY.25.1.1 OR AY.25.1.2 OR AY.25.2 OR AY.25.3 OR AY.26 OR AY.26.1 OR AY.27 OR AY.28 OR AY.29 OR AY.29.1 OR AY.29.2 OR AY.30 OR AY.31 OR AY.32 OR AY.33 OR AY.33.1 OR AY.33.2 OR AY.34 OR AY.34.1 OR AY.34.1.1 OR AY.34.2 OR AY.35 OR AY.36 OR AY.36.1 OR AY.37 OR AY.38 OR AY.39 OR AY.39.1 OR AY.39.1.1 OR AY.39.1.2 OR AY.39.1.3 OR AY.39.1.4 OR AY.39.2 OR AY.39.3 OR AY.39.4 OR AY.40 OR AY.41 OR AY.42 OR AY.42.1 OR AY.43 OR AY.43.1 OR AY.43.2 OR AY.43.3 OR AY.43.4 OR AY.43.5 OR AY.43.6 OR AY.43.7 OR AY.43.8 OR AY.43.9 OR AY.44 OR AY.45 OR AY.46 OR AY.46.1 OR AY.46.2 OR AY.46.3 OR AY.46.4 OR AY.46.5 OR AY.46.6 OR AY.46.6.1 OR AY.47 OR AY.48 OR AY.49 OR AY.50 OR AY.51 OR AY.52 OR AY.53 OR AY.54 OR AY.55 OR AY.56 OR AY.57 OR AY.58 OR AY.59 OR AY.60 OR AY.61 OR AY.62 OR AY.63 OR AY.64 OR AY.65 OR AY.66 OR AY.67 OR AY.68 OR AY.69 OR AY.70 OR AY.71 OR AY.72 OR AY.73 OR AY.74 OR AY.75 OR AY.75.1 OR AY.75.2 OR AY.75.3 OR AY.76 OR AY.77 OR AY.78 OR AY.79 OR AY.80 OR AY.81 OR AY.82 OR AY.83 OR AY.84 OR AY.85 OR AY.86 OR AY.87 OR AY.88 OR AY.89 OR AY.90 OR AY.91 OR AY.91.1 OR AY.92 OR AY.93 OR AY.94 OR AY.95 OR AY.96 OR AY.97 OR AY.98 OR AY.98.1 OR AY.98.1.1 OR AY.99 OR AY.99.1 OR AY.99.2 OR AY.100 OR AY.101 OR AY.102 OR AY.102.1 OR AY.102.2 OR AY.103 OR AY.103.1 OR AY.103.2 OR AY.104 OR AY.105 OR AY.106 OR AY.107 OR AY.108 OR AY.109 OR AY.110 OR AY.111 OR AY.112 OR AY.112.1 OR AY.112.2 OR AY.112.3 OR AY.113 OR AY.114 OR AY.115 OR AY.116 OR AY.116.1 OR AY.117 OR AY.118 OR AY.119 OR AY.119.1 OR AY.119.2 OR AY.120 OR AY.120.1 OR AY.120.2 OR AY.120.2.1 OR AY.121 OR AY.121.1 OR AY.122 OR AY.122.1 OR AY.122.2 OR AY.122.3 OR AY.122.4 OR AY.122.5 OR AY.122.6 OR AY.123 OR AY.123.1 OR AY.124 OR AY.124.1 OR AY.124.1.1 OR AY.125 OR AY.125.1 OR AY.126 OR AY.127 OR AY.127.1 OR AY.127.2 OR AY.127.3 OR AY.128 OR AY.129 OR AY.130 OR AY.131 OR AY.132 OR AY.133 OR AY.134 OR B.1.617.2,Delta,28.0714285714286,0,0
2021-02-07,10,0,26.4285714285714,0,0,1.87050550662591e-05,0.0912465634089562,AY.1 OR AY.2 OR AY.3 OR AY.3.1 OR AY.3.2 OR AY.3.3 OR AY.3.4 OR AY.4 OR AY.4.1 OR AY.4.2 OR AY.4.2.1 OR AY.4.2.2 OR AY.4.2.3 OR AY.4.2.4 OR AY.4.2.5 OR AY.4.3 OR AY.4.4 OR AY.4.5 OR AY.4.6 OR AY.4.7 OR AY.4.8 OR AY.4.9 OR AY.4.10 OR AY.4.11 OR AY.4.12 OR AY.4.13 OR AY.4.14 OR AY.4.15 OR AY.4.16 OR AY.4.17 OR AY.5 OR AY.5.1 OR AY.5.2 OR AY.5.3 OR AY.5.4 OR AY.5.5 OR AY.5.6 OR AY.5.7 OR AY.6 OR AY.7 OR AY.7.1 OR AY.7.2 OR AY.8 OR AY.9 OR AY.9.1 OR AY.9.2 OR AY.9.2.1 OR AY.9.2.2 OR AY.10 OR AY.11 OR AY.12 OR AY.13 OR AY.14 OR AY.15 OR AY.16 OR AY.16.1 OR AY.17 OR AY.18 OR AY.19 OR AY.20 OR AY.20.1 OR AY.21 OR AY.22 OR AY.23 OR AY.23.1 OR AY.23.2 OR AY.24 OR AY.24.1 OR AY.25 OR AY.25.1 OR AY.25.1.1 OR AY.25.1.2 OR AY.25.2 OR AY.25.3 OR AY.26 OR AY.26.1 OR AY.27 OR AY.28 OR AY.29 OR AY.29.1 OR AY.29.2 OR AY.30 OR AY.31 OR AY.32 OR AY.33 OR AY.33.1 OR AY.33.2 OR AY.34 OR AY.34.1 OR AY.34.1.1 OR AY.34.2 OR AY.35 OR AY.36 OR AY.36.1 OR AY.37 OR AY.38 OR AY.39 OR AY.39.1 OR AY.39.1.1 OR AY.39.1.2 OR AY.39.1.3 OR AY.39.1.4 OR AY.39.2 OR AY.39.3 OR AY.39.4 OR AY.40 OR AY.41 OR AY.42 OR AY.42.1 OR AY.43 OR AY.43.1 OR AY.43.2 OR AY.43.3 OR AY.43.4 OR AY.43.5 OR AY.43.6 OR AY.43.7 OR AY.43.8 OR AY.43.9 OR AY.44 OR AY.45 OR AY.46 OR AY.46.1 OR AY.46.2 OR AY.46.3 OR AY.46.4 OR AY.46.5 OR AY.46.6 OR AY.46.6.1 OR AY.47 OR AY.48 OR AY.49 OR AY.50 OR AY.51 OR AY.52 OR AY.53 OR AY.54 OR AY.55 OR AY.56 OR AY.57 OR AY.58 OR AY.59 OR AY.60 OR AY.61 OR AY.62 OR AY.63 OR AY.64 OR AY.65 OR AY.66 OR AY.67 OR AY.68 OR AY.69 OR AY.70 OR AY.71 OR AY.72 OR AY.73 OR AY.74 OR AY.75 OR AY.75.1 OR AY.75.2 OR AY.75.3 OR AY.76 OR AY.77 OR AY.78 OR AY.79 OR AY.80 OR AY.81 OR AY.82 OR AY.83 OR AY.84 OR AY.85 OR AY.86 OR AY.87 OR AY.88 OR AY.89 OR AY.90 OR AY.91 OR AY.91.1 OR AY.92 OR AY.93 OR AY.94 OR AY.95 OR AY.96 OR AY.97 OR AY.98 OR AY.98.1 OR AY.98.1.1 OR AY.99 OR AY.99.1 OR AY.99.2 OR AY.100 OR AY.101 OR AY.102 OR AY.102.1 OR AY.102.2 OR AY.103 OR AY.103.1 OR AY.103.2 OR AY.104 OR AY.105 OR AY.106 OR AY.107 OR AY.108 OR AY.109 OR AY.110 OR AY.111 OR AY.112 OR AY.112.1 OR AY.112.2 OR AY.112.3 OR AY.113 OR AY.114 OR AY.115 OR AY.116 OR AY.116.1 OR AY.117 OR AY.118 OR AY.119 OR AY.119.1 OR AY.119.2 OR AY.120 OR AY.120.1 OR AY.120.2 OR AY.120.2.1 OR AY.121 OR AY.121.1 OR AY.122 OR AY.122.1 OR AY.122.2 OR AY.122.3 OR AY.122.4 OR AY.122.5 OR AY.122.6 OR AY.123 OR AY.123.1 OR AY.124 OR AY.124.1 OR AY.124.1.1 OR AY.125 OR AY.125.1 OR AY.126 OR AY.127 OR AY.127.1 OR AY.127.2 OR AY.127.3 OR AY.128 OR AY.129 OR AY.130 OR AY.131 OR AY.132 OR AY.133 OR AY.134 OR B.1.617.2,Delta,28,0,0
2021-02-08,71,0,30.8571428571429,0,0,1.57124795370013e-05,0.0772300356534818,AY.1 OR AY.2 OR AY.3 OR AY.3.1 OR AY.3.2 OR AY.3.3 OR AY.3.4 OR AY.4 OR AY.4.1 OR AY.4.2 OR AY.4.2.1 OR AY.4.2.2 OR AY.4.2.3 OR AY.4.2.4 OR AY.4.2.5 OR AY.4.3 OR AY.4.4 OR AY.4.5 OR AY.4.6 OR AY.4.7 OR AY.4.8 OR AY.4.9 OR AY.4.10 OR AY.4.11 OR AY.4.12 OR AY.4.13 OR AY.4.14 OR AY.4.15 OR AY.4.16 OR AY.4.17 OR AY.5 OR AY.5.1 OR AY.5.2 OR AY.5.3 OR AY.5.4 OR AY.5.5 OR AY.5.6 OR AY.5.7 OR AY.6 OR AY.7 OR AY.7.1 OR AY.7.2 OR AY.8 OR AY.9 OR AY.9.1 OR AY.9.2 OR AY.9.2.1 OR AY.9.2.2 OR AY.10 OR AY.11 OR AY.12 OR AY.13 OR AY.14 OR AY.15 OR AY.16 OR AY.16.1 OR AY.17 OR AY.18 OR AY.19 OR AY.20 OR AY.20.1 OR AY.21 OR AY.22 OR AY.23 OR AY.23.1 OR AY.23.2 OR AY.24 OR AY.24.1 OR AY.25 OR AY.25.1 OR AY.25.1.1 OR AY.25.1.2 OR AY.25.2 OR AY.25.3 OR AY.26 OR AY.26.1 OR AY.27 OR AY.28 OR AY.29 OR AY.29.1 OR AY.29.2 OR AY.30 OR AY.31 OR AY.32 OR AY.33 OR AY.33.1 OR AY.33.2 OR AY.34 OR AY.34.1 OR AY.34.1.1 OR AY.34.2 OR AY.35 OR AY.36 OR AY.36.1 OR AY.37 OR AY.38 OR AY.39 OR AY.39.1 OR AY.39.1.1 OR AY.39.1.2 OR AY.39.1.3 OR AY.39.1.4 OR AY.39.2 OR AY.39.3 OR AY.39.4 OR AY.40 OR AY.41 OR AY.42 OR AY.42.1 OR AY.43 OR AY.43.1 OR AY.43.2 OR AY.43.3 OR AY.43.4 OR AY.43.5 OR AY.43.6 OR AY.43.7 OR AY.43.8 OR AY.43.9 OR AY.44 OR AY.45 OR AY.46 OR AY.46.1 OR AY.46.2 OR AY.46.3 OR AY.46.4 OR AY.46.5 OR AY.46.6 OR AY.46.6.1 OR AY.47 OR AY.48 OR AY.49 OR AY.50 OR AY.51 OR AY.52 OR AY.53 OR AY.54 OR AY.55 OR AY.56 OR AY.57 OR AY.58 OR AY.59 OR AY.60 OR AY.61 OR AY.62 OR AY.63 OR AY.64 OR AY.65 OR AY.66 OR AY.67 OR AY.68 OR AY.69 OR AY.70 OR AY.71 OR AY.72 OR AY.73 OR AY.74 OR AY.75 OR AY.75.1 OR AY.75.2 OR AY.75.3 OR AY.76 OR AY.77 OR AY.78 OR AY.79 OR AY.80 OR AY.81 OR AY.82 OR AY.83 OR AY.84 OR AY.85 OR AY.86 OR AY.87 OR AY.88 OR AY.89 OR AY.90 OR AY.91 OR AY.91.1 OR AY.92 OR AY.93 OR AY.94 OR AY.95 OR AY.96 OR AY.97 OR AY.98 OR AY.98.1 OR AY.98.1.1 OR AY.99 OR AY.99.1 OR AY.99.2 OR AY.100 OR AY.101 OR AY.102 OR AY.102.1 OR AY.102.2 OR AY.103 OR AY.103.1 OR AY.103.2 OR AY.104 OR AY.105 OR AY.106 OR AY.107 OR AY.108 OR AY.109 OR AY.110 OR AY.111 OR AY.112 OR AY.112.1 OR AY.112.2 OR AY.112.3 OR AY.113 OR AY.114 OR AY.115 OR AY.116 OR AY.116.1 OR AY.117 OR AY.118 OR AY.119 OR AY.119.1 OR AY.119.2 OR AY.120 OR AY.120.1 OR AY.120.2 OR AY.120.2.1 OR AY.121 OR AY.121.1 OR AY.122 OR AY.122.1 OR AY.122.2 OR AY.122.3 OR AY.122.4 OR AY.122.5 OR AY.122.6 OR AY.123 OR AY.123.1 OR AY.124 OR AY.124.1 OR AY.124.1.1 OR AY.125 OR AY.125.1 OR AY.126 OR AY.127 OR AY.127.1 OR AY.127.2 OR AY.127.3 OR AY.128 OR AY.129 OR AY.130 OR AY.131 OR AY.132 OR AY.133 OR AY.134 OR B.1.617.2,Delta,30.7857142857143,0,0
2021-02-09,49,0,32.4285714285714,0,0,1.52253043245215e-05,0.0749277634292839,AY.1 OR AY.2 OR AY.3 OR AY.3.1 OR AY.3.2 OR AY.3.3 OR AY.3.4 OR AY.4 OR AY.4.1 OR AY.4.2 OR AY.4.2.1 OR AY.4.2.2 OR AY.4.2.3 OR AY.4.2.4 OR AY.4.2.5 OR AY.4.3 OR AY.4.4 OR AY.4.5 OR AY.4.6 OR AY.4.7 OR AY.4.8 OR AY.4.9 OR AY.4.10 OR AY.4.11 OR AY.4.12 OR AY.4.13 OR AY.4.14 OR AY.4.15 OR AY.4.16 OR AY.4.17 OR AY.5 OR AY.5.1 OR AY.5.2 OR AY.5.3 OR AY.5.4 OR AY.5.5 OR AY.5.6 OR AY.5.7 OR AY.6 OR AY.7 OR AY.7.1 OR AY.7.2 OR AY.8 OR AY.9 OR AY.9.1 OR AY.9.2 OR AY.9.2.1 OR AY.9.2.2 OR AY.10 OR AY.11 OR AY.12 OR AY.13 OR AY.14 OR AY.15 OR AY.16 OR AY.16.1 OR AY.17 OR AY.18 OR AY.19 OR AY.20 OR AY.20.1 OR AY.21 OR AY.22 OR AY.23 OR AY.23.1 OR AY.23.2 OR AY.24 OR AY.24.1 OR AY.25 OR AY.25.1 OR AY.25.1.1 OR AY.25.1.2 OR AY.25.2 OR AY.25.3 OR AY.26 OR AY.26.1 OR AY.27 OR AY.28 OR AY.29 OR AY.29.1 OR AY.29.2 OR AY.30 OR AY.31 OR AY.32 OR AY.33 OR AY.33.1 OR AY.33.2 OR AY.34 OR AY.34.1 OR AY.34.1.1 OR AY.34.2 OR AY.35 OR AY.36 OR AY.36.1 OR AY.37 OR AY.38 OR AY.39 OR AY.39.1 OR AY.39.1.1 OR AY.39.1.2 OR AY.39.1.3 OR AY.39.1.4 OR AY.39.2 OR AY.39.3 OR AY.39.4 OR AY.40 OR AY.41 OR AY.42 OR AY.42.1 OR AY.43 OR AY.43.1 OR AY.43.2 OR AY.43.3 OR AY.43.4 OR AY.43.5 OR AY.43.6 OR AY.43.7 OR AY.43.8 OR AY.43.9 OR AY.44 OR AY.45 OR AY.46 OR AY.46.1 OR AY.46.2 OR AY.46.3 OR AY.46.4 OR AY.46.5 OR AY.46.6 OR AY.46.6.1 OR AY.47 OR AY.48 OR AY.49 OR AY.50 OR AY.51 OR AY.52 OR AY.53 OR AY.54 OR AY.55 OR AY.56 OR AY.57 OR AY.58 OR AY.59 OR AY.60 OR AY.61 OR AY.62 OR AY.63 OR AY.64 OR AY.65 OR AY.66 OR AY.67 OR AY.68 OR AY.69 OR AY.70 OR AY.71 OR AY.72 OR AY.73 OR AY.74 OR AY.75 OR AY.75.1 OR AY.75.2 OR AY.75.3 OR AY.76 OR AY.77 OR AY.78 OR AY.79 OR AY.80 OR AY.81 OR AY.82 OR AY.83 OR AY.84 OR AY.85 OR AY.86 OR AY.87 OR AY.88 OR AY.89 OR AY.90 OR AY.91 OR AY.91.1 OR AY.92 OR AY.93 OR AY.94 OR AY.95 OR AY.96 OR AY.97 OR AY.98 OR AY.98.1 OR AY.98.1.1 OR AY.99 OR AY.99.1 OR AY.99.2 OR AY.100 OR AY.101 OR AY.102 OR AY.102.1 OR AY.102.2 OR AY.103 OR AY.103.1 OR AY.103.2 OR AY.104 OR AY.105 OR AY.106 OR AY.107 OR AY.108 OR AY.109 OR AY.110 OR AY.111 OR AY.112 OR AY.112.1 OR AY.112.2 OR AY.112.3 OR AY.113 OR AY.114 OR AY.115 OR AY.116 OR AY.116.1 OR AY.117 OR AY.118 OR AY.119 OR AY.119.1 OR AY.119.2 OR AY.120 OR AY.120.1 OR AY.120.2 OR AY.120.2.1 OR AY.121 OR AY.121.1 OR AY.122 OR AY.122.1 OR AY.122.2 OR AY.122.3 OR AY.122.4 OR AY.122.5 OR AY.122.6 OR AY.123 OR AY.123.1 OR AY.124 OR AY.124.1 OR AY.124.1.1 OR AY.125 OR AY.125.1 OR AY.126 OR AY.127 OR AY.127.1 OR AY.127.2 OR AY.127.3 OR AY.128 OR AY.129 OR AY.130 OR AY.131 OR AY.132 OR AY.133 OR AY.134 OR B.1.617.2,Delta,31.1428571428571,0,0
2021-02-10,51,0,34.1428571428571,0,0,1.43362906715572e-05,0.070711630679021,AY.1 OR AY.2 OR AY.3 OR AY.3.1 OR AY.3.2 OR AY.3.3 OR AY.3.4 OR AY.4 OR AY.4.1 OR AY.4.2 OR AY.4.2.1 OR AY.4.2.2 OR AY.4.2.3 OR AY.4.2.4 OR AY.4.2.5 OR AY.4.3 OR AY.4.4 OR AY.4.5 OR AY.4.6 OR AY.4.7 OR AY.4.8 OR AY.4.9 OR AY.4.10 OR AY.4.11 OR AY.4.12 OR AY.4.13 OR AY.4.14 OR AY.4.15 OR AY.4.16 OR AY.4.17 OR AY.5 OR AY.5.1 OR AY.5.2 OR AY.5.3 OR AY.5.4 OR AY.5.5 OR AY.5.6 OR AY.5.7 OR AY.6 OR AY.7 OR AY.7.1 OR AY.7.2 OR AY.8 OR AY.9 OR AY.9.1 OR AY.9.2 OR AY.9.2.1 OR AY.9.2.2 OR AY.10 OR AY.11 OR AY.12 OR AY.13 OR AY.14 OR AY.15 OR AY.16 OR AY.16.1 OR AY.17 OR AY.18 OR AY.19 OR AY.20 OR AY.20.1 OR AY.21 OR AY.22 OR AY.23 OR AY.23.1 OR AY.23.2 OR AY.24 OR AY.24.1 OR AY.25 OR AY.25.1 OR AY.25.1.1 OR AY.25.1.2 OR AY.25.2 OR AY.25.3 OR AY.26 OR AY.26.1 OR AY.27 OR AY.28 OR AY.29 OR AY.29.1 OR AY.29.2 OR AY.30 OR AY.31 OR AY.32 OR AY.33 OR AY.33.1 OR AY.33.2 OR AY.34 OR AY.34.1 OR AY.34.1.1 OR AY.34.2 OR AY.35 OR AY.36 OR AY.36.1 OR AY.37 OR AY.38 OR AY.39 OR AY.39.1 OR AY.39.1.1 OR AY.39.1.2 OR AY.39.1.3 OR AY.39.1.4 OR AY.39.2 OR AY.39.3 OR AY.39.4 OR AY.40 OR AY.41 OR AY.42 OR AY.42.1 OR AY.43 OR AY.43.1 OR AY.43.2 OR AY.43.3 OR AY.43.4 OR AY.43.5 OR AY.43.6 OR AY.43.7 OR AY.43.8 OR AY.43.9 OR AY.44 OR AY.45 OR AY.46 OR AY.46.1 OR AY.46.2 OR AY.46.3 OR AY.46.4 OR AY.46.5 OR AY.46.6 OR AY.46.6.1 OR AY.47 OR AY.48 OR AY.49 OR AY.50 OR AY.51 OR AY.52 OR AY.53 OR AY.54 OR AY.55 OR AY.56 OR AY.57 OR AY.58 OR AY.59 OR AY.60 OR AY.61 OR AY.62 OR AY.63 OR AY.64 OR AY.65 OR AY.66 OR AY.67 OR AY.68 OR AY.69 OR AY.70 OR AY.71 OR AY.72 OR AY.73 OR AY.74 OR AY.75 OR AY.75.1 OR AY.75.2 OR AY.75.3 OR AY.76 OR AY.77 OR AY.78 OR AY.79 OR AY.80 OR AY.81 OR AY.82 OR AY.83 OR AY.84 OR AY.85 OR AY.86 OR AY.87 OR AY.88 OR AY.89 OR AY.90 OR AY.91 OR AY.91.1 OR AY.92 OR AY.93 OR AY.94 OR AY.95 OR AY.96 OR AY.97 OR AY.98 OR AY.98.1 OR AY.98.1.1 OR AY.99 OR AY.99.1 OR AY.99.2 OR AY.100 OR AY.101 OR AY.102 OR AY.102.1 OR AY.102.2 OR AY.103 OR AY.103.1 OR AY.103.2 OR AY.104 OR AY.105 OR AY.106 OR AY.107 OR AY.108 OR AY.109 OR AY.110 OR AY.111 OR AY.112 OR AY.112.1 OR AY.112.2 OR AY.112.3 OR AY.113 OR AY.114 OR AY.115 OR AY.116 OR AY.116.1 OR AY.117 OR AY.118 OR AY.119 OR AY.119.1 OR AY.119.2 OR AY.120 OR AY.120.1 OR AY.120.2 OR AY.120.2.1 OR AY.121 OR AY.121.1 OR AY.122 OR AY.122.1 OR AY.122.2 OR AY.122.3 OR AY.122.4 OR AY.122.5 OR AY.122.6 OR AY.123 OR AY.123.1 OR AY.124 OR AY.124.1 OR AY.124.1.1 OR AY.125 OR AY.125.1 OR AY.126 OR AY.127 OR AY.127.1 OR AY.127.2 OR AY.127.3 OR AY.128 OR AY.129 OR AY.130 OR AY.131 OR AY.132 OR AY.133 OR AY.134 OR B.1.617.2,Delta,33,0,0
2021-02-11,33,0,34.8571428571429,0,0,1.39296109795325e-05,0.0687765361160591,AY.1 OR AY.2 OR AY.3 OR AY.3.1 OR AY.3.2 OR AY.3.3 OR AY.3.4 OR AY.4 OR AY.4.1 OR AY.4.2 OR AY.4.2.1 OR AY.4.2.2 OR AY.4.2.3 OR AY.4.2.4 OR AY.4.2.5 OR AY.4.3 OR AY.4.4 OR AY.4.5 OR AY.4.6 OR AY.4.7 OR AY.4.8 OR AY.4.9 OR AY.4.10 OR AY.4.11 OR AY.4.12 OR AY.4.13 OR AY.4.14 OR AY.4.15 OR AY.4.16 OR AY.4.17 OR AY.5 OR AY.5.1 OR AY.5.2 OR AY.5.3 OR AY.5.4 OR AY.5.5 OR AY.5.6 OR AY.5.7 OR AY.6 OR AY.7 OR AY.7.1 OR AY.7.2 OR AY.8 OR AY.9 OR AY.9.1 OR AY.9.2 OR AY.9.2.1 OR AY.9.2.2 OR AY.10 OR AY.11 OR AY.12 OR AY.13 OR AY.14 OR AY.15 OR AY.16 OR AY.16.1 OR AY.17 OR AY.18 OR AY.19 OR AY.20 OR AY.20.1 OR AY.21 OR AY.22 OR AY.23 OR AY.23.1 OR AY.23.2 OR AY.24 OR AY.24.1 OR AY.25 OR AY.25.1 OR AY.25.1.1 OR AY.25.1.2 OR AY.25.2 OR AY.25.3 OR AY.26 OR AY.26.1 OR AY.27 OR AY.28 OR AY.29 OR AY.29.1 OR AY.29.2 OR AY.30 OR AY.31 OR AY.32 OR AY.33 OR AY.33.1 OR AY.33.2 OR AY.34 OR AY.34.1 OR AY.34.1.1 OR AY.34.2 OR AY.35 OR AY.36 OR AY.36.1 OR AY.37 OR AY.38 OR AY.39 OR AY.39.1 OR AY.39.1.1 OR AY.39.1.2 OR AY.39.1.3 OR AY.39.1.4 OR AY.39.2 OR AY.39.3 OR AY.39.4 OR AY.40 OR AY.41 OR AY.42 OR AY.42.1 OR AY.43 OR AY.43.1 OR AY.43.2 OR AY.43.3 OR AY.43.4 OR AY.43.5 OR AY.43.6 OR AY.43.7 OR AY.43.8 OR AY.43.9 OR AY.44 OR AY.45 OR AY.46 OR AY.46.1 OR AY.46.2 OR AY.46.3 OR AY.46.4 OR AY.46.5 OR AY.46.6 OR AY.46.6.1 OR AY.47 OR AY.48 OR AY.49 OR AY.50 OR AY.51 OR AY.52 OR AY.53 OR AY.54 OR AY.55 OR AY.56 OR AY.57 OR AY.58 OR AY.59 OR AY.60 OR AY.61 OR AY.62 OR AY.63 OR AY.64 OR AY.65 OR AY.66 OR AY.67 OR AY.68 OR AY.69 OR AY.70 OR AY.71 OR AY.72 OR AY.73 OR AY.74 OR AY.75 OR AY.75.1 OR AY.75.2 OR AY.75.3 OR AY.76 OR AY.77 OR AY.78 OR AY.79 OR AY.80 OR AY.81 OR AY.82 OR AY.83 OR AY.84 OR AY.85 OR AY.86 OR AY.87 OR AY.88 OR AY.89 OR AY.90 OR AY.91 OR AY.91.1 OR AY.92 OR AY.93 OR AY.94 OR AY.95 OR AY.96 OR AY.97 OR AY.98 OR AY.98.1 OR AY.98.1.1 OR AY.99 OR AY.99.1 OR AY.99.2 OR AY.100 OR AY.101 OR AY.102 OR AY.102.1 OR AY.102.2 OR AY.103 OR AY.103.1 OR AY.103.2 OR AY.104 OR AY.105 OR AY.106 OR AY.107 OR AY.108 OR AY.109 OR AY.110 OR AY.111 OR AY.112 OR AY.112.1 OR AY.112.2 OR AY.112.3 OR AY.113 OR AY.114 OR AY.115 OR AY.116 OR AY.116.1 OR AY.117 OR AY.118 OR AY.119 OR AY.119.1 OR AY.119.2 OR AY.120 OR AY.120.1 OR AY.120.2 OR AY.120.2.1 OR AY.121 OR AY.121.1 OR AY.122 OR AY.122.1 OR AY.122.2 OR AY.122.3 OR AY.122.4 OR AY.122.5 OR AY.122.6 OR AY.123 OR AY.123.1 OR AY.124 OR AY.124.1 OR AY.124.1.1 OR AY.125 OR AY.125.1 OR AY.126 OR AY.127 OR AY.127.1 OR AY.127.2 OR AY.127.3 OR AY.128 OR AY.129 OR AY.130 OR AY.131 OR AY.132 OR AY.133 OR AY.134 OR B.1.617.2,Delta,33.2857142857143,0,0
2021-02-12,30,0,37,0,0,1.3181751978966e-05,0.0652074564454339,AY.1 OR AY.2 OR AY.3 OR AY.3.1 OR AY.3.2 OR AY.3.3 OR AY.3.4 OR AY.4 OR AY.4.1 OR AY.4.2 OR AY.4.2.1 OR AY.4.2.2 OR AY.4.2.3 OR AY.4.2.4 OR AY.4.2.5 OR AY.4.3 OR AY.4.4 OR AY.4.5 OR AY.4.6 OR AY.4.7 OR AY.4.8 OR AY.4.9 OR AY.4.10 OR AY.4.11 OR AY.4.12 OR AY.4.13 OR AY.4.14 OR AY.4.15 OR AY.4.16 OR AY.4.17 OR AY.5 OR AY.5.1 OR AY.5.2 OR AY.5.3 OR AY.5.4 OR AY.5.5 OR AY.5.6 OR AY.5.7 OR AY.6 OR AY.7 OR AY.7.1 OR AY.7.2 OR AY.8 OR AY.9 OR AY.9.1 OR AY.9.2 OR AY.9.2.1 OR AY.9.2.2 OR AY.10 OR AY.11 OR AY.12 OR AY.13 OR AY.14 OR AY.15 OR AY.16 OR AY.16.1 OR AY.17 OR AY.18 OR AY.19 OR AY.20 OR AY.20.1 OR AY.21 OR AY.22 OR AY.23 OR AY.23.1 OR AY.23.2 OR AY.24 OR AY.24.1 OR AY.25 OR AY.25.1 OR AY.25.1.1 OR AY.25.1.2 OR AY.25.2 OR AY.25.3 OR AY.26 OR AY.26.1 OR AY.27 OR AY.28 OR AY.29 OR AY.29.1 OR AY.29.2 OR AY.30 OR AY.31 OR AY.32 OR AY.33 OR AY.33.1 OR AY.33.2 OR AY.34 OR AY.34.1 OR AY.34.1.1 OR AY.34.2 OR AY.35 OR AY.36 OR AY.36.1 OR AY.37 OR AY.38 OR AY.39 OR AY.39.1 OR AY.39.1.1 OR AY.39.1.2 OR AY.39.1.3 OR AY.39.1.4 OR AY.39.2 OR AY.39.3 OR AY.39.4 OR AY.40 OR AY.41 OR AY.42 OR AY.42.1 OR AY.43 OR AY.43.1 OR AY.43.2 OR AY.43.3 OR AY.43.4 OR AY.43.5 OR AY.43.6 OR AY.43.7 OR AY.43.8 OR AY.43.9 OR AY.44 OR AY.45 OR AY.46 OR AY.46.1 OR AY.46.2 OR AY.46.3 OR AY.46.4 OR AY.46.5 OR AY.46.6 OR AY.46.6.1 OR AY.47 OR AY.48 OR AY.49 OR AY.50 OR AY.51 OR AY.52 OR AY.53 OR AY.54 OR AY.55 OR AY.56 OR AY.57 OR AY.58 OR AY.59 OR AY.60 OR AY.61 OR AY.62 OR AY.63 OR AY.64 OR AY.65 OR AY.66 OR AY.67 OR AY.68 OR AY.69 OR AY.70 OR AY.71 OR AY.72 OR AY.73 OR AY.74 OR AY.75 OR AY.75.1 OR AY.75.2 OR AY.75.3 OR AY.76 OR AY.77 OR AY.78 OR AY.79 OR AY.80 OR AY.81 OR AY.82 OR AY.83 OR AY.84 OR AY.85 OR AY.86 OR AY.87 OR AY.88 OR AY.89 OR AY.90 OR AY.91 OR AY.91.1 OR AY.92 OR AY.93 OR AY.94 OR AY.95 OR AY.96 OR AY.97 OR AY.98 OR AY.98.1 OR AY.98.1.1 OR AY.99 OR AY.99.1 OR AY.99.2 OR AY.100 OR AY.101 OR AY.102 OR AY.102.1 OR AY.102.2 OR AY.103 OR AY.103.1 OR AY.103.2 OR AY.104 OR AY.105 OR AY.106 OR AY.107 OR AY.108 OR AY.109 OR AY.110 OR AY.111 OR AY.112 OR AY.112.1 OR AY.112.2 OR AY.112.3 OR AY.113 OR AY.114 OR AY.115 OR AY.116 OR AY.116.1 OR AY.117 OR AY.118 OR AY.119 OR AY.119.1 OR AY.119.2 OR AY.120 OR AY.120.1 OR AY.120.2 OR AY.120.2.1 OR AY.121 OR AY.121.1 OR AY.122 OR AY.122.1 OR AY.122.2 OR AY.122.3 OR AY.122.4 OR AY.122.5 OR AY.122.6 OR AY.123 OR AY.123.1 OR AY.124 OR AY.124.1 OR AY.124.1.1 OR AY.125 OR AY.125.1 OR AY.126 OR AY.127 OR AY.127.1 OR AY.127.2 OR AY.127.3 OR AY.128 OR AY.129 OR AY.130 OR AY.131 OR AY.132 OR AY.133 OR AY.134 OR B.1.617.2,Delta,32.9285714285714,0,0
2021-02-13,22,0,38,0,0,1.28371481450411e-05,0.0635582549702204,AY.1 OR AY.2 OR AY.3 OR AY.3.1 OR AY.3.2 OR AY.3.3 OR AY.3.4 OR AY.4 OR AY.4.1 OR AY.4.2 OR AY.4.2.1 OR AY.4.2.2 OR AY.4.2.3 OR AY.4.2.4 OR AY.4.2.5 OR AY.4.3 OR AY.4.4 OR AY.4.5 OR AY.4.6 OR AY.4.7 OR AY.4.8 OR AY.4.9 OR AY.4.10 OR AY.4.11 OR AY.4.12 OR AY.4.13 OR AY.4.14 OR AY.4.15 OR AY.4.16 OR AY.4.17 OR AY.5 OR AY.5.1 OR AY.5.2 OR AY.5.3 OR AY.5.4 OR AY.5.5 OR AY.5.6 OR AY.5.7 OR AY.6 OR AY.7 OR AY.7.1 OR AY.7.2 OR AY.8 OR AY.9 OR AY.9.1 OR AY.9.2 OR AY.9.2.1 OR AY.9.2.2 OR AY.10 OR AY.11 OR AY.12 OR AY.13 OR AY.14 OR AY.15 OR AY.16 OR AY.16.1 OR AY.17 OR AY.18 OR AY.19 OR AY.20 OR AY.20.1 OR AY.21 OR AY.22 OR AY.23 OR AY.23.1 OR AY.23.2 OR AY.24 OR AY.24.1 OR AY.25 OR AY.25.1 OR AY.25.1.1 OR AY.25.1.2 OR AY.25.2 OR AY.25.3 OR AY.26 OR AY.26.1 OR AY.27 OR AY.28 OR AY.29 OR AY.29.1 OR AY.29.2 OR AY.30 OR AY.31 OR AY.32 OR AY.33 OR AY.33.1 OR AY.33.2 OR AY.34 OR AY.34.1 OR AY.34.1.1 OR AY.34.2 OR AY.35 OR AY.36 OR AY.36.1 OR AY.37 OR AY.38 OR AY.39 OR AY.39.1 OR AY.39.1.1 OR AY.39.1.2 OR AY.39.1.3 OR AY.39.1.4 OR AY.39.2 OR AY.39.3 OR AY.39.4 OR AY.40 OR AY.41 OR AY.42 OR AY.42.1 OR AY.43 OR AY.43.1 OR AY.43.2 OR AY.43.3 OR AY.43.4 OR AY.43.5 OR AY.43.6 OR AY.43.7 OR AY.43.8 OR AY.43.9 OR AY.44 OR AY.45 OR AY.46 OR AY.46.1 OR AY.46.2 OR AY.46.3 OR AY.46.4 OR AY.46.5 OR AY.46.6 OR AY.46.6.1 OR AY.47 OR AY.48 OR AY.49 OR AY.50 OR AY.51 OR AY.52 OR AY.53 OR AY.54 OR AY.55 OR AY.56 OR AY.57 OR AY.58 OR AY.59 OR AY.60 OR AY.61 OR AY.62 OR AY.63 OR AY.64 OR AY.65 OR AY.66 OR AY.67 OR AY.68 OR AY.69 OR AY.70 OR AY.71 OR AY.72 OR AY.73 OR AY.74 OR AY.75 OR AY.75.1 OR AY.75.2 OR AY.75.3 OR AY.76 OR AY.77 OR AY.78 OR AY.79 OR AY.80 OR AY.81 OR AY.82 OR AY.83 OR AY.84 OR AY.85 OR AY.86 OR AY.87 OR AY.88 OR AY.89 OR AY.90 OR AY.91 OR AY.91.1 OR AY.92 OR AY.93 OR AY.94 OR AY.95 OR AY.96 OR AY.97 OR AY.98 OR AY.98.1 OR AY.98.1.1 OR AY.99 OR AY.99.1 OR AY.99.2 OR AY.100 OR AY.101 OR AY.102 OR AY.102.1 OR AY.102.2 OR AY.103 OR AY.103.1 OR AY.103.2 OR AY.104 OR AY.105 OR AY.106 OR AY.107 OR AY.108 OR AY.109 OR AY.110 OR AY.111 OR AY.112 OR AY.112.1 OR AY.112.2 OR AY.112.3 OR AY.113 OR AY.114 OR AY.115 OR AY.116 OR AY.116.1 OR AY.117 OR AY.118 OR AY.119 OR AY.119.1 OR AY.119.2 OR AY.120 OR AY.120.1 OR AY.120.2 OR AY.120.2.1 OR AY.121 OR AY.121.1 OR AY.122 OR AY.122.1 OR AY.122.2 OR AY.122.3 OR AY.122.4 OR AY.122.5 OR AY.122.6 OR AY.123 OR AY.123.1 OR AY.124 OR AY.124.1 OR AY.124.1.1 OR AY.125 OR AY.125.1 OR AY.126 OR AY.127 OR AY.127.1 OR AY.127.2 OR AY.127.3 OR AY.128 OR AY.129 OR AY.130 OR AY.131 OR AY.132 OR AY.133 OR AY.134 OR B.1.617.2,Delta,32.2142857142857,0,0
2021-02-14,20,0,39.4285714285714,0,0,1.25101025353066e-05,0.0619903842693526,AY.1 OR AY.2 OR AY.3 OR AY.3.1 OR AY.3.2 OR AY.3.3 OR AY.3.4 OR AY.4 OR AY.4.1 OR AY.4.2 OR AY.4.2.1 OR AY.4.2.2 OR AY.4.2.3 OR AY.4.2.4 OR AY.4.2.5 OR AY.4.3 OR AY.4.4 OR AY.4.5 OR AY.4.6 OR AY.4.7 OR AY.4.8 OR AY.4.9 OR AY.4.10 OR AY.4.11 OR AY.4.12 OR AY.4.13 OR AY.4.14 OR AY.4.15 OR AY.4.16 OR AY.4.17 OR AY.5 OR AY.5.1 OR AY.5.2 OR AY.5.3 OR AY.5.4 OR AY.5.5 OR AY.5.6 OR AY.5.7 OR AY.6 OR AY.7 OR AY.7.1 OR AY.7.2 OR AY.8 OR AY.9 OR AY.9.1 OR AY.9.2 OR AY.9.2.1 OR AY.9.2.2 OR AY.10 OR AY.11 OR AY.12 OR AY.13 OR AY.14 OR AY.15 OR AY.16 OR AY.16.1 OR AY.17 OR AY.18 OR AY.19 OR AY.20 OR AY.20.1 OR AY.21 OR AY.22 OR AY.23 OR AY.23.1 OR AY.23.2 OR AY.24 OR AY.24.1 OR AY.25 OR AY.25.1 OR AY.25.1.1 OR AY.25.1.2 OR AY.25.2 OR AY.25.3 OR AY.26 OR AY.26.1 OR AY.27 OR AY.28 OR AY.29 OR AY.29.1 OR AY.29.2 OR AY.30 OR AY.31 OR AY.32 OR AY.33 OR AY.33.1 OR AY.33.2 OR AY.34 OR AY.34.1 OR AY.34.1.1 OR AY.34.2 OR AY.35 OR AY.36 OR AY.36.1 OR AY.37 OR AY.38 OR AY.39 OR AY.39.1 OR AY.39.1.1 OR AY.39.1.2 OR AY.39.1.3 OR AY.39.1.4 OR AY.39.2 OR AY.39.3 OR AY.39.4 OR AY.40 OR AY.41 OR AY.42 OR AY.42.1 OR AY.43 OR AY.43.1 OR AY.43.2 OR AY.43.3 OR AY.43.4 OR AY.43.5 OR AY.43.6 OR AY.43.7 OR AY.43.8 OR AY.43.9 OR AY.44 OR AY.45 OR AY.46 OR AY.46.1 OR AY.46.2 OR AY.46.3 OR AY.46.4 OR AY.46.5 OR AY.46.6 OR AY.46.6.1 OR AY.47 OR AY.48 OR AY.49 OR AY.50 OR AY.51 OR AY.52 OR AY.53 OR AY.54 OR AY.55 OR AY.56 OR AY.57 OR AY.58 OR AY.59 OR AY.60 OR AY.61 OR AY.62 OR AY.63 OR AY.64 OR AY.65 OR AY.66 OR AY.67 OR AY.68 OR AY.69 OR AY.70 OR AY.71 OR AY.72 OR AY.73 OR AY.74 OR AY.75 OR AY.75.1 OR AY.75.2 OR AY.75.3 OR AY.76 OR AY.77 OR AY.78 OR AY.79 OR AY.80 OR AY.81 OR AY.82 OR AY.83 OR AY.84 OR AY.85 OR AY.86 OR AY.87 OR AY.88 OR AY.89 OR AY.90 OR AY.91 OR AY.91.1 OR AY.92 OR AY.93 OR AY.94 OR AY.95 OR AY.96 OR AY.97 OR AY.98 OR AY.98.1 OR AY.98.1.1 OR AY.99 OR AY.99.1 OR AY.99.2 OR AY.100 OR AY.101 OR AY.102 OR AY.102.1 OR AY.102.2 OR AY.103 OR AY.103.1 OR AY.103.2 OR AY.104 OR AY.105 OR AY.106 OR AY.107 OR AY.108 OR AY.109 OR AY.110 OR AY.111 OR AY.112 OR AY.112.1 OR AY.112.2 OR AY.112.3 OR AY.113 OR AY.114 OR AY.115 OR AY.116 OR AY.116.1 OR AY.117 OR AY.118 OR AY.119 OR AY.119.1 OR AY.119.2 OR AY.120 OR AY.120.1 OR AY.120.2 OR AY.120.2.1 OR AY.121 OR AY.121.1 OR AY.122 OR AY.122.1 OR AY.122.2 OR AY.122.3 OR AY.122.4 OR AY.122.5 OR AY.122.6 OR AY.123 OR AY.123.1 OR AY.124 OR AY.124.1 OR AY.124.1.1 OR AY.125 OR AY.125.1 OR AY.126 OR AY.127 OR AY.127.1 OR AY.127.2 OR AY.127.3 OR AY.128 OR AY.129 OR AY.130 OR AY.131 OR AY.132 OR AY.133 OR AY.134 OR B.1.617.2,Delta,32.9285714285714,0,0
2021-02-15,89,0,42,0,0,1.16218486873075e-05,0.0577187584875909,AY.1 OR AY.2 OR AY.3 OR AY.3.1 OR AY.3.2 OR AY.3.3 OR AY.3.4 OR AY.4 OR AY.4.1 OR AY.4.2 OR AY.4.2.1 OR AY.4.2.2 OR AY.4.2.3 OR AY.4.2.4 OR AY.4.2.5 OR AY.4.3 OR AY.4.4 OR AY.4.5 OR AY.4.6 OR AY.4.7 OR AY.4.8 OR AY.4.9 OR AY.4.10 OR AY.4.11 OR AY.4.12 OR AY.4.13 OR AY.4.14 OR AY.4.15 OR AY.4.16 OR AY.4.17 OR AY.5 OR AY.5.1 OR AY.5.2 OR AY.5.3 OR AY.5.4 OR AY.5.5 OR AY.5.6 OR AY.5.7 OR AY.6 OR AY.7 OR AY.7.1 OR AY.7.2 OR AY.8 OR AY.9 OR AY.9.1 OR AY.9.2 OR AY.9.2.1 OR AY.9.2.2 OR AY.10 OR AY.11 OR AY.12 OR AY.13 OR AY.14 OR AY.15 OR AY.16 OR AY.16.1 OR AY.17 OR AY.18 OR AY.19 OR AY.20 OR AY.20.1 OR AY.21 OR AY.22 OR AY.23 OR AY.23.1 OR AY.23.2 OR AY.24 OR AY.24.1 OR AY.25 OR AY.25.1 OR AY.25.1.1 OR AY.25.1.2 OR AY.25.2 OR AY.25.3 OR AY.26 OR AY.26.1 OR AY.27 OR AY.28 OR AY.29 OR AY.29.1 OR AY.29.2 OR AY.30 OR AY.31 OR AY.32 OR AY.33 OR AY.33.1 OR AY.33.2 OR AY.34 OR AY.34.1 OR AY.34.1.1 OR AY.34.2 OR AY.35 OR AY.36 OR AY.36.1 OR AY.37 OR AY.38 OR AY.39 OR AY.39.1 OR AY.39.1.1 OR AY.39.1.2 OR AY.39.1.3 OR AY.39.1.4 OR AY.39.2 OR AY.39.3 OR AY.39.4 OR AY.40 OR AY.41 OR AY.42 OR AY.42.1 OR AY.43 OR AY.43.1 OR AY.43.2 OR AY.43.3 OR AY.43.4 OR AY.43.5 OR AY.43.6 OR AY.43.7 OR AY.43.8 OR AY.43.9 OR AY.44 OR AY.45 OR AY.46 OR AY.46.1 OR AY.46.2 OR AY.46.3 OR AY.46.4 OR AY.46.5 OR AY.46.6 OR AY.46.6.1 OR AY.47 OR AY.48 OR AY.49 OR AY.50 OR AY.51 OR AY.52 OR AY.53 OR AY.54 OR AY.55 OR AY.56 OR AY.57 OR AY.58 OR AY.59 OR AY.60 OR AY.61 OR AY.62 OR AY.63 OR AY.64 OR AY.65 OR AY.66 OR AY.67 OR AY.68 OR AY.69 OR AY.70 OR AY.71 OR AY.72 OR AY.73 OR AY.74 OR AY.75 OR AY.75.1 OR AY.75.2 OR AY.75.3 OR AY.76 OR AY.77 OR AY.78 OR AY.79 OR AY.80 OR AY.81 OR AY.82 OR AY.83 OR AY.84 OR AY.85 OR AY.86 OR AY.87 OR AY.88 OR AY.89 OR AY.90 OR AY.91 OR AY.91.1 OR AY.92 OR AY.93 OR AY.94 OR AY.95 OR AY.96 OR AY.97 OR AY.98 OR AY.98.1 OR AY.98.1.1 OR AY.99 OR AY.99.1 OR AY.99.2 OR AY.100 OR AY.101 OR AY.102 OR AY.102.1 OR AY.102.2 OR AY.103 OR AY.103.1 OR AY.103.2 OR AY.104 OR AY.105 OR AY.106 OR AY.107 OR AY.108 OR AY.109 OR AY.110 OR AY.111 OR AY.112 OR AY.112.1 OR AY.112.2 OR AY.112.3 OR AY.113 OR AY.114 OR AY.115 OR AY.116 OR AY.116.1 OR AY.117 OR AY.118 OR AY.119 OR AY.119.1 OR AY.119.2 OR AY.120 OR AY.120.1 OR AY.120.2 OR AY.120.2.1 OR AY.121 OR AY.121.1 OR AY.122 OR AY.122.1 OR AY.122.2 OR AY.122.3 OR AY.122.4 OR AY.122.5 OR AY.122.6 OR AY.123 OR AY.123.1 OR AY.124 OR AY.124.1 OR AY.124.1.1 OR AY.125 OR AY.125.1 OR AY.126 OR AY.127 OR AY.127.1 OR AY.127.2 OR AY.127.3 OR AY.128 OR AY.129 OR AY.130 OR AY.131 OR AY.132 OR AY.133 OR AY.134 OR B.1.617.2,Delta,36.4285714285714,0,0
2021-02-16,74,0,45.5714285714286,0,0,1.06167519271196e-05,0.0528617046392331,AY.1 OR AY.2 OR AY.3 OR AY.3.1 OR AY.3.2 OR AY.3.3 OR AY.3.4 OR AY.4 OR AY.4.1 OR AY.4.2 OR AY.4.2.1 OR AY.4.2.2 OR AY.4.2.3 OR AY.4.2.4 OR AY.4.2.5 OR AY.4.3 OR AY.4.4 OR AY.4.5 OR AY.4.6 OR AY.4.7 OR AY.4.8 OR AY.4.9 OR AY.4.10 OR AY.4.11 OR AY.4.12 OR AY.4.13 OR AY.4.14 OR AY.4.15 OR AY.4.16 OR AY.4.17 OR AY.5 OR AY.5.1 OR AY.5.2 OR AY.5.3 OR AY.5.4 OR AY.5.5 OR AY.5.6 OR AY.5.7 OR AY.6 OR AY.7 OR AY.7.1 OR AY.7.2 OR AY.8 OR AY.9 OR AY.9.1 OR AY.9.2 OR AY.9.2.1 OR AY.9.2.2 OR AY.10 OR AY.11 OR AY.12 OR AY.13 OR AY.14 OR AY.15 OR AY.16 OR AY.16.1 OR AY.17 OR AY.18 OR AY.19 OR AY.20 OR AY.20.1 OR AY.21 OR AY.22 OR AY.23 OR AY.23.1 OR AY.23.2 OR AY.24 OR AY.24.1 OR AY.25 OR AY.25.1 OR AY.25.1.1 OR AY.25.1.2 OR AY.25.2 OR AY.25.3 OR AY.26 OR AY.26.1 OR AY.27 OR AY.28 OR AY.29 OR AY.29.1 OR AY.29.2 OR AY.30 OR AY.31 OR AY.32 OR AY.33 OR AY.33.1 OR AY.33.2 OR AY.34 OR AY.34.1 OR AY.34.1.1 OR AY.34.2 OR AY.35 OR AY.36 OR AY.36.1 OR AY.37 OR AY.38 OR AY.39 OR AY.39.1 OR AY.39.1.1 OR AY.39.1.2 OR AY.39.1.3 OR AY.39.1.4 OR AY.39.2 OR AY.39.3 OR AY.39.4 OR AY.40 OR AY.41 OR AY.42 OR AY.42.1 OR AY.43 OR AY.43.1 OR AY.43.2 OR AY.43.3 OR AY.43.4 OR AY.43.5 OR AY.43.6 OR AY.43.7 OR AY.43.8 OR AY.43.9 OR AY.44 OR AY.45 OR AY.46 OR AY.46.1 OR AY.46.2 OR AY.46.3 OR AY.46.4 OR AY.46.5 OR AY.46.6 OR AY.46.6.1 OR AY.47 OR AY.48 OR AY.49 OR AY.50 OR AY.51 OR AY.52 OR AY.53 OR AY.54 OR AY.55 OR AY.56 OR AY.57 OR AY.58 OR AY.59 OR AY.60 OR AY.61 OR AY.62 OR AY.63 OR AY.64 OR AY.65 OR AY.66 OR AY.67 OR AY.68 OR AY.69 OR AY.70 OR AY.71 OR AY.72 OR AY.73 OR AY.74 OR AY.75 OR AY.75.1 OR AY.75.2 OR AY.75.3 OR AY.76 OR AY.77 OR AY.78 OR AY.79 OR AY.80 OR AY.81 OR AY.82 OR AY.83 OR AY.84 OR AY.85 OR AY.86 OR AY.87 OR AY.88 OR AY.89 OR AY.90 OR AY.91 OR AY.91.1 OR AY.92 OR AY.93 OR AY.94 OR AY.95 OR AY.96 OR AY.97 OR AY.98 OR AY.98.1 OR AY.98.1.1 OR AY.99 OR AY.99.1 OR AY.99.2 OR AY.100 OR AY.101 OR AY.102 OR AY.102.1 OR AY.102.2 OR AY.103 OR AY.103.1 OR AY.103.2 OR AY.104 OR AY.105 OR AY.106 OR AY.107 OR AY.108 OR AY.109 OR AY.110 OR AY.111 OR AY.112 OR AY.112.1 OR AY.112.2 OR AY.112.3 OR AY.113 OR AY.114 OR AY.115 OR AY.116 OR AY.116.1 OR AY.117 OR AY.118 OR AY.119 OR AY.119.1 OR AY.119.2 OR AY.120 OR AY.120.1 OR AY.120.2 OR AY.120.2.1 OR AY.121 OR AY.121.1 OR AY.122 OR AY.122.1 OR AY.122.2 OR AY.122.3 OR AY.122.4 OR AY.122.5 OR AY.122.6 OR AY.123 OR AY.123.1 OR AY.124 OR AY.124.1 OR AY.124.1.1 OR AY.125 OR AY.125.1 OR AY.126 OR AY.127 OR AY.127.1 OR AY.127.2 OR AY.127.3 OR AY.128 OR AY.129 OR AY.130 OR AY.131 OR AY.132 OR AY.133 OR AY.134 OR B.1.617.2,Delta,39,0,0
2021-02-17,56,0,46.2857142857143,0,0,1.06167519271196e-05,0.0528617046392331,AY.1 OR AY.2 OR AY.3 OR AY.3.1 OR AY.3.2 OR AY.3.3 OR AY.3.4 OR AY.4 OR AY.4.1 OR AY.4.2 OR AY.4.2.1 OR AY.4.2.2 OR AY.4.2.3 OR AY.4.2.4 OR AY.4.2.5 OR AY.4.3 OR AY.4.4 OR AY.4.5 OR AY.4.6 OR AY.4.7 OR AY.4.8 OR AY.4.9 OR AY.4.10 OR AY.4.11 OR AY.4.12 OR AY.4.13 OR AY.4.14 OR AY.4.15 OR AY.4.16 OR AY.4.17 OR AY.5 OR AY.5.1 OR AY.5.2 OR AY.5.3 OR AY.5.4 OR AY.5.5 OR AY.5.6 OR AY.5.7 OR AY.6 OR AY.7 OR AY.7.1 OR AY.7.2 OR AY.8 OR AY.9 OR AY.9.1 OR AY.9.2 OR AY.9.2.1 OR AY.9.2.2 OR AY.10 OR AY.11 OR AY.12 OR AY.13 OR AY.14 OR AY.15 OR AY.16 OR AY.16.1 OR AY.17 OR AY.18 OR AY.19 OR AY.20 OR AY.20.1 OR AY.21 OR AY.22 OR AY.23 OR AY.23.1 OR AY.23.2 OR AY.24 OR AY.24.1 OR AY.25 OR AY.25.1 OR AY.25.1.1 OR AY.25.1.2 OR AY.25.2 OR AY.25.3 OR AY.26 OR AY.26.1 OR AY.27 OR AY.28 OR AY.29 OR AY.29.1 OR AY.29.2 OR AY.30 OR AY.31 OR AY.32 OR AY.33 OR AY.33.1 OR AY.33.2 OR AY.34 OR AY.34.1 OR AY.34.1.1 OR AY.34.2 OR AY.35 OR AY.36 OR AY.36.1 OR AY.37 OR AY.38 OR AY.39 OR AY.39.1 OR AY.39.1.1 OR AY.39.1.2 OR AY.39.1.3 OR AY.39.1.4 OR AY.39.2 OR AY.39.3 OR AY.39.4 OR AY.40 OR AY.41 OR AY.42 OR AY.42.1 OR AY.43 OR AY.43.1 OR AY.43.2 OR AY.43.3 OR AY.43.4 OR AY.43.5 OR AY.43.6 OR AY.43.7 OR AY.43.8 OR AY.43.9 OR AY.44 OR AY.45 OR AY.46 OR AY.46.1 OR AY.46.2 OR AY.46.3 OR AY.46.4 OR AY.46.5 OR AY.46.6 OR AY.46.6.1 OR AY.47 OR AY.48 OR AY.49 OR AY.50 OR AY.51 OR AY.52 OR AY.53 OR AY.54 OR AY.55 OR AY.56 OR AY.57 OR AY.58 OR AY.59 OR AY.60 OR AY.61 OR AY.62 OR AY.63 OR AY.64 OR AY.65 OR AY.66 OR AY.67 OR AY.68 OR AY.69 OR AY.70 OR AY.71 OR AY.72 OR AY.73 OR AY.74 OR AY.75 OR AY.75.1 OR AY.75.2 OR AY.75.3 OR AY.76 OR AY.77 OR AY.78 OR AY.79 OR AY.80 OR AY.81 OR AY.82 OR AY.83 OR AY.84 OR AY.85 OR AY.86 OR AY.87 OR AY.88 OR AY.89 OR AY.90 OR AY.91 OR AY.91.1 OR AY.92 OR AY.93 OR AY.94 OR AY.95 OR AY.96 OR AY.97 OR AY.98 OR AY.98.1 OR AY.98.1.1 OR AY.99 OR AY.99.1 OR AY.99.2 OR AY.100 OR AY.101 OR AY.102 OR AY.102.1 OR AY.102.2 OR AY.103 OR AY.103.1 OR AY.103.2 OR AY.104 OR AY.105 OR AY.106 OR AY.107 OR AY.108 OR AY.109 OR AY.110 OR AY.111 OR AY.112 OR AY.112.1 OR AY.112.2 OR AY.112.3 OR AY.113 OR AY.114 OR AY.115 OR AY.116 OR AY.116.1 OR AY.117 OR AY.118 OR AY.119 OR AY.119.1 OR AY.119.2 OR AY.120 OR AY.120.1 OR AY.120.2 OR AY.120.2.1 OR AY.121 OR AY.121.1 OR AY.122 OR AY.122.1 OR AY.122.2 OR AY.122.3 OR AY.122.4 OR AY.122.5 OR AY.122.6 OR AY.123 OR AY.123.1 OR AY.124 OR AY.124.1 OR AY.124.1.1 OR AY.125 OR AY.125.1 OR AY.126 OR AY.127 OR AY.127.1 OR AY.127.2 OR AY.127.3 OR AY.128 OR AY.129 OR AY.130 OR AY.131 OR AY.132 OR AY.133 OR AY.134 OR B.1.617.2,Delta,40.2142857142857,0,0
2021-02-18,100,0,55.8571428571429,0,0,8.72937892167467e-06,0.043673203095405,AY.1 OR AY.2 OR AY.3 OR AY.3.1 OR AY.3.2 OR AY.3.3 OR AY.3.4 OR AY.4 OR AY.4.1 OR AY.4.2 OR AY.4.2.1 OR AY.4.2.2 OR AY.4.2.3 OR AY.4.2.4 OR AY.4.2.5 OR AY.4.3 OR AY.4.4 OR AY.4.5 OR AY.4.6 OR AY.4.7 OR AY.4.8 OR AY.4.9 OR AY.4.10 OR AY.4.11 OR AY.4.12 OR AY.4.13 OR AY.4.14 OR AY.4.15 OR AY.4.16 OR AY.4.17 OR AY.5 OR AY.5.1 OR AY.5.2 OR AY.5.3 OR AY.5.4 OR AY.5.5 OR AY.5.6 OR AY.5.7 OR AY.6 OR AY.7 OR AY.7.1 OR AY.7.2 OR AY.8 OR AY.9 OR AY.9.1 OR AY.9.2 OR AY.9.2.1 OR AY.9.2.2 OR AY.10 OR AY.11 OR AY.12 OR AY.13 OR AY.14 OR AY.15 OR AY.16 OR AY.16.1 OR AY.17 OR AY.18 OR AY.19 OR AY.20 OR AY.20.1 OR AY.21 OR AY.22 OR AY.23 OR AY.23.1 OR AY.23.2 OR AY.24 OR AY.24.1 OR AY.25 OR AY.25.1 OR AY.25.1.1 OR AY.25.1.2 OR AY.25.2 OR AY.25.3 OR AY.26 OR AY.26.1 OR AY.27 OR AY.28 OR AY.29 OR AY.29.1 OR AY.29.2 OR AY.30 OR AY.31 OR AY.32 OR AY.33 OR AY.33.1 OR AY.33.2 OR AY.34 OR AY.34.1 OR AY.34.1.1 OR AY.34.2 OR AY.35 OR AY.36 OR AY.36.1 OR AY.37 OR AY.38 OR AY.39 OR AY.39.1 OR AY.39.1.1 OR AY.39.1.2 OR AY.39.1.3 OR AY.39.1.4 OR AY.39.2 OR AY.39.3 OR AY.39.4 OR AY.40 OR AY.41 OR AY.42 OR AY.42.1 OR AY.43 OR AY.43.1 OR AY.43.2 OR AY.43.3 OR AY.43.4 OR AY.43.5 OR AY.43.6 OR AY.43.7 OR AY.43.8 OR AY.43.9 OR AY.44 OR AY.45 OR AY.46 OR AY.46.1 OR AY.46.2 OR AY.46.3 OR AY.46.4 OR AY.46.5 OR AY.46.6 OR AY.46.6.1 OR AY.47 OR AY.48 OR AY.49 OR AY.50 OR AY.51 OR AY.52 OR AY.53 OR AY.54 OR AY.55 OR AY.56 OR AY.57 OR AY.58 OR AY.59 OR AY.60 OR AY.61 OR AY.62 OR AY.63 OR AY.64 OR AY.65 OR AY.66 OR AY.67 OR AY.68 OR AY.69 OR AY.70 OR AY.71 OR AY.72 OR AY.73 OR AY.74 OR AY.75 OR AY.75.1 OR AY.75.2 OR AY.75.3 OR AY.76 OR AY.77 OR AY.78 OR AY.79 OR AY.80 OR AY.81 OR AY.82 OR AY.83 OR AY.84 OR AY.85 OR AY.86 OR AY.87 OR AY.88 OR AY.89 OR AY.90 OR AY.91 OR AY.91.1 OR AY.92 OR AY.93 OR AY.94 OR AY.95 OR AY.96 OR AY.97 OR AY.98 OR AY.98.1 OR AY.98.1.1 OR AY.99 OR AY.99.1 OR AY.99.2 OR AY.100 OR AY.101 OR AY.102 OR AY.102.1 OR AY.102.2 OR AY.103 OR AY.103.1 OR AY.103.2 OR AY.104 OR AY.105 OR AY.106 OR AY.107 OR AY.108 OR AY.109 OR AY.110 OR AY.111 OR AY.112 OR AY.112.1 OR AY.112.2 OR AY.112.3 OR AY.113 OR AY.114 OR AY.115 OR AY.116 OR AY.116.1 OR AY.117 OR AY.118 OR AY.119 OR AY.119.1 OR AY.119.2 OR AY.120 OR AY.120.1 OR AY.120.2 OR AY.120.2.1 OR AY.121 OR AY.121.1 OR AY.122 OR AY.122.1 OR AY.122.2 OR AY.122.3 OR AY.122.4 OR AY.122.5 OR AY.122.6 OR AY.123 OR AY.123.1 OR AY.124 OR AY.124.1 OR AY.124.1.1 OR AY.125 OR AY.125.1 OR AY.126 OR AY.127 OR AY.127.1 OR AY.127.2 OR AY.127.3 OR AY.128 OR AY.129 OR AY.130 OR AY.131 OR AY.132 OR AY.133 OR AY.134 OR B.1.617.2,Delta,45.3571428571429,0,0
2021-02-19,78,0,62.7142857142857,0,0,7.76330143583422e-06,0.0389354336544959,AY.1 OR AY.2 OR AY.3 OR AY.3.1 OR AY.3.2 OR AY.3.3 OR AY.3.4 OR AY.4 OR AY.4.1 OR AY.4.2 OR AY.4.2.1 OR AY.4.2.2 OR AY.4.2.3 OR AY.4.2.4 OR AY.4.2.5 OR AY.4.3 OR AY.4.4 OR AY.4.5 OR AY.4.6 OR AY.4.7 OR AY.4.8 OR AY.4.9 OR AY.4.10 OR AY.4.11 OR AY.4.12 OR AY.4.13 OR AY.4.14 OR AY.4.15 OR AY.4.16 OR AY.4.17 OR AY.5 OR AY.5.1 OR AY.5.2 OR AY.5.3 OR AY.5.4 OR AY.5.5 OR AY.5.6 OR AY.5.7 OR AY.6 OR AY.7 OR AY.7.1 OR AY.7.2 OR AY.8 OR AY.9 OR AY.9.1 OR AY.9.2 OR AY.9.2.1 OR AY.9.2.2 OR AY.10 OR AY.11 OR AY.12 OR AY.13 OR AY.14 OR AY.15 OR AY.16 OR AY.16.1 OR AY.17 OR AY.18 OR AY.19 OR AY.20 OR AY.20.1 OR AY.21 OR AY.22 OR AY.23 OR AY.23.1 OR AY.23.2 OR AY.24 OR AY.24.1 OR AY.25 OR AY.25.1 OR AY.25.1.1 OR AY.25.1.2 OR AY.25.2 OR AY.25.3 OR AY.26 OR AY.26.1 OR AY.27 OR AY.28 OR AY.29 OR AY.29.1 OR AY.29.2 OR AY.30 OR AY.31 OR AY.32 OR AY.33 OR AY.33.1 OR AY.33.2 OR AY.34 OR AY.34.1 OR AY.34.1.1 OR AY.34.2 OR AY.35 OR AY.36 OR AY.36.1 OR AY.37 OR AY.38 OR AY.39 OR AY.39.1 OR AY.39.1.1 OR AY.39.1.2 OR AY.39.1.3 OR AY.39.1.4 OR AY.39.2 OR AY.39.3 OR AY.39.4 OR AY.40 OR AY.41 OR AY.42 OR AY.42.1 OR AY.43 OR AY.43.1 OR AY.43.2 OR AY.43.3 OR AY.43.4 OR AY.43.5 OR AY.43.6 OR AY.43.7 OR AY.43.8 OR AY.43.9 OR AY.44 OR AY.45 OR AY.46 OR AY.46.1 OR AY.46.2 OR AY.46.3 OR AY.46.4 OR AY.46.5 OR AY.46.6 OR AY.46.6.1 OR AY.47 OR AY.48 OR AY.49 OR AY.50 OR AY.51 OR AY.52 OR AY.53 OR AY.54 OR AY.55 OR AY.56 OR AY.57 OR AY.58 OR AY.59 OR AY.60 OR AY.61 OR AY.62 OR AY.63 OR AY.64 OR AY.65 OR AY.66 OR AY.67 OR AY.68 OR AY.69 OR AY.70 OR AY.71 OR AY.72 OR AY.73 OR AY.74 OR AY.75 OR AY.75.1 OR AY.75.2 OR AY.75.3 OR AY.76 OR AY.77 OR AY.78 OR AY.79 OR AY.80 OR AY.81 OR AY.82 OR AY.83 OR AY.84 OR AY.85 OR AY.86 OR AY.87 OR AY.88 OR AY.89 OR AY.90 OR AY.91 OR AY.91.1 OR AY.92 OR AY.93 OR AY.94 OR AY.95 OR AY.96 OR AY.97 OR AY.98 OR AY.98.1 OR AY.98.1.1 OR AY.99 OR AY.99.1 OR AY.99.2 OR AY.100 OR AY.101 OR AY.102 OR AY.102.1 OR AY.102.2 OR AY.103 OR AY.103.1 OR AY.103.2 OR AY.104 OR AY.105 OR AY.106 OR AY.107 OR AY.108 OR AY.109 OR AY.110 OR AY.111 OR AY.112 OR AY.112.1 OR AY.112.2 OR AY.112.3 OR AY.113 OR AY.114 OR AY.115 OR AY.116 OR AY.116.1 OR AY.117 OR AY.118 OR AY.119 OR AY.119.1 OR AY.119.2 OR AY.120 OR AY.120.1 OR AY.120.2 OR AY.120.2.1 OR AY.121 OR AY.121.1 OR AY.122 OR AY.122.1 OR AY.122.2 OR AY.122.3 OR AY.122.4 OR AY.122.5 OR AY.122.6 OR AY.123 OR AY.123.1 OR AY.124 OR AY.124.1 OR AY.124.1.1 OR AY.125 OR AY.125.1 OR AY.126 OR AY.127 OR AY.127.1 OR AY.127.2 OR AY.127.3 OR AY.128 OR AY.129 OR AY.130 OR AY.131 OR AY.132 OR AY.133 OR AY.134 OR B.1.617.2,Delta,49.8571428571429,0,0
2021-02-20,62,0,68.4285714285714,0,0,7.19457138457642e-06,0.0361353190163147,AY.1 OR AY.2 OR AY.3 OR AY.3.1 OR AY.3.2 OR AY.3.3 OR AY.3.4 OR AY.4 OR AY.4.1 OR AY.4.2 OR AY.4.2.1 OR AY.4.2.2 OR AY.4.2.3 OR AY.4.2.4 OR AY.4.2.5 OR AY.4.3 OR AY.4.4 OR AY.4.5 OR AY.4.6 OR AY.4.7 OR AY.4.8 OR AY.4.9 OR AY.4.10 OR AY.4.11 OR AY.4.12 OR AY.4.13 OR AY.4.14 OR AY.4.15 OR AY.4.16 OR AY.4.17 OR AY.5 OR AY.5.1 OR AY.5.2 OR AY.5.3 OR AY.5.4 OR AY.5.5 OR AY.5.6 OR AY.5.7 OR AY.6 OR AY.7 OR AY.7.1 OR AY.7.2 OR AY.8 OR AY.9 OR AY.9.1 OR AY.9.2 OR AY.9.2.1 OR AY.9.2.2 OR AY.10 OR AY.11 OR AY.12 OR AY.13 OR AY.14 OR AY.15 OR AY.16 OR AY.16.1 OR AY.17 OR AY.18 OR AY.19 OR AY.20 OR AY.20.1 OR AY.21 OR AY.22 OR AY.23 OR AY.23.1 OR AY.23.2 OR AY.24 OR AY.24.1 OR AY.25 OR AY.25.1 OR AY.25.1.1 OR AY.25.1.2 OR AY.25.2 OR AY.25.3 OR AY.26 OR AY.26.1 OR AY.27 OR AY.28 OR AY.29 OR AY.29.1 OR AY.29.2 OR AY.30 OR AY.31 OR AY.32 OR AY.33 OR AY.33.1 OR AY.33.2 OR AY.34 OR AY.34.1 OR AY.34.1.1 OR AY.34.2 OR AY.35 OR AY.36 OR AY.36.1 OR AY.37 OR AY.38 OR AY.39 OR AY.39.1 OR AY.39.1.1 OR AY.39.1.2 OR AY.39.1.3 OR AY.39.1.4 OR AY.39.2 OR AY.39.3 OR AY.39.4 OR AY.40 OR AY.41 OR AY.42 OR AY.42.1 OR AY.43 OR AY.43.1 OR AY.43.2 OR AY.43.3 OR AY.43.4 OR AY.43.5 OR AY.43.6 OR AY.43.7 OR AY.43.8 OR AY.43.9 OR AY.44 OR AY.45 OR AY.46 OR AY.46.1 OR AY.46.2 OR AY.46.3 OR AY.46.4 OR AY.46.5 OR AY.46.6 OR AY.46.6.1 OR AY.47 OR AY.48 OR AY.49 OR AY.50 OR AY.51 OR AY.52 OR AY.53 OR AY.54 OR AY.55 OR AY.56 OR AY.57 OR AY.58 OR AY.59 OR AY.60 OR AY.61 OR AY.62 OR AY.63 OR AY.64 OR AY.65 OR AY.66 OR AY.67 OR AY.68 OR AY.69 OR AY.70 OR AY.71 OR AY.72 OR AY.73 OR AY.74 OR AY.75 OR AY.75.1 OR AY.75.2 OR AY.75.3 OR AY.76 OR AY.77 OR AY.78 OR AY.79 OR AY.80 OR AY.81 OR AY.82 OR AY.83 OR AY.84 OR AY.85 OR AY.86 OR AY.87 OR AY.88 OR AY.89 OR AY.90 OR AY.91 OR AY.91.1 OR AY.92 OR AY.93 OR AY.94 OR AY.95 OR AY.96 OR AY.97 OR AY.98 OR AY.98.1 OR AY.98.1.1 OR AY.99 OR AY.99.1 OR AY.99.2 OR AY.100 OR AY.101 OR AY.102 OR AY.102.1 OR AY.102.2 OR AY.103 OR AY.103.1 OR AY.103.2 OR AY.104 OR AY.105 OR AY.106 OR AY.107 OR AY.108 OR AY.109 OR AY.110 OR AY.111 OR AY.112 OR AY.112.1 OR AY.112.2 OR AY.112.3 OR AY.113 OR AY.114 OR AY.115 OR AY.116 OR AY.116.1 OR AY.117 OR AY.118 OR AY.119 OR AY.119.1 OR AY.119.2 OR AY.120 OR AY.120.1 OR AY.120.2 OR AY.120.2.1 OR AY.121 OR AY.121.1 OR AY.122 OR AY.122.1 OR AY.122.2 OR AY.122.3 OR AY.122.4 OR AY.122.5 OR AY.122.6 OR AY.123 OR AY.123.1 OR AY.124 OR AY.124.1 OR AY.124.1.1 OR AY.125 OR AY.125.1 OR AY.126 OR AY.127 OR AY.127.1 OR AY.127.2 OR AY.127.3 OR AY.128 OR AY.129 OR AY.130 OR AY.131 OR AY.132 OR AY.133 OR AY.134 OR B.1.617.2,Delta,53.2142857142857,0,0
2021-02-21,25,0,69.1428571428572,0,0,7.09068038963006e-06,0.0356229347352303,AY.1 OR AY.2 OR AY.3 OR AY.3.1 OR AY.3.2 OR AY.3.3 OR AY.3.4 OR AY.4 OR AY.4.1 OR AY.4.2 OR AY.4.2.1 OR AY.4.2.2 OR AY.4.2.3 OR AY.4.2.4 OR AY.4.2.5 OR AY.4.3 OR AY.4.4 OR AY.4.5 OR AY.4.6 OR AY.4.7 OR AY.4.8 OR AY.4.9 OR AY.4.10 OR AY.4.11 OR AY.4.12 OR AY.4.13 OR AY.4.14 OR AY.4.15 OR AY.4.16 OR AY.4.17 OR AY.5 OR AY.5.1 OR AY.5.2 OR AY.5.3 OR AY.5.4 OR AY.5.5 OR AY.5.6 OR AY.5.7 OR AY.6 OR AY.7 OR AY.7.1 OR AY.7.2 OR AY.8 OR AY.9 OR AY.9.1 OR AY.9.2 OR AY.9.2.1 OR AY.9.2.2 OR AY.10 OR AY.11 OR AY.12 OR AY.13 OR AY.14 OR AY.15 OR AY.16 OR AY.16.1 OR AY.17 OR AY.18 OR AY.19 OR AY.20 OR AY.20.1 OR AY.21 OR AY.22 OR AY.23 OR AY.23.1 OR AY.23.2 OR AY.24 OR AY.24.1 OR AY.25 OR AY.25.1 OR AY.25.1.1 OR AY.25.1.2 OR AY.25.2 OR AY.25.3 OR AY.26 OR AY.26.1 OR AY.27 OR AY.28 OR AY.29 OR AY.29.1 OR AY.29.2 OR AY.30 OR AY.31 OR AY.32 OR AY.33 OR AY.33.1 OR AY.33.2 OR AY.34 OR AY.34.1 OR AY.34.1.1 OR AY.34.2 OR AY.35 OR AY.36 OR AY.36.1 OR AY.37 OR AY.38 OR AY.39 OR AY.39.1 OR AY.39.1.1 OR AY.39.1.2 OR AY.39.1.3 OR AY.39.1.4 OR AY.39.2 OR AY.39.3 OR AY.39.4 OR AY.40 OR AY.41 OR AY.42 OR AY.42.1 OR AY.43 OR AY.43.1 OR AY.43.2 OR AY.43.3 OR AY.43.4 OR AY.43.5 OR AY.43.6 OR AY.43.7 OR AY.43.8 OR AY.43.9 OR AY.44 OR AY.45 OR AY.46 OR AY.46.1 OR AY.46.2 OR AY.46.3 OR AY.46.4 OR AY.46.5 OR AY.46.6 OR AY.46.6.1 OR AY.47 OR AY.48 OR AY.49 OR AY.50 OR AY.51 OR AY.52 OR AY.53 OR AY.54 OR AY.55 OR AY.56 OR AY.57 OR AY.58 OR AY.59 OR AY.60 OR AY.61 OR AY.62 OR AY.63 OR AY.64 OR AY.65 OR AY.66 OR AY.67 OR AY.68 OR AY.69 OR AY.70 OR AY.71 OR AY.72 OR AY.73 OR AY.74 OR AY.75 OR AY.75.1 OR AY.75.2 OR AY.75.3 OR AY.76 OR AY.77 OR AY.78 OR AY.79 OR AY.80 OR AY.81 OR AY.82 OR AY.83 OR AY.84 OR AY.85 OR AY.86 OR AY.87 OR AY.88 OR AY.89 OR AY.90 OR AY.91 OR AY.91.1 OR AY.92 OR AY.93 OR AY.94 OR AY.95 OR AY.96 OR AY.97 OR AY.98 OR AY.98.1 OR AY.98.1.1 OR AY.99 OR AY.99.1 OR AY.99.2 OR AY.100 OR AY.101 OR AY.102 OR AY.102.1 OR AY.102.2 OR AY.103 OR AY.103.1 OR AY.103.2 OR AY.104 OR AY.105 OR AY.106 OR AY.107 OR AY.108 OR AY.109 OR AY.110 OR AY.111 OR AY.112 OR AY.112.1 OR AY.112.2 OR AY.112.3 OR AY.113 OR AY.114 OR AY.115 OR AY.116 OR AY.116.1 OR AY.117 OR AY.118 OR AY.119 OR AY.119.1 OR AY.119.2 OR AY.120 OR AY.120.1 OR AY.120.2 OR AY.120.2.1 OR AY.121 OR AY.121.1 OR AY.122 OR AY.122.1 OR AY.122.2 OR AY.122.3 OR AY.122.4 OR AY.122.5 OR AY.122.6 OR AY.123 OR AY.123.1 OR AY.124 OR AY.124.1 OR AY.124.1.1 OR AY.125 OR AY.125.1 OR AY.126 OR AY.127 OR AY.127.1 OR AY.127.2 OR AY.127.3 OR AY.128 OR AY.129 OR AY.130 OR AY.131 OR AY.132 OR AY.133 OR AY.134 OR B.1.617.2,Delta,54.2857142857143,0,0
2021-02-22,143,0,76.8571428571429,0,0,6.35638091717777e-06,0.0319936262649119,AY.1 OR AY.2 OR AY.3 OR AY.3.1 OR AY.3.2 OR AY.3.3 OR AY.3.4 OR AY.4 OR AY.4.1 OR AY.4.2 OR AY.4.2.1 OR AY.4.2.2 OR AY.4.2.3 OR AY.4.2.4 OR AY.4.2.5 OR AY.4.3 OR AY.4.4 OR AY.4.5 OR AY.4.6 OR AY.4.7 OR AY.4.8 OR AY.4.9 OR AY.4.10 OR AY.4.11 OR AY.4.12 OR AY.4.13 OR AY.4.14 OR AY.4.15 OR AY.4.16 OR AY.4.17 OR AY.5 OR AY.5.1 OR AY.5.2 OR AY.5.3 OR AY.5.4 OR AY.5.5 OR AY.5.6 OR AY.5.7 OR AY.6 OR AY.7 OR AY.7.1 OR AY.7.2 OR AY.8 OR AY.9 OR AY.9.1 OR AY.9.2 OR AY.9.2.1 OR AY.9.2.2 OR AY.10 OR AY.11 OR AY.12 OR AY.13 OR AY.14 OR AY.15 OR AY.16 OR AY.16.1 OR AY.17 OR AY.18 OR AY.19 OR AY.20 OR AY.20.1 OR AY.21 OR AY.22 OR AY.23 OR AY.23.1 OR AY.23.2 OR AY.24 OR AY.24.1 OR AY.25 OR AY.25.1 OR AY.25.1.1 OR AY.25.1.2 OR AY.25.2 OR AY.25.3 OR AY.26 OR AY.26.1 OR AY.27 OR AY.28 OR AY.29 OR AY.29.1 OR AY.29.2 OR AY.30 OR AY.31 OR AY.32 OR AY.33 OR AY.33.1 OR AY.33.2 OR AY.34 OR AY.34.1 OR AY.34.1.1 OR AY.34.2 OR AY.35 OR AY.36 OR AY.36.1 OR AY.37 OR AY.38 OR AY.39 OR AY.39.1 OR AY.39.1.1 OR AY.39.1.2 OR AY.39.1.3 OR AY.39.1.4 OR AY.39.2 OR AY.39.3 OR AY.39.4 OR AY.40 OR AY.41 OR AY.42 OR AY.42.1 OR AY.43 OR AY.43.1 OR AY.43.2 OR AY.43.3 OR AY.43.4 OR AY.43.5 OR AY.43.6 OR AY.43.7 OR AY.43.8 OR AY.43.9 OR AY.44 OR AY.45 OR AY.46 OR AY.46.1 OR AY.46.2 OR AY.46.3 OR AY.46.4 OR AY.46.5 OR AY.46.6 OR AY.46.6.1 OR AY.47 OR AY.48 OR AY.49 OR AY.50 OR AY.51 OR AY.52 OR AY.53 OR AY.54 OR AY.55 OR AY.56 OR AY.57 OR AY.58 OR AY.59 OR AY.60 OR AY.61 OR AY.62 OR AY.63 OR AY.64 OR AY.65 OR AY.66 OR AY.67 OR AY.68 OR AY.69 OR AY.70 OR AY.71 OR AY.72 OR AY.73 OR AY.74 OR AY.75 OR AY.75.1 OR AY.75.2 OR AY.75.3 OR AY.76 OR AY.77 OR AY.78 OR AY.79 OR AY.80 OR AY.81 OR AY.82 OR AY.83 OR AY.84 OR AY.85 OR AY.86 OR AY.87 OR AY.88 OR AY.89 OR AY.90 OR AY.91 OR AY.91.1 OR AY.92 OR AY.93 OR AY.94 OR AY.95 OR AY.96 OR AY.97 OR AY.98 OR AY.98.1 OR AY.98.1.1 OR AY.99 OR AY.99.1 OR AY.99.2 OR AY.100 OR AY.101 OR AY.102 OR AY.102.1 OR AY.102.2 OR AY.103 OR AY.103.1 OR AY.103.2 OR AY.104 OR AY.105 OR AY.106 OR AY.107 OR AY.108 OR AY.109 OR AY.110 OR AY.111 OR AY.112 OR AY.112.1 OR AY.112.2 OR AY.112.3 OR AY.113 OR AY.114 OR AY.115 OR AY.116 OR AY.116.1 OR AY.117 OR AY.118 OR AY.119 OR AY.119.1 OR AY.119.2 OR AY.120 OR AY.120.1 OR AY.120.2 OR AY.120.2.1 OR AY.121 OR AY.121.1 OR AY.122 OR AY.122.1 OR AY.122.2 OR AY.122.3 OR AY.122.4 OR AY.122.5 OR AY.122.6 OR AY.123 OR AY.123.1 OR AY.124 OR AY.124.1 OR AY.124.1.1 OR AY.125 OR AY.125.1 OR AY.126 OR AY.127 OR AY.127.1 OR AY.127.2 OR AY.127.3 OR AY.128 OR AY.129 OR AY.130 OR AY.131 OR AY.132 OR AY.133 OR AY.134 OR B.1.617.2,Delta,59.4285714285714,0,0
2021-02-23,139,0,86.1428571428571,0,0,5.69311417356093e-06,0.0287036444212419,AY.1 OR AY.2 OR AY.3 OR AY.3.1 OR AY.3.2 OR AY.3.3 OR AY.3.4 OR AY.4 OR AY.4.1 OR AY.4.2 OR AY.4.2.1 OR AY.4.2.2 OR AY.4.2.3 OR AY.4.2.4 OR AY.4.2.5 OR AY.4.3 OR AY.4.4 OR AY.4.5 OR AY.4.6 OR AY.4.7 OR AY.4.8 OR AY.4.9 OR AY.4.10 OR AY.4.11 OR AY.4.12 OR AY.4.13 OR AY.4.14 OR AY.4.15 OR AY.4.16 OR AY.4.17 OR AY.5 OR AY.5.1 OR AY.5.2 OR AY.5.3 OR AY.5.4 OR AY.5.5 OR AY.5.6 OR AY.5.7 OR AY.6 OR AY.7 OR AY.7.1 OR AY.7.2 OR AY.8 OR AY.9 OR AY.9.1 OR AY.9.2 OR AY.9.2.1 OR AY.9.2.2 OR AY.10 OR AY.11 OR AY.12 OR AY.13 OR AY.14 OR AY.15 OR AY.16 OR AY.16.1 OR AY.17 OR AY.18 OR AY.19 OR AY.20 OR AY.20.1 OR AY.21 OR AY.22 OR AY.23 OR AY.23.1 OR AY.23.2 OR AY.24 OR AY.24.1 OR AY.25 OR AY.25.1 OR AY.25.1.1 OR AY.25.1.2 OR AY.25.2 OR AY.25.3 OR AY.26 OR AY.26.1 OR AY.27 OR AY.28 OR AY.29 OR AY.29.1 OR AY.29.2 OR AY.30 OR AY.31 OR AY.32 OR AY.33 OR AY.33.1 OR AY.33.2 OR AY.34 OR AY.34.1 OR AY.34.1.1 OR AY.34.2 OR AY.35 OR AY.36 OR AY.36.1 OR AY.37 OR AY.38 OR AY.39 OR AY.39.1 OR AY.39.1.1 OR AY.39.1.2 OR AY.39.1.3 OR AY.39.1.4 OR AY.39.2 OR AY.39.3 OR AY.39.4 OR AY.40 OR AY.41 OR AY.42 OR AY.42.1 OR AY.43 OR AY.43.1 OR AY.43.2 OR AY.43.3 OR AY.43.4 OR AY.43.5 OR AY.43.6 OR AY.43.7 OR AY.43.8 OR AY.43.9 OR AY.44 OR AY.45 OR AY.46 OR AY.46.1 OR AY.46.2 OR AY.46.3 OR AY.46.4 OR AY.46.5 OR AY.46.6 OR AY.46.6.1 OR AY.47 OR AY.48 OR AY.49 OR AY.50 OR AY.51 OR AY.52 OR AY.53 OR AY.54 OR AY.55 OR AY.56 OR AY.57 OR AY.58 OR AY.59 OR AY.60 OR AY.61 OR AY.62 OR AY.63 OR AY.64 OR AY.65 OR AY.66 OR AY.67 OR AY.68 OR AY.69 OR AY.70 OR AY.71 OR AY.72 OR AY.73 OR AY.74 OR AY.75 OR AY.75.1 OR AY.75.2 OR AY.75.3 OR AY.76 OR AY.77 OR AY.78 OR AY.79 OR AY.80 OR AY.81 OR AY.82 OR AY.83 OR AY.84 OR AY.85 OR AY.86 OR AY.87 OR AY.88 OR AY.89 OR AY.90 OR AY.91 OR AY.91.1 OR AY.92 OR AY.93 OR AY.94 OR AY.95 OR AY.96 OR AY.97 OR AY.98 OR AY.98.1 OR AY.98.1.1 OR AY.99 OR AY.99.1 OR AY.99.2 OR AY.100 OR AY.101 OR AY.102 OR AY.102.1 OR AY.102.2 OR AY.103 OR AY.103.1 OR AY.103.2 OR AY.104 OR AY.105 OR AY.106 OR AY.107 OR AY.108 OR AY.109 OR AY.110 OR AY.111 OR AY.112 OR AY.112.1 OR AY.112.2 OR AY.112.3 OR AY.113 OR AY.114 OR AY.115 OR AY.116 OR AY.116.1 OR AY.117 OR AY.118 OR AY.119 OR AY.119.1 OR AY.119.2 OR AY.120 OR AY.120.1 OR AY.120.2 OR AY.120.2.1 OR AY.121 OR AY.121.1 OR AY.122 OR AY.122.1 OR AY.122.2 OR AY.122.3 OR AY.122.4 OR AY.122.5 OR AY.122.6 OR AY.123 OR AY.123.1 OR AY.124 OR AY.124.1 OR AY.124.1.1 OR AY.125 OR AY.125.1 OR AY.126 OR AY.127 OR AY.127.1 OR AY.127.2 OR AY.127.3 OR AY.128 OR AY.129 OR AY.130 OR AY.131 OR AY.132 OR AY.133 OR AY.134 OR B.1.617.2,Delta,65.8571428571429,0,0
2021-02-24,202,0,107,0,0,4.57838787938409e-06,0.0231490629055322,AY.1 OR AY.2 OR AY.3 OR AY.3.1 OR AY.3.2 OR AY.3.3 OR AY.3.4 OR AY.4 OR AY.4.1 OR AY.4.2 OR AY.4.2.1 OR AY.4.2.2 OR AY.4.2.3 OR AY.4.2.4 OR AY.4.2.5 OR AY.4.3 OR AY.4.4 OR AY.4.5 OR AY.4.6 OR AY.4.7 OR AY.4.8 OR AY.4.9 OR AY.4.10 OR AY.4.11 OR AY.4.12 OR AY.4.13 OR AY.4.14 OR AY.4.15 OR AY.4.16 OR AY.4.17 OR AY.5 OR AY.5.1 OR AY.5.2 OR AY.5.3 OR AY.5.4 OR AY.5.5 OR AY.5.6 OR AY.5.7 OR AY.6 OR AY.7 OR AY.7.1 OR AY.7.2 OR AY.8 OR AY.9 OR AY.9.1 OR AY.9.2 OR AY.9.2.1 OR AY.9.2.2 OR AY.10 OR AY.11 OR AY.12 OR AY.13 OR AY.14 OR AY.15 OR AY.16 OR AY.16.1 OR AY.17 OR AY.18 OR AY.19 OR AY.20 OR AY.20.1 OR AY.21 OR AY.22 OR AY.23 OR AY.23.1 OR AY.23.2 OR AY.24 OR AY.24.1 OR AY.25 OR AY.25.1 OR AY.25.1.1 OR AY.25.1.2 OR AY.25.2 OR AY.25.3 OR AY.26 OR AY.26.1 OR AY.27 OR AY.28 OR AY.29 OR AY.29.1 OR AY.29.2 OR AY.30 OR AY.31 OR AY.32 OR AY.33 OR AY.33.1 OR AY.33.2 OR AY.34 OR AY.34.1 OR AY.34.1.1 OR AY.34.2 OR AY.35 OR AY.36 OR AY.36.1 OR AY.37 OR AY.38 OR AY.39 OR AY.39.1 OR AY.39.1.1 OR AY.39.1.2 OR AY.39.1.3 OR AY.39.1.4 OR AY.39.2 OR AY.39.3 OR AY.39.4 OR AY.40 OR AY.41 OR AY.42 OR AY.42.1 OR AY.43 OR AY.43.1 OR AY.43.2 OR AY.43.3 OR AY.43.4 OR AY.43.5 OR AY.43.6 OR AY.43.7 OR AY.43.8 OR AY.43.9 OR AY.44 OR AY.45 OR AY.46 OR AY.46.1 OR AY.46.2 OR AY.46.3 OR AY.46.4 OR AY.46.5 OR AY.46.6 OR AY.46.6.1 OR AY.47 OR AY.48 OR AY.49 OR AY.50 OR AY.51 OR AY.52 OR AY.53 OR AY.54 OR AY.55 OR AY.56 OR AY.57 OR AY.58 OR AY.59 OR AY.60 OR AY.61 OR AY.62 OR AY.63 OR AY.64 OR AY.65 OR AY.66 OR AY.67 OR AY.68 OR AY.69 OR AY.70 OR AY.71 OR AY.72 OR AY.73 OR AY.74 OR AY.75 OR AY.75.1 OR AY.75.2 OR AY.75.3 OR AY.76 OR AY.77 OR AY.78 OR AY.79 OR AY.80 OR AY.81 OR AY.82 OR AY.83 OR AY.84 OR AY.85 OR AY.86 OR AY.87 OR AY.88 OR AY.89 OR AY.90 OR AY.91 OR AY.91.1 OR AY.92 OR AY.93 OR AY.94 OR AY.95 OR AY.96 OR AY.97 OR AY.98 OR AY.98.1 OR AY.98.1.1 OR AY.99 OR AY.99.1 OR AY.99.2 OR AY.100 OR AY.101 OR AY.102 OR AY.102.1 OR AY.102.2 OR AY.103 OR AY.103.1 OR AY.103.2 OR AY.104 OR AY.105 OR AY.106 OR AY.107 OR AY.108 OR AY.109 OR AY.110 OR AY.111 OR AY.112 OR AY.112.1 OR AY.112.2 OR AY.112.3 OR AY.113 OR AY.114 OR AY.115 OR AY.116 OR AY.116.1 OR AY.117 OR AY.118 OR AY.119 OR AY.119.1 OR AY.119.2 OR AY.120 OR AY.120.1 OR AY.120.2 OR AY.120.2.1 OR AY.121 OR AY.121.1 OR AY.122 OR AY.122.1 OR AY.122.2 OR AY.122.3 OR AY.122.4 OR AY.122.5 OR AY.122.6 OR AY.123 OR AY.123.1 OR AY.124 OR AY.124.1 OR AY.124.1.1 OR AY.125 OR AY.125.1 OR AY.126 OR AY.127 OR AY.127.1 OR AY.127.2 OR AY.127.3 OR AY.128 OR AY.129 OR AY.130 OR AY.131 OR AY.132 OR AY.133 OR AY.134 OR B.1.617.2,Delta,76.6428571428572,0,0
2021-02-25,106,0,107.857142857143,0,0,4.53609362576091e-06,0.0229376894287247,AY.1 OR AY.2 OR AY.3 OR AY.3.1 OR AY.3.2 OR AY.3.3 OR AY.3.4 OR AY.4 OR AY.4.1 OR AY.4.2 OR AY.4.2.1 OR AY.4.2.2 OR AY.4.2.3 OR AY.4.2.4 OR AY.4.2.5 OR AY.4.3 OR AY.4.4 OR AY.4.5 OR AY.4.6 OR AY.4.7 OR AY.4.8 OR AY.4.9 OR AY.4.10 OR AY.4.11 OR AY.4.12 OR AY.4.13 OR AY.4.14 OR AY.4.15 OR AY.4.16 OR AY.4.17 OR AY.5 OR AY.5.1 OR AY.5.2 OR AY.5.3 OR AY.5.4 OR AY.5.5 OR AY.5.6 OR AY.5.7 OR AY.6 OR AY.7 OR AY.7.1 OR AY.7.2 OR AY.8 OR AY.9 OR AY.9.1 OR AY.9.2 OR AY.9.2.1 OR AY.9.2.2 OR AY.10 OR AY.11 OR AY.12 OR AY.13 OR AY.14 OR AY.15 OR AY.16 OR AY.16.1 OR AY.17 OR AY.18 OR AY.19 OR AY.20 OR AY.20.1 OR AY.21 OR AY.22 OR AY.23 OR AY.23.1 OR AY.23.2 OR AY.24 OR AY.24.1 OR AY.25 OR AY.25.1 OR AY.25.1.1 OR AY.25.1.2 OR AY.25.2 OR AY.25.3 OR AY.26 OR AY.26.1 OR AY.27 OR AY.28 OR AY.29 OR AY.29.1 OR AY.29.2 OR AY.30 OR AY.31 OR AY.32 OR AY.33 OR AY.33.1 OR AY.33.2 OR AY.34 OR AY.34.1 OR AY.34.1.1 OR AY.34.2 OR AY.35 OR AY.36 OR AY.36.1 OR AY.37 OR AY.38 OR AY.39 OR AY.39.1 OR AY.39.1.1 OR AY.39.1.2 OR AY.39.1.3 OR AY.39.1.4 OR AY.39.2 OR AY.39.3 OR AY.39.4 OR AY.40 OR AY.41 OR AY.42 OR AY.42.1 OR AY.43 OR AY.43.1 OR AY.43.2 OR AY.43.3 OR AY.43.4 OR AY.43.5 OR AY.43.6 OR AY.43.7 OR AY.43.8 OR AY.43.9 OR AY.44 OR AY.45 OR AY.46 OR AY.46.1 OR AY.46.2 OR AY.46.3 OR AY.46.4 OR AY.46.5 OR AY.46.6 OR AY.46.6.1 OR AY.47 OR AY.48 OR AY.49 OR AY.50 OR AY.51 OR AY.52 OR AY.53 OR AY.54 OR AY.55 OR AY.56 OR AY.57 OR AY.58 OR AY.59 OR AY.60 OR AY.61 OR AY.62 OR AY.63 OR AY.64 OR AY.65 OR AY.66 OR AY.67 OR AY.68 OR AY.69 OR AY.70 OR AY.71 OR AY.72 OR AY.73 OR AY.74 OR AY.75 OR AY.75.1 OR AY.75.2 OR AY.75.3 OR AY.76 OR AY.77 OR AY.78 OR AY.79 OR AY.80 OR AY.81 OR AY.82 OR AY.83 OR AY.84 OR AY.85 OR AY.86 OR AY.87 OR AY.88 OR AY.89 OR AY.90 OR AY.91 OR AY.91.1 OR AY.92 OR AY.93 OR AY.94 OR AY.95 OR AY.96 OR AY.97 OR AY.98 OR AY.98.1 OR AY.98.1.1 OR AY.99 OR AY.99.1 OR AY.99.2 OR AY.100 OR AY.101 OR AY.102 OR AY.102.1 OR AY.102.2 OR AY.103 OR AY.103.1 OR AY.103.2 OR AY.104 OR AY.105 OR AY.106 OR AY.107 OR AY.108 OR AY.109 OR AY.110 OR AY.111 OR AY.112 OR AY.112.1 OR AY.112.2 OR AY.112.3 OR AY.113 OR AY.114 OR AY.115 OR AY.116 OR AY.116.1 OR AY.117 OR AY.118 OR AY.119 OR AY.119.1 OR AY.119.2 OR AY.120 OR AY.120.1 OR AY.120.2 OR AY.120.2.1 OR AY.121 OR AY.121.1 OR AY.122 OR AY.122.1 OR AY.122.2 OR AY.122.3 OR AY.122.4 OR AY.122.5 OR AY.122.6 OR AY.123 OR AY.123.1 OR AY.124 OR AY.124.1 OR AY.124.1.1 OR AY.125 OR AY.125.1 OR AY.126 OR AY.127 OR AY.127.1 OR AY.127.2 OR AY.127.3 OR AY.128 OR AY.129 OR AY.130 OR AY.131 OR AY.132 OR AY.133 OR AY.134 OR B.1.617.2,Delta,81.8571428571429,0,0
2021-02-26,79,0,108,0,0,4.53609362576091e-06,0.0229376894287247,AY.1 OR AY.2 OR AY.3 OR AY.3.1 OR AY.3.2 OR AY.3.3 OR AY.3.4 OR AY.4 OR AY.4.1 OR AY.4.2 OR AY.4.2.1 OR AY.4.2.2 OR AY.4.2.3 OR AY.4.2.4 OR AY.4.2.5 OR AY.4.3 OR AY.4.4 OR AY.4.5 OR AY.4.6 OR AY.4.7 OR AY.4.8 OR AY.4.9 OR AY.4.10 OR AY.4.11 OR AY.4.12 OR AY.4.13 OR AY.4.14 OR AY.4.15 OR AY.4.16 OR AY.4.17 OR AY.5 OR AY.5.1 OR AY.5.2 OR AY.5.3 OR AY.5.4 OR AY.5.5 OR AY.5.6 OR AY.5.7 OR AY.6 OR AY.7 OR AY.7.1 OR AY.7.2 OR AY.8 OR AY.9 OR AY.9.1 OR AY.9.2 OR AY.9.2.1 OR AY.9.2.2 OR AY.10 OR AY.11 OR AY.12 OR AY.13 OR AY.14 OR AY.15 OR AY.16 OR AY.16.1 OR AY.17 OR AY.18 OR AY.19 OR AY.20 OR AY.20.1 OR AY.21 OR AY.22 OR AY.23 OR AY.23.1 OR AY.23.2 OR AY.24 OR AY.24.1 OR AY.25 OR AY.25.1 OR AY.25.1.1 OR AY.25.1.2 OR AY.25.2 OR AY.25.3 OR AY.26 OR AY.26.1 OR AY.27 OR AY.28 OR AY.29 OR AY.29.1 OR AY.29.2 OR AY.30 OR AY.31 OR AY.32 OR AY.33 OR AY.33.1 OR AY.33.2 OR AY.34 OR AY.34.1 OR AY.34.1.1 OR AY.34.2 OR AY.35 OR AY.36 OR AY.36.1 OR AY.37 OR AY.38 OR AY.39 OR AY.39.1 OR AY.39.1.1 OR AY.39.1.2 OR AY.39.1.3 OR AY.39.1.4 OR AY.39.2 OR AY.39.3 OR AY.39.4 OR AY.40 OR AY.41 OR AY.42 OR AY.42.1 OR AY.43 OR AY.43.1 OR AY.43.2 OR AY.43.3 OR AY.43.4 OR AY.43.5 OR AY.43.6 OR AY.43.7 OR AY.43.8 OR AY.43.9 OR AY.44 OR AY.45 OR AY.46 OR AY.46.1 OR AY.46.2 OR AY.46.3 OR AY.46.4 OR AY.46.5 OR AY.46.6 OR AY.46.6.1 OR AY.47 OR AY.48 OR AY.49 OR AY.50 OR AY.51 OR AY.52 OR AY.53 OR AY.54 OR AY.55 OR AY.56 OR AY.57 OR AY.58 OR AY.59 OR AY.60 OR AY.61 OR AY.62 OR AY.63 OR AY.64 OR AY.65 OR AY.66 OR AY.67 OR AY.68 OR AY.69 OR AY.70 OR AY.71 OR AY.72 OR AY.73 OR AY.74 OR AY.75 OR AY.75.1 OR AY.75.2 OR AY.75.3 OR AY.76 OR AY.77 OR AY.78 OR AY.79 OR AY.80 OR AY.81 OR AY.82 OR AY.83 OR AY.84 OR AY.85 OR AY.86 OR AY.87 OR AY.88 OR AY.89 OR AY.90 OR AY.91 OR AY.91.1 OR AY.92 OR AY.93 OR AY.94 OR AY.95 OR AY.96 OR AY.97 OR AY.98 OR AY.98.1 OR AY.98.1.1 OR AY.99 OR AY.99.1 OR AY.99.2 OR AY.100 OR AY.101 OR AY.102 OR AY.102.1 OR AY.102.2 OR AY.103 OR AY.103.1 OR AY.103.2 OR AY.104 OR AY.105 OR AY.106 OR AY.107 OR AY.108 OR AY.109 OR AY.110 OR AY.111 OR AY.112 OR AY.112.1 OR AY.112.2 OR AY.112.3 OR AY.113 OR AY.114 OR AY.115 OR AY.116 OR AY.116.1 OR AY.117 OR AY.118 OR AY.119 OR AY.119.1 OR AY.119.2 OR AY.120 OR AY.120.1 OR AY.120.2 OR AY.120.2.1 OR AY.121 OR AY.121.1 OR AY.122 OR AY.122.1 OR AY.122.2 OR AY.122.3 OR AY.122.4 OR AY.122.5 OR AY.122.6 OR AY.123 OR AY.123.1 OR AY.124 OR AY.124.1 OR AY.124.1.1 OR AY.125 OR AY.125.1 OR AY.126 OR AY.127 OR AY.127.1 OR AY.127.2 OR AY.127.3 OR AY.128 OR AY.129 OR AY.130 OR AY.131 OR AY.132 OR AY.133 OR AY.134 OR B.1.617.2,Delta,85.3571428571429,0,0
2021-02-27,47,0,105.857142857143,0,0,4.62147825174262e-06,0.0233643680628732,AY.1 OR AY.2 OR AY.3 OR AY.3.1 OR AY.3.2 OR AY.3.3 OR AY.3.4 OR AY.4 OR AY.4.1 OR AY.4.2 OR AY.4.2.1 OR AY.4.2.2 OR AY.4.2.3 OR AY.4.2.4 OR AY.4.2.5 OR AY.4.3 OR AY.4.4 OR AY.4.5 OR AY.4.6 OR AY.4.7 OR AY.4.8 OR AY.4.9 OR AY.4.10 OR AY.4.11 OR AY.4.12 OR AY.4.13 OR AY.4.14 OR AY.4.15 OR AY.4.16 OR AY.4.17 OR AY.5 OR AY.5.1 OR AY.5.2 OR AY.5.3 OR AY.5.4 OR AY.5.5 OR AY.5.6 OR AY.5.7 OR AY.6 OR AY.7 OR AY.7.1 OR AY.7.2 OR AY.8 OR AY.9 OR AY.9.1 OR AY.9.2 OR AY.9.2.1 OR AY.9.2.2 OR AY.10 OR AY.11 OR AY.12 OR AY.13 OR AY.14 OR AY.15 OR AY.16 OR AY.16.1 OR AY.17 OR AY.18 OR AY.19 OR AY.20 OR AY.20.1 OR AY.21 OR AY.22 OR AY.23 OR AY.23.1 OR AY.23.2 OR AY.24 OR AY.24.1 OR AY.25 OR AY.25.1 OR AY.25.1.1 OR AY.25.1.2 OR AY.25.2 OR AY.25.3 OR AY.26 OR AY.26.1 OR AY.27 OR AY.28 OR AY.29 OR AY.29.1 OR AY.29.2 OR AY.30 OR AY.31 OR AY.32 OR AY.33 OR AY.33.1 OR AY.33.2 OR AY.34 OR AY.34.1 OR AY.34.1.1 OR AY.34.2 OR AY.35 OR AY.36 OR AY.36.1 OR AY.37 OR AY.38 OR AY.39 OR AY.39.1 OR AY.39.1.1 OR AY.39.1.2 OR AY.39.1.3 OR AY.39.1.4 OR AY.39.2 OR AY.39.3 OR AY.39.4 OR AY.40 OR AY.41 OR AY.42 OR AY.42.1 OR AY.43 OR AY.43.1 OR AY.43.2 OR AY.43.3 OR AY.43.4 OR AY.43.5 OR AY.43.6 OR AY.43.7 OR AY.43.8 OR AY.43.9 OR AY.44 OR AY.45 OR AY.46 OR AY.46.1 OR AY.46.2 OR AY.46.3 OR AY.46.4 OR AY.46.5 OR AY.46.6 OR AY.46.6.1 OR AY.47 OR AY.48 OR AY.49 OR AY.50 OR AY.51 OR AY.52 OR AY.53 OR AY.54 OR AY.55 OR AY.56 OR AY.57 OR AY.58 OR AY.59 OR AY.60 OR AY.61 OR AY.62 OR AY.63 OR AY.64 OR AY.65 OR AY.66 OR AY.67 OR AY.68 OR AY.69 OR AY.70 OR AY.71 OR AY.72 OR AY.73 OR AY.74 OR AY.75 OR AY.75.1 OR AY.75.2 OR AY.75.3 OR AY.76 OR AY.77 OR AY.78 OR AY.79 OR AY.80 OR AY.81 OR AY.82 OR AY.83 OR AY.84 OR AY.85 OR AY.86 OR AY.87 OR AY.88 OR AY.89 OR AY.90 OR AY.91 OR AY.91.1 OR AY.92 OR AY.93 OR AY.94 OR AY.95 OR AY.96 OR AY.97 OR AY.98 OR AY.98.1 OR AY.98.1.1 OR AY.99 OR AY.99.1 OR AY.99.2 OR AY.100 OR AY.101 OR AY.102 OR AY.102.1 OR AY.102.2 OR AY.103 OR AY.103.1 OR AY.103.2 OR AY.104 OR AY.105 OR AY.106 OR AY.107 OR AY.108 OR AY.109 OR AY.110 OR AY.111 OR AY.112 OR AY.112.1 OR AY.112.2 OR AY.112.3 OR AY.113 OR AY.114 OR AY.115 OR AY.116 OR AY.116.1 OR AY.117 OR AY.118 OR AY.119 OR AY.119.1 OR AY.119.2 OR AY.120 OR AY.120.1 OR AY.120.2 OR AY.120.2.1 OR AY.121 OR AY.121.1 OR AY.122 OR AY.122.1 OR AY.122.2 OR AY.122.3 OR AY.122.4 OR AY.122.5 OR AY.122.6 OR AY.123 OR AY.123.1 OR AY.124 OR AY.124.1 OR AY.124.1.1 OR AY.125 OR AY.125.1 OR AY.126 OR AY.127 OR AY.127.1 OR AY.127.2 OR AY.127.3 OR AY.128 OR AY.129 OR AY.130 OR AY.131 OR AY.132 OR AY.133 OR AY.134 OR B.1.617.2,Delta,87.1428571428571,0,0
2021-02-28,18,0,104.857142857143,0,0,4.66538743475149e-06,0.0235837156219346,AY.1 OR AY.2 OR AY.3 OR AY.3.1 OR AY.3.2 OR AY.3.3 OR AY.3.4 OR AY.4 OR AY.4.1 OR AY.4.2 OR AY.4.2.1 OR AY.4.2.2 OR AY.4.2.3 OR AY.4.2.4 OR AY.4.2.5 OR AY.4.3 OR AY.4.4 OR AY.4.5 OR AY.4.6 OR AY.4.7 OR AY.4.8 OR AY.4.9 OR AY.4.10 OR AY.4.11 OR AY.4.12 OR AY.4.13 OR AY.4.14 OR AY.4.15 OR AY.4.16 OR AY.4.17 OR AY.5 OR AY.5.1 OR AY.5.2 OR AY.5.3 OR AY.5.4 OR AY.5.5 OR AY.5.6 OR AY.5.7 OR AY.6 OR AY.7 OR AY.7.1 OR AY.7.2 OR AY.8 OR AY.9 OR AY.9.1 OR AY.9.2 OR AY.9.2.1 OR AY.9.2.2 OR AY.10 OR AY.11 OR AY.12 OR AY.13 OR AY.14 OR AY.15 OR AY.16 OR AY.16.1 OR AY.17 OR AY.18 OR AY.19 OR AY.20 OR AY.20.1 OR AY.21 OR AY.22 OR AY.23 OR AY.23.1 OR AY.23.2 OR AY.24 OR AY.24.1 OR AY.25 OR AY.25.1 OR AY.25.1.1 OR AY.25.1.2 OR AY.25.2 OR AY.25.3 OR AY.26 OR AY.26.1 OR AY.27 OR AY.28 OR AY.29 OR AY.29.1 OR AY.29.2 OR AY.30 OR AY.31 OR AY.32 OR AY.33 OR AY.33.1 OR AY.33.2 OR AY.34 OR AY.34.1 OR AY.34.1.1 OR AY.34.2 OR AY.35 OR AY.36 OR AY.36.1 OR AY.37 OR AY.38 OR AY.39 OR AY.39.1 OR AY.39.1.1 OR AY.39.1.2 OR AY.39.1.3 OR AY.39.1.4 OR AY.39.2 OR AY.39.3 OR AY.39.4 OR AY.40 OR AY.41 OR AY.42 OR AY.42.1 OR AY.43 OR AY.43.1 OR AY.43.2 OR AY.43.3 OR AY.43.4 OR AY.43.5 OR AY.43.6 OR AY.43.7 OR AY.43.8 OR AY.43.9 OR AY.44 OR AY.45 OR AY.46 OR AY.46.1 OR AY.46.2 OR AY.46.3 OR AY.46.4 OR AY.46.5 OR AY.46.6 OR AY.46.6.1 OR AY.47 OR AY.48 OR AY.49 OR AY.50 OR AY.51 OR AY.52 OR AY.53 OR AY.54 OR AY.55 OR AY.56 OR AY.57 OR AY.58 OR AY.59 OR AY.60 OR AY.61 OR AY.62 OR AY.63 OR AY.64 OR AY.65 OR AY.66 OR AY.67 OR AY.68 OR AY.69 OR AY.70 OR AY.71 OR AY.72 OR AY.73 OR AY.74 OR AY.75 OR AY.75.1 OR AY.75.2 OR AY.75.3 OR AY.76 OR AY.77 OR AY.78 OR AY.79 OR AY.80 OR AY.81 OR AY.82 OR AY.83 OR AY.84 OR AY.85 OR AY.86 OR AY.87 OR AY.88 OR AY.89 OR AY.90 OR AY.91 OR AY.91.1 OR AY.92 OR AY.93 OR AY.94 OR AY.95 OR AY.96 OR AY.97 OR AY.98 OR AY.98.1 OR AY.98.1.1 OR AY.99 OR AY.99.1 OR AY.99.2 OR AY.100 OR AY.101 OR AY.102 OR AY.102.1 OR AY.102.2 OR AY.103 OR AY.103.1 OR AY.103.2 OR AY.104 OR AY.105 OR AY.106 OR AY.107 OR AY.108 OR AY.109 OR AY.110 OR AY.111 OR AY.112 OR AY.112.1 OR AY.112.2 OR AY.112.3 OR AY.113 OR AY.114 OR AY.115 OR AY.116 OR AY.116.1 OR AY.117 OR AY.118 OR AY.119 OR AY.119.1 OR AY.119.2 OR AY.120 OR AY.120.1 OR AY.120.2 OR AY.120.2.1 OR AY.121 OR AY.121.1 OR AY.122 OR AY.122.1 OR AY.122.2 OR AY.122.3 OR AY.122.4 OR AY.122.5 OR AY.122.6 OR AY.123 OR AY.123.1 OR AY.124 OR AY.124.1 OR AY.124.1.1 OR AY.125 OR AY.125.1 OR AY.126 OR AY.127 OR AY.127.1 OR AY.127.2 OR AY.127.3 OR AY.128 OR AY.129 OR AY.130 OR AY.131 OR AY.132 OR AY.133 OR AY.134 OR B.1.617.2,Delta,87,0,0
2021-03-01,151,0,106,0,0,4.62147825174262e-06,0.0233643680628732,AY.1 OR AY.2 OR AY.3 OR AY.3.1 OR AY.3.2 OR AY.3.3 OR AY.3.4 OR AY.4 OR AY.4.1 OR AY.4.2 OR AY.4.2.1 OR AY.4.2.2 OR AY.4.2.3 OR AY.4.2.4 OR AY.4.2.5 OR AY.4.3 OR AY.4.4 OR AY.4.5 OR AY.4.6 OR AY.4.7 OR AY.4.8 OR AY.4.9 OR AY.4.10 OR AY.4.11 OR AY.4.12 OR AY.4.13 OR AY.4.14 OR AY.4.15 OR AY.4.16 OR AY.4.17 OR AY.5 OR AY.5.1 OR AY.5.2 OR AY.5.3 OR AY.5.4 OR AY.5.5 OR AY.5.6 OR AY.5.7 OR AY.6 OR AY.7 OR AY.7.1 OR AY.7.2 OR AY.8 OR AY.9 OR AY.9.1 OR AY.9.2 OR AY.9.2.1 OR AY.9.2.2 OR AY.10 OR AY.11 OR AY.12 OR AY.13 OR AY.14 OR AY.15 OR AY.16 OR AY.16.1 OR AY.17 OR AY.18 OR AY.19 OR AY.20 OR AY.20.1 OR AY.21 OR AY.22 OR AY.23 OR AY.23.1 OR AY.23.2 OR AY.24 OR AY.24.1 OR AY.25 OR AY.25.1 OR AY.25.1.1 OR AY.25.1.2 OR AY.25.2 OR AY.25.3 OR AY.26 OR AY.26.1 OR AY.27 OR AY.28 OR AY.29 OR AY.29.1 OR AY.29.2 OR AY.30 OR AY.31 OR AY.32 OR AY.33 OR AY.33.1 OR AY.33.2 OR AY.34 OR AY.34.1 OR AY.34.1.1 OR AY.34.2 OR AY.35 OR AY.36 OR AY.36.1 OR AY.37 OR AY.38 OR AY.39 OR AY.39.1 OR AY.39.1.1 OR AY.39.1.2 OR AY.39.1.3 OR AY.39.1.4 OR AY.39.2 OR AY.39.3 OR AY.39.4 OR AY.40 OR AY.41 OR AY.42 OR AY.42.1 OR AY.43 OR AY.43.1 OR AY.43.2 OR AY.43.3 OR AY.43.4 OR AY.43.5 OR AY.43.6 OR AY.43.7 OR AY.43.8 OR AY.43.9 OR AY.44 OR AY.45 OR AY.46 OR AY.46.1 OR AY.46.2 OR AY.46.3 OR AY.46.4 OR AY.46.5 OR AY.46.6 OR AY.46.6.1 OR AY.47 OR AY.48 OR AY.49 OR AY.50 OR AY.51 OR AY.52 OR AY.53 OR AY.54 OR AY.55 OR AY.56 OR AY.57 OR AY.58 OR AY.59 OR AY.60 OR AY.61 OR AY.62 OR AY.63 OR AY.64 OR AY.65 OR AY.66 OR AY.67 OR AY.68 OR AY.69 OR AY.70 OR AY.71 OR AY.72 OR AY.73 OR AY.74 OR AY.75 OR AY.75.1 OR AY.75.2 OR AY.75.3 OR AY.76 OR AY.77 OR AY.78 OR AY.79 OR AY.80 OR AY.81 OR AY.82 OR AY.83 OR AY.84 OR AY.85 OR AY.86 OR AY.87 OR AY.88 OR AY.89 OR AY.90 OR AY.91 OR AY.91.1 OR AY.92 OR AY.93 OR AY.94 OR AY.95 OR AY.96 OR AY.97 OR AY.98 OR AY.98.1 OR AY.98.1.1 OR AY.99 OR AY.99.1 OR AY.99.2 OR AY.100 OR AY.101 OR AY.102 OR AY.102.1 OR AY.102.2 OR AY.103 OR AY.103.1 OR AY.103.2 OR AY.104 OR AY.105 OR AY.106 OR AY.107 OR AY.108 OR AY.109 OR AY.110 OR AY.111 OR AY.112 OR AY.112.1 OR AY.112.2 OR AY.112.3 OR AY.113 OR AY.114 OR AY.115 OR AY.116 OR AY.116.1 OR AY.117 OR AY.118 OR AY.119 OR AY.119.1 OR AY.119.2 OR AY.120 OR AY.120.1 OR AY.120.2 OR AY.120.2.1 OR AY.121 OR AY.121.1 OR AY.122 OR AY.122.1 OR AY.122.2 OR AY.122.3 OR AY.122.4 OR AY.122.5 OR AY.122.6 OR AY.123 OR AY.123.1 OR AY.124 OR AY.124.1 OR AY.124.1.1 OR AY.125 OR AY.125.1 OR AY.126 OR AY.127 OR AY.127.1 OR AY.127.2 OR AY.127.3 OR AY.128 OR AY.129 OR AY.130 OR AY.131 OR AY.132 OR AY.133 OR AY.134 OR B.1.617.2,Delta,91.4285714285714,0,0
2021-03-02,238,0,120.142857142857,0,0,4.08343030781433e-06,0.020672550481579,AY.1 OR AY.2 OR AY.3 OR AY.3.1 OR AY.3.2 OR AY.3.3 OR AY.3.4 OR AY.4 OR AY.4.1 OR AY.4.2 OR AY.4.2.1 OR AY.4.2.2 OR AY.4.2.3 OR AY.4.2.4 OR AY.4.2.5 OR AY.4.3 OR AY.4.4 OR AY.4.5 OR AY.4.6 OR AY.4.7 OR AY.4.8 OR AY.4.9 OR AY.4.10 OR AY.4.11 OR AY.4.12 OR AY.4.13 OR AY.4.14 OR AY.4.15 OR AY.4.16 OR AY.4.17 OR AY.5 OR AY.5.1 OR AY.5.2 OR AY.5.3 OR AY.5.4 OR AY.5.5 OR AY.5.6 OR AY.5.7 OR AY.6 OR AY.7 OR AY.7.1 OR AY.7.2 OR AY.8 OR AY.9 OR AY.9.1 OR AY.9.2 OR AY.9.2.1 OR AY.9.2.2 OR AY.10 OR AY.11 OR AY.12 OR AY.13 OR AY.14 OR AY.15 OR AY.16 OR AY.16.1 OR AY.17 OR AY.18 OR AY.19 OR AY.20 OR AY.20.1 OR AY.21 OR AY.22 OR AY.23 OR AY.23.1 OR AY.23.2 OR AY.24 OR AY.24.1 OR AY.25 OR AY.25.1 OR AY.25.1.1 OR AY.25.1.2 OR AY.25.2 OR AY.25.3 OR AY.26 OR AY.26.1 OR AY.27 OR AY.28 OR AY.29 OR AY.29.1 OR AY.29.2 OR AY.30 OR AY.31 OR AY.32 OR AY.33 OR AY.33.1 OR AY.33.2 OR AY.34 OR AY.34.1 OR AY.34.1.1 OR AY.34.2 OR AY.35 OR AY.36 OR AY.36.1 OR AY.37 OR AY.38 OR AY.39 OR AY.39.1 OR AY.39.1.1 OR AY.39.1.2 OR AY.39.1.3 OR AY.39.1.4 OR AY.39.2 OR AY.39.3 OR AY.39.4 OR AY.40 OR AY.41 OR AY.42 OR AY.42.1 OR AY.43 OR AY.43.1 OR AY.43.2 OR AY.43.3 OR AY.43.4 OR AY.43.5 OR AY.43.6 OR AY.43.7 OR AY.43.8 OR AY.43.9 OR AY.44 OR AY.45 OR AY.46 OR AY.46.1 OR AY.46.2 OR AY.46.3 OR AY.46.4 OR AY.46.5 OR AY.46.6 OR AY.46.6.1 OR AY.47 OR AY.48 OR AY.49 OR AY.50 OR AY.51 OR AY.52 OR AY.53 OR AY.54 OR AY.55 OR AY.56 OR AY.57 OR AY.58 OR AY.59 OR AY.60 OR AY.61 OR AY.62 OR AY.63 OR AY.64 OR AY.65 OR AY.66 OR AY.67 OR AY.68 OR AY.69 OR AY.70 OR AY.71 OR AY.72 OR AY.73 OR AY.74 OR AY.75 OR AY.75.1 OR AY.75.2 OR AY.75.3 OR AY.76 OR AY.77 OR AY.78 OR AY.79 OR AY.80 OR AY.81 OR AY.82 OR AY.83 OR AY.84 OR AY.85 OR AY.86 OR AY.87 OR AY.88 OR AY.89 OR AY.90 OR AY.91 OR AY.91.1 OR AY.92 OR AY.93 OR AY.94 OR AY.95 OR AY.96 OR AY.97 OR AY.98 OR AY.98.1 OR AY.98.1.1 OR AY.99 OR AY.99.1 OR AY.99.2 OR AY.100 OR AY.101 OR AY.102 OR AY.102.1 OR AY.102.2 OR AY.103 OR AY.103.1 OR AY.103.2 OR AY.104 OR AY.105 OR AY.106 OR AY.107 OR AY.108 OR AY.109 OR AY.110 OR AY.111 OR AY.112 OR AY.112.1 OR AY.112.2 OR AY.112.3 OR AY.113 OR AY.114 OR AY.115 OR AY.116 OR AY.116.1 OR AY.117 OR AY.118 OR AY.119 OR AY.119.1 OR AY.119.2 OR AY.120 OR AY.120.1 OR AY.120.2 OR AY.120.2.1 OR AY.121 OR AY.121.1 OR AY.122 OR AY.122.1 OR AY.122.2 OR AY.122.3 OR AY.122.4 OR AY.122.5 OR AY.122.6 OR AY.123 OR AY.123.1 OR AY.124 OR AY.124.1 OR AY.124.1.1 OR AY.125 OR AY.125.1 OR AY.126 OR AY.127 OR AY.127.1 OR AY.127.2 OR AY.127.3 OR AY.128 OR AY.129 OR AY.130 OR AY.131 OR AY.132 OR AY.133 OR AY.134 OR B.1.617.2,Delta,103.142857142857,0,0
2021-03-03,159,0,114,0,0,4.29787595137051e-06,0.0217462964740351,AY.1 OR AY.2 OR AY.3 OR AY.3.1 OR AY.3.2 OR AY.3.3 OR AY.3.4 OR AY.4 OR AY.4.1 OR AY.4.2 OR AY.4.2.1 OR AY.4.2.2 OR AY.4.2.3 OR AY.4.2.4 OR AY.4.2.5 OR AY.4.3 OR AY.4.4 OR AY.4.5 OR AY.4.6 OR AY.4.7 OR AY.4.8 OR AY.4.9 OR AY.4.10 OR AY.4.11 OR AY.4.12 OR AY.4.13 OR AY.4.14 OR AY.4.15 OR AY.4.16 OR AY.4.17 OR AY.5 OR AY.5.1 OR AY.5.2 OR AY.5.3 OR AY.5.4 OR AY.5.5 OR AY.5.6 OR AY.5.7 OR AY.6 OR AY.7 OR AY.7.1 OR AY.7.2 OR AY.8 OR AY.9 OR AY.9.1 OR AY.9.2 OR AY.9.2.1 OR AY.9.2.2 OR AY.10 OR AY.11 OR AY.12 OR AY.13 OR AY.14 OR AY.15 OR AY.16 OR AY.16.1 OR AY.17 OR AY.18 OR AY.19 OR AY.20 OR AY.20.1 OR AY.21 OR AY.22 OR AY.23 OR AY.23.1 OR AY.23.2 OR AY.24 OR AY.24.1 OR AY.25 OR AY.25.1 OR AY.25.1.1 OR AY.25.1.2 OR AY.25.2 OR AY.25.3 OR AY.26 OR AY.26.1 OR AY.27 OR AY.28 OR AY.29 OR AY.29.1 OR AY.29.2 OR AY.30 OR AY.31 OR AY.32 OR AY.33 OR AY.33.1 OR AY.33.2 OR AY.34 OR AY.34.1 OR AY.34.1.1 OR AY.34.2 OR AY.35 OR AY.36 OR AY.36.1 OR AY.37 OR AY.38 OR AY.39 OR AY.39.1 OR AY.39.1.1 OR AY.39.1.2 OR AY.39.1.3 OR AY.39.1.4 OR AY.39.2 OR AY.39.3 OR AY.39.4 OR AY.40 OR AY.41 OR AY.42 OR AY.42.1 OR AY.43 OR AY.43.1 OR AY.43.2 OR AY.43.3 OR AY.43.4 OR AY.43.5 OR AY.43.6 OR AY.43.7 OR AY.43.8 OR AY.43.9 OR AY.44 OR AY.45 OR AY.46 OR AY.46.1 OR AY.46.2 OR AY.46.3 OR AY.46.4 OR AY.46.5 OR AY.46.6 OR AY.46.6.1 OR AY.47 OR AY.48 OR AY.49 OR AY.50 OR AY.51 OR AY.52 OR AY.53 OR AY.54 OR AY.55 OR AY.56 OR AY.57 OR AY.58 OR AY.59 OR AY.60 OR AY.61 OR AY.62 OR AY.63 OR AY.64 OR AY.65 OR AY.66 OR AY.67 OR AY.68 OR AY.69 OR AY.70 OR AY.71 OR AY.72 OR AY.73 OR AY.74 OR AY.75 OR AY.75.1 OR AY.75.2 OR AY.75.3 OR AY.76 OR AY.77 OR AY.78 OR AY.79 OR AY.80 OR AY.81 OR AY.82 OR AY.83 OR AY.84 OR AY.85 OR AY.86 OR AY.87 OR AY.88 OR AY.89 OR AY.90 OR AY.91 OR AY.91.1 OR AY.92 OR AY.93 OR AY.94 OR AY.95 OR AY.96 OR AY.97 OR AY.98 OR AY.98.1 OR AY.98.1.1 OR AY.99 OR AY.99.1 OR AY.99.2 OR AY.100 OR AY.101 OR AY.102 OR AY.102.1 OR AY.102.2 OR AY.103 OR AY.103.1 OR AY.103.2 OR AY.104 OR AY.105 OR AY.106 OR AY.107 OR AY.108 OR AY.109 OR AY.110 OR AY.111 OR AY.112 OR AY.112.1 OR AY.112.2 OR AY.112.3 OR AY.113 OR AY.114 OR AY.115 OR AY.116 OR AY.116.1 OR AY.117 OR AY.118 OR AY.119 OR AY.119.1 OR AY.119.2 OR AY.120 OR AY.120.1 OR AY.120.2 OR AY.120.2.1 OR AY.121 OR AY.121.1 OR AY.122 OR AY.122.1 OR AY.122.2 OR AY.122.3 OR AY.122.4 OR AY.122.5 OR AY.122.6 OR AY.123 OR AY.123.1 OR AY.124 OR AY.124.1 OR AY.124.1.1 OR AY.125 OR AY.125.1 OR AY.126 OR AY.127 OR AY.127.1 OR AY.127.2 OR AY.127.3 OR AY.128 OR AY.129 OR AY.130 OR AY.131 OR AY.132 OR AY.133 OR AY.134 OR B.1.617.2,Delta,110.5,0,0
2021-03-04,112,0,114.857142857143,0,0,4.26058444180264e-06,0.0215596596611785,AY.1 OR AY.2 OR AY.3 OR AY.3.1 OR AY.3.2 OR AY.3.3 OR AY.3.4 OR AY.4 OR AY.4.1 OR AY.4.2 OR AY.4.2.1 OR AY.4.2.2 OR AY.4.2.3 OR AY.4.2.4 OR AY.4.2.5 OR AY.4.3 OR AY.4.4 OR AY.4.5 OR AY.4.6 OR AY.4.7 OR AY.4.8 OR AY.4.9 OR AY.4.10 OR AY.4.11 OR AY.4.12 OR AY.4.13 OR AY.4.14 OR AY.4.15 OR AY.4.16 OR AY.4.17 OR AY.5 OR AY.5.1 OR AY.5.2 OR AY.5.3 OR AY.5.4 OR AY.5.5 OR AY.5.6 OR AY.5.7 OR AY.6 OR AY.7 OR AY.7.1 OR AY.7.2 OR AY.8 OR AY.9 OR AY.9.1 OR AY.9.2 OR AY.9.2.1 OR AY.9.2.2 OR AY.10 OR AY.11 OR AY.12 OR AY.13 OR AY.14 OR AY.15 OR AY.16 OR AY.16.1 OR AY.17 OR AY.18 OR AY.19 OR AY.20 OR AY.20.1 OR AY.21 OR AY.22 OR AY.23 OR AY.23.1 OR AY.23.2 OR AY.24 OR AY.24.1 OR AY.25 OR AY.25.1 OR AY.25.1.1 OR AY.25.1.2 OR AY.25.2 OR AY.25.3 OR AY.26 OR AY.26.1 OR AY.27 OR AY.28 OR AY.29 OR AY.29.1 OR AY.29.2 OR AY.30 OR AY.31 OR AY.32 OR AY.33 OR AY.33.1 OR AY.33.2 OR AY.34 OR AY.34.1 OR AY.34.1.1 OR AY.34.2 OR AY.35 OR AY.36 OR AY.36.1 OR AY.37 OR AY.38 OR AY.39 OR AY.39.1 OR AY.39.1.1 OR AY.39.1.2 OR AY.39.1.3 OR AY.39.1.4 OR AY.39.2 OR AY.39.3 OR AY.39.4 OR AY.40 OR AY.41 OR AY.42 OR AY.42.1 OR AY.43 OR AY.43.1 OR AY.43.2 OR AY.43.3 OR AY.43.4 OR AY.43.5 OR AY.43.6 OR AY.43.7 OR AY.43.8 OR AY.43.9 OR AY.44 OR AY.45 OR AY.46 OR AY.46.1 OR AY.46.2 OR AY.46.3 OR AY.46.4 OR AY.46.5 OR AY.46.6 OR AY.46.6.1 OR AY.47 OR AY.48 OR AY.49 OR AY.50 OR AY.51 OR AY.52 OR AY.53 OR AY.54 OR AY.55 OR AY.56 OR AY.57 OR AY.58 OR AY.59 OR AY.60 OR AY.61 OR AY.62 OR AY.63 OR AY.64 OR AY.65 OR AY.66 OR AY.67 OR AY.68 OR AY.69 OR AY.70 OR AY.71 OR AY.72 OR AY.73 OR AY.74 OR AY.75 OR AY.75.1 OR AY.75.2 OR AY.75.3 OR AY.76 OR AY.77 OR AY.78 OR AY.79 OR AY.80 OR AY.81 OR AY.82 OR AY.83 OR AY.84 OR AY.85 OR AY.86 OR AY.87 OR AY.88 OR AY.89 OR AY.90 OR AY.91 OR AY.91.1 OR AY.92 OR AY.93 OR AY.94 OR AY.95 OR AY.96 OR AY.97 OR AY.98 OR AY.98.1 OR AY.98.1.1 OR AY.99 OR AY.99.1 OR AY.99.2 OR AY.100 OR AY.101 OR AY.102 OR AY.102.1 OR AY.102.2 OR AY.103 OR AY.103.1 OR AY.103.2 OR AY.104 OR AY.105 OR AY.106 OR AY.107 OR AY.108 OR AY.109 OR AY.110 OR AY.111 OR AY.112 OR AY.112.1 OR AY.112.2 OR AY.112.3 OR AY.113 OR AY.114 OR AY.115 OR AY.116 OR AY.116.1 OR AY.117 OR AY.118 OR AY.119 OR AY.119.1 OR AY.119.2 OR AY.120 OR AY.120.1 OR AY.120.2 OR AY.120.2.1 OR AY.121 OR AY.121.1 OR AY.122 OR AY.122.1 OR AY.122.2 OR AY.122.3 OR AY.122.4 OR AY.122.5 OR AY.122.6 OR AY.123 OR AY.123.1 OR AY.124 OR AY.124.1 OR AY.124.1.1 OR AY.125 OR AY.125.1 OR AY.126 OR AY.127 OR AY.127.1 OR AY.127.2 OR AY.127.3 OR AY.128 OR AY.129 OR AY.130 OR AY.131 OR AY.132 OR AY.133 OR AY.134 OR B.1.617.2,Delta,111.357142857143,0,0
2021-03-05,73,0,114,0,0,4.29787595137051e-06,0.0217462964740351,AY.1 OR AY.2 OR AY.3 OR AY.3.1 OR AY.3.2 OR AY.3.3 OR AY.3.4 OR AY.4 OR AY.4.1 OR AY.4.2 OR AY.4.2.1 OR AY.4.2.2 OR AY.4.2.3 OR AY.4.2.4 OR AY.4.2.5 OR AY.4.3 OR AY.4.4 OR AY.4.5 OR AY.4.6 OR AY.4.7 OR AY.4.8 OR AY.4.9 OR AY.4.10 OR AY.4.11 OR AY.4.12 OR AY.4.13 OR AY.4.14 OR AY.4.15 OR AY.4.16 OR AY.4.17 OR AY.5 OR AY.5.1 OR AY.5.2 OR AY.5.3 OR AY.5.4 OR AY.5.5 OR AY.5.6 OR AY.5.7 OR AY.6 OR AY.7 OR AY.7.1 OR AY.7.2 OR AY.8 OR AY.9 OR AY.9.1 OR AY.9.2 OR AY.9.2.1 OR AY.9.2.2 OR AY.10 OR AY.11 OR AY.12 OR AY.13 OR AY.14 OR AY.15 OR AY.16 OR AY.16.1 OR AY.17 OR AY.18 OR AY.19 OR AY.20 OR AY.20.1 OR AY.21 OR AY.22 OR AY.23 OR AY.23.1 OR AY.23.2 OR AY.24 OR AY.24.1 OR AY.25 OR AY.25.1 OR AY.25.1.1 OR AY.25.1.2 OR AY.25.2 OR AY.25.3 OR AY.26 OR AY.26.1 OR AY.27 OR AY.28 OR AY.29 OR AY.29.1 OR AY.29.2 OR AY.30 OR AY.31 OR AY.32 OR AY.33 OR AY.33.1 OR AY.33.2 OR AY.34 OR AY.34.1 OR AY.34.1.1 OR AY.34.2 OR AY.35 OR AY.36 OR AY.36.1 OR AY.37 OR AY.38 OR AY.39 OR AY.39.1 OR AY.39.1.1 OR AY.39.1.2 OR AY.39.1.3 OR AY.39.1.4 OR AY.39.2 OR AY.39.3 OR AY.39.4 OR AY.40 OR AY.41 OR AY.42 OR AY.42.1 OR AY.43 OR AY.43.1 OR AY.43.2 OR AY.43.3 OR AY.43.4 OR AY.43.5 OR AY.43.6 OR AY.43.7 OR AY.43.8 OR AY.43.9 OR AY.44 OR AY.45 OR AY.46 OR AY.46.1 OR AY.46.2 OR AY.46.3 OR AY.46.4 OR AY.46.5 OR AY.46.6 OR AY.46.6.1 OR AY.47 OR AY.48 OR AY.49 OR AY.50 OR AY.51 OR AY.52 OR AY.53 OR AY.54 OR AY.55 OR AY.56 OR AY.57 OR AY.58 OR AY.59 OR AY.60 OR AY.61 OR AY.62 OR AY.63 OR AY.64 OR AY.65 OR AY.66 OR AY.67 OR AY.68 OR AY.69 OR AY.70 OR AY.71 OR AY.72 OR AY.73 OR AY.74 OR AY.75 OR AY.75.1 OR AY.75.2 OR AY.75.3 OR AY.76 OR AY.77 OR AY.78 OR AY.79 OR AY.80 OR AY.81 OR AY.82 OR AY.83 OR AY.84 OR AY.85 OR AY.86 OR AY.87 OR AY.88 OR AY.89 OR AY.90 OR AY.91 OR AY.91.1 OR AY.92 OR AY.93 OR AY.94 OR AY.95 OR AY.96 OR AY.97 OR AY.98 OR AY.98.1 OR AY.98.1.1 OR AY.99 OR AY.99.1 OR AY.99.2 OR AY.100 OR AY.101 OR AY.102 OR AY.102.1 OR AY.102.2 OR AY.103 OR AY.103.1 OR AY.103.2 OR AY.104 OR AY.105 OR AY.106 OR AY.107 OR AY.108 OR AY.109 OR AY.110 OR AY.111 OR AY.112 OR AY.112.1 OR AY.112.2 OR AY.112.3 OR AY.113 OR AY.114 OR AY.115 OR AY.116 OR AY.116.1 OR AY.117 OR AY.118 OR AY.119 OR AY.119.1 OR AY.119.2 OR AY.120 OR AY.120.1 OR AY.120.2 OR AY.120.2.1 OR AY.121 OR AY.121.1 OR AY.122 OR AY.122.1 OR AY.122.2 OR AY.122.3 OR AY.122.4 OR AY.122.5 OR AY.122.6 OR AY.123 OR AY.123.1 OR AY.124 OR AY.124.1 OR AY.124.1.1 OR AY.125 OR AY.125.1 OR AY.126 OR AY.127 OR AY.127.1 OR AY.127.2 OR AY.127.3 OR AY.128 OR AY.129 OR AY.130 OR AY.131 OR AY.132 OR AY.133 OR AY.134 OR B.1.617.2,Delta,111,0,0
2021-03-06,25,0,110.857142857143,0,0,4.4137728963029e-06,0.022326110902588,AY.1 OR AY.2 OR AY.3 OR AY.3.1 OR AY.3.2 OR AY.3.3 OR AY.3.4 OR AY.4 OR AY.4.1 OR AY.4.2 OR AY.4.2.1 OR AY.4.2.2 OR AY.4.2.3 OR AY.4.2.4 OR AY.4.2.5 OR AY.4.3 OR AY.4.4 OR AY.4.5 OR AY.4.6 OR AY.4.7 OR AY.4.8 OR AY.4.9 OR AY.4.10 OR AY.4.11 OR AY.4.12 OR AY.4.13 OR AY.4.14 OR AY.4.15 OR AY.4.16 OR AY.4.17 OR AY.5 OR AY.5.1 OR AY.5.2 OR AY.5.3 OR AY.5.4 OR AY.5.5 OR AY.5.6 OR AY.5.7 OR AY.6 OR AY.7 OR AY.7.1 OR AY.7.2 OR AY.8 OR AY.9 OR AY.9.1 OR AY.9.2 OR AY.9.2.1 OR AY.9.2.2 OR AY.10 OR AY.11 OR AY.12 OR AY.13 OR AY.14 OR AY.15 OR AY.16 OR AY.16.1 OR AY.17 OR AY.18 OR AY.19 OR AY.20 OR AY.20.1 OR AY.21 OR AY.22 OR AY.23 OR AY.23.1 OR AY.23.2 OR AY.24 OR AY.24.1 OR AY.25 OR AY.25.1 OR AY.25.1.1 OR AY.25.1.2 OR AY.25.2 OR AY.25.3 OR AY.26 OR AY.26.1 OR AY.27 OR AY.28 OR AY.29 OR AY.29.1 OR AY.29.2 OR AY.30 OR AY.31 OR AY.32 OR AY.33 OR AY.33.1 OR AY.33.2 OR AY.34 OR AY.34.1 OR AY.34.1.1 OR AY.34.2 OR AY.35 OR AY.36 OR AY.36.1 OR AY.37 OR AY.38 OR AY.39 OR AY.39.1 OR AY.39.1.1 OR AY.39.1.2 OR AY.39.1.3 OR AY.39.1.4 OR AY.39.2 OR AY.39.3 OR AY.39.4 OR AY.40 OR AY.41 OR AY.42 OR AY.42.1 OR AY.43 OR AY.43.1 OR AY.43.2 OR AY.43.3 OR AY.43.4 OR AY.43.5 OR AY.43.6 OR AY.43.7 OR AY.43.8 OR AY.43.9 OR AY.44 OR AY.45 OR AY.46 OR AY.46.1 OR AY.46.2 OR AY.46.3 OR AY.46.4 OR AY.46.5 OR AY.46.6 OR AY.46.6.1 OR AY.47 OR AY.48 OR AY.49 OR AY.50 OR AY.51 OR AY.52 OR AY.53 OR AY.54 OR AY.55 OR AY.56 OR AY.57 OR AY.58 OR AY.59 OR AY.60 OR AY.61 OR AY.62 OR AY.63 OR AY.64 OR AY.65 OR AY.66 OR AY.67 OR AY.68 OR AY.69 OR AY.70 OR AY.71 OR AY.72 OR AY.73 OR AY.74 OR AY.75 OR AY.75.1 OR AY.75.2 OR AY.75.3 OR AY.76 OR AY.77 OR AY.78 OR AY.79 OR AY.80 OR AY.81 OR AY.82 OR AY.83 OR AY.84 OR AY.85 OR AY.86 OR AY.87 OR AY.88 OR AY.89 OR AY.90 OR AY.91 OR AY.91.1 OR AY.92 OR AY.93 OR AY.94 OR AY.95 OR AY.96 OR AY.97 OR AY.98 OR AY.98.1 OR AY.98.1.1 OR AY.99 OR AY.99.1 OR AY.99.2 OR AY.100 OR AY.101 OR AY.102 OR AY.102.1 OR AY.102.2 OR AY.103 OR AY.103.1 OR AY.103.2 OR AY.104 OR AY.105 OR AY.106 OR AY.107 OR AY.108 OR AY.109 OR AY.110 OR AY.111 OR AY.112 OR AY.112.1 OR AY.112.2 OR AY.112.3 OR AY.113 OR AY.114 OR AY.115 OR AY.116 OR AY.116.1 OR AY.117 OR AY.118 OR AY.119 OR AY.119.1 OR AY.119.2 OR AY.120 OR AY.120.1 OR AY.120.2 OR AY.120.2.1 OR AY.121 OR AY.121.1 OR AY.122 OR AY.122.1 OR AY.122.2 OR AY.122.3 OR AY.122.4 OR AY.122.5 OR AY.122.6 OR AY.123 OR AY.123.1 OR AY.124 OR AY.124.1 OR AY.124.1.1 OR AY.125 OR AY.125.1 OR AY.126 OR AY.127 OR AY.127.1 OR AY.127.2 OR AY.127.3 OR AY.128 OR AY.129 OR AY.130 OR AY.131 OR AY.132 OR AY.133 OR AY.134 OR B.1.617.2,Delta,108.357142857143,0,0
2021-03-07,31,0,112.714285714286,0,0,4.33582602444266e-06,0.0219361926879704,AY.1 OR AY.2 OR AY.3 OR AY.3.1 OR AY.3.2 OR AY.3.3 OR AY.3.4 OR AY.4 OR AY.4.1 OR AY.4.2 OR AY.4.2.1 OR AY.4.2.2 OR AY.4.2.3 OR AY.4.2.4 OR AY.4.2.5 OR AY.4.3 OR AY.4.4 OR AY.4.5 OR AY.4.6 OR AY.4.7 OR AY.4.8 OR AY.4.9 OR AY.4.10 OR AY.4.11 OR AY.4.12 OR AY.4.13 OR AY.4.14 OR AY.4.15 OR AY.4.16 OR AY.4.17 OR AY.5 OR AY.5.1 OR AY.5.2 OR AY.5.3 OR AY.5.4 OR AY.5.5 OR AY.5.6 OR AY.5.7 OR AY.6 OR AY.7 OR AY.7.1 OR AY.7.2 OR AY.8 OR AY.9 OR AY.9.1 OR AY.9.2 OR AY.9.2.1 OR AY.9.2.2 OR AY.10 OR AY.11 OR AY.12 OR AY.13 OR AY.14 OR AY.15 OR AY.16 OR AY.16.1 OR AY.17 OR AY.18 OR AY.19 OR AY.20 OR AY.20.1 OR AY.21 OR AY.22 OR AY.23 OR AY.23.1 OR AY.23.2 OR AY.24 OR AY.24.1 OR AY.25 OR AY.25.1 OR AY.25.1.1 OR AY.25.1.2 OR AY.25.2 OR AY.25.3 OR AY.26 OR AY.26.1 OR AY.27 OR AY.28 OR AY.29 OR AY.29.1 OR AY.29.2 OR AY.30 OR AY.31 OR AY.32 OR AY.33 OR AY.33.1 OR AY.33.2 OR AY.34 OR AY.34.1 OR AY.34.1.1 OR AY.34.2 OR AY.35 OR AY.36 OR AY.36.1 OR AY.37 OR AY.38 OR AY.39 OR AY.39.1 OR AY.39.1.1 OR AY.39.1.2 OR AY.39.1.3 OR AY.39.1.4 OR AY.39.2 OR AY.39.3 OR AY.39.4 OR AY.40 OR AY.41 OR AY.42 OR AY.42.1 OR AY.43 OR AY.43.1 OR AY.43.2 OR AY.43.3 OR AY.43.4 OR AY.43.5 OR AY.43.6 OR AY.43.7 OR AY.43.8 OR AY.43.9 OR AY.44 OR AY.45 OR AY.46 OR AY.46.1 OR AY.46.2 OR AY.46.3 OR AY.46.4 OR AY.46.5 OR AY.46.6 OR AY.46.6.1 OR AY.47 OR AY.48 OR AY.49 OR AY.50 OR AY.51 OR AY.52 OR AY.53 OR AY.54 OR AY.55 OR AY.56 OR AY.57 OR AY.58 OR AY.59 OR AY.60 OR AY.61 OR AY.62 OR AY.63 OR AY.64 OR AY.65 OR AY.66 OR AY.67 OR AY.68 OR AY.69 OR AY.70 OR AY.71 OR AY.72 OR AY.73 OR AY.74 OR AY.75 OR AY.75.1 OR AY.75.2 OR AY.75.3 OR AY.76 OR AY.77 OR AY.78 OR AY.79 OR AY.80 OR AY.81 OR AY.82 OR AY.83 OR AY.84 OR AY.85 OR AY.86 OR AY.87 OR AY.88 OR AY.89 OR AY.90 OR AY.91 OR AY.91.1 OR AY.92 OR AY.93 OR AY.94 OR AY.95 OR AY.96 OR AY.97 OR AY.98 OR AY.98.1 OR AY.98.1.1 OR AY.99 OR AY.99.1 OR AY.99.2 OR AY.100 OR AY.101 OR AY.102 OR AY.102.1 OR AY.102.2 OR AY.103 OR AY.103.1 OR AY.103.2 OR AY.104 OR AY.105 OR AY.106 OR AY.107 OR AY.108 OR AY.109 OR AY.110 OR AY.111 OR AY.112 OR AY.112.1 OR AY.112.2 OR AY.112.3 OR AY.113 OR AY.114 OR AY.115 OR AY.116 OR AY.116.1 OR AY.117 OR AY.118 OR AY.119 OR AY.119.1 OR AY.119.2 OR AY.120 OR AY.120.1 OR AY.120.2 OR AY.120.2.1 OR AY.121 OR AY.121.1 OR AY.122 OR AY.122.1 OR AY.122.2 OR AY.122.3 OR AY.122.4 OR AY.122.5 OR AY.122.6 OR AY.123 OR AY.123.1 OR AY.124 OR AY.124.1 OR AY.124.1.1 OR AY.125 OR AY.125.1 OR AY.126 OR AY.127 OR AY.127.1 OR AY.127.2 OR AY.127.3 OR AY.128 OR AY.129 OR AY.130 OR AY.131 OR AY.132 OR AY.133 OR AY.134 OR B.1.617.2,Delta,108.785714285714,0,0
2021-03-08,170,0,115.428571428571,0,0,4.26058444180264e-06,0.0215596596611785,AY.1 OR AY.2 OR AY.3 OR AY.3.1 OR AY.3.2 OR AY.3.3 OR AY.3.4 OR AY.4 OR AY.4.1 OR AY.4.2 OR AY.4.2.1 OR AY.4.2.2 OR AY.4.2.3 OR AY.4.2.4 OR AY.4.2.5 OR AY.4.3 OR AY.4.4 OR AY.4.5 OR AY.4.6 OR AY.4.7 OR AY.4.8 OR AY.4.9 OR AY.4.10 OR AY.4.11 OR AY.4.12 OR AY.4.13 OR AY.4.14 OR AY.4.15 OR AY.4.16 OR AY.4.17 OR AY.5 OR AY.5.1 OR AY.5.2 OR AY.5.3 OR AY.5.4 OR AY.5.5 OR AY.5.6 OR AY.5.7 OR AY.6 OR AY.7 OR AY.7.1 OR AY.7.2 OR AY.8 OR AY.9 OR AY.9.1 OR AY.9.2 OR AY.9.2.1 OR AY.9.2.2 OR AY.10 OR AY.11 OR AY.12 OR AY.13 OR AY.14 OR AY.15 OR AY.16 OR AY.16.1 OR AY.17 OR AY.18 OR AY.19 OR AY.20 OR AY.20.1 OR AY.21 OR AY.22 OR AY.23 OR AY.23.1 OR AY.23.2 OR AY.24 OR AY.24.1 OR AY.25 OR AY.25.1 OR AY.25.1.1 OR AY.25.1.2 OR AY.25.2 OR AY.25.3 OR AY.26 OR AY.26.1 OR AY.27 OR AY.28 OR AY.29 OR AY.29.1 OR AY.29.2 OR AY.30 OR AY.31 OR AY.32 OR AY.33 OR AY.33.1 OR AY.33.2 OR AY.34 OR AY.34.1 OR AY.34.1.1 OR AY.34.2 OR AY.35 OR AY.36 OR AY.36.1 OR AY.37 OR AY.38 OR AY.39 OR AY.39.1 OR AY.39.1.1 OR AY.39.1.2 OR AY.39.1.3 OR AY.39.1.4 OR AY.39.2 OR AY.39.3 OR AY.39.4 OR AY.40 OR AY.41 OR AY.42 OR AY.42.1 OR AY.43 OR AY.43.1 OR AY.43.2 OR AY.43.3 OR AY.43.4 OR AY.43.5 OR AY.43.6 OR AY.43.7 OR AY.43.8 OR AY.43.9 OR AY.44 OR AY.45 OR AY.46 OR AY.46.1 OR AY.46.2 OR AY.46.3 OR AY.46.4 OR AY.46.5 OR AY.46.6 OR AY.46.6.1 OR AY.47 OR AY.48 OR AY.49 OR AY.50 OR AY.51 OR AY.52 OR AY.53 OR AY.54 OR AY.55 OR AY.56 OR AY.57 OR AY.58 OR AY.59 OR AY.60 OR AY.61 OR AY.62 OR AY.63 OR AY.64 OR AY.65 OR AY.66 OR AY.67 OR AY.68 OR AY.69 OR AY.70 OR AY.71 OR AY.72 OR AY.73 OR AY.74 OR AY.75 OR AY.75.1 OR AY.75.2 OR AY.75.3 OR AY.76 OR AY.77 OR AY.78 OR AY.79 OR AY.80 OR AY.81 OR AY.82 OR AY.83 OR AY.84 OR AY.85 OR AY.86 OR AY.87 OR AY.88 OR AY.89 OR AY.90 OR AY.91 OR AY.91.1 OR AY.92 OR AY.93 OR AY.94 OR AY.95 OR AY.96 OR AY.97 OR AY.98 OR AY.98.1 OR AY.98.1.1 OR AY.99 OR AY.99.1 OR AY.99.2 OR AY.100 OR AY.101 OR AY.102 OR AY.102.1 OR AY.102.2 OR AY.103 OR AY.103.1 OR AY.103.2 OR AY.104 OR AY.105 OR AY.106 OR AY.107 OR AY.108 OR AY.109 OR AY.110 OR AY.111 OR AY.112 OR AY.112.1 OR AY.112.2 OR AY.112.3 OR AY.113 OR AY.114 OR AY.115 OR AY.116 OR AY.116.1 OR AY.117 OR AY.118 OR AY.119 OR AY.119.1 OR AY.119.2 OR AY.120 OR AY.120.1 OR AY.120.2 OR AY.120.2.1 OR AY.121 OR AY.121.1 OR AY.122 OR AY.122.1 OR AY.122.2 OR AY.122.3 OR AY.122.4 OR AY.122.5 OR AY.122.6 OR AY.123 OR AY.123.1 OR AY.124 OR AY.124.1 OR AY.124.1.1 OR AY.125 OR AY.125.1 OR AY.126 OR AY.127 OR AY.127.1 OR AY.127.2 OR AY.127.3 OR AY.128 OR AY.129 OR AY.130 OR AY.131 OR AY.132 OR AY.133 OR AY.134 OR B.1.617.2,Delta,110.714285714286,0,0
2021-03-09,196,0,109.428571428571,0,0,4.49457362977039e-06,0.0227301409179991,AY.1 OR AY.2 OR AY.3 OR AY.3.1 OR AY.3.2 OR AY.3.3 OR AY.3.4 OR AY.4 OR AY.4.1 OR AY.4.2 OR AY.4.2.1 OR AY.4.2.2 OR AY.4.2.3 OR AY.4.2.4 OR AY.4.2.5 OR AY.4.3 OR AY.4.4 OR AY.4.5 OR AY.4.6 OR AY.4.7 OR AY.4.8 OR AY.4.9 OR AY.4.10 OR AY.4.11 OR AY.4.12 OR AY.4.13 OR AY.4.14 OR AY.4.15 OR AY.4.16 OR AY.4.17 OR AY.5 OR AY.5.1 OR AY.5.2 OR AY.5.3 OR AY.5.4 OR AY.5.5 OR AY.5.6 OR AY.5.7 OR AY.6 OR AY.7 OR AY.7.1 OR AY.7.2 OR AY.8 OR AY.9 OR AY.9.1 OR AY.9.2 OR AY.9.2.1 OR AY.9.2.2 OR AY.10 OR AY.11 OR AY.12 OR AY.13 OR AY.14 OR AY.15 OR AY.16 OR AY.16.1 OR AY.17 OR AY.18 OR AY.19 OR AY.20 OR AY.20.1 OR AY.21 OR AY.22 OR AY.23 OR AY.23.1 OR AY.23.2 OR AY.24 OR AY.24.1 OR AY.25 OR AY.25.1 OR AY.25.1.1 OR AY.25.1.2 OR AY.25.2 OR AY.25.3 OR AY.26 OR AY.26.1 OR AY.27 OR AY.28 OR AY.29 OR AY.29.1 OR AY.29.2 OR AY.30 OR AY.31 OR AY.32 OR AY.33 OR AY.33.1 OR AY.33.2 OR AY.34 OR AY.34.1 OR AY.34.1.1 OR AY.34.2 OR AY.35 OR AY.36 OR AY.36.1 OR AY.37 OR AY.38 OR AY.39 OR AY.39.1 OR AY.39.1.1 OR AY.39.1.2 OR AY.39.1.3 OR AY.39.1.4 OR AY.39.2 OR AY.39.3 OR AY.39.4 OR AY.40 OR AY.41 OR AY.42 OR AY.42.1 OR AY.43 OR AY.43.1 OR AY.43.2 OR AY.43.3 OR AY.43.4 OR AY.43.5 OR AY.43.6 OR AY.43.7 OR AY.43.8 OR AY.43.9 OR AY.44 OR AY.45 OR AY.46 OR AY.46.1 OR AY.46.2 OR AY.46.3 OR AY.46.4 OR AY.46.5 OR AY.46.6 OR AY.46.6.1 OR AY.47 OR AY.48 OR AY.49 OR AY.50 OR AY.51 OR AY.52 OR AY.53 OR AY.54 OR AY.55 OR AY.56 OR AY.57 OR AY.58 OR AY.59 OR AY.60 OR AY.61 OR AY.62 OR AY.63 OR AY.64 OR AY.65 OR AY.66 OR AY.67 OR AY.68 OR AY.69 OR AY.70 OR AY.71 OR AY.72 OR AY.73 OR AY.74 OR AY.75 OR AY.75.1 OR AY.75.2 OR AY.75.3 OR AY.76 OR AY.77 OR AY.78 OR AY.79 OR AY.80 OR AY.81 OR AY.82 OR AY.83 OR AY.84 OR AY.85 OR AY.86 OR AY.87 OR AY.88 OR AY.89 OR AY.90 OR AY.91 OR AY.91.1 OR AY.92 OR AY.93 OR AY.94 OR AY.95 OR AY.96 OR AY.97 OR AY.98 OR AY.98.1 OR AY.98.1.1 OR AY.99 OR AY.99.1 OR AY.99.2 OR AY.100 OR AY.101 OR AY.102 OR AY.102.1 OR AY.102.2 OR AY.103 OR AY.103.1 OR AY.103.2 OR AY.104 OR AY.105 OR AY.106 OR AY.107 OR AY.108 OR AY.109 OR AY.110 OR AY.111 OR AY.112 OR AY.112.1 OR AY.112.2 OR AY.112.3 OR AY.113 OR AY.114 OR AY.115 OR AY.116 OR AY.116.1 OR AY.117 OR AY.118 OR AY.119 OR AY.119.1 OR AY.119.2 OR AY.120 OR AY.120.1 OR AY.120.2 OR AY.120.2.1 OR AY.121 OR AY.121.1 OR AY.122 OR AY.122.1 OR AY.122.2 OR AY.122.3 OR AY.122.4 OR AY.122.5 OR AY.122.6 OR AY.123 OR AY.123.1 OR AY.124 OR AY.124.1 OR AY.124.1.1 OR AY.125 OR AY.125.1 OR AY.126 OR AY.127 OR AY.127.1 OR AY.127.2 OR AY.127.3 OR AY.128 OR AY.129 OR AY.130 OR AY.131 OR AY.132 OR AY.133 OR AY.134 OR B.1.617.2,Delta,114.785714285714,0,0
2021-03-10,298,0,129.285714285714,0,0,3.79909251070444e-06,0.0192470299765967,AY.1 OR AY.2 OR AY.3 OR AY.3.1 OR AY.3.2 OR AY.3.3 OR AY.3.4 OR AY.4 OR AY.4.1 OR AY.4.2 OR AY.4.2.1 OR AY.4.2.2 OR AY.4.2.3 OR AY.4.2.4 OR AY.4.2.5 OR AY.4.3 OR AY.4.4 OR AY.4.5 OR AY.4.6 OR AY.4.7 OR AY.4.8 OR AY.4.9 OR AY.4.10 OR AY.4.11 OR AY.4.12 OR AY.4.13 OR AY.4.14 OR AY.4.15 OR AY.4.16 OR AY.4.17 OR AY.5 OR AY.5.1 OR AY.5.2 OR AY.5.3 OR AY.5.4 OR AY.5.5 OR AY.5.6 OR AY.5.7 OR AY.6 OR AY.7 OR AY.7.1 OR AY.7.2 OR AY.8 OR AY.9 OR AY.9.1 OR AY.9.2 OR AY.9.2.1 OR AY.9.2.2 OR AY.10 OR AY.11 OR AY.12 OR AY.13 OR AY.14 OR AY.15 OR AY.16 OR AY.16.1 OR AY.17 OR AY.18 OR AY.19 OR AY.20 OR AY.20.1 OR AY.21 OR AY.22 OR AY.23 OR AY.23.1 OR AY.23.2 OR AY.24 OR AY.24.1 OR AY.25 OR AY.25.1 OR AY.25.1.1 OR AY.25.1.2 OR AY.25.2 OR AY.25.3 OR AY.26 OR AY.26.1 OR AY.27 OR AY.28 OR AY.29 OR AY.29.1 OR AY.29.2 OR AY.30 OR AY.31 OR AY.32 OR AY.33 OR AY.33.1 OR AY.33.2 OR AY.34 OR AY.34.1 OR AY.34.1.1 OR AY.34.2 OR AY.35 OR AY.36 OR AY.36.1 OR AY.37 OR AY.38 OR AY.39 OR AY.39.1 OR AY.39.1.1 OR AY.39.1.2 OR AY.39.1.3 OR AY.39.1.4 OR AY.39.2 OR AY.39.3 OR AY.39.4 OR AY.40 OR AY.41 OR AY.42 OR AY.42.1 OR AY.43 OR AY.43.1 OR AY.43.2 OR AY.43.3 OR AY.43.4 OR AY.43.5 OR AY.43.6 OR AY.43.7 OR AY.43.8 OR AY.43.9 OR AY.44 OR AY.45 OR AY.46 OR AY.46.1 OR AY.46.2 OR AY.46.3 OR AY.46.4 OR AY.46.5 OR AY.46.6 OR AY.46.6.1 OR AY.47 OR AY.48 OR AY.49 OR AY.50 OR AY.51 OR AY.52 OR AY.53 OR AY.54 OR AY.55 OR AY.56 OR AY.57 OR AY.58 OR AY.59 OR AY.60 OR AY.61 OR AY.62 OR AY.63 OR AY.64 OR AY.65 OR AY.66 OR AY.67 OR AY.68 OR AY.69 OR AY.70 OR AY.71 OR AY.72 OR AY.73 OR AY.74 OR AY.75 OR AY.75.1 OR AY.75.2 OR AY.75.3 OR AY.76 OR AY.77 OR AY.78 OR AY.79 OR AY.80 OR AY.81 OR AY.82 OR AY.83 OR AY.84 OR AY.85 OR AY.86 OR AY.87 OR AY.88 OR AY.89 OR AY.90 OR AY.91 OR AY.91.1 OR AY.92 OR AY.93 OR AY.94 OR AY.95 OR AY.96 OR AY.97 OR AY.98 OR AY.98.1 OR AY.98.1.1 OR AY.99 OR AY.99.1 OR AY.99.2 OR AY.100 OR AY.101 OR AY.102 OR AY.102.1 OR AY.102.2 OR AY.103 OR AY.103.1 OR AY.103.2 OR AY.104 OR AY.105 OR AY.106 OR AY.107 OR AY.108 OR AY.109 OR AY.110 OR AY.111 OR AY.112 OR AY.112.1 OR AY.112.2 OR AY.112.3 OR AY.113 OR AY.114 OR AY.115 OR AY.116 OR AY.116.1 OR AY.117 OR AY.118 OR AY.119 OR AY.119.1 OR AY.119.2 OR AY.120 OR AY.120.1 OR AY.120.2 OR AY.120.2.1 OR AY.121 OR AY.121.1 OR AY.122 OR AY.122.1 OR AY.122.2 OR AY.122.3 OR AY.122.4 OR AY.122.5 OR AY.122.6 OR AY.123 OR AY.123.1 OR AY.124 OR AY.124.1 OR AY.124.1.1 OR AY.125 OR AY.125.1 OR AY.126 OR AY.127 OR AY.127.1 OR AY.127.2 OR AY.127.3 OR AY.128 OR AY.129 OR AY.130 OR AY.131 OR AY.132 OR AY.133 OR AY.134 OR B.1.617.2,Delta,121.642857142857,0,0
2021-03-11,239,0,147.428571428571,0,0,3.33468952077885e-06,0.0169142901611745,AY.1 OR AY.2 OR AY.3 OR AY.3.1 OR AY.3.2 OR AY.3.3 OR AY.3.4 OR AY.4 OR AY.4.1 OR AY.4.2 OR AY.4.2.1 OR AY.4.2.2 OR AY.4.2.3 OR AY.4.2.4 OR AY.4.2.5 OR AY.4.3 OR AY.4.4 OR AY.4.5 OR AY.4.6 OR AY.4.7 OR AY.4.8 OR AY.4.9 OR AY.4.10 OR AY.4.11 OR AY.4.12 OR AY.4.13 OR AY.4.14 OR AY.4.15 OR AY.4.16 OR AY.4.17 OR AY.5 OR AY.5.1 OR AY.5.2 OR AY.5.3 OR AY.5.4 OR AY.5.5 OR AY.5.6 OR AY.5.7 OR AY.6 OR AY.7 OR AY.7.1 OR AY.7.2 OR AY.8 OR AY.9 OR AY.9.1 OR AY.9.2 OR AY.9.2.1 OR AY.9.2.2 OR AY.10 OR AY.11 OR AY.12 OR AY.13 OR AY.14 OR AY.15 OR AY.16 OR AY.16.1 OR AY.17 OR AY.18 OR AY.19 OR AY.20 OR AY.20.1 OR AY.21 OR AY.22 OR AY.23 OR AY.23.1 OR AY.23.2 OR AY.24 OR AY.24.1 OR AY.25 OR AY.25.1 OR AY.25.1.1 OR AY.25.1.2 OR AY.25.2 OR AY.25.3 OR AY.26 OR AY.26.1 OR AY.27 OR AY.28 OR AY.29 OR AY.29.1 OR AY.29.2 OR AY.30 OR AY.31 OR AY.32 OR AY.33 OR AY.33.1 OR AY.33.2 OR AY.34 OR AY.34.1 OR AY.34.1.1 OR AY.34.2 OR AY.35 OR AY.36 OR AY.36.1 OR AY.37 OR AY.38 OR AY.39 OR AY.39.1 OR AY.39.1.1 OR AY.39.1.2 OR AY.39.1.3 OR AY.39.1.4 OR AY.39.2 OR AY.39.3 OR AY.39.4 OR AY.40 OR AY.41 OR AY.42 OR AY.42.1 OR AY.43 OR AY.43.1 OR AY.43.2 OR AY.43.3 OR AY.43.4 OR AY.43.5 OR AY.43.6 OR AY.43.7 OR AY.43.8 OR AY.43.9 OR AY.44 OR AY.45 OR AY.46 OR AY.46.1 OR AY.46.2 OR AY.46.3 OR AY.46.4 OR AY.46.5 OR AY.46.6 OR AY.46.6.1 OR AY.47 OR AY.48 OR AY.49 OR AY.50 OR AY.51 OR AY.52 OR AY.53 OR AY.54 OR AY.55 OR AY.56 OR AY.57 OR AY.58 OR AY.59 OR AY.60 OR AY.61 OR AY.62 OR AY.63 OR AY.64 OR AY.65 OR AY.66 OR AY.67 OR AY.68 OR AY.69 OR AY.70 OR AY.71 OR AY.72 OR AY.73 OR AY.74 OR AY.75 OR AY.75.1 OR AY.75.2 OR AY.75.3 OR AY.76 OR AY.77 OR AY.78 OR AY.79 OR AY.80 OR AY.81 OR AY.82 OR AY.83 OR AY.84 OR AY.85 OR AY.86 OR AY.87 OR AY.88 OR AY.89 OR AY.90 OR AY.91 OR AY.91.1 OR AY.92 OR AY.93 OR AY.94 OR AY.95 OR AY.96 OR AY.97 OR AY.98 OR AY.98.1 OR AY.98.1.1 OR AY.99 OR AY.99.1 OR AY.99.2 OR AY.100 OR AY.101 OR AY.102 OR AY.102.1 OR AY.102.2 OR AY.103 OR AY.103.1 OR AY.103.2 OR AY.104 OR AY.105 OR AY.106 OR AY.107 OR AY.108 OR AY.109 OR AY.110 OR AY.111 OR AY.112 OR AY.112.1 OR AY.112.2 OR AY.112.3 OR AY.113 OR AY.114 OR AY.115 OR AY.116 OR AY.116.1 OR AY.117 OR AY.118 OR AY.119 OR AY.119.1 OR AY.119.2 OR AY.120 OR AY.120.1 OR AY.120.2 OR AY.120.2.1 OR AY.121 OR AY.121.1 OR AY.122 OR AY.122.1 OR AY.122.2 OR AY.122.3 OR AY.122.4 OR AY.122.5 OR AY.122.6 OR AY.123 OR AY.123.1 OR AY.124 OR AY.124.1 OR AY.124.1.1 OR AY.125 OR AY.125.1 OR AY.126 OR AY.127 OR AY.127.1 OR AY.127.2 OR AY.127.3 OR AY.128 OR AY.129 OR AY.130 OR AY.131 OR AY.132 OR AY.133 OR AY.134 OR B.1.617.2,Delta,131.142857142857,0,0
2021-03-12,216,0,167.857142857143,0,0,2.91847429308968e-06,0.0148188845320305,AY.1 OR AY.2 OR AY.3 OR AY.3.1 OR AY.3.2 OR AY.3.3 OR AY.3.4 OR AY.4 OR AY.4.1 OR AY.4.2 OR AY.4.2.1 OR AY.4.2.2 OR AY.4.2.3 OR AY.4.2.4 OR AY.4.2.5 OR AY.4.3 OR AY.4.4 OR AY.4.5 OR AY.4.6 OR AY.4.7 OR AY.4.8 OR AY.4.9 OR AY.4.10 OR AY.4.11 OR AY.4.12 OR AY.4.13 OR AY.4.14 OR AY.4.15 OR AY.4.16 OR AY.4.17 OR AY.5 OR AY.5.1 OR AY.5.2 OR AY.5.3 OR AY.5.4 OR AY.5.5 OR AY.5.6 OR AY.5.7 OR AY.6 OR AY.7 OR AY.7.1 OR AY.7.2 OR AY.8 OR AY.9 OR AY.9.1 OR AY.9.2 OR AY.9.2.1 OR AY.9.2.2 OR AY.10 OR AY.11 OR AY.12 OR AY.13 OR AY.14 OR AY.15 OR AY.16 OR AY.16.1 OR AY.17 OR AY.18 OR AY.19 OR AY.20 OR AY.20.1 OR AY.21 OR AY.22 OR AY.23 OR AY.23.1 OR AY.23.2 OR AY.24 OR AY.24.1 OR AY.25 OR AY.25.1 OR AY.25.1.1 OR AY.25.1.2 OR AY.25.2 OR AY.25.3 OR AY.26 OR AY.26.1 OR AY.27 OR AY.28 OR AY.29 OR AY.29.1 OR AY.29.2 OR AY.30 OR AY.31 OR AY.32 OR AY.33 OR AY.33.1 OR AY.33.2 OR AY.34 OR AY.34.1 OR AY.34.1.1 OR AY.34.2 OR AY.35 OR AY.36 OR AY.36.1 OR AY.37 OR AY.38 OR AY.39 OR AY.39.1 OR AY.39.1.1 OR AY.39.1.2 OR AY.39.1.3 OR AY.39.1.4 OR AY.39.2 OR AY.39.3 OR AY.39.4 OR AY.40 OR AY.41 OR AY.42 OR AY.42.1 OR AY.43 OR AY.43.1 OR AY.43.2 OR AY.43.3 OR AY.43.4 OR AY.43.5 OR AY.43.6 OR AY.43.7 OR AY.43.8 OR AY.43.9 OR AY.44 OR AY.45 OR AY.46 OR AY.46.1 OR AY.46.2 OR AY.46.3 OR AY.46.4 OR AY.46.5 OR AY.46.6 OR AY.46.6.1 OR AY.47 OR AY.48 OR AY.49 OR AY.50 OR AY.51 OR AY.52 OR AY.53 OR AY.54 OR AY.55 OR AY.56 OR AY.57 OR AY.58 OR AY.59 OR AY.60 OR AY.61 OR AY.62 OR AY.63 OR AY.64 OR AY.65 OR AY.66 OR AY.67 OR AY.68 OR AY.69 OR AY.70 OR AY.71 OR AY.72 OR AY.73 OR AY.74 OR AY.75 OR AY.75.1 OR AY.75.2 OR AY.75.3 OR AY.76 OR AY.77 OR AY.78 OR AY.79 OR AY.80 OR AY.81 OR AY.82 OR AY.83 OR AY.84 OR AY.85 OR AY.86 OR AY.87 OR AY.88 OR AY.89 OR AY.90 OR AY.91 OR AY.91.1 OR AY.92 OR AY.93 OR AY.94 OR AY.95 OR AY.96 OR AY.97 OR AY.98 OR AY.98.1 OR AY.98.1.1 OR AY.99 OR AY.99.1 OR AY.99.2 OR AY.100 OR AY.101 OR AY.102 OR AY.102.1 OR AY.102.2 OR AY.103 OR AY.103.1 OR AY.103.2 OR AY.104 OR AY.105 OR AY.106 OR AY.107 OR AY.108 OR AY.109 OR AY.110 OR AY.111 OR AY.112 OR AY.112.1 OR AY.112.2 OR AY.112.3 OR AY.113 OR AY.114 OR AY.115 OR AY.116 OR AY.116.1 OR AY.117 OR AY.118 OR AY.119 OR AY.119.1 OR AY.119.2 OR AY.120 OR AY.120.1 OR AY.120.2 OR AY.120.2.1 OR AY.121 OR AY.121.1 OR AY.122 OR AY.122.1 OR AY.122.2 OR AY.122.3 OR AY.122.4 OR AY.122.5 OR AY.122.6 OR AY.123 OR AY.123.1 OR AY.124 OR AY.124.1 OR AY.124.1.1 OR AY.125 OR AY.125.1 OR AY.126 OR AY.127 OR AY.127.1 OR AY.127.2 OR AY.127.3 OR AY.128 OR AY.129 OR AY.130 OR AY.131 OR AY.132 OR AY.133 OR AY.134 OR B.1.617.2,Delta,140.928571428571,0,0
2021-03-13,75,0,175,0,0,2.80190225897232e-06,0.0142312103393425,AY.1 OR AY.2 OR AY.3 OR AY.3.1 OR AY.3.2 OR AY.3.3 OR AY.3.4 OR AY.4 OR AY.4.1 OR AY.4.2 OR AY.4.2.1 OR AY.4.2.2 OR AY.4.2.3 OR AY.4.2.4 OR AY.4.2.5 OR AY.4.3 OR AY.4.4 OR AY.4.5 OR AY.4.6 OR AY.4.7 OR AY.4.8 OR AY.4.9 OR AY.4.10 OR AY.4.11 OR AY.4.12 OR AY.4.13 OR AY.4.14 OR AY.4.15 OR AY.4.16 OR AY.4.17 OR AY.5 OR AY.5.1 OR AY.5.2 OR AY.5.3 OR AY.5.4 OR AY.5.5 OR AY.5.6 OR AY.5.7 OR AY.6 OR AY.7 OR AY.7.1 OR AY.7.2 OR AY.8 OR AY.9 OR AY.9.1 OR AY.9.2 OR AY.9.2.1 OR AY.9.2.2 OR AY.10 OR AY.11 OR AY.12 OR AY.13 OR AY.14 OR AY.15 OR AY.16 OR AY.16.1 OR AY.17 OR AY.18 OR AY.19 OR AY.20 OR AY.20.1 OR AY.21 OR AY.22 OR AY.23 OR AY.23.1 OR AY.23.2 OR AY.24 OR AY.24.1 OR AY.25 OR AY.25.1 OR AY.25.1.1 OR AY.25.1.2 OR AY.25.2 OR AY.25.3 OR AY.26 OR AY.26.1 OR AY.27 OR AY.28 OR AY.29 OR AY.29.1 OR AY.29.2 OR AY.30 OR AY.31 OR AY.32 OR AY.33 OR AY.33.1 OR AY.33.2 OR AY.34 OR AY.34.1 OR AY.34.1.1 OR AY.34.2 OR AY.35 OR AY.36 OR AY.36.1 OR AY.37 OR AY.38 OR AY.39 OR AY.39.1 OR AY.39.1.1 OR AY.39.1.2 OR AY.39.1.3 OR AY.39.1.4 OR AY.39.2 OR AY.39.3 OR AY.39.4 OR AY.40 OR AY.41 OR AY.42 OR AY.42.1 OR AY.43 OR AY.43.1 OR AY.43.2 OR AY.43.3 OR AY.43.4 OR AY.43.5 OR AY.43.6 OR AY.43.7 OR AY.43.8 OR AY.43.9 OR AY.44 OR AY.45 OR AY.46 OR AY.46.1 OR AY.46.2 OR AY.46.3 OR AY.46.4 OR AY.46.5 OR AY.46.6 OR AY.46.6.1 OR AY.47 OR AY.48 OR AY.49 OR AY.50 OR AY.51 OR AY.52 OR AY.53 OR AY.54 OR AY.55 OR AY.56 OR AY.57 OR AY.58 OR AY.59 OR AY.60 OR AY.61 OR AY.62 OR AY.63 OR AY.64 OR AY.65 OR AY.66 OR AY.67 OR AY.68 OR AY.69 OR AY.70 OR AY.71 OR AY.72 OR AY.73 OR AY.74 OR AY.75 OR AY.75.1 OR AY.75.2 OR AY.75.3 OR AY.76 OR AY.77 OR AY.78 OR AY.79 OR AY.80 OR AY.81 OR AY.82 OR AY.83 OR AY.84 OR AY.85 OR AY.86 OR AY.87 OR AY.88 OR AY.89 OR AY.90 OR AY.91 OR AY.91.1 OR AY.92 OR AY.93 OR AY.94 OR AY.95 OR AY.96 OR AY.97 OR AY.98 OR AY.98.1 OR AY.98.1.1 OR AY.99 OR AY.99.1 OR AY.99.2 OR AY.100 OR AY.101 OR AY.102 OR AY.102.1 OR AY.102.2 OR AY.103 OR AY.103.1 OR AY.103.2 OR AY.104 OR AY.105 OR AY.106 OR AY.107 OR AY.108 OR AY.109 OR AY.110 OR AY.111 OR AY.112 OR AY.112.1 OR AY.112.2 OR AY.112.3 OR AY.113 OR AY.114 OR AY.115 OR AY.116 OR AY.116.1 OR AY.117 OR AY.118 OR AY.119 OR AY.119.1 OR AY.119.2 OR AY.120 OR AY.120.1 OR AY.120.2 OR AY.120.2.1 OR AY.121 OR AY.121.1 OR AY.122 OR AY.122.1 OR AY.122.2 OR AY.122.3 OR AY.122.4 OR AY.122.5 OR AY.122.6 OR AY.123 OR AY.123.1 OR AY.124 OR AY.124.1 OR AY.124.1.1 OR AY.125 OR AY.125.1 OR AY.126 OR AY.127 OR AY.127.1 OR AY.127.2 OR AY.127.3 OR AY.128 OR AY.129 OR AY.130 OR AY.131 OR AY.132 OR AY.133 OR AY.134 OR B.1.617.2,Delta,142.928571428571,0,0
2021-03-14,68,0,180.285714285714,0,0,2.7241798463776e-06,0.0138391937404528,AY.1 OR AY.2 OR AY.3 OR AY.3.1 OR AY.3.2 OR AY.3.3 OR AY.3.4 OR AY.4 OR AY.4.1 OR AY.4.2 OR AY.4.2.1 OR AY.4.2.2 OR AY.4.2.3 OR AY.4.2.4 OR AY.4.2.5 OR AY.4.3 OR AY.4.4 OR AY.4.5 OR AY.4.6 OR AY.4.7 OR AY.4.8 OR AY.4.9 OR AY.4.10 OR AY.4.11 OR AY.4.12 OR AY.4.13 OR AY.4.14 OR AY.4.15 OR AY.4.16 OR AY.4.17 OR AY.5 OR AY.5.1 OR AY.5.2 OR AY.5.3 OR AY.5.4 OR AY.5.5 OR AY.5.6 OR AY.5.7 OR AY.6 OR AY.7 OR AY.7.1 OR AY.7.2 OR AY.8 OR AY.9 OR AY.9.1 OR AY.9.2 OR AY.9.2.1 OR AY.9.2.2 OR AY.10 OR AY.11 OR AY.12 OR AY.13 OR AY.14 OR AY.15 OR AY.16 OR AY.16.1 OR AY.17 OR AY.18 OR AY.19 OR AY.20 OR AY.20.1 OR AY.21 OR AY.22 OR AY.23 OR AY.23.1 OR AY.23.2 OR AY.24 OR AY.24.1 OR AY.25 OR AY.25.1 OR AY.25.1.1 OR AY.25.1.2 OR AY.25.2 OR AY.25.3 OR AY.26 OR AY.26.1 OR AY.27 OR AY.28 OR AY.29 OR AY.29.1 OR AY.29.2 OR AY.30 OR AY.31 OR AY.32 OR AY.33 OR AY.33.1 OR AY.33.2 OR AY.34 OR AY.34.1 OR AY.34.1.1 OR AY.34.2 OR AY.35 OR AY.36 OR AY.36.1 OR AY.37 OR AY.38 OR AY.39 OR AY.39.1 OR AY.39.1.1 OR AY.39.1.2 OR AY.39.1.3 OR AY.39.1.4 OR AY.39.2 OR AY.39.3 OR AY.39.4 OR AY.40 OR AY.41 OR AY.42 OR AY.42.1 OR AY.43 OR AY.43.1 OR AY.43.2 OR AY.43.3 OR AY.43.4 OR AY.43.5 OR AY.43.6 OR AY.43.7 OR AY.43.8 OR AY.43.9 OR AY.44 OR AY.45 OR AY.46 OR AY.46.1 OR AY.46.2 OR AY.46.3 OR AY.46.4 OR AY.46.5 OR AY.46.6 OR AY.46.6.1 OR AY.47 OR AY.48 OR AY.49 OR AY.50 OR AY.51 OR AY.52 OR AY.53 OR AY.54 OR AY.55 OR AY.56 OR AY.57 OR AY.58 OR AY.59 OR AY.60 OR AY.61 OR AY.62 OR AY.63 OR AY.64 OR AY.65 OR AY.66 OR AY.67 OR AY.68 OR AY.69 OR AY.70 OR AY.71 OR AY.72 OR AY.73 OR AY.74 OR AY.75 OR AY.75.1 OR AY.75.2 OR AY.75.3 OR AY.76 OR AY.77 OR AY.78 OR AY.79 OR AY.80 OR AY.81 OR AY.82 OR AY.83 OR AY.84 OR AY.85 OR AY.86 OR AY.87 OR AY.88 OR AY.89 OR AY.90 OR AY.91 OR AY.91.1 OR AY.92 OR AY.93 OR AY.94 OR AY.95 OR AY.96 OR AY.97 OR AY.98 OR AY.98.1 OR AY.98.1.1 OR AY.99 OR AY.99.1 OR AY.99.2 OR AY.100 OR AY.101 OR AY.102 OR AY.102.1 OR AY.102.2 OR AY.103 OR AY.103.1 OR AY.103.2 OR AY.104 OR AY.105 OR AY.106 OR AY.107 OR AY.108 OR AY.109 OR AY.110 OR AY.111 OR AY.112 OR AY.112.1 OR AY.112.2 OR AY.112.3 OR AY.113 OR AY.114 OR AY.115 OR AY.116 OR AY.116.1 OR AY.117 OR AY.118 OR AY.119 OR AY.119.1 OR AY.119.2 OR AY.120 OR AY.120.1 OR AY.120.2 OR AY.120.2.1 OR AY.121 OR AY.121.1 OR AY.122 OR AY.122.1 OR AY.122.2 OR AY.122.3 OR AY.122.4 OR AY.122.5 OR AY.122.6 OR AY.123 OR AY.123.1 OR AY.124 OR AY.124.1 OR AY.124.1.1 OR AY.125 OR AY.125.1 OR AY.126 OR AY.127 OR AY.127.1 OR AY.127.2 OR AY.127.3 OR AY.128 OR AY.129 OR AY.130 OR AY.131 OR AY.132 OR AY.133 OR AY.134 OR B.1.617.2,Delta,146.5,0,0
2021-03-15,134,0,175.142857142857,0,0,2.80190225897232e-06,0.0142312103393425,AY.1 OR AY.2 OR AY.3 OR AY.3.1 OR AY.3.2 OR AY.3.3 OR AY.3.4 OR AY.4 OR AY.4.1 OR AY.4.2 OR AY.4.2.1 OR AY.4.2.2 OR AY.4.2.3 OR AY.4.2.4 OR AY.4.2.5 OR AY.4.3 OR AY.4.4 OR AY.4.5 OR AY.4.6 OR AY.4.7 OR AY.4.8 OR AY.4.9 OR AY.4.10 OR AY.4.11 OR AY.4.12 OR AY.4.13 OR AY.4.14 OR AY.4.15 OR AY.4.16 OR AY.4.17 OR AY.5 OR AY.5.1 OR AY.5.2 OR AY.5.3 OR AY.5.4 OR AY.5.5 OR AY.5.6 OR AY.5.7 OR AY.6 OR AY.7 OR AY.7.1 OR AY.7.2 OR AY.8 OR AY.9 OR AY.9.1 OR AY.9.2 OR AY.9.2.1 OR AY.9.2.2 OR AY.10 OR AY.11 OR AY.12 OR AY.13 OR AY.14 OR AY.15 OR AY.16 OR AY.16.1 OR AY.17 OR AY.18 OR AY.19 OR AY.20 OR AY.20.1 OR AY.21 OR AY.22 OR AY.23 OR AY.23.1 OR AY.23.2 OR AY.24 OR AY.24.1 OR AY.25 OR AY.25.1 OR AY.25.1.1 OR AY.25.1.2 OR AY.25.2 OR AY.25.3 OR AY.26 OR AY.26.1 OR AY.27 OR AY.28 OR AY.29 OR AY.29.1 OR AY.29.2 OR AY.30 OR AY.31 OR AY.32 OR AY.33 OR AY.33.1 OR AY.33.2 OR AY.34 OR AY.34.1 OR AY.34.1.1 OR AY.34.2 OR AY.35 OR AY.36 OR AY.36.1 OR AY.37 OR AY.38 OR AY.39 OR AY.39.1 OR AY.39.1.1 OR AY.39.1.2 OR AY.39.1.3 OR AY.39.1.4 OR AY.39.2 OR AY.39.3 OR AY.39.4 OR AY.40 OR AY.41 OR AY.42 OR AY.42.1 OR AY.43 OR AY.43.1 OR AY.43.2 OR AY.43.3 OR AY.43.4 OR AY.43.5 OR AY.43.6 OR AY.43.7 OR AY.43.8 OR AY.43.9 OR AY.44 OR AY.45 OR AY.46 OR AY.46.1 OR AY.46.2 OR AY.46.3 OR AY.46.4 OR AY.46.5 OR AY.46.6 OR AY.46.6.1 OR AY.47 OR AY.48 OR AY.49 OR AY.50 OR AY.51 OR AY.52 OR AY.53 OR AY.54 OR AY.55 OR AY.56 OR AY.57 OR AY.58 OR AY.59 OR AY.60 OR AY.61 OR AY.62 OR AY.63 OR AY.64 OR AY.65 OR AY.66 OR AY.67 OR AY.68 OR AY.69 OR AY.70 OR AY.71 OR AY.72 OR AY.73 OR AY.74 OR AY.75 OR AY.75.1 OR AY.75.2 OR AY.75.3 OR AY.76 OR AY.77 OR AY.78 OR AY.79 OR AY.80 OR AY.81 OR AY.82 OR AY.83 OR AY.84 OR AY.85 OR AY.86 OR AY.87 OR AY.88 OR AY.89 OR AY.90 OR AY.91 OR AY.91.1 OR AY.92 OR AY.93 OR AY.94 OR AY.95 OR AY.96 OR AY.97 OR AY.98 OR AY.98.1 OR AY.98.1.1 OR AY.99 OR AY.99.1 OR AY.99.2 OR AY.100 OR AY.101 OR AY.102 OR AY.102.1 OR AY.102.2 OR AY.103 OR AY.103.1 OR AY.103.2 OR AY.104 OR AY.105 OR AY.106 OR AY.107 OR AY.108 OR AY.109 OR AY.110 OR AY.111 OR AY.112 OR AY.112.1 OR AY.112.2 OR AY.112.3 OR AY.113 OR AY.114 OR AY.115 OR AY.116 OR AY.116.1 OR AY.117 OR AY.118 OR AY.119 OR AY.119.1 OR AY.119.2 OR AY.120 OR AY.120.1 OR AY.120.2 OR AY.120.2.1 OR AY.121 OR AY.121.1 OR AY.122 OR AY.122.1 OR AY.122.2 OR AY.122.3 OR AY.122.4 OR AY.122.5 OR AY.122.6 OR AY.123 OR AY.123.1 OR AY.124 OR AY.124.1 OR AY.124.1.1 OR AY.125 OR AY.125.1 OR AY.126 OR AY.127 OR AY.127.1 OR AY.127.2 OR AY.127.3 OR AY.128 OR AY.129 OR AY.130 OR AY.131 OR AY.132 OR AY.133 OR AY.134 OR B.1.617.2,Delta,145.285714285714,0,0
2021-03-16,138,0,166.857142857143,0,0,2.93592400014718e-06,0.0149068235116557,AY.1 OR AY.2 OR AY.3 OR AY.3.1 OR AY.3.2 OR AY.3.3 OR AY.3.4 OR AY.4 OR AY.4.1 OR AY.4.2 OR AY.4.2.1 OR AY.4.2.2 OR AY.4.2.3 OR AY.4.2.4 OR AY.4.2.5 OR AY.4.3 OR AY.4.4 OR AY.4.5 OR AY.4.6 OR AY.4.7 OR AY.4.8 OR AY.4.9 OR AY.4.10 OR AY.4.11 OR AY.4.12 OR AY.4.13 OR AY.4.14 OR AY.4.15 OR AY.4.16 OR AY.4.17 OR AY.5 OR AY.5.1 OR AY.5.2 OR AY.5.3 OR AY.5.4 OR AY.5.5 OR AY.5.6 OR AY.5.7 OR AY.6 OR AY.7 OR AY.7.1 OR AY.7.2 OR AY.8 OR AY.9 OR AY.9.1 OR AY.9.2 OR AY.9.2.1 OR AY.9.2.2 OR AY.10 OR AY.11 OR AY.12 OR AY.13 OR AY.14 OR AY.15 OR AY.16 OR AY.16.1 OR AY.17 OR AY.18 OR AY.19 OR AY.20 OR AY.20.1 OR AY.21 OR AY.22 OR AY.23 OR AY.23.1 OR AY.23.2 OR AY.24 OR AY.24.1 OR AY.25 OR AY.25.1 OR AY.25.1.1 OR AY.25.1.2 OR AY.25.2 OR AY.25.3 OR AY.26 OR AY.26.1 OR AY.27 OR AY.28 OR AY.29 OR AY.29.1 OR AY.29.2 OR AY.30 OR AY.31 OR AY.32 OR AY.33 OR AY.33.1 OR AY.33.2 OR AY.34 OR AY.34.1 OR AY.34.1.1 OR AY.34.2 OR AY.35 OR AY.36 OR AY.36.1 OR AY.37 OR AY.38 OR AY.39 OR AY.39.1 OR AY.39.1.1 OR AY.39.1.2 OR AY.39.1.3 OR AY.39.1.4 OR AY.39.2 OR AY.39.3 OR AY.39.4 OR AY.40 OR AY.41 OR AY.42 OR AY.42.1 OR AY.43 OR AY.43.1 OR AY.43.2 OR AY.43.3 OR AY.43.4 OR AY.43.5 OR AY.43.6 OR AY.43.7 OR AY.43.8 OR AY.43.9 OR AY.44 OR AY.45 OR AY.46 OR AY.46.1 OR AY.46.2 OR AY.46.3 OR AY.46.4 OR AY.46.5 OR AY.46.6 OR AY.46.6.1 OR AY.47 OR AY.48 OR AY.49 OR AY.50 OR AY.51 OR AY.52 OR AY.53 OR AY.54 OR AY.55 OR AY.56 OR AY.57 OR AY.58 OR AY.59 OR AY.60 OR AY.61 OR AY.62 OR AY.63 OR AY.64 OR AY.65 OR AY.66 OR AY.67 OR AY.68 OR AY.69 OR AY.70 OR AY.71 OR AY.72 OR AY.73 OR AY.74 OR AY.75 OR AY.75.1 OR AY.75.2 OR AY.75.3 OR AY.76 OR AY.77 OR AY.78 OR AY.79 OR AY.80 OR AY.81 OR AY.82 OR AY.83 OR AY.84 OR AY.85 OR AY.86 OR AY.87 OR AY.88 OR AY.89 OR AY.90 OR AY.91 OR AY.91.1 OR AY.92 OR AY.93 OR AY.94 OR AY.95 OR AY.96 OR AY.97 OR AY.98 OR AY.98.1 OR AY.98.1.1 OR AY.99 OR AY.99.1 OR AY.99.2 OR AY.100 OR AY.101 OR AY.102 OR AY.102.1 OR AY.102.2 OR AY.103 OR AY.103.1 OR AY.103.2 OR AY.104 OR AY.105 OR AY.106 OR AY.107 OR AY.108 OR AY.109 OR AY.110 OR AY.111 OR AY.112 OR AY.112.1 OR AY.112.2 OR AY.112.3 OR AY.113 OR AY.114 OR AY.115 OR AY.116 OR AY.116.1 OR AY.117 OR AY.118 OR AY.119 OR AY.119.1 OR AY.119.2 OR AY.120 OR AY.120.1 OR AY.120.2 OR AY.120.2.1 OR AY.121 OR AY.121.1 OR AY.122 OR AY.122.1 OR AY.122.2 OR AY.122.3 OR AY.122.4 OR AY.122.5 OR AY.122.6 OR AY.123 OR AY.123.1 OR AY.124 OR AY.124.1 OR AY.124.1.1 OR AY.125 OR AY.125.1 OR AY.126 OR AY.127 OR AY.127.1 OR AY.127.2 OR AY.127.3 OR AY.128 OR AY.129 OR AY.130 OR AY.131 OR AY.132 OR AY.133 OR AY.134 OR B.1.617.2,Delta,138.142857142857,0,0
2021-03-17,157,0,146.714285714286,0,0,3.33468952077885e-06,0.0169142901611745,AY.1 OR AY.2 OR AY.3 OR AY.3.1 OR AY.3.2 OR AY.3.3 OR AY.3.4 OR AY.4 OR AY.4.1 OR AY.4.2 OR AY.4.2.1 OR AY.4.2.2 OR AY.4.2.3 OR AY.4.2.4 OR AY.4.2.5 OR AY.4.3 OR AY.4.4 OR AY.4.5 OR AY.4.6 OR AY.4.7 OR AY.4.8 OR AY.4.9 OR AY.4.10 OR AY.4.11 OR AY.4.12 OR AY.4.13 OR AY.4.14 OR AY.4.15 OR AY.4.16 OR AY.4.17 OR AY.5 OR AY.5.1 OR AY.5.2 OR AY.5.3 OR AY.5.4 OR AY.5.5 OR AY.5.6 OR AY.5.7 OR AY.6 OR AY.7 OR AY.7.1 OR AY.7.2 OR AY.8 OR AY.9 OR AY.9.1 OR AY.9.2 OR AY.9.2.1 OR AY.9.2.2 OR AY.10 OR AY.11 OR AY.12 OR AY.13 OR AY.14 OR AY.15 OR AY.16 OR AY.16.1 OR AY.17 OR AY.18 OR AY.19 OR AY.20 OR AY.20.1 OR AY.21 OR AY.22 OR AY.23 OR AY.23.1 OR AY.23.2 OR AY.24 OR AY.24.1 OR AY.25 OR AY.25.1 OR AY.25.1.1 OR AY.25.1.2 OR AY.25.2 OR AY.25.3 OR AY.26 OR AY.26.1 OR AY.27 OR AY.28 OR AY.29 OR AY.29.1 OR AY.29.2 OR AY.30 OR AY.31 OR AY.32 OR AY.33 OR AY.33.1 OR AY.33.2 OR AY.34 OR AY.34.1 OR AY.34.1.1 OR AY.34.2 OR AY.35 OR AY.36 OR AY.36.1 OR AY.37 OR AY.38 OR AY.39 OR AY.39.1 OR AY.39.1.1 OR AY.39.1.2 OR AY.39.1.3 OR AY.39.1.4 OR AY.39.2 OR AY.39.3 OR AY.39.4 OR AY.40 OR AY.41 OR AY.42 OR AY.42.1 OR AY.43 OR AY.43.1 OR AY.43.2 OR AY.43.3 OR AY.43.4 OR AY.43.5 OR AY.43.6 OR AY.43.7 OR AY.43.8 OR AY.43.9 OR AY.44 OR AY.45 OR AY.46 OR AY.46.1 OR AY.46.2 OR AY.46.3 OR AY.46.4 OR AY.46.5 OR AY.46.6 OR AY.46.6.1 OR AY.47 OR AY.48 OR AY.49 OR AY.50 OR AY.51 OR AY.52 OR AY.53 OR AY.54 OR AY.55 OR AY.56 OR AY.57 OR AY.58 OR AY.59 OR AY.60 OR AY.61 OR AY.62 OR AY.63 OR AY.64 OR AY.65 OR AY.66 OR AY.67 OR AY.68 OR AY.69 OR AY.70 OR AY.71 OR AY.72 OR AY.73 OR AY.74 OR AY.75 OR AY.75.1 OR AY.75.2 OR AY.75.3 OR AY.76 OR AY.77 OR AY.78 OR AY.79 OR AY.80 OR AY.81 OR AY.82 OR AY.83 OR AY.84 OR AY.85 OR AY.86 OR AY.87 OR AY.88 OR AY.89 OR AY.90 OR AY.91 OR AY.91.1 OR AY.92 OR AY.93 OR AY.94 OR AY.95 OR AY.96 OR AY.97 OR AY.98 OR AY.98.1 OR AY.98.1.1 OR AY.99 OR AY.99.1 OR AY.99.2 OR AY.100 OR AY.101 OR AY.102 OR AY.102.1 OR AY.102.2 OR AY.103 OR AY.103.1 OR AY.103.2 OR AY.104 OR AY.105 OR AY.106 OR AY.107 OR AY.108 OR AY.109 OR AY.110 OR AY.111 OR AY.112 OR AY.112.1 OR AY.112.2 OR AY.112.3 OR AY.113 OR AY.114 OR AY.115 OR AY.116 OR AY.116.1 OR AY.117 OR AY.118 OR AY.119 OR AY.119.1 OR AY.119.2 OR AY.120 OR AY.120.1 OR AY.120.2 OR AY.120.2.1 OR AY.121 OR AY.121.1 OR AY.122 OR AY.122.1 OR AY.122.2 OR AY.122.3 OR AY.122.4 OR AY.122.5 OR AY.122.6 OR AY.123 OR AY.123.1 OR AY.124 OR AY.124.1 OR AY.124.1.1 OR AY.125 OR AY.125.1 OR AY.126 OR AY.127 OR AY.127.1 OR AY.127.2 OR AY.127.3 OR AY.128 OR AY.129 OR AY.130 OR AY.131 OR AY.132 OR AY.133 OR AY.134 OR B.1.617.2,Delta,138,0,0
2021-03-18,105,0,127.571428571429,0,0,3.82871489552602e-06,0.0193956379214941,AY.1 OR AY.2 OR AY.3 OR AY.3.1 OR AY.3.2 OR AY.3.3 OR AY.3.4 OR AY.4 OR AY.4.1 OR AY.4.2 OR AY.4.2.1 OR AY.4.2.2 OR AY.4.2.3 OR AY.4.2.4 OR AY.4.2.5 OR AY.4.3 OR AY.4.4 OR AY.4.5 OR AY.4.6 OR AY.4.7 OR AY.4.8 OR AY.4.9 OR AY.4.10 OR AY.4.11 OR AY.4.12 OR AY.4.13 OR AY.4.14 OR AY.4.15 OR AY.4.16 OR AY.4.17 OR AY.5 OR AY.5.1 OR AY.5.2 OR AY.5.3 OR AY.5.4 OR AY.5.5 OR AY.5.6 OR AY.5.7 OR AY.6 OR AY.7 OR AY.7.1 OR AY.7.2 OR AY.8 OR AY.9 OR AY.9.1 OR AY.9.2 OR AY.9.2.1 OR AY.9.2.2 OR AY.10 OR AY.11 OR AY.12 OR AY.13 OR AY.14 OR AY.15 OR AY.16 OR AY.16.1 OR AY.17 OR AY.18 OR AY.19 OR AY.20 OR AY.20.1 OR AY.21 OR AY.22 OR AY.23 OR AY.23.1 OR AY.23.2 OR AY.24 OR AY.24.1 OR AY.25 OR AY.25.1 OR AY.25.1.1 OR AY.25.1.2 OR AY.25.2 OR AY.25.3 OR AY.26 OR AY.26.1 OR AY.27 OR AY.28 OR AY.29 OR AY.29.1 OR AY.29.2 OR AY.30 OR AY.31 OR AY.32 OR AY.33 OR AY.33.1 OR AY.33.2 OR AY.34 OR AY.34.1 OR AY.34.1.1 OR AY.34.2 OR AY.35 OR AY.36 OR AY.36.1 OR AY.37 OR AY.38 OR AY.39 OR AY.39.1 OR AY.39.1.1 OR AY.39.1.2 OR AY.39.1.3 OR AY.39.1.4 OR AY.39.2 OR AY.39.3 OR AY.39.4 OR AY.40 OR AY.41 OR AY.42 OR AY.42.1 OR AY.43 OR AY.43.1 OR AY.43.2 OR AY.43.3 OR AY.43.4 OR AY.43.5 OR AY.43.6 OR AY.43.7 OR AY.43.8 OR AY.43.9 OR AY.44 OR AY.45 OR AY.46 OR AY.46.1 OR AY.46.2 OR AY.46.3 OR AY.46.4 OR AY.46.5 OR AY.46.6 OR AY.46.6.1 OR AY.47 OR AY.48 OR AY.49 OR AY.50 OR AY.51 OR AY.52 OR AY.53 OR AY.54 OR AY.55 OR AY.56 OR AY.57 OR AY.58 OR AY.59 OR AY.60 OR AY.61 OR AY.62 OR AY.63 OR AY.64 OR AY.65 OR AY.66 OR AY.67 OR AY.68 OR AY.69 OR AY.70 OR AY.71 OR AY.72 OR AY.73 OR AY.74 OR AY.75 OR AY.75.1 OR AY.75.2 OR AY.75.3 OR AY.76 OR AY.77 OR AY.78 OR AY.79 OR AY.80 OR AY.81 OR AY.82 OR AY.83 OR AY.84 OR AY.85 OR AY.86 OR AY.87 OR AY.88 OR AY.89 OR AY.90 OR AY.91 OR AY.91.1 OR AY.92 OR AY.93 OR AY.94 OR AY.95 OR AY.96 OR AY.97 OR AY.98 OR AY.98.1 OR AY.98.1.1 OR AY.99 OR AY.99.1 OR AY.99.2 OR AY.100 OR AY.101 OR AY.102 OR AY.102.1 OR AY.102.2 OR AY.103 OR AY.103.1 OR AY.103.2 OR AY.104 OR AY.105 OR AY.106 OR AY.107 OR AY.108 OR AY.109 OR AY.110 OR AY.111 OR AY.112 OR AY.112.1 OR AY.112.2 OR AY.112.3 OR AY.113 OR AY.114 OR AY.115 OR AY.116 OR AY.116.1 OR AY.117 OR AY.118 OR AY.119 OR AY.119.1 OR AY.119.2 OR AY.120 OR AY.120.1 OR AY.120.2 OR AY.120.2.1 OR AY.121 OR AY.121.1 OR AY.122 OR AY.122.1 OR AY.122.2 OR AY.122.3 OR AY.122.4 OR AY.122.5 OR AY.122.6 OR AY.123 OR AY.123.1 OR AY.124 OR AY.124.1 OR AY.124.1.1 OR AY.125 OR AY.125.1 OR AY.126 OR AY.127 OR AY.127.1 OR AY.127.2 OR AY.127.3 OR AY.128 OR AY.129 OR AY.130 OR AY.131 OR AY.132 OR AY.133 OR AY.134 OR B.1.617.2,Delta,137.5,0,0
2021-03-19,190,0,123.857142857143,0,0,3.95197258781667e-06,0.02001374837691,AY.1 OR AY.2 OR AY.3 OR AY.3.1 OR AY.3.2 OR AY.3.3 OR AY.3.4 OR AY.4 OR AY.4.1 OR AY.4.2 OR AY.4.2.1 OR AY.4.2.2 OR AY.4.2.3 OR AY.4.2.4 OR AY.4.2.5 OR AY.4.3 OR AY.4.4 OR AY.4.5 OR AY.4.6 OR AY.4.7 OR AY.4.8 OR AY.4.9 OR AY.4.10 OR AY.4.11 OR AY.4.12 OR AY.4.13 OR AY.4.14 OR AY.4.15 OR AY.4.16 OR AY.4.17 OR AY.5 OR AY.5.1 OR AY.5.2 OR AY.5.3 OR AY.5.4 OR AY.5.5 OR AY.5.6 OR AY.5.7 OR AY.6 OR AY.7 OR AY.7.1 OR AY.7.2 OR AY.8 OR AY.9 OR AY.9.1 OR AY.9.2 OR AY.9.2.1 OR AY.9.2.2 OR AY.10 OR AY.11 OR AY.12 OR AY.13 OR AY.14 OR AY.15 OR AY.16 OR AY.16.1 OR AY.17 OR AY.18 OR AY.19 OR AY.20 OR AY.20.1 OR AY.21 OR AY.22 OR AY.23 OR AY.23.1 OR AY.23.2 OR AY.24 OR AY.24.1 OR AY.25 OR AY.25.1 OR AY.25.1.1 OR AY.25.1.2 OR AY.25.2 OR AY.25.3 OR AY.26 OR AY.26.1 OR AY.27 OR AY.28 OR AY.29 OR AY.29.1 OR AY.29.2 OR AY.30 OR AY.31 OR AY.32 OR AY.33 OR AY.33.1 OR AY.33.2 OR AY.34 OR AY.34.1 OR AY.34.1.1 OR AY.34.2 OR AY.35 OR AY.36 OR AY.36.1 OR AY.37 OR AY.38 OR AY.39 OR AY.39.1 OR AY.39.1.1 OR AY.39.1.2 OR AY.39.1.3 OR AY.39.1.4 OR AY.39.2 OR AY.39.3 OR AY.39.4 OR AY.40 OR AY.41 OR AY.42 OR AY.42.1 OR AY.43 OR AY.43.1 OR AY.43.2 OR AY.43.3 OR AY.43.4 OR AY.43.5 OR AY.43.6 OR AY.43.7 OR AY.43.8 OR AY.43.9 OR AY.44 OR AY.45 OR AY.46 OR AY.46.1 OR AY.46.2 OR AY.46.3 OR AY.46.4 OR AY.46.5 OR AY.46.6 OR AY.46.6.1 OR AY.47 OR AY.48 OR AY.49 OR AY.50 OR AY.51 OR AY.52 OR AY.53 OR AY.54 OR AY.55 OR AY.56 OR AY.57 OR AY.58 OR AY.59 OR AY.60 OR AY.61 OR AY.62 OR AY.63 OR AY.64 OR AY.65 OR AY.66 OR AY.67 OR AY.68 OR AY.69 OR AY.70 OR AY.71 OR AY.72 OR AY.73 OR AY.74 OR AY.75 OR AY.75.1 OR AY.75.2 OR AY.75.3 OR AY.76 OR AY.77 OR AY.78 OR AY.79 OR AY.80 OR AY.81 OR AY.82 OR AY.83 OR AY.84 OR AY.85 OR AY.86 OR AY.87 OR AY.88 OR AY.89 OR AY.90 OR AY.91 OR AY.91.1 OR AY.92 OR AY.93 OR AY.94 OR AY.95 OR AY.96 OR AY.97 OR AY.98 OR AY.98.1 OR AY.98.1.1 OR AY.99 OR AY.99.1 OR AY.99.2 OR AY.100 OR AY.101 OR AY.102 OR AY.102.1 OR AY.102.2 OR AY.103 OR AY.103.1 OR AY.103.2 OR AY.104 OR AY.105 OR AY.106 OR AY.107 OR AY.108 OR AY.109 OR AY.110 OR AY.111 OR AY.112 OR AY.112.1 OR AY.112.2 OR AY.112.3 OR AY.113 OR AY.114 OR AY.115 OR AY.116 OR AY.116.1 OR AY.117 OR AY.118 OR AY.119 OR AY.119.1 OR AY.119.2 OR AY.120 OR AY.120.1 OR AY.120.2 OR AY.120.2.1 OR AY.121 OR AY.121.1 OR AY.122 OR AY.122.1 OR AY.122.2 OR AY.122.3 OR AY.122.4 OR AY.122.5 OR AY.122.6 OR AY.123 OR AY.123.1 OR AY.124 OR AY.124.1 OR AY.124.1.1 OR AY.125 OR AY.125.1 OR AY.126 OR AY.127 OR AY.127.1 OR AY.127.2 OR AY.127.3 OR AY.128 OR AY.129 OR AY.130 OR AY.131 OR AY.132 OR AY.133 OR AY.134 OR B.1.617.2,Delta,145.857142857143,0,0
2021-03-20,76,0,124,0,0,3.95197258781667e-06,0.02001374837691,AY.1 OR AY.2 OR AY.3 OR AY.3.1 OR AY.3.2 OR AY.3.3 OR AY.3.4 OR AY.4 OR AY.4.1 OR AY.4.2 OR AY.4.2.1 OR AY.4.2.2 OR AY.4.2.3 OR AY.4.2.4 OR AY.4.2.5 OR AY.4.3 OR AY.4.4 OR AY.4.5 OR AY.4.6 OR AY.4.7 OR AY.4.8 OR AY.4.9 OR AY.4.10 OR AY.4.11 OR AY.4.12 OR AY.4.13 OR AY.4.14 OR AY.4.15 OR AY.4.16 OR AY.4.17 OR AY.5 OR AY.5.1 OR AY.5.2 OR AY.5.3 OR AY.5.4 OR AY.5.5 OR AY.5.6 OR AY.5.7 OR AY.6 OR AY.7 OR AY.7.1 OR AY.7.2 OR AY.8 OR AY.9 OR AY.9.1 OR AY.9.2 OR AY.9.2.1 OR AY.9.2.2 OR AY.10 OR AY.11 OR AY.12 OR AY.13 OR AY.14 OR AY.15 OR AY.16 OR AY.16.1 OR AY.17 OR AY.18 OR AY.19 OR AY.20 OR AY.20.1 OR AY.21 OR AY.22 OR AY.23 OR AY.23.1 OR AY.23.2 OR AY.24 OR AY.24.1 OR AY.25 OR AY.25.1 OR AY.25.1.1 OR AY.25.1.2 OR AY.25.2 OR AY.25.3 OR AY.26 OR AY.26.1 OR AY.27 OR AY.28 OR AY.29 OR AY.29.1 OR AY.29.2 OR AY.30 OR AY.31 OR AY.32 OR AY.33 OR AY.33.1 OR AY.33.2 OR AY.34 OR AY.34.1 OR AY.34.1.1 OR AY.34.2 OR AY.35 OR AY.36 OR AY.36.1 OR AY.37 OR AY.38 OR AY.39 OR AY.39.1 OR AY.39.1.1 OR AY.39.1.2 OR AY.39.1.3 OR AY.39.1.4 OR AY.39.2 OR AY.39.3 OR AY.39.4 OR AY.40 OR AY.41 OR AY.42 OR AY.42.1 OR AY.43 OR AY.43.1 OR AY.43.2 OR AY.43.3 OR AY.43.4 OR AY.43.5 OR AY.43.6 OR AY.43.7 OR AY.43.8 OR AY.43.9 OR AY.44 OR AY.45 OR AY.46 OR AY.46.1 OR AY.46.2 OR AY.46.3 OR AY.46.4 OR AY.46.5 OR AY.46.6 OR AY.46.6.1 OR AY.47 OR AY.48 OR AY.49 OR AY.50 OR AY.51 OR AY.52 OR AY.53 OR AY.54 OR AY.55 OR AY.56 OR AY.57 OR AY.58 OR AY.59 OR AY.60 OR AY.61 OR AY.62 OR AY.63 OR AY.64 OR AY.65 OR AY.66 OR AY.67 OR AY.68 OR AY.69 OR AY.70 OR AY.71 OR AY.72 OR AY.73 OR AY.74 OR AY.75 OR AY.75.1 OR AY.75.2 OR AY.75.3 OR AY.76 OR AY.77 OR AY.78 OR AY.79 OR AY.80 OR AY.81 OR AY.82 OR AY.83 OR AY.84 OR AY.85 OR AY.86 OR AY.87 OR AY.88 OR AY.89 OR AY.90 OR AY.91 OR AY.91.1 OR AY.92 OR AY.93 OR AY.94 OR AY.95 OR AY.96 OR AY.97 OR AY.98 OR AY.98.1 OR AY.98.1.1 OR AY.99 OR AY.99.1 OR AY.99.2 OR AY.100 OR AY.101 OR AY.102 OR AY.102.1 OR AY.102.2 OR AY.103 OR AY.103.1 OR AY.103.2 OR AY.104 OR AY.105 OR AY.106 OR AY.107 OR AY.108 OR AY.109 OR AY.110 OR AY.111 OR AY.112 OR AY.112.1 OR AY.112.2 OR AY.112.3 OR AY.113 OR AY.114 OR AY.115 OR AY.116 OR AY.116.1 OR AY.117 OR AY.118 OR AY.119 OR AY.119.1 OR AY.119.2 OR AY.120 OR AY.120.1 OR AY.120.2 OR AY.120.2.1 OR AY.121 OR AY.121.1 OR AY.122 OR AY.122.1 OR AY.122.2 OR AY.122.3 OR AY.122.4 OR AY.122.5 OR AY.122.6 OR AY.123 OR AY.123.1 OR AY.124 OR AY.124.1 OR AY.124.1.1 OR AY.125 OR AY.125.1 OR AY.126 OR AY.127 OR AY.127.1 OR AY.127.2 OR AY.127.3 OR AY.128 OR AY.129 OR AY.130 OR AY.131 OR AY.132 OR AY.133 OR AY.134 OR B.1.617.2,Delta,149.5,0,0
2021-03-21,129,0,132.714285714286,0,0,3.68504907575438e-06,0.018674692722905,AY.1 OR AY.2 OR AY.3 OR AY.3.1 OR AY.3.2 OR AY.3.3 OR AY.3.4 OR AY.4 OR AY.4.1 OR AY.4.2 OR AY.4.2.1 OR AY.4.2.2 OR AY.4.2.3 OR AY.4.2.4 OR AY.4.2.5 OR AY.4.3 OR AY.4.4 OR AY.4.5 OR AY.4.6 OR AY.4.7 OR AY.4.8 OR AY.4.9 OR AY.4.10 OR AY.4.11 OR AY.4.12 OR AY.4.13 OR AY.4.14 OR AY.4.15 OR AY.4.16 OR AY.4.17 OR AY.5 OR AY.5.1 OR AY.5.2 OR AY.5.3 OR AY.5.4 OR AY.5.5 OR AY.5.6 OR AY.5.7 OR AY.6 OR AY.7 OR AY.7.1 OR AY.7.2 OR AY.8 OR AY.9 OR AY.9.1 OR AY.9.2 OR AY.9.2.1 OR AY.9.2.2 OR AY.10 OR AY.11 OR AY.12 OR AY.13 OR AY.14 OR AY.15 OR AY.16 OR AY.16.1 OR AY.17 OR AY.18 OR AY.19 OR AY.20 OR AY.20.1 OR AY.21 OR AY.22 OR AY.23 OR AY.23.1 OR AY.23.2 OR AY.24 OR AY.24.1 OR AY.25 OR AY.25.1 OR AY.25.1.1 OR AY.25.1.2 OR AY.25.2 OR AY.25.3 OR AY.26 OR AY.26.1 OR AY.27 OR AY.28 OR AY.29 OR AY.29.1 OR AY.29.2 OR AY.30 OR AY.31 OR AY.32 OR AY.33 OR AY.33.1 OR AY.33.2 OR AY.34 OR AY.34.1 OR AY.34.1.1 OR AY.34.2 OR AY.35 OR AY.36 OR AY.36.1 OR AY.37 OR AY.38 OR AY.39 OR AY.39.1 OR AY.39.1.1 OR AY.39.1.2 OR AY.39.1.3 OR AY.39.1.4 OR AY.39.2 OR AY.39.3 OR AY.39.4 OR AY.40 OR AY.41 OR AY.42 OR AY.42.1 OR AY.43 OR AY.43.1 OR AY.43.2 OR AY.43.3 OR AY.43.4 OR AY.43.5 OR AY.43.6 OR AY.43.7 OR AY.43.8 OR AY.43.9 OR AY.44 OR AY.45 OR AY.46 OR AY.46.1 OR AY.46.2 OR AY.46.3 OR AY.46.4 OR AY.46.5 OR AY.46.6 OR AY.46.6.1 OR AY.47 OR AY.48 OR AY.49 OR AY.50 OR AY.51 OR AY.52 OR AY.53 OR AY.54 OR AY.55 OR AY.56 OR AY.57 OR AY.58 OR AY.59 OR AY.60 OR AY.61 OR AY.62 OR AY.63 OR AY.64 OR AY.65 OR AY.66 OR AY.67 OR AY.68 OR AY.69 OR AY.70 OR AY.71 OR AY.72 OR AY.73 OR AY.74 OR AY.75 OR AY.75.1 OR AY.75.2 OR AY.75.3 OR AY.76 OR AY.77 OR AY.78 OR AY.79 OR AY.80 OR AY.81 OR AY.82 OR AY.83 OR AY.84 OR AY.85 OR AY.86 OR AY.87 OR AY.88 OR AY.89 OR AY.90 OR AY.91 OR AY.91.1 OR AY.92 OR AY.93 OR AY.94 OR AY.95 OR AY.96 OR AY.97 OR AY.98 OR AY.98.1 OR AY.98.1.1 OR AY.99 OR AY.99.1 OR AY.99.2 OR AY.100 OR AY.101 OR AY.102 OR AY.102.1 OR AY.102.2 OR AY.103 OR AY.103.1 OR AY.103.2 OR AY.104 OR AY.105 OR AY.106 OR AY.107 OR AY.108 OR AY.109 OR AY.110 OR AY.111 OR AY.112 OR AY.112.1 OR AY.112.2 OR AY.112.3 OR AY.113 OR AY.114 OR AY.115 OR AY.116 OR AY.116.1 OR AY.117 OR AY.118 OR AY.119 OR AY.119.1 OR AY.119.2 OR AY.120 OR AY.120.1 OR AY.120.2 OR AY.120.2.1 OR AY.121 OR AY.121.1 OR AY.122 OR AY.122.1 OR AY.122.2 OR AY.122.3 OR AY.122.4 OR AY.122.5 OR AY.122.6 OR AY.123 OR AY.123.1 OR AY.124 OR AY.124.1 OR AY.124.1.1 OR AY.125 OR AY.125.1 OR AY.126 OR AY.127 OR AY.127.1 OR AY.127.2 OR AY.127.3 OR AY.128 OR AY.129 OR AY.130 OR AY.131 OR AY.132 OR AY.133 OR AY.134 OR B.1.617.2,Delta,156.5,0,0
2021-03-22,286,0,154.428571428571,0,0,3.18335903976262e-06,0.016152944178978,AY.1 OR AY.2 OR AY.3 OR AY.3.1 OR AY.3.2 OR AY.3.3 OR AY.3.4 OR AY.4 OR AY.4.1 OR AY.4.2 OR AY.4.2.1 OR AY.4.2.2 OR AY.4.2.3 OR AY.4.2.4 OR AY.4.2.5 OR AY.4.3 OR AY.4.4 OR AY.4.5 OR AY.4.6 OR AY.4.7 OR AY.4.8 OR AY.4.9 OR AY.4.10 OR AY.4.11 OR AY.4.12 OR AY.4.13 OR AY.4.14 OR AY.4.15 OR AY.4.16 OR AY.4.17 OR AY.5 OR AY.5.1 OR AY.5.2 OR AY.5.3 OR AY.5.4 OR AY.5.5 OR AY.5.6 OR AY.5.7 OR AY.6 OR AY.7 OR AY.7.1 OR AY.7.2 OR AY.8 OR AY.9 OR AY.9.1 OR AY.9.2 OR AY.9.2.1 OR AY.9.2.2 OR AY.10 OR AY.11 OR AY.12 OR AY.13 OR AY.14 OR AY.15 OR AY.16 OR AY.16.1 OR AY.17 OR AY.18 OR AY.19 OR AY.20 OR AY.20.1 OR AY.21 OR AY.22 OR AY.23 OR AY.23.1 OR AY.23.2 OR AY.24 OR AY.24.1 OR AY.25 OR AY.25.1 OR AY.25.1.1 OR AY.25.1.2 OR AY.25.2 OR AY.25.3 OR AY.26 OR AY.26.1 OR AY.27 OR AY.28 OR AY.29 OR AY.29.1 OR AY.29.2 OR AY.30 OR AY.31 OR AY.32 OR AY.33 OR AY.33.1 OR AY.33.2 OR AY.34 OR AY.34.1 OR AY.34.1.1 OR AY.34.2 OR AY.35 OR AY.36 OR AY.36.1 OR AY.37 OR AY.38 OR AY.39 OR AY.39.1 OR AY.39.1.1 OR AY.39.1.2 OR AY.39.1.3 OR AY.39.1.4 OR AY.39.2 OR AY.39.3 OR AY.39.4 OR AY.40 OR AY.41 OR AY.42 OR AY.42.1 OR AY.43 OR AY.43.1 OR AY.43.2 OR AY.43.3 OR AY.43.4 OR AY.43.5 OR AY.43.6 OR AY.43.7 OR AY.43.8 OR AY.43.9 OR AY.44 OR AY.45 OR AY.46 OR AY.46.1 OR AY.46.2 OR AY.46.3 OR AY.46.4 OR AY.46.5 OR AY.46.6 OR AY.46.6.1 OR AY.47 OR AY.48 OR AY.49 OR AY.50 OR AY.51 OR AY.52 OR AY.53 OR AY.54 OR AY.55 OR AY.56 OR AY.57 OR AY.58 OR AY.59 OR AY.60 OR AY.61 OR AY.62 OR AY.63 OR AY.64 OR AY.65 OR AY.66 OR AY.67 OR AY.68 OR AY.69 OR AY.70 OR AY.71 OR AY.72 OR AY.73 OR AY.74 OR AY.75 OR AY.75.1 OR AY.75.2 OR AY.75.3 OR AY.76 OR AY.77 OR AY.78 OR AY.79 OR AY.80 OR AY.81 OR AY.82 OR AY.83 OR AY.84 OR AY.85 OR AY.86 OR AY.87 OR AY.88 OR AY.89 OR AY.90 OR AY.91 OR AY.91.1 OR AY.92 OR AY.93 OR AY.94 OR AY.95 OR AY.96 OR AY.97 OR AY.98 OR AY.98.1 OR AY.98.1.1 OR AY.99 OR AY.99.1 OR AY.99.2 OR AY.100 OR AY.101 OR AY.102 OR AY.102.1 OR AY.102.2 OR AY.103 OR AY.103.1 OR AY.103.2 OR AY.104 OR AY.105 OR AY.106 OR AY.107 OR AY.108 OR AY.109 OR AY.110 OR AY.111 OR AY.112 OR AY.112.1 OR AY.112.2 OR AY.112.3 OR AY.113 OR AY.114 OR AY.115 OR AY.116 OR AY.116.1 OR AY.117 OR AY.118 OR AY.119 OR AY.119.1 OR AY.119.2 OR AY.120 OR AY.120.1 OR AY.120.2 OR AY.120.2.1 OR AY.121 OR AY.121.1 OR AY.122 OR AY.122.1 OR AY.122.2 OR AY.122.3 OR AY.122.4 OR AY.122.5 OR AY.122.6 OR AY.123 OR AY.123.1 OR AY.124 OR AY.124.1 OR AY.124.1.1 OR AY.125 OR AY.125.1 OR AY.126 OR AY.127 OR AY.127.1 OR AY.127.2 OR AY.127.3 OR AY.128 OR AY.129 OR AY.130 OR AY.131 OR AY.132 OR AY.133 OR AY.134 OR B.1.617.2,Delta,164.785714285714,0,0
2021-03-23,180,0,160.428571428571,0,0,3.06416978815145e-06,0.0155528859091645,AY.1 OR AY.2 OR AY.3 OR AY.3.1 OR AY.3.2 OR AY.3.3 OR AY.3.4 OR AY.4 OR AY.4.1 OR AY.4.2 OR AY.4.2.1 OR AY.4.2.2 OR AY.4.2.3 OR AY.4.2.4 OR AY.4.2.5 OR AY.4.3 OR AY.4.4 OR AY.4.5 OR AY.4.6 OR AY.4.7 OR AY.4.8 OR AY.4.9 OR AY.4.10 OR AY.4.11 OR AY.4.12 OR AY.4.13 OR AY.4.14 OR AY.4.15 OR AY.4.16 OR AY.4.17 OR AY.5 OR AY.5.1 OR AY.5.2 OR AY.5.3 OR AY.5.4 OR AY.5.5 OR AY.5.6 OR AY.5.7 OR AY.6 OR AY.7 OR AY.7.1 OR AY.7.2 OR AY.8 OR AY.9 OR AY.9.1 OR AY.9.2 OR AY.9.2.1 OR AY.9.2.2 OR AY.10 OR AY.11 OR AY.12 OR AY.13 OR AY.14 OR AY.15 OR AY.16 OR AY.16.1 OR AY.17 OR AY.18 OR AY.19 OR AY.20 OR AY.20.1 OR AY.21 OR AY.22 OR AY.23 OR AY.23.1 OR AY.23.2 OR AY.24 OR AY.24.1 OR AY.25 OR AY.25.1 OR AY.25.1.1 OR AY.25.1.2 OR AY.25.2 OR AY.25.3 OR AY.26 OR AY.26.1 OR AY.27 OR AY.28 OR AY.29 OR AY.29.1 OR AY.29.2 OR AY.30 OR AY.31 OR AY.32 OR AY.33 OR AY.33.1 OR AY.33.2 OR AY.34 OR AY.34.1 OR AY.34.1.1 OR AY.34.2 OR AY.35 OR AY.36 OR AY.36.1 OR AY.37 OR AY.38 OR AY.39 OR AY.39.1 OR AY.39.1.1 OR AY.39.1.2 OR AY.39.1.3 OR AY.39.1.4 OR AY.39.2 OR AY.39.3 OR AY.39.4 OR AY.40 OR AY.41 OR AY.42 OR AY.42.1 OR AY.43 OR AY.43.1 OR AY.43.2 OR AY.43.3 OR AY.43.4 OR AY.43.5 OR AY.43.6 OR AY.43.7 OR AY.43.8 OR AY.43.9 OR AY.44 OR AY.45 OR AY.46 OR AY.46.1 OR AY.46.2 OR AY.46.3 OR AY.46.4 OR AY.46.5 OR AY.46.6 OR AY.46.6.1 OR AY.47 OR AY.48 OR AY.49 OR AY.50 OR AY.51 OR AY.52 OR AY.53 OR AY.54 OR AY.55 OR AY.56 OR AY.57 OR AY.58 OR AY.59 OR AY.60 OR AY.61 OR AY.62 OR AY.63 OR AY.64 OR AY.65 OR AY.66 OR AY.67 OR AY.68 OR AY.69 OR AY.70 OR AY.71 OR AY.72 OR AY.73 OR AY.74 OR AY.75 OR AY.75.1 OR AY.75.2 OR AY.75.3 OR AY.76 OR AY.77 OR AY.78 OR AY.79 OR AY.80 OR AY.81 OR AY.82 OR AY.83 OR AY.84 OR AY.85 OR AY.86 OR AY.87 OR AY.88 OR AY.89 OR AY.90 OR AY.91 OR AY.91.1 OR AY.92 OR AY.93 OR AY.94 OR AY.95 OR AY.96 OR AY.97 OR AY.98 OR AY.98.1 OR AY.98.1.1 OR AY.99 OR AY.99.1 OR AY.99.2 OR AY.100 OR AY.101 OR AY.102 OR AY.102.1 OR AY.102.2 OR AY.103 OR AY.103.1 OR AY.103.2 OR AY.104 OR AY.105 OR AY.106 OR AY.107 OR AY.108 OR AY.109 OR AY.110 OR AY.111 OR AY.112 OR AY.112.1 OR AY.112.2 OR AY.112.3 OR AY.113 OR AY.114 OR AY.115 OR AY.116 OR AY.116.1 OR AY.117 OR AY.118 OR AY.119 OR AY.119.1 OR AY.119.2 OR AY.120 OR AY.120.1 OR AY.120.2 OR AY.120.2.1 OR AY.121 OR AY.121.1 OR AY.122 OR AY.122.1 OR AY.122.2 OR AY.122.3 OR AY.122.4 OR AY.122.5 OR AY.122.6 OR AY.123 OR AY.123.1 OR AY.124 OR AY.124.1 OR AY.124.1.1 OR AY.125 OR AY.125.1 OR AY.126 OR AY.127 OR AY.127.1 OR AY.127.2 OR AY.127.3 OR AY.128 OR AY.129 OR AY.130 OR AY.131 OR AY.132 OR AY.133 OR AY.134 OR B.1.617.2,Delta,163.642857142857,0,0
2021-03-24,121,0,155.285714285714,0,0,3.16285439743451e-06,0.0160497396311359,AY.1 OR AY.2 OR AY.3 OR AY.3.1 OR AY.3.2 OR AY.3.3 OR AY.3.4 OR AY.4 OR AY.4.1 OR AY.4.2 OR AY.4.2.1 OR AY.4.2.2 OR AY.4.2.3 OR AY.4.2.4 OR AY.4.2.5 OR AY.4.3 OR AY.4.4 OR AY.4.5 OR AY.4.6 OR AY.4.7 OR AY.4.8 OR AY.4.9 OR AY.4.10 OR AY.4.11 OR AY.4.12 OR AY.4.13 OR AY.4.14 OR AY.4.15 OR AY.4.16 OR AY.4.17 OR AY.5 OR AY.5.1 OR AY.5.2 OR AY.5.3 OR AY.5.4 OR AY.5.5 OR AY.5.6 OR AY.5.7 OR AY.6 OR AY.7 OR AY.7.1 OR AY.7.2 OR AY.8 OR AY.9 OR AY.9.1 OR AY.9.2 OR AY.9.2.1 OR AY.9.2.2 OR AY.10 OR AY.11 OR AY.12 OR AY.13 OR AY.14 OR AY.15 OR AY.16 OR AY.16.1 OR AY.17 OR AY.18 OR AY.19 OR AY.20 OR AY.20.1 OR AY.21 OR AY.22 OR AY.23 OR AY.23.1 OR AY.23.2 OR AY.24 OR AY.24.1 OR AY.25 OR AY.25.1 OR AY.25.1.1 OR AY.25.1.2 OR AY.25.2 OR AY.25.3 OR AY.26 OR AY.26.1 OR AY.27 OR AY.28 OR AY.29 OR AY.29.1 OR AY.29.2 OR AY.30 OR AY.31 OR AY.32 OR AY.33 OR AY.33.1 OR AY.33.2 OR AY.34 OR AY.34.1 OR AY.34.1.1 OR AY.34.2 OR AY.35 OR AY.36 OR AY.36.1 OR AY.37 OR AY.38 OR AY.39 OR AY.39.1 OR AY.39.1.1 OR AY.39.1.2 OR AY.39.1.3 OR AY.39.1.4 OR AY.39.2 OR AY.39.3 OR AY.39.4 OR AY.40 OR AY.41 OR AY.42 OR AY.42.1 OR AY.43 OR AY.43.1 OR AY.43.2 OR AY.43.3 OR AY.43.4 OR AY.43.5 OR AY.43.6 OR AY.43.7 OR AY.43.8 OR AY.43.9 OR AY.44 OR AY.45 OR AY.46 OR AY.46.1 OR AY.46.2 OR AY.46.3 OR AY.46.4 OR AY.46.5 OR AY.46.6 OR AY.46.6.1 OR AY.47 OR AY.48 OR AY.49 OR AY.50 OR AY.51 OR AY.52 OR AY.53 OR AY.54 OR AY.55 OR AY.56 OR AY.57 OR AY.58 OR AY.59 OR AY.60 OR AY.61 OR AY.62 OR AY.63 OR AY.64 OR AY.65 OR AY.66 OR AY.67 OR AY.68 OR AY.69 OR AY.70 OR AY.71 OR AY.72 OR AY.73 OR AY.74 OR AY.75 OR AY.75.1 OR AY.75.2 OR AY.75.3 OR AY.76 OR AY.77 OR AY.78 OR AY.79 OR AY.80 OR AY.81 OR AY.82 OR AY.83 OR AY.84 OR AY.85 OR AY.86 OR AY.87 OR AY.88 OR AY.89 OR AY.90 OR AY.91 OR AY.91.1 OR AY.92 OR AY.93 OR AY.94 OR AY.95 OR AY.96 OR AY.97 OR AY.98 OR AY.98.1 OR AY.98.1.1 OR AY.99 OR AY.99.1 OR AY.99.2 OR AY.100 OR AY.101 OR AY.102 OR AY.102.1 OR AY.102.2 OR AY.103 OR AY.103.1 OR AY.103.2 OR AY.104 OR AY.105 OR AY.106 OR AY.107 OR AY.108 OR AY.109 OR AY.110 OR AY.111 OR AY.112 OR AY.112.1 OR AY.112.2 OR AY.112.3 OR AY.113 OR AY.114 OR AY.115 OR AY.116 OR AY.116.1 OR AY.117 OR AY.118 OR AY.119 OR AY.119.1 OR AY.119.2 OR AY.120 OR AY.120.1 OR AY.120.2 OR AY.120.2.1 OR AY.121 OR AY.121.1 OR AY.122 OR AY.122.1 OR AY.122.2 OR AY.122.3 OR AY.122.4 OR AY.122.5 OR AY.122.6 OR AY.123 OR AY.123.1 OR AY.124 OR AY.124.1 OR AY.124.1.1 OR AY.125 OR AY.125.1 OR AY.126 OR AY.127 OR AY.127.1 OR AY.127.2 OR AY.127.3 OR AY.128 OR AY.129 OR AY.130 OR AY.131 OR AY.132 OR AY.133 OR AY.134 OR B.1.617.2,Delta,151,0,0
2021-03-25,92,0,153.428571428571,0,0,3.20413127789015e-06,0.0162574845530713,AY.1 OR AY.2 OR AY.3 OR AY.3.1 OR AY.3.2 OR AY.3.3 OR AY.3.4 OR AY.4 OR AY.4.1 OR AY.4.2 OR AY.4.2.1 OR AY.4.2.2 OR AY.4.2.3 OR AY.4.2.4 OR AY.4.2.5 OR AY.4.3 OR AY.4.4 OR AY.4.5 OR AY.4.6 OR AY.4.7 OR AY.4.8 OR AY.4.9 OR AY.4.10 OR AY.4.11 OR AY.4.12 OR AY.4.13 OR AY.4.14 OR AY.4.15 OR AY.4.16 OR AY.4.17 OR AY.5 OR AY.5.1 OR AY.5.2 OR AY.5.3 OR AY.5.4 OR AY.5.5 OR AY.5.6 OR AY.5.7 OR AY.6 OR AY.7 OR AY.7.1 OR AY.7.2 OR AY.8 OR AY.9 OR AY.9.1 OR AY.9.2 OR AY.9.2.1 OR AY.9.2.2 OR AY.10 OR AY.11 OR AY.12 OR AY.13 OR AY.14 OR AY.15 OR AY.16 OR AY.16.1 OR AY.17 OR AY.18 OR AY.19 OR AY.20 OR AY.20.1 OR AY.21 OR AY.22 OR AY.23 OR AY.23.1 OR AY.23.2 OR AY.24 OR AY.24.1 OR AY.25 OR AY.25.1 OR AY.25.1.1 OR AY.25.1.2 OR AY.25.2 OR AY.25.3 OR AY.26 OR AY.26.1 OR AY.27 OR AY.28 OR AY.29 OR AY.29.1 OR AY.29.2 OR AY.30 OR AY.31 OR AY.32 OR AY.33 OR AY.33.1 OR AY.33.2 OR AY.34 OR AY.34.1 OR AY.34.1.1 OR AY.34.2 OR AY.35 OR AY.36 OR AY.36.1 OR AY.37 OR AY.38 OR AY.39 OR AY.39.1 OR AY.39.1.1 OR AY.39.1.2 OR AY.39.1.3 OR AY.39.1.4 OR AY.39.2 OR AY.39.3 OR AY.39.4 OR AY.40 OR AY.41 OR AY.42 OR AY.42.1 OR AY.43 OR AY.43.1 OR AY.43.2 OR AY.43.3 OR AY.43.4 OR AY.43.5 OR AY.43.6 OR AY.43.7 OR AY.43.8 OR AY.43.9 OR AY.44 OR AY.45 OR AY.46 OR AY.46.1 OR AY.46.2 OR AY.46.3 OR AY.46.4 OR AY.46.5 OR AY.46.6 OR AY.46.6.1 OR AY.47 OR AY.48 OR AY.49 OR AY.50 OR AY.51 OR AY.52 OR AY.53 OR AY.54 OR AY.55 OR AY.56 OR AY.57 OR AY.58 OR AY.59 OR AY.60 OR AY.61 OR AY.62 OR AY.63 OR AY.64 OR AY.65 OR AY.66 OR AY.67 OR AY.68 OR AY.69 OR AY.70 OR AY.71 OR AY.72 OR AY.73 OR AY.74 OR AY.75 OR AY.75.1 OR AY.75.2 OR AY.75.3 OR AY.76 OR AY.77 OR AY.78 OR AY.79 OR AY.80 OR AY.81 OR AY.82 OR AY.83 OR AY.84 OR AY.85 OR AY.86 OR AY.87 OR AY.88 OR AY.89 OR AY.90 OR AY.91 OR AY.91.1 OR AY.92 OR AY.93 OR AY.94 OR AY.95 OR AY.96 OR AY.97 OR AY.98 OR AY.98.1 OR AY.98.1.1 OR AY.99 OR AY.99.1 OR AY.99.2 OR AY.100 OR AY.101 OR AY.102 OR AY.102.1 OR AY.102.2 OR AY.103 OR AY.103.1 OR AY.103.2 OR AY.104 OR AY.105 OR AY.106 OR AY.107 OR AY.108 OR AY.109 OR AY.110 OR AY.111 OR AY.112 OR AY.112.1 OR AY.112.2 OR AY.112.3 OR AY.113 OR AY.114 OR AY.115 OR AY.116 OR AY.116.1 OR AY.117 OR AY.118 OR AY.119 OR AY.119.1 OR AY.119.2 OR AY.120 OR AY.120.1 OR AY.120.2 OR AY.120.2.1 OR AY.121 OR AY.121.1 OR AY.122 OR AY.122.1 OR AY.122.2 OR AY.122.3 OR AY.122.4 OR AY.122.5 OR AY.122.6 OR AY.123 OR AY.123.1 OR AY.124 OR AY.124.1 OR AY.124.1.1 OR AY.125 OR AY.125.1 OR AY.126 OR AY.127 OR AY.127.1 OR AY.127.2 OR AY.127.3 OR AY.128 OR AY.129 OR AY.130 OR AY.131 OR AY.132 OR AY.133 OR AY.134 OR B.1.617.2,Delta,140.5,0,0
2021-03-26,58,0,134.571428571429,0,0,3.63055695453752e-06,0.0184011011034599,AY.1 OR AY.2 OR AY.3 OR AY.3.1 OR AY.3.2 OR AY.3.3 OR AY.3.4 OR AY.4 OR AY.4.1 OR AY.4.2 OR AY.4.2.1 OR AY.4.2.2 OR AY.4.2.3 OR AY.4.2.4 OR AY.4.2.5 OR AY.4.3 OR AY.4.4 OR AY.4.5 OR AY.4.6 OR AY.4.7 OR AY.4.8 OR AY.4.9 OR AY.4.10 OR AY.4.11 OR AY.4.12 OR AY.4.13 OR AY.4.14 OR AY.4.15 OR AY.4.16 OR AY.4.17 OR AY.5 OR AY.5.1 OR AY.5.2 OR AY.5.3 OR AY.5.4 OR AY.5.5 OR AY.5.6 OR AY.5.7 OR AY.6 OR AY.7 OR AY.7.1 OR AY.7.2 OR AY.8 OR AY.9 OR AY.9.1 OR AY.9.2 OR AY.9.2.1 OR AY.9.2.2 OR AY.10 OR AY.11 OR AY.12 OR AY.13 OR AY.14 OR AY.15 OR AY.16 OR AY.16.1 OR AY.17 OR AY.18 OR AY.19 OR AY.20 OR AY.20.1 OR AY.21 OR AY.22 OR AY.23 OR AY.23.1 OR AY.23.2 OR AY.24 OR AY.24.1 OR AY.25 OR AY.25.1 OR AY.25.1.1 OR AY.25.1.2 OR AY.25.2 OR AY.25.3 OR AY.26 OR AY.26.1 OR AY.27 OR AY.28 OR AY.29 OR AY.29.1 OR AY.29.2 OR AY.30 OR AY.31 OR AY.32 OR AY.33 OR AY.33.1 OR AY.33.2 OR AY.34 OR AY.34.1 OR AY.34.1.1 OR AY.34.2 OR AY.35 OR AY.36 OR AY.36.1 OR AY.37 OR AY.38 OR AY.39 OR AY.39.1 OR AY.39.1.1 OR AY.39.1.2 OR AY.39.1.3 OR AY.39.1.4 OR AY.39.2 OR AY.39.3 OR AY.39.4 OR AY.40 OR AY.41 OR AY.42 OR AY.42.1 OR AY.43 OR AY.43.1 OR AY.43.2 OR AY.43.3 OR AY.43.4 OR AY.43.5 OR AY.43.6 OR AY.43.7 OR AY.43.8 OR AY.43.9 OR AY.44 OR AY.45 OR AY.46 OR AY.46.1 OR AY.46.2 OR AY.46.3 OR AY.46.4 OR AY.46.5 OR AY.46.6 OR AY.46.6.1 OR AY.47 OR AY.48 OR AY.49 OR AY.50 OR AY.51 OR AY.52 OR AY.53 OR AY.54 OR AY.55 OR AY.56 OR AY.57 OR AY.58 OR AY.59 OR AY.60 OR AY.61 OR AY.62 OR AY.63 OR AY.64 OR AY.65 OR AY.66 OR AY.67 OR AY.68 OR AY.69 OR AY.70 OR AY.71 OR AY.72 OR AY.73 OR AY.74 OR AY.75 OR AY.75.1 OR AY.75.2 OR AY.75.3 OR AY.76 OR AY.77 OR AY.78 OR AY.79 OR AY.80 OR AY.81 OR AY.82 OR AY.83 OR AY.84 OR AY.85 OR AY.86 OR AY.87 OR AY.88 OR AY.89 OR AY.90 OR AY.91 OR AY.91.1 OR AY.92 OR AY.93 OR AY.94 OR AY.95 OR AY.96 OR AY.97 OR AY.98 OR AY.98.1 OR AY.98.1.1 OR AY.99 OR AY.99.1 OR AY.99.2 OR AY.100 OR AY.101 OR AY.102 OR AY.102.1 OR AY.102.2 OR AY.103 OR AY.103.1 OR AY.103.2 OR AY.104 OR AY.105 OR AY.106 OR AY.107 OR AY.108 OR AY.109 OR AY.110 OR AY.111 OR AY.112 OR AY.112.1 OR AY.112.2 OR AY.112.3 OR AY.113 OR AY.114 OR AY.115 OR AY.116 OR AY.116.1 OR AY.117 OR AY.118 OR AY.119 OR AY.119.1 OR AY.119.2 OR AY.120 OR AY.120.1 OR AY.120.2 OR AY.120.2.1 OR AY.121 OR AY.121.1 OR AY.122 OR AY.122.1 OR AY.122.2 OR AY.122.3 OR AY.122.4 OR AY.122.5 OR AY.122.6 OR AY.123 OR AY.123.1 OR AY.124 OR AY.124.1 OR AY.124.1.1 OR AY.125 OR AY.125.1 OR AY.126 OR AY.127 OR AY.127.1 OR AY.127.2 OR AY.127.3 OR AY.128 OR AY.129 OR AY.130 OR AY.131 OR AY.132 OR AY.133 OR AY.134 OR B.1.617.2,Delta,129.214285714286,0,0
2021-03-27,43,0,129.857142857143,0,0,3.7699249767691e-06,0.019100681880484,AY.1 OR AY.2 OR AY.3 OR AY.3.1 OR AY.3.2 OR AY.3.3 OR AY.3.4 OR AY.4 OR AY.4.1 OR AY.4.2 OR AY.4.2.1 OR AY.4.2.2 OR AY.4.2.3 OR AY.4.2.4 OR AY.4.2.5 OR AY.4.3 OR AY.4.4 OR AY.4.5 OR AY.4.6 OR AY.4.7 OR AY.4.8 OR AY.4.9 OR AY.4.10 OR AY.4.11 OR AY.4.12 OR AY.4.13 OR AY.4.14 OR AY.4.15 OR AY.4.16 OR AY.4.17 OR AY.5 OR AY.5.1 OR AY.5.2 OR AY.5.3 OR AY.5.4 OR AY.5.5 OR AY.5.6 OR AY.5.7 OR AY.6 OR AY.7 OR AY.7.1 OR AY.7.2 OR AY.8 OR AY.9 OR AY.9.1 OR AY.9.2 OR AY.9.2.1 OR AY.9.2.2 OR AY.10 OR AY.11 OR AY.12 OR AY.13 OR AY.14 OR AY.15 OR AY.16 OR AY.16.1 OR AY.17 OR AY.18 OR AY.19 OR AY.20 OR AY.20.1 OR AY.21 OR AY.22 OR AY.23 OR AY.23.1 OR AY.23.2 OR AY.24 OR AY.24.1 OR AY.25 OR AY.25.1 OR AY.25.1.1 OR AY.25.1.2 OR AY.25.2 OR AY.25.3 OR AY.26 OR AY.26.1 OR AY.27 OR AY.28 OR AY.29 OR AY.29.1 OR AY.29.2 OR AY.30 OR AY.31 OR AY.32 OR AY.33 OR AY.33.1 OR AY.33.2 OR AY.34 OR AY.34.1 OR AY.34.1.1 OR AY.34.2 OR AY.35 OR AY.36 OR AY.36.1 OR AY.37 OR AY.38 OR AY.39 OR AY.39.1 OR AY.39.1.1 OR AY.39.1.2 OR AY.39.1.3 OR AY.39.1.4 OR AY.39.2 OR AY.39.3 OR AY.39.4 OR AY.40 OR AY.41 OR AY.42 OR AY.42.1 OR AY.43 OR AY.43.1 OR AY.43.2 OR AY.43.3 OR AY.43.4 OR AY.43.5 OR AY.43.6 OR AY.43.7 OR AY.43.8 OR AY.43.9 OR AY.44 OR AY.45 OR AY.46 OR AY.46.1 OR AY.46.2 OR AY.46.3 OR AY.46.4 OR AY.46.5 OR AY.46.6 OR AY.46.6.1 OR AY.47 OR AY.48 OR AY.49 OR AY.50 OR AY.51 OR AY.52 OR AY.53 OR AY.54 OR AY.55 OR AY.56 OR AY.57 OR AY.58 OR AY.59 OR AY.60 OR AY.61 OR AY.62 OR AY.63 OR AY.64 OR AY.65 OR AY.66 OR AY.67 OR AY.68 OR AY.69 OR AY.70 OR AY.71 OR AY.72 OR AY.73 OR AY.74 OR AY.75 OR AY.75.1 OR AY.75.2 OR AY.75.3 OR AY.76 OR AY.77 OR AY.78 OR AY.79 OR AY.80 OR AY.81 OR AY.82 OR AY.83 OR AY.84 OR AY.85 OR AY.86 OR AY.87 OR AY.88 OR AY.89 OR AY.90 OR AY.91 OR AY.91.1 OR AY.92 OR AY.93 OR AY.94 OR AY.95 OR AY.96 OR AY.97 OR AY.98 OR AY.98.1 OR AY.98.1.1 OR AY.99 OR AY.99.1 OR AY.99.2 OR AY.100 OR AY.101 OR AY.102 OR AY.102.1 OR AY.102.2 OR AY.103 OR AY.103.1 OR AY.103.2 OR AY.104 OR AY.105 OR AY.106 OR AY.107 OR AY.108 OR AY.109 OR AY.110 OR AY.111 OR AY.112 OR AY.112.1 OR AY.112.2 OR AY.112.3 OR AY.113 OR AY.114 OR AY.115 OR AY.116 OR AY.116.1 OR AY.117 OR AY.118 OR AY.119 OR AY.119.1 OR AY.119.2 OR AY.120 OR AY.120.1 OR AY.120.2 OR AY.120.2.1 OR AY.121 OR AY.121.1 OR AY.122 OR AY.122.1 OR AY.122.2 OR AY.122.3 OR AY.122.4 OR AY.122.5 OR AY.122.6 OR AY.123 OR AY.123.1 OR AY.124 OR AY.124.1 OR AY.124.1.1 OR AY.125 OR AY.125.1 OR AY.126 OR AY.127 OR AY.127.1 OR AY.127.2 OR AY.127.3 OR AY.128 OR AY.129 OR AY.130 OR AY.131 OR AY.132 OR AY.133 OR AY.134 OR B.1.617.2,Delta,126.928571428571,0,0
2021-03-28,31,0,115.857142857143,0,0,4.22393450074705e-06,0.0213761990501723,AY.1 OR AY.2 OR AY.3 OR AY.3.1 OR AY.3.2 OR AY.3.3 OR AY.3.4 OR AY.4 OR AY.4.1 OR AY.4.2 OR AY.4.2.1 OR AY.4.2.2 OR AY.4.2.3 OR AY.4.2.4 OR AY.4.2.5 OR AY.4.3 OR AY.4.4 OR AY.4.5 OR AY.4.6 OR AY.4.7 OR AY.4.8 OR AY.4.9 OR AY.4.10 OR AY.4.11 OR AY.4.12 OR AY.4.13 OR AY.4.14 OR AY.4.15 OR AY.4.16 OR AY.4.17 OR AY.5 OR AY.5.1 OR AY.5.2 OR AY.5.3 OR AY.5.4 OR AY.5.5 OR AY.5.6 OR AY.5.7 OR AY.6 OR AY.7 OR AY.7.1 OR AY.7.2 OR AY.8 OR AY.9 OR AY.9.1 OR AY.9.2 OR AY.9.2.1 OR AY.9.2.2 OR AY.10 OR AY.11 OR AY.12 OR AY.13 OR AY.14 OR AY.15 OR AY.16 OR AY.16.1 OR AY.17 OR AY.18 OR AY.19 OR AY.20 OR AY.20.1 OR AY.21 OR AY.22 OR AY.23 OR AY.23.1 OR AY.23.2 OR AY.24 OR AY.24.1 OR AY.25 OR AY.25.1 OR AY.25.1.1 OR AY.25.1.2 OR AY.25.2 OR AY.25.3 OR AY.26 OR AY.26.1 OR AY.27 OR AY.28 OR AY.29 OR AY.29.1 OR AY.29.2 OR AY.30 OR AY.31 OR AY.32 OR AY.33 OR AY.33.1 OR AY.33.2 OR AY.34 OR AY.34.1 OR AY.34.1.1 OR AY.34.2 OR AY.35 OR AY.36 OR AY.36.1 OR AY.37 OR AY.38 OR AY.39 OR AY.39.1 OR AY.39.1.1 OR AY.39.1.2 OR AY.39.1.3 OR AY.39.1.4 OR AY.39.2 OR AY.39.3 OR AY.39.4 OR AY.40 OR AY.41 OR AY.42 OR AY.42.1 OR AY.43 OR AY.43.1 OR AY.43.2 OR AY.43.3 OR AY.43.4 OR AY.43.5 OR AY.43.6 OR AY.43.7 OR AY.43.8 OR AY.43.9 OR AY.44 OR AY.45 OR AY.46 OR AY.46.1 OR AY.46.2 OR AY.46.3 OR AY.46.4 OR AY.46.5 OR AY.46.6 OR AY.46.6.1 OR AY.47 OR AY.48 OR AY.49 OR AY.50 OR AY.51 OR AY.52 OR AY.53 OR AY.54 OR AY.55 OR AY.56 OR AY.57 OR AY.58 OR AY.59 OR AY.60 OR AY.61 OR AY.62 OR AY.63 OR AY.64 OR AY.65 OR AY.66 OR AY.67 OR AY.68 OR AY.69 OR AY.70 OR AY.71 OR AY.72 OR AY.73 OR AY.74 OR AY.75 OR AY.75.1 OR AY.75.2 OR AY.75.3 OR AY.76 OR AY.77 OR AY.78 OR AY.79 OR AY.80 OR AY.81 OR AY.82 OR AY.83 OR AY.84 OR AY.85 OR AY.86 OR AY.87 OR AY.88 OR AY.89 OR AY.90 OR AY.91 OR AY.91.1 OR AY.92 OR AY.93 OR AY.94 OR AY.95 OR AY.96 OR AY.97 OR AY.98 OR AY.98.1 OR AY.98.1.1 OR AY.99 OR AY.99.1 OR AY.99.2 OR AY.100 OR AY.101 OR AY.102 OR AY.102.1 OR AY.102.2 OR AY.103 OR AY.103.1 OR AY.103.2 OR AY.104 OR AY.105 OR AY.106 OR AY.107 OR AY.108 OR AY.109 OR AY.110 OR AY.111 OR AY.112 OR AY.112.1 OR AY.112.2 OR AY.112.3 OR AY.113 OR AY.114 OR AY.115 OR AY.116 OR AY.116.1 OR AY.117 OR AY.118 OR AY.119 OR AY.119.1 OR AY.119.2 OR AY.120 OR AY.120.1 OR AY.120.2 OR AY.120.2.1 OR AY.121 OR AY.121.1 OR AY.122 OR AY.122.1 OR AY.122.2 OR AY.122.3 OR AY.122.4 OR AY.122.5 OR AY.122.6 OR AY.123 OR AY.123.1 OR AY.124 OR AY.124.1 OR AY.124.1.1 OR AY.125 OR AY.125.1 OR AY.126 OR AY.127 OR AY.127.1 OR AY.127.2 OR AY.127.3 OR AY.128 OR AY.129 OR AY.130 OR AY.131 OR AY.132 OR AY.133 OR AY.134 OR B.1.617.2,Delta,124.285714285714,0,0
2021-03-29,221,0,106.571428571429,0,0,4.57838787938409e-06,0.0231490629055322,AY.1 OR AY.2 OR AY.3 OR AY.3.1 OR AY.3.2 OR AY.3.3 OR AY.3.4 OR AY.4 OR AY.4.1 OR AY.4.2 OR AY.4.2.1 OR AY.4.2.2 OR AY.4.2.3 OR AY.4.2.4 OR AY.4.2.5 OR AY.4.3 OR AY.4.4 OR AY.4.5 OR AY.4.6 OR AY.4.7 OR AY.4.8 OR AY.4.9 OR AY.4.10 OR AY.4.11 OR AY.4.12 OR AY.4.13 OR AY.4.14 OR AY.4.15 OR AY.4.16 OR AY.4.17 OR AY.5 OR AY.5.1 OR AY.5.2 OR AY.5.3 OR AY.5.4 OR AY.5.5 OR AY.5.6 OR AY.5.7 OR AY.6 OR AY.7 OR AY.7.1 OR AY.7.2 OR AY.8 OR AY.9 OR AY.9.1 OR AY.9.2 OR AY.9.2.1 OR AY.9.2.2 OR AY.10 OR AY.11 OR AY.12 OR AY.13 OR AY.14 OR AY.15 OR AY.16 OR AY.16.1 OR AY.17 OR AY.18 OR AY.19 OR AY.20 OR AY.20.1 OR AY.21 OR AY.22 OR AY.23 OR AY.23.1 OR AY.23.2 OR AY.24 OR AY.24.1 OR AY.25 OR AY.25.1 OR AY.25.1.1 OR AY.25.1.2 OR AY.25.2 OR AY.25.3 OR AY.26 OR AY.26.1 OR AY.27 OR AY.28 OR AY.29 OR AY.29.1 OR AY.29.2 OR AY.30 OR AY.31 OR AY.32 OR AY.33 OR AY.33.1 OR AY.33.2 OR AY.34 OR AY.34.1 OR AY.34.1.1 OR AY.34.2 OR AY.35 OR AY.36 OR AY.36.1 OR AY.37 OR AY.38 OR AY.39 OR AY.39.1 OR AY.39.1.1 OR AY.39.1.2 OR AY.39.1.3 OR AY.39.1.4 OR AY.39.2 OR AY.39.3 OR AY.39.4 OR AY.40 OR AY.41 OR AY.42 OR AY.42.1 OR AY.43 OR AY.43.1 OR AY.43.2 OR AY.43.3 OR AY.43.4 OR AY.43.5 OR AY.43.6 OR AY.43.7 OR AY.43.8 OR AY.43.9 OR AY.44 OR AY.45 OR AY.46 OR AY.46.1 OR AY.46.2 OR AY.46.3 OR AY.46.4 OR AY.46.5 OR AY.46.6 OR AY.46.6.1 OR AY.47 OR AY.48 OR AY.49 OR AY.50 OR AY.51 OR AY.52 OR AY.53 OR AY.54 OR AY.55 OR AY.56 OR AY.57 OR AY.58 OR AY.59 OR AY.60 OR AY.61 OR AY.62 OR AY.63 OR AY.64 OR AY.65 OR AY.66 OR AY.67 OR AY.68 OR AY.69 OR AY.70 OR AY.71 OR AY.72 OR AY.73 OR AY.74 OR AY.75 OR AY.75.1 OR AY.75.2 OR AY.75.3 OR AY.76 OR AY.77 OR AY.78 OR AY.79 OR AY.80 OR AY.81 OR AY.82 OR AY.83 OR AY.84 OR AY.85 OR AY.86 OR AY.87 OR AY.88 OR AY.89 OR AY.90 OR AY.91 OR AY.91.1 OR AY.92 OR AY.93 OR AY.94 OR AY.95 OR AY.96 OR AY.97 OR AY.98 OR AY.98.1 OR AY.98.1.1 OR AY.99 OR AY.99.1 OR AY.99.2 OR AY.100 OR AY.101 OR AY.102 OR AY.102.1 OR AY.102.2 OR AY.103 OR AY.103.1 OR AY.103.2 OR AY.104 OR AY.105 OR AY.106 OR AY.107 OR AY.108 OR AY.109 OR AY.110 OR AY.111 OR AY.112 OR AY.112.1 OR AY.112.2 OR AY.112.3 OR AY.113 OR AY.114 OR AY.115 OR AY.116 OR AY.116.1 OR AY.117 OR AY.118 OR AY.119 OR AY.119.1 OR AY.119.2 OR AY.120 OR AY.120.1 OR AY.120.2 OR AY.120.2.1 OR AY.121 OR AY.121.1 OR AY.122 OR AY.122.1 OR AY.122.2 OR AY.122.3 OR AY.122.4 OR AY.122.5 OR AY.122.6 OR AY.123 OR AY.123.1 OR AY.124 OR AY.124.1 OR AY.124.1.1 OR AY.125 OR AY.125.1 OR AY.126 OR AY.127 OR AY.127.1 OR AY.127.2 OR AY.127.3 OR AY.128 OR AY.129 OR AY.130 OR AY.131 OR AY.132 OR AY.133 OR AY.134 OR B.1.617.2,Delta,130.5,0,0
2021-03-30,180,0,106.571428571429,0,0,4.57838787938409e-06,0.0231490629055322,AY.1 OR AY.2 OR AY.3 OR AY.3.1 OR AY.3.2 OR AY.3.3 OR AY.3.4 OR AY.4 OR AY.4.1 OR AY.4.2 OR AY.4.2.1 OR AY.4.2.2 OR AY.4.2.3 OR AY.4.2.4 OR AY.4.2.5 OR AY.4.3 OR AY.4.4 OR AY.4.5 OR AY.4.6 OR AY.4.7 OR AY.4.8 OR AY.4.9 OR AY.4.10 OR AY.4.11 OR AY.4.12 OR AY.4.13 OR AY.4.14 OR AY.4.15 OR AY.4.16 OR AY.4.17 OR AY.5 OR AY.5.1 OR AY.5.2 OR AY.5.3 OR AY.5.4 OR AY.5.5 OR AY.5.6 OR AY.5.7 OR AY.6 OR AY.7 OR AY.7.1 OR AY.7.2 OR AY.8 OR AY.9 OR AY.9.1 OR AY.9.2 OR AY.9.2.1 OR AY.9.2.2 OR AY.10 OR AY.11 OR AY.12 OR AY.13 OR AY.14 OR AY.15 OR AY.16 OR AY.16.1 OR AY.17 OR AY.18 OR AY.19 OR AY.20 OR AY.20.1 OR AY.21 OR AY.22 OR AY.23 OR AY.23.1 OR AY.23.2 OR AY.24 OR AY.24.1 OR AY.25 OR AY.25.1 OR AY.25.1.1 OR AY.25.1.2 OR AY.25.2 OR AY.25.3 OR AY.26 OR AY.26.1 OR AY.27 OR AY.28 OR AY.29 OR AY.29.1 OR AY.29.2 OR AY.30 OR AY.31 OR AY.32 OR AY.33 OR AY.33.1 OR AY.33.2 OR AY.34 OR AY.34.1 OR AY.34.1.1 OR AY.34.2 OR AY.35 OR AY.36 OR AY.36.1 OR AY.37 OR AY.38 OR AY.39 OR AY.39.1 OR AY.39.1.1 OR AY.39.1.2 OR AY.39.1.3 OR AY.39.1.4 OR AY.39.2 OR AY.39.3 OR AY.39.4 OR AY.40 OR AY.41 OR AY.42 OR AY.42.1 OR AY.43 OR AY.43.1 OR AY.43.2 OR AY.43.3 OR AY.43.4 OR AY.43.5 OR AY.43.6 OR AY.43.7 OR AY.43.8 OR AY.43.9 OR AY.44 OR AY.45 OR AY.46 OR AY.46.1 OR AY.46.2 OR AY.46.3 OR AY.46.4 OR AY.46.5 OR AY.46.6 OR AY.46.6.1 OR AY.47 OR AY.48 OR AY.49 OR AY.50 OR AY.51 OR AY.52 OR AY.53 OR AY.54 OR AY.55 OR AY.56 OR AY.57 OR AY.58 OR AY.59 OR AY.60 OR AY.61 OR AY.62 OR AY.63 OR AY.64 OR AY.65 OR AY.66 OR AY.67 OR AY.68 OR AY.69 OR AY.70 OR AY.71 OR AY.72 OR AY.73 OR AY.74 OR AY.75 OR AY.75.1 OR AY.75.2 OR AY.75.3 OR AY.76 OR AY.77 OR AY.78 OR AY.79 OR AY.80 OR AY.81 OR AY.82 OR AY.83 OR AY.84 OR AY.85 OR AY.86 OR AY.87 OR AY.88 OR AY.89 OR AY.90 OR AY.91 OR AY.91.1 OR AY.92 OR AY.93 OR AY.94 OR AY.95 OR AY.96 OR AY.97 OR AY.98 OR AY.98.1 OR AY.98.1.1 OR AY.99 OR AY.99.1 OR AY.99.2 OR AY.100 OR AY.101 OR AY.102 OR AY.102.1 OR AY.102.2 OR AY.103 OR AY.103.1 OR AY.103.2 OR AY.104 OR AY.105 OR AY.106 OR AY.107 OR AY.108 OR AY.109 OR AY.110 OR AY.111 OR AY.112 OR AY.112.1 OR AY.112.2 OR AY.112.3 OR AY.113 OR AY.114 OR AY.115 OR AY.116 OR AY.116.1 OR AY.117 OR AY.118 OR AY.119 OR AY.119.1 OR AY.119.2 OR AY.120 OR AY.120.1 OR AY.120.2 OR AY.120.2.1 OR AY.121 OR AY.121.1 OR AY.122 OR AY.122.1 OR AY.122.2 OR AY.122.3 OR AY.122.4 OR AY.122.5 OR AY.122.6 OR AY.123 OR AY.123.1 OR AY.124 OR AY.124.1 OR AY.124.1.1 OR AY.125 OR AY.125.1 OR AY.126 OR AY.127 OR AY.127.1 OR AY.127.2 OR AY.127.3 OR AY.128 OR AY.129 OR AY.130 OR AY.131 OR AY.132 OR AY.133 OR AY.134 OR B.1.617.2,Delta,133.5,0,0
2021-03-31,272,0,128.142857142857,0,0,3.82871489552602e-06,0.0193956379214941,AY.1 OR AY.2 OR AY.3 OR AY.3.1 OR AY.3.2 OR AY.3.3 OR AY.3.4 OR AY.4 OR AY.4.1 OR AY.4.2 OR AY.4.2.1 OR AY.4.2.2 OR AY.4.2.3 OR AY.4.2.4 OR AY.4.2.5 OR AY.4.3 OR AY.4.4 OR AY.4.5 OR AY.4.6 OR AY.4.7 OR AY.4.8 OR AY.4.9 OR AY.4.10 OR AY.4.11 OR AY.4.12 OR AY.4.13 OR AY.4.14 OR AY.4.15 OR AY.4.16 OR AY.4.17 OR AY.5 OR AY.5.1 OR AY.5.2 OR AY.5.3 OR AY.5.4 OR AY.5.5 OR AY.5.6 OR AY.5.7 OR AY.6 OR AY.7 OR AY.7.1 OR AY.7.2 OR AY.8 OR AY.9 OR AY.9.1 OR AY.9.2 OR AY.9.2.1 OR AY.9.2.2 OR AY.10 OR AY.11 OR AY.12 OR AY.13 OR AY.14 OR AY.15 OR AY.16 OR AY.16.1 OR AY.17 OR AY.18 OR AY.19 OR AY.20 OR AY.20.1 OR AY.21 OR AY.22 OR AY.23 OR AY.23.1 OR AY.23.2 OR AY.24 OR AY.24.1 OR AY.25 OR AY.25.1 OR AY.25.1.1 OR AY.25.1.2 OR AY.25.2 OR AY.25.3 OR AY.26 OR AY.26.1 OR AY.27 OR AY.28 OR AY.29 OR AY.29.1 OR AY.29.2 OR AY.30 OR AY.31 OR AY.32 OR AY.33 OR AY.33.1 OR AY.33.2 OR AY.34 OR AY.34.1 OR AY.34.1.1 OR AY.34.2 OR AY.35 OR AY.36 OR AY.36.1 OR AY.37 OR AY.38 OR AY.39 OR AY.39.1 OR AY.39.1.1 OR AY.39.1.2 OR AY.39.1.3 OR AY.39.1.4 OR AY.39.2 OR AY.39.3 OR AY.39.4 OR AY.40 OR AY.41 OR AY.42 OR AY.42.1 OR AY.43 OR AY.43.1 OR AY.43.2 OR AY.43.3 OR AY.43.4 OR AY.43.5 OR AY.43.6 OR AY.43.7 OR AY.43.8 OR AY.43.9 OR AY.44 OR AY.45 OR AY.46 OR AY.46.1 OR AY.46.2 OR AY.46.3 OR AY.46.4 OR AY.46.5 OR AY.46.6 OR AY.46.6.1 OR AY.47 OR AY.48 OR AY.49 OR AY.50 OR AY.51 OR AY.52 OR AY.53 OR AY.54 OR AY.55 OR AY.56 OR AY.57 OR AY.58 OR AY.59 OR AY.60 OR AY.61 OR AY.62 OR AY.63 OR AY.64 OR AY.65 OR AY.66 OR AY.67 OR AY.68 OR AY.69 OR AY.70 OR AY.71 OR AY.72 OR AY.73 OR AY.74 OR AY.75 OR AY.75.1 OR AY.75.2 OR AY.75.3 OR AY.76 OR AY.77 OR AY.78 OR AY.79 OR AY.80 OR AY.81 OR AY.82 OR AY.83 OR AY.84 OR AY.85 OR AY.86 OR AY.87 OR AY.88 OR AY.89 OR AY.90 OR AY.91 OR AY.91.1 OR AY.92 OR AY.93 OR AY.94 OR AY.95 OR AY.96 OR AY.97 OR AY.98 OR AY.98.1 OR AY.98.1.1 OR AY.99 OR AY.99.1 OR AY.99.2 OR AY.100 OR AY.101 OR AY.102 OR AY.102.1 OR AY.102.2 OR AY.103 OR AY.103.1 OR AY.103.2 OR AY.104 OR AY.105 OR AY.106 OR AY.107 OR AY.108 OR AY.109 OR AY.110 OR AY.111 OR AY.112 OR AY.112.1 OR AY.112.2 OR AY.112.3 OR AY.113 OR AY.114 OR AY.115 OR AY.116 OR AY.116.1 OR AY.117 OR AY.118 OR AY.119 OR AY.119.1 OR AY.119.2 OR AY.120 OR AY.120.1 OR AY.120.2 OR AY.120.2.1 OR AY.121 OR AY.121.1 OR AY.122 OR AY.122.1 OR AY.122.2 OR AY.122.3 OR AY.122.4 OR AY.122.5 OR AY.122.6 OR AY.123 OR AY.123.1 OR AY.124 OR AY.124.1 OR AY.124.1.1 OR AY.125 OR AY.125.1 OR AY.126 OR AY.127 OR AY.127.1 OR AY.127.2 OR AY.127.3 OR AY.128 OR AY.129 OR AY.130 OR AY.131 OR AY.132 OR AY.133 OR AY.134 OR B.1.617.2,Delta,141.714285714286,0,0
2021-04-01,182,0,141,0,0,3.47633936805503e-06,0.0176263985324822,AY.1 OR AY.2 OR AY.3 OR AY.3.1 OR AY.3.2 OR AY.3.3 OR AY.3.4 OR AY.4 OR AY.4.1 OR AY.4.2 OR AY.4.2.1 OR AY.4.2.2 OR AY.4.2.3 OR AY.4.2.4 OR AY.4.2.5 OR AY.4.3 OR AY.4.4 OR AY.4.5 OR AY.4.6 OR AY.4.7 OR AY.4.8 OR AY.4.9 OR AY.4.10 OR AY.4.11 OR AY.4.12 OR AY.4.13 OR AY.4.14 OR AY.4.15 OR AY.4.16 OR AY.4.17 OR AY.5 OR AY.5.1 OR AY.5.2 OR AY.5.3 OR AY.5.4 OR AY.5.5 OR AY.5.6 OR AY.5.7 OR AY.6 OR AY.7 OR AY.7.1 OR AY.7.2 OR AY.8 OR AY.9 OR AY.9.1 OR AY.9.2 OR AY.9.2.1 OR AY.9.2.2 OR AY.10 OR AY.11 OR AY.12 OR AY.13 OR AY.14 OR AY.15 OR AY.16 OR AY.16.1 OR AY.17 OR AY.18 OR AY.19 OR AY.20 OR AY.20.1 OR AY.21 OR AY.22 OR AY.23 OR AY.23.1 OR AY.23.2 OR AY.24 OR AY.24.1 OR AY.25 OR AY.25.1 OR AY.25.1.1 OR AY.25.1.2 OR AY.25.2 OR AY.25.3 OR AY.26 OR AY.26.1 OR AY.27 OR AY.28 OR AY.29 OR AY.29.1 OR AY.29.2 OR AY.30 OR AY.31 OR AY.32 OR AY.33 OR AY.33.1 OR AY.33.2 OR AY.34 OR AY.34.1 OR AY.34.1.1 OR AY.34.2 OR AY.35 OR AY.36 OR AY.36.1 OR AY.37 OR AY.38 OR AY.39 OR AY.39.1 OR AY.39.1.1 OR AY.39.1.2 OR AY.39.1.3 OR AY.39.1.4 OR AY.39.2 OR AY.39.3 OR AY.39.4 OR AY.40 OR AY.41 OR AY.42 OR AY.42.1 OR AY.43 OR AY.43.1 OR AY.43.2 OR AY.43.3 OR AY.43.4 OR AY.43.5 OR AY.43.6 OR AY.43.7 OR AY.43.8 OR AY.43.9 OR AY.44 OR AY.45 OR AY.46 OR AY.46.1 OR AY.46.2 OR AY.46.3 OR AY.46.4 OR AY.46.5 OR AY.46.6 OR AY.46.6.1 OR AY.47 OR AY.48 OR AY.49 OR AY.50 OR AY.51 OR AY.52 OR AY.53 OR AY.54 OR AY.55 OR AY.56 OR AY.57 OR AY.58 OR AY.59 OR AY.60 OR AY.61 OR AY.62 OR AY.63 OR AY.64 OR AY.65 OR AY.66 OR AY.67 OR AY.68 OR AY.69 OR AY.70 OR AY.71 OR AY.72 OR AY.73 OR AY.74 OR AY.75 OR AY.75.1 OR AY.75.2 OR AY.75.3 OR AY.76 OR AY.77 OR AY.78 OR AY.79 OR AY.80 OR AY.81 OR AY.82 OR AY.83 OR AY.84 OR AY.85 OR AY.86 OR AY.87 OR AY.88 OR AY.89 OR AY.90 OR AY.91 OR AY.91.1 OR AY.92 OR AY.93 OR AY.94 OR AY.95 OR AY.96 OR AY.97 OR AY.98 OR AY.98.1 OR AY.98.1.1 OR AY.99 OR AY.99.1 OR AY.99.2 OR AY.100 OR AY.101 OR AY.102 OR AY.102.1 OR AY.102.2 OR AY.103 OR AY.103.1 OR AY.103.2 OR AY.104 OR AY.105 OR AY.106 OR AY.107 OR AY.108 OR AY.109 OR AY.110 OR AY.111 OR AY.112 OR AY.112.1 OR AY.112.2 OR AY.112.3 OR AY.113 OR AY.114 OR AY.115 OR AY.116 OR AY.116.1 OR AY.117 OR AY.118 OR AY.119 OR AY.119.1 OR AY.119.2 OR AY.120 OR AY.120.1 OR AY.120.2 OR AY.120.2.1 OR AY.121 OR AY.121.1 OR AY.122 OR AY.122.1 OR AY.122.2 OR AY.122.3 OR AY.122.4 OR AY.122.5 OR AY.122.6 OR AY.123 OR AY.123.1 OR AY.124 OR AY.124.1 OR AY.124.1.1 OR AY.125 OR AY.125.1 OR AY.126 OR AY.127 OR AY.127.1 OR AY.127.2 OR AY.127.3 OR AY.128 OR AY.129 OR AY.130 OR AY.131 OR AY.132 OR AY.133 OR AY.134 OR B.1.617.2,Delta,147.214285714286,0,0
2021-04-02,112,0,148.714285714286,0,0,3.29000376382915e-06,0.0166895367890601,AY.1 OR AY.2 OR AY.3 OR AY.3.1 OR AY.3.2 OR AY.3.3 OR AY.3.4 OR AY.4 OR AY.4.1 OR AY.4.2 OR AY.4.2.1 OR AY.4.2.2 OR AY.4.2.3 OR AY.4.2.4 OR AY.4.2.5 OR AY.4.3 OR AY.4.4 OR AY.4.5 OR AY.4.6 OR AY.4.7 OR AY.4.8 OR AY.4.9 OR AY.4.10 OR AY.4.11 OR AY.4.12 OR AY.4.13 OR AY.4.14 OR AY.4.15 OR AY.4.16 OR AY.4.17 OR AY.5 OR AY.5.1 OR AY.5.2 OR AY.5.3 OR AY.5.4 OR AY.5.5 OR AY.5.6 OR AY.5.7 OR AY.6 OR AY.7 OR AY.7.1 OR AY.7.2 OR AY.8 OR AY.9 OR AY.9.1 OR AY.9.2 OR AY.9.2.1 OR AY.9.2.2 OR AY.10 OR AY.11 OR AY.12 OR AY.13 OR AY.14 OR AY.15 OR AY.16 OR AY.16.1 OR AY.17 OR AY.18 OR AY.19 OR AY.20 OR AY.20.1 OR AY.21 OR AY.22 OR AY.23 OR AY.23.1 OR AY.23.2 OR AY.24 OR AY.24.1 OR AY.25 OR AY.25.1 OR AY.25.1.1 OR AY.25.1.2 OR AY.25.2 OR AY.25.3 OR AY.26 OR AY.26.1 OR AY.27 OR AY.28 OR AY.29 OR AY.29.1 OR AY.29.2 OR AY.30 OR AY.31 OR AY.32 OR AY.33 OR AY.33.1 OR AY.33.2 OR AY.34 OR AY.34.1 OR AY.34.1.1 OR AY.34.2 OR AY.35 OR AY.36 OR AY.36.1 OR AY.37 OR AY.38 OR AY.39 OR AY.39.1 OR AY.39.1.1 OR AY.39.1.2 OR AY.39.1.3 OR AY.39.1.4 OR AY.39.2 OR AY.39.3 OR AY.39.4 OR AY.40 OR AY.41 OR AY.42 OR AY.42.1 OR AY.43 OR AY.43.1 OR AY.43.2 OR AY.43.3 OR AY.43.4 OR AY.43.5 OR AY.43.6 OR AY.43.7 OR AY.43.8 OR AY.43.9 OR AY.44 OR AY.45 OR AY.46 OR AY.46.1 OR AY.46.2 OR AY.46.3 OR AY.46.4 OR AY.46.5 OR AY.46.6 OR AY.46.6.1 OR AY.47 OR AY.48 OR AY.49 OR AY.50 OR AY.51 OR AY.52 OR AY.53 OR AY.54 OR AY.55 OR AY.56 OR AY.57 OR AY.58 OR AY.59 OR AY.60 OR AY.61 OR AY.62 OR AY.63 OR AY.64 OR AY.65 OR AY.66 OR AY.67 OR AY.68 OR AY.69 OR AY.70 OR AY.71 OR AY.72 OR AY.73 OR AY.74 OR AY.75 OR AY.75.1 OR AY.75.2 OR AY.75.3 OR AY.76 OR AY.77 OR AY.78 OR AY.79 OR AY.80 OR AY.81 OR AY.82 OR AY.83 OR AY.84 OR AY.85 OR AY.86 OR AY.87 OR AY.88 OR AY.89 OR AY.90 OR AY.91 OR AY.91.1 OR AY.92 OR AY.93 OR AY.94 OR AY.95 OR AY.96 OR AY.97 OR AY.98 OR AY.98.1 OR AY.98.1.1 OR AY.99 OR AY.99.1 OR AY.99.2 OR AY.100 OR AY.101 OR AY.102 OR AY.102.1 OR AY.102.2 OR AY.103 OR AY.103.1 OR AY.103.2 OR AY.104 OR AY.105 OR AY.106 OR AY.107 OR AY.108 OR AY.109 OR AY.110 OR AY.111 OR AY.112 OR AY.112.1 OR AY.112.2 OR AY.112.3 OR AY.113 OR AY.114 OR AY.115 OR AY.116 OR AY.116.1 OR AY.117 OR AY.118 OR AY.119 OR AY.119.1 OR AY.119.2 OR AY.120 OR AY.120.1 OR AY.120.2 OR AY.120.2.1 OR AY.121 OR AY.121.1 OR AY.122 OR AY.122.1 OR AY.122.2 OR AY.122.3 OR AY.122.4 OR AY.122.5 OR AY.122.6 OR AY.123 OR AY.123.1 OR AY.124 OR AY.124.1 OR AY.124.1.1 OR AY.125 OR AY.125.1 OR AY.126 OR AY.127 OR AY.127.1 OR AY.127.2 OR AY.127.3 OR AY.128 OR AY.129 OR AY.130 OR AY.131 OR AY.132 OR AY.133 OR AY.134 OR B.1.617.2,Delta,141.642857142857,0,0
2021-04-03,63,0,151.571428571429,0,0,3.22517638460406e-06,0.0163633868570241,AY.1 OR AY.2 OR AY.3 OR AY.3.1 OR AY.3.2 OR AY.3.3 OR AY.3.4 OR AY.4 OR AY.4.1 OR AY.4.2 OR AY.4.2.1 OR AY.4.2.2 OR AY.4.2.3 OR AY.4.2.4 OR AY.4.2.5 OR AY.4.3 OR AY.4.4 OR AY.4.5 OR AY.4.6 OR AY.4.7 OR AY.4.8 OR AY.4.9 OR AY.4.10 OR AY.4.11 OR AY.4.12 OR AY.4.13 OR AY.4.14 OR AY.4.15 OR AY.4.16 OR AY.4.17 OR AY.5 OR AY.5.1 OR AY.5.2 OR AY.5.3 OR AY.5.4 OR AY.5.5 OR AY.5.6 OR AY.5.7 OR AY.6 OR AY.7 OR AY.7.1 OR AY.7.2 OR AY.8 OR AY.9 OR AY.9.1 OR AY.9.2 OR AY.9.2.1 OR AY.9.2.2 OR AY.10 OR AY.11 OR AY.12 OR AY.13 OR AY.14 OR AY.15 OR AY.16 OR AY.16.1 OR AY.17 OR AY.18 OR AY.19 OR AY.20 OR AY.20.1 OR AY.21 OR AY.22 OR AY.23 OR AY.23.1 OR AY.23.2 OR AY.24 OR AY.24.1 OR AY.25 OR AY.25.1 OR AY.25.1.1 OR AY.25.1.2 OR AY.25.2 OR AY.25.3 OR AY.26 OR AY.26.1 OR AY.27 OR AY.28 OR AY.29 OR AY.29.1 OR AY.29.2 OR AY.30 OR AY.31 OR AY.32 OR AY.33 OR AY.33.1 OR AY.33.2 OR AY.34 OR AY.34.1 OR AY.34.1.1 OR AY.34.2 OR AY.35 OR AY.36 OR AY.36.1 OR AY.37 OR AY.38 OR AY.39 OR AY.39.1 OR AY.39.1.1 OR AY.39.1.2 OR AY.39.1.3 OR AY.39.1.4 OR AY.39.2 OR AY.39.3 OR AY.39.4 OR AY.40 OR AY.41 OR AY.42 OR AY.42.1 OR AY.43 OR AY.43.1 OR AY.43.2 OR AY.43.3 OR AY.43.4 OR AY.43.5 OR AY.43.6 OR AY.43.7 OR AY.43.8 OR AY.43.9 OR AY.44 OR AY.45 OR AY.46 OR AY.46.1 OR AY.46.2 OR AY.46.3 OR AY.46.4 OR AY.46.5 OR AY.46.6 OR AY.46.6.1 OR AY.47 OR AY.48 OR AY.49 OR AY.50 OR AY.51 OR AY.52 OR AY.53 OR AY.54 OR AY.55 OR AY.56 OR AY.57 OR AY.58 OR AY.59 OR AY.60 OR AY.61 OR AY.62 OR AY.63 OR AY.64 OR AY.65 OR AY.66 OR AY.67 OR AY.68 OR AY.69 OR AY.70 OR AY.71 OR AY.72 OR AY.73 OR AY.74 OR AY.75 OR AY.75.1 OR AY.75.2 OR AY.75.3 OR AY.76 OR AY.77 OR AY.78 OR AY.79 OR AY.80 OR AY.81 OR AY.82 OR AY.83 OR AY.84 OR AY.85 OR AY.86 OR AY.87 OR AY.88 OR AY.89 OR AY.90 OR AY.91 OR AY.91.1 OR AY.92 OR AY.93 OR AY.94 OR AY.95 OR AY.96 OR AY.97 OR AY.98 OR AY.98.1 OR AY.98.1.1 OR AY.99 OR AY.99.1 OR AY.99.2 OR AY.100 OR AY.101 OR AY.102 OR AY.102.1 OR AY.102.2 OR AY.103 OR AY.103.1 OR AY.103.2 OR AY.104 OR AY.105 OR AY.106 OR AY.107 OR AY.108 OR AY.109 OR AY.110 OR AY.111 OR AY.112 OR AY.112.1 OR AY.112.2 OR AY.112.3 OR AY.113 OR AY.114 OR AY.115 OR AY.116 OR AY.116.1 OR AY.117 OR AY.118 OR AY.119 OR AY.119.1 OR AY.119.2 OR AY.120 OR AY.120.1 OR AY.120.2 OR AY.120.2.1 OR AY.121 OR AY.121.1 OR AY.122 OR AY.122.1 OR AY.122.2 OR AY.122.3 OR AY.122.4 OR AY.122.5 OR AY.122.6 OR AY.123 OR AY.123.1 OR AY.124 OR AY.124.1 OR AY.124.1.1 OR AY.125 OR AY.125.1 OR AY.126 OR AY.127 OR AY.127.1 OR AY.127.2 OR AY.127.3 OR AY.128 OR AY.129 OR AY.130 OR AY.131 OR AY.132 OR AY.133 OR AY.134 OR B.1.617.2,Delta,140.714285714286,0,0
2021-04-04,8,0,148.285714285714,0,0,3.31219593238065e-06,0.0168011618841482,AY.1 OR AY.2 OR AY.3 OR AY.3.1 OR AY.3.2 OR AY.3.3 OR AY.3.4 OR AY.4 OR AY.4.1 OR AY.4.2 OR AY.4.2.1 OR AY.4.2.2 OR AY.4.2.3 OR AY.4.2.4 OR AY.4.2.5 OR AY.4.3 OR AY.4.4 OR AY.4.5 OR AY.4.6 OR AY.4.7 OR AY.4.8 OR AY.4.9 OR AY.4.10 OR AY.4.11 OR AY.4.12 OR AY.4.13 OR AY.4.14 OR AY.4.15 OR AY.4.16 OR AY.4.17 OR AY.5 OR AY.5.1 OR AY.5.2 OR AY.5.3 OR AY.5.4 OR AY.5.5 OR AY.5.6 OR AY.5.7 OR AY.6 OR AY.7 OR AY.7.1 OR AY.7.2 OR AY.8 OR AY.9 OR AY.9.1 OR AY.9.2 OR AY.9.2.1 OR AY.9.2.2 OR AY.10 OR AY.11 OR AY.12 OR AY.13 OR AY.14 OR AY.15 OR AY.16 OR AY.16.1 OR AY.17 OR AY.18 OR AY.19 OR AY.20 OR AY.20.1 OR AY.21 OR AY.22 OR AY.23 OR AY.23.1 OR AY.23.2 OR AY.24 OR AY.24.1 OR AY.25 OR AY.25.1 OR AY.25.1.1 OR AY.25.1.2 OR AY.25.2 OR AY.25.3 OR AY.26 OR AY.26.1 OR AY.27 OR AY.28 OR AY.29 OR AY.29.1 OR AY.29.2 OR AY.30 OR AY.31 OR AY.32 OR AY.33 OR AY.33.1 OR AY.33.2 OR AY.34 OR AY.34.1 OR AY.34.1.1 OR AY.34.2 OR AY.35 OR AY.36 OR AY.36.1 OR AY.37 OR AY.38 OR AY.39 OR AY.39.1 OR AY.39.1.1 OR AY.39.1.2 OR AY.39.1.3 OR AY.39.1.4 OR AY.39.2 OR AY.39.3 OR AY.39.4 OR AY.40 OR AY.41 OR AY.42 OR AY.42.1 OR AY.43 OR AY.43.1 OR AY.43.2 OR AY.43.3 OR AY.43.4 OR AY.43.5 OR AY.43.6 OR AY.43.7 OR AY.43.8 OR AY.43.9 OR AY.44 OR AY.45 OR AY.46 OR AY.46.1 OR AY.46.2 OR AY.46.3 OR AY.46.4 OR AY.46.5 OR AY.46.6 OR AY.46.6.1 OR AY.47 OR AY.48 OR AY.49 OR AY.50 OR AY.51 OR AY.52 OR AY.53 OR AY.54 OR AY.55 OR AY.56 OR AY.57 OR AY.58 OR AY.59 OR AY.60 OR AY.61 OR AY.62 OR AY.63 OR AY.64 OR AY.65 OR AY.66 OR AY.67 OR AY.68 OR AY.69 OR AY.70 OR AY.71 OR AY.72 OR AY.73 OR AY.74 OR AY.75 OR AY.75.1 OR AY.75.2 OR AY.75.3 OR AY.76 OR AY.77 OR AY.78 OR AY.79 OR AY.80 OR AY.81 OR AY.82 OR AY.83 OR AY.84 OR AY.85 OR AY.86 OR AY.87 OR AY.88 OR AY.89 OR AY.90 OR AY.91 OR AY.91.1 OR AY.92 OR AY.93 OR AY.94 OR AY.95 OR AY.96 OR AY.97 OR AY.98 OR AY.98.1 OR AY.98.1.1 OR AY.99 OR AY.99.1 OR AY.99.2 OR AY.100 OR AY.101 OR AY.102 OR AY.102.1 OR AY.102.2 OR AY.103 OR AY.103.1 OR AY.103.2 OR AY.104 OR AY.105 OR AY.106 OR AY.107 OR AY.108 OR AY.109 OR AY.110 OR AY.111 OR AY.112 OR AY.112.1 OR AY.112.2 OR AY.112.3 OR AY.113 OR AY.114 OR AY.115 OR AY.116 OR AY.116.1 OR AY.117 OR AY.118 OR AY.119 OR AY.119.1 OR AY.119.2 OR AY.120 OR AY.120.1 OR AY.120.2 OR AY.120.2.1 OR AY.121 OR AY.121.1 OR AY.122 OR AY.122.1 OR AY.122.2 OR AY.122.3 OR AY.122.4 OR AY.122.5 OR AY.122.6 OR AY.123 OR AY.123.1 OR AY.124 OR AY.124.1 OR AY.124.1.1 OR AY.125 OR AY.125.1 OR AY.126 OR AY.127 OR AY.127.1 OR AY.127.2 OR AY.127.3 OR AY.128 OR AY.129 OR AY.130 OR AY.131 OR AY.132 OR AY.133 OR AY.134 OR B.1.617.2,Delta,132.071428571429,0,0
2021-04-05,38,0,122.142857142857,0,0,4.01662613795073e-06,0.0203378159097935,AY.1 OR AY.2 OR AY.3 OR AY.3.1 OR AY.3.2 OR AY.3.3 OR AY.3.4 OR AY.4 OR AY.4.1 OR AY.4.2 OR AY.4.2.1 OR AY.4.2.2 OR AY.4.2.3 OR AY.4.2.4 OR AY.4.2.5 OR AY.4.3 OR AY.4.4 OR AY.4.5 OR AY.4.6 OR AY.4.7 OR AY.4.8 OR AY.4.9 OR AY.4.10 OR AY.4.11 OR AY.4.12 OR AY.4.13 OR AY.4.14 OR AY.4.15 OR AY.4.16 OR AY.4.17 OR AY.5 OR AY.5.1 OR AY.5.2 OR AY.5.3 OR AY.5.4 OR AY.5.5 OR AY.5.6 OR AY.5.7 OR AY.6 OR AY.7 OR AY.7.1 OR AY.7.2 OR AY.8 OR AY.9 OR AY.9.1 OR AY.9.2 OR AY.9.2.1 OR AY.9.2.2 OR AY.10 OR AY.11 OR AY.12 OR AY.13 OR AY.14 OR AY.15 OR AY.16 OR AY.16.1 OR AY.17 OR AY.18 OR AY.19 OR AY.20 OR AY.20.1 OR AY.21 OR AY.22 OR AY.23 OR AY.23.1 OR AY.23.2 OR AY.24 OR AY.24.1 OR AY.25 OR AY.25.1 OR AY.25.1.1 OR AY.25.1.2 OR AY.25.2 OR AY.25.3 OR AY.26 OR AY.26.1 OR AY.27 OR AY.28 OR AY.29 OR AY.29.1 OR AY.29.2 OR AY.30 OR AY.31 OR AY.32 OR AY.33 OR AY.33.1 OR AY.33.2 OR AY.34 OR AY.34.1 OR AY.34.1.1 OR AY.34.2 OR AY.35 OR AY.36 OR AY.36.1 OR AY.37 OR AY.38 OR AY.39 OR AY.39.1 OR AY.39.1.1 OR AY.39.1.2 OR AY.39.1.3 OR AY.39.1.4 OR AY.39.2 OR AY.39.3 OR AY.39.4 OR AY.40 OR AY.41 OR AY.42 OR AY.42.1 OR AY.43 OR AY.43.1 OR AY.43.2 OR AY.43.3 OR AY.43.4 OR AY.43.5 OR AY.43.6 OR AY.43.7 OR AY.43.8 OR AY.43.9 OR AY.44 OR AY.45 OR AY.46 OR AY.46.1 OR AY.46.2 OR AY.46.3 OR AY.46.4 OR AY.46.5 OR AY.46.6 OR AY.46.6.1 OR AY.47 OR AY.48 OR AY.49 OR AY.50 OR AY.51 OR AY.52 OR AY.53 OR AY.54 OR AY.55 OR AY.56 OR AY.57 OR AY.58 OR AY.59 OR AY.60 OR AY.61 OR AY.62 OR AY.63 OR AY.64 OR AY.65 OR AY.66 OR AY.67 OR AY.68 OR AY.69 OR AY.70 OR AY.71 OR AY.72 OR AY.73 OR AY.74 OR AY.75 OR AY.75.1 OR AY.75.2 OR AY.75.3 OR AY.76 OR AY.77 OR AY.78 OR AY.79 OR AY.80 OR AY.81 OR AY.82 OR AY.83 OR AY.84 OR AY.85 OR AY.86 OR AY.87 OR AY.88 OR AY.89 OR AY.90 OR AY.91 OR AY.91.1 OR AY.92 OR AY.93 OR AY.94 OR AY.95 OR AY.96 OR AY.97 OR AY.98 OR AY.98.1 OR AY.98.1.1 OR AY.99 OR AY.99.1 OR AY.99.2 OR AY.100 OR AY.101 OR AY.102 OR AY.102.1 OR AY.102.2 OR AY.103 OR AY.103.1 OR AY.103.2 OR AY.104 OR AY.105 OR AY.106 OR AY.107 OR AY.108 OR AY.109 OR AY.110 OR AY.111 OR AY.112 OR AY.112.1 OR AY.112.2 OR AY.112.3 OR AY.113 OR AY.114 OR AY.115 OR AY.116 OR AY.116.1 OR AY.117 OR AY.118 OR AY.119 OR AY.119.1 OR AY.119.2 OR AY.120 OR AY.120.1 OR AY.120.2 OR AY.120.2.1 OR AY.121 OR AY.121.1 OR AY.122 OR AY.122.1 OR AY.122.2 OR AY.122.3 OR AY.122.4 OR AY.122.5 OR AY.122.6 OR AY.123 OR AY.123.1 OR AY.124 OR AY.124.1 OR AY.124.1.1 OR AY.125 OR AY.125.1 OR AY.126 OR AY.127 OR AY.127.1 OR AY.127.2 OR AY.127.3 OR AY.128 OR AY.129 OR AY.130 OR AY.131 OR AY.132 OR AY.133 OR AY.134 OR B.1.617.2,Delta,114.357142857143,0,0
2021-04-06,194,0,124.142857142857,0,0,3.95197258781667e-06,0.02001374837691,AY.1 OR AY.2 OR AY.3 OR AY.3.1 OR AY.3.2 OR AY.3.3 OR AY.3.4 OR AY.4 OR AY.4.1 OR AY.4.2 OR AY.4.2.1 OR AY.4.2.2 OR AY.4.2.3 OR AY.4.2.4 OR AY.4.2.5 OR AY.4.3 OR AY.4.4 OR AY.4.5 OR AY.4.6 OR AY.4.7 OR AY.4.8 OR AY.4.9 OR AY.4.10 OR AY.4.11 OR AY.4.12 OR AY.4.13 OR AY.4.14 OR AY.4.15 OR AY.4.16 OR AY.4.17 OR AY.5 OR AY.5.1 OR AY.5.2 OR AY.5.3 OR AY.5.4 OR AY.5.5 OR AY.5.6 OR AY.5.7 OR AY.6 OR AY.7 OR AY.7.1 OR AY.7.2 OR AY.8 OR AY.9 OR AY.9.1 OR AY.9.2 OR AY.9.2.1 OR AY.9.2.2 OR AY.10 OR AY.11 OR AY.12 OR AY.13 OR AY.14 OR AY.15 OR AY.16 OR AY.16.1 OR AY.17 OR AY.18 OR AY.19 OR AY.20 OR AY.20.1 OR AY.21 OR AY.22 OR AY.23 OR AY.23.1 OR AY.23.2 OR AY.24 OR AY.24.1 OR AY.25 OR AY.25.1 OR AY.25.1.1 OR AY.25.1.2 OR AY.25.2 OR AY.25.3 OR AY.26 OR AY.26.1 OR AY.27 OR AY.28 OR AY.29 OR AY.29.1 OR AY.29.2 OR AY.30 OR AY.31 OR AY.32 OR AY.33 OR AY.33.1 OR AY.33.2 OR AY.34 OR AY.34.1 OR AY.34.1.1 OR AY.34.2 OR AY.35 OR AY.36 OR AY.36.1 OR AY.37 OR AY.38 OR AY.39 OR AY.39.1 OR AY.39.1.1 OR AY.39.1.2 OR AY.39.1.3 OR AY.39.1.4 OR AY.39.2 OR AY.39.3 OR AY.39.4 OR AY.40 OR AY.41 OR AY.42 OR AY.42.1 OR AY.43 OR AY.43.1 OR AY.43.2 OR AY.43.3 OR AY.43.4 OR AY.43.5 OR AY.43.6 OR AY.43.7 OR AY.43.8 OR AY.43.9 OR AY.44 OR AY.45 OR AY.46 OR AY.46.1 OR AY.46.2 OR AY.46.3 OR AY.46.4 OR AY.46.5 OR AY.46.6 OR AY.46.6.1 OR AY.47 OR AY.48 OR AY.49 OR AY.50 OR AY.51 OR AY.52 OR AY.53 OR AY.54 OR AY.55 OR AY.56 OR AY.57 OR AY.58 OR AY.59 OR AY.60 OR AY.61 OR AY.62 OR AY.63 OR AY.64 OR AY.65 OR AY.66 OR AY.67 OR AY.68 OR AY.69 OR AY.70 OR AY.71 OR AY.72 OR AY.73 OR AY.74 OR AY.75 OR AY.75.1 OR AY.75.2 OR AY.75.3 OR AY.76 OR AY.77 OR AY.78 OR AY.79 OR AY.80 OR AY.81 OR AY.82 OR AY.83 OR AY.84 OR AY.85 OR AY.86 OR AY.87 OR AY.88 OR AY.89 OR AY.90 OR AY.91 OR AY.91.1 OR AY.92 OR AY.93 OR AY.94 OR AY.95 OR AY.96 OR AY.97 OR AY.98 OR AY.98.1 OR AY.98.1.1 OR AY.99 OR AY.99.1 OR AY.99.2 OR AY.100 OR AY.101 OR AY.102 OR AY.102.1 OR AY.102.2 OR AY.103 OR AY.103.1 OR AY.103.2 OR AY.104 OR AY.105 OR AY.106 OR AY.107 OR AY.108 OR AY.109 OR AY.110 OR AY.111 OR AY.112 OR AY.112.1 OR AY.112.2 OR AY.112.3 OR AY.113 OR AY.114 OR AY.115 OR AY.116 OR AY.116.1 OR AY.117 OR AY.118 OR AY.119 OR AY.119.1 OR AY.119.2 OR AY.120 OR AY.120.1 OR AY.120.2 OR AY.120.2.1 OR AY.121 OR AY.121.1 OR AY.122 OR AY.122.1 OR AY.122.2 OR AY.122.3 OR AY.122.4 OR AY.122.5 OR AY.122.6 OR AY.123 OR AY.123.1 OR AY.124 OR AY.124.1 OR AY.124.1.1 OR AY.125 OR AY.125.1 OR AY.126 OR AY.127 OR AY.127.1 OR AY.127.2 OR AY.127.3 OR AY.128 OR AY.129 OR AY.130 OR AY.131 OR AY.132 OR AY.133 OR AY.134 OR B.1.617.2,Delta,115.357142857143,0,0
2021-04-07,255,0,121.714285714286,0,0,4.01662613795073e-06,0.0203378159097935,AY.1 OR AY.2 OR AY.3 OR AY.3.1 OR AY.3.2 OR AY.3.3 OR AY.3.4 OR AY.4 OR AY.4.1 OR AY.4.2 OR AY.4.2.1 OR AY.4.2.2 OR AY.4.2.3 OR AY.4.2.4 OR AY.4.2.5 OR AY.4.3 OR AY.4.4 OR AY.4.5 OR AY.4.6 OR AY.4.7 OR AY.4.8 OR AY.4.9 OR AY.4.10 OR AY.4.11 OR AY.4.12 OR AY.4.13 OR AY.4.14 OR AY.4.15 OR AY.4.16 OR AY.4.17 OR AY.5 OR AY.5.1 OR AY.5.2 OR AY.5.3 OR AY.5.4 OR AY.5.5 OR AY.5.6 OR AY.5.7 OR AY.6 OR AY.7 OR AY.7.1 OR AY.7.2 OR AY.8 OR AY.9 OR AY.9.1 OR AY.9.2 OR AY.9.2.1 OR AY.9.2.2 OR AY.10 OR AY.11 OR AY.12 OR AY.13 OR AY.14 OR AY.15 OR AY.16 OR AY.16.1 OR AY.17 OR AY.18 OR AY.19 OR AY.20 OR AY.20.1 OR AY.21 OR AY.22 OR AY.23 OR AY.23.1 OR AY.23.2 OR AY.24 OR AY.24.1 OR AY.25 OR AY.25.1 OR AY.25.1.1 OR AY.25.1.2 OR AY.25.2 OR AY.25.3 OR AY.26 OR AY.26.1 OR AY.27 OR AY.28 OR AY.29 OR AY.29.1 OR AY.29.2 OR AY.30 OR AY.31 OR AY.32 OR AY.33 OR AY.33.1 OR AY.33.2 OR AY.34 OR AY.34.1 OR AY.34.1.1 OR AY.34.2 OR AY.35 OR AY.36 OR AY.36.1 OR AY.37 OR AY.38 OR AY.39 OR AY.39.1 OR AY.39.1.1 OR AY.39.1.2 OR AY.39.1.3 OR AY.39.1.4 OR AY.39.2 OR AY.39.3 OR AY.39.4 OR AY.40 OR AY.41 OR AY.42 OR AY.42.1 OR AY.43 OR AY.43.1 OR AY.43.2 OR AY.43.3 OR AY.43.4 OR AY.43.5 OR AY.43.6 OR AY.43.7 OR AY.43.8 OR AY.43.9 OR AY.44 OR AY.45 OR AY.46 OR AY.46.1 OR AY.46.2 OR AY.46.3 OR AY.46.4 OR AY.46.5 OR AY.46.6 OR AY.46.6.1 OR AY.47 OR AY.48 OR AY.49 OR AY.50 OR AY.51 OR AY.52 OR AY.53 OR AY.54 OR AY.55 OR AY.56 OR AY.57 OR AY.58 OR AY.59 OR AY.60 OR AY.61 OR AY.62 OR AY.63 OR AY.64 OR AY.65 OR AY.66 OR AY.67 OR AY.68 OR AY.69 OR AY.70 OR AY.71 OR AY.72 OR AY.73 OR AY.74 OR AY.75 OR AY.75.1 OR AY.75.2 OR AY.75.3 OR AY.76 OR AY.77 OR AY.78 OR AY.79 OR AY.80 OR AY.81 OR AY.82 OR AY.83 OR AY.84 OR AY.85 OR AY.86 OR AY.87 OR AY.88 OR AY.89 OR AY.90 OR AY.91 OR AY.91.1 OR AY.92 OR AY.93 OR AY.94 OR AY.95 OR AY.96 OR AY.97 OR AY.98 OR AY.98.1 OR AY.98.1.1 OR AY.99 OR AY.99.1 OR AY.99.2 OR AY.100 OR AY.101 OR AY.102 OR AY.102.1 OR AY.102.2 OR AY.103 OR AY.103.1 OR AY.103.2 OR AY.104 OR AY.105 OR AY.106 OR AY.107 OR AY.108 OR AY.109 OR AY.110 OR AY.111 OR AY.112 OR AY.112.1 OR AY.112.2 OR AY.112.3 OR AY.113 OR AY.114 OR AY.115 OR AY.116 OR AY.116.1 OR AY.117 OR AY.118 OR AY.119 OR AY.119.1 OR AY.119.2 OR AY.120 OR AY.120.1 OR AY.120.2 OR AY.120.2.1 OR AY.121 OR AY.121.1 OR AY.122 OR AY.122.1 OR AY.122.2 OR AY.122.3 OR AY.122.4 OR AY.122.5 OR AY.122.6 OR AY.123 OR AY.123.1 OR AY.124 OR AY.124.1 OR AY.124.1.1 OR AY.125 OR AY.125.1 OR AY.126 OR AY.127 OR AY.127.1 OR AY.127.2 OR AY.127.3 OR AY.128 OR AY.129 OR AY.130 OR AY.131 OR AY.132 OR AY.133 OR AY.134 OR B.1.617.2,Delta,124.928571428571,0,0
2021-04-08,209,0,125.571428571429,0,0,3.88936745076218e-06,0.0196998460072196,AY.1 OR AY.2 OR AY.3 OR AY.3.1 OR AY.3.2 OR AY.3.3 OR AY.3.4 OR AY.4 OR AY.4.1 OR AY.4.2 OR AY.4.2.1 OR AY.4.2.2 OR AY.4.2.3 OR AY.4.2.4 OR AY.4.2.5 OR AY.4.3 OR AY.4.4 OR AY.4.5 OR AY.4.6 OR AY.4.7 OR AY.4.8 OR AY.4.9 OR AY.4.10 OR AY.4.11 OR AY.4.12 OR AY.4.13 OR AY.4.14 OR AY.4.15 OR AY.4.16 OR AY.4.17 OR AY.5 OR AY.5.1 OR AY.5.2 OR AY.5.3 OR AY.5.4 OR AY.5.5 OR AY.5.6 OR AY.5.7 OR AY.6 OR AY.7 OR AY.7.1 OR AY.7.2 OR AY.8 OR AY.9 OR AY.9.1 OR AY.9.2 OR AY.9.2.1 OR AY.9.2.2 OR AY.10 OR AY.11 OR AY.12 OR AY.13 OR AY.14 OR AY.15 OR AY.16 OR AY.16.1 OR AY.17 OR AY.18 OR AY.19 OR AY.20 OR AY.20.1 OR AY.21 OR AY.22 OR AY.23 OR AY.23.1 OR AY.23.2 OR AY.24 OR AY.24.1 OR AY.25 OR AY.25.1 OR AY.25.1.1 OR AY.25.1.2 OR AY.25.2 OR AY.25.3 OR AY.26 OR AY.26.1 OR AY.27 OR AY.28 OR AY.29 OR AY.29.1 OR AY.29.2 OR AY.30 OR AY.31 OR AY.32 OR AY.33 OR AY.33.1 OR AY.33.2 OR AY.34 OR AY.34.1 OR AY.34.1.1 OR AY.34.2 OR AY.35 OR AY.36 OR AY.36.1 OR AY.37 OR AY.38 OR AY.39 OR AY.39.1 OR AY.39.1.1 OR AY.39.1.2 OR AY.39.1.3 OR AY.39.1.4 OR AY.39.2 OR AY.39.3 OR AY.39.4 OR AY.40 OR AY.41 OR AY.42 OR AY.42.1 OR AY.43 OR AY.43.1 OR AY.43.2 OR AY.43.3 OR AY.43.4 OR AY.43.5 OR AY.43.6 OR AY.43.7 OR AY.43.8 OR AY.43.9 OR AY.44 OR AY.45 OR AY.46 OR AY.46.1 OR AY.46.2 OR AY.46.3 OR AY.46.4 OR AY.46.5 OR AY.46.6 OR AY.46.6.1 OR AY.47 OR AY.48 OR AY.49 OR AY.50 OR AY.51 OR AY.52 OR AY.53 OR AY.54 OR AY.55 OR AY.56 OR AY.57 OR AY.58 OR AY.59 OR AY.60 OR AY.61 OR AY.62 OR AY.63 OR AY.64 OR AY.65 OR AY.66 OR AY.67 OR AY.68 OR AY.69 OR AY.70 OR AY.71 OR AY.72 OR AY.73 OR AY.74 OR AY.75 OR AY.75.1 OR AY.75.2 OR AY.75.3 OR AY.76 OR AY.77 OR AY.78 OR AY.79 OR AY.80 OR AY.81 OR AY.82 OR AY.83 OR AY.84 OR AY.85 OR AY.86 OR AY.87 OR AY.88 OR AY.89 OR AY.90 OR AY.91 OR AY.91.1 OR AY.92 OR AY.93 OR AY.94 OR AY.95 OR AY.96 OR AY.97 OR AY.98 OR AY.98.1 OR AY.98.1.1 OR AY.99 OR AY.99.1 OR AY.99.2 OR AY.100 OR AY.101 OR AY.102 OR AY.102.1 OR AY.102.2 OR AY.103 OR AY.103.1 OR AY.103.2 OR AY.104 OR AY.105 OR AY.106 OR AY.107 OR AY.108 OR AY.109 OR AY.110 OR AY.111 OR AY.112 OR AY.112.1 OR AY.112.2 OR AY.112.3 OR AY.113 OR AY.114 OR AY.115 OR AY.116 OR AY.116.1 OR AY.117 OR AY.118 OR AY.119 OR AY.119.1 OR AY.119.2 OR AY.120 OR AY.120.1 OR AY.120.2 OR AY.120.2.1 OR AY.121 OR AY.121.1 OR AY.122 OR AY.122.1 OR AY.122.2 OR AY.122.3 OR AY.122.4 OR AY.122.5 OR AY.122.6 OR AY.123 OR AY.123.1 OR AY.124 OR AY.124.1 OR AY.124.1.1 OR AY.125 OR AY.125.1 OR AY.126 OR AY.127 OR AY.127.1 OR AY.127.2 OR AY.127.3 OR AY.128 OR AY.129 OR AY.130 OR AY.131 OR AY.132 OR AY.133 OR AY.134 OR B.1.617.2,Delta,133.285714285714,0,0
2021-04-09,227,0,142,0,0,3.45190124791903e-06,0.0175035789898406,AY.1 OR AY.2 OR AY.3 OR AY.3.1 OR AY.3.2 OR AY.3.3 OR AY.3.4 OR AY.4 OR AY.4.1 OR AY.4.2 OR AY.4.2.1 OR AY.4.2.2 OR AY.4.2.3 OR AY.4.2.4 OR AY.4.2.5 OR AY.4.3 OR AY.4.4 OR AY.4.5 OR AY.4.6 OR AY.4.7 OR AY.4.8 OR AY.4.9 OR AY.4.10 OR AY.4.11 OR AY.4.12 OR AY.4.13 OR AY.4.14 OR AY.4.15 OR AY.4.16 OR AY.4.17 OR AY.5 OR AY.5.1 OR AY.5.2 OR AY.5.3 OR AY.5.4 OR AY.5.5 OR AY.5.6 OR AY.5.7 OR AY.6 OR AY.7 OR AY.7.1 OR AY.7.2 OR AY.8 OR AY.9 OR AY.9.1 OR AY.9.2 OR AY.9.2.1 OR AY.9.2.2 OR AY.10 OR AY.11 OR AY.12 OR AY.13 OR AY.14 OR AY.15 OR AY.16 OR AY.16.1 OR AY.17 OR AY.18 OR AY.19 OR AY.20 OR AY.20.1 OR AY.21 OR AY.22 OR AY.23 OR AY.23.1 OR AY.23.2 OR AY.24 OR AY.24.1 OR AY.25 OR AY.25.1 OR AY.25.1.1 OR AY.25.1.2 OR AY.25.2 OR AY.25.3 OR AY.26 OR AY.26.1 OR AY.27 OR AY.28 OR AY.29 OR AY.29.1 OR AY.29.2 OR AY.30 OR AY.31 OR AY.32 OR AY.33 OR AY.33.1 OR AY.33.2 OR AY.34 OR AY.34.1 OR AY.34.1.1 OR AY.34.2 OR AY.35 OR AY.36 OR AY.36.1 OR AY.37 OR AY.38 OR AY.39 OR AY.39.1 OR AY.39.1.1 OR AY.39.1.2 OR AY.39.1.3 OR AY.39.1.4 OR AY.39.2 OR AY.39.3 OR AY.39.4 OR AY.40 OR AY.41 OR AY.42 OR AY.42.1 OR AY.43 OR AY.43.1 OR AY.43.2 OR AY.43.3 OR AY.43.4 OR AY.43.5 OR AY.43.6 OR AY.43.7 OR AY.43.8 OR AY.43.9 OR AY.44 OR AY.45 OR AY.46 OR AY.46.1 OR AY.46.2 OR AY.46.3 OR AY.46.4 OR AY.46.5 OR AY.46.6 OR AY.46.6.1 OR AY.47 OR AY.48 OR AY.49 OR AY.50 OR AY.51 OR AY.52 OR AY.53 OR AY.54 OR AY.55 OR AY.56 OR AY.57 OR AY.58 OR AY.59 OR AY.60 OR AY.61 OR AY.62 OR AY.63 OR AY.64 OR AY.65 OR AY.66 OR AY.67 OR AY.68 OR AY.69 OR AY.70 OR AY.71 OR AY.72 OR AY.73 OR AY.74 OR AY.75 OR AY.75.1 OR AY.75.2 OR AY.75.3 OR AY.76 OR AY.77 OR AY.78 OR AY.79 OR AY.80 OR AY.81 OR AY.82 OR AY.83 OR AY.84 OR AY.85 OR AY.86 OR AY.87 OR AY.88 OR AY.89 OR AY.90 OR AY.91 OR AY.91.1 OR AY.92 OR AY.93 OR AY.94 OR AY.95 OR AY.96 OR AY.97 OR AY.98 OR AY.98.1 OR AY.98.1.1 OR AY.99 OR AY.99.1 OR AY.99.2 OR AY.100 OR AY.101 OR AY.102 OR AY.102.1 OR AY.102.2 OR AY.103 OR AY.103.1 OR AY.103.2 OR AY.104 OR AY.105 OR AY.106 OR AY.107 OR AY.108 OR AY.109 OR AY.110 OR AY.111 OR AY.112 OR AY.112.1 OR AY.112.2 OR AY.112.3 OR AY.113 OR AY.114 OR AY.115 OR AY.116 OR AY.116.1 OR AY.117 OR AY.118 OR AY.119 OR AY.119.1 OR AY.119.2 OR AY.120 OR AY.120.1 OR AY.120.2 OR AY.120.2.1 OR AY.121 OR AY.121.1 OR AY.122 OR AY.122.1 OR AY.122.2 OR AY.122.3 OR AY.122.4 OR AY.122.5 OR AY.122.6 OR AY.123 OR AY.123.1 OR AY.124 OR AY.124.1 OR AY.124.1.1 OR AY.125 OR AY.125.1 OR AY.126 OR AY.127 OR AY.127.1 OR AY.127.2 OR AY.127.3 OR AY.128 OR AY.129 OR AY.130 OR AY.131 OR AY.132 OR AY.133 OR AY.134 OR B.1.617.2,Delta,145.357142857143,0,0
2021-04-10,115,0,149.428571428571,0,0,3.29000376382915e-06,0.0166895367890601,AY.1 OR AY.2 OR AY.3 OR AY.3.1 OR AY.3.2 OR AY.3.3 OR AY.3.4 OR AY.4 OR AY.4.1 OR AY.4.2 OR AY.4.2.1 OR AY.4.2.2 OR AY.4.2.3 OR AY.4.2.4 OR AY.4.2.5 OR AY.4.3 OR AY.4.4 OR AY.4.5 OR AY.4.6 OR AY.4.7 OR AY.4.8 OR AY.4.9 OR AY.4.10 OR AY.4.11 OR AY.4.12 OR AY.4.13 OR AY.4.14 OR AY.4.15 OR AY.4.16 OR AY.4.17 OR AY.5 OR AY.5.1 OR AY.5.2 OR AY.5.3 OR AY.5.4 OR AY.5.5 OR AY.5.6 OR AY.5.7 OR AY.6 OR AY.7 OR AY.7.1 OR AY.7.2 OR AY.8 OR AY.9 OR AY.9.1 OR AY.9.2 OR AY.9.2.1 OR AY.9.2.2 OR AY.10 OR AY.11 OR AY.12 OR AY.13 OR AY.14 OR AY.15 OR AY.16 OR AY.16.1 OR AY.17 OR AY.18 OR AY.19 OR AY.20 OR AY.20.1 OR AY.21 OR AY.22 OR AY.23 OR AY.23.1 OR AY.23.2 OR AY.24 OR AY.24.1 OR AY.25 OR AY.25.1 OR AY.25.1.1 OR AY.25.1.2 OR AY.25.2 OR AY.25.3 OR AY.26 OR AY.26.1 OR AY.27 OR AY.28 OR AY.29 OR AY.29.1 OR AY.29.2 OR AY.30 OR AY.31 OR AY.32 OR AY.33 OR AY.33.1 OR AY.33.2 OR AY.34 OR AY.34.1 OR AY.34.1.1 OR AY.34.2 OR AY.35 OR AY.36 OR AY.36.1 OR AY.37 OR AY.38 OR AY.39 OR AY.39.1 OR AY.39.1.1 OR AY.39.1.2 OR AY.39.1.3 OR AY.39.1.4 OR AY.39.2 OR AY.39.3 OR AY.39.4 OR AY.40 OR AY.41 OR AY.42 OR AY.42.1 OR AY.43 OR AY.43.1 OR AY.43.2 OR AY.43.3 OR AY.43.4 OR AY.43.5 OR AY.43.6 OR AY.43.7 OR AY.43.8 OR AY.43.9 OR AY.44 OR AY.45 OR AY.46 OR AY.46.1 OR AY.46.2 OR AY.46.3 OR AY.46.4 OR AY.46.5 OR AY.46.6 OR AY.46.6.1 OR AY.47 OR AY.48 OR AY.49 OR AY.50 OR AY.51 OR AY.52 OR AY.53 OR AY.54 OR AY.55 OR AY.56 OR AY.57 OR AY.58 OR AY.59 OR AY.60 OR AY.61 OR AY.62 OR AY.63 OR AY.64 OR AY.65 OR AY.66 OR AY.67 OR AY.68 OR AY.69 OR AY.70 OR AY.71 OR AY.72 OR AY.73 OR AY.74 OR AY.75 OR AY.75.1 OR AY.75.2 OR AY.75.3 OR AY.76 OR AY.77 OR AY.78 OR AY.79 OR AY.80 OR AY.81 OR AY.82 OR AY.83 OR AY.84 OR AY.85 OR AY.86 OR AY.87 OR AY.88 OR AY.89 OR AY.90 OR AY.91 OR AY.91.1 OR AY.92 OR AY.93 OR AY.94 OR AY.95 OR AY.96 OR AY.97 OR AY.98 OR AY.98.1 OR AY.98.1.1 OR AY.99 OR AY.99.1 OR AY.99.2 OR AY.100 OR AY.101 OR AY.102 OR AY.102.1 OR AY.102.2 OR AY.103 OR AY.103.1 OR AY.103.2 OR AY.104 OR AY.105 OR AY.106 OR AY.107 OR AY.108 OR AY.109 OR AY.110 OR AY.111 OR AY.112 OR AY.112.1 OR AY.112.2 OR AY.112.3 OR AY.113 OR AY.114 OR AY.115 OR AY.116 OR AY.116.1 OR AY.117 OR AY.118 OR AY.119 OR AY.119.1 OR AY.119.2 OR AY.120 OR AY.120.1 OR AY.120.2 OR AY.120.2.1 OR AY.121 OR AY.121.1 OR AY.122 OR AY.122.1 OR AY.122.2 OR AY.122.3 OR AY.122.4 OR AY.122.5 OR AY.122.6 OR AY.123 OR AY.123.1 OR AY.124 OR AY.124.1 OR AY.124.1.1 OR AY.125 OR AY.125.1 OR AY.126 OR AY.127 OR AY.127.1 OR AY.127.2 OR AY.127.3 OR AY.128 OR AY.129 OR AY.130 OR AY.131 OR AY.132 OR AY.133 OR AY.134 OR B.1.617.2,Delta,150.5,0,0
2021-04-11,54,0,156,0,0,3.14261221310113e-06,0.0159478454687762,AY.1 OR AY.2 OR AY.3 OR AY.3.1 OR AY.3.2 OR AY.3.3 OR AY.3.4 OR AY.4 OR AY.4.1 OR AY.4.2 OR AY.4.2.1 OR AY.4.2.2 OR AY.4.2.3 OR AY.4.2.4 OR AY.4.2.5 OR AY.4.3 OR AY.4.4 OR AY.4.5 OR AY.4.6 OR AY.4.7 OR AY.4.8 OR AY.4.9 OR AY.4.10 OR AY.4.11 OR AY.4.12 OR AY.4.13 OR AY.4.14 OR AY.4.15 OR AY.4.16 OR AY.4.17 OR AY.5 OR AY.5.1 OR AY.5.2 OR AY.5.3 OR AY.5.4 OR AY.5.5 OR AY.5.6 OR AY.5.7 OR AY.6 OR AY.7 OR AY.7.1 OR AY.7.2 OR AY.8 OR AY.9 OR AY.9.1 OR AY.9.2 OR AY.9.2.1 OR AY.9.2.2 OR AY.10 OR AY.11 OR AY.12 OR AY.13 OR AY.14 OR AY.15 OR AY.16 OR AY.16.1 OR AY.17 OR AY.18 OR AY.19 OR AY.20 OR AY.20.1 OR AY.21 OR AY.22 OR AY.23 OR AY.23.1 OR AY.23.2 OR AY.24 OR AY.24.1 OR AY.25 OR AY.25.1 OR AY.25.1.1 OR AY.25.1.2 OR AY.25.2 OR AY.25.3 OR AY.26 OR AY.26.1 OR AY.27 OR AY.28 OR AY.29 OR AY.29.1 OR AY.29.2 OR AY.30 OR AY.31 OR AY.32 OR AY.33 OR AY.33.1 OR AY.33.2 OR AY.34 OR AY.34.1 OR AY.34.1.1 OR AY.34.2 OR AY.35 OR AY.36 OR AY.36.1 OR AY.37 OR AY.38 OR AY.39 OR AY.39.1 OR AY.39.1.1 OR AY.39.1.2 OR AY.39.1.3 OR AY.39.1.4 OR AY.39.2 OR AY.39.3 OR AY.39.4 OR AY.40 OR AY.41 OR AY.42 OR AY.42.1 OR AY.43 OR AY.43.1 OR AY.43.2 OR AY.43.3 OR AY.43.4 OR AY.43.5 OR AY.43.6 OR AY.43.7 OR AY.43.8 OR AY.43.9 OR AY.44 OR AY.45 OR AY.46 OR AY.46.1 OR AY.46.2 OR AY.46.3 OR AY.46.4 OR AY.46.5 OR AY.46.6 OR AY.46.6.1 OR AY.47 OR AY.48 OR AY.49 OR AY.50 OR AY.51 OR AY.52 OR AY.53 OR AY.54 OR AY.55 OR AY.56 OR AY.57 OR AY.58 OR AY.59 OR AY.60 OR AY.61 OR AY.62 OR AY.63 OR AY.64 OR AY.65 OR AY.66 OR AY.67 OR AY.68 OR AY.69 OR AY.70 OR AY.71 OR AY.72 OR AY.73 OR AY.74 OR AY.75 OR AY.75.1 OR AY.75.2 OR AY.75.3 OR AY.76 OR AY.77 OR AY.78 OR AY.79 OR AY.80 OR AY.81 OR AY.82 OR AY.83 OR AY.84 OR AY.85 OR AY.86 OR AY.87 OR AY.88 OR AY.89 OR AY.90 OR AY.91 OR AY.91.1 OR AY.92 OR AY.93 OR AY.94 OR AY.95 OR AY.96 OR AY.97 OR AY.98 OR AY.98.1 OR AY.98.1.1 OR AY.99 OR AY.99.1 OR AY.99.2 OR AY.100 OR AY.101 OR AY.102 OR AY.102.1 OR AY.102.2 OR AY.103 OR AY.103.1 OR AY.103.2 OR AY.104 OR AY.105 OR AY.106 OR AY.107 OR AY.108 OR AY.109 OR AY.110 OR AY.111 OR AY.112 OR AY.112.1 OR AY.112.2 OR AY.112.3 OR AY.113 OR AY.114 OR AY.115 OR AY.116 OR AY.116.1 OR AY.117 OR AY.118 OR AY.119 OR AY.119.1 OR AY.119.2 OR AY.120 OR AY.120.1 OR AY.120.2 OR AY.120.2.1 OR AY.121 OR AY.121.1 OR AY.122 OR AY.122.1 OR AY.122.2 OR AY.122.3 OR AY.122.4 OR AY.122.5 OR AY.122.6 OR AY.123 OR AY.123.1 OR AY.124 OR AY.124.1 OR AY.124.1.1 OR AY.125 OR AY.125.1 OR AY.126 OR AY.127 OR AY.127.1 OR AY.127.2 OR AY.127.3 OR AY.128 OR AY.129 OR AY.130 OR AY.131 OR AY.132 OR AY.133 OR AY.134 OR B.1.617.2,Delta,152.142857142857,0,0
2021-04-12,224,0,182.571428571429,0,0,2.67958222974765e-06,0.0136141816900239,AY.1 OR AY.2 OR AY.3 OR AY.3.1 OR AY.3.2 OR AY.3.3 OR AY.3.4 OR AY.4 OR AY.4.1 OR AY.4.2 OR AY.4.2.1 OR AY.4.2.2 OR AY.4.2.3 OR AY.4.2.4 OR AY.4.2.5 OR AY.4.3 OR AY.4.4 OR AY.4.5 OR AY.4.6 OR AY.4.7 OR AY.4.8 OR AY.4.9 OR AY.4.10 OR AY.4.11 OR AY.4.12 OR AY.4.13 OR AY.4.14 OR AY.4.15 OR AY.4.16 OR AY.4.17 OR AY.5 OR AY.5.1 OR AY.5.2 OR AY.5.3 OR AY.5.4 OR AY.5.5 OR AY.5.6 OR AY.5.7 OR AY.6 OR AY.7 OR AY.7.1 OR AY.7.2 OR AY.8 OR AY.9 OR AY.9.1 OR AY.9.2 OR AY.9.2.1 OR AY.9.2.2 OR AY.10 OR AY.11 OR AY.12 OR AY.13 OR AY.14 OR AY.15 OR AY.16 OR AY.16.1 OR AY.17 OR AY.18 OR AY.19 OR AY.20 OR AY.20.1 OR AY.21 OR AY.22 OR AY.23 OR AY.23.1 OR AY.23.2 OR AY.24 OR AY.24.1 OR AY.25 OR AY.25.1 OR AY.25.1.1 OR AY.25.1.2 OR AY.25.2 OR AY.25.3 OR AY.26 OR AY.26.1 OR AY.27 OR AY.28 OR AY.29 OR AY.29.1 OR AY.29.2 OR AY.30 OR AY.31 OR AY.32 OR AY.33 OR AY.33.1 OR AY.33.2 OR AY.34 OR AY.34.1 OR AY.34.1.1 OR AY.34.2 OR AY.35 OR AY.36 OR AY.36.1 OR AY.37 OR AY.38 OR AY.39 OR AY.39.1 OR AY.39.1.1 OR AY.39.1.2 OR AY.39.1.3 OR AY.39.1.4 OR AY.39.2 OR AY.39.3 OR AY.39.4 OR AY.40 OR AY.41 OR AY.42 OR AY.42.1 OR AY.43 OR AY.43.1 OR AY.43.2 OR AY.43.3 OR AY.43.4 OR AY.43.5 OR AY.43.6 OR AY.43.7 OR AY.43.8 OR AY.43.9 OR AY.44 OR AY.45 OR AY.46 OR AY.46.1 OR AY.46.2 OR AY.46.3 OR AY.46.4 OR AY.46.5 OR AY.46.6 OR AY.46.6.1 OR AY.47 OR AY.48 OR AY.49 OR AY.50 OR AY.51 OR AY.52 OR AY.53 OR AY.54 OR AY.55 OR AY.56 OR AY.57 OR AY.58 OR AY.59 OR AY.60 OR AY.61 OR AY.62 OR AY.63 OR AY.64 OR AY.65 OR AY.66 OR AY.67 OR AY.68 OR AY.69 OR AY.70 OR AY.71 OR AY.72 OR AY.73 OR AY.74 OR AY.75 OR AY.75.1 OR AY.75.2 OR AY.75.3 OR AY.76 OR AY.77 OR AY.78 OR AY.79 OR AY.80 OR AY.81 OR AY.82 OR AY.83 OR AY.84 OR AY.85 OR AY.86 OR AY.87 OR AY.88 OR AY.89 OR AY.90 OR AY.91 OR AY.91.1 OR AY.92 OR AY.93 OR AY.94 OR AY.95 OR AY.96 OR AY.97 OR AY.98 OR AY.98.1 OR AY.98.1.1 OR AY.99 OR AY.99.1 OR AY.99.2 OR AY.100 OR AY.101 OR AY.102 OR AY.102.1 OR AY.102.2 OR AY.103 OR AY.103.1 OR AY.103.2 OR AY.104 OR AY.105 OR AY.106 OR AY.107 OR AY.108 OR AY.109 OR AY.110 OR AY.111 OR AY.112 OR AY.112.1 OR AY.112.2 OR AY.112.3 OR AY.113 OR AY.114 OR AY.115 OR AY.116 OR AY.116.1 OR AY.117 OR AY.118 OR AY.119 OR AY.119.1 OR AY.119.2 OR AY.120 OR AY.120.1 OR AY.120.2 OR AY.120.2.1 OR AY.121 OR AY.121.1 OR AY.122 OR AY.122.1 OR AY.122.2 OR AY.122.3 OR AY.122.4 OR AY.122.5 OR AY.122.6 OR AY.123 OR AY.123.1 OR AY.124 OR AY.124.1 OR AY.124.1.1 OR AY.125 OR AY.125.1 OR AY.126 OR AY.127 OR AY.127.1 OR AY.127.2 OR AY.127.3 OR AY.128 OR AY.129 OR AY.130 OR AY.131 OR AY.132 OR AY.133 OR AY.134 OR B.1.617.2,Delta,152.357142857143,0,0
2021-04-13,251,0,190.714285714286,0,0,2.56749546960353e-06,0.0130484342685558,AY.1 OR AY.2 OR AY.3 OR AY.3.1 OR AY.3.2 OR AY.3.3 OR AY.3.4 OR AY.4 OR AY.4.1 OR AY.4.2 OR AY.4.2.1 OR AY.4.2.2 OR AY.4.2.3 OR AY.4.2.4 OR AY.4.2.5 OR AY.4.3 OR AY.4.4 OR AY.4.5 OR AY.4.6 OR AY.4.7 OR AY.4.8 OR AY.4.9 OR AY.4.10 OR AY.4.11 OR AY.4.12 OR AY.4.13 OR AY.4.14 OR AY.4.15 OR AY.4.16 OR AY.4.17 OR AY.5 OR AY.5.1 OR AY.5.2 OR AY.5.3 OR AY.5.4 OR AY.5.5 OR AY.5.6 OR AY.5.7 OR AY.6 OR AY.7 OR AY.7.1 OR AY.7.2 OR AY.8 OR AY.9 OR AY.9.1 OR AY.9.2 OR AY.9.2.1 OR AY.9.2.2 OR AY.10 OR AY.11 OR AY.12 OR AY.13 OR AY.14 OR AY.15 OR AY.16 OR AY.16.1 OR AY.17 OR AY.18 OR AY.19 OR AY.20 OR AY.20.1 OR AY.21 OR AY.22 OR AY.23 OR AY.23.1 OR AY.23.2 OR AY.24 OR AY.24.1 OR AY.25 OR AY.25.1 OR AY.25.1.1 OR AY.25.1.2 OR AY.25.2 OR AY.25.3 OR AY.26 OR AY.26.1 OR AY.27 OR AY.28 OR AY.29 OR AY.29.1 OR AY.29.2 OR AY.30 OR AY.31 OR AY.32 OR AY.33 OR AY.33.1 OR AY.33.2 OR AY.34 OR AY.34.1 OR AY.34.1.1 OR AY.34.2 OR AY.35 OR AY.36 OR AY.36.1 OR AY.37 OR AY.38 OR AY.39 OR AY.39.1 OR AY.39.1.1 OR AY.39.1.2 OR AY.39.1.3 OR AY.39.1.4 OR AY.39.2 OR AY.39.3 OR AY.39.4 OR AY.40 OR AY.41 OR AY.42 OR AY.42.1 OR AY.43 OR AY.43.1 OR AY.43.2 OR AY.43.3 OR AY.43.4 OR AY.43.5 OR AY.43.6 OR AY.43.7 OR AY.43.8 OR AY.43.9 OR AY.44 OR AY.45 OR AY.46 OR AY.46.1 OR AY.46.2 OR AY.46.3 OR AY.46.4 OR AY.46.5 OR AY.46.6 OR AY.46.6.1 OR AY.47 OR AY.48 OR AY.49 OR AY.50 OR AY.51 OR AY.52 OR AY.53 OR AY.54 OR AY.55 OR AY.56 OR AY.57 OR AY.58 OR AY.59 OR AY.60 OR AY.61 OR AY.62 OR AY.63 OR AY.64 OR AY.65 OR AY.66 OR AY.67 OR AY.68 OR AY.69 OR AY.70 OR AY.71 OR AY.72 OR AY.73 OR AY.74 OR AY.75 OR AY.75.1 OR AY.75.2 OR AY.75.3 OR AY.76 OR AY.77 OR AY.78 OR AY.79 OR AY.80 OR AY.81 OR AY.82 OR AY.83 OR AY.84 OR AY.85 OR AY.86 OR AY.87 OR AY.88 OR AY.89 OR AY.90 OR AY.91 OR AY.91.1 OR AY.92 OR AY.93 OR AY.94 OR AY.95 OR AY.96 OR AY.97 OR AY.98 OR AY.98.1 OR AY.98.1.1 OR AY.99 OR AY.99.1 OR AY.99.2 OR AY.100 OR AY.101 OR AY.102 OR AY.102.1 OR AY.102.2 OR AY.103 OR AY.103.1 OR AY.103.2 OR AY.104 OR AY.105 OR AY.106 OR AY.107 OR AY.108 OR AY.109 OR AY.110 OR AY.111 OR AY.112 OR AY.112.1 OR AY.112.2 OR AY.112.3 OR AY.113 OR AY.114 OR AY.115 OR AY.116 OR AY.116.1 OR AY.117 OR AY.118 OR AY.119 OR AY.119.1 OR AY.119.2 OR AY.120 OR AY.120.1 OR AY.120.2 OR AY.120.2.1 OR AY.121 OR AY.121.1 OR AY.122 OR AY.122.1 OR AY.122.2 OR AY.122.3 OR AY.122.4 OR AY.122.5 OR AY.122.6 OR AY.123 OR AY.123.1 OR AY.124 OR AY.124.1 OR AY.124.1.1 OR AY.125 OR AY.125.1 OR AY.126 OR AY.127 OR AY.127.1 OR AY.127.2 OR AY.127.3 OR AY.128 OR AY.129 OR AY.130 OR AY.131 OR AY.132 OR AY.133 OR AY.134 OR B.1.617.2,Delta,157.428571428571,0,0
2021-04-14,258,0,191.142857142857,0,0,2.56749546960353e-06,0.0130484342685558,AY.1 OR AY.2 OR AY.3 OR AY.3.1 OR AY.3.2 OR AY.3.3 OR AY.3.4 OR AY.4 OR AY.4.1 OR AY.4.2 OR AY.4.2.1 OR AY.4.2.2 OR AY.4.2.3 OR AY.4.2.4 OR AY.4.2.5 OR AY.4.3 OR AY.4.4 OR AY.4.5 OR AY.4.6 OR AY.4.7 OR AY.4.8 OR AY.4.9 OR AY.4.10 OR AY.4.11 OR AY.4.12 OR AY.4.13 OR AY.4.14 OR AY.4.15 OR AY.4.16 OR AY.4.17 OR AY.5 OR AY.5.1 OR AY.5.2 OR AY.5.3 OR AY.5.4 OR AY.5.5 OR AY.5.6 OR AY.5.7 OR AY.6 OR AY.7 OR AY.7.1 OR AY.7.2 OR AY.8 OR AY.9 OR AY.9.1 OR AY.9.2 OR AY.9.2.1 OR AY.9.2.2 OR AY.10 OR AY.11 OR AY.12 OR AY.13 OR AY.14 OR AY.15 OR AY.16 OR AY.16.1 OR AY.17 OR AY.18 OR AY.19 OR AY.20 OR AY.20.1 OR AY.21 OR AY.22 OR AY.23 OR AY.23.1 OR AY.23.2 OR AY.24 OR AY.24.1 OR AY.25 OR AY.25.1 OR AY.25.1.1 OR AY.25.1.2 OR AY.25.2 OR AY.25.3 OR AY.26 OR AY.26.1 OR AY.27 OR AY.28 OR AY.29 OR AY.29.1 OR AY.29.2 OR AY.30 OR AY.31 OR AY.32 OR AY.33 OR AY.33.1 OR AY.33.2 OR AY.34 OR AY.34.1 OR AY.34.1.1 OR AY.34.2 OR AY.35 OR AY.36 OR AY.36.1 OR AY.37 OR AY.38 OR AY.39 OR AY.39.1 OR AY.39.1.1 OR AY.39.1.2 OR AY.39.1.3 OR AY.39.1.4 OR AY.39.2 OR AY.39.3 OR AY.39.4 OR AY.40 OR AY.41 OR AY.42 OR AY.42.1 OR AY.43 OR AY.43.1 OR AY.43.2 OR AY.43.3 OR AY.43.4 OR AY.43.5 OR AY.43.6 OR AY.43.7 OR AY.43.8 OR AY.43.9 OR AY.44 OR AY.45 OR AY.46 OR AY.46.1 OR AY.46.2 OR AY.46.3 OR AY.46.4 OR AY.46.5 OR AY.46.6 OR AY.46.6.1 OR AY.47 OR AY.48 OR AY.49 OR AY.50 OR AY.51 OR AY.52 OR AY.53 OR AY.54 OR AY.55 OR AY.56 OR AY.57 OR AY.58 OR AY.59 OR AY.60 OR AY.61 OR AY.62 OR AY.63 OR AY.64 OR AY.65 OR AY.66 OR AY.67 OR AY.68 OR AY.69 OR AY.70 OR AY.71 OR AY.72 OR AY.73 OR AY.74 OR AY.75 OR AY.75.1 OR AY.75.2 OR AY.75.3 OR AY.76 OR AY.77 OR AY.78 OR AY.79 OR AY.80 OR AY.81 OR AY.82 OR AY.83 OR AY.84 OR AY.85 OR AY.86 OR AY.87 OR AY.88 OR AY.89 OR AY.90 OR AY.91 OR AY.91.1 OR AY.92 OR AY.93 OR AY.94 OR AY.95 OR AY.96 OR AY.97 OR AY.98 OR AY.98.1 OR AY.98.1.1 OR AY.99 OR AY.99.1 OR AY.99.2 OR AY.100 OR AY.101 OR AY.102 OR AY.102.1 OR AY.102.2 OR AY.103 OR AY.103.1 OR AY.103.2 OR AY.104 OR AY.105 OR AY.106 OR AY.107 OR AY.108 OR AY.109 OR AY.110 OR AY.111 OR AY.112 OR AY.112.1 OR AY.112.2 OR AY.112.3 OR AY.113 OR AY.114 OR AY.115 OR AY.116 OR AY.116.1 OR AY.117 OR AY.118 OR AY.119 OR AY.119.1 OR AY.119.2 OR AY.120 OR AY.120.1 OR AY.120.2 OR AY.120.2.1 OR AY.121 OR AY.121.1 OR AY.122 OR AY.122.1 OR AY.122.2 OR AY.122.3 OR AY.122.4 OR AY.122.5 OR AY.122.6 OR AY.123 OR AY.123.1 OR AY.124 OR AY.124.1 OR AY.124.1.1 OR AY.125 OR AY.125.1 OR AY.126 OR AY.127 OR AY.127.1 OR AY.127.2 OR AY.127.3 OR AY.128 OR AY.129 OR AY.130 OR AY.131 OR AY.132 OR AY.133 OR AY.134 OR B.1.617.2,Delta,156.428571428571,0,0
2021-04-15,333,0,208.857142857143,0,0,2.3466362335987e-06,0.0119327177439391,AY.1 OR AY.2 OR AY.3 OR AY.3.1 OR AY.3.2 OR AY.3.3 OR AY.3.4 OR AY.4 OR AY.4.1 OR AY.4.2 OR AY.4.2.1 OR AY.4.2.2 OR AY.4.2.3 OR AY.4.2.4 OR AY.4.2.5 OR AY.4.3 OR AY.4.4 OR AY.4.5 OR AY.4.6 OR AY.4.7 OR AY.4.8 OR AY.4.9 OR AY.4.10 OR AY.4.11 OR AY.4.12 OR AY.4.13 OR AY.4.14 OR AY.4.15 OR AY.4.16 OR AY.4.17 OR AY.5 OR AY.5.1 OR AY.5.2 OR AY.5.3 OR AY.5.4 OR AY.5.5 OR AY.5.6 OR AY.5.7 OR AY.6 OR AY.7 OR AY.7.1 OR AY.7.2 OR AY.8 OR AY.9 OR AY.9.1 OR AY.9.2 OR AY.9.2.1 OR AY.9.2.2 OR AY.10 OR AY.11 OR AY.12 OR AY.13 OR AY.14 OR AY.15 OR AY.16 OR AY.16.1 OR AY.17 OR AY.18 OR AY.19 OR AY.20 OR AY.20.1 OR AY.21 OR AY.22 OR AY.23 OR AY.23.1 OR AY.23.2 OR AY.24 OR AY.24.1 OR AY.25 OR AY.25.1 OR AY.25.1.1 OR AY.25.1.2 OR AY.25.2 OR AY.25.3 OR AY.26 OR AY.26.1 OR AY.27 OR AY.28 OR AY.29 OR AY.29.1 OR AY.29.2 OR AY.30 OR AY.31 OR AY.32 OR AY.33 OR AY.33.1 OR AY.33.2 OR AY.34 OR AY.34.1 OR AY.34.1.1 OR AY.34.2 OR AY.35 OR AY.36 OR AY.36.1 OR AY.37 OR AY.38 OR AY.39 OR AY.39.1 OR AY.39.1.1 OR AY.39.1.2 OR AY.39.1.3 OR AY.39.1.4 OR AY.39.2 OR AY.39.3 OR AY.39.4 OR AY.40 OR AY.41 OR AY.42 OR AY.42.1 OR AY.43 OR AY.43.1 OR AY.43.2 OR AY.43.3 OR AY.43.4 OR AY.43.5 OR AY.43.6 OR AY.43.7 OR AY.43.8 OR AY.43.9 OR AY.44 OR AY.45 OR AY.46 OR AY.46.1 OR AY.46.2 OR AY.46.3 OR AY.46.4 OR AY.46.5 OR AY.46.6 OR AY.46.6.1 OR AY.47 OR AY.48 OR AY.49 OR AY.50 OR AY.51 OR AY.52 OR AY.53 OR AY.54 OR AY.55 OR AY.56 OR AY.57 OR AY.58 OR AY.59 OR AY.60 OR AY.61 OR AY.62 OR AY.63 OR AY.64 OR AY.65 OR AY.66 OR AY.67 OR AY.68 OR AY.69 OR AY.70 OR AY.71 OR AY.72 OR AY.73 OR AY.74 OR AY.75 OR AY.75.1 OR AY.75.2 OR AY.75.3 OR AY.76 OR AY.77 OR AY.78 OR AY.79 OR AY.80 OR AY.81 OR AY.82 OR AY.83 OR AY.84 OR AY.85 OR AY.86 OR AY.87 OR AY.88 OR AY.89 OR AY.90 OR AY.91 OR AY.91.1 OR AY.92 OR AY.93 OR AY.94 OR AY.95 OR AY.96 OR AY.97 OR AY.98 OR AY.98.1 OR AY.98.1.1 OR AY.99 OR AY.99.1 OR AY.99.2 OR AY.100 OR AY.101 OR AY.102 OR AY.102.1 OR AY.102.2 OR AY.103 OR AY.103.1 OR AY.103.2 OR AY.104 OR AY.105 OR AY.106 OR AY.107 OR AY.108 OR AY.109 OR AY.110 OR AY.111 OR AY.112 OR AY.112.1 OR AY.112.2 OR AY.112.3 OR AY.113 OR AY.114 OR AY.115 OR AY.116 OR AY.116.1 OR AY.117 OR AY.118 OR AY.119 OR AY.119.1 OR AY.119.2 OR AY.120 OR AY.120.1 OR AY.120.2 OR AY.120.2.1 OR AY.121 OR AY.121.1 OR AY.122 OR AY.122.1 OR AY.122.2 OR AY.122.3 OR AY.122.4 OR AY.122.5 OR AY.122.6 OR AY.123 OR AY.123.1 OR AY.124 OR AY.124.1 OR AY.124.1.1 OR AY.125 OR AY.125.1 OR AY.126 OR AY.127 OR AY.127.1 OR AY.127.2 OR AY.127.3 OR AY.128 OR AY.129 OR AY.130 OR AY.131 OR AY.132 OR AY.133 OR AY.134 OR B.1.617.2,Delta,167.214285714286,0,0
2021-04-16,189,0,203.428571428571,0,0,2.41590944093311e-06,0.0122828015600703,AY.1 OR AY.2 OR AY.3 OR AY.3.1 OR AY.3.2 OR AY.3.3 OR AY.3.4 OR AY.4 OR AY.4.1 OR AY.4.2 OR AY.4.2.1 OR AY.4.2.2 OR AY.4.2.3 OR AY.4.2.4 OR AY.4.2.5 OR AY.4.3 OR AY.4.4 OR AY.4.5 OR AY.4.6 OR AY.4.7 OR AY.4.8 OR AY.4.9 OR AY.4.10 OR AY.4.11 OR AY.4.12 OR AY.4.13 OR AY.4.14 OR AY.4.15 OR AY.4.16 OR AY.4.17 OR AY.5 OR AY.5.1 OR AY.5.2 OR AY.5.3 OR AY.5.4 OR AY.5.5 OR AY.5.6 OR AY.5.7 OR AY.6 OR AY.7 OR AY.7.1 OR AY.7.2 OR AY.8 OR AY.9 OR AY.9.1 OR AY.9.2 OR AY.9.2.1 OR AY.9.2.2 OR AY.10 OR AY.11 OR AY.12 OR AY.13 OR AY.14 OR AY.15 OR AY.16 OR AY.16.1 OR AY.17 OR AY.18 OR AY.19 OR AY.20 OR AY.20.1 OR AY.21 OR AY.22 OR AY.23 OR AY.23.1 OR AY.23.2 OR AY.24 OR AY.24.1 OR AY.25 OR AY.25.1 OR AY.25.1.1 OR AY.25.1.2 OR AY.25.2 OR AY.25.3 OR AY.26 OR AY.26.1 OR AY.27 OR AY.28 OR AY.29 OR AY.29.1 OR AY.29.2 OR AY.30 OR AY.31 OR AY.32 OR AY.33 OR AY.33.1 OR AY.33.2 OR AY.34 OR AY.34.1 OR AY.34.1.1 OR AY.34.2 OR AY.35 OR AY.36 OR AY.36.1 OR AY.37 OR AY.38 OR AY.39 OR AY.39.1 OR AY.39.1.1 OR AY.39.1.2 OR AY.39.1.3 OR AY.39.1.4 OR AY.39.2 OR AY.39.3 OR AY.39.4 OR AY.40 OR AY.41 OR AY.42 OR AY.42.1 OR AY.43 OR AY.43.1 OR AY.43.2 OR AY.43.3 OR AY.43.4 OR AY.43.5 OR AY.43.6 OR AY.43.7 OR AY.43.8 OR AY.43.9 OR AY.44 OR AY.45 OR AY.46 OR AY.46.1 OR AY.46.2 OR AY.46.3 OR AY.46.4 OR AY.46.5 OR AY.46.6 OR AY.46.6.1 OR AY.47 OR AY.48 OR AY.49 OR AY.50 OR AY.51 OR AY.52 OR AY.53 OR AY.54 OR AY.55 OR AY.56 OR AY.57 OR AY.58 OR AY.59 OR AY.60 OR AY.61 OR AY.62 OR AY.63 OR AY.64 OR AY.65 OR AY.66 OR AY.67 OR AY.68 OR AY.69 OR AY.70 OR AY.71 OR AY.72 OR AY.73 OR AY.74 OR AY.75 OR AY.75.1 OR AY.75.2 OR AY.75.3 OR AY.76 OR AY.77 OR AY.78 OR AY.79 OR AY.80 OR AY.81 OR AY.82 OR AY.83 OR AY.84 OR AY.85 OR AY.86 OR AY.87 OR AY.88 OR AY.89 OR AY.90 OR AY.91 OR AY.91.1 OR AY.92 OR AY.93 OR AY.94 OR AY.95 OR AY.96 OR AY.97 OR AY.98 OR AY.98.1 OR AY.98.1.1 OR AY.99 OR AY.99.1 OR AY.99.2 OR AY.100 OR AY.101 OR AY.102 OR AY.102.1 OR AY.102.2 OR AY.103 OR AY.103.1 OR AY.103.2 OR AY.104 OR AY.105 OR AY.106 OR AY.107 OR AY.108 OR AY.109 OR AY.110 OR AY.111 OR AY.112 OR AY.112.1 OR AY.112.2 OR AY.112.3 OR AY.113 OR AY.114 OR AY.115 OR AY.116 OR AY.116.1 OR AY.117 OR AY.118 OR AY.119 OR AY.119.1 OR AY.119.2 OR AY.120 OR AY.120.1 OR AY.120.2 OR AY.120.2.1 OR AY.121 OR AY.121.1 OR AY.122 OR AY.122.1 OR AY.122.2 OR AY.122.3 OR AY.122.4 OR AY.122.5 OR AY.122.6 OR AY.123 OR AY.123.1 OR AY.124 OR AY.124.1 OR AY.124.1.1 OR AY.125 OR AY.125.1 OR AY.126 OR AY.127 OR AY.127.1 OR AY.127.2 OR AY.127.3 OR AY.128 OR AY.129 OR AY.130 OR AY.131 OR AY.132 OR AY.133 OR AY.134 OR B.1.617.2,Delta,172.714285714286,0,0
2021-04-17,277,0,226.571428571429,0,0,2.16076449219375e-06,0.0109927701147918,AY.1 OR AY.2 OR AY.3 OR AY.3.1 OR AY.3.2 OR AY.3.3 OR AY.3.4 OR AY.4 OR AY.4.1 OR AY.4.2 OR AY.4.2.1 OR AY.4.2.2 OR AY.4.2.3 OR AY.4.2.4 OR AY.4.2.5 OR AY.4.3 OR AY.4.4 OR AY.4.5 OR AY.4.6 OR AY.4.7 OR AY.4.8 OR AY.4.9 OR AY.4.10 OR AY.4.11 OR AY.4.12 OR AY.4.13 OR AY.4.14 OR AY.4.15 OR AY.4.16 OR AY.4.17 OR AY.5 OR AY.5.1 OR AY.5.2 OR AY.5.3 OR AY.5.4 OR AY.5.5 OR AY.5.6 OR AY.5.7 OR AY.6 OR AY.7 OR AY.7.1 OR AY.7.2 OR AY.8 OR AY.9 OR AY.9.1 OR AY.9.2 OR AY.9.2.1 OR AY.9.2.2 OR AY.10 OR AY.11 OR AY.12 OR AY.13 OR AY.14 OR AY.15 OR AY.16 OR AY.16.1 OR AY.17 OR AY.18 OR AY.19 OR AY.20 OR AY.20.1 OR AY.21 OR AY.22 OR AY.23 OR AY.23.1 OR AY.23.2 OR AY.24 OR AY.24.1 OR AY.25 OR AY.25.1 OR AY.25.1.1 OR AY.25.1.2 OR AY.25.2 OR AY.25.3 OR AY.26 OR AY.26.1 OR AY.27 OR AY.28 OR AY.29 OR AY.29.1 OR AY.29.2 OR AY.30 OR AY.31 OR AY.32 OR AY.33 OR AY.33.1 OR AY.33.2 OR AY.34 OR AY.34.1 OR AY.34.1.1 OR AY.34.2 OR AY.35 OR AY.36 OR AY.36.1 OR AY.37 OR AY.38 OR AY.39 OR AY.39.1 OR AY.39.1.1 OR AY.39.1.2 OR AY.39.1.3 OR AY.39.1.4 OR AY.39.2 OR AY.39.3 OR AY.39.4 OR AY.40 OR AY.41 OR AY.42 OR AY.42.1 OR AY.43 OR AY.43.1 OR AY.43.2 OR AY.43.3 OR AY.43.4 OR AY.43.5 OR AY.43.6 OR AY.43.7 OR AY.43.8 OR AY.43.9 OR AY.44 OR AY.45 OR AY.46 OR AY.46.1 OR AY.46.2 OR AY.46.3 OR AY.46.4 OR AY.46.5 OR AY.46.6 OR AY.46.6.1 OR AY.47 OR AY.48 OR AY.49 OR AY.50 OR AY.51 OR AY.52 OR AY.53 OR AY.54 OR AY.55 OR AY.56 OR AY.57 OR AY.58 OR AY.59 OR AY.60 OR AY.61 OR AY.62 OR AY.63 OR AY.64 OR AY.65 OR AY.66 OR AY.67 OR AY.68 OR AY.69 OR AY.70 OR AY.71 OR AY.72 OR AY.73 OR AY.74 OR AY.75 OR AY.75.1 OR AY.75.2 OR AY.75.3 OR AY.76 OR AY.77 OR AY.78 OR AY.79 OR AY.80 OR AY.81 OR AY.82 OR AY.83 OR AY.84 OR AY.85 OR AY.86 OR AY.87 OR AY.88 OR AY.89 OR AY.90 OR AY.91 OR AY.91.1 OR AY.92 OR AY.93 OR AY.94 OR AY.95 OR AY.96 OR AY.97 OR AY.98 OR AY.98.1 OR AY.98.1.1 OR AY.99 OR AY.99.1 OR AY.99.2 OR AY.100 OR AY.101 OR AY.102 OR AY.102.1 OR AY.102.2 OR AY.103 OR AY.103.1 OR AY.103.2 OR AY.104 OR AY.105 OR AY.106 OR AY.107 OR AY.108 OR AY.109 OR AY.110 OR AY.111 OR AY.112 OR AY.112.1 OR AY.112.2 OR AY.112.3 OR AY.113 OR AY.114 OR AY.115 OR AY.116 OR AY.116.1 OR AY.117 OR AY.118 OR AY.119 OR AY.119.1 OR AY.119.2 OR AY.120 OR AY.120.1 OR AY.120.2 OR AY.120.2.1 OR AY.121 OR AY.121.1 OR AY.122 OR AY.122.1 OR AY.122.2 OR AY.122.3 OR AY.122.4 OR AY.122.5 OR AY.122.6 OR AY.123 OR AY.123.1 OR AY.124 OR AY.124.1 OR AY.124.1.1 OR AY.125 OR AY.125.1 OR AY.126 OR AY.127 OR AY.127.1 OR AY.127.2 OR AY.127.3 OR AY.128 OR AY.129 OR AY.130 OR AY.131 OR AY.132 OR AY.133 OR AY.134 OR B.1.617.2,Delta,188,0,0
2021-04-18,189,0,245.857142857143,0,0,1.99404595281556e-06,0.010148918679213,AY.1 OR AY.2 OR AY.3 OR AY.3.1 OR AY.3.2 OR AY.3.3 OR AY.3.4 OR AY.4 OR AY.4.1 OR AY.4.2 OR AY.4.2.1 OR AY.4.2.2 OR AY.4.2.3 OR AY.4.2.4 OR AY.4.2.5 OR AY.4.3 OR AY.4.4 OR AY.4.5 OR AY.4.6 OR AY.4.7 OR AY.4.8 OR AY.4.9 OR AY.4.10 OR AY.4.11 OR AY.4.12 OR AY.4.13 OR AY.4.14 OR AY.4.15 OR AY.4.16 OR AY.4.17 OR AY.5 OR AY.5.1 OR AY.5.2 OR AY.5.3 OR AY.5.4 OR AY.5.5 OR AY.5.6 OR AY.5.7 OR AY.6 OR AY.7 OR AY.7.1 OR AY.7.2 OR AY.8 OR AY.9 OR AY.9.1 OR AY.9.2 OR AY.9.2.1 OR AY.9.2.2 OR AY.10 OR AY.11 OR AY.12 OR AY.13 OR AY.14 OR AY.15 OR AY.16 OR AY.16.1 OR AY.17 OR AY.18 OR AY.19 OR AY.20 OR AY.20.1 OR AY.21 OR AY.22 OR AY.23 OR AY.23.1 OR AY.23.2 OR AY.24 OR AY.24.1 OR AY.25 OR AY.25.1 OR AY.25.1.1 OR AY.25.1.2 OR AY.25.2 OR AY.25.3 OR AY.26 OR AY.26.1 OR AY.27 OR AY.28 OR AY.29 OR AY.29.1 OR AY.29.2 OR AY.30 OR AY.31 OR AY.32 OR AY.33 OR AY.33.1 OR AY.33.2 OR AY.34 OR AY.34.1 OR AY.34.1.1 OR AY.34.2 OR AY.35 OR AY.36 OR AY.36.1 OR AY.37 OR AY.38 OR AY.39 OR AY.39.1 OR AY.39.1.1 OR AY.39.1.2 OR AY.39.1.3 OR AY.39.1.4 OR AY.39.2 OR AY.39.3 OR AY.39.4 OR AY.40 OR AY.41 OR AY.42 OR AY.42.1 OR AY.43 OR AY.43.1 OR AY.43.2 OR AY.43.3 OR AY.43.4 OR AY.43.5 OR AY.43.6 OR AY.43.7 OR AY.43.8 OR AY.43.9 OR AY.44 OR AY.45 OR AY.46 OR AY.46.1 OR AY.46.2 OR AY.46.3 OR AY.46.4 OR AY.46.5 OR AY.46.6 OR AY.46.6.1 OR AY.47 OR AY.48 OR AY.49 OR AY.50 OR AY.51 OR AY.52 OR AY.53 OR AY.54 OR AY.55 OR AY.56 OR AY.57 OR AY.58 OR AY.59 OR AY.60 OR AY.61 OR AY.62 OR AY.63 OR AY.64 OR AY.65 OR AY.66 OR AY.67 OR AY.68 OR AY.69 OR AY.70 OR AY.71 OR AY.72 OR AY.73 OR AY.74 OR AY.75 OR AY.75.1 OR AY.75.2 OR AY.75.3 OR AY.76 OR AY.77 OR AY.78 OR AY.79 OR AY.80 OR AY.81 OR AY.82 OR AY.83 OR AY.84 OR AY.85 OR AY.86 OR AY.87 OR AY.88 OR AY.89 OR AY.90 OR AY.91 OR AY.91.1 OR AY.92 OR AY.93 OR AY.94 OR AY.95 OR AY.96 OR AY.97 OR AY.98 OR AY.98.1 OR AY.98.1.1 OR AY.99 OR AY.99.1 OR AY.99.2 OR AY.100 OR AY.101 OR AY.102 OR AY.102.1 OR AY.102.2 OR AY.103 OR AY.103.1 OR AY.103.2 OR AY.104 OR AY.105 OR AY.106 OR AY.107 OR AY.108 OR AY.109 OR AY.110 OR AY.111 OR AY.112 OR AY.112.1 OR AY.112.2 OR AY.112.3 OR AY.113 OR AY.114 OR AY.115 OR AY.116 OR AY.116.1 OR AY.117 OR AY.118 OR AY.119 OR AY.119.1 OR AY.119.2 OR AY.120 OR AY.120.1 OR AY.120.2 OR AY.120.2.1 OR AY.121 OR AY.121.1 OR AY.122 OR AY.122.1 OR AY.122.2 OR AY.122.3 OR AY.122.4 OR AY.122.5 OR AY.122.6 OR AY.123 OR AY.123.1 OR AY.124 OR AY.124.1 OR AY.124.1.1 OR AY.125 OR AY.125.1 OR AY.126 OR AY.127 OR AY.127.1 OR AY.127.2 OR AY.127.3 OR AY.128 OR AY.129 OR AY.130 OR AY.131 OR AY.132 OR AY.133 OR AY.134 OR B.1.617.2,Delta,200.928571428571,0,0
2021-04-19,214,0,244.428571428571,0,0,2.01037382890293e-06,0.0102315945721852,AY.1 OR AY.2 OR AY.3 OR AY.3.1 OR AY.3.2 OR AY.3.3 OR AY.3.4 OR AY.4 OR AY.4.1 OR AY.4.2 OR AY.4.2.1 OR AY.4.2.2 OR AY.4.2.3 OR AY.4.2.4 OR AY.4.2.5 OR AY.4.3 OR AY.4.4 OR AY.4.5 OR AY.4.6 OR AY.4.7 OR AY.4.8 OR AY.4.9 OR AY.4.10 OR AY.4.11 OR AY.4.12 OR AY.4.13 OR AY.4.14 OR AY.4.15 OR AY.4.16 OR AY.4.17 OR AY.5 OR AY.5.1 OR AY.5.2 OR AY.5.3 OR AY.5.4 OR AY.5.5 OR AY.5.6 OR AY.5.7 OR AY.6 OR AY.7 OR AY.7.1 OR AY.7.2 OR AY.8 OR AY.9 OR AY.9.1 OR AY.9.2 OR AY.9.2.1 OR AY.9.2.2 OR AY.10 OR AY.11 OR AY.12 OR AY.13 OR AY.14 OR AY.15 OR AY.16 OR AY.16.1 OR AY.17 OR AY.18 OR AY.19 OR AY.20 OR AY.20.1 OR AY.21 OR AY.22 OR AY.23 OR AY.23.1 OR AY.23.2 OR AY.24 OR AY.24.1 OR AY.25 OR AY.25.1 OR AY.25.1.1 OR AY.25.1.2 OR AY.25.2 OR AY.25.3 OR AY.26 OR AY.26.1 OR AY.27 OR AY.28 OR AY.29 OR AY.29.1 OR AY.29.2 OR AY.30 OR AY.31 OR AY.32 OR AY.33 OR AY.33.1 OR AY.33.2 OR AY.34 OR AY.34.1 OR AY.34.1.1 OR AY.34.2 OR AY.35 OR AY.36 OR AY.36.1 OR AY.37 OR AY.38 OR AY.39 OR AY.39.1 OR AY.39.1.1 OR AY.39.1.2 OR AY.39.1.3 OR AY.39.1.4 OR AY.39.2 OR AY.39.3 OR AY.39.4 OR AY.40 OR AY.41 OR AY.42 OR AY.42.1 OR AY.43 OR AY.43.1 OR AY.43.2 OR AY.43.3 OR AY.43.4 OR AY.43.5 OR AY.43.6 OR AY.43.7 OR AY.43.8 OR AY.43.9 OR AY.44 OR AY.45 OR AY.46 OR AY.46.1 OR AY.46.2 OR AY.46.3 OR AY.46.4 OR AY.46.5 OR AY.46.6 OR AY.46.6.1 OR AY.47 OR AY.48 OR AY.49 OR AY.50 OR AY.51 OR AY.52 OR AY.53 OR AY.54 OR AY.55 OR AY.56 OR AY.57 OR AY.58 OR AY.59 OR AY.60 OR AY.61 OR AY.62 OR AY.63 OR AY.64 OR AY.65 OR AY.66 OR AY.67 OR AY.68 OR AY.69 OR AY.70 OR AY.71 OR AY.72 OR AY.73 OR AY.74 OR AY.75 OR AY.75.1 OR AY.75.2 OR AY.75.3 OR AY.76 OR AY.77 OR AY.78 OR AY.79 OR AY.80 OR AY.81 OR AY.82 OR AY.83 OR AY.84 OR AY.85 OR AY.86 OR AY.87 OR AY.88 OR AY.89 OR AY.90 OR AY.91 OR AY.91.1 OR AY.92 OR AY.93 OR AY.94 OR AY.95 OR AY.96 OR AY.97 OR AY.98 OR AY.98.1 OR AY.98.1.1 OR AY.99 OR AY.99.1 OR AY.99.2 OR AY.100 OR AY.101 OR AY.102 OR AY.102.1 OR AY.102.2 OR AY.103 OR AY.103.1 OR AY.103.2 OR AY.104 OR AY.105 OR AY.106 OR AY.107 OR AY.108 OR AY.109 OR AY.110 OR AY.111 OR AY.112 OR AY.112.1 OR AY.112.2 OR AY.112.3 OR AY.113 OR AY.114 OR AY.115 OR AY.116 OR AY.116.1 OR AY.117 OR AY.118 OR AY.119 OR AY.119.1 OR AY.119.2 OR AY.120 OR AY.120.1 OR AY.120.2 OR AY.120.2.1 OR AY.121 OR AY.121.1 OR AY.122 OR AY.122.1 OR AY.122.2 OR AY.122.3 OR AY.122.4 OR AY.122.5 OR AY.122.6 OR AY.123 OR AY.123.1 OR AY.124 OR AY.124.1 OR AY.124.1.1 OR AY.125 OR AY.125.1 OR AY.126 OR AY.127 OR AY.127.1 OR AY.127.2 OR AY.127.3 OR AY.128 OR AY.129 OR AY.130 OR AY.131 OR AY.132 OR AY.133 OR AY.134 OR B.1.617.2,Delta,213.5,0,0
2021-04-20,262,0,246,0,0,1.99404595281556e-06,0.010148918679213,AY.1 OR AY.2 OR AY.3 OR AY.3.1 OR AY.3.2 OR AY.3.3 OR AY.3.4 OR AY.4 OR AY.4.1 OR AY.4.2 OR AY.4.2.1 OR AY.4.2.2 OR AY.4.2.3 OR AY.4.2.4 OR AY.4.2.5 OR AY.4.3 OR AY.4.4 OR AY.4.5 OR AY.4.6 OR AY.4.7 OR AY.4.8 OR AY.4.9 OR AY.4.10 OR AY.4.11 OR AY.4.12 OR AY.4.13 OR AY.4.14 OR AY.4.15 OR AY.4.16 OR AY.4.17 OR AY.5 OR AY.5.1 OR AY.5.2 OR AY.5.3 OR AY.5.4 OR AY.5.5 OR AY.5.6 OR AY.5.7 OR AY.6 OR AY.7 OR AY.7.1 OR AY.7.2 OR AY.8 OR AY.9 OR AY.9.1 OR AY.9.2 OR AY.9.2.1 OR AY.9.2.2 OR AY.10 OR AY.11 OR AY.12 OR AY.13 OR AY.14 OR AY.15 OR AY.16 OR AY.16.1 OR AY.17 OR AY.18 OR AY.19 OR AY.20 OR AY.20.1 OR AY.21 OR AY.22 OR AY.23 OR AY.23.1 OR AY.23.2 OR AY.24 OR AY.24.1 OR AY.25 OR AY.25.1 OR AY.25.1.1 OR AY.25.1.2 OR AY.25.2 OR AY.25.3 OR AY.26 OR AY.26.1 OR AY.27 OR AY.28 OR AY.29 OR AY.29.1 OR AY.29.2 OR AY.30 OR AY.31 OR AY.32 OR AY.33 OR AY.33.1 OR AY.33.2 OR AY.34 OR AY.34.1 OR AY.34.1.1 OR AY.34.2 OR AY.35 OR AY.36 OR AY.36.1 OR AY.37 OR AY.38 OR AY.39 OR AY.39.1 OR AY.39.1.1 OR AY.39.1.2 OR AY.39.1.3 OR AY.39.1.4 OR AY.39.2 OR AY.39.3 OR AY.39.4 OR AY.40 OR AY.41 OR AY.42 OR AY.42.1 OR AY.43 OR AY.43.1 OR AY.43.2 OR AY.43.3 OR AY.43.4 OR AY.43.5 OR AY.43.6 OR AY.43.7 OR AY.43.8 OR AY.43.9 OR AY.44 OR AY.45 OR AY.46 OR AY.46.1 OR AY.46.2 OR AY.46.3 OR AY.46.4 OR AY.46.5 OR AY.46.6 OR AY.46.6.1 OR AY.47 OR AY.48 OR AY.49 OR AY.50 OR AY.51 OR AY.52 OR AY.53 OR AY.54 OR AY.55 OR AY.56 OR AY.57 OR AY.58 OR AY.59 OR AY.60 OR AY.61 OR AY.62 OR AY.63 OR AY.64 OR AY.65 OR AY.66 OR AY.67 OR AY.68 OR AY.69 OR AY.70 OR AY.71 OR AY.72 OR AY.73 OR AY.74 OR AY.75 OR AY.75.1 OR AY.75.2 OR AY.75.3 OR AY.76 OR AY.77 OR AY.78 OR AY.79 OR AY.80 OR AY.81 OR AY.82 OR AY.83 OR AY.84 OR AY.85 OR AY.86 OR AY.87 OR AY.88 OR AY.89 OR AY.90 OR AY.91 OR AY.91.1 OR AY.92 OR AY.93 OR AY.94 OR AY.95 OR AY.96 OR AY.97 OR AY.98 OR AY.98.1 OR AY.98.1.1 OR AY.99 OR AY.99.1 OR AY.99.2 OR AY.100 OR AY.101 OR AY.102 OR AY.102.1 OR AY.102.2 OR AY.103 OR AY.103.1 OR AY.103.2 OR AY.104 OR AY.105 OR AY.106 OR AY.107 OR AY.108 OR AY.109 OR AY.110 OR AY.111 OR AY.112 OR AY.112.1 OR AY.112.2 OR AY.112.3 OR AY.113 OR AY.114 OR AY.115 OR AY.116 OR AY.116.1 OR AY.117 OR AY.118 OR AY.119 OR AY.119.1 OR AY.119.2 OR AY.120 OR AY.120.1 OR AY.120.2 OR AY.120.2.1 OR AY.121 OR AY.121.1 OR AY.122 OR AY.122.1 OR AY.122.2 OR AY.122.3 OR AY.122.4 OR AY.122.5 OR AY.122.6 OR AY.123 OR AY.123.1 OR AY.124 OR AY.124.1 OR AY.124.1.1 OR AY.125 OR AY.125.1 OR AY.126 OR AY.127 OR AY.127.1 OR AY.127.2 OR AY.127.3 OR AY.128 OR AY.129 OR AY.130 OR AY.131 OR AY.132 OR AY.133 OR AY.134 OR B.1.617.2,Delta,218.357142857143,0,0
2021-04-21,301,0,252.142857142857,0,0,1.94661581536111e-06,0.00990871789020417,AY.1 OR AY.2 OR AY.3 OR AY.3.1 OR AY.3.2 OR AY.3.3 OR AY.3.4 OR AY.4 OR AY.4.1 OR AY.4.2 OR AY.4.2.1 OR AY.4.2.2 OR AY.4.2.3 OR AY.4.2.4 OR AY.4.2.5 OR AY.4.3 OR AY.4.4 OR AY.4.5 OR AY.4.6 OR AY.4.7 OR AY.4.8 OR AY.4.9 OR AY.4.10 OR AY.4.11 OR AY.4.12 OR AY.4.13 OR AY.4.14 OR AY.4.15 OR AY.4.16 OR AY.4.17 OR AY.5 OR AY.5.1 OR AY.5.2 OR AY.5.3 OR AY.5.4 OR AY.5.5 OR AY.5.6 OR AY.5.7 OR AY.6 OR AY.7 OR AY.7.1 OR AY.7.2 OR AY.8 OR AY.9 OR AY.9.1 OR AY.9.2 OR AY.9.2.1 OR AY.9.2.2 OR AY.10 OR AY.11 OR AY.12 OR AY.13 OR AY.14 OR AY.15 OR AY.16 OR AY.16.1 OR AY.17 OR AY.18 OR AY.19 OR AY.20 OR AY.20.1 OR AY.21 OR AY.22 OR AY.23 OR AY.23.1 OR AY.23.2 OR AY.24 OR AY.24.1 OR AY.25 OR AY.25.1 OR AY.25.1.1 OR AY.25.1.2 OR AY.25.2 OR AY.25.3 OR AY.26 OR AY.26.1 OR AY.27 OR AY.28 OR AY.29 OR AY.29.1 OR AY.29.2 OR AY.30 OR AY.31 OR AY.32 OR AY.33 OR AY.33.1 OR AY.33.2 OR AY.34 OR AY.34.1 OR AY.34.1.1 OR AY.34.2 OR AY.35 OR AY.36 OR AY.36.1 OR AY.37 OR AY.38 OR AY.39 OR AY.39.1 OR AY.39.1.1 OR AY.39.1.2 OR AY.39.1.3 OR AY.39.1.4 OR AY.39.2 OR AY.39.3 OR AY.39.4 OR AY.40 OR AY.41 OR AY.42 OR AY.42.1 OR AY.43 OR AY.43.1 OR AY.43.2 OR AY.43.3 OR AY.43.4 OR AY.43.5 OR AY.43.6 OR AY.43.7 OR AY.43.8 OR AY.43.9 OR AY.44 OR AY.45 OR AY.46 OR AY.46.1 OR AY.46.2 OR AY.46.3 OR AY.46.4 OR AY.46.5 OR AY.46.6 OR AY.46.6.1 OR AY.47 OR AY.48 OR AY.49 OR AY.50 OR AY.51 OR AY.52 OR AY.53 OR AY.54 OR AY.55 OR AY.56 OR AY.57 OR AY.58 OR AY.59 OR AY.60 OR AY.61 OR AY.62 OR AY.63 OR AY.64 OR AY.65 OR AY.66 OR AY.67 OR AY.68 OR AY.69 OR AY.70 OR AY.71 OR AY.72 OR AY.73 OR AY.74 OR AY.75 OR AY.75.1 OR AY.75.2 OR AY.75.3 OR AY.76 OR AY.77 OR AY.78 OR AY.79 OR AY.80 OR AY.81 OR AY.82 OR AY.83 OR AY.84 OR AY.85 OR AY.86 OR AY.87 OR AY.88 OR AY.89 OR AY.90 OR AY.91 OR AY.91.1 OR AY.92 OR AY.93 OR AY.94 OR AY.95 OR AY.96 OR AY.97 OR AY.98 OR AY.98.1 OR AY.98.1.1 OR AY.99 OR AY.99.1 OR AY.99.2 OR AY.100 OR AY.101 OR AY.102 OR AY.102.1 OR AY.102.2 OR AY.103 OR AY.103.1 OR AY.103.2 OR AY.104 OR AY.105 OR AY.106 OR AY.107 OR AY.108 OR AY.109 OR AY.110 OR AY.111 OR AY.112 OR AY.112.1 OR AY.112.2 OR AY.112.3 OR AY.113 OR AY.114 OR AY.115 OR AY.116 OR AY.116.1 OR AY.117 OR AY.118 OR AY.119 OR AY.119.1 OR AY.119.2 OR AY.120 OR AY.120.1 OR AY.120.2 OR AY.120.2.1 OR AY.121 OR AY.121.1 OR AY.122 OR AY.122.1 OR AY.122.2 OR AY.122.3 OR AY.122.4 OR AY.122.5 OR AY.122.6 OR AY.123 OR AY.123.1 OR AY.124 OR AY.124.1 OR AY.124.1.1 OR AY.125 OR AY.125.1 OR AY.126 OR AY.127 OR AY.127.1 OR AY.127.2 OR AY.127.3 OR AY.128 OR AY.129 OR AY.130 OR AY.131 OR AY.132 OR AY.133 OR AY.134 OR B.1.617.2,Delta,221.642857142857,0,0
2021-04-22,232,1,237.714285714286,0.142857142857143,0.000600961538461538,2.06100223360826e-06,0.0104879066322085,AY.1 OR AY.2 OR AY.3 OR AY.3.1 OR AY.3.2 OR AY.3.3 OR AY.3.4 OR AY.4 OR AY.4.1 OR AY.4.2 OR AY.4.2.1 OR AY.4.2.2 OR AY.4.2.3 OR AY.4.2.4 OR AY.4.2.5 OR AY.4.3 OR AY.4.4 OR AY.4.5 OR AY.4.6 OR AY.4.7 OR AY.4.8 OR AY.4.9 OR AY.4.10 OR AY.4.11 OR AY.4.12 OR AY.4.13 OR AY.4.14 OR AY.4.15 OR AY.4.16 OR AY.4.17 OR AY.5 OR AY.5.1 OR AY.5.2 OR AY.5.3 OR AY.5.4 OR AY.5.5 OR AY.5.6 OR AY.5.7 OR AY.6 OR AY.7 OR AY.7.1 OR AY.7.2 OR AY.8 OR AY.9 OR AY.9.1 OR AY.9.2 OR AY.9.2.1 OR AY.9.2.2 OR AY.10 OR AY.11 OR AY.12 OR AY.13 OR AY.14 OR AY.15 OR AY.16 OR AY.16.1 OR AY.17 OR AY.18 OR AY.19 OR AY.20 OR AY.20.1 OR AY.21 OR AY.22 OR AY.23 OR AY.23.1 OR AY.23.2 OR AY.24 OR AY.24.1 OR AY.25 OR AY.25.1 OR AY.25.1.1 OR AY.25.1.2 OR AY.25.2 OR AY.25.3 OR AY.26 OR AY.26.1 OR AY.27 OR AY.28 OR AY.29 OR AY.29.1 OR AY.29.2 OR AY.30 OR AY.31 OR AY.32 OR AY.33 OR AY.33.1 OR AY.33.2 OR AY.34 OR AY.34.1 OR AY.34.1.1 OR AY.34.2 OR AY.35 OR AY.36 OR AY.36.1 OR AY.37 OR AY.38 OR AY.39 OR AY.39.1 OR AY.39.1.1 OR AY.39.1.2 OR AY.39.1.3 OR AY.39.1.4 OR AY.39.2 OR AY.39.3 OR AY.39.4 OR AY.40 OR AY.41 OR AY.42 OR AY.42.1 OR AY.43 OR AY.43.1 OR AY.43.2 OR AY.43.3 OR AY.43.4 OR AY.43.5 OR AY.43.6 OR AY.43.7 OR AY.43.8 OR AY.43.9 OR AY.44 OR AY.45 OR AY.46 OR AY.46.1 OR AY.46.2 OR AY.46.3 OR AY.46.4 OR AY.46.5 OR AY.46.6 OR AY.46.6.1 OR AY.47 OR AY.48 OR AY.49 OR AY.50 OR AY.51 OR AY.52 OR AY.53 OR AY.54 OR AY.55 OR AY.56 OR AY.57 OR AY.58 OR AY.59 OR AY.60 OR AY.61 OR AY.62 OR AY.63 OR AY.64 OR AY.65 OR AY.66 OR AY.67 OR AY.68 OR AY.69 OR AY.70 OR AY.71 OR AY.72 OR AY.73 OR AY.74 OR AY.75 OR AY.75.1 OR AY.75.2 OR AY.75.3 OR AY.76 OR AY.77 OR AY.78 OR AY.79 OR AY.80 OR AY.81 OR AY.82 OR AY.83 OR AY.84 OR AY.85 OR AY.86 OR AY.87 OR AY.88 OR AY.89 OR AY.90 OR AY.91 OR AY.91.1 OR AY.92 OR AY.93 OR AY.94 OR AY.95 OR AY.96 OR AY.97 OR AY.98 OR AY.98.1 OR AY.98.1.1 OR AY.99 OR AY.99.1 OR AY.99.2 OR AY.100 OR AY.101 OR AY.102 OR AY.102.1 OR AY.102.2 OR AY.103 OR AY.103.1 OR AY.103.2 OR AY.104 OR AY.105 OR AY.106 OR AY.107 OR AY.108 OR AY.109 OR AY.110 OR AY.111 OR AY.112 OR AY.112.1 OR AY.112.2 OR AY.112.3 OR AY.113 OR AY.114 OR AY.115 OR AY.116 OR AY.116.1 OR AY.117 OR AY.118 OR AY.119 OR AY.119.1 OR AY.119.2 OR AY.120 OR AY.120.1 OR AY.120.2 OR AY.120.2.1 OR AY.121 OR AY.121.1 OR AY.122 OR AY.122.1 OR AY.122.2 OR AY.122.3 OR AY.122.4 OR AY.122.5 OR AY.122.6 OR AY.123 OR AY.123.1 OR AY.124 OR AY.124.1 OR AY.124.1.1 OR AY.125 OR AY.125.1 OR AY.126 OR AY.127 OR AY.127.1 OR AY.127.2 OR AY.127.3 OR AY.128 OR AY.129 OR AY.130 OR AY.131 OR AY.132 OR AY.133 OR AY.134 OR B.1.617.2,Delta,223.285714285714,0.0714285714285714,0.000319897632757518
2021-04-23,224,0,242.714285714286,0.142857142857143,0.000588581518540318,2.0186384524594e-06,0.0102734397047645,AY.1 OR AY.2 OR AY.3 OR AY.3.1 OR AY.3.2 OR AY.3.3 OR AY.3.4 OR AY.4 OR AY.4.1 OR AY.4.2 OR AY.4.2.1 OR AY.4.2.2 OR AY.4.2.3 OR AY.4.2.4 OR AY.4.2.5 OR AY.4.3 OR AY.4.4 OR AY.4.5 OR AY.4.6 OR AY.4.7 OR AY.4.8 OR AY.4.9 OR AY.4.10 OR AY.4.11 OR AY.4.12 OR AY.4.13 OR AY.4.14 OR AY.4.15 OR AY.4.16 OR AY.4.17 OR AY.5 OR AY.5.1 OR AY.5.2 OR AY.5.3 OR AY.5.4 OR AY.5.5 OR AY.5.6 OR AY.5.7 OR AY.6 OR AY.7 OR AY.7.1 OR AY.7.2 OR AY.8 OR AY.9 OR AY.9.1 OR AY.9.2 OR AY.9.2.1 OR AY.9.2.2 OR AY.10 OR AY.11 OR AY.12 OR AY.13 OR AY.14 OR AY.15 OR AY.16 OR AY.16.1 OR AY.17 OR AY.18 OR AY.19 OR AY.20 OR AY.20.1 OR AY.21 OR AY.22 OR AY.23 OR AY.23.1 OR AY.23.2 OR AY.24 OR AY.24.1 OR AY.25 OR AY.25.1 OR AY.25.1.1 OR AY.25.1.2 OR AY.25.2 OR AY.25.3 OR AY.26 OR AY.26.1 OR AY.27 OR AY.28 OR AY.29 OR AY.29.1 OR AY.29.2 OR AY.30 OR AY.31 OR AY.32 OR AY.33 OR AY.33.1 OR AY.33.2 OR AY.34 OR AY.34.1 OR AY.34.1.1 OR AY.34.2 OR AY.35 OR AY.36 OR AY.36.1 OR AY.37 OR AY.38 OR AY.39 OR AY.39.1 OR AY.39.1.1 OR AY.39.1.2 OR AY.39.1.3 OR AY.39.1.4 OR AY.39.2 OR AY.39.3 OR AY.39.4 OR AY.40 OR AY.41 OR AY.42 OR AY.42.1 OR AY.43 OR AY.43.1 OR AY.43.2 OR AY.43.3 OR AY.43.4 OR AY.43.5 OR AY.43.6 OR AY.43.7 OR AY.43.8 OR AY.43.9 OR AY.44 OR AY.45 OR AY.46 OR AY.46.1 OR AY.46.2 OR AY.46.3 OR AY.46.4 OR AY.46.5 OR AY.46.6 OR AY.46.6.1 OR AY.47 OR AY.48 OR AY.49 OR AY.50 OR AY.51 OR AY.52 OR AY.53 OR AY.54 OR AY.55 OR AY.56 OR AY.57 OR AY.58 OR AY.59 OR AY.60 OR AY.61 OR AY.62 OR AY.63 OR AY.64 OR AY.65 OR AY.66 OR AY.67 OR AY.68 OR AY.69 OR AY.70 OR AY.71 OR AY.72 OR AY.73 OR AY.74 OR AY.75 OR AY.75.1 OR AY.75.2 OR AY.75.3 OR AY.76 OR AY.77 OR AY.78 OR AY.79 OR AY.80 OR AY.81 OR AY.82 OR AY.83 OR AY.84 OR AY.85 OR AY.86 OR AY.87 OR AY.88 OR AY.89 OR AY.90 OR AY.91 OR AY.91.1 OR AY.92 OR AY.93 OR AY.94 OR AY.95 OR AY.96 OR AY.97 OR AY.98 OR AY.98.1 OR AY.98.1.1 OR AY.99 OR AY.99.1 OR AY.99.2 OR AY.100 OR AY.101 OR AY.102 OR AY.102.1 OR AY.102.2 OR AY.103 OR AY.103.1 OR AY.103.2 OR AY.104 OR AY.105 OR AY.106 OR AY.107 OR AY.108 OR AY.109 OR AY.110 OR AY.111 OR AY.112 OR AY.112.1 OR AY.112.2 OR AY.112.3 OR AY.113 OR AY.114 OR AY.115 OR AY.116 OR AY.116.1 OR AY.117 OR AY.118 OR AY.119 OR AY.119.1 OR AY.119.2 OR AY.120 OR AY.120.1 OR AY.120.2 OR AY.120.2.1 OR AY.121 OR AY.121.1 OR AY.122 OR AY.122.1 OR AY.122.2 OR AY.122.3 OR AY.122.4 OR AY.122.5 OR AY.122.6 OR AY.123 OR AY.123.1 OR AY.124 OR AY.124.1 OR AY.124.1.1 OR AY.125 OR AY.125.1 OR AY.126 OR AY.127 OR AY.127.1 OR AY.127.2 OR AY.127.3 OR AY.128 OR AY.129 OR AY.130 OR AY.131 OR AY.132 OR AY.133 OR AY.134 OR B.1.617.2,Delta,223.071428571429,0.0714285714285714,0.00032020493115594
2021-04-24,121,0,220.428571428571,0.142857142857143,0.000648088139987038,2.22943788784192e-06,0.011340153493315,AY.1 OR AY.2 OR AY.3 OR AY.3.1 OR AY.3.2 OR AY.3.3 OR AY.3.4 OR AY.4 OR AY.4.1 OR AY.4.2 OR AY.4.2.1 OR AY.4.2.2 OR AY.4.2.3 OR AY.4.2.4 OR AY.4.2.5 OR AY.4.3 OR AY.4.4 OR AY.4.5 OR AY.4.6 OR AY.4.7 OR AY.4.8 OR AY.4.9 OR AY.4.10 OR AY.4.11 OR AY.4.12 OR AY.4.13 OR AY.4.14 OR AY.4.15 OR AY.4.16 OR AY.4.17 OR AY.5 OR AY.5.1 OR AY.5.2 OR AY.5.3 OR AY.5.4 OR AY.5.5 OR AY.5.6 OR AY.5.7 OR AY.6 OR AY.7 OR AY.7.1 OR AY.7.2 OR AY.8 OR AY.9 OR AY.9.1 OR AY.9.2 OR AY.9.2.1 OR AY.9.2.2 OR AY.10 OR AY.11 OR AY.12 OR AY.13 OR AY.14 OR AY.15 OR AY.16 OR AY.16.1 OR AY.17 OR AY.18 OR AY.19 OR AY.20 OR AY.20.1 OR AY.21 OR AY.22 OR AY.23 OR AY.23.1 OR AY.23.2 OR AY.24 OR AY.24.1 OR AY.25 OR AY.25.1 OR AY.25.1.1 OR AY.25.1.2 OR AY.25.2 OR AY.25.3 OR AY.26 OR AY.26.1 OR AY.27 OR AY.28 OR AY.29 OR AY.29.1 OR AY.29.2 OR AY.30 OR AY.31 OR AY.32 OR AY.33 OR AY.33.1 OR AY.33.2 OR AY.34 OR AY.34.1 OR AY.34.1.1 OR AY.34.2 OR AY.35 OR AY.36 OR AY.36.1 OR AY.37 OR AY.38 OR AY.39 OR AY.39.1 OR AY.39.1.1 OR AY.39.1.2 OR AY.39.1.3 OR AY.39.1.4 OR AY.39.2 OR AY.39.3 OR AY.39.4 OR AY.40 OR AY.41 OR AY.42 OR AY.42.1 OR AY.43 OR AY.43.1 OR AY.43.2 OR AY.43.3 OR AY.43.4 OR AY.43.5 OR AY.43.6 OR AY.43.7 OR AY.43.8 OR AY.43.9 OR AY.44 OR AY.45 OR AY.46 OR AY.46.1 OR AY.46.2 OR AY.46.3 OR AY.46.4 OR AY.46.5 OR AY.46.6 OR AY.46.6.1 OR AY.47 OR AY.48 OR AY.49 OR AY.50 OR AY.51 OR AY.52 OR AY.53 OR AY.54 OR AY.55 OR AY.56 OR AY.57 OR AY.58 OR AY.59 OR AY.60 OR AY.61 OR AY.62 OR AY.63 OR AY.64 OR AY.65 OR AY.66 OR AY.67 OR AY.68 OR AY.69 OR AY.70 OR AY.71 OR AY.72 OR AY.73 OR AY.74 OR AY.75 OR AY.75.1 OR AY.75.2 OR AY.75.3 OR AY.76 OR AY.77 OR AY.78 OR AY.79 OR AY.80 OR AY.81 OR AY.82 OR AY.83 OR AY.84 OR AY.85 OR AY.86 OR AY.87 OR AY.88 OR AY.89 OR AY.90 OR AY.91 OR AY.91.1 OR AY.92 OR AY.93 OR AY.94 OR AY.95 OR AY.96 OR AY.97 OR AY.98 OR AY.98.1 OR AY.98.1.1 OR AY.99 OR AY.99.1 OR AY.99.2 OR AY.100 OR AY.101 OR AY.102 OR AY.102.1 OR AY.102.2 OR AY.103 OR AY.103.1 OR AY.103.2 OR AY.104 OR AY.105 OR AY.106 OR AY.107 OR AY.108 OR AY.109 OR AY.110 OR AY.111 OR AY.112 OR AY.112.1 OR AY.112.2 OR AY.112.3 OR AY.113 OR AY.114 OR AY.115 OR AY.116 OR AY.116.1 OR AY.117 OR AY.118 OR AY.119 OR AY.119.1 OR AY.119.2 OR AY.120 OR AY.120.1 OR AY.120.2 OR AY.120.2.1 OR AY.121 OR AY.121.1 OR AY.122 OR AY.122.1 OR AY.122.2 OR AY.122.3 OR AY.122.4 OR AY.122.5 OR AY.122.6 OR AY.123 OR AY.123.1 OR AY.124 OR AY.124.1 OR AY.124.1.1 OR AY.125 OR AY.125.1 OR AY.126 OR AY.127 OR AY.127.1 OR AY.127.2 OR AY.127.3 OR AY.128 OR AY.129 OR AY.130 OR AY.131 OR AY.132 OR AY.133 OR AY.134 OR B.1.617.2,Delta,223.5,0.0714285714285714,0.000319590923617769
2021-04-25,37,0,198.714285714286,0.142857142857143,0.000718907260963336,2.46440936960528e-06,0.0125278302598964,AY.1 OR AY.2 OR AY.3 OR AY.3.1 OR AY.3.2 OR AY.3.3 OR AY.3.4 OR AY.4 OR AY.4.1 OR AY.4.2 OR AY.4.2.1 OR AY.4.2.2 OR AY.4.2.3 OR AY.4.2.4 OR AY.4.2.5 OR AY.4.3 OR AY.4.4 OR AY.4.5 OR AY.4.6 OR AY.4.7 OR AY.4.8 OR AY.4.9 OR AY.4.10 OR AY.4.11 OR AY.4.12 OR AY.4.13 OR AY.4.14 OR AY.4.15 OR AY.4.16 OR AY.4.17 OR AY.5 OR AY.5.1 OR AY.5.2 OR AY.5.3 OR AY.5.4 OR AY.5.5 OR AY.5.6 OR AY.5.7 OR AY.6 OR AY.7 OR AY.7.1 OR AY.7.2 OR AY.8 OR AY.9 OR AY.9.1 OR AY.9.2 OR AY.9.2.1 OR AY.9.2.2 OR AY.10 OR AY.11 OR AY.12 OR AY.13 OR AY.14 OR AY.15 OR AY.16 OR AY.16.1 OR AY.17 OR AY.18 OR AY.19 OR AY.20 OR AY.20.1 OR AY.21 OR AY.22 OR AY.23 OR AY.23.1 OR AY.23.2 OR AY.24 OR AY.24.1 OR AY.25 OR AY.25.1 OR AY.25.1.1 OR AY.25.1.2 OR AY.25.2 OR AY.25.3 OR AY.26 OR AY.26.1 OR AY.27 OR AY.28 OR AY.29 OR AY.29.1 OR AY.29.2 OR AY.30 OR AY.31 OR AY.32 OR AY.33 OR AY.33.1 OR AY.33.2 OR AY.34 OR AY.34.1 OR AY.34.1.1 OR AY.34.2 OR AY.35 OR AY.36 OR AY.36.1 OR AY.37 OR AY.38 OR AY.39 OR AY.39.1 OR AY.39.1.1 OR AY.39.1.2 OR AY.39.1.3 OR AY.39.1.4 OR AY.39.2 OR AY.39.3 OR AY.39.4 OR AY.40 OR AY.41 OR AY.42 OR AY.42.1 OR AY.43 OR AY.43.1 OR AY.43.2 OR AY.43.3 OR AY.43.4 OR AY.43.5 OR AY.43.6 OR AY.43.7 OR AY.43.8 OR AY.43.9 OR AY.44 OR AY.45 OR AY.46 OR AY.46.1 OR AY.46.2 OR AY.46.3 OR AY.46.4 OR AY.46.5 OR AY.46.6 OR AY.46.6.1 OR AY.47 OR AY.48 OR AY.49 OR AY.50 OR AY.51 OR AY.52 OR AY.53 OR AY.54 OR AY.55 OR AY.56 OR AY.57 OR AY.58 OR AY.59 OR AY.60 OR AY.61 OR AY.62 OR AY.63 OR AY.64 OR AY.65 OR AY.66 OR AY.67 OR AY.68 OR AY.69 OR AY.70 OR AY.71 OR AY.72 OR AY.73 OR AY.74 OR AY.75 OR AY.75.1 OR AY.75.2 OR AY.75.3 OR AY.76 OR AY.77 OR AY.78 OR AY.79 OR AY.80 OR AY.81 OR AY.82 OR AY.83 OR AY.84 OR AY.85 OR AY.86 OR AY.87 OR AY.88 OR AY.89 OR AY.90 OR AY.91 OR AY.91.1 OR AY.92 OR AY.93 OR AY.94 OR AY.95 OR AY.96 OR AY.97 OR AY.98 OR AY.98.1 OR AY.98.1.1 OR AY.99 OR AY.99.1 OR AY.99.2 OR AY.100 OR AY.101 OR AY.102 OR AY.102.1 OR AY.102.2 OR AY.103 OR AY.103.1 OR AY.103.2 OR AY.104 OR AY.105 OR AY.106 OR AY.107 OR AY.108 OR AY.109 OR AY.110 OR AY.111 OR AY.112 OR AY.112.1 OR AY.112.2 OR AY.112.3 OR AY.113 OR AY.114 OR AY.115 OR AY.116 OR AY.116.1 OR AY.117 OR AY.118 OR AY.119 OR AY.119.1 OR AY.119.2 OR AY.120 OR AY.120.1 OR AY.120.2 OR AY.120.2.1 OR AY.121 OR AY.121.1 OR AY.122 OR AY.122.1 OR AY.122.2 OR AY.122.3 OR AY.122.4 OR AY.122.5 OR AY.122.6 OR AY.123 OR AY.123.1 OR AY.124 OR AY.124.1 OR AY.124.1.1 OR AY.125 OR AY.125.1 OR AY.126 OR AY.127 OR AY.127.1 OR AY.127.2 OR AY.127.3 OR AY.128 OR AY.129 OR AY.130 OR AY.131 OR AY.132 OR AY.133 OR AY.134 OR B.1.617.2,Delta,222.285714285714,0.0714285714285714,0.00032133676092545
2021-04-26,189,5,195.142857142857,0.857142857142857,0.00439238653001464,0.000553878880415672,0.0237153942189362,AY.1 OR AY.2 OR AY.3 OR AY.3.1 OR AY.3.2 OR AY.3.3 OR AY.3.4 OR AY.4 OR AY.4.1 OR AY.4.2 OR AY.4.2.1 OR AY.4.2.2 OR AY.4.2.3 OR AY.4.2.4 OR AY.4.2.5 OR AY.4.3 OR AY.4.4 OR AY.4.5 OR AY.4.6 OR AY.4.7 OR AY.4.8 OR AY.4.9 OR AY.4.10 OR AY.4.11 OR AY.4.12 OR AY.4.13 OR AY.4.14 OR AY.4.15 OR AY.4.16 OR AY.4.17 OR AY.5 OR AY.5.1 OR AY.5.2 OR AY.5.3 OR AY.5.4 OR AY.5.5 OR AY.5.6 OR AY.5.7 OR AY.6 OR AY.7 OR AY.7.1 OR AY.7.2 OR AY.8 OR AY.9 OR AY.9.1 OR AY.9.2 OR AY.9.2.1 OR AY.9.2.2 OR AY.10 OR AY.11 OR AY.12 OR AY.13 OR AY.14 OR AY.15 OR AY.16 OR AY.16.1 OR AY.17 OR AY.18 OR AY.19 OR AY.20 OR AY.20.1 OR AY.21 OR AY.22 OR AY.23 OR AY.23.1 OR AY.23.2 OR AY.24 OR AY.24.1 OR AY.25 OR AY.25.1 OR AY.25.1.1 OR AY.25.1.2 OR AY.25.2 OR AY.25.3 OR AY.26 OR AY.26.1 OR AY.27 OR AY.28 OR AY.29 OR AY.29.1 OR AY.29.2 OR AY.30 OR AY.31 OR AY.32 OR AY.33 OR AY.33.1 OR AY.33.2 OR AY.34 OR AY.34.1 OR AY.34.1.1 OR AY.34.2 OR AY.35 OR AY.36 OR AY.36.1 OR AY.37 OR AY.38 OR AY.39 OR AY.39.1 OR AY.39.1.1 OR AY.39.1.2 OR AY.39.1.3 OR AY.39.1.4 OR AY.39.2 OR AY.39.3 OR AY.39.4 OR AY.40 OR AY.41 OR AY.42 OR AY.42.1 OR AY.43 OR AY.43.1 OR AY.43.2 OR AY.43.3 OR AY.43.4 OR AY.43.5 OR AY.43.6 OR AY.43.7 OR AY.43.8 OR AY.43.9 OR AY.44 OR AY.45 OR AY.46 OR AY.46.1 OR AY.46.2 OR AY.46.3 OR AY.46.4 OR AY.46.5 OR AY.46.6 OR AY.46.6.1 OR AY.47 OR AY.48 OR AY.49 OR AY.50 OR AY.51 OR AY.52 OR AY.53 OR AY.54 OR AY.55 OR AY.56 OR AY.57 OR AY.58 OR AY.59 OR AY.60 OR AY.61 OR AY.62 OR AY.63 OR AY.64 OR AY.65 OR AY.66 OR AY.67 OR AY.68 OR AY.69 OR AY.70 OR AY.71 OR AY.72 OR AY.73 OR AY.74 OR AY.75 OR AY.75.1 OR AY.75.2 OR AY.75.3 OR AY.76 OR AY.77 OR AY.78 OR AY.79 OR AY.80 OR AY.81 OR AY.82 OR AY.83 OR AY.84 OR AY.85 OR AY.86 OR AY.87 OR AY.88 OR AY.89 OR AY.90 OR AY.91 OR AY.91.1 OR AY.92 OR AY.93 OR AY.94 OR AY.95 OR AY.96 OR AY.97 OR AY.98 OR AY.98.1 OR AY.98.1.1 OR AY.99 OR AY.99.1 OR AY.99.2 OR AY.100 OR AY.101 OR AY.102 OR AY.102.1 OR AY.102.2 OR AY.103 OR AY.103.1 OR AY.103.2 OR AY.104 OR AY.105 OR AY.106 OR AY.107 OR AY.108 OR AY.109 OR AY.110 OR AY.111 OR AY.112 OR AY.112.1 OR AY.112.2 OR AY.112.3 OR AY.113 OR AY.114 OR AY.115 OR AY.116 OR AY.116.1 OR AY.117 OR AY.118 OR AY.119 OR AY.119.1 OR AY.119.2 OR AY.120 OR AY.120.1 OR AY.120.2 OR AY.120.2.1 OR AY.121 OR AY.121.1 OR AY.122 OR AY.122.1 OR AY.122.2 OR AY.122.3 OR AY.122.4 OR AY.122.5 OR AY.122.6 OR AY.123 OR AY.123.1 OR AY.124 OR AY.124.1 OR AY.124.1.1 OR AY.125 OR AY.125.1 OR AY.126 OR AY.127 OR AY.127.1 OR AY.127.2 OR AY.127.3 OR AY.128 OR AY.129 OR AY.130 OR AY.131 OR AY.132 OR AY.133 OR AY.134 OR B.1.617.2,Delta,219.785714285714,0.428571428571429,0.00194995125121872
2021-04-27,281,0,197.857142857143,0.857142857142857,0.00433212996389892,0.000545478435327196,0.0233598486078174,AY.1 OR AY.2 OR AY.3 OR AY.3.1 OR AY.3.2 OR AY.3.3 OR AY.3.4 OR AY.4 OR AY.4.1 OR AY.4.2 OR AY.4.2.1 OR AY.4.2.2 OR AY.4.2.3 OR AY.4.2.4 OR AY.4.2.5 OR AY.4.3 OR AY.4.4 OR AY.4.5 OR AY.4.6 OR AY.4.7 OR AY.4.8 OR AY.4.9 OR AY.4.10 OR AY.4.11 OR AY.4.12 OR AY.4.13 OR AY.4.14 OR AY.4.15 OR AY.4.16 OR AY.4.17 OR AY.5 OR AY.5.1 OR AY.5.2 OR AY.5.3 OR AY.5.4 OR AY.5.5 OR AY.5.6 OR AY.5.7 OR AY.6 OR AY.7 OR AY.7.1 OR AY.7.2 OR AY.8 OR AY.9 OR AY.9.1 OR AY.9.2 OR AY.9.2.1 OR AY.9.2.2 OR AY.10 OR AY.11 OR AY.12 OR AY.13 OR AY.14 OR AY.15 OR AY.16 OR AY.16.1 OR AY.17 OR AY.18 OR AY.19 OR AY.20 OR AY.20.1 OR AY.21 OR AY.22 OR AY.23 OR AY.23.1 OR AY.23.2 OR AY.24 OR AY.24.1 OR AY.25 OR AY.25.1 OR AY.25.1.1 OR AY.25.1.2 OR AY.25.2 OR AY.25.3 OR AY.26 OR AY.26.1 OR AY.27 OR AY.28 OR AY.29 OR AY.29.1 OR AY.29.2 OR AY.30 OR AY.31 OR AY.32 OR AY.33 OR AY.33.1 OR AY.33.2 OR AY.34 OR AY.34.1 OR AY.34.1.1 OR AY.34.2 OR AY.35 OR AY.36 OR AY.36.1 OR AY.37 OR AY.38 OR AY.39 OR AY.39.1 OR AY.39.1.1 OR AY.39.1.2 OR AY.39.1.3 OR AY.39.1.4 OR AY.39.2 OR AY.39.3 OR AY.39.4 OR AY.40 OR AY.41 OR AY.42 OR AY.42.1 OR AY.43 OR AY.43.1 OR AY.43.2 OR AY.43.3 OR AY.43.4 OR AY.43.5 OR AY.43.6 OR AY.43.7 OR AY.43.8 OR AY.43.9 OR AY.44 OR AY.45 OR AY.46 OR AY.46.1 OR AY.46.2 OR AY.46.3 OR AY.46.4 OR AY.46.5 OR AY.46.6 OR AY.46.6.1 OR AY.47 OR AY.48 OR AY.49 OR AY.50 OR AY.51 OR AY.52 OR AY.53 OR AY.54 OR AY.55 OR AY.56 OR AY.57 OR AY.58 OR AY.59 OR AY.60 OR AY.61 OR AY.62 OR AY.63 OR AY.64 OR AY.65 OR AY.66 OR AY.67 OR AY.68 OR AY.69 OR AY.70 OR AY.71 OR AY.72 OR AY.73 OR AY.74 OR AY.75 OR AY.75.1 OR AY.75.2 OR AY.75.3 OR AY.76 OR AY.77 OR AY.78 OR AY.79 OR AY.80 OR AY.81 OR AY.82 OR AY.83 OR AY.84 OR AY.85 OR AY.86 OR AY.87 OR AY.88 OR AY.89 OR AY.90 OR AY.91 OR AY.91.1 OR AY.92 OR AY.93 OR AY.94 OR AY.95 OR AY.96 OR AY.97 OR AY.98 OR AY.98.1 OR AY.98.1.1 OR AY.99 OR AY.99.1 OR AY.99.2 OR AY.100 OR AY.101 OR AY.102 OR AY.102.1 OR AY.102.2 OR AY.103 OR AY.103.1 OR AY.103.2 OR AY.104 OR AY.105 OR AY.106 OR AY.107 OR AY.108 OR AY.109 OR AY.110 OR AY.111 OR AY.112 OR AY.112.1 OR AY.112.2 OR AY.112.3 OR AY.113 OR AY.114 OR AY.115 OR AY.116 OR AY.116.1 OR AY.117 OR AY.118 OR AY.119 OR AY.119.1 OR AY.119.2 OR AY.120 OR AY.120.1 OR AY.120.2 OR AY.120.2.1 OR AY.121 OR AY.121.1 OR AY.122 OR AY.122.1 OR AY.122.2 OR AY.122.3 OR AY.122.4 OR AY.122.5 OR AY.122.6 OR AY.123 OR AY.123.1 OR AY.124 OR AY.124.1 OR AY.124.1.1 OR AY.125 OR AY.125.1 OR AY.126 OR AY.127 OR AY.127.1 OR AY.127.2 OR AY.127.3 OR AY.128 OR AY.129 OR AY.130 OR AY.131 OR AY.132 OR AY.133 OR AY.134 OR B.1.617.2,Delta,221.928571428571,0.428571428571429,0.0019311232700354
2021-04-28,277,8,194.428571428571,2,0.0102865540044085,0.00214831534866241,0.0326572187596476,AY.1 OR AY.2 OR AY.3 OR AY.3.1 OR AY.3.2 OR AY.3.3 OR AY.3.4 OR AY.4 OR AY.4.1 OR AY.4.2 OR AY.4.2.1 OR AY.4.2.2 OR AY.4.2.3 OR AY.4.2.4 OR AY.4.2.5 OR AY.4.3 OR AY.4.4 OR AY.4.5 OR AY.4.6 OR AY.4.7 OR AY.4.8 OR AY.4.9 OR AY.4.10 OR AY.4.11 OR AY.4.12 OR AY.4.13 OR AY.4.14 OR AY.4.15 OR AY.4.16 OR AY.4.17 OR AY.5 OR AY.5.1 OR AY.5.2 OR AY.5.3 OR AY.5.4 OR AY.5.5 OR AY.5.6 OR AY.5.7 OR AY.6 OR AY.7 OR AY.7.1 OR AY.7.2 OR AY.8 OR AY.9 OR AY.9.1 OR AY.9.2 OR AY.9.2.1 OR AY.9.2.2 OR AY.10 OR AY.11 OR AY.12 OR AY.13 OR AY.14 OR AY.15 OR AY.16 OR AY.16.1 OR AY.17 OR AY.18 OR AY.19 OR AY.20 OR AY.20.1 OR AY.21 OR AY.22 OR AY.23 OR AY.23.1 OR AY.23.2 OR AY.24 OR AY.24.1 OR AY.25 OR AY.25.1 OR AY.25.1.1 OR AY.25.1.2 OR AY.25.2 OR AY.25.3 OR AY.26 OR AY.26.1 OR AY.27 OR AY.28 OR AY.29 OR AY.29.1 OR AY.29.2 OR AY.30 OR AY.31 OR AY.32 OR AY.33 OR AY.33.1 OR AY.33.2 OR AY.34 OR AY.34.1 OR AY.34.1.1 OR AY.34.2 OR AY.35 OR AY.36 OR AY.36.1 OR AY.37 OR AY.38 OR AY.39 OR AY.39.1 OR AY.39.1.1 OR AY.39.1.2 OR AY.39.1.3 OR AY.39.1.4 OR AY.39.2 OR AY.39.3 OR AY.39.4 OR AY.40 OR AY.41 OR AY.42 OR AY.42.1 OR AY.43 OR AY.43.1 OR AY.43.2 OR AY.43.3 OR AY.43.4 OR AY.43.5 OR AY.43.6 OR AY.43.7 OR AY.43.8 OR AY.43.9 OR AY.44 OR AY.45 OR AY.46 OR AY.46.1 OR AY.46.2 OR AY.46.3 OR AY.46.4 OR AY.46.5 OR AY.46.6 OR AY.46.6.1 OR AY.47 OR AY.48 OR AY.49 OR AY.50 OR AY.51 OR AY.52 OR AY.53 OR AY.54 OR AY.55 OR AY.56 OR AY.57 OR AY.58 OR AY.59 OR AY.60 OR AY.61 OR AY.62 OR AY.63 OR AY.64 OR AY.65 OR AY.66 OR AY.67 OR AY.68 OR AY.69 OR AY.70 OR AY.71 OR AY.72 OR AY.73 OR AY.74 OR AY.75 OR AY.75.1 OR AY.75.2 OR AY.75.3 OR AY.76 OR AY.77 OR AY.78 OR AY.79 OR AY.80 OR AY.81 OR AY.82 OR AY.83 OR AY.84 OR AY.85 OR AY.86 OR AY.87 OR AY.88 OR AY.89 OR AY.90 OR AY.91 OR AY.91.1 OR AY.92 OR AY.93 OR AY.94 OR AY.95 OR AY.96 OR AY.97 OR AY.98 OR AY.98.1 OR AY.98.1.1 OR AY.99 OR AY.99.1 OR AY.99.2 OR AY.100 OR AY.101 OR AY.102 OR AY.102.1 OR AY.102.2 OR AY.103 OR AY.103.1 OR AY.103.2 OR AY.104 OR AY.105 OR AY.106 OR AY.107 OR AY.108 OR AY.109 OR AY.110 OR AY.111 OR AY.112 OR AY.112.1 OR AY.112.2 OR AY.112.3 OR AY.113 OR AY.114 OR AY.115 OR AY.116 OR AY.116.1 OR AY.117 OR AY.118 OR AY.119 OR AY.119.1 OR AY.119.2 OR AY.120 OR AY.120.1 OR AY.120.2 OR AY.120.2.1 OR AY.121 OR AY.121.1 OR AY.122 OR AY.122.1 OR AY.122.2 OR AY.122.3 OR AY.122.4 OR AY.122.5 OR AY.122.6 OR AY.123 OR AY.123.1 OR AY.124 OR AY.124.1 OR AY.124.1.1 OR AY.125 OR AY.125.1 OR AY.126 OR AY.127 OR AY.127.1 OR AY.127.2 OR AY.127.3 OR AY.128 OR AY.129 OR AY.130 OR AY.131 OR AY.132 OR AY.133 OR AY.134 OR B.1.617.2,Delta,223.285714285714,1,0.00447856685860525
2021-04-29,190,1,188.428571428571,2,0.0106141015921152,0.00221707780359152,0.0336858577312903,AY.1 OR AY.2 OR AY.3 OR AY.3.1 OR AY.3.2 OR AY.3.3 OR AY.3.4 OR AY.4 OR AY.4.1 OR AY.4.2 OR AY.4.2.1 OR AY.4.2.2 OR AY.4.2.3 OR AY.4.2.4 OR AY.4.2.5 OR AY.4.3 OR AY.4.4 OR AY.4.5 OR AY.4.6 OR AY.4.7 OR AY.4.8 OR AY.4.9 OR AY.4.10 OR AY.4.11 OR AY.4.12 OR AY.4.13 OR AY.4.14 OR AY.4.15 OR AY.4.16 OR AY.4.17 OR AY.5 OR AY.5.1 OR AY.5.2 OR AY.5.3 OR AY.5.4 OR AY.5.5 OR AY.5.6 OR AY.5.7 OR AY.6 OR AY.7 OR AY.7.1 OR AY.7.2 OR AY.8 OR AY.9 OR AY.9.1 OR AY.9.2 OR AY.9.2.1 OR AY.9.2.2 OR AY.10 OR AY.11 OR AY.12 OR AY.13 OR AY.14 OR AY.15 OR AY.16 OR AY.16.1 OR AY.17 OR AY.18 OR AY.19 OR AY.20 OR AY.20.1 OR AY.21 OR AY.22 OR AY.23 OR AY.23.1 OR AY.23.2 OR AY.24 OR AY.24.1 OR AY.25 OR AY.25.1 OR AY.25.1.1 OR AY.25.1.2 OR AY.25.2 OR AY.25.3 OR AY.26 OR AY.26.1 OR AY.27 OR AY.28 OR AY.29 OR AY.29.1 OR AY.29.2 OR AY.30 OR AY.31 OR AY.32 OR AY.33 OR AY.33.1 OR AY.33.2 OR AY.34 OR AY.34.1 OR AY.34.1.1 OR AY.34.2 OR AY.35 OR AY.36 OR AY.36.1 OR AY.37 OR AY.38 OR AY.39 OR AY.39.1 OR AY.39.1.1 OR AY.39.1.2 OR AY.39.1.3 OR AY.39.1.4 OR AY.39.2 OR AY.39.3 OR AY.39.4 OR AY.40 OR AY.41 OR AY.42 OR AY.42.1 OR AY.43 OR AY.43.1 OR AY.43.2 OR AY.43.3 OR AY.43.4 OR AY.43.5 OR AY.43.6 OR AY.43.7 OR AY.43.8 OR AY.43.9 OR AY.44 OR AY.45 OR AY.46 OR AY.46.1 OR AY.46.2 OR AY.46.3 OR AY.46.4 OR AY.46.5 OR AY.46.6 OR AY.46.6.1 OR AY.47 OR AY.48 OR AY.49 OR AY.50 OR AY.51 OR AY.52 OR AY.53 OR AY.54 OR AY.55 OR AY.56 OR AY.57 OR AY.58 OR AY.59 OR AY.60 OR AY.61 OR AY.62 OR AY.63 OR AY.64 OR AY.65 OR AY.66 OR AY.67 OR AY.68 OR AY.69 OR AY.70 OR AY.71 OR AY.72 OR AY.73 OR AY.74 OR AY.75 OR AY.75.1 OR AY.75.2 OR AY.75.3 OR AY.76 OR AY.77 OR AY.78 OR AY.79 OR AY.80 OR AY.81 OR AY.82 OR AY.83 OR AY.84 OR AY.85 OR AY.86 OR AY.87 OR AY.88 OR AY.89 OR AY.90 OR AY.91 OR AY.91.1 OR AY.92 OR AY.93 OR AY.94 OR AY.95 OR AY.96 OR AY.97 OR AY.98 OR AY.98.1 OR AY.98.1.1 OR AY.99 OR AY.99.1 OR AY.99.2 OR AY.100 OR AY.101 OR AY.102 OR AY.102.1 OR AY.102.2 OR AY.103 OR AY.103.1 OR AY.103.2 OR AY.104 OR AY.105 OR AY.106 OR AY.107 OR AY.108 OR AY.109 OR AY.110 OR AY.111 OR AY.112 OR AY.112.1 OR AY.112.2 OR AY.112.3 OR AY.113 OR AY.114 OR AY.115 OR AY.116 OR AY.116.1 OR AY.117 OR AY.118 OR AY.119 OR AY.119.1 OR AY.119.2 OR AY.120 OR AY.120.1 OR AY.120.2 OR AY.120.2.1 OR AY.121 OR AY.121.1 OR AY.122 OR AY.122.1 OR AY.122.2 OR AY.122.3 OR AY.122.4 OR AY.122.5 OR AY.122.6 OR AY.123 OR AY.123.1 OR AY.124 OR AY.124.1 OR AY.124.1.1 OR AY.125 OR AY.125.1 OR AY.126 OR AY.127 OR AY.127.1 OR AY.127.2 OR AY.127.3 OR AY.128 OR AY.129 OR AY.130 OR AY.131 OR AY.132 OR AY.133 OR AY.134 OR B.1.617.2,Delta,213.071428571429,1.07142857142857,0.0050284948038887
2021-04-30,162,2,179.571428571429,2.28571428571429,0.0127287191726333,0.00231591369069444,0.0351625863519168,AY.1 OR AY.2 OR AY.3 OR AY.3.1 OR AY.3.2 OR AY.3.3 OR AY.3.4 OR AY.4 OR AY.4.1 OR AY.4.2 OR AY.4.2.1 OR AY.4.2.2 OR AY.4.2.3 OR AY.4.2.4 OR AY.4.2.5 OR AY.4.3 OR AY.4.4 OR AY.4.5 OR AY.4.6 OR AY.4.7 OR AY.4.8 OR AY.4.9 OR AY.4.10 OR AY.4.11 OR AY.4.12 OR AY.4.13 OR AY.4.14 OR AY.4.15 OR AY.4.16 OR AY.4.17 OR AY.5 OR AY.5.1 OR AY.5.2 OR AY.5.3 OR AY.5.4 OR AY.5.5 OR AY.5.6 OR AY.5.7 OR AY.6 OR AY.7 OR AY.7.1 OR AY.7.2 OR AY.8 OR AY.9 OR AY.9.1 OR AY.9.2 OR AY.9.2.1 OR AY.9.2.2 OR AY.10 OR AY.11 OR AY.12 OR AY.13 OR AY.14 OR AY.15 OR AY.16 OR AY.16.1 OR AY.17 OR AY.18 OR AY.19 OR AY.20 OR AY.20.1 OR AY.21 OR AY.22 OR AY.23 OR AY.23.1 OR AY.23.2 OR AY.24 OR AY.24.1 OR AY.25 OR AY.25.1 OR AY.25.1.1 OR AY.25.1.2 OR AY.25.2 OR AY.25.3 OR AY.26 OR AY.26.1 OR AY.27 OR AY.28 OR AY.29 OR AY.29.1 OR AY.29.2 OR AY.30 OR AY.31 OR AY.32 OR AY.33 OR AY.33.1 OR AY.33.2 OR AY.34 OR AY.34.1 OR AY.34.1.1 OR AY.34.2 OR AY.35 OR AY.36 OR AY.36.1 OR AY.37 OR AY.38 OR AY.39 OR AY.39.1 OR AY.39.1.1 OR AY.39.1.2 OR AY.39.1.3 OR AY.39.1.4 OR AY.39.2 OR AY.39.3 OR AY.39.4 OR AY.40 OR AY.41 OR AY.42 OR AY.42.1 OR AY.43 OR AY.43.1 OR AY.43.2 OR AY.43.3 OR AY.43.4 OR AY.43.5 OR AY.43.6 OR AY.43.7 OR AY.43.8 OR AY.43.9 OR AY.44 OR AY.45 OR AY.46 OR AY.46.1 OR AY.46.2 OR AY.46.3 OR AY.46.4 OR AY.46.5 OR AY.46.6 OR AY.46.6.1 OR AY.47 OR AY.48 OR AY.49 OR AY.50 OR AY.51 OR AY.52 OR AY.53 OR AY.54 OR AY.55 OR AY.56 OR AY.57 OR AY.58 OR AY.59 OR AY.60 OR AY.61 OR AY.62 OR AY.63 OR AY.64 OR AY.65 OR AY.66 OR AY.67 OR AY.68 OR AY.69 OR AY.70 OR AY.71 OR AY.72 OR AY.73 OR AY.74 OR AY.75 OR AY.75.1 OR AY.75.2 OR AY.75.3 OR AY.76 OR AY.77 OR AY.78 OR AY.79 OR AY.80 OR AY.81 OR AY.82 OR AY.83 OR AY.84 OR AY.85 OR AY.86 OR AY.87 OR AY.88 OR AY.89 OR AY.90 OR AY.91 OR AY.91.1 OR AY.92 OR AY.93 OR AY.94 OR AY.95 OR AY.96 OR AY.97 OR AY.98 OR AY.98.1 OR AY.98.1.1 OR AY.99 OR AY.99.1 OR AY.99.2 OR AY.100 OR AY.101 OR AY.102 OR AY.102.1 OR AY.102.2 OR AY.103 OR AY.103.1 OR AY.103.2 OR AY.104 OR AY.105 OR AY.106 OR AY.107 OR AY.108 OR AY.109 OR AY.110 OR AY.111 OR AY.112 OR AY.112.1 OR AY.112.2 OR AY.112.3 OR AY.113 OR AY.114 OR AY.115 OR AY.116 OR AY.116.1 OR AY.117 OR AY.118 OR AY.119 OR AY.119.1 OR AY.119.2 OR AY.120 OR AY.120.1 OR AY.120.2 OR AY.120.2.1 OR AY.121 OR AY.121.1 OR AY.122 OR AY.122.1 OR AY.122.2 OR AY.122.3 OR AY.122.4 OR AY.122.5 OR AY.122.6 OR AY.123 OR AY.123.1 OR AY.124 OR AY.124.1 OR AY.124.1.1 OR AY.125 OR AY.125.1 OR AY.126 OR AY.127 OR AY.127.1 OR AY.127.2 OR AY.127.3 OR AY.128 OR AY.129 OR AY.130 OR AY.131 OR AY.132 OR AY.133 OR AY.134 OR B.1.617.2,Delta,211.142857142857,1.21428571428571,0.0057510148849797
2021-05-01,124,0,180,2.28571428571429,0.0126984126984127,0.00231591369069444,0.0351625863519168,AY.1 OR AY.2 OR AY.3 OR AY.3.1 OR AY.3.2 OR AY.3.3 OR AY.3.4 OR AY.4 OR AY.4.1 OR AY.4.2 OR AY.4.2.1 OR AY.4.2.2 OR AY.4.2.3 OR AY.4.2.4 OR AY.4.2.5 OR AY.4.3 OR AY.4.4 OR AY.4.5 OR AY.4.6 OR AY.4.7 OR AY.4.8 OR AY.4.9 OR AY.4.10 OR AY.4.11 OR AY.4.12 OR AY.4.13 OR AY.4.14 OR AY.4.15 OR AY.4.16 OR AY.4.17 OR AY.5 OR AY.5.1 OR AY.5.2 OR AY.5.3 OR AY.5.4 OR AY.5.5 OR AY.5.6 OR AY.5.7 OR AY.6 OR AY.7 OR AY.7.1 OR AY.7.2 OR AY.8 OR AY.9 OR AY.9.1 OR AY.9.2 OR AY.9.2.1 OR AY.9.2.2 OR AY.10 OR AY.11 OR AY.12 OR AY.13 OR AY.14 OR AY.15 OR AY.16 OR AY.16.1 OR AY.17 OR AY.18 OR AY.19 OR AY.20 OR AY.20.1 OR AY.21 OR AY.22 OR AY.23 OR AY.23.1 OR AY.23.2 OR AY.24 OR AY.24.1 OR AY.25 OR AY.25.1 OR AY.25.1.1 OR AY.25.1.2 OR AY.25.2 OR AY.25.3 OR AY.26 OR AY.26.1 OR AY.27 OR AY.28 OR AY.29 OR AY.29.1 OR AY.29.2 OR AY.30 OR AY.31 OR AY.32 OR AY.33 OR AY.33.1 OR AY.33.2 OR AY.34 OR AY.34.1 OR AY.34.1.1 OR AY.34.2 OR AY.35 OR AY.36 OR AY.36.1 OR AY.37 OR AY.38 OR AY.39 OR AY.39.1 OR AY.39.1.1 OR AY.39.1.2 OR AY.39.1.3 OR AY.39.1.4 OR AY.39.2 OR AY.39.3 OR AY.39.4 OR AY.40 OR AY.41 OR AY.42 OR AY.42.1 OR AY.43 OR AY.43.1 OR AY.43.2 OR AY.43.3 OR AY.43.4 OR AY.43.5 OR AY.43.6 OR AY.43.7 OR AY.43.8 OR AY.43.9 OR AY.44 OR AY.45 OR AY.46 OR AY.46.1 OR AY.46.2 OR AY.46.3 OR AY.46.4 OR AY.46.5 OR AY.46.6 OR AY.46.6.1 OR AY.47 OR AY.48 OR AY.49 OR AY.50 OR AY.51 OR AY.52 OR AY.53 OR AY.54 OR AY.55 OR AY.56 OR AY.57 OR AY.58 OR AY.59 OR AY.60 OR AY.61 OR AY.62 OR AY.63 OR AY.64 OR AY.65 OR AY.66 OR AY.67 OR AY.68 OR AY.69 OR AY.70 OR AY.71 OR AY.72 OR AY.73 OR AY.74 OR AY.75 OR AY.75.1 OR AY.75.2 OR AY.75.3 OR AY.76 OR AY.77 OR AY.78 OR AY.79 OR AY.80 OR AY.81 OR AY.82 OR AY.83 OR AY.84 OR AY.85 OR AY.86 OR AY.87 OR AY.88 OR AY.89 OR AY.90 OR AY.91 OR AY.91.1 OR AY.92 OR AY.93 OR AY.94 OR AY.95 OR AY.96 OR AY.97 OR AY.98 OR AY.98.1 OR AY.98.1.1 OR AY.99 OR AY.99.1 OR AY.99.2 OR AY.100 OR AY.101 OR AY.102 OR AY.102.1 OR AY.102.2 OR AY.103 OR AY.103.1 OR AY.103.2 OR AY.104 OR AY.105 OR AY.106 OR AY.107 OR AY.108 OR AY.109 OR AY.110 OR AY.111 OR AY.112 OR AY.112.1 OR AY.112.2 OR AY.112.3 OR AY.113 OR AY.114 OR AY.115 OR AY.116 OR AY.116.1 OR AY.117 OR AY.118 OR AY.119 OR AY.119.1 OR AY.119.2 OR AY.120 OR AY.120.1 OR AY.120.2 OR AY.120.2.1 OR AY.121 OR AY.121.1 OR AY.122 OR AY.122.1 OR AY.122.2 OR AY.122.3 OR AY.122.4 OR AY.122.5 OR AY.122.6 OR AY.123 OR AY.123.1 OR AY.124 OR AY.124.1 OR AY.124.1.1 OR AY.125 OR AY.125.1 OR AY.126 OR AY.127 OR AY.127.1 OR AY.127.2 OR AY.127.3 OR AY.128 OR AY.129 OR AY.130 OR AY.131 OR AY.132 OR AY.133 OR AY.134 OR B.1.617.2,Delta,200.214285714286,1.21428571428571,0.00606493043168034
2021-05-02,67,0,184.285714285714,2.28571428571429,0.0124031007751938,0.0022654182468133,0.0344083862325023,AY.1 OR AY.2 OR AY.3 OR AY.3.1 OR AY.3.2 OR AY.3.3 OR AY.3.4 OR AY.4 OR AY.4.1 OR AY.4.2 OR AY.4.2.1 OR AY.4.2.2 OR AY.4.2.3 OR AY.4.2.4 OR AY.4.2.5 OR AY.4.3 OR AY.4.4 OR AY.4.5 OR AY.4.6 OR AY.4.7 OR AY.4.8 OR AY.4.9 OR AY.4.10 OR AY.4.11 OR AY.4.12 OR AY.4.13 OR AY.4.14 OR AY.4.15 OR AY.4.16 OR AY.4.17 OR AY.5 OR AY.5.1 OR AY.5.2 OR AY.5.3 OR AY.5.4 OR AY.5.5 OR AY.5.6 OR AY.5.7 OR AY.6 OR AY.7 OR AY.7.1 OR AY.7.2 OR AY.8 OR AY.9 OR AY.9.1 OR AY.9.2 OR AY.9.2.1 OR AY.9.2.2 OR AY.10 OR AY.11 OR AY.12 OR AY.13 OR AY.14 OR AY.15 OR AY.16 OR AY.16.1 OR AY.17 OR AY.18 OR AY.19 OR AY.20 OR AY.20.1 OR AY.21 OR AY.22 OR AY.23 OR AY.23.1 OR AY.23.2 OR AY.24 OR AY.24.1 OR AY.25 OR AY.25.1 OR AY.25.1.1 OR AY.25.1.2 OR AY.25.2 OR AY.25.3 OR AY.26 OR AY.26.1 OR AY.27 OR AY.28 OR AY.29 OR AY.29.1 OR AY.29.2 OR AY.30 OR AY.31 OR AY.32 OR AY.33 OR AY.33.1 OR AY.33.2 OR AY.34 OR AY.34.1 OR AY.34.1.1 OR AY.34.2 OR AY.35 OR AY.36 OR AY.36.1 OR AY.37 OR AY.38 OR AY.39 OR AY.39.1 OR AY.39.1.1 OR AY.39.1.2 OR AY.39.1.3 OR AY.39.1.4 OR AY.39.2 OR AY.39.3 OR AY.39.4 OR AY.40 OR AY.41 OR AY.42 OR AY.42.1 OR AY.43 OR AY.43.1 OR AY.43.2 OR AY.43.3 OR AY.43.4 OR AY.43.5 OR AY.43.6 OR AY.43.7 OR AY.43.8 OR AY.43.9 OR AY.44 OR AY.45 OR AY.46 OR AY.46.1 OR AY.46.2 OR AY.46.3 OR AY.46.4 OR AY.46.5 OR AY.46.6 OR AY.46.6.1 OR AY.47 OR AY.48 OR AY.49 OR AY.50 OR AY.51 OR AY.52 OR AY.53 OR AY.54 OR AY.55 OR AY.56 OR AY.57 OR AY.58 OR AY.59 OR AY.60 OR AY.61 OR AY.62 OR AY.63 OR AY.64 OR AY.65 OR AY.66 OR AY.67 OR AY.68 OR AY.69 OR AY.70 OR AY.71 OR AY.72 OR AY.73 OR AY.74 OR AY.75 OR AY.75.1 OR AY.75.2 OR AY.75.3 OR AY.76 OR AY.77 OR AY.78 OR AY.79 OR AY.80 OR AY.81 OR AY.82 OR AY.83 OR AY.84 OR AY.85 OR AY.86 OR AY.87 OR AY.88 OR AY.89 OR AY.90 OR AY.91 OR AY.91.1 OR AY.92 OR AY.93 OR AY.94 OR AY.95 OR AY.96 OR AY.97 OR AY.98 OR AY.98.1 OR AY.98.1.1 OR AY.99 OR AY.99.1 OR AY.99.2 OR AY.100 OR AY.101 OR AY.102 OR AY.102.1 OR AY.102.2 OR AY.103 OR AY.103.1 OR AY.103.2 OR AY.104 OR AY.105 OR AY.106 OR AY.107 OR AY.108 OR AY.109 OR AY.110 OR AY.111 OR AY.112 OR AY.112.1 OR AY.112.2 OR AY.112.3 OR AY.113 OR AY.114 OR AY.115 OR AY.116 OR AY.116.1 OR AY.117 OR AY.118 OR AY.119 OR AY.119.1 OR AY.119.2 OR AY.120 OR AY.120.1 OR AY.120.2 OR AY.120.2.1 OR AY.121 OR AY.121.1 OR AY.122 OR AY.122.1 OR AY.122.2 OR AY.122.3 OR AY.122.4 OR AY.122.5 OR AY.122.6 OR AY.123 OR AY.123.1 OR AY.124 OR AY.124.1 OR AY.124.1.1 OR AY.125 OR AY.125.1 OR AY.126 OR AY.127 OR AY.127.1 OR AY.127.2 OR AY.127.3 OR AY.128 OR AY.129 OR AY.130 OR AY.131 OR AY.132 OR AY.133 OR AY.134 OR B.1.617.2,Delta,191.5,1.21428571428571,0.00634091756807162
2021-05-03,52,0,164.714285714286,1.57142857142857,0.00954032957502168,0.00252714886922805,0.0383116395601737,AY.1 OR AY.2 OR AY.3 OR AY.3.1 OR AY.3.2 OR AY.3.3 OR AY.3.4 OR AY.4 OR AY.4.1 OR AY.4.2 OR AY.4.2.1 OR AY.4.2.2 OR AY.4.2.3 OR AY.4.2.4 OR AY.4.2.5 OR AY.4.3 OR AY.4.4 OR AY.4.5 OR AY.4.6 OR AY.4.7 OR AY.4.8 OR AY.4.9 OR AY.4.10 OR AY.4.11 OR AY.4.12 OR AY.4.13 OR AY.4.14 OR AY.4.15 OR AY.4.16 OR AY.4.17 OR AY.5 OR AY.5.1 OR AY.5.2 OR AY.5.3 OR AY.5.4 OR AY.5.5 OR AY.5.6 OR AY.5.7 OR AY.6 OR AY.7 OR AY.7.1 OR AY.7.2 OR AY.8 OR AY.9 OR AY.9.1 OR AY.9.2 OR AY.9.2.1 OR AY.9.2.2 OR AY.10 OR AY.11 OR AY.12 OR AY.13 OR AY.14 OR AY.15 OR AY.16 OR AY.16.1 OR AY.17 OR AY.18 OR AY.19 OR AY.20 OR AY.20.1 OR AY.21 OR AY.22 OR AY.23 OR AY.23.1 OR AY.23.2 OR AY.24 OR AY.24.1 OR AY.25 OR AY.25.1 OR AY.25.1.1 OR AY.25.1.2 OR AY.25.2 OR AY.25.3 OR AY.26 OR AY.26.1 OR AY.27 OR AY.28 OR AY.29 OR AY.29.1 OR AY.29.2 OR AY.30 OR AY.31 OR AY.32 OR AY.33 OR AY.33.1 OR AY.33.2 OR AY.34 OR AY.34.1 OR AY.34.1.1 OR AY.34.2 OR AY.35 OR AY.36 OR AY.36.1 OR AY.37 OR AY.38 OR AY.39 OR AY.39.1 OR AY.39.1.1 OR AY.39.1.2 OR AY.39.1.3 OR AY.39.1.4 OR AY.39.2 OR AY.39.3 OR AY.39.4 OR AY.40 OR AY.41 OR AY.42 OR AY.42.1 OR AY.43 OR AY.43.1 OR AY.43.2 OR AY.43.3 OR AY.43.4 OR AY.43.5 OR AY.43.6 OR AY.43.7 OR AY.43.8 OR AY.43.9 OR AY.44 OR AY.45 OR AY.46 OR AY.46.1 OR AY.46.2 OR AY.46.3 OR AY.46.4 OR AY.46.5 OR AY.46.6 OR AY.46.6.1 OR AY.47 OR AY.48 OR AY.49 OR AY.50 OR AY.51 OR AY.52 OR AY.53 OR AY.54 OR AY.55 OR AY.56 OR AY.57 OR AY.58 OR AY.59 OR AY.60 OR AY.61 OR AY.62 OR AY.63 OR AY.64 OR AY.65 OR AY.66 OR AY.67 OR AY.68 OR AY.69 OR AY.70 OR AY.71 OR AY.72 OR AY.73 OR AY.74 OR AY.75 OR AY.75.1 OR AY.75.2 OR AY.75.3 OR AY.76 OR AY.77 OR AY.78 OR AY.79 OR AY.80 OR AY.81 OR AY.82 OR AY.83 OR AY.84 OR AY.85 OR AY.86 OR AY.87 OR AY.88 OR AY.89 OR AY.90 OR AY.91 OR AY.91.1 OR AY.92 OR AY.93 OR AY.94 OR AY.95 OR AY.96 OR AY.97 OR AY.98 OR AY.98.1 OR AY.98.1.1 OR AY.99 OR AY.99.1 OR AY.99.2 OR AY.100 OR AY.101 OR AY.102 OR AY.102.1 OR AY.102.2 OR AY.103 OR AY.103.1 OR AY.103.2 OR AY.104 OR AY.105 OR AY.106 OR AY.107 OR AY.108 OR AY.109 OR AY.110 OR AY.111 OR AY.112 OR AY.112.1 OR AY.112.2 OR AY.112.3 OR AY.113 OR AY.114 OR AY.115 OR AY.116 OR AY.116.1 OR AY.117 OR AY.118 OR AY.119 OR AY.119.1 OR AY.119.2 OR AY.120 OR AY.120.1 OR AY.120.2 OR AY.120.2.1 OR AY.121 OR AY.121.1 OR AY.122 OR AY.122.1 OR AY.122.2 OR AY.122.3 OR AY.122.4 OR AY.122.5 OR AY.122.6 OR AY.123 OR AY.123.1 OR AY.124 OR AY.124.1 OR AY.124.1.1 OR AY.125 OR AY.125.1 OR AY.126 OR AY.127 OR AY.127.1 OR AY.127.2 OR AY.127.3 OR AY.128 OR AY.129 OR AY.130 OR AY.131 OR AY.132 OR AY.133 OR AY.134 OR B.1.617.2,Delta,179.928571428571,1.21428571428571,0.00674870980547836
2021-05-04,206,7,154,2.57142857142857,0.0166975881261596,0.00551634744734749,0.0510677435771383,AY.1 OR AY.2 OR AY.3 OR AY.3.1 OR AY.3.2 OR AY.3.3 OR AY.3.4 OR AY.4 OR AY.4.1 OR AY.4.2 OR AY.4.2.1 OR AY.4.2.2 OR AY.4.2.3 OR AY.4.2.4 OR AY.4.2.5 OR AY.4.3 OR AY.4.4 OR AY.4.5 OR AY.4.6 OR AY.4.7 OR AY.4.8 OR AY.4.9 OR AY.4.10 OR AY.4.11 OR AY.4.12 OR AY.4.13 OR AY.4.14 OR AY.4.15 OR AY.4.16 OR AY.4.17 OR AY.5 OR AY.5.1 OR AY.5.2 OR AY.5.3 OR AY.5.4 OR AY.5.5 OR AY.5.6 OR AY.5.7 OR AY.6 OR AY.7 OR AY.7.1 OR AY.7.2 OR AY.8 OR AY.9 OR AY.9.1 OR AY.9.2 OR AY.9.2.1 OR AY.9.2.2 OR AY.10 OR AY.11 OR AY.12 OR AY.13 OR AY.14 OR AY.15 OR AY.16 OR AY.16.1 OR AY.17 OR AY.18 OR AY.19 OR AY.20 OR AY.20.1 OR AY.21 OR AY.22 OR AY.23 OR AY.23.1 OR AY.23.2 OR AY.24 OR AY.24.1 OR AY.25 OR AY.25.1 OR AY.25.1.1 OR AY.25.1.2 OR AY.25.2 OR AY.25.3 OR AY.26 OR AY.26.1 OR AY.27 OR AY.28 OR AY.29 OR AY.29.1 OR AY.29.2 OR AY.30 OR AY.31 OR AY.32 OR AY.33 OR AY.33.1 OR AY.33.2 OR AY.34 OR AY.34.1 OR AY.34.1.1 OR AY.34.2 OR AY.35 OR AY.36 OR AY.36.1 OR AY.37 OR AY.38 OR AY.39 OR AY.39.1 OR AY.39.1.1 OR AY.39.1.2 OR AY.39.1.3 OR AY.39.1.4 OR AY.39.2 OR AY.39.3 OR AY.39.4 OR AY.40 OR AY.41 OR AY.42 OR AY.42.1 OR AY.43 OR AY.43.1 OR AY.43.2 OR AY.43.3 OR AY.43.4 OR AY.43.5 OR AY.43.6 OR AY.43.7 OR AY.43.8 OR AY.43.9 OR AY.44 OR AY.45 OR AY.46 OR AY.46.1 OR AY.46.2 OR AY.46.3 OR AY.46.4 OR AY.46.5 OR AY.46.6 OR AY.46.6.1 OR AY.47 OR AY.48 OR AY.49 OR AY.50 OR AY.51 OR AY.52 OR AY.53 OR AY.54 OR AY.55 OR AY.56 OR AY.57 OR AY.58 OR AY.59 OR AY.60 OR AY.61 OR AY.62 OR AY.63 OR AY.64 OR AY.65 OR AY.66 OR AY.67 OR AY.68 OR AY.69 OR AY.70 OR AY.71 OR AY.72 OR AY.73 OR AY.74 OR AY.75 OR AY.75.1 OR AY.75.2 OR AY.75.3 OR AY.76 OR AY.77 OR AY.78 OR AY.79 OR AY.80 OR AY.81 OR AY.82 OR AY.83 OR AY.84 OR AY.85 OR AY.86 OR AY.87 OR AY.88 OR AY.89 OR AY.90 OR AY.91 OR AY.91.1 OR AY.92 OR AY.93 OR AY.94 OR AY.95 OR AY.96 OR AY.97 OR AY.98 OR AY.98.1 OR AY.98.1.1 OR AY.99 OR AY.99.1 OR AY.99.2 OR AY.100 OR AY.101 OR AY.102 OR AY.102.1 OR AY.102.2 OR AY.103 OR AY.103.1 OR AY.103.2 OR AY.104 OR AY.105 OR AY.106 OR AY.107 OR AY.108 OR AY.109 OR AY.110 OR AY.111 OR AY.112 OR AY.112.1 OR AY.112.2 OR AY.112.3 OR AY.113 OR AY.114 OR AY.115 OR AY.116 OR AY.116.1 OR AY.117 OR AY.118 OR AY.119 OR AY.119.1 OR AY.119.2 OR AY.120 OR AY.120.1 OR AY.120.2 OR AY.120.2.1 OR AY.121 OR AY.121.1 OR AY.122 OR AY.122.1 OR AY.122.2 OR AY.122.3 OR AY.122.4 OR AY.122.5 OR AY.122.6 OR AY.123 OR AY.123.1 OR AY.124 OR AY.124.1 OR AY.124.1.1 OR AY.125 OR AY.125.1 OR AY.126 OR AY.127 OR AY.127.1 OR AY.127.2 OR AY.127.3 OR AY.128 OR AY.129 OR AY.130 OR AY.131 OR AY.132 OR AY.133 OR AY.134 OR B.1.617.2,Delta,175.928571428571,1.71428571428571,0.0097442143727162
2021-05-05,323,5,160.571428571429,2.14285714285714,0.0133451957295374,0.00259014845108714,0.0392489667850625,AY.1 OR AY.2 OR AY.3 OR AY.3.1 OR AY.3.2 OR AY.3.3 OR AY.3.4 OR AY.4 OR AY.4.1 OR AY.4.2 OR AY.4.2.1 OR AY.4.2.2 OR AY.4.2.3 OR AY.4.2.4 OR AY.4.2.5 OR AY.4.3 OR AY.4.4 OR AY.4.5 OR AY.4.6 OR AY.4.7 OR AY.4.8 OR AY.4.9 OR AY.4.10 OR AY.4.11 OR AY.4.12 OR AY.4.13 OR AY.4.14 OR AY.4.15 OR AY.4.16 OR AY.4.17 OR AY.5 OR AY.5.1 OR AY.5.2 OR AY.5.3 OR AY.5.4 OR AY.5.5 OR AY.5.6 OR AY.5.7 OR AY.6 OR AY.7 OR AY.7.1 OR AY.7.2 OR AY.8 OR AY.9 OR AY.9.1 OR AY.9.2 OR AY.9.2.1 OR AY.9.2.2 OR AY.10 OR AY.11 OR AY.12 OR AY.13 OR AY.14 OR AY.15 OR AY.16 OR AY.16.1 OR AY.17 OR AY.18 OR AY.19 OR AY.20 OR AY.20.1 OR AY.21 OR AY.22 OR AY.23 OR AY.23.1 OR AY.23.2 OR AY.24 OR AY.24.1 OR AY.25 OR AY.25.1 OR AY.25.1.1 OR AY.25.1.2 OR AY.25.2 OR AY.25.3 OR AY.26 OR AY.26.1 OR AY.27 OR AY.28 OR AY.29 OR AY.29.1 OR AY.29.2 OR AY.30 OR AY.31 OR AY.32 OR AY.33 OR AY.33.1 OR AY.33.2 OR AY.34 OR AY.34.1 OR AY.34.1.1 OR AY.34.2 OR AY.35 OR AY.36 OR AY.36.1 OR AY.37 OR AY.38 OR AY.39 OR AY.39.1 OR AY.39.1.1 OR AY.39.1.2 OR AY.39.1.3 OR AY.39.1.4 OR AY.39.2 OR AY.39.3 OR AY.39.4 OR AY.40 OR AY.41 OR AY.42 OR AY.42.1 OR AY.43 OR AY.43.1 OR AY.43.2 OR AY.43.3 OR AY.43.4 OR AY.43.5 OR AY.43.6 OR AY.43.7 OR AY.43.8 OR AY.43.9 OR AY.44 OR AY.45 OR AY.46 OR AY.46.1 OR AY.46.2 OR AY.46.3 OR AY.46.4 OR AY.46.5 OR AY.46.6 OR AY.46.6.1 OR AY.47 OR AY.48 OR AY.49 OR AY.50 OR AY.51 OR AY.52 OR AY.53 OR AY.54 OR AY.55 OR AY.56 OR AY.57 OR AY.58 OR AY.59 OR AY.60 OR AY.61 OR AY.62 OR AY.63 OR AY.64 OR AY.65 OR AY.66 OR AY.67 OR AY.68 OR AY.69 OR AY.70 OR AY.71 OR AY.72 OR AY.73 OR AY.74 OR AY.75 OR AY.75.1 OR AY.75.2 OR AY.75.3 OR AY.76 OR AY.77 OR AY.78 OR AY.79 OR AY.80 OR AY.81 OR AY.82 OR AY.83 OR AY.84 OR AY.85 OR AY.86 OR AY.87 OR AY.88 OR AY.89 OR AY.90 OR AY.91 OR AY.91.1 OR AY.92 OR AY.93 OR AY.94 OR AY.95 OR AY.96 OR AY.97 OR AY.98 OR AY.98.1 OR AY.98.1.1 OR AY.99 OR AY.99.1 OR AY.99.2 OR AY.100 OR AY.101 OR AY.102 OR AY.102.1 OR AY.102.2 OR AY.103 OR AY.103.1 OR AY.103.2 OR AY.104 OR AY.105 OR AY.106 OR AY.107 OR AY.108 OR AY.109 OR AY.110 OR AY.111 OR AY.112 OR AY.112.1 OR AY.112.2 OR AY.112.3 OR AY.113 OR AY.114 OR AY.115 OR AY.116 OR AY.116.1 OR AY.117 OR AY.118 OR AY.119 OR AY.119.1 OR AY.119.2 OR AY.120 OR AY.120.1 OR AY.120.2 OR AY.120.2.1 OR AY.121 OR AY.121.1 OR AY.122 OR AY.122.1 OR AY.122.2 OR AY.122.3 OR AY.122.4 OR AY.122.5 OR AY.122.6 OR AY.123 OR AY.123.1 OR AY.124 OR AY.124.1 OR AY.124.1.1 OR AY.125 OR AY.125.1 OR AY.126 OR AY.127 OR AY.127.1 OR AY.127.2 OR AY.127.3 OR AY.128 OR AY.129 OR AY.130 OR AY.131 OR AY.132 OR AY.133 OR AY.134 OR B.1.617.2,Delta,177.5,2.07142857142857,0.0116700201207243
2021-05-06,307,10,177.285714285714,3.42857142857143,0.0193392425463336,0.00479614195028347,0.0445352795755277,AY.1 OR AY.2 OR AY.3 OR AY.3.1 OR AY.3.2 OR AY.3.3 OR AY.3.4 OR AY.4 OR AY.4.1 OR AY.4.2 OR AY.4.2.1 OR AY.4.2.2 OR AY.4.2.3 OR AY.4.2.4 OR AY.4.2.5 OR AY.4.3 OR AY.4.4 OR AY.4.5 OR AY.4.6 OR AY.4.7 OR AY.4.8 OR AY.4.9 OR AY.4.10 OR AY.4.11 OR AY.4.12 OR AY.4.13 OR AY.4.14 OR AY.4.15 OR AY.4.16 OR AY.4.17 OR AY.5 OR AY.5.1 OR AY.5.2 OR AY.5.3 OR AY.5.4 OR AY.5.5 OR AY.5.6 OR AY.5.7 OR AY.6 OR AY.7 OR AY.7.1 OR AY.7.2 OR AY.8 OR AY.9 OR AY.9.1 OR AY.9.2 OR AY.9.2.1 OR AY.9.2.2 OR AY.10 OR AY.11 OR AY.12 OR AY.13 OR AY.14 OR AY.15 OR AY.16 OR AY.16.1 OR AY.17 OR AY.18 OR AY.19 OR AY.20 OR AY.20.1 OR AY.21 OR AY.22 OR AY.23 OR AY.23.1 OR AY.23.2 OR AY.24 OR AY.24.1 OR AY.25 OR AY.25.1 OR AY.25.1.1 OR AY.25.1.2 OR AY.25.2 OR AY.25.3 OR AY.26 OR AY.26.1 OR AY.27 OR AY.28 OR AY.29 OR AY.29.1 OR AY.29.2 OR AY.30 OR AY.31 OR AY.32 OR AY.33 OR AY.33.1 OR AY.33.2 OR AY.34 OR AY.34.1 OR AY.34.1.1 OR AY.34.2 OR AY.35 OR AY.36 OR AY.36.1 OR AY.37 OR AY.38 OR AY.39 OR AY.39.1 OR AY.39.1.1 OR AY.39.1.2 OR AY.39.1.3 OR AY.39.1.4 OR AY.39.2 OR AY.39.3 OR AY.39.4 OR AY.40 OR AY.41 OR AY.42 OR AY.42.1 OR AY.43 OR AY.43.1 OR AY.43.2 OR AY.43.3 OR AY.43.4 OR AY.43.5 OR AY.43.6 OR AY.43.7 OR AY.43.8 OR AY.43.9 OR AY.44 OR AY.45 OR AY.46 OR AY.46.1 OR AY.46.2 OR AY.46.3 OR AY.46.4 OR AY.46.5 OR AY.46.6 OR AY.46.6.1 OR AY.47 OR AY.48 OR AY.49 OR AY.50 OR AY.51 OR AY.52 OR AY.53 OR AY.54 OR AY.55 OR AY.56 OR AY.57 OR AY.58 OR AY.59 OR AY.60 OR AY.61 OR AY.62 OR AY.63 OR AY.64 OR AY.65 OR AY.66 OR AY.67 OR AY.68 OR AY.69 OR AY.70 OR AY.71 OR AY.72 OR AY.73 OR AY.74 OR AY.75 OR AY.75.1 OR AY.75.2 OR AY.75.3 OR AY.76 OR AY.77 OR AY.78 OR AY.79 OR AY.80 OR AY.81 OR AY.82 OR AY.83 OR AY.84 OR AY.85 OR AY.86 OR AY.87 OR AY.88 OR AY.89 OR AY.90 OR AY.91 OR AY.91.1 OR AY.92 OR AY.93 OR AY.94 OR AY.95 OR AY.96 OR AY.97 OR AY.98 OR AY.98.1 OR AY.98.1.1 OR AY.99 OR AY.99.1 OR AY.99.2 OR AY.100 OR AY.101 OR AY.102 OR AY.102.1 OR AY.102.2 OR AY.103 OR AY.103.1 OR AY.103.2 OR AY.104 OR AY.105 OR AY.106 OR AY.107 OR AY.108 OR AY.109 OR AY.110 OR AY.111 OR AY.112 OR AY.112.1 OR AY.112.2 OR AY.112.3 OR AY.113 OR AY.114 OR AY.115 OR AY.116 OR AY.116.1 OR AY.117 OR AY.118 OR AY.119 OR AY.119.1 OR AY.119.2 OR AY.120 OR AY.120.1 OR AY.120.2 OR AY.120.2.1 OR AY.121 OR AY.121.1 OR AY.122 OR AY.122.1 OR AY.122.2 OR AY.122.3 OR AY.122.4 OR AY.122.5 OR AY.122.6 OR AY.123 OR AY.123.1 OR AY.124 OR AY.124.1 OR AY.124.1.1 OR AY.125 OR AY.125.1 OR AY.126 OR AY.127 OR AY.127.1 OR AY.127.2 OR AY.127.3 OR AY.128 OR AY.129 OR AY.130 OR AY.131 OR AY.132 OR AY.133 OR AY.134 OR B.1.617.2,Delta,182.857142857143,2.71428571428571,0.01484375
2021-05-07,289,4,195.428571428571,3.71428571428571,0.0190058479532164,0.00696261230803717,0.0480291965403011,AY.1 OR AY.2 OR AY.3 OR AY.3.1 OR AY.3.2 OR AY.3.3 OR AY.3.4 OR AY.4 OR AY.4.1 OR AY.4.2 OR AY.4.2.1 OR AY.4.2.2 OR AY.4.2.3 OR AY.4.2.4 OR AY.4.2.5 OR AY.4.3 OR AY.4.4 OR AY.4.5 OR AY.4.6 OR AY.4.7 OR AY.4.8 OR AY.4.9 OR AY.4.10 OR AY.4.11 OR AY.4.12 OR AY.4.13 OR AY.4.14 OR AY.4.15 OR AY.4.16 OR AY.4.17 OR AY.5 OR AY.5.1 OR AY.5.2 OR AY.5.3 OR AY.5.4 OR AY.5.5 OR AY.5.6 OR AY.5.7 OR AY.6 OR AY.7 OR AY.7.1 OR AY.7.2 OR AY.8 OR AY.9 OR AY.9.1 OR AY.9.2 OR AY.9.2.1 OR AY.9.2.2 OR AY.10 OR AY.11 OR AY.12 OR AY.13 OR AY.14 OR AY.15 OR AY.16 OR AY.16.1 OR AY.17 OR AY.18 OR AY.19 OR AY.20 OR AY.20.1 OR AY.21 OR AY.22 OR AY.23 OR AY.23.1 OR AY.23.2 OR AY.24 OR AY.24.1 OR AY.25 OR AY.25.1 OR AY.25.1.1 OR AY.25.1.2 OR AY.25.2 OR AY.25.3 OR AY.26 OR AY.26.1 OR AY.27 OR AY.28 OR AY.29 OR AY.29.1 OR AY.29.2 OR AY.30 OR AY.31 OR AY.32 OR AY.33 OR AY.33.1 OR AY.33.2 OR AY.34 OR AY.34.1 OR AY.34.1.1 OR AY.34.2 OR AY.35 OR AY.36 OR AY.36.1 OR AY.37 OR AY.38 OR AY.39 OR AY.39.1 OR AY.39.1.1 OR AY.39.1.2 OR AY.39.1.3 OR AY.39.1.4 OR AY.39.2 OR AY.39.3 OR AY.39.4 OR AY.40 OR AY.41 OR AY.42 OR AY.42.1 OR AY.43 OR AY.43.1 OR AY.43.2 OR AY.43.3 OR AY.43.4 OR AY.43.5 OR AY.43.6 OR AY.43.7 OR AY.43.8 OR AY.43.9 OR AY.44 OR AY.45 OR AY.46 OR AY.46.1 OR AY.46.2 OR AY.46.3 OR AY.46.4 OR AY.46.5 OR AY.46.6 OR AY.46.6.1 OR AY.47 OR AY.48 OR AY.49 OR AY.50 OR AY.51 OR AY.52 OR AY.53 OR AY.54 OR AY.55 OR AY.56 OR AY.57 OR AY.58 OR AY.59 OR AY.60 OR AY.61 OR AY.62 OR AY.63 OR AY.64 OR AY.65 OR AY.66 OR AY.67 OR AY.68 OR AY.69 OR AY.70 OR AY.71 OR AY.72 OR AY.73 OR AY.74 OR AY.75 OR AY.75.1 OR AY.75.2 OR AY.75.3 OR AY.76 OR AY.77 OR AY.78 OR AY.79 OR AY.80 OR AY.81 OR AY.82 OR AY.83 OR AY.84 OR AY.85 OR AY.86 OR AY.87 OR AY.88 OR AY.89 OR AY.90 OR AY.91 OR AY.91.1 OR AY.92 OR AY.93 OR AY.94 OR AY.95 OR AY.96 OR AY.97 OR AY.98 OR AY.98.1 OR AY.98.1.1 OR AY.99 OR AY.99.1 OR AY.99.2 OR AY.100 OR AY.101 OR AY.102 OR AY.102.1 OR AY.102.2 OR AY.103 OR AY.103.1 OR AY.103.2 OR AY.104 OR AY.105 OR AY.106 OR AY.107 OR AY.108 OR AY.109 OR AY.110 OR AY.111 OR AY.112 OR AY.112.1 OR AY.112.2 OR AY.112.3 OR AY.113 OR AY.114 OR AY.115 OR AY.116 OR AY.116.1 OR AY.117 OR AY.118 OR AY.119 OR AY.119.1 OR AY.119.2 OR AY.120 OR AY.120.1 OR AY.120.2 OR AY.120.2.1 OR AY.121 OR AY.121.1 OR AY.122 OR AY.122.1 OR AY.122.2 OR AY.122.3 OR AY.122.4 OR AY.122.5 OR AY.122.6 OR AY.123 OR AY.123.1 OR AY.124 OR AY.124.1 OR AY.124.1.1 OR AY.125 OR AY.125.1 OR AY.126 OR AY.127 OR AY.127.1 OR AY.127.2 OR AY.127.3 OR AY.128 OR AY.129 OR AY.130 OR AY.131 OR AY.132 OR AY.133 OR AY.134 OR B.1.617.2,Delta,187.5,3,0.016
2021-05-08,128,0,196,3.71428571428571,0.0189504373177843,0.00692689127827193,0.0477879184839929,AY.1 OR AY.2 OR AY.3 OR AY.3.1 OR AY.3.2 OR AY.3.3 OR AY.3.4 OR AY.4 OR AY.4.1 OR AY.4.2 OR AY.4.2.1 OR AY.4.2.2 OR AY.4.2.3 OR AY.4.2.4 OR AY.4.2.5 OR AY.4.3 OR AY.4.4 OR AY.4.5 OR AY.4.6 OR AY.4.7 OR AY.4.8 OR AY.4.9 OR AY.4.10 OR AY.4.11 OR AY.4.12 OR AY.4.13 OR AY.4.14 OR AY.4.15 OR AY.4.16 OR AY.4.17 OR AY.5 OR AY.5.1 OR AY.5.2 OR AY.5.3 OR AY.5.4 OR AY.5.5 OR AY.5.6 OR AY.5.7 OR AY.6 OR AY.7 OR AY.7.1 OR AY.7.2 OR AY.8 OR AY.9 OR AY.9.1 OR AY.9.2 OR AY.9.2.1 OR AY.9.2.2 OR AY.10 OR AY.11 OR AY.12 OR AY.13 OR AY.14 OR AY.15 OR AY.16 OR AY.16.1 OR AY.17 OR AY.18 OR AY.19 OR AY.20 OR AY.20.1 OR AY.21 OR AY.22 OR AY.23 OR AY.23.1 OR AY.23.2 OR AY.24 OR AY.24.1 OR AY.25 OR AY.25.1 OR AY.25.1.1 OR AY.25.1.2 OR AY.25.2 OR AY.25.3 OR AY.26 OR AY.26.1 OR AY.27 OR AY.28 OR AY.29 OR AY.29.1 OR AY.29.2 OR AY.30 OR AY.31 OR AY.32 OR AY.33 OR AY.33.1 OR AY.33.2 OR AY.34 OR AY.34.1 OR AY.34.1.1 OR AY.34.2 OR AY.35 OR AY.36 OR AY.36.1 OR AY.37 OR AY.38 OR AY.39 OR AY.39.1 OR AY.39.1.1 OR AY.39.1.2 OR AY.39.1.3 OR AY.39.1.4 OR AY.39.2 OR AY.39.3 OR AY.39.4 OR AY.40 OR AY.41 OR AY.42 OR AY.42.1 OR AY.43 OR AY.43.1 OR AY.43.2 OR AY.43.3 OR AY.43.4 OR AY.43.5 OR AY.43.6 OR AY.43.7 OR AY.43.8 OR AY.43.9 OR AY.44 OR AY.45 OR AY.46 OR AY.46.1 OR AY.46.2 OR AY.46.3 OR AY.46.4 OR AY.46.5 OR AY.46.6 OR AY.46.6.1 OR AY.47 OR AY.48 OR AY.49 OR AY.50 OR AY.51 OR AY.52 OR AY.53 OR AY.54 OR AY.55 OR AY.56 OR AY.57 OR AY.58 OR AY.59 OR AY.60 OR AY.61 OR AY.62 OR AY.63 OR AY.64 OR AY.65 OR AY.66 OR AY.67 OR AY.68 OR AY.69 OR AY.70 OR AY.71 OR AY.72 OR AY.73 OR AY.74 OR AY.75 OR AY.75.1 OR AY.75.2 OR AY.75.3 OR AY.76 OR AY.77 OR AY.78 OR AY.79 OR AY.80 OR AY.81 OR AY.82 OR AY.83 OR AY.84 OR AY.85 OR AY.86 OR AY.87 OR AY.88 OR AY.89 OR AY.90 OR AY.91 OR AY.91.1 OR AY.92 OR AY.93 OR AY.94 OR AY.95 OR AY.96 OR AY.97 OR AY.98 OR AY.98.1 OR AY.98.1.1 OR AY.99 OR AY.99.1 OR AY.99.2 OR AY.100 OR AY.101 OR AY.102 OR AY.102.1 OR AY.102.2 OR AY.103 OR AY.103.1 OR AY.103.2 OR AY.104 OR AY.105 OR AY.106 OR AY.107 OR AY.108 OR AY.109 OR AY.110 OR AY.111 OR AY.112 OR AY.112.1 OR AY.112.2 OR AY.112.3 OR AY.113 OR AY.114 OR AY.115 OR AY.116 OR AY.116.1 OR AY.117 OR AY.118 OR AY.119 OR AY.119.1 OR AY.119.2 OR AY.120 OR AY.120.1 OR AY.120.2 OR AY.120.2.1 OR AY.121 OR AY.121.1 OR AY.122 OR AY.122.1 OR AY.122.2 OR AY.122.3 OR AY.122.4 OR AY.122.5 OR AY.122.6 OR AY.123 OR AY.123.1 OR AY.124 OR AY.124.1 OR AY.124.1.1 OR AY.125 OR AY.125.1 OR AY.126 OR AY.127 OR AY.127.1 OR AY.127.2 OR AY.127.3 OR AY.128 OR AY.129 OR AY.130 OR AY.131 OR AY.132 OR AY.133 OR AY.134 OR B.1.617.2,Delta,188,3,0.0159574468085106
2021-05-09,48,0,193.285714285714,3.71428571428571,0.0192165558019217,0.00703517116232266,0.0485191352884891,AY.1 OR AY.2 OR AY.3 OR AY.3.1 OR AY.3.2 OR AY.3.3 OR AY.3.4 OR AY.4 OR AY.4.1 OR AY.4.2 OR AY.4.2.1 OR AY.4.2.2 OR AY.4.2.3 OR AY.4.2.4 OR AY.4.2.5 OR AY.4.3 OR AY.4.4 OR AY.4.5 OR AY.4.6 OR AY.4.7 OR AY.4.8 OR AY.4.9 OR AY.4.10 OR AY.4.11 OR AY.4.12 OR AY.4.13 OR AY.4.14 OR AY.4.15 OR AY.4.16 OR AY.4.17 OR AY.5 OR AY.5.1 OR AY.5.2 OR AY.5.3 OR AY.5.4 OR AY.5.5 OR AY.5.6 OR AY.5.7 OR AY.6 OR AY.7 OR AY.7.1 OR AY.7.2 OR AY.8 OR AY.9 OR AY.9.1 OR AY.9.2 OR AY.9.2.1 OR AY.9.2.2 OR AY.10 OR AY.11 OR AY.12 OR AY.13 OR AY.14 OR AY.15 OR AY.16 OR AY.16.1 OR AY.17 OR AY.18 OR AY.19 OR AY.20 OR AY.20.1 OR AY.21 OR AY.22 OR AY.23 OR AY.23.1 OR AY.23.2 OR AY.24 OR AY.24.1 OR AY.25 OR AY.25.1 OR AY.25.1.1 OR AY.25.1.2 OR AY.25.2 OR AY.25.3 OR AY.26 OR AY.26.1 OR AY.27 OR AY.28 OR AY.29 OR AY.29.1 OR AY.29.2 OR AY.30 OR AY.31 OR AY.32 OR AY.33 OR AY.33.1 OR AY.33.2 OR AY.34 OR AY.34.1 OR AY.34.1.1 OR AY.34.2 OR AY.35 OR AY.36 OR AY.36.1 OR AY.37 OR AY.38 OR AY.39 OR AY.39.1 OR AY.39.1.1 OR AY.39.1.2 OR AY.39.1.3 OR AY.39.1.4 OR AY.39.2 OR AY.39.3 OR AY.39.4 OR AY.40 OR AY.41 OR AY.42 OR AY.42.1 OR AY.43 OR AY.43.1 OR AY.43.2 OR AY.43.3 OR AY.43.4 OR AY.43.5 OR AY.43.6 OR AY.43.7 OR AY.43.8 OR AY.43.9 OR AY.44 OR AY.45 OR AY.46 OR AY.46.1 OR AY.46.2 OR AY.46.3 OR AY.46.4 OR AY.46.5 OR AY.46.6 OR AY.46.6.1 OR AY.47 OR AY.48 OR AY.49 OR AY.50 OR AY.51 OR AY.52 OR AY.53 OR AY.54 OR AY.55 OR AY.56 OR AY.57 OR AY.58 OR AY.59 OR AY.60 OR AY.61 OR AY.62 OR AY.63 OR AY.64 OR AY.65 OR AY.66 OR AY.67 OR AY.68 OR AY.69 OR AY.70 OR AY.71 OR AY.72 OR AY.73 OR AY.74 OR AY.75 OR AY.75.1 OR AY.75.2 OR AY.75.3 OR AY.76 OR AY.77 OR AY.78 OR AY.79 OR AY.80 OR AY.81 OR AY.82 OR AY.83 OR AY.84 OR AY.85 OR AY.86 OR AY.87 OR AY.88 OR AY.89 OR AY.90 OR AY.91 OR AY.91.1 OR AY.92 OR AY.93 OR AY.94 OR AY.95 OR AY.96 OR AY.97 OR AY.98 OR AY.98.1 OR AY.98.1.1 OR AY.99 OR AY.99.1 OR AY.99.2 OR AY.100 OR AY.101 OR AY.102 OR AY.102.1 OR AY.102.2 OR AY.103 OR AY.103.1 OR AY.103.2 OR AY.104 OR AY.105 OR AY.106 OR AY.107 OR AY.108 OR AY.109 OR AY.110 OR AY.111 OR AY.112 OR AY.112.1 OR AY.112.2 OR AY.112.3 OR AY.113 OR AY.114 OR AY.115 OR AY.116 OR AY.116.1 OR AY.117 OR AY.118 OR AY.119 OR AY.119.1 OR AY.119.2 OR AY.120 OR AY.120.1 OR AY.120.2 OR AY.120.2.1 OR AY.121 OR AY.121.1 OR AY.122 OR AY.122.1 OR AY.122.2 OR AY.122.3 OR AY.122.4 OR AY.122.5 OR AY.122.6 OR AY.123 OR AY.123.1 OR AY.124 OR AY.124.1 OR AY.124.1.1 OR AY.125 OR AY.125.1 OR AY.126 OR AY.127 OR AY.127.1 OR AY.127.2 OR AY.127.3 OR AY.128 OR AY.129 OR AY.130 OR AY.131 OR AY.132 OR AY.133 OR AY.134 OR B.1.617.2,Delta,188.785714285714,3,0.0158910329171396
2021-05-10,205,1,215.142857142857,3.85714285714286,0.0179282868525896,0.0063116475724623,0.0436240422147803,AY.1 OR AY.2 OR AY.3 OR AY.3.1 OR AY.3.2 OR AY.3.3 OR AY.3.4 OR AY.4 OR AY.4.1 OR AY.4.2 OR AY.4.2.1 OR AY.4.2.2 OR AY.4.2.3 OR AY.4.2.4 OR AY.4.2.5 OR AY.4.3 OR AY.4.4 OR AY.4.5 OR AY.4.6 OR AY.4.7 OR AY.4.8 OR AY.4.9 OR AY.4.10 OR AY.4.11 OR AY.4.12 OR AY.4.13 OR AY.4.14 OR AY.4.15 OR AY.4.16 OR AY.4.17 OR AY.5 OR AY.5.1 OR AY.5.2 OR AY.5.3 OR AY.5.4 OR AY.5.5 OR AY.5.6 OR AY.5.7 OR AY.6 OR AY.7 OR AY.7.1 OR AY.7.2 OR AY.8 OR AY.9 OR AY.9.1 OR AY.9.2 OR AY.9.2.1 OR AY.9.2.2 OR AY.10 OR AY.11 OR AY.12 OR AY.13 OR AY.14 OR AY.15 OR AY.16 OR AY.16.1 OR AY.17 OR AY.18 OR AY.19 OR AY.20 OR AY.20.1 OR AY.21 OR AY.22 OR AY.23 OR AY.23.1 OR AY.23.2 OR AY.24 OR AY.24.1 OR AY.25 OR AY.25.1 OR AY.25.1.1 OR AY.25.1.2 OR AY.25.2 OR AY.25.3 OR AY.26 OR AY.26.1 OR AY.27 OR AY.28 OR AY.29 OR AY.29.1 OR AY.29.2 OR AY.30 OR AY.31 OR AY.32 OR AY.33 OR AY.33.1 OR AY.33.2 OR AY.34 OR AY.34.1 OR AY.34.1.1 OR AY.34.2 OR AY.35 OR AY.36 OR AY.36.1 OR AY.37 OR AY.38 OR AY.39 OR AY.39.1 OR AY.39.1.1 OR AY.39.1.2 OR AY.39.1.3 OR AY.39.1.4 OR AY.39.2 OR AY.39.3 OR AY.39.4 OR AY.40 OR AY.41 OR AY.42 OR AY.42.1 OR AY.43 OR AY.43.1 OR AY.43.2 OR AY.43.3 OR AY.43.4 OR AY.43.5 OR AY.43.6 OR AY.43.7 OR AY.43.8 OR AY.43.9 OR AY.44 OR AY.45 OR AY.46 OR AY.46.1 OR AY.46.2 OR AY.46.3 OR AY.46.4 OR AY.46.5 OR AY.46.6 OR AY.46.6.1 OR AY.47 OR AY.48 OR AY.49 OR AY.50 OR AY.51 OR AY.52 OR AY.53 OR AY.54 OR AY.55 OR AY.56 OR AY.57 OR AY.58 OR AY.59 OR AY.60 OR AY.61 OR AY.62 OR AY.63 OR AY.64 OR AY.65 OR AY.66 OR AY.67 OR AY.68 OR AY.69 OR AY.70 OR AY.71 OR AY.72 OR AY.73 OR AY.74 OR AY.75 OR AY.75.1 OR AY.75.2 OR AY.75.3 OR AY.76 OR AY.77 OR AY.78 OR AY.79 OR AY.80 OR AY.81 OR AY.82 OR AY.83 OR AY.84 OR AY.85 OR AY.86 OR AY.87 OR AY.88 OR AY.89 OR AY.90 OR AY.91 OR AY.91.1 OR AY.92 OR AY.93 OR AY.94 OR AY.95 OR AY.96 OR AY.97 OR AY.98 OR AY.98.1 OR AY.98.1.1 OR AY.99 OR AY.99.1 OR AY.99.2 OR AY.100 OR AY.101 OR AY.102 OR AY.102.1 OR AY.102.2 OR AY.103 OR AY.103.1 OR AY.103.2 OR AY.104 OR AY.105 OR AY.106 OR AY.107 OR AY.108 OR AY.109 OR AY.110 OR AY.111 OR AY.112 OR AY.112.1 OR AY.112.2 OR AY.112.3 OR AY.113 OR AY.114 OR AY.115 OR AY.116 OR AY.116.1 OR AY.117 OR AY.118 OR AY.119 OR AY.119.1 OR AY.119.2 OR AY.120 OR AY.120.1 OR AY.120.2 OR AY.120.2.1 OR AY.121 OR AY.121.1 OR AY.122 OR AY.122.1 OR AY.122.2 OR AY.122.3 OR AY.122.4 OR AY.122.5 OR AY.122.6 OR AY.123 OR AY.123.1 OR AY.124 OR AY.124.1 OR AY.124.1.1 OR AY.125 OR AY.125.1 OR AY.126 OR AY.127 OR AY.127.1 OR AY.127.2 OR AY.127.3 OR AY.128 OR AY.129 OR AY.130 OR AY.131 OR AY.132 OR AY.133 OR AY.134 OR B.1.617.2,Delta,189.928571428571,2.71428571428571,0.014291086874765
2021-05-11,228,1,218.285714285714,3,0.0137434554973822,0.00389065670691721,0.0362654161256693,AY.1 OR AY.2 OR AY.3 OR AY.3.1 OR AY.3.2 OR AY.3.3 OR AY.3.4 OR AY.4 OR AY.4.1 OR AY.4.2 OR AY.4.2.1 OR AY.4.2.2 OR AY.4.2.3 OR AY.4.2.4 OR AY.4.2.5 OR AY.4.3 OR AY.4.4 OR AY.4.5 OR AY.4.6 OR AY.4.7 OR AY.4.8 OR AY.4.9 OR AY.4.10 OR AY.4.11 OR AY.4.12 OR AY.4.13 OR AY.4.14 OR AY.4.15 OR AY.4.16 OR AY.4.17 OR AY.5 OR AY.5.1 OR AY.5.2 OR AY.5.3 OR AY.5.4 OR AY.5.5 OR AY.5.6 OR AY.5.7 OR AY.6 OR AY.7 OR AY.7.1 OR AY.7.2 OR AY.8 OR AY.9 OR AY.9.1 OR AY.9.2 OR AY.9.2.1 OR AY.9.2.2 OR AY.10 OR AY.11 OR AY.12 OR AY.13 OR AY.14 OR AY.15 OR AY.16 OR AY.16.1 OR AY.17 OR AY.18 OR AY.19 OR AY.20 OR AY.20.1 OR AY.21 OR AY.22 OR AY.23 OR AY.23.1 OR AY.23.2 OR AY.24 OR AY.24.1 OR AY.25 OR AY.25.1 OR AY.25.1.1 OR AY.25.1.2 OR AY.25.2 OR AY.25.3 OR AY.26 OR AY.26.1 OR AY.27 OR AY.28 OR AY.29 OR AY.29.1 OR AY.29.2 OR AY.30 OR AY.31 OR AY.32 OR AY.33 OR AY.33.1 OR AY.33.2 OR AY.34 OR AY.34.1 OR AY.34.1.1 OR AY.34.2 OR AY.35 OR AY.36 OR AY.36.1 OR AY.37 OR AY.38 OR AY.39 OR AY.39.1 OR AY.39.1.1 OR AY.39.1.2 OR AY.39.1.3 OR AY.39.1.4 OR AY.39.2 OR AY.39.3 OR AY.39.4 OR AY.40 OR AY.41 OR AY.42 OR AY.42.1 OR AY.43 OR AY.43.1 OR AY.43.2 OR AY.43.3 OR AY.43.4 OR AY.43.5 OR AY.43.6 OR AY.43.7 OR AY.43.8 OR AY.43.9 OR AY.44 OR AY.45 OR AY.46 OR AY.46.1 OR AY.46.2 OR AY.46.3 OR AY.46.4 OR AY.46.5 OR AY.46.6 OR AY.46.6.1 OR AY.47 OR AY.48 OR AY.49 OR AY.50 OR AY.51 OR AY.52 OR AY.53 OR AY.54 OR AY.55 OR AY.56 OR AY.57 OR AY.58 OR AY.59 OR AY.60 OR AY.61 OR AY.62 OR AY.63 OR AY.64 OR AY.65 OR AY.66 OR AY.67 OR AY.68 OR AY.69 OR AY.70 OR AY.71 OR AY.72 OR AY.73 OR AY.74 OR AY.75 OR AY.75.1 OR AY.75.2 OR AY.75.3 OR AY.76 OR AY.77 OR AY.78 OR AY.79 OR AY.80 OR AY.81 OR AY.82 OR AY.83 OR AY.84 OR AY.85 OR AY.86 OR AY.87 OR AY.88 OR AY.89 OR AY.90 OR AY.91 OR AY.91.1 OR AY.92 OR AY.93 OR AY.94 OR AY.95 OR AY.96 OR AY.97 OR AY.98 OR AY.98.1 OR AY.98.1.1 OR AY.99 OR AY.99.1 OR AY.99.2 OR AY.100 OR AY.101 OR AY.102 OR AY.102.1 OR AY.102.2 OR AY.103 OR AY.103.1 OR AY.103.2 OR AY.104 OR AY.105 OR AY.106 OR AY.107 OR AY.108 OR AY.109 OR AY.110 OR AY.111 OR AY.112 OR AY.112.1 OR AY.112.2 OR AY.112.3 OR AY.113 OR AY.114 OR AY.115 OR AY.116 OR AY.116.1 OR AY.117 OR AY.118 OR AY.119 OR AY.119.1 OR AY.119.2 OR AY.120 OR AY.120.1 OR AY.120.2 OR AY.120.2.1 OR AY.121 OR AY.121.1 OR AY.122 OR AY.122.1 OR AY.122.2 OR AY.122.3 OR AY.122.4 OR AY.122.5 OR AY.122.6 OR AY.123 OR AY.123.1 OR AY.124 OR AY.124.1 OR AY.124.1.1 OR AY.125 OR AY.125.1 OR AY.126 OR AY.127 OR AY.127.1 OR AY.127.2 OR AY.127.3 OR AY.128 OR AY.129 OR AY.130 OR AY.131 OR AY.132 OR AY.133 OR AY.134 OR B.1.617.2,Delta,186.142857142857,2.78571428571429,0.0149654643131236
2021-05-12,251,6,208,3.14285714285714,0.0151098901098901,0.0040784589328839,0.0379858544325162,AY.1 OR AY.2 OR AY.3 OR AY.3.1 OR AY.3.2 OR AY.3.3 OR AY.3.4 OR AY.4 OR AY.4.1 OR AY.4.2 OR AY.4.2.1 OR AY.4.2.2 OR AY.4.2.3 OR AY.4.2.4 OR AY.4.2.5 OR AY.4.3 OR AY.4.4 OR AY.4.5 OR AY.4.6 OR AY.4.7 OR AY.4.8 OR AY.4.9 OR AY.4.10 OR AY.4.11 OR AY.4.12 OR AY.4.13 OR AY.4.14 OR AY.4.15 OR AY.4.16 OR AY.4.17 OR AY.5 OR AY.5.1 OR AY.5.2 OR AY.5.3 OR AY.5.4 OR AY.5.5 OR AY.5.6 OR AY.5.7 OR AY.6 OR AY.7 OR AY.7.1 OR AY.7.2 OR AY.8 OR AY.9 OR AY.9.1 OR AY.9.2 OR AY.9.2.1 OR AY.9.2.2 OR AY.10 OR AY.11 OR AY.12 OR AY.13 OR AY.14 OR AY.15 OR AY.16 OR AY.16.1 OR AY.17 OR AY.18 OR AY.19 OR AY.20 OR AY.20.1 OR AY.21 OR AY.22 OR AY.23 OR AY.23.1 OR AY.23.2 OR AY.24 OR AY.24.1 OR AY.25 OR AY.25.1 OR AY.25.1.1 OR AY.25.1.2 OR AY.25.2 OR AY.25.3 OR AY.26 OR AY.26.1 OR AY.27 OR AY.28 OR AY.29 OR AY.29.1 OR AY.29.2 OR AY.30 OR AY.31 OR AY.32 OR AY.33 OR AY.33.1 OR AY.33.2 OR AY.34 OR AY.34.1 OR AY.34.1.1 OR AY.34.2 OR AY.35 OR AY.36 OR AY.36.1 OR AY.37 OR AY.38 OR AY.39 OR AY.39.1 OR AY.39.1.1 OR AY.39.1.2 OR AY.39.1.3 OR AY.39.1.4 OR AY.39.2 OR AY.39.3 OR AY.39.4 OR AY.40 OR AY.41 OR AY.42 OR AY.42.1 OR AY.43 OR AY.43.1 OR AY.43.2 OR AY.43.3 OR AY.43.4 OR AY.43.5 OR AY.43.6 OR AY.43.7 OR AY.43.8 OR AY.43.9 OR AY.44 OR AY.45 OR AY.46 OR AY.46.1 OR AY.46.2 OR AY.46.3 OR AY.46.4 OR AY.46.5 OR AY.46.6 OR AY.46.6.1 OR AY.47 OR AY.48 OR AY.49 OR AY.50 OR AY.51 OR AY.52 OR AY.53 OR AY.54 OR AY.55 OR AY.56 OR AY.57 OR AY.58 OR AY.59 OR AY.60 OR AY.61 OR AY.62 OR AY.63 OR AY.64 OR AY.65 OR AY.66 OR AY.67 OR AY.68 OR AY.69 OR AY.70 OR AY.71 OR AY.72 OR AY.73 OR AY.74 OR AY.75 OR AY.75.1 OR AY.75.2 OR AY.75.3 OR AY.76 OR AY.77 OR AY.78 OR AY.79 OR AY.80 OR AY.81 OR AY.82 OR AY.83 OR AY.84 OR AY.85 OR AY.86 OR AY.87 OR AY.88 OR AY.89 OR AY.90 OR AY.91 OR AY.91.1 OR AY.92 OR AY.93 OR AY.94 OR AY.95 OR AY.96 OR AY.97 OR AY.98 OR AY.98.1 OR AY.98.1.1 OR AY.99 OR AY.99.1 OR AY.99.2 OR AY.100 OR AY.101 OR AY.102 OR AY.102.1 OR AY.102.2 OR AY.103 OR AY.103.1 OR AY.103.2 OR AY.104 OR AY.105 OR AY.106 OR AY.107 OR AY.108 OR AY.109 OR AY.110 OR AY.111 OR AY.112 OR AY.112.1 OR AY.112.2 OR AY.112.3 OR AY.113 OR AY.114 OR AY.115 OR AY.116 OR AY.116.1 OR AY.117 OR AY.118 OR AY.119 OR AY.119.1 OR AY.119.2 OR AY.120 OR AY.120.1 OR AY.120.2 OR AY.120.2.1 OR AY.121 OR AY.121.1 OR AY.122 OR AY.122.1 OR AY.122.2 OR AY.122.3 OR AY.122.4 OR AY.122.5 OR AY.122.6 OR AY.123 OR AY.123.1 OR AY.124 OR AY.124.1 OR AY.124.1.1 OR AY.125 OR AY.125.1 OR AY.126 OR AY.127 OR AY.127.1 OR AY.127.2 OR AY.127.3 OR AY.128 OR AY.129 OR AY.130 OR AY.131 OR AY.132 OR AY.133 OR AY.134 OR B.1.617.2,Delta,184.285714285714,2.64285714285714,0.0143410852713178
2021-05-13,234,2,197.571428571429,2,0.0101229211858279,0.00210479534584231,0.0320056614483213,AY.1 OR AY.2 OR AY.3 OR AY.3.1 OR AY.3.2 OR AY.3.3 OR AY.3.4 OR AY.4 OR AY.4.1 OR AY.4.2 OR AY.4.2.1 OR AY.4.2.2 OR AY.4.2.3 OR AY.4.2.4 OR AY.4.2.5 OR AY.4.3 OR AY.4.4 OR AY.4.5 OR AY.4.6 OR AY.4.7 OR AY.4.8 OR AY.4.9 OR AY.4.10 OR AY.4.11 OR AY.4.12 OR AY.4.13 OR AY.4.14 OR AY.4.15 OR AY.4.16 OR AY.4.17 OR AY.5 OR AY.5.1 OR AY.5.2 OR AY.5.3 OR AY.5.4 OR AY.5.5 OR AY.5.6 OR AY.5.7 OR AY.6 OR AY.7 OR AY.7.1 OR AY.7.2 OR AY.8 OR AY.9 OR AY.9.1 OR AY.9.2 OR AY.9.2.1 OR AY.9.2.2 OR AY.10 OR AY.11 OR AY.12 OR AY.13 OR AY.14 OR AY.15 OR AY.16 OR AY.16.1 OR AY.17 OR AY.18 OR AY.19 OR AY.20 OR AY.20.1 OR AY.21 OR AY.22 OR AY.23 OR AY.23.1 OR AY.23.2 OR AY.24 OR AY.24.1 OR AY.25 OR AY.25.1 OR AY.25.1.1 OR AY.25.1.2 OR AY.25.2 OR AY.25.3 OR AY.26 OR AY.26.1 OR AY.27 OR AY.28 OR AY.29 OR AY.29.1 OR AY.29.2 OR AY.30 OR AY.31 OR AY.32 OR AY.33 OR AY.33.1 OR AY.33.2 OR AY.34 OR AY.34.1 OR AY.34.1.1 OR AY.34.2 OR AY.35 OR AY.36 OR AY.36.1 OR AY.37 OR AY.38 OR AY.39 OR AY.39.1 OR AY.39.1.1 OR AY.39.1.2 OR AY.39.1.3 OR AY.39.1.4 OR AY.39.2 OR AY.39.3 OR AY.39.4 OR AY.40 OR AY.41 OR AY.42 OR AY.42.1 OR AY.43 OR AY.43.1 OR AY.43.2 OR AY.43.3 OR AY.43.4 OR AY.43.5 OR AY.43.6 OR AY.43.7 OR AY.43.8 OR AY.43.9 OR AY.44 OR AY.45 OR AY.46 OR AY.46.1 OR AY.46.2 OR AY.46.3 OR AY.46.4 OR AY.46.5 OR AY.46.6 OR AY.46.6.1 OR AY.47 OR AY.48 OR AY.49 OR AY.50 OR AY.51 OR AY.52 OR AY.53 OR AY.54 OR AY.55 OR AY.56 OR AY.57 OR AY.58 OR AY.59 OR AY.60 OR AY.61 OR AY.62 OR AY.63 OR AY.64 OR AY.65 OR AY.66 OR AY.67 OR AY.68 OR AY.69 OR AY.70 OR AY.71 OR AY.72 OR AY.73 OR AY.74 OR AY.75 OR AY.75.1 OR AY.75.2 OR AY.75.3 OR AY.76 OR AY.77 OR AY.78 OR AY.79 OR AY.80 OR AY.81 OR AY.82 OR AY.83 OR AY.84 OR AY.85 OR AY.86 OR AY.87 OR AY.88 OR AY.89 OR AY.90 OR AY.91 OR AY.91.1 OR AY.92 OR AY.93 OR AY.94 OR AY.95 OR AY.96 OR AY.97 OR AY.98 OR AY.98.1 OR AY.98.1.1 OR AY.99 OR AY.99.1 OR AY.99.2 OR AY.100 OR AY.101 OR AY.102 OR AY.102.1 OR AY.102.2 OR AY.103 OR AY.103.1 OR AY.103.2 OR AY.104 OR AY.105 OR AY.106 OR AY.107 OR AY.108 OR AY.109 OR AY.110 OR AY.111 OR AY.112 OR AY.112.1 OR AY.112.2 OR AY.112.3 OR AY.113 OR AY.114 OR AY.115 OR AY.116 OR AY.116.1 OR AY.117 OR AY.118 OR AY.119 OR AY.119.1 OR AY.119.2 OR AY.120 OR AY.120.1 OR AY.120.2 OR AY.120.2.1 OR AY.121 OR AY.121.1 OR AY.122 OR AY.122.1 OR AY.122.2 OR AY.122.3 OR AY.122.4 OR AY.122.5 OR AY.122.6 OR AY.123 OR AY.123.1 OR AY.124 OR AY.124.1 OR AY.124.1.1 OR AY.125 OR AY.125.1 OR AY.126 OR AY.127 OR AY.127.1 OR AY.127.2 OR AY.127.3 OR AY.128 OR AY.129 OR AY.130 OR AY.131 OR AY.132 OR AY.133 OR AY.134 OR B.1.617.2,Delta,187.428571428571,2.71428571428571,0.0144817073170732
2021-05-14,163,5,179.571428571429,2.14285714285714,0.0119331742243437,0.00231591369069444,0.0351625863519168,AY.1 OR AY.2 OR AY.3 OR AY.3.1 OR AY.3.2 OR AY.3.3 OR AY.3.4 OR AY.4 OR AY.4.1 OR AY.4.2 OR AY.4.2.1 OR AY.4.2.2 OR AY.4.2.3 OR AY.4.2.4 OR AY.4.2.5 OR AY.4.3 OR AY.4.4 OR AY.4.5 OR AY.4.6 OR AY.4.7 OR AY.4.8 OR AY.4.9 OR AY.4.10 OR AY.4.11 OR AY.4.12 OR AY.4.13 OR AY.4.14 OR AY.4.15 OR AY.4.16 OR AY.4.17 OR AY.5 OR AY.5.1 OR AY.5.2 OR AY.5.3 OR AY.5.4 OR AY.5.5 OR AY.5.6 OR AY.5.7 OR AY.6 OR AY.7 OR AY.7.1 OR AY.7.2 OR AY.8 OR AY.9 OR AY.9.1 OR AY.9.2 OR AY.9.2.1 OR AY.9.2.2 OR AY.10 OR AY.11 OR AY.12 OR AY.13 OR AY.14 OR AY.15 OR AY.16 OR AY.16.1 OR AY.17 OR AY.18 OR AY.19 OR AY.20 OR AY.20.1 OR AY.21 OR AY.22 OR AY.23 OR AY.23.1 OR AY.23.2 OR AY.24 OR AY.24.1 OR AY.25 OR AY.25.1 OR AY.25.1.1 OR AY.25.1.2 OR AY.25.2 OR AY.25.3 OR AY.26 OR AY.26.1 OR AY.27 OR AY.28 OR AY.29 OR AY.29.1 OR AY.29.2 OR AY.30 OR AY.31 OR AY.32 OR AY.33 OR AY.33.1 OR AY.33.2 OR AY.34 OR AY.34.1 OR AY.34.1.1 OR AY.34.2 OR AY.35 OR AY.36 OR AY.36.1 OR AY.37 OR AY.38 OR AY.39 OR AY.39.1 OR AY.39.1.1 OR AY.39.1.2 OR AY.39.1.3 OR AY.39.1.4 OR AY.39.2 OR AY.39.3 OR AY.39.4 OR AY.40 OR AY.41 OR AY.42 OR AY.42.1 OR AY.43 OR AY.43.1 OR AY.43.2 OR AY.43.3 OR AY.43.4 OR AY.43.5 OR AY.43.6 OR AY.43.7 OR AY.43.8 OR AY.43.9 OR AY.44 OR AY.45 OR AY.46 OR AY.46.1 OR AY.46.2 OR AY.46.3 OR AY.46.4 OR AY.46.5 OR AY.46.6 OR AY.46.6.1 OR AY.47 OR AY.48 OR AY.49 OR AY.50 OR AY.51 OR AY.52 OR AY.53 OR AY.54 OR AY.55 OR AY.56 OR AY.57 OR AY.58 OR AY.59 OR AY.60 OR AY.61 OR AY.62 OR AY.63 OR AY.64 OR AY.65 OR AY.66 OR AY.67 OR AY.68 OR AY.69 OR AY.70 OR AY.71 OR AY.72 OR AY.73 OR AY.74 OR AY.75 OR AY.75.1 OR AY.75.2 OR AY.75.3 OR AY.76 OR AY.77 OR AY.78 OR AY.79 OR AY.80 OR AY.81 OR AY.82 OR AY.83 OR AY.84 OR AY.85 OR AY.86 OR AY.87 OR AY.88 OR AY.89 OR AY.90 OR AY.91 OR AY.91.1 OR AY.92 OR AY.93 OR AY.94 OR AY.95 OR AY.96 OR AY.97 OR AY.98 OR AY.98.1 OR AY.98.1.1 OR AY.99 OR AY.99.1 OR AY.99.2 OR AY.100 OR AY.101 OR AY.102 OR AY.102.1 OR AY.102.2 OR AY.103 OR AY.103.1 OR AY.103.2 OR AY.104 OR AY.105 OR AY.106 OR AY.107 OR AY.108 OR AY.109 OR AY.110 OR AY.111 OR AY.112 OR AY.112.1 OR AY.112.2 OR AY.112.3 OR AY.113 OR AY.114 OR AY.115 OR AY.116 OR AY.116.1 OR AY.117 OR AY.118 OR AY.119 OR AY.119.1 OR AY.119.2 OR AY.120 OR AY.120.1 OR AY.120.2 OR AY.120.2.1 OR AY.121 OR AY.121.1 OR AY.122 OR AY.122.1 OR AY.122.2 OR AY.122.3 OR AY.122.4 OR AY.122.5 OR AY.122.6 OR AY.123 OR AY.123.1 OR AY.124 OR AY.124.1 OR AY.124.1.1 OR AY.125 OR AY.125.1 OR AY.126 OR AY.127 OR AY.127.1 OR AY.127.2 OR AY.127.3 OR AY.128 OR AY.129 OR AY.130 OR AY.131 OR AY.132 OR AY.133 OR AY.134 OR B.1.617.2,Delta,187.5,2.92857142857143,0.0156190476190476
2021-05-15,111,1,177.142857142857,2.28571428571429,0.0129032258064516,0.00235528765471319,0.0357502944881893,AY.1 OR AY.2 OR AY.3 OR AY.3.1 OR AY.3.2 OR AY.3.3 OR AY.3.4 OR AY.4 OR AY.4.1 OR AY.4.2 OR AY.4.2.1 OR AY.4.2.2 OR AY.4.2.3 OR AY.4.2.4 OR AY.4.2.5 OR AY.4.3 OR AY.4.4 OR AY.4.5 OR AY.4.6 OR AY.4.7 OR AY.4.8 OR AY.4.9 OR AY.4.10 OR AY.4.11 OR AY.4.12 OR AY.4.13 OR AY.4.14 OR AY.4.15 OR AY.4.16 OR AY.4.17 OR AY.5 OR AY.5.1 OR AY.5.2 OR AY.5.3 OR AY.5.4 OR AY.5.5 OR AY.5.6 OR AY.5.7 OR AY.6 OR AY.7 OR AY.7.1 OR AY.7.2 OR AY.8 OR AY.9 OR AY.9.1 OR AY.9.2 OR AY.9.2.1 OR AY.9.2.2 OR AY.10 OR AY.11 OR AY.12 OR AY.13 OR AY.14 OR AY.15 OR AY.16 OR AY.16.1 OR AY.17 OR AY.18 OR AY.19 OR AY.20 OR AY.20.1 OR AY.21 OR AY.22 OR AY.23 OR AY.23.1 OR AY.23.2 OR AY.24 OR AY.24.1 OR AY.25 OR AY.25.1 OR AY.25.1.1 OR AY.25.1.2 OR AY.25.2 OR AY.25.3 OR AY.26 OR AY.26.1 OR AY.27 OR AY.28 OR AY.29 OR AY.29.1 OR AY.29.2 OR AY.30 OR AY.31 OR AY.32 OR AY.33 OR AY.33.1 OR AY.33.2 OR AY.34 OR AY.34.1 OR AY.34.1.1 OR AY.34.2 OR AY.35 OR AY.36 OR AY.36.1 OR AY.37 OR AY.38 OR AY.39 OR AY.39.1 OR AY.39.1.1 OR AY.39.1.2 OR AY.39.1.3 OR AY.39.1.4 OR AY.39.2 OR AY.39.3 OR AY.39.4 OR AY.40 OR AY.41 OR AY.42 OR AY.42.1 OR AY.43 OR AY.43.1 OR AY.43.2 OR AY.43.3 OR AY.43.4 OR AY.43.5 OR AY.43.6 OR AY.43.7 OR AY.43.8 OR AY.43.9 OR AY.44 OR AY.45 OR AY.46 OR AY.46.1 OR AY.46.2 OR AY.46.3 OR AY.46.4 OR AY.46.5 OR AY.46.6 OR AY.46.6.1 OR AY.47 OR AY.48 OR AY.49 OR AY.50 OR AY.51 OR AY.52 OR AY.53 OR AY.54 OR AY.55 OR AY.56 OR AY.57 OR AY.58 OR AY.59 OR AY.60 OR AY.61 OR AY.62 OR AY.63 OR AY.64 OR AY.65 OR AY.66 OR AY.67 OR AY.68 OR AY.69 OR AY.70 OR AY.71 OR AY.72 OR AY.73 OR AY.74 OR AY.75 OR AY.75.1 OR AY.75.2 OR AY.75.3 OR AY.76 OR AY.77 OR AY.78 OR AY.79 OR AY.80 OR AY.81 OR AY.82 OR AY.83 OR AY.84 OR AY.85 OR AY.86 OR AY.87 OR AY.88 OR AY.89 OR AY.90 OR AY.91 OR AY.91.1 OR AY.92 OR AY.93 OR AY.94 OR AY.95 OR AY.96 OR AY.97 OR AY.98 OR AY.98.1 OR AY.98.1.1 OR AY.99 OR AY.99.1 OR AY.99.2 OR AY.100 OR AY.101 OR AY.102 OR AY.102.1 OR AY.102.2 OR AY.103 OR AY.103.1 OR AY.103.2 OR AY.104 OR AY.105 OR AY.106 OR AY.107 OR AY.108 OR AY.109 OR AY.110 OR AY.111 OR AY.112 OR AY.112.1 OR AY.112.2 OR AY.112.3 OR AY.113 OR AY.114 OR AY.115 OR AY.116 OR AY.116.1 OR AY.117 OR AY.118 OR AY.119 OR AY.119.1 OR AY.119.2 OR AY.120 OR AY.120.1 OR AY.120.2 OR AY.120.2.1 OR AY.121 OR AY.121.1 OR AY.122 OR AY.122.1 OR AY.122.2 OR AY.122.3 OR AY.122.4 OR AY.122.5 OR AY.122.6 OR AY.123 OR AY.123.1 OR AY.124 OR AY.124.1 OR AY.124.1.1 OR AY.125 OR AY.125.1 OR AY.126 OR AY.127 OR AY.127.1 OR AY.127.2 OR AY.127.3 OR AY.128 OR AY.129 OR AY.130 OR AY.131 OR AY.132 OR AY.133 OR AY.134 OR B.1.617.2,Delta,186.571428571429,3,0.0160796324655436
2021-05-16,74,1,180.857142857143,2.42857142857143,0.0134281200631912,0.00230307996135142,0.0349709538540508,AY.1 OR AY.2 OR AY.3 OR AY.3.1 OR AY.3.2 OR AY.3.3 OR AY.3.4 OR AY.4 OR AY.4.1 OR AY.4.2 OR AY.4.2.1 OR AY.4.2.2 OR AY.4.2.3 OR AY.4.2.4 OR AY.4.2.5 OR AY.4.3 OR AY.4.4 OR AY.4.5 OR AY.4.6 OR AY.4.7 OR AY.4.8 OR AY.4.9 OR AY.4.10 OR AY.4.11 OR AY.4.12 OR AY.4.13 OR AY.4.14 OR AY.4.15 OR AY.4.16 OR AY.4.17 OR AY.5 OR AY.5.1 OR AY.5.2 OR AY.5.3 OR AY.5.4 OR AY.5.5 OR AY.5.6 OR AY.5.7 OR AY.6 OR AY.7 OR AY.7.1 OR AY.7.2 OR AY.8 OR AY.9 OR AY.9.1 OR AY.9.2 OR AY.9.2.1 OR AY.9.2.2 OR AY.10 OR AY.11 OR AY.12 OR AY.13 OR AY.14 OR AY.15 OR AY.16 OR AY.16.1 OR AY.17 OR AY.18 OR AY.19 OR AY.20 OR AY.20.1 OR AY.21 OR AY.22 OR AY.23 OR AY.23.1 OR AY.23.2 OR AY.24 OR AY.24.1 OR AY.25 OR AY.25.1 OR AY.25.1.1 OR AY.25.1.2 OR AY.25.2 OR AY.25.3 OR AY.26 OR AY.26.1 OR AY.27 OR AY.28 OR AY.29 OR AY.29.1 OR AY.29.2 OR AY.30 OR AY.31 OR AY.32 OR AY.33 OR AY.33.1 OR AY.33.2 OR AY.34 OR AY.34.1 OR AY.34.1.1 OR AY.34.2 OR AY.35 OR AY.36 OR AY.36.1 OR AY.37 OR AY.38 OR AY.39 OR AY.39.1 OR AY.39.1.1 OR AY.39.1.2 OR AY.39.1.3 OR AY.39.1.4 OR AY.39.2 OR AY.39.3 OR AY.39.4 OR AY.40 OR AY.41 OR AY.42 OR AY.42.1 OR AY.43 OR AY.43.1 OR AY.43.2 OR AY.43.3 OR AY.43.4 OR AY.43.5 OR AY.43.6 OR AY.43.7 OR AY.43.8 OR AY.43.9 OR AY.44 OR AY.45 OR AY.46 OR AY.46.1 OR AY.46.2 OR AY.46.3 OR AY.46.4 OR AY.46.5 OR AY.46.6 OR AY.46.6.1 OR AY.47 OR AY.48 OR AY.49 OR AY.50 OR AY.51 OR AY.52 OR AY.53 OR AY.54 OR AY.55 OR AY.56 OR AY.57 OR AY.58 OR AY.59 OR AY.60 OR AY.61 OR AY.62 OR AY.63 OR AY.64 OR AY.65 OR AY.66 OR AY.67 OR AY.68 OR AY.69 OR AY.70 OR AY.71 OR AY.72 OR AY.73 OR AY.74 OR AY.75 OR AY.75.1 OR AY.75.2 OR AY.75.3 OR AY.76 OR AY.77 OR AY.78 OR AY.79 OR AY.80 OR AY.81 OR AY.82 OR AY.83 OR AY.84 OR AY.85 OR AY.86 OR AY.87 OR AY.88 OR AY.89 OR AY.90 OR AY.91 OR AY.91.1 OR AY.92 OR AY.93 OR AY.94 OR AY.95 OR AY.96 OR AY.97 OR AY.98 OR AY.98.1 OR AY.98.1.1 OR AY.99 OR AY.99.1 OR AY.99.2 OR AY.100 OR AY.101 OR AY.102 OR AY.102.1 OR AY.102.2 OR AY.103 OR AY.103.1 OR AY.103.2 OR AY.104 OR AY.105 OR AY.106 OR AY.107 OR AY.108 OR AY.109 OR AY.110 OR AY.111 OR AY.112 OR AY.112.1 OR AY.112.2 OR AY.112.3 OR AY.113 OR AY.114 OR AY.115 OR AY.116 OR AY.116.1 OR AY.117 OR AY.118 OR AY.119 OR AY.119.1 OR AY.119.2 OR AY.120 OR AY.120.1 OR AY.120.2 OR AY.120.2.1 OR AY.121 OR AY.121.1 OR AY.122 OR AY.122.1 OR AY.122.2 OR AY.122.3 OR AY.122.4 OR AY.122.5 OR AY.122.6 OR AY.123 OR AY.123.1 OR AY.124 OR AY.124.1 OR AY.124.1.1 OR AY.125 OR AY.125.1 OR AY.126 OR AY.127 OR AY.127.1 OR AY.127.2 OR AY.127.3 OR AY.128 OR AY.129 OR AY.130 OR AY.131 OR AY.132 OR AY.133 OR AY.134 OR B.1.617.2,Delta,187.071428571429,3.07142857142857,0.0164184803360061
2021-05-17,206,1,181,2.42857142857143,0.0134175217048145,0.00230307996135142,0.0349709538540508,AY.1 OR AY.2 OR AY.3 OR AY.3.1 OR AY.3.2 OR AY.3.3 OR AY.3.4 OR AY.4 OR AY.4.1 OR AY.4.2 OR AY.4.2.1 OR AY.4.2.2 OR AY.4.2.3 OR AY.4.2.4 OR AY.4.2.5 OR AY.4.3 OR AY.4.4 OR AY.4.5 OR AY.4.6 OR AY.4.7 OR AY.4.8 OR AY.4.9 OR AY.4.10 OR AY.4.11 OR AY.4.12 OR AY.4.13 OR AY.4.14 OR AY.4.15 OR AY.4.16 OR AY.4.17 OR AY.5 OR AY.5.1 OR AY.5.2 OR AY.5.3 OR AY.5.4 OR AY.5.5 OR AY.5.6 OR AY.5.7 OR AY.6 OR AY.7 OR AY.7.1 OR AY.7.2 OR AY.8 OR AY.9 OR AY.9.1 OR AY.9.2 OR AY.9.2.1 OR AY.9.2.2 OR AY.10 OR AY.11 OR AY.12 OR AY.13 OR AY.14 OR AY.15 OR AY.16 OR AY.16.1 OR AY.17 OR AY.18 OR AY.19 OR AY.20 OR AY.20.1 OR AY.21 OR AY.22 OR AY.23 OR AY.23.1 OR AY.23.2 OR AY.24 OR AY.24.1 OR AY.25 OR AY.25.1 OR AY.25.1.1 OR AY.25.1.2 OR AY.25.2 OR AY.25.3 OR AY.26 OR AY.26.1 OR AY.27 OR AY.28 OR AY.29 OR AY.29.1 OR AY.29.2 OR AY.30 OR AY.31 OR AY.32 OR AY.33 OR AY.33.1 OR AY.33.2 OR AY.34 OR AY.34.1 OR AY.34.1.1 OR AY.34.2 OR AY.35 OR AY.36 OR AY.36.1 OR AY.37 OR AY.38 OR AY.39 OR AY.39.1 OR AY.39.1.1 OR AY.39.1.2 OR AY.39.1.3 OR AY.39.1.4 OR AY.39.2 OR AY.39.3 OR AY.39.4 OR AY.40 OR AY.41 OR AY.42 OR AY.42.1 OR AY.43 OR AY.43.1 OR AY.43.2 OR AY.43.3 OR AY.43.4 OR AY.43.5 OR AY.43.6 OR AY.43.7 OR AY.43.8 OR AY.43.9 OR AY.44 OR AY.45 OR AY.46 OR AY.46.1 OR AY.46.2 OR AY.46.3 OR AY.46.4 OR AY.46.5 OR AY.46.6 OR AY.46.6.1 OR AY.47 OR AY.48 OR AY.49 OR AY.50 OR AY.51 OR AY.52 OR AY.53 OR AY.54 OR AY.55 OR AY.56 OR AY.57 OR AY.58 OR AY.59 OR AY.60 OR AY.61 OR AY.62 OR AY.63 OR AY.64 OR AY.65 OR AY.66 OR AY.67 OR AY.68 OR AY.69 OR AY.70 OR AY.71 OR AY.72 OR AY.73 OR AY.74 OR AY.75 OR AY.75.1 OR AY.75.2 OR AY.75.3 OR AY.76 OR AY.77 OR AY.78 OR AY.79 OR AY.80 OR AY.81 OR AY.82 OR AY.83 OR AY.84 OR AY.85 OR AY.86 OR AY.87 OR AY.88 OR AY.89 OR AY.90 OR AY.91 OR AY.91.1 OR AY.92 OR AY.93 OR AY.94 OR AY.95 OR AY.96 OR AY.97 OR AY.98 OR AY.98.1 OR AY.98.1.1 OR AY.99 OR AY.99.1 OR AY.99.2 OR AY.100 OR AY.101 OR AY.102 OR AY.102.1 OR AY.102.2 OR AY.103 OR AY.103.1 OR AY.103.2 OR AY.104 OR AY.105 OR AY.106 OR AY.107 OR AY.108 OR AY.109 OR AY.110 OR AY.111 OR AY.112 OR AY.112.1 OR AY.112.2 OR AY.112.3 OR AY.113 OR AY.114 OR AY.115 OR AY.116 OR AY.116.1 OR AY.117 OR AY.118 OR AY.119 OR AY.119.1 OR AY.119.2 OR AY.120 OR AY.120.1 OR AY.120.2 OR AY.120.2.1 OR AY.121 OR AY.121.1 OR AY.122 OR AY.122.1 OR AY.122.2 OR AY.122.3 OR AY.122.4 OR AY.122.5 OR AY.122.6 OR AY.123 OR AY.123.1 OR AY.124 OR AY.124.1 OR AY.124.1.1 OR AY.125 OR AY.125.1 OR AY.126 OR AY.127 OR AY.127.1 OR AY.127.2 OR AY.127.3 OR AY.128 OR AY.129 OR AY.130 OR AY.131 OR AY.132 OR AY.133 OR AY.134 OR B.1.617.2,Delta,198.071428571429,3.14285714285714,0.0158672917417959
2021-05-18,216,6,179.285714285714,3.14285714285714,0.0175298804780877,0.00474230317617449,0.0440453409453039,AY.1 OR AY.2 OR AY.3 OR AY.3.1 OR AY.3.2 OR AY.3.3 OR AY.3.4 OR AY.4 OR AY.4.1 OR AY.4.2 OR AY.4.2.1 OR AY.4.2.2 OR AY.4.2.3 OR AY.4.2.4 OR AY.4.2.5 OR AY.4.3 OR AY.4.4 OR AY.4.5 OR AY.4.6 OR AY.4.7 OR AY.4.8 OR AY.4.9 OR AY.4.10 OR AY.4.11 OR AY.4.12 OR AY.4.13 OR AY.4.14 OR AY.4.15 OR AY.4.16 OR AY.4.17 OR AY.5 OR AY.5.1 OR AY.5.2 OR AY.5.3 OR AY.5.4 OR AY.5.5 OR AY.5.6 OR AY.5.7 OR AY.6 OR AY.7 OR AY.7.1 OR AY.7.2 OR AY.8 OR AY.9 OR AY.9.1 OR AY.9.2 OR AY.9.2.1 OR AY.9.2.2 OR AY.10 OR AY.11 OR AY.12 OR AY.13 OR AY.14 OR AY.15 OR AY.16 OR AY.16.1 OR AY.17 OR AY.18 OR AY.19 OR AY.20 OR AY.20.1 OR AY.21 OR AY.22 OR AY.23 OR AY.23.1 OR AY.23.2 OR AY.24 OR AY.24.1 OR AY.25 OR AY.25.1 OR AY.25.1.1 OR AY.25.1.2 OR AY.25.2 OR AY.25.3 OR AY.26 OR AY.26.1 OR AY.27 OR AY.28 OR AY.29 OR AY.29.1 OR AY.29.2 OR AY.30 OR AY.31 OR AY.32 OR AY.33 OR AY.33.1 OR AY.33.2 OR AY.34 OR AY.34.1 OR AY.34.1.1 OR AY.34.2 OR AY.35 OR AY.36 OR AY.36.1 OR AY.37 OR AY.38 OR AY.39 OR AY.39.1 OR AY.39.1.1 OR AY.39.1.2 OR AY.39.1.3 OR AY.39.1.4 OR AY.39.2 OR AY.39.3 OR AY.39.4 OR AY.40 OR AY.41 OR AY.42 OR AY.42.1 OR AY.43 OR AY.43.1 OR AY.43.2 OR AY.43.3 OR AY.43.4 OR AY.43.5 OR AY.43.6 OR AY.43.7 OR AY.43.8 OR AY.43.9 OR AY.44 OR AY.45 OR AY.46 OR AY.46.1 OR AY.46.2 OR AY.46.3 OR AY.46.4 OR AY.46.5 OR AY.46.6 OR AY.46.6.1 OR AY.47 OR AY.48 OR AY.49 OR AY.50 OR AY.51 OR AY.52 OR AY.53 OR AY.54 OR AY.55 OR AY.56 OR AY.57 OR AY.58 OR AY.59 OR AY.60 OR AY.61 OR AY.62 OR AY.63 OR AY.64 OR AY.65 OR AY.66 OR AY.67 OR AY.68 OR AY.69 OR AY.70 OR AY.71 OR AY.72 OR AY.73 OR AY.74 OR AY.75 OR AY.75.1 OR AY.75.2 OR AY.75.3 OR AY.76 OR AY.77 OR AY.78 OR AY.79 OR AY.80 OR AY.81 OR AY.82 OR AY.83 OR AY.84 OR AY.85 OR AY.86 OR AY.87 OR AY.88 OR AY.89 OR AY.90 OR AY.91 OR AY.91.1 OR AY.92 OR AY.93 OR AY.94 OR AY.95 OR AY.96 OR AY.97 OR AY.98 OR AY.98.1 OR AY.98.1.1 OR AY.99 OR AY.99.1 OR AY.99.2 OR AY.100 OR AY.101 OR AY.102 OR AY.102.1 OR AY.102.2 OR AY.103 OR AY.103.1 OR AY.103.2 OR AY.104 OR AY.105 OR AY.106 OR AY.107 OR AY.108 OR AY.109 OR AY.110 OR AY.111 OR AY.112 OR AY.112.1 OR AY.112.2 OR AY.112.3 OR AY.113 OR AY.114 OR AY.115 OR AY.116 OR AY.116.1 OR AY.117 OR AY.118 OR AY.119 OR AY.119.1 OR AY.119.2 OR AY.120 OR AY.120.1 OR AY.120.2 OR AY.120.2.1 OR AY.121 OR AY.121.1 OR AY.122 OR AY.122.1 OR AY.122.2 OR AY.122.3 OR AY.122.4 OR AY.122.5 OR AY.122.6 OR AY.123 OR AY.123.1 OR AY.124 OR AY.124.1 OR AY.124.1.1 OR AY.125 OR AY.125.1 OR AY.126 OR AY.127 OR AY.127.1 OR AY.127.2 OR AY.127.3 OR AY.128 OR AY.129 OR AY.130 OR AY.131 OR AY.132 OR AY.133 OR AY.134 OR B.1.617.2,Delta,198.785714285714,3.07142857142857,0.0154509522098455
2021-05-19,198,6,171.714285714286,3.14285714285714,0.0183028286189684,0.0049362434253969,0.0458091692871567,AY.1 OR AY.2 OR AY.3 OR AY.3.1 OR AY.3.2 OR AY.3.3 OR AY.3.4 OR AY.4 OR AY.4.1 OR AY.4.2 OR AY.4.2.1 OR AY.4.2.2 OR AY.4.2.3 OR AY.4.2.4 OR AY.4.2.5 OR AY.4.3 OR AY.4.4 OR AY.4.5 OR AY.4.6 OR AY.4.7 OR AY.4.8 OR AY.4.9 OR AY.4.10 OR AY.4.11 OR AY.4.12 OR AY.4.13 OR AY.4.14 OR AY.4.15 OR AY.4.16 OR AY.4.17 OR AY.5 OR AY.5.1 OR AY.5.2 OR AY.5.3 OR AY.5.4 OR AY.5.5 OR AY.5.6 OR AY.5.7 OR AY.6 OR AY.7 OR AY.7.1 OR AY.7.2 OR AY.8 OR AY.9 OR AY.9.1 OR AY.9.2 OR AY.9.2.1 OR AY.9.2.2 OR AY.10 OR AY.11 OR AY.12 OR AY.13 OR AY.14 OR AY.15 OR AY.16 OR AY.16.1 OR AY.17 OR AY.18 OR AY.19 OR AY.20 OR AY.20.1 OR AY.21 OR AY.22 OR AY.23 OR AY.23.1 OR AY.23.2 OR AY.24 OR AY.24.1 OR AY.25 OR AY.25.1 OR AY.25.1.1 OR AY.25.1.2 OR AY.25.2 OR AY.25.3 OR AY.26 OR AY.26.1 OR AY.27 OR AY.28 OR AY.29 OR AY.29.1 OR AY.29.2 OR AY.30 OR AY.31 OR AY.32 OR AY.33 OR AY.33.1 OR AY.33.2 OR AY.34 OR AY.34.1 OR AY.34.1.1 OR AY.34.2 OR AY.35 OR AY.36 OR AY.36.1 OR AY.37 OR AY.38 OR AY.39 OR AY.39.1 OR AY.39.1.1 OR AY.39.1.2 OR AY.39.1.3 OR AY.39.1.4 OR AY.39.2 OR AY.39.3 OR AY.39.4 OR AY.40 OR AY.41 OR AY.42 OR AY.42.1 OR AY.43 OR AY.43.1 OR AY.43.2 OR AY.43.3 OR AY.43.4 OR AY.43.5 OR AY.43.6 OR AY.43.7 OR AY.43.8 OR AY.43.9 OR AY.44 OR AY.45 OR AY.46 OR AY.46.1 OR AY.46.2 OR AY.46.3 OR AY.46.4 OR AY.46.5 OR AY.46.6 OR AY.46.6.1 OR AY.47 OR AY.48 OR AY.49 OR AY.50 OR AY.51 OR AY.52 OR AY.53 OR AY.54 OR AY.55 OR AY.56 OR AY.57 OR AY.58 OR AY.59 OR AY.60 OR AY.61 OR AY.62 OR AY.63 OR AY.64 OR AY.65 OR AY.66 OR AY.67 OR AY.68 OR AY.69 OR AY.70 OR AY.71 OR AY.72 OR AY.73 OR AY.74 OR AY.75 OR AY.75.1 OR AY.75.2 OR AY.75.3 OR AY.76 OR AY.77 OR AY.78 OR AY.79 OR AY.80 OR AY.81 OR AY.82 OR AY.83 OR AY.84 OR AY.85 OR AY.86 OR AY.87 OR AY.88 OR AY.89 OR AY.90 OR AY.91 OR AY.91.1 OR AY.92 OR AY.93 OR AY.94 OR AY.95 OR AY.96 OR AY.97 OR AY.98 OR AY.98.1 OR AY.98.1.1 OR AY.99 OR AY.99.1 OR AY.99.2 OR AY.100 OR AY.101 OR AY.102 OR AY.102.1 OR AY.102.2 OR AY.103 OR AY.103.1 OR AY.103.2 OR AY.104 OR AY.105 OR AY.106 OR AY.107 OR AY.108 OR AY.109 OR AY.110 OR AY.111 OR AY.112 OR AY.112.1 OR AY.112.2 OR AY.112.3 OR AY.113 OR AY.114 OR AY.115 OR AY.116 OR AY.116.1 OR AY.117 OR AY.118 OR AY.119 OR AY.119.1 OR AY.119.2 OR AY.120 OR AY.120.1 OR AY.120.2 OR AY.120.2.1 OR AY.121 OR AY.121.1 OR AY.122 OR AY.122.1 OR AY.122.2 OR AY.122.3 OR AY.122.4 OR AY.122.5 OR AY.122.6 OR AY.123 OR AY.123.1 OR AY.124 OR AY.124.1 OR AY.124.1.1 OR AY.125 OR AY.125.1 OR AY.126 OR AY.127 OR AY.127.1 OR AY.127.2 OR AY.127.3 OR AY.128 OR AY.129 OR AY.130 OR AY.131 OR AY.132 OR AY.133 OR AY.134 OR B.1.617.2,Delta,189.857142857143,3.14285714285714,0.0165537998495109
2021-05-20,147,3,159.285714285714,3.28571428571429,0.020627802690583,0.00534196276040778,0.0494896880894663,AY.1 OR AY.2 OR AY.3 OR AY.3.1 OR AY.3.2 OR AY.3.3 OR AY.3.4 OR AY.4 OR AY.4.1 OR AY.4.2 OR AY.4.2.1 OR AY.4.2.2 OR AY.4.2.3 OR AY.4.2.4 OR AY.4.2.5 OR AY.4.3 OR AY.4.4 OR AY.4.5 OR AY.4.6 OR AY.4.7 OR AY.4.8 OR AY.4.9 OR AY.4.10 OR AY.4.11 OR AY.4.12 OR AY.4.13 OR AY.4.14 OR AY.4.15 OR AY.4.16 OR AY.4.17 OR AY.5 OR AY.5.1 OR AY.5.2 OR AY.5.3 OR AY.5.4 OR AY.5.5 OR AY.5.6 OR AY.5.7 OR AY.6 OR AY.7 OR AY.7.1 OR AY.7.2 OR AY.8 OR AY.9 OR AY.9.1 OR AY.9.2 OR AY.9.2.1 OR AY.9.2.2 OR AY.10 OR AY.11 OR AY.12 OR AY.13 OR AY.14 OR AY.15 OR AY.16 OR AY.16.1 OR AY.17 OR AY.18 OR AY.19 OR AY.20 OR AY.20.1 OR AY.21 OR AY.22 OR AY.23 OR AY.23.1 OR AY.23.2 OR AY.24 OR AY.24.1 OR AY.25 OR AY.25.1 OR AY.25.1.1 OR AY.25.1.2 OR AY.25.2 OR AY.25.3 OR AY.26 OR AY.26.1 OR AY.27 OR AY.28 OR AY.29 OR AY.29.1 OR AY.29.2 OR AY.30 OR AY.31 OR AY.32 OR AY.33 OR AY.33.1 OR AY.33.2 OR AY.34 OR AY.34.1 OR AY.34.1.1 OR AY.34.2 OR AY.35 OR AY.36 OR AY.36.1 OR AY.37 OR AY.38 OR AY.39 OR AY.39.1 OR AY.39.1.1 OR AY.39.1.2 OR AY.39.1.3 OR AY.39.1.4 OR AY.39.2 OR AY.39.3 OR AY.39.4 OR AY.40 OR AY.41 OR AY.42 OR AY.42.1 OR AY.43 OR AY.43.1 OR AY.43.2 OR AY.43.3 OR AY.43.4 OR AY.43.5 OR AY.43.6 OR AY.43.7 OR AY.43.8 OR AY.43.9 OR AY.44 OR AY.45 OR AY.46 OR AY.46.1 OR AY.46.2 OR AY.46.3 OR AY.46.4 OR AY.46.5 OR AY.46.6 OR AY.46.6.1 OR AY.47 OR AY.48 OR AY.49 OR AY.50 OR AY.51 OR AY.52 OR AY.53 OR AY.54 OR AY.55 OR AY.56 OR AY.57 OR AY.58 OR AY.59 OR AY.60 OR AY.61 OR AY.62 OR AY.63 OR AY.64 OR AY.65 OR AY.66 OR AY.67 OR AY.68 OR AY.69 OR AY.70 OR AY.71 OR AY.72 OR AY.73 OR AY.74 OR AY.75 OR AY.75.1 OR AY.75.2 OR AY.75.3 OR AY.76 OR AY.77 OR AY.78 OR AY.79 OR AY.80 OR AY.81 OR AY.82 OR AY.83 OR AY.84 OR AY.85 OR AY.86 OR AY.87 OR AY.88 OR AY.89 OR AY.90 OR AY.91 OR AY.91.1 OR AY.92 OR AY.93 OR AY.94 OR AY.95 OR AY.96 OR AY.97 OR AY.98 OR AY.98.1 OR AY.98.1.1 OR AY.99 OR AY.99.1 OR AY.99.2 OR AY.100 OR AY.101 OR AY.102 OR AY.102.1 OR AY.102.2 OR AY.103 OR AY.103.1 OR AY.103.2 OR AY.104 OR AY.105 OR AY.106 OR AY.107 OR AY.108 OR AY.109 OR AY.110 OR AY.111 OR AY.112 OR AY.112.1 OR AY.112.2 OR AY.112.3 OR AY.113 OR AY.114 OR AY.115 OR AY.116 OR AY.116.1 OR AY.117 OR AY.118 OR AY.119 OR AY.119.1 OR AY.119.2 OR AY.120 OR AY.120.1 OR AY.120.2 OR AY.120.2.1 OR AY.121 OR AY.121.1 OR AY.122 OR AY.122.1 OR AY.122.2 OR AY.122.3 OR AY.122.4 OR AY.122.5 OR AY.122.6 OR AY.123 OR AY.123.1 OR AY.124 OR AY.124.1 OR AY.124.1.1 OR AY.125 OR AY.125.1 OR AY.126 OR AY.127 OR AY.127.1 OR AY.127.2 OR AY.127.3 OR AY.128 OR AY.129 OR AY.130 OR AY.131 OR AY.132 OR AY.133 OR AY.134 OR B.1.617.2,Delta,178.428571428571,2.64285714285714,0.0148118494795837
2021-05-21,110,1,151.714285714286,2.71428571428571,0.0178907721280603,0.00558933146430405,0.0517275031174963,AY.1 OR AY.2 OR AY.3 OR AY.3.1 OR AY.3.2 OR AY.3.3 OR AY.3.4 OR AY.4 OR AY.4.1 OR AY.4.2 OR AY.4.2.1 OR AY.4.2.2 OR AY.4.2.3 OR AY.4.2.4 OR AY.4.2.5 OR AY.4.3 OR AY.4.4 OR AY.4.5 OR AY.4.6 OR AY.4.7 OR AY.4.8 OR AY.4.9 OR AY.4.10 OR AY.4.11 OR AY.4.12 OR AY.4.13 OR AY.4.14 OR AY.4.15 OR AY.4.16 OR AY.4.17 OR AY.5 OR AY.5.1 OR AY.5.2 OR AY.5.3 OR AY.5.4 OR AY.5.5 OR AY.5.6 OR AY.5.7 OR AY.6 OR AY.7 OR AY.7.1 OR AY.7.2 OR AY.8 OR AY.9 OR AY.9.1 OR AY.9.2 OR AY.9.2.1 OR AY.9.2.2 OR AY.10 OR AY.11 OR AY.12 OR AY.13 OR AY.14 OR AY.15 OR AY.16 OR AY.16.1 OR AY.17 OR AY.18 OR AY.19 OR AY.20 OR AY.20.1 OR AY.21 OR AY.22 OR AY.23 OR AY.23.1 OR AY.23.2 OR AY.24 OR AY.24.1 OR AY.25 OR AY.25.1 OR AY.25.1.1 OR AY.25.1.2 OR AY.25.2 OR AY.25.3 OR AY.26 OR AY.26.1 OR AY.27 OR AY.28 OR AY.29 OR AY.29.1 OR AY.29.2 OR AY.30 OR AY.31 OR AY.32 OR AY.33 OR AY.33.1 OR AY.33.2 OR AY.34 OR AY.34.1 OR AY.34.1.1 OR AY.34.2 OR AY.35 OR AY.36 OR AY.36.1 OR AY.37 OR AY.38 OR AY.39 OR AY.39.1 OR AY.39.1.1 OR AY.39.1.2 OR AY.39.1.3 OR AY.39.1.4 OR AY.39.2 OR AY.39.3 OR AY.39.4 OR AY.40 OR AY.41 OR AY.42 OR AY.42.1 OR AY.43 OR AY.43.1 OR AY.43.2 OR AY.43.3 OR AY.43.4 OR AY.43.5 OR AY.43.6 OR AY.43.7 OR AY.43.8 OR AY.43.9 OR AY.44 OR AY.45 OR AY.46 OR AY.46.1 OR AY.46.2 OR AY.46.3 OR AY.46.4 OR AY.46.5 OR AY.46.6 OR AY.46.6.1 OR AY.47 OR AY.48 OR AY.49 OR AY.50 OR AY.51 OR AY.52 OR AY.53 OR AY.54 OR AY.55 OR AY.56 OR AY.57 OR AY.58 OR AY.59 OR AY.60 OR AY.61 OR AY.62 OR AY.63 OR AY.64 OR AY.65 OR AY.66 OR AY.67 OR AY.68 OR AY.69 OR AY.70 OR AY.71 OR AY.72 OR AY.73 OR AY.74 OR AY.75 OR AY.75.1 OR AY.75.2 OR AY.75.3 OR AY.76 OR AY.77 OR AY.78 OR AY.79 OR AY.80 OR AY.81 OR AY.82 OR AY.83 OR AY.84 OR AY.85 OR AY.86 OR AY.87 OR AY.88 OR AY.89 OR AY.90 OR AY.91 OR AY.91.1 OR AY.92 OR AY.93 OR AY.94 OR AY.95 OR AY.96 OR AY.97 OR AY.98 OR AY.98.1 OR AY.98.1.1 OR AY.99 OR AY.99.1 OR AY.99.2 OR AY.100 OR AY.101 OR AY.102 OR AY.102.1 OR AY.102.2 OR AY.103 OR AY.103.1 OR AY.103.2 OR AY.104 OR AY.105 OR AY.106 OR AY.107 OR AY.108 OR AY.109 OR AY.110 OR AY.111 OR AY.112 OR AY.112.1 OR AY.112.2 OR AY.112.3 OR AY.113 OR AY.114 OR AY.115 OR AY.116 OR AY.116.1 OR AY.117 OR AY.118 OR AY.119 OR AY.119.1 OR AY.119.2 OR AY.120 OR AY.120.1 OR AY.120.2 OR AY.120.2.1 OR AY.121 OR AY.121.1 OR AY.122 OR AY.122.1 OR AY.122.2 OR AY.122.3 OR AY.122.4 OR AY.122.5 OR AY.122.6 OR AY.123 OR AY.123.1 OR AY.124 OR AY.124.1 OR AY.124.1.1 OR AY.125 OR AY.125.1 OR AY.126 OR AY.127 OR AY.127.1 OR AY.127.2 OR AY.127.3 OR AY.128 OR AY.129 OR AY.130 OR AY.131 OR AY.132 OR AY.133 OR AY.134 OR B.1.617.2,Delta,165.642857142857,2.42857142857143,0.0146614920224235
2021-05-22,68,4,145.571428571429,3.14285714285714,0.0215897939156035,0.00582035010963163,0.0538131684229876,AY.1 OR AY.2 OR AY.3 OR AY.3.1 OR AY.3.2 OR AY.3.3 OR AY.3.4 OR AY.4 OR AY.4.1 OR AY.4.2 OR AY.4.2.1 OR AY.4.2.2 OR AY.4.2.3 OR AY.4.2.4 OR AY.4.2.5 OR AY.4.3 OR AY.4.4 OR AY.4.5 OR AY.4.6 OR AY.4.7 OR AY.4.8 OR AY.4.9 OR AY.4.10 OR AY.4.11 OR AY.4.12 OR AY.4.13 OR AY.4.14 OR AY.4.15 OR AY.4.16 OR AY.4.17 OR AY.5 OR AY.5.1 OR AY.5.2 OR AY.5.3 OR AY.5.4 OR AY.5.5 OR AY.5.6 OR AY.5.7 OR AY.6 OR AY.7 OR AY.7.1 OR AY.7.2 OR AY.8 OR AY.9 OR AY.9.1 OR AY.9.2 OR AY.9.2.1 OR AY.9.2.2 OR AY.10 OR AY.11 OR AY.12 OR AY.13 OR AY.14 OR AY.15 OR AY.16 OR AY.16.1 OR AY.17 OR AY.18 OR AY.19 OR AY.20 OR AY.20.1 OR AY.21 OR AY.22 OR AY.23 OR AY.23.1 OR AY.23.2 OR AY.24 OR AY.24.1 OR AY.25 OR AY.25.1 OR AY.25.1.1 OR AY.25.1.2 OR AY.25.2 OR AY.25.3 OR AY.26 OR AY.26.1 OR AY.27 OR AY.28 OR AY.29 OR AY.29.1 OR AY.29.2 OR AY.30 OR AY.31 OR AY.32 OR AY.33 OR AY.33.1 OR AY.33.2 OR AY.34 OR AY.34.1 OR AY.34.1.1 OR AY.34.2 OR AY.35 OR AY.36 OR AY.36.1 OR AY.37 OR AY.38 OR AY.39 OR AY.39.1 OR AY.39.1.1 OR AY.39.1.2 OR AY.39.1.3 OR AY.39.1.4 OR AY.39.2 OR AY.39.3 OR AY.39.4 OR AY.40 OR AY.41 OR AY.42 OR AY.42.1 OR AY.43 OR AY.43.1 OR AY.43.2 OR AY.43.3 OR AY.43.4 OR AY.43.5 OR AY.43.6 OR AY.43.7 OR AY.43.8 OR AY.43.9 OR AY.44 OR AY.45 OR AY.46 OR AY.46.1 OR AY.46.2 OR AY.46.3 OR AY.46.4 OR AY.46.5 OR AY.46.6 OR AY.46.6.1 OR AY.47 OR AY.48 OR AY.49 OR AY.50 OR AY.51 OR AY.52 OR AY.53 OR AY.54 OR AY.55 OR AY.56 OR AY.57 OR AY.58 OR AY.59 OR AY.60 OR AY.61 OR AY.62 OR AY.63 OR AY.64 OR AY.65 OR AY.66 OR AY.67 OR AY.68 OR AY.69 OR AY.70 OR AY.71 OR AY.72 OR AY.73 OR AY.74 OR AY.75 OR AY.75.1 OR AY.75.2 OR AY.75.3 OR AY.76 OR AY.77 OR AY.78 OR AY.79 OR AY.80 OR AY.81 OR AY.82 OR AY.83 OR AY.84 OR AY.85 OR AY.86 OR AY.87 OR AY.88 OR AY.89 OR AY.90 OR AY.91 OR AY.91.1 OR AY.92 OR AY.93 OR AY.94 OR AY.95 OR AY.96 OR AY.97 OR AY.98 OR AY.98.1 OR AY.98.1.1 OR AY.99 OR AY.99.1 OR AY.99.2 OR AY.100 OR AY.101 OR AY.102 OR AY.102.1 OR AY.102.2 OR AY.103 OR AY.103.1 OR AY.103.2 OR AY.104 OR AY.105 OR AY.106 OR AY.107 OR AY.108 OR AY.109 OR AY.110 OR AY.111 OR AY.112 OR AY.112.1 OR AY.112.2 OR AY.112.3 OR AY.113 OR AY.114 OR AY.115 OR AY.116 OR AY.116.1 OR AY.117 OR AY.118 OR AY.119 OR AY.119.1 OR AY.119.2 OR AY.120 OR AY.120.1 OR AY.120.2 OR AY.120.2.1 OR AY.121 OR AY.121.1 OR AY.122 OR AY.122.1 OR AY.122.2 OR AY.122.3 OR AY.122.4 OR AY.122.5 OR AY.122.6 OR AY.123 OR AY.123.1 OR AY.124 OR AY.124.1 OR AY.124.1.1 OR AY.125 OR AY.125.1 OR AY.126 OR AY.127 OR AY.127.1 OR AY.127.2 OR AY.127.3 OR AY.128 OR AY.129 OR AY.130 OR AY.131 OR AY.132 OR AY.133 OR AY.134 OR B.1.617.2,Delta,161.357142857143,2.71428571428571,0.016821602478973
2021-05-23,37,0,140.285714285714,3,0.0213849287169043,0.00607128957654631,0.0560740513922259,AY.1 OR AY.2 OR AY.3 OR AY.3.1 OR AY.3.2 OR AY.3.3 OR AY.3.4 OR AY.4 OR AY.4.1 OR AY.4.2 OR AY.4.2.1 OR AY.4.2.2 OR AY.4.2.3 OR AY.4.2.4 OR AY.4.2.5 OR AY.4.3 OR AY.4.4 OR AY.4.5 OR AY.4.6 OR AY.4.7 OR AY.4.8 OR AY.4.9 OR AY.4.10 OR AY.4.11 OR AY.4.12 OR AY.4.13 OR AY.4.14 OR AY.4.15 OR AY.4.16 OR AY.4.17 OR AY.5 OR AY.5.1 OR AY.5.2 OR AY.5.3 OR AY.5.4 OR AY.5.5 OR AY.5.6 OR AY.5.7 OR AY.6 OR AY.7 OR AY.7.1 OR AY.7.2 OR AY.8 OR AY.9 OR AY.9.1 OR AY.9.2 OR AY.9.2.1 OR AY.9.2.2 OR AY.10 OR AY.11 OR AY.12 OR AY.13 OR AY.14 OR AY.15 OR AY.16 OR AY.16.1 OR AY.17 OR AY.18 OR AY.19 OR AY.20 OR AY.20.1 OR AY.21 OR AY.22 OR AY.23 OR AY.23.1 OR AY.23.2 OR AY.24 OR AY.24.1 OR AY.25 OR AY.25.1 OR AY.25.1.1 OR AY.25.1.2 OR AY.25.2 OR AY.25.3 OR AY.26 OR AY.26.1 OR AY.27 OR AY.28 OR AY.29 OR AY.29.1 OR AY.29.2 OR AY.30 OR AY.31 OR AY.32 OR AY.33 OR AY.33.1 OR AY.33.2 OR AY.34 OR AY.34.1 OR AY.34.1.1 OR AY.34.2 OR AY.35 OR AY.36 OR AY.36.1 OR AY.37 OR AY.38 OR AY.39 OR AY.39.1 OR AY.39.1.1 OR AY.39.1.2 OR AY.39.1.3 OR AY.39.1.4 OR AY.39.2 OR AY.39.3 OR AY.39.4 OR AY.40 OR AY.41 OR AY.42 OR AY.42.1 OR AY.43 OR AY.43.1 OR AY.43.2 OR AY.43.3 OR AY.43.4 OR AY.43.5 OR AY.43.6 OR AY.43.7 OR AY.43.8 OR AY.43.9 OR AY.44 OR AY.45 OR AY.46 OR AY.46.1 OR AY.46.2 OR AY.46.3 OR AY.46.4 OR AY.46.5 OR AY.46.6 OR AY.46.6.1 OR AY.47 OR AY.48 OR AY.49 OR AY.50 OR AY.51 OR AY.52 OR AY.53 OR AY.54 OR AY.55 OR AY.56 OR AY.57 OR AY.58 OR AY.59 OR AY.60 OR AY.61 OR AY.62 OR AY.63 OR AY.64 OR AY.65 OR AY.66 OR AY.67 OR AY.68 OR AY.69 OR AY.70 OR AY.71 OR AY.72 OR AY.73 OR AY.74 OR AY.75 OR AY.75.1 OR AY.75.2 OR AY.75.3 OR AY.76 OR AY.77 OR AY.78 OR AY.79 OR AY.80 OR AY.81 OR AY.82 OR AY.83 OR AY.84 OR AY.85 OR AY.86 OR AY.87 OR AY.88 OR AY.89 OR AY.90 OR AY.91 OR AY.91.1 OR AY.92 OR AY.93 OR AY.94 OR AY.95 OR AY.96 OR AY.97 OR AY.98 OR AY.98.1 OR AY.98.1.1 OR AY.99 OR AY.99.1 OR AY.99.2 OR AY.100 OR AY.101 OR AY.102 OR AY.102.1 OR AY.102.2 OR AY.103 OR AY.103.1 OR AY.103.2 OR AY.104 OR AY.105 OR AY.106 OR AY.107 OR AY.108 OR AY.109 OR AY.110 OR AY.111 OR AY.112 OR AY.112.1 OR AY.112.2 OR AY.112.3 OR AY.113 OR AY.114 OR AY.115 OR AY.116 OR AY.116.1 OR AY.117 OR AY.118 OR AY.119 OR AY.119.1 OR AY.119.2 OR AY.120 OR AY.120.1 OR AY.120.2 OR AY.120.2.1 OR AY.121 OR AY.121.1 OR AY.122 OR AY.122.1 OR AY.122.2 OR AY.122.3 OR AY.122.4 OR AY.122.5 OR AY.122.6 OR AY.123 OR AY.123.1 OR AY.124 OR AY.124.1 OR AY.124.1.1 OR AY.125 OR AY.125.1 OR AY.126 OR AY.127 OR AY.127.1 OR AY.127.2 OR AY.127.3 OR AY.128 OR AY.129 OR AY.130 OR AY.131 OR AY.132 OR AY.133 OR AY.134 OR B.1.617.2,Delta,160.571428571429,2.71428571428571,0.0169039145907473
2021-05-24,114,0,127.142857142857,2.85714285714286,0.0224719101123596,0.00669687366595405,0.0616894319218299,AY.1 OR AY.2 OR AY.3 OR AY.3.1 OR AY.3.2 OR AY.3.3 OR AY.3.4 OR AY.4 OR AY.4.1 OR AY.4.2 OR AY.4.2.1 OR AY.4.2.2 OR AY.4.2.3 OR AY.4.2.4 OR AY.4.2.5 OR AY.4.3 OR AY.4.4 OR AY.4.5 OR AY.4.6 OR AY.4.7 OR AY.4.8 OR AY.4.9 OR AY.4.10 OR AY.4.11 OR AY.4.12 OR AY.4.13 OR AY.4.14 OR AY.4.15 OR AY.4.16 OR AY.4.17 OR AY.5 OR AY.5.1 OR AY.5.2 OR AY.5.3 OR AY.5.4 OR AY.5.5 OR AY.5.6 OR AY.5.7 OR AY.6 OR AY.7 OR AY.7.1 OR AY.7.2 OR AY.8 OR AY.9 OR AY.9.1 OR AY.9.2 OR AY.9.2.1 OR AY.9.2.2 OR AY.10 OR AY.11 OR AY.12 OR AY.13 OR AY.14 OR AY.15 OR AY.16 OR AY.16.1 OR AY.17 OR AY.18 OR AY.19 OR AY.20 OR AY.20.1 OR AY.21 OR AY.22 OR AY.23 OR AY.23.1 OR AY.23.2 OR AY.24 OR AY.24.1 OR AY.25 OR AY.25.1 OR AY.25.1.1 OR AY.25.1.2 OR AY.25.2 OR AY.25.3 OR AY.26 OR AY.26.1 OR AY.27 OR AY.28 OR AY.29 OR AY.29.1 OR AY.29.2 OR AY.30 OR AY.31 OR AY.32 OR AY.33 OR AY.33.1 OR AY.33.2 OR AY.34 OR AY.34.1 OR AY.34.1.1 OR AY.34.2 OR AY.35 OR AY.36 OR AY.36.1 OR AY.37 OR AY.38 OR AY.39 OR AY.39.1 OR AY.39.1.1 OR AY.39.1.2 OR AY.39.1.3 OR AY.39.1.4 OR AY.39.2 OR AY.39.3 OR AY.39.4 OR AY.40 OR AY.41 OR AY.42 OR AY.42.1 OR AY.43 OR AY.43.1 OR AY.43.2 OR AY.43.3 OR AY.43.4 OR AY.43.5 OR AY.43.6 OR AY.43.7 OR AY.43.8 OR AY.43.9 OR AY.44 OR AY.45 OR AY.46 OR AY.46.1 OR AY.46.2 OR AY.46.3 OR AY.46.4 OR AY.46.5 OR AY.46.6 OR AY.46.6.1 OR AY.47 OR AY.48 OR AY.49 OR AY.50 OR AY.51 OR AY.52 OR AY.53 OR AY.54 OR AY.55 OR AY.56 OR AY.57 OR AY.58 OR AY.59 OR AY.60 OR AY.61 OR AY.62 OR AY.63 OR AY.64 OR AY.65 OR AY.66 OR AY.67 OR AY.68 OR AY.69 OR AY.70 OR AY.71 OR AY.72 OR AY.73 OR AY.74 OR AY.75 OR AY.75.1 OR AY.75.2 OR AY.75.3 OR AY.76 OR AY.77 OR AY.78 OR AY.79 OR AY.80 OR AY.81 OR AY.82 OR AY.83 OR AY.84 OR AY.85 OR AY.86 OR AY.87 OR AY.88 OR AY.89 OR AY.90 OR AY.91 OR AY.91.1 OR AY.92 OR AY.93 OR AY.94 OR AY.95 OR AY.96 OR AY.97 OR AY.98 OR AY.98.1 OR AY.98.1.1 OR AY.99 OR AY.99.1 OR AY.99.2 OR AY.100 OR AY.101 OR AY.102 OR AY.102.1 OR AY.102.2 OR AY.103 OR AY.103.1 OR AY.103.2 OR AY.104 OR AY.105 OR AY.106 OR AY.107 OR AY.108 OR AY.109 OR AY.110 OR AY.111 OR AY.112 OR AY.112.1 OR AY.112.2 OR AY.112.3 OR AY.113 OR AY.114 OR AY.115 OR AY.116 OR AY.116.1 OR AY.117 OR AY.118 OR AY.119 OR AY.119.1 OR AY.119.2 OR AY.120 OR AY.120.1 OR AY.120.2 OR AY.120.2.1 OR AY.121 OR AY.121.1 OR AY.122 OR AY.122.1 OR AY.122.2 OR AY.122.3 OR AY.122.4 OR AY.122.5 OR AY.122.6 OR AY.123 OR AY.123.1 OR AY.124 OR AY.124.1 OR AY.124.1.1 OR AY.125 OR AY.125.1 OR AY.126 OR AY.127 OR AY.127.1 OR AY.127.2 OR AY.127.3 OR AY.128 OR AY.129 OR AY.130 OR AY.131 OR AY.132 OR AY.133 OR AY.134 OR B.1.617.2,Delta,154.071428571429,2.64285714285714,0.0171534538711173
2021-05-25,148,3,117.428571428571,2.42857142857143,0.0206812652068127,0.00356878515196993,0.0537004285206715,AY.1 OR AY.2 OR AY.3 OR AY.3.1 OR AY.3.2 OR AY.3.3 OR AY.3.4 OR AY.4 OR AY.4.1 OR AY.4.2 OR AY.4.2.1 OR AY.4.2.2 OR AY.4.2.3 OR AY.4.2.4 OR AY.4.2.5 OR AY.4.3 OR AY.4.4 OR AY.4.5 OR AY.4.6 OR AY.4.7 OR AY.4.8 OR AY.4.9 OR AY.4.10 OR AY.4.11 OR AY.4.12 OR AY.4.13 OR AY.4.14 OR AY.4.15 OR AY.4.16 OR AY.4.17 OR AY.5 OR AY.5.1 OR AY.5.2 OR AY.5.3 OR AY.5.4 OR AY.5.5 OR AY.5.6 OR AY.5.7 OR AY.6 OR AY.7 OR AY.7.1 OR AY.7.2 OR AY.8 OR AY.9 OR AY.9.1 OR AY.9.2 OR AY.9.2.1 OR AY.9.2.2 OR AY.10 OR AY.11 OR AY.12 OR AY.13 OR AY.14 OR AY.15 OR AY.16 OR AY.16.1 OR AY.17 OR AY.18 OR AY.19 OR AY.20 OR AY.20.1 OR AY.21 OR AY.22 OR AY.23 OR AY.23.1 OR AY.23.2 OR AY.24 OR AY.24.1 OR AY.25 OR AY.25.1 OR AY.25.1.1 OR AY.25.1.2 OR AY.25.2 OR AY.25.3 OR AY.26 OR AY.26.1 OR AY.27 OR AY.28 OR AY.29 OR AY.29.1 OR AY.29.2 OR AY.30 OR AY.31 OR AY.32 OR AY.33 OR AY.33.1 OR AY.33.2 OR AY.34 OR AY.34.1 OR AY.34.1.1 OR AY.34.2 OR AY.35 OR AY.36 OR AY.36.1 OR AY.37 OR AY.38 OR AY.39 OR AY.39.1 OR AY.39.1.1 OR AY.39.1.2 OR AY.39.1.3 OR AY.39.1.4 OR AY.39.2 OR AY.39.3 OR AY.39.4 OR AY.40 OR AY.41 OR AY.42 OR AY.42.1 OR AY.43 OR AY.43.1 OR AY.43.2 OR AY.43.3 OR AY.43.4 OR AY.43.5 OR AY.43.6 OR AY.43.7 OR AY.43.8 OR AY.43.9 OR AY.44 OR AY.45 OR AY.46 OR AY.46.1 OR AY.46.2 OR AY.46.3 OR AY.46.4 OR AY.46.5 OR AY.46.6 OR AY.46.6.1 OR AY.47 OR AY.48 OR AY.49 OR AY.50 OR AY.51 OR AY.52 OR AY.53 OR AY.54 OR AY.55 OR AY.56 OR AY.57 OR AY.58 OR AY.59 OR AY.60 OR AY.61 OR AY.62 OR AY.63 OR AY.64 OR AY.65 OR AY.66 OR AY.67 OR AY.68 OR AY.69 OR AY.70 OR AY.71 OR AY.72 OR AY.73 OR AY.74 OR AY.75 OR AY.75.1 OR AY.75.2 OR AY.75.3 OR AY.76 OR AY.77 OR AY.78 OR AY.79 OR AY.80 OR AY.81 OR AY.82 OR AY.83 OR AY.84 OR AY.85 OR AY.86 OR AY.87 OR AY.88 OR AY.89 OR AY.90 OR AY.91 OR AY.91.1 OR AY.92 OR AY.93 OR AY.94 OR AY.95 OR AY.96 OR AY.97 OR AY.98 OR AY.98.1 OR AY.98.1.1 OR AY.99 OR AY.99.1 OR AY.99.2 OR AY.100 OR AY.101 OR AY.102 OR AY.102.1 OR AY.102.2 OR AY.103 OR AY.103.1 OR AY.103.2 OR AY.104 OR AY.105 OR AY.106 OR AY.107 OR AY.108 OR AY.109 OR AY.110 OR AY.111 OR AY.112 OR AY.112.1 OR AY.112.2 OR AY.112.3 OR AY.113 OR AY.114 OR AY.115 OR AY.116 OR AY.116.1 OR AY.117 OR AY.118 OR AY.119 OR AY.119.1 OR AY.119.2 OR AY.120 OR AY.120.1 OR AY.120.2 OR AY.120.2.1 OR AY.121 OR AY.121.1 OR AY.122 OR AY.122.1 OR AY.122.2 OR AY.122.3 OR AY.122.4 OR AY.122.5 OR AY.122.6 OR AY.123 OR AY.123.1 OR AY.124 OR AY.124.1 OR AY.124.1.1 OR AY.125 OR AY.125.1 OR AY.126 OR AY.127 OR AY.127.1 OR AY.127.2 OR AY.127.3 OR AY.128 OR AY.129 OR AY.130 OR AY.131 OR AY.132 OR AY.133 OR AY.134 OR B.1.617.2,Delta,148.357142857143,2.78571428571429,0.0187770823302841
2021-05-26,133,5,108.142857142857,2.28571428571429,0.0211360634081902,0.00386769598813542,0.0580738530309874,AY.1 OR AY.2 OR AY.3 OR AY.3.1 OR AY.3.2 OR AY.3.3 OR AY.3.4 OR AY.4 OR AY.4.1 OR AY.4.2 OR AY.4.2.1 OR AY.4.2.2 OR AY.4.2.3 OR AY.4.2.4 OR AY.4.2.5 OR AY.4.3 OR AY.4.4 OR AY.4.5 OR AY.4.6 OR AY.4.7 OR AY.4.8 OR AY.4.9 OR AY.4.10 OR AY.4.11 OR AY.4.12 OR AY.4.13 OR AY.4.14 OR AY.4.15 OR AY.4.16 OR AY.4.17 OR AY.5 OR AY.5.1 OR AY.5.2 OR AY.5.3 OR AY.5.4 OR AY.5.5 OR AY.5.6 OR AY.5.7 OR AY.6 OR AY.7 OR AY.7.1 OR AY.7.2 OR AY.8 OR AY.9 OR AY.9.1 OR AY.9.2 OR AY.9.2.1 OR AY.9.2.2 OR AY.10 OR AY.11 OR AY.12 OR AY.13 OR AY.14 OR AY.15 OR AY.16 OR AY.16.1 OR AY.17 OR AY.18 OR AY.19 OR AY.20 OR AY.20.1 OR AY.21 OR AY.22 OR AY.23 OR AY.23.1 OR AY.23.2 OR AY.24 OR AY.24.1 OR AY.25 OR AY.25.1 OR AY.25.1.1 OR AY.25.1.2 OR AY.25.2 OR AY.25.3 OR AY.26 OR AY.26.1 OR AY.27 OR AY.28 OR AY.29 OR AY.29.1 OR AY.29.2 OR AY.30 OR AY.31 OR AY.32 OR AY.33 OR AY.33.1 OR AY.33.2 OR AY.34 OR AY.34.1 OR AY.34.1.1 OR AY.34.2 OR AY.35 OR AY.36 OR AY.36.1 OR AY.37 OR AY.38 OR AY.39 OR AY.39.1 OR AY.39.1.1 OR AY.39.1.2 OR AY.39.1.3 OR AY.39.1.4 OR AY.39.2 OR AY.39.3 OR AY.39.4 OR AY.40 OR AY.41 OR AY.42 OR AY.42.1 OR AY.43 OR AY.43.1 OR AY.43.2 OR AY.43.3 OR AY.43.4 OR AY.43.5 OR AY.43.6 OR AY.43.7 OR AY.43.8 OR AY.43.9 OR AY.44 OR AY.45 OR AY.46 OR AY.46.1 OR AY.46.2 OR AY.46.3 OR AY.46.4 OR AY.46.5 OR AY.46.6 OR AY.46.6.1 OR AY.47 OR AY.48 OR AY.49 OR AY.50 OR AY.51 OR AY.52 OR AY.53 OR AY.54 OR AY.55 OR AY.56 OR AY.57 OR AY.58 OR AY.59 OR AY.60 OR AY.61 OR AY.62 OR AY.63 OR AY.64 OR AY.65 OR AY.66 OR AY.67 OR AY.68 OR AY.69 OR AY.70 OR AY.71 OR AY.72 OR AY.73 OR AY.74 OR AY.75 OR AY.75.1 OR AY.75.2 OR AY.75.3 OR AY.76 OR AY.77 OR AY.78 OR AY.79 OR AY.80 OR AY.81 OR AY.82 OR AY.83 OR AY.84 OR AY.85 OR AY.86 OR AY.87 OR AY.88 OR AY.89 OR AY.90 OR AY.91 OR AY.91.1 OR AY.92 OR AY.93 OR AY.94 OR AY.95 OR AY.96 OR AY.97 OR AY.98 OR AY.98.1 OR AY.98.1.1 OR AY.99 OR AY.99.1 OR AY.99.2 OR AY.100 OR AY.101 OR AY.102 OR AY.102.1 OR AY.102.2 OR AY.103 OR AY.103.1 OR AY.103.2 OR AY.104 OR AY.105 OR AY.106 OR AY.107 OR AY.108 OR AY.109 OR AY.110 OR AY.111 OR AY.112 OR AY.112.1 OR AY.112.2 OR AY.112.3 OR AY.113 OR AY.114 OR AY.115 OR AY.116 OR AY.116.1 OR AY.117 OR AY.118 OR AY.119 OR AY.119.1 OR AY.119.2 OR AY.120 OR AY.120.1 OR AY.120.2 OR AY.120.2.1 OR AY.121 OR AY.121.1 OR AY.122 OR AY.122.1 OR AY.122.2 OR AY.122.3 OR AY.122.4 OR AY.122.5 OR AY.122.6 OR AY.123 OR AY.123.1 OR AY.124 OR AY.124.1 OR AY.124.1.1 OR AY.125 OR AY.125.1 OR AY.126 OR AY.127 OR AY.127.1 OR AY.127.2 OR AY.127.3 OR AY.128 OR AY.129 OR AY.130 OR AY.131 OR AY.132 OR AY.133 OR AY.134 OR B.1.617.2,Delta,139.928571428571,2.71428571428571,0.0193976518631955
2021-05-27,111,1,103,2,0.0194174757281553,0.00405644990232525,0.0608258380842011,AY.1 OR AY.2 OR AY.3 OR AY.3.1 OR AY.3.2 OR AY.3.3 OR AY.3.4 OR AY.4 OR AY.4.1 OR AY.4.2 OR AY.4.2.1 OR AY.4.2.2 OR AY.4.2.3 OR AY.4.2.4 OR AY.4.2.5 OR AY.4.3 OR AY.4.4 OR AY.4.5 OR AY.4.6 OR AY.4.7 OR AY.4.8 OR AY.4.9 OR AY.4.10 OR AY.4.11 OR AY.4.12 OR AY.4.13 OR AY.4.14 OR AY.4.15 OR AY.4.16 OR AY.4.17 OR AY.5 OR AY.5.1 OR AY.5.2 OR AY.5.3 OR AY.5.4 OR AY.5.5 OR AY.5.6 OR AY.5.7 OR AY.6 OR AY.7 OR AY.7.1 OR AY.7.2 OR AY.8 OR AY.9 OR AY.9.1 OR AY.9.2 OR AY.9.2.1 OR AY.9.2.2 OR AY.10 OR AY.11 OR AY.12 OR AY.13 OR AY.14 OR AY.15 OR AY.16 OR AY.16.1 OR AY.17 OR AY.18 OR AY.19 OR AY.20 OR AY.20.1 OR AY.21 OR AY.22 OR AY.23 OR AY.23.1 OR AY.23.2 OR AY.24 OR AY.24.1 OR AY.25 OR AY.25.1 OR AY.25.1.1 OR AY.25.1.2 OR AY.25.2 OR AY.25.3 OR AY.26 OR AY.26.1 OR AY.27 OR AY.28 OR AY.29 OR AY.29.1 OR AY.29.2 OR AY.30 OR AY.31 OR AY.32 OR AY.33 OR AY.33.1 OR AY.33.2 OR AY.34 OR AY.34.1 OR AY.34.1.1 OR AY.34.2 OR AY.35 OR AY.36 OR AY.36.1 OR AY.37 OR AY.38 OR AY.39 OR AY.39.1 OR AY.39.1.1 OR AY.39.1.2 OR AY.39.1.3 OR AY.39.1.4 OR AY.39.2 OR AY.39.3 OR AY.39.4 OR AY.40 OR AY.41 OR AY.42 OR AY.42.1 OR AY.43 OR AY.43.1 OR AY.43.2 OR AY.43.3 OR AY.43.4 OR AY.43.5 OR AY.43.6 OR AY.43.7 OR AY.43.8 OR AY.43.9 OR AY.44 OR AY.45 OR AY.46 OR AY.46.1 OR AY.46.2 OR AY.46.3 OR AY.46.4 OR AY.46.5 OR AY.46.6 OR AY.46.6.1 OR AY.47 OR AY.48 OR AY.49 OR AY.50 OR AY.51 OR AY.52 OR AY.53 OR AY.54 OR AY.55 OR AY.56 OR AY.57 OR AY.58 OR AY.59 OR AY.60 OR AY.61 OR AY.62 OR AY.63 OR AY.64 OR AY.65 OR AY.66 OR AY.67 OR AY.68 OR AY.69 OR AY.70 OR AY.71 OR AY.72 OR AY.73 OR AY.74 OR AY.75 OR AY.75.1 OR AY.75.2 OR AY.75.3 OR AY.76 OR AY.77 OR AY.78 OR AY.79 OR AY.80 OR AY.81 OR AY.82 OR AY.83 OR AY.84 OR AY.85 OR AY.86 OR AY.87 OR AY.88 OR AY.89 OR AY.90 OR AY.91 OR AY.91.1 OR AY.92 OR AY.93 OR AY.94 OR AY.95 OR AY.96 OR AY.97 OR AY.98 OR AY.98.1 OR AY.98.1.1 OR AY.99 OR AY.99.1 OR AY.99.2 OR AY.100 OR AY.101 OR AY.102 OR AY.102.1 OR AY.102.2 OR AY.103 OR AY.103.1 OR AY.103.2 OR AY.104 OR AY.105 OR AY.106 OR AY.107 OR AY.108 OR AY.109 OR AY.110 OR AY.111 OR AY.112 OR AY.112.1 OR AY.112.2 OR AY.112.3 OR AY.113 OR AY.114 OR AY.115 OR AY.116 OR AY.116.1 OR AY.117 OR AY.118 OR AY.119 OR AY.119.1 OR AY.119.2 OR AY.120 OR AY.120.1 OR AY.120.2 OR AY.120.2.1 OR AY.121 OR AY.121.1 OR AY.122 OR AY.122.1 OR AY.122.2 OR AY.122.3 OR AY.122.4 OR AY.122.5 OR AY.122.6 OR AY.123 OR AY.123.1 OR AY.124 OR AY.124.1 OR AY.124.1.1 OR AY.125 OR AY.125.1 OR AY.126 OR AY.127 OR AY.127.1 OR AY.127.2 OR AY.127.3 OR AY.128 OR AY.129 OR AY.130 OR AY.131 OR AY.132 OR AY.133 OR AY.134 OR B.1.617.2,Delta,131.142857142857,2.64285714285714,0.0201525054466231
2021-05-28,90,2,100.142857142857,2.14285714285714,0.021398002853067,0.00417881244747181,0.0626058487848114,AY.1 OR AY.2 OR AY.3 OR AY.3.1 OR AY.3.2 OR AY.3.3 OR AY.3.4 OR AY.4 OR AY.4.1 OR AY.4.2 OR AY.4.2.1 OR AY.4.2.2 OR AY.4.2.3 OR AY.4.2.4 OR AY.4.2.5 OR AY.4.3 OR AY.4.4 OR AY.4.5 OR AY.4.6 OR AY.4.7 OR AY.4.8 OR AY.4.9 OR AY.4.10 OR AY.4.11 OR AY.4.12 OR AY.4.13 OR AY.4.14 OR AY.4.15 OR AY.4.16 OR AY.4.17 OR AY.5 OR AY.5.1 OR AY.5.2 OR AY.5.3 OR AY.5.4 OR AY.5.5 OR AY.5.6 OR AY.5.7 OR AY.6 OR AY.7 OR AY.7.1 OR AY.7.2 OR AY.8 OR AY.9 OR AY.9.1 OR AY.9.2 OR AY.9.2.1 OR AY.9.2.2 OR AY.10 OR AY.11 OR AY.12 OR AY.13 OR AY.14 OR AY.15 OR AY.16 OR AY.16.1 OR AY.17 OR AY.18 OR AY.19 OR AY.20 OR AY.20.1 OR AY.21 OR AY.22 OR AY.23 OR AY.23.1 OR AY.23.2 OR AY.24 OR AY.24.1 OR AY.25 OR AY.25.1 OR AY.25.1.1 OR AY.25.1.2 OR AY.25.2 OR AY.25.3 OR AY.26 OR AY.26.1 OR AY.27 OR AY.28 OR AY.29 OR AY.29.1 OR AY.29.2 OR AY.30 OR AY.31 OR AY.32 OR AY.33 OR AY.33.1 OR AY.33.2 OR AY.34 OR AY.34.1 OR AY.34.1.1 OR AY.34.2 OR AY.35 OR AY.36 OR AY.36.1 OR AY.37 OR AY.38 OR AY.39 OR AY.39.1 OR AY.39.1.1 OR AY.39.1.2 OR AY.39.1.3 OR AY.39.1.4 OR AY.39.2 OR AY.39.3 OR AY.39.4 OR AY.40 OR AY.41 OR AY.42 OR AY.42.1 OR AY.43 OR AY.43.1 OR AY.43.2 OR AY.43.3 OR AY.43.4 OR AY.43.5 OR AY.43.6 OR AY.43.7 OR AY.43.8 OR AY.43.9 OR AY.44 OR AY.45 OR AY.46 OR AY.46.1 OR AY.46.2 OR AY.46.3 OR AY.46.4 OR AY.46.5 OR AY.46.6 OR AY.46.6.1 OR AY.47 OR AY.48 OR AY.49 OR AY.50 OR AY.51 OR AY.52 OR AY.53 OR AY.54 OR AY.55 OR AY.56 OR AY.57 OR AY.58 OR AY.59 OR AY.60 OR AY.61 OR AY.62 OR AY.63 OR AY.64 OR AY.65 OR AY.66 OR AY.67 OR AY.68 OR AY.69 OR AY.70 OR AY.71 OR AY.72 OR AY.73 OR AY.74 OR AY.75 OR AY.75.1 OR AY.75.2 OR AY.75.3 OR AY.76 OR AY.77 OR AY.78 OR AY.79 OR AY.80 OR AY.81 OR AY.82 OR AY.83 OR AY.84 OR AY.85 OR AY.86 OR AY.87 OR AY.88 OR AY.89 OR AY.90 OR AY.91 OR AY.91.1 OR AY.92 OR AY.93 OR AY.94 OR AY.95 OR AY.96 OR AY.97 OR AY.98 OR AY.98.1 OR AY.98.1.1 OR AY.99 OR AY.99.1 OR AY.99.2 OR AY.100 OR AY.101 OR AY.102 OR AY.102.1 OR AY.102.2 OR AY.103 OR AY.103.1 OR AY.103.2 OR AY.104 OR AY.105 OR AY.106 OR AY.107 OR AY.108 OR AY.109 OR AY.110 OR AY.111 OR AY.112 OR AY.112.1 OR AY.112.2 OR AY.112.3 OR AY.113 OR AY.114 OR AY.115 OR AY.116 OR AY.116.1 OR AY.117 OR AY.118 OR AY.119 OR AY.119.1 OR AY.119.2 OR AY.120 OR AY.120.1 OR AY.120.2 OR AY.120.2.1 OR AY.121 OR AY.121.1 OR AY.122 OR AY.122.1 OR AY.122.2 OR AY.122.3 OR AY.122.4 OR AY.122.5 OR AY.122.6 OR AY.123 OR AY.123.1 OR AY.124 OR AY.124.1 OR AY.124.1.1 OR AY.125 OR AY.125.1 OR AY.126 OR AY.127 OR AY.127.1 OR AY.127.2 OR AY.127.3 OR AY.128 OR AY.129 OR AY.130 OR AY.131 OR AY.132 OR AY.133 OR AY.134 OR B.1.617.2,Delta,125.928571428571,2.42857142857143,0.0192853091321611
2021-05-29,47,4,97.1428571428572,2.14285714285714,0.0220588235294118,0.00430878690567782,0.0644931472287164,AY.1 OR AY.2 OR AY.3 OR AY.3.1 OR AY.3.2 OR AY.3.3 OR AY.3.4 OR AY.4 OR AY.4.1 OR AY.4.2 OR AY.4.2.1 OR AY.4.2.2 OR AY.4.2.3 OR AY.4.2.4 OR AY.4.2.5 OR AY.4.3 OR AY.4.4 OR AY.4.5 OR AY.4.6 OR AY.4.7 OR AY.4.8 OR AY.4.9 OR AY.4.10 OR AY.4.11 OR AY.4.12 OR AY.4.13 OR AY.4.14 OR AY.4.15 OR AY.4.16 OR AY.4.17 OR AY.5 OR AY.5.1 OR AY.5.2 OR AY.5.3 OR AY.5.4 OR AY.5.5 OR AY.5.6 OR AY.5.7 OR AY.6 OR AY.7 OR AY.7.1 OR AY.7.2 OR AY.8 OR AY.9 OR AY.9.1 OR AY.9.2 OR AY.9.2.1 OR AY.9.2.2 OR AY.10 OR AY.11 OR AY.12 OR AY.13 OR AY.14 OR AY.15 OR AY.16 OR AY.16.1 OR AY.17 OR AY.18 OR AY.19 OR AY.20 OR AY.20.1 OR AY.21 OR AY.22 OR AY.23 OR AY.23.1 OR AY.23.2 OR AY.24 OR AY.24.1 OR AY.25 OR AY.25.1 OR AY.25.1.1 OR AY.25.1.2 OR AY.25.2 OR AY.25.3 OR AY.26 OR AY.26.1 OR AY.27 OR AY.28 OR AY.29 OR AY.29.1 OR AY.29.2 OR AY.30 OR AY.31 OR AY.32 OR AY.33 OR AY.33.1 OR AY.33.2 OR AY.34 OR AY.34.1 OR AY.34.1.1 OR AY.34.2 OR AY.35 OR AY.36 OR AY.36.1 OR AY.37 OR AY.38 OR AY.39 OR AY.39.1 OR AY.39.1.1 OR AY.39.1.2 OR AY.39.1.3 OR AY.39.1.4 OR AY.39.2 OR AY.39.3 OR AY.39.4 OR AY.40 OR AY.41 OR AY.42 OR AY.42.1 OR AY.43 OR AY.43.1 OR AY.43.2 OR AY.43.3 OR AY.43.4 OR AY.43.5 OR AY.43.6 OR AY.43.7 OR AY.43.8 OR AY.43.9 OR AY.44 OR AY.45 OR AY.46 OR AY.46.1 OR AY.46.2 OR AY.46.3 OR AY.46.4 OR AY.46.5 OR AY.46.6 OR AY.46.6.1 OR AY.47 OR AY.48 OR AY.49 OR AY.50 OR AY.51 OR AY.52 OR AY.53 OR AY.54 OR AY.55 OR AY.56 OR AY.57 OR AY.58 OR AY.59 OR AY.60 OR AY.61 OR AY.62 OR AY.63 OR AY.64 OR AY.65 OR AY.66 OR AY.67 OR AY.68 OR AY.69 OR AY.70 OR AY.71 OR AY.72 OR AY.73 OR AY.74 OR AY.75 OR AY.75.1 OR AY.75.2 OR AY.75.3 OR AY.76 OR AY.77 OR AY.78 OR AY.79 OR AY.80 OR AY.81 OR AY.82 OR AY.83 OR AY.84 OR AY.85 OR AY.86 OR AY.87 OR AY.88 OR AY.89 OR AY.90 OR AY.91 OR AY.91.1 OR AY.92 OR AY.93 OR AY.94 OR AY.95 OR AY.96 OR AY.97 OR AY.98 OR AY.98.1 OR AY.98.1.1 OR AY.99 OR AY.99.1 OR AY.99.2 OR AY.100 OR AY.101 OR AY.102 OR AY.102.1 OR AY.102.2 OR AY.103 OR AY.103.1 OR AY.103.2 OR AY.104 OR AY.105 OR AY.106 OR AY.107 OR AY.108 OR AY.109 OR AY.110 OR AY.111 OR AY.112 OR AY.112.1 OR AY.112.2 OR AY.112.3 OR AY.113 OR AY.114 OR AY.115 OR AY.116 OR AY.116.1 OR AY.117 OR AY.118 OR AY.119 OR AY.119.1 OR AY.119.2 OR AY.120 OR AY.120.1 OR AY.120.2 OR AY.120.2.1 OR AY.121 OR AY.121.1 OR AY.122 OR AY.122.1 OR AY.122.2 OR AY.122.3 OR AY.122.4 OR AY.122.5 OR AY.122.6 OR AY.123 OR AY.123.1 OR AY.124 OR AY.124.1 OR AY.124.1.1 OR AY.125 OR AY.125.1 OR AY.126 OR AY.127 OR AY.127.1 OR AY.127.2 OR AY.127.3 OR AY.128 OR AY.129 OR AY.130 OR AY.131 OR AY.132 OR AY.133 OR AY.134 OR B.1.617.2,Delta,121.357142857143,2.64285714285714,0.0217775161859918
2021-05-30,17,1,94.2857142857143,2.28571428571429,0.0242424242424242,0.0044471063795331,0.0664977313145359,AY.1 OR AY.2 OR AY.3 OR AY.3.1 OR AY.3.2 OR AY.3.3 OR AY.3.4 OR AY.4 OR AY.4.1 OR AY.4.2 OR AY.4.2.1 OR AY.4.2.2 OR AY.4.2.3 OR AY.4.2.4 OR AY.4.2.5 OR AY.4.3 OR AY.4.4 OR AY.4.5 OR AY.4.6 OR AY.4.7 OR AY.4.8 OR AY.4.9 OR AY.4.10 OR AY.4.11 OR AY.4.12 OR AY.4.13 OR AY.4.14 OR AY.4.15 OR AY.4.16 OR AY.4.17 OR AY.5 OR AY.5.1 OR AY.5.2 OR AY.5.3 OR AY.5.4 OR AY.5.5 OR AY.5.6 OR AY.5.7 OR AY.6 OR AY.7 OR AY.7.1 OR AY.7.2 OR AY.8 OR AY.9 OR AY.9.1 OR AY.9.2 OR AY.9.2.1 OR AY.9.2.2 OR AY.10 OR AY.11 OR AY.12 OR AY.13 OR AY.14 OR AY.15 OR AY.16 OR AY.16.1 OR AY.17 OR AY.18 OR AY.19 OR AY.20 OR AY.20.1 OR AY.21 OR AY.22 OR AY.23 OR AY.23.1 OR AY.23.2 OR AY.24 OR AY.24.1 OR AY.25 OR AY.25.1 OR AY.25.1.1 OR AY.25.1.2 OR AY.25.2 OR AY.25.3 OR AY.26 OR AY.26.1 OR AY.27 OR AY.28 OR AY.29 OR AY.29.1 OR AY.29.2 OR AY.30 OR AY.31 OR AY.32 OR AY.33 OR AY.33.1 OR AY.33.2 OR AY.34 OR AY.34.1 OR AY.34.1.1 OR AY.34.2 OR AY.35 OR AY.36 OR AY.36.1 OR AY.37 OR AY.38 OR AY.39 OR AY.39.1 OR AY.39.1.1 OR AY.39.1.2 OR AY.39.1.3 OR AY.39.1.4 OR AY.39.2 OR AY.39.3 OR AY.39.4 OR AY.40 OR AY.41 OR AY.42 OR AY.42.1 OR AY.43 OR AY.43.1 OR AY.43.2 OR AY.43.3 OR AY.43.4 OR AY.43.5 OR AY.43.6 OR AY.43.7 OR AY.43.8 OR AY.43.9 OR AY.44 OR AY.45 OR AY.46 OR AY.46.1 OR AY.46.2 OR AY.46.3 OR AY.46.4 OR AY.46.5 OR AY.46.6 OR AY.46.6.1 OR AY.47 OR AY.48 OR AY.49 OR AY.50 OR AY.51 OR AY.52 OR AY.53 OR AY.54 OR AY.55 OR AY.56 OR AY.57 OR AY.58 OR AY.59 OR AY.60 OR AY.61 OR AY.62 OR AY.63 OR AY.64 OR AY.65 OR AY.66 OR AY.67 OR AY.68 OR AY.69 OR AY.70 OR AY.71 OR AY.72 OR AY.73 OR AY.74 OR AY.75 OR AY.75.1 OR AY.75.2 OR AY.75.3 OR AY.76 OR AY.77 OR AY.78 OR AY.79 OR AY.80 OR AY.81 OR AY.82 OR AY.83 OR AY.84 OR AY.85 OR AY.86 OR AY.87 OR AY.88 OR AY.89 OR AY.90 OR AY.91 OR AY.91.1 OR AY.92 OR AY.93 OR AY.94 OR AY.95 OR AY.96 OR AY.97 OR AY.98 OR AY.98.1 OR AY.98.1.1 OR AY.99 OR AY.99.1 OR AY.99.2 OR AY.100 OR AY.101 OR AY.102 OR AY.102.1 OR AY.102.2 OR AY.103 OR AY.103.1 OR AY.103.2 OR AY.104 OR AY.105 OR AY.106 OR AY.107 OR AY.108 OR AY.109 OR AY.110 OR AY.111 OR AY.112 OR AY.112.1 OR AY.112.2 OR AY.112.3 OR AY.113 OR AY.114 OR AY.115 OR AY.116 OR AY.116.1 OR AY.117 OR AY.118 OR AY.119 OR AY.119.1 OR AY.119.2 OR AY.120 OR AY.120.1 OR AY.120.2 OR AY.120.2.1 OR AY.121 OR AY.121.1 OR AY.122 OR AY.122.1 OR AY.122.2 OR AY.122.3 OR AY.122.4 OR AY.122.5 OR AY.122.6 OR AY.123 OR AY.123.1 OR AY.124 OR AY.124.1 OR AY.124.1.1 OR AY.125 OR AY.125.1 OR AY.126 OR AY.127 OR AY.127.1 OR AY.127.2 OR AY.127.3 OR AY.128 OR AY.129 OR AY.130 OR AY.131 OR AY.132 OR AY.133 OR AY.134 OR B.1.617.2,Delta,117.285714285714,2.64285714285714,0.0225334957369062
2021-05-31,74,1,88.5714285714286,2.42857142857143,0.0274193548387097,0.00469848963442559,0.0701306439193276,AY.1 OR AY.2 OR AY.3 OR AY.3.1 OR AY.3.2 OR AY.3.3 OR AY.3.4 OR AY.4 OR AY.4.1 OR AY.4.2 OR AY.4.2.1 OR AY.4.2.2 OR AY.4.2.3 OR AY.4.2.4 OR AY.4.2.5 OR AY.4.3 OR AY.4.4 OR AY.4.5 OR AY.4.6 OR AY.4.7 OR AY.4.8 OR AY.4.9 OR AY.4.10 OR AY.4.11 OR AY.4.12 OR AY.4.13 OR AY.4.14 OR AY.4.15 OR AY.4.16 OR AY.4.17 OR AY.5 OR AY.5.1 OR AY.5.2 OR AY.5.3 OR AY.5.4 OR AY.5.5 OR AY.5.6 OR AY.5.7 OR AY.6 OR AY.7 OR AY.7.1 OR AY.7.2 OR AY.8 OR AY.9 OR AY.9.1 OR AY.9.2 OR AY.9.2.1 OR AY.9.2.2 OR AY.10 OR AY.11 OR AY.12 OR AY.13 OR AY.14 OR AY.15 OR AY.16 OR AY.16.1 OR AY.17 OR AY.18 OR AY.19 OR AY.20 OR AY.20.1 OR AY.21 OR AY.22 OR AY.23 OR AY.23.1 OR AY.23.2 OR AY.24 OR AY.24.1 OR AY.25 OR AY.25.1 OR AY.25.1.1 OR AY.25.1.2 OR AY.25.2 OR AY.25.3 OR AY.26 OR AY.26.1 OR AY.27 OR AY.28 OR AY.29 OR AY.29.1 OR AY.29.2 OR AY.30 OR AY.31 OR AY.32 OR AY.33 OR AY.33.1 OR AY.33.2 OR AY.34 OR AY.34.1 OR AY.34.1.1 OR AY.34.2 OR AY.35 OR AY.36 OR AY.36.1 OR AY.37 OR AY.38 OR AY.39 OR AY.39.1 OR AY.39.1.1 OR AY.39.1.2 OR AY.39.1.3 OR AY.39.1.4 OR AY.39.2 OR AY.39.3 OR AY.39.4 OR AY.40 OR AY.41 OR AY.42 OR AY.42.1 OR AY.43 OR AY.43.1 OR AY.43.2 OR AY.43.3 OR AY.43.4 OR AY.43.5 OR AY.43.6 OR AY.43.7 OR AY.43.8 OR AY.43.9 OR AY.44 OR AY.45 OR AY.46 OR AY.46.1 OR AY.46.2 OR AY.46.3 OR AY.46.4 OR AY.46.5 OR AY.46.6 OR AY.46.6.1 OR AY.47 OR AY.48 OR AY.49 OR AY.50 OR AY.51 OR AY.52 OR AY.53 OR AY.54 OR AY.55 OR AY.56 OR AY.57 OR AY.58 OR AY.59 OR AY.60 OR AY.61 OR AY.62 OR AY.63 OR AY.64 OR AY.65 OR AY.66 OR AY.67 OR AY.68 OR AY.69 OR AY.70 OR AY.71 OR AY.72 OR AY.73 OR AY.74 OR AY.75 OR AY.75.1 OR AY.75.2 OR AY.75.3 OR AY.76 OR AY.77 OR AY.78 OR AY.79 OR AY.80 OR AY.81 OR AY.82 OR AY.83 OR AY.84 OR AY.85 OR AY.86 OR AY.87 OR AY.88 OR AY.89 OR AY.90 OR AY.91 OR AY.91.1 OR AY.92 OR AY.93 OR AY.94 OR AY.95 OR AY.96 OR AY.97 OR AY.98 OR AY.98.1 OR AY.98.1.1 OR AY.99 OR AY.99.1 OR AY.99.2 OR AY.100 OR AY.101 OR AY.102 OR AY.102.1 OR AY.102.2 OR AY.103 OR AY.103.1 OR AY.103.2 OR AY.104 OR AY.105 OR AY.106 OR AY.107 OR AY.108 OR AY.109 OR AY.110 OR AY.111 OR AY.112 OR AY.112.1 OR AY.112.2 OR AY.112.3 OR AY.113 OR AY.114 OR AY.115 OR AY.116 OR AY.116.1 OR AY.117 OR AY.118 OR AY.119 OR AY.119.1 OR AY.119.2 OR AY.120 OR AY.120.1 OR AY.120.2 OR AY.120.2.1 OR AY.121 OR AY.121.1 OR AY.122 OR AY.122.1 OR AY.122.2 OR AY.122.3 OR AY.122.4 OR AY.122.5 OR AY.122.6 OR AY.123 OR AY.123.1 OR AY.124 OR AY.124.1 OR AY.124.1.1 OR AY.125 OR AY.125.1 OR AY.126 OR AY.127 OR AY.127.1 OR AY.127.2 OR AY.127.3 OR AY.128 OR AY.129 OR AY.130 OR AY.131 OR AY.132 OR AY.133 OR AY.134 OR B.1.617.2,Delta,107.857142857143,2.64285714285714,0.0245033112582781
2021-06-01,89,0,80.1428571428571,2,0.0249554367201426,0.00523071359244087,0.0777787786916582,AY.1 OR AY.2 OR AY.3 OR AY.3.1 OR AY.3.2 OR AY.3.3 OR AY.3.4 OR AY.4 OR AY.4.1 OR AY.4.2 OR AY.4.2.1 OR AY.4.2.2 OR AY.4.2.3 OR AY.4.2.4 OR AY.4.2.5 OR AY.4.3 OR AY.4.4 OR AY.4.5 OR AY.4.6 OR AY.4.7 OR AY.4.8 OR AY.4.9 OR AY.4.10 OR AY.4.11 OR AY.4.12 OR AY.4.13 OR AY.4.14 OR AY.4.15 OR AY.4.16 OR AY.4.17 OR AY.5 OR AY.5.1 OR AY.5.2 OR AY.5.3 OR AY.5.4 OR AY.5.5 OR AY.5.6 OR AY.5.7 OR AY.6 OR AY.7 OR AY.7.1 OR AY.7.2 OR AY.8 OR AY.9 OR AY.9.1 OR AY.9.2 OR AY.9.2.1 OR AY.9.2.2 OR AY.10 OR AY.11 OR AY.12 OR AY.13 OR AY.14 OR AY.15 OR AY.16 OR AY.16.1 OR AY.17 OR AY.18 OR AY.19 OR AY.20 OR AY.20.1 OR AY.21 OR AY.22 OR AY.23 OR AY.23.1 OR AY.23.2 OR AY.24 OR AY.24.1 OR AY.25 OR AY.25.1 OR AY.25.1.1 OR AY.25.1.2 OR AY.25.2 OR AY.25.3 OR AY.26 OR AY.26.1 OR AY.27 OR AY.28 OR AY.29 OR AY.29.1 OR AY.29.2 OR AY.30 OR AY.31 OR AY.32 OR AY.33 OR AY.33.1 OR AY.33.2 OR AY.34 OR AY.34.1 OR AY.34.1.1 OR AY.34.2 OR AY.35 OR AY.36 OR AY.36.1 OR AY.37 OR AY.38 OR AY.39 OR AY.39.1 OR AY.39.1.1 OR AY.39.1.2 OR AY.39.1.3 OR AY.39.1.4 OR AY.39.2 OR AY.39.3 OR AY.39.4 OR AY.40 OR AY.41 OR AY.42 OR AY.42.1 OR AY.43 OR AY.43.1 OR AY.43.2 OR AY.43.3 OR AY.43.4 OR AY.43.5 OR AY.43.6 OR AY.43.7 OR AY.43.8 OR AY.43.9 OR AY.44 OR AY.45 OR AY.46 OR AY.46.1 OR AY.46.2 OR AY.46.3 OR AY.46.4 OR AY.46.5 OR AY.46.6 OR AY.46.6.1 OR AY.47 OR AY.48 OR AY.49 OR AY.50 OR AY.51 OR AY.52 OR AY.53 OR AY.54 OR AY.55 OR AY.56 OR AY.57 OR AY.58 OR AY.59 OR AY.60 OR AY.61 OR AY.62 OR AY.63 OR AY.64 OR AY.65 OR AY.66 OR AY.67 OR AY.68 OR AY.69 OR AY.70 OR AY.71 OR AY.72 OR AY.73 OR AY.74 OR AY.75 OR AY.75.1 OR AY.75.2 OR AY.75.3 OR AY.76 OR AY.77 OR AY.78 OR AY.79 OR AY.80 OR AY.81 OR AY.82 OR AY.83 OR AY.84 OR AY.85 OR AY.86 OR AY.87 OR AY.88 OR AY.89 OR AY.90 OR AY.91 OR AY.91.1 OR AY.92 OR AY.93 OR AY.94 OR AY.95 OR AY.96 OR AY.97 OR AY.98 OR AY.98.1 OR AY.98.1.1 OR AY.99 OR AY.99.1 OR AY.99.2 OR AY.100 OR AY.101 OR AY.102 OR AY.102.1 OR AY.102.2 OR AY.103 OR AY.103.1 OR AY.103.2 OR AY.104 OR AY.105 OR AY.106 OR AY.107 OR AY.108 OR AY.109 OR AY.110 OR AY.111 OR AY.112 OR AY.112.1 OR AY.112.2 OR AY.112.3 OR AY.113 OR AY.114 OR AY.115 OR AY.116 OR AY.116.1 OR AY.117 OR AY.118 OR AY.119 OR AY.119.1 OR AY.119.2 OR AY.120 OR AY.120.1 OR AY.120.2 OR AY.120.2.1 OR AY.121 OR AY.121.1 OR AY.122 OR AY.122.1 OR AY.122.2 OR AY.122.3 OR AY.122.4 OR AY.122.5 OR AY.122.6 OR AY.123 OR AY.123.1 OR AY.124 OR AY.124.1 OR AY.124.1.1 OR AY.125 OR AY.125.1 OR AY.126 OR AY.127 OR AY.127.1 OR AY.127.2 OR AY.127.3 OR AY.128 OR AY.129 OR AY.130 OR AY.131 OR AY.132 OR AY.133 OR AY.134 OR B.1.617.2,Delta,98.7857142857143,2.21428571428571,0.0224150397686189
2021-06-02,60,0,69.7142857142857,1.28571428571429,0.0184426229508197,0.00154574097410402,0.0648194854660448,AY.1 OR AY.2 OR AY.3 OR AY.3.1 OR AY.3.2 OR AY.3.3 OR AY.3.4 OR AY.4 OR AY.4.1 OR AY.4.2 OR AY.4.2.1 OR AY.4.2.2 OR AY.4.2.3 OR AY.4.2.4 OR AY.4.2.5 OR AY.4.3 OR AY.4.4 OR AY.4.5 OR AY.4.6 OR AY.4.7 OR AY.4.8 OR AY.4.9 OR AY.4.10 OR AY.4.11 OR AY.4.12 OR AY.4.13 OR AY.4.14 OR AY.4.15 OR AY.4.16 OR AY.4.17 OR AY.5 OR AY.5.1 OR AY.5.2 OR AY.5.3 OR AY.5.4 OR AY.5.5 OR AY.5.6 OR AY.5.7 OR AY.6 OR AY.7 OR AY.7.1 OR AY.7.2 OR AY.8 OR AY.9 OR AY.9.1 OR AY.9.2 OR AY.9.2.1 OR AY.9.2.2 OR AY.10 OR AY.11 OR AY.12 OR AY.13 OR AY.14 OR AY.15 OR AY.16 OR AY.16.1 OR AY.17 OR AY.18 OR AY.19 OR AY.20 OR AY.20.1 OR AY.21 OR AY.22 OR AY.23 OR AY.23.1 OR AY.23.2 OR AY.24 OR AY.24.1 OR AY.25 OR AY.25.1 OR AY.25.1.1 OR AY.25.1.2 OR AY.25.2 OR AY.25.3 OR AY.26 OR AY.26.1 OR AY.27 OR AY.28 OR AY.29 OR AY.29.1 OR AY.29.2 OR AY.30 OR AY.31 OR AY.32 OR AY.33 OR AY.33.1 OR AY.33.2 OR AY.34 OR AY.34.1 OR AY.34.1.1 OR AY.34.2 OR AY.35 OR AY.36 OR AY.36.1 OR AY.37 OR AY.38 OR AY.39 OR AY.39.1 OR AY.39.1.1 OR AY.39.1.2 OR AY.39.1.3 OR AY.39.1.4 OR AY.39.2 OR AY.39.3 OR AY.39.4 OR AY.40 OR AY.41 OR AY.42 OR AY.42.1 OR AY.43 OR AY.43.1 OR AY.43.2 OR AY.43.3 OR AY.43.4 OR AY.43.5 OR AY.43.6 OR AY.43.7 OR AY.43.8 OR AY.43.9 OR AY.44 OR AY.45 OR AY.46 OR AY.46.1 OR AY.46.2 OR AY.46.3 OR AY.46.4 OR AY.46.5 OR AY.46.6 OR AY.46.6.1 OR AY.47 OR AY.48 OR AY.49 OR AY.50 OR AY.51 OR AY.52 OR AY.53 OR AY.54 OR AY.55 OR AY.56 OR AY.57 OR AY.58 OR AY.59 OR AY.60 OR AY.61 OR AY.62 OR AY.63 OR AY.64 OR AY.65 OR AY.66 OR AY.67 OR AY.68 OR AY.69 OR AY.70 OR AY.71 OR AY.72 OR AY.73 OR AY.74 OR AY.75 OR AY.75.1 OR AY.75.2 OR AY.75.3 OR AY.76 OR AY.77 OR AY.78 OR AY.79 OR AY.80 OR AY.81 OR AY.82 OR AY.83 OR AY.84 OR AY.85 OR AY.86 OR AY.87 OR AY.88 OR AY.89 OR AY.90 OR AY.91 OR AY.91.1 OR AY.92 OR AY.93 OR AY.94 OR AY.95 OR AY.96 OR AY.97 OR AY.98 OR AY.98.1 OR AY.98.1.1 OR AY.99 OR AY.99.1 OR AY.99.2 OR AY.100 OR AY.101 OR AY.102 OR AY.102.1 OR AY.102.2 OR AY.103 OR AY.103.1 OR AY.103.2 OR AY.104 OR AY.105 OR AY.106 OR AY.107 OR AY.108 OR AY.109 OR AY.110 OR AY.111 OR AY.112 OR AY.112.1 OR AY.112.2 OR AY.112.3 OR AY.113 OR AY.114 OR AY.115 OR AY.116 OR AY.116.1 OR AY.117 OR AY.118 OR AY.119 OR AY.119.1 OR AY.119.2 OR AY.120 OR AY.120.1 OR AY.120.2 OR AY.120.2.1 OR AY.121 OR AY.121.1 OR AY.122 OR AY.122.1 OR AY.122.2 OR AY.122.3 OR AY.122.4 OR AY.122.5 OR AY.122.6 OR AY.123 OR AY.123.1 OR AY.124 OR AY.124.1 OR AY.124.1.1 OR AY.125 OR AY.125.1 OR AY.126 OR AY.127 OR AY.127.1 OR AY.127.2 OR AY.127.3 OR AY.128 OR AY.129 OR AY.130 OR AY.131 OR AY.132 OR AY.133 OR AY.134 OR B.1.617.2,Delta,88.9285714285714,1.78571428571429,0.0200803212851406
2021-06-03,37,0,59.1428571428572,1.14285714285714,0.0193236714975845,0.00183489901696892,0.0764813890335817,AY.1 OR AY.2 OR AY.3 OR AY.3.1 OR AY.3.2 OR AY.3.3 OR AY.3.4 OR AY.4 OR AY.4.1 OR AY.4.2 OR AY.4.2.1 OR AY.4.2.2 OR AY.4.2.3 OR AY.4.2.4 OR AY.4.2.5 OR AY.4.3 OR AY.4.4 OR AY.4.5 OR AY.4.6 OR AY.4.7 OR AY.4.8 OR AY.4.9 OR AY.4.10 OR AY.4.11 OR AY.4.12 OR AY.4.13 OR AY.4.14 OR AY.4.15 OR AY.4.16 OR AY.4.17 OR AY.5 OR AY.5.1 OR AY.5.2 OR AY.5.3 OR AY.5.4 OR AY.5.5 OR AY.5.6 OR AY.5.7 OR AY.6 OR AY.7 OR AY.7.1 OR AY.7.2 OR AY.8 OR AY.9 OR AY.9.1 OR AY.9.2 OR AY.9.2.1 OR AY.9.2.2 OR AY.10 OR AY.11 OR AY.12 OR AY.13 OR AY.14 OR AY.15 OR AY.16 OR AY.16.1 OR AY.17 OR AY.18 OR AY.19 OR AY.20 OR AY.20.1 OR AY.21 OR AY.22 OR AY.23 OR AY.23.1 OR AY.23.2 OR AY.24 OR AY.24.1 OR AY.25 OR AY.25.1 OR AY.25.1.1 OR AY.25.1.2 OR AY.25.2 OR AY.25.3 OR AY.26 OR AY.26.1 OR AY.27 OR AY.28 OR AY.29 OR AY.29.1 OR AY.29.2 OR AY.30 OR AY.31 OR AY.32 OR AY.33 OR AY.33.1 OR AY.33.2 OR AY.34 OR AY.34.1 OR AY.34.1.1 OR AY.34.2 OR AY.35 OR AY.36 OR AY.36.1 OR AY.37 OR AY.38 OR AY.39 OR AY.39.1 OR AY.39.1.1 OR AY.39.1.2 OR AY.39.1.3 OR AY.39.1.4 OR AY.39.2 OR AY.39.3 OR AY.39.4 OR AY.40 OR AY.41 OR AY.42 OR AY.42.1 OR AY.43 OR AY.43.1 OR AY.43.2 OR AY.43.3 OR AY.43.4 OR AY.43.5 OR AY.43.6 OR AY.43.7 OR AY.43.8 OR AY.43.9 OR AY.44 OR AY.45 OR AY.46 OR AY.46.1 OR AY.46.2 OR AY.46.3 OR AY.46.4 OR AY.46.5 OR AY.46.6 OR AY.46.6.1 OR AY.47 OR AY.48 OR AY.49 OR AY.50 OR AY.51 OR AY.52 OR AY.53 OR AY.54 OR AY.55 OR AY.56 OR AY.57 OR AY.58 OR AY.59 OR AY.60 OR AY.61 OR AY.62 OR AY.63 OR AY.64 OR AY.65 OR AY.66 OR AY.67 OR AY.68 OR AY.69 OR AY.70 OR AY.71 OR AY.72 OR AY.73 OR AY.74 OR AY.75 OR AY.75.1 OR AY.75.2 OR AY.75.3 OR AY.76 OR AY.77 OR AY.78 OR AY.79 OR AY.80 OR AY.81 OR AY.82 OR AY.83 OR AY.84 OR AY.85 OR AY.86 OR AY.87 OR AY.88 OR AY.89 OR AY.90 OR AY.91 OR AY.91.1 OR AY.92 OR AY.93 OR AY.94 OR AY.95 OR AY.96 OR AY.97 OR AY.98 OR AY.98.1 OR AY.98.1.1 OR AY.99 OR AY.99.1 OR AY.99.2 OR AY.100 OR AY.101 OR AY.102 OR AY.102.1 OR AY.102.2 OR AY.103 OR AY.103.1 OR AY.103.2 OR AY.104 OR AY.105 OR AY.106 OR AY.107 OR AY.108 OR AY.109 OR AY.110 OR AY.111 OR AY.112 OR AY.112.1 OR AY.112.2 OR AY.112.3 OR AY.113 OR AY.114 OR AY.115 OR AY.116 OR AY.116.1 OR AY.117 OR AY.118 OR AY.119 OR AY.119.1 OR AY.119.2 OR AY.120 OR AY.120.1 OR AY.120.2 OR AY.120.2.1 OR AY.121 OR AY.121.1 OR AY.122 OR AY.122.1 OR AY.122.2 OR AY.122.3 OR AY.122.4 OR AY.122.5 OR AY.122.6 OR AY.123 OR AY.123.1 OR AY.124 OR AY.124.1 OR AY.124.1.1 OR AY.125 OR AY.125.1 OR AY.126 OR AY.127 OR AY.127.1 OR AY.127.2 OR AY.127.3 OR AY.128 OR AY.129 OR AY.130 OR AY.131 OR AY.132 OR AY.133 OR AY.134 OR B.1.617.2,Delta,81.0714285714286,1.57142857142857,0.0193832599118943
2021-06-04,51,3,53.5714285714286,1.28571428571429,0.024,0.00200542217743765,0.0832920968931759,AY.1 OR AY.2 OR AY.3 OR AY.3.1 OR AY.3.2 OR AY.3.3 OR AY.3.4 OR AY.4 OR AY.4.1 OR AY.4.2 OR AY.4.2.1 OR AY.4.2.2 OR AY.4.2.3 OR AY.4.2.4 OR AY.4.2.5 OR AY.4.3 OR AY.4.4 OR AY.4.5 OR AY.4.6 OR AY.4.7 OR AY.4.8 OR AY.4.9 OR AY.4.10 OR AY.4.11 OR AY.4.12 OR AY.4.13 OR AY.4.14 OR AY.4.15 OR AY.4.16 OR AY.4.17 OR AY.5 OR AY.5.1 OR AY.5.2 OR AY.5.3 OR AY.5.4 OR AY.5.5 OR AY.5.6 OR AY.5.7 OR AY.6 OR AY.7 OR AY.7.1 OR AY.7.2 OR AY.8 OR AY.9 OR AY.9.1 OR AY.9.2 OR AY.9.2.1 OR AY.9.2.2 OR AY.10 OR AY.11 OR AY.12 OR AY.13 OR AY.14 OR AY.15 OR AY.16 OR AY.16.1 OR AY.17 OR AY.18 OR AY.19 OR AY.20 OR AY.20.1 OR AY.21 OR AY.22 OR AY.23 OR AY.23.1 OR AY.23.2 OR AY.24 OR AY.24.1 OR AY.25 OR AY.25.1 OR AY.25.1.1 OR AY.25.1.2 OR AY.25.2 OR AY.25.3 OR AY.26 OR AY.26.1 OR AY.27 OR AY.28 OR AY.29 OR AY.29.1 OR AY.29.2 OR AY.30 OR AY.31 OR AY.32 OR AY.33 OR AY.33.1 OR AY.33.2 OR AY.34 OR AY.34.1 OR AY.34.1.1 OR AY.34.2 OR AY.35 OR AY.36 OR AY.36.1 OR AY.37 OR AY.38 OR AY.39 OR AY.39.1 OR AY.39.1.1 OR AY.39.1.2 OR AY.39.1.3 OR AY.39.1.4 OR AY.39.2 OR AY.39.3 OR AY.39.4 OR AY.40 OR AY.41 OR AY.42 OR AY.42.1 OR AY.43 OR AY.43.1 OR AY.43.2 OR AY.43.3 OR AY.43.4 OR AY.43.5 OR AY.43.6 OR AY.43.7 OR AY.43.8 OR AY.43.9 OR AY.44 OR AY.45 OR AY.46 OR AY.46.1 OR AY.46.2 OR AY.46.3 OR AY.46.4 OR AY.46.5 OR AY.46.6 OR AY.46.6.1 OR AY.47 OR AY.48 OR AY.49 OR AY.50 OR AY.51 OR AY.52 OR AY.53 OR AY.54 OR AY.55 OR AY.56 OR AY.57 OR AY.58 OR AY.59 OR AY.60 OR AY.61 OR AY.62 OR AY.63 OR AY.64 OR AY.65 OR AY.66 OR AY.67 OR AY.68 OR AY.69 OR AY.70 OR AY.71 OR AY.72 OR AY.73 OR AY.74 OR AY.75 OR AY.75.1 OR AY.75.2 OR AY.75.3 OR AY.76 OR AY.77 OR AY.78 OR AY.79 OR AY.80 OR AY.81 OR AY.82 OR AY.83 OR AY.84 OR AY.85 OR AY.86 OR AY.87 OR AY.88 OR AY.89 OR AY.90 OR AY.91 OR AY.91.1 OR AY.92 OR AY.93 OR AY.94 OR AY.95 OR AY.96 OR AY.97 OR AY.98 OR AY.98.1 OR AY.98.1.1 OR AY.99 OR AY.99.1 OR AY.99.2 OR AY.100 OR AY.101 OR AY.102 OR AY.102.1 OR AY.102.2 OR AY.103 OR AY.103.1 OR AY.103.2 OR AY.104 OR AY.105 OR AY.106 OR AY.107 OR AY.108 OR AY.109 OR AY.110 OR AY.111 OR AY.112 OR AY.112.1 OR AY.112.2 OR AY.112.3 OR AY.113 OR AY.114 OR AY.115 OR AY.116 OR AY.116.1 OR AY.117 OR AY.118 OR AY.119 OR AY.119.1 OR AY.119.2 OR AY.120 OR AY.120.1 OR AY.120.2 OR AY.120.2.1 OR AY.121 OR AY.121.1 OR AY.122 OR AY.122.1 OR AY.122.2 OR AY.122.3 OR AY.122.4 OR AY.122.5 OR AY.122.6 OR AY.123 OR AY.123.1 OR AY.124 OR AY.124.1 OR AY.124.1.1 OR AY.125 OR AY.125.1 OR AY.126 OR AY.127 OR AY.127.1 OR AY.127.2 OR AY.127.3 OR AY.128 OR AY.129 OR AY.130 OR AY.131 OR AY.132 OR AY.133 OR AY.134 OR B.1.617.2,Delta,76.8571428571429,1.71428571428571,0.0223048327137546
2021-06-05,22,1,50,0.857142857142857,0.0171428571428571,0.00216649417529363,0.089680351056964,AY.1 OR AY.2 OR AY.3 OR AY.3.1 OR AY.3.2 OR AY.3.3 OR AY.3.4 OR AY.4 OR AY.4.1 OR AY.4.2 OR AY.4.2.1 OR AY.4.2.2 OR AY.4.2.3 OR AY.4.2.4 OR AY.4.2.5 OR AY.4.3 OR AY.4.4 OR AY.4.5 OR AY.4.6 OR AY.4.7 OR AY.4.8 OR AY.4.9 OR AY.4.10 OR AY.4.11 OR AY.4.12 OR AY.4.13 OR AY.4.14 OR AY.4.15 OR AY.4.16 OR AY.4.17 OR AY.5 OR AY.5.1 OR AY.5.2 OR AY.5.3 OR AY.5.4 OR AY.5.5 OR AY.5.6 OR AY.5.7 OR AY.6 OR AY.7 OR AY.7.1 OR AY.7.2 OR AY.8 OR AY.9 OR AY.9.1 OR AY.9.2 OR AY.9.2.1 OR AY.9.2.2 OR AY.10 OR AY.11 OR AY.12 OR AY.13 OR AY.14 OR AY.15 OR AY.16 OR AY.16.1 OR AY.17 OR AY.18 OR AY.19 OR AY.20 OR AY.20.1 OR AY.21 OR AY.22 OR AY.23 OR AY.23.1 OR AY.23.2 OR AY.24 OR AY.24.1 OR AY.25 OR AY.25.1 OR AY.25.1.1 OR AY.25.1.2 OR AY.25.2 OR AY.25.3 OR AY.26 OR AY.26.1 OR AY.27 OR AY.28 OR AY.29 OR AY.29.1 OR AY.29.2 OR AY.30 OR AY.31 OR AY.32 OR AY.33 OR AY.33.1 OR AY.33.2 OR AY.34 OR AY.34.1 OR AY.34.1.1 OR AY.34.2 OR AY.35 OR AY.36 OR AY.36.1 OR AY.37 OR AY.38 OR AY.39 OR AY.39.1 OR AY.39.1.1 OR AY.39.1.2 OR AY.39.1.3 OR AY.39.1.4 OR AY.39.2 OR AY.39.3 OR AY.39.4 OR AY.40 OR AY.41 OR AY.42 OR AY.42.1 OR AY.43 OR AY.43.1 OR AY.43.2 OR AY.43.3 OR AY.43.4 OR AY.43.5 OR AY.43.6 OR AY.43.7 OR AY.43.8 OR AY.43.9 OR AY.44 OR AY.45 OR AY.46 OR AY.46.1 OR AY.46.2 OR AY.46.3 OR AY.46.4 OR AY.46.5 OR AY.46.6 OR AY.46.6.1 OR AY.47 OR AY.48 OR AY.49 OR AY.50 OR AY.51 OR AY.52 OR AY.53 OR AY.54 OR AY.55 OR AY.56 OR AY.57 OR AY.58 OR AY.59 OR AY.60 OR AY.61 OR AY.62 OR AY.63 OR AY.64 OR AY.65 OR AY.66 OR AY.67 OR AY.68 OR AY.69 OR AY.70 OR AY.71 OR AY.72 OR AY.73 OR AY.74 OR AY.75 OR AY.75.1 OR AY.75.2 OR AY.75.3 OR AY.76 OR AY.77 OR AY.78 OR AY.79 OR AY.80 OR AY.81 OR AY.82 OR AY.83 OR AY.84 OR AY.85 OR AY.86 OR AY.87 OR AY.88 OR AY.89 OR AY.90 OR AY.91 OR AY.91.1 OR AY.92 OR AY.93 OR AY.94 OR AY.95 OR AY.96 OR AY.97 OR AY.98 OR AY.98.1 OR AY.98.1.1 OR AY.99 OR AY.99.1 OR AY.99.2 OR AY.100 OR AY.101 OR AY.102 OR AY.102.1 OR AY.102.2 OR AY.103 OR AY.103.1 OR AY.103.2 OR AY.104 OR AY.105 OR AY.106 OR AY.107 OR AY.108 OR AY.109 OR AY.110 OR AY.111 OR AY.112 OR AY.112.1 OR AY.112.2 OR AY.112.3 OR AY.113 OR AY.114 OR AY.115 OR AY.116 OR AY.116.1 OR AY.117 OR AY.118 OR AY.119 OR AY.119.1 OR AY.119.2 OR AY.120 OR AY.120.1 OR AY.120.2 OR AY.120.2.1 OR AY.121 OR AY.121.1 OR AY.122 OR AY.122.1 OR AY.122.2 OR AY.122.3 OR AY.122.4 OR AY.122.5 OR AY.122.6 OR AY.123 OR AY.123.1 OR AY.124 OR AY.124.1 OR AY.124.1.1 OR AY.125 OR AY.125.1 OR AY.126 OR AY.127 OR AY.127.1 OR AY.127.2 OR AY.127.3 OR AY.128 OR AY.129 OR AY.130 OR AY.131 OR AY.132 OR AY.133 OR AY.134 OR B.1.617.2,Delta,73.5714285714286,1.5,0.0203883495145631
2021-06-06,11,1,49.1428571428572,0.857142857142857,0.0174418604651163,0.00221088792793673,0.0914334057022352,AY.1 OR AY.2 OR AY.3 OR AY.3.1 OR AY.3.2 OR AY.3.3 OR AY.3.4 OR AY.4 OR AY.4.1 OR AY.4.2 OR AY.4.2.1 OR AY.4.2.2 OR AY.4.2.3 OR AY.4.2.4 OR AY.4.2.5 OR AY.4.3 OR AY.4.4 OR AY.4.5 OR AY.4.6 OR AY.4.7 OR AY.4.8 OR AY.4.9 OR AY.4.10 OR AY.4.11 OR AY.4.12 OR AY.4.13 OR AY.4.14 OR AY.4.15 OR AY.4.16 OR AY.4.17 OR AY.5 OR AY.5.1 OR AY.5.2 OR AY.5.3 OR AY.5.4 OR AY.5.5 OR AY.5.6 OR AY.5.7 OR AY.6 OR AY.7 OR AY.7.1 OR AY.7.2 OR AY.8 OR AY.9 OR AY.9.1 OR AY.9.2 OR AY.9.2.1 OR AY.9.2.2 OR AY.10 OR AY.11 OR AY.12 OR AY.13 OR AY.14 OR AY.15 OR AY.16 OR AY.16.1 OR AY.17 OR AY.18 OR AY.19 OR AY.20 OR AY.20.1 OR AY.21 OR AY.22 OR AY.23 OR AY.23.1 OR AY.23.2 OR AY.24 OR AY.24.1 OR AY.25 OR AY.25.1 OR AY.25.1.1 OR AY.25.1.2 OR AY.25.2 OR AY.25.3 OR AY.26 OR AY.26.1 OR AY.27 OR AY.28 OR AY.29 OR AY.29.1 OR AY.29.2 OR AY.30 OR AY.31 OR AY.32 OR AY.33 OR AY.33.1 OR AY.33.2 OR AY.34 OR AY.34.1 OR AY.34.1.1 OR AY.34.2 OR AY.35 OR AY.36 OR AY.36.1 OR AY.37 OR AY.38 OR AY.39 OR AY.39.1 OR AY.39.1.1 OR AY.39.1.2 OR AY.39.1.3 OR AY.39.1.4 OR AY.39.2 OR AY.39.3 OR AY.39.4 OR AY.40 OR AY.41 OR AY.42 OR AY.42.1 OR AY.43 OR AY.43.1 OR AY.43.2 OR AY.43.3 OR AY.43.4 OR AY.43.5 OR AY.43.6 OR AY.43.7 OR AY.43.8 OR AY.43.9 OR AY.44 OR AY.45 OR AY.46 OR AY.46.1 OR AY.46.2 OR AY.46.3 OR AY.46.4 OR AY.46.5 OR AY.46.6 OR AY.46.6.1 OR AY.47 OR AY.48 OR AY.49 OR AY.50 OR AY.51 OR AY.52 OR AY.53 OR AY.54 OR AY.55 OR AY.56 OR AY.57 OR AY.58 OR AY.59 OR AY.60 OR AY.61 OR AY.62 OR AY.63 OR AY.64 OR AY.65 OR AY.66 OR AY.67 OR AY.68 OR AY.69 OR AY.70 OR AY.71 OR AY.72 OR AY.73 OR AY.74 OR AY.75 OR AY.75.1 OR AY.75.2 OR AY.75.3 OR AY.76 OR AY.77 OR AY.78 OR AY.79 OR AY.80 OR AY.81 OR AY.82 OR AY.83 OR AY.84 OR AY.85 OR AY.86 OR AY.87 OR AY.88 OR AY.89 OR AY.90 OR AY.91 OR AY.91.1 OR AY.92 OR AY.93 OR AY.94 OR AY.95 OR AY.96 OR AY.97 OR AY.98 OR AY.98.1 OR AY.98.1.1 OR AY.99 OR AY.99.1 OR AY.99.2 OR AY.100 OR AY.101 OR AY.102 OR AY.102.1 OR AY.102.2 OR AY.103 OR AY.103.1 OR AY.103.2 OR AY.104 OR AY.105 OR AY.106 OR AY.107 OR AY.108 OR AY.109 OR AY.110 OR AY.111 OR AY.112 OR AY.112.1 OR AY.112.2 OR AY.112.3 OR AY.113 OR AY.114 OR AY.115 OR AY.116 OR AY.116.1 OR AY.117 OR AY.118 OR AY.119 OR AY.119.1 OR AY.119.2 OR AY.120 OR AY.120.1 OR AY.120.2 OR AY.120.2.1 OR AY.121 OR AY.121.1 OR AY.122 OR AY.122.1 OR AY.122.2 OR AY.122.3 OR AY.122.4 OR AY.122.5 OR AY.122.6 OR AY.123 OR AY.123.1 OR AY.124 OR AY.124.1 OR AY.124.1.1 OR AY.125 OR AY.125.1 OR AY.126 OR AY.127 OR AY.127.1 OR AY.127.2 OR AY.127.3 OR AY.128 OR AY.129 OR AY.130 OR AY.131 OR AY.132 OR AY.133 OR AY.134 OR B.1.617.2,Delta,71.7142857142857,1.57142857142857,0.0219123505976096
2021-06-07,44,3,44.8571428571429,1.14285714285714,0.0254777070063694,0.00240828131893743,0.0991884795248088,AY.1 OR AY.2 OR AY.3 OR AY.3.1 OR AY.3.2 OR AY.3.3 OR AY.3.4 OR AY.4 OR AY.4.1 OR AY.4.2 OR AY.4.2.1 OR AY.4.2.2 OR AY.4.2.3 OR AY.4.2.4 OR AY.4.2.5 OR AY.4.3 OR AY.4.4 OR AY.4.5 OR AY.4.6 OR AY.4.7 OR AY.4.8 OR AY.4.9 OR AY.4.10 OR AY.4.11 OR AY.4.12 OR AY.4.13 OR AY.4.14 OR AY.4.15 OR AY.4.16 OR AY.4.17 OR AY.5 OR AY.5.1 OR AY.5.2 OR AY.5.3 OR AY.5.4 OR AY.5.5 OR AY.5.6 OR AY.5.7 OR AY.6 OR AY.7 OR AY.7.1 OR AY.7.2 OR AY.8 OR AY.9 OR AY.9.1 OR AY.9.2 OR AY.9.2.1 OR AY.9.2.2 OR AY.10 OR AY.11 OR AY.12 OR AY.13 OR AY.14 OR AY.15 OR AY.16 OR AY.16.1 OR AY.17 OR AY.18 OR AY.19 OR AY.20 OR AY.20.1 OR AY.21 OR AY.22 OR AY.23 OR AY.23.1 OR AY.23.2 OR AY.24 OR AY.24.1 OR AY.25 OR AY.25.1 OR AY.25.1.1 OR AY.25.1.2 OR AY.25.2 OR AY.25.3 OR AY.26 OR AY.26.1 OR AY.27 OR AY.28 OR AY.29 OR AY.29.1 OR AY.29.2 OR AY.30 OR AY.31 OR AY.32 OR AY.33 OR AY.33.1 OR AY.33.2 OR AY.34 OR AY.34.1 OR AY.34.1.1 OR AY.34.2 OR AY.35 OR AY.36 OR AY.36.1 OR AY.37 OR AY.38 OR AY.39 OR AY.39.1 OR AY.39.1.1 OR AY.39.1.2 OR AY.39.1.3 OR AY.39.1.4 OR AY.39.2 OR AY.39.3 OR AY.39.4 OR AY.40 OR AY.41 OR AY.42 OR AY.42.1 OR AY.43 OR AY.43.1 OR AY.43.2 OR AY.43.3 OR AY.43.4 OR AY.43.5 OR AY.43.6 OR AY.43.7 OR AY.43.8 OR AY.43.9 OR AY.44 OR AY.45 OR AY.46 OR AY.46.1 OR AY.46.2 OR AY.46.3 OR AY.46.4 OR AY.46.5 OR AY.46.6 OR AY.46.6.1 OR AY.47 OR AY.48 OR AY.49 OR AY.50 OR AY.51 OR AY.52 OR AY.53 OR AY.54 OR AY.55 OR AY.56 OR AY.57 OR AY.58 OR AY.59 OR AY.60 OR AY.61 OR AY.62 OR AY.63 OR AY.64 OR AY.65 OR AY.66 OR AY.67 OR AY.68 OR AY.69 OR AY.70 OR AY.71 OR AY.72 OR AY.73 OR AY.74 OR AY.75 OR AY.75.1 OR AY.75.2 OR AY.75.3 OR AY.76 OR AY.77 OR AY.78 OR AY.79 OR AY.80 OR AY.81 OR AY.82 OR AY.83 OR AY.84 OR AY.85 OR AY.86 OR AY.87 OR AY.88 OR AY.89 OR AY.90 OR AY.91 OR AY.91.1 OR AY.92 OR AY.93 OR AY.94 OR AY.95 OR AY.96 OR AY.97 OR AY.98 OR AY.98.1 OR AY.98.1.1 OR AY.99 OR AY.99.1 OR AY.99.2 OR AY.100 OR AY.101 OR AY.102 OR AY.102.1 OR AY.102.2 OR AY.103 OR AY.103.1 OR AY.103.2 OR AY.104 OR AY.105 OR AY.106 OR AY.107 OR AY.108 OR AY.109 OR AY.110 OR AY.111 OR AY.112 OR AY.112.1 OR AY.112.2 OR AY.112.3 OR AY.113 OR AY.114 OR AY.115 OR AY.116 OR AY.116.1 OR AY.117 OR AY.118 OR AY.119 OR AY.119.1 OR AY.119.2 OR AY.120 OR AY.120.1 OR AY.120.2 OR AY.120.2.1 OR AY.121 OR AY.121.1 OR AY.122 OR AY.122.1 OR AY.122.2 OR AY.122.3 OR AY.122.4 OR AY.122.5 OR AY.122.6 OR AY.123 OR AY.123.1 OR AY.124 OR AY.124.1 OR AY.124.1.1 OR AY.125 OR AY.125.1 OR AY.126 OR AY.127 OR AY.127.1 OR AY.127.2 OR AY.127.3 OR AY.128 OR AY.129 OR AY.130 OR AY.131 OR AY.132 OR AY.133 OR AY.134 OR B.1.617.2,Delta,66.7142857142857,1.78571428571429,0.0267665952890792
2021-06-08,64,6,41.2857142857143,2,0.0484429065743945,0.0102740281678407,0.14740528258729,AY.1 OR AY.2 OR AY.3 OR AY.3.1 OR AY.3.2 OR AY.3.3 OR AY.3.4 OR AY.4 OR AY.4.1 OR AY.4.2 OR AY.4.2.1 OR AY.4.2.2 OR AY.4.2.3 OR AY.4.2.4 OR AY.4.2.5 OR AY.4.3 OR AY.4.4 OR AY.4.5 OR AY.4.6 OR AY.4.7 OR AY.4.8 OR AY.4.9 OR AY.4.10 OR AY.4.11 OR AY.4.12 OR AY.4.13 OR AY.4.14 OR AY.4.15 OR AY.4.16 OR AY.4.17 OR AY.5 OR AY.5.1 OR AY.5.2 OR AY.5.3 OR AY.5.4 OR AY.5.5 OR AY.5.6 OR AY.5.7 OR AY.6 OR AY.7 OR AY.7.1 OR AY.7.2 OR AY.8 OR AY.9 OR AY.9.1 OR AY.9.2 OR AY.9.2.1 OR AY.9.2.2 OR AY.10 OR AY.11 OR AY.12 OR AY.13 OR AY.14 OR AY.15 OR AY.16 OR AY.16.1 OR AY.17 OR AY.18 OR AY.19 OR AY.20 OR AY.20.1 OR AY.21 OR AY.22 OR AY.23 OR AY.23.1 OR AY.23.2 OR AY.24 OR AY.24.1 OR AY.25 OR AY.25.1 OR AY.25.1.1 OR AY.25.1.2 OR AY.25.2 OR AY.25.3 OR AY.26 OR AY.26.1 OR AY.27 OR AY.28 OR AY.29 OR AY.29.1 OR AY.29.2 OR AY.30 OR AY.31 OR AY.32 OR AY.33 OR AY.33.1 OR AY.33.2 OR AY.34 OR AY.34.1 OR AY.34.1.1 OR AY.34.2 OR AY.35 OR AY.36 OR AY.36.1 OR AY.37 OR AY.38 OR AY.39 OR AY.39.1 OR AY.39.1.1 OR AY.39.1.2 OR AY.39.1.3 OR AY.39.1.4 OR AY.39.2 OR AY.39.3 OR AY.39.4 OR AY.40 OR AY.41 OR AY.42 OR AY.42.1 OR AY.43 OR AY.43.1 OR AY.43.2 OR AY.43.3 OR AY.43.4 OR AY.43.5 OR AY.43.6 OR AY.43.7 OR AY.43.8 OR AY.43.9 OR AY.44 OR AY.45 OR AY.46 OR AY.46.1 OR AY.46.2 OR AY.46.3 OR AY.46.4 OR AY.46.5 OR AY.46.6 OR AY.46.6.1 OR AY.47 OR AY.48 OR AY.49 OR AY.50 OR AY.51 OR AY.52 OR AY.53 OR AY.54 OR AY.55 OR AY.56 OR AY.57 OR AY.58 OR AY.59 OR AY.60 OR AY.61 OR AY.62 OR AY.63 OR AY.64 OR AY.65 OR AY.66 OR AY.67 OR AY.68 OR AY.69 OR AY.70 OR AY.71 OR AY.72 OR AY.73 OR AY.74 OR AY.75 OR AY.75.1 OR AY.75.2 OR AY.75.3 OR AY.76 OR AY.77 OR AY.78 OR AY.79 OR AY.80 OR AY.81 OR AY.82 OR AY.83 OR AY.84 OR AY.85 OR AY.86 OR AY.87 OR AY.88 OR AY.89 OR AY.90 OR AY.91 OR AY.91.1 OR AY.92 OR AY.93 OR AY.94 OR AY.95 OR AY.96 OR AY.97 OR AY.98 OR AY.98.1 OR AY.98.1.1 OR AY.99 OR AY.99.1 OR AY.99.2 OR AY.100 OR AY.101 OR AY.102 OR AY.102.1 OR AY.102.2 OR AY.103 OR AY.103.1 OR AY.103.2 OR AY.104 OR AY.105 OR AY.106 OR AY.107 OR AY.108 OR AY.109 OR AY.110 OR AY.111 OR AY.112 OR AY.112.1 OR AY.112.2 OR AY.112.3 OR AY.113 OR AY.114 OR AY.115 OR AY.116 OR AY.116.1 OR AY.117 OR AY.118 OR AY.119 OR AY.119.1 OR AY.119.2 OR AY.120 OR AY.120.1 OR AY.120.2 OR AY.120.2.1 OR AY.121 OR AY.121.1 OR AY.122 OR AY.122.1 OR AY.122.2 OR AY.122.3 OR AY.122.4 OR AY.122.5 OR AY.122.6 OR AY.123 OR AY.123.1 OR AY.124 OR AY.124.1 OR AY.124.1.1 OR AY.125 OR AY.125.1 OR AY.126 OR AY.127 OR AY.127.1 OR AY.127.2 OR AY.127.3 OR AY.128 OR AY.129 OR AY.130 OR AY.131 OR AY.132 OR AY.133 OR AY.134 OR B.1.617.2,Delta,60.7142857142857,2,0.0329411764705882
2021-06-09,57,3,40.8571428571429,2.42857142857143,0.0594405594405594,0.0102740281678407,0.14740528258729,AY.1 OR AY.2 OR AY.3 OR AY.3.1 OR AY.3.2 OR AY.3.3 OR AY.3.4 OR AY.4 OR AY.4.1 OR AY.4.2 OR AY.4.2.1 OR AY.4.2.2 OR AY.4.2.3 OR AY.4.2.4 OR AY.4.2.5 OR AY.4.3 OR AY.4.4 OR AY.4.5 OR AY.4.6 OR AY.4.7 OR AY.4.8 OR AY.4.9 OR AY.4.10 OR AY.4.11 OR AY.4.12 OR AY.4.13 OR AY.4.14 OR AY.4.15 OR AY.4.16 OR AY.4.17 OR AY.5 OR AY.5.1 OR AY.5.2 OR AY.5.3 OR AY.5.4 OR AY.5.5 OR AY.5.6 OR AY.5.7 OR AY.6 OR AY.7 OR AY.7.1 OR AY.7.2 OR AY.8 OR AY.9 OR AY.9.1 OR AY.9.2 OR AY.9.2.1 OR AY.9.2.2 OR AY.10 OR AY.11 OR AY.12 OR AY.13 OR AY.14 OR AY.15 OR AY.16 OR AY.16.1 OR AY.17 OR AY.18 OR AY.19 OR AY.20 OR AY.20.1 OR AY.21 OR AY.22 OR AY.23 OR AY.23.1 OR AY.23.2 OR AY.24 OR AY.24.1 OR AY.25 OR AY.25.1 OR AY.25.1.1 OR AY.25.1.2 OR AY.25.2 OR AY.25.3 OR AY.26 OR AY.26.1 OR AY.27 OR AY.28 OR AY.29 OR AY.29.1 OR AY.29.2 OR AY.30 OR AY.31 OR AY.32 OR AY.33 OR AY.33.1 OR AY.33.2 OR AY.34 OR AY.34.1 OR AY.34.1.1 OR AY.34.2 OR AY.35 OR AY.36 OR AY.36.1 OR AY.37 OR AY.38 OR AY.39 OR AY.39.1 OR AY.39.1.1 OR AY.39.1.2 OR AY.39.1.3 OR AY.39.1.4 OR AY.39.2 OR AY.39.3 OR AY.39.4 OR AY.40 OR AY.41 OR AY.42 OR AY.42.1 OR AY.43 OR AY.43.1 OR AY.43.2 OR AY.43.3 OR AY.43.4 OR AY.43.5 OR AY.43.6 OR AY.43.7 OR AY.43.8 OR AY.43.9 OR AY.44 OR AY.45 OR AY.46 OR AY.46.1 OR AY.46.2 OR AY.46.3 OR AY.46.4 OR AY.46.5 OR AY.46.6 OR AY.46.6.1 OR AY.47 OR AY.48 OR AY.49 OR AY.50 OR AY.51 OR AY.52 OR AY.53 OR AY.54 OR AY.55 OR AY.56 OR AY.57 OR AY.58 OR AY.59 OR AY.60 OR AY.61 OR AY.62 OR AY.63 OR AY.64 OR AY.65 OR AY.66 OR AY.67 OR AY.68 OR AY.69 OR AY.70 OR AY.71 OR AY.72 OR AY.73 OR AY.74 OR AY.75 OR AY.75.1 OR AY.75.2 OR AY.75.3 OR AY.76 OR AY.77 OR AY.78 OR AY.79 OR AY.80 OR AY.81 OR AY.82 OR AY.83 OR AY.84 OR AY.85 OR AY.86 OR AY.87 OR AY.88 OR AY.89 OR AY.90 OR AY.91 OR AY.91.1 OR AY.92 OR AY.93 OR AY.94 OR AY.95 OR AY.96 OR AY.97 OR AY.98 OR AY.98.1 OR AY.98.1.1 OR AY.99 OR AY.99.1 OR AY.99.2 OR AY.100 OR AY.101 OR AY.102 OR AY.102.1 OR AY.102.2 OR AY.103 OR AY.103.1 OR AY.103.2 OR AY.104 OR AY.105 OR AY.106 OR AY.107 OR AY.108 OR AY.109 OR AY.110 OR AY.111 OR AY.112 OR AY.112.1 OR AY.112.2 OR AY.112.3 OR AY.113 OR AY.114 OR AY.115 OR AY.116 OR AY.116.1 OR AY.117 OR AY.118 OR AY.119 OR AY.119.1 OR AY.119.2 OR AY.120 OR AY.120.1 OR AY.120.2 OR AY.120.2.1 OR AY.121 OR AY.121.1 OR AY.122 OR AY.122.1 OR AY.122.2 OR AY.122.3 OR AY.122.4 OR AY.122.5 OR AY.122.6 OR AY.123 OR AY.123.1 OR AY.124 OR AY.124.1 OR AY.124.1.1 OR AY.125 OR AY.125.1 OR AY.126 OR AY.127 OR AY.127.1 OR AY.127.2 OR AY.127.3 OR AY.128 OR AY.129 OR AY.130 OR AY.131 OR AY.132 OR AY.133 OR AY.134 OR B.1.617.2,Delta,55.2857142857143,1.85714285714286,0.0335917312661499
2021-06-10,51,1,42.8571428571429,2.57142857142857,0.06,0.0200408801113493,0.174621409970272,AY.1 OR AY.2 OR AY.3 OR AY.3.1 OR AY.3.2 OR AY.3.3 OR AY.3.4 OR AY.4 OR AY.4.1 OR AY.4.2 OR AY.4.2.1 OR AY.4.2.2 OR AY.4.2.3 OR AY.4.2.4 OR AY.4.2.5 OR AY.4.3 OR AY.4.4 OR AY.4.5 OR AY.4.6 OR AY.4.7 OR AY.4.8 OR AY.4.9 OR AY.4.10 OR AY.4.11 OR AY.4.12 OR AY.4.13 OR AY.4.14 OR AY.4.15 OR AY.4.16 OR AY.4.17 OR AY.5 OR AY.5.1 OR AY.5.2 OR AY.5.3 OR AY.5.4 OR AY.5.5 OR AY.5.6 OR AY.5.7 OR AY.6 OR AY.7 OR AY.7.1 OR AY.7.2 OR AY.8 OR AY.9 OR AY.9.1 OR AY.9.2 OR AY.9.2.1 OR AY.9.2.2 OR AY.10 OR AY.11 OR AY.12 OR AY.13 OR AY.14 OR AY.15 OR AY.16 OR AY.16.1 OR AY.17 OR AY.18 OR AY.19 OR AY.20 OR AY.20.1 OR AY.21 OR AY.22 OR AY.23 OR AY.23.1 OR AY.23.2 OR AY.24 OR AY.24.1 OR AY.25 OR AY.25.1 OR AY.25.1.1 OR AY.25.1.2 OR AY.25.2 OR AY.25.3 OR AY.26 OR AY.26.1 OR AY.27 OR AY.28 OR AY.29 OR AY.29.1 OR AY.29.2 OR AY.30 OR AY.31 OR AY.32 OR AY.33 OR AY.33.1 OR AY.33.2 OR AY.34 OR AY.34.1 OR AY.34.1.1 OR AY.34.2 OR AY.35 OR AY.36 OR AY.36.1 OR AY.37 OR AY.38 OR AY.39 OR AY.39.1 OR AY.39.1.1 OR AY.39.1.2 OR AY.39.1.3 OR AY.39.1.4 OR AY.39.2 OR AY.39.3 OR AY.39.4 OR AY.40 OR AY.41 OR AY.42 OR AY.42.1 OR AY.43 OR AY.43.1 OR AY.43.2 OR AY.43.3 OR AY.43.4 OR AY.43.5 OR AY.43.6 OR AY.43.7 OR AY.43.8 OR AY.43.9 OR AY.44 OR AY.45 OR AY.46 OR AY.46.1 OR AY.46.2 OR AY.46.3 OR AY.46.4 OR AY.46.5 OR AY.46.6 OR AY.46.6.1 OR AY.47 OR AY.48 OR AY.49 OR AY.50 OR AY.51 OR AY.52 OR AY.53 OR AY.54 OR AY.55 OR AY.56 OR AY.57 OR AY.58 OR AY.59 OR AY.60 OR AY.61 OR AY.62 OR AY.63 OR AY.64 OR AY.65 OR AY.66 OR AY.67 OR AY.68 OR AY.69 OR AY.70 OR AY.71 OR AY.72 OR AY.73 OR AY.74 OR AY.75 OR AY.75.1 OR AY.75.2 OR AY.75.3 OR AY.76 OR AY.77 OR AY.78 OR AY.79 OR AY.80 OR AY.81 OR AY.82 OR AY.83 OR AY.84 OR AY.85 OR AY.86 OR AY.87 OR AY.88 OR AY.89 OR AY.90 OR AY.91 OR AY.91.1 OR AY.92 OR AY.93 OR AY.94 OR AY.95 OR AY.96 OR AY.97 OR AY.98 OR AY.98.1 OR AY.98.1.1 OR AY.99 OR AY.99.1 OR AY.99.2 OR AY.100 OR AY.101 OR AY.102 OR AY.102.1 OR AY.102.2 OR AY.103 OR AY.103.1 OR AY.103.2 OR AY.104 OR AY.105 OR AY.106 OR AY.107 OR AY.108 OR AY.109 OR AY.110 OR AY.111 OR AY.112 OR AY.112.1 OR AY.112.2 OR AY.112.3 OR AY.113 OR AY.114 OR AY.115 OR AY.116 OR AY.116.1 OR AY.117 OR AY.118 OR AY.119 OR AY.119.1 OR AY.119.2 OR AY.120 OR AY.120.1 OR AY.120.2 OR AY.120.2.1 OR AY.121 OR AY.121.1 OR AY.122 OR AY.122.1 OR AY.122.2 OR AY.122.3 OR AY.122.4 OR AY.122.5 OR AY.122.6 OR AY.123 OR AY.123.1 OR AY.124 OR AY.124.1 OR AY.124.1.1 OR AY.125 OR AY.125.1 OR AY.126 OR AY.127 OR AY.127.1 OR AY.127.2 OR AY.127.3 OR AY.128 OR AY.129 OR AY.130 OR AY.131 OR AY.132 OR AY.133 OR AY.134 OR B.1.617.2,Delta,51,1.85714285714286,0.0364145658263305
2021-06-11,38,1,41,2.28571428571429,0.0557491289198606,0.0102740281678407,0.14740528258729,AY.1 OR AY.2 OR AY.3 OR AY.3.1 OR AY.3.2 OR AY.3.3 OR AY.3.4 OR AY.4 OR AY.4.1 OR AY.4.2 OR AY.4.2.1 OR AY.4.2.2 OR AY.4.2.3 OR AY.4.2.4 OR AY.4.2.5 OR AY.4.3 OR AY.4.4 OR AY.4.5 OR AY.4.6 OR AY.4.7 OR AY.4.8 OR AY.4.9 OR AY.4.10 OR AY.4.11 OR AY.4.12 OR AY.4.13 OR AY.4.14 OR AY.4.15 OR AY.4.16 OR AY.4.17 OR AY.5 OR AY.5.1 OR AY.5.2 OR AY.5.3 OR AY.5.4 OR AY.5.5 OR AY.5.6 OR AY.5.7 OR AY.6 OR AY.7 OR AY.7.1 OR AY.7.2 OR AY.8 OR AY.9 OR AY.9.1 OR AY.9.2 OR AY.9.2.1 OR AY.9.2.2 OR AY.10 OR AY.11 OR AY.12 OR AY.13 OR AY.14 OR AY.15 OR AY.16 OR AY.16.1 OR AY.17 OR AY.18 OR AY.19 OR AY.20 OR AY.20.1 OR AY.21 OR AY.22 OR AY.23 OR AY.23.1 OR AY.23.2 OR AY.24 OR AY.24.1 OR AY.25 OR AY.25.1 OR AY.25.1.1 OR AY.25.1.2 OR AY.25.2 OR AY.25.3 OR AY.26 OR AY.26.1 OR AY.27 OR AY.28 OR AY.29 OR AY.29.1 OR AY.29.2 OR AY.30 OR AY.31 OR AY.32 OR AY.33 OR AY.33.1 OR AY.33.2 OR AY.34 OR AY.34.1 OR AY.34.1.1 OR AY.34.2 OR AY.35 OR AY.36 OR AY.36.1 OR AY.37 OR AY.38 OR AY.39 OR AY.39.1 OR AY.39.1.1 OR AY.39.1.2 OR AY.39.1.3 OR AY.39.1.4 OR AY.39.2 OR AY.39.3 OR AY.39.4 OR AY.40 OR AY.41 OR AY.42 OR AY.42.1 OR AY.43 OR AY.43.1 OR AY.43.2 OR AY.43.3 OR AY.43.4 OR AY.43.5 OR AY.43.6 OR AY.43.7 OR AY.43.8 OR AY.43.9 OR AY.44 OR AY.45 OR AY.46 OR AY.46.1 OR AY.46.2 OR AY.46.3 OR AY.46.4 OR AY.46.5 OR AY.46.6 OR AY.46.6.1 OR AY.47 OR AY.48 OR AY.49 OR AY.50 OR AY.51 OR AY.52 OR AY.53 OR AY.54 OR AY.55 OR AY.56 OR AY.57 OR AY.58 OR AY.59 OR AY.60 OR AY.61 OR AY.62 OR AY.63 OR AY.64 OR AY.65 OR AY.66 OR AY.67 OR AY.68 OR AY.69 OR AY.70 OR AY.71 OR AY.72 OR AY.73 OR AY.74 OR AY.75 OR AY.75.1 OR AY.75.2 OR AY.75.3 OR AY.76 OR AY.77 OR AY.78 OR AY.79 OR AY.80 OR AY.81 OR AY.82 OR AY.83 OR AY.84 OR AY.85 OR AY.86 OR AY.87 OR AY.88 OR AY.89 OR AY.90 OR AY.91 OR AY.91.1 OR AY.92 OR AY.93 OR AY.94 OR AY.95 OR AY.96 OR AY.97 OR AY.98 OR AY.98.1 OR AY.98.1.1 OR AY.99 OR AY.99.1 OR AY.99.2 OR AY.100 OR AY.101 OR AY.102 OR AY.102.1 OR AY.102.2 OR AY.103 OR AY.103.1 OR AY.103.2 OR AY.104 OR AY.105 OR AY.106 OR AY.107 OR AY.108 OR AY.109 OR AY.110 OR AY.111 OR AY.112 OR AY.112.1 OR AY.112.2 OR AY.112.3 OR AY.113 OR AY.114 OR AY.115 OR AY.116 OR AY.116.1 OR AY.117 OR AY.118 OR AY.119 OR AY.119.1 OR AY.119.2 OR AY.120 OR AY.120.1 OR AY.120.2 OR AY.120.2.1 OR AY.121 OR AY.121.1 OR AY.122 OR AY.122.1 OR AY.122.2 OR AY.122.3 OR AY.122.4 OR AY.122.5 OR AY.122.6 OR AY.123 OR AY.123.1 OR AY.124 OR AY.124.1 OR AY.124.1.1 OR AY.125 OR AY.125.1 OR AY.126 OR AY.127 OR AY.127.1 OR AY.127.2 OR AY.127.3 OR AY.128 OR AY.129 OR AY.130 OR AY.131 OR AY.132 OR AY.133 OR AY.134 OR B.1.617.2,Delta,47.2857142857143,1.78571428571429,0.0377643504531722
2021-06-12,24,5,41.2857142857143,2.85714285714286,0.069204152249135,0.0210392324044002,0.18256563587718,AY.1 OR AY.2 OR AY.3 OR AY.3.1 OR AY.3.2 OR AY.3.3 OR AY.3.4 OR AY.4 OR AY.4.1 OR AY.4.2 OR AY.4.2.1 OR AY.4.2.2 OR AY.4.2.3 OR AY.4.2.4 OR AY.4.2.5 OR AY.4.3 OR AY.4.4 OR AY.4.5 OR AY.4.6 OR AY.4.7 OR AY.4.8 OR AY.4.9 OR AY.4.10 OR AY.4.11 OR AY.4.12 OR AY.4.13 OR AY.4.14 OR AY.4.15 OR AY.4.16 OR AY.4.17 OR AY.5 OR AY.5.1 OR AY.5.2 OR AY.5.3 OR AY.5.4 OR AY.5.5 OR AY.5.6 OR AY.5.7 OR AY.6 OR AY.7 OR AY.7.1 OR AY.7.2 OR AY.8 OR AY.9 OR AY.9.1 OR AY.9.2 OR AY.9.2.1 OR AY.9.2.2 OR AY.10 OR AY.11 OR AY.12 OR AY.13 OR AY.14 OR AY.15 OR AY.16 OR AY.16.1 OR AY.17 OR AY.18 OR AY.19 OR AY.20 OR AY.20.1 OR AY.21 OR AY.22 OR AY.23 OR AY.23.1 OR AY.23.2 OR AY.24 OR AY.24.1 OR AY.25 OR AY.25.1 OR AY.25.1.1 OR AY.25.1.2 OR AY.25.2 OR AY.25.3 OR AY.26 OR AY.26.1 OR AY.27 OR AY.28 OR AY.29 OR AY.29.1 OR AY.29.2 OR AY.30 OR AY.31 OR AY.32 OR AY.33 OR AY.33.1 OR AY.33.2 OR AY.34 OR AY.34.1 OR AY.34.1.1 OR AY.34.2 OR AY.35 OR AY.36 OR AY.36.1 OR AY.37 OR AY.38 OR AY.39 OR AY.39.1 OR AY.39.1.1 OR AY.39.1.2 OR AY.39.1.3 OR AY.39.1.4 OR AY.39.2 OR AY.39.3 OR AY.39.4 OR AY.40 OR AY.41 OR AY.42 OR AY.42.1 OR AY.43 OR AY.43.1 OR AY.43.2 OR AY.43.3 OR AY.43.4 OR AY.43.5 OR AY.43.6 OR AY.43.7 OR AY.43.8 OR AY.43.9 OR AY.44 OR AY.45 OR AY.46 OR AY.46.1 OR AY.46.2 OR AY.46.3 OR AY.46.4 OR AY.46.5 OR AY.46.6 OR AY.46.6.1 OR AY.47 OR AY.48 OR AY.49 OR AY.50 OR AY.51 OR AY.52 OR AY.53 OR AY.54 OR AY.55 OR AY.56 OR AY.57 OR AY.58 OR AY.59 OR AY.60 OR AY.61 OR AY.62 OR AY.63 OR AY.64 OR AY.65 OR AY.66 OR AY.67 OR AY.68 OR AY.69 OR AY.70 OR AY.71 OR AY.72 OR AY.73 OR AY.74 OR AY.75 OR AY.75.1 OR AY.75.2 OR AY.75.3 OR AY.76 OR AY.77 OR AY.78 OR AY.79 OR AY.80 OR AY.81 OR AY.82 OR AY.83 OR AY.84 OR AY.85 OR AY.86 OR AY.87 OR AY.88 OR AY.89 OR AY.90 OR AY.91 OR AY.91.1 OR AY.92 OR AY.93 OR AY.94 OR AY.95 OR AY.96 OR AY.97 OR AY.98 OR AY.98.1 OR AY.98.1.1 OR AY.99 OR AY.99.1 OR AY.99.2 OR AY.100 OR AY.101 OR AY.102 OR AY.102.1 OR AY.102.2 OR AY.103 OR AY.103.1 OR AY.103.2 OR AY.104 OR AY.105 OR AY.106 OR AY.107 OR AY.108 OR AY.109 OR AY.110 OR AY.111 OR AY.112 OR AY.112.1 OR AY.112.2 OR AY.112.3 OR AY.113 OR AY.114 OR AY.115 OR AY.116 OR AY.116.1 OR AY.117 OR AY.118 OR AY.119 OR AY.119.1 OR AY.119.2 OR AY.120 OR AY.120.1 OR AY.120.2 OR AY.120.2.1 OR AY.121 OR AY.121.1 OR AY.122 OR AY.122.1 OR AY.122.2 OR AY.122.3 OR AY.122.4 OR AY.122.5 OR AY.122.6 OR AY.123 OR AY.123.1 OR AY.124 OR AY.124.1 OR AY.124.1.1 OR AY.125 OR AY.125.1 OR AY.126 OR AY.127 OR AY.127.1 OR AY.127.2 OR AY.127.3 OR AY.128 OR AY.129 OR AY.130 OR AY.131 OR AY.132 OR AY.133 OR AY.134 OR B.1.617.2,Delta,45.6428571428572,1.85714285714286,0.0406885758998435
2021-06-13,8,0,40.8571428571429,2.71428571428571,0.0664335664335664,0.0210392324044002,0.18256563587718,AY.1 OR AY.2 OR AY.3 OR AY.3.1 OR AY.3.2 OR AY.3.3 OR AY.3.4 OR AY.4 OR AY.4.1 OR AY.4.2 OR AY.4.2.1 OR AY.4.2.2 OR AY.4.2.3 OR AY.4.2.4 OR AY.4.2.5 OR AY.4.3 OR AY.4.4 OR AY.4.5 OR AY.4.6 OR AY.4.7 OR AY.4.8 OR AY.4.9 OR AY.4.10 OR AY.4.11 OR AY.4.12 OR AY.4.13 OR AY.4.14 OR AY.4.15 OR AY.4.16 OR AY.4.17 OR AY.5 OR AY.5.1 OR AY.5.2 OR AY.5.3 OR AY.5.4 OR AY.5.5 OR AY.5.6 OR AY.5.7 OR AY.6 OR AY.7 OR AY.7.1 OR AY.7.2 OR AY.8 OR AY.9 OR AY.9.1 OR AY.9.2 OR AY.9.2.1 OR AY.9.2.2 OR AY.10 OR AY.11 OR AY.12 OR AY.13 OR AY.14 OR AY.15 OR AY.16 OR AY.16.1 OR AY.17 OR AY.18 OR AY.19 OR AY.20 OR AY.20.1 OR AY.21 OR AY.22 OR AY.23 OR AY.23.1 OR AY.23.2 OR AY.24 OR AY.24.1 OR AY.25 OR AY.25.1 OR AY.25.1.1 OR AY.25.1.2 OR AY.25.2 OR AY.25.3 OR AY.26 OR AY.26.1 OR AY.27 OR AY.28 OR AY.29 OR AY.29.1 OR AY.29.2 OR AY.30 OR AY.31 OR AY.32 OR AY.33 OR AY.33.1 OR AY.33.2 OR AY.34 OR AY.34.1 OR AY.34.1.1 OR AY.34.2 OR AY.35 OR AY.36 OR AY.36.1 OR AY.37 OR AY.38 OR AY.39 OR AY.39.1 OR AY.39.1.1 OR AY.39.1.2 OR AY.39.1.3 OR AY.39.1.4 OR AY.39.2 OR AY.39.3 OR AY.39.4 OR AY.40 OR AY.41 OR AY.42 OR AY.42.1 OR AY.43 OR AY.43.1 OR AY.43.2 OR AY.43.3 OR AY.43.4 OR AY.43.5 OR AY.43.6 OR AY.43.7 OR AY.43.8 OR AY.43.9 OR AY.44 OR AY.45 OR AY.46 OR AY.46.1 OR AY.46.2 OR AY.46.3 OR AY.46.4 OR AY.46.5 OR AY.46.6 OR AY.46.6.1 OR AY.47 OR AY.48 OR AY.49 OR AY.50 OR AY.51 OR AY.52 OR AY.53 OR AY.54 OR AY.55 OR AY.56 OR AY.57 OR AY.58 OR AY.59 OR AY.60 OR AY.61 OR AY.62 OR AY.63 OR AY.64 OR AY.65 OR AY.66 OR AY.67 OR AY.68 OR AY.69 OR AY.70 OR AY.71 OR AY.72 OR AY.73 OR AY.74 OR AY.75 OR AY.75.1 OR AY.75.2 OR AY.75.3 OR AY.76 OR AY.77 OR AY.78 OR AY.79 OR AY.80 OR AY.81 OR AY.82 OR AY.83 OR AY.84 OR AY.85 OR AY.86 OR AY.87 OR AY.88 OR AY.89 OR AY.90 OR AY.91 OR AY.91.1 OR AY.92 OR AY.93 OR AY.94 OR AY.95 OR AY.96 OR AY.97 OR AY.98 OR AY.98.1 OR AY.98.1.1 OR AY.99 OR AY.99.1 OR AY.99.2 OR AY.100 OR AY.101 OR AY.102 OR AY.102.1 OR AY.102.2 OR AY.103 OR AY.103.1 OR AY.103.2 OR AY.104 OR AY.105 OR AY.106 OR AY.107 OR AY.108 OR AY.109 OR AY.110 OR AY.111 OR AY.112 OR AY.112.1 OR AY.112.2 OR AY.112.3 OR AY.113 OR AY.114 OR AY.115 OR AY.116 OR AY.116.1 OR AY.117 OR AY.118 OR AY.119 OR AY.119.1 OR AY.119.2 OR AY.120 OR AY.120.1 OR AY.120.2 OR AY.120.2.1 OR AY.121 OR AY.121.1 OR AY.122 OR AY.122.1 OR AY.122.2 OR AY.122.3 OR AY.122.4 OR AY.122.5 OR AY.122.6 OR AY.123 OR AY.123.1 OR AY.124 OR AY.124.1 OR AY.124.1.1 OR AY.125 OR AY.125.1 OR AY.126 OR AY.127 OR AY.127.1 OR AY.127.2 OR AY.127.3 OR AY.128 OR AY.129 OR AY.130 OR AY.131 OR AY.132 OR AY.133 OR AY.134 OR B.1.617.2,Delta,45,1.78571428571429,0.0396825396825397
2021-06-14,20,2,37.4285714285714,2.57142857142857,0.0687022900763359,0.0233674896431804,0.200831394055722,AY.1 OR AY.2 OR AY.3 OR AY.3.1 OR AY.3.2 OR AY.3.3 OR AY.3.4 OR AY.4 OR AY.4.1 OR AY.4.2 OR AY.4.2.1 OR AY.4.2.2 OR AY.4.2.3 OR AY.4.2.4 OR AY.4.2.5 OR AY.4.3 OR AY.4.4 OR AY.4.5 OR AY.4.6 OR AY.4.7 OR AY.4.8 OR AY.4.9 OR AY.4.10 OR AY.4.11 OR AY.4.12 OR AY.4.13 OR AY.4.14 OR AY.4.15 OR AY.4.16 OR AY.4.17 OR AY.5 OR AY.5.1 OR AY.5.2 OR AY.5.3 OR AY.5.4 OR AY.5.5 OR AY.5.6 OR AY.5.7 OR AY.6 OR AY.7 OR AY.7.1 OR AY.7.2 OR AY.8 OR AY.9 OR AY.9.1 OR AY.9.2 OR AY.9.2.1 OR AY.9.2.2 OR AY.10 OR AY.11 OR AY.12 OR AY.13 OR AY.14 OR AY.15 OR AY.16 OR AY.16.1 OR AY.17 OR AY.18 OR AY.19 OR AY.20 OR AY.20.1 OR AY.21 OR AY.22 OR AY.23 OR AY.23.1 OR AY.23.2 OR AY.24 OR AY.24.1 OR AY.25 OR AY.25.1 OR AY.25.1.1 OR AY.25.1.2 OR AY.25.2 OR AY.25.3 OR AY.26 OR AY.26.1 OR AY.27 OR AY.28 OR AY.29 OR AY.29.1 OR AY.29.2 OR AY.30 OR AY.31 OR AY.32 OR AY.33 OR AY.33.1 OR AY.33.2 OR AY.34 OR AY.34.1 OR AY.34.1.1 OR AY.34.2 OR AY.35 OR AY.36 OR AY.36.1 OR AY.37 OR AY.38 OR AY.39 OR AY.39.1 OR AY.39.1.1 OR AY.39.1.2 OR AY.39.1.3 OR AY.39.1.4 OR AY.39.2 OR AY.39.3 OR AY.39.4 OR AY.40 OR AY.41 OR AY.42 OR AY.42.1 OR AY.43 OR AY.43.1 OR AY.43.2 OR AY.43.3 OR AY.43.4 OR AY.43.5 OR AY.43.6 OR AY.43.7 OR AY.43.8 OR AY.43.9 OR AY.44 OR AY.45 OR AY.46 OR AY.46.1 OR AY.46.2 OR AY.46.3 OR AY.46.4 OR AY.46.5 OR AY.46.6 OR AY.46.6.1 OR AY.47 OR AY.48 OR AY.49 OR AY.50 OR AY.51 OR AY.52 OR AY.53 OR AY.54 OR AY.55 OR AY.56 OR AY.57 OR AY.58 OR AY.59 OR AY.60 OR AY.61 OR AY.62 OR AY.63 OR AY.64 OR AY.65 OR AY.66 OR AY.67 OR AY.68 OR AY.69 OR AY.70 OR AY.71 OR AY.72 OR AY.73 OR AY.74 OR AY.75 OR AY.75.1 OR AY.75.2 OR AY.75.3 OR AY.76 OR AY.77 OR AY.78 OR AY.79 OR AY.80 OR AY.81 OR AY.82 OR AY.83 OR AY.84 OR AY.85 OR AY.86 OR AY.87 OR AY.88 OR AY.89 OR AY.90 OR AY.91 OR AY.91.1 OR AY.92 OR AY.93 OR AY.94 OR AY.95 OR AY.96 OR AY.97 OR AY.98 OR AY.98.1 OR AY.98.1.1 OR AY.99 OR AY.99.1 OR AY.99.2 OR AY.100 OR AY.101 OR AY.102 OR AY.102.1 OR AY.102.2 OR AY.103 OR AY.103.1 OR AY.103.2 OR AY.104 OR AY.105 OR AY.106 OR AY.107 OR AY.108 OR AY.109 OR AY.110 OR AY.111 OR AY.112 OR AY.112.1 OR AY.112.2 OR AY.112.3 OR AY.113 OR AY.114 OR AY.115 OR AY.116 OR AY.116.1 OR AY.117 OR AY.118 OR AY.119 OR AY.119.1 OR AY.119.2 OR AY.120 OR AY.120.1 OR AY.120.2 OR AY.120.2.1 OR AY.121 OR AY.121.1 OR AY.122 OR AY.122.1 OR AY.122.2 OR AY.122.3 OR AY.122.4 OR AY.122.5 OR AY.122.6 OR AY.123 OR AY.123.1 OR AY.124 OR AY.124.1 OR AY.124.1.1 OR AY.125 OR AY.125.1 OR AY.126 OR AY.127 OR AY.127.1 OR AY.127.2 OR AY.127.3 OR AY.128 OR AY.129 OR AY.130 OR AY.131 OR AY.132 OR AY.133 OR AY.134 OR B.1.617.2,Delta,41.1428571428572,1.85714285714286,0.0451388888888889
2021-06-15,26,4,32,2.28571428571429,0.0714285714285714,0.0132146299571634,0.185719536996565,AY.1 OR AY.2 OR AY.3 OR AY.3.1 OR AY.3.2 OR AY.3.3 OR AY.3.4 OR AY.4 OR AY.4.1 OR AY.4.2 OR AY.4.2.1 OR AY.4.2.2 OR AY.4.2.3 OR AY.4.2.4 OR AY.4.2.5 OR AY.4.3 OR AY.4.4 OR AY.4.5 OR AY.4.6 OR AY.4.7 OR AY.4.8 OR AY.4.9 OR AY.4.10 OR AY.4.11 OR AY.4.12 OR AY.4.13 OR AY.4.14 OR AY.4.15 OR AY.4.16 OR AY.4.17 OR AY.5 OR AY.5.1 OR AY.5.2 OR AY.5.3 OR AY.5.4 OR AY.5.5 OR AY.5.6 OR AY.5.7 OR AY.6 OR AY.7 OR AY.7.1 OR AY.7.2 OR AY.8 OR AY.9 OR AY.9.1 OR AY.9.2 OR AY.9.2.1 OR AY.9.2.2 OR AY.10 OR AY.11 OR AY.12 OR AY.13 OR AY.14 OR AY.15 OR AY.16 OR AY.16.1 OR AY.17 OR AY.18 OR AY.19 OR AY.20 OR AY.20.1 OR AY.21 OR AY.22 OR AY.23 OR AY.23.1 OR AY.23.2 OR AY.24 OR AY.24.1 OR AY.25 OR AY.25.1 OR AY.25.1.1 OR AY.25.1.2 OR AY.25.2 OR AY.25.3 OR AY.26 OR AY.26.1 OR AY.27 OR AY.28 OR AY.29 OR AY.29.1 OR AY.29.2 OR AY.30 OR AY.31 OR AY.32 OR AY.33 OR AY.33.1 OR AY.33.2 OR AY.34 OR AY.34.1 OR AY.34.1.1 OR AY.34.2 OR AY.35 OR AY.36 OR AY.36.1 OR AY.37 OR AY.38 OR AY.39 OR AY.39.1 OR AY.39.1.1 OR AY.39.1.2 OR AY.39.1.3 OR AY.39.1.4 OR AY.39.2 OR AY.39.3 OR AY.39.4 OR AY.40 OR AY.41 OR AY.42 OR AY.42.1 OR AY.43 OR AY.43.1 OR AY.43.2 OR AY.43.3 OR AY.43.4 OR AY.43.5 OR AY.43.6 OR AY.43.7 OR AY.43.8 OR AY.43.9 OR AY.44 OR AY.45 OR AY.46 OR AY.46.1 OR AY.46.2 OR AY.46.3 OR AY.46.4 OR AY.46.5 OR AY.46.6 OR AY.46.6.1 OR AY.47 OR AY.48 OR AY.49 OR AY.50 OR AY.51 OR AY.52 OR AY.53 OR AY.54 OR AY.55 OR AY.56 OR AY.57 OR AY.58 OR AY.59 OR AY.60 OR AY.61 OR AY.62 OR AY.63 OR AY.64 OR AY.65 OR AY.66 OR AY.67 OR AY.68 OR AY.69 OR AY.70 OR AY.71 OR AY.72 OR AY.73 OR AY.74 OR AY.75 OR AY.75.1 OR AY.75.2 OR AY.75.3 OR AY.76 OR AY.77 OR AY.78 OR AY.79 OR AY.80 OR AY.81 OR AY.82 OR AY.83 OR AY.84 OR AY.85 OR AY.86 OR AY.87 OR AY.88 OR AY.89 OR AY.90 OR AY.91 OR AY.91.1 OR AY.92 OR AY.93 OR AY.94 OR AY.95 OR AY.96 OR AY.97 OR AY.98 OR AY.98.1 OR AY.98.1.1 OR AY.99 OR AY.99.1 OR AY.99.2 OR AY.100 OR AY.101 OR AY.102 OR AY.102.1 OR AY.102.2 OR AY.103 OR AY.103.1 OR AY.103.2 OR AY.104 OR AY.105 OR AY.106 OR AY.107 OR AY.108 OR AY.109 OR AY.110 OR AY.111 OR AY.112 OR AY.112.1 OR AY.112.2 OR AY.112.3 OR AY.113 OR AY.114 OR AY.115 OR AY.116 OR AY.116.1 OR AY.117 OR AY.118 OR AY.119 OR AY.119.1 OR AY.119.2 OR AY.120 OR AY.120.1 OR AY.120.2 OR AY.120.2.1 OR AY.121 OR AY.121.1 OR AY.122 OR AY.122.1 OR AY.122.2 OR AY.122.3 OR AY.122.4 OR AY.122.5 OR AY.122.6 OR AY.123 OR AY.123.1 OR AY.124 OR AY.124.1 OR AY.124.1.1 OR AY.125 OR AY.125.1 OR AY.126 OR AY.127 OR AY.127.1 OR AY.127.2 OR AY.127.3 OR AY.128 OR AY.129 OR AY.130 OR AY.131 OR AY.132 OR AY.133 OR AY.134 OR B.1.617.2,Delta,36.6428571428571,2.14285714285714,0.0584795321637427
2021-06-16,21,0,26.8571428571429,1.85714285714286,0.0691489361702128,0.0157134635400867,0.217020421620907,AY.1 OR AY.2 OR AY.3 OR AY.3.1 OR AY.3.2 OR AY.3.3 OR AY.3.4 OR AY.4 OR AY.4.1 OR AY.4.2 OR AY.4.2.1 OR AY.4.2.2 OR AY.4.2.3 OR AY.4.2.4 OR AY.4.2.5 OR AY.4.3 OR AY.4.4 OR AY.4.5 OR AY.4.6 OR AY.4.7 OR AY.4.8 OR AY.4.9 OR AY.4.10 OR AY.4.11 OR AY.4.12 OR AY.4.13 OR AY.4.14 OR AY.4.15 OR AY.4.16 OR AY.4.17 OR AY.5 OR AY.5.1 OR AY.5.2 OR AY.5.3 OR AY.5.4 OR AY.5.5 OR AY.5.6 OR AY.5.7 OR AY.6 OR AY.7 OR AY.7.1 OR AY.7.2 OR AY.8 OR AY.9 OR AY.9.1 OR AY.9.2 OR AY.9.2.1 OR AY.9.2.2 OR AY.10 OR AY.11 OR AY.12 OR AY.13 OR AY.14 OR AY.15 OR AY.16 OR AY.16.1 OR AY.17 OR AY.18 OR AY.19 OR AY.20 OR AY.20.1 OR AY.21 OR AY.22 OR AY.23 OR AY.23.1 OR AY.23.2 OR AY.24 OR AY.24.1 OR AY.25 OR AY.25.1 OR AY.25.1.1 OR AY.25.1.2 OR AY.25.2 OR AY.25.3 OR AY.26 OR AY.26.1 OR AY.27 OR AY.28 OR AY.29 OR AY.29.1 OR AY.29.2 OR AY.30 OR AY.31 OR AY.32 OR AY.33 OR AY.33.1 OR AY.33.2 OR AY.34 OR AY.34.1 OR AY.34.1.1 OR AY.34.2 OR AY.35 OR AY.36 OR AY.36.1 OR AY.37 OR AY.38 OR AY.39 OR AY.39.1 OR AY.39.1.1 OR AY.39.1.2 OR AY.39.1.3 OR AY.39.1.4 OR AY.39.2 OR AY.39.3 OR AY.39.4 OR AY.40 OR AY.41 OR AY.42 OR AY.42.1 OR AY.43 OR AY.43.1 OR AY.43.2 OR AY.43.3 OR AY.43.4 OR AY.43.5 OR AY.43.6 OR AY.43.7 OR AY.43.8 OR AY.43.9 OR AY.44 OR AY.45 OR AY.46 OR AY.46.1 OR AY.46.2 OR AY.46.3 OR AY.46.4 OR AY.46.5 OR AY.46.6 OR AY.46.6.1 OR AY.47 OR AY.48 OR AY.49 OR AY.50 OR AY.51 OR AY.52 OR AY.53 OR AY.54 OR AY.55 OR AY.56 OR AY.57 OR AY.58 OR AY.59 OR AY.60 OR AY.61 OR AY.62 OR AY.63 OR AY.64 OR AY.65 OR AY.66 OR AY.67 OR AY.68 OR AY.69 OR AY.70 OR AY.71 OR AY.72 OR AY.73 OR AY.74 OR AY.75 OR AY.75.1 OR AY.75.2 OR AY.75.3 OR AY.76 OR AY.77 OR AY.78 OR AY.79 OR AY.80 OR AY.81 OR AY.82 OR AY.83 OR AY.84 OR AY.85 OR AY.86 OR AY.87 OR AY.88 OR AY.89 OR AY.90 OR AY.91 OR AY.91.1 OR AY.92 OR AY.93 OR AY.94 OR AY.95 OR AY.96 OR AY.97 OR AY.98 OR AY.98.1 OR AY.98.1.1 OR AY.99 OR AY.99.1 OR AY.99.2 OR AY.100 OR AY.101 OR AY.102 OR AY.102.1 OR AY.102.2 OR AY.103 OR AY.103.1 OR AY.103.2 OR AY.104 OR AY.105 OR AY.106 OR AY.107 OR AY.108 OR AY.109 OR AY.110 OR AY.111 OR AY.112 OR AY.112.1 OR AY.112.2 OR AY.112.3 OR AY.113 OR AY.114 OR AY.115 OR AY.116 OR AY.116.1 OR AY.117 OR AY.118 OR AY.119 OR AY.119.1 OR AY.119.2 OR AY.120 OR AY.120.1 OR AY.120.2 OR AY.120.2.1 OR AY.121 OR AY.121.1 OR AY.122 OR AY.122.1 OR AY.122.2 OR AY.122.3 OR AY.122.4 OR AY.122.5 OR AY.122.6 OR AY.123 OR AY.123.1 OR AY.124 OR AY.124.1 OR AY.124.1.1 OR AY.125 OR AY.125.1 OR AY.126 OR AY.127 OR AY.127.1 OR AY.127.2 OR AY.127.3 OR AY.128 OR AY.129 OR AY.130 OR AY.131 OR AY.132 OR AY.133 OR AY.134 OR B.1.617.2,Delta,33.8571428571429,2.14285714285714,0.0632911392405063
2021-06-17,13,3,21.4285714285714,2.14285714285714,0.1,0.0203265772682133,0.271910683289553,AY.1 OR AY.2 OR AY.3 OR AY.3.1 OR AY.3.2 OR AY.3.3 OR AY.3.4 OR AY.4 OR AY.4.1 OR AY.4.2 OR AY.4.2.1 OR AY.4.2.2 OR AY.4.2.3 OR AY.4.2.4 OR AY.4.2.5 OR AY.4.3 OR AY.4.4 OR AY.4.5 OR AY.4.6 OR AY.4.7 OR AY.4.8 OR AY.4.9 OR AY.4.10 OR AY.4.11 OR AY.4.12 OR AY.4.13 OR AY.4.14 OR AY.4.15 OR AY.4.16 OR AY.4.17 OR AY.5 OR AY.5.1 OR AY.5.2 OR AY.5.3 OR AY.5.4 OR AY.5.5 OR AY.5.6 OR AY.5.7 OR AY.6 OR AY.7 OR AY.7.1 OR AY.7.2 OR AY.8 OR AY.9 OR AY.9.1 OR AY.9.2 OR AY.9.2.1 OR AY.9.2.2 OR AY.10 OR AY.11 OR AY.12 OR AY.13 OR AY.14 OR AY.15 OR AY.16 OR AY.16.1 OR AY.17 OR AY.18 OR AY.19 OR AY.20 OR AY.20.1 OR AY.21 OR AY.22 OR AY.23 OR AY.23.1 OR AY.23.2 OR AY.24 OR AY.24.1 OR AY.25 OR AY.25.1 OR AY.25.1.1 OR AY.25.1.2 OR AY.25.2 OR AY.25.3 OR AY.26 OR AY.26.1 OR AY.27 OR AY.28 OR AY.29 OR AY.29.1 OR AY.29.2 OR AY.30 OR AY.31 OR AY.32 OR AY.33 OR AY.33.1 OR AY.33.2 OR AY.34 OR AY.34.1 OR AY.34.1.1 OR AY.34.2 OR AY.35 OR AY.36 OR AY.36.1 OR AY.37 OR AY.38 OR AY.39 OR AY.39.1 OR AY.39.1.1 OR AY.39.1.2 OR AY.39.1.3 OR AY.39.1.4 OR AY.39.2 OR AY.39.3 OR AY.39.4 OR AY.40 OR AY.41 OR AY.42 OR AY.42.1 OR AY.43 OR AY.43.1 OR AY.43.2 OR AY.43.3 OR AY.43.4 OR AY.43.5 OR AY.43.6 OR AY.43.7 OR AY.43.8 OR AY.43.9 OR AY.44 OR AY.45 OR AY.46 OR AY.46.1 OR AY.46.2 OR AY.46.3 OR AY.46.4 OR AY.46.5 OR AY.46.6 OR AY.46.6.1 OR AY.47 OR AY.48 OR AY.49 OR AY.50 OR AY.51 OR AY.52 OR AY.53 OR AY.54 OR AY.55 OR AY.56 OR AY.57 OR AY.58 OR AY.59 OR AY.60 OR AY.61 OR AY.62 OR AY.63 OR AY.64 OR AY.65 OR AY.66 OR AY.67 OR AY.68 OR AY.69 OR AY.70 OR AY.71 OR AY.72 OR AY.73 OR AY.74 OR AY.75 OR AY.75.1 OR AY.75.2 OR AY.75.3 OR AY.76 OR AY.77 OR AY.78 OR AY.79 OR AY.80 OR AY.81 OR AY.82 OR AY.83 OR AY.84 OR AY.85 OR AY.86 OR AY.87 OR AY.88 OR AY.89 OR AY.90 OR AY.91 OR AY.91.1 OR AY.92 OR AY.93 OR AY.94 OR AY.95 OR AY.96 OR AY.97 OR AY.98 OR AY.98.1 OR AY.98.1.1 OR AY.99 OR AY.99.1 OR AY.99.2 OR AY.100 OR AY.101 OR AY.102 OR AY.102.1 OR AY.102.2 OR AY.103 OR AY.103.1 OR AY.103.2 OR AY.104 OR AY.105 OR AY.106 OR AY.107 OR AY.108 OR AY.109 OR AY.110 OR AY.111 OR AY.112 OR AY.112.1 OR AY.112.2 OR AY.112.3 OR AY.113 OR AY.114 OR AY.115 OR AY.116 OR AY.116.1 OR AY.117 OR AY.118 OR AY.119 OR AY.119.1 OR AY.119.2 OR AY.120 OR AY.120.1 OR AY.120.2 OR AY.120.2.1 OR AY.121 OR AY.121.1 OR AY.122 OR AY.122.1 OR AY.122.2 OR AY.122.3 OR AY.122.4 OR AY.122.5 OR AY.122.6 OR AY.123 OR AY.123.1 OR AY.124 OR AY.124.1 OR AY.124.1.1 OR AY.125 OR AY.125.1 OR AY.126 OR AY.127 OR AY.127.1 OR AY.127.2 OR AY.127.3 OR AY.128 OR AY.129 OR AY.130 OR AY.131 OR AY.132 OR AY.133 OR AY.134 OR B.1.617.2,Delta,32.1428571428572,2.35714285714286,0.0733333333333333
2021-06-18,15,3,18.1428571428571,2.42857142857143,0.133858267716535,0.0238245397380129,0.311150863855984,AY.1 OR AY.2 OR AY.3 OR AY.3.1 OR AY.3.2 OR AY.3.3 OR AY.3.4 OR AY.4 OR AY.4.1 OR AY.4.2 OR AY.4.2.1 OR AY.4.2.2 OR AY.4.2.3 OR AY.4.2.4 OR AY.4.2.5 OR AY.4.3 OR AY.4.4 OR AY.4.5 OR AY.4.6 OR AY.4.7 OR AY.4.8 OR AY.4.9 OR AY.4.10 OR AY.4.11 OR AY.4.12 OR AY.4.13 OR AY.4.14 OR AY.4.15 OR AY.4.16 OR AY.4.17 OR AY.5 OR AY.5.1 OR AY.5.2 OR AY.5.3 OR AY.5.4 OR AY.5.5 OR AY.5.6 OR AY.5.7 OR AY.6 OR AY.7 OR AY.7.1 OR AY.7.2 OR AY.8 OR AY.9 OR AY.9.1 OR AY.9.2 OR AY.9.2.1 OR AY.9.2.2 OR AY.10 OR AY.11 OR AY.12 OR AY.13 OR AY.14 OR AY.15 OR AY.16 OR AY.16.1 OR AY.17 OR AY.18 OR AY.19 OR AY.20 OR AY.20.1 OR AY.21 OR AY.22 OR AY.23 OR AY.23.1 OR AY.23.2 OR AY.24 OR AY.24.1 OR AY.25 OR AY.25.1 OR AY.25.1.1 OR AY.25.1.2 OR AY.25.2 OR AY.25.3 OR AY.26 OR AY.26.1 OR AY.27 OR AY.28 OR AY.29 OR AY.29.1 OR AY.29.2 OR AY.30 OR AY.31 OR AY.32 OR AY.33 OR AY.33.1 OR AY.33.2 OR AY.34 OR AY.34.1 OR AY.34.1.1 OR AY.34.2 OR AY.35 OR AY.36 OR AY.36.1 OR AY.37 OR AY.38 OR AY.39 OR AY.39.1 OR AY.39.1.1 OR AY.39.1.2 OR AY.39.1.3 OR AY.39.1.4 OR AY.39.2 OR AY.39.3 OR AY.39.4 OR AY.40 OR AY.41 OR AY.42 OR AY.42.1 OR AY.43 OR AY.43.1 OR AY.43.2 OR AY.43.3 OR AY.43.4 OR AY.43.5 OR AY.43.6 OR AY.43.7 OR AY.43.8 OR AY.43.9 OR AY.44 OR AY.45 OR AY.46 OR AY.46.1 OR AY.46.2 OR AY.46.3 OR AY.46.4 OR AY.46.5 OR AY.46.6 OR AY.46.6.1 OR AY.47 OR AY.48 OR AY.49 OR AY.50 OR AY.51 OR AY.52 OR AY.53 OR AY.54 OR AY.55 OR AY.56 OR AY.57 OR AY.58 OR AY.59 OR AY.60 OR AY.61 OR AY.62 OR AY.63 OR AY.64 OR AY.65 OR AY.66 OR AY.67 OR AY.68 OR AY.69 OR AY.70 OR AY.71 OR AY.72 OR AY.73 OR AY.74 OR AY.75 OR AY.75.1 OR AY.75.2 OR AY.75.3 OR AY.76 OR AY.77 OR AY.78 OR AY.79 OR AY.80 OR AY.81 OR AY.82 OR AY.83 OR AY.84 OR AY.85 OR AY.86 OR AY.87 OR AY.88 OR AY.89 OR AY.90 OR AY.91 OR AY.91.1 OR AY.92 OR AY.93 OR AY.94 OR AY.95 OR AY.96 OR AY.97 OR AY.98 OR AY.98.1 OR AY.98.1.1 OR AY.99 OR AY.99.1 OR AY.99.2 OR AY.100 OR AY.101 OR AY.102 OR AY.102.1 OR AY.102.2 OR AY.103 OR AY.103.1 OR AY.103.2 OR AY.104 OR AY.105 OR AY.106 OR AY.107 OR AY.108 OR AY.109 OR AY.110 OR AY.111 OR AY.112 OR AY.112.1 OR AY.112.2 OR AY.112.3 OR AY.113 OR AY.114 OR AY.115 OR AY.116 OR AY.116.1 OR AY.117 OR AY.118 OR AY.119 OR AY.119.1 OR AY.119.2 OR AY.120 OR AY.120.1 OR AY.120.2 OR AY.120.2.1 OR AY.121 OR AY.121.1 OR AY.122 OR AY.122.1 OR AY.122.2 OR AY.122.3 OR AY.122.4 OR AY.122.5 OR AY.122.6 OR AY.123 OR AY.123.1 OR AY.124 OR AY.124.1 OR AY.124.1.1 OR AY.125 OR AY.125.1 OR AY.126 OR AY.127 OR AY.127.1 OR AY.127.2 OR AY.127.3 OR AY.128 OR AY.129 OR AY.130 OR AY.131 OR AY.132 OR AY.133 OR AY.134 OR B.1.617.2,Delta,29.5714285714286,2.35714285714286,0.0797101449275362
2021-06-19,8,2,15.8571428571429,2,0.126126126126126,0.0269127902154839,0.344175567625113,AY.1 OR AY.2 OR AY.3 OR AY.3.1 OR AY.3.2 OR AY.3.3 OR AY.3.4 OR AY.4 OR AY.4.1 OR AY.4.2 OR AY.4.2.1 OR AY.4.2.2 OR AY.4.2.3 OR AY.4.2.4 OR AY.4.2.5 OR AY.4.3 OR AY.4.4 OR AY.4.5 OR AY.4.6 OR AY.4.7 OR AY.4.8 OR AY.4.9 OR AY.4.10 OR AY.4.11 OR AY.4.12 OR AY.4.13 OR AY.4.14 OR AY.4.15 OR AY.4.16 OR AY.4.17 OR AY.5 OR AY.5.1 OR AY.5.2 OR AY.5.3 OR AY.5.4 OR AY.5.5 OR AY.5.6 OR AY.5.7 OR AY.6 OR AY.7 OR AY.7.1 OR AY.7.2 OR AY.8 OR AY.9 OR AY.9.1 OR AY.9.2 OR AY.9.2.1 OR AY.9.2.2 OR AY.10 OR AY.11 OR AY.12 OR AY.13 OR AY.14 OR AY.15 OR AY.16 OR AY.16.1 OR AY.17 OR AY.18 OR AY.19 OR AY.20 OR AY.20.1 OR AY.21 OR AY.22 OR AY.23 OR AY.23.1 OR AY.23.2 OR AY.24 OR AY.24.1 OR AY.25 OR AY.25.1 OR AY.25.1.1 OR AY.25.1.2 OR AY.25.2 OR AY.25.3 OR AY.26 OR AY.26.1 OR AY.27 OR AY.28 OR AY.29 OR AY.29.1 OR AY.29.2 OR AY.30 OR AY.31 OR AY.32 OR AY.33 OR AY.33.1 OR AY.33.2 OR AY.34 OR AY.34.1 OR AY.34.1.1 OR AY.34.2 OR AY.35 OR AY.36 OR AY.36.1 OR AY.37 OR AY.38 OR AY.39 OR AY.39.1 OR AY.39.1.1 OR AY.39.1.2 OR AY.39.1.3 OR AY.39.1.4 OR AY.39.2 OR AY.39.3 OR AY.39.4 OR AY.40 OR AY.41 OR AY.42 OR AY.42.1 OR AY.43 OR AY.43.1 OR AY.43.2 OR AY.43.3 OR AY.43.4 OR AY.43.5 OR AY.43.6 OR AY.43.7 OR AY.43.8 OR AY.43.9 OR AY.44 OR AY.45 OR AY.46 OR AY.46.1 OR AY.46.2 OR AY.46.3 OR AY.46.4 OR AY.46.5 OR AY.46.6 OR AY.46.6.1 OR AY.47 OR AY.48 OR AY.49 OR AY.50 OR AY.51 OR AY.52 OR AY.53 OR AY.54 OR AY.55 OR AY.56 OR AY.57 OR AY.58 OR AY.59 OR AY.60 OR AY.61 OR AY.62 OR AY.63 OR AY.64 OR AY.65 OR AY.66 OR AY.67 OR AY.68 OR AY.69 OR AY.70 OR AY.71 OR AY.72 OR AY.73 OR AY.74 OR AY.75 OR AY.75.1 OR AY.75.2 OR AY.75.3 OR AY.76 OR AY.77 OR AY.78 OR AY.79 OR AY.80 OR AY.81 OR AY.82 OR AY.83 OR AY.84 OR AY.85 OR AY.86 OR AY.87 OR AY.88 OR AY.89 OR AY.90 OR AY.91 OR AY.91.1 OR AY.92 OR AY.93 OR AY.94 OR AY.95 OR AY.96 OR AY.97 OR AY.98 OR AY.98.1 OR AY.98.1.1 OR AY.99 OR AY.99.1 OR AY.99.2 OR AY.100 OR AY.101 OR AY.102 OR AY.102.1 OR AY.102.2 OR AY.103 OR AY.103.1 OR AY.103.2 OR AY.104 OR AY.105 OR AY.106 OR AY.107 OR AY.108 OR AY.109 OR AY.110 OR AY.111 OR AY.112 OR AY.112.1 OR AY.112.2 OR AY.112.3 OR AY.113 OR AY.114 OR AY.115 OR AY.116 OR AY.116.1 OR AY.117 OR AY.118 OR AY.119 OR AY.119.1 OR AY.119.2 OR AY.120 OR AY.120.1 OR AY.120.2 OR AY.120.2.1 OR AY.121 OR AY.121.1 OR AY.122 OR AY.122.1 OR AY.122.2 OR AY.122.3 OR AY.122.4 OR AY.122.5 OR AY.122.6 OR AY.123 OR AY.123.1 OR AY.124 OR AY.124.1 OR AY.124.1.1 OR AY.125 OR AY.125.1 OR AY.126 OR AY.127 OR AY.127.1 OR AY.127.2 OR AY.127.3 OR AY.128 OR AY.129 OR AY.130 OR AY.131 OR AY.132 OR AY.133 OR AY.134 OR B.1.617.2,Delta,28.5714285714286,2.42857142857143,0.085
2021-06-20,2,0,15,2,0.133333333333333,0.0287783273201252,0.363417906151022,AY.1 OR AY.2 OR AY.3 OR AY.3.1 OR AY.3.2 OR AY.3.3 OR AY.3.4 OR AY.4 OR AY.4.1 OR AY.4.2 OR AY.4.2.1 OR AY.4.2.2 OR AY.4.2.3 OR AY.4.2.4 OR AY.4.2.5 OR AY.4.3 OR AY.4.4 OR AY.4.5 OR AY.4.6 OR AY.4.7 OR AY.4.8 OR AY.4.9 OR AY.4.10 OR AY.4.11 OR AY.4.12 OR AY.4.13 OR AY.4.14 OR AY.4.15 OR AY.4.16 OR AY.4.17 OR AY.5 OR AY.5.1 OR AY.5.2 OR AY.5.3 OR AY.5.4 OR AY.5.5 OR AY.5.6 OR AY.5.7 OR AY.6 OR AY.7 OR AY.7.1 OR AY.7.2 OR AY.8 OR AY.9 OR AY.9.1 OR AY.9.2 OR AY.9.2.1 OR AY.9.2.2 OR AY.10 OR AY.11 OR AY.12 OR AY.13 OR AY.14 OR AY.15 OR AY.16 OR AY.16.1 OR AY.17 OR AY.18 OR AY.19 OR AY.20 OR AY.20.1 OR AY.21 OR AY.22 OR AY.23 OR AY.23.1 OR AY.23.2 OR AY.24 OR AY.24.1 OR AY.25 OR AY.25.1 OR AY.25.1.1 OR AY.25.1.2 OR AY.25.2 OR AY.25.3 OR AY.26 OR AY.26.1 OR AY.27 OR AY.28 OR AY.29 OR AY.29.1 OR AY.29.2 OR AY.30 OR AY.31 OR AY.32 OR AY.33 OR AY.33.1 OR AY.33.2 OR AY.34 OR AY.34.1 OR AY.34.1.1 OR AY.34.2 OR AY.35 OR AY.36 OR AY.36.1 OR AY.37 OR AY.38 OR AY.39 OR AY.39.1 OR AY.39.1.1 OR AY.39.1.2 OR AY.39.1.3 OR AY.39.1.4 OR AY.39.2 OR AY.39.3 OR AY.39.4 OR AY.40 OR AY.41 OR AY.42 OR AY.42.1 OR AY.43 OR AY.43.1 OR AY.43.2 OR AY.43.3 OR AY.43.4 OR AY.43.5 OR AY.43.6 OR AY.43.7 OR AY.43.8 OR AY.43.9 OR AY.44 OR AY.45 OR AY.46 OR AY.46.1 OR AY.46.2 OR AY.46.3 OR AY.46.4 OR AY.46.5 OR AY.46.6 OR AY.46.6.1 OR AY.47 OR AY.48 OR AY.49 OR AY.50 OR AY.51 OR AY.52 OR AY.53 OR AY.54 OR AY.55 OR AY.56 OR AY.57 OR AY.58 OR AY.59 OR AY.60 OR AY.61 OR AY.62 OR AY.63 OR AY.64 OR AY.65 OR AY.66 OR AY.67 OR AY.68 OR AY.69 OR AY.70 OR AY.71 OR AY.72 OR AY.73 OR AY.74 OR AY.75 OR AY.75.1 OR AY.75.2 OR AY.75.3 OR AY.76 OR AY.77 OR AY.78 OR AY.79 OR AY.80 OR AY.81 OR AY.82 OR AY.83 OR AY.84 OR AY.85 OR AY.86 OR AY.87 OR AY.88 OR AY.89 OR AY.90 OR AY.91 OR AY.91.1 OR AY.92 OR AY.93 OR AY.94 OR AY.95 OR AY.96 OR AY.97 OR AY.98 OR AY.98.1 OR AY.98.1.1 OR AY.99 OR AY.99.1 OR AY.99.2 OR AY.100 OR AY.101 OR AY.102 OR AY.102.1 OR AY.102.2 OR AY.103 OR AY.103.1 OR AY.103.2 OR AY.104 OR AY.105 OR AY.106 OR AY.107 OR AY.108 OR AY.109 OR AY.110 OR AY.111 OR AY.112 OR AY.112.1 OR AY.112.2 OR AY.112.3 OR AY.113 OR AY.114 OR AY.115 OR AY.116 OR AY.116.1 OR AY.117 OR AY.118 OR AY.119 OR AY.119.1 OR AY.119.2 OR AY.120 OR AY.120.1 OR AY.120.2 OR AY.120.2.1 OR AY.121 OR AY.121.1 OR AY.122 OR AY.122.1 OR AY.122.2 OR AY.122.3 OR AY.122.4 OR AY.122.5 OR AY.122.6 OR AY.123 OR AY.123.1 OR AY.124 OR AY.124.1 OR AY.124.1.1 OR AY.125 OR AY.125.1 OR AY.126 OR AY.127 OR AY.127.1 OR AY.127.2 OR AY.127.3 OR AY.128 OR AY.129 OR AY.130 OR AY.131 OR AY.132 OR AY.133 OR AY.134 OR B.1.617.2,Delta,27.9285714285714,2.35714285714286,0.0843989769820972
2021-06-21,7,1,13.1428571428571,1.85714285714286,0.141304347826087,0.0334115729535681,0.409005301774811,AY.1 OR AY.2 OR AY.3 OR AY.3.1 OR AY.3.2 OR AY.3.3 OR AY.3.4 OR AY.4 OR AY.4.1 OR AY.4.2 OR AY.4.2.1 OR AY.4.2.2 OR AY.4.2.3 OR AY.4.2.4 OR AY.4.2.5 OR AY.4.3 OR AY.4.4 OR AY.4.5 OR AY.4.6 OR AY.4.7 OR AY.4.8 OR AY.4.9 OR AY.4.10 OR AY.4.11 OR AY.4.12 OR AY.4.13 OR AY.4.14 OR AY.4.15 OR AY.4.16 OR AY.4.17 OR AY.5 OR AY.5.1 OR AY.5.2 OR AY.5.3 OR AY.5.4 OR AY.5.5 OR AY.5.6 OR AY.5.7 OR AY.6 OR AY.7 OR AY.7.1 OR AY.7.2 OR AY.8 OR AY.9 OR AY.9.1 OR AY.9.2 OR AY.9.2.1 OR AY.9.2.2 OR AY.10 OR AY.11 OR AY.12 OR AY.13 OR AY.14 OR AY.15 OR AY.16 OR AY.16.1 OR AY.17 OR AY.18 OR AY.19 OR AY.20 OR AY.20.1 OR AY.21 OR AY.22 OR AY.23 OR AY.23.1 OR AY.23.2 OR AY.24 OR AY.24.1 OR AY.25 OR AY.25.1 OR AY.25.1.1 OR AY.25.1.2 OR AY.25.2 OR AY.25.3 OR AY.26 OR AY.26.1 OR AY.27 OR AY.28 OR AY.29 OR AY.29.1 OR AY.29.2 OR AY.30 OR AY.31 OR AY.32 OR AY.33 OR AY.33.1 OR AY.33.2 OR AY.34 OR AY.34.1 OR AY.34.1.1 OR AY.34.2 OR AY.35 OR AY.36 OR AY.36.1 OR AY.37 OR AY.38 OR AY.39 OR AY.39.1 OR AY.39.1.1 OR AY.39.1.2 OR AY.39.1.3 OR AY.39.1.4 OR AY.39.2 OR AY.39.3 OR AY.39.4 OR AY.40 OR AY.41 OR AY.42 OR AY.42.1 OR AY.43 OR AY.43.1 OR AY.43.2 OR AY.43.3 OR AY.43.4 OR AY.43.5 OR AY.43.6 OR AY.43.7 OR AY.43.8 OR AY.43.9 OR AY.44 OR AY.45 OR AY.46 OR AY.46.1 OR AY.46.2 OR AY.46.3 OR AY.46.4 OR AY.46.5 OR AY.46.6 OR AY.46.6.1 OR AY.47 OR AY.48 OR AY.49 OR AY.50 OR AY.51 OR AY.52 OR AY.53 OR AY.54 OR AY.55 OR AY.56 OR AY.57 OR AY.58 OR AY.59 OR AY.60 OR AY.61 OR AY.62 OR AY.63 OR AY.64 OR AY.65 OR AY.66 OR AY.67 OR AY.68 OR AY.69 OR AY.70 OR AY.71 OR AY.72 OR AY.73 OR AY.74 OR AY.75 OR AY.75.1 OR AY.75.2 OR AY.75.3 OR AY.76 OR AY.77 OR AY.78 OR AY.79 OR AY.80 OR AY.81 OR AY.82 OR AY.83 OR AY.84 OR AY.85 OR AY.86 OR AY.87 OR AY.88 OR AY.89 OR AY.90 OR AY.91 OR AY.91.1 OR AY.92 OR AY.93 OR AY.94 OR AY.95 OR AY.96 OR AY.97 OR AY.98 OR AY.98.1 OR AY.98.1.1 OR AY.99 OR AY.99.1 OR AY.99.2 OR AY.100 OR AY.101 OR AY.102 OR AY.102.1 OR AY.102.2 OR AY.103 OR AY.103.1 OR AY.103.2 OR AY.104 OR AY.105 OR AY.106 OR AY.107 OR AY.108 OR AY.109 OR AY.110 OR AY.111 OR AY.112 OR AY.112.1 OR AY.112.2 OR AY.112.3 OR AY.113 OR AY.114 OR AY.115 OR AY.116 OR AY.116.1 OR AY.117 OR AY.118 OR AY.119 OR AY.119.1 OR AY.119.2 OR AY.120 OR AY.120.1 OR AY.120.2 OR AY.120.2.1 OR AY.121 OR AY.121.1 OR AY.122 OR AY.122.1 OR AY.122.2 OR AY.122.3 OR AY.122.4 OR AY.122.5 OR AY.122.6 OR AY.123 OR AY.123.1 OR AY.124 OR AY.124.1 OR AY.124.1.1 OR AY.125 OR AY.125.1 OR AY.126 OR AY.127 OR AY.127.1 OR AY.127.2 OR AY.127.3 OR AY.128 OR AY.129 OR AY.130 OR AY.131 OR AY.132 OR AY.133 OR AY.134 OR B.1.617.2,Delta,25.2857142857143,2.21428571428571,0.0875706214689266
2021-06-22,6,3,10.2857142857143,1.71428571428571,0.166666666666667,0.0440594135526308,0.502774496439993,AY.1 OR AY.2 OR AY.3 OR AY.3.1 OR AY.3.2 OR AY.3.3 OR AY.3.4 OR AY.4 OR AY.4.1 OR AY.4.2 OR AY.4.2.1 OR AY.4.2.2 OR AY.4.2.3 OR AY.4.2.4 OR AY.4.2.5 OR AY.4.3 OR AY.4.4 OR AY.4.5 OR AY.4.6 OR AY.4.7 OR AY.4.8 OR AY.4.9 OR AY.4.10 OR AY.4.11 OR AY.4.12 OR AY.4.13 OR AY.4.14 OR AY.4.15 OR AY.4.16 OR AY.4.17 OR AY.5 OR AY.5.1 OR AY.5.2 OR AY.5.3 OR AY.5.4 OR AY.5.5 OR AY.5.6 OR AY.5.7 OR AY.6 OR AY.7 OR AY.7.1 OR AY.7.2 OR AY.8 OR AY.9 OR AY.9.1 OR AY.9.2 OR AY.9.2.1 OR AY.9.2.2 OR AY.10 OR AY.11 OR AY.12 OR AY.13 OR AY.14 OR AY.15 OR AY.16 OR AY.16.1 OR AY.17 OR AY.18 OR AY.19 OR AY.20 OR AY.20.1 OR AY.21 OR AY.22 OR AY.23 OR AY.23.1 OR AY.23.2 OR AY.24 OR AY.24.1 OR AY.25 OR AY.25.1 OR AY.25.1.1 OR AY.25.1.2 OR AY.25.2 OR AY.25.3 OR AY.26 OR AY.26.1 OR AY.27 OR AY.28 OR AY.29 OR AY.29.1 OR AY.29.2 OR AY.30 OR AY.31 OR AY.32 OR AY.33 OR AY.33.1 OR AY.33.2 OR AY.34 OR AY.34.1 OR AY.34.1.1 OR AY.34.2 OR AY.35 OR AY.36 OR AY.36.1 OR AY.37 OR AY.38 OR AY.39 OR AY.39.1 OR AY.39.1.1 OR AY.39.1.2 OR AY.39.1.3 OR AY.39.1.4 OR AY.39.2 OR AY.39.3 OR AY.39.4 OR AY.40 OR AY.41 OR AY.42 OR AY.42.1 OR AY.43 OR AY.43.1 OR AY.43.2 OR AY.43.3 OR AY.43.4 OR AY.43.5 OR AY.43.6 OR AY.43.7 OR AY.43.8 OR AY.43.9 OR AY.44 OR AY.45 OR AY.46 OR AY.46.1 OR AY.46.2 OR AY.46.3 OR AY.46.4 OR AY.46.5 OR AY.46.6 OR AY.46.6.1 OR AY.47 OR AY.48 OR AY.49 OR AY.50 OR AY.51 OR AY.52 OR AY.53 OR AY.54 OR AY.55 OR AY.56 OR AY.57 OR AY.58 OR AY.59 OR AY.60 OR AY.61 OR AY.62 OR AY.63 OR AY.64 OR AY.65 OR AY.66 OR AY.67 OR AY.68 OR AY.69 OR AY.70 OR AY.71 OR AY.72 OR AY.73 OR AY.74 OR AY.75 OR AY.75.1 OR AY.75.2 OR AY.75.3 OR AY.76 OR AY.77 OR AY.78 OR AY.79 OR AY.80 OR AY.81 OR AY.82 OR AY.83 OR AY.84 OR AY.85 OR AY.86 OR AY.87 OR AY.88 OR AY.89 OR AY.90 OR AY.91 OR AY.91.1 OR AY.92 OR AY.93 OR AY.94 OR AY.95 OR AY.96 OR AY.97 OR AY.98 OR AY.98.1 OR AY.98.1.1 OR AY.99 OR AY.99.1 OR AY.99.2 OR AY.100 OR AY.101 OR AY.102 OR AY.102.1 OR AY.102.2 OR AY.103 OR AY.103.1 OR AY.103.2 OR AY.104 OR AY.105 OR AY.106 OR AY.107 OR AY.108 OR AY.109 OR AY.110 OR AY.111 OR AY.112 OR AY.112.1 OR AY.112.2 OR AY.112.3 OR AY.113 OR AY.114 OR AY.115 OR AY.116 OR AY.116.1 OR AY.117 OR AY.118 OR AY.119 OR AY.119.1 OR AY.119.2 OR AY.120 OR AY.120.1 OR AY.120.2 OR AY.120.2.1 OR AY.121 OR AY.121.1 OR AY.122 OR AY.122.1 OR AY.122.2 OR AY.122.3 OR AY.122.4 OR AY.122.5 OR AY.122.6 OR AY.123 OR AY.123.1 OR AY.124 OR AY.124.1 OR AY.124.1.1 OR AY.125 OR AY.125.1 OR AY.126 OR AY.127 OR AY.127.1 OR AY.127.2 OR AY.127.3 OR AY.128 OR AY.129 OR AY.130 OR AY.131 OR AY.132 OR AY.133 OR AY.134 OR B.1.617.2,Delta,21.1428571428571,2,0.0945945945945946
2021-06-23,7,2,8.28571428571429,2,0.241379310344828,0.0559668897246588,0.591623510573337,AY.1 OR AY.2 OR AY.3 OR AY.3.1 OR AY.3.2 OR AY.3.3 OR AY.3.4 OR AY.4 OR AY.4.1 OR AY.4.2 OR AY.4.2.1 OR AY.4.2.2 OR AY.4.2.3 OR AY.4.2.4 OR AY.4.2.5 OR AY.4.3 OR AY.4.4 OR AY.4.5 OR AY.4.6 OR AY.4.7 OR AY.4.8 OR AY.4.9 OR AY.4.10 OR AY.4.11 OR AY.4.12 OR AY.4.13 OR AY.4.14 OR AY.4.15 OR AY.4.16 OR AY.4.17 OR AY.5 OR AY.5.1 OR AY.5.2 OR AY.5.3 OR AY.5.4 OR AY.5.5 OR AY.5.6 OR AY.5.7 OR AY.6 OR AY.7 OR AY.7.1 OR AY.7.2 OR AY.8 OR AY.9 OR AY.9.1 OR AY.9.2 OR AY.9.2.1 OR AY.9.2.2 OR AY.10 OR AY.11 OR AY.12 OR AY.13 OR AY.14 OR AY.15 OR AY.16 OR AY.16.1 OR AY.17 OR AY.18 OR AY.19 OR AY.20 OR AY.20.1 OR AY.21 OR AY.22 OR AY.23 OR AY.23.1 OR AY.23.2 OR AY.24 OR AY.24.1 OR AY.25 OR AY.25.1 OR AY.25.1.1 OR AY.25.1.2 OR AY.25.2 OR AY.25.3 OR AY.26 OR AY.26.1 OR AY.27 OR AY.28 OR AY.29 OR AY.29.1 OR AY.29.2 OR AY.30 OR AY.31 OR AY.32 OR AY.33 OR AY.33.1 OR AY.33.2 OR AY.34 OR AY.34.1 OR AY.34.1.1 OR AY.34.2 OR AY.35 OR AY.36 OR AY.36.1 OR AY.37 OR AY.38 OR AY.39 OR AY.39.1 OR AY.39.1.1 OR AY.39.1.2 OR AY.39.1.3 OR AY.39.1.4 OR AY.39.2 OR AY.39.3 OR AY.39.4 OR AY.40 OR AY.41 OR AY.42 OR AY.42.1 OR AY.43 OR AY.43.1 OR AY.43.2 OR AY.43.3 OR AY.43.4 OR AY.43.5 OR AY.43.6 OR AY.43.7 OR AY.43.8 OR AY.43.9 OR AY.44 OR AY.45 OR AY.46 OR AY.46.1 OR AY.46.2 OR AY.46.3 OR AY.46.4 OR AY.46.5 OR AY.46.6 OR AY.46.6.1 OR AY.47 OR AY.48 OR AY.49 OR AY.50 OR AY.51 OR AY.52 OR AY.53 OR AY.54 OR AY.55 OR AY.56 OR AY.57 OR AY.58 OR AY.59 OR AY.60 OR AY.61 OR AY.62 OR AY.63 OR AY.64 OR AY.65 OR AY.66 OR AY.67 OR AY.68 OR AY.69 OR AY.70 OR AY.71 OR AY.72 OR AY.73 OR AY.74 OR AY.75 OR AY.75.1 OR AY.75.2 OR AY.75.3 OR AY.76 OR AY.77 OR AY.78 OR AY.79 OR AY.80 OR AY.81 OR AY.82 OR AY.83 OR AY.84 OR AY.85 OR AY.86 OR AY.87 OR AY.88 OR AY.89 OR AY.90 OR AY.91 OR AY.91.1 OR AY.92 OR AY.93 OR AY.94 OR AY.95 OR AY.96 OR AY.97 OR AY.98 OR AY.98.1 OR AY.98.1.1 OR AY.99 OR AY.99.1 OR AY.99.2 OR AY.100 OR AY.101 OR AY.102 OR AY.102.1 OR AY.102.2 OR AY.103 OR AY.103.1 OR AY.103.2 OR AY.104 OR AY.105 OR AY.106 OR AY.107 OR AY.108 OR AY.109 OR AY.110 OR AY.111 OR AY.112 OR AY.112.1 OR AY.112.2 OR AY.112.3 OR AY.113 OR AY.114 OR AY.115 OR AY.116 OR AY.116.1 OR AY.117 OR AY.118 OR AY.119 OR AY.119.1 OR AY.119.2 OR AY.120 OR AY.120.1 OR AY.120.2 OR AY.120.2.1 OR AY.121 OR AY.121.1 OR AY.122 OR AY.122.1 OR AY.122.2 OR AY.122.3 OR AY.122.4 OR AY.122.5 OR AY.122.6 OR AY.123 OR AY.123.1 OR AY.124 OR AY.124.1 OR AY.124.1.1 OR AY.125 OR AY.125.1 OR AY.126 OR AY.127 OR AY.127.1 OR AY.127.2 OR AY.127.3 OR AY.128 OR AY.129 OR AY.130 OR AY.131 OR AY.132 OR AY.133 OR AY.134 OR B.1.617.2,Delta,17.5714285714286,1.92857142857143,0.109756097560976
2021-06-24,8,3,7.57142857142857,2,0.264150943396226,0.0559668897246588,0.591623510573337,AY.1 OR AY.2 OR AY.3 OR AY.3.1 OR AY.3.2 OR AY.3.3 OR AY.3.4 OR AY.4 OR AY.4.1 OR AY.4.2 OR AY.4.2.1 OR AY.4.2.2 OR AY.4.2.3 OR AY.4.2.4 OR AY.4.2.5 OR AY.4.3 OR AY.4.4 OR AY.4.5 OR AY.4.6 OR AY.4.7 OR AY.4.8 OR AY.4.9 OR AY.4.10 OR AY.4.11 OR AY.4.12 OR AY.4.13 OR AY.4.14 OR AY.4.15 OR AY.4.16 OR AY.4.17 OR AY.5 OR AY.5.1 OR AY.5.2 OR AY.5.3 OR AY.5.4 OR AY.5.5 OR AY.5.6 OR AY.5.7 OR AY.6 OR AY.7 OR AY.7.1 OR AY.7.2 OR AY.8 OR AY.9 OR AY.9.1 OR AY.9.2 OR AY.9.2.1 OR AY.9.2.2 OR AY.10 OR AY.11 OR AY.12 OR AY.13 OR AY.14 OR AY.15 OR AY.16 OR AY.16.1 OR AY.17 OR AY.18 OR AY.19 OR AY.20 OR AY.20.1 OR AY.21 OR AY.22 OR AY.23 OR AY.23.1 OR AY.23.2 OR AY.24 OR AY.24.1 OR AY.25 OR AY.25.1 OR AY.25.1.1 OR AY.25.1.2 OR AY.25.2 OR AY.25.3 OR AY.26 OR AY.26.1 OR AY.27 OR AY.28 OR AY.29 OR AY.29.1 OR AY.29.2 OR AY.30 OR AY.31 OR AY.32 OR AY.33 OR AY.33.1 OR AY.33.2 OR AY.34 OR AY.34.1 OR AY.34.1.1 OR AY.34.2 OR AY.35 OR AY.36 OR AY.36.1 OR AY.37 OR AY.38 OR AY.39 OR AY.39.1 OR AY.39.1.1 OR AY.39.1.2 OR AY.39.1.3 OR AY.39.1.4 OR AY.39.2 OR AY.39.3 OR AY.39.4 OR AY.40 OR AY.41 OR AY.42 OR AY.42.1 OR AY.43 OR AY.43.1 OR AY.43.2 OR AY.43.3 OR AY.43.4 OR AY.43.5 OR AY.43.6 OR AY.43.7 OR AY.43.8 OR AY.43.9 OR AY.44 OR AY.45 OR AY.46 OR AY.46.1 OR AY.46.2 OR AY.46.3 OR AY.46.4 OR AY.46.5 OR AY.46.6 OR AY.46.6.1 OR AY.47 OR AY.48 OR AY.49 OR AY.50 OR AY.51 OR AY.52 OR AY.53 OR AY.54 OR AY.55 OR AY.56 OR AY.57 OR AY.58 OR AY.59 OR AY.60 OR AY.61 OR AY.62 OR AY.63 OR AY.64 OR AY.65 OR AY.66 OR AY.67 OR AY.68 OR AY.69 OR AY.70 OR AY.71 OR AY.72 OR AY.73 OR AY.74 OR AY.75 OR AY.75.1 OR AY.75.2 OR AY.75.3 OR AY.76 OR AY.77 OR AY.78 OR AY.79 OR AY.80 OR AY.81 OR AY.82 OR AY.83 OR AY.84 OR AY.85 OR AY.86 OR AY.87 OR AY.88 OR AY.89 OR AY.90 OR AY.91 OR AY.91.1 OR AY.92 OR AY.93 OR AY.94 OR AY.95 OR AY.96 OR AY.97 OR AY.98 OR AY.98.1 OR AY.98.1.1 OR AY.99 OR AY.99.1 OR AY.99.2 OR AY.100 OR AY.101 OR AY.102 OR AY.102.1 OR AY.102.2 OR AY.103 OR AY.103.1 OR AY.103.2 OR AY.104 OR AY.105 OR AY.106 OR AY.107 OR AY.108 OR AY.109 OR AY.110 OR AY.111 OR AY.112 OR AY.112.1 OR AY.112.2 OR AY.112.3 OR AY.113 OR AY.114 OR AY.115 OR AY.116 OR AY.116.1 OR AY.117 OR AY.118 OR AY.119 OR AY.119.1 OR AY.119.2 OR AY.120 OR AY.120.1 OR AY.120.2 OR AY.120.2.1 OR AY.121 OR AY.121.1 OR AY.122 OR AY.122.1 OR AY.122.2 OR AY.122.3 OR AY.122.4 OR AY.122.5 OR AY.122.6 OR AY.123 OR AY.123.1 OR AY.124 OR AY.124.1 OR AY.124.1.1 OR AY.125 OR AY.125.1 OR AY.126 OR AY.127 OR AY.127.1 OR AY.127.2 OR AY.127.3 OR AY.128 OR AY.129 OR AY.130 OR AY.131 OR AY.132 OR AY.133 OR AY.134 OR B.1.617.2,Delta,14.5,2.07142857142857,0.142857142857143
2021-06-25,6,3,6.28571428571429,2,0.318181818181818,0.0767701400348735,0.713576990745803,AY.1 OR AY.2 OR AY.3 OR AY.3.1 OR AY.3.2 OR AY.3.3 OR AY.3.4 OR AY.4 OR AY.4.1 OR AY.4.2 OR AY.4.2.1 OR AY.4.2.2 OR AY.4.2.3 OR AY.4.2.4 OR AY.4.2.5 OR AY.4.3 OR AY.4.4 OR AY.4.5 OR AY.4.6 OR AY.4.7 OR AY.4.8 OR AY.4.9 OR AY.4.10 OR AY.4.11 OR AY.4.12 OR AY.4.13 OR AY.4.14 OR AY.4.15 OR AY.4.16 OR AY.4.17 OR AY.5 OR AY.5.1 OR AY.5.2 OR AY.5.3 OR AY.5.4 OR AY.5.5 OR AY.5.6 OR AY.5.7 OR AY.6 OR AY.7 OR AY.7.1 OR AY.7.2 OR AY.8 OR AY.9 OR AY.9.1 OR AY.9.2 OR AY.9.2.1 OR AY.9.2.2 OR AY.10 OR AY.11 OR AY.12 OR AY.13 OR AY.14 OR AY.15 OR AY.16 OR AY.16.1 OR AY.17 OR AY.18 OR AY.19 OR AY.20 OR AY.20.1 OR AY.21 OR AY.22 OR AY.23 OR AY.23.1 OR AY.23.2 OR AY.24 OR AY.24.1 OR AY.25 OR AY.25.1 OR AY.25.1.1 OR AY.25.1.2 OR AY.25.2 OR AY.25.3 OR AY.26 OR AY.26.1 OR AY.27 OR AY.28 OR AY.29 OR AY.29.1 OR AY.29.2 OR AY.30 OR AY.31 OR AY.32 OR AY.33 OR AY.33.1 OR AY.33.2 OR AY.34 OR AY.34.1 OR AY.34.1.1 OR AY.34.2 OR AY.35 OR AY.36 OR AY.36.1 OR AY.37 OR AY.38 OR AY.39 OR AY.39.1 OR AY.39.1.1 OR AY.39.1.2 OR AY.39.1.3 OR AY.39.1.4 OR AY.39.2 OR AY.39.3 OR AY.39.4 OR AY.40 OR AY.41 OR AY.42 OR AY.42.1 OR AY.43 OR AY.43.1 OR AY.43.2 OR AY.43.3 OR AY.43.4 OR AY.43.5 OR AY.43.6 OR AY.43.7 OR AY.43.8 OR AY.43.9 OR AY.44 OR AY.45 OR AY.46 OR AY.46.1 OR AY.46.2 OR AY.46.3 OR AY.46.4 OR AY.46.5 OR AY.46.6 OR AY.46.6.1 OR AY.47 OR AY.48 OR AY.49 OR AY.50 OR AY.51 OR AY.52 OR AY.53 OR AY.54 OR AY.55 OR AY.56 OR AY.57 OR AY.58 OR AY.59 OR AY.60 OR AY.61 OR AY.62 OR AY.63 OR AY.64 OR AY.65 OR AY.66 OR AY.67 OR AY.68 OR AY.69 OR AY.70 OR AY.71 OR AY.72 OR AY.73 OR AY.74 OR AY.75 OR AY.75.1 OR AY.75.2 OR AY.75.3 OR AY.76 OR AY.77 OR AY.78 OR AY.79 OR AY.80 OR AY.81 OR AY.82 OR AY.83 OR AY.84 OR AY.85 OR AY.86 OR AY.87 OR AY.88 OR AY.89 OR AY.90 OR AY.91 OR AY.91.1 OR AY.92 OR AY.93 OR AY.94 OR AY.95 OR AY.96 OR AY.97 OR AY.98 OR AY.98.1 OR AY.98.1.1 OR AY.99 OR AY.99.1 OR AY.99.2 OR AY.100 OR AY.101 OR AY.102 OR AY.102.1 OR AY.102.2 OR AY.103 OR AY.103.1 OR AY.103.2 OR AY.104 OR AY.105 OR AY.106 OR AY.107 OR AY.108 OR AY.109 OR AY.110 OR AY.111 OR AY.112 OR AY.112.1 OR AY.112.2 OR AY.112.3 OR AY.113 OR AY.114 OR AY.115 OR AY.116 OR AY.116.1 OR AY.117 OR AY.118 OR AY.119 OR AY.119.1 OR AY.119.2 OR AY.120 OR AY.120.1 OR AY.120.2 OR AY.120.2.1 OR AY.121 OR AY.121.1 OR AY.122 OR AY.122.1 OR AY.122.2 OR AY.122.3 OR AY.122.4 OR AY.122.5 OR AY.122.6 OR AY.123 OR AY.123.1 OR AY.124 OR AY.124.1 OR AY.124.1.1 OR AY.125 OR AY.125.1 OR AY.126 OR AY.127 OR AY.127.1 OR AY.127.2 OR AY.127.3 OR AY.128 OR AY.129 OR AY.130 OR AY.131 OR AY.132 OR AY.133 OR AY.134 OR B.1.617.2,Delta,12.2142857142857,2.21428571428571,0.181286549707602
2021-06-26,6,3,6,2.14285714285714,0.357142857142857,0.0767701400348735,0.713576990745803,AY.1 OR AY.2 OR AY.3 OR AY.3.1 OR AY.3.2 OR AY.3.3 OR AY.3.4 OR AY.4 OR AY.4.1 OR AY.4.2 OR AY.4.2.1 OR AY.4.2.2 OR AY.4.2.3 OR AY.4.2.4 OR AY.4.2.5 OR AY.4.3 OR AY.4.4 OR AY.4.5 OR AY.4.6 OR AY.4.7 OR AY.4.8 OR AY.4.9 OR AY.4.10 OR AY.4.11 OR AY.4.12 OR AY.4.13 OR AY.4.14 OR AY.4.15 OR AY.4.16 OR AY.4.17 OR AY.5 OR AY.5.1 OR AY.5.2 OR AY.5.3 OR AY.5.4 OR AY.5.5 OR AY.5.6 OR AY.5.7 OR AY.6 OR AY.7 OR AY.7.1 OR AY.7.2 OR AY.8 OR AY.9 OR AY.9.1 OR AY.9.2 OR AY.9.2.1 OR AY.9.2.2 OR AY.10 OR AY.11 OR AY.12 OR AY.13 OR AY.14 OR AY.15 OR AY.16 OR AY.16.1 OR AY.17 OR AY.18 OR AY.19 OR AY.20 OR AY.20.1 OR AY.21 OR AY.22 OR AY.23 OR AY.23.1 OR AY.23.2 OR AY.24 OR AY.24.1 OR AY.25 OR AY.25.1 OR AY.25.1.1 OR AY.25.1.2 OR AY.25.2 OR AY.25.3 OR AY.26 OR AY.26.1 OR AY.27 OR AY.28 OR AY.29 OR AY.29.1 OR AY.29.2 OR AY.30 OR AY.31 OR AY.32 OR AY.33 OR AY.33.1 OR AY.33.2 OR AY.34 OR AY.34.1 OR AY.34.1.1 OR AY.34.2 OR AY.35 OR AY.36 OR AY.36.1 OR AY.37 OR AY.38 OR AY.39 OR AY.39.1 OR AY.39.1.1 OR AY.39.1.2 OR AY.39.1.3 OR AY.39.1.4 OR AY.39.2 OR AY.39.3 OR AY.39.4 OR AY.40 OR AY.41 OR AY.42 OR AY.42.1 OR AY.43 OR AY.43.1 OR AY.43.2 OR AY.43.3 OR AY.43.4 OR AY.43.5 OR AY.43.6 OR AY.43.7 OR AY.43.8 OR AY.43.9 OR AY.44 OR AY.45 OR AY.46 OR AY.46.1 OR AY.46.2 OR AY.46.3 OR AY.46.4 OR AY.46.5 OR AY.46.6 OR AY.46.6.1 OR AY.47 OR AY.48 OR AY.49 OR AY.50 OR AY.51 OR AY.52 OR AY.53 OR AY.54 OR AY.55 OR AY.56 OR AY.57 OR AY.58 OR AY.59 OR AY.60 OR AY.61 OR AY.62 OR AY.63 OR AY.64 OR AY.65 OR AY.66 OR AY.67 OR AY.68 OR AY.69 OR AY.70 OR AY.71 OR AY.72 OR AY.73 OR AY.74 OR AY.75 OR AY.75.1 OR AY.75.2 OR AY.75.3 OR AY.76 OR AY.77 OR AY.78 OR AY.79 OR AY.80 OR AY.81 OR AY.82 OR AY.83 OR AY.84 OR AY.85 OR AY.86 OR AY.87 OR AY.88 OR AY.89 OR AY.90 OR AY.91 OR AY.91.1 OR AY.92 OR AY.93 OR AY.94 OR AY.95 OR AY.96 OR AY.97 OR AY.98 OR AY.98.1 OR AY.98.1.1 OR AY.99 OR AY.99.1 OR AY.99.2 OR AY.100 OR AY.101 OR AY.102 OR AY.102.1 OR AY.102.2 OR AY.103 OR AY.103.1 OR AY.103.2 OR AY.104 OR AY.105 OR AY.106 OR AY.107 OR AY.108 OR AY.109 OR AY.110 OR AY.111 OR AY.112 OR AY.112.1 OR AY.112.2 OR AY.112.3 OR AY.113 OR AY.114 OR AY.115 OR AY.116 OR AY.116.1 OR AY.117 OR AY.118 OR AY.119 OR AY.119.1 OR AY.119.2 OR AY.120 OR AY.120.1 OR AY.120.2 OR AY.120.2.1 OR AY.121 OR AY.121.1 OR AY.122 OR AY.122.1 OR AY.122.2 OR AY.122.3 OR AY.122.4 OR AY.122.5 OR AY.122.6 OR AY.123 OR AY.123.1 OR AY.124 OR AY.124.1 OR AY.124.1.1 OR AY.125 OR AY.125.1 OR AY.126 OR AY.127 OR AY.127.1 OR AY.127.2 OR AY.127.3 OR AY.128 OR AY.129 OR AY.130 OR AY.131 OR AY.132 OR AY.133 OR AY.134 OR B.1.617.2,Delta,10.9285714285714,2.07142857142857,0.189542483660131
2021-06-27,3,0,6.14285714285714,2.14285714285714,0.348837209302326,0.0767701400348735,0.713576990745803,AY.1 OR AY.2 OR AY.3 OR AY.3.1 OR AY.3.2 OR AY.3.3 OR AY.3.4 OR AY.4 OR AY.4.1 OR AY.4.2 OR AY.4.2.1 OR AY.4.2.2 OR AY.4.2.3 OR AY.4.2.4 OR AY.4.2.5 OR AY.4.3 OR AY.4.4 OR AY.4.5 OR AY.4.6 OR AY.4.7 OR AY.4.8 OR AY.4.9 OR AY.4.10 OR AY.4.11 OR AY.4.12 OR AY.4.13 OR AY.4.14 OR AY.4.15 OR AY.4.16 OR AY.4.17 OR AY.5 OR AY.5.1 OR AY.5.2 OR AY.5.3 OR AY.5.4 OR AY.5.5 OR AY.5.6 OR AY.5.7 OR AY.6 OR AY.7 OR AY.7.1 OR AY.7.2 OR AY.8 OR AY.9 OR AY.9.1 OR AY.9.2 OR AY.9.2.1 OR AY.9.2.2 OR AY.10 OR AY.11 OR AY.12 OR AY.13 OR AY.14 OR AY.15 OR AY.16 OR AY.16.1 OR AY.17 OR AY.18 OR AY.19 OR AY.20 OR AY.20.1 OR AY.21 OR AY.22 OR AY.23 OR AY.23.1 OR AY.23.2 OR AY.24 OR AY.24.1 OR AY.25 OR AY.25.1 OR AY.25.1.1 OR AY.25.1.2 OR AY.25.2 OR AY.25.3 OR AY.26 OR AY.26.1 OR AY.27 OR AY.28 OR AY.29 OR AY.29.1 OR AY.29.2 OR AY.30 OR AY.31 OR AY.32 OR AY.33 OR AY.33.1 OR AY.33.2 OR AY.34 OR AY.34.1 OR AY.34.1.1 OR AY.34.2 OR AY.35 OR AY.36 OR AY.36.1 OR AY.37 OR AY.38 OR AY.39 OR AY.39.1 OR AY.39.1.1 OR AY.39.1.2 OR AY.39.1.3 OR AY.39.1.4 OR AY.39.2 OR AY.39.3 OR AY.39.4 OR AY.40 OR AY.41 OR AY.42 OR AY.42.1 OR AY.43 OR AY.43.1 OR AY.43.2 OR AY.43.3 OR AY.43.4 OR AY.43.5 OR AY.43.6 OR AY.43.7 OR AY.43.8 OR AY.43.9 OR AY.44 OR AY.45 OR AY.46 OR AY.46.1 OR AY.46.2 OR AY.46.3 OR AY.46.4 OR AY.46.5 OR AY.46.6 OR AY.46.6.1 OR AY.47 OR AY.48 OR AY.49 OR AY.50 OR AY.51 OR AY.52 OR AY.53 OR AY.54 OR AY.55 OR AY.56 OR AY.57 OR AY.58 OR AY.59 OR AY.60 OR AY.61 OR AY.62 OR AY.63 OR AY.64 OR AY.65 OR AY.66 OR AY.67 OR AY.68 OR AY.69 OR AY.70 OR AY.71 OR AY.72 OR AY.73 OR AY.74 OR AY.75 OR AY.75.1 OR AY.75.2 OR AY.75.3 OR AY.76 OR AY.77 OR AY.78 OR AY.79 OR AY.80 OR AY.81 OR AY.82 OR AY.83 OR AY.84 OR AY.85 OR AY.86 OR AY.87 OR AY.88 OR AY.89 OR AY.90 OR AY.91 OR AY.91.1 OR AY.92 OR AY.93 OR AY.94 OR AY.95 OR AY.96 OR AY.97 OR AY.98 OR AY.98.1 OR AY.98.1.1 OR AY.99 OR AY.99.1 OR AY.99.2 OR AY.100 OR AY.101 OR AY.102 OR AY.102.1 OR AY.102.2 OR AY.103 OR AY.103.1 OR AY.103.2 OR AY.104 OR AY.105 OR AY.106 OR AY.107 OR AY.108 OR AY.109 OR AY.110 OR AY.111 OR AY.112 OR AY.112.1 OR AY.112.2 OR AY.112.3 OR AY.113 OR AY.114 OR AY.115 OR AY.116 OR AY.116.1 OR AY.117 OR AY.118 OR AY.119 OR AY.119.1 OR AY.119.2 OR AY.120 OR AY.120.1 OR AY.120.2 OR AY.120.2.1 OR AY.121 OR AY.121.1 OR AY.122 OR AY.122.1 OR AY.122.2 OR AY.122.3 OR AY.122.4 OR AY.122.5 OR AY.122.6 OR AY.123 OR AY.123.1 OR AY.124 OR AY.124.1 OR AY.124.1.1 OR AY.125 OR AY.125.1 OR AY.126 OR AY.127 OR AY.127.1 OR AY.127.2 OR AY.127.3 OR AY.128 OR AY.129 OR AY.130 OR AY.131 OR AY.132 OR AY.133 OR AY.134 OR B.1.617.2,Delta,10.5714285714286,2.07142857142857,0.195945945945946
2021-06-28,9,2,6.42857142857143,2.28571428571429,0.355555555555556,0.0767701400348735,0.713576990745803,AY.1 OR AY.2 OR AY.3 OR AY.3.1 OR AY.3.2 OR AY.3.3 OR AY.3.4 OR AY.4 OR AY.4.1 OR AY.4.2 OR AY.4.2.1 OR AY.4.2.2 OR AY.4.2.3 OR AY.4.2.4 OR AY.4.2.5 OR AY.4.3 OR AY.4.4 OR AY.4.5 OR AY.4.6 OR AY.4.7 OR AY.4.8 OR AY.4.9 OR AY.4.10 OR AY.4.11 OR AY.4.12 OR AY.4.13 OR AY.4.14 OR AY.4.15 OR AY.4.16 OR AY.4.17 OR AY.5 OR AY.5.1 OR AY.5.2 OR AY.5.3 OR AY.5.4 OR AY.5.5 OR AY.5.6 OR AY.5.7 OR AY.6 OR AY.7 OR AY.7.1 OR AY.7.2 OR AY.8 OR AY.9 OR AY.9.1 OR AY.9.2 OR AY.9.2.1 OR AY.9.2.2 OR AY.10 OR AY.11 OR AY.12 OR AY.13 OR AY.14 OR AY.15 OR AY.16 OR AY.16.1 OR AY.17 OR AY.18 OR AY.19 OR AY.20 OR AY.20.1 OR AY.21 OR AY.22 OR AY.23 OR AY.23.1 OR AY.23.2 OR AY.24 OR AY.24.1 OR AY.25 OR AY.25.1 OR AY.25.1.1 OR AY.25.1.2 OR AY.25.2 OR AY.25.3 OR AY.26 OR AY.26.1 OR AY.27 OR AY.28 OR AY.29 OR AY.29.1 OR AY.29.2 OR AY.30 OR AY.31 OR AY.32 OR AY.33 OR AY.33.1 OR AY.33.2 OR AY.34 OR AY.34.1 OR AY.34.1.1 OR AY.34.2 OR AY.35 OR AY.36 OR AY.36.1 OR AY.37 OR AY.38 OR AY.39 OR AY.39.1 OR AY.39.1.1 OR AY.39.1.2 OR AY.39.1.3 OR AY.39.1.4 OR AY.39.2 OR AY.39.3 OR AY.39.4 OR AY.40 OR AY.41 OR AY.42 OR AY.42.1 OR AY.43 OR AY.43.1 OR AY.43.2 OR AY.43.3 OR AY.43.4 OR AY.43.5 OR AY.43.6 OR AY.43.7 OR AY.43.8 OR AY.43.9 OR AY.44 OR AY.45 OR AY.46 OR AY.46.1 OR AY.46.2 OR AY.46.3 OR AY.46.4 OR AY.46.5 OR AY.46.6 OR AY.46.6.1 OR AY.47 OR AY.48 OR AY.49 OR AY.50 OR AY.51 OR AY.52 OR AY.53 OR AY.54 OR AY.55 OR AY.56 OR AY.57 OR AY.58 OR AY.59 OR AY.60 OR AY.61 OR AY.62 OR AY.63 OR AY.64 OR AY.65 OR AY.66 OR AY.67 OR AY.68 OR AY.69 OR AY.70 OR AY.71 OR AY.72 OR AY.73 OR AY.74 OR AY.75 OR AY.75.1 OR AY.75.2 OR AY.75.3 OR AY.76 OR AY.77 OR AY.78 OR AY.79 OR AY.80 OR AY.81 OR AY.82 OR AY.83 OR AY.84 OR AY.85 OR AY.86 OR AY.87 OR AY.88 OR AY.89 OR AY.90 OR AY.91 OR AY.91.1 OR AY.92 OR AY.93 OR AY.94 OR AY.95 OR AY.96 OR AY.97 OR AY.98 OR AY.98.1 OR AY.98.1.1 OR AY.99 OR AY.99.1 OR AY.99.2 OR AY.100 OR AY.101 OR AY.102 OR AY.102.1 OR AY.102.2 OR AY.103 OR AY.103.1 OR AY.103.2 OR AY.104 OR AY.105 OR AY.106 OR AY.107 OR AY.108 OR AY.109 OR AY.110 OR AY.111 OR AY.112 OR AY.112.1 OR AY.112.2 OR AY.112.3 OR AY.113 OR AY.114 OR AY.115 OR AY.116 OR AY.116.1 OR AY.117 OR AY.118 OR AY.119 OR AY.119.1 OR AY.119.2 OR AY.120 OR AY.120.1 OR AY.120.2 OR AY.120.2.1 OR AY.121 OR AY.121.1 OR AY.122 OR AY.122.1 OR AY.122.2 OR AY.122.3 OR AY.122.4 OR AY.122.5 OR AY.122.6 OR AY.123 OR AY.123.1 OR AY.124 OR AY.124.1 OR AY.124.1.1 OR AY.125 OR AY.125.1 OR AY.126 OR AY.127 OR AY.127.1 OR AY.127.2 OR AY.127.3 OR AY.128 OR AY.129 OR AY.130 OR AY.131 OR AY.132 OR AY.133 OR AY.134 OR B.1.617.2,Delta,9.78571428571429,2.07142857142857,0.211678832116788
2021-06-29,19,11,8.28571428571429,3.42857142857143,0.413793103448276,0.119039180154166,0.705176553719691,AY.1 OR AY.2 OR AY.3 OR AY.3.1 OR AY.3.2 OR AY.3.3 OR AY.3.4 OR AY.4 OR AY.4.1 OR AY.4.2 OR AY.4.2.1 OR AY.4.2.2 OR AY.4.2.3 OR AY.4.2.4 OR AY.4.2.5 OR AY.4.3 OR AY.4.4 OR AY.4.5 OR AY.4.6 OR AY.4.7 OR AY.4.8 OR AY.4.9 OR AY.4.10 OR AY.4.11 OR AY.4.12 OR AY.4.13 OR AY.4.14 OR AY.4.15 OR AY.4.16 OR AY.4.17 OR AY.5 OR AY.5.1 OR AY.5.2 OR AY.5.3 OR AY.5.4 OR AY.5.5 OR AY.5.6 OR AY.5.7 OR AY.6 OR AY.7 OR AY.7.1 OR AY.7.2 OR AY.8 OR AY.9 OR AY.9.1 OR AY.9.2 OR AY.9.2.1 OR AY.9.2.2 OR AY.10 OR AY.11 OR AY.12 OR AY.13 OR AY.14 OR AY.15 OR AY.16 OR AY.16.1 OR AY.17 OR AY.18 OR AY.19 OR AY.20 OR AY.20.1 OR AY.21 OR AY.22 OR AY.23 OR AY.23.1 OR AY.23.2 OR AY.24 OR AY.24.1 OR AY.25 OR AY.25.1 OR AY.25.1.1 OR AY.25.1.2 OR AY.25.2 OR AY.25.3 OR AY.26 OR AY.26.1 OR AY.27 OR AY.28 OR AY.29 OR AY.29.1 OR AY.29.2 OR AY.30 OR AY.31 OR AY.32 OR AY.33 OR AY.33.1 OR AY.33.2 OR AY.34 OR AY.34.1 OR AY.34.1.1 OR AY.34.2 OR AY.35 OR AY.36 OR AY.36.1 OR AY.37 OR AY.38 OR AY.39 OR AY.39.1 OR AY.39.1.1 OR AY.39.1.2 OR AY.39.1.3 OR AY.39.1.4 OR AY.39.2 OR AY.39.3 OR AY.39.4 OR AY.40 OR AY.41 OR AY.42 OR AY.42.1 OR AY.43 OR AY.43.1 OR AY.43.2 OR AY.43.3 OR AY.43.4 OR AY.43.5 OR AY.43.6 OR AY.43.7 OR AY.43.8 OR AY.43.9 OR AY.44 OR AY.45 OR AY.46 OR AY.46.1 OR AY.46.2 OR AY.46.3 OR AY.46.4 OR AY.46.5 OR AY.46.6 OR AY.46.6.1 OR AY.47 OR AY.48 OR AY.49 OR AY.50 OR AY.51 OR AY.52 OR AY.53 OR AY.54 OR AY.55 OR AY.56 OR AY.57 OR AY.58 OR AY.59 OR AY.60 OR AY.61 OR AY.62 OR AY.63 OR AY.64 OR AY.65 OR AY.66 OR AY.67 OR AY.68 OR AY.69 OR AY.70 OR AY.71 OR AY.72 OR AY.73 OR AY.74 OR AY.75 OR AY.75.1 OR AY.75.2 OR AY.75.3 OR AY.76 OR AY.77 OR AY.78 OR AY.79 OR AY.80 OR AY.81 OR AY.82 OR AY.83 OR AY.84 OR AY.85 OR AY.86 OR AY.87 OR AY.88 OR AY.89 OR AY.90 OR AY.91 OR AY.91.1 OR AY.92 OR AY.93 OR AY.94 OR AY.95 OR AY.96 OR AY.97 OR AY.98 OR AY.98.1 OR AY.98.1.1 OR AY.99 OR AY.99.1 OR AY.99.2 OR AY.100 OR AY.101 OR AY.102 OR AY.102.1 OR AY.102.2 OR AY.103 OR AY.103.1 OR AY.103.2 OR AY.104 OR AY.105 OR AY.106 OR AY.107 OR AY.108 OR AY.109 OR AY.110 OR AY.111 OR AY.112 OR AY.112.1 OR AY.112.2 OR AY.112.3 OR AY.113 OR AY.114 OR AY.115 OR AY.116 OR AY.116.1 OR AY.117 OR AY.118 OR AY.119 OR AY.119.1 OR AY.119.2 OR AY.120 OR AY.120.1 OR AY.120.2 OR AY.120.2.1 OR AY.121 OR AY.121.1 OR AY.122 OR AY.122.1 OR AY.122.2 OR AY.122.3 OR AY.122.4 OR AY.122.5 OR AY.122.6 OR AY.123 OR AY.123.1 OR AY.124 OR AY.124.1 OR AY.124.1.1 OR AY.125 OR AY.125.1 OR AY.126 OR AY.127 OR AY.127.1 OR AY.127.2 OR AY.127.3 OR AY.128 OR AY.129 OR AY.130 OR AY.131 OR AY.132 OR AY.133 OR AY.134 OR B.1.617.2,Delta,9.28571428571429,2.57142857142857,0.276923076923077
2021-06-30,51,26,14.5714285714286,6.85714285714286,0.470588235294118,0.238786847959058,0.706113585119601,AY.1 OR AY.2 OR AY.3 OR AY.3.1 OR AY.3.2 OR AY.3.3 OR AY.3.4 OR AY.4 OR AY.4.1 OR AY.4.2 OR AY.4.2.1 OR AY.4.2.2 OR AY.4.2.3 OR AY.4.2.4 OR AY.4.2.5 OR AY.4.3 OR AY.4.4 OR AY.4.5 OR AY.4.6 OR AY.4.7 OR AY.4.8 OR AY.4.9 OR AY.4.10 OR AY.4.11 OR AY.4.12 OR AY.4.13 OR AY.4.14 OR AY.4.15 OR AY.4.16 OR AY.4.17 OR AY.5 OR AY.5.1 OR AY.5.2 OR AY.5.3 OR AY.5.4 OR AY.5.5 OR AY.5.6 OR AY.5.7 OR AY.6 OR AY.7 OR AY.7.1 OR AY.7.2 OR AY.8 OR AY.9 OR AY.9.1 OR AY.9.2 OR AY.9.2.1 OR AY.9.2.2 OR AY.10 OR AY.11 OR AY.12 OR AY.13 OR AY.14 OR AY.15 OR AY.16 OR AY.16.1 OR AY.17 OR AY.18 OR AY.19 OR AY.20 OR AY.20.1 OR AY.21 OR AY.22 OR AY.23 OR AY.23.1 OR AY.23.2 OR AY.24 OR AY.24.1 OR AY.25 OR AY.25.1 OR AY.25.1.1 OR AY.25.1.2 OR AY.25.2 OR AY.25.3 OR AY.26 OR AY.26.1 OR AY.27 OR AY.28 OR AY.29 OR AY.29.1 OR AY.29.2 OR AY.30 OR AY.31 OR AY.32 OR AY.33 OR AY.33.1 OR AY.33.2 OR AY.34 OR AY.34.1 OR AY.34.1.1 OR AY.34.2 OR AY.35 OR AY.36 OR AY.36.1 OR AY.37 OR AY.38 OR AY.39 OR AY.39.1 OR AY.39.1.1 OR AY.39.1.2 OR AY.39.1.3 OR AY.39.1.4 OR AY.39.2 OR AY.39.3 OR AY.39.4 OR AY.40 OR AY.41 OR AY.42 OR AY.42.1 OR AY.43 OR AY.43.1 OR AY.43.2 OR AY.43.3 OR AY.43.4 OR AY.43.5 OR AY.43.6 OR AY.43.7 OR AY.43.8 OR AY.43.9 OR AY.44 OR AY.45 OR AY.46 OR AY.46.1 OR AY.46.2 OR AY.46.3 OR AY.46.4 OR AY.46.5 OR AY.46.6 OR AY.46.6.1 OR AY.47 OR AY.48 OR AY.49 OR AY.50 OR AY.51 OR AY.52 OR AY.53 OR AY.54 OR AY.55 OR AY.56 OR AY.57 OR AY.58 OR AY.59 OR AY.60 OR AY.61 OR AY.62 OR AY.63 OR AY.64 OR AY.65 OR AY.66 OR AY.67 OR AY.68 OR AY.69 OR AY.70 OR AY.71 OR AY.72 OR AY.73 OR AY.74 OR AY.75 OR AY.75.1 OR AY.75.2 OR AY.75.3 OR AY.76 OR AY.77 OR AY.78 OR AY.79 OR AY.80 OR AY.81 OR AY.82 OR AY.83 OR AY.84 OR AY.85 OR AY.86 OR AY.87 OR AY.88 OR AY.89 OR AY.90 OR AY.91 OR AY.91.1 OR AY.92 OR AY.93 OR AY.94 OR AY.95 OR AY.96 OR AY.97 OR AY.98 OR AY.98.1 OR AY.98.1.1 OR AY.99 OR AY.99.1 OR AY.99.2 OR AY.100 OR AY.101 OR AY.102 OR AY.102.1 OR AY.102.2 OR AY.103 OR AY.103.1 OR AY.103.2 OR AY.104 OR AY.105 OR AY.106 OR AY.107 OR AY.108 OR AY.109 OR AY.110 OR AY.111 OR AY.112 OR AY.112.1 OR AY.112.2 OR AY.112.3 OR AY.113 OR AY.114 OR AY.115 OR AY.116 OR AY.116.1 OR AY.117 OR AY.118 OR AY.119 OR AY.119.1 OR AY.119.2 OR AY.120 OR AY.120.1 OR AY.120.2 OR AY.120.2.1 OR AY.121 OR AY.121.1 OR AY.122 OR AY.122.1 OR AY.122.2 OR AY.122.3 OR AY.122.4 OR AY.122.5 OR AY.122.6 OR AY.123 OR AY.123.1 OR AY.124 OR AY.124.1 OR AY.124.1.1 OR AY.125 OR AY.125.1 OR AY.126 OR AY.127 OR AY.127.1 OR AY.127.2 OR AY.127.3 OR AY.128 OR AY.129 OR AY.130 OR AY.131 OR AY.132 OR AY.133 OR AY.134 OR B.1.617.2,Delta,11.4285714285714,4.42857142857143,0.3875
2021-07-01,19,9,16.1428571428571,7.71428571428571,0.47787610619469,0.272234747118479,0.727765252881521,AY.1 OR AY.2 OR AY.3 OR AY.3.1 OR AY.3.2 OR AY.3.3 OR AY.3.4 OR AY.4 OR AY.4.1 OR AY.4.2 OR AY.4.2.1 OR AY.4.2.2 OR AY.4.2.3 OR AY.4.2.4 OR AY.4.2.5 OR AY.4.3 OR AY.4.4 OR AY.4.5 OR AY.4.6 OR AY.4.7 OR AY.4.8 OR AY.4.9 OR AY.4.10 OR AY.4.11 OR AY.4.12 OR AY.4.13 OR AY.4.14 OR AY.4.15 OR AY.4.16 OR AY.4.17 OR AY.5 OR AY.5.1 OR AY.5.2 OR AY.5.3 OR AY.5.4 OR AY.5.5 OR AY.5.6 OR AY.5.7 OR AY.6 OR AY.7 OR AY.7.1 OR AY.7.2 OR AY.8 OR AY.9 OR AY.9.1 OR AY.9.2 OR AY.9.2.1 OR AY.9.2.2 OR AY.10 OR AY.11 OR AY.12 OR AY.13 OR AY.14 OR AY.15 OR AY.16 OR AY.16.1 OR AY.17 OR AY.18 OR AY.19 OR AY.20 OR AY.20.1 OR AY.21 OR AY.22 OR AY.23 OR AY.23.1 OR AY.23.2 OR AY.24 OR AY.24.1 OR AY.25 OR AY.25.1 OR AY.25.1.1 OR AY.25.1.2 OR AY.25.2 OR AY.25.3 OR AY.26 OR AY.26.1 OR AY.27 OR AY.28 OR AY.29 OR AY.29.1 OR AY.29.2 OR AY.30 OR AY.31 OR AY.32 OR AY.33 OR AY.33.1 OR AY.33.2 OR AY.34 OR AY.34.1 OR AY.34.1.1 OR AY.34.2 OR AY.35 OR AY.36 OR AY.36.1 OR AY.37 OR AY.38 OR AY.39 OR AY.39.1 OR AY.39.1.1 OR AY.39.1.2 OR AY.39.1.3 OR AY.39.1.4 OR AY.39.2 OR AY.39.3 OR AY.39.4 OR AY.40 OR AY.41 OR AY.42 OR AY.42.1 OR AY.43 OR AY.43.1 OR AY.43.2 OR AY.43.3 OR AY.43.4 OR AY.43.5 OR AY.43.6 OR AY.43.7 OR AY.43.8 OR AY.43.9 OR AY.44 OR AY.45 OR AY.46 OR AY.46.1 OR AY.46.2 OR AY.46.3 OR AY.46.4 OR AY.46.5 OR AY.46.6 OR AY.46.6.1 OR AY.47 OR AY.48 OR AY.49 OR AY.50 OR AY.51 OR AY.52 OR AY.53 OR AY.54 OR AY.55 OR AY.56 OR AY.57 OR AY.58 OR AY.59 OR AY.60 OR AY.61 OR AY.62 OR AY.63 OR AY.64 OR AY.65 OR AY.66 OR AY.67 OR AY.68 OR AY.69 OR AY.70 OR AY.71 OR AY.72 OR AY.73 OR AY.74 OR AY.75 OR AY.75.1 OR AY.75.2 OR AY.75.3 OR AY.76 OR AY.77 OR AY.78 OR AY.79 OR AY.80 OR AY.81 OR AY.82 OR AY.83 OR AY.84 OR AY.85 OR AY.86 OR AY.87 OR AY.88 OR AY.89 OR AY.90 OR AY.91 OR AY.91.1 OR AY.92 OR AY.93 OR AY.94 OR AY.95 OR AY.96 OR AY.97 OR AY.98 OR AY.98.1 OR AY.98.1.1 OR AY.99 OR AY.99.1 OR AY.99.2 OR AY.100 OR AY.101 OR AY.102 OR AY.102.1 OR AY.102.2 OR AY.103 OR AY.103.1 OR AY.103.2 OR AY.104 OR AY.105 OR AY.106 OR AY.107 OR AY.108 OR AY.109 OR AY.110 OR AY.111 OR AY.112 OR AY.112.1 OR AY.112.2 OR AY.112.3 OR AY.113 OR AY.114 OR AY.115 OR AY.116 OR AY.116.1 OR AY.117 OR AY.118 OR AY.119 OR AY.119.1 OR AY.119.2 OR AY.120 OR AY.120.1 OR AY.120.2 OR AY.120.2.1 OR AY.121 OR AY.121.1 OR AY.122 OR AY.122.1 OR AY.122.2 OR AY.122.3 OR AY.122.4 OR AY.122.5 OR AY.122.6 OR AY.123 OR AY.123.1 OR AY.124 OR AY.124.1 OR AY.124.1.1 OR AY.125 OR AY.125.1 OR AY.126 OR AY.127 OR AY.127.1 OR AY.127.2 OR AY.127.3 OR AY.128 OR AY.129 OR AY.130 OR AY.131 OR AY.132 OR AY.133 OR AY.134 OR B.1.617.2,Delta,11.8571428571429,4.85714285714286,0.409638554216867
2021-07-02,10,4,16.7142857142857,7.85714285714286,0.47008547008547,0.253619769286773,0.696674052686665,AY.1 OR AY.2 OR AY.3 OR AY.3.1 OR AY.3.2 OR AY.3.3 OR AY.3.4 OR AY.4 OR AY.4.1 OR AY.4.2 OR AY.4.2.1 OR AY.4.2.2 OR AY.4.2.3 OR AY.4.2.4 OR AY.4.2.5 OR AY.4.3 OR AY.4.4 OR AY.4.5 OR AY.4.6 OR AY.4.7 OR AY.4.8 OR AY.4.9 OR AY.4.10 OR AY.4.11 OR AY.4.12 OR AY.4.13 OR AY.4.14 OR AY.4.15 OR AY.4.16 OR AY.4.17 OR AY.5 OR AY.5.1 OR AY.5.2 OR AY.5.3 OR AY.5.4 OR AY.5.5 OR AY.5.6 OR AY.5.7 OR AY.6 OR AY.7 OR AY.7.1 OR AY.7.2 OR AY.8 OR AY.9 OR AY.9.1 OR AY.9.2 OR AY.9.2.1 OR AY.9.2.2 OR AY.10 OR AY.11 OR AY.12 OR AY.13 OR AY.14 OR AY.15 OR AY.16 OR AY.16.1 OR AY.17 OR AY.18 OR AY.19 OR AY.20 OR AY.20.1 OR AY.21 OR AY.22 OR AY.23 OR AY.23.1 OR AY.23.2 OR AY.24 OR AY.24.1 OR AY.25 OR AY.25.1 OR AY.25.1.1 OR AY.25.1.2 OR AY.25.2 OR AY.25.3 OR AY.26 OR AY.26.1 OR AY.27 OR AY.28 OR AY.29 OR AY.29.1 OR AY.29.2 OR AY.30 OR AY.31 OR AY.32 OR AY.33 OR AY.33.1 OR AY.33.2 OR AY.34 OR AY.34.1 OR AY.34.1.1 OR AY.34.2 OR AY.35 OR AY.36 OR AY.36.1 OR AY.37 OR AY.38 OR AY.39 OR AY.39.1 OR AY.39.1.1 OR AY.39.1.2 OR AY.39.1.3 OR AY.39.1.4 OR AY.39.2 OR AY.39.3 OR AY.39.4 OR AY.40 OR AY.41 OR AY.42 OR AY.42.1 OR AY.43 OR AY.43.1 OR AY.43.2 OR AY.43.3 OR AY.43.4 OR AY.43.5 OR AY.43.6 OR AY.43.7 OR AY.43.8 OR AY.43.9 OR AY.44 OR AY.45 OR AY.46 OR AY.46.1 OR AY.46.2 OR AY.46.3 OR AY.46.4 OR AY.46.5 OR AY.46.6 OR AY.46.6.1 OR AY.47 OR AY.48 OR AY.49 OR AY.50 OR AY.51 OR AY.52 OR AY.53 OR AY.54 OR AY.55 OR AY.56 OR AY.57 OR AY.58 OR AY.59 OR AY.60 OR AY.61 OR AY.62 OR AY.63 OR AY.64 OR AY.65 OR AY.66 OR AY.67 OR AY.68 OR AY.69 OR AY.70 OR AY.71 OR AY.72 OR AY.73 OR AY.74 OR AY.75 OR AY.75.1 OR AY.75.2 OR AY.75.3 OR AY.76 OR AY.77 OR AY.78 OR AY.79 OR AY.80 OR AY.81 OR AY.82 OR AY.83 OR AY.84 OR AY.85 OR AY.86 OR AY.87 OR AY.88 OR AY.89 OR AY.90 OR AY.91 OR AY.91.1 OR AY.92 OR AY.93 OR AY.94 OR AY.95 OR AY.96 OR AY.97 OR AY.98 OR AY.98.1 OR AY.98.1.1 OR AY.99 OR AY.99.1 OR AY.99.2 OR AY.100 OR AY.101 OR AY.102 OR AY.102.1 OR AY.102.2 OR AY.103 OR AY.103.1 OR AY.103.2 OR AY.104 OR AY.105 OR AY.106 OR AY.107 OR AY.108 OR AY.109 OR AY.110 OR AY.111 OR AY.112 OR AY.112.1 OR AY.112.2 OR AY.112.3 OR AY.113 OR AY.114 OR AY.115 OR AY.116 OR AY.116.1 OR AY.117 OR AY.118 OR AY.119 OR AY.119.1 OR AY.119.2 OR AY.120 OR AY.120.1 OR AY.120.2 OR AY.120.2.1 OR AY.121 OR AY.121.1 OR AY.122 OR AY.122.1 OR AY.122.2 OR AY.122.3 OR AY.122.4 OR AY.122.5 OR AY.122.6 OR AY.123 OR AY.123.1 OR AY.124 OR AY.124.1 OR AY.124.1.1 OR AY.125 OR AY.125.1 OR AY.126 OR AY.127 OR AY.127.1 OR AY.127.2 OR AY.127.3 OR AY.128 OR AY.129 OR AY.130 OR AY.131 OR AY.132 OR AY.133 OR AY.134 OR B.1.617.2,Delta,11.5,4.92857142857143,0.428571428571429
2021-07-03,9,5,17.1428571428571,8.14285714285714,0.475,0.253619769286773,0.696674052686665,AY.1 OR AY.2 OR AY.3 OR AY.3.1 OR AY.3.2 OR AY.3.3 OR AY.3.4 OR AY.4 OR AY.4.1 OR AY.4.2 OR AY.4.2.1 OR AY.4.2.2 OR AY.4.2.3 OR AY.4.2.4 OR AY.4.2.5 OR AY.4.3 OR AY.4.4 OR AY.4.5 OR AY.4.6 OR AY.4.7 OR AY.4.8 OR AY.4.9 OR AY.4.10 OR AY.4.11 OR AY.4.12 OR AY.4.13 OR AY.4.14 OR AY.4.15 OR AY.4.16 OR AY.4.17 OR AY.5 OR AY.5.1 OR AY.5.2 OR AY.5.3 OR AY.5.4 OR AY.5.5 OR AY.5.6 OR AY.5.7 OR AY.6 OR AY.7 OR AY.7.1 OR AY.7.2 OR AY.8 OR AY.9 OR AY.9.1 OR AY.9.2 OR AY.9.2.1 OR AY.9.2.2 OR AY.10 OR AY.11 OR AY.12 OR AY.13 OR AY.14 OR AY.15 OR AY.16 OR AY.16.1 OR AY.17 OR AY.18 OR AY.19 OR AY.20 OR AY.20.1 OR AY.21 OR AY.22 OR AY.23 OR AY.23.1 OR AY.23.2 OR AY.24 OR AY.24.1 OR AY.25 OR AY.25.1 OR AY.25.1.1 OR AY.25.1.2 OR AY.25.2 OR AY.25.3 OR AY.26 OR AY.26.1 OR AY.27 OR AY.28 OR AY.29 OR AY.29.1 OR AY.29.2 OR AY.30 OR AY.31 OR AY.32 OR AY.33 OR AY.33.1 OR AY.33.2 OR AY.34 OR AY.34.1 OR AY.34.1.1 OR AY.34.2 OR AY.35 OR AY.36 OR AY.36.1 OR AY.37 OR AY.38 OR AY.39 OR AY.39.1 OR AY.39.1.1 OR AY.39.1.2 OR AY.39.1.3 OR AY.39.1.4 OR AY.39.2 OR AY.39.3 OR AY.39.4 OR AY.40 OR AY.41 OR AY.42 OR AY.42.1 OR AY.43 OR AY.43.1 OR AY.43.2 OR AY.43.3 OR AY.43.4 OR AY.43.5 OR AY.43.6 OR AY.43.7 OR AY.43.8 OR AY.43.9 OR AY.44 OR AY.45 OR AY.46 OR AY.46.1 OR AY.46.2 OR AY.46.3 OR AY.46.4 OR AY.46.5 OR AY.46.6 OR AY.46.6.1 OR AY.47 OR AY.48 OR AY.49 OR AY.50 OR AY.51 OR AY.52 OR AY.53 OR AY.54 OR AY.55 OR AY.56 OR AY.57 OR AY.58 OR AY.59 OR AY.60 OR AY.61 OR AY.62 OR AY.63 OR AY.64 OR AY.65 OR AY.66 OR AY.67 OR AY.68 OR AY.69 OR AY.70 OR AY.71 OR AY.72 OR AY.73 OR AY.74 OR AY.75 OR AY.75.1 OR AY.75.2 OR AY.75.3 OR AY.76 OR AY.77 OR AY.78 OR AY.79 OR AY.80 OR AY.81 OR AY.82 OR AY.83 OR AY.84 OR AY.85 OR AY.86 OR AY.87 OR AY.88 OR AY.89 OR AY.90 OR AY.91 OR AY.91.1 OR AY.92 OR AY.93 OR AY.94 OR AY.95 OR AY.96 OR AY.97 OR AY.98 OR AY.98.1 OR AY.98.1.1 OR AY.99 OR AY.99.1 OR AY.99.2 OR AY.100 OR AY.101 OR AY.102 OR AY.102.1 OR AY.102.2 OR AY.103 OR AY.103.1 OR AY.103.2 OR AY.104 OR AY.105 OR AY.106 OR AY.107 OR AY.108 OR AY.109 OR AY.110 OR AY.111 OR AY.112 OR AY.112.1 OR AY.112.2 OR AY.112.3 OR AY.113 OR AY.114 OR AY.115 OR AY.116 OR AY.116.1 OR AY.117 OR AY.118 OR AY.119 OR AY.119.1 OR AY.119.2 OR AY.120 OR AY.120.1 OR AY.120.2 OR AY.120.2.1 OR AY.121 OR AY.121.1 OR AY.122 OR AY.122.1 OR AY.122.2 OR AY.122.3 OR AY.122.4 OR AY.122.5 OR AY.122.6 OR AY.123 OR AY.123.1 OR AY.124 OR AY.124.1 OR AY.124.1.1 OR AY.125 OR AY.125.1 OR AY.126 OR AY.127 OR AY.127.1 OR AY.127.2 OR AY.127.3 OR AY.128 OR AY.129 OR AY.130 OR AY.131 OR AY.132 OR AY.133 OR AY.134 OR B.1.617.2,Delta,11.5714285714286,5.14285714285714,0.444444444444444
2021-07-04,6,5,17.5714285714286,8.85714285714286,0.504065040650406,0.283571221841736,0.716428778158265,AY.1 OR AY.2 OR AY.3 OR AY.3.1 OR AY.3.2 OR AY.3.3 OR AY.3.4 OR AY.4 OR AY.4.1 OR AY.4.2 OR AY.4.2.1 OR AY.4.2.2 OR AY.4.2.3 OR AY.4.2.4 OR AY.4.2.5 OR AY.4.3 OR AY.4.4 OR AY.4.5 OR AY.4.6 OR AY.4.7 OR AY.4.8 OR AY.4.9 OR AY.4.10 OR AY.4.11 OR AY.4.12 OR AY.4.13 OR AY.4.14 OR AY.4.15 OR AY.4.16 OR AY.4.17 OR AY.5 OR AY.5.1 OR AY.5.2 OR AY.5.3 OR AY.5.4 OR AY.5.5 OR AY.5.6 OR AY.5.7 OR AY.6 OR AY.7 OR AY.7.1 OR AY.7.2 OR AY.8 OR AY.9 OR AY.9.1 OR AY.9.2 OR AY.9.2.1 OR AY.9.2.2 OR AY.10 OR AY.11 OR AY.12 OR AY.13 OR AY.14 OR AY.15 OR AY.16 OR AY.16.1 OR AY.17 OR AY.18 OR AY.19 OR AY.20 OR AY.20.1 OR AY.21 OR AY.22 OR AY.23 OR AY.23.1 OR AY.23.2 OR AY.24 OR AY.24.1 OR AY.25 OR AY.25.1 OR AY.25.1.1 OR AY.25.1.2 OR AY.25.2 OR AY.25.3 OR AY.26 OR AY.26.1 OR AY.27 OR AY.28 OR AY.29 OR AY.29.1 OR AY.29.2 OR AY.30 OR AY.31 OR AY.32 OR AY.33 OR AY.33.1 OR AY.33.2 OR AY.34 OR AY.34.1 OR AY.34.1.1 OR AY.34.2 OR AY.35 OR AY.36 OR AY.36.1 OR AY.37 OR AY.38 OR AY.39 OR AY.39.1 OR AY.39.1.1 OR AY.39.1.2 OR AY.39.1.3 OR AY.39.1.4 OR AY.39.2 OR AY.39.3 OR AY.39.4 OR AY.40 OR AY.41 OR AY.42 OR AY.42.1 OR AY.43 OR AY.43.1 OR AY.43.2 OR AY.43.3 OR AY.43.4 OR AY.43.5 OR AY.43.6 OR AY.43.7 OR AY.43.8 OR AY.43.9 OR AY.44 OR AY.45 OR AY.46 OR AY.46.1 OR AY.46.2 OR AY.46.3 OR AY.46.4 OR AY.46.5 OR AY.46.6 OR AY.46.6.1 OR AY.47 OR AY.48 OR AY.49 OR AY.50 OR AY.51 OR AY.52 OR AY.53 OR AY.54 OR AY.55 OR AY.56 OR AY.57 OR AY.58 OR AY.59 OR AY.60 OR AY.61 OR AY.62 OR AY.63 OR AY.64 OR AY.65 OR AY.66 OR AY.67 OR AY.68 OR AY.69 OR AY.70 OR AY.71 OR AY.72 OR AY.73 OR AY.74 OR AY.75 OR AY.75.1 OR AY.75.2 OR AY.75.3 OR AY.76 OR AY.77 OR AY.78 OR AY.79 OR AY.80 OR AY.81 OR AY.82 OR AY.83 OR AY.84 OR AY.85 OR AY.86 OR AY.87 OR AY.88 OR AY.89 OR AY.90 OR AY.91 OR AY.91.1 OR AY.92 OR AY.93 OR AY.94 OR AY.95 OR AY.96 OR AY.97 OR AY.98 OR AY.98.1 OR AY.98.1.1 OR AY.99 OR AY.99.1 OR AY.99.2 OR AY.100 OR AY.101 OR AY.102 OR AY.102.1 OR AY.102.2 OR AY.103 OR AY.103.1 OR AY.103.2 OR AY.104 OR AY.105 OR AY.106 OR AY.107 OR AY.108 OR AY.109 OR AY.110 OR AY.111 OR AY.112 OR AY.112.1 OR AY.112.2 OR AY.112.3 OR AY.113 OR AY.114 OR AY.115 OR AY.116 OR AY.116.1 OR AY.117 OR AY.118 OR AY.119 OR AY.119.1 OR AY.119.2 OR AY.120 OR AY.120.1 OR AY.120.2 OR AY.120.2.1 OR AY.121 OR AY.121.1 OR AY.122 OR AY.122.1 OR AY.122.2 OR AY.122.3 OR AY.122.4 OR AY.122.5 OR AY.122.6 OR AY.123 OR AY.123.1 OR AY.124 OR AY.124.1 OR AY.124.1.1 OR AY.125 OR AY.125.1 OR AY.126 OR AY.127 OR AY.127.1 OR AY.127.2 OR AY.127.3 OR AY.128 OR AY.129 OR AY.130 OR AY.131 OR AY.132 OR AY.133 OR AY.134 OR B.1.617.2,Delta,11.8571428571429,5.5,0.463855421686747
2021-07-05,11,6,17.8571428571429,9.42857142857143,0.528,0.283571221841736,0.716428778158265,AY.1 OR AY.2 OR AY.3 OR AY.3.1 OR AY.3.2 OR AY.3.3 OR AY.3.4 OR AY.4 OR AY.4.1 OR AY.4.2 OR AY.4.2.1 OR AY.4.2.2 OR AY.4.2.3 OR AY.4.2.4 OR AY.4.2.5 OR AY.4.3 OR AY.4.4 OR AY.4.5 OR AY.4.6 OR AY.4.7 OR AY.4.8 OR AY.4.9 OR AY.4.10 OR AY.4.11 OR AY.4.12 OR AY.4.13 OR AY.4.14 OR AY.4.15 OR AY.4.16 OR AY.4.17 OR AY.5 OR AY.5.1 OR AY.5.2 OR AY.5.3 OR AY.5.4 OR AY.5.5 OR AY.5.6 OR AY.5.7 OR AY.6 OR AY.7 OR AY.7.1 OR AY.7.2 OR AY.8 OR AY.9 OR AY.9.1 OR AY.9.2 OR AY.9.2.1 OR AY.9.2.2 OR AY.10 OR AY.11 OR AY.12 OR AY.13 OR AY.14 OR AY.15 OR AY.16 OR AY.16.1 OR AY.17 OR AY.18 OR AY.19 OR AY.20 OR AY.20.1 OR AY.21 OR AY.22 OR AY.23 OR AY.23.1 OR AY.23.2 OR AY.24 OR AY.24.1 OR AY.25 OR AY.25.1 OR AY.25.1.1 OR AY.25.1.2 OR AY.25.2 OR AY.25.3 OR AY.26 OR AY.26.1 OR AY.27 OR AY.28 OR AY.29 OR AY.29.1 OR AY.29.2 OR AY.30 OR AY.31 OR AY.32 OR AY.33 OR AY.33.1 OR AY.33.2 OR AY.34 OR AY.34.1 OR AY.34.1.1 OR AY.34.2 OR AY.35 OR AY.36 OR AY.36.1 OR AY.37 OR AY.38 OR AY.39 OR AY.39.1 OR AY.39.1.1 OR AY.39.1.2 OR AY.39.1.3 OR AY.39.1.4 OR AY.39.2 OR AY.39.3 OR AY.39.4 OR AY.40 OR AY.41 OR AY.42 OR AY.42.1 OR AY.43 OR AY.43.1 OR AY.43.2 OR AY.43.3 OR AY.43.4 OR AY.43.5 OR AY.43.6 OR AY.43.7 OR AY.43.8 OR AY.43.9 OR AY.44 OR AY.45 OR AY.46 OR AY.46.1 OR AY.46.2 OR AY.46.3 OR AY.46.4 OR AY.46.5 OR AY.46.6 OR AY.46.6.1 OR AY.47 OR AY.48 OR AY.49 OR AY.50 OR AY.51 OR AY.52 OR AY.53 OR AY.54 OR AY.55 OR AY.56 OR AY.57 OR AY.58 OR AY.59 OR AY.60 OR AY.61 OR AY.62 OR AY.63 OR AY.64 OR AY.65 OR AY.66 OR AY.67 OR AY.68 OR AY.69 OR AY.70 OR AY.71 OR AY.72 OR AY.73 OR AY.74 OR AY.75 OR AY.75.1 OR AY.75.2 OR AY.75.3 OR AY.76 OR AY.77 OR AY.78 OR AY.79 OR AY.80 OR AY.81 OR AY.82 OR AY.83 OR AY.84 OR AY.85 OR AY.86 OR AY.87 OR AY.88 OR AY.89 OR AY.90 OR AY.91 OR AY.91.1 OR AY.92 OR AY.93 OR AY.94 OR AY.95 OR AY.96 OR AY.97 OR AY.98 OR AY.98.1 OR AY.98.1.1 OR AY.99 OR AY.99.1 OR AY.99.2 OR AY.100 OR AY.101 OR AY.102 OR AY.102.1 OR AY.102.2 OR AY.103 OR AY.103.1 OR AY.103.2 OR AY.104 OR AY.105 OR AY.106 OR AY.107 OR AY.108 OR AY.109 OR AY.110 OR AY.111 OR AY.112 OR AY.112.1 OR AY.112.2 OR AY.112.3 OR AY.113 OR AY.114 OR AY.115 OR AY.116 OR AY.116.1 OR AY.117 OR AY.118 OR AY.119 OR AY.119.1 OR AY.119.2 OR AY.120 OR AY.120.1 OR AY.120.2 OR AY.120.2.1 OR AY.121 OR AY.121.1 OR AY.122 OR AY.122.1 OR AY.122.2 OR AY.122.3 OR AY.122.4 OR AY.122.5 OR AY.122.6 OR AY.123 OR AY.123.1 OR AY.124 OR AY.124.1 OR AY.124.1.1 OR AY.125 OR AY.125.1 OR AY.126 OR AY.127 OR AY.127.1 OR AY.127.2 OR AY.127.3 OR AY.128 OR AY.129 OR AY.130 OR AY.131 OR AY.132 OR AY.133 OR AY.134 OR B.1.617.2,Delta,12.1428571428571,5.85714285714286,0.482352941176471
2021-07-06,12,10,16.8571428571429,9.28571428571429,0.550847457627119,0.303325947313336,0.746380230713227,AY.1 OR AY.2 OR AY.3 OR AY.3.1 OR AY.3.2 OR AY.3.3 OR AY.3.4 OR AY.4 OR AY.4.1 OR AY.4.2 OR AY.4.2.1 OR AY.4.2.2 OR AY.4.2.3 OR AY.4.2.4 OR AY.4.2.5 OR AY.4.3 OR AY.4.4 OR AY.4.5 OR AY.4.6 OR AY.4.7 OR AY.4.8 OR AY.4.9 OR AY.4.10 OR AY.4.11 OR AY.4.12 OR AY.4.13 OR AY.4.14 OR AY.4.15 OR AY.4.16 OR AY.4.17 OR AY.5 OR AY.5.1 OR AY.5.2 OR AY.5.3 OR AY.5.4 OR AY.5.5 OR AY.5.6 OR AY.5.7 OR AY.6 OR AY.7 OR AY.7.1 OR AY.7.2 OR AY.8 OR AY.9 OR AY.9.1 OR AY.9.2 OR AY.9.2.1 OR AY.9.2.2 OR AY.10 OR AY.11 OR AY.12 OR AY.13 OR AY.14 OR AY.15 OR AY.16 OR AY.16.1 OR AY.17 OR AY.18 OR AY.19 OR AY.20 OR AY.20.1 OR AY.21 OR AY.22 OR AY.23 OR AY.23.1 OR AY.23.2 OR AY.24 OR AY.24.1 OR AY.25 OR AY.25.1 OR AY.25.1.1 OR AY.25.1.2 OR AY.25.2 OR AY.25.3 OR AY.26 OR AY.26.1 OR AY.27 OR AY.28 OR AY.29 OR AY.29.1 OR AY.29.2 OR AY.30 OR AY.31 OR AY.32 OR AY.33 OR AY.33.1 OR AY.33.2 OR AY.34 OR AY.34.1 OR AY.34.1.1 OR AY.34.2 OR AY.35 OR AY.36 OR AY.36.1 OR AY.37 OR AY.38 OR AY.39 OR AY.39.1 OR AY.39.1.1 OR AY.39.1.2 OR AY.39.1.3 OR AY.39.1.4 OR AY.39.2 OR AY.39.3 OR AY.39.4 OR AY.40 OR AY.41 OR AY.42 OR AY.42.1 OR AY.43 OR AY.43.1 OR AY.43.2 OR AY.43.3 OR AY.43.4 OR AY.43.5 OR AY.43.6 OR AY.43.7 OR AY.43.8 OR AY.43.9 OR AY.44 OR AY.45 OR AY.46 OR AY.46.1 OR AY.46.2 OR AY.46.3 OR AY.46.4 OR AY.46.5 OR AY.46.6 OR AY.46.6.1 OR AY.47 OR AY.48 OR AY.49 OR AY.50 OR AY.51 OR AY.52 OR AY.53 OR AY.54 OR AY.55 OR AY.56 OR AY.57 OR AY.58 OR AY.59 OR AY.60 OR AY.61 OR AY.62 OR AY.63 OR AY.64 OR AY.65 OR AY.66 OR AY.67 OR AY.68 OR AY.69 OR AY.70 OR AY.71 OR AY.72 OR AY.73 OR AY.74 OR AY.75 OR AY.75.1 OR AY.75.2 OR AY.75.3 OR AY.76 OR AY.77 OR AY.78 OR AY.79 OR AY.80 OR AY.81 OR AY.82 OR AY.83 OR AY.84 OR AY.85 OR AY.86 OR AY.87 OR AY.88 OR AY.89 OR AY.90 OR AY.91 OR AY.91.1 OR AY.92 OR AY.93 OR AY.94 OR AY.95 OR AY.96 OR AY.97 OR AY.98 OR AY.98.1 OR AY.98.1.1 OR AY.99 OR AY.99.1 OR AY.99.2 OR AY.100 OR AY.101 OR AY.102 OR AY.102.1 OR AY.102.2 OR AY.103 OR AY.103.1 OR AY.103.2 OR AY.104 OR AY.105 OR AY.106 OR AY.107 OR AY.108 OR AY.109 OR AY.110 OR AY.111 OR AY.112 OR AY.112.1 OR AY.112.2 OR AY.112.3 OR AY.113 OR AY.114 OR AY.115 OR AY.116 OR AY.116.1 OR AY.117 OR AY.118 OR AY.119 OR AY.119.1 OR AY.119.2 OR AY.120 OR AY.120.1 OR AY.120.2 OR AY.120.2.1 OR AY.121 OR AY.121.1 OR AY.122 OR AY.122.1 OR AY.122.2 OR AY.122.3 OR AY.122.4 OR AY.122.5 OR AY.122.6 OR AY.123 OR AY.123.1 OR AY.124 OR AY.124.1 OR AY.124.1.1 OR AY.125 OR AY.125.1 OR AY.126 OR AY.127 OR AY.127.1 OR AY.127.2 OR AY.127.3 OR AY.128 OR AY.129 OR AY.130 OR AY.131 OR AY.132 OR AY.133 OR AY.134 OR B.1.617.2,Delta,12.5714285714286,6.35714285714286,0.505681818181818
2021-07-07,10,8,11,6.71428571428571,0.61038961038961,0.347992271630292,0.862680032405919,AY.1 OR AY.2 OR AY.3 OR AY.3.1 OR AY.3.2 OR AY.3.3 OR AY.3.4 OR AY.4 OR AY.4.1 OR AY.4.2 OR AY.4.2.1 OR AY.4.2.2 OR AY.4.2.3 OR AY.4.2.4 OR AY.4.2.5 OR AY.4.3 OR AY.4.4 OR AY.4.5 OR AY.4.6 OR AY.4.7 OR AY.4.8 OR AY.4.9 OR AY.4.10 OR AY.4.11 OR AY.4.12 OR AY.4.13 OR AY.4.14 OR AY.4.15 OR AY.4.16 OR AY.4.17 OR AY.5 OR AY.5.1 OR AY.5.2 OR AY.5.3 OR AY.5.4 OR AY.5.5 OR AY.5.6 OR AY.5.7 OR AY.6 OR AY.7 OR AY.7.1 OR AY.7.2 OR AY.8 OR AY.9 OR AY.9.1 OR AY.9.2 OR AY.9.2.1 OR AY.9.2.2 OR AY.10 OR AY.11 OR AY.12 OR AY.13 OR AY.14 OR AY.15 OR AY.16 OR AY.16.1 OR AY.17 OR AY.18 OR AY.19 OR AY.20 OR AY.20.1 OR AY.21 OR AY.22 OR AY.23 OR AY.23.1 OR AY.23.2 OR AY.24 OR AY.24.1 OR AY.25 OR AY.25.1 OR AY.25.1.1 OR AY.25.1.2 OR AY.25.2 OR AY.25.3 OR AY.26 OR AY.26.1 OR AY.27 OR AY.28 OR AY.29 OR AY.29.1 OR AY.29.2 OR AY.30 OR AY.31 OR AY.32 OR AY.33 OR AY.33.1 OR AY.33.2 OR AY.34 OR AY.34.1 OR AY.34.1.1 OR AY.34.2 OR AY.35 OR AY.36 OR AY.36.1 OR AY.37 OR AY.38 OR AY.39 OR AY.39.1 OR AY.39.1.1 OR AY.39.1.2 OR AY.39.1.3 OR AY.39.1.4 OR AY.39.2 OR AY.39.3 OR AY.39.4 OR AY.40 OR AY.41 OR AY.42 OR AY.42.1 OR AY.43 OR AY.43.1 OR AY.43.2 OR AY.43.3 OR AY.43.4 OR AY.43.5 OR AY.43.6 OR AY.43.7 OR AY.43.8 OR AY.43.9 OR AY.44 OR AY.45 OR AY.46 OR AY.46.1 OR AY.46.2 OR AY.46.3 OR AY.46.4 OR AY.46.5 OR AY.46.6 OR AY.46.6.1 OR AY.47 OR AY.48 OR AY.49 OR AY.50 OR AY.51 OR AY.52 OR AY.53 OR AY.54 OR AY.55 OR AY.56 OR AY.57 OR AY.58 OR AY.59 OR AY.60 OR AY.61 OR AY.62 OR AY.63 OR AY.64 OR AY.65 OR AY.66 OR AY.67 OR AY.68 OR AY.69 OR AY.70 OR AY.71 OR AY.72 OR AY.73 OR AY.74 OR AY.75 OR AY.75.1 OR AY.75.2 OR AY.75.3 OR AY.76 OR AY.77 OR AY.78 OR AY.79 OR AY.80 OR AY.81 OR AY.82 OR AY.83 OR AY.84 OR AY.85 OR AY.86 OR AY.87 OR AY.88 OR AY.89 OR AY.90 OR AY.91 OR AY.91.1 OR AY.92 OR AY.93 OR AY.94 OR AY.95 OR AY.96 OR AY.97 OR AY.98 OR AY.98.1 OR AY.98.1.1 OR AY.99 OR AY.99.1 OR AY.99.2 OR AY.100 OR AY.101 OR AY.102 OR AY.102.1 OR AY.102.2 OR AY.103 OR AY.103.1 OR AY.103.2 OR AY.104 OR AY.105 OR AY.106 OR AY.107 OR AY.108 OR AY.109 OR AY.110 OR AY.111 OR AY.112 OR AY.112.1 OR AY.112.2 OR AY.112.3 OR AY.113 OR AY.114 OR AY.115 OR AY.116 OR AY.116.1 OR AY.117 OR AY.118 OR AY.119 OR AY.119.1 OR AY.119.2 OR AY.120 OR AY.120.1 OR AY.120.2 OR AY.120.2.1 OR AY.121 OR AY.121.1 OR AY.122 OR AY.122.1 OR AY.122.2 OR AY.122.3 OR AY.122.4 OR AY.122.5 OR AY.122.6 OR AY.123 OR AY.123.1 OR AY.124 OR AY.124.1 OR AY.124.1.1 OR AY.125 OR AY.125.1 OR AY.126 OR AY.127 OR AY.127.1 OR AY.127.2 OR AY.127.3 OR AY.128 OR AY.129 OR AY.130 OR AY.131 OR AY.132 OR AY.133 OR AY.134 OR B.1.617.2,Delta,12.7857142857143,6.78571428571429,0.53072625698324
2021-07-08,9,6,9.57142857142857,6.28571428571429,0.656716417910448,0.303679485600488,0.846932898873824,AY.1 OR AY.2 OR AY.3 OR AY.3.1 OR AY.3.2 OR AY.3.3 OR AY.3.4 OR AY.4 OR AY.4.1 OR AY.4.2 OR AY.4.2.1 OR AY.4.2.2 OR AY.4.2.3 OR AY.4.2.4 OR AY.4.2.5 OR AY.4.3 OR AY.4.4 OR AY.4.5 OR AY.4.6 OR AY.4.7 OR AY.4.8 OR AY.4.9 OR AY.4.10 OR AY.4.11 OR AY.4.12 OR AY.4.13 OR AY.4.14 OR AY.4.15 OR AY.4.16 OR AY.4.17 OR AY.5 OR AY.5.1 OR AY.5.2 OR AY.5.3 OR AY.5.4 OR AY.5.5 OR AY.5.6 OR AY.5.7 OR AY.6 OR AY.7 OR AY.7.1 OR AY.7.2 OR AY.8 OR AY.9 OR AY.9.1 OR AY.9.2 OR AY.9.2.1 OR AY.9.2.2 OR AY.10 OR AY.11 OR AY.12 OR AY.13 OR AY.14 OR AY.15 OR AY.16 OR AY.16.1 OR AY.17 OR AY.18 OR AY.19 OR AY.20 OR AY.20.1 OR AY.21 OR AY.22 OR AY.23 OR AY.23.1 OR AY.23.2 OR AY.24 OR AY.24.1 OR AY.25 OR AY.25.1 OR AY.25.1.1 OR AY.25.1.2 OR AY.25.2 OR AY.25.3 OR AY.26 OR AY.26.1 OR AY.27 OR AY.28 OR AY.29 OR AY.29.1 OR AY.29.2 OR AY.30 OR AY.31 OR AY.32 OR AY.33 OR AY.33.1 OR AY.33.2 OR AY.34 OR AY.34.1 OR AY.34.1.1 OR AY.34.2 OR AY.35 OR AY.36 OR AY.36.1 OR AY.37 OR AY.38 OR AY.39 OR AY.39.1 OR AY.39.1.1 OR AY.39.1.2 OR AY.39.1.3 OR AY.39.1.4 OR AY.39.2 OR AY.39.3 OR AY.39.4 OR AY.40 OR AY.41 OR AY.42 OR AY.42.1 OR AY.43 OR AY.43.1 OR AY.43.2 OR AY.43.3 OR AY.43.4 OR AY.43.5 OR AY.43.6 OR AY.43.7 OR AY.43.8 OR AY.43.9 OR AY.44 OR AY.45 OR AY.46 OR AY.46.1 OR AY.46.2 OR AY.46.3 OR AY.46.4 OR AY.46.5 OR AY.46.6 OR AY.46.6.1 OR AY.47 OR AY.48 OR AY.49 OR AY.50 OR AY.51 OR AY.52 OR AY.53 OR AY.54 OR AY.55 OR AY.56 OR AY.57 OR AY.58 OR AY.59 OR AY.60 OR AY.61 OR AY.62 OR AY.63 OR AY.64 OR AY.65 OR AY.66 OR AY.67 OR AY.68 OR AY.69 OR AY.70 OR AY.71 OR AY.72 OR AY.73 OR AY.74 OR AY.75 OR AY.75.1 OR AY.75.2 OR AY.75.3 OR AY.76 OR AY.77 OR AY.78 OR AY.79 OR AY.80 OR AY.81 OR AY.82 OR AY.83 OR AY.84 OR AY.85 OR AY.86 OR AY.87 OR AY.88 OR AY.89 OR AY.90 OR AY.91 OR AY.91.1 OR AY.92 OR AY.93 OR AY.94 OR AY.95 OR AY.96 OR AY.97 OR AY.98 OR AY.98.1 OR AY.98.1.1 OR AY.99 OR AY.99.1 OR AY.99.2 OR AY.100 OR AY.101 OR AY.102 OR AY.102.1 OR AY.102.2 OR AY.103 OR AY.103.1 OR AY.103.2 OR AY.104 OR AY.105 OR AY.106 OR AY.107 OR AY.108 OR AY.109 OR AY.110 OR AY.111 OR AY.112 OR AY.112.1 OR AY.112.2 OR AY.112.3 OR AY.113 OR AY.114 OR AY.115 OR AY.116 OR AY.116.1 OR AY.117 OR AY.118 OR AY.119 OR AY.119.1 OR AY.119.2 OR AY.120 OR AY.120.1 OR AY.120.2 OR AY.120.2.1 OR AY.121 OR AY.121.1 OR AY.122 OR AY.122.1 OR AY.122.2 OR AY.122.3 OR AY.122.4 OR AY.122.5 OR AY.122.6 OR AY.123 OR AY.123.1 OR AY.124 OR AY.124.1 OR AY.124.1.1 OR AY.125 OR AY.125.1 OR AY.126 OR AY.127 OR AY.127.1 OR AY.127.2 OR AY.127.3 OR AY.128 OR AY.129 OR AY.130 OR AY.131 OR AY.132 OR AY.133 OR AY.134 OR B.1.617.2,Delta,12.8571428571429,7,0.544444444444444
2021-07-09,6,4,9,6.28571428571429,0.698412698412698,0.347791793472266,0.895786778339226,AY.1 OR AY.2 OR AY.3 OR AY.3.1 OR AY.3.2 OR AY.3.3 OR AY.3.4 OR AY.4 OR AY.4.1 OR AY.4.2 OR AY.4.2.1 OR AY.4.2.2 OR AY.4.2.3 OR AY.4.2.4 OR AY.4.2.5 OR AY.4.3 OR AY.4.4 OR AY.4.5 OR AY.4.6 OR AY.4.7 OR AY.4.8 OR AY.4.9 OR AY.4.10 OR AY.4.11 OR AY.4.12 OR AY.4.13 OR AY.4.14 OR AY.4.15 OR AY.4.16 OR AY.4.17 OR AY.5 OR AY.5.1 OR AY.5.2 OR AY.5.3 OR AY.5.4 OR AY.5.5 OR AY.5.6 OR AY.5.7 OR AY.6 OR AY.7 OR AY.7.1 OR AY.7.2 OR AY.8 OR AY.9 OR AY.9.1 OR AY.9.2 OR AY.9.2.1 OR AY.9.2.2 OR AY.10 OR AY.11 OR AY.12 OR AY.13 OR AY.14 OR AY.15 OR AY.16 OR AY.16.1 OR AY.17 OR AY.18 OR AY.19 OR AY.20 OR AY.20.1 OR AY.21 OR AY.22 OR AY.23 OR AY.23.1 OR AY.23.2 OR AY.24 OR AY.24.1 OR AY.25 OR AY.25.1 OR AY.25.1.1 OR AY.25.1.2 OR AY.25.2 OR AY.25.3 OR AY.26 OR AY.26.1 OR AY.27 OR AY.28 OR AY.29 OR AY.29.1 OR AY.29.2 OR AY.30 OR AY.31 OR AY.32 OR AY.33 OR AY.33.1 OR AY.33.2 OR AY.34 OR AY.34.1 OR AY.34.1.1 OR AY.34.2 OR AY.35 OR AY.36 OR AY.36.1 OR AY.37 OR AY.38 OR AY.39 OR AY.39.1 OR AY.39.1.1 OR AY.39.1.2 OR AY.39.1.3 OR AY.39.1.4 OR AY.39.2 OR AY.39.3 OR AY.39.4 OR AY.40 OR AY.41 OR AY.42 OR AY.42.1 OR AY.43 OR AY.43.1 OR AY.43.2 OR AY.43.3 OR AY.43.4 OR AY.43.5 OR AY.43.6 OR AY.43.7 OR AY.43.8 OR AY.43.9 OR AY.44 OR AY.45 OR AY.46 OR AY.46.1 OR AY.46.2 OR AY.46.3 OR AY.46.4 OR AY.46.5 OR AY.46.6 OR AY.46.6.1 OR AY.47 OR AY.48 OR AY.49 OR AY.50 OR AY.51 OR AY.52 OR AY.53 OR AY.54 OR AY.55 OR AY.56 OR AY.57 OR AY.58 OR AY.59 OR AY.60 OR AY.61 OR AY.62 OR AY.63 OR AY.64 OR AY.65 OR AY.66 OR AY.67 OR AY.68 OR AY.69 OR AY.70 OR AY.71 OR AY.72 OR AY.73 OR AY.74 OR AY.75 OR AY.75.1 OR AY.75.2 OR AY.75.3 OR AY.76 OR AY.77 OR AY.78 OR AY.79 OR AY.80 OR AY.81 OR AY.82 OR AY.83 OR AY.84 OR AY.85 OR AY.86 OR AY.87 OR AY.88 OR AY.89 OR AY.90 OR AY.91 OR AY.91.1 OR AY.92 OR AY.93 OR AY.94 OR AY.95 OR AY.96 OR AY.97 OR AY.98 OR AY.98.1 OR AY.98.1.1 OR AY.99 OR AY.99.1 OR AY.99.2 OR AY.100 OR AY.101 OR AY.102 OR AY.102.1 OR AY.102.2 OR AY.103 OR AY.103.1 OR AY.103.2 OR AY.104 OR AY.105 OR AY.106 OR AY.107 OR AY.108 OR AY.109 OR AY.110 OR AY.111 OR AY.112 OR AY.112.1 OR AY.112.2 OR AY.112.3 OR AY.113 OR AY.114 OR AY.115 OR AY.116 OR AY.116.1 OR AY.117 OR AY.118 OR AY.119 OR AY.119.1 OR AY.119.2 OR AY.120 OR AY.120.1 OR AY.120.2 OR AY.120.2.1 OR AY.121 OR AY.121.1 OR AY.122 OR AY.122.1 OR AY.122.2 OR AY.122.3 OR AY.122.4 OR AY.122.5 OR AY.122.6 OR AY.123 OR AY.123.1 OR AY.124 OR AY.124.1 OR AY.124.1.1 OR AY.125 OR AY.125.1 OR AY.126 OR AY.127 OR AY.127.1 OR AY.127.2 OR AY.127.3 OR AY.128 OR AY.129 OR AY.130 OR AY.131 OR AY.132 OR AY.133 OR AY.134 OR B.1.617.2,Delta,12.8571428571429,7.07142857142857,0.55
2021-07-10,12,9,9.42857142857143,6.85714285714286,0.727272727272727,0.456175566880653,0.950698077023406,AY.1 OR AY.2 OR AY.3 OR AY.3.1 OR AY.3.2 OR AY.3.3 OR AY.3.4 OR AY.4 OR AY.4.1 OR AY.4.2 OR AY.4.2.1 OR AY.4.2.2 OR AY.4.2.3 OR AY.4.2.4 OR AY.4.2.5 OR AY.4.3 OR AY.4.4 OR AY.4.5 OR AY.4.6 OR AY.4.7 OR AY.4.8 OR AY.4.9 OR AY.4.10 OR AY.4.11 OR AY.4.12 OR AY.4.13 OR AY.4.14 OR AY.4.15 OR AY.4.16 OR AY.4.17 OR AY.5 OR AY.5.1 OR AY.5.2 OR AY.5.3 OR AY.5.4 OR AY.5.5 OR AY.5.6 OR AY.5.7 OR AY.6 OR AY.7 OR AY.7.1 OR AY.7.2 OR AY.8 OR AY.9 OR AY.9.1 OR AY.9.2 OR AY.9.2.1 OR AY.9.2.2 OR AY.10 OR AY.11 OR AY.12 OR AY.13 OR AY.14 OR AY.15 OR AY.16 OR AY.16.1 OR AY.17 OR AY.18 OR AY.19 OR AY.20 OR AY.20.1 OR AY.21 OR AY.22 OR AY.23 OR AY.23.1 OR AY.23.2 OR AY.24 OR AY.24.1 OR AY.25 OR AY.25.1 OR AY.25.1.1 OR AY.25.1.2 OR AY.25.2 OR AY.25.3 OR AY.26 OR AY.26.1 OR AY.27 OR AY.28 OR AY.29 OR AY.29.1 OR AY.29.2 OR AY.30 OR AY.31 OR AY.32 OR AY.33 OR AY.33.1 OR AY.33.2 OR AY.34 OR AY.34.1 OR AY.34.1.1 OR AY.34.2 OR AY.35 OR AY.36 OR AY.36.1 OR AY.37 OR AY.38 OR AY.39 OR AY.39.1 OR AY.39.1.1 OR AY.39.1.2 OR AY.39.1.3 OR AY.39.1.4 OR AY.39.2 OR AY.39.3 OR AY.39.4 OR AY.40 OR AY.41 OR AY.42 OR AY.42.1 OR AY.43 OR AY.43.1 OR AY.43.2 OR AY.43.3 OR AY.43.4 OR AY.43.5 OR AY.43.6 OR AY.43.7 OR AY.43.8 OR AY.43.9 OR AY.44 OR AY.45 OR AY.46 OR AY.46.1 OR AY.46.2 OR AY.46.3 OR AY.46.4 OR AY.46.5 OR AY.46.6 OR AY.46.6.1 OR AY.47 OR AY.48 OR AY.49 OR AY.50 OR AY.51 OR AY.52 OR AY.53 OR AY.54 OR AY.55 OR AY.56 OR AY.57 OR AY.58 OR AY.59 OR AY.60 OR AY.61 OR AY.62 OR AY.63 OR AY.64 OR AY.65 OR AY.66 OR AY.67 OR AY.68 OR AY.69 OR AY.70 OR AY.71 OR AY.72 OR AY.73 OR AY.74 OR AY.75 OR AY.75.1 OR AY.75.2 OR AY.75.3 OR AY.76 OR AY.77 OR AY.78 OR AY.79 OR AY.80 OR AY.81 OR AY.82 OR AY.83 OR AY.84 OR AY.85 OR AY.86 OR AY.87 OR AY.88 OR AY.89 OR AY.90 OR AY.91 OR AY.91.1 OR AY.92 OR AY.93 OR AY.94 OR AY.95 OR AY.96 OR AY.97 OR AY.98 OR AY.98.1 OR AY.98.1.1 OR AY.99 OR AY.99.1 OR AY.99.2 OR AY.100 OR AY.101 OR AY.102 OR AY.102.1 OR AY.102.2 OR AY.103 OR AY.103.1 OR AY.103.2 OR AY.104 OR AY.105 OR AY.106 OR AY.107 OR AY.108 OR AY.109 OR AY.110 OR AY.111 OR AY.112 OR AY.112.1 OR AY.112.2 OR AY.112.3 OR AY.113 OR AY.114 OR AY.115 OR AY.116 OR AY.116.1 OR AY.117 OR AY.118 OR AY.119 OR AY.119.1 OR AY.119.2 OR AY.120 OR AY.120.1 OR AY.120.2 OR AY.120.2.1 OR AY.121 OR AY.121.1 OR AY.122 OR AY.122.1 OR AY.122.2 OR AY.122.3 OR AY.122.4 OR AY.122.5 OR AY.122.6 OR AY.123 OR AY.123.1 OR AY.124 OR AY.124.1 OR AY.124.1.1 OR AY.125 OR AY.125.1 OR AY.126 OR AY.127 OR AY.127.1 OR AY.127.2 OR AY.127.3 OR AY.128 OR AY.129 OR AY.130 OR AY.131 OR AY.132 OR AY.133 OR AY.134 OR B.1.617.2,Delta,13.2857142857143,7.5,0.564516129032258
2021-07-11,4,4,9.14285714285714,6.71428571428571,0.734375,0.456175566880653,0.950698077023406,AY.1 OR AY.2 OR AY.3 OR AY.3.1 OR AY.3.2 OR AY.3.3 OR AY.3.4 OR AY.4 OR AY.4.1 OR AY.4.2 OR AY.4.2.1 OR AY.4.2.2 OR AY.4.2.3 OR AY.4.2.4 OR AY.4.2.5 OR AY.4.3 OR AY.4.4 OR AY.4.5 OR AY.4.6 OR AY.4.7 OR AY.4.8 OR AY.4.9 OR AY.4.10 OR AY.4.11 OR AY.4.12 OR AY.4.13 OR AY.4.14 OR AY.4.15 OR AY.4.16 OR AY.4.17 OR AY.5 OR AY.5.1 OR AY.5.2 OR AY.5.3 OR AY.5.4 OR AY.5.5 OR AY.5.6 OR AY.5.7 OR AY.6 OR AY.7 OR AY.7.1 OR AY.7.2 OR AY.8 OR AY.9 OR AY.9.1 OR AY.9.2 OR AY.9.2.1 OR AY.9.2.2 OR AY.10 OR AY.11 OR AY.12 OR AY.13 OR AY.14 OR AY.15 OR AY.16 OR AY.16.1 OR AY.17 OR AY.18 OR AY.19 OR AY.20 OR AY.20.1 OR AY.21 OR AY.22 OR AY.23 OR AY.23.1 OR AY.23.2 OR AY.24 OR AY.24.1 OR AY.25 OR AY.25.1 OR AY.25.1.1 OR AY.25.1.2 OR AY.25.2 OR AY.25.3 OR AY.26 OR AY.26.1 OR AY.27 OR AY.28 OR AY.29 OR AY.29.1 OR AY.29.2 OR AY.30 OR AY.31 OR AY.32 OR AY.33 OR AY.33.1 OR AY.33.2 OR AY.34 OR AY.34.1 OR AY.34.1.1 OR AY.34.2 OR AY.35 OR AY.36 OR AY.36.1 OR AY.37 OR AY.38 OR AY.39 OR AY.39.1 OR AY.39.1.1 OR AY.39.1.2 OR AY.39.1.3 OR AY.39.1.4 OR AY.39.2 OR AY.39.3 OR AY.39.4 OR AY.40 OR AY.41 OR AY.42 OR AY.42.1 OR AY.43 OR AY.43.1 OR AY.43.2 OR AY.43.3 OR AY.43.4 OR AY.43.5 OR AY.43.6 OR AY.43.7 OR AY.43.8 OR AY.43.9 OR AY.44 OR AY.45 OR AY.46 OR AY.46.1 OR AY.46.2 OR AY.46.3 OR AY.46.4 OR AY.46.5 OR AY.46.6 OR AY.46.6.1 OR AY.47 OR AY.48 OR AY.49 OR AY.50 OR AY.51 OR AY.52 OR AY.53 OR AY.54 OR AY.55 OR AY.56 OR AY.57 OR AY.58 OR AY.59 OR AY.60 OR AY.61 OR AY.62 OR AY.63 OR AY.64 OR AY.65 OR AY.66 OR AY.67 OR AY.68 OR AY.69 OR AY.70 OR AY.71 OR AY.72 OR AY.73 OR AY.74 OR AY.75 OR AY.75.1 OR AY.75.2 OR AY.75.3 OR AY.76 OR AY.77 OR AY.78 OR AY.79 OR AY.80 OR AY.81 OR AY.82 OR AY.83 OR AY.84 OR AY.85 OR AY.86 OR AY.87 OR AY.88 OR AY.89 OR AY.90 OR AY.91 OR AY.91.1 OR AY.92 OR AY.93 OR AY.94 OR AY.95 OR AY.96 OR AY.97 OR AY.98 OR AY.98.1 OR AY.98.1.1 OR AY.99 OR AY.99.1 OR AY.99.2 OR AY.100 OR AY.101 OR AY.102 OR AY.102.1 OR AY.102.2 OR AY.103 OR AY.103.1 OR AY.103.2 OR AY.104 OR AY.105 OR AY.106 OR AY.107 OR AY.108 OR AY.109 OR AY.110 OR AY.111 OR AY.112 OR AY.112.1 OR AY.112.2 OR AY.112.3 OR AY.113 OR AY.114 OR AY.115 OR AY.116 OR AY.116.1 OR AY.117 OR AY.118 OR AY.119 OR AY.119.1 OR AY.119.2 OR AY.120 OR AY.120.1 OR AY.120.2 OR AY.120.2.1 OR AY.121 OR AY.121.1 OR AY.122 OR AY.122.1 OR AY.122.2 OR AY.122.3 OR AY.122.4 OR AY.122.5 OR AY.122.6 OR AY.123 OR AY.123.1 OR AY.124 OR AY.124.1 OR AY.124.1.1 OR AY.125 OR AY.125.1 OR AY.126 OR AY.127 OR AY.127.1 OR AY.127.2 OR AY.127.3 OR AY.128 OR AY.129 OR AY.130 OR AY.131 OR AY.132 OR AY.133 OR AY.134 OR B.1.617.2,Delta,13.3571428571429,7.78571428571429,0.582887700534759
2021-07-12,13,11,9.42857142857143,7.42857142857143,0.787878787878788,0.456175566880653,0.950698077023406,AY.1 OR AY.2 OR AY.3 OR AY.3.1 OR AY.3.2 OR AY.3.3 OR AY.3.4 OR AY.4 OR AY.4.1 OR AY.4.2 OR AY.4.2.1 OR AY.4.2.2 OR AY.4.2.3 OR AY.4.2.4 OR AY.4.2.5 OR AY.4.3 OR AY.4.4 OR AY.4.5 OR AY.4.6 OR AY.4.7 OR AY.4.8 OR AY.4.9 OR AY.4.10 OR AY.4.11 OR AY.4.12 OR AY.4.13 OR AY.4.14 OR AY.4.15 OR AY.4.16 OR AY.4.17 OR AY.5 OR AY.5.1 OR AY.5.2 OR AY.5.3 OR AY.5.4 OR AY.5.5 OR AY.5.6 OR AY.5.7 OR AY.6 OR AY.7 OR AY.7.1 OR AY.7.2 OR AY.8 OR AY.9 OR AY.9.1 OR AY.9.2 OR AY.9.2.1 OR AY.9.2.2 OR AY.10 OR AY.11 OR AY.12 OR AY.13 OR AY.14 OR AY.15 OR AY.16 OR AY.16.1 OR AY.17 OR AY.18 OR AY.19 OR AY.20 OR AY.20.1 OR AY.21 OR AY.22 OR AY.23 OR AY.23.1 OR AY.23.2 OR AY.24 OR AY.24.1 OR AY.25 OR AY.25.1 OR AY.25.1.1 OR AY.25.1.2 OR AY.25.2 OR AY.25.3 OR AY.26 OR AY.26.1 OR AY.27 OR AY.28 OR AY.29 OR AY.29.1 OR AY.29.2 OR AY.30 OR AY.31 OR AY.32 OR AY.33 OR AY.33.1 OR AY.33.2 OR AY.34 OR AY.34.1 OR AY.34.1.1 OR AY.34.2 OR AY.35 OR AY.36 OR AY.36.1 OR AY.37 OR AY.38 OR AY.39 OR AY.39.1 OR AY.39.1.1 OR AY.39.1.2 OR AY.39.1.3 OR AY.39.1.4 OR AY.39.2 OR AY.39.3 OR AY.39.4 OR AY.40 OR AY.41 OR AY.42 OR AY.42.1 OR AY.43 OR AY.43.1 OR AY.43.2 OR AY.43.3 OR AY.43.4 OR AY.43.5 OR AY.43.6 OR AY.43.7 OR AY.43.8 OR AY.43.9 OR AY.44 OR AY.45 OR AY.46 OR AY.46.1 OR AY.46.2 OR AY.46.3 OR AY.46.4 OR AY.46.5 OR AY.46.6 OR AY.46.6.1 OR AY.47 OR AY.48 OR AY.49 OR AY.50 OR AY.51 OR AY.52 OR AY.53 OR AY.54 OR AY.55 OR AY.56 OR AY.57 OR AY.58 OR AY.59 OR AY.60 OR AY.61 OR AY.62 OR AY.63 OR AY.64 OR AY.65 OR AY.66 OR AY.67 OR AY.68 OR AY.69 OR AY.70 OR AY.71 OR AY.72 OR AY.73 OR AY.74 OR AY.75 OR AY.75.1 OR AY.75.2 OR AY.75.3 OR AY.76 OR AY.77 OR AY.78 OR AY.79 OR AY.80 OR AY.81 OR AY.82 OR AY.83 OR AY.84 OR AY.85 OR AY.86 OR AY.87 OR AY.88 OR AY.89 OR AY.90 OR AY.91 OR AY.91.1 OR AY.92 OR AY.93 OR AY.94 OR AY.95 OR AY.96 OR AY.97 OR AY.98 OR AY.98.1 OR AY.98.1.1 OR AY.99 OR AY.99.1 OR AY.99.2 OR AY.100 OR AY.101 OR AY.102 OR AY.102.1 OR AY.102.2 OR AY.103 OR AY.103.1 OR AY.103.2 OR AY.104 OR AY.105 OR AY.106 OR AY.107 OR AY.108 OR AY.109 OR AY.110 OR AY.111 OR AY.112 OR AY.112.1 OR AY.112.2 OR AY.112.3 OR AY.113 OR AY.114 OR AY.115 OR AY.116 OR AY.116.1 OR AY.117 OR AY.118 OR AY.119 OR AY.119.1 OR AY.119.2 OR AY.120 OR AY.120.1 OR AY.120.2 OR AY.120.2.1 OR AY.121 OR AY.121.1 OR AY.122 OR AY.122.1 OR AY.122.2 OR AY.122.3 OR AY.122.4 OR AY.122.5 OR AY.122.6 OR AY.123 OR AY.123.1 OR AY.124 OR AY.124.1 OR AY.124.1.1 OR AY.125 OR AY.125.1 OR AY.126 OR AY.127 OR AY.127.1 OR AY.127.2 OR AY.127.3 OR AY.128 OR AY.129 OR AY.130 OR AY.131 OR AY.132 OR AY.133 OR AY.134 OR B.1.617.2,Delta,13.6428571428571,8.42857142857143,0.617801047120419
2021-07-13,30,22,12,9.14285714285714,0.761904761904762,0.470808916373449,0.924057671080515,AY.1 OR AY.2 OR AY.3 OR AY.3.1 OR AY.3.2 OR AY.3.3 OR AY.3.4 OR AY.4 OR AY.4.1 OR AY.4.2 OR AY.4.2.1 OR AY.4.2.2 OR AY.4.2.3 OR AY.4.2.4 OR AY.4.2.5 OR AY.4.3 OR AY.4.4 OR AY.4.5 OR AY.4.6 OR AY.4.7 OR AY.4.8 OR AY.4.9 OR AY.4.10 OR AY.4.11 OR AY.4.12 OR AY.4.13 OR AY.4.14 OR AY.4.15 OR AY.4.16 OR AY.4.17 OR AY.5 OR AY.5.1 OR AY.5.2 OR AY.5.3 OR AY.5.4 OR AY.5.5 OR AY.5.6 OR AY.5.7 OR AY.6 OR AY.7 OR AY.7.1 OR AY.7.2 OR AY.8 OR AY.9 OR AY.9.1 OR AY.9.2 OR AY.9.2.1 OR AY.9.2.2 OR AY.10 OR AY.11 OR AY.12 OR AY.13 OR AY.14 OR AY.15 OR AY.16 OR AY.16.1 OR AY.17 OR AY.18 OR AY.19 OR AY.20 OR AY.20.1 OR AY.21 OR AY.22 OR AY.23 OR AY.23.1 OR AY.23.2 OR AY.24 OR AY.24.1 OR AY.25 OR AY.25.1 OR AY.25.1.1 OR AY.25.1.2 OR AY.25.2 OR AY.25.3 OR AY.26 OR AY.26.1 OR AY.27 OR AY.28 OR AY.29 OR AY.29.1 OR AY.29.2 OR AY.30 OR AY.31 OR AY.32 OR AY.33 OR AY.33.1 OR AY.33.2 OR AY.34 OR AY.34.1 OR AY.34.1.1 OR AY.34.2 OR AY.35 OR AY.36 OR AY.36.1 OR AY.37 OR AY.38 OR AY.39 OR AY.39.1 OR AY.39.1.1 OR AY.39.1.2 OR AY.39.1.3 OR AY.39.1.4 OR AY.39.2 OR AY.39.3 OR AY.39.4 OR AY.40 OR AY.41 OR AY.42 OR AY.42.1 OR AY.43 OR AY.43.1 OR AY.43.2 OR AY.43.3 OR AY.43.4 OR AY.43.5 OR AY.43.6 OR AY.43.7 OR AY.43.8 OR AY.43.9 OR AY.44 OR AY.45 OR AY.46 OR AY.46.1 OR AY.46.2 OR AY.46.3 OR AY.46.4 OR AY.46.5 OR AY.46.6 OR AY.46.6.1 OR AY.47 OR AY.48 OR AY.49 OR AY.50 OR AY.51 OR AY.52 OR AY.53 OR AY.54 OR AY.55 OR AY.56 OR AY.57 OR AY.58 OR AY.59 OR AY.60 OR AY.61 OR AY.62 OR AY.63 OR AY.64 OR AY.65 OR AY.66 OR AY.67 OR AY.68 OR AY.69 OR AY.70 OR AY.71 OR AY.72 OR AY.73 OR AY.74 OR AY.75 OR AY.75.1 OR AY.75.2 OR AY.75.3 OR AY.76 OR AY.77 OR AY.78 OR AY.79 OR AY.80 OR AY.81 OR AY.82 OR AY.83 OR AY.84 OR AY.85 OR AY.86 OR AY.87 OR AY.88 OR AY.89 OR AY.90 OR AY.91 OR AY.91.1 OR AY.92 OR AY.93 OR AY.94 OR AY.95 OR AY.96 OR AY.97 OR AY.98 OR AY.98.1 OR AY.98.1.1 OR AY.99 OR AY.99.1 OR AY.99.2 OR AY.100 OR AY.101 OR AY.102 OR AY.102.1 OR AY.102.2 OR AY.103 OR AY.103.1 OR AY.103.2 OR AY.104 OR AY.105 OR AY.106 OR AY.107 OR AY.108 OR AY.109 OR AY.110 OR AY.111 OR AY.112 OR AY.112.1 OR AY.112.2 OR AY.112.3 OR AY.113 OR AY.114 OR AY.115 OR AY.116 OR AY.116.1 OR AY.117 OR AY.118 OR AY.119 OR AY.119.1 OR AY.119.2 OR AY.120 OR AY.120.1 OR AY.120.2 OR AY.120.2.1 OR AY.121 OR AY.121.1 OR AY.122 OR AY.122.1 OR AY.122.2 OR AY.122.3 OR AY.122.4 OR AY.122.5 OR AY.122.6 OR AY.123 OR AY.123.1 OR AY.124 OR AY.124.1 OR AY.124.1.1 OR AY.125 OR AY.125.1 OR AY.126 OR AY.127 OR AY.127.1 OR AY.127.2 OR AY.127.3 OR AY.128 OR AY.129 OR AY.130 OR AY.131 OR AY.132 OR AY.133 OR AY.134 OR B.1.617.2,Delta,14.4285714285714,9.21428571428571,0.638613861386139
2021-07-14,16,14,12.8571428571429,10,0.777777777777778,0.502627878024654,0.930343331360383,AY.1 OR AY.2 OR AY.3 OR AY.3.1 OR AY.3.2 OR AY.3.3 OR AY.3.4 OR AY.4 OR AY.4.1 OR AY.4.2 OR AY.4.2.1 OR AY.4.2.2 OR AY.4.2.3 OR AY.4.2.4 OR AY.4.2.5 OR AY.4.3 OR AY.4.4 OR AY.4.5 OR AY.4.6 OR AY.4.7 OR AY.4.8 OR AY.4.9 OR AY.4.10 OR AY.4.11 OR AY.4.12 OR AY.4.13 OR AY.4.14 OR AY.4.15 OR AY.4.16 OR AY.4.17 OR AY.5 OR AY.5.1 OR AY.5.2 OR AY.5.3 OR AY.5.4 OR AY.5.5 OR AY.5.6 OR AY.5.7 OR AY.6 OR AY.7 OR AY.7.1 OR AY.7.2 OR AY.8 OR AY.9 OR AY.9.1 OR AY.9.2 OR AY.9.2.1 OR AY.9.2.2 OR AY.10 OR AY.11 OR AY.12 OR AY.13 OR AY.14 OR AY.15 OR AY.16 OR AY.16.1 OR AY.17 OR AY.18 OR AY.19 OR AY.20 OR AY.20.1 OR AY.21 OR AY.22 OR AY.23 OR AY.23.1 OR AY.23.2 OR AY.24 OR AY.24.1 OR AY.25 OR AY.25.1 OR AY.25.1.1 OR AY.25.1.2 OR AY.25.2 OR AY.25.3 OR AY.26 OR AY.26.1 OR AY.27 OR AY.28 OR AY.29 OR AY.29.1 OR AY.29.2 OR AY.30 OR AY.31 OR AY.32 OR AY.33 OR AY.33.1 OR AY.33.2 OR AY.34 OR AY.34.1 OR AY.34.1.1 OR AY.34.2 OR AY.35 OR AY.36 OR AY.36.1 OR AY.37 OR AY.38 OR AY.39 OR AY.39.1 OR AY.39.1.1 OR AY.39.1.2 OR AY.39.1.3 OR AY.39.1.4 OR AY.39.2 OR AY.39.3 OR AY.39.4 OR AY.40 OR AY.41 OR AY.42 OR AY.42.1 OR AY.43 OR AY.43.1 OR AY.43.2 OR AY.43.3 OR AY.43.4 OR AY.43.5 OR AY.43.6 OR AY.43.7 OR AY.43.8 OR AY.43.9 OR AY.44 OR AY.45 OR AY.46 OR AY.46.1 OR AY.46.2 OR AY.46.3 OR AY.46.4 OR AY.46.5 OR AY.46.6 OR AY.46.6.1 OR AY.47 OR AY.48 OR AY.49 OR AY.50 OR AY.51 OR AY.52 OR AY.53 OR AY.54 OR AY.55 OR AY.56 OR AY.57 OR AY.58 OR AY.59 OR AY.60 OR AY.61 OR AY.62 OR AY.63 OR AY.64 OR AY.65 OR AY.66 OR AY.67 OR AY.68 OR AY.69 OR AY.70 OR AY.71 OR AY.72 OR AY.73 OR AY.74 OR AY.75 OR AY.75.1 OR AY.75.2 OR AY.75.3 OR AY.76 OR AY.77 OR AY.78 OR AY.79 OR AY.80 OR AY.81 OR AY.82 OR AY.83 OR AY.84 OR AY.85 OR AY.86 OR AY.87 OR AY.88 OR AY.89 OR AY.90 OR AY.91 OR AY.91.1 OR AY.92 OR AY.93 OR AY.94 OR AY.95 OR AY.96 OR AY.97 OR AY.98 OR AY.98.1 OR AY.98.1.1 OR AY.99 OR AY.99.1 OR AY.99.2 OR AY.100 OR AY.101 OR AY.102 OR AY.102.1 OR AY.102.2 OR AY.103 OR AY.103.1 OR AY.103.2 OR AY.104 OR AY.105 OR AY.106 OR AY.107 OR AY.108 OR AY.109 OR AY.110 OR AY.111 OR AY.112 OR AY.112.1 OR AY.112.2 OR AY.112.3 OR AY.113 OR AY.114 OR AY.115 OR AY.116 OR AY.116.1 OR AY.117 OR AY.118 OR AY.119 OR AY.119.1 OR AY.119.2 OR AY.120 OR AY.120.1 OR AY.120.2 OR AY.120.2.1 OR AY.121 OR AY.121.1 OR AY.122 OR AY.122.1 OR AY.122.2 OR AY.122.3 OR AY.122.4 OR AY.122.5 OR AY.122.6 OR AY.123 OR AY.123.1 OR AY.124 OR AY.124.1 OR AY.124.1.1 OR AY.125 OR AY.125.1 OR AY.126 OR AY.127 OR AY.127.1 OR AY.127.2 OR AY.127.3 OR AY.128 OR AY.129 OR AY.130 OR AY.131 OR AY.132 OR AY.133 OR AY.134 OR B.1.617.2,Delta,11.9285714285714,8.35714285714286,0.70059880239521
2021-07-15,15,13,13.7142857142857,11,0.802083333333333,0.530976332906454,0.935664922461777,AY.1 OR AY.2 OR AY.3 OR AY.3.1 OR AY.3.2 OR AY.3.3 OR AY.3.4 OR AY.4 OR AY.4.1 OR AY.4.2 OR AY.4.2.1 OR AY.4.2.2 OR AY.4.2.3 OR AY.4.2.4 OR AY.4.2.5 OR AY.4.3 OR AY.4.4 OR AY.4.5 OR AY.4.6 OR AY.4.7 OR AY.4.8 OR AY.4.9 OR AY.4.10 OR AY.4.11 OR AY.4.12 OR AY.4.13 OR AY.4.14 OR AY.4.15 OR AY.4.16 OR AY.4.17 OR AY.5 OR AY.5.1 OR AY.5.2 OR AY.5.3 OR AY.5.4 OR AY.5.5 OR AY.5.6 OR AY.5.7 OR AY.6 OR AY.7 OR AY.7.1 OR AY.7.2 OR AY.8 OR AY.9 OR AY.9.1 OR AY.9.2 OR AY.9.2.1 OR AY.9.2.2 OR AY.10 OR AY.11 OR AY.12 OR AY.13 OR AY.14 OR AY.15 OR AY.16 OR AY.16.1 OR AY.17 OR AY.18 OR AY.19 OR AY.20 OR AY.20.1 OR AY.21 OR AY.22 OR AY.23 OR AY.23.1 OR AY.23.2 OR AY.24 OR AY.24.1 OR AY.25 OR AY.25.1 OR AY.25.1.1 OR AY.25.1.2 OR AY.25.2 OR AY.25.3 OR AY.26 OR AY.26.1 OR AY.27 OR AY.28 OR AY.29 OR AY.29.1 OR AY.29.2 OR AY.30 OR AY.31 OR AY.32 OR AY.33 OR AY.33.1 OR AY.33.2 OR AY.34 OR AY.34.1 OR AY.34.1.1 OR AY.34.2 OR AY.35 OR AY.36 OR AY.36.1 OR AY.37 OR AY.38 OR AY.39 OR AY.39.1 OR AY.39.1.1 OR AY.39.1.2 OR AY.39.1.3 OR AY.39.1.4 OR AY.39.2 OR AY.39.3 OR AY.39.4 OR AY.40 OR AY.41 OR AY.42 OR AY.42.1 OR AY.43 OR AY.43.1 OR AY.43.2 OR AY.43.3 OR AY.43.4 OR AY.43.5 OR AY.43.6 OR AY.43.7 OR AY.43.8 OR AY.43.9 OR AY.44 OR AY.45 OR AY.46 OR AY.46.1 OR AY.46.2 OR AY.46.3 OR AY.46.4 OR AY.46.5 OR AY.46.6 OR AY.46.6.1 OR AY.47 OR AY.48 OR AY.49 OR AY.50 OR AY.51 OR AY.52 OR AY.53 OR AY.54 OR AY.55 OR AY.56 OR AY.57 OR AY.58 OR AY.59 OR AY.60 OR AY.61 OR AY.62 OR AY.63 OR AY.64 OR AY.65 OR AY.66 OR AY.67 OR AY.68 OR AY.69 OR AY.70 OR AY.71 OR AY.72 OR AY.73 OR AY.74 OR AY.75 OR AY.75.1 OR AY.75.2 OR AY.75.3 OR AY.76 OR AY.77 OR AY.78 OR AY.79 OR AY.80 OR AY.81 OR AY.82 OR AY.83 OR AY.84 OR AY.85 OR AY.86 OR AY.87 OR AY.88 OR AY.89 OR AY.90 OR AY.91 OR AY.91.1 OR AY.92 OR AY.93 OR AY.94 OR AY.95 OR AY.96 OR AY.97 OR AY.98 OR AY.98.1 OR AY.98.1.1 OR AY.99 OR AY.99.1 OR AY.99.2 OR AY.100 OR AY.101 OR AY.102 OR AY.102.1 OR AY.102.2 OR AY.103 OR AY.103.1 OR AY.103.2 OR AY.104 OR AY.105 OR AY.106 OR AY.107 OR AY.108 OR AY.109 OR AY.110 OR AY.111 OR AY.112 OR AY.112.1 OR AY.112.2 OR AY.112.3 OR AY.113 OR AY.114 OR AY.115 OR AY.116 OR AY.116.1 OR AY.117 OR AY.118 OR AY.119 OR AY.119.1 OR AY.119.2 OR AY.120 OR AY.120.1 OR AY.120.2 OR AY.120.2.1 OR AY.121 OR AY.121.1 OR AY.122 OR AY.122.1 OR AY.122.2 OR AY.122.3 OR AY.122.4 OR AY.122.5 OR AY.122.6 OR AY.123 OR AY.123.1 OR AY.124 OR AY.124.1 OR AY.124.1.1 OR AY.125 OR AY.125.1 OR AY.126 OR AY.127 OR AY.127.1 OR AY.127.2 OR AY.127.3 OR AY.128 OR AY.129 OR AY.130 OR AY.131 OR AY.132 OR AY.133 OR AY.134 OR B.1.617.2,Delta,11.6428571428571,8.64285714285714,0.742331288343558
2021-07-16,12,11,14.5714285714286,12,0.823529411764706,0.556364538325763,0.940229031623067,AY.1 OR AY.2 OR AY.3 OR AY.3.1 OR AY.3.2 OR AY.3.3 OR AY.3.4 OR AY.4 OR AY.4.1 OR AY.4.2 OR AY.4.2.1 OR AY.4.2.2 OR AY.4.2.3 OR AY.4.2.4 OR AY.4.2.5 OR AY.4.3 OR AY.4.4 OR AY.4.5 OR AY.4.6 OR AY.4.7 OR AY.4.8 OR AY.4.9 OR AY.4.10 OR AY.4.11 OR AY.4.12 OR AY.4.13 OR AY.4.14 OR AY.4.15 OR AY.4.16 OR AY.4.17 OR AY.5 OR AY.5.1 OR AY.5.2 OR AY.5.3 OR AY.5.4 OR AY.5.5 OR AY.5.6 OR AY.5.7 OR AY.6 OR AY.7 OR AY.7.1 OR AY.7.2 OR AY.8 OR AY.9 OR AY.9.1 OR AY.9.2 OR AY.9.2.1 OR AY.9.2.2 OR AY.10 OR AY.11 OR AY.12 OR AY.13 OR AY.14 OR AY.15 OR AY.16 OR AY.16.1 OR AY.17 OR AY.18 OR AY.19 OR AY.20 OR AY.20.1 OR AY.21 OR AY.22 OR AY.23 OR AY.23.1 OR AY.23.2 OR AY.24 OR AY.24.1 OR AY.25 OR AY.25.1 OR AY.25.1.1 OR AY.25.1.2 OR AY.25.2 OR AY.25.3 OR AY.26 OR AY.26.1 OR AY.27 OR AY.28 OR AY.29 OR AY.29.1 OR AY.29.2 OR AY.30 OR AY.31 OR AY.32 OR AY.33 OR AY.33.1 OR AY.33.2 OR AY.34 OR AY.34.1 OR AY.34.1.1 OR AY.34.2 OR AY.35 OR AY.36 OR AY.36.1 OR AY.37 OR AY.38 OR AY.39 OR AY.39.1 OR AY.39.1.1 OR AY.39.1.2 OR AY.39.1.3 OR AY.39.1.4 OR AY.39.2 OR AY.39.3 OR AY.39.4 OR AY.40 OR AY.41 OR AY.42 OR AY.42.1 OR AY.43 OR AY.43.1 OR AY.43.2 OR AY.43.3 OR AY.43.4 OR AY.43.5 OR AY.43.6 OR AY.43.7 OR AY.43.8 OR AY.43.9 OR AY.44 OR AY.45 OR AY.46 OR AY.46.1 OR AY.46.2 OR AY.46.3 OR AY.46.4 OR AY.46.5 OR AY.46.6 OR AY.46.6.1 OR AY.47 OR AY.48 OR AY.49 OR AY.50 OR AY.51 OR AY.52 OR AY.53 OR AY.54 OR AY.55 OR AY.56 OR AY.57 OR AY.58 OR AY.59 OR AY.60 OR AY.61 OR AY.62 OR AY.63 OR AY.64 OR AY.65 OR AY.66 OR AY.67 OR AY.68 OR AY.69 OR AY.70 OR AY.71 OR AY.72 OR AY.73 OR AY.74 OR AY.75 OR AY.75.1 OR AY.75.2 OR AY.75.3 OR AY.76 OR AY.77 OR AY.78 OR AY.79 OR AY.80 OR AY.81 OR AY.82 OR AY.83 OR AY.84 OR AY.85 OR AY.86 OR AY.87 OR AY.88 OR AY.89 OR AY.90 OR AY.91 OR AY.91.1 OR AY.92 OR AY.93 OR AY.94 OR AY.95 OR AY.96 OR AY.97 OR AY.98 OR AY.98.1 OR AY.98.1.1 OR AY.99 OR AY.99.1 OR AY.99.2 OR AY.100 OR AY.101 OR AY.102 OR AY.102.1 OR AY.102.2 OR AY.103 OR AY.103.1 OR AY.103.2 OR AY.104 OR AY.105 OR AY.106 OR AY.107 OR AY.108 OR AY.109 OR AY.110 OR AY.111 OR AY.112 OR AY.112.1 OR AY.112.2 OR AY.112.3 OR AY.113 OR AY.114 OR AY.115 OR AY.116 OR AY.116.1 OR AY.117 OR AY.118 OR AY.119 OR AY.119.1 OR AY.119.2 OR AY.120 OR AY.120.1 OR AY.120.2 OR AY.120.2.1 OR AY.121 OR AY.121.1 OR AY.122 OR AY.122.1 OR AY.122.2 OR AY.122.3 OR AY.122.4 OR AY.122.5 OR AY.122.6 OR AY.123 OR AY.123.1 OR AY.124 OR AY.124.1 OR AY.124.1.1 OR AY.125 OR AY.125.1 OR AY.126 OR AY.127 OR AY.127.1 OR AY.127.2 OR AY.127.3 OR AY.128 OR AY.129 OR AY.130 OR AY.131 OR AY.132 OR AY.133 OR AY.134 OR B.1.617.2,Delta,11.7857142857143,9.14285714285714,0.775757575757576
2021-07-17,10,10,14.2857142857143,12.1428571428571,0.85,0.615105680392638,0.969077872465246,AY.1 OR AY.2 OR AY.3 OR AY.3.1 OR AY.3.2 OR AY.3.3 OR AY.3.4 OR AY.4 OR AY.4.1 OR AY.4.2 OR AY.4.2.1 OR AY.4.2.2 OR AY.4.2.3 OR AY.4.2.4 OR AY.4.2.5 OR AY.4.3 OR AY.4.4 OR AY.4.5 OR AY.4.6 OR AY.4.7 OR AY.4.8 OR AY.4.9 OR AY.4.10 OR AY.4.11 OR AY.4.12 OR AY.4.13 OR AY.4.14 OR AY.4.15 OR AY.4.16 OR AY.4.17 OR AY.5 OR AY.5.1 OR AY.5.2 OR AY.5.3 OR AY.5.4 OR AY.5.5 OR AY.5.6 OR AY.5.7 OR AY.6 OR AY.7 OR AY.7.1 OR AY.7.2 OR AY.8 OR AY.9 OR AY.9.1 OR AY.9.2 OR AY.9.2.1 OR AY.9.2.2 OR AY.10 OR AY.11 OR AY.12 OR AY.13 OR AY.14 OR AY.15 OR AY.16 OR AY.16.1 OR AY.17 OR AY.18 OR AY.19 OR AY.20 OR AY.20.1 OR AY.21 OR AY.22 OR AY.23 OR AY.23.1 OR AY.23.2 OR AY.24 OR AY.24.1 OR AY.25 OR AY.25.1 OR AY.25.1.1 OR AY.25.1.2 OR AY.25.2 OR AY.25.3 OR AY.26 OR AY.26.1 OR AY.27 OR AY.28 OR AY.29 OR AY.29.1 OR AY.29.2 OR AY.30 OR AY.31 OR AY.32 OR AY.33 OR AY.33.1 OR AY.33.2 OR AY.34 OR AY.34.1 OR AY.34.1.1 OR AY.34.2 OR AY.35 OR AY.36 OR AY.36.1 OR AY.37 OR AY.38 OR AY.39 OR AY.39.1 OR AY.39.1.1 OR AY.39.1.2 OR AY.39.1.3 OR AY.39.1.4 OR AY.39.2 OR AY.39.3 OR AY.39.4 OR AY.40 OR AY.41 OR AY.42 OR AY.42.1 OR AY.43 OR AY.43.1 OR AY.43.2 OR AY.43.3 OR AY.43.4 OR AY.43.5 OR AY.43.6 OR AY.43.7 OR AY.43.8 OR AY.43.9 OR AY.44 OR AY.45 OR AY.46 OR AY.46.1 OR AY.46.2 OR AY.46.3 OR AY.46.4 OR AY.46.5 OR AY.46.6 OR AY.46.6.1 OR AY.47 OR AY.48 OR AY.49 OR AY.50 OR AY.51 OR AY.52 OR AY.53 OR AY.54 OR AY.55 OR AY.56 OR AY.57 OR AY.58 OR AY.59 OR AY.60 OR AY.61 OR AY.62 OR AY.63 OR AY.64 OR AY.65 OR AY.66 OR AY.67 OR AY.68 OR AY.69 OR AY.70 OR AY.71 OR AY.72 OR AY.73 OR AY.74 OR AY.75 OR AY.75.1 OR AY.75.2 OR AY.75.3 OR AY.76 OR AY.77 OR AY.78 OR AY.79 OR AY.80 OR AY.81 OR AY.82 OR AY.83 OR AY.84 OR AY.85 OR AY.86 OR AY.87 OR AY.88 OR AY.89 OR AY.90 OR AY.91 OR AY.91.1 OR AY.92 OR AY.93 OR AY.94 OR AY.95 OR AY.96 OR AY.97 OR AY.98 OR AY.98.1 OR AY.98.1.1 OR AY.99 OR AY.99.1 OR AY.99.2 OR AY.100 OR AY.101 OR AY.102 OR AY.102.1 OR AY.102.2 OR AY.103 OR AY.103.1 OR AY.103.2 OR AY.104 OR AY.105 OR AY.106 OR AY.107 OR AY.108 OR AY.109 OR AY.110 OR AY.111 OR AY.112 OR AY.112.1 OR AY.112.2 OR AY.112.3 OR AY.113 OR AY.114 OR AY.115 OR AY.116 OR AY.116.1 OR AY.117 OR AY.118 OR AY.119 OR AY.119.1 OR AY.119.2 OR AY.120 OR AY.120.1 OR AY.120.2 OR AY.120.2.1 OR AY.121 OR AY.121.1 OR AY.122 OR AY.122.1 OR AY.122.2 OR AY.122.3 OR AY.122.4 OR AY.122.5 OR AY.122.6 OR AY.123 OR AY.123.1 OR AY.124 OR AY.124.1 OR AY.124.1.1 OR AY.125 OR AY.125.1 OR AY.126 OR AY.127 OR AY.127.1 OR AY.127.2 OR AY.127.3 OR AY.128 OR AY.129 OR AY.130 OR AY.131 OR AY.132 OR AY.133 OR AY.134 OR B.1.617.2,Delta,11.8571428571429,9.5,0.801204819277108
2021-07-18,11,9,15.2857142857143,12.8571428571429,0.841121495327103,0.636582093848978,0.971221672679875,AY.1 OR AY.2 OR AY.3 OR AY.3.1 OR AY.3.2 OR AY.3.3 OR AY.3.4 OR AY.4 OR AY.4.1 OR AY.4.2 OR AY.4.2.1 OR AY.4.2.2 OR AY.4.2.3 OR AY.4.2.4 OR AY.4.2.5 OR AY.4.3 OR AY.4.4 OR AY.4.5 OR AY.4.6 OR AY.4.7 OR AY.4.8 OR AY.4.9 OR AY.4.10 OR AY.4.11 OR AY.4.12 OR AY.4.13 OR AY.4.14 OR AY.4.15 OR AY.4.16 OR AY.4.17 OR AY.5 OR AY.5.1 OR AY.5.2 OR AY.5.3 OR AY.5.4 OR AY.5.5 OR AY.5.6 OR AY.5.7 OR AY.6 OR AY.7 OR AY.7.1 OR AY.7.2 OR AY.8 OR AY.9 OR AY.9.1 OR AY.9.2 OR AY.9.2.1 OR AY.9.2.2 OR AY.10 OR AY.11 OR AY.12 OR AY.13 OR AY.14 OR AY.15 OR AY.16 OR AY.16.1 OR AY.17 OR AY.18 OR AY.19 OR AY.20 OR AY.20.1 OR AY.21 OR AY.22 OR AY.23 OR AY.23.1 OR AY.23.2 OR AY.24 OR AY.24.1 OR AY.25 OR AY.25.1 OR AY.25.1.1 OR AY.25.1.2 OR AY.25.2 OR AY.25.3 OR AY.26 OR AY.26.1 OR AY.27 OR AY.28 OR AY.29 OR AY.29.1 OR AY.29.2 OR AY.30 OR AY.31 OR AY.32 OR AY.33 OR AY.33.1 OR AY.33.2 OR AY.34 OR AY.34.1 OR AY.34.1.1 OR AY.34.2 OR AY.35 OR AY.36 OR AY.36.1 OR AY.37 OR AY.38 OR AY.39 OR AY.39.1 OR AY.39.1.1 OR AY.39.1.2 OR AY.39.1.3 OR AY.39.1.4 OR AY.39.2 OR AY.39.3 OR AY.39.4 OR AY.40 OR AY.41 OR AY.42 OR AY.42.1 OR AY.43 OR AY.43.1 OR AY.43.2 OR AY.43.3 OR AY.43.4 OR AY.43.5 OR AY.43.6 OR AY.43.7 OR AY.43.8 OR AY.43.9 OR AY.44 OR AY.45 OR AY.46 OR AY.46.1 OR AY.46.2 OR AY.46.3 OR AY.46.4 OR AY.46.5 OR AY.46.6 OR AY.46.6.1 OR AY.47 OR AY.48 OR AY.49 OR AY.50 OR AY.51 OR AY.52 OR AY.53 OR AY.54 OR AY.55 OR AY.56 OR AY.57 OR AY.58 OR AY.59 OR AY.60 OR AY.61 OR AY.62 OR AY.63 OR AY.64 OR AY.65 OR AY.66 OR AY.67 OR AY.68 OR AY.69 OR AY.70 OR AY.71 OR AY.72 OR AY.73 OR AY.74 OR AY.75 OR AY.75.1 OR AY.75.2 OR AY.75.3 OR AY.76 OR AY.77 OR AY.78 OR AY.79 OR AY.80 OR AY.81 OR AY.82 OR AY.83 OR AY.84 OR AY.85 OR AY.86 OR AY.87 OR AY.88 OR AY.89 OR AY.90 OR AY.91 OR AY.91.1 OR AY.92 OR AY.93 OR AY.94 OR AY.95 OR AY.96 OR AY.97 OR AY.98 OR AY.98.1 OR AY.98.1.1 OR AY.99 OR AY.99.1 OR AY.99.2 OR AY.100 OR AY.101 OR AY.102 OR AY.102.1 OR AY.102.2 OR AY.103 OR AY.103.1 OR AY.103.2 OR AY.104 OR AY.105 OR AY.106 OR AY.107 OR AY.108 OR AY.109 OR AY.110 OR AY.111 OR AY.112 OR AY.112.1 OR AY.112.2 OR AY.112.3 OR AY.113 OR AY.114 OR AY.115 OR AY.116 OR AY.116.1 OR AY.117 OR AY.118 OR AY.119 OR AY.119.1 OR AY.119.2 OR AY.120 OR AY.120.1 OR AY.120.2 OR AY.120.2.1 OR AY.121 OR AY.121.1 OR AY.122 OR AY.122.1 OR AY.122.2 OR AY.122.3 OR AY.122.4 OR AY.122.5 OR AY.122.6 OR AY.123 OR AY.123.1 OR AY.124 OR AY.124.1 OR AY.124.1.1 OR AY.125 OR AY.125.1 OR AY.126 OR AY.127 OR AY.127.1 OR AY.127.2 OR AY.127.3 OR AY.128 OR AY.129 OR AY.130 OR AY.131 OR AY.132 OR AY.133 OR AY.134 OR B.1.617.2,Delta,12.2142857142857,9.78571428571429,0.801169590643275
2021-07-19,12,10,15.1428571428571,12.7142857142857,0.839622641509434,0.636582093848978,0.971221672679875,AY.1 OR AY.2 OR AY.3 OR AY.3.1 OR AY.3.2 OR AY.3.3 OR AY.3.4 OR AY.4 OR AY.4.1 OR AY.4.2 OR AY.4.2.1 OR AY.4.2.2 OR AY.4.2.3 OR AY.4.2.4 OR AY.4.2.5 OR AY.4.3 OR AY.4.4 OR AY.4.5 OR AY.4.6 OR AY.4.7 OR AY.4.8 OR AY.4.9 OR AY.4.10 OR AY.4.11 OR AY.4.12 OR AY.4.13 OR AY.4.14 OR AY.4.15 OR AY.4.16 OR AY.4.17 OR AY.5 OR AY.5.1 OR AY.5.2 OR AY.5.3 OR AY.5.4 OR AY.5.5 OR AY.5.6 OR AY.5.7 OR AY.6 OR AY.7 OR AY.7.1 OR AY.7.2 OR AY.8 OR AY.9 OR AY.9.1 OR AY.9.2 OR AY.9.2.1 OR AY.9.2.2 OR AY.10 OR AY.11 OR AY.12 OR AY.13 OR AY.14 OR AY.15 OR AY.16 OR AY.16.1 OR AY.17 OR AY.18 OR AY.19 OR AY.20 OR AY.20.1 OR AY.21 OR AY.22 OR AY.23 OR AY.23.1 OR AY.23.2 OR AY.24 OR AY.24.1 OR AY.25 OR AY.25.1 OR AY.25.1.1 OR AY.25.1.2 OR AY.25.2 OR AY.25.3 OR AY.26 OR AY.26.1 OR AY.27 OR AY.28 OR AY.29 OR AY.29.1 OR AY.29.2 OR AY.30 OR AY.31 OR AY.32 OR AY.33 OR AY.33.1 OR AY.33.2 OR AY.34 OR AY.34.1 OR AY.34.1.1 OR AY.34.2 OR AY.35 OR AY.36 OR AY.36.1 OR AY.37 OR AY.38 OR AY.39 OR AY.39.1 OR AY.39.1.1 OR AY.39.1.2 OR AY.39.1.3 OR AY.39.1.4 OR AY.39.2 OR AY.39.3 OR AY.39.4 OR AY.40 OR AY.41 OR AY.42 OR AY.42.1 OR AY.43 OR AY.43.1 OR AY.43.2 OR AY.43.3 OR AY.43.4 OR AY.43.5 OR AY.43.6 OR AY.43.7 OR AY.43.8 OR AY.43.9 OR AY.44 OR AY.45 OR AY.46 OR AY.46.1 OR AY.46.2 OR AY.46.3 OR AY.46.4 OR AY.46.5 OR AY.46.6 OR AY.46.6.1 OR AY.47 OR AY.48 OR AY.49 OR AY.50 OR AY.51 OR AY.52 OR AY.53 OR AY.54 OR AY.55 OR AY.56 OR AY.57 OR AY.58 OR AY.59 OR AY.60 OR AY.61 OR AY.62 OR AY.63 OR AY.64 OR AY.65 OR AY.66 OR AY.67 OR AY.68 OR AY.69 OR AY.70 OR AY.71 OR AY.72 OR AY.73 OR AY.74 OR AY.75 OR AY.75.1 OR AY.75.2 OR AY.75.3 OR AY.76 OR AY.77 OR AY.78 OR AY.79 OR AY.80 OR AY.81 OR AY.82 OR AY.83 OR AY.84 OR AY.85 OR AY.86 OR AY.87 OR AY.88 OR AY.89 OR AY.90 OR AY.91 OR AY.91.1 OR AY.92 OR AY.93 OR AY.94 OR AY.95 OR AY.96 OR AY.97 OR AY.98 OR AY.98.1 OR AY.98.1.1 OR AY.99 OR AY.99.1 OR AY.99.2 OR AY.100 OR AY.101 OR AY.102 OR AY.102.1 OR AY.102.2 OR AY.103 OR AY.103.1 OR AY.103.2 OR AY.104 OR AY.105 OR AY.106 OR AY.107 OR AY.108 OR AY.109 OR AY.110 OR AY.111 OR AY.112 OR AY.112.1 OR AY.112.2 OR AY.112.3 OR AY.113 OR AY.114 OR AY.115 OR AY.116 OR AY.116.1 OR AY.117 OR AY.118 OR AY.119 OR AY.119.1 OR AY.119.2 OR AY.120 OR AY.120.1 OR AY.120.2 OR AY.120.2.1 OR AY.121 OR AY.121.1 OR AY.122 OR AY.122.1 OR AY.122.2 OR AY.122.3 OR AY.122.4 OR AY.122.5 OR AY.122.6 OR AY.123 OR AY.123.1 OR AY.124 OR AY.124.1 OR AY.124.1.1 OR AY.125 OR AY.125.1 OR AY.126 OR AY.127 OR AY.127.1 OR AY.127.2 OR AY.127.3 OR AY.128 OR AY.129 OR AY.130 OR AY.131 OR AY.132 OR AY.133 OR AY.134 OR B.1.617.2,Delta,12.2857142857143,10.0714285714286,0.819767441860465
2021-07-20,24,19,14.2857142857143,12.2857142857143,0.86,0.615105680392638,0.969077872465246,AY.1 OR AY.2 OR AY.3 OR AY.3.1 OR AY.3.2 OR AY.3.3 OR AY.3.4 OR AY.4 OR AY.4.1 OR AY.4.2 OR AY.4.2.1 OR AY.4.2.2 OR AY.4.2.3 OR AY.4.2.4 OR AY.4.2.5 OR AY.4.3 OR AY.4.4 OR AY.4.5 OR AY.4.6 OR AY.4.7 OR AY.4.8 OR AY.4.9 OR AY.4.10 OR AY.4.11 OR AY.4.12 OR AY.4.13 OR AY.4.14 OR AY.4.15 OR AY.4.16 OR AY.4.17 OR AY.5 OR AY.5.1 OR AY.5.2 OR AY.5.3 OR AY.5.4 OR AY.5.5 OR AY.5.6 OR AY.5.7 OR AY.6 OR AY.7 OR AY.7.1 OR AY.7.2 OR AY.8 OR AY.9 OR AY.9.1 OR AY.9.2 OR AY.9.2.1 OR AY.9.2.2 OR AY.10 OR AY.11 OR AY.12 OR AY.13 OR AY.14 OR AY.15 OR AY.16 OR AY.16.1 OR AY.17 OR AY.18 OR AY.19 OR AY.20 OR AY.20.1 OR AY.21 OR AY.22 OR AY.23 OR AY.23.1 OR AY.23.2 OR AY.24 OR AY.24.1 OR AY.25 OR AY.25.1 OR AY.25.1.1 OR AY.25.1.2 OR AY.25.2 OR AY.25.3 OR AY.26 OR AY.26.1 OR AY.27 OR AY.28 OR AY.29 OR AY.29.1 OR AY.29.2 OR AY.30 OR AY.31 OR AY.32 OR AY.33 OR AY.33.1 OR AY.33.2 OR AY.34 OR AY.34.1 OR AY.34.1.1 OR AY.34.2 OR AY.35 OR AY.36 OR AY.36.1 OR AY.37 OR AY.38 OR AY.39 OR AY.39.1 OR AY.39.1.1 OR AY.39.1.2 OR AY.39.1.3 OR AY.39.1.4 OR AY.39.2 OR AY.39.3 OR AY.39.4 OR AY.40 OR AY.41 OR AY.42 OR AY.42.1 OR AY.43 OR AY.43.1 OR AY.43.2 OR AY.43.3 OR AY.43.4 OR AY.43.5 OR AY.43.6 OR AY.43.7 OR AY.43.8 OR AY.43.9 OR AY.44 OR AY.45 OR AY.46 OR AY.46.1 OR AY.46.2 OR AY.46.3 OR AY.46.4 OR AY.46.5 OR AY.46.6 OR AY.46.6.1 OR AY.47 OR AY.48 OR AY.49 OR AY.50 OR AY.51 OR AY.52 OR AY.53 OR AY.54 OR AY.55 OR AY.56 OR AY.57 OR AY.58 OR AY.59 OR AY.60 OR AY.61 OR AY.62 OR AY.63 OR AY.64 OR AY.65 OR AY.66 OR AY.67 OR AY.68 OR AY.69 OR AY.70 OR AY.71 OR AY.72 OR AY.73 OR AY.74 OR AY.75 OR AY.75.1 OR AY.75.2 OR AY.75.3 OR AY.76 OR AY.77 OR AY.78 OR AY.79 OR AY.80 OR AY.81 OR AY.82 OR AY.83 OR AY.84 OR AY.85 OR AY.86 OR AY.87 OR AY.88 OR AY.89 OR AY.90 OR AY.91 OR AY.91.1 OR AY.92 OR AY.93 OR AY.94 OR AY.95 OR AY.96 OR AY.97 OR AY.98 OR AY.98.1 OR AY.98.1.1 OR AY.99 OR AY.99.1 OR AY.99.2 OR AY.100 OR AY.101 OR AY.102 OR AY.102.1 OR AY.102.2 OR AY.103 OR AY.103.1 OR AY.103.2 OR AY.104 OR AY.105 OR AY.106 OR AY.107 OR AY.108 OR AY.109 OR AY.110 OR AY.111 OR AY.112 OR AY.112.1 OR AY.112.2 OR AY.112.3 OR AY.113 OR AY.114 OR AY.115 OR AY.116 OR AY.116.1 OR AY.117 OR AY.118 OR AY.119 OR AY.119.1 OR AY.119.2 OR AY.120 OR AY.120.1 OR AY.120.2 OR AY.120.2.1 OR AY.121 OR AY.121.1 OR AY.122 OR AY.122.1 OR AY.122.2 OR AY.122.3 OR AY.122.4 OR AY.122.5 OR AY.122.6 OR AY.123 OR AY.123.1 OR AY.124 OR AY.124.1 OR AY.124.1.1 OR AY.125 OR AY.125.1 OR AY.126 OR AY.127 OR AY.127.1 OR AY.127.2 OR AY.127.3 OR AY.128 OR AY.129 OR AY.130 OR AY.131 OR AY.132 OR AY.133 OR AY.134 OR B.1.617.2,Delta,13.1428571428571,10.7142857142857,0.815217391304348
2021-07-21,24,22,15.4285714285714,13.4285714285714,0.87037037037037,0.636582093848978,0.971221672679875,AY.1 OR AY.2 OR AY.3 OR AY.3.1 OR AY.3.2 OR AY.3.3 OR AY.3.4 OR AY.4 OR AY.4.1 OR AY.4.2 OR AY.4.2.1 OR AY.4.2.2 OR AY.4.2.3 OR AY.4.2.4 OR AY.4.2.5 OR AY.4.3 OR AY.4.4 OR AY.4.5 OR AY.4.6 OR AY.4.7 OR AY.4.8 OR AY.4.9 OR AY.4.10 OR AY.4.11 OR AY.4.12 OR AY.4.13 OR AY.4.14 OR AY.4.15 OR AY.4.16 OR AY.4.17 OR AY.5 OR AY.5.1 OR AY.5.2 OR AY.5.3 OR AY.5.4 OR AY.5.5 OR AY.5.6 OR AY.5.7 OR AY.6 OR AY.7 OR AY.7.1 OR AY.7.2 OR AY.8 OR AY.9 OR AY.9.1 OR AY.9.2 OR AY.9.2.1 OR AY.9.2.2 OR AY.10 OR AY.11 OR AY.12 OR AY.13 OR AY.14 OR AY.15 OR AY.16 OR AY.16.1 OR AY.17 OR AY.18 OR AY.19 OR AY.20 OR AY.20.1 OR AY.21 OR AY.22 OR AY.23 OR AY.23.1 OR AY.23.2 OR AY.24 OR AY.24.1 OR AY.25 OR AY.25.1 OR AY.25.1.1 OR AY.25.1.2 OR AY.25.2 OR AY.25.3 OR AY.26 OR AY.26.1 OR AY.27 OR AY.28 OR AY.29 OR AY.29.1 OR AY.29.2 OR AY.30 OR AY.31 OR AY.32 OR AY.33 OR AY.33.1 OR AY.33.2 OR AY.34 OR AY.34.1 OR AY.34.1.1 OR AY.34.2 OR AY.35 OR AY.36 OR AY.36.1 OR AY.37 OR AY.38 OR AY.39 OR AY.39.1 OR AY.39.1.1 OR AY.39.1.2 OR AY.39.1.3 OR AY.39.1.4 OR AY.39.2 OR AY.39.3 OR AY.39.4 OR AY.40 OR AY.41 OR AY.42 OR AY.42.1 OR AY.43 OR AY.43.1 OR AY.43.2 OR AY.43.3 OR AY.43.4 OR AY.43.5 OR AY.43.6 OR AY.43.7 OR AY.43.8 OR AY.43.9 OR AY.44 OR AY.45 OR AY.46 OR AY.46.1 OR AY.46.2 OR AY.46.3 OR AY.46.4 OR AY.46.5 OR AY.46.6 OR AY.46.6.1 OR AY.47 OR AY.48 OR AY.49 OR AY.50 OR AY.51 OR AY.52 OR AY.53 OR AY.54 OR AY.55 OR AY.56 OR AY.57 OR AY.58 OR AY.59 OR AY.60 OR AY.61 OR AY.62 OR AY.63 OR AY.64 OR AY.65 OR AY.66 OR AY.67 OR AY.68 OR AY.69 OR AY.70 OR AY.71 OR AY.72 OR AY.73 OR AY.74 OR AY.75 OR AY.75.1 OR AY.75.2 OR AY.75.3 OR AY.76 OR AY.77 OR AY.78 OR AY.79 OR AY.80 OR AY.81 OR AY.82 OR AY.83 OR AY.84 OR AY.85 OR AY.86 OR AY.87 OR AY.88 OR AY.89 OR AY.90 OR AY.91 OR AY.91.1 OR AY.92 OR AY.93 OR AY.94 OR AY.95 OR AY.96 OR AY.97 OR AY.98 OR AY.98.1 OR AY.98.1.1 OR AY.99 OR AY.99.1 OR AY.99.2 OR AY.100 OR AY.101 OR AY.102 OR AY.102.1 OR AY.102.2 OR AY.103 OR AY.103.1 OR AY.103.2 OR AY.104 OR AY.105 OR AY.106 OR AY.107 OR AY.108 OR AY.109 OR AY.110 OR AY.111 OR AY.112 OR AY.112.1 OR AY.112.2 OR AY.112.3 OR AY.113 OR AY.114 OR AY.115 OR AY.116 OR AY.116.1 OR AY.117 OR AY.118 OR AY.119 OR AY.119.1 OR AY.119.2 OR AY.120 OR AY.120.1 OR AY.120.2 OR AY.120.2.1 OR AY.121 OR AY.121.1 OR AY.122 OR AY.122.1 OR AY.122.2 OR AY.122.3 OR AY.122.4 OR AY.122.5 OR AY.122.6 OR AY.123 OR AY.123.1 OR AY.124 OR AY.124.1 OR AY.124.1.1 OR AY.125 OR AY.125.1 OR AY.126 OR AY.127 OR AY.127.1 OR AY.127.2 OR AY.127.3 OR AY.128 OR AY.129 OR AY.130 OR AY.131 OR AY.132 OR AY.133 OR AY.134 OR B.1.617.2,Delta,14.1428571428571,11.7142857142857,0.828282828282828
2021-07-22,22,22,16.4285714285714,14.7142857142857,0.895652173913044,0.743078570114226,0.993171277944113,AY.1 OR AY.2 OR AY.3 OR AY.3.1 OR AY.3.2 OR AY.3.3 OR AY.3.4 OR AY.4 OR AY.4.1 OR AY.4.2 OR AY.4.2.1 OR AY.4.2.2 OR AY.4.2.3 OR AY.4.2.4 OR AY.4.2.5 OR AY.4.3 OR AY.4.4 OR AY.4.5 OR AY.4.6 OR AY.4.7 OR AY.4.8 OR AY.4.9 OR AY.4.10 OR AY.4.11 OR AY.4.12 OR AY.4.13 OR AY.4.14 OR AY.4.15 OR AY.4.16 OR AY.4.17 OR AY.5 OR AY.5.1 OR AY.5.2 OR AY.5.3 OR AY.5.4 OR AY.5.5 OR AY.5.6 OR AY.5.7 OR AY.6 OR AY.7 OR AY.7.1 OR AY.7.2 OR AY.8 OR AY.9 OR AY.9.1 OR AY.9.2 OR AY.9.2.1 OR AY.9.2.2 OR AY.10 OR AY.11 OR AY.12 OR AY.13 OR AY.14 OR AY.15 OR AY.16 OR AY.16.1 OR AY.17 OR AY.18 OR AY.19 OR AY.20 OR AY.20.1 OR AY.21 OR AY.22 OR AY.23 OR AY.23.1 OR AY.23.2 OR AY.24 OR AY.24.1 OR AY.25 OR AY.25.1 OR AY.25.1.1 OR AY.25.1.2 OR AY.25.2 OR AY.25.3 OR AY.26 OR AY.26.1 OR AY.27 OR AY.28 OR AY.29 OR AY.29.1 OR AY.29.2 OR AY.30 OR AY.31 OR AY.32 OR AY.33 OR AY.33.1 OR AY.33.2 OR AY.34 OR AY.34.1 OR AY.34.1.1 OR AY.34.2 OR AY.35 OR AY.36 OR AY.36.1 OR AY.37 OR AY.38 OR AY.39 OR AY.39.1 OR AY.39.1.1 OR AY.39.1.2 OR AY.39.1.3 OR AY.39.1.4 OR AY.39.2 OR AY.39.3 OR AY.39.4 OR AY.40 OR AY.41 OR AY.42 OR AY.42.1 OR AY.43 OR AY.43.1 OR AY.43.2 OR AY.43.3 OR AY.43.4 OR AY.43.5 OR AY.43.6 OR AY.43.7 OR AY.43.8 OR AY.43.9 OR AY.44 OR AY.45 OR AY.46 OR AY.46.1 OR AY.46.2 OR AY.46.3 OR AY.46.4 OR AY.46.5 OR AY.46.6 OR AY.46.6.1 OR AY.47 OR AY.48 OR AY.49 OR AY.50 OR AY.51 OR AY.52 OR AY.53 OR AY.54 OR AY.55 OR AY.56 OR AY.57 OR AY.58 OR AY.59 OR AY.60 OR AY.61 OR AY.62 OR AY.63 OR AY.64 OR AY.65 OR AY.66 OR AY.67 OR AY.68 OR AY.69 OR AY.70 OR AY.71 OR AY.72 OR AY.73 OR AY.74 OR AY.75 OR AY.75.1 OR AY.75.2 OR AY.75.3 OR AY.76 OR AY.77 OR AY.78 OR AY.79 OR AY.80 OR AY.81 OR AY.82 OR AY.83 OR AY.84 OR AY.85 OR AY.86 OR AY.87 OR AY.88 OR AY.89 OR AY.90 OR AY.91 OR AY.91.1 OR AY.92 OR AY.93 OR AY.94 OR AY.95 OR AY.96 OR AY.97 OR AY.98 OR AY.98.1 OR AY.98.1.1 OR AY.99 OR AY.99.1 OR AY.99.2 OR AY.100 OR AY.101 OR AY.102 OR AY.102.1 OR AY.102.2 OR AY.103 OR AY.103.1 OR AY.103.2 OR AY.104 OR AY.105 OR AY.106 OR AY.107 OR AY.108 OR AY.109 OR AY.110 OR AY.111 OR AY.112 OR AY.112.1 OR AY.112.2 OR AY.112.3 OR AY.113 OR AY.114 OR AY.115 OR AY.116 OR AY.116.1 OR AY.117 OR AY.118 OR AY.119 OR AY.119.1 OR AY.119.2 OR AY.120 OR AY.120.1 OR AY.120.2 OR AY.120.2.1 OR AY.121 OR AY.121.1 OR AY.122 OR AY.122.1 OR AY.122.2 OR AY.122.3 OR AY.122.4 OR AY.122.5 OR AY.122.6 OR AY.123 OR AY.123.1 OR AY.124 OR AY.124.1 OR AY.124.1.1 OR AY.125 OR AY.125.1 OR AY.126 OR AY.127 OR AY.127.1 OR AY.127.2 OR AY.127.3 OR AY.128 OR AY.129 OR AY.130 OR AY.131 OR AY.132 OR AY.133 OR AY.134 OR B.1.617.2,Delta,15.0714285714286,12.8571428571429,0.853080568720379
2021-07-23,30,29,19,17.2857142857143,0.909774436090225,0.703117758188565,0.977468047668198,AY.1 OR AY.2 OR AY.3 OR AY.3.1 OR AY.3.2 OR AY.3.3 OR AY.3.4 OR AY.4 OR AY.4.1 OR AY.4.2 OR AY.4.2.1 OR AY.4.2.2 OR AY.4.2.3 OR AY.4.2.4 OR AY.4.2.5 OR AY.4.3 OR AY.4.4 OR AY.4.5 OR AY.4.6 OR AY.4.7 OR AY.4.8 OR AY.4.9 OR AY.4.10 OR AY.4.11 OR AY.4.12 OR AY.4.13 OR AY.4.14 OR AY.4.15 OR AY.4.16 OR AY.4.17 OR AY.5 OR AY.5.1 OR AY.5.2 OR AY.5.3 OR AY.5.4 OR AY.5.5 OR AY.5.6 OR AY.5.7 OR AY.6 OR AY.7 OR AY.7.1 OR AY.7.2 OR AY.8 OR AY.9 OR AY.9.1 OR AY.9.2 OR AY.9.2.1 OR AY.9.2.2 OR AY.10 OR AY.11 OR AY.12 OR AY.13 OR AY.14 OR AY.15 OR AY.16 OR AY.16.1 OR AY.17 OR AY.18 OR AY.19 OR AY.20 OR AY.20.1 OR AY.21 OR AY.22 OR AY.23 OR AY.23.1 OR AY.23.2 OR AY.24 OR AY.24.1 OR AY.25 OR AY.25.1 OR AY.25.1.1 OR AY.25.1.2 OR AY.25.2 OR AY.25.3 OR AY.26 OR AY.26.1 OR AY.27 OR AY.28 OR AY.29 OR AY.29.1 OR AY.29.2 OR AY.30 OR AY.31 OR AY.32 OR AY.33 OR AY.33.1 OR AY.33.2 OR AY.34 OR AY.34.1 OR AY.34.1.1 OR AY.34.2 OR AY.35 OR AY.36 OR AY.36.1 OR AY.37 OR AY.38 OR AY.39 OR AY.39.1 OR AY.39.1.1 OR AY.39.1.2 OR AY.39.1.3 OR AY.39.1.4 OR AY.39.2 OR AY.39.3 OR AY.39.4 OR AY.40 OR AY.41 OR AY.42 OR AY.42.1 OR AY.43 OR AY.43.1 OR AY.43.2 OR AY.43.3 OR AY.43.4 OR AY.43.5 OR AY.43.6 OR AY.43.7 OR AY.43.8 OR AY.43.9 OR AY.44 OR AY.45 OR AY.46 OR AY.46.1 OR AY.46.2 OR AY.46.3 OR AY.46.4 OR AY.46.5 OR AY.46.6 OR AY.46.6.1 OR AY.47 OR AY.48 OR AY.49 OR AY.50 OR AY.51 OR AY.52 OR AY.53 OR AY.54 OR AY.55 OR AY.56 OR AY.57 OR AY.58 OR AY.59 OR AY.60 OR AY.61 OR AY.62 OR AY.63 OR AY.64 OR AY.65 OR AY.66 OR AY.67 OR AY.68 OR AY.69 OR AY.70 OR AY.71 OR AY.72 OR AY.73 OR AY.74 OR AY.75 OR AY.75.1 OR AY.75.2 OR AY.75.3 OR AY.76 OR AY.77 OR AY.78 OR AY.79 OR AY.80 OR AY.81 OR AY.82 OR AY.83 OR AY.84 OR AY.85 OR AY.86 OR AY.87 OR AY.88 OR AY.89 OR AY.90 OR AY.91 OR AY.91.1 OR AY.92 OR AY.93 OR AY.94 OR AY.95 OR AY.96 OR AY.97 OR AY.98 OR AY.98.1 OR AY.98.1.1 OR AY.99 OR AY.99.1 OR AY.99.2 OR AY.100 OR AY.101 OR AY.102 OR AY.102.1 OR AY.102.2 OR AY.103 OR AY.103.1 OR AY.103.2 OR AY.104 OR AY.105 OR AY.106 OR AY.107 OR AY.108 OR AY.109 OR AY.110 OR AY.111 OR AY.112 OR AY.112.1 OR AY.112.2 OR AY.112.3 OR AY.113 OR AY.114 OR AY.115 OR AY.116 OR AY.116.1 OR AY.117 OR AY.118 OR AY.119 OR AY.119.1 OR AY.119.2 OR AY.120 OR AY.120.1 OR AY.120.2 OR AY.120.2.1 OR AY.121 OR AY.121.1 OR AY.122 OR AY.122.1 OR AY.122.2 OR AY.122.3 OR AY.122.4 OR AY.122.5 OR AY.122.6 OR AY.123 OR AY.123.1 OR AY.124 OR AY.124.1 OR AY.124.1.1 OR AY.125 OR AY.125.1 OR AY.126 OR AY.127 OR AY.127.1 OR AY.127.2 OR AY.127.3 OR AY.128 OR AY.129 OR AY.130 OR AY.131 OR AY.132 OR AY.133 OR AY.134 OR B.1.617.2,Delta,16.7857142857143,14.6428571428571,0.872340425531915
2021-07-24,16,15,19.8571428571429,18,0.906474820143885,0.716146742695748,0.978627511977525,AY.1 OR AY.2 OR AY.3 OR AY.3.1 OR AY.3.2 OR AY.3.3 OR AY.3.4 OR AY.4 OR AY.4.1 OR AY.4.2 OR AY.4.2.1 OR AY.4.2.2 OR AY.4.2.3 OR AY.4.2.4 OR AY.4.2.5 OR AY.4.3 OR AY.4.4 OR AY.4.5 OR AY.4.6 OR AY.4.7 OR AY.4.8 OR AY.4.9 OR AY.4.10 OR AY.4.11 OR AY.4.12 OR AY.4.13 OR AY.4.14 OR AY.4.15 OR AY.4.16 OR AY.4.17 OR AY.5 OR AY.5.1 OR AY.5.2 OR AY.5.3 OR AY.5.4 OR AY.5.5 OR AY.5.6 OR AY.5.7 OR AY.6 OR AY.7 OR AY.7.1 OR AY.7.2 OR AY.8 OR AY.9 OR AY.9.1 OR AY.9.2 OR AY.9.2.1 OR AY.9.2.2 OR AY.10 OR AY.11 OR AY.12 OR AY.13 OR AY.14 OR AY.15 OR AY.16 OR AY.16.1 OR AY.17 OR AY.18 OR AY.19 OR AY.20 OR AY.20.1 OR AY.21 OR AY.22 OR AY.23 OR AY.23.1 OR AY.23.2 OR AY.24 OR AY.24.1 OR AY.25 OR AY.25.1 OR AY.25.1.1 OR AY.25.1.2 OR AY.25.2 OR AY.25.3 OR AY.26 OR AY.26.1 OR AY.27 OR AY.28 OR AY.29 OR AY.29.1 OR AY.29.2 OR AY.30 OR AY.31 OR AY.32 OR AY.33 OR AY.33.1 OR AY.33.2 OR AY.34 OR AY.34.1 OR AY.34.1.1 OR AY.34.2 OR AY.35 OR AY.36 OR AY.36.1 OR AY.37 OR AY.38 OR AY.39 OR AY.39.1 OR AY.39.1.1 OR AY.39.1.2 OR AY.39.1.3 OR AY.39.1.4 OR AY.39.2 OR AY.39.3 OR AY.39.4 OR AY.40 OR AY.41 OR AY.42 OR AY.42.1 OR AY.43 OR AY.43.1 OR AY.43.2 OR AY.43.3 OR AY.43.4 OR AY.43.5 OR AY.43.6 OR AY.43.7 OR AY.43.8 OR AY.43.9 OR AY.44 OR AY.45 OR AY.46 OR AY.46.1 OR AY.46.2 OR AY.46.3 OR AY.46.4 OR AY.46.5 OR AY.46.6 OR AY.46.6.1 OR AY.47 OR AY.48 OR AY.49 OR AY.50 OR AY.51 OR AY.52 OR AY.53 OR AY.54 OR AY.55 OR AY.56 OR AY.57 OR AY.58 OR AY.59 OR AY.60 OR AY.61 OR AY.62 OR AY.63 OR AY.64 OR AY.65 OR AY.66 OR AY.67 OR AY.68 OR AY.69 OR AY.70 OR AY.71 OR AY.72 OR AY.73 OR AY.74 OR AY.75 OR AY.75.1 OR AY.75.2 OR AY.75.3 OR AY.76 OR AY.77 OR AY.78 OR AY.79 OR AY.80 OR AY.81 OR AY.82 OR AY.83 OR AY.84 OR AY.85 OR AY.86 OR AY.87 OR AY.88 OR AY.89 OR AY.90 OR AY.91 OR AY.91.1 OR AY.92 OR AY.93 OR AY.94 OR AY.95 OR AY.96 OR AY.97 OR AY.98 OR AY.98.1 OR AY.98.1.1 OR AY.99 OR AY.99.1 OR AY.99.2 OR AY.100 OR AY.101 OR AY.102 OR AY.102.1 OR AY.102.2 OR AY.103 OR AY.103.1 OR AY.103.2 OR AY.104 OR AY.105 OR AY.106 OR AY.107 OR AY.108 OR AY.109 OR AY.110 OR AY.111 OR AY.112 OR AY.112.1 OR AY.112.2 OR AY.112.3 OR AY.113 OR AY.114 OR AY.115 OR AY.116 OR AY.116.1 OR AY.117 OR AY.118 OR AY.119 OR AY.119.1 OR AY.119.2 OR AY.120 OR AY.120.1 OR AY.120.2 OR AY.120.2.1 OR AY.121 OR AY.121.1 OR AY.122 OR AY.122.1 OR AY.122.2 OR AY.122.3 OR AY.122.4 OR AY.122.5 OR AY.122.6 OR AY.123 OR AY.123.1 OR AY.124 OR AY.124.1 OR AY.124.1.1 OR AY.125 OR AY.125.1 OR AY.126 OR AY.127 OR AY.127.1 OR AY.127.2 OR AY.127.3 OR AY.128 OR AY.129 OR AY.130 OR AY.131 OR AY.132 OR AY.133 OR AY.134 OR B.1.617.2,Delta,17.0714285714286,15.0714285714286,0.882845188284519
2021-07-25,14,12,20.2857142857143,18.4285714285714,0.908450704225352,0.716146742695748,0.978627511977525,AY.1 OR AY.2 OR AY.3 OR AY.3.1 OR AY.3.2 OR AY.3.3 OR AY.3.4 OR AY.4 OR AY.4.1 OR AY.4.2 OR AY.4.2.1 OR AY.4.2.2 OR AY.4.2.3 OR AY.4.2.4 OR AY.4.2.5 OR AY.4.3 OR AY.4.4 OR AY.4.5 OR AY.4.6 OR AY.4.7 OR AY.4.8 OR AY.4.9 OR AY.4.10 OR AY.4.11 OR AY.4.12 OR AY.4.13 OR AY.4.14 OR AY.4.15 OR AY.4.16 OR AY.4.17 OR AY.5 OR AY.5.1 OR AY.5.2 OR AY.5.3 OR AY.5.4 OR AY.5.5 OR AY.5.6 OR AY.5.7 OR AY.6 OR AY.7 OR AY.7.1 OR AY.7.2 OR AY.8 OR AY.9 OR AY.9.1 OR AY.9.2 OR AY.9.2.1 OR AY.9.2.2 OR AY.10 OR AY.11 OR AY.12 OR AY.13 OR AY.14 OR AY.15 OR AY.16 OR AY.16.1 OR AY.17 OR AY.18 OR AY.19 OR AY.20 OR AY.20.1 OR AY.21 OR AY.22 OR AY.23 OR AY.23.1 OR AY.23.2 OR AY.24 OR AY.24.1 OR AY.25 OR AY.25.1 OR AY.25.1.1 OR AY.25.1.2 OR AY.25.2 OR AY.25.3 OR AY.26 OR AY.26.1 OR AY.27 OR AY.28 OR AY.29 OR AY.29.1 OR AY.29.2 OR AY.30 OR AY.31 OR AY.32 OR AY.33 OR AY.33.1 OR AY.33.2 OR AY.34 OR AY.34.1 OR AY.34.1.1 OR AY.34.2 OR AY.35 OR AY.36 OR AY.36.1 OR AY.37 OR AY.38 OR AY.39 OR AY.39.1 OR AY.39.1.1 OR AY.39.1.2 OR AY.39.1.3 OR AY.39.1.4 OR AY.39.2 OR AY.39.3 OR AY.39.4 OR AY.40 OR AY.41 OR AY.42 OR AY.42.1 OR AY.43 OR AY.43.1 OR AY.43.2 OR AY.43.3 OR AY.43.4 OR AY.43.5 OR AY.43.6 OR AY.43.7 OR AY.43.8 OR AY.43.9 OR AY.44 OR AY.45 OR AY.46 OR AY.46.1 OR AY.46.2 OR AY.46.3 OR AY.46.4 OR AY.46.5 OR AY.46.6 OR AY.46.6.1 OR AY.47 OR AY.48 OR AY.49 OR AY.50 OR AY.51 OR AY.52 OR AY.53 OR AY.54 OR AY.55 OR AY.56 OR AY.57 OR AY.58 OR AY.59 OR AY.60 OR AY.61 OR AY.62 OR AY.63 OR AY.64 OR AY.65 OR AY.66 OR AY.67 OR AY.68 OR AY.69 OR AY.70 OR AY.71 OR AY.72 OR AY.73 OR AY.74 OR AY.75 OR AY.75.1 OR AY.75.2 OR AY.75.3 OR AY.76 OR AY.77 OR AY.78 OR AY.79 OR AY.80 OR AY.81 OR AY.82 OR AY.83 OR AY.84 OR AY.85 OR AY.86 OR AY.87 OR AY.88 OR AY.89 OR AY.90 OR AY.91 OR AY.91.1 OR AY.92 OR AY.93 OR AY.94 OR AY.95 OR AY.96 OR AY.97 OR AY.98 OR AY.98.1 OR AY.98.1.1 OR AY.99 OR AY.99.1 OR AY.99.2 OR AY.100 OR AY.101 OR AY.102 OR AY.102.1 OR AY.102.2 OR AY.103 OR AY.103.1 OR AY.103.2 OR AY.104 OR AY.105 OR AY.106 OR AY.107 OR AY.108 OR AY.109 OR AY.110 OR AY.111 OR AY.112 OR AY.112.1 OR AY.112.2 OR AY.112.3 OR AY.113 OR AY.114 OR AY.115 OR AY.116 OR AY.116.1 OR AY.117 OR AY.118 OR AY.119 OR AY.119.1 OR AY.119.2 OR AY.120 OR AY.120.1 OR AY.120.2 OR AY.120.2.1 OR AY.121 OR AY.121.1 OR AY.122 OR AY.122.1 OR AY.122.2 OR AY.122.3 OR AY.122.4 OR AY.122.5 OR AY.122.6 OR AY.123 OR AY.123.1 OR AY.124 OR AY.124.1 OR AY.124.1.1 OR AY.125 OR AY.125.1 OR AY.126 OR AY.127 OR AY.127.1 OR AY.127.2 OR AY.127.3 OR AY.128 OR AY.129 OR AY.130 OR AY.131 OR AY.132 OR AY.133 OR AY.134 OR B.1.617.2,Delta,17.7857142857143,15.6428571428571,0.879518072289157
2021-07-26,21,19,21.5714285714286,19.7142857142857,0.913907284768212,0.739074734747932,0.980621691004295,AY.1 OR AY.2 OR AY.3 OR AY.3.1 OR AY.3.2 OR AY.3.3 OR AY.3.4 OR AY.4 OR AY.4.1 OR AY.4.2 OR AY.4.2.1 OR AY.4.2.2 OR AY.4.2.3 OR AY.4.2.4 OR AY.4.2.5 OR AY.4.3 OR AY.4.4 OR AY.4.5 OR AY.4.6 OR AY.4.7 OR AY.4.8 OR AY.4.9 OR AY.4.10 OR AY.4.11 OR AY.4.12 OR AY.4.13 OR AY.4.14 OR AY.4.15 OR AY.4.16 OR AY.4.17 OR AY.5 OR AY.5.1 OR AY.5.2 OR AY.5.3 OR AY.5.4 OR AY.5.5 OR AY.5.6 OR AY.5.7 OR AY.6 OR AY.7 OR AY.7.1 OR AY.7.2 OR AY.8 OR AY.9 OR AY.9.1 OR AY.9.2 OR AY.9.2.1 OR AY.9.2.2 OR AY.10 OR AY.11 OR AY.12 OR AY.13 OR AY.14 OR AY.15 OR AY.16 OR AY.16.1 OR AY.17 OR AY.18 OR AY.19 OR AY.20 OR AY.20.1 OR AY.21 OR AY.22 OR AY.23 OR AY.23.1 OR AY.23.2 OR AY.24 OR AY.24.1 OR AY.25 OR AY.25.1 OR AY.25.1.1 OR AY.25.1.2 OR AY.25.2 OR AY.25.3 OR AY.26 OR AY.26.1 OR AY.27 OR AY.28 OR AY.29 OR AY.29.1 OR AY.29.2 OR AY.30 OR AY.31 OR AY.32 OR AY.33 OR AY.33.1 OR AY.33.2 OR AY.34 OR AY.34.1 OR AY.34.1.1 OR AY.34.2 OR AY.35 OR AY.36 OR AY.36.1 OR AY.37 OR AY.38 OR AY.39 OR AY.39.1 OR AY.39.1.1 OR AY.39.1.2 OR AY.39.1.3 OR AY.39.1.4 OR AY.39.2 OR AY.39.3 OR AY.39.4 OR AY.40 OR AY.41 OR AY.42 OR AY.42.1 OR AY.43 OR AY.43.1 OR AY.43.2 OR AY.43.3 OR AY.43.4 OR AY.43.5 OR AY.43.6 OR AY.43.7 OR AY.43.8 OR AY.43.9 OR AY.44 OR AY.45 OR AY.46 OR AY.46.1 OR AY.46.2 OR AY.46.3 OR AY.46.4 OR AY.46.5 OR AY.46.6 OR AY.46.6.1 OR AY.47 OR AY.48 OR AY.49 OR AY.50 OR AY.51 OR AY.52 OR AY.53 OR AY.54 OR AY.55 OR AY.56 OR AY.57 OR AY.58 OR AY.59 OR AY.60 OR AY.61 OR AY.62 OR AY.63 OR AY.64 OR AY.65 OR AY.66 OR AY.67 OR AY.68 OR AY.69 OR AY.70 OR AY.71 OR AY.72 OR AY.73 OR AY.74 OR AY.75 OR AY.75.1 OR AY.75.2 OR AY.75.3 OR AY.76 OR AY.77 OR AY.78 OR AY.79 OR AY.80 OR AY.81 OR AY.82 OR AY.83 OR AY.84 OR AY.85 OR AY.86 OR AY.87 OR AY.88 OR AY.89 OR AY.90 OR AY.91 OR AY.91.1 OR AY.92 OR AY.93 OR AY.94 OR AY.95 OR AY.96 OR AY.97 OR AY.98 OR AY.98.1 OR AY.98.1.1 OR AY.99 OR AY.99.1 OR AY.99.2 OR AY.100 OR AY.101 OR AY.102 OR AY.102.1 OR AY.102.2 OR AY.103 OR AY.103.1 OR AY.103.2 OR AY.104 OR AY.105 OR AY.106 OR AY.107 OR AY.108 OR AY.109 OR AY.110 OR AY.111 OR AY.112 OR AY.112.1 OR AY.112.2 OR AY.112.3 OR AY.113 OR AY.114 OR AY.115 OR AY.116 OR AY.116.1 OR AY.117 OR AY.118 OR AY.119 OR AY.119.1 OR AY.119.2 OR AY.120 OR AY.120.1 OR AY.120.2 OR AY.120.2.1 OR AY.121 OR AY.121.1 OR AY.122 OR AY.122.1 OR AY.122.2 OR AY.122.3 OR AY.122.4 OR AY.122.5 OR AY.122.6 OR AY.123 OR AY.123.1 OR AY.124 OR AY.124.1 OR AY.124.1.1 OR AY.125 OR AY.125.1 OR AY.126 OR AY.127 OR AY.127.1 OR AY.127.2 OR AY.127.3 OR AY.128 OR AY.129 OR AY.130 OR AY.131 OR AY.132 OR AY.133 OR AY.134 OR B.1.617.2,Delta,18.3571428571429,16.2142857142857,0.883268482490272
2021-07-27,30,28,22.4285714285714,21,0.936305732484076,0.80656263531669,0.995050906450814,AY.1 OR AY.2 OR AY.3 OR AY.3.1 OR AY.3.2 OR AY.3.3 OR AY.3.4 OR AY.4 OR AY.4.1 OR AY.4.2 OR AY.4.2.1 OR AY.4.2.2 OR AY.4.2.3 OR AY.4.2.4 OR AY.4.2.5 OR AY.4.3 OR AY.4.4 OR AY.4.5 OR AY.4.6 OR AY.4.7 OR AY.4.8 OR AY.4.9 OR AY.4.10 OR AY.4.11 OR AY.4.12 OR AY.4.13 OR AY.4.14 OR AY.4.15 OR AY.4.16 OR AY.4.17 OR AY.5 OR AY.5.1 OR AY.5.2 OR AY.5.3 OR AY.5.4 OR AY.5.5 OR AY.5.6 OR AY.5.7 OR AY.6 OR AY.7 OR AY.7.1 OR AY.7.2 OR AY.8 OR AY.9 OR AY.9.1 OR AY.9.2 OR AY.9.2.1 OR AY.9.2.2 OR AY.10 OR AY.11 OR AY.12 OR AY.13 OR AY.14 OR AY.15 OR AY.16 OR AY.16.1 OR AY.17 OR AY.18 OR AY.19 OR AY.20 OR AY.20.1 OR AY.21 OR AY.22 OR AY.23 OR AY.23.1 OR AY.23.2 OR AY.24 OR AY.24.1 OR AY.25 OR AY.25.1 OR AY.25.1.1 OR AY.25.1.2 OR AY.25.2 OR AY.25.3 OR AY.26 OR AY.26.1 OR AY.27 OR AY.28 OR AY.29 OR AY.29.1 OR AY.29.2 OR AY.30 OR AY.31 OR AY.32 OR AY.33 OR AY.33.1 OR AY.33.2 OR AY.34 OR AY.34.1 OR AY.34.1.1 OR AY.34.2 OR AY.35 OR AY.36 OR AY.36.1 OR AY.37 OR AY.38 OR AY.39 OR AY.39.1 OR AY.39.1.1 OR AY.39.1.2 OR AY.39.1.3 OR AY.39.1.4 OR AY.39.2 OR AY.39.3 OR AY.39.4 OR AY.40 OR AY.41 OR AY.42 OR AY.42.1 OR AY.43 OR AY.43.1 OR AY.43.2 OR AY.43.3 OR AY.43.4 OR AY.43.5 OR AY.43.6 OR AY.43.7 OR AY.43.8 OR AY.43.9 OR AY.44 OR AY.45 OR AY.46 OR AY.46.1 OR AY.46.2 OR AY.46.3 OR AY.46.4 OR AY.46.5 OR AY.46.6 OR AY.46.6.1 OR AY.47 OR AY.48 OR AY.49 OR AY.50 OR AY.51 OR AY.52 OR AY.53 OR AY.54 OR AY.55 OR AY.56 OR AY.57 OR AY.58 OR AY.59 OR AY.60 OR AY.61 OR AY.62 OR AY.63 OR AY.64 OR AY.65 OR AY.66 OR AY.67 OR AY.68 OR AY.69 OR AY.70 OR AY.71 OR AY.72 OR AY.73 OR AY.74 OR AY.75 OR AY.75.1 OR AY.75.2 OR AY.75.3 OR AY.76 OR AY.77 OR AY.78 OR AY.79 OR AY.80 OR AY.81 OR AY.82 OR AY.83 OR AY.84 OR AY.85 OR AY.86 OR AY.87 OR AY.88 OR AY.89 OR AY.90 OR AY.91 OR AY.91.1 OR AY.92 OR AY.93 OR AY.94 OR AY.95 OR AY.96 OR AY.97 OR AY.98 OR AY.98.1 OR AY.98.1.1 OR AY.99 OR AY.99.1 OR AY.99.2 OR AY.100 OR AY.101 OR AY.102 OR AY.102.1 OR AY.102.2 OR AY.103 OR AY.103.1 OR AY.103.2 OR AY.104 OR AY.105 OR AY.106 OR AY.107 OR AY.108 OR AY.109 OR AY.110 OR AY.111 OR AY.112 OR AY.112.1 OR AY.112.2 OR AY.112.3 OR AY.113 OR AY.114 OR AY.115 OR AY.116 OR AY.116.1 OR AY.117 OR AY.118 OR AY.119 OR AY.119.1 OR AY.119.2 OR AY.120 OR AY.120.1 OR AY.120.2 OR AY.120.2.1 OR AY.121 OR AY.121.1 OR AY.122 OR AY.122.1 OR AY.122.2 OR AY.122.3 OR AY.122.4 OR AY.122.5 OR AY.122.6 OR AY.123 OR AY.123.1 OR AY.124 OR AY.124.1 OR AY.124.1.1 OR AY.125 OR AY.125.1 OR AY.126 OR AY.127 OR AY.127.1 OR AY.127.2 OR AY.127.3 OR AY.128 OR AY.129 OR AY.130 OR AY.131 OR AY.132 OR AY.133 OR AY.134 OR B.1.617.2,Delta,18.3571428571429,16.6428571428571,0.906614785992218
2021-07-28,40,38,24.7142857142857,23.2857142857143,0.942196531791907,0.767308124803113,0.983000626766837,AY.1 OR AY.2 OR AY.3 OR AY.3.1 OR AY.3.2 OR AY.3.3 OR AY.3.4 OR AY.4 OR AY.4.1 OR AY.4.2 OR AY.4.2.1 OR AY.4.2.2 OR AY.4.2.3 OR AY.4.2.4 OR AY.4.2.5 OR AY.4.3 OR AY.4.4 OR AY.4.5 OR AY.4.6 OR AY.4.7 OR AY.4.8 OR AY.4.9 OR AY.4.10 OR AY.4.11 OR AY.4.12 OR AY.4.13 OR AY.4.14 OR AY.4.15 OR AY.4.16 OR AY.4.17 OR AY.5 OR AY.5.1 OR AY.5.2 OR AY.5.3 OR AY.5.4 OR AY.5.5 OR AY.5.6 OR AY.5.7 OR AY.6 OR AY.7 OR AY.7.1 OR AY.7.2 OR AY.8 OR AY.9 OR AY.9.1 OR AY.9.2 OR AY.9.2.1 OR AY.9.2.2 OR AY.10 OR AY.11 OR AY.12 OR AY.13 OR AY.14 OR AY.15 OR AY.16 OR AY.16.1 OR AY.17 OR AY.18 OR AY.19 OR AY.20 OR AY.20.1 OR AY.21 OR AY.22 OR AY.23 OR AY.23.1 OR AY.23.2 OR AY.24 OR AY.24.1 OR AY.25 OR AY.25.1 OR AY.25.1.1 OR AY.25.1.2 OR AY.25.2 OR AY.25.3 OR AY.26 OR AY.26.1 OR AY.27 OR AY.28 OR AY.29 OR AY.29.1 OR AY.29.2 OR AY.30 OR AY.31 OR AY.32 OR AY.33 OR AY.33.1 OR AY.33.2 OR AY.34 OR AY.34.1 OR AY.34.1.1 OR AY.34.2 OR AY.35 OR AY.36 OR AY.36.1 OR AY.37 OR AY.38 OR AY.39 OR AY.39.1 OR AY.39.1.1 OR AY.39.1.2 OR AY.39.1.3 OR AY.39.1.4 OR AY.39.2 OR AY.39.3 OR AY.39.4 OR AY.40 OR AY.41 OR AY.42 OR AY.42.1 OR AY.43 OR AY.43.1 OR AY.43.2 OR AY.43.3 OR AY.43.4 OR AY.43.5 OR AY.43.6 OR AY.43.7 OR AY.43.8 OR AY.43.9 OR AY.44 OR AY.45 OR AY.46 OR AY.46.1 OR AY.46.2 OR AY.46.3 OR AY.46.4 OR AY.46.5 OR AY.46.6 OR AY.46.6.1 OR AY.47 OR AY.48 OR AY.49 OR AY.50 OR AY.51 OR AY.52 OR AY.53 OR AY.54 OR AY.55 OR AY.56 OR AY.57 OR AY.58 OR AY.59 OR AY.60 OR AY.61 OR AY.62 OR AY.63 OR AY.64 OR AY.65 OR AY.66 OR AY.67 OR AY.68 OR AY.69 OR AY.70 OR AY.71 OR AY.72 OR AY.73 OR AY.74 OR AY.75 OR AY.75.1 OR AY.75.2 OR AY.75.3 OR AY.76 OR AY.77 OR AY.78 OR AY.79 OR AY.80 OR AY.81 OR AY.82 OR AY.83 OR AY.84 OR AY.85 OR AY.86 OR AY.87 OR AY.88 OR AY.89 OR AY.90 OR AY.91 OR AY.91.1 OR AY.92 OR AY.93 OR AY.94 OR AY.95 OR AY.96 OR AY.97 OR AY.98 OR AY.98.1 OR AY.98.1.1 OR AY.99 OR AY.99.1 OR AY.99.2 OR AY.100 OR AY.101 OR AY.102 OR AY.102.1 OR AY.102.2 OR AY.103 OR AY.103.1 OR AY.103.2 OR AY.104 OR AY.105 OR AY.106 OR AY.107 OR AY.108 OR AY.109 OR AY.110 OR AY.111 OR AY.112 OR AY.112.1 OR AY.112.2 OR AY.112.3 OR AY.113 OR AY.114 OR AY.115 OR AY.116 OR AY.116.1 OR AY.117 OR AY.118 OR AY.119 OR AY.119.1 OR AY.119.2 OR AY.120 OR AY.120.1 OR AY.120.2 OR AY.120.2.1 OR AY.121 OR AY.121.1 OR AY.122 OR AY.122.1 OR AY.122.2 OR AY.122.3 OR AY.122.4 OR AY.122.5 OR AY.122.6 OR AY.123 OR AY.123.1 OR AY.124 OR AY.124.1 OR AY.124.1.1 OR AY.125 OR AY.125.1 OR AY.126 OR AY.127 OR AY.127.1 OR AY.127.2 OR AY.127.3 OR AY.128 OR AY.129 OR AY.130 OR AY.131 OR AY.132 OR AY.133 OR AY.134 OR B.1.617.2,Delta,20.0714285714286,18.3571428571429,0.914590747330961
2021-07-29,29,27,25.7142857142857,24,0.933333333333333,0.775415535305209,0.983668864752828,AY.1 OR AY.2 OR AY.3 OR AY.3.1 OR AY.3.2 OR AY.3.3 OR AY.3.4 OR AY.4 OR AY.4.1 OR AY.4.2 OR AY.4.2.1 OR AY.4.2.2 OR AY.4.2.3 OR AY.4.2.4 OR AY.4.2.5 OR AY.4.3 OR AY.4.4 OR AY.4.5 OR AY.4.6 OR AY.4.7 OR AY.4.8 OR AY.4.9 OR AY.4.10 OR AY.4.11 OR AY.4.12 OR AY.4.13 OR AY.4.14 OR AY.4.15 OR AY.4.16 OR AY.4.17 OR AY.5 OR AY.5.1 OR AY.5.2 OR AY.5.3 OR AY.5.4 OR AY.5.5 OR AY.5.6 OR AY.5.7 OR AY.6 OR AY.7 OR AY.7.1 OR AY.7.2 OR AY.8 OR AY.9 OR AY.9.1 OR AY.9.2 OR AY.9.2.1 OR AY.9.2.2 OR AY.10 OR AY.11 OR AY.12 OR AY.13 OR AY.14 OR AY.15 OR AY.16 OR AY.16.1 OR AY.17 OR AY.18 OR AY.19 OR AY.20 OR AY.20.1 OR AY.21 OR AY.22 OR AY.23 OR AY.23.1 OR AY.23.2 OR AY.24 OR AY.24.1 OR AY.25 OR AY.25.1 OR AY.25.1.1 OR AY.25.1.2 OR AY.25.2 OR AY.25.3 OR AY.26 OR AY.26.1 OR AY.27 OR AY.28 OR AY.29 OR AY.29.1 OR AY.29.2 OR AY.30 OR AY.31 OR AY.32 OR AY.33 OR AY.33.1 OR AY.33.2 OR AY.34 OR AY.34.1 OR AY.34.1.1 OR AY.34.2 OR AY.35 OR AY.36 OR AY.36.1 OR AY.37 OR AY.38 OR AY.39 OR AY.39.1 OR AY.39.1.1 OR AY.39.1.2 OR AY.39.1.3 OR AY.39.1.4 OR AY.39.2 OR AY.39.3 OR AY.39.4 OR AY.40 OR AY.41 OR AY.42 OR AY.42.1 OR AY.43 OR AY.43.1 OR AY.43.2 OR AY.43.3 OR AY.43.4 OR AY.43.5 OR AY.43.6 OR AY.43.7 OR AY.43.8 OR AY.43.9 OR AY.44 OR AY.45 OR AY.46 OR AY.46.1 OR AY.46.2 OR AY.46.3 OR AY.46.4 OR AY.46.5 OR AY.46.6 OR AY.46.6.1 OR AY.47 OR AY.48 OR AY.49 OR AY.50 OR AY.51 OR AY.52 OR AY.53 OR AY.54 OR AY.55 OR AY.56 OR AY.57 OR AY.58 OR AY.59 OR AY.60 OR AY.61 OR AY.62 OR AY.63 OR AY.64 OR AY.65 OR AY.66 OR AY.67 OR AY.68 OR AY.69 OR AY.70 OR AY.71 OR AY.72 OR AY.73 OR AY.74 OR AY.75 OR AY.75.1 OR AY.75.2 OR AY.75.3 OR AY.76 OR AY.77 OR AY.78 OR AY.79 OR AY.80 OR AY.81 OR AY.82 OR AY.83 OR AY.84 OR AY.85 OR AY.86 OR AY.87 OR AY.88 OR AY.89 OR AY.90 OR AY.91 OR AY.91.1 OR AY.92 OR AY.93 OR AY.94 OR AY.95 OR AY.96 OR AY.97 OR AY.98 OR AY.98.1 OR AY.98.1.1 OR AY.99 OR AY.99.1 OR AY.99.2 OR AY.100 OR AY.101 OR AY.102 OR AY.102.1 OR AY.102.2 OR AY.103 OR AY.103.1 OR AY.103.2 OR AY.104 OR AY.105 OR AY.106 OR AY.107 OR AY.108 OR AY.109 OR AY.110 OR AY.111 OR AY.112 OR AY.112.1 OR AY.112.2 OR AY.112.3 OR AY.113 OR AY.114 OR AY.115 OR AY.116 OR AY.116.1 OR AY.117 OR AY.118 OR AY.119 OR AY.119.1 OR AY.119.2 OR AY.120 OR AY.120.1 OR AY.120.2 OR AY.120.2.1 OR AY.121 OR AY.121.1 OR AY.122 OR AY.122.1 OR AY.122.2 OR AY.122.3 OR AY.122.4 OR AY.122.5 OR AY.122.6 OR AY.123 OR AY.123.1 OR AY.124 OR AY.124.1 OR AY.124.1.1 OR AY.125 OR AY.125.1 OR AY.126 OR AY.127 OR AY.127.1 OR AY.127.2 OR AY.127.3 OR AY.128 OR AY.129 OR AY.130 OR AY.131 OR AY.132 OR AY.133 OR AY.134 OR B.1.617.2,Delta,21.0714285714286,19.3571428571429,0.91864406779661
2021-07-30,28,21,25.4285714285714,22.8571428571429,0.898876404494382,0.767308124803113,0.983000626766837,AY.1 OR AY.2 OR AY.3 OR AY.3.1 OR AY.3.2 OR AY.3.3 OR AY.3.4 OR AY.4 OR AY.4.1 OR AY.4.2 OR AY.4.2.1 OR AY.4.2.2 OR AY.4.2.3 OR AY.4.2.4 OR AY.4.2.5 OR AY.4.3 OR AY.4.4 OR AY.4.5 OR AY.4.6 OR AY.4.7 OR AY.4.8 OR AY.4.9 OR AY.4.10 OR AY.4.11 OR AY.4.12 OR AY.4.13 OR AY.4.14 OR AY.4.15 OR AY.4.16 OR AY.4.17 OR AY.5 OR AY.5.1 OR AY.5.2 OR AY.5.3 OR AY.5.4 OR AY.5.5 OR AY.5.6 OR AY.5.7 OR AY.6 OR AY.7 OR AY.7.1 OR AY.7.2 OR AY.8 OR AY.9 OR AY.9.1 OR AY.9.2 OR AY.9.2.1 OR AY.9.2.2 OR AY.10 OR AY.11 OR AY.12 OR AY.13 OR AY.14 OR AY.15 OR AY.16 OR AY.16.1 OR AY.17 OR AY.18 OR AY.19 OR AY.20 OR AY.20.1 OR AY.21 OR AY.22 OR AY.23 OR AY.23.1 OR AY.23.2 OR AY.24 OR AY.24.1 OR AY.25 OR AY.25.1 OR AY.25.1.1 OR AY.25.1.2 OR AY.25.2 OR AY.25.3 OR AY.26 OR AY.26.1 OR AY.27 OR AY.28 OR AY.29 OR AY.29.1 OR AY.29.2 OR AY.30 OR AY.31 OR AY.32 OR AY.33 OR AY.33.1 OR AY.33.2 OR AY.34 OR AY.34.1 OR AY.34.1.1 OR AY.34.2 OR AY.35 OR AY.36 OR AY.36.1 OR AY.37 OR AY.38 OR AY.39 OR AY.39.1 OR AY.39.1.1 OR AY.39.1.2 OR AY.39.1.3 OR AY.39.1.4 OR AY.39.2 OR AY.39.3 OR AY.39.4 OR AY.40 OR AY.41 OR AY.42 OR AY.42.1 OR AY.43 OR AY.43.1 OR AY.43.2 OR AY.43.3 OR AY.43.4 OR AY.43.5 OR AY.43.6 OR AY.43.7 OR AY.43.8 OR AY.43.9 OR AY.44 OR AY.45 OR AY.46 OR AY.46.1 OR AY.46.2 OR AY.46.3 OR AY.46.4 OR AY.46.5 OR AY.46.6 OR AY.46.6.1 OR AY.47 OR AY.48 OR AY.49 OR AY.50 OR AY.51 OR AY.52 OR AY.53 OR AY.54 OR AY.55 OR AY.56 OR AY.57 OR AY.58 OR AY.59 OR AY.60 OR AY.61 OR AY.62 OR AY.63 OR AY.64 OR AY.65 OR AY.66 OR AY.67 OR AY.68 OR AY.69 OR AY.70 OR AY.71 OR AY.72 OR AY.73 OR AY.74 OR AY.75 OR AY.75.1 OR AY.75.2 OR AY.75.3 OR AY.76 OR AY.77 OR AY.78 OR AY.79 OR AY.80 OR AY.81 OR AY.82 OR AY.83 OR AY.84 OR AY.85 OR AY.86 OR AY.87 OR AY.88 OR AY.89 OR AY.90 OR AY.91 OR AY.91.1 OR AY.92 OR AY.93 OR AY.94 OR AY.95 OR AY.96 OR AY.97 OR AY.98 OR AY.98.1 OR AY.98.1.1 OR AY.99 OR AY.99.1 OR AY.99.2 OR AY.100 OR AY.101 OR AY.102 OR AY.102.1 OR AY.102.2 OR AY.103 OR AY.103.1 OR AY.103.2 OR AY.104 OR AY.105 OR AY.106 OR AY.107 OR AY.108 OR AY.109 OR AY.110 OR AY.111 OR AY.112 OR AY.112.1 OR AY.112.2 OR AY.112.3 OR AY.113 OR AY.114 OR AY.115 OR AY.116 OR AY.116.1 OR AY.117 OR AY.118 OR AY.119 OR AY.119.1 OR AY.119.2 OR AY.120 OR AY.120.1 OR AY.120.2 OR AY.120.2.1 OR AY.121 OR AY.121.1 OR AY.122 OR AY.122.1 OR AY.122.2 OR AY.122.3 OR AY.122.4 OR AY.122.5 OR AY.122.6 OR AY.123 OR AY.123.1 OR AY.124 OR AY.124.1 OR AY.124.1.1 OR AY.125 OR AY.125.1 OR AY.126 OR AY.127 OR AY.127.1 OR AY.127.2 OR AY.127.3 OR AY.128 OR AY.129 OR AY.130 OR AY.131 OR AY.132 OR AY.133 OR AY.134 OR B.1.617.2,Delta,22.2142857142857,20.0714285714286,0.903536977491962
2021-07-31,18,18,25.7142857142857,23.2857142857143,0.905555555555555,0.723119993690749,0.966407341773952,AY.1 OR AY.2 OR AY.3 OR AY.3.1 OR AY.3.2 OR AY.3.3 OR AY.3.4 OR AY.4 OR AY.4.1 OR AY.4.2 OR AY.4.2.1 OR AY.4.2.2 OR AY.4.2.3 OR AY.4.2.4 OR AY.4.2.5 OR AY.4.3 OR AY.4.4 OR AY.4.5 OR AY.4.6 OR AY.4.7 OR AY.4.8 OR AY.4.9 OR AY.4.10 OR AY.4.11 OR AY.4.12 OR AY.4.13 OR AY.4.14 OR AY.4.15 OR AY.4.16 OR AY.4.17 OR AY.5 OR AY.5.1 OR AY.5.2 OR AY.5.3 OR AY.5.4 OR AY.5.5 OR AY.5.6 OR AY.5.7 OR AY.6 OR AY.7 OR AY.7.1 OR AY.7.2 OR AY.8 OR AY.9 OR AY.9.1 OR AY.9.2 OR AY.9.2.1 OR AY.9.2.2 OR AY.10 OR AY.11 OR AY.12 OR AY.13 OR AY.14 OR AY.15 OR AY.16 OR AY.16.1 OR AY.17 OR AY.18 OR AY.19 OR AY.20 OR AY.20.1 OR AY.21 OR AY.22 OR AY.23 OR AY.23.1 OR AY.23.2 OR AY.24 OR AY.24.1 OR AY.25 OR AY.25.1 OR AY.25.1.1 OR AY.25.1.2 OR AY.25.2 OR AY.25.3 OR AY.26 OR AY.26.1 OR AY.27 OR AY.28 OR AY.29 OR AY.29.1 OR AY.29.2 OR AY.30 OR AY.31 OR AY.32 OR AY.33 OR AY.33.1 OR AY.33.2 OR AY.34 OR AY.34.1 OR AY.34.1.1 OR AY.34.2 OR AY.35 OR AY.36 OR AY.36.1 OR AY.37 OR AY.38 OR AY.39 OR AY.39.1 OR AY.39.1.1 OR AY.39.1.2 OR AY.39.1.3 OR AY.39.1.4 OR AY.39.2 OR AY.39.3 OR AY.39.4 OR AY.40 OR AY.41 OR AY.42 OR AY.42.1 OR AY.43 OR AY.43.1 OR AY.43.2 OR AY.43.3 OR AY.43.4 OR AY.43.5 OR AY.43.6 OR AY.43.7 OR AY.43.8 OR AY.43.9 OR AY.44 OR AY.45 OR AY.46 OR AY.46.1 OR AY.46.2 OR AY.46.3 OR AY.46.4 OR AY.46.5 OR AY.46.6 OR AY.46.6.1 OR AY.47 OR AY.48 OR AY.49 OR AY.50 OR AY.51 OR AY.52 OR AY.53 OR AY.54 OR AY.55 OR AY.56 OR AY.57 OR AY.58 OR AY.59 OR AY.60 OR AY.61 OR AY.62 OR AY.63 OR AY.64 OR AY.65 OR AY.66 OR AY.67 OR AY.68 OR AY.69 OR AY.70 OR AY.71 OR AY.72 OR AY.73 OR AY.74 OR AY.75 OR AY.75.1 OR AY.75.2 OR AY.75.3 OR AY.76 OR AY.77 OR AY.78 OR AY.79 OR AY.80 OR AY.81 OR AY.82 OR AY.83 OR AY.84 OR AY.85 OR AY.86 OR AY.87 OR AY.88 OR AY.89 OR AY.90 OR AY.91 OR AY.91.1 OR AY.92 OR AY.93 OR AY.94 OR AY.95 OR AY.96 OR AY.97 OR AY.98 OR AY.98.1 OR AY.98.1.1 OR AY.99 OR AY.99.1 OR AY.99.2 OR AY.100 OR AY.101 OR AY.102 OR AY.102.1 OR AY.102.2 OR AY.103 OR AY.103.1 OR AY.103.2 OR AY.104 OR AY.105 OR AY.106 OR AY.107 OR AY.108 OR AY.109 OR AY.110 OR AY.111 OR AY.112 OR AY.112.1 OR AY.112.2 OR AY.112.3 OR AY.113 OR AY.114 OR AY.115 OR AY.116 OR AY.116.1 OR AY.117 OR AY.118 OR AY.119 OR AY.119.1 OR AY.119.2 OR AY.120 OR AY.120.1 OR AY.120.2 OR AY.120.2.1 OR AY.121 OR AY.121.1 OR AY.122 OR AY.122.1 OR AY.122.2 OR AY.122.3 OR AY.122.4 OR AY.122.5 OR AY.122.6 OR AY.123 OR AY.123.1 OR AY.124 OR AY.124.1 OR AY.124.1.1 OR AY.125 OR AY.125.1 OR AY.126 OR AY.127 OR AY.127.1 OR AY.127.2 OR AY.127.3 OR AY.128 OR AY.129 OR AY.130 OR AY.131 OR AY.132 OR AY.133 OR AY.134 OR B.1.617.2,Delta,22.7857142857143,20.6428571428571,0.905956112852665
2021-08-01,14,14,25.7142857142857,23.5714285714286,0.916666666666667,0.775415535305209,0.983668864752828,AY.1 OR AY.2 OR AY.3 OR AY.3.1 OR AY.3.2 OR AY.3.3 OR AY.3.4 OR AY.4 OR AY.4.1 OR AY.4.2 OR AY.4.2.1 OR AY.4.2.2 OR AY.4.2.3 OR AY.4.2.4 OR AY.4.2.5 OR AY.4.3 OR AY.4.4 OR AY.4.5 OR AY.4.6 OR AY.4.7 OR AY.4.8 OR AY.4.9 OR AY.4.10 OR AY.4.11 OR AY.4.12 OR AY.4.13 OR AY.4.14 OR AY.4.15 OR AY.4.16 OR AY.4.17 OR AY.5 OR AY.5.1 OR AY.5.2 OR AY.5.3 OR AY.5.4 OR AY.5.5 OR AY.5.6 OR AY.5.7 OR AY.6 OR AY.7 OR AY.7.1 OR AY.7.2 OR AY.8 OR AY.9 OR AY.9.1 OR AY.9.2 OR AY.9.2.1 OR AY.9.2.2 OR AY.10 OR AY.11 OR AY.12 OR AY.13 OR AY.14 OR AY.15 OR AY.16 OR AY.16.1 OR AY.17 OR AY.18 OR AY.19 OR AY.20 OR AY.20.1 OR AY.21 OR AY.22 OR AY.23 OR AY.23.1 OR AY.23.2 OR AY.24 OR AY.24.1 OR AY.25 OR AY.25.1 OR AY.25.1.1 OR AY.25.1.2 OR AY.25.2 OR AY.25.3 OR AY.26 OR AY.26.1 OR AY.27 OR AY.28 OR AY.29 OR AY.29.1 OR AY.29.2 OR AY.30 OR AY.31 OR AY.32 OR AY.33 OR AY.33.1 OR AY.33.2 OR AY.34 OR AY.34.1 OR AY.34.1.1 OR AY.34.2 OR AY.35 OR AY.36 OR AY.36.1 OR AY.37 OR AY.38 OR AY.39 OR AY.39.1 OR AY.39.1.1 OR AY.39.1.2 OR AY.39.1.3 OR AY.39.1.4 OR AY.39.2 OR AY.39.3 OR AY.39.4 OR AY.40 OR AY.41 OR AY.42 OR AY.42.1 OR AY.43 OR AY.43.1 OR AY.43.2 OR AY.43.3 OR AY.43.4 OR AY.43.5 OR AY.43.6 OR AY.43.7 OR AY.43.8 OR AY.43.9 OR AY.44 OR AY.45 OR AY.46 OR AY.46.1 OR AY.46.2 OR AY.46.3 OR AY.46.4 OR AY.46.5 OR AY.46.6 OR AY.46.6.1 OR AY.47 OR AY.48 OR AY.49 OR AY.50 OR AY.51 OR AY.52 OR AY.53 OR AY.54 OR AY.55 OR AY.56 OR AY.57 OR AY.58 OR AY.59 OR AY.60 OR AY.61 OR AY.62 OR AY.63 OR AY.64 OR AY.65 OR AY.66 OR AY.67 OR AY.68 OR AY.69 OR AY.70 OR AY.71 OR AY.72 OR AY.73 OR AY.74 OR AY.75 OR AY.75.1 OR AY.75.2 OR AY.75.3 OR AY.76 OR AY.77 OR AY.78 OR AY.79 OR AY.80 OR AY.81 OR AY.82 OR AY.83 OR AY.84 OR AY.85 OR AY.86 OR AY.87 OR AY.88 OR AY.89 OR AY.90 OR AY.91 OR AY.91.1 OR AY.92 OR AY.93 OR AY.94 OR AY.95 OR AY.96 OR AY.97 OR AY.98 OR AY.98.1 OR AY.98.1.1 OR AY.99 OR AY.99.1 OR AY.99.2 OR AY.100 OR AY.101 OR AY.102 OR AY.102.1 OR AY.102.2 OR AY.103 OR AY.103.1 OR AY.103.2 OR AY.104 OR AY.105 OR AY.106 OR AY.107 OR AY.108 OR AY.109 OR AY.110 OR AY.111 OR AY.112 OR AY.112.1 OR AY.112.2 OR AY.112.3 OR AY.113 OR AY.114 OR AY.115 OR AY.116 OR AY.116.1 OR AY.117 OR AY.118 OR AY.119 OR AY.119.1 OR AY.119.2 OR AY.120 OR AY.120.1 OR AY.120.2 OR AY.120.2.1 OR AY.121 OR AY.121.1 OR AY.122 OR AY.122.1 OR AY.122.2 OR AY.122.3 OR AY.122.4 OR AY.122.5 OR AY.122.6 OR AY.123 OR AY.123.1 OR AY.124 OR AY.124.1 OR AY.124.1.1 OR AY.125 OR AY.125.1 OR AY.126 OR AY.127 OR AY.127.1 OR AY.127.2 OR AY.127.3 OR AY.128 OR AY.129 OR AY.130 OR AY.131 OR AY.132 OR AY.133 OR AY.134 OR B.1.617.2,Delta,23,21,0.91304347826087
2021-08-02,26,26,26.4285714285714,24.5714285714286,0.92972972972973,0.833965441712056,0.995818225055396,AY.1 OR AY.2 OR AY.3 OR AY.3.1 OR AY.3.2 OR AY.3.3 OR AY.3.4 OR AY.4 OR AY.4.1 OR AY.4.2 OR AY.4.2.1 OR AY.4.2.2 OR AY.4.2.3 OR AY.4.2.4 OR AY.4.2.5 OR AY.4.3 OR AY.4.4 OR AY.4.5 OR AY.4.6 OR AY.4.7 OR AY.4.8 OR AY.4.9 OR AY.4.10 OR AY.4.11 OR AY.4.12 OR AY.4.13 OR AY.4.14 OR AY.4.15 OR AY.4.16 OR AY.4.17 OR AY.5 OR AY.5.1 OR AY.5.2 OR AY.5.3 OR AY.5.4 OR AY.5.5 OR AY.5.6 OR AY.5.7 OR AY.6 OR AY.7 OR AY.7.1 OR AY.7.2 OR AY.8 OR AY.9 OR AY.9.1 OR AY.9.2 OR AY.9.2.1 OR AY.9.2.2 OR AY.10 OR AY.11 OR AY.12 OR AY.13 OR AY.14 OR AY.15 OR AY.16 OR AY.16.1 OR AY.17 OR AY.18 OR AY.19 OR AY.20 OR AY.20.1 OR AY.21 OR AY.22 OR AY.23 OR AY.23.1 OR AY.23.2 OR AY.24 OR AY.24.1 OR AY.25 OR AY.25.1 OR AY.25.1.1 OR AY.25.1.2 OR AY.25.2 OR AY.25.3 OR AY.26 OR AY.26.1 OR AY.27 OR AY.28 OR AY.29 OR AY.29.1 OR AY.29.2 OR AY.30 OR AY.31 OR AY.32 OR AY.33 OR AY.33.1 OR AY.33.2 OR AY.34 OR AY.34.1 OR AY.34.1.1 OR AY.34.2 OR AY.35 OR AY.36 OR AY.36.1 OR AY.37 OR AY.38 OR AY.39 OR AY.39.1 OR AY.39.1.1 OR AY.39.1.2 OR AY.39.1.3 OR AY.39.1.4 OR AY.39.2 OR AY.39.3 OR AY.39.4 OR AY.40 OR AY.41 OR AY.42 OR AY.42.1 OR AY.43 OR AY.43.1 OR AY.43.2 OR AY.43.3 OR AY.43.4 OR AY.43.5 OR AY.43.6 OR AY.43.7 OR AY.43.8 OR AY.43.9 OR AY.44 OR AY.45 OR AY.46 OR AY.46.1 OR AY.46.2 OR AY.46.3 OR AY.46.4 OR AY.46.5 OR AY.46.6 OR AY.46.6.1 OR AY.47 OR AY.48 OR AY.49 OR AY.50 OR AY.51 OR AY.52 OR AY.53 OR AY.54 OR AY.55 OR AY.56 OR AY.57 OR AY.58 OR AY.59 OR AY.60 OR AY.61 OR AY.62 OR AY.63 OR AY.64 OR AY.65 OR AY.66 OR AY.67 OR AY.68 OR AY.69 OR AY.70 OR AY.71 OR AY.72 OR AY.73 OR AY.74 OR AY.75 OR AY.75.1 OR AY.75.2 OR AY.75.3 OR AY.76 OR AY.77 OR AY.78 OR AY.79 OR AY.80 OR AY.81 OR AY.82 OR AY.83 OR AY.84 OR AY.85 OR AY.86 OR AY.87 OR AY.88 OR AY.89 OR AY.90 OR AY.91 OR AY.91.1 OR AY.92 OR AY.93 OR AY.94 OR AY.95 OR AY.96 OR AY.97 OR AY.98 OR AY.98.1 OR AY.98.1.1 OR AY.99 OR AY.99.1 OR AY.99.2 OR AY.100 OR AY.101 OR AY.102 OR AY.102.1 OR AY.102.2 OR AY.103 OR AY.103.1 OR AY.103.2 OR AY.104 OR AY.105 OR AY.106 OR AY.107 OR AY.108 OR AY.109 OR AY.110 OR AY.111 OR AY.112 OR AY.112.1 OR AY.112.2 OR AY.112.3 OR AY.113 OR AY.114 OR AY.115 OR AY.116 OR AY.116.1 OR AY.117 OR AY.118 OR AY.119 OR AY.119.1 OR AY.119.2 OR AY.120 OR AY.120.1 OR AY.120.2 OR AY.120.2.1 OR AY.121 OR AY.121.1 OR AY.122 OR AY.122.1 OR AY.122.2 OR AY.122.3 OR AY.122.4 OR AY.122.5 OR AY.122.6 OR AY.123 OR AY.123.1 OR AY.124 OR AY.124.1 OR AY.124.1.1 OR AY.125 OR AY.125.1 OR AY.126 OR AY.127 OR AY.127.1 OR AY.127.2 OR AY.127.3 OR AY.128 OR AY.129 OR AY.130 OR AY.131 OR AY.132 OR AY.133 OR AY.134 OR B.1.617.2,Delta,24,22.1428571428571,0.922619047619048
2021-08-03,31,30,26.5714285714286,24.8571428571429,0.935483870967742,0.782979578379093,0.984286536459913,AY.1 OR AY.2 OR AY.3 OR AY.3.1 OR AY.3.2 OR AY.3.3 OR AY.3.4 OR AY.4 OR AY.4.1 OR AY.4.2 OR AY.4.2.1 OR AY.4.2.2 OR AY.4.2.3 OR AY.4.2.4 OR AY.4.2.5 OR AY.4.3 OR AY.4.4 OR AY.4.5 OR AY.4.6 OR AY.4.7 OR AY.4.8 OR AY.4.9 OR AY.4.10 OR AY.4.11 OR AY.4.12 OR AY.4.13 OR AY.4.14 OR AY.4.15 OR AY.4.16 OR AY.4.17 OR AY.5 OR AY.5.1 OR AY.5.2 OR AY.5.3 OR AY.5.4 OR AY.5.5 OR AY.5.6 OR AY.5.7 OR AY.6 OR AY.7 OR AY.7.1 OR AY.7.2 OR AY.8 OR AY.9 OR AY.9.1 OR AY.9.2 OR AY.9.2.1 OR AY.9.2.2 OR AY.10 OR AY.11 OR AY.12 OR AY.13 OR AY.14 OR AY.15 OR AY.16 OR AY.16.1 OR AY.17 OR AY.18 OR AY.19 OR AY.20 OR AY.20.1 OR AY.21 OR AY.22 OR AY.23 OR AY.23.1 OR AY.23.2 OR AY.24 OR AY.24.1 OR AY.25 OR AY.25.1 OR AY.25.1.1 OR AY.25.1.2 OR AY.25.2 OR AY.25.3 OR AY.26 OR AY.26.1 OR AY.27 OR AY.28 OR AY.29 OR AY.29.1 OR AY.29.2 OR AY.30 OR AY.31 OR AY.32 OR AY.33 OR AY.33.1 OR AY.33.2 OR AY.34 OR AY.34.1 OR AY.34.1.1 OR AY.34.2 OR AY.35 OR AY.36 OR AY.36.1 OR AY.37 OR AY.38 OR AY.39 OR AY.39.1 OR AY.39.1.1 OR AY.39.1.2 OR AY.39.1.3 OR AY.39.1.4 OR AY.39.2 OR AY.39.3 OR AY.39.4 OR AY.40 OR AY.41 OR AY.42 OR AY.42.1 OR AY.43 OR AY.43.1 OR AY.43.2 OR AY.43.3 OR AY.43.4 OR AY.43.5 OR AY.43.6 OR AY.43.7 OR AY.43.8 OR AY.43.9 OR AY.44 OR AY.45 OR AY.46 OR AY.46.1 OR AY.46.2 OR AY.46.3 OR AY.46.4 OR AY.46.5 OR AY.46.6 OR AY.46.6.1 OR AY.47 OR AY.48 OR AY.49 OR AY.50 OR AY.51 OR AY.52 OR AY.53 OR AY.54 OR AY.55 OR AY.56 OR AY.57 OR AY.58 OR AY.59 OR AY.60 OR AY.61 OR AY.62 OR AY.63 OR AY.64 OR AY.65 OR AY.66 OR AY.67 OR AY.68 OR AY.69 OR AY.70 OR AY.71 OR AY.72 OR AY.73 OR AY.74 OR AY.75 OR AY.75.1 OR AY.75.2 OR AY.75.3 OR AY.76 OR AY.77 OR AY.78 OR AY.79 OR AY.80 OR AY.81 OR AY.82 OR AY.83 OR AY.84 OR AY.85 OR AY.86 OR AY.87 OR AY.88 OR AY.89 OR AY.90 OR AY.91 OR AY.91.1 OR AY.92 OR AY.93 OR AY.94 OR AY.95 OR AY.96 OR AY.97 OR AY.98 OR AY.98.1 OR AY.98.1.1 OR AY.99 OR AY.99.1 OR AY.99.2 OR AY.100 OR AY.101 OR AY.102 OR AY.102.1 OR AY.102.2 OR AY.103 OR AY.103.1 OR AY.103.2 OR AY.104 OR AY.105 OR AY.106 OR AY.107 OR AY.108 OR AY.109 OR AY.110 OR AY.111 OR AY.112 OR AY.112.1 OR AY.112.2 OR AY.112.3 OR AY.113 OR AY.114 OR AY.115 OR AY.116 OR AY.116.1 OR AY.117 OR AY.118 OR AY.119 OR AY.119.1 OR AY.119.2 OR AY.120 OR AY.120.1 OR AY.120.2 OR AY.120.2.1 OR AY.121 OR AY.121.1 OR AY.122 OR AY.122.1 OR AY.122.2 OR AY.122.3 OR AY.122.4 OR AY.122.5 OR AY.122.6 OR AY.123 OR AY.123.1 OR AY.124 OR AY.124.1 OR AY.124.1.1 OR AY.125 OR AY.125.1 OR AY.126 OR AY.127 OR AY.127.1 OR AY.127.2 OR AY.127.3 OR AY.128 OR AY.129 OR AY.130 OR AY.131 OR AY.132 OR AY.133 OR AY.134 OR B.1.617.2,Delta,24.5,22.9285714285714,0.935860058309038
2021-08-04,41,40,26.7142857142857,25.1428571428571,0.941176470588235,0.782979578379093,0.984286536459913,AY.1 OR AY.2 OR AY.3 OR AY.3.1 OR AY.3.2 OR AY.3.3 OR AY.3.4 OR AY.4 OR AY.4.1 OR AY.4.2 OR AY.4.2.1 OR AY.4.2.2 OR AY.4.2.3 OR AY.4.2.4 OR AY.4.2.5 OR AY.4.3 OR AY.4.4 OR AY.4.5 OR AY.4.6 OR AY.4.7 OR AY.4.8 OR AY.4.9 OR AY.4.10 OR AY.4.11 OR AY.4.12 OR AY.4.13 OR AY.4.14 OR AY.4.15 OR AY.4.16 OR AY.4.17 OR AY.5 OR AY.5.1 OR AY.5.2 OR AY.5.3 OR AY.5.4 OR AY.5.5 OR AY.5.6 OR AY.5.7 OR AY.6 OR AY.7 OR AY.7.1 OR AY.7.2 OR AY.8 OR AY.9 OR AY.9.1 OR AY.9.2 OR AY.9.2.1 OR AY.9.2.2 OR AY.10 OR AY.11 OR AY.12 OR AY.13 OR AY.14 OR AY.15 OR AY.16 OR AY.16.1 OR AY.17 OR AY.18 OR AY.19 OR AY.20 OR AY.20.1 OR AY.21 OR AY.22 OR AY.23 OR AY.23.1 OR AY.23.2 OR AY.24 OR AY.24.1 OR AY.25 OR AY.25.1 OR AY.25.1.1 OR AY.25.1.2 OR AY.25.2 OR AY.25.3 OR AY.26 OR AY.26.1 OR AY.27 OR AY.28 OR AY.29 OR AY.29.1 OR AY.29.2 OR AY.30 OR AY.31 OR AY.32 OR AY.33 OR AY.33.1 OR AY.33.2 OR AY.34 OR AY.34.1 OR AY.34.1.1 OR AY.34.2 OR AY.35 OR AY.36 OR AY.36.1 OR AY.37 OR AY.38 OR AY.39 OR AY.39.1 OR AY.39.1.1 OR AY.39.1.2 OR AY.39.1.3 OR AY.39.1.4 OR AY.39.2 OR AY.39.3 OR AY.39.4 OR AY.40 OR AY.41 OR AY.42 OR AY.42.1 OR AY.43 OR AY.43.1 OR AY.43.2 OR AY.43.3 OR AY.43.4 OR AY.43.5 OR AY.43.6 OR AY.43.7 OR AY.43.8 OR AY.43.9 OR AY.44 OR AY.45 OR AY.46 OR AY.46.1 OR AY.46.2 OR AY.46.3 OR AY.46.4 OR AY.46.5 OR AY.46.6 OR AY.46.6.1 OR AY.47 OR AY.48 OR AY.49 OR AY.50 OR AY.51 OR AY.52 OR AY.53 OR AY.54 OR AY.55 OR AY.56 OR AY.57 OR AY.58 OR AY.59 OR AY.60 OR AY.61 OR AY.62 OR AY.63 OR AY.64 OR AY.65 OR AY.66 OR AY.67 OR AY.68 OR AY.69 OR AY.70 OR AY.71 OR AY.72 OR AY.73 OR AY.74 OR AY.75 OR AY.75.1 OR AY.75.2 OR AY.75.3 OR AY.76 OR AY.77 OR AY.78 OR AY.79 OR AY.80 OR AY.81 OR AY.82 OR AY.83 OR AY.84 OR AY.85 OR AY.86 OR AY.87 OR AY.88 OR AY.89 OR AY.90 OR AY.91 OR AY.91.1 OR AY.92 OR AY.93 OR AY.94 OR AY.95 OR AY.96 OR AY.97 OR AY.98 OR AY.98.1 OR AY.98.1.1 OR AY.99 OR AY.99.1 OR AY.99.2 OR AY.100 OR AY.101 OR AY.102 OR AY.102.1 OR AY.102.2 OR AY.103 OR AY.103.1 OR AY.103.2 OR AY.104 OR AY.105 OR AY.106 OR AY.107 OR AY.108 OR AY.109 OR AY.110 OR AY.111 OR AY.112 OR AY.112.1 OR AY.112.2 OR AY.112.3 OR AY.113 OR AY.114 OR AY.115 OR AY.116 OR AY.116.1 OR AY.117 OR AY.118 OR AY.119 OR AY.119.1 OR AY.119.2 OR AY.120 OR AY.120.1 OR AY.120.2 OR AY.120.2.1 OR AY.121 OR AY.121.1 OR AY.122 OR AY.122.1 OR AY.122.2 OR AY.122.3 OR AY.122.4 OR AY.122.5 OR AY.122.6 OR AY.123 OR AY.123.1 OR AY.124 OR AY.124.1 OR AY.124.1.1 OR AY.125 OR AY.125.1 OR AY.126 OR AY.127 OR AY.127.1 OR AY.127.2 OR AY.127.3 OR AY.128 OR AY.129 OR AY.130 OR AY.131 OR AY.132 OR AY.133 OR AY.134 OR B.1.617.2,Delta,25.7142857142857,24.2142857142857,0.941666666666667
2021-08-05,20,20,25.4285714285714,24.1428571428571,0.949438202247191,0.827867042039878,0.995649603172627,AY.1 OR AY.2 OR AY.3 OR AY.3.1 OR AY.3.2 OR AY.3.3 OR AY.3.4 OR AY.4 OR AY.4.1 OR AY.4.2 OR AY.4.2.1 OR AY.4.2.2 OR AY.4.2.3 OR AY.4.2.4 OR AY.4.2.5 OR AY.4.3 OR AY.4.4 OR AY.4.5 OR AY.4.6 OR AY.4.7 OR AY.4.8 OR AY.4.9 OR AY.4.10 OR AY.4.11 OR AY.4.12 OR AY.4.13 OR AY.4.14 OR AY.4.15 OR AY.4.16 OR AY.4.17 OR AY.5 OR AY.5.1 OR AY.5.2 OR AY.5.3 OR AY.5.4 OR AY.5.5 OR AY.5.6 OR AY.5.7 OR AY.6 OR AY.7 OR AY.7.1 OR AY.7.2 OR AY.8 OR AY.9 OR AY.9.1 OR AY.9.2 OR AY.9.2.1 OR AY.9.2.2 OR AY.10 OR AY.11 OR AY.12 OR AY.13 OR AY.14 OR AY.15 OR AY.16 OR AY.16.1 OR AY.17 OR AY.18 OR AY.19 OR AY.20 OR AY.20.1 OR AY.21 OR AY.22 OR AY.23 OR AY.23.1 OR AY.23.2 OR AY.24 OR AY.24.1 OR AY.25 OR AY.25.1 OR AY.25.1.1 OR AY.25.1.2 OR AY.25.2 OR AY.25.3 OR AY.26 OR AY.26.1 OR AY.27 OR AY.28 OR AY.29 OR AY.29.1 OR AY.29.2 OR AY.30 OR AY.31 OR AY.32 OR AY.33 OR AY.33.1 OR AY.33.2 OR AY.34 OR AY.34.1 OR AY.34.1.1 OR AY.34.2 OR AY.35 OR AY.36 OR AY.36.1 OR AY.37 OR AY.38 OR AY.39 OR AY.39.1 OR AY.39.1.1 OR AY.39.1.2 OR AY.39.1.3 OR AY.39.1.4 OR AY.39.2 OR AY.39.3 OR AY.39.4 OR AY.40 OR AY.41 OR AY.42 OR AY.42.1 OR AY.43 OR AY.43.1 OR AY.43.2 OR AY.43.3 OR AY.43.4 OR AY.43.5 OR AY.43.6 OR AY.43.7 OR AY.43.8 OR AY.43.9 OR AY.44 OR AY.45 OR AY.46 OR AY.46.1 OR AY.46.2 OR AY.46.3 OR AY.46.4 OR AY.46.5 OR AY.46.6 OR AY.46.6.1 OR AY.47 OR AY.48 OR AY.49 OR AY.50 OR AY.51 OR AY.52 OR AY.53 OR AY.54 OR AY.55 OR AY.56 OR AY.57 OR AY.58 OR AY.59 OR AY.60 OR AY.61 OR AY.62 OR AY.63 OR AY.64 OR AY.65 OR AY.66 OR AY.67 OR AY.68 OR AY.69 OR AY.70 OR AY.71 OR AY.72 OR AY.73 OR AY.74 OR AY.75 OR AY.75.1 OR AY.75.2 OR AY.75.3 OR AY.76 OR AY.77 OR AY.78 OR AY.79 OR AY.80 OR AY.81 OR AY.82 OR AY.83 OR AY.84 OR AY.85 OR AY.86 OR AY.87 OR AY.88 OR AY.89 OR AY.90 OR AY.91 OR AY.91.1 OR AY.92 OR AY.93 OR AY.94 OR AY.95 OR AY.96 OR AY.97 OR AY.98 OR AY.98.1 OR AY.98.1.1 OR AY.99 OR AY.99.1 OR AY.99.2 OR AY.100 OR AY.101 OR AY.102 OR AY.102.1 OR AY.102.2 OR AY.103 OR AY.103.1 OR AY.103.2 OR AY.104 OR AY.105 OR AY.106 OR AY.107 OR AY.108 OR AY.109 OR AY.110 OR AY.111 OR AY.112 OR AY.112.1 OR AY.112.2 OR AY.112.3 OR AY.113 OR AY.114 OR AY.115 OR AY.116 OR AY.116.1 OR AY.117 OR AY.118 OR AY.119 OR AY.119.1 OR AY.119.2 OR AY.120 OR AY.120.1 OR AY.120.2 OR AY.120.2.1 OR AY.121 OR AY.121.1 OR AY.122 OR AY.122.1 OR AY.122.2 OR AY.122.3 OR AY.122.4 OR AY.122.5 OR AY.122.6 OR AY.123 OR AY.123.1 OR AY.124 OR AY.124.1 OR AY.124.1.1 OR AY.125 OR AY.125.1 OR AY.126 OR AY.127 OR AY.127.1 OR AY.127.2 OR AY.127.3 OR AY.128 OR AY.129 OR AY.130 OR AY.131 OR AY.132 OR AY.133 OR AY.134 OR B.1.617.2,Delta,25.5714285714286,24.0714285714286,0.941340782122905
2021-08-06,28,26,25.4285714285714,24.8571428571429,0.97752808988764,0.905317235890417,0.999980554229102,AY.1 OR AY.2 OR AY.3 OR AY.3.1 OR AY.3.2 OR AY.3.3 OR AY.3.4 OR AY.4 OR AY.4.1 OR AY.4.2 OR AY.4.2.1 OR AY.4.2.2 OR AY.4.2.3 OR AY.4.2.4 OR AY.4.2.5 OR AY.4.3 OR AY.4.4 OR AY.4.5 OR AY.4.6 OR AY.4.7 OR AY.4.8 OR AY.4.9 OR AY.4.10 OR AY.4.11 OR AY.4.12 OR AY.4.13 OR AY.4.14 OR AY.4.15 OR AY.4.16 OR AY.4.17 OR AY.5 OR AY.5.1 OR AY.5.2 OR AY.5.3 OR AY.5.4 OR AY.5.5 OR AY.5.6 OR AY.5.7 OR AY.6 OR AY.7 OR AY.7.1 OR AY.7.2 OR AY.8 OR AY.9 OR AY.9.1 OR AY.9.2 OR AY.9.2.1 OR AY.9.2.2 OR AY.10 OR AY.11 OR AY.12 OR AY.13 OR AY.14 OR AY.15 OR AY.16 OR AY.16.1 OR AY.17 OR AY.18 OR AY.19 OR AY.20 OR AY.20.1 OR AY.21 OR AY.22 OR AY.23 OR AY.23.1 OR AY.23.2 OR AY.24 OR AY.24.1 OR AY.25 OR AY.25.1 OR AY.25.1.1 OR AY.25.1.2 OR AY.25.2 OR AY.25.3 OR AY.26 OR AY.26.1 OR AY.27 OR AY.28 OR AY.29 OR AY.29.1 OR AY.29.2 OR AY.30 OR AY.31 OR AY.32 OR AY.33 OR AY.33.1 OR AY.33.2 OR AY.34 OR AY.34.1 OR AY.34.1.1 OR AY.34.2 OR AY.35 OR AY.36 OR AY.36.1 OR AY.37 OR AY.38 OR AY.39 OR AY.39.1 OR AY.39.1.1 OR AY.39.1.2 OR AY.39.1.3 OR AY.39.1.4 OR AY.39.2 OR AY.39.3 OR AY.39.4 OR AY.40 OR AY.41 OR AY.42 OR AY.42.1 OR AY.43 OR AY.43.1 OR AY.43.2 OR AY.43.3 OR AY.43.4 OR AY.43.5 OR AY.43.6 OR AY.43.7 OR AY.43.8 OR AY.43.9 OR AY.44 OR AY.45 OR AY.46 OR AY.46.1 OR AY.46.2 OR AY.46.3 OR AY.46.4 OR AY.46.5 OR AY.46.6 OR AY.46.6.1 OR AY.47 OR AY.48 OR AY.49 OR AY.50 OR AY.51 OR AY.52 OR AY.53 OR AY.54 OR AY.55 OR AY.56 OR AY.57 OR AY.58 OR AY.59 OR AY.60 OR AY.61 OR AY.62 OR AY.63 OR AY.64 OR AY.65 OR AY.66 OR AY.67 OR AY.68 OR AY.69 OR AY.70 OR AY.71 OR AY.72 OR AY.73 OR AY.74 OR AY.75 OR AY.75.1 OR AY.75.2 OR AY.75.3 OR AY.76 OR AY.77 OR AY.78 OR AY.79 OR AY.80 OR AY.81 OR AY.82 OR AY.83 OR AY.84 OR AY.85 OR AY.86 OR AY.87 OR AY.88 OR AY.89 OR AY.90 OR AY.91 OR AY.91.1 OR AY.92 OR AY.93 OR AY.94 OR AY.95 OR AY.96 OR AY.97 OR AY.98 OR AY.98.1 OR AY.98.1.1 OR AY.99 OR AY.99.1 OR AY.99.2 OR AY.100 OR AY.101 OR AY.102 OR AY.102.1 OR AY.102.2 OR AY.103 OR AY.103.1 OR AY.103.2 OR AY.104 OR AY.105 OR AY.106 OR AY.107 OR AY.108 OR AY.109 OR AY.110 OR AY.111 OR AY.112 OR AY.112.1 OR AY.112.2 OR AY.112.3 OR AY.113 OR AY.114 OR AY.115 OR AY.116 OR AY.116.1 OR AY.117 OR AY.118 OR AY.119 OR AY.119.1 OR AY.119.2 OR AY.120 OR AY.120.1 OR AY.120.2 OR AY.120.2.1 OR AY.121 OR AY.121.1 OR AY.122 OR AY.122.1 OR AY.122.2 OR AY.122.3 OR AY.122.4 OR AY.122.5 OR AY.122.6 OR AY.123 OR AY.123.1 OR AY.124 OR AY.124.1 OR AY.124.1.1 OR AY.125 OR AY.125.1 OR AY.126 OR AY.127 OR AY.127.1 OR AY.127.2 OR AY.127.3 OR AY.128 OR AY.129 OR AY.130 OR AY.131 OR AY.132 OR AY.133 OR AY.134 OR B.1.617.2,Delta,25.4285714285714,23.8571428571429,0.938202247191011
2021-08-07,18,18,25.4285714285714,24.8571428571429,0.97752808988764,0.905317235890417,0.999980554229102,AY.1 OR AY.2 OR AY.3 OR AY.3.1 OR AY.3.2 OR AY.3.3 OR AY.3.4 OR AY.4 OR AY.4.1 OR AY.4.2 OR AY.4.2.1 OR AY.4.2.2 OR AY.4.2.3 OR AY.4.2.4 OR AY.4.2.5 OR AY.4.3 OR AY.4.4 OR AY.4.5 OR AY.4.6 OR AY.4.7 OR AY.4.8 OR AY.4.9 OR AY.4.10 OR AY.4.11 OR AY.4.12 OR AY.4.13 OR AY.4.14 OR AY.4.15 OR AY.4.16 OR AY.4.17 OR AY.5 OR AY.5.1 OR AY.5.2 OR AY.5.3 OR AY.5.4 OR AY.5.5 OR AY.5.6 OR AY.5.7 OR AY.6 OR AY.7 OR AY.7.1 OR AY.7.2 OR AY.8 OR AY.9 OR AY.9.1 OR AY.9.2 OR AY.9.2.1 OR AY.9.2.2 OR AY.10 OR AY.11 OR AY.12 OR AY.13 OR AY.14 OR AY.15 OR AY.16 OR AY.16.1 OR AY.17 OR AY.18 OR AY.19 OR AY.20 OR AY.20.1 OR AY.21 OR AY.22 OR AY.23 OR AY.23.1 OR AY.23.2 OR AY.24 OR AY.24.1 OR AY.25 OR AY.25.1 OR AY.25.1.1 OR AY.25.1.2 OR AY.25.2 OR AY.25.3 OR AY.26 OR AY.26.1 OR AY.27 OR AY.28 OR AY.29 OR AY.29.1 OR AY.29.2 OR AY.30 OR AY.31 OR AY.32 OR AY.33 OR AY.33.1 OR AY.33.2 OR AY.34 OR AY.34.1 OR AY.34.1.1 OR AY.34.2 OR AY.35 OR AY.36 OR AY.36.1 OR AY.37 OR AY.38 OR AY.39 OR AY.39.1 OR AY.39.1.1 OR AY.39.1.2 OR AY.39.1.3 OR AY.39.1.4 OR AY.39.2 OR AY.39.3 OR AY.39.4 OR AY.40 OR AY.41 OR AY.42 OR AY.42.1 OR AY.43 OR AY.43.1 OR AY.43.2 OR AY.43.3 OR AY.43.4 OR AY.43.5 OR AY.43.6 OR AY.43.7 OR AY.43.8 OR AY.43.9 OR AY.44 OR AY.45 OR AY.46 OR AY.46.1 OR AY.46.2 OR AY.46.3 OR AY.46.4 OR AY.46.5 OR AY.46.6 OR AY.46.6.1 OR AY.47 OR AY.48 OR AY.49 OR AY.50 OR AY.51 OR AY.52 OR AY.53 OR AY.54 OR AY.55 OR AY.56 OR AY.57 OR AY.58 OR AY.59 OR AY.60 OR AY.61 OR AY.62 OR AY.63 OR AY.64 OR AY.65 OR AY.66 OR AY.67 OR AY.68 OR AY.69 OR AY.70 OR AY.71 OR AY.72 OR AY.73 OR AY.74 OR AY.75 OR AY.75.1 OR AY.75.2 OR AY.75.3 OR AY.76 OR AY.77 OR AY.78 OR AY.79 OR AY.80 OR AY.81 OR AY.82 OR AY.83 OR AY.84 OR AY.85 OR AY.86 OR AY.87 OR AY.88 OR AY.89 OR AY.90 OR AY.91 OR AY.91.1 OR AY.92 OR AY.93 OR AY.94 OR AY.95 OR AY.96 OR AY.97 OR AY.98 OR AY.98.1 OR AY.98.1.1 OR AY.99 OR AY.99.1 OR AY.99.2 OR AY.100 OR AY.101 OR AY.102 OR AY.102.1 OR AY.102.2 OR AY.103 OR AY.103.1 OR AY.103.2 OR AY.104 OR AY.105 OR AY.106 OR AY.107 OR AY.108 OR AY.109 OR AY.110 OR AY.111 OR AY.112 OR AY.112.1 OR AY.112.2 OR AY.112.3 OR AY.113 OR AY.114 OR AY.115 OR AY.116 OR AY.116.1 OR AY.117 OR AY.118 OR AY.119 OR AY.119.1 OR AY.119.2 OR AY.120 OR AY.120.1 OR AY.120.2 OR AY.120.2.1 OR AY.121 OR AY.121.1 OR AY.122 OR AY.122.1 OR AY.122.2 OR AY.122.3 OR AY.122.4 OR AY.122.5 OR AY.122.6 OR AY.123 OR AY.123.1 OR AY.124 OR AY.124.1 OR AY.124.1.1 OR AY.125 OR AY.125.1 OR AY.126 OR AY.127 OR AY.127.1 OR AY.127.2 OR AY.127.3 OR AY.128 OR AY.129 OR AY.130 OR AY.131 OR AY.132 OR AY.133 OR AY.134 OR B.1.617.2,Delta,25.5714285714286,24.0714285714286,0.941340782122905
2021-08-08,10,8,24.8571428571429,24,0.96551724137931,0.827867042039878,0.995649603172627,AY.1 OR AY.2 OR AY.3 OR AY.3.1 OR AY.3.2 OR AY.3.3 OR AY.3.4 OR AY.4 OR AY.4.1 OR AY.4.2 OR AY.4.2.1 OR AY.4.2.2 OR AY.4.2.3 OR AY.4.2.4 OR AY.4.2.5 OR AY.4.3 OR AY.4.4 OR AY.4.5 OR AY.4.6 OR AY.4.7 OR AY.4.8 OR AY.4.9 OR AY.4.10 OR AY.4.11 OR AY.4.12 OR AY.4.13 OR AY.4.14 OR AY.4.15 OR AY.4.16 OR AY.4.17 OR AY.5 OR AY.5.1 OR AY.5.2 OR AY.5.3 OR AY.5.4 OR AY.5.5 OR AY.5.6 OR AY.5.7 OR AY.6 OR AY.7 OR AY.7.1 OR AY.7.2 OR AY.8 OR AY.9 OR AY.9.1 OR AY.9.2 OR AY.9.2.1 OR AY.9.2.2 OR AY.10 OR AY.11 OR AY.12 OR AY.13 OR AY.14 OR AY.15 OR AY.16 OR AY.16.1 OR AY.17 OR AY.18 OR AY.19 OR AY.20 OR AY.20.1 OR AY.21 OR AY.22 OR AY.23 OR AY.23.1 OR AY.23.2 OR AY.24 OR AY.24.1 OR AY.25 OR AY.25.1 OR AY.25.1.1 OR AY.25.1.2 OR AY.25.2 OR AY.25.3 OR AY.26 OR AY.26.1 OR AY.27 OR AY.28 OR AY.29 OR AY.29.1 OR AY.29.2 OR AY.30 OR AY.31 OR AY.32 OR AY.33 OR AY.33.1 OR AY.33.2 OR AY.34 OR AY.34.1 OR AY.34.1.1 OR AY.34.2 OR AY.35 OR AY.36 OR AY.36.1 OR AY.37 OR AY.38 OR AY.39 OR AY.39.1 OR AY.39.1.1 OR AY.39.1.2 OR AY.39.1.3 OR AY.39.1.4 OR AY.39.2 OR AY.39.3 OR AY.39.4 OR AY.40 OR AY.41 OR AY.42 OR AY.42.1 OR AY.43 OR AY.43.1 OR AY.43.2 OR AY.43.3 OR AY.43.4 OR AY.43.5 OR AY.43.6 OR AY.43.7 OR AY.43.8 OR AY.43.9 OR AY.44 OR AY.45 OR AY.46 OR AY.46.1 OR AY.46.2 OR AY.46.3 OR AY.46.4 OR AY.46.5 OR AY.46.6 OR AY.46.6.1 OR AY.47 OR AY.48 OR AY.49 OR AY.50 OR AY.51 OR AY.52 OR AY.53 OR AY.54 OR AY.55 OR AY.56 OR AY.57 OR AY.58 OR AY.59 OR AY.60 OR AY.61 OR AY.62 OR AY.63 OR AY.64 OR AY.65 OR AY.66 OR AY.67 OR AY.68 OR AY.69 OR AY.70 OR AY.71 OR AY.72 OR AY.73 OR AY.74 OR AY.75 OR AY.75.1 OR AY.75.2 OR AY.75.3 OR AY.76 OR AY.77 OR AY.78 OR AY.79 OR AY.80 OR AY.81 OR AY.82 OR AY.83 OR AY.84 OR AY.85 OR AY.86 OR AY.87 OR AY.88 OR AY.89 OR AY.90 OR AY.91 OR AY.91.1 OR AY.92 OR AY.93 OR AY.94 OR AY.95 OR AY.96 OR AY.97 OR AY.98 OR AY.98.1 OR AY.98.1.1 OR AY.99 OR AY.99.1 OR AY.99.2 OR AY.100 OR AY.101 OR AY.102 OR AY.102.1 OR AY.102.2 OR AY.103 OR AY.103.1 OR AY.103.2 OR AY.104 OR AY.105 OR AY.106 OR AY.107 OR AY.108 OR AY.109 OR AY.110 OR AY.111 OR AY.112 OR AY.112.1 OR AY.112.2 OR AY.112.3 OR AY.113 OR AY.114 OR AY.115 OR AY.116 OR AY.116.1 OR AY.117 OR AY.118 OR AY.119 OR AY.119.1 OR AY.119.2 OR AY.120 OR AY.120.1 OR AY.120.2 OR AY.120.2.1 OR AY.121 OR AY.121.1 OR AY.122 OR AY.122.1 OR AY.122.2 OR AY.122.3 OR AY.122.4 OR AY.122.5 OR AY.122.6 OR AY.123 OR AY.123.1 OR AY.124 OR AY.124.1 OR AY.124.1.1 OR AY.125 OR AY.125.1 OR AY.126 OR AY.127 OR AY.127.1 OR AY.127.2 OR AY.127.3 OR AY.128 OR AY.129 OR AY.130 OR AY.131 OR AY.132 OR AY.133 OR AY.134 OR B.1.617.2,Delta,25.2857142857143,23.7857142857143,0.940677966101695
2021-08-09,18,17,23.7142857142857,22.7142857142857,0.957831325301205,0.821305081201027,0.995466809872729,AY.1 OR AY.2 OR AY.3 OR AY.3.1 OR AY.3.2 OR AY.3.3 OR AY.3.4 OR AY.4 OR AY.4.1 OR AY.4.2 OR AY.4.2.1 OR AY.4.2.2 OR AY.4.2.3 OR AY.4.2.4 OR AY.4.2.5 OR AY.4.3 OR AY.4.4 OR AY.4.5 OR AY.4.6 OR AY.4.7 OR AY.4.8 OR AY.4.9 OR AY.4.10 OR AY.4.11 OR AY.4.12 OR AY.4.13 OR AY.4.14 OR AY.4.15 OR AY.4.16 OR AY.4.17 OR AY.5 OR AY.5.1 OR AY.5.2 OR AY.5.3 OR AY.5.4 OR AY.5.5 OR AY.5.6 OR AY.5.7 OR AY.6 OR AY.7 OR AY.7.1 OR AY.7.2 OR AY.8 OR AY.9 OR AY.9.1 OR AY.9.2 OR AY.9.2.1 OR AY.9.2.2 OR AY.10 OR AY.11 OR AY.12 OR AY.13 OR AY.14 OR AY.15 OR AY.16 OR AY.16.1 OR AY.17 OR AY.18 OR AY.19 OR AY.20 OR AY.20.1 OR AY.21 OR AY.22 OR AY.23 OR AY.23.1 OR AY.23.2 OR AY.24 OR AY.24.1 OR AY.25 OR AY.25.1 OR AY.25.1.1 OR AY.25.1.2 OR AY.25.2 OR AY.25.3 OR AY.26 OR AY.26.1 OR AY.27 OR AY.28 OR AY.29 OR AY.29.1 OR AY.29.2 OR AY.30 OR AY.31 OR AY.32 OR AY.33 OR AY.33.1 OR AY.33.2 OR AY.34 OR AY.34.1 OR AY.34.1.1 OR AY.34.2 OR AY.35 OR AY.36 OR AY.36.1 OR AY.37 OR AY.38 OR AY.39 OR AY.39.1 OR AY.39.1.1 OR AY.39.1.2 OR AY.39.1.3 OR AY.39.1.4 OR AY.39.2 OR AY.39.3 OR AY.39.4 OR AY.40 OR AY.41 OR AY.42 OR AY.42.1 OR AY.43 OR AY.43.1 OR AY.43.2 OR AY.43.3 OR AY.43.4 OR AY.43.5 OR AY.43.6 OR AY.43.7 OR AY.43.8 OR AY.43.9 OR AY.44 OR AY.45 OR AY.46 OR AY.46.1 OR AY.46.2 OR AY.46.3 OR AY.46.4 OR AY.46.5 OR AY.46.6 OR AY.46.6.1 OR AY.47 OR AY.48 OR AY.49 OR AY.50 OR AY.51 OR AY.52 OR AY.53 OR AY.54 OR AY.55 OR AY.56 OR AY.57 OR AY.58 OR AY.59 OR AY.60 OR AY.61 OR AY.62 OR AY.63 OR AY.64 OR AY.65 OR AY.66 OR AY.67 OR AY.68 OR AY.69 OR AY.70 OR AY.71 OR AY.72 OR AY.73 OR AY.74 OR AY.75 OR AY.75.1 OR AY.75.2 OR AY.75.3 OR AY.76 OR AY.77 OR AY.78 OR AY.79 OR AY.80 OR AY.81 OR AY.82 OR AY.83 OR AY.84 OR AY.85 OR AY.86 OR AY.87 OR AY.88 OR AY.89 OR AY.90 OR AY.91 OR AY.91.1 OR AY.92 OR AY.93 OR AY.94 OR AY.95 OR AY.96 OR AY.97 OR AY.98 OR AY.98.1 OR AY.98.1.1 OR AY.99 OR AY.99.1 OR AY.99.2 OR AY.100 OR AY.101 OR AY.102 OR AY.102.1 OR AY.102.2 OR AY.103 OR AY.103.1 OR AY.103.2 OR AY.104 OR AY.105 OR AY.106 OR AY.107 OR AY.108 OR AY.109 OR AY.110 OR AY.111 OR AY.112 OR AY.112.1 OR AY.112.2 OR AY.112.3 OR AY.113 OR AY.114 OR AY.115 OR AY.116 OR AY.116.1 OR AY.117 OR AY.118 OR AY.119 OR AY.119.1 OR AY.119.2 OR AY.120 OR AY.120.1 OR AY.120.2 OR AY.120.2.1 OR AY.121 OR AY.121.1 OR AY.122 OR AY.122.1 OR AY.122.2 OR AY.122.3 OR AY.122.4 OR AY.122.5 OR AY.122.6 OR AY.123 OR AY.123.1 OR AY.124 OR AY.124.1 OR AY.124.1.1 OR AY.125 OR AY.125.1 OR AY.126 OR AY.127 OR AY.127.1 OR AY.127.2 OR AY.127.3 OR AY.128 OR AY.129 OR AY.130 OR AY.131 OR AY.132 OR AY.133 OR AY.134 OR B.1.617.2,Delta,25.0714285714286,23.6428571428571,0.943019943019943
2021-08-10,26,26,23,22.1428571428571,0.962732919254658,0.814224830305972,0.99526798009516,AY.1 OR AY.2 OR AY.3 OR AY.3.1 OR AY.3.2 OR AY.3.3 OR AY.3.4 OR AY.4 OR AY.4.1 OR AY.4.2 OR AY.4.2.1 OR AY.4.2.2 OR AY.4.2.3 OR AY.4.2.4 OR AY.4.2.5 OR AY.4.3 OR AY.4.4 OR AY.4.5 OR AY.4.6 OR AY.4.7 OR AY.4.8 OR AY.4.9 OR AY.4.10 OR AY.4.11 OR AY.4.12 OR AY.4.13 OR AY.4.14 OR AY.4.15 OR AY.4.16 OR AY.4.17 OR AY.5 OR AY.5.1 OR AY.5.2 OR AY.5.3 OR AY.5.4 OR AY.5.5 OR AY.5.6 OR AY.5.7 OR AY.6 OR AY.7 OR AY.7.1 OR AY.7.2 OR AY.8 OR AY.9 OR AY.9.1 OR AY.9.2 OR AY.9.2.1 OR AY.9.2.2 OR AY.10 OR AY.11 OR AY.12 OR AY.13 OR AY.14 OR AY.15 OR AY.16 OR AY.16.1 OR AY.17 OR AY.18 OR AY.19 OR AY.20 OR AY.20.1 OR AY.21 OR AY.22 OR AY.23 OR AY.23.1 OR AY.23.2 OR AY.24 OR AY.24.1 OR AY.25 OR AY.25.1 OR AY.25.1.1 OR AY.25.1.2 OR AY.25.2 OR AY.25.3 OR AY.26 OR AY.26.1 OR AY.27 OR AY.28 OR AY.29 OR AY.29.1 OR AY.29.2 OR AY.30 OR AY.31 OR AY.32 OR AY.33 OR AY.33.1 OR AY.33.2 OR AY.34 OR AY.34.1 OR AY.34.1.1 OR AY.34.2 OR AY.35 OR AY.36 OR AY.36.1 OR AY.37 OR AY.38 OR AY.39 OR AY.39.1 OR AY.39.1.1 OR AY.39.1.2 OR AY.39.1.3 OR AY.39.1.4 OR AY.39.2 OR AY.39.3 OR AY.39.4 OR AY.40 OR AY.41 OR AY.42 OR AY.42.1 OR AY.43 OR AY.43.1 OR AY.43.2 OR AY.43.3 OR AY.43.4 OR AY.43.5 OR AY.43.6 OR AY.43.7 OR AY.43.8 OR AY.43.9 OR AY.44 OR AY.45 OR AY.46 OR AY.46.1 OR AY.46.2 OR AY.46.3 OR AY.46.4 OR AY.46.5 OR AY.46.6 OR AY.46.6.1 OR AY.47 OR AY.48 OR AY.49 OR AY.50 OR AY.51 OR AY.52 OR AY.53 OR AY.54 OR AY.55 OR AY.56 OR AY.57 OR AY.58 OR AY.59 OR AY.60 OR AY.61 OR AY.62 OR AY.63 OR AY.64 OR AY.65 OR AY.66 OR AY.67 OR AY.68 OR AY.69 OR AY.70 OR AY.71 OR AY.72 OR AY.73 OR AY.74 OR AY.75 OR AY.75.1 OR AY.75.2 OR AY.75.3 OR AY.76 OR AY.77 OR AY.78 OR AY.79 OR AY.80 OR AY.81 OR AY.82 OR AY.83 OR AY.84 OR AY.85 OR AY.86 OR AY.87 OR AY.88 OR AY.89 OR AY.90 OR AY.91 OR AY.91.1 OR AY.92 OR AY.93 OR AY.94 OR AY.95 OR AY.96 OR AY.97 OR AY.98 OR AY.98.1 OR AY.98.1.1 OR AY.99 OR AY.99.1 OR AY.99.2 OR AY.100 OR AY.101 OR AY.102 OR AY.102.1 OR AY.102.2 OR AY.103 OR AY.103.1 OR AY.103.2 OR AY.104 OR AY.105 OR AY.106 OR AY.107 OR AY.108 OR AY.109 OR AY.110 OR AY.111 OR AY.112 OR AY.112.1 OR AY.112.2 OR AY.112.3 OR AY.113 OR AY.114 OR AY.115 OR AY.116 OR AY.116.1 OR AY.117 OR AY.118 OR AY.119 OR AY.119.1 OR AY.119.2 OR AY.120 OR AY.120.1 OR AY.120.2 OR AY.120.2.1 OR AY.121 OR AY.121.1 OR AY.122 OR AY.122.1 OR AY.122.2 OR AY.122.3 OR AY.122.4 OR AY.122.5 OR AY.122.6 OR AY.123 OR AY.123.1 OR AY.124 OR AY.124.1 OR AY.124.1.1 OR AY.125 OR AY.125.1 OR AY.126 OR AY.127 OR AY.127.1 OR AY.127.2 OR AY.127.3 OR AY.128 OR AY.129 OR AY.130 OR AY.131 OR AY.132 OR AY.133 OR AY.134 OR B.1.617.2,Delta,24.7857142857143,23.5,0.948126801152738
2021-08-11,28,28,21.1428571428571,20.4285714285714,0.966216216216216,0.798244031678317,0.994812956892098,AY.1 OR AY.2 OR AY.3 OR AY.3.1 OR AY.3.2 OR AY.3.3 OR AY.3.4 OR AY.4 OR AY.4.1 OR AY.4.2 OR AY.4.2.1 OR AY.4.2.2 OR AY.4.2.3 OR AY.4.2.4 OR AY.4.2.5 OR AY.4.3 OR AY.4.4 OR AY.4.5 OR AY.4.6 OR AY.4.7 OR AY.4.8 OR AY.4.9 OR AY.4.10 OR AY.4.11 OR AY.4.12 OR AY.4.13 OR AY.4.14 OR AY.4.15 OR AY.4.16 OR AY.4.17 OR AY.5 OR AY.5.1 OR AY.5.2 OR AY.5.3 OR AY.5.4 OR AY.5.5 OR AY.5.6 OR AY.5.7 OR AY.6 OR AY.7 OR AY.7.1 OR AY.7.2 OR AY.8 OR AY.9 OR AY.9.1 OR AY.9.2 OR AY.9.2.1 OR AY.9.2.2 OR AY.10 OR AY.11 OR AY.12 OR AY.13 OR AY.14 OR AY.15 OR AY.16 OR AY.16.1 OR AY.17 OR AY.18 OR AY.19 OR AY.20 OR AY.20.1 OR AY.21 OR AY.22 OR AY.23 OR AY.23.1 OR AY.23.2 OR AY.24 OR AY.24.1 OR AY.25 OR AY.25.1 OR AY.25.1.1 OR AY.25.1.2 OR AY.25.2 OR AY.25.3 OR AY.26 OR AY.26.1 OR AY.27 OR AY.28 OR AY.29 OR AY.29.1 OR AY.29.2 OR AY.30 OR AY.31 OR AY.32 OR AY.33 OR AY.33.1 OR AY.33.2 OR AY.34 OR AY.34.1 OR AY.34.1.1 OR AY.34.2 OR AY.35 OR AY.36 OR AY.36.1 OR AY.37 OR AY.38 OR AY.39 OR AY.39.1 OR AY.39.1.1 OR AY.39.1.2 OR AY.39.1.3 OR AY.39.1.4 OR AY.39.2 OR AY.39.3 OR AY.39.4 OR AY.40 OR AY.41 OR AY.42 OR AY.42.1 OR AY.43 OR AY.43.1 OR AY.43.2 OR AY.43.3 OR AY.43.4 OR AY.43.5 OR AY.43.6 OR AY.43.7 OR AY.43.8 OR AY.43.9 OR AY.44 OR AY.45 OR AY.46 OR AY.46.1 OR AY.46.2 OR AY.46.3 OR AY.46.4 OR AY.46.5 OR AY.46.6 OR AY.46.6.1 OR AY.47 OR AY.48 OR AY.49 OR AY.50 OR AY.51 OR AY.52 OR AY.53 OR AY.54 OR AY.55 OR AY.56 OR AY.57 OR AY.58 OR AY.59 OR AY.60 OR AY.61 OR AY.62 OR AY.63 OR AY.64 OR AY.65 OR AY.66 OR AY.67 OR AY.68 OR AY.69 OR AY.70 OR AY.71 OR AY.72 OR AY.73 OR AY.74 OR AY.75 OR AY.75.1 OR AY.75.2 OR AY.75.3 OR AY.76 OR AY.77 OR AY.78 OR AY.79 OR AY.80 OR AY.81 OR AY.82 OR AY.83 OR AY.84 OR AY.85 OR AY.86 OR AY.87 OR AY.88 OR AY.89 OR AY.90 OR AY.91 OR AY.91.1 OR AY.92 OR AY.93 OR AY.94 OR AY.95 OR AY.96 OR AY.97 OR AY.98 OR AY.98.1 OR AY.98.1.1 OR AY.99 OR AY.99.1 OR AY.99.2 OR AY.100 OR AY.101 OR AY.102 OR AY.102.1 OR AY.102.2 OR AY.103 OR AY.103.1 OR AY.103.2 OR AY.104 OR AY.105 OR AY.106 OR AY.107 OR AY.108 OR AY.109 OR AY.110 OR AY.111 OR AY.112 OR AY.112.1 OR AY.112.2 OR AY.112.3 OR AY.113 OR AY.114 OR AY.115 OR AY.116 OR AY.116.1 OR AY.117 OR AY.118 OR AY.119 OR AY.119.1 OR AY.119.2 OR AY.120 OR AY.120.1 OR AY.120.2 OR AY.120.2.1 OR AY.121 OR AY.121.1 OR AY.122 OR AY.122.1 OR AY.122.2 OR AY.122.3 OR AY.122.4 OR AY.122.5 OR AY.122.6 OR AY.123 OR AY.123.1 OR AY.124 OR AY.124.1 OR AY.124.1.1 OR AY.125 OR AY.125.1 OR AY.126 OR AY.127 OR AY.127.1 OR AY.127.2 OR AY.127.3 OR AY.128 OR AY.129 OR AY.130 OR AY.131 OR AY.132 OR AY.133 OR AY.134 OR B.1.617.2,Delta,23.9285714285714,22.7857142857143,0.952238805970149
2021-08-12,18,18,20.8571428571429,20.1428571428571,0.965753424657534,0.798244031678317,0.994812956892098,AY.1 OR AY.2 OR AY.3 OR AY.3.1 OR AY.3.2 OR AY.3.3 OR AY.3.4 OR AY.4 OR AY.4.1 OR AY.4.2 OR AY.4.2.1 OR AY.4.2.2 OR AY.4.2.3 OR AY.4.2.4 OR AY.4.2.5 OR AY.4.3 OR AY.4.4 OR AY.4.5 OR AY.4.6 OR AY.4.7 OR AY.4.8 OR AY.4.9 OR AY.4.10 OR AY.4.11 OR AY.4.12 OR AY.4.13 OR AY.4.14 OR AY.4.15 OR AY.4.16 OR AY.4.17 OR AY.5 OR AY.5.1 OR AY.5.2 OR AY.5.3 OR AY.5.4 OR AY.5.5 OR AY.5.6 OR AY.5.7 OR AY.6 OR AY.7 OR AY.7.1 OR AY.7.2 OR AY.8 OR AY.9 OR AY.9.1 OR AY.9.2 OR AY.9.2.1 OR AY.9.2.2 OR AY.10 OR AY.11 OR AY.12 OR AY.13 OR AY.14 OR AY.15 OR AY.16 OR AY.16.1 OR AY.17 OR AY.18 OR AY.19 OR AY.20 OR AY.20.1 OR AY.21 OR AY.22 OR AY.23 OR AY.23.1 OR AY.23.2 OR AY.24 OR AY.24.1 OR AY.25 OR AY.25.1 OR AY.25.1.1 OR AY.25.1.2 OR AY.25.2 OR AY.25.3 OR AY.26 OR AY.26.1 OR AY.27 OR AY.28 OR AY.29 OR AY.29.1 OR AY.29.2 OR AY.30 OR AY.31 OR AY.32 OR AY.33 OR AY.33.1 OR AY.33.2 OR AY.34 OR AY.34.1 OR AY.34.1.1 OR AY.34.2 OR AY.35 OR AY.36 OR AY.36.1 OR AY.37 OR AY.38 OR AY.39 OR AY.39.1 OR AY.39.1.1 OR AY.39.1.2 OR AY.39.1.3 OR AY.39.1.4 OR AY.39.2 OR AY.39.3 OR AY.39.4 OR AY.40 OR AY.41 OR AY.42 OR AY.42.1 OR AY.43 OR AY.43.1 OR AY.43.2 OR AY.43.3 OR AY.43.4 OR AY.43.5 OR AY.43.6 OR AY.43.7 OR AY.43.8 OR AY.43.9 OR AY.44 OR AY.45 OR AY.46 OR AY.46.1 OR AY.46.2 OR AY.46.3 OR AY.46.4 OR AY.46.5 OR AY.46.6 OR AY.46.6.1 OR AY.47 OR AY.48 OR AY.49 OR AY.50 OR AY.51 OR AY.52 OR AY.53 OR AY.54 OR AY.55 OR AY.56 OR AY.57 OR AY.58 OR AY.59 OR AY.60 OR AY.61 OR AY.62 OR AY.63 OR AY.64 OR AY.65 OR AY.66 OR AY.67 OR AY.68 OR AY.69 OR AY.70 OR AY.71 OR AY.72 OR AY.73 OR AY.74 OR AY.75 OR AY.75.1 OR AY.75.2 OR AY.75.3 OR AY.76 OR AY.77 OR AY.78 OR AY.79 OR AY.80 OR AY.81 OR AY.82 OR AY.83 OR AY.84 OR AY.85 OR AY.86 OR AY.87 OR AY.88 OR AY.89 OR AY.90 OR AY.91 OR AY.91.1 OR AY.92 OR AY.93 OR AY.94 OR AY.95 OR AY.96 OR AY.97 OR AY.98 OR AY.98.1 OR AY.98.1.1 OR AY.99 OR AY.99.1 OR AY.99.2 OR AY.100 OR AY.101 OR AY.102 OR AY.102.1 OR AY.102.2 OR AY.103 OR AY.103.1 OR AY.103.2 OR AY.104 OR AY.105 OR AY.106 OR AY.107 OR AY.108 OR AY.109 OR AY.110 OR AY.111 OR AY.112 OR AY.112.1 OR AY.112.2 OR AY.112.3 OR AY.113 OR AY.114 OR AY.115 OR AY.116 OR AY.116.1 OR AY.117 OR AY.118 OR AY.119 OR AY.119.1 OR AY.119.2 OR AY.120 OR AY.120.1 OR AY.120.2 OR AY.120.2.1 OR AY.121 OR AY.121.1 OR AY.122 OR AY.122.1 OR AY.122.2 OR AY.122.3 OR AY.122.4 OR AY.122.5 OR AY.122.6 OR AY.123 OR AY.123.1 OR AY.124 OR AY.124.1 OR AY.124.1.1 OR AY.125 OR AY.125.1 OR AY.126 OR AY.127 OR AY.127.1 OR AY.127.2 OR AY.127.3 OR AY.128 OR AY.129 OR AY.130 OR AY.131 OR AY.132 OR AY.133 OR AY.134 OR B.1.617.2,Delta,23.1428571428571,22.1428571428571,0.95679012345679
2021-08-13,33,33,21.5714285714286,21.1428571428571,0.980132450331126,0.80656263531669,0.995050906450814,AY.1 OR AY.2 OR AY.3 OR AY.3.1 OR AY.3.2 OR AY.3.3 OR AY.3.4 OR AY.4 OR AY.4.1 OR AY.4.2 OR AY.4.2.1 OR AY.4.2.2 OR AY.4.2.3 OR AY.4.2.4 OR AY.4.2.5 OR AY.4.3 OR AY.4.4 OR AY.4.5 OR AY.4.6 OR AY.4.7 OR AY.4.8 OR AY.4.9 OR AY.4.10 OR AY.4.11 OR AY.4.12 OR AY.4.13 OR AY.4.14 OR AY.4.15 OR AY.4.16 OR AY.4.17 OR AY.5 OR AY.5.1 OR AY.5.2 OR AY.5.3 OR AY.5.4 OR AY.5.5 OR AY.5.6 OR AY.5.7 OR AY.6 OR AY.7 OR AY.7.1 OR AY.7.2 OR AY.8 OR AY.9 OR AY.9.1 OR AY.9.2 OR AY.9.2.1 OR AY.9.2.2 OR AY.10 OR AY.11 OR AY.12 OR AY.13 OR AY.14 OR AY.15 OR AY.16 OR AY.16.1 OR AY.17 OR AY.18 OR AY.19 OR AY.20 OR AY.20.1 OR AY.21 OR AY.22 OR AY.23 OR AY.23.1 OR AY.23.2 OR AY.24 OR AY.24.1 OR AY.25 OR AY.25.1 OR AY.25.1.1 OR AY.25.1.2 OR AY.25.2 OR AY.25.3 OR AY.26 OR AY.26.1 OR AY.27 OR AY.28 OR AY.29 OR AY.29.1 OR AY.29.2 OR AY.30 OR AY.31 OR AY.32 OR AY.33 OR AY.33.1 OR AY.33.2 OR AY.34 OR AY.34.1 OR AY.34.1.1 OR AY.34.2 OR AY.35 OR AY.36 OR AY.36.1 OR AY.37 OR AY.38 OR AY.39 OR AY.39.1 OR AY.39.1.1 OR AY.39.1.2 OR AY.39.1.3 OR AY.39.1.4 OR AY.39.2 OR AY.39.3 OR AY.39.4 OR AY.40 OR AY.41 OR AY.42 OR AY.42.1 OR AY.43 OR AY.43.1 OR AY.43.2 OR AY.43.3 OR AY.43.4 OR AY.43.5 OR AY.43.6 OR AY.43.7 OR AY.43.8 OR AY.43.9 OR AY.44 OR AY.45 OR AY.46 OR AY.46.1 OR AY.46.2 OR AY.46.3 OR AY.46.4 OR AY.46.5 OR AY.46.6 OR AY.46.6.1 OR AY.47 OR AY.48 OR AY.49 OR AY.50 OR AY.51 OR AY.52 OR AY.53 OR AY.54 OR AY.55 OR AY.56 OR AY.57 OR AY.58 OR AY.59 OR AY.60 OR AY.61 OR AY.62 OR AY.63 OR AY.64 OR AY.65 OR AY.66 OR AY.67 OR AY.68 OR AY.69 OR AY.70 OR AY.71 OR AY.72 OR AY.73 OR AY.74 OR AY.75 OR AY.75.1 OR AY.75.2 OR AY.75.3 OR AY.76 OR AY.77 OR AY.78 OR AY.79 OR AY.80 OR AY.81 OR AY.82 OR AY.83 OR AY.84 OR AY.85 OR AY.86 OR AY.87 OR AY.88 OR AY.89 OR AY.90 OR AY.91 OR AY.91.1 OR AY.92 OR AY.93 OR AY.94 OR AY.95 OR AY.96 OR AY.97 OR AY.98 OR AY.98.1 OR AY.98.1.1 OR AY.99 OR AY.99.1 OR AY.99.2 OR AY.100 OR AY.101 OR AY.102 OR AY.102.1 OR AY.102.2 OR AY.103 OR AY.103.1 OR AY.103.2 OR AY.104 OR AY.105 OR AY.106 OR AY.107 OR AY.108 OR AY.109 OR AY.110 OR AY.111 OR AY.112 OR AY.112.1 OR AY.112.2 OR AY.112.3 OR AY.113 OR AY.114 OR AY.115 OR AY.116 OR AY.116.1 OR AY.117 OR AY.118 OR AY.119 OR AY.119.1 OR AY.119.2 OR AY.120 OR AY.120.1 OR AY.120.2 OR AY.120.2.1 OR AY.121 OR AY.121.1 OR AY.122 OR AY.122.1 OR AY.122.2 OR AY.122.3 OR AY.122.4 OR AY.122.5 OR AY.122.6 OR AY.123 OR AY.123.1 OR AY.124 OR AY.124.1 OR AY.124.1.1 OR AY.125 OR AY.125.1 OR AY.126 OR AY.127 OR AY.127.1 OR AY.127.2 OR AY.127.3 OR AY.128 OR AY.129 OR AY.130 OR AY.131 OR AY.132 OR AY.133 OR AY.134 OR B.1.617.2,Delta,23.5,23,0.978723404255319
2021-08-14,25,25,22.5714285714286,22.1428571428571,0.981012658227848,0.814224830305972,0.99526798009516,AY.1 OR AY.2 OR AY.3 OR AY.3.1 OR AY.3.2 OR AY.3.3 OR AY.3.4 OR AY.4 OR AY.4.1 OR AY.4.2 OR AY.4.2.1 OR AY.4.2.2 OR AY.4.2.3 OR AY.4.2.4 OR AY.4.2.5 OR AY.4.3 OR AY.4.4 OR AY.4.5 OR AY.4.6 OR AY.4.7 OR AY.4.8 OR AY.4.9 OR AY.4.10 OR AY.4.11 OR AY.4.12 OR AY.4.13 OR AY.4.14 OR AY.4.15 OR AY.4.16 OR AY.4.17 OR AY.5 OR AY.5.1 OR AY.5.2 OR AY.5.3 OR AY.5.4 OR AY.5.5 OR AY.5.6 OR AY.5.7 OR AY.6 OR AY.7 OR AY.7.1 OR AY.7.2 OR AY.8 OR AY.9 OR AY.9.1 OR AY.9.2 OR AY.9.2.1 OR AY.9.2.2 OR AY.10 OR AY.11 OR AY.12 OR AY.13 OR AY.14 OR AY.15 OR AY.16 OR AY.16.1 OR AY.17 OR AY.18 OR AY.19 OR AY.20 OR AY.20.1 OR AY.21 OR AY.22 OR AY.23 OR AY.23.1 OR AY.23.2 OR AY.24 OR AY.24.1 OR AY.25 OR AY.25.1 OR AY.25.1.1 OR AY.25.1.2 OR AY.25.2 OR AY.25.3 OR AY.26 OR AY.26.1 OR AY.27 OR AY.28 OR AY.29 OR AY.29.1 OR AY.29.2 OR AY.30 OR AY.31 OR AY.32 OR AY.33 OR AY.33.1 OR AY.33.2 OR AY.34 OR AY.34.1 OR AY.34.1.1 OR AY.34.2 OR AY.35 OR AY.36 OR AY.36.1 OR AY.37 OR AY.38 OR AY.39 OR AY.39.1 OR AY.39.1.1 OR AY.39.1.2 OR AY.39.1.3 OR AY.39.1.4 OR AY.39.2 OR AY.39.3 OR AY.39.4 OR AY.40 OR AY.41 OR AY.42 OR AY.42.1 OR AY.43 OR AY.43.1 OR AY.43.2 OR AY.43.3 OR AY.43.4 OR AY.43.5 OR AY.43.6 OR AY.43.7 OR AY.43.8 OR AY.43.9 OR AY.44 OR AY.45 OR AY.46 OR AY.46.1 OR AY.46.2 OR AY.46.3 OR AY.46.4 OR AY.46.5 OR AY.46.6 OR AY.46.6.1 OR AY.47 OR AY.48 OR AY.49 OR AY.50 OR AY.51 OR AY.52 OR AY.53 OR AY.54 OR AY.55 OR AY.56 OR AY.57 OR AY.58 OR AY.59 OR AY.60 OR AY.61 OR AY.62 OR AY.63 OR AY.64 OR AY.65 OR AY.66 OR AY.67 OR AY.68 OR AY.69 OR AY.70 OR AY.71 OR AY.72 OR AY.73 OR AY.74 OR AY.75 OR AY.75.1 OR AY.75.2 OR AY.75.3 OR AY.76 OR AY.77 OR AY.78 OR AY.79 OR AY.80 OR AY.81 OR AY.82 OR AY.83 OR AY.84 OR AY.85 OR AY.86 OR AY.87 OR AY.88 OR AY.89 OR AY.90 OR AY.91 OR AY.91.1 OR AY.92 OR AY.93 OR AY.94 OR AY.95 OR AY.96 OR AY.97 OR AY.98 OR AY.98.1 OR AY.98.1.1 OR AY.99 OR AY.99.1 OR AY.99.2 OR AY.100 OR AY.101 OR AY.102 OR AY.102.1 OR AY.102.2 OR AY.103 OR AY.103.1 OR AY.103.2 OR AY.104 OR AY.105 OR AY.106 OR AY.107 OR AY.108 OR AY.109 OR AY.110 OR AY.111 OR AY.112 OR AY.112.1 OR AY.112.2 OR AY.112.3 OR AY.113 OR AY.114 OR AY.115 OR AY.116 OR AY.116.1 OR AY.117 OR AY.118 OR AY.119 OR AY.119.1 OR AY.119.2 OR AY.120 OR AY.120.1 OR AY.120.2 OR AY.120.2.1 OR AY.121 OR AY.121.1 OR AY.122 OR AY.122.1 OR AY.122.2 OR AY.122.3 OR AY.122.4 OR AY.122.5 OR AY.122.6 OR AY.123 OR AY.123.1 OR AY.124 OR AY.124.1 OR AY.124.1.1 OR AY.125 OR AY.125.1 OR AY.126 OR AY.127 OR AY.127.1 OR AY.127.2 OR AY.127.3 OR AY.128 OR AY.129 OR AY.130 OR AY.131 OR AY.132 OR AY.133 OR AY.134 OR B.1.617.2,Delta,24,23.5,0.979166666666667
2021-08-15,11,11,22.7142857142857,22.5714285714286,0.993710691823899,0.897606171908392,0.999978881677983,AY.1 OR AY.2 OR AY.3 OR AY.3.1 OR AY.3.2 OR AY.3.3 OR AY.3.4 OR AY.4 OR AY.4.1 OR AY.4.2 OR AY.4.2.1 OR AY.4.2.2 OR AY.4.2.3 OR AY.4.2.4 OR AY.4.2.5 OR AY.4.3 OR AY.4.4 OR AY.4.5 OR AY.4.6 OR AY.4.7 OR AY.4.8 OR AY.4.9 OR AY.4.10 OR AY.4.11 OR AY.4.12 OR AY.4.13 OR AY.4.14 OR AY.4.15 OR AY.4.16 OR AY.4.17 OR AY.5 OR AY.5.1 OR AY.5.2 OR AY.5.3 OR AY.5.4 OR AY.5.5 OR AY.5.6 OR AY.5.7 OR AY.6 OR AY.7 OR AY.7.1 OR AY.7.2 OR AY.8 OR AY.9 OR AY.9.1 OR AY.9.2 OR AY.9.2.1 OR AY.9.2.2 OR AY.10 OR AY.11 OR AY.12 OR AY.13 OR AY.14 OR AY.15 OR AY.16 OR AY.16.1 OR AY.17 OR AY.18 OR AY.19 OR AY.20 OR AY.20.1 OR AY.21 OR AY.22 OR AY.23 OR AY.23.1 OR AY.23.2 OR AY.24 OR AY.24.1 OR AY.25 OR AY.25.1 OR AY.25.1.1 OR AY.25.1.2 OR AY.25.2 OR AY.25.3 OR AY.26 OR AY.26.1 OR AY.27 OR AY.28 OR AY.29 OR AY.29.1 OR AY.29.2 OR AY.30 OR AY.31 OR AY.32 OR AY.33 OR AY.33.1 OR AY.33.2 OR AY.34 OR AY.34.1 OR AY.34.1.1 OR AY.34.2 OR AY.35 OR AY.36 OR AY.36.1 OR AY.37 OR AY.38 OR AY.39 OR AY.39.1 OR AY.39.1.1 OR AY.39.1.2 OR AY.39.1.3 OR AY.39.1.4 OR AY.39.2 OR AY.39.3 OR AY.39.4 OR AY.40 OR AY.41 OR AY.42 OR AY.42.1 OR AY.43 OR AY.43.1 OR AY.43.2 OR AY.43.3 OR AY.43.4 OR AY.43.5 OR AY.43.6 OR AY.43.7 OR AY.43.8 OR AY.43.9 OR AY.44 OR AY.45 OR AY.46 OR AY.46.1 OR AY.46.2 OR AY.46.3 OR AY.46.4 OR AY.46.5 OR AY.46.6 OR AY.46.6.1 OR AY.47 OR AY.48 OR AY.49 OR AY.50 OR AY.51 OR AY.52 OR AY.53 OR AY.54 OR AY.55 OR AY.56 OR AY.57 OR AY.58 OR AY.59 OR AY.60 OR AY.61 OR AY.62 OR AY.63 OR AY.64 OR AY.65 OR AY.66 OR AY.67 OR AY.68 OR AY.69 OR AY.70 OR AY.71 OR AY.72 OR AY.73 OR AY.74 OR AY.75 OR AY.75.1 OR AY.75.2 OR AY.75.3 OR AY.76 OR AY.77 OR AY.78 OR AY.79 OR AY.80 OR AY.81 OR AY.82 OR AY.83 OR AY.84 OR AY.85 OR AY.86 OR AY.87 OR AY.88 OR AY.89 OR AY.90 OR AY.91 OR AY.91.1 OR AY.92 OR AY.93 OR AY.94 OR AY.95 OR AY.96 OR AY.97 OR AY.98 OR AY.98.1 OR AY.98.1.1 OR AY.99 OR AY.99.1 OR AY.99.2 OR AY.100 OR AY.101 OR AY.102 OR AY.102.1 OR AY.102.2 OR AY.103 OR AY.103.1 OR AY.103.2 OR AY.104 OR AY.105 OR AY.106 OR AY.107 OR AY.108 OR AY.109 OR AY.110 OR AY.111 OR AY.112 OR AY.112.1 OR AY.112.2 OR AY.112.3 OR AY.113 OR AY.114 OR AY.115 OR AY.116 OR AY.116.1 OR AY.117 OR AY.118 OR AY.119 OR AY.119.1 OR AY.119.2 OR AY.120 OR AY.120.1 OR AY.120.2 OR AY.120.2.1 OR AY.121 OR AY.121.1 OR AY.122 OR AY.122.1 OR AY.122.2 OR AY.122.3 OR AY.122.4 OR AY.122.5 OR AY.122.6 OR AY.123 OR AY.123.1 OR AY.124 OR AY.124.1 OR AY.124.1.1 OR AY.125 OR AY.125.1 OR AY.126 OR AY.127 OR AY.127.1 OR AY.127.2 OR AY.127.3 OR AY.128 OR AY.129 OR AY.130 OR AY.131 OR AY.132 OR AY.133 OR AY.134 OR B.1.617.2,Delta,23.7857142857143,23.2857142857143,0.978978978978979
2021-08-16,56,55,28.1428571428571,28,0.99492385786802,0.914928799967665,0.999982619077463,AY.1 OR AY.2 OR AY.3 OR AY.3.1 OR AY.3.2 OR AY.3.3 OR AY.3.4 OR AY.4 OR AY.4.1 OR AY.4.2 OR AY.4.2.1 OR AY.4.2.2 OR AY.4.2.3 OR AY.4.2.4 OR AY.4.2.5 OR AY.4.3 OR AY.4.4 OR AY.4.5 OR AY.4.6 OR AY.4.7 OR AY.4.8 OR AY.4.9 OR AY.4.10 OR AY.4.11 OR AY.4.12 OR AY.4.13 OR AY.4.14 OR AY.4.15 OR AY.4.16 OR AY.4.17 OR AY.5 OR AY.5.1 OR AY.5.2 OR AY.5.3 OR AY.5.4 OR AY.5.5 OR AY.5.6 OR AY.5.7 OR AY.6 OR AY.7 OR AY.7.1 OR AY.7.2 OR AY.8 OR AY.9 OR AY.9.1 OR AY.9.2 OR AY.9.2.1 OR AY.9.2.2 OR AY.10 OR AY.11 OR AY.12 OR AY.13 OR AY.14 OR AY.15 OR AY.16 OR AY.16.1 OR AY.17 OR AY.18 OR AY.19 OR AY.20 OR AY.20.1 OR AY.21 OR AY.22 OR AY.23 OR AY.23.1 OR AY.23.2 OR AY.24 OR AY.24.1 OR AY.25 OR AY.25.1 OR AY.25.1.1 OR AY.25.1.2 OR AY.25.2 OR AY.25.3 OR AY.26 OR AY.26.1 OR AY.27 OR AY.28 OR AY.29 OR AY.29.1 OR AY.29.2 OR AY.30 OR AY.31 OR AY.32 OR AY.33 OR AY.33.1 OR AY.33.2 OR AY.34 OR AY.34.1 OR AY.34.1.1 OR AY.34.2 OR AY.35 OR AY.36 OR AY.36.1 OR AY.37 OR AY.38 OR AY.39 OR AY.39.1 OR AY.39.1.1 OR AY.39.1.2 OR AY.39.1.3 OR AY.39.1.4 OR AY.39.2 OR AY.39.3 OR AY.39.4 OR AY.40 OR AY.41 OR AY.42 OR AY.42.1 OR AY.43 OR AY.43.1 OR AY.43.2 OR AY.43.3 OR AY.43.4 OR AY.43.5 OR AY.43.6 OR AY.43.7 OR AY.43.8 OR AY.43.9 OR AY.44 OR AY.45 OR AY.46 OR AY.46.1 OR AY.46.2 OR AY.46.3 OR AY.46.4 OR AY.46.5 OR AY.46.6 OR AY.46.6.1 OR AY.47 OR AY.48 OR AY.49 OR AY.50 OR AY.51 OR AY.52 OR AY.53 OR AY.54 OR AY.55 OR AY.56 OR AY.57 OR AY.58 OR AY.59 OR AY.60 OR AY.61 OR AY.62 OR AY.63 OR AY.64 OR AY.65 OR AY.66 OR AY.67 OR AY.68 OR AY.69 OR AY.70 OR AY.71 OR AY.72 OR AY.73 OR AY.74 OR AY.75 OR AY.75.1 OR AY.75.2 OR AY.75.3 OR AY.76 OR AY.77 OR AY.78 OR AY.79 OR AY.80 OR AY.81 OR AY.82 OR AY.83 OR AY.84 OR AY.85 OR AY.86 OR AY.87 OR AY.88 OR AY.89 OR AY.90 OR AY.91 OR AY.91.1 OR AY.92 OR AY.93 OR AY.94 OR AY.95 OR AY.96 OR AY.97 OR AY.98 OR AY.98.1 OR AY.98.1.1 OR AY.99 OR AY.99.1 OR AY.99.2 OR AY.100 OR AY.101 OR AY.102 OR AY.102.1 OR AY.102.2 OR AY.103 OR AY.103.1 OR AY.103.2 OR AY.104 OR AY.105 OR AY.106 OR AY.107 OR AY.108 OR AY.109 OR AY.110 OR AY.111 OR AY.112 OR AY.112.1 OR AY.112.2 OR AY.112.3 OR AY.113 OR AY.114 OR AY.115 OR AY.116 OR AY.116.1 OR AY.117 OR AY.118 OR AY.119 OR AY.119.1 OR AY.119.2 OR AY.120 OR AY.120.1 OR AY.120.2 OR AY.120.2.1 OR AY.121 OR AY.121.1 OR AY.122 OR AY.122.1 OR AY.122.2 OR AY.122.3 OR AY.122.4 OR AY.122.5 OR AY.122.6 OR AY.123 OR AY.123.1 OR AY.124 OR AY.124.1 OR AY.124.1.1 OR AY.125 OR AY.125.1 OR AY.126 OR AY.127 OR AY.127.1 OR AY.127.2 OR AY.127.3 OR AY.128 OR AY.129 OR AY.130 OR AY.131 OR AY.132 OR AY.133 OR AY.134 OR B.1.617.2,Delta,25.9285714285714,25.3571428571429,0.977961432506887
2021-08-17,62,62,33.2857142857143,33.1428571428572,0.995708154506438,0.927241294687374,0.999985232569895,AY.1 OR AY.2 OR AY.3 OR AY.3.1 OR AY.3.2 OR AY.3.3 OR AY.3.4 OR AY.4 OR AY.4.1 OR AY.4.2 OR AY.4.2.1 OR AY.4.2.2 OR AY.4.2.3 OR AY.4.2.4 OR AY.4.2.5 OR AY.4.3 OR AY.4.4 OR AY.4.5 OR AY.4.6 OR AY.4.7 OR AY.4.8 OR AY.4.9 OR AY.4.10 OR AY.4.11 OR AY.4.12 OR AY.4.13 OR AY.4.14 OR AY.4.15 OR AY.4.16 OR AY.4.17 OR AY.5 OR AY.5.1 OR AY.5.2 OR AY.5.3 OR AY.5.4 OR AY.5.5 OR AY.5.6 OR AY.5.7 OR AY.6 OR AY.7 OR AY.7.1 OR AY.7.2 OR AY.8 OR AY.9 OR AY.9.1 OR AY.9.2 OR AY.9.2.1 OR AY.9.2.2 OR AY.10 OR AY.11 OR AY.12 OR AY.13 OR AY.14 OR AY.15 OR AY.16 OR AY.16.1 OR AY.17 OR AY.18 OR AY.19 OR AY.20 OR AY.20.1 OR AY.21 OR AY.22 OR AY.23 OR AY.23.1 OR AY.23.2 OR AY.24 OR AY.24.1 OR AY.25 OR AY.25.1 OR AY.25.1.1 OR AY.25.1.2 OR AY.25.2 OR AY.25.3 OR AY.26 OR AY.26.1 OR AY.27 OR AY.28 OR AY.29 OR AY.29.1 OR AY.29.2 OR AY.30 OR AY.31 OR AY.32 OR AY.33 OR AY.33.1 OR AY.33.2 OR AY.34 OR AY.34.1 OR AY.34.1.1 OR AY.34.2 OR AY.35 OR AY.36 OR AY.36.1 OR AY.37 OR AY.38 OR AY.39 OR AY.39.1 OR AY.39.1.1 OR AY.39.1.2 OR AY.39.1.3 OR AY.39.1.4 OR AY.39.2 OR AY.39.3 OR AY.39.4 OR AY.40 OR AY.41 OR AY.42 OR AY.42.1 OR AY.43 OR AY.43.1 OR AY.43.2 OR AY.43.3 OR AY.43.4 OR AY.43.5 OR AY.43.6 OR AY.43.7 OR AY.43.8 OR AY.43.9 OR AY.44 OR AY.45 OR AY.46 OR AY.46.1 OR AY.46.2 OR AY.46.3 OR AY.46.4 OR AY.46.5 OR AY.46.6 OR AY.46.6.1 OR AY.47 OR AY.48 OR AY.49 OR AY.50 OR AY.51 OR AY.52 OR AY.53 OR AY.54 OR AY.55 OR AY.56 OR AY.57 OR AY.58 OR AY.59 OR AY.60 OR AY.61 OR AY.62 OR AY.63 OR AY.64 OR AY.65 OR AY.66 OR AY.67 OR AY.68 OR AY.69 OR AY.70 OR AY.71 OR AY.72 OR AY.73 OR AY.74 OR AY.75 OR AY.75.1 OR AY.75.2 OR AY.75.3 OR AY.76 OR AY.77 OR AY.78 OR AY.79 OR AY.80 OR AY.81 OR AY.82 OR AY.83 OR AY.84 OR AY.85 OR AY.86 OR AY.87 OR AY.88 OR AY.89 OR AY.90 OR AY.91 OR AY.91.1 OR AY.92 OR AY.93 OR AY.94 OR AY.95 OR AY.96 OR AY.97 OR AY.98 OR AY.98.1 OR AY.98.1.1 OR AY.99 OR AY.99.1 OR AY.99.2 OR AY.100 OR AY.101 OR AY.102 OR AY.102.1 OR AY.102.2 OR AY.103 OR AY.103.1 OR AY.103.2 OR AY.104 OR AY.105 OR AY.106 OR AY.107 OR AY.108 OR AY.109 OR AY.110 OR AY.111 OR AY.112 OR AY.112.1 OR AY.112.2 OR AY.112.3 OR AY.113 OR AY.114 OR AY.115 OR AY.116 OR AY.116.1 OR AY.117 OR AY.118 OR AY.119 OR AY.119.1 OR AY.119.2 OR AY.120 OR AY.120.1 OR AY.120.2 OR AY.120.2.1 OR AY.121 OR AY.121.1 OR AY.122 OR AY.122.1 OR AY.122.2 OR AY.122.3 OR AY.122.4 OR AY.122.5 OR AY.122.6 OR AY.123 OR AY.123.1 OR AY.124 OR AY.124.1 OR AY.124.1.1 OR AY.125 OR AY.125.1 OR AY.126 OR AY.127 OR AY.127.1 OR AY.127.2 OR AY.127.3 OR AY.128 OR AY.129 OR AY.130 OR AY.131 OR AY.132 OR AY.133 OR AY.134 OR B.1.617.2,Delta,28.1428571428571,27.6428571428571,0.982233502538071
2021-08-18,230,229,62.1428571428572,61.8571428571429,0.995402298850575,0.960451656921745,0.999992111989382,AY.1 OR AY.2 OR AY.3 OR AY.3.1 OR AY.3.2 OR AY.3.3 OR AY.3.4 OR AY.4 OR AY.4.1 OR AY.4.2 OR AY.4.2.1 OR AY.4.2.2 OR AY.4.2.3 OR AY.4.2.4 OR AY.4.2.5 OR AY.4.3 OR AY.4.4 OR AY.4.5 OR AY.4.6 OR AY.4.7 OR AY.4.8 OR AY.4.9 OR AY.4.10 OR AY.4.11 OR AY.4.12 OR AY.4.13 OR AY.4.14 OR AY.4.15 OR AY.4.16 OR AY.4.17 OR AY.5 OR AY.5.1 OR AY.5.2 OR AY.5.3 OR AY.5.4 OR AY.5.5 OR AY.5.6 OR AY.5.7 OR AY.6 OR AY.7 OR AY.7.1 OR AY.7.2 OR AY.8 OR AY.9 OR AY.9.1 OR AY.9.2 OR AY.9.2.1 OR AY.9.2.2 OR AY.10 OR AY.11 OR AY.12 OR AY.13 OR AY.14 OR AY.15 OR AY.16 OR AY.16.1 OR AY.17 OR AY.18 OR AY.19 OR AY.20 OR AY.20.1 OR AY.21 OR AY.22 OR AY.23 OR AY.23.1 OR AY.23.2 OR AY.24 OR AY.24.1 OR AY.25 OR AY.25.1 OR AY.25.1.1 OR AY.25.1.2 OR AY.25.2 OR AY.25.3 OR AY.26 OR AY.26.1 OR AY.27 OR AY.28 OR AY.29 OR AY.29.1 OR AY.29.2 OR AY.30 OR AY.31 OR AY.32 OR AY.33 OR AY.33.1 OR AY.33.2 OR AY.34 OR AY.34.1 OR AY.34.1.1 OR AY.34.2 OR AY.35 OR AY.36 OR AY.36.1 OR AY.37 OR AY.38 OR AY.39 OR AY.39.1 OR AY.39.1.1 OR AY.39.1.2 OR AY.39.1.3 OR AY.39.1.4 OR AY.39.2 OR AY.39.3 OR AY.39.4 OR AY.40 OR AY.41 OR AY.42 OR AY.42.1 OR AY.43 OR AY.43.1 OR AY.43.2 OR AY.43.3 OR AY.43.4 OR AY.43.5 OR AY.43.6 OR AY.43.7 OR AY.43.8 OR AY.43.9 OR AY.44 OR AY.45 OR AY.46 OR AY.46.1 OR AY.46.2 OR AY.46.3 OR AY.46.4 OR AY.46.5 OR AY.46.6 OR AY.46.6.1 OR AY.47 OR AY.48 OR AY.49 OR AY.50 OR AY.51 OR AY.52 OR AY.53 OR AY.54 OR AY.55 OR AY.56 OR AY.57 OR AY.58 OR AY.59 OR AY.60 OR AY.61 OR AY.62 OR AY.63 OR AY.64 OR AY.65 OR AY.66 OR AY.67 OR AY.68 OR AY.69 OR AY.70 OR AY.71 OR AY.72 OR AY.73 OR AY.74 OR AY.75 OR AY.75.1 OR AY.75.2 OR AY.75.3 OR AY.76 OR AY.77 OR AY.78 OR AY.79 OR AY.80 OR AY.81 OR AY.82 OR AY.83 OR AY.84 OR AY.85 OR AY.86 OR AY.87 OR AY.88 OR AY.89 OR AY.90 OR AY.91 OR AY.91.1 OR AY.92 OR AY.93 OR AY.94 OR AY.95 OR AY.96 OR AY.97 OR AY.98 OR AY.98.1 OR AY.98.1.1 OR AY.99 OR AY.99.1 OR AY.99.2 OR AY.100 OR AY.101 OR AY.102 OR AY.102.1 OR AY.102.2 OR AY.103 OR AY.103.1 OR AY.103.2 OR AY.104 OR AY.105 OR AY.106 OR AY.107 OR AY.108 OR AY.109 OR AY.110 OR AY.111 OR AY.112 OR AY.112.1 OR AY.112.2 OR AY.112.3 OR AY.113 OR AY.114 OR AY.115 OR AY.116 OR AY.116.1 OR AY.117 OR AY.118 OR AY.119 OR AY.119.1 OR AY.119.2 OR AY.120 OR AY.120.1 OR AY.120.2 OR AY.120.2.1 OR AY.121 OR AY.121.1 OR AY.122 OR AY.122.1 OR AY.122.2 OR AY.122.3 OR AY.122.4 OR AY.122.5 OR AY.122.6 OR AY.123 OR AY.123.1 OR AY.124 OR AY.124.1 OR AY.124.1.1 OR AY.125 OR AY.125.1 OR AY.126 OR AY.127 OR AY.127.1 OR AY.127.2 OR AY.127.3 OR AY.128 OR AY.129 OR AY.130 OR AY.131 OR AY.132 OR AY.133 OR AY.134 OR B.1.617.2,Delta,41.6428571428571,41.1428571428572,0.987993138936535
2021-08-19,106,106,74.7142857142857,74.4285714285714,0.996175908221798,0.939382250168235,0.998557580546315,AY.1 OR AY.2 OR AY.3 OR AY.3.1 OR AY.3.2 OR AY.3.3 OR AY.3.4 OR AY.4 OR AY.4.1 OR AY.4.2 OR AY.4.2.1 OR AY.4.2.2 OR AY.4.2.3 OR AY.4.2.4 OR AY.4.2.5 OR AY.4.3 OR AY.4.4 OR AY.4.5 OR AY.4.6 OR AY.4.7 OR AY.4.8 OR AY.4.9 OR AY.4.10 OR AY.4.11 OR AY.4.12 OR AY.4.13 OR AY.4.14 OR AY.4.15 OR AY.4.16 OR AY.4.17 OR AY.5 OR AY.5.1 OR AY.5.2 OR AY.5.3 OR AY.5.4 OR AY.5.5 OR AY.5.6 OR AY.5.7 OR AY.6 OR AY.7 OR AY.7.1 OR AY.7.2 OR AY.8 OR AY.9 OR AY.9.1 OR AY.9.2 OR AY.9.2.1 OR AY.9.2.2 OR AY.10 OR AY.11 OR AY.12 OR AY.13 OR AY.14 OR AY.15 OR AY.16 OR AY.16.1 OR AY.17 OR AY.18 OR AY.19 OR AY.20 OR AY.20.1 OR AY.21 OR AY.22 OR AY.23 OR AY.23.1 OR AY.23.2 OR AY.24 OR AY.24.1 OR AY.25 OR AY.25.1 OR AY.25.1.1 OR AY.25.1.2 OR AY.25.2 OR AY.25.3 OR AY.26 OR AY.26.1 OR AY.27 OR AY.28 OR AY.29 OR AY.29.1 OR AY.29.2 OR AY.30 OR AY.31 OR AY.32 OR AY.33 OR AY.33.1 OR AY.33.2 OR AY.34 OR AY.34.1 OR AY.34.1.1 OR AY.34.2 OR AY.35 OR AY.36 OR AY.36.1 OR AY.37 OR AY.38 OR AY.39 OR AY.39.1 OR AY.39.1.1 OR AY.39.1.2 OR AY.39.1.3 OR AY.39.1.4 OR AY.39.2 OR AY.39.3 OR AY.39.4 OR AY.40 OR AY.41 OR AY.42 OR AY.42.1 OR AY.43 OR AY.43.1 OR AY.43.2 OR AY.43.3 OR AY.43.4 OR AY.43.5 OR AY.43.6 OR AY.43.7 OR AY.43.8 OR AY.43.9 OR AY.44 OR AY.45 OR AY.46 OR AY.46.1 OR AY.46.2 OR AY.46.3 OR AY.46.4 OR AY.46.5 OR AY.46.6 OR AY.46.6.1 OR AY.47 OR AY.48 OR AY.49 OR AY.50 OR AY.51 OR AY.52 OR AY.53 OR AY.54 OR AY.55 OR AY.56 OR AY.57 OR AY.58 OR AY.59 OR AY.60 OR AY.61 OR AY.62 OR AY.63 OR AY.64 OR AY.65 OR AY.66 OR AY.67 OR AY.68 OR AY.69 OR AY.70 OR AY.71 OR AY.72 OR AY.73 OR AY.74 OR AY.75 OR AY.75.1 OR AY.75.2 OR AY.75.3 OR AY.76 OR AY.77 OR AY.78 OR AY.79 OR AY.80 OR AY.81 OR AY.82 OR AY.83 OR AY.84 OR AY.85 OR AY.86 OR AY.87 OR AY.88 OR AY.89 OR AY.90 OR AY.91 OR AY.91.1 OR AY.92 OR AY.93 OR AY.94 OR AY.95 OR AY.96 OR AY.97 OR AY.98 OR AY.98.1 OR AY.98.1.1 OR AY.99 OR AY.99.1 OR AY.99.2 OR AY.100 OR AY.101 OR AY.102 OR AY.102.1 OR AY.102.2 OR AY.103 OR AY.103.1 OR AY.103.2 OR AY.104 OR AY.105 OR AY.106 OR AY.107 OR AY.108 OR AY.109 OR AY.110 OR AY.111 OR AY.112 OR AY.112.1 OR AY.112.2 OR AY.112.3 OR AY.113 OR AY.114 OR AY.115 OR AY.116 OR AY.116.1 OR AY.117 OR AY.118 OR AY.119 OR AY.119.1 OR AY.119.2 OR AY.120 OR AY.120.1 OR AY.120.2 OR AY.120.2.1 OR AY.121 OR AY.121.1 OR AY.122 OR AY.122.1 OR AY.122.2 OR AY.122.3 OR AY.122.4 OR AY.122.5 OR AY.122.6 OR AY.123 OR AY.123.1 OR AY.124 OR AY.124.1 OR AY.124.1.1 OR AY.125 OR AY.125.1 OR AY.126 OR AY.127 OR AY.127.1 OR AY.127.2 OR AY.127.3 OR AY.128 OR AY.129 OR AY.130 OR AY.131 OR AY.132 OR AY.133 OR AY.134 OR B.1.617.2,Delta,47.7857142857143,47.2857142857143,0.989536621823617
2021-08-20,78,78,81.1428571428571,80.8571428571429,0.996478873239437,0.969557176026419,0.999993956544619,AY.1 OR AY.2 OR AY.3 OR AY.3.1 OR AY.3.2 OR AY.3.3 OR AY.3.4 OR AY.4 OR AY.4.1 OR AY.4.2 OR AY.4.2.1 OR AY.4.2.2 OR AY.4.2.3 OR AY.4.2.4 OR AY.4.2.5 OR AY.4.3 OR AY.4.4 OR AY.4.5 OR AY.4.6 OR AY.4.7 OR AY.4.8 OR AY.4.9 OR AY.4.10 OR AY.4.11 OR AY.4.12 OR AY.4.13 OR AY.4.14 OR AY.4.15 OR AY.4.16 OR AY.4.17 OR AY.5 OR AY.5.1 OR AY.5.2 OR AY.5.3 OR AY.5.4 OR AY.5.5 OR AY.5.6 OR AY.5.7 OR AY.6 OR AY.7 OR AY.7.1 OR AY.7.2 OR AY.8 OR AY.9 OR AY.9.1 OR AY.9.2 OR AY.9.2.1 OR AY.9.2.2 OR AY.10 OR AY.11 OR AY.12 OR AY.13 OR AY.14 OR AY.15 OR AY.16 OR AY.16.1 OR AY.17 OR AY.18 OR AY.19 OR AY.20 OR AY.20.1 OR AY.21 OR AY.22 OR AY.23 OR AY.23.1 OR AY.23.2 OR AY.24 OR AY.24.1 OR AY.25 OR AY.25.1 OR AY.25.1.1 OR AY.25.1.2 OR AY.25.2 OR AY.25.3 OR AY.26 OR AY.26.1 OR AY.27 OR AY.28 OR AY.29 OR AY.29.1 OR AY.29.2 OR AY.30 OR AY.31 OR AY.32 OR AY.33 OR AY.33.1 OR AY.33.2 OR AY.34 OR AY.34.1 OR AY.34.1.1 OR AY.34.2 OR AY.35 OR AY.36 OR AY.36.1 OR AY.37 OR AY.38 OR AY.39 OR AY.39.1 OR AY.39.1.1 OR AY.39.1.2 OR AY.39.1.3 OR AY.39.1.4 OR AY.39.2 OR AY.39.3 OR AY.39.4 OR AY.40 OR AY.41 OR AY.42 OR AY.42.1 OR AY.43 OR AY.43.1 OR AY.43.2 OR AY.43.3 OR AY.43.4 OR AY.43.5 OR AY.43.6 OR AY.43.7 OR AY.43.8 OR AY.43.9 OR AY.44 OR AY.45 OR AY.46 OR AY.46.1 OR AY.46.2 OR AY.46.3 OR AY.46.4 OR AY.46.5 OR AY.46.6 OR AY.46.6.1 OR AY.47 OR AY.48 OR AY.49 OR AY.50 OR AY.51 OR AY.52 OR AY.53 OR AY.54 OR AY.55 OR AY.56 OR AY.57 OR AY.58 OR AY.59 OR AY.60 OR AY.61 OR AY.62 OR AY.63 OR AY.64 OR AY.65 OR AY.66 OR AY.67 OR AY.68 OR AY.69 OR AY.70 OR AY.71 OR AY.72 OR AY.73 OR AY.74 OR AY.75 OR AY.75.1 OR AY.75.2 OR AY.75.3 OR AY.76 OR AY.77 OR AY.78 OR AY.79 OR AY.80 OR AY.81 OR AY.82 OR AY.83 OR AY.84 OR AY.85 OR AY.86 OR AY.87 OR AY.88 OR AY.89 OR AY.90 OR AY.91 OR AY.91.1 OR AY.92 OR AY.93 OR AY.94 OR AY.95 OR AY.96 OR AY.97 OR AY.98 OR AY.98.1 OR AY.98.1.1 OR AY.99 OR AY.99.1 OR AY.99.2 OR AY.100 OR AY.101 OR AY.102 OR AY.102.1 OR AY.102.2 OR AY.103 OR AY.103.1 OR AY.103.2 OR AY.104 OR AY.105 OR AY.106 OR AY.107 OR AY.108 OR AY.109 OR AY.110 OR AY.111 OR AY.112 OR AY.112.1 OR AY.112.2 OR AY.112.3 OR AY.113 OR AY.114 OR AY.115 OR AY.116 OR AY.116.1 OR AY.117 OR AY.118 OR AY.119 OR AY.119.1 OR AY.119.2 OR AY.120 OR AY.120.1 OR AY.120.2 OR AY.120.2.1 OR AY.121 OR AY.121.1 OR AY.122 OR AY.122.1 OR AY.122.2 OR AY.122.3 OR AY.122.4 OR AY.122.5 OR AY.122.6 OR AY.123 OR AY.123.1 OR AY.124 OR AY.124.1 OR AY.124.1.1 OR AY.125 OR AY.125.1 OR AY.126 OR AY.127 OR AY.127.1 OR AY.127.2 OR AY.127.3 OR AY.128 OR AY.129 OR AY.130 OR AY.131 OR AY.132 OR AY.133 OR AY.134 OR B.1.617.2,Delta,51.3571428571429,51,0.993045897079277
2021-08-21,45,45,84,83.7142857142857,0.996598639455782,0.970625085275211,0.999994171739286,AY.1 OR AY.2 OR AY.3 OR AY.3.1 OR AY.3.2 OR AY.3.3 OR AY.3.4 OR AY.4 OR AY.4.1 OR AY.4.2 OR AY.4.2.1 OR AY.4.2.2 OR AY.4.2.3 OR AY.4.2.4 OR AY.4.2.5 OR AY.4.3 OR AY.4.4 OR AY.4.5 OR AY.4.6 OR AY.4.7 OR AY.4.8 OR AY.4.9 OR AY.4.10 OR AY.4.11 OR AY.4.12 OR AY.4.13 OR AY.4.14 OR AY.4.15 OR AY.4.16 OR AY.4.17 OR AY.5 OR AY.5.1 OR AY.5.2 OR AY.5.3 OR AY.5.4 OR AY.5.5 OR AY.5.6 OR AY.5.7 OR AY.6 OR AY.7 OR AY.7.1 OR AY.7.2 OR AY.8 OR AY.9 OR AY.9.1 OR AY.9.2 OR AY.9.2.1 OR AY.9.2.2 OR AY.10 OR AY.11 OR AY.12 OR AY.13 OR AY.14 OR AY.15 OR AY.16 OR AY.16.1 OR AY.17 OR AY.18 OR AY.19 OR AY.20 OR AY.20.1 OR AY.21 OR AY.22 OR AY.23 OR AY.23.1 OR AY.23.2 OR AY.24 OR AY.24.1 OR AY.25 OR AY.25.1 OR AY.25.1.1 OR AY.25.1.2 OR AY.25.2 OR AY.25.3 OR AY.26 OR AY.26.1 OR AY.27 OR AY.28 OR AY.29 OR AY.29.1 OR AY.29.2 OR AY.30 OR AY.31 OR AY.32 OR AY.33 OR AY.33.1 OR AY.33.2 OR AY.34 OR AY.34.1 OR AY.34.1.1 OR AY.34.2 OR AY.35 OR AY.36 OR AY.36.1 OR AY.37 OR AY.38 OR AY.39 OR AY.39.1 OR AY.39.1.1 OR AY.39.1.2 OR AY.39.1.3 OR AY.39.1.4 OR AY.39.2 OR AY.39.3 OR AY.39.4 OR AY.40 OR AY.41 OR AY.42 OR AY.42.1 OR AY.43 OR AY.43.1 OR AY.43.2 OR AY.43.3 OR AY.43.4 OR AY.43.5 OR AY.43.6 OR AY.43.7 OR AY.43.8 OR AY.43.9 OR AY.44 OR AY.45 OR AY.46 OR AY.46.1 OR AY.46.2 OR AY.46.3 OR AY.46.4 OR AY.46.5 OR AY.46.6 OR AY.46.6.1 OR AY.47 OR AY.48 OR AY.49 OR AY.50 OR AY.51 OR AY.52 OR AY.53 OR AY.54 OR AY.55 OR AY.56 OR AY.57 OR AY.58 OR AY.59 OR AY.60 OR AY.61 OR AY.62 OR AY.63 OR AY.64 OR AY.65 OR AY.66 OR AY.67 OR AY.68 OR AY.69 OR AY.70 OR AY.71 OR AY.72 OR AY.73 OR AY.74 OR AY.75 OR AY.75.1 OR AY.75.2 OR AY.75.3 OR AY.76 OR AY.77 OR AY.78 OR AY.79 OR AY.80 OR AY.81 OR AY.82 OR AY.83 OR AY.84 OR AY.85 OR AY.86 OR AY.87 OR AY.88 OR AY.89 OR AY.90 OR AY.91 OR AY.91.1 OR AY.92 OR AY.93 OR AY.94 OR AY.95 OR AY.96 OR AY.97 OR AY.98 OR AY.98.1 OR AY.98.1.1 OR AY.99 OR AY.99.1 OR AY.99.2 OR AY.100 OR AY.101 OR AY.102 OR AY.102.1 OR AY.102.2 OR AY.103 OR AY.103.1 OR AY.103.2 OR AY.104 OR AY.105 OR AY.106 OR AY.107 OR AY.108 OR AY.109 OR AY.110 OR AY.111 OR AY.112 OR AY.112.1 OR AY.112.2 OR AY.112.3 OR AY.113 OR AY.114 OR AY.115 OR AY.116 OR AY.116.1 OR AY.117 OR AY.118 OR AY.119 OR AY.119.1 OR AY.119.2 OR AY.120 OR AY.120.1 OR AY.120.2 OR AY.120.2.1 OR AY.121 OR AY.121.1 OR AY.122 OR AY.122.1 OR AY.122.2 OR AY.122.3 OR AY.122.4 OR AY.122.5 OR AY.122.6 OR AY.123 OR AY.123.1 OR AY.124 OR AY.124.1 OR AY.124.1.1 OR AY.125 OR AY.125.1 OR AY.126 OR AY.127 OR AY.127.1 OR AY.127.2 OR AY.127.3 OR AY.128 OR AY.129 OR AY.130 OR AY.131 OR AY.132 OR AY.133 OR AY.134 OR B.1.617.2,Delta,53.2857142857143,52.9285714285714,0.993297587131367
2021-08-22,27,27,86.2857142857143,86,0.996688741721854,0.971296355578758,0.999994306885826,AY.1 OR AY.2 OR AY.3 OR AY.3.1 OR AY.3.2 OR AY.3.3 OR AY.3.4 OR AY.4 OR AY.4.1 OR AY.4.2 OR AY.4.2.1 OR AY.4.2.2 OR AY.4.2.3 OR AY.4.2.4 OR AY.4.2.5 OR AY.4.3 OR AY.4.4 OR AY.4.5 OR AY.4.6 OR AY.4.7 OR AY.4.8 OR AY.4.9 OR AY.4.10 OR AY.4.11 OR AY.4.12 OR AY.4.13 OR AY.4.14 OR AY.4.15 OR AY.4.16 OR AY.4.17 OR AY.5 OR AY.5.1 OR AY.5.2 OR AY.5.3 OR AY.5.4 OR AY.5.5 OR AY.5.6 OR AY.5.7 OR AY.6 OR AY.7 OR AY.7.1 OR AY.7.2 OR AY.8 OR AY.9 OR AY.9.1 OR AY.9.2 OR AY.9.2.1 OR AY.9.2.2 OR AY.10 OR AY.11 OR AY.12 OR AY.13 OR AY.14 OR AY.15 OR AY.16 OR AY.16.1 OR AY.17 OR AY.18 OR AY.19 OR AY.20 OR AY.20.1 OR AY.21 OR AY.22 OR AY.23 OR AY.23.1 OR AY.23.2 OR AY.24 OR AY.24.1 OR AY.25 OR AY.25.1 OR AY.25.1.1 OR AY.25.1.2 OR AY.25.2 OR AY.25.3 OR AY.26 OR AY.26.1 OR AY.27 OR AY.28 OR AY.29 OR AY.29.1 OR AY.29.2 OR AY.30 OR AY.31 OR AY.32 OR AY.33 OR AY.33.1 OR AY.33.2 OR AY.34 OR AY.34.1 OR AY.34.1.1 OR AY.34.2 OR AY.35 OR AY.36 OR AY.36.1 OR AY.37 OR AY.38 OR AY.39 OR AY.39.1 OR AY.39.1.1 OR AY.39.1.2 OR AY.39.1.3 OR AY.39.1.4 OR AY.39.2 OR AY.39.3 OR AY.39.4 OR AY.40 OR AY.41 OR AY.42 OR AY.42.1 OR AY.43 OR AY.43.1 OR AY.43.2 OR AY.43.3 OR AY.43.4 OR AY.43.5 OR AY.43.6 OR AY.43.7 OR AY.43.8 OR AY.43.9 OR AY.44 OR AY.45 OR AY.46 OR AY.46.1 OR AY.46.2 OR AY.46.3 OR AY.46.4 OR AY.46.5 OR AY.46.6 OR AY.46.6.1 OR AY.47 OR AY.48 OR AY.49 OR AY.50 OR AY.51 OR AY.52 OR AY.53 OR AY.54 OR AY.55 OR AY.56 OR AY.57 OR AY.58 OR AY.59 OR AY.60 OR AY.61 OR AY.62 OR AY.63 OR AY.64 OR AY.65 OR AY.66 OR AY.67 OR AY.68 OR AY.69 OR AY.70 OR AY.71 OR AY.72 OR AY.73 OR AY.74 OR AY.75 OR AY.75.1 OR AY.75.2 OR AY.75.3 OR AY.76 OR AY.77 OR AY.78 OR AY.79 OR AY.80 OR AY.81 OR AY.82 OR AY.83 OR AY.84 OR AY.85 OR AY.86 OR AY.87 OR AY.88 OR AY.89 OR AY.90 OR AY.91 OR AY.91.1 OR AY.92 OR AY.93 OR AY.94 OR AY.95 OR AY.96 OR AY.97 OR AY.98 OR AY.98.1 OR AY.98.1.1 OR AY.99 OR AY.99.1 OR AY.99.2 OR AY.100 OR AY.101 OR AY.102 OR AY.102.1 OR AY.102.2 OR AY.103 OR AY.103.1 OR AY.103.2 OR AY.104 OR AY.105 OR AY.106 OR AY.107 OR AY.108 OR AY.109 OR AY.110 OR AY.111 OR AY.112 OR AY.112.1 OR AY.112.2 OR AY.112.3 OR AY.113 OR AY.114 OR AY.115 OR AY.116 OR AY.116.1 OR AY.117 OR AY.118 OR AY.119 OR AY.119.1 OR AY.119.2 OR AY.120 OR AY.120.1 OR AY.120.2 OR AY.120.2.1 OR AY.121 OR AY.121.1 OR AY.122 OR AY.122.1 OR AY.122.2 OR AY.122.3 OR AY.122.4 OR AY.122.5 OR AY.122.6 OR AY.123 OR AY.123.1 OR AY.124 OR AY.124.1 OR AY.124.1.1 OR AY.125 OR AY.125.1 OR AY.126 OR AY.127 OR AY.127.1 OR AY.127.2 OR AY.127.3 OR AY.128 OR AY.129 OR AY.130 OR AY.131 OR AY.132 OR AY.133 OR AY.134 OR B.1.617.2,Delta,54.5,54.2857142857143,0.996068152031455
2021-08-23,56,56,86.2857142857143,86.1428571428571,0.998344370860927,0.971296355578758,0.999994306885826,AY.1 OR AY.2 OR AY.3 OR AY.3.1 OR AY.3.2 OR AY.3.3 OR AY.3.4 OR AY.4 OR AY.4.1 OR AY.4.2 OR AY.4.2.1 OR AY.4.2.2 OR AY.4.2.3 OR AY.4.2.4 OR AY.4.2.5 OR AY.4.3 OR AY.4.4 OR AY.4.5 OR AY.4.6 OR AY.4.7 OR AY.4.8 OR AY.4.9 OR AY.4.10 OR AY.4.11 OR AY.4.12 OR AY.4.13 OR AY.4.14 OR AY.4.15 OR AY.4.16 OR AY.4.17 OR AY.5 OR AY.5.1 OR AY.5.2 OR AY.5.3 OR AY.5.4 OR AY.5.5 OR AY.5.6 OR AY.5.7 OR AY.6 OR AY.7 OR AY.7.1 OR AY.7.2 OR AY.8 OR AY.9 OR AY.9.1 OR AY.9.2 OR AY.9.2.1 OR AY.9.2.2 OR AY.10 OR AY.11 OR AY.12 OR AY.13 OR AY.14 OR AY.15 OR AY.16 OR AY.16.1 OR AY.17 OR AY.18 OR AY.19 OR AY.20 OR AY.20.1 OR AY.21 OR AY.22 OR AY.23 OR AY.23.1 OR AY.23.2 OR AY.24 OR AY.24.1 OR AY.25 OR AY.25.1 OR AY.25.1.1 OR AY.25.1.2 OR AY.25.2 OR AY.25.3 OR AY.26 OR AY.26.1 OR AY.27 OR AY.28 OR AY.29 OR AY.29.1 OR AY.29.2 OR AY.30 OR AY.31 OR AY.32 OR AY.33 OR AY.33.1 OR AY.33.2 OR AY.34 OR AY.34.1 OR AY.34.1.1 OR AY.34.2 OR AY.35 OR AY.36 OR AY.36.1 OR AY.37 OR AY.38 OR AY.39 OR AY.39.1 OR AY.39.1.1 OR AY.39.1.2 OR AY.39.1.3 OR AY.39.1.4 OR AY.39.2 OR AY.39.3 OR AY.39.4 OR AY.40 OR AY.41 OR AY.42 OR AY.42.1 OR AY.43 OR AY.43.1 OR AY.43.2 OR AY.43.3 OR AY.43.4 OR AY.43.5 OR AY.43.6 OR AY.43.7 OR AY.43.8 OR AY.43.9 OR AY.44 OR AY.45 OR AY.46 OR AY.46.1 OR AY.46.2 OR AY.46.3 OR AY.46.4 OR AY.46.5 OR AY.46.6 OR AY.46.6.1 OR AY.47 OR AY.48 OR AY.49 OR AY.50 OR AY.51 OR AY.52 OR AY.53 OR AY.54 OR AY.55 OR AY.56 OR AY.57 OR AY.58 OR AY.59 OR AY.60 OR AY.61 OR AY.62 OR AY.63 OR AY.64 OR AY.65 OR AY.66 OR AY.67 OR AY.68 OR AY.69 OR AY.70 OR AY.71 OR AY.72 OR AY.73 OR AY.74 OR AY.75 OR AY.75.1 OR AY.75.2 OR AY.75.3 OR AY.76 OR AY.77 OR AY.78 OR AY.79 OR AY.80 OR AY.81 OR AY.82 OR AY.83 OR AY.84 OR AY.85 OR AY.86 OR AY.87 OR AY.88 OR AY.89 OR AY.90 OR AY.91 OR AY.91.1 OR AY.92 OR AY.93 OR AY.94 OR AY.95 OR AY.96 OR AY.97 OR AY.98 OR AY.98.1 OR AY.98.1.1 OR AY.99 OR AY.99.1 OR AY.99.2 OR AY.100 OR AY.101 OR AY.102 OR AY.102.1 OR AY.102.2 OR AY.103 OR AY.103.1 OR AY.103.2 OR AY.104 OR AY.105 OR AY.106 OR AY.107 OR AY.108 OR AY.109 OR AY.110 OR AY.111 OR AY.112 OR AY.112.1 OR AY.112.2 OR AY.112.3 OR AY.113 OR AY.114 OR AY.115 OR AY.116 OR AY.116.1 OR AY.117 OR AY.118 OR AY.119 OR AY.119.1 OR AY.119.2 OR AY.120 OR AY.120.1 OR AY.120.2 OR AY.120.2.1 OR AY.121 OR AY.121.1 OR AY.122 OR AY.122.1 OR AY.122.2 OR AY.122.3 OR AY.122.4 OR AY.122.5 OR AY.122.6 OR AY.123 OR AY.123.1 OR AY.124 OR AY.124.1 OR AY.124.1.1 OR AY.125 OR AY.125.1 OR AY.126 OR AY.127 OR AY.127.1 OR AY.127.2 OR AY.127.3 OR AY.128 OR AY.129 OR AY.130 OR AY.131 OR AY.132 OR AY.133 OR AY.134 OR B.1.617.2,Delta,57.2142857142857,57.0714285714286,0.997503121098627
2021-08-24,75,74,88.1428571428572,87.8571428571429,0.996758508914101,0.971937634186506,0.999994435906837,AY.1 OR AY.2 OR AY.3 OR AY.3.1 OR AY.3.2 OR AY.3.3 OR AY.3.4 OR AY.4 OR AY.4.1 OR AY.4.2 OR AY.4.2.1 OR AY.4.2.2 OR AY.4.2.3 OR AY.4.2.4 OR AY.4.2.5 OR AY.4.3 OR AY.4.4 OR AY.4.5 OR AY.4.6 OR AY.4.7 OR AY.4.8 OR AY.4.9 OR AY.4.10 OR AY.4.11 OR AY.4.12 OR AY.4.13 OR AY.4.14 OR AY.4.15 OR AY.4.16 OR AY.4.17 OR AY.5 OR AY.5.1 OR AY.5.2 OR AY.5.3 OR AY.5.4 OR AY.5.5 OR AY.5.6 OR AY.5.7 OR AY.6 OR AY.7 OR AY.7.1 OR AY.7.2 OR AY.8 OR AY.9 OR AY.9.1 OR AY.9.2 OR AY.9.2.1 OR AY.9.2.2 OR AY.10 OR AY.11 OR AY.12 OR AY.13 OR AY.14 OR AY.15 OR AY.16 OR AY.16.1 OR AY.17 OR AY.18 OR AY.19 OR AY.20 OR AY.20.1 OR AY.21 OR AY.22 OR AY.23 OR AY.23.1 OR AY.23.2 OR AY.24 OR AY.24.1 OR AY.25 OR AY.25.1 OR AY.25.1.1 OR AY.25.1.2 OR AY.25.2 OR AY.25.3 OR AY.26 OR AY.26.1 OR AY.27 OR AY.28 OR AY.29 OR AY.29.1 OR AY.29.2 OR AY.30 OR AY.31 OR AY.32 OR AY.33 OR AY.33.1 OR AY.33.2 OR AY.34 OR AY.34.1 OR AY.34.1.1 OR AY.34.2 OR AY.35 OR AY.36 OR AY.36.1 OR AY.37 OR AY.38 OR AY.39 OR AY.39.1 OR AY.39.1.1 OR AY.39.1.2 OR AY.39.1.3 OR AY.39.1.4 OR AY.39.2 OR AY.39.3 OR AY.39.4 OR AY.40 OR AY.41 OR AY.42 OR AY.42.1 OR AY.43 OR AY.43.1 OR AY.43.2 OR AY.43.3 OR AY.43.4 OR AY.43.5 OR AY.43.6 OR AY.43.7 OR AY.43.8 OR AY.43.9 OR AY.44 OR AY.45 OR AY.46 OR AY.46.1 OR AY.46.2 OR AY.46.3 OR AY.46.4 OR AY.46.5 OR AY.46.6 OR AY.46.6.1 OR AY.47 OR AY.48 OR AY.49 OR AY.50 OR AY.51 OR AY.52 OR AY.53 OR AY.54 OR AY.55 OR AY.56 OR AY.57 OR AY.58 OR AY.59 OR AY.60 OR AY.61 OR AY.62 OR AY.63 OR AY.64 OR AY.65 OR AY.66 OR AY.67 OR AY.68 OR AY.69 OR AY.70 OR AY.71 OR AY.72 OR AY.73 OR AY.74 OR AY.75 OR AY.75.1 OR AY.75.2 OR AY.75.3 OR AY.76 OR AY.77 OR AY.78 OR AY.79 OR AY.80 OR AY.81 OR AY.82 OR AY.83 OR AY.84 OR AY.85 OR AY.86 OR AY.87 OR AY.88 OR AY.89 OR AY.90 OR AY.91 OR AY.91.1 OR AY.92 OR AY.93 OR AY.94 OR AY.95 OR AY.96 OR AY.97 OR AY.98 OR AY.98.1 OR AY.98.1.1 OR AY.99 OR AY.99.1 OR AY.99.2 OR AY.100 OR AY.101 OR AY.102 OR AY.102.1 OR AY.102.2 OR AY.103 OR AY.103.1 OR AY.103.2 OR AY.104 OR AY.105 OR AY.106 OR AY.107 OR AY.108 OR AY.109 OR AY.110 OR AY.111 OR AY.112 OR AY.112.1 OR AY.112.2 OR AY.112.3 OR AY.113 OR AY.114 OR AY.115 OR AY.116 OR AY.116.1 OR AY.117 OR AY.118 OR AY.119 OR AY.119.1 OR AY.119.2 OR AY.120 OR AY.120.1 OR AY.120.2 OR AY.120.2.1 OR AY.121 OR AY.121.1 OR AY.122 OR AY.122.1 OR AY.122.2 OR AY.122.3 OR AY.122.4 OR AY.122.5 OR AY.122.6 OR AY.123 OR AY.123.1 OR AY.124 OR AY.124.1 OR AY.124.1.1 OR AY.125 OR AY.125.1 OR AY.126 OR AY.127 OR AY.127.1 OR AY.127.2 OR AY.127.3 OR AY.128 OR AY.129 OR AY.130 OR AY.131 OR AY.132 OR AY.133 OR AY.134 OR B.1.617.2,Delta,60.7142857142857,60.5,0.996470588235294
2021-08-25,79,79,66.5714285714286,66.4285714285714,0.997854077253219,0.932367858550853,0.998384841998255,AY.1 OR AY.2 OR AY.3 OR AY.3.1 OR AY.3.2 OR AY.3.3 OR AY.3.4 OR AY.4 OR AY.4.1 OR AY.4.2 OR AY.4.2.1 OR AY.4.2.2 OR AY.4.2.3 OR AY.4.2.4 OR AY.4.2.5 OR AY.4.3 OR AY.4.4 OR AY.4.5 OR AY.4.6 OR AY.4.7 OR AY.4.8 OR AY.4.9 OR AY.4.10 OR AY.4.11 OR AY.4.12 OR AY.4.13 OR AY.4.14 OR AY.4.15 OR AY.4.16 OR AY.4.17 OR AY.5 OR AY.5.1 OR AY.5.2 OR AY.5.3 OR AY.5.4 OR AY.5.5 OR AY.5.6 OR AY.5.7 OR AY.6 OR AY.7 OR AY.7.1 OR AY.7.2 OR AY.8 OR AY.9 OR AY.9.1 OR AY.9.2 OR AY.9.2.1 OR AY.9.2.2 OR AY.10 OR AY.11 OR AY.12 OR AY.13 OR AY.14 OR AY.15 OR AY.16 OR AY.16.1 OR AY.17 OR AY.18 OR AY.19 OR AY.20 OR AY.20.1 OR AY.21 OR AY.22 OR AY.23 OR AY.23.1 OR AY.23.2 OR AY.24 OR AY.24.1 OR AY.25 OR AY.25.1 OR AY.25.1.1 OR AY.25.1.2 OR AY.25.2 OR AY.25.3 OR AY.26 OR AY.26.1 OR AY.27 OR AY.28 OR AY.29 OR AY.29.1 OR AY.29.2 OR AY.30 OR AY.31 OR AY.32 OR AY.33 OR AY.33.1 OR AY.33.2 OR AY.34 OR AY.34.1 OR AY.34.1.1 OR AY.34.2 OR AY.35 OR AY.36 OR AY.36.1 OR AY.37 OR AY.38 OR AY.39 OR AY.39.1 OR AY.39.1.1 OR AY.39.1.2 OR AY.39.1.3 OR AY.39.1.4 OR AY.39.2 OR AY.39.3 OR AY.39.4 OR AY.40 OR AY.41 OR AY.42 OR AY.42.1 OR AY.43 OR AY.43.1 OR AY.43.2 OR AY.43.3 OR AY.43.4 OR AY.43.5 OR AY.43.6 OR AY.43.7 OR AY.43.8 OR AY.43.9 OR AY.44 OR AY.45 OR AY.46 OR AY.46.1 OR AY.46.2 OR AY.46.3 OR AY.46.4 OR AY.46.5 OR AY.46.6 OR AY.46.6.1 OR AY.47 OR AY.48 OR AY.49 OR AY.50 OR AY.51 OR AY.52 OR AY.53 OR AY.54 OR AY.55 OR AY.56 OR AY.57 OR AY.58 OR AY.59 OR AY.60 OR AY.61 OR AY.62 OR AY.63 OR AY.64 OR AY.65 OR AY.66 OR AY.67 OR AY.68 OR AY.69 OR AY.70 OR AY.71 OR AY.72 OR AY.73 OR AY.74 OR AY.75 OR AY.75.1 OR AY.75.2 OR AY.75.3 OR AY.76 OR AY.77 OR AY.78 OR AY.79 OR AY.80 OR AY.81 OR AY.82 OR AY.83 OR AY.84 OR AY.85 OR AY.86 OR AY.87 OR AY.88 OR AY.89 OR AY.90 OR AY.91 OR AY.91.1 OR AY.92 OR AY.93 OR AY.94 OR AY.95 OR AY.96 OR AY.97 OR AY.98 OR AY.98.1 OR AY.98.1.1 OR AY.99 OR AY.99.1 OR AY.99.2 OR AY.100 OR AY.101 OR AY.102 OR AY.102.1 OR AY.102.2 OR AY.103 OR AY.103.1 OR AY.103.2 OR AY.104 OR AY.105 OR AY.106 OR AY.107 OR AY.108 OR AY.109 OR AY.110 OR AY.111 OR AY.112 OR AY.112.1 OR AY.112.2 OR AY.112.3 OR AY.113 OR AY.114 OR AY.115 OR AY.116 OR AY.116.1 OR AY.117 OR AY.118 OR AY.119 OR AY.119.1 OR AY.119.2 OR AY.120 OR AY.120.1 OR AY.120.2 OR AY.120.2.1 OR AY.121 OR AY.121.1 OR AY.122 OR AY.122.1 OR AY.122.2 OR AY.122.3 OR AY.122.4 OR AY.122.5 OR AY.122.6 OR AY.123 OR AY.123.1 OR AY.124 OR AY.124.1 OR AY.124.1.1 OR AY.125 OR AY.125.1 OR AY.126 OR AY.127 OR AY.127.1 OR AY.127.2 OR AY.127.3 OR AY.128 OR AY.129 OR AY.130 OR AY.131 OR AY.132 OR AY.133 OR AY.134 OR B.1.617.2,Delta,64.3571428571429,64.1428571428572,0.996670366259711
2021-08-26,54,54,59.1428571428572,59,0.997584541062802,0.958491432735462,0.999991712605036,AY.1 OR AY.2 OR AY.3 OR AY.3.1 OR AY.3.2 OR AY.3.3 OR AY.3.4 OR AY.4 OR AY.4.1 OR AY.4.2 OR AY.4.2.1 OR AY.4.2.2 OR AY.4.2.3 OR AY.4.2.4 OR AY.4.2.5 OR AY.4.3 OR AY.4.4 OR AY.4.5 OR AY.4.6 OR AY.4.7 OR AY.4.8 OR AY.4.9 OR AY.4.10 OR AY.4.11 OR AY.4.12 OR AY.4.13 OR AY.4.14 OR AY.4.15 OR AY.4.16 OR AY.4.17 OR AY.5 OR AY.5.1 OR AY.5.2 OR AY.5.3 OR AY.5.4 OR AY.5.5 OR AY.5.6 OR AY.5.7 OR AY.6 OR AY.7 OR AY.7.1 OR AY.7.2 OR AY.8 OR AY.9 OR AY.9.1 OR AY.9.2 OR AY.9.2.1 OR AY.9.2.2 OR AY.10 OR AY.11 OR AY.12 OR AY.13 OR AY.14 OR AY.15 OR AY.16 OR AY.16.1 OR AY.17 OR AY.18 OR AY.19 OR AY.20 OR AY.20.1 OR AY.21 OR AY.22 OR AY.23 OR AY.23.1 OR AY.23.2 OR AY.24 OR AY.24.1 OR AY.25 OR AY.25.1 OR AY.25.1.1 OR AY.25.1.2 OR AY.25.2 OR AY.25.3 OR AY.26 OR AY.26.1 OR AY.27 OR AY.28 OR AY.29 OR AY.29.1 OR AY.29.2 OR AY.30 OR AY.31 OR AY.32 OR AY.33 OR AY.33.1 OR AY.33.2 OR AY.34 OR AY.34.1 OR AY.34.1.1 OR AY.34.2 OR AY.35 OR AY.36 OR AY.36.1 OR AY.37 OR AY.38 OR AY.39 OR AY.39.1 OR AY.39.1.1 OR AY.39.1.2 OR AY.39.1.3 OR AY.39.1.4 OR AY.39.2 OR AY.39.3 OR AY.39.4 OR AY.40 OR AY.41 OR AY.42 OR AY.42.1 OR AY.43 OR AY.43.1 OR AY.43.2 OR AY.43.3 OR AY.43.4 OR AY.43.5 OR AY.43.6 OR AY.43.7 OR AY.43.8 OR AY.43.9 OR AY.44 OR AY.45 OR AY.46 OR AY.46.1 OR AY.46.2 OR AY.46.3 OR AY.46.4 OR AY.46.5 OR AY.46.6 OR AY.46.6.1 OR AY.47 OR AY.48 OR AY.49 OR AY.50 OR AY.51 OR AY.52 OR AY.53 OR AY.54 OR AY.55 OR AY.56 OR AY.57 OR AY.58 OR AY.59 OR AY.60 OR AY.61 OR AY.62 OR AY.63 OR AY.64 OR AY.65 OR AY.66 OR AY.67 OR AY.68 OR AY.69 OR AY.70 OR AY.71 OR AY.72 OR AY.73 OR AY.74 OR AY.75 OR AY.75.1 OR AY.75.2 OR AY.75.3 OR AY.76 OR AY.77 OR AY.78 OR AY.79 OR AY.80 OR AY.81 OR AY.82 OR AY.83 OR AY.84 OR AY.85 OR AY.86 OR AY.87 OR AY.88 OR AY.89 OR AY.90 OR AY.91 OR AY.91.1 OR AY.92 OR AY.93 OR AY.94 OR AY.95 OR AY.96 OR AY.97 OR AY.98 OR AY.98.1 OR AY.98.1.1 OR AY.99 OR AY.99.1 OR AY.99.2 OR AY.100 OR AY.101 OR AY.102 OR AY.102.1 OR AY.102.2 OR AY.103 OR AY.103.1 OR AY.103.2 OR AY.104 OR AY.105 OR AY.106 OR AY.107 OR AY.108 OR AY.109 OR AY.110 OR AY.111 OR AY.112 OR AY.112.1 OR AY.112.2 OR AY.112.3 OR AY.113 OR AY.114 OR AY.115 OR AY.116 OR AY.116.1 OR AY.117 OR AY.118 OR AY.119 OR AY.119.1 OR AY.119.2 OR AY.120 OR AY.120.1 OR AY.120.2 OR AY.120.2.1 OR AY.121 OR AY.121.1 OR AY.122 OR AY.122.1 OR AY.122.2 OR AY.122.3 OR AY.122.4 OR AY.122.5 OR AY.122.6 OR AY.123 OR AY.123.1 OR AY.124 OR AY.124.1 OR AY.124.1.1 OR AY.125 OR AY.125.1 OR AY.126 OR AY.127 OR AY.127.1 OR AY.127.2 OR AY.127.3 OR AY.128 OR AY.129 OR AY.130 OR AY.131 OR AY.132 OR AY.133 OR AY.134 OR B.1.617.2,Delta,66.9285714285714,66.7142857142857,0.996798292422625
2021-08-27,65,65,57.2857142857143,57.1428571428572,0.997506234413965,0.957072994196244,0.999991423095725,AY.1 OR AY.2 OR AY.3 OR AY.3.1 OR AY.3.2 OR AY.3.3 OR AY.3.4 OR AY.4 OR AY.4.1 OR AY.4.2 OR AY.4.2.1 OR AY.4.2.2 OR AY.4.2.3 OR AY.4.2.4 OR AY.4.2.5 OR AY.4.3 OR AY.4.4 OR AY.4.5 OR AY.4.6 OR AY.4.7 OR AY.4.8 OR AY.4.9 OR AY.4.10 OR AY.4.11 OR AY.4.12 OR AY.4.13 OR AY.4.14 OR AY.4.15 OR AY.4.16 OR AY.4.17 OR AY.5 OR AY.5.1 OR AY.5.2 OR AY.5.3 OR AY.5.4 OR AY.5.5 OR AY.5.6 OR AY.5.7 OR AY.6 OR AY.7 OR AY.7.1 OR AY.7.2 OR AY.8 OR AY.9 OR AY.9.1 OR AY.9.2 OR AY.9.2.1 OR AY.9.2.2 OR AY.10 OR AY.11 OR AY.12 OR AY.13 OR AY.14 OR AY.15 OR AY.16 OR AY.16.1 OR AY.17 OR AY.18 OR AY.19 OR AY.20 OR AY.20.1 OR AY.21 OR AY.22 OR AY.23 OR AY.23.1 OR AY.23.2 OR AY.24 OR AY.24.1 OR AY.25 OR AY.25.1 OR AY.25.1.1 OR AY.25.1.2 OR AY.25.2 OR AY.25.3 OR AY.26 OR AY.26.1 OR AY.27 OR AY.28 OR AY.29 OR AY.29.1 OR AY.29.2 OR AY.30 OR AY.31 OR AY.32 OR AY.33 OR AY.33.1 OR AY.33.2 OR AY.34 OR AY.34.1 OR AY.34.1.1 OR AY.34.2 OR AY.35 OR AY.36 OR AY.36.1 OR AY.37 OR AY.38 OR AY.39 OR AY.39.1 OR AY.39.1.1 OR AY.39.1.2 OR AY.39.1.3 OR AY.39.1.4 OR AY.39.2 OR AY.39.3 OR AY.39.4 OR AY.40 OR AY.41 OR AY.42 OR AY.42.1 OR AY.43 OR AY.43.1 OR AY.43.2 OR AY.43.3 OR AY.43.4 OR AY.43.5 OR AY.43.6 OR AY.43.7 OR AY.43.8 OR AY.43.9 OR AY.44 OR AY.45 OR AY.46 OR AY.46.1 OR AY.46.2 OR AY.46.3 OR AY.46.4 OR AY.46.5 OR AY.46.6 OR AY.46.6.1 OR AY.47 OR AY.48 OR AY.49 OR AY.50 OR AY.51 OR AY.52 OR AY.53 OR AY.54 OR AY.55 OR AY.56 OR AY.57 OR AY.58 OR AY.59 OR AY.60 OR AY.61 OR AY.62 OR AY.63 OR AY.64 OR AY.65 OR AY.66 OR AY.67 OR AY.68 OR AY.69 OR AY.70 OR AY.71 OR AY.72 OR AY.73 OR AY.74 OR AY.75 OR AY.75.1 OR AY.75.2 OR AY.75.3 OR AY.76 OR AY.77 OR AY.78 OR AY.79 OR AY.80 OR AY.81 OR AY.82 OR AY.83 OR AY.84 OR AY.85 OR AY.86 OR AY.87 OR AY.88 OR AY.89 OR AY.90 OR AY.91 OR AY.91.1 OR AY.92 OR AY.93 OR AY.94 OR AY.95 OR AY.96 OR AY.97 OR AY.98 OR AY.98.1 OR AY.98.1.1 OR AY.99 OR AY.99.1 OR AY.99.2 OR AY.100 OR AY.101 OR AY.102 OR AY.102.1 OR AY.102.2 OR AY.103 OR AY.103.1 OR AY.103.2 OR AY.104 OR AY.105 OR AY.106 OR AY.107 OR AY.108 OR AY.109 OR AY.110 OR AY.111 OR AY.112 OR AY.112.1 OR AY.112.2 OR AY.112.3 OR AY.113 OR AY.114 OR AY.115 OR AY.116 OR AY.116.1 OR AY.117 OR AY.118 OR AY.119 OR AY.119.1 OR AY.119.2 OR AY.120 OR AY.120.1 OR AY.120.2 OR AY.120.2.1 OR AY.121 OR AY.121.1 OR AY.122 OR AY.122.1 OR AY.122.2 OR AY.122.3 OR AY.122.4 OR AY.122.5 OR AY.122.6 OR AY.123 OR AY.123.1 OR AY.124 OR AY.124.1 OR AY.124.1.1 OR AY.125 OR AY.125.1 OR AY.126 OR AY.127 OR AY.127.1 OR AY.127.2 OR AY.127.3 OR AY.128 OR AY.129 OR AY.130 OR AY.131 OR AY.132 OR AY.133 OR AY.134 OR B.1.617.2,Delta,69.2142857142857,69,0.996904024767802
2021-08-28,29,28,55,54.7142857142857,0.994805194805195,0.955554203873093,0.999991112627179,AY.1 OR AY.2 OR AY.3 OR AY.3.1 OR AY.3.2 OR AY.3.3 OR AY.3.4 OR AY.4 OR AY.4.1 OR AY.4.2 OR AY.4.2.1 OR AY.4.2.2 OR AY.4.2.3 OR AY.4.2.4 OR AY.4.2.5 OR AY.4.3 OR AY.4.4 OR AY.4.5 OR AY.4.6 OR AY.4.7 OR AY.4.8 OR AY.4.9 OR AY.4.10 OR AY.4.11 OR AY.4.12 OR AY.4.13 OR AY.4.14 OR AY.4.15 OR AY.4.16 OR AY.4.17 OR AY.5 OR AY.5.1 OR AY.5.2 OR AY.5.3 OR AY.5.4 OR AY.5.5 OR AY.5.6 OR AY.5.7 OR AY.6 OR AY.7 OR AY.7.1 OR AY.7.2 OR AY.8 OR AY.9 OR AY.9.1 OR AY.9.2 OR AY.9.2.1 OR AY.9.2.2 OR AY.10 OR AY.11 OR AY.12 OR AY.13 OR AY.14 OR AY.15 OR AY.16 OR AY.16.1 OR AY.17 OR AY.18 OR AY.19 OR AY.20 OR AY.20.1 OR AY.21 OR AY.22 OR AY.23 OR AY.23.1 OR AY.23.2 OR AY.24 OR AY.24.1 OR AY.25 OR AY.25.1 OR AY.25.1.1 OR AY.25.1.2 OR AY.25.2 OR AY.25.3 OR AY.26 OR AY.26.1 OR AY.27 OR AY.28 OR AY.29 OR AY.29.1 OR AY.29.2 OR AY.30 OR AY.31 OR AY.32 OR AY.33 OR AY.33.1 OR AY.33.2 OR AY.34 OR AY.34.1 OR AY.34.1.1 OR AY.34.2 OR AY.35 OR AY.36 OR AY.36.1 OR AY.37 OR AY.38 OR AY.39 OR AY.39.1 OR AY.39.1.1 OR AY.39.1.2 OR AY.39.1.3 OR AY.39.1.4 OR AY.39.2 OR AY.39.3 OR AY.39.4 OR AY.40 OR AY.41 OR AY.42 OR AY.42.1 OR AY.43 OR AY.43.1 OR AY.43.2 OR AY.43.3 OR AY.43.4 OR AY.43.5 OR AY.43.6 OR AY.43.7 OR AY.43.8 OR AY.43.9 OR AY.44 OR AY.45 OR AY.46 OR AY.46.1 OR AY.46.2 OR AY.46.3 OR AY.46.4 OR AY.46.5 OR AY.46.6 OR AY.46.6.1 OR AY.47 OR AY.48 OR AY.49 OR AY.50 OR AY.51 OR AY.52 OR AY.53 OR AY.54 OR AY.55 OR AY.56 OR AY.57 OR AY.58 OR AY.59 OR AY.60 OR AY.61 OR AY.62 OR AY.63 OR AY.64 OR AY.65 OR AY.66 OR AY.67 OR AY.68 OR AY.69 OR AY.70 OR AY.71 OR AY.72 OR AY.73 OR AY.74 OR AY.75 OR AY.75.1 OR AY.75.2 OR AY.75.3 OR AY.76 OR AY.77 OR AY.78 OR AY.79 OR AY.80 OR AY.81 OR AY.82 OR AY.83 OR AY.84 OR AY.85 OR AY.86 OR AY.87 OR AY.88 OR AY.89 OR AY.90 OR AY.91 OR AY.91.1 OR AY.92 OR AY.93 OR AY.94 OR AY.95 OR AY.96 OR AY.97 OR AY.98 OR AY.98.1 OR AY.98.1.1 OR AY.99 OR AY.99.1 OR AY.99.2 OR AY.100 OR AY.101 OR AY.102 OR AY.102.1 OR AY.102.2 OR AY.103 OR AY.103.1 OR AY.103.2 OR AY.104 OR AY.105 OR AY.106 OR AY.107 OR AY.108 OR AY.109 OR AY.110 OR AY.111 OR AY.112 OR AY.112.1 OR AY.112.2 OR AY.112.3 OR AY.113 OR AY.114 OR AY.115 OR AY.116 OR AY.116.1 OR AY.117 OR AY.118 OR AY.119 OR AY.119.1 OR AY.119.2 OR AY.120 OR AY.120.1 OR AY.120.2 OR AY.120.2.1 OR AY.121 OR AY.121.1 OR AY.122 OR AY.122.1 OR AY.122.2 OR AY.122.3 OR AY.122.4 OR AY.122.5 OR AY.122.6 OR AY.123 OR AY.123.1 OR AY.124 OR AY.124.1 OR AY.124.1.1 OR AY.125 OR AY.125.1 OR AY.126 OR AY.127 OR AY.127.1 OR AY.127.2 OR AY.127.3 OR AY.128 OR AY.129 OR AY.130 OR AY.131 OR AY.132 OR AY.133 OR AY.134 OR B.1.617.2,Delta,69.5,69.2142857142857,0.995889003083248
2021-08-29,34,34,56,55.7142857142857,0.994897959183674,0.956326796904595,0.999991270621078,AY.1 OR AY.2 OR AY.3 OR AY.3.1 OR AY.3.2 OR AY.3.3 OR AY.3.4 OR AY.4 OR AY.4.1 OR AY.4.2 OR AY.4.2.1 OR AY.4.2.2 OR AY.4.2.3 OR AY.4.2.4 OR AY.4.2.5 OR AY.4.3 OR AY.4.4 OR AY.4.5 OR AY.4.6 OR AY.4.7 OR AY.4.8 OR AY.4.9 OR AY.4.10 OR AY.4.11 OR AY.4.12 OR AY.4.13 OR AY.4.14 OR AY.4.15 OR AY.4.16 OR AY.4.17 OR AY.5 OR AY.5.1 OR AY.5.2 OR AY.5.3 OR AY.5.4 OR AY.5.5 OR AY.5.6 OR AY.5.7 OR AY.6 OR AY.7 OR AY.7.1 OR AY.7.2 OR AY.8 OR AY.9 OR AY.9.1 OR AY.9.2 OR AY.9.2.1 OR AY.9.2.2 OR AY.10 OR AY.11 OR AY.12 OR AY.13 OR AY.14 OR AY.15 OR AY.16 OR AY.16.1 OR AY.17 OR AY.18 OR AY.19 OR AY.20 OR AY.20.1 OR AY.21 OR AY.22 OR AY.23 OR AY.23.1 OR AY.23.2 OR AY.24 OR AY.24.1 OR AY.25 OR AY.25.1 OR AY.25.1.1 OR AY.25.1.2 OR AY.25.2 OR AY.25.3 OR AY.26 OR AY.26.1 OR AY.27 OR AY.28 OR AY.29 OR AY.29.1 OR AY.29.2 OR AY.30 OR AY.31 OR AY.32 OR AY.33 OR AY.33.1 OR AY.33.2 OR AY.34 OR AY.34.1 OR AY.34.1.1 OR AY.34.2 OR AY.35 OR AY.36 OR AY.36.1 OR AY.37 OR AY.38 OR AY.39 OR AY.39.1 OR AY.39.1.1 OR AY.39.1.2 OR AY.39.1.3 OR AY.39.1.4 OR AY.39.2 OR AY.39.3 OR AY.39.4 OR AY.40 OR AY.41 OR AY.42 OR AY.42.1 OR AY.43 OR AY.43.1 OR AY.43.2 OR AY.43.3 OR AY.43.4 OR AY.43.5 OR AY.43.6 OR AY.43.7 OR AY.43.8 OR AY.43.9 OR AY.44 OR AY.45 OR AY.46 OR AY.46.1 OR AY.46.2 OR AY.46.3 OR AY.46.4 OR AY.46.5 OR AY.46.6 OR AY.46.6.1 OR AY.47 OR AY.48 OR AY.49 OR AY.50 OR AY.51 OR AY.52 OR AY.53 OR AY.54 OR AY.55 OR AY.56 OR AY.57 OR AY.58 OR AY.59 OR AY.60 OR AY.61 OR AY.62 OR AY.63 OR AY.64 OR AY.65 OR AY.66 OR AY.67 OR AY.68 OR AY.69 OR AY.70 OR AY.71 OR AY.72 OR AY.73 OR AY.74 OR AY.75 OR AY.75.1 OR AY.75.2 OR AY.75.3 OR AY.76 OR AY.77 OR AY.78 OR AY.79 OR AY.80 OR AY.81 OR AY.82 OR AY.83 OR AY.84 OR AY.85 OR AY.86 OR AY.87 OR AY.88 OR AY.89 OR AY.90 OR AY.91 OR AY.91.1 OR AY.92 OR AY.93 OR AY.94 OR AY.95 OR AY.96 OR AY.97 OR AY.98 OR AY.98.1 OR AY.98.1.1 OR AY.99 OR AY.99.1 OR AY.99.2 OR AY.100 OR AY.101 OR AY.102 OR AY.102.1 OR AY.102.2 OR AY.103 OR AY.103.1 OR AY.103.2 OR AY.104 OR AY.105 OR AY.106 OR AY.107 OR AY.108 OR AY.109 OR AY.110 OR AY.111 OR AY.112 OR AY.112.1 OR AY.112.2 OR AY.112.3 OR AY.113 OR AY.114 OR AY.115 OR AY.116 OR AY.116.1 OR AY.117 OR AY.118 OR AY.119 OR AY.119.1 OR AY.119.2 OR AY.120 OR AY.120.1 OR AY.120.2 OR AY.120.2.1 OR AY.121 OR AY.121.1 OR AY.122 OR AY.122.1 OR AY.122.2 OR AY.122.3 OR AY.122.4 OR AY.122.5 OR AY.122.6 OR AY.123 OR AY.123.1 OR AY.124 OR AY.124.1 OR AY.124.1.1 OR AY.125 OR AY.125.1 OR AY.126 OR AY.127 OR AY.127.1 OR AY.127.2 OR AY.127.3 OR AY.128 OR AY.129 OR AY.130 OR AY.131 OR AY.132 OR AY.133 OR AY.134 OR B.1.617.2,Delta,71.1428571428571,70.8571428571429,0.995983935742972
2021-08-30,59,59,56.4285714285714,56.1428571428572,0.994936708860759,0.956326796904595,0.999991270621078,AY.1 OR AY.2 OR AY.3 OR AY.3.1 OR AY.3.2 OR AY.3.3 OR AY.3.4 OR AY.4 OR AY.4.1 OR AY.4.2 OR AY.4.2.1 OR AY.4.2.2 OR AY.4.2.3 OR AY.4.2.4 OR AY.4.2.5 OR AY.4.3 OR AY.4.4 OR AY.4.5 OR AY.4.6 OR AY.4.7 OR AY.4.8 OR AY.4.9 OR AY.4.10 OR AY.4.11 OR AY.4.12 OR AY.4.13 OR AY.4.14 OR AY.4.15 OR AY.4.16 OR AY.4.17 OR AY.5 OR AY.5.1 OR AY.5.2 OR AY.5.3 OR AY.5.4 OR AY.5.5 OR AY.5.6 OR AY.5.7 OR AY.6 OR AY.7 OR AY.7.1 OR AY.7.2 OR AY.8 OR AY.9 OR AY.9.1 OR AY.9.2 OR AY.9.2.1 OR AY.9.2.2 OR AY.10 OR AY.11 OR AY.12 OR AY.13 OR AY.14 OR AY.15 OR AY.16 OR AY.16.1 OR AY.17 OR AY.18 OR AY.19 OR AY.20 OR AY.20.1 OR AY.21 OR AY.22 OR AY.23 OR AY.23.1 OR AY.23.2 OR AY.24 OR AY.24.1 OR AY.25 OR AY.25.1 OR AY.25.1.1 OR AY.25.1.2 OR AY.25.2 OR AY.25.3 OR AY.26 OR AY.26.1 OR AY.27 OR AY.28 OR AY.29 OR AY.29.1 OR AY.29.2 OR AY.30 OR AY.31 OR AY.32 OR AY.33 OR AY.33.1 OR AY.33.2 OR AY.34 OR AY.34.1 OR AY.34.1.1 OR AY.34.2 OR AY.35 OR AY.36 OR AY.36.1 OR AY.37 OR AY.38 OR AY.39 OR AY.39.1 OR AY.39.1.1 OR AY.39.1.2 OR AY.39.1.3 OR AY.39.1.4 OR AY.39.2 OR AY.39.3 OR AY.39.4 OR AY.40 OR AY.41 OR AY.42 OR AY.42.1 OR AY.43 OR AY.43.1 OR AY.43.2 OR AY.43.3 OR AY.43.4 OR AY.43.5 OR AY.43.6 OR AY.43.7 OR AY.43.8 OR AY.43.9 OR AY.44 OR AY.45 OR AY.46 OR AY.46.1 OR AY.46.2 OR AY.46.3 OR AY.46.4 OR AY.46.5 OR AY.46.6 OR AY.46.6.1 OR AY.47 OR AY.48 OR AY.49 OR AY.50 OR AY.51 OR AY.52 OR AY.53 OR AY.54 OR AY.55 OR AY.56 OR AY.57 OR AY.58 OR AY.59 OR AY.60 OR AY.61 OR AY.62 OR AY.63 OR AY.64 OR AY.65 OR AY.66 OR AY.67 OR AY.68 OR AY.69 OR AY.70 OR AY.71 OR AY.72 OR AY.73 OR AY.74 OR AY.75 OR AY.75.1 OR AY.75.2 OR AY.75.3 OR AY.76 OR AY.77 OR AY.78 OR AY.79 OR AY.80 OR AY.81 OR AY.82 OR AY.83 OR AY.84 OR AY.85 OR AY.86 OR AY.87 OR AY.88 OR AY.89 OR AY.90 OR AY.91 OR AY.91.1 OR AY.92 OR AY.93 OR AY.94 OR AY.95 OR AY.96 OR AY.97 OR AY.98 OR AY.98.1 OR AY.98.1.1 OR AY.99 OR AY.99.1 OR AY.99.2 OR AY.100 OR AY.101 OR AY.102 OR AY.102.1 OR AY.102.2 OR AY.103 OR AY.103.1 OR AY.103.2 OR AY.104 OR AY.105 OR AY.106 OR AY.107 OR AY.108 OR AY.109 OR AY.110 OR AY.111 OR AY.112 OR AY.112.1 OR AY.112.2 OR AY.112.3 OR AY.113 OR AY.114 OR AY.115 OR AY.116 OR AY.116.1 OR AY.117 OR AY.118 OR AY.119 OR AY.119.1 OR AY.119.2 OR AY.120 OR AY.120.1 OR AY.120.2 OR AY.120.2.1 OR AY.121 OR AY.121.1 OR AY.122 OR AY.122.1 OR AY.122.2 OR AY.122.3 OR AY.122.4 OR AY.122.5 OR AY.122.6 OR AY.123 OR AY.123.1 OR AY.124 OR AY.124.1 OR AY.124.1.1 OR AY.125 OR AY.125.1 OR AY.126 OR AY.127 OR AY.127.1 OR AY.127.2 OR AY.127.3 OR AY.128 OR AY.129 OR AY.130 OR AY.131 OR AY.132 OR AY.133 OR AY.134 OR B.1.617.2,Delta,71.3571428571429,71.1428571428571,0.996996996996997
2021-08-31,84,84,57.7142857142857,57.5714285714286,0.997524752475248,0.957794125498877,0.999991570335359,AY.1 OR AY.2 OR AY.3 OR AY.3.1 OR AY.3.2 OR AY.3.3 OR AY.3.4 OR AY.4 OR AY.4.1 OR AY.4.2 OR AY.4.2.1 OR AY.4.2.2 OR AY.4.2.3 OR AY.4.2.4 OR AY.4.2.5 OR AY.4.3 OR AY.4.4 OR AY.4.5 OR AY.4.6 OR AY.4.7 OR AY.4.8 OR AY.4.9 OR AY.4.10 OR AY.4.11 OR AY.4.12 OR AY.4.13 OR AY.4.14 OR AY.4.15 OR AY.4.16 OR AY.4.17 OR AY.5 OR AY.5.1 OR AY.5.2 OR AY.5.3 OR AY.5.4 OR AY.5.5 OR AY.5.6 OR AY.5.7 OR AY.6 OR AY.7 OR AY.7.1 OR AY.7.2 OR AY.8 OR AY.9 OR AY.9.1 OR AY.9.2 OR AY.9.2.1 OR AY.9.2.2 OR AY.10 OR AY.11 OR AY.12 OR AY.13 OR AY.14 OR AY.15 OR AY.16 OR AY.16.1 OR AY.17 OR AY.18 OR AY.19 OR AY.20 OR AY.20.1 OR AY.21 OR AY.22 OR AY.23 OR AY.23.1 OR AY.23.2 OR AY.24 OR AY.24.1 OR AY.25 OR AY.25.1 OR AY.25.1.1 OR AY.25.1.2 OR AY.25.2 OR AY.25.3 OR AY.26 OR AY.26.1 OR AY.27 OR AY.28 OR AY.29 OR AY.29.1 OR AY.29.2 OR AY.30 OR AY.31 OR AY.32 OR AY.33 OR AY.33.1 OR AY.33.2 OR AY.34 OR AY.34.1 OR AY.34.1.1 OR AY.34.2 OR AY.35 OR AY.36 OR AY.36.1 OR AY.37 OR AY.38 OR AY.39 OR AY.39.1 OR AY.39.1.1 OR AY.39.1.2 OR AY.39.1.3 OR AY.39.1.4 OR AY.39.2 OR AY.39.3 OR AY.39.4 OR AY.40 OR AY.41 OR AY.42 OR AY.42.1 OR AY.43 OR AY.43.1 OR AY.43.2 OR AY.43.3 OR AY.43.4 OR AY.43.5 OR AY.43.6 OR AY.43.7 OR AY.43.8 OR AY.43.9 OR AY.44 OR AY.45 OR AY.46 OR AY.46.1 OR AY.46.2 OR AY.46.3 OR AY.46.4 OR AY.46.5 OR AY.46.6 OR AY.46.6.1 OR AY.47 OR AY.48 OR AY.49 OR AY.50 OR AY.51 OR AY.52 OR AY.53 OR AY.54 OR AY.55 OR AY.56 OR AY.57 OR AY.58 OR AY.59 OR AY.60 OR AY.61 OR AY.62 OR AY.63 OR AY.64 OR AY.65 OR AY.66 OR AY.67 OR AY.68 OR AY.69 OR AY.70 OR AY.71 OR AY.72 OR AY.73 OR AY.74 OR AY.75 OR AY.75.1 OR AY.75.2 OR AY.75.3 OR AY.76 OR AY.77 OR AY.78 OR AY.79 OR AY.80 OR AY.81 OR AY.82 OR AY.83 OR AY.84 OR AY.85 OR AY.86 OR AY.87 OR AY.88 OR AY.89 OR AY.90 OR AY.91 OR AY.91.1 OR AY.92 OR AY.93 OR AY.94 OR AY.95 OR AY.96 OR AY.97 OR AY.98 OR AY.98.1 OR AY.98.1.1 OR AY.99 OR AY.99.1 OR AY.99.2 OR AY.100 OR AY.101 OR AY.102 OR AY.102.1 OR AY.102.2 OR AY.103 OR AY.103.1 OR AY.103.2 OR AY.104 OR AY.105 OR AY.106 OR AY.107 OR AY.108 OR AY.109 OR AY.110 OR AY.111 OR AY.112 OR AY.112.1 OR AY.112.2 OR AY.112.3 OR AY.113 OR AY.114 OR AY.115 OR AY.116 OR AY.116.1 OR AY.117 OR AY.118 OR AY.119 OR AY.119.1 OR AY.119.2 OR AY.120 OR AY.120.1 OR AY.120.2 OR AY.120.2.1 OR AY.121 OR AY.121.1 OR AY.122 OR AY.122.1 OR AY.122.2 OR AY.122.3 OR AY.122.4 OR AY.122.5 OR AY.122.6 OR AY.123 OR AY.123.1 OR AY.124 OR AY.124.1 OR AY.124.1.1 OR AY.125 OR AY.125.1 OR AY.126 OR AY.127 OR AY.127.1 OR AY.127.2 OR AY.127.3 OR AY.128 OR AY.129 OR AY.130 OR AY.131 OR AY.132 OR AY.133 OR AY.134 OR B.1.617.2,Delta,72.9285714285714,72.7142857142857,0.997061704211557
2021-09-01,85,85,58.5714285714286,58.4285714285714,0.997560975609756,0.923518610966418,0.998165100983031,AY.1 OR AY.2 OR AY.3 OR AY.3.1 OR AY.3.2 OR AY.3.3 OR AY.3.4 OR AY.4 OR AY.4.1 OR AY.4.2 OR AY.4.2.1 OR AY.4.2.2 OR AY.4.2.3 OR AY.4.2.4 OR AY.4.2.5 OR AY.4.3 OR AY.4.4 OR AY.4.5 OR AY.4.6 OR AY.4.7 OR AY.4.8 OR AY.4.9 OR AY.4.10 OR AY.4.11 OR AY.4.12 OR AY.4.13 OR AY.4.14 OR AY.4.15 OR AY.4.16 OR AY.4.17 OR AY.5 OR AY.5.1 OR AY.5.2 OR AY.5.3 OR AY.5.4 OR AY.5.5 OR AY.5.6 OR AY.5.7 OR AY.6 OR AY.7 OR AY.7.1 OR AY.7.2 OR AY.8 OR AY.9 OR AY.9.1 OR AY.9.2 OR AY.9.2.1 OR AY.9.2.2 OR AY.10 OR AY.11 OR AY.12 OR AY.13 OR AY.14 OR AY.15 OR AY.16 OR AY.16.1 OR AY.17 OR AY.18 OR AY.19 OR AY.20 OR AY.20.1 OR AY.21 OR AY.22 OR AY.23 OR AY.23.1 OR AY.23.2 OR AY.24 OR AY.24.1 OR AY.25 OR AY.25.1 OR AY.25.1.1 OR AY.25.1.2 OR AY.25.2 OR AY.25.3 OR AY.26 OR AY.26.1 OR AY.27 OR AY.28 OR AY.29 OR AY.29.1 OR AY.29.2 OR AY.30 OR AY.31 OR AY.32 OR AY.33 OR AY.33.1 OR AY.33.2 OR AY.34 OR AY.34.1 OR AY.34.1.1 OR AY.34.2 OR AY.35 OR AY.36 OR AY.36.1 OR AY.37 OR AY.38 OR AY.39 OR AY.39.1 OR AY.39.1.1 OR AY.39.1.2 OR AY.39.1.3 OR AY.39.1.4 OR AY.39.2 OR AY.39.3 OR AY.39.4 OR AY.40 OR AY.41 OR AY.42 OR AY.42.1 OR AY.43 OR AY.43.1 OR AY.43.2 OR AY.43.3 OR AY.43.4 OR AY.43.5 OR AY.43.6 OR AY.43.7 OR AY.43.8 OR AY.43.9 OR AY.44 OR AY.45 OR AY.46 OR AY.46.1 OR AY.46.2 OR AY.46.3 OR AY.46.4 OR AY.46.5 OR AY.46.6 OR AY.46.6.1 OR AY.47 OR AY.48 OR AY.49 OR AY.50 OR AY.51 OR AY.52 OR AY.53 OR AY.54 OR AY.55 OR AY.56 OR AY.57 OR AY.58 OR AY.59 OR AY.60 OR AY.61 OR AY.62 OR AY.63 OR AY.64 OR AY.65 OR AY.66 OR AY.67 OR AY.68 OR AY.69 OR AY.70 OR AY.71 OR AY.72 OR AY.73 OR AY.74 OR AY.75 OR AY.75.1 OR AY.75.2 OR AY.75.3 OR AY.76 OR AY.77 OR AY.78 OR AY.79 OR AY.80 OR AY.81 OR AY.82 OR AY.83 OR AY.84 OR AY.85 OR AY.86 OR AY.87 OR AY.88 OR AY.89 OR AY.90 OR AY.91 OR AY.91.1 OR AY.92 OR AY.93 OR AY.94 OR AY.95 OR AY.96 OR AY.97 OR AY.98 OR AY.98.1 OR AY.98.1.1 OR AY.99 OR AY.99.1 OR AY.99.2 OR AY.100 OR AY.101 OR AY.102 OR AY.102.1 OR AY.102.2 OR AY.103 OR AY.103.1 OR AY.103.2 OR AY.104 OR AY.105 OR AY.106 OR AY.107 OR AY.108 OR AY.109 OR AY.110 OR AY.111 OR AY.112 OR AY.112.1 OR AY.112.2 OR AY.112.3 OR AY.113 OR AY.114 OR AY.115 OR AY.116 OR AY.116.1 OR AY.117 OR AY.118 OR AY.119 OR AY.119.1 OR AY.119.2 OR AY.120 OR AY.120.1 OR AY.120.2 OR AY.120.2.1 OR AY.121 OR AY.121.1 OR AY.122 OR AY.122.1 OR AY.122.2 OR AY.122.3 OR AY.122.4 OR AY.122.5 OR AY.122.6 OR AY.123 OR AY.123.1 OR AY.124 OR AY.124.1 OR AY.124.1.1 OR AY.125 OR AY.125.1 OR AY.126 OR AY.127 OR AY.127.1 OR AY.127.2 OR AY.127.3 OR AY.128 OR AY.129 OR AY.130 OR AY.131 OR AY.132 OR AY.133 OR AY.134 OR B.1.617.2,Delta,62.5714285714286,62.4285714285714,0.997716894977169
2021-09-02,112,112,66.8571428571429,66.7142857142857,0.997863247863248,0.963337343838837,0.999992698448,AY.1 OR AY.2 OR AY.3 OR AY.3.1 OR AY.3.2 OR AY.3.3 OR AY.3.4 OR AY.4 OR AY.4.1 OR AY.4.2 OR AY.4.2.1 OR AY.4.2.2 OR AY.4.2.3 OR AY.4.2.4 OR AY.4.2.5 OR AY.4.3 OR AY.4.4 OR AY.4.5 OR AY.4.6 OR AY.4.7 OR AY.4.8 OR AY.4.9 OR AY.4.10 OR AY.4.11 OR AY.4.12 OR AY.4.13 OR AY.4.14 OR AY.4.15 OR AY.4.16 OR AY.4.17 OR AY.5 OR AY.5.1 OR AY.5.2 OR AY.5.3 OR AY.5.4 OR AY.5.5 OR AY.5.6 OR AY.5.7 OR AY.6 OR AY.7 OR AY.7.1 OR AY.7.2 OR AY.8 OR AY.9 OR AY.9.1 OR AY.9.2 OR AY.9.2.1 OR AY.9.2.2 OR AY.10 OR AY.11 OR AY.12 OR AY.13 OR AY.14 OR AY.15 OR AY.16 OR AY.16.1 OR AY.17 OR AY.18 OR AY.19 OR AY.20 OR AY.20.1 OR AY.21 OR AY.22 OR AY.23 OR AY.23.1 OR AY.23.2 OR AY.24 OR AY.24.1 OR AY.25 OR AY.25.1 OR AY.25.1.1 OR AY.25.1.2 OR AY.25.2 OR AY.25.3 OR AY.26 OR AY.26.1 OR AY.27 OR AY.28 OR AY.29 OR AY.29.1 OR AY.29.2 OR AY.30 OR AY.31 OR AY.32 OR AY.33 OR AY.33.1 OR AY.33.2 OR AY.34 OR AY.34.1 OR AY.34.1.1 OR AY.34.2 OR AY.35 OR AY.36 OR AY.36.1 OR AY.37 OR AY.38 OR AY.39 OR AY.39.1 OR AY.39.1.1 OR AY.39.1.2 OR AY.39.1.3 OR AY.39.1.4 OR AY.39.2 OR AY.39.3 OR AY.39.4 OR AY.40 OR AY.41 OR AY.42 OR AY.42.1 OR AY.43 OR AY.43.1 OR AY.43.2 OR AY.43.3 OR AY.43.4 OR AY.43.5 OR AY.43.6 OR AY.43.7 OR AY.43.8 OR AY.43.9 OR AY.44 OR AY.45 OR AY.46 OR AY.46.1 OR AY.46.2 OR AY.46.3 OR AY.46.4 OR AY.46.5 OR AY.46.6 OR AY.46.6.1 OR AY.47 OR AY.48 OR AY.49 OR AY.50 OR AY.51 OR AY.52 OR AY.53 OR AY.54 OR AY.55 OR AY.56 OR AY.57 OR AY.58 OR AY.59 OR AY.60 OR AY.61 OR AY.62 OR AY.63 OR AY.64 OR AY.65 OR AY.66 OR AY.67 OR AY.68 OR AY.69 OR AY.70 OR AY.71 OR AY.72 OR AY.73 OR AY.74 OR AY.75 OR AY.75.1 OR AY.75.2 OR AY.75.3 OR AY.76 OR AY.77 OR AY.78 OR AY.79 OR AY.80 OR AY.81 OR AY.82 OR AY.83 OR AY.84 OR AY.85 OR AY.86 OR AY.87 OR AY.88 OR AY.89 OR AY.90 OR AY.91 OR AY.91.1 OR AY.92 OR AY.93 OR AY.94 OR AY.95 OR AY.96 OR AY.97 OR AY.98 OR AY.98.1 OR AY.98.1.1 OR AY.99 OR AY.99.1 OR AY.99.2 OR AY.100 OR AY.101 OR AY.102 OR AY.102.1 OR AY.102.2 OR AY.103 OR AY.103.1 OR AY.103.2 OR AY.104 OR AY.105 OR AY.106 OR AY.107 OR AY.108 OR AY.109 OR AY.110 OR AY.111 OR AY.112 OR AY.112.1 OR AY.112.2 OR AY.112.3 OR AY.113 OR AY.114 OR AY.115 OR AY.116 OR AY.116.1 OR AY.117 OR AY.118 OR AY.119 OR AY.119.1 OR AY.119.2 OR AY.120 OR AY.120.1 OR AY.120.2 OR AY.120.2.1 OR AY.121 OR AY.121.1 OR AY.122 OR AY.122.1 OR AY.122.2 OR AY.122.3 OR AY.122.4 OR AY.122.5 OR AY.122.6 OR AY.123 OR AY.123.1 OR AY.124 OR AY.124.1 OR AY.124.1.1 OR AY.125 OR AY.125.1 OR AY.126 OR AY.127 OR AY.127.1 OR AY.127.2 OR AY.127.3 OR AY.128 OR AY.129 OR AY.130 OR AY.131 OR AY.132 OR AY.133 OR AY.134 OR B.1.617.2,Delta,63,62.8571428571429,0.997732426303855
2021-09-03,88,88,70.1428571428571,70,0.9979633401222,0.964875123702821,0.999993010252922,AY.1 OR AY.2 OR AY.3 OR AY.3.1 OR AY.3.2 OR AY.3.3 OR AY.3.4 OR AY.4 OR AY.4.1 OR AY.4.2 OR AY.4.2.1 OR AY.4.2.2 OR AY.4.2.3 OR AY.4.2.4 OR AY.4.2.5 OR AY.4.3 OR AY.4.4 OR AY.4.5 OR AY.4.6 OR AY.4.7 OR AY.4.8 OR AY.4.9 OR AY.4.10 OR AY.4.11 OR AY.4.12 OR AY.4.13 OR AY.4.14 OR AY.4.15 OR AY.4.16 OR AY.4.17 OR AY.5 OR AY.5.1 OR AY.5.2 OR AY.5.3 OR AY.5.4 OR AY.5.5 OR AY.5.6 OR AY.5.7 OR AY.6 OR AY.7 OR AY.7.1 OR AY.7.2 OR AY.8 OR AY.9 OR AY.9.1 OR AY.9.2 OR AY.9.2.1 OR AY.9.2.2 OR AY.10 OR AY.11 OR AY.12 OR AY.13 OR AY.14 OR AY.15 OR AY.16 OR AY.16.1 OR AY.17 OR AY.18 OR AY.19 OR AY.20 OR AY.20.1 OR AY.21 OR AY.22 OR AY.23 OR AY.23.1 OR AY.23.2 OR AY.24 OR AY.24.1 OR AY.25 OR AY.25.1 OR AY.25.1.1 OR AY.25.1.2 OR AY.25.2 OR AY.25.3 OR AY.26 OR AY.26.1 OR AY.27 OR AY.28 OR AY.29 OR AY.29.1 OR AY.29.2 OR AY.30 OR AY.31 OR AY.32 OR AY.33 OR AY.33.1 OR AY.33.2 OR AY.34 OR AY.34.1 OR AY.34.1.1 OR AY.34.2 OR AY.35 OR AY.36 OR AY.36.1 OR AY.37 OR AY.38 OR AY.39 OR AY.39.1 OR AY.39.1.1 OR AY.39.1.2 OR AY.39.1.3 OR AY.39.1.4 OR AY.39.2 OR AY.39.3 OR AY.39.4 OR AY.40 OR AY.41 OR AY.42 OR AY.42.1 OR AY.43 OR AY.43.1 OR AY.43.2 OR AY.43.3 OR AY.43.4 OR AY.43.5 OR AY.43.6 OR AY.43.7 OR AY.43.8 OR AY.43.9 OR AY.44 OR AY.45 OR AY.46 OR AY.46.1 OR AY.46.2 OR AY.46.3 OR AY.46.4 OR AY.46.5 OR AY.46.6 OR AY.46.6.1 OR AY.47 OR AY.48 OR AY.49 OR AY.50 OR AY.51 OR AY.52 OR AY.53 OR AY.54 OR AY.55 OR AY.56 OR AY.57 OR AY.58 OR AY.59 OR AY.60 OR AY.61 OR AY.62 OR AY.63 OR AY.64 OR AY.65 OR AY.66 OR AY.67 OR AY.68 OR AY.69 OR AY.70 OR AY.71 OR AY.72 OR AY.73 OR AY.74 OR AY.75 OR AY.75.1 OR AY.75.2 OR AY.75.3 OR AY.76 OR AY.77 OR AY.78 OR AY.79 OR AY.80 OR AY.81 OR AY.82 OR AY.83 OR AY.84 OR AY.85 OR AY.86 OR AY.87 OR AY.88 OR AY.89 OR AY.90 OR AY.91 OR AY.91.1 OR AY.92 OR AY.93 OR AY.94 OR AY.95 OR AY.96 OR AY.97 OR AY.98 OR AY.98.1 OR AY.98.1.1 OR AY.99 OR AY.99.1 OR AY.99.2 OR AY.100 OR AY.101 OR AY.102 OR AY.102.1 OR AY.102.2 OR AY.103 OR AY.103.1 OR AY.103.2 OR AY.104 OR AY.105 OR AY.106 OR AY.107 OR AY.108 OR AY.109 OR AY.110 OR AY.111 OR AY.112 OR AY.112.1 OR AY.112.2 OR AY.112.3 OR AY.113 OR AY.114 OR AY.115 OR AY.116 OR AY.116.1 OR AY.117 OR AY.118 OR AY.119 OR AY.119.1 OR AY.119.2 OR AY.120 OR AY.120.1 OR AY.120.2 OR AY.120.2.1 OR AY.121 OR AY.121.1 OR AY.122 OR AY.122.1 OR AY.122.2 OR AY.122.3 OR AY.122.4 OR AY.122.5 OR AY.122.6 OR AY.123 OR AY.123.1 OR AY.124 OR AY.124.1 OR AY.124.1.1 OR AY.125 OR AY.125.1 OR AY.126 OR AY.127 OR AY.127.1 OR AY.127.2 OR AY.127.3 OR AY.128 OR AY.129 OR AY.130 OR AY.131 OR AY.132 OR AY.133 OR AY.134 OR B.1.617.2,Delta,63.7142857142857,63.5714285714286,0.997757847533632
2021-09-04,65,65,75.2857142857143,75.2857142857143,1,0.967170180529091,0.999993474681118,AY.1 OR AY.2 OR AY.3 OR AY.3.1 OR AY.3.2 OR AY.3.3 OR AY.3.4 OR AY.4 OR AY.4.1 OR AY.4.2 OR AY.4.2.1 OR AY.4.2.2 OR AY.4.2.3 OR AY.4.2.4 OR AY.4.2.5 OR AY.4.3 OR AY.4.4 OR AY.4.5 OR AY.4.6 OR AY.4.7 OR AY.4.8 OR AY.4.9 OR AY.4.10 OR AY.4.11 OR AY.4.12 OR AY.4.13 OR AY.4.14 OR AY.4.15 OR AY.4.16 OR AY.4.17 OR AY.5 OR AY.5.1 OR AY.5.2 OR AY.5.3 OR AY.5.4 OR AY.5.5 OR AY.5.6 OR AY.5.7 OR AY.6 OR AY.7 OR AY.7.1 OR AY.7.2 OR AY.8 OR AY.9 OR AY.9.1 OR AY.9.2 OR AY.9.2.1 OR AY.9.2.2 OR AY.10 OR AY.11 OR AY.12 OR AY.13 OR AY.14 OR AY.15 OR AY.16 OR AY.16.1 OR AY.17 OR AY.18 OR AY.19 OR AY.20 OR AY.20.1 OR AY.21 OR AY.22 OR AY.23 OR AY.23.1 OR AY.23.2 OR AY.24 OR AY.24.1 OR AY.25 OR AY.25.1 OR AY.25.1.1 OR AY.25.1.2 OR AY.25.2 OR AY.25.3 OR AY.26 OR AY.26.1 OR AY.27 OR AY.28 OR AY.29 OR AY.29.1 OR AY.29.2 OR AY.30 OR AY.31 OR AY.32 OR AY.33 OR AY.33.1 OR AY.33.2 OR AY.34 OR AY.34.1 OR AY.34.1.1 OR AY.34.2 OR AY.35 OR AY.36 OR AY.36.1 OR AY.37 OR AY.38 OR AY.39 OR AY.39.1 OR AY.39.1.1 OR AY.39.1.2 OR AY.39.1.3 OR AY.39.1.4 OR AY.39.2 OR AY.39.3 OR AY.39.4 OR AY.40 OR AY.41 OR AY.42 OR AY.42.1 OR AY.43 OR AY.43.1 OR AY.43.2 OR AY.43.3 OR AY.43.4 OR AY.43.5 OR AY.43.6 OR AY.43.7 OR AY.43.8 OR AY.43.9 OR AY.44 OR AY.45 OR AY.46 OR AY.46.1 OR AY.46.2 OR AY.46.3 OR AY.46.4 OR AY.46.5 OR AY.46.6 OR AY.46.6.1 OR AY.47 OR AY.48 OR AY.49 OR AY.50 OR AY.51 OR AY.52 OR AY.53 OR AY.54 OR AY.55 OR AY.56 OR AY.57 OR AY.58 OR AY.59 OR AY.60 OR AY.61 OR AY.62 OR AY.63 OR AY.64 OR AY.65 OR AY.66 OR AY.67 OR AY.68 OR AY.69 OR AY.70 OR AY.71 OR AY.72 OR AY.73 OR AY.74 OR AY.75 OR AY.75.1 OR AY.75.2 OR AY.75.3 OR AY.76 OR AY.77 OR AY.78 OR AY.79 OR AY.80 OR AY.81 OR AY.82 OR AY.83 OR AY.84 OR AY.85 OR AY.86 OR AY.87 OR AY.88 OR AY.89 OR AY.90 OR AY.91 OR AY.91.1 OR AY.92 OR AY.93 OR AY.94 OR AY.95 OR AY.96 OR AY.97 OR AY.98 OR AY.98.1 OR AY.98.1.1 OR AY.99 OR AY.99.1 OR AY.99.2 OR AY.100 OR AY.101 OR AY.102 OR AY.102.1 OR AY.102.2 OR AY.103 OR AY.103.1 OR AY.103.2 OR AY.104 OR AY.105 OR AY.106 OR AY.107 OR AY.108 OR AY.109 OR AY.110 OR AY.111 OR AY.112 OR AY.112.1 OR AY.112.2 OR AY.112.3 OR AY.113 OR AY.114 OR AY.115 OR AY.116 OR AY.116.1 OR AY.117 OR AY.118 OR AY.119 OR AY.119.1 OR AY.119.2 OR AY.120 OR AY.120.1 OR AY.120.2 OR AY.120.2.1 OR AY.121 OR AY.121.1 OR AY.122 OR AY.122.1 OR AY.122.2 OR AY.122.3 OR AY.122.4 OR AY.122.5 OR AY.122.6 OR AY.123 OR AY.123.1 OR AY.124 OR AY.124.1 OR AY.124.1.1 OR AY.125 OR AY.125.1 OR AY.126 OR AY.127 OR AY.127.1 OR AY.127.2 OR AY.127.3 OR AY.128 OR AY.129 OR AY.130 OR AY.131 OR AY.132 OR AY.133 OR AY.134 OR B.1.617.2,Delta,65.1428571428571,65,0.99780701754386
2021-09-05,49,49,77.4285714285714,77.4285714285714,1,0.968006373735088,0.999993643619083,AY.1 OR AY.2 OR AY.3 OR AY.3.1 OR AY.3.2 OR AY.3.3 OR AY.3.4 OR AY.4 OR AY.4.1 OR AY.4.2 OR AY.4.2.1 OR AY.4.2.2 OR AY.4.2.3 OR AY.4.2.4 OR AY.4.2.5 OR AY.4.3 OR AY.4.4 OR AY.4.5 OR AY.4.6 OR AY.4.7 OR AY.4.8 OR AY.4.9 OR AY.4.10 OR AY.4.11 OR AY.4.12 OR AY.4.13 OR AY.4.14 OR AY.4.15 OR AY.4.16 OR AY.4.17 OR AY.5 OR AY.5.1 OR AY.5.2 OR AY.5.3 OR AY.5.4 OR AY.5.5 OR AY.5.6 OR AY.5.7 OR AY.6 OR AY.7 OR AY.7.1 OR AY.7.2 OR AY.8 OR AY.9 OR AY.9.1 OR AY.9.2 OR AY.9.2.1 OR AY.9.2.2 OR AY.10 OR AY.11 OR AY.12 OR AY.13 OR AY.14 OR AY.15 OR AY.16 OR AY.16.1 OR AY.17 OR AY.18 OR AY.19 OR AY.20 OR AY.20.1 OR AY.21 OR AY.22 OR AY.23 OR AY.23.1 OR AY.23.2 OR AY.24 OR AY.24.1 OR AY.25 OR AY.25.1 OR AY.25.1.1 OR AY.25.1.2 OR AY.25.2 OR AY.25.3 OR AY.26 OR AY.26.1 OR AY.27 OR AY.28 OR AY.29 OR AY.29.1 OR AY.29.2 OR AY.30 OR AY.31 OR AY.32 OR AY.33 OR AY.33.1 OR AY.33.2 OR AY.34 OR AY.34.1 OR AY.34.1.1 OR AY.34.2 OR AY.35 OR AY.36 OR AY.36.1 OR AY.37 OR AY.38 OR AY.39 OR AY.39.1 OR AY.39.1.1 OR AY.39.1.2 OR AY.39.1.3 OR AY.39.1.4 OR AY.39.2 OR AY.39.3 OR AY.39.4 OR AY.40 OR AY.41 OR AY.42 OR AY.42.1 OR AY.43 OR AY.43.1 OR AY.43.2 OR AY.43.3 OR AY.43.4 OR AY.43.5 OR AY.43.6 OR AY.43.7 OR AY.43.8 OR AY.43.9 OR AY.44 OR AY.45 OR AY.46 OR AY.46.1 OR AY.46.2 OR AY.46.3 OR AY.46.4 OR AY.46.5 OR AY.46.6 OR AY.46.6.1 OR AY.47 OR AY.48 OR AY.49 OR AY.50 OR AY.51 OR AY.52 OR AY.53 OR AY.54 OR AY.55 OR AY.56 OR AY.57 OR AY.58 OR AY.59 OR AY.60 OR AY.61 OR AY.62 OR AY.63 OR AY.64 OR AY.65 OR AY.66 OR AY.67 OR AY.68 OR AY.69 OR AY.70 OR AY.71 OR AY.72 OR AY.73 OR AY.74 OR AY.75 OR AY.75.1 OR AY.75.2 OR AY.75.3 OR AY.76 OR AY.77 OR AY.78 OR AY.79 OR AY.80 OR AY.81 OR AY.82 OR AY.83 OR AY.84 OR AY.85 OR AY.86 OR AY.87 OR AY.88 OR AY.89 OR AY.90 OR AY.91 OR AY.91.1 OR AY.92 OR AY.93 OR AY.94 OR AY.95 OR AY.96 OR AY.97 OR AY.98 OR AY.98.1 OR AY.98.1.1 OR AY.99 OR AY.99.1 OR AY.99.2 OR AY.100 OR AY.101 OR AY.102 OR AY.102.1 OR AY.102.2 OR AY.103 OR AY.103.1 OR AY.103.2 OR AY.104 OR AY.105 OR AY.106 OR AY.107 OR AY.108 OR AY.109 OR AY.110 OR AY.111 OR AY.112 OR AY.112.1 OR AY.112.2 OR AY.112.3 OR AY.113 OR AY.114 OR AY.115 OR AY.116 OR AY.116.1 OR AY.117 OR AY.118 OR AY.119 OR AY.119.1 OR AY.119.2 OR AY.120 OR AY.120.1 OR AY.120.2 OR AY.120.2.1 OR AY.121 OR AY.121.1 OR AY.122 OR AY.122.1 OR AY.122.2 OR AY.122.3 OR AY.122.4 OR AY.122.5 OR AY.122.6 OR AY.123 OR AY.123.1 OR AY.124 OR AY.124.1 OR AY.124.1.1 OR AY.125 OR AY.125.1 OR AY.126 OR AY.127 OR AY.127.1 OR AY.127.2 OR AY.127.3 OR AY.128 OR AY.129 OR AY.130 OR AY.131 OR AY.132 OR AY.133 OR AY.134 OR B.1.617.2,Delta,66.7142857142857,66.5714285714286,0.997858672376874
2021-09-06,80,80,80.4285714285714,80.4285714285714,1,0.96918374150756,0.999993881237721,AY.1 OR AY.2 OR AY.3 OR AY.3.1 OR AY.3.2 OR AY.3.3 OR AY.3.4 OR AY.4 OR AY.4.1 OR AY.4.2 OR AY.4.2.1 OR AY.4.2.2 OR AY.4.2.3 OR AY.4.2.4 OR AY.4.2.5 OR AY.4.3 OR AY.4.4 OR AY.4.5 OR AY.4.6 OR AY.4.7 OR AY.4.8 OR AY.4.9 OR AY.4.10 OR AY.4.11 OR AY.4.12 OR AY.4.13 OR AY.4.14 OR AY.4.15 OR AY.4.16 OR AY.4.17 OR AY.5 OR AY.5.1 OR AY.5.2 OR AY.5.3 OR AY.5.4 OR AY.5.5 OR AY.5.6 OR AY.5.7 OR AY.6 OR AY.7 OR AY.7.1 OR AY.7.2 OR AY.8 OR AY.9 OR AY.9.1 OR AY.9.2 OR AY.9.2.1 OR AY.9.2.2 OR AY.10 OR AY.11 OR AY.12 OR AY.13 OR AY.14 OR AY.15 OR AY.16 OR AY.16.1 OR AY.17 OR AY.18 OR AY.19 OR AY.20 OR AY.20.1 OR AY.21 OR AY.22 OR AY.23 OR AY.23.1 OR AY.23.2 OR AY.24 OR AY.24.1 OR AY.25 OR AY.25.1 OR AY.25.1.1 OR AY.25.1.2 OR AY.25.2 OR AY.25.3 OR AY.26 OR AY.26.1 OR AY.27 OR AY.28 OR AY.29 OR AY.29.1 OR AY.29.2 OR AY.30 OR AY.31 OR AY.32 OR AY.33 OR AY.33.1 OR AY.33.2 OR AY.34 OR AY.34.1 OR AY.34.1.1 OR AY.34.2 OR AY.35 OR AY.36 OR AY.36.1 OR AY.37 OR AY.38 OR AY.39 OR AY.39.1 OR AY.39.1.1 OR AY.39.1.2 OR AY.39.1.3 OR AY.39.1.4 OR AY.39.2 OR AY.39.3 OR AY.39.4 OR AY.40 OR AY.41 OR AY.42 OR AY.42.1 OR AY.43 OR AY.43.1 OR AY.43.2 OR AY.43.3 OR AY.43.4 OR AY.43.5 OR AY.43.6 OR AY.43.7 OR AY.43.8 OR AY.43.9 OR AY.44 OR AY.45 OR AY.46 OR AY.46.1 OR AY.46.2 OR AY.46.3 OR AY.46.4 OR AY.46.5 OR AY.46.6 OR AY.46.6.1 OR AY.47 OR AY.48 OR AY.49 OR AY.50 OR AY.51 OR AY.52 OR AY.53 OR AY.54 OR AY.55 OR AY.56 OR AY.57 OR AY.58 OR AY.59 OR AY.60 OR AY.61 OR AY.62 OR AY.63 OR AY.64 OR AY.65 OR AY.66 OR AY.67 OR AY.68 OR AY.69 OR AY.70 OR AY.71 OR AY.72 OR AY.73 OR AY.74 OR AY.75 OR AY.75.1 OR AY.75.2 OR AY.75.3 OR AY.76 OR AY.77 OR AY.78 OR AY.79 OR AY.80 OR AY.81 OR AY.82 OR AY.83 OR AY.84 OR AY.85 OR AY.86 OR AY.87 OR AY.88 OR AY.89 OR AY.90 OR AY.91 OR AY.91.1 OR AY.92 OR AY.93 OR AY.94 OR AY.95 OR AY.96 OR AY.97 OR AY.98 OR AY.98.1 OR AY.98.1.1 OR AY.99 OR AY.99.1 OR AY.99.2 OR AY.100 OR AY.101 OR AY.102 OR AY.102.1 OR AY.102.2 OR AY.103 OR AY.103.1 OR AY.103.2 OR AY.104 OR AY.105 OR AY.106 OR AY.107 OR AY.108 OR AY.109 OR AY.110 OR AY.111 OR AY.112 OR AY.112.1 OR AY.112.2 OR AY.112.3 OR AY.113 OR AY.114 OR AY.115 OR AY.116 OR AY.116.1 OR AY.117 OR AY.118 OR AY.119 OR AY.119.1 OR AY.119.2 OR AY.120 OR AY.120.1 OR AY.120.2 OR AY.120.2.1 OR AY.121 OR AY.121.1 OR AY.122 OR AY.122.1 OR AY.122.2 OR AY.122.3 OR AY.122.4 OR AY.122.5 OR AY.122.6 OR AY.123 OR AY.123.1 OR AY.124 OR AY.124.1 OR AY.124.1.1 OR AY.125 OR AY.125.1 OR AY.126 OR AY.127 OR AY.127.1 OR AY.127.2 OR AY.127.3 OR AY.128 OR AY.129 OR AY.130 OR AY.131 OR AY.132 OR AY.133 OR AY.134 OR B.1.617.2,Delta,68.4285714285714,68.2857142857143,0.997912317327766
2021-09-07,116,116,85,85,1,0.970964599358234,0.999994240105192,AY.1 OR AY.2 OR AY.3 OR AY.3.1 OR AY.3.2 OR AY.3.3 OR AY.3.4 OR AY.4 OR AY.4.1 OR AY.4.2 OR AY.4.2.1 OR AY.4.2.2 OR AY.4.2.3 OR AY.4.2.4 OR AY.4.2.5 OR AY.4.3 OR AY.4.4 OR AY.4.5 OR AY.4.6 OR AY.4.7 OR AY.4.8 OR AY.4.9 OR AY.4.10 OR AY.4.11 OR AY.4.12 OR AY.4.13 OR AY.4.14 OR AY.4.15 OR AY.4.16 OR AY.4.17 OR AY.5 OR AY.5.1 OR AY.5.2 OR AY.5.3 OR AY.5.4 OR AY.5.5 OR AY.5.6 OR AY.5.7 OR AY.6 OR AY.7 OR AY.7.1 OR AY.7.2 OR AY.8 OR AY.9 OR AY.9.1 OR AY.9.2 OR AY.9.2.1 OR AY.9.2.2 OR AY.10 OR AY.11 OR AY.12 OR AY.13 OR AY.14 OR AY.15 OR AY.16 OR AY.16.1 OR AY.17 OR AY.18 OR AY.19 OR AY.20 OR AY.20.1 OR AY.21 OR AY.22 OR AY.23 OR AY.23.1 OR AY.23.2 OR AY.24 OR AY.24.1 OR AY.25 OR AY.25.1 OR AY.25.1.1 OR AY.25.1.2 OR AY.25.2 OR AY.25.3 OR AY.26 OR AY.26.1 OR AY.27 OR AY.28 OR AY.29 OR AY.29.1 OR AY.29.2 OR AY.30 OR AY.31 OR AY.32 OR AY.33 OR AY.33.1 OR AY.33.2 OR AY.34 OR AY.34.1 OR AY.34.1.1 OR AY.34.2 OR AY.35 OR AY.36 OR AY.36.1 OR AY.37 OR AY.38 OR AY.39 OR AY.39.1 OR AY.39.1.1 OR AY.39.1.2 OR AY.39.1.3 OR AY.39.1.4 OR AY.39.2 OR AY.39.3 OR AY.39.4 OR AY.40 OR AY.41 OR AY.42 OR AY.42.1 OR AY.43 OR AY.43.1 OR AY.43.2 OR AY.43.3 OR AY.43.4 OR AY.43.5 OR AY.43.6 OR AY.43.7 OR AY.43.8 OR AY.43.9 OR AY.44 OR AY.45 OR AY.46 OR AY.46.1 OR AY.46.2 OR AY.46.3 OR AY.46.4 OR AY.46.5 OR AY.46.6 OR AY.46.6.1 OR AY.47 OR AY.48 OR AY.49 OR AY.50 OR AY.51 OR AY.52 OR AY.53 OR AY.54 OR AY.55 OR AY.56 OR AY.57 OR AY.58 OR AY.59 OR AY.60 OR AY.61 OR AY.62 OR AY.63 OR AY.64 OR AY.65 OR AY.66 OR AY.67 OR AY.68 OR AY.69 OR AY.70 OR AY.71 OR AY.72 OR AY.73 OR AY.74 OR AY.75 OR AY.75.1 OR AY.75.2 OR AY.75.3 OR AY.76 OR AY.77 OR AY.78 OR AY.79 OR AY.80 OR AY.81 OR AY.82 OR AY.83 OR AY.84 OR AY.85 OR AY.86 OR AY.87 OR AY.88 OR AY.89 OR AY.90 OR AY.91 OR AY.91.1 OR AY.92 OR AY.93 OR AY.94 OR AY.95 OR AY.96 OR AY.97 OR AY.98 OR AY.98.1 OR AY.98.1.1 OR AY.99 OR AY.99.1 OR AY.99.2 OR AY.100 OR AY.101 OR AY.102 OR AY.102.1 OR AY.102.2 OR AY.103 OR AY.103.1 OR AY.103.2 OR AY.104 OR AY.105 OR AY.106 OR AY.107 OR AY.108 OR AY.109 OR AY.110 OR AY.111 OR AY.112 OR AY.112.1 OR AY.112.2 OR AY.112.3 OR AY.113 OR AY.114 OR AY.115 OR AY.116 OR AY.116.1 OR AY.117 OR AY.118 OR AY.119 OR AY.119.1 OR AY.119.2 OR AY.120 OR AY.120.1 OR AY.120.2 OR AY.120.2.1 OR AY.121 OR AY.121.1 OR AY.122 OR AY.122.1 OR AY.122.2 OR AY.122.3 OR AY.122.4 OR AY.122.5 OR AY.122.6 OR AY.123 OR AY.123.1 OR AY.124 OR AY.124.1 OR AY.124.1.1 OR AY.125 OR AY.125.1 OR AY.126 OR AY.127 OR AY.127.1 OR AY.127.2 OR AY.127.3 OR AY.128 OR AY.129 OR AY.130 OR AY.131 OR AY.132 OR AY.133 OR AY.134 OR B.1.617.2,Delta,71.3571428571429,71.2857142857143,0.998998998998999
2021-09-08,111,111,88.7142857142857,88.7142857142857,1,0.972247647741724,0.999994498248954,AY.1 OR AY.2 OR AY.3 OR AY.3.1 OR AY.3.2 OR AY.3.3 OR AY.3.4 OR AY.4 OR AY.4.1 OR AY.4.2 OR AY.4.2.1 OR AY.4.2.2 OR AY.4.2.3 OR AY.4.2.4 OR AY.4.2.5 OR AY.4.3 OR AY.4.4 OR AY.4.5 OR AY.4.6 OR AY.4.7 OR AY.4.8 OR AY.4.9 OR AY.4.10 OR AY.4.11 OR AY.4.12 OR AY.4.13 OR AY.4.14 OR AY.4.15 OR AY.4.16 OR AY.4.17 OR AY.5 OR AY.5.1 OR AY.5.2 OR AY.5.3 OR AY.5.4 OR AY.5.5 OR AY.5.6 OR AY.5.7 OR AY.6 OR AY.7 OR AY.7.1 OR AY.7.2 OR AY.8 OR AY.9 OR AY.9.1 OR AY.9.2 OR AY.9.2.1 OR AY.9.2.2 OR AY.10 OR AY.11 OR AY.12 OR AY.13 OR AY.14 OR AY.15 OR AY.16 OR AY.16.1 OR AY.17 OR AY.18 OR AY.19 OR AY.20 OR AY.20.1 OR AY.21 OR AY.22 OR AY.23 OR AY.23.1 OR AY.23.2 OR AY.24 OR AY.24.1 OR AY.25 OR AY.25.1 OR AY.25.1.1 OR AY.25.1.2 OR AY.25.2 OR AY.25.3 OR AY.26 OR AY.26.1 OR AY.27 OR AY.28 OR AY.29 OR AY.29.1 OR AY.29.2 OR AY.30 OR AY.31 OR AY.32 OR AY.33 OR AY.33.1 OR AY.33.2 OR AY.34 OR AY.34.1 OR AY.34.1.1 OR AY.34.2 OR AY.35 OR AY.36 OR AY.36.1 OR AY.37 OR AY.38 OR AY.39 OR AY.39.1 OR AY.39.1.1 OR AY.39.1.2 OR AY.39.1.3 OR AY.39.1.4 OR AY.39.2 OR AY.39.3 OR AY.39.4 OR AY.40 OR AY.41 OR AY.42 OR AY.42.1 OR AY.43 OR AY.43.1 OR AY.43.2 OR AY.43.3 OR AY.43.4 OR AY.43.5 OR AY.43.6 OR AY.43.7 OR AY.43.8 OR AY.43.9 OR AY.44 OR AY.45 OR AY.46 OR AY.46.1 OR AY.46.2 OR AY.46.3 OR AY.46.4 OR AY.46.5 OR AY.46.6 OR AY.46.6.1 OR AY.47 OR AY.48 OR AY.49 OR AY.50 OR AY.51 OR AY.52 OR AY.53 OR AY.54 OR AY.55 OR AY.56 OR AY.57 OR AY.58 OR AY.59 OR AY.60 OR AY.61 OR AY.62 OR AY.63 OR AY.64 OR AY.65 OR AY.66 OR AY.67 OR AY.68 OR AY.69 OR AY.70 OR AY.71 OR AY.72 OR AY.73 OR AY.74 OR AY.75 OR AY.75.1 OR AY.75.2 OR AY.75.3 OR AY.76 OR AY.77 OR AY.78 OR AY.79 OR AY.80 OR AY.81 OR AY.82 OR AY.83 OR AY.84 OR AY.85 OR AY.86 OR AY.87 OR AY.88 OR AY.89 OR AY.90 OR AY.91 OR AY.91.1 OR AY.92 OR AY.93 OR AY.94 OR AY.95 OR AY.96 OR AY.97 OR AY.98 OR AY.98.1 OR AY.98.1.1 OR AY.99 OR AY.99.1 OR AY.99.2 OR AY.100 OR AY.101 OR AY.102 OR AY.102.1 OR AY.102.2 OR AY.103 OR AY.103.1 OR AY.103.2 OR AY.104 OR AY.105 OR AY.106 OR AY.107 OR AY.108 OR AY.109 OR AY.110 OR AY.111 OR AY.112 OR AY.112.1 OR AY.112.2 OR AY.112.3 OR AY.113 OR AY.114 OR AY.115 OR AY.116 OR AY.116.1 OR AY.117 OR AY.118 OR AY.119 OR AY.119.1 OR AY.119.2 OR AY.120 OR AY.120.1 OR AY.120.2 OR AY.120.2.1 OR AY.121 OR AY.121.1 OR AY.122 OR AY.122.1 OR AY.122.2 OR AY.122.3 OR AY.122.4 OR AY.122.5 OR AY.122.6 OR AY.123 OR AY.123.1 OR AY.124 OR AY.124.1 OR AY.124.1.1 OR AY.125 OR AY.125.1 OR AY.126 OR AY.127 OR AY.127.1 OR AY.127.2 OR AY.127.3 OR AY.128 OR AY.129 OR AY.130 OR AY.131 OR AY.132 OR AY.133 OR AY.134 OR B.1.617.2,Delta,73.6428571428571,73.5714285714286,0.999030067895247
2021-09-09,149,149,94,94,1,0.973700356030539,0.999994790116164,AY.1 OR AY.2 OR AY.3 OR AY.3.1 OR AY.3.2 OR AY.3.3 OR AY.3.4 OR AY.4 OR AY.4.1 OR AY.4.2 OR AY.4.2.1 OR AY.4.2.2 OR AY.4.2.3 OR AY.4.2.4 OR AY.4.2.5 OR AY.4.3 OR AY.4.4 OR AY.4.5 OR AY.4.6 OR AY.4.7 OR AY.4.8 OR AY.4.9 OR AY.4.10 OR AY.4.11 OR AY.4.12 OR AY.4.13 OR AY.4.14 OR AY.4.15 OR AY.4.16 OR AY.4.17 OR AY.5 OR AY.5.1 OR AY.5.2 OR AY.5.3 OR AY.5.4 OR AY.5.5 OR AY.5.6 OR AY.5.7 OR AY.6 OR AY.7 OR AY.7.1 OR AY.7.2 OR AY.8 OR AY.9 OR AY.9.1 OR AY.9.2 OR AY.9.2.1 OR AY.9.2.2 OR AY.10 OR AY.11 OR AY.12 OR AY.13 OR AY.14 OR AY.15 OR AY.16 OR AY.16.1 OR AY.17 OR AY.18 OR AY.19 OR AY.20 OR AY.20.1 OR AY.21 OR AY.22 OR AY.23 OR AY.23.1 OR AY.23.2 OR AY.24 OR AY.24.1 OR AY.25 OR AY.25.1 OR AY.25.1.1 OR AY.25.1.2 OR AY.25.2 OR AY.25.3 OR AY.26 OR AY.26.1 OR AY.27 OR AY.28 OR AY.29 OR AY.29.1 OR AY.29.2 OR AY.30 OR AY.31 OR AY.32 OR AY.33 OR AY.33.1 OR AY.33.2 OR AY.34 OR AY.34.1 OR AY.34.1.1 OR AY.34.2 OR AY.35 OR AY.36 OR AY.36.1 OR AY.37 OR AY.38 OR AY.39 OR AY.39.1 OR AY.39.1.1 OR AY.39.1.2 OR AY.39.1.3 OR AY.39.1.4 OR AY.39.2 OR AY.39.3 OR AY.39.4 OR AY.40 OR AY.41 OR AY.42 OR AY.42.1 OR AY.43 OR AY.43.1 OR AY.43.2 OR AY.43.3 OR AY.43.4 OR AY.43.5 OR AY.43.6 OR AY.43.7 OR AY.43.8 OR AY.43.9 OR AY.44 OR AY.45 OR AY.46 OR AY.46.1 OR AY.46.2 OR AY.46.3 OR AY.46.4 OR AY.46.5 OR AY.46.6 OR AY.46.6.1 OR AY.47 OR AY.48 OR AY.49 OR AY.50 OR AY.51 OR AY.52 OR AY.53 OR AY.54 OR AY.55 OR AY.56 OR AY.57 OR AY.58 OR AY.59 OR AY.60 OR AY.61 OR AY.62 OR AY.63 OR AY.64 OR AY.65 OR AY.66 OR AY.67 OR AY.68 OR AY.69 OR AY.70 OR AY.71 OR AY.72 OR AY.73 OR AY.74 OR AY.75 OR AY.75.1 OR AY.75.2 OR AY.75.3 OR AY.76 OR AY.77 OR AY.78 OR AY.79 OR AY.80 OR AY.81 OR AY.82 OR AY.83 OR AY.84 OR AY.85 OR AY.86 OR AY.87 OR AY.88 OR AY.89 OR AY.90 OR AY.91 OR AY.91.1 OR AY.92 OR AY.93 OR AY.94 OR AY.95 OR AY.96 OR AY.97 OR AY.98 OR AY.98.1 OR AY.98.1.1 OR AY.99 OR AY.99.1 OR AY.99.2 OR AY.100 OR AY.101 OR AY.102 OR AY.102.1 OR AY.102.2 OR AY.103 OR AY.103.1 OR AY.103.2 OR AY.104 OR AY.105 OR AY.106 OR AY.107 OR AY.108 OR AY.109 OR AY.110 OR AY.111 OR AY.112 OR AY.112.1 OR AY.112.2 OR AY.112.3 OR AY.113 OR AY.114 OR AY.115 OR AY.116 OR AY.116.1 OR AY.117 OR AY.118 OR AY.119 OR AY.119.1 OR AY.119.2 OR AY.120 OR AY.120.1 OR AY.120.2 OR AY.120.2.1 OR AY.121 OR AY.121.1 OR AY.122 OR AY.122.1 OR AY.122.2 OR AY.122.3 OR AY.122.4 OR AY.122.5 OR AY.122.6 OR AY.123 OR AY.123.1 OR AY.124 OR AY.124.1 OR AY.124.1.1 OR AY.125 OR AY.125.1 OR AY.126 OR AY.127 OR AY.127.1 OR AY.127.2 OR AY.127.3 OR AY.128 OR AY.129 OR AY.130 OR AY.131 OR AY.132 OR AY.133 OR AY.134 OR B.1.617.2,Delta,80.4285714285714,80.3571428571429,0.99911190053286
2021-09-10,71,71,91.5714285714286,91.5714285714286,1,0.973137911887084,0.999994677165875,AY.1 OR AY.2 OR AY.3 OR AY.3.1 OR AY.3.2 OR AY.3.3 OR AY.3.4 OR AY.4 OR AY.4.1 OR AY.4.2 OR AY.4.2.1 OR AY.4.2.2 OR AY.4.2.3 OR AY.4.2.4 OR AY.4.2.5 OR AY.4.3 OR AY.4.4 OR AY.4.5 OR AY.4.6 OR AY.4.7 OR AY.4.8 OR AY.4.9 OR AY.4.10 OR AY.4.11 OR AY.4.12 OR AY.4.13 OR AY.4.14 OR AY.4.15 OR AY.4.16 OR AY.4.17 OR AY.5 OR AY.5.1 OR AY.5.2 OR AY.5.3 OR AY.5.4 OR AY.5.5 OR AY.5.6 OR AY.5.7 OR AY.6 OR AY.7 OR AY.7.1 OR AY.7.2 OR AY.8 OR AY.9 OR AY.9.1 OR AY.9.2 OR AY.9.2.1 OR AY.9.2.2 OR AY.10 OR AY.11 OR AY.12 OR AY.13 OR AY.14 OR AY.15 OR AY.16 OR AY.16.1 OR AY.17 OR AY.18 OR AY.19 OR AY.20 OR AY.20.1 OR AY.21 OR AY.22 OR AY.23 OR AY.23.1 OR AY.23.2 OR AY.24 OR AY.24.1 OR AY.25 OR AY.25.1 OR AY.25.1.1 OR AY.25.1.2 OR AY.25.2 OR AY.25.3 OR AY.26 OR AY.26.1 OR AY.27 OR AY.28 OR AY.29 OR AY.29.1 OR AY.29.2 OR AY.30 OR AY.31 OR AY.32 OR AY.33 OR AY.33.1 OR AY.33.2 OR AY.34 OR AY.34.1 OR AY.34.1.1 OR AY.34.2 OR AY.35 OR AY.36 OR AY.36.1 OR AY.37 OR AY.38 OR AY.39 OR AY.39.1 OR AY.39.1.1 OR AY.39.1.2 OR AY.39.1.3 OR AY.39.1.4 OR AY.39.2 OR AY.39.3 OR AY.39.4 OR AY.40 OR AY.41 OR AY.42 OR AY.42.1 OR AY.43 OR AY.43.1 OR AY.43.2 OR AY.43.3 OR AY.43.4 OR AY.43.5 OR AY.43.6 OR AY.43.7 OR AY.43.8 OR AY.43.9 OR AY.44 OR AY.45 OR AY.46 OR AY.46.1 OR AY.46.2 OR AY.46.3 OR AY.46.4 OR AY.46.5 OR AY.46.6 OR AY.46.6.1 OR AY.47 OR AY.48 OR AY.49 OR AY.50 OR AY.51 OR AY.52 OR AY.53 OR AY.54 OR AY.55 OR AY.56 OR AY.57 OR AY.58 OR AY.59 OR AY.60 OR AY.61 OR AY.62 OR AY.63 OR AY.64 OR AY.65 OR AY.66 OR AY.67 OR AY.68 OR AY.69 OR AY.70 OR AY.71 OR AY.72 OR AY.73 OR AY.74 OR AY.75 OR AY.75.1 OR AY.75.2 OR AY.75.3 OR AY.76 OR AY.77 OR AY.78 OR AY.79 OR AY.80 OR AY.81 OR AY.82 OR AY.83 OR AY.84 OR AY.85 OR AY.86 OR AY.87 OR AY.88 OR AY.89 OR AY.90 OR AY.91 OR AY.91.1 OR AY.92 OR AY.93 OR AY.94 OR AY.95 OR AY.96 OR AY.97 OR AY.98 OR AY.98.1 OR AY.98.1.1 OR AY.99 OR AY.99.1 OR AY.99.2 OR AY.100 OR AY.101 OR AY.102 OR AY.102.1 OR AY.102.2 OR AY.103 OR AY.103.1 OR AY.103.2 OR AY.104 OR AY.105 OR AY.106 OR AY.107 OR AY.108 OR AY.109 OR AY.110 OR AY.111 OR AY.112 OR AY.112.1 OR AY.112.2 OR AY.112.3 OR AY.113 OR AY.114 OR AY.115 OR AY.116 OR AY.116.1 OR AY.117 OR AY.118 OR AY.119 OR AY.119.1 OR AY.119.2 OR AY.120 OR AY.120.1 OR AY.120.2 OR AY.120.2.1 OR AY.121 OR AY.121.1 OR AY.122 OR AY.122.1 OR AY.122.2 OR AY.122.3 OR AY.122.4 OR AY.122.5 OR AY.122.6 OR AY.123 OR AY.123.1 OR AY.124 OR AY.124.1 OR AY.124.1.1 OR AY.125 OR AY.125.1 OR AY.126 OR AY.127 OR AY.127.1 OR AY.127.2 OR AY.127.3 OR AY.128 OR AY.129 OR AY.130 OR AY.131 OR AY.132 OR AY.133 OR AY.134 OR B.1.617.2,Delta,80.8571428571429,80.7857142857143,0.999116607773852
2021-09-11,57,57,90.4285714285714,90.4285714285714,1,0.972550887024796,0.999994559209548,AY.1 OR AY.2 OR AY.3 OR AY.3.1 OR AY.3.2 OR AY.3.3 OR AY.3.4 OR AY.4 OR AY.4.1 OR AY.4.2 OR AY.4.2.1 OR AY.4.2.2 OR AY.4.2.3 OR AY.4.2.4 OR AY.4.2.5 OR AY.4.3 OR AY.4.4 OR AY.4.5 OR AY.4.6 OR AY.4.7 OR AY.4.8 OR AY.4.9 OR AY.4.10 OR AY.4.11 OR AY.4.12 OR AY.4.13 OR AY.4.14 OR AY.4.15 OR AY.4.16 OR AY.4.17 OR AY.5 OR AY.5.1 OR AY.5.2 OR AY.5.3 OR AY.5.4 OR AY.5.5 OR AY.5.6 OR AY.5.7 OR AY.6 OR AY.7 OR AY.7.1 OR AY.7.2 OR AY.8 OR AY.9 OR AY.9.1 OR AY.9.2 OR AY.9.2.1 OR AY.9.2.2 OR AY.10 OR AY.11 OR AY.12 OR AY.13 OR AY.14 OR AY.15 OR AY.16 OR AY.16.1 OR AY.17 OR AY.18 OR AY.19 OR AY.20 OR AY.20.1 OR AY.21 OR AY.22 OR AY.23 OR AY.23.1 OR AY.23.2 OR AY.24 OR AY.24.1 OR AY.25 OR AY.25.1 OR AY.25.1.1 OR AY.25.1.2 OR AY.25.2 OR AY.25.3 OR AY.26 OR AY.26.1 OR AY.27 OR AY.28 OR AY.29 OR AY.29.1 OR AY.29.2 OR AY.30 OR AY.31 OR AY.32 OR AY.33 OR AY.33.1 OR AY.33.2 OR AY.34 OR AY.34.1 OR AY.34.1.1 OR AY.34.2 OR AY.35 OR AY.36 OR AY.36.1 OR AY.37 OR AY.38 OR AY.39 OR AY.39.1 OR AY.39.1.1 OR AY.39.1.2 OR AY.39.1.3 OR AY.39.1.4 OR AY.39.2 OR AY.39.3 OR AY.39.4 OR AY.40 OR AY.41 OR AY.42 OR AY.42.1 OR AY.43 OR AY.43.1 OR AY.43.2 OR AY.43.3 OR AY.43.4 OR AY.43.5 OR AY.43.6 OR AY.43.7 OR AY.43.8 OR AY.43.9 OR AY.44 OR AY.45 OR AY.46 OR AY.46.1 OR AY.46.2 OR AY.46.3 OR AY.46.4 OR AY.46.5 OR AY.46.6 OR AY.46.6.1 OR AY.47 OR AY.48 OR AY.49 OR AY.50 OR AY.51 OR AY.52 OR AY.53 OR AY.54 OR AY.55 OR AY.56 OR AY.57 OR AY.58 OR AY.59 OR AY.60 OR AY.61 OR AY.62 OR AY.63 OR AY.64 OR AY.65 OR AY.66 OR AY.67 OR AY.68 OR AY.69 OR AY.70 OR AY.71 OR AY.72 OR AY.73 OR AY.74 OR AY.75 OR AY.75.1 OR AY.75.2 OR AY.75.3 OR AY.76 OR AY.77 OR AY.78 OR AY.79 OR AY.80 OR AY.81 OR AY.82 OR AY.83 OR AY.84 OR AY.85 OR AY.86 OR AY.87 OR AY.88 OR AY.89 OR AY.90 OR AY.91 OR AY.91.1 OR AY.92 OR AY.93 OR AY.94 OR AY.95 OR AY.96 OR AY.97 OR AY.98 OR AY.98.1 OR AY.98.1.1 OR AY.99 OR AY.99.1 OR AY.99.2 OR AY.100 OR AY.101 OR AY.102 OR AY.102.1 OR AY.102.2 OR AY.103 OR AY.103.1 OR AY.103.2 OR AY.104 OR AY.105 OR AY.106 OR AY.107 OR AY.108 OR AY.109 OR AY.110 OR AY.111 OR AY.112 OR AY.112.1 OR AY.112.2 OR AY.112.3 OR AY.113 OR AY.114 OR AY.115 OR AY.116 OR AY.116.1 OR AY.117 OR AY.118 OR AY.119 OR AY.119.1 OR AY.119.2 OR AY.120 OR AY.120.1 OR AY.120.2 OR AY.120.2.1 OR AY.121 OR AY.121.1 OR AY.122 OR AY.122.1 OR AY.122.2 OR AY.122.3 OR AY.122.4 OR AY.122.5 OR AY.122.6 OR AY.123 OR AY.123.1 OR AY.124 OR AY.124.1 OR AY.124.1.1 OR AY.125 OR AY.125.1 OR AY.126 OR AY.127 OR AY.127.1 OR AY.127.2 OR AY.127.3 OR AY.128 OR AY.129 OR AY.130 OR AY.131 OR AY.132 OR AY.133 OR AY.134 OR B.1.617.2,Delta,82.8571428571429,82.8571428571429,1
2021-09-12,29,29,87.5714285714286,87.5714285714286,1,0.971937634186506,0.999994435906837,AY.1 OR AY.2 OR AY.3 OR AY.3.1 OR AY.3.2 OR AY.3.3 OR AY.3.4 OR AY.4 OR AY.4.1 OR AY.4.2 OR AY.4.2.1 OR AY.4.2.2 OR AY.4.2.3 OR AY.4.2.4 OR AY.4.2.5 OR AY.4.3 OR AY.4.4 OR AY.4.5 OR AY.4.6 OR AY.4.7 OR AY.4.8 OR AY.4.9 OR AY.4.10 OR AY.4.11 OR AY.4.12 OR AY.4.13 OR AY.4.14 OR AY.4.15 OR AY.4.16 OR AY.4.17 OR AY.5 OR AY.5.1 OR AY.5.2 OR AY.5.3 OR AY.5.4 OR AY.5.5 OR AY.5.6 OR AY.5.7 OR AY.6 OR AY.7 OR AY.7.1 OR AY.7.2 OR AY.8 OR AY.9 OR AY.9.1 OR AY.9.2 OR AY.9.2.1 OR AY.9.2.2 OR AY.10 OR AY.11 OR AY.12 OR AY.13 OR AY.14 OR AY.15 OR AY.16 OR AY.16.1 OR AY.17 OR AY.18 OR AY.19 OR AY.20 OR AY.20.1 OR AY.21 OR AY.22 OR AY.23 OR AY.23.1 OR AY.23.2 OR AY.24 OR AY.24.1 OR AY.25 OR AY.25.1 OR AY.25.1.1 OR AY.25.1.2 OR AY.25.2 OR AY.25.3 OR AY.26 OR AY.26.1 OR AY.27 OR AY.28 OR AY.29 OR AY.29.1 OR AY.29.2 OR AY.30 OR AY.31 OR AY.32 OR AY.33 OR AY.33.1 OR AY.33.2 OR AY.34 OR AY.34.1 OR AY.34.1.1 OR AY.34.2 OR AY.35 OR AY.36 OR AY.36.1 OR AY.37 OR AY.38 OR AY.39 OR AY.39.1 OR AY.39.1.1 OR AY.39.1.2 OR AY.39.1.3 OR AY.39.1.4 OR AY.39.2 OR AY.39.3 OR AY.39.4 OR AY.40 OR AY.41 OR AY.42 OR AY.42.1 OR AY.43 OR AY.43.1 OR AY.43.2 OR AY.43.3 OR AY.43.4 OR AY.43.5 OR AY.43.6 OR AY.43.7 OR AY.43.8 OR AY.43.9 OR AY.44 OR AY.45 OR AY.46 OR AY.46.1 OR AY.46.2 OR AY.46.3 OR AY.46.4 OR AY.46.5 OR AY.46.6 OR AY.46.6.1 OR AY.47 OR AY.48 OR AY.49 OR AY.50 OR AY.51 OR AY.52 OR AY.53 OR AY.54 OR AY.55 OR AY.56 OR AY.57 OR AY.58 OR AY.59 OR AY.60 OR AY.61 OR AY.62 OR AY.63 OR AY.64 OR AY.65 OR AY.66 OR AY.67 OR AY.68 OR AY.69 OR AY.70 OR AY.71 OR AY.72 OR AY.73 OR AY.74 OR AY.75 OR AY.75.1 OR AY.75.2 OR AY.75.3 OR AY.76 OR AY.77 OR AY.78 OR AY.79 OR AY.80 OR AY.81 OR AY.82 OR AY.83 OR AY.84 OR AY.85 OR AY.86 OR AY.87 OR AY.88 OR AY.89 OR AY.90 OR AY.91 OR AY.91.1 OR AY.92 OR AY.93 OR AY.94 OR AY.95 OR AY.96 OR AY.97 OR AY.98 OR AY.98.1 OR AY.98.1.1 OR AY.99 OR AY.99.1 OR AY.99.2 OR AY.100 OR AY.101 OR AY.102 OR AY.102.1 OR AY.102.2 OR AY.103 OR AY.103.1 OR AY.103.2 OR AY.104 OR AY.105 OR AY.106 OR AY.107 OR AY.108 OR AY.109 OR AY.110 OR AY.111 OR AY.112 OR AY.112.1 OR AY.112.2 OR AY.112.3 OR AY.113 OR AY.114 OR AY.115 OR AY.116 OR AY.116.1 OR AY.117 OR AY.118 OR AY.119 OR AY.119.1 OR AY.119.2 OR AY.120 OR AY.120.1 OR AY.120.2 OR AY.120.2.1 OR AY.121 OR AY.121.1 OR AY.122 OR AY.122.1 OR AY.122.2 OR AY.122.3 OR AY.122.4 OR AY.122.5 OR AY.122.6 OR AY.123 OR AY.123.1 OR AY.124 OR AY.124.1 OR AY.124.1.1 OR AY.125 OR AY.125.1 OR AY.126 OR AY.127 OR AY.127.1 OR AY.127.2 OR AY.127.3 OR AY.128 OR AY.129 OR AY.130 OR AY.131 OR AY.132 OR AY.133 OR AY.134 OR B.1.617.2,Delta,82.5,82.5,1
2021-09-13,95,95,89.7142857142857,89.7142857142857,1,0.972550887024796,0.999994559209548,AY.1 OR AY.2 OR AY.3 OR AY.3.1 OR AY.3.2 OR AY.3.3 OR AY.3.4 OR AY.4 OR AY.4.1 OR AY.4.2 OR AY.4.2.1 OR AY.4.2.2 OR AY.4.2.3 OR AY.4.2.4 OR AY.4.2.5 OR AY.4.3 OR AY.4.4 OR AY.4.5 OR AY.4.6 OR AY.4.7 OR AY.4.8 OR AY.4.9 OR AY.4.10 OR AY.4.11 OR AY.4.12 OR AY.4.13 OR AY.4.14 OR AY.4.15 OR AY.4.16 OR AY.4.17 OR AY.5 OR AY.5.1 OR AY.5.2 OR AY.5.3 OR AY.5.4 OR AY.5.5 OR AY.5.6 OR AY.5.7 OR AY.6 OR AY.7 OR AY.7.1 OR AY.7.2 OR AY.8 OR AY.9 OR AY.9.1 OR AY.9.2 OR AY.9.2.1 OR AY.9.2.2 OR AY.10 OR AY.11 OR AY.12 OR AY.13 OR AY.14 OR AY.15 OR AY.16 OR AY.16.1 OR AY.17 OR AY.18 OR AY.19 OR AY.20 OR AY.20.1 OR AY.21 OR AY.22 OR AY.23 OR AY.23.1 OR AY.23.2 OR AY.24 OR AY.24.1 OR AY.25 OR AY.25.1 OR AY.25.1.1 OR AY.25.1.2 OR AY.25.2 OR AY.25.3 OR AY.26 OR AY.26.1 OR AY.27 OR AY.28 OR AY.29 OR AY.29.1 OR AY.29.2 OR AY.30 OR AY.31 OR AY.32 OR AY.33 OR AY.33.1 OR AY.33.2 OR AY.34 OR AY.34.1 OR AY.34.1.1 OR AY.34.2 OR AY.35 OR AY.36 OR AY.36.1 OR AY.37 OR AY.38 OR AY.39 OR AY.39.1 OR AY.39.1.1 OR AY.39.1.2 OR AY.39.1.3 OR AY.39.1.4 OR AY.39.2 OR AY.39.3 OR AY.39.4 OR AY.40 OR AY.41 OR AY.42 OR AY.42.1 OR AY.43 OR AY.43.1 OR AY.43.2 OR AY.43.3 OR AY.43.4 OR AY.43.5 OR AY.43.6 OR AY.43.7 OR AY.43.8 OR AY.43.9 OR AY.44 OR AY.45 OR AY.46 OR AY.46.1 OR AY.46.2 OR AY.46.3 OR AY.46.4 OR AY.46.5 OR AY.46.6 OR AY.46.6.1 OR AY.47 OR AY.48 OR AY.49 OR AY.50 OR AY.51 OR AY.52 OR AY.53 OR AY.54 OR AY.55 OR AY.56 OR AY.57 OR AY.58 OR AY.59 OR AY.60 OR AY.61 OR AY.62 OR AY.63 OR AY.64 OR AY.65 OR AY.66 OR AY.67 OR AY.68 OR AY.69 OR AY.70 OR AY.71 OR AY.72 OR AY.73 OR AY.74 OR AY.75 OR AY.75.1 OR AY.75.2 OR AY.75.3 OR AY.76 OR AY.77 OR AY.78 OR AY.79 OR AY.80 OR AY.81 OR AY.82 OR AY.83 OR AY.84 OR AY.85 OR AY.86 OR AY.87 OR AY.88 OR AY.89 OR AY.90 OR AY.91 OR AY.91.1 OR AY.92 OR AY.93 OR AY.94 OR AY.95 OR AY.96 OR AY.97 OR AY.98 OR AY.98.1 OR AY.98.1.1 OR AY.99 OR AY.99.1 OR AY.99.2 OR AY.100 OR AY.101 OR AY.102 OR AY.102.1 OR AY.102.2 OR AY.103 OR AY.103.1 OR AY.103.2 OR AY.104 OR AY.105 OR AY.106 OR AY.107 OR AY.108 OR AY.109 OR AY.110 OR AY.111 OR AY.112 OR AY.112.1 OR AY.112.2 OR AY.112.3 OR AY.113 OR AY.114 OR AY.115 OR AY.116 OR AY.116.1 OR AY.117 OR AY.118 OR AY.119 OR AY.119.1 OR AY.119.2 OR AY.120 OR AY.120.1 OR AY.120.2 OR AY.120.2.1 OR AY.121 OR AY.121.1 OR AY.122 OR AY.122.1 OR AY.122.2 OR AY.122.3 OR AY.122.4 OR AY.122.5 OR AY.122.6 OR AY.123 OR AY.123.1 OR AY.124 OR AY.124.1 OR AY.124.1.1 OR AY.125 OR AY.125.1 OR AY.126 OR AY.127 OR AY.127.1 OR AY.127.2 OR AY.127.3 OR AY.128 OR AY.129 OR AY.130 OR AY.131 OR AY.132 OR AY.133 OR AY.134 OR B.1.617.2,Delta,85.0714285714286,85.0714285714286,1
2021-09-14,128,128,91.4285714285714,91.4285714285714,1,0.972847571661788,0.999994618834039,AY.1 OR AY.2 OR AY.3 OR AY.3.1 OR AY.3.2 OR AY.3.3 OR AY.3.4 OR AY.4 OR AY.4.1 OR AY.4.2 OR AY.4.2.1 OR AY.4.2.2 OR AY.4.2.3 OR AY.4.2.4 OR AY.4.2.5 OR AY.4.3 OR AY.4.4 OR AY.4.5 OR AY.4.6 OR AY.4.7 OR AY.4.8 OR AY.4.9 OR AY.4.10 OR AY.4.11 OR AY.4.12 OR AY.4.13 OR AY.4.14 OR AY.4.15 OR AY.4.16 OR AY.4.17 OR AY.5 OR AY.5.1 OR AY.5.2 OR AY.5.3 OR AY.5.4 OR AY.5.5 OR AY.5.6 OR AY.5.7 OR AY.6 OR AY.7 OR AY.7.1 OR AY.7.2 OR AY.8 OR AY.9 OR AY.9.1 OR AY.9.2 OR AY.9.2.1 OR AY.9.2.2 OR AY.10 OR AY.11 OR AY.12 OR AY.13 OR AY.14 OR AY.15 OR AY.16 OR AY.16.1 OR AY.17 OR AY.18 OR AY.19 OR AY.20 OR AY.20.1 OR AY.21 OR AY.22 OR AY.23 OR AY.23.1 OR AY.23.2 OR AY.24 OR AY.24.1 OR AY.25 OR AY.25.1 OR AY.25.1.1 OR AY.25.1.2 OR AY.25.2 OR AY.25.3 OR AY.26 OR AY.26.1 OR AY.27 OR AY.28 OR AY.29 OR AY.29.1 OR AY.29.2 OR AY.30 OR AY.31 OR AY.32 OR AY.33 OR AY.33.1 OR AY.33.2 OR AY.34 OR AY.34.1 OR AY.34.1.1 OR AY.34.2 OR AY.35 OR AY.36 OR AY.36.1 OR AY.37 OR AY.38 OR AY.39 OR AY.39.1 OR AY.39.1.1 OR AY.39.1.2 OR AY.39.1.3 OR AY.39.1.4 OR AY.39.2 OR AY.39.3 OR AY.39.4 OR AY.40 OR AY.41 OR AY.42 OR AY.42.1 OR AY.43 OR AY.43.1 OR AY.43.2 OR AY.43.3 OR AY.43.4 OR AY.43.5 OR AY.43.6 OR AY.43.7 OR AY.43.8 OR AY.43.9 OR AY.44 OR AY.45 OR AY.46 OR AY.46.1 OR AY.46.2 OR AY.46.3 OR AY.46.4 OR AY.46.5 OR AY.46.6 OR AY.46.6.1 OR AY.47 OR AY.48 OR AY.49 OR AY.50 OR AY.51 OR AY.52 OR AY.53 OR AY.54 OR AY.55 OR AY.56 OR AY.57 OR AY.58 OR AY.59 OR AY.60 OR AY.61 OR AY.62 OR AY.63 OR AY.64 OR AY.65 OR AY.66 OR AY.67 OR AY.68 OR AY.69 OR AY.70 OR AY.71 OR AY.72 OR AY.73 OR AY.74 OR AY.75 OR AY.75.1 OR AY.75.2 OR AY.75.3 OR AY.76 OR AY.77 OR AY.78 OR AY.79 OR AY.80 OR AY.81 OR AY.82 OR AY.83 OR AY.84 OR AY.85 OR AY.86 OR AY.87 OR AY.88 OR AY.89 OR AY.90 OR AY.91 OR AY.91.1 OR AY.92 OR AY.93 OR AY.94 OR AY.95 OR AY.96 OR AY.97 OR AY.98 OR AY.98.1 OR AY.98.1.1 OR AY.99 OR AY.99.1 OR AY.99.2 OR AY.100 OR AY.101 OR AY.102 OR AY.102.1 OR AY.102.2 OR AY.103 OR AY.103.1 OR AY.103.2 OR AY.104 OR AY.105 OR AY.106 OR AY.107 OR AY.108 OR AY.109 OR AY.110 OR AY.111 OR AY.112 OR AY.112.1 OR AY.112.2 OR AY.112.3 OR AY.113 OR AY.114 OR AY.115 OR AY.116 OR AY.116.1 OR AY.117 OR AY.118 OR AY.119 OR AY.119.1 OR AY.119.2 OR AY.120 OR AY.120.1 OR AY.120.2 OR AY.120.2.1 OR AY.121 OR AY.121.1 OR AY.122 OR AY.122.1 OR AY.122.2 OR AY.122.3 OR AY.122.4 OR AY.122.5 OR AY.122.6 OR AY.123 OR AY.123.1 OR AY.124 OR AY.124.1 OR AY.124.1.1 OR AY.125 OR AY.125.1 OR AY.126 OR AY.127 OR AY.127.1 OR AY.127.2 OR AY.127.3 OR AY.128 OR AY.129 OR AY.130 OR AY.131 OR AY.132 OR AY.133 OR AY.134 OR B.1.617.2,Delta,88.2142857142857,88.2142857142857,1
2021-09-15,156,156,97.8571428571429,97.8571428571429,1,0.974757429240625,0.999995002221461,AY.1 OR AY.2 OR AY.3 OR AY.3.1 OR AY.3.2 OR AY.3.3 OR AY.3.4 OR AY.4 OR AY.4.1 OR AY.4.2 OR AY.4.2.1 OR AY.4.2.2 OR AY.4.2.3 OR AY.4.2.4 OR AY.4.2.5 OR AY.4.3 OR AY.4.4 OR AY.4.5 OR AY.4.6 OR AY.4.7 OR AY.4.8 OR AY.4.9 OR AY.4.10 OR AY.4.11 OR AY.4.12 OR AY.4.13 OR AY.4.14 OR AY.4.15 OR AY.4.16 OR AY.4.17 OR AY.5 OR AY.5.1 OR AY.5.2 OR AY.5.3 OR AY.5.4 OR AY.5.5 OR AY.5.6 OR AY.5.7 OR AY.6 OR AY.7 OR AY.7.1 OR AY.7.2 OR AY.8 OR AY.9 OR AY.9.1 OR AY.9.2 OR AY.9.2.1 OR AY.9.2.2 OR AY.10 OR AY.11 OR AY.12 OR AY.13 OR AY.14 OR AY.15 OR AY.16 OR AY.16.1 OR AY.17 OR AY.18 OR AY.19 OR AY.20 OR AY.20.1 OR AY.21 OR AY.22 OR AY.23 OR AY.23.1 OR AY.23.2 OR AY.24 OR AY.24.1 OR AY.25 OR AY.25.1 OR AY.25.1.1 OR AY.25.1.2 OR AY.25.2 OR AY.25.3 OR AY.26 OR AY.26.1 OR AY.27 OR AY.28 OR AY.29 OR AY.29.1 OR AY.29.2 OR AY.30 OR AY.31 OR AY.32 OR AY.33 OR AY.33.1 OR AY.33.2 OR AY.34 OR AY.34.1 OR AY.34.1.1 OR AY.34.2 OR AY.35 OR AY.36 OR AY.36.1 OR AY.37 OR AY.38 OR AY.39 OR AY.39.1 OR AY.39.1.1 OR AY.39.1.2 OR AY.39.1.3 OR AY.39.1.4 OR AY.39.2 OR AY.39.3 OR AY.39.4 OR AY.40 OR AY.41 OR AY.42 OR AY.42.1 OR AY.43 OR AY.43.1 OR AY.43.2 OR AY.43.3 OR AY.43.4 OR AY.43.5 OR AY.43.6 OR AY.43.7 OR AY.43.8 OR AY.43.9 OR AY.44 OR AY.45 OR AY.46 OR AY.46.1 OR AY.46.2 OR AY.46.3 OR AY.46.4 OR AY.46.5 OR AY.46.6 OR AY.46.6.1 OR AY.47 OR AY.48 OR AY.49 OR AY.50 OR AY.51 OR AY.52 OR AY.53 OR AY.54 OR AY.55 OR AY.56 OR AY.57 OR AY.58 OR AY.59 OR AY.60 OR AY.61 OR AY.62 OR AY.63 OR AY.64 OR AY.65 OR AY.66 OR AY.67 OR AY.68 OR AY.69 OR AY.70 OR AY.71 OR AY.72 OR AY.73 OR AY.74 OR AY.75 OR AY.75.1 OR AY.75.2 OR AY.75.3 OR AY.76 OR AY.77 OR AY.78 OR AY.79 OR AY.80 OR AY.81 OR AY.82 OR AY.83 OR AY.84 OR AY.85 OR AY.86 OR AY.87 OR AY.88 OR AY.89 OR AY.90 OR AY.91 OR AY.91.1 OR AY.92 OR AY.93 OR AY.94 OR AY.95 OR AY.96 OR AY.97 OR AY.98 OR AY.98.1 OR AY.98.1.1 OR AY.99 OR AY.99.1 OR AY.99.2 OR AY.100 OR AY.101 OR AY.102 OR AY.102.1 OR AY.102.2 OR AY.103 OR AY.103.1 OR AY.103.2 OR AY.104 OR AY.105 OR AY.106 OR AY.107 OR AY.108 OR AY.109 OR AY.110 OR AY.111 OR AY.112 OR AY.112.1 OR AY.112.2 OR AY.112.3 OR AY.113 OR AY.114 OR AY.115 OR AY.116 OR AY.116.1 OR AY.117 OR AY.118 OR AY.119 OR AY.119.1 OR AY.119.2 OR AY.120 OR AY.120.1 OR AY.120.2 OR AY.120.2.1 OR AY.121 OR AY.121.1 OR AY.122 OR AY.122.1 OR AY.122.2 OR AY.122.3 OR AY.122.4 OR AY.122.5 OR AY.122.6 OR AY.123 OR AY.123.1 OR AY.124 OR AY.124.1 OR AY.124.1.1 OR AY.125 OR AY.125.1 OR AY.126 OR AY.127 OR AY.127.1 OR AY.127.2 OR AY.127.3 OR AY.128 OR AY.129 OR AY.130 OR AY.131 OR AY.132 OR AY.133 OR AY.134 OR B.1.617.2,Delta,93.2857142857143,93.2857142857143,1
2021-09-16,208,208,106.285714285714,106.285714285714,1,0.976635631937127,0.999995378521748,AY.1 OR AY.2 OR AY.3 OR AY.3.1 OR AY.3.2 OR AY.3.3 OR AY.3.4 OR AY.4 OR AY.4.1 OR AY.4.2 OR AY.4.2.1 OR AY.4.2.2 OR AY.4.2.3 OR AY.4.2.4 OR AY.4.2.5 OR AY.4.3 OR AY.4.4 OR AY.4.5 OR AY.4.6 OR AY.4.7 OR AY.4.8 OR AY.4.9 OR AY.4.10 OR AY.4.11 OR AY.4.12 OR AY.4.13 OR AY.4.14 OR AY.4.15 OR AY.4.16 OR AY.4.17 OR AY.5 OR AY.5.1 OR AY.5.2 OR AY.5.3 OR AY.5.4 OR AY.5.5 OR AY.5.6 OR AY.5.7 OR AY.6 OR AY.7 OR AY.7.1 OR AY.7.2 OR AY.8 OR AY.9 OR AY.9.1 OR AY.9.2 OR AY.9.2.1 OR AY.9.2.2 OR AY.10 OR AY.11 OR AY.12 OR AY.13 OR AY.14 OR AY.15 OR AY.16 OR AY.16.1 OR AY.17 OR AY.18 OR AY.19 OR AY.20 OR AY.20.1 OR AY.21 OR AY.22 OR AY.23 OR AY.23.1 OR AY.23.2 OR AY.24 OR AY.24.1 OR AY.25 OR AY.25.1 OR AY.25.1.1 OR AY.25.1.2 OR AY.25.2 OR AY.25.3 OR AY.26 OR AY.26.1 OR AY.27 OR AY.28 OR AY.29 OR AY.29.1 OR AY.29.2 OR AY.30 OR AY.31 OR AY.32 OR AY.33 OR AY.33.1 OR AY.33.2 OR AY.34 OR AY.34.1 OR AY.34.1.1 OR AY.34.2 OR AY.35 OR AY.36 OR AY.36.1 OR AY.37 OR AY.38 OR AY.39 OR AY.39.1 OR AY.39.1.1 OR AY.39.1.2 OR AY.39.1.3 OR AY.39.1.4 OR AY.39.2 OR AY.39.3 OR AY.39.4 OR AY.40 OR AY.41 OR AY.42 OR AY.42.1 OR AY.43 OR AY.43.1 OR AY.43.2 OR AY.43.3 OR AY.43.4 OR AY.43.5 OR AY.43.6 OR AY.43.7 OR AY.43.8 OR AY.43.9 OR AY.44 OR AY.45 OR AY.46 OR AY.46.1 OR AY.46.2 OR AY.46.3 OR AY.46.4 OR AY.46.5 OR AY.46.6 OR AY.46.6.1 OR AY.47 OR AY.48 OR AY.49 OR AY.50 OR AY.51 OR AY.52 OR AY.53 OR AY.54 OR AY.55 OR AY.56 OR AY.57 OR AY.58 OR AY.59 OR AY.60 OR AY.61 OR AY.62 OR AY.63 OR AY.64 OR AY.65 OR AY.66 OR AY.67 OR AY.68 OR AY.69 OR AY.70 OR AY.71 OR AY.72 OR AY.73 OR AY.74 OR AY.75 OR AY.75.1 OR AY.75.2 OR AY.75.3 OR AY.76 OR AY.77 OR AY.78 OR AY.79 OR AY.80 OR AY.81 OR AY.82 OR AY.83 OR AY.84 OR AY.85 OR AY.86 OR AY.87 OR AY.88 OR AY.89 OR AY.90 OR AY.91 OR AY.91.1 OR AY.92 OR AY.93 OR AY.94 OR AY.95 OR AY.96 OR AY.97 OR AY.98 OR AY.98.1 OR AY.98.1.1 OR AY.99 OR AY.99.1 OR AY.99.2 OR AY.100 OR AY.101 OR AY.102 OR AY.102.1 OR AY.102.2 OR AY.103 OR AY.103.1 OR AY.103.2 OR AY.104 OR AY.105 OR AY.106 OR AY.107 OR AY.108 OR AY.109 OR AY.110 OR AY.111 OR AY.112 OR AY.112.1 OR AY.112.2 OR AY.112.3 OR AY.113 OR AY.114 OR AY.115 OR AY.116 OR AY.116.1 OR AY.117 OR AY.118 OR AY.119 OR AY.119.1 OR AY.119.2 OR AY.120 OR AY.120.1 OR AY.120.2 OR AY.120.2.1 OR AY.121 OR AY.121.1 OR AY.122 OR AY.122.1 OR AY.122.2 OR AY.122.3 OR AY.122.4 OR AY.122.5 OR AY.122.6 OR AY.123 OR AY.123.1 OR AY.124 OR AY.124.1 OR AY.124.1.1 OR AY.125 OR AY.125.1 OR AY.126 OR AY.127 OR AY.127.1 OR AY.127.2 OR AY.127.3 OR AY.128 OR AY.129 OR AY.130 OR AY.131 OR AY.132 OR AY.133 OR AY.134 OR B.1.617.2,Delta,100.142857142857,100.142857142857,1
2021-09-17,114,114,112.428571428571,112.428571428571,1,0.977870565566515,0.999995625547738,AY.1 OR AY.2 OR AY.3 OR AY.3.1 OR AY.3.2 OR AY.3.3 OR AY.3.4 OR AY.4 OR AY.4.1 OR AY.4.2 OR AY.4.2.1 OR AY.4.2.2 OR AY.4.2.3 OR AY.4.2.4 OR AY.4.2.5 OR AY.4.3 OR AY.4.4 OR AY.4.5 OR AY.4.6 OR AY.4.7 OR AY.4.8 OR AY.4.9 OR AY.4.10 OR AY.4.11 OR AY.4.12 OR AY.4.13 OR AY.4.14 OR AY.4.15 OR AY.4.16 OR AY.4.17 OR AY.5 OR AY.5.1 OR AY.5.2 OR AY.5.3 OR AY.5.4 OR AY.5.5 OR AY.5.6 OR AY.5.7 OR AY.6 OR AY.7 OR AY.7.1 OR AY.7.2 OR AY.8 OR AY.9 OR AY.9.1 OR AY.9.2 OR AY.9.2.1 OR AY.9.2.2 OR AY.10 OR AY.11 OR AY.12 OR AY.13 OR AY.14 OR AY.15 OR AY.16 OR AY.16.1 OR AY.17 OR AY.18 OR AY.19 OR AY.20 OR AY.20.1 OR AY.21 OR AY.22 OR AY.23 OR AY.23.1 OR AY.23.2 OR AY.24 OR AY.24.1 OR AY.25 OR AY.25.1 OR AY.25.1.1 OR AY.25.1.2 OR AY.25.2 OR AY.25.3 OR AY.26 OR AY.26.1 OR AY.27 OR AY.28 OR AY.29 OR AY.29.1 OR AY.29.2 OR AY.30 OR AY.31 OR AY.32 OR AY.33 OR AY.33.1 OR AY.33.2 OR AY.34 OR AY.34.1 OR AY.34.1.1 OR AY.34.2 OR AY.35 OR AY.36 OR AY.36.1 OR AY.37 OR AY.38 OR AY.39 OR AY.39.1 OR AY.39.1.1 OR AY.39.1.2 OR AY.39.1.3 OR AY.39.1.4 OR AY.39.2 OR AY.39.3 OR AY.39.4 OR AY.40 OR AY.41 OR AY.42 OR AY.42.1 OR AY.43 OR AY.43.1 OR AY.43.2 OR AY.43.3 OR AY.43.4 OR AY.43.5 OR AY.43.6 OR AY.43.7 OR AY.43.8 OR AY.43.9 OR AY.44 OR AY.45 OR AY.46 OR AY.46.1 OR AY.46.2 OR AY.46.3 OR AY.46.4 OR AY.46.5 OR AY.46.6 OR AY.46.6.1 OR AY.47 OR AY.48 OR AY.49 OR AY.50 OR AY.51 OR AY.52 OR AY.53 OR AY.54 OR AY.55 OR AY.56 OR AY.57 OR AY.58 OR AY.59 OR AY.60 OR AY.61 OR AY.62 OR AY.63 OR AY.64 OR AY.65 OR AY.66 OR AY.67 OR AY.68 OR AY.69 OR AY.70 OR AY.71 OR AY.72 OR AY.73 OR AY.74 OR AY.75 OR AY.75.1 OR AY.75.2 OR AY.75.3 OR AY.76 OR AY.77 OR AY.78 OR AY.79 OR AY.80 OR AY.81 OR AY.82 OR AY.83 OR AY.84 OR AY.85 OR AY.86 OR AY.87 OR AY.88 OR AY.89 OR AY.90 OR AY.91 OR AY.91.1 OR AY.92 OR AY.93 OR AY.94 OR AY.95 OR AY.96 OR AY.97 OR AY.98 OR AY.98.1 OR AY.98.1.1 OR AY.99 OR AY.99.1 OR AY.99.2 OR AY.100 OR AY.101 OR AY.102 OR AY.102.1 OR AY.102.2 OR AY.103 OR AY.103.1 OR AY.103.2 OR AY.104 OR AY.105 OR AY.106 OR AY.107 OR AY.108 OR AY.109 OR AY.110 OR AY.111 OR AY.112 OR AY.112.1 OR AY.112.2 OR AY.112.3 OR AY.113 OR AY.114 OR AY.115 OR AY.116 OR AY.116.1 OR AY.117 OR AY.118 OR AY.119 OR AY.119.1 OR AY.119.2 OR AY.120 OR AY.120.1 OR AY.120.2 OR AY.120.2.1 OR AY.121 OR AY.121.1 OR AY.122 OR AY.122.1 OR AY.122.2 OR AY.122.3 OR AY.122.4 OR AY.122.5 OR AY.122.6 OR AY.123 OR AY.123.1 OR AY.124 OR AY.124.1 OR AY.124.1.1 OR AY.125 OR AY.125.1 OR AY.126 OR AY.127 OR AY.127.1 OR AY.127.2 OR AY.127.3 OR AY.128 OR AY.129 OR AY.130 OR AY.131 OR AY.132 OR AY.133 OR AY.134 OR B.1.617.2,Delta,102,102,1
2021-09-18,75,75,115,115,1,0.978440340338821,0.999995739415558,AY.1 OR AY.2 OR AY.3 OR AY.3.1 OR AY.3.2 OR AY.3.3 OR AY.3.4 OR AY.4 OR AY.4.1 OR AY.4.2 OR AY.4.2.1 OR AY.4.2.2 OR AY.4.2.3 OR AY.4.2.4 OR AY.4.2.5 OR AY.4.3 OR AY.4.4 OR AY.4.5 OR AY.4.6 OR AY.4.7 OR AY.4.8 OR AY.4.9 OR AY.4.10 OR AY.4.11 OR AY.4.12 OR AY.4.13 OR AY.4.14 OR AY.4.15 OR AY.4.16 OR AY.4.17 OR AY.5 OR AY.5.1 OR AY.5.2 OR AY.5.3 OR AY.5.4 OR AY.5.5 OR AY.5.6 OR AY.5.7 OR AY.6 OR AY.7 OR AY.7.1 OR AY.7.2 OR AY.8 OR AY.9 OR AY.9.1 OR AY.9.2 OR AY.9.2.1 OR AY.9.2.2 OR AY.10 OR AY.11 OR AY.12 OR AY.13 OR AY.14 OR AY.15 OR AY.16 OR AY.16.1 OR AY.17 OR AY.18 OR AY.19 OR AY.20 OR AY.20.1 OR AY.21 OR AY.22 OR AY.23 OR AY.23.1 OR AY.23.2 OR AY.24 OR AY.24.1 OR AY.25 OR AY.25.1 OR AY.25.1.1 OR AY.25.1.2 OR AY.25.2 OR AY.25.3 OR AY.26 OR AY.26.1 OR AY.27 OR AY.28 OR AY.29 OR AY.29.1 OR AY.29.2 OR AY.30 OR AY.31 OR AY.32 OR AY.33 OR AY.33.1 OR AY.33.2 OR AY.34 OR AY.34.1 OR AY.34.1.1 OR AY.34.2 OR AY.35 OR AY.36 OR AY.36.1 OR AY.37 OR AY.38 OR AY.39 OR AY.39.1 OR AY.39.1.1 OR AY.39.1.2 OR AY.39.1.3 OR AY.39.1.4 OR AY.39.2 OR AY.39.3 OR AY.39.4 OR AY.40 OR AY.41 OR AY.42 OR AY.42.1 OR AY.43 OR AY.43.1 OR AY.43.2 OR AY.43.3 OR AY.43.4 OR AY.43.5 OR AY.43.6 OR AY.43.7 OR AY.43.8 OR AY.43.9 OR AY.44 OR AY.45 OR AY.46 OR AY.46.1 OR AY.46.2 OR AY.46.3 OR AY.46.4 OR AY.46.5 OR AY.46.6 OR AY.46.6.1 OR AY.47 OR AY.48 OR AY.49 OR AY.50 OR AY.51 OR AY.52 OR AY.53 OR AY.54 OR AY.55 OR AY.56 OR AY.57 OR AY.58 OR AY.59 OR AY.60 OR AY.61 OR AY.62 OR AY.63 OR AY.64 OR AY.65 OR AY.66 OR AY.67 OR AY.68 OR AY.69 OR AY.70 OR AY.71 OR AY.72 OR AY.73 OR AY.74 OR AY.75 OR AY.75.1 OR AY.75.2 OR AY.75.3 OR AY.76 OR AY.77 OR AY.78 OR AY.79 OR AY.80 OR AY.81 OR AY.82 OR AY.83 OR AY.84 OR AY.85 OR AY.86 OR AY.87 OR AY.88 OR AY.89 OR AY.90 OR AY.91 OR AY.91.1 OR AY.92 OR AY.93 OR AY.94 OR AY.95 OR AY.96 OR AY.97 OR AY.98 OR AY.98.1 OR AY.98.1.1 OR AY.99 OR AY.99.1 OR AY.99.2 OR AY.100 OR AY.101 OR AY.102 OR AY.102.1 OR AY.102.2 OR AY.103 OR AY.103.1 OR AY.103.2 OR AY.104 OR AY.105 OR AY.106 OR AY.107 OR AY.108 OR AY.109 OR AY.110 OR AY.111 OR AY.112 OR AY.112.1 OR AY.112.2 OR AY.112.3 OR AY.113 OR AY.114 OR AY.115 OR AY.116 OR AY.116.1 OR AY.117 OR AY.118 OR AY.119 OR AY.119.1 OR AY.119.2 OR AY.120 OR AY.120.1 OR AY.120.2 OR AY.120.2.1 OR AY.121 OR AY.121.1 OR AY.122 OR AY.122.1 OR AY.122.2 OR AY.122.3 OR AY.122.4 OR AY.122.5 OR AY.122.6 OR AY.123 OR AY.123.1 OR AY.124 OR AY.124.1 OR AY.124.1.1 OR AY.125 OR AY.125.1 OR AY.126 OR AY.127 OR AY.127.1 OR AY.127.2 OR AY.127.3 OR AY.128 OR AY.129 OR AY.130 OR AY.131 OR AY.132 OR AY.133 OR AY.134 OR B.1.617.2,Delta,102.714285714286,102.714285714286,1
2021-09-19,38,38,116.285714285714,116.285714285714,1,0.978623800949828,0.999995776065499,AY.1 OR AY.2 OR AY.3 OR AY.3.1 OR AY.3.2 OR AY.3.3 OR AY.3.4 OR AY.4 OR AY.4.1 OR AY.4.2 OR AY.4.2.1 OR AY.4.2.2 OR AY.4.2.3 OR AY.4.2.4 OR AY.4.2.5 OR AY.4.3 OR AY.4.4 OR AY.4.5 OR AY.4.6 OR AY.4.7 OR AY.4.8 OR AY.4.9 OR AY.4.10 OR AY.4.11 OR AY.4.12 OR AY.4.13 OR AY.4.14 OR AY.4.15 OR AY.4.16 OR AY.4.17 OR AY.5 OR AY.5.1 OR AY.5.2 OR AY.5.3 OR AY.5.4 OR AY.5.5 OR AY.5.6 OR AY.5.7 OR AY.6 OR AY.7 OR AY.7.1 OR AY.7.2 OR AY.8 OR AY.9 OR AY.9.1 OR AY.9.2 OR AY.9.2.1 OR AY.9.2.2 OR AY.10 OR AY.11 OR AY.12 OR AY.13 OR AY.14 OR AY.15 OR AY.16 OR AY.16.1 OR AY.17 OR AY.18 OR AY.19 OR AY.20 OR AY.20.1 OR AY.21 OR AY.22 OR AY.23 OR AY.23.1 OR AY.23.2 OR AY.24 OR AY.24.1 OR AY.25 OR AY.25.1 OR AY.25.1.1 OR AY.25.1.2 OR AY.25.2 OR AY.25.3 OR AY.26 OR AY.26.1 OR AY.27 OR AY.28 OR AY.29 OR AY.29.1 OR AY.29.2 OR AY.30 OR AY.31 OR AY.32 OR AY.33 OR AY.33.1 OR AY.33.2 OR AY.34 OR AY.34.1 OR AY.34.1.1 OR AY.34.2 OR AY.35 OR AY.36 OR AY.36.1 OR AY.37 OR AY.38 OR AY.39 OR AY.39.1 OR AY.39.1.1 OR AY.39.1.2 OR AY.39.1.3 OR AY.39.1.4 OR AY.39.2 OR AY.39.3 OR AY.39.4 OR AY.40 OR AY.41 OR AY.42 OR AY.42.1 OR AY.43 OR AY.43.1 OR AY.43.2 OR AY.43.3 OR AY.43.4 OR AY.43.5 OR AY.43.6 OR AY.43.7 OR AY.43.8 OR AY.43.9 OR AY.44 OR AY.45 OR AY.46 OR AY.46.1 OR AY.46.2 OR AY.46.3 OR AY.46.4 OR AY.46.5 OR AY.46.6 OR AY.46.6.1 OR AY.47 OR AY.48 OR AY.49 OR AY.50 OR AY.51 OR AY.52 OR AY.53 OR AY.54 OR AY.55 OR AY.56 OR AY.57 OR AY.58 OR AY.59 OR AY.60 OR AY.61 OR AY.62 OR AY.63 OR AY.64 OR AY.65 OR AY.66 OR AY.67 OR AY.68 OR AY.69 OR AY.70 OR AY.71 OR AY.72 OR AY.73 OR AY.74 OR AY.75 OR AY.75.1 OR AY.75.2 OR AY.75.3 OR AY.76 OR AY.77 OR AY.78 OR AY.79 OR AY.80 OR AY.81 OR AY.82 OR AY.83 OR AY.84 OR AY.85 OR AY.86 OR AY.87 OR AY.88 OR AY.89 OR AY.90 OR AY.91 OR AY.91.1 OR AY.92 OR AY.93 OR AY.94 OR AY.95 OR AY.96 OR AY.97 OR AY.98 OR AY.98.1 OR AY.98.1.1 OR AY.99 OR AY.99.1 OR AY.99.2 OR AY.100 OR AY.101 OR AY.102 OR AY.102.1 OR AY.102.2 OR AY.103 OR AY.103.1 OR AY.103.2 OR AY.104 OR AY.105 OR AY.106 OR AY.107 OR AY.108 OR AY.109 OR AY.110 OR AY.111 OR AY.112 OR AY.112.1 OR AY.112.2 OR AY.112.3 OR AY.113 OR AY.114 OR AY.115 OR AY.116 OR AY.116.1 OR AY.117 OR AY.118 OR AY.119 OR AY.119.1 OR AY.119.2 OR AY.120 OR AY.120.1 OR AY.120.2 OR AY.120.2.1 OR AY.121 OR AY.121.1 OR AY.122 OR AY.122.1 OR AY.122.2 OR AY.122.3 OR AY.122.4 OR AY.122.5 OR AY.122.6 OR AY.123 OR AY.123.1 OR AY.124 OR AY.124.1 OR AY.124.1.1 OR AY.125 OR AY.125.1 OR AY.126 OR AY.127 OR AY.127.1 OR AY.127.2 OR AY.127.3 OR AY.128 OR AY.129 OR AY.130 OR AY.131 OR AY.132 OR AY.133 OR AY.134 OR B.1.617.2,Delta,101.928571428571,101.928571428571,1
2021-09-20,107,107,118,118,1,0.978981512442485,0.999995847505781,AY.1 OR AY.2 OR AY.3 OR AY.3.1 OR AY.3.2 OR AY.3.3 OR AY.3.4 OR AY.4 OR AY.4.1 OR AY.4.2 OR AY.4.2.1 OR AY.4.2.2 OR AY.4.2.3 OR AY.4.2.4 OR AY.4.2.5 OR AY.4.3 OR AY.4.4 OR AY.4.5 OR AY.4.6 OR AY.4.7 OR AY.4.8 OR AY.4.9 OR AY.4.10 OR AY.4.11 OR AY.4.12 OR AY.4.13 OR AY.4.14 OR AY.4.15 OR AY.4.16 OR AY.4.17 OR AY.5 OR AY.5.1 OR AY.5.2 OR AY.5.3 OR AY.5.4 OR AY.5.5 OR AY.5.6 OR AY.5.7 OR AY.6 OR AY.7 OR AY.7.1 OR AY.7.2 OR AY.8 OR AY.9 OR AY.9.1 OR AY.9.2 OR AY.9.2.1 OR AY.9.2.2 OR AY.10 OR AY.11 OR AY.12 OR AY.13 OR AY.14 OR AY.15 OR AY.16 OR AY.16.1 OR AY.17 OR AY.18 OR AY.19 OR AY.20 OR AY.20.1 OR AY.21 OR AY.22 OR AY.23 OR AY.23.1 OR AY.23.2 OR AY.24 OR AY.24.1 OR AY.25 OR AY.25.1 OR AY.25.1.1 OR AY.25.1.2 OR AY.25.2 OR AY.25.3 OR AY.26 OR AY.26.1 OR AY.27 OR AY.28 OR AY.29 OR AY.29.1 OR AY.29.2 OR AY.30 OR AY.31 OR AY.32 OR AY.33 OR AY.33.1 OR AY.33.2 OR AY.34 OR AY.34.1 OR AY.34.1.1 OR AY.34.2 OR AY.35 OR AY.36 OR AY.36.1 OR AY.37 OR AY.38 OR AY.39 OR AY.39.1 OR AY.39.1.1 OR AY.39.1.2 OR AY.39.1.3 OR AY.39.1.4 OR AY.39.2 OR AY.39.3 OR AY.39.4 OR AY.40 OR AY.41 OR AY.42 OR AY.42.1 OR AY.43 OR AY.43.1 OR AY.43.2 OR AY.43.3 OR AY.43.4 OR AY.43.5 OR AY.43.6 OR AY.43.7 OR AY.43.8 OR AY.43.9 OR AY.44 OR AY.45 OR AY.46 OR AY.46.1 OR AY.46.2 OR AY.46.3 OR AY.46.4 OR AY.46.5 OR AY.46.6 OR AY.46.6.1 OR AY.47 OR AY.48 OR AY.49 OR AY.50 OR AY.51 OR AY.52 OR AY.53 OR AY.54 OR AY.55 OR AY.56 OR AY.57 OR AY.58 OR AY.59 OR AY.60 OR AY.61 OR AY.62 OR AY.63 OR AY.64 OR AY.65 OR AY.66 OR AY.67 OR AY.68 OR AY.69 OR AY.70 OR AY.71 OR AY.72 OR AY.73 OR AY.74 OR AY.75 OR AY.75.1 OR AY.75.2 OR AY.75.3 OR AY.76 OR AY.77 OR AY.78 OR AY.79 OR AY.80 OR AY.81 OR AY.82 OR AY.83 OR AY.84 OR AY.85 OR AY.86 OR AY.87 OR AY.88 OR AY.89 OR AY.90 OR AY.91 OR AY.91.1 OR AY.92 OR AY.93 OR AY.94 OR AY.95 OR AY.96 OR AY.97 OR AY.98 OR AY.98.1 OR AY.98.1.1 OR AY.99 OR AY.99.1 OR AY.99.2 OR AY.100 OR AY.101 OR AY.102 OR AY.102.1 OR AY.102.2 OR AY.103 OR AY.103.1 OR AY.103.2 OR AY.104 OR AY.105 OR AY.106 OR AY.107 OR AY.108 OR AY.109 OR AY.110 OR AY.111 OR AY.112 OR AY.112.1 OR AY.112.2 OR AY.112.3 OR AY.113 OR AY.114 OR AY.115 OR AY.116 OR AY.116.1 OR AY.117 OR AY.118 OR AY.119 OR AY.119.1 OR AY.119.2 OR AY.120 OR AY.120.1 OR AY.120.2 OR AY.120.2.1 OR AY.121 OR AY.121.1 OR AY.122 OR AY.122.1 OR AY.122.2 OR AY.122.3 OR AY.122.4 OR AY.122.5 OR AY.122.6 OR AY.123 OR AY.123.1 OR AY.124 OR AY.124.1 OR AY.124.1.1 OR AY.125 OR AY.125.1 OR AY.126 OR AY.127 OR AY.127.1 OR AY.127.2 OR AY.127.3 OR AY.128 OR AY.129 OR AY.130 OR AY.131 OR AY.132 OR AY.133 OR AY.134 OR B.1.617.2,Delta,103.857142857143,103.857142857143,1
2021-09-21,172,171,124.285714285714,124.142857142857,0.998850574712644,0.97998625162309,0.999996048027412,AY.1 OR AY.2 OR AY.3 OR AY.3.1 OR AY.3.2 OR AY.3.3 OR AY.3.4 OR AY.4 OR AY.4.1 OR AY.4.2 OR AY.4.2.1 OR AY.4.2.2 OR AY.4.2.3 OR AY.4.2.4 OR AY.4.2.5 OR AY.4.3 OR AY.4.4 OR AY.4.5 OR AY.4.6 OR AY.4.7 OR AY.4.8 OR AY.4.9 OR AY.4.10 OR AY.4.11 OR AY.4.12 OR AY.4.13 OR AY.4.14 OR AY.4.15 OR AY.4.16 OR AY.4.17 OR AY.5 OR AY.5.1 OR AY.5.2 OR AY.5.3 OR AY.5.4 OR AY.5.5 OR AY.5.6 OR AY.5.7 OR AY.6 OR AY.7 OR AY.7.1 OR AY.7.2 OR AY.8 OR AY.9 OR AY.9.1 OR AY.9.2 OR AY.9.2.1 OR AY.9.2.2 OR AY.10 OR AY.11 OR AY.12 OR AY.13 OR AY.14 OR AY.15 OR AY.16 OR AY.16.1 OR AY.17 OR AY.18 OR AY.19 OR AY.20 OR AY.20.1 OR AY.21 OR AY.22 OR AY.23 OR AY.23.1 OR AY.23.2 OR AY.24 OR AY.24.1 OR AY.25 OR AY.25.1 OR AY.25.1.1 OR AY.25.1.2 OR AY.25.2 OR AY.25.3 OR AY.26 OR AY.26.1 OR AY.27 OR AY.28 OR AY.29 OR AY.29.1 OR AY.29.2 OR AY.30 OR AY.31 OR AY.32 OR AY.33 OR AY.33.1 OR AY.33.2 OR AY.34 OR AY.34.1 OR AY.34.1.1 OR AY.34.2 OR AY.35 OR AY.36 OR AY.36.1 OR AY.37 OR AY.38 OR AY.39 OR AY.39.1 OR AY.39.1.1 OR AY.39.1.2 OR AY.39.1.3 OR AY.39.1.4 OR AY.39.2 OR AY.39.3 OR AY.39.4 OR AY.40 OR AY.41 OR AY.42 OR AY.42.1 OR AY.43 OR AY.43.1 OR AY.43.2 OR AY.43.3 OR AY.43.4 OR AY.43.5 OR AY.43.6 OR AY.43.7 OR AY.43.8 OR AY.43.9 OR AY.44 OR AY.45 OR AY.46 OR AY.46.1 OR AY.46.2 OR AY.46.3 OR AY.46.4 OR AY.46.5 OR AY.46.6 OR AY.46.6.1 OR AY.47 OR AY.48 OR AY.49 OR AY.50 OR AY.51 OR AY.52 OR AY.53 OR AY.54 OR AY.55 OR AY.56 OR AY.57 OR AY.58 OR AY.59 OR AY.60 OR AY.61 OR AY.62 OR AY.63 OR AY.64 OR AY.65 OR AY.66 OR AY.67 OR AY.68 OR AY.69 OR AY.70 OR AY.71 OR AY.72 OR AY.73 OR AY.74 OR AY.75 OR AY.75.1 OR AY.75.2 OR AY.75.3 OR AY.76 OR AY.77 OR AY.78 OR AY.79 OR AY.80 OR AY.81 OR AY.82 OR AY.83 OR AY.84 OR AY.85 OR AY.86 OR AY.87 OR AY.88 OR AY.89 OR AY.90 OR AY.91 OR AY.91.1 OR AY.92 OR AY.93 OR AY.94 OR AY.95 OR AY.96 OR AY.97 OR AY.98 OR AY.98.1 OR AY.98.1.1 OR AY.99 OR AY.99.1 OR AY.99.2 OR AY.100 OR AY.101 OR AY.102 OR AY.102.1 OR AY.102.2 OR AY.103 OR AY.103.1 OR AY.103.2 OR AY.104 OR AY.105 OR AY.106 OR AY.107 OR AY.108 OR AY.109 OR AY.110 OR AY.111 OR AY.112 OR AY.112.1 OR AY.112.2 OR AY.112.3 OR AY.113 OR AY.114 OR AY.115 OR AY.116 OR AY.116.1 OR AY.117 OR AY.118 OR AY.119 OR AY.119.1 OR AY.119.2 OR AY.120 OR AY.120.1 OR AY.120.2 OR AY.120.2.1 OR AY.121 OR AY.121.1 OR AY.122 OR AY.122.1 OR AY.122.2 OR AY.122.3 OR AY.122.4 OR AY.122.5 OR AY.122.6 OR AY.123 OR AY.123.1 OR AY.124 OR AY.124.1 OR AY.124.1.1 OR AY.125 OR AY.125.1 OR AY.126 OR AY.127 OR AY.127.1 OR AY.127.2 OR AY.127.3 OR AY.128 OR AY.129 OR AY.130 OR AY.131 OR AY.132 OR AY.133 OR AY.134 OR B.1.617.2,Delta,107.857142857143,107.785714285714,0.999337748344371
2021-09-22,145,144,122.714285714286,122.428571428571,0.9976717112922,0.962636490262719,0.999121379855493,AY.1 OR AY.2 OR AY.3 OR AY.3.1 OR AY.3.2 OR AY.3.3 OR AY.3.4 OR AY.4 OR AY.4.1 OR AY.4.2 OR AY.4.2.1 OR AY.4.2.2 OR AY.4.2.3 OR AY.4.2.4 OR AY.4.2.5 OR AY.4.3 OR AY.4.4 OR AY.4.5 OR AY.4.6 OR AY.4.7 OR AY.4.8 OR AY.4.9 OR AY.4.10 OR AY.4.11 OR AY.4.12 OR AY.4.13 OR AY.4.14 OR AY.4.15 OR AY.4.16 OR AY.4.17 OR AY.5 OR AY.5.1 OR AY.5.2 OR AY.5.3 OR AY.5.4 OR AY.5.5 OR AY.5.6 OR AY.5.7 OR AY.6 OR AY.7 OR AY.7.1 OR AY.7.2 OR AY.8 OR AY.9 OR AY.9.1 OR AY.9.2 OR AY.9.2.1 OR AY.9.2.2 OR AY.10 OR AY.11 OR AY.12 OR AY.13 OR AY.14 OR AY.15 OR AY.16 OR AY.16.1 OR AY.17 OR AY.18 OR AY.19 OR AY.20 OR AY.20.1 OR AY.21 OR AY.22 OR AY.23 OR AY.23.1 OR AY.23.2 OR AY.24 OR AY.24.1 OR AY.25 OR AY.25.1 OR AY.25.1.1 OR AY.25.1.2 OR AY.25.2 OR AY.25.3 OR AY.26 OR AY.26.1 OR AY.27 OR AY.28 OR AY.29 OR AY.29.1 OR AY.29.2 OR AY.30 OR AY.31 OR AY.32 OR AY.33 OR AY.33.1 OR AY.33.2 OR AY.34 OR AY.34.1 OR AY.34.1.1 OR AY.34.2 OR AY.35 OR AY.36 OR AY.36.1 OR AY.37 OR AY.38 OR AY.39 OR AY.39.1 OR AY.39.1.1 OR AY.39.1.2 OR AY.39.1.3 OR AY.39.1.4 OR AY.39.2 OR AY.39.3 OR AY.39.4 OR AY.40 OR AY.41 OR AY.42 OR AY.42.1 OR AY.43 OR AY.43.1 OR AY.43.2 OR AY.43.3 OR AY.43.4 OR AY.43.5 OR AY.43.6 OR AY.43.7 OR AY.43.8 OR AY.43.9 OR AY.44 OR AY.45 OR AY.46 OR AY.46.1 OR AY.46.2 OR AY.46.3 OR AY.46.4 OR AY.46.5 OR AY.46.6 OR AY.46.6.1 OR AY.47 OR AY.48 OR AY.49 OR AY.50 OR AY.51 OR AY.52 OR AY.53 OR AY.54 OR AY.55 OR AY.56 OR AY.57 OR AY.58 OR AY.59 OR AY.60 OR AY.61 OR AY.62 OR AY.63 OR AY.64 OR AY.65 OR AY.66 OR AY.67 OR AY.68 OR AY.69 OR AY.70 OR AY.71 OR AY.72 OR AY.73 OR AY.74 OR AY.75 OR AY.75.1 OR AY.75.2 OR AY.75.3 OR AY.76 OR AY.77 OR AY.78 OR AY.79 OR AY.80 OR AY.81 OR AY.82 OR AY.83 OR AY.84 OR AY.85 OR AY.86 OR AY.87 OR AY.88 OR AY.89 OR AY.90 OR AY.91 OR AY.91.1 OR AY.92 OR AY.93 OR AY.94 OR AY.95 OR AY.96 OR AY.97 OR AY.98 OR AY.98.1 OR AY.98.1.1 OR AY.99 OR AY.99.1 OR AY.99.2 OR AY.100 OR AY.101 OR AY.102 OR AY.102.1 OR AY.102.2 OR AY.103 OR AY.103.1 OR AY.103.2 OR AY.104 OR AY.105 OR AY.106 OR AY.107 OR AY.108 OR AY.109 OR AY.110 OR AY.111 OR AY.112 OR AY.112.1 OR AY.112.2 OR AY.112.3 OR AY.113 OR AY.114 OR AY.115 OR AY.116 OR AY.116.1 OR AY.117 OR AY.118 OR AY.119 OR AY.119.1 OR AY.119.2 OR AY.120 OR AY.120.1 OR AY.120.2 OR AY.120.2.1 OR AY.121 OR AY.121.1 OR AY.122 OR AY.122.1 OR AY.122.2 OR AY.122.3 OR AY.122.4 OR AY.122.5 OR AY.122.6 OR AY.123 OR AY.123.1 OR AY.124 OR AY.124.1 OR AY.124.1.1 OR AY.125 OR AY.125.1 OR AY.126 OR AY.127 OR AY.127.1 OR AY.127.2 OR AY.127.3 OR AY.128 OR AY.129 OR AY.130 OR AY.131 OR AY.132 OR AY.133 OR AY.134 OR B.1.617.2,Delta,110.285714285714,110.142857142857,0.998704663212435
2021-09-23,164,164,116.428571428571,116.142857142857,0.997546012269938,0.978623800949828,0.999995776065499,AY.1 OR AY.2 OR AY.3 OR AY.3.1 OR AY.3.2 OR AY.3.3 OR AY.3.4 OR AY.4 OR AY.4.1 OR AY.4.2 OR AY.4.2.1 OR AY.4.2.2 OR AY.4.2.3 OR AY.4.2.4 OR AY.4.2.5 OR AY.4.3 OR AY.4.4 OR AY.4.5 OR AY.4.6 OR AY.4.7 OR AY.4.8 OR AY.4.9 OR AY.4.10 OR AY.4.11 OR AY.4.12 OR AY.4.13 OR AY.4.14 OR AY.4.15 OR AY.4.16 OR AY.4.17 OR AY.5 OR AY.5.1 OR AY.5.2 OR AY.5.3 OR AY.5.4 OR AY.5.5 OR AY.5.6 OR AY.5.7 OR AY.6 OR AY.7 OR AY.7.1 OR AY.7.2 OR AY.8 OR AY.9 OR AY.9.1 OR AY.9.2 OR AY.9.2.1 OR AY.9.2.2 OR AY.10 OR AY.11 OR AY.12 OR AY.13 OR AY.14 OR AY.15 OR AY.16 OR AY.16.1 OR AY.17 OR AY.18 OR AY.19 OR AY.20 OR AY.20.1 OR AY.21 OR AY.22 OR AY.23 OR AY.23.1 OR AY.23.2 OR AY.24 OR AY.24.1 OR AY.25 OR AY.25.1 OR AY.25.1.1 OR AY.25.1.2 OR AY.25.2 OR AY.25.3 OR AY.26 OR AY.26.1 OR AY.27 OR AY.28 OR AY.29 OR AY.29.1 OR AY.29.2 OR AY.30 OR AY.31 OR AY.32 OR AY.33 OR AY.33.1 OR AY.33.2 OR AY.34 OR AY.34.1 OR AY.34.1.1 OR AY.34.2 OR AY.35 OR AY.36 OR AY.36.1 OR AY.37 OR AY.38 OR AY.39 OR AY.39.1 OR AY.39.1.1 OR AY.39.1.2 OR AY.39.1.3 OR AY.39.1.4 OR AY.39.2 OR AY.39.3 OR AY.39.4 OR AY.40 OR AY.41 OR AY.42 OR AY.42.1 OR AY.43 OR AY.43.1 OR AY.43.2 OR AY.43.3 OR AY.43.4 OR AY.43.5 OR AY.43.6 OR AY.43.7 OR AY.43.8 OR AY.43.9 OR AY.44 OR AY.45 OR AY.46 OR AY.46.1 OR AY.46.2 OR AY.46.3 OR AY.46.4 OR AY.46.5 OR AY.46.6 OR AY.46.6.1 OR AY.47 OR AY.48 OR AY.49 OR AY.50 OR AY.51 OR AY.52 OR AY.53 OR AY.54 OR AY.55 OR AY.56 OR AY.57 OR AY.58 OR AY.59 OR AY.60 OR AY.61 OR AY.62 OR AY.63 OR AY.64 OR AY.65 OR AY.66 OR AY.67 OR AY.68 OR AY.69 OR AY.70 OR AY.71 OR AY.72 OR AY.73 OR AY.74 OR AY.75 OR AY.75.1 OR AY.75.2 OR AY.75.3 OR AY.76 OR AY.77 OR AY.78 OR AY.79 OR AY.80 OR AY.81 OR AY.82 OR AY.83 OR AY.84 OR AY.85 OR AY.86 OR AY.87 OR AY.88 OR AY.89 OR AY.90 OR AY.91 OR AY.91.1 OR AY.92 OR AY.93 OR AY.94 OR AY.95 OR AY.96 OR AY.97 OR AY.98 OR AY.98.1 OR AY.98.1.1 OR AY.99 OR AY.99.1 OR AY.99.2 OR AY.100 OR AY.101 OR AY.102 OR AY.102.1 OR AY.102.2 OR AY.103 OR AY.103.1 OR AY.103.2 OR AY.104 OR AY.105 OR AY.106 OR AY.107 OR AY.108 OR AY.109 OR AY.110 OR AY.111 OR AY.112 OR AY.112.1 OR AY.112.2 OR AY.112.3 OR AY.113 OR AY.114 OR AY.115 OR AY.116 OR AY.116.1 OR AY.117 OR AY.118 OR AY.119 OR AY.119.1 OR AY.119.2 OR AY.120 OR AY.120.1 OR AY.120.2 OR AY.120.2.1 OR AY.121 OR AY.121.1 OR AY.122 OR AY.122.1 OR AY.122.2 OR AY.122.3 OR AY.122.4 OR AY.122.5 OR AY.122.6 OR AY.123 OR AY.123.1 OR AY.124 OR AY.124.1 OR AY.124.1.1 OR AY.125 OR AY.125.1 OR AY.126 OR AY.127 OR AY.127.1 OR AY.127.2 OR AY.127.3 OR AY.128 OR AY.129 OR AY.130 OR AY.131 OR AY.132 OR AY.133 OR AY.134 OR B.1.617.2,Delta,111.357142857143,111.214285714286,0.998717126363053
2021-09-24,153,153,122,121.714285714286,0.997658079625293,0.979662184090207,0.999995983373862,AY.1 OR AY.2 OR AY.3 OR AY.3.1 OR AY.3.2 OR AY.3.3 OR AY.3.4 OR AY.4 OR AY.4.1 OR AY.4.2 OR AY.4.2.1 OR AY.4.2.2 OR AY.4.2.3 OR AY.4.2.4 OR AY.4.2.5 OR AY.4.3 OR AY.4.4 OR AY.4.5 OR AY.4.6 OR AY.4.7 OR AY.4.8 OR AY.4.9 OR AY.4.10 OR AY.4.11 OR AY.4.12 OR AY.4.13 OR AY.4.14 OR AY.4.15 OR AY.4.16 OR AY.4.17 OR AY.5 OR AY.5.1 OR AY.5.2 OR AY.5.3 OR AY.5.4 OR AY.5.5 OR AY.5.6 OR AY.5.7 OR AY.6 OR AY.7 OR AY.7.1 OR AY.7.2 OR AY.8 OR AY.9 OR AY.9.1 OR AY.9.2 OR AY.9.2.1 OR AY.9.2.2 OR AY.10 OR AY.11 OR AY.12 OR AY.13 OR AY.14 OR AY.15 OR AY.16 OR AY.16.1 OR AY.17 OR AY.18 OR AY.19 OR AY.20 OR AY.20.1 OR AY.21 OR AY.22 OR AY.23 OR AY.23.1 OR AY.23.2 OR AY.24 OR AY.24.1 OR AY.25 OR AY.25.1 OR AY.25.1.1 OR AY.25.1.2 OR AY.25.2 OR AY.25.3 OR AY.26 OR AY.26.1 OR AY.27 OR AY.28 OR AY.29 OR AY.29.1 OR AY.29.2 OR AY.30 OR AY.31 OR AY.32 OR AY.33 OR AY.33.1 OR AY.33.2 OR AY.34 OR AY.34.1 OR AY.34.1.1 OR AY.34.2 OR AY.35 OR AY.36 OR AY.36.1 OR AY.37 OR AY.38 OR AY.39 OR AY.39.1 OR AY.39.1.1 OR AY.39.1.2 OR AY.39.1.3 OR AY.39.1.4 OR AY.39.2 OR AY.39.3 OR AY.39.4 OR AY.40 OR AY.41 OR AY.42 OR AY.42.1 OR AY.43 OR AY.43.1 OR AY.43.2 OR AY.43.3 OR AY.43.4 OR AY.43.5 OR AY.43.6 OR AY.43.7 OR AY.43.8 OR AY.43.9 OR AY.44 OR AY.45 OR AY.46 OR AY.46.1 OR AY.46.2 OR AY.46.3 OR AY.46.4 OR AY.46.5 OR AY.46.6 OR AY.46.6.1 OR AY.47 OR AY.48 OR AY.49 OR AY.50 OR AY.51 OR AY.52 OR AY.53 OR AY.54 OR AY.55 OR AY.56 OR AY.57 OR AY.58 OR AY.59 OR AY.60 OR AY.61 OR AY.62 OR AY.63 OR AY.64 OR AY.65 OR AY.66 OR AY.67 OR AY.68 OR AY.69 OR AY.70 OR AY.71 OR AY.72 OR AY.73 OR AY.74 OR AY.75 OR AY.75.1 OR AY.75.2 OR AY.75.3 OR AY.76 OR AY.77 OR AY.78 OR AY.79 OR AY.80 OR AY.81 OR AY.82 OR AY.83 OR AY.84 OR AY.85 OR AY.86 OR AY.87 OR AY.88 OR AY.89 OR AY.90 OR AY.91 OR AY.91.1 OR AY.92 OR AY.93 OR AY.94 OR AY.95 OR AY.96 OR AY.97 OR AY.98 OR AY.98.1 OR AY.98.1.1 OR AY.99 OR AY.99.1 OR AY.99.2 OR AY.100 OR AY.101 OR AY.102 OR AY.102.1 OR AY.102.2 OR AY.103 OR AY.103.1 OR AY.103.2 OR AY.104 OR AY.105 OR AY.106 OR AY.107 OR AY.108 OR AY.109 OR AY.110 OR AY.111 OR AY.112 OR AY.112.1 OR AY.112.2 OR AY.112.3 OR AY.113 OR AY.114 OR AY.115 OR AY.116 OR AY.116.1 OR AY.117 OR AY.118 OR AY.119 OR AY.119.1 OR AY.119.2 OR AY.120 OR AY.120.1 OR AY.120.2 OR AY.120.2.1 OR AY.121 OR AY.121.1 OR AY.122 OR AY.122.1 OR AY.122.2 OR AY.122.3 OR AY.122.4 OR AY.122.5 OR AY.122.6 OR AY.123 OR AY.123.1 OR AY.124 OR AY.124.1 OR AY.124.1.1 OR AY.125 OR AY.125.1 OR AY.126 OR AY.127 OR AY.127.1 OR AY.127.2 OR AY.127.3 OR AY.128 OR AY.129 OR AY.130 OR AY.131 OR AY.132 OR AY.133 OR AY.134 OR B.1.617.2,Delta,117.214285714286,117.071428571429,0.998781230956734
2021-09-25,66,66,120.714285714286,120.428571428571,0.997633136094675,0.962029520132293,0.999106833534279,AY.1 OR AY.2 OR AY.3 OR AY.3.1 OR AY.3.2 OR AY.3.3 OR AY.3.4 OR AY.4 OR AY.4.1 OR AY.4.2 OR AY.4.2.1 OR AY.4.2.2 OR AY.4.2.3 OR AY.4.2.4 OR AY.4.2.5 OR AY.4.3 OR AY.4.4 OR AY.4.5 OR AY.4.6 OR AY.4.7 OR AY.4.8 OR AY.4.9 OR AY.4.10 OR AY.4.11 OR AY.4.12 OR AY.4.13 OR AY.4.14 OR AY.4.15 OR AY.4.16 OR AY.4.17 OR AY.5 OR AY.5.1 OR AY.5.2 OR AY.5.3 OR AY.5.4 OR AY.5.5 OR AY.5.6 OR AY.5.7 OR AY.6 OR AY.7 OR AY.7.1 OR AY.7.2 OR AY.8 OR AY.9 OR AY.9.1 OR AY.9.2 OR AY.9.2.1 OR AY.9.2.2 OR AY.10 OR AY.11 OR AY.12 OR AY.13 OR AY.14 OR AY.15 OR AY.16 OR AY.16.1 OR AY.17 OR AY.18 OR AY.19 OR AY.20 OR AY.20.1 OR AY.21 OR AY.22 OR AY.23 OR AY.23.1 OR AY.23.2 OR AY.24 OR AY.24.1 OR AY.25 OR AY.25.1 OR AY.25.1.1 OR AY.25.1.2 OR AY.25.2 OR AY.25.3 OR AY.26 OR AY.26.1 OR AY.27 OR AY.28 OR AY.29 OR AY.29.1 OR AY.29.2 OR AY.30 OR AY.31 OR AY.32 OR AY.33 OR AY.33.1 OR AY.33.2 OR AY.34 OR AY.34.1 OR AY.34.1.1 OR AY.34.2 OR AY.35 OR AY.36 OR AY.36.1 OR AY.37 OR AY.38 OR AY.39 OR AY.39.1 OR AY.39.1.1 OR AY.39.1.2 OR AY.39.1.3 OR AY.39.1.4 OR AY.39.2 OR AY.39.3 OR AY.39.4 OR AY.40 OR AY.41 OR AY.42 OR AY.42.1 OR AY.43 OR AY.43.1 OR AY.43.2 OR AY.43.3 OR AY.43.4 OR AY.43.5 OR AY.43.6 OR AY.43.7 OR AY.43.8 OR AY.43.9 OR AY.44 OR AY.45 OR AY.46 OR AY.46.1 OR AY.46.2 OR AY.46.3 OR AY.46.4 OR AY.46.5 OR AY.46.6 OR AY.46.6.1 OR AY.47 OR AY.48 OR AY.49 OR AY.50 OR AY.51 OR AY.52 OR AY.53 OR AY.54 OR AY.55 OR AY.56 OR AY.57 OR AY.58 OR AY.59 OR AY.60 OR AY.61 OR AY.62 OR AY.63 OR AY.64 OR AY.65 OR AY.66 OR AY.67 OR AY.68 OR AY.69 OR AY.70 OR AY.71 OR AY.72 OR AY.73 OR AY.74 OR AY.75 OR AY.75.1 OR AY.75.2 OR AY.75.3 OR AY.76 OR AY.77 OR AY.78 OR AY.79 OR AY.80 OR AY.81 OR AY.82 OR AY.83 OR AY.84 OR AY.85 OR AY.86 OR AY.87 OR AY.88 OR AY.89 OR AY.90 OR AY.91 OR AY.91.1 OR AY.92 OR AY.93 OR AY.94 OR AY.95 OR AY.96 OR AY.97 OR AY.98 OR AY.98.1 OR AY.98.1.1 OR AY.99 OR AY.99.1 OR AY.99.2 OR AY.100 OR AY.101 OR AY.102 OR AY.102.1 OR AY.102.2 OR AY.103 OR AY.103.1 OR AY.103.2 OR AY.104 OR AY.105 OR AY.106 OR AY.107 OR AY.108 OR AY.109 OR AY.110 OR AY.111 OR AY.112 OR AY.112.1 OR AY.112.2 OR AY.112.3 OR AY.113 OR AY.114 OR AY.115 OR AY.116 OR AY.116.1 OR AY.117 OR AY.118 OR AY.119 OR AY.119.1 OR AY.119.2 OR AY.120 OR AY.120.1 OR AY.120.2 OR AY.120.2.1 OR AY.121 OR AY.121.1 OR AY.122 OR AY.122.1 OR AY.122.2 OR AY.122.3 OR AY.122.4 OR AY.122.5 OR AY.122.6 OR AY.123 OR AY.123.1 OR AY.124 OR AY.124.1 OR AY.124.1.1 OR AY.125 OR AY.125.1 OR AY.126 OR AY.127 OR AY.127.1 OR AY.127.2 OR AY.127.3 OR AY.128 OR AY.129 OR AY.130 OR AY.131 OR AY.132 OR AY.133 OR AY.134 OR B.1.617.2,Delta,117.857142857143,117.714285714286,0.998787878787879
2021-09-26,35,35,120.285714285714,120,0.997624703087886,0.979327449518421,0.999995916569692,AY.1 OR AY.2 OR AY.3 OR AY.3.1 OR AY.3.2 OR AY.3.3 OR AY.3.4 OR AY.4 OR AY.4.1 OR AY.4.2 OR AY.4.2.1 OR AY.4.2.2 OR AY.4.2.3 OR AY.4.2.4 OR AY.4.2.5 OR AY.4.3 OR AY.4.4 OR AY.4.5 OR AY.4.6 OR AY.4.7 OR AY.4.8 OR AY.4.9 OR AY.4.10 OR AY.4.11 OR AY.4.12 OR AY.4.13 OR AY.4.14 OR AY.4.15 OR AY.4.16 OR AY.4.17 OR AY.5 OR AY.5.1 OR AY.5.2 OR AY.5.3 OR AY.5.4 OR AY.5.5 OR AY.5.6 OR AY.5.7 OR AY.6 OR AY.7 OR AY.7.1 OR AY.7.2 OR AY.8 OR AY.9 OR AY.9.1 OR AY.9.2 OR AY.9.2.1 OR AY.9.2.2 OR AY.10 OR AY.11 OR AY.12 OR AY.13 OR AY.14 OR AY.15 OR AY.16 OR AY.16.1 OR AY.17 OR AY.18 OR AY.19 OR AY.20 OR AY.20.1 OR AY.21 OR AY.22 OR AY.23 OR AY.23.1 OR AY.23.2 OR AY.24 OR AY.24.1 OR AY.25 OR AY.25.1 OR AY.25.1.1 OR AY.25.1.2 OR AY.25.2 OR AY.25.3 OR AY.26 OR AY.26.1 OR AY.27 OR AY.28 OR AY.29 OR AY.29.1 OR AY.29.2 OR AY.30 OR AY.31 OR AY.32 OR AY.33 OR AY.33.1 OR AY.33.2 OR AY.34 OR AY.34.1 OR AY.34.1.1 OR AY.34.2 OR AY.35 OR AY.36 OR AY.36.1 OR AY.37 OR AY.38 OR AY.39 OR AY.39.1 OR AY.39.1.1 OR AY.39.1.2 OR AY.39.1.3 OR AY.39.1.4 OR AY.39.2 OR AY.39.3 OR AY.39.4 OR AY.40 OR AY.41 OR AY.42 OR AY.42.1 OR AY.43 OR AY.43.1 OR AY.43.2 OR AY.43.3 OR AY.43.4 OR AY.43.5 OR AY.43.6 OR AY.43.7 OR AY.43.8 OR AY.43.9 OR AY.44 OR AY.45 OR AY.46 OR AY.46.1 OR AY.46.2 OR AY.46.3 OR AY.46.4 OR AY.46.5 OR AY.46.6 OR AY.46.6.1 OR AY.47 OR AY.48 OR AY.49 OR AY.50 OR AY.51 OR AY.52 OR AY.53 OR AY.54 OR AY.55 OR AY.56 OR AY.57 OR AY.58 OR AY.59 OR AY.60 OR AY.61 OR AY.62 OR AY.63 OR AY.64 OR AY.65 OR AY.66 OR AY.67 OR AY.68 OR AY.69 OR AY.70 OR AY.71 OR AY.72 OR AY.73 OR AY.74 OR AY.75 OR AY.75.1 OR AY.75.2 OR AY.75.3 OR AY.76 OR AY.77 OR AY.78 OR AY.79 OR AY.80 OR AY.81 OR AY.82 OR AY.83 OR AY.84 OR AY.85 OR AY.86 OR AY.87 OR AY.88 OR AY.89 OR AY.90 OR AY.91 OR AY.91.1 OR AY.92 OR AY.93 OR AY.94 OR AY.95 OR AY.96 OR AY.97 OR AY.98 OR AY.98.1 OR AY.98.1.1 OR AY.99 OR AY.99.1 OR AY.99.2 OR AY.100 OR AY.101 OR AY.102 OR AY.102.1 OR AY.102.2 OR AY.103 OR AY.103.1 OR AY.103.2 OR AY.104 OR AY.105 OR AY.106 OR AY.107 OR AY.108 OR AY.109 OR AY.110 OR AY.111 OR AY.112 OR AY.112.1 OR AY.112.2 OR AY.112.3 OR AY.113 OR AY.114 OR AY.115 OR AY.116 OR AY.116.1 OR AY.117 OR AY.118 OR AY.119 OR AY.119.1 OR AY.119.2 OR AY.120 OR AY.120.1 OR AY.120.2 OR AY.120.2.1 OR AY.121 OR AY.121.1 OR AY.122 OR AY.122.1 OR AY.122.2 OR AY.122.3 OR AY.122.4 OR AY.122.5 OR AY.122.6 OR AY.123 OR AY.123.1 OR AY.124 OR AY.124.1 OR AY.124.1.1 OR AY.125 OR AY.125.1 OR AY.126 OR AY.127 OR AY.127.1 OR AY.127.2 OR AY.127.3 OR AY.128 OR AY.129 OR AY.130 OR AY.131 OR AY.132 OR AY.133 OR AY.134 OR B.1.617.2,Delta,118.285714285714,118.142857142857,0.998792270531401
2021-09-27,128,126,123.285714285714,122.714285714286,0.995365005793743,0.979825519113632,0.999996015962921,AY.1 OR AY.2 OR AY.3 OR AY.3.1 OR AY.3.2 OR AY.3.3 OR AY.3.4 OR AY.4 OR AY.4.1 OR AY.4.2 OR AY.4.2.1 OR AY.4.2.2 OR AY.4.2.3 OR AY.4.2.4 OR AY.4.2.5 OR AY.4.3 OR AY.4.4 OR AY.4.5 OR AY.4.6 OR AY.4.7 OR AY.4.8 OR AY.4.9 OR AY.4.10 OR AY.4.11 OR AY.4.12 OR AY.4.13 OR AY.4.14 OR AY.4.15 OR AY.4.16 OR AY.4.17 OR AY.5 OR AY.5.1 OR AY.5.2 OR AY.5.3 OR AY.5.4 OR AY.5.5 OR AY.5.6 OR AY.5.7 OR AY.6 OR AY.7 OR AY.7.1 OR AY.7.2 OR AY.8 OR AY.9 OR AY.9.1 OR AY.9.2 OR AY.9.2.1 OR AY.9.2.2 OR AY.10 OR AY.11 OR AY.12 OR AY.13 OR AY.14 OR AY.15 OR AY.16 OR AY.16.1 OR AY.17 OR AY.18 OR AY.19 OR AY.20 OR AY.20.1 OR AY.21 OR AY.22 OR AY.23 OR AY.23.1 OR AY.23.2 OR AY.24 OR AY.24.1 OR AY.25 OR AY.25.1 OR AY.25.1.1 OR AY.25.1.2 OR AY.25.2 OR AY.25.3 OR AY.26 OR AY.26.1 OR AY.27 OR AY.28 OR AY.29 OR AY.29.1 OR AY.29.2 OR AY.30 OR AY.31 OR AY.32 OR AY.33 OR AY.33.1 OR AY.33.2 OR AY.34 OR AY.34.1 OR AY.34.1.1 OR AY.34.2 OR AY.35 OR AY.36 OR AY.36.1 OR AY.37 OR AY.38 OR AY.39 OR AY.39.1 OR AY.39.1.1 OR AY.39.1.2 OR AY.39.1.3 OR AY.39.1.4 OR AY.39.2 OR AY.39.3 OR AY.39.4 OR AY.40 OR AY.41 OR AY.42 OR AY.42.1 OR AY.43 OR AY.43.1 OR AY.43.2 OR AY.43.3 OR AY.43.4 OR AY.43.5 OR AY.43.6 OR AY.43.7 OR AY.43.8 OR AY.43.9 OR AY.44 OR AY.45 OR AY.46 OR AY.46.1 OR AY.46.2 OR AY.46.3 OR AY.46.4 OR AY.46.5 OR AY.46.6 OR AY.46.6.1 OR AY.47 OR AY.48 OR AY.49 OR AY.50 OR AY.51 OR AY.52 OR AY.53 OR AY.54 OR AY.55 OR AY.56 OR AY.57 OR AY.58 OR AY.59 OR AY.60 OR AY.61 OR AY.62 OR AY.63 OR AY.64 OR AY.65 OR AY.66 OR AY.67 OR AY.68 OR AY.69 OR AY.70 OR AY.71 OR AY.72 OR AY.73 OR AY.74 OR AY.75 OR AY.75.1 OR AY.75.2 OR AY.75.3 OR AY.76 OR AY.77 OR AY.78 OR AY.79 OR AY.80 OR AY.81 OR AY.82 OR AY.83 OR AY.84 OR AY.85 OR AY.86 OR AY.87 OR AY.88 OR AY.89 OR AY.90 OR AY.91 OR AY.91.1 OR AY.92 OR AY.93 OR AY.94 OR AY.95 OR AY.96 OR AY.97 OR AY.98 OR AY.98.1 OR AY.98.1.1 OR AY.99 OR AY.99.1 OR AY.99.2 OR AY.100 OR AY.101 OR AY.102 OR AY.102.1 OR AY.102.2 OR AY.103 OR AY.103.1 OR AY.103.2 OR AY.104 OR AY.105 OR AY.106 OR AY.107 OR AY.108 OR AY.109 OR AY.110 OR AY.111 OR AY.112 OR AY.112.1 OR AY.112.2 OR AY.112.3 OR AY.113 OR AY.114 OR AY.115 OR AY.116 OR AY.116.1 OR AY.117 OR AY.118 OR AY.119 OR AY.119.1 OR AY.119.2 OR AY.120 OR AY.120.1 OR AY.120.2 OR AY.120.2.1 OR AY.121 OR AY.121.1 OR AY.122 OR AY.122.1 OR AY.122.2 OR AY.122.3 OR AY.122.4 OR AY.122.5 OR AY.122.6 OR AY.123 OR AY.123.1 OR AY.124 OR AY.124.1 OR AY.124.1.1 OR AY.125 OR AY.125.1 OR AY.126 OR AY.127 OR AY.127.1 OR AY.127.2 OR AY.127.3 OR AY.128 OR AY.129 OR AY.130 OR AY.131 OR AY.132 OR AY.133 OR AY.134 OR B.1.617.2,Delta,120.642857142857,120.357142857143,0.997631734754293
2021-09-28,130,130,117.285714285714,116.857142857143,0.996345919610232,0.978804165750581,0.999995812090287,AY.1 OR AY.2 OR AY.3 OR AY.3.1 OR AY.3.2 OR AY.3.3 OR AY.3.4 OR AY.4 OR AY.4.1 OR AY.4.2 OR AY.4.2.1 OR AY.4.2.2 OR AY.4.2.3 OR AY.4.2.4 OR AY.4.2.5 OR AY.4.3 OR AY.4.4 OR AY.4.5 OR AY.4.6 OR AY.4.7 OR AY.4.8 OR AY.4.9 OR AY.4.10 OR AY.4.11 OR AY.4.12 OR AY.4.13 OR AY.4.14 OR AY.4.15 OR AY.4.16 OR AY.4.17 OR AY.5 OR AY.5.1 OR AY.5.2 OR AY.5.3 OR AY.5.4 OR AY.5.5 OR AY.5.6 OR AY.5.7 OR AY.6 OR AY.7 OR AY.7.1 OR AY.7.2 OR AY.8 OR AY.9 OR AY.9.1 OR AY.9.2 OR AY.9.2.1 OR AY.9.2.2 OR AY.10 OR AY.11 OR AY.12 OR AY.13 OR AY.14 OR AY.15 OR AY.16 OR AY.16.1 OR AY.17 OR AY.18 OR AY.19 OR AY.20 OR AY.20.1 OR AY.21 OR AY.22 OR AY.23 OR AY.23.1 OR AY.23.2 OR AY.24 OR AY.24.1 OR AY.25 OR AY.25.1 OR AY.25.1.1 OR AY.25.1.2 OR AY.25.2 OR AY.25.3 OR AY.26 OR AY.26.1 OR AY.27 OR AY.28 OR AY.29 OR AY.29.1 OR AY.29.2 OR AY.30 OR AY.31 OR AY.32 OR AY.33 OR AY.33.1 OR AY.33.2 OR AY.34 OR AY.34.1 OR AY.34.1.1 OR AY.34.2 OR AY.35 OR AY.36 OR AY.36.1 OR AY.37 OR AY.38 OR AY.39 OR AY.39.1 OR AY.39.1.1 OR AY.39.1.2 OR AY.39.1.3 OR AY.39.1.4 OR AY.39.2 OR AY.39.3 OR AY.39.4 OR AY.40 OR AY.41 OR AY.42 OR AY.42.1 OR AY.43 OR AY.43.1 OR AY.43.2 OR AY.43.3 OR AY.43.4 OR AY.43.5 OR AY.43.6 OR AY.43.7 OR AY.43.8 OR AY.43.9 OR AY.44 OR AY.45 OR AY.46 OR AY.46.1 OR AY.46.2 OR AY.46.3 OR AY.46.4 OR AY.46.5 OR AY.46.6 OR AY.46.6.1 OR AY.47 OR AY.48 OR AY.49 OR AY.50 OR AY.51 OR AY.52 OR AY.53 OR AY.54 OR AY.55 OR AY.56 OR AY.57 OR AY.58 OR AY.59 OR AY.60 OR AY.61 OR AY.62 OR AY.63 OR AY.64 OR AY.65 OR AY.66 OR AY.67 OR AY.68 OR AY.69 OR AY.70 OR AY.71 OR AY.72 OR AY.73 OR AY.74 OR AY.75 OR AY.75.1 OR AY.75.2 OR AY.75.3 OR AY.76 OR AY.77 OR AY.78 OR AY.79 OR AY.80 OR AY.81 OR AY.82 OR AY.83 OR AY.84 OR AY.85 OR AY.86 OR AY.87 OR AY.88 OR AY.89 OR AY.90 OR AY.91 OR AY.91.1 OR AY.92 OR AY.93 OR AY.94 OR AY.95 OR AY.96 OR AY.97 OR AY.98 OR AY.98.1 OR AY.98.1.1 OR AY.99 OR AY.99.1 OR AY.99.2 OR AY.100 OR AY.101 OR AY.102 OR AY.102.1 OR AY.102.2 OR AY.103 OR AY.103.1 OR AY.103.2 OR AY.104 OR AY.105 OR AY.106 OR AY.107 OR AY.108 OR AY.109 OR AY.110 OR AY.111 OR AY.112 OR AY.112.1 OR AY.112.2 OR AY.112.3 OR AY.113 OR AY.114 OR AY.115 OR AY.116 OR AY.116.1 OR AY.117 OR AY.118 OR AY.119 OR AY.119.1 OR AY.119.2 OR AY.120 OR AY.120.1 OR AY.120.2 OR AY.120.2.1 OR AY.121 OR AY.121.1 OR AY.122 OR AY.122.1 OR AY.122.2 OR AY.122.3 OR AY.122.4 OR AY.122.5 OR AY.122.6 OR AY.123 OR AY.123.1 OR AY.124 OR AY.124.1 OR AY.124.1.1 OR AY.125 OR AY.125.1 OR AY.126 OR AY.127 OR AY.127.1 OR AY.127.2 OR AY.127.3 OR AY.128 OR AY.129 OR AY.130 OR AY.131 OR AY.132 OR AY.133 OR AY.134 OR B.1.617.2,Delta,120.785714285714,120.5,0.997634535777646
2021-09-29,152,152,118.285714285714,118,0.997584541062802,0.978981512442485,0.999995847505781,AY.1 OR AY.2 OR AY.3 OR AY.3.1 OR AY.3.2 OR AY.3.3 OR AY.3.4 OR AY.4 OR AY.4.1 OR AY.4.2 OR AY.4.2.1 OR AY.4.2.2 OR AY.4.2.3 OR AY.4.2.4 OR AY.4.2.5 OR AY.4.3 OR AY.4.4 OR AY.4.5 OR AY.4.6 OR AY.4.7 OR AY.4.8 OR AY.4.9 OR AY.4.10 OR AY.4.11 OR AY.4.12 OR AY.4.13 OR AY.4.14 OR AY.4.15 OR AY.4.16 OR AY.4.17 OR AY.5 OR AY.5.1 OR AY.5.2 OR AY.5.3 OR AY.5.4 OR AY.5.5 OR AY.5.6 OR AY.5.7 OR AY.6 OR AY.7 OR AY.7.1 OR AY.7.2 OR AY.8 OR AY.9 OR AY.9.1 OR AY.9.2 OR AY.9.2.1 OR AY.9.2.2 OR AY.10 OR AY.11 OR AY.12 OR AY.13 OR AY.14 OR AY.15 OR AY.16 OR AY.16.1 OR AY.17 OR AY.18 OR AY.19 OR AY.20 OR AY.20.1 OR AY.21 OR AY.22 OR AY.23 OR AY.23.1 OR AY.23.2 OR AY.24 OR AY.24.1 OR AY.25 OR AY.25.1 OR AY.25.1.1 OR AY.25.1.2 OR AY.25.2 OR AY.25.3 OR AY.26 OR AY.26.1 OR AY.27 OR AY.28 OR AY.29 OR AY.29.1 OR AY.29.2 OR AY.30 OR AY.31 OR AY.32 OR AY.33 OR AY.33.1 OR AY.33.2 OR AY.34 OR AY.34.1 OR AY.34.1.1 OR AY.34.2 OR AY.35 OR AY.36 OR AY.36.1 OR AY.37 OR AY.38 OR AY.39 OR AY.39.1 OR AY.39.1.1 OR AY.39.1.2 OR AY.39.1.3 OR AY.39.1.4 OR AY.39.2 OR AY.39.3 OR AY.39.4 OR AY.40 OR AY.41 OR AY.42 OR AY.42.1 OR AY.43 OR AY.43.1 OR AY.43.2 OR AY.43.3 OR AY.43.4 OR AY.43.5 OR AY.43.6 OR AY.43.7 OR AY.43.8 OR AY.43.9 OR AY.44 OR AY.45 OR AY.46 OR AY.46.1 OR AY.46.2 OR AY.46.3 OR AY.46.4 OR AY.46.5 OR AY.46.6 OR AY.46.6.1 OR AY.47 OR AY.48 OR AY.49 OR AY.50 OR AY.51 OR AY.52 OR AY.53 OR AY.54 OR AY.55 OR AY.56 OR AY.57 OR AY.58 OR AY.59 OR AY.60 OR AY.61 OR AY.62 OR AY.63 OR AY.64 OR AY.65 OR AY.66 OR AY.67 OR AY.68 OR AY.69 OR AY.70 OR AY.71 OR AY.72 OR AY.73 OR AY.74 OR AY.75 OR AY.75.1 OR AY.75.2 OR AY.75.3 OR AY.76 OR AY.77 OR AY.78 OR AY.79 OR AY.80 OR AY.81 OR AY.82 OR AY.83 OR AY.84 OR AY.85 OR AY.86 OR AY.87 OR AY.88 OR AY.89 OR AY.90 OR AY.91 OR AY.91.1 OR AY.92 OR AY.93 OR AY.94 OR AY.95 OR AY.96 OR AY.97 OR AY.98 OR AY.98.1 OR AY.98.1.1 OR AY.99 OR AY.99.1 OR AY.99.2 OR AY.100 OR AY.101 OR AY.102 OR AY.102.1 OR AY.102.2 OR AY.103 OR AY.103.1 OR AY.103.2 OR AY.104 OR AY.105 OR AY.106 OR AY.107 OR AY.108 OR AY.109 OR AY.110 OR AY.111 OR AY.112 OR AY.112.1 OR AY.112.2 OR AY.112.3 OR AY.113 OR AY.114 OR AY.115 OR AY.116 OR AY.116.1 OR AY.117 OR AY.118 OR AY.119 OR AY.119.1 OR AY.119.2 OR AY.120 OR AY.120.1 OR AY.120.2 OR AY.120.2.1 OR AY.121 OR AY.121.1 OR AY.122 OR AY.122.1 OR AY.122.2 OR AY.122.3 OR AY.122.4 OR AY.122.5 OR AY.122.6 OR AY.123 OR AY.123.1 OR AY.124 OR AY.124.1 OR AY.124.1.1 OR AY.125 OR AY.125.1 OR AY.126 OR AY.127 OR AY.127.1 OR AY.127.2 OR AY.127.3 OR AY.128 OR AY.129 OR AY.130 OR AY.131 OR AY.132 OR AY.133 OR AY.134 OR B.1.617.2,Delta,120.5,120.214285714286,0.997628927089508
2021-09-30,171,171,119.285714285714,119,0.997604790419162,0.979155916148339,0.99999588232731,AY.1 OR AY.2 OR AY.3 OR AY.3.1 OR AY.3.2 OR AY.3.3 OR AY.3.4 OR AY.4 OR AY.4.1 OR AY.4.2 OR AY.4.2.1 OR AY.4.2.2 OR AY.4.2.3 OR AY.4.2.4 OR AY.4.2.5 OR AY.4.3 OR AY.4.4 OR AY.4.5 OR AY.4.6 OR AY.4.7 OR AY.4.8 OR AY.4.9 OR AY.4.10 OR AY.4.11 OR AY.4.12 OR AY.4.13 OR AY.4.14 OR AY.4.15 OR AY.4.16 OR AY.4.17 OR AY.5 OR AY.5.1 OR AY.5.2 OR AY.5.3 OR AY.5.4 OR AY.5.5 OR AY.5.6 OR AY.5.7 OR AY.6 OR AY.7 OR AY.7.1 OR AY.7.2 OR AY.8 OR AY.9 OR AY.9.1 OR AY.9.2 OR AY.9.2.1 OR AY.9.2.2 OR AY.10 OR AY.11 OR AY.12 OR AY.13 OR AY.14 OR AY.15 OR AY.16 OR AY.16.1 OR AY.17 OR AY.18 OR AY.19 OR AY.20 OR AY.20.1 OR AY.21 OR AY.22 OR AY.23 OR AY.23.1 OR AY.23.2 OR AY.24 OR AY.24.1 OR AY.25 OR AY.25.1 OR AY.25.1.1 OR AY.25.1.2 OR AY.25.2 OR AY.25.3 OR AY.26 OR AY.26.1 OR AY.27 OR AY.28 OR AY.29 OR AY.29.1 OR AY.29.2 OR AY.30 OR AY.31 OR AY.32 OR AY.33 OR AY.33.1 OR AY.33.2 OR AY.34 OR AY.34.1 OR AY.34.1.1 OR AY.34.2 OR AY.35 OR AY.36 OR AY.36.1 OR AY.37 OR AY.38 OR AY.39 OR AY.39.1 OR AY.39.1.1 OR AY.39.1.2 OR AY.39.1.3 OR AY.39.1.4 OR AY.39.2 OR AY.39.3 OR AY.39.4 OR AY.40 OR AY.41 OR AY.42 OR AY.42.1 OR AY.43 OR AY.43.1 OR AY.43.2 OR AY.43.3 OR AY.43.4 OR AY.43.5 OR AY.43.6 OR AY.43.7 OR AY.43.8 OR AY.43.9 OR AY.44 OR AY.45 OR AY.46 OR AY.46.1 OR AY.46.2 OR AY.46.3 OR AY.46.4 OR AY.46.5 OR AY.46.6 OR AY.46.6.1 OR AY.47 OR AY.48 OR AY.49 OR AY.50 OR AY.51 OR AY.52 OR AY.53 OR AY.54 OR AY.55 OR AY.56 OR AY.57 OR AY.58 OR AY.59 OR AY.60 OR AY.61 OR AY.62 OR AY.63 OR AY.64 OR AY.65 OR AY.66 OR AY.67 OR AY.68 OR AY.69 OR AY.70 OR AY.71 OR AY.72 OR AY.73 OR AY.74 OR AY.75 OR AY.75.1 OR AY.75.2 OR AY.75.3 OR AY.76 OR AY.77 OR AY.78 OR AY.79 OR AY.80 OR AY.81 OR AY.82 OR AY.83 OR AY.84 OR AY.85 OR AY.86 OR AY.87 OR AY.88 OR AY.89 OR AY.90 OR AY.91 OR AY.91.1 OR AY.92 OR AY.93 OR AY.94 OR AY.95 OR AY.96 OR AY.97 OR AY.98 OR AY.98.1 OR AY.98.1.1 OR AY.99 OR AY.99.1 OR AY.99.2 OR AY.100 OR AY.101 OR AY.102 OR AY.102.1 OR AY.102.2 OR AY.103 OR AY.103.1 OR AY.103.2 OR AY.104 OR AY.105 OR AY.106 OR AY.107 OR AY.108 OR AY.109 OR AY.110 OR AY.111 OR AY.112 OR AY.112.1 OR AY.112.2 OR AY.112.3 OR AY.113 OR AY.114 OR AY.115 OR AY.116 OR AY.116.1 OR AY.117 OR AY.118 OR AY.119 OR AY.119.1 OR AY.119.2 OR AY.120 OR AY.120.1 OR AY.120.2 OR AY.120.2.1 OR AY.121 OR AY.121.1 OR AY.122 OR AY.122.1 OR AY.122.2 OR AY.122.3 OR AY.122.4 OR AY.122.5 OR AY.122.6 OR AY.123 OR AY.123.1 OR AY.124 OR AY.124.1 OR AY.124.1.1 OR AY.125 OR AY.125.1 OR AY.126 OR AY.127 OR AY.127.1 OR AY.127.2 OR AY.127.3 OR AY.128 OR AY.129 OR AY.130 OR AY.131 OR AY.132 OR AY.133 OR AY.134 OR B.1.617.2,Delta,117.857142857143,117.571428571429,0.997575757575758
2021-10-01,175,175,122.428571428571,122.142857142857,0.997666277712952,0.979662184090207,0.999995983373862,AY.1 OR AY.2 OR AY.3 OR AY.3.1 OR AY.3.2 OR AY.3.3 OR AY.3.4 OR AY.4 OR AY.4.1 OR AY.4.2 OR AY.4.2.1 OR AY.4.2.2 OR AY.4.2.3 OR AY.4.2.4 OR AY.4.2.5 OR AY.4.3 OR AY.4.4 OR AY.4.5 OR AY.4.6 OR AY.4.7 OR AY.4.8 OR AY.4.9 OR AY.4.10 OR AY.4.11 OR AY.4.12 OR AY.4.13 OR AY.4.14 OR AY.4.15 OR AY.4.16 OR AY.4.17 OR AY.5 OR AY.5.1 OR AY.5.2 OR AY.5.3 OR AY.5.4 OR AY.5.5 OR AY.5.6 OR AY.5.7 OR AY.6 OR AY.7 OR AY.7.1 OR AY.7.2 OR AY.8 OR AY.9 OR AY.9.1 OR AY.9.2 OR AY.9.2.1 OR AY.9.2.2 OR AY.10 OR AY.11 OR AY.12 OR AY.13 OR AY.14 OR AY.15 OR AY.16 OR AY.16.1 OR AY.17 OR AY.18 OR AY.19 OR AY.20 OR AY.20.1 OR AY.21 OR AY.22 OR AY.23 OR AY.23.1 OR AY.23.2 OR AY.24 OR AY.24.1 OR AY.25 OR AY.25.1 OR AY.25.1.1 OR AY.25.1.2 OR AY.25.2 OR AY.25.3 OR AY.26 OR AY.26.1 OR AY.27 OR AY.28 OR AY.29 OR AY.29.1 OR AY.29.2 OR AY.30 OR AY.31 OR AY.32 OR AY.33 OR AY.33.1 OR AY.33.2 OR AY.34 OR AY.34.1 OR AY.34.1.1 OR AY.34.2 OR AY.35 OR AY.36 OR AY.36.1 OR AY.37 OR AY.38 OR AY.39 OR AY.39.1 OR AY.39.1.1 OR AY.39.1.2 OR AY.39.1.3 OR AY.39.1.4 OR AY.39.2 OR AY.39.3 OR AY.39.4 OR AY.40 OR AY.41 OR AY.42 OR AY.42.1 OR AY.43 OR AY.43.1 OR AY.43.2 OR AY.43.3 OR AY.43.4 OR AY.43.5 OR AY.43.6 OR AY.43.7 OR AY.43.8 OR AY.43.9 OR AY.44 OR AY.45 OR AY.46 OR AY.46.1 OR AY.46.2 OR AY.46.3 OR AY.46.4 OR AY.46.5 OR AY.46.6 OR AY.46.6.1 OR AY.47 OR AY.48 OR AY.49 OR AY.50 OR AY.51 OR AY.52 OR AY.53 OR AY.54 OR AY.55 OR AY.56 OR AY.57 OR AY.58 OR AY.59 OR AY.60 OR AY.61 OR AY.62 OR AY.63 OR AY.64 OR AY.65 OR AY.66 OR AY.67 OR AY.68 OR AY.69 OR AY.70 OR AY.71 OR AY.72 OR AY.73 OR AY.74 OR AY.75 OR AY.75.1 OR AY.75.2 OR AY.75.3 OR AY.76 OR AY.77 OR AY.78 OR AY.79 OR AY.80 OR AY.81 OR AY.82 OR AY.83 OR AY.84 OR AY.85 OR AY.86 OR AY.87 OR AY.88 OR AY.89 OR AY.90 OR AY.91 OR AY.91.1 OR AY.92 OR AY.93 OR AY.94 OR AY.95 OR AY.96 OR AY.97 OR AY.98 OR AY.98.1 OR AY.98.1.1 OR AY.99 OR AY.99.1 OR AY.99.2 OR AY.100 OR AY.101 OR AY.102 OR AY.102.1 OR AY.102.2 OR AY.103 OR AY.103.1 OR AY.103.2 OR AY.104 OR AY.105 OR AY.106 OR AY.107 OR AY.108 OR AY.109 OR AY.110 OR AY.111 OR AY.112 OR AY.112.1 OR AY.112.2 OR AY.112.3 OR AY.113 OR AY.114 OR AY.115 OR AY.116 OR AY.116.1 OR AY.117 OR AY.118 OR AY.119 OR AY.119.1 OR AY.119.2 OR AY.120 OR AY.120.1 OR AY.120.2 OR AY.120.2.1 OR AY.121 OR AY.121.1 OR AY.122 OR AY.122.1 OR AY.122.2 OR AY.122.3 OR AY.122.4 OR AY.122.5 OR AY.122.6 OR AY.123 OR AY.123.1 OR AY.124 OR AY.124.1 OR AY.124.1.1 OR AY.125 OR AY.125.1 OR AY.126 OR AY.127 OR AY.127.1 OR AY.127.2 OR AY.127.3 OR AY.128 OR AY.129 OR AY.130 OR AY.131 OR AY.132 OR AY.133 OR AY.134 OR B.1.617.2,Delta,122.214285714286,121.928571428571,0.997662185856225
2021-10-02,78,78,124.142857142857,123.857142857143,0.997698504027618,0.97998625162309,0.999996048027412,AY.1 OR AY.2 OR AY.3 OR AY.3.1 OR AY.3.2 OR AY.3.3 OR AY.3.4 OR AY.4 OR AY.4.1 OR AY.4.2 OR AY.4.2.1 OR AY.4.2.2 OR AY.4.2.3 OR AY.4.2.4 OR AY.4.2.5 OR AY.4.3 OR AY.4.4 OR AY.4.5 OR AY.4.6 OR AY.4.7 OR AY.4.8 OR AY.4.9 OR AY.4.10 OR AY.4.11 OR AY.4.12 OR AY.4.13 OR AY.4.14 OR AY.4.15 OR AY.4.16 OR AY.4.17 OR AY.5 OR AY.5.1 OR AY.5.2 OR AY.5.3 OR AY.5.4 OR AY.5.5 OR AY.5.6 OR AY.5.7 OR AY.6 OR AY.7 OR AY.7.1 OR AY.7.2 OR AY.8 OR AY.9 OR AY.9.1 OR AY.9.2 OR AY.9.2.1 OR AY.9.2.2 OR AY.10 OR AY.11 OR AY.12 OR AY.13 OR AY.14 OR AY.15 OR AY.16 OR AY.16.1 OR AY.17 OR AY.18 OR AY.19 OR AY.20 OR AY.20.1 OR AY.21 OR AY.22 OR AY.23 OR AY.23.1 OR AY.23.2 OR AY.24 OR AY.24.1 OR AY.25 OR AY.25.1 OR AY.25.1.1 OR AY.25.1.2 OR AY.25.2 OR AY.25.3 OR AY.26 OR AY.26.1 OR AY.27 OR AY.28 OR AY.29 OR AY.29.1 OR AY.29.2 OR AY.30 OR AY.31 OR AY.32 OR AY.33 OR AY.33.1 OR AY.33.2 OR AY.34 OR AY.34.1 OR AY.34.1.1 OR AY.34.2 OR AY.35 OR AY.36 OR AY.36.1 OR AY.37 OR AY.38 OR AY.39 OR AY.39.1 OR AY.39.1.1 OR AY.39.1.2 OR AY.39.1.3 OR AY.39.1.4 OR AY.39.2 OR AY.39.3 OR AY.39.4 OR AY.40 OR AY.41 OR AY.42 OR AY.42.1 OR AY.43 OR AY.43.1 OR AY.43.2 OR AY.43.3 OR AY.43.4 OR AY.43.5 OR AY.43.6 OR AY.43.7 OR AY.43.8 OR AY.43.9 OR AY.44 OR AY.45 OR AY.46 OR AY.46.1 OR AY.46.2 OR AY.46.3 OR AY.46.4 OR AY.46.5 OR AY.46.6 OR AY.46.6.1 OR AY.47 OR AY.48 OR AY.49 OR AY.50 OR AY.51 OR AY.52 OR AY.53 OR AY.54 OR AY.55 OR AY.56 OR AY.57 OR AY.58 OR AY.59 OR AY.60 OR AY.61 OR AY.62 OR AY.63 OR AY.64 OR AY.65 OR AY.66 OR AY.67 OR AY.68 OR AY.69 OR AY.70 OR AY.71 OR AY.72 OR AY.73 OR AY.74 OR AY.75 OR AY.75.1 OR AY.75.2 OR AY.75.3 OR AY.76 OR AY.77 OR AY.78 OR AY.79 OR AY.80 OR AY.81 OR AY.82 OR AY.83 OR AY.84 OR AY.85 OR AY.86 OR AY.87 OR AY.88 OR AY.89 OR AY.90 OR AY.91 OR AY.91.1 OR AY.92 OR AY.93 OR AY.94 OR AY.95 OR AY.96 OR AY.97 OR AY.98 OR AY.98.1 OR AY.98.1.1 OR AY.99 OR AY.99.1 OR AY.99.2 OR AY.100 OR AY.101 OR AY.102 OR AY.102.1 OR AY.102.2 OR AY.103 OR AY.103.1 OR AY.103.2 OR AY.104 OR AY.105 OR AY.106 OR AY.107 OR AY.108 OR AY.109 OR AY.110 OR AY.111 OR AY.112 OR AY.112.1 OR AY.112.2 OR AY.112.3 OR AY.113 OR AY.114 OR AY.115 OR AY.116 OR AY.116.1 OR AY.117 OR AY.118 OR AY.119 OR AY.119.1 OR AY.119.2 OR AY.120 OR AY.120.1 OR AY.120.2 OR AY.120.2.1 OR AY.121 OR AY.121.1 OR AY.122 OR AY.122.1 OR AY.122.2 OR AY.122.3 OR AY.122.4 OR AY.122.5 OR AY.122.6 OR AY.123 OR AY.123.1 OR AY.124 OR AY.124.1 OR AY.124.1.1 OR AY.125 OR AY.125.1 OR AY.126 OR AY.127 OR AY.127.1 OR AY.127.2 OR AY.127.3 OR AY.128 OR AY.129 OR AY.130 OR AY.131 OR AY.132 OR AY.133 OR AY.134 OR B.1.617.2,Delta,122.428571428571,122.142857142857,0.997666277712952
2021-10-03,54,54,126.857142857143,126.571428571429,0.997747747747748,0.980453441536048,0.999996141197146,AY.1 OR AY.2 OR AY.3 OR AY.3.1 OR AY.3.2 OR AY.3.3 OR AY.3.4 OR AY.4 OR AY.4.1 OR AY.4.2 OR AY.4.2.1 OR AY.4.2.2 OR AY.4.2.3 OR AY.4.2.4 OR AY.4.2.5 OR AY.4.3 OR AY.4.4 OR AY.4.5 OR AY.4.6 OR AY.4.7 OR AY.4.8 OR AY.4.9 OR AY.4.10 OR AY.4.11 OR AY.4.12 OR AY.4.13 OR AY.4.14 OR AY.4.15 OR AY.4.16 OR AY.4.17 OR AY.5 OR AY.5.1 OR AY.5.2 OR AY.5.3 OR AY.5.4 OR AY.5.5 OR AY.5.6 OR AY.5.7 OR AY.6 OR AY.7 OR AY.7.1 OR AY.7.2 OR AY.8 OR AY.9 OR AY.9.1 OR AY.9.2 OR AY.9.2.1 OR AY.9.2.2 OR AY.10 OR AY.11 OR AY.12 OR AY.13 OR AY.14 OR AY.15 OR AY.16 OR AY.16.1 OR AY.17 OR AY.18 OR AY.19 OR AY.20 OR AY.20.1 OR AY.21 OR AY.22 OR AY.23 OR AY.23.1 OR AY.23.2 OR AY.24 OR AY.24.1 OR AY.25 OR AY.25.1 OR AY.25.1.1 OR AY.25.1.2 OR AY.25.2 OR AY.25.3 OR AY.26 OR AY.26.1 OR AY.27 OR AY.28 OR AY.29 OR AY.29.1 OR AY.29.2 OR AY.30 OR AY.31 OR AY.32 OR AY.33 OR AY.33.1 OR AY.33.2 OR AY.34 OR AY.34.1 OR AY.34.1.1 OR AY.34.2 OR AY.35 OR AY.36 OR AY.36.1 OR AY.37 OR AY.38 OR AY.39 OR AY.39.1 OR AY.39.1.1 OR AY.39.1.2 OR AY.39.1.3 OR AY.39.1.4 OR AY.39.2 OR AY.39.3 OR AY.39.4 OR AY.40 OR AY.41 OR AY.42 OR AY.42.1 OR AY.43 OR AY.43.1 OR AY.43.2 OR AY.43.3 OR AY.43.4 OR AY.43.5 OR AY.43.6 OR AY.43.7 OR AY.43.8 OR AY.43.9 OR AY.44 OR AY.45 OR AY.46 OR AY.46.1 OR AY.46.2 OR AY.46.3 OR AY.46.4 OR AY.46.5 OR AY.46.6 OR AY.46.6.1 OR AY.47 OR AY.48 OR AY.49 OR AY.50 OR AY.51 OR AY.52 OR AY.53 OR AY.54 OR AY.55 OR AY.56 OR AY.57 OR AY.58 OR AY.59 OR AY.60 OR AY.61 OR AY.62 OR AY.63 OR AY.64 OR AY.65 OR AY.66 OR AY.67 OR AY.68 OR AY.69 OR AY.70 OR AY.71 OR AY.72 OR AY.73 OR AY.74 OR AY.75 OR AY.75.1 OR AY.75.2 OR AY.75.3 OR AY.76 OR AY.77 OR AY.78 OR AY.79 OR AY.80 OR AY.81 OR AY.82 OR AY.83 OR AY.84 OR AY.85 OR AY.86 OR AY.87 OR AY.88 OR AY.89 OR AY.90 OR AY.91 OR AY.91.1 OR AY.92 OR AY.93 OR AY.94 OR AY.95 OR AY.96 OR AY.97 OR AY.98 OR AY.98.1 OR AY.98.1.1 OR AY.99 OR AY.99.1 OR AY.99.2 OR AY.100 OR AY.101 OR AY.102 OR AY.102.1 OR AY.102.2 OR AY.103 OR AY.103.1 OR AY.103.2 OR AY.104 OR AY.105 OR AY.106 OR AY.107 OR AY.108 OR AY.109 OR AY.110 OR AY.111 OR AY.112 OR AY.112.1 OR AY.112.2 OR AY.112.3 OR AY.113 OR AY.114 OR AY.115 OR AY.116 OR AY.116.1 OR AY.117 OR AY.118 OR AY.119 OR AY.119.1 OR AY.119.2 OR AY.120 OR AY.120.1 OR AY.120.2 OR AY.120.2.1 OR AY.121 OR AY.121.1 OR AY.122 OR AY.122.1 OR AY.122.2 OR AY.122.3 OR AY.122.4 OR AY.122.5 OR AY.122.6 OR AY.123 OR AY.123.1 OR AY.124 OR AY.124.1 OR AY.124.1.1 OR AY.125 OR AY.125.1 OR AY.126 OR AY.127 OR AY.127.1 OR AY.127.2 OR AY.127.3 OR AY.128 OR AY.129 OR AY.130 OR AY.131 OR AY.132 OR AY.133 OR AY.134 OR B.1.617.2,Delta,123.571428571429,123.285714285714,0.997687861271676
2021-10-04,191,191,135.857142857143,135.857142857143,1,0.981732710496899,0.999996396089197,AY.1 OR AY.2 OR AY.3 OR AY.3.1 OR AY.3.2 OR AY.3.3 OR AY.3.4 OR AY.4 OR AY.4.1 OR AY.4.2 OR AY.4.2.1 OR AY.4.2.2 OR AY.4.2.3 OR AY.4.2.4 OR AY.4.2.5 OR AY.4.3 OR AY.4.4 OR AY.4.5 OR AY.4.6 OR AY.4.7 OR AY.4.8 OR AY.4.9 OR AY.4.10 OR AY.4.11 OR AY.4.12 OR AY.4.13 OR AY.4.14 OR AY.4.15 OR AY.4.16 OR AY.4.17 OR AY.5 OR AY.5.1 OR AY.5.2 OR AY.5.3 OR AY.5.4 OR AY.5.5 OR AY.5.6 OR AY.5.7 OR AY.6 OR AY.7 OR AY.7.1 OR AY.7.2 OR AY.8 OR AY.9 OR AY.9.1 OR AY.9.2 OR AY.9.2.1 OR AY.9.2.2 OR AY.10 OR AY.11 OR AY.12 OR AY.13 OR AY.14 OR AY.15 OR AY.16 OR AY.16.1 OR AY.17 OR AY.18 OR AY.19 OR AY.20 OR AY.20.1 OR AY.21 OR AY.22 OR AY.23 OR AY.23.1 OR AY.23.2 OR AY.24 OR AY.24.1 OR AY.25 OR AY.25.1 OR AY.25.1.1 OR AY.25.1.2 OR AY.25.2 OR AY.25.3 OR AY.26 OR AY.26.1 OR AY.27 OR AY.28 OR AY.29 OR AY.29.1 OR AY.29.2 OR AY.30 OR AY.31 OR AY.32 OR AY.33 OR AY.33.1 OR AY.33.2 OR AY.34 OR AY.34.1 OR AY.34.1.1 OR AY.34.2 OR AY.35 OR AY.36 OR AY.36.1 OR AY.37 OR AY.38 OR AY.39 OR AY.39.1 OR AY.39.1.1 OR AY.39.1.2 OR AY.39.1.3 OR AY.39.1.4 OR AY.39.2 OR AY.39.3 OR AY.39.4 OR AY.40 OR AY.41 OR AY.42 OR AY.42.1 OR AY.43 OR AY.43.1 OR AY.43.2 OR AY.43.3 OR AY.43.4 OR AY.43.5 OR AY.43.6 OR AY.43.7 OR AY.43.8 OR AY.43.9 OR AY.44 OR AY.45 OR AY.46 OR AY.46.1 OR AY.46.2 OR AY.46.3 OR AY.46.4 OR AY.46.5 OR AY.46.6 OR AY.46.6.1 OR AY.47 OR AY.48 OR AY.49 OR AY.50 OR AY.51 OR AY.52 OR AY.53 OR AY.54 OR AY.55 OR AY.56 OR AY.57 OR AY.58 OR AY.59 OR AY.60 OR AY.61 OR AY.62 OR AY.63 OR AY.64 OR AY.65 OR AY.66 OR AY.67 OR AY.68 OR AY.69 OR AY.70 OR AY.71 OR AY.72 OR AY.73 OR AY.74 OR AY.75 OR AY.75.1 OR AY.75.2 OR AY.75.3 OR AY.76 OR AY.77 OR AY.78 OR AY.79 OR AY.80 OR AY.81 OR AY.82 OR AY.83 OR AY.84 OR AY.85 OR AY.86 OR AY.87 OR AY.88 OR AY.89 OR AY.90 OR AY.91 OR AY.91.1 OR AY.92 OR AY.93 OR AY.94 OR AY.95 OR AY.96 OR AY.97 OR AY.98 OR AY.98.1 OR AY.98.1.1 OR AY.99 OR AY.99.1 OR AY.99.2 OR AY.100 OR AY.101 OR AY.102 OR AY.102.1 OR AY.102.2 OR AY.103 OR AY.103.1 OR AY.103.2 OR AY.104 OR AY.105 OR AY.106 OR AY.107 OR AY.108 OR AY.109 OR AY.110 OR AY.111 OR AY.112 OR AY.112.1 OR AY.112.2 OR AY.112.3 OR AY.113 OR AY.114 OR AY.115 OR AY.116 OR AY.116.1 OR AY.117 OR AY.118 OR AY.119 OR AY.119.1 OR AY.119.2 OR AY.120 OR AY.120.1 OR AY.120.2 OR AY.120.2.1 OR AY.121 OR AY.121.1 OR AY.122 OR AY.122.1 OR AY.122.2 OR AY.122.3 OR AY.122.4 OR AY.122.5 OR AY.122.6 OR AY.123 OR AY.123.1 OR AY.124 OR AY.124.1 OR AY.124.1.1 OR AY.125 OR AY.125.1 OR AY.126 OR AY.127 OR AY.127.1 OR AY.127.2 OR AY.127.3 OR AY.128 OR AY.129 OR AY.130 OR AY.131 OR AY.132 OR AY.133 OR AY.134 OR B.1.617.2,Delta,129.571428571429,129.285714285714,0.997794928335171
2021-10-05,260,260,154.428571428571,154.428571428571,1,0.983847055821022,0.99999681664096,AY.1 OR AY.2 OR AY.3 OR AY.3.1 OR AY.3.2 OR AY.3.3 OR AY.3.4 OR AY.4 OR AY.4.1 OR AY.4.2 OR AY.4.2.1 OR AY.4.2.2 OR AY.4.2.3 OR AY.4.2.4 OR AY.4.2.5 OR AY.4.3 OR AY.4.4 OR AY.4.5 OR AY.4.6 OR AY.4.7 OR AY.4.8 OR AY.4.9 OR AY.4.10 OR AY.4.11 OR AY.4.12 OR AY.4.13 OR AY.4.14 OR AY.4.15 OR AY.4.16 OR AY.4.17 OR AY.5 OR AY.5.1 OR AY.5.2 OR AY.5.3 OR AY.5.4 OR AY.5.5 OR AY.5.6 OR AY.5.7 OR AY.6 OR AY.7 OR AY.7.1 OR AY.7.2 OR AY.8 OR AY.9 OR AY.9.1 OR AY.9.2 OR AY.9.2.1 OR AY.9.2.2 OR AY.10 OR AY.11 OR AY.12 OR AY.13 OR AY.14 OR AY.15 OR AY.16 OR AY.16.1 OR AY.17 OR AY.18 OR AY.19 OR AY.20 OR AY.20.1 OR AY.21 OR AY.22 OR AY.23 OR AY.23.1 OR AY.23.2 OR AY.24 OR AY.24.1 OR AY.25 OR AY.25.1 OR AY.25.1.1 OR AY.25.1.2 OR AY.25.2 OR AY.25.3 OR AY.26 OR AY.26.1 OR AY.27 OR AY.28 OR AY.29 OR AY.29.1 OR AY.29.2 OR AY.30 OR AY.31 OR AY.32 OR AY.33 OR AY.33.1 OR AY.33.2 OR AY.34 OR AY.34.1 OR AY.34.1.1 OR AY.34.2 OR AY.35 OR AY.36 OR AY.36.1 OR AY.37 OR AY.38 OR AY.39 OR AY.39.1 OR AY.39.1.1 OR AY.39.1.2 OR AY.39.1.3 OR AY.39.1.4 OR AY.39.2 OR AY.39.3 OR AY.39.4 OR AY.40 OR AY.41 OR AY.42 OR AY.42.1 OR AY.43 OR AY.43.1 OR AY.43.2 OR AY.43.3 OR AY.43.4 OR AY.43.5 OR AY.43.6 OR AY.43.7 OR AY.43.8 OR AY.43.9 OR AY.44 OR AY.45 OR AY.46 OR AY.46.1 OR AY.46.2 OR AY.46.3 OR AY.46.4 OR AY.46.5 OR AY.46.6 OR AY.46.6.1 OR AY.47 OR AY.48 OR AY.49 OR AY.50 OR AY.51 OR AY.52 OR AY.53 OR AY.54 OR AY.55 OR AY.56 OR AY.57 OR AY.58 OR AY.59 OR AY.60 OR AY.61 OR AY.62 OR AY.63 OR AY.64 OR AY.65 OR AY.66 OR AY.67 OR AY.68 OR AY.69 OR AY.70 OR AY.71 OR AY.72 OR AY.73 OR AY.74 OR AY.75 OR AY.75.1 OR AY.75.2 OR AY.75.3 OR AY.76 OR AY.77 OR AY.78 OR AY.79 OR AY.80 OR AY.81 OR AY.82 OR AY.83 OR AY.84 OR AY.85 OR AY.86 OR AY.87 OR AY.88 OR AY.89 OR AY.90 OR AY.91 OR AY.91.1 OR AY.92 OR AY.93 OR AY.94 OR AY.95 OR AY.96 OR AY.97 OR AY.98 OR AY.98.1 OR AY.98.1.1 OR AY.99 OR AY.99.1 OR AY.99.2 OR AY.100 OR AY.101 OR AY.102 OR AY.102.1 OR AY.102.2 OR AY.103 OR AY.103.1 OR AY.103.2 OR AY.104 OR AY.105 OR AY.106 OR AY.107 OR AY.108 OR AY.109 OR AY.110 OR AY.111 OR AY.112 OR AY.112.1 OR AY.112.2 OR AY.112.3 OR AY.113 OR AY.114 OR AY.115 OR AY.116 OR AY.116.1 OR AY.117 OR AY.118 OR AY.119 OR AY.119.1 OR AY.119.2 OR AY.120 OR AY.120.1 OR AY.120.2 OR AY.120.2.1 OR AY.121 OR AY.121.1 OR AY.122 OR AY.122.1 OR AY.122.2 OR AY.122.3 OR AY.122.4 OR AY.122.5 OR AY.122.6 OR AY.123 OR AY.123.1 OR AY.124 OR AY.124.1 OR AY.124.1.1 OR AY.125 OR AY.125.1 OR AY.126 OR AY.127 OR AY.127.1 OR AY.127.2 OR AY.127.3 OR AY.128 OR AY.129 OR AY.130 OR AY.131 OR AY.132 OR AY.133 OR AY.134 OR B.1.617.2,Delta,135.857142857143,135.642857142857,0.998422712933754
2021-10-06,210,210,162.714285714286,162.714285714286,1,0.984730730008889,0.999996992139393,AY.1 OR AY.2 OR AY.3 OR AY.3.1 OR AY.3.2 OR AY.3.3 OR AY.3.4 OR AY.4 OR AY.4.1 OR AY.4.2 OR AY.4.2.1 OR AY.4.2.2 OR AY.4.2.3 OR AY.4.2.4 OR AY.4.2.5 OR AY.4.3 OR AY.4.4 OR AY.4.5 OR AY.4.6 OR AY.4.7 OR AY.4.8 OR AY.4.9 OR AY.4.10 OR AY.4.11 OR AY.4.12 OR AY.4.13 OR AY.4.14 OR AY.4.15 OR AY.4.16 OR AY.4.17 OR AY.5 OR AY.5.1 OR AY.5.2 OR AY.5.3 OR AY.5.4 OR AY.5.5 OR AY.5.6 OR AY.5.7 OR AY.6 OR AY.7 OR AY.7.1 OR AY.7.2 OR AY.8 OR AY.9 OR AY.9.1 OR AY.9.2 OR AY.9.2.1 OR AY.9.2.2 OR AY.10 OR AY.11 OR AY.12 OR AY.13 OR AY.14 OR AY.15 OR AY.16 OR AY.16.1 OR AY.17 OR AY.18 OR AY.19 OR AY.20 OR AY.20.1 OR AY.21 OR AY.22 OR AY.23 OR AY.23.1 OR AY.23.2 OR AY.24 OR AY.24.1 OR AY.25 OR AY.25.1 OR AY.25.1.1 OR AY.25.1.2 OR AY.25.2 OR AY.25.3 OR AY.26 OR AY.26.1 OR AY.27 OR AY.28 OR AY.29 OR AY.29.1 OR AY.29.2 OR AY.30 OR AY.31 OR AY.32 OR AY.33 OR AY.33.1 OR AY.33.2 OR AY.34 OR AY.34.1 OR AY.34.1.1 OR AY.34.2 OR AY.35 OR AY.36 OR AY.36.1 OR AY.37 OR AY.38 OR AY.39 OR AY.39.1 OR AY.39.1.1 OR AY.39.1.2 OR AY.39.1.3 OR AY.39.1.4 OR AY.39.2 OR AY.39.3 OR AY.39.4 OR AY.40 OR AY.41 OR AY.42 OR AY.42.1 OR AY.43 OR AY.43.1 OR AY.43.2 OR AY.43.3 OR AY.43.4 OR AY.43.5 OR AY.43.6 OR AY.43.7 OR AY.43.8 OR AY.43.9 OR AY.44 OR AY.45 OR AY.46 OR AY.46.1 OR AY.46.2 OR AY.46.3 OR AY.46.4 OR AY.46.5 OR AY.46.6 OR AY.46.6.1 OR AY.47 OR AY.48 OR AY.49 OR AY.50 OR AY.51 OR AY.52 OR AY.53 OR AY.54 OR AY.55 OR AY.56 OR AY.57 OR AY.58 OR AY.59 OR AY.60 OR AY.61 OR AY.62 OR AY.63 OR AY.64 OR AY.65 OR AY.66 OR AY.67 OR AY.68 OR AY.69 OR AY.70 OR AY.71 OR AY.72 OR AY.73 OR AY.74 OR AY.75 OR AY.75.1 OR AY.75.2 OR AY.75.3 OR AY.76 OR AY.77 OR AY.78 OR AY.79 OR AY.80 OR AY.81 OR AY.82 OR AY.83 OR AY.84 OR AY.85 OR AY.86 OR AY.87 OR AY.88 OR AY.89 OR AY.90 OR AY.91 OR AY.91.1 OR AY.92 OR AY.93 OR AY.94 OR AY.95 OR AY.96 OR AY.97 OR AY.98 OR AY.98.1 OR AY.98.1.1 OR AY.99 OR AY.99.1 OR AY.99.2 OR AY.100 OR AY.101 OR AY.102 OR AY.102.1 OR AY.102.2 OR AY.103 OR AY.103.1 OR AY.103.2 OR AY.104 OR AY.105 OR AY.106 OR AY.107 OR AY.108 OR AY.109 OR AY.110 OR AY.111 OR AY.112 OR AY.112.1 OR AY.112.2 OR AY.112.3 OR AY.113 OR AY.114 OR AY.115 OR AY.116 OR AY.116.1 OR AY.117 OR AY.118 OR AY.119 OR AY.119.1 OR AY.119.2 OR AY.120 OR AY.120.1 OR AY.120.2 OR AY.120.2.1 OR AY.121 OR AY.121.1 OR AY.122 OR AY.122.1 OR AY.122.2 OR AY.122.3 OR AY.122.4 OR AY.122.5 OR AY.122.6 OR AY.123 OR AY.123.1 OR AY.124 OR AY.124.1 OR AY.124.1.1 OR AY.125 OR AY.125.1 OR AY.126 OR AY.127 OR AY.127.1 OR AY.127.2 OR AY.127.3 OR AY.128 OR AY.129 OR AY.130 OR AY.131 OR AY.132 OR AY.133 OR AY.134 OR B.1.617.2,Delta,140.5,140.357142857143,0.998983223182511
2021-10-07,183,183,164.428571428571,164.428571428571,1,0.984822983965334,0.999997010452021,AY.1 OR AY.2 OR AY.3 OR AY.3.1 OR AY.3.2 OR AY.3.3 OR AY.3.4 OR AY.4 OR AY.4.1 OR AY.4.2 OR AY.4.2.1 OR AY.4.2.2 OR AY.4.2.3 OR AY.4.2.4 OR AY.4.2.5 OR AY.4.3 OR AY.4.4 OR AY.4.5 OR AY.4.6 OR AY.4.7 OR AY.4.8 OR AY.4.9 OR AY.4.10 OR AY.4.11 OR AY.4.12 OR AY.4.13 OR AY.4.14 OR AY.4.15 OR AY.4.16 OR AY.4.17 OR AY.5 OR AY.5.1 OR AY.5.2 OR AY.5.3 OR AY.5.4 OR AY.5.5 OR AY.5.6 OR AY.5.7 OR AY.6 OR AY.7 OR AY.7.1 OR AY.7.2 OR AY.8 OR AY.9 OR AY.9.1 OR AY.9.2 OR AY.9.2.1 OR AY.9.2.2 OR AY.10 OR AY.11 OR AY.12 OR AY.13 OR AY.14 OR AY.15 OR AY.16 OR AY.16.1 OR AY.17 OR AY.18 OR AY.19 OR AY.20 OR AY.20.1 OR AY.21 OR AY.22 OR AY.23 OR AY.23.1 OR AY.23.2 OR AY.24 OR AY.24.1 OR AY.25 OR AY.25.1 OR AY.25.1.1 OR AY.25.1.2 OR AY.25.2 OR AY.25.3 OR AY.26 OR AY.26.1 OR AY.27 OR AY.28 OR AY.29 OR AY.29.1 OR AY.29.2 OR AY.30 OR AY.31 OR AY.32 OR AY.33 OR AY.33.1 OR AY.33.2 OR AY.34 OR AY.34.1 OR AY.34.1.1 OR AY.34.2 OR AY.35 OR AY.36 OR AY.36.1 OR AY.37 OR AY.38 OR AY.39 OR AY.39.1 OR AY.39.1.1 OR AY.39.1.2 OR AY.39.1.3 OR AY.39.1.4 OR AY.39.2 OR AY.39.3 OR AY.39.4 OR AY.40 OR AY.41 OR AY.42 OR AY.42.1 OR AY.43 OR AY.43.1 OR AY.43.2 OR AY.43.3 OR AY.43.4 OR AY.43.5 OR AY.43.6 OR AY.43.7 OR AY.43.8 OR AY.43.9 OR AY.44 OR AY.45 OR AY.46 OR AY.46.1 OR AY.46.2 OR AY.46.3 OR AY.46.4 OR AY.46.5 OR AY.46.6 OR AY.46.6.1 OR AY.47 OR AY.48 OR AY.49 OR AY.50 OR AY.51 OR AY.52 OR AY.53 OR AY.54 OR AY.55 OR AY.56 OR AY.57 OR AY.58 OR AY.59 OR AY.60 OR AY.61 OR AY.62 OR AY.63 OR AY.64 OR AY.65 OR AY.66 OR AY.67 OR AY.68 OR AY.69 OR AY.70 OR AY.71 OR AY.72 OR AY.73 OR AY.74 OR AY.75 OR AY.75.1 OR AY.75.2 OR AY.75.3 OR AY.76 OR AY.77 OR AY.78 OR AY.79 OR AY.80 OR AY.81 OR AY.82 OR AY.83 OR AY.84 OR AY.85 OR AY.86 OR AY.87 OR AY.88 OR AY.89 OR AY.90 OR AY.91 OR AY.91.1 OR AY.92 OR AY.93 OR AY.94 OR AY.95 OR AY.96 OR AY.97 OR AY.98 OR AY.98.1 OR AY.98.1.1 OR AY.99 OR AY.99.1 OR AY.99.2 OR AY.100 OR AY.101 OR AY.102 OR AY.102.1 OR AY.102.2 OR AY.103 OR AY.103.1 OR AY.103.2 OR AY.104 OR AY.105 OR AY.106 OR AY.107 OR AY.108 OR AY.109 OR AY.110 OR AY.111 OR AY.112 OR AY.112.1 OR AY.112.2 OR AY.112.3 OR AY.113 OR AY.114 OR AY.115 OR AY.116 OR AY.116.1 OR AY.117 OR AY.118 OR AY.119 OR AY.119.1 OR AY.119.2 OR AY.120 OR AY.120.1 OR AY.120.2 OR AY.120.2.1 OR AY.121 OR AY.121.1 OR AY.122 OR AY.122.1 OR AY.122.2 OR AY.122.3 OR AY.122.4 OR AY.122.5 OR AY.122.6 OR AY.123 OR AY.123.1 OR AY.124 OR AY.124.1 OR AY.124.1.1 OR AY.125 OR AY.125.1 OR AY.126 OR AY.127 OR AY.127.1 OR AY.127.2 OR AY.127.3 OR AY.128 OR AY.129 OR AY.130 OR AY.131 OR AY.132 OR AY.133 OR AY.134 OR B.1.617.2,Delta,141.857142857143,141.714285714286,0.998992950654582
2021-10-08,142,142,159.714285714286,159.714285714286,1,0.984447114090836,0.999996935830212,AY.1 OR AY.2 OR AY.3 OR AY.3.1 OR AY.3.2 OR AY.3.3 OR AY.3.4 OR AY.4 OR AY.4.1 OR AY.4.2 OR AY.4.2.1 OR AY.4.2.2 OR AY.4.2.3 OR AY.4.2.4 OR AY.4.2.5 OR AY.4.3 OR AY.4.4 OR AY.4.5 OR AY.4.6 OR AY.4.7 OR AY.4.8 OR AY.4.9 OR AY.4.10 OR AY.4.11 OR AY.4.12 OR AY.4.13 OR AY.4.14 OR AY.4.15 OR AY.4.16 OR AY.4.17 OR AY.5 OR AY.5.1 OR AY.5.2 OR AY.5.3 OR AY.5.4 OR AY.5.5 OR AY.5.6 OR AY.5.7 OR AY.6 OR AY.7 OR AY.7.1 OR AY.7.2 OR AY.8 OR AY.9 OR AY.9.1 OR AY.9.2 OR AY.9.2.1 OR AY.9.2.2 OR AY.10 OR AY.11 OR AY.12 OR AY.13 OR AY.14 OR AY.15 OR AY.16 OR AY.16.1 OR AY.17 OR AY.18 OR AY.19 OR AY.20 OR AY.20.1 OR AY.21 OR AY.22 OR AY.23 OR AY.23.1 OR AY.23.2 OR AY.24 OR AY.24.1 OR AY.25 OR AY.25.1 OR AY.25.1.1 OR AY.25.1.2 OR AY.25.2 OR AY.25.3 OR AY.26 OR AY.26.1 OR AY.27 OR AY.28 OR AY.29 OR AY.29.1 OR AY.29.2 OR AY.30 OR AY.31 OR AY.32 OR AY.33 OR AY.33.1 OR AY.33.2 OR AY.34 OR AY.34.1 OR AY.34.1.1 OR AY.34.2 OR AY.35 OR AY.36 OR AY.36.1 OR AY.37 OR AY.38 OR AY.39 OR AY.39.1 OR AY.39.1.1 OR AY.39.1.2 OR AY.39.1.3 OR AY.39.1.4 OR AY.39.2 OR AY.39.3 OR AY.39.4 OR AY.40 OR AY.41 OR AY.42 OR AY.42.1 OR AY.43 OR AY.43.1 OR AY.43.2 OR AY.43.3 OR AY.43.4 OR AY.43.5 OR AY.43.6 OR AY.43.7 OR AY.43.8 OR AY.43.9 OR AY.44 OR AY.45 OR AY.46 OR AY.46.1 OR AY.46.2 OR AY.46.3 OR AY.46.4 OR AY.46.5 OR AY.46.6 OR AY.46.6.1 OR AY.47 OR AY.48 OR AY.49 OR AY.50 OR AY.51 OR AY.52 OR AY.53 OR AY.54 OR AY.55 OR AY.56 OR AY.57 OR AY.58 OR AY.59 OR AY.60 OR AY.61 OR AY.62 OR AY.63 OR AY.64 OR AY.65 OR AY.66 OR AY.67 OR AY.68 OR AY.69 OR AY.70 OR AY.71 OR AY.72 OR AY.73 OR AY.74 OR AY.75 OR AY.75.1 OR AY.75.2 OR AY.75.3 OR AY.76 OR AY.77 OR AY.78 OR AY.79 OR AY.80 OR AY.81 OR AY.82 OR AY.83 OR AY.84 OR AY.85 OR AY.86 OR AY.87 OR AY.88 OR AY.89 OR AY.90 OR AY.91 OR AY.91.1 OR AY.92 OR AY.93 OR AY.94 OR AY.95 OR AY.96 OR AY.97 OR AY.98 OR AY.98.1 OR AY.98.1.1 OR AY.99 OR AY.99.1 OR AY.99.2 OR AY.100 OR AY.101 OR AY.102 OR AY.102.1 OR AY.102.2 OR AY.103 OR AY.103.1 OR AY.103.2 OR AY.104 OR AY.105 OR AY.106 OR AY.107 OR AY.108 OR AY.109 OR AY.110 OR AY.111 OR AY.112 OR AY.112.1 OR AY.112.2 OR AY.112.3 OR AY.113 OR AY.114 OR AY.115 OR AY.116 OR AY.116.1 OR AY.117 OR AY.118 OR AY.119 OR AY.119.1 OR AY.119.2 OR AY.120 OR AY.120.1 OR AY.120.2 OR AY.120.2.1 OR AY.121 OR AY.121.1 OR AY.122 OR AY.122.1 OR AY.122.2 OR AY.122.3 OR AY.122.4 OR AY.122.5 OR AY.122.6 OR AY.123 OR AY.123.1 OR AY.124 OR AY.124.1 OR AY.124.1.1 OR AY.125 OR AY.125.1 OR AY.126 OR AY.127 OR AY.127.1 OR AY.127.2 OR AY.127.3 OR AY.128 OR AY.129 OR AY.130 OR AY.131 OR AY.132 OR AY.133 OR AY.134 OR B.1.617.2,Delta,141.071428571429,140.928571428571,0.998987341772152
2021-10-09,146,146,169.428571428571,169.428571428571,1,0.985268023007667,0.999997098769215,AY.1 OR AY.2 OR AY.3 OR AY.3.1 OR AY.3.2 OR AY.3.3 OR AY.3.4 OR AY.4 OR AY.4.1 OR AY.4.2 OR AY.4.2.1 OR AY.4.2.2 OR AY.4.2.3 OR AY.4.2.4 OR AY.4.2.5 OR AY.4.3 OR AY.4.4 OR AY.4.5 OR AY.4.6 OR AY.4.7 OR AY.4.8 OR AY.4.9 OR AY.4.10 OR AY.4.11 OR AY.4.12 OR AY.4.13 OR AY.4.14 OR AY.4.15 OR AY.4.16 OR AY.4.17 OR AY.5 OR AY.5.1 OR AY.5.2 OR AY.5.3 OR AY.5.4 OR AY.5.5 OR AY.5.6 OR AY.5.7 OR AY.6 OR AY.7 OR AY.7.1 OR AY.7.2 OR AY.8 OR AY.9 OR AY.9.1 OR AY.9.2 OR AY.9.2.1 OR AY.9.2.2 OR AY.10 OR AY.11 OR AY.12 OR AY.13 OR AY.14 OR AY.15 OR AY.16 OR AY.16.1 OR AY.17 OR AY.18 OR AY.19 OR AY.20 OR AY.20.1 OR AY.21 OR AY.22 OR AY.23 OR AY.23.1 OR AY.23.2 OR AY.24 OR AY.24.1 OR AY.25 OR AY.25.1 OR AY.25.1.1 OR AY.25.1.2 OR AY.25.2 OR AY.25.3 OR AY.26 OR AY.26.1 OR AY.27 OR AY.28 OR AY.29 OR AY.29.1 OR AY.29.2 OR AY.30 OR AY.31 OR AY.32 OR AY.33 OR AY.33.1 OR AY.33.2 OR AY.34 OR AY.34.1 OR AY.34.1.1 OR AY.34.2 OR AY.35 OR AY.36 OR AY.36.1 OR AY.37 OR AY.38 OR AY.39 OR AY.39.1 OR AY.39.1.1 OR AY.39.1.2 OR AY.39.1.3 OR AY.39.1.4 OR AY.39.2 OR AY.39.3 OR AY.39.4 OR AY.40 OR AY.41 OR AY.42 OR AY.42.1 OR AY.43 OR AY.43.1 OR AY.43.2 OR AY.43.3 OR AY.43.4 OR AY.43.5 OR AY.43.6 OR AY.43.7 OR AY.43.8 OR AY.43.9 OR AY.44 OR AY.45 OR AY.46 OR AY.46.1 OR AY.46.2 OR AY.46.3 OR AY.46.4 OR AY.46.5 OR AY.46.6 OR AY.46.6.1 OR AY.47 OR AY.48 OR AY.49 OR AY.50 OR AY.51 OR AY.52 OR AY.53 OR AY.54 OR AY.55 OR AY.56 OR AY.57 OR AY.58 OR AY.59 OR AY.60 OR AY.61 OR AY.62 OR AY.63 OR AY.64 OR AY.65 OR AY.66 OR AY.67 OR AY.68 OR AY.69 OR AY.70 OR AY.71 OR AY.72 OR AY.73 OR AY.74 OR AY.75 OR AY.75.1 OR AY.75.2 OR AY.75.3 OR AY.76 OR AY.77 OR AY.78 OR AY.79 OR AY.80 OR AY.81 OR AY.82 OR AY.83 OR AY.84 OR AY.85 OR AY.86 OR AY.87 OR AY.88 OR AY.89 OR AY.90 OR AY.91 OR AY.91.1 OR AY.92 OR AY.93 OR AY.94 OR AY.95 OR AY.96 OR AY.97 OR AY.98 OR AY.98.1 OR AY.98.1.1 OR AY.99 OR AY.99.1 OR AY.99.2 OR AY.100 OR AY.101 OR AY.102 OR AY.102.1 OR AY.102.2 OR AY.103 OR AY.103.1 OR AY.103.2 OR AY.104 OR AY.105 OR AY.106 OR AY.107 OR AY.108 OR AY.109 OR AY.110 OR AY.111 OR AY.112 OR AY.112.1 OR AY.112.2 OR AY.112.3 OR AY.113 OR AY.114 OR AY.115 OR AY.116 OR AY.116.1 OR AY.117 OR AY.118 OR AY.119 OR AY.119.1 OR AY.119.2 OR AY.120 OR AY.120.1 OR AY.120.2 OR AY.120.2.1 OR AY.121 OR AY.121.1 OR AY.122 OR AY.122.1 OR AY.122.2 OR AY.122.3 OR AY.122.4 OR AY.122.5 OR AY.122.6 OR AY.123 OR AY.123.1 OR AY.124 OR AY.124.1 OR AY.124.1.1 OR AY.125 OR AY.125.1 OR AY.126 OR AY.127 OR AY.127.1 OR AY.127.2 OR AY.127.3 OR AY.128 OR AY.129 OR AY.130 OR AY.131 OR AY.132 OR AY.133 OR AY.134 OR B.1.617.2,Delta,146.785714285714,146.642857142857,0.999026763990268
2021-10-10,69,69,171.571428571429,171.571428571429,1,0.98552273531304,0.999997149298454,AY.1 OR AY.2 OR AY.3 OR AY.3.1 OR AY.3.2 OR AY.3.3 OR AY.3.4 OR AY.4 OR AY.4.1 OR AY.4.2 OR AY.4.2.1 OR AY.4.2.2 OR AY.4.2.3 OR AY.4.2.4 OR AY.4.2.5 OR AY.4.3 OR AY.4.4 OR AY.4.5 OR AY.4.6 OR AY.4.7 OR AY.4.8 OR AY.4.9 OR AY.4.10 OR AY.4.11 OR AY.4.12 OR AY.4.13 OR AY.4.14 OR AY.4.15 OR AY.4.16 OR AY.4.17 OR AY.5 OR AY.5.1 OR AY.5.2 OR AY.5.3 OR AY.5.4 OR AY.5.5 OR AY.5.6 OR AY.5.7 OR AY.6 OR AY.7 OR AY.7.1 OR AY.7.2 OR AY.8 OR AY.9 OR AY.9.1 OR AY.9.2 OR AY.9.2.1 OR AY.9.2.2 OR AY.10 OR AY.11 OR AY.12 OR AY.13 OR AY.14 OR AY.15 OR AY.16 OR AY.16.1 OR AY.17 OR AY.18 OR AY.19 OR AY.20 OR AY.20.1 OR AY.21 OR AY.22 OR AY.23 OR AY.23.1 OR AY.23.2 OR AY.24 OR AY.24.1 OR AY.25 OR AY.25.1 OR AY.25.1.1 OR AY.25.1.2 OR AY.25.2 OR AY.25.3 OR AY.26 OR AY.26.1 OR AY.27 OR AY.28 OR AY.29 OR AY.29.1 OR AY.29.2 OR AY.30 OR AY.31 OR AY.32 OR AY.33 OR AY.33.1 OR AY.33.2 OR AY.34 OR AY.34.1 OR AY.34.1.1 OR AY.34.2 OR AY.35 OR AY.36 OR AY.36.1 OR AY.37 OR AY.38 OR AY.39 OR AY.39.1 OR AY.39.1.1 OR AY.39.1.2 OR AY.39.1.3 OR AY.39.1.4 OR AY.39.2 OR AY.39.3 OR AY.39.4 OR AY.40 OR AY.41 OR AY.42 OR AY.42.1 OR AY.43 OR AY.43.1 OR AY.43.2 OR AY.43.3 OR AY.43.4 OR AY.43.5 OR AY.43.6 OR AY.43.7 OR AY.43.8 OR AY.43.9 OR AY.44 OR AY.45 OR AY.46 OR AY.46.1 OR AY.46.2 OR AY.46.3 OR AY.46.4 OR AY.46.5 OR AY.46.6 OR AY.46.6.1 OR AY.47 OR AY.48 OR AY.49 OR AY.50 OR AY.51 OR AY.52 OR AY.53 OR AY.54 OR AY.55 OR AY.56 OR AY.57 OR AY.58 OR AY.59 OR AY.60 OR AY.61 OR AY.62 OR AY.63 OR AY.64 OR AY.65 OR AY.66 OR AY.67 OR AY.68 OR AY.69 OR AY.70 OR AY.71 OR AY.72 OR AY.73 OR AY.74 OR AY.75 OR AY.75.1 OR AY.75.2 OR AY.75.3 OR AY.76 OR AY.77 OR AY.78 OR AY.79 OR AY.80 OR AY.81 OR AY.82 OR AY.83 OR AY.84 OR AY.85 OR AY.86 OR AY.87 OR AY.88 OR AY.89 OR AY.90 OR AY.91 OR AY.91.1 OR AY.92 OR AY.93 OR AY.94 OR AY.95 OR AY.96 OR AY.97 OR AY.98 OR AY.98.1 OR AY.98.1.1 OR AY.99 OR AY.99.1 OR AY.99.2 OR AY.100 OR AY.101 OR AY.102 OR AY.102.1 OR AY.102.2 OR AY.103 OR AY.103.1 OR AY.103.2 OR AY.104 OR AY.105 OR AY.106 OR AY.107 OR AY.108 OR AY.109 OR AY.110 OR AY.111 OR AY.112 OR AY.112.1 OR AY.112.2 OR AY.112.3 OR AY.113 OR AY.114 OR AY.115 OR AY.116 OR AY.116.1 OR AY.117 OR AY.118 OR AY.119 OR AY.119.1 OR AY.119.2 OR AY.120 OR AY.120.1 OR AY.120.2 OR AY.120.2.1 OR AY.121 OR AY.121.1 OR AY.122 OR AY.122.1 OR AY.122.2 OR AY.122.3 OR AY.122.4 OR AY.122.5 OR AY.122.6 OR AY.123 OR AY.123.1 OR AY.124 OR AY.124.1 OR AY.124.1.1 OR AY.125 OR AY.125.1 OR AY.126 OR AY.127 OR AY.127.1 OR AY.127.2 OR AY.127.3 OR AY.128 OR AY.129 OR AY.130 OR AY.131 OR AY.132 OR AY.133 OR AY.134 OR B.1.617.2,Delta,149.214285714286,149.071428571429,0.999042604116802
2021-10-11,215,215,175,175,1,0.985768789660657,0.999997198097741,AY.1 OR AY.2 OR AY.3 OR AY.3.1 OR AY.3.2 OR AY.3.3 OR AY.3.4 OR AY.4 OR AY.4.1 OR AY.4.2 OR AY.4.2.1 OR AY.4.2.2 OR AY.4.2.3 OR AY.4.2.4 OR AY.4.2.5 OR AY.4.3 OR AY.4.4 OR AY.4.5 OR AY.4.6 OR AY.4.7 OR AY.4.8 OR AY.4.9 OR AY.4.10 OR AY.4.11 OR AY.4.12 OR AY.4.13 OR AY.4.14 OR AY.4.15 OR AY.4.16 OR AY.4.17 OR AY.5 OR AY.5.1 OR AY.5.2 OR AY.5.3 OR AY.5.4 OR AY.5.5 OR AY.5.6 OR AY.5.7 OR AY.6 OR AY.7 OR AY.7.1 OR AY.7.2 OR AY.8 OR AY.9 OR AY.9.1 OR AY.9.2 OR AY.9.2.1 OR AY.9.2.2 OR AY.10 OR AY.11 OR AY.12 OR AY.13 OR AY.14 OR AY.15 OR AY.16 OR AY.16.1 OR AY.17 OR AY.18 OR AY.19 OR AY.20 OR AY.20.1 OR AY.21 OR AY.22 OR AY.23 OR AY.23.1 OR AY.23.2 OR AY.24 OR AY.24.1 OR AY.25 OR AY.25.1 OR AY.25.1.1 OR AY.25.1.2 OR AY.25.2 OR AY.25.3 OR AY.26 OR AY.26.1 OR AY.27 OR AY.28 OR AY.29 OR AY.29.1 OR AY.29.2 OR AY.30 OR AY.31 OR AY.32 OR AY.33 OR AY.33.1 OR AY.33.2 OR AY.34 OR AY.34.1 OR AY.34.1.1 OR AY.34.2 OR AY.35 OR AY.36 OR AY.36.1 OR AY.37 OR AY.38 OR AY.39 OR AY.39.1 OR AY.39.1.1 OR AY.39.1.2 OR AY.39.1.3 OR AY.39.1.4 OR AY.39.2 OR AY.39.3 OR AY.39.4 OR AY.40 OR AY.41 OR AY.42 OR AY.42.1 OR AY.43 OR AY.43.1 OR AY.43.2 OR AY.43.3 OR AY.43.4 OR AY.43.5 OR AY.43.6 OR AY.43.7 OR AY.43.8 OR AY.43.9 OR AY.44 OR AY.45 OR AY.46 OR AY.46.1 OR AY.46.2 OR AY.46.3 OR AY.46.4 OR AY.46.5 OR AY.46.6 OR AY.46.6.1 OR AY.47 OR AY.48 OR AY.49 OR AY.50 OR AY.51 OR AY.52 OR AY.53 OR AY.54 OR AY.55 OR AY.56 OR AY.57 OR AY.58 OR AY.59 OR AY.60 OR AY.61 OR AY.62 OR AY.63 OR AY.64 OR AY.65 OR AY.66 OR AY.67 OR AY.68 OR AY.69 OR AY.70 OR AY.71 OR AY.72 OR AY.73 OR AY.74 OR AY.75 OR AY.75.1 OR AY.75.2 OR AY.75.3 OR AY.76 OR AY.77 OR AY.78 OR AY.79 OR AY.80 OR AY.81 OR AY.82 OR AY.83 OR AY.84 OR AY.85 OR AY.86 OR AY.87 OR AY.88 OR AY.89 OR AY.90 OR AY.91 OR AY.91.1 OR AY.92 OR AY.93 OR AY.94 OR AY.95 OR AY.96 OR AY.97 OR AY.98 OR AY.98.1 OR AY.98.1.1 OR AY.99 OR AY.99.1 OR AY.99.2 OR AY.100 OR AY.101 OR AY.102 OR AY.102.1 OR AY.102.2 OR AY.103 OR AY.103.1 OR AY.103.2 OR AY.104 OR AY.105 OR AY.106 OR AY.107 OR AY.108 OR AY.109 OR AY.110 OR AY.111 OR AY.112 OR AY.112.1 OR AY.112.2 OR AY.112.3 OR AY.113 OR AY.114 OR AY.115 OR AY.116 OR AY.116.1 OR AY.117 OR AY.118 OR AY.119 OR AY.119.1 OR AY.119.2 OR AY.120 OR AY.120.1 OR AY.120.2 OR AY.120.2.1 OR AY.121 OR AY.121.1 OR AY.122 OR AY.122.1 OR AY.122.2 OR AY.122.3 OR AY.122.4 OR AY.122.5 OR AY.122.6 OR AY.123 OR AY.123.1 OR AY.124 OR AY.124.1 OR AY.124.1.1 OR AY.125 OR AY.125.1 OR AY.126 OR AY.127 OR AY.127.1 OR AY.127.2 OR AY.127.3 OR AY.128 OR AY.129 OR AY.130 OR AY.131 OR AY.132 OR AY.133 OR AY.134 OR B.1.617.2,Delta,155.428571428571,155.428571428571,1
2021-10-12,175,175,162.857142857143,162.857142857143,1,0.984730730008889,0.999996992139393,AY.1 OR AY.2 OR AY.3 OR AY.3.1 OR AY.3.2 OR AY.3.3 OR AY.3.4 OR AY.4 OR AY.4.1 OR AY.4.2 OR AY.4.2.1 OR AY.4.2.2 OR AY.4.2.3 OR AY.4.2.4 OR AY.4.2.5 OR AY.4.3 OR AY.4.4 OR AY.4.5 OR AY.4.6 OR AY.4.7 OR AY.4.8 OR AY.4.9 OR AY.4.10 OR AY.4.11 OR AY.4.12 OR AY.4.13 OR AY.4.14 OR AY.4.15 OR AY.4.16 OR AY.4.17 OR AY.5 OR AY.5.1 OR AY.5.2 OR AY.5.3 OR AY.5.4 OR AY.5.5 OR AY.5.6 OR AY.5.7 OR AY.6 OR AY.7 OR AY.7.1 OR AY.7.2 OR AY.8 OR AY.9 OR AY.9.1 OR AY.9.2 OR AY.9.2.1 OR AY.9.2.2 OR AY.10 OR AY.11 OR AY.12 OR AY.13 OR AY.14 OR AY.15 OR AY.16 OR AY.16.1 OR AY.17 OR AY.18 OR AY.19 OR AY.20 OR AY.20.1 OR AY.21 OR AY.22 OR AY.23 OR AY.23.1 OR AY.23.2 OR AY.24 OR AY.24.1 OR AY.25 OR AY.25.1 OR AY.25.1.1 OR AY.25.1.2 OR AY.25.2 OR AY.25.3 OR AY.26 OR AY.26.1 OR AY.27 OR AY.28 OR AY.29 OR AY.29.1 OR AY.29.2 OR AY.30 OR AY.31 OR AY.32 OR AY.33 OR AY.33.1 OR AY.33.2 OR AY.34 OR AY.34.1 OR AY.34.1.1 OR AY.34.2 OR AY.35 OR AY.36 OR AY.36.1 OR AY.37 OR AY.38 OR AY.39 OR AY.39.1 OR AY.39.1.1 OR AY.39.1.2 OR AY.39.1.3 OR AY.39.1.4 OR AY.39.2 OR AY.39.3 OR AY.39.4 OR AY.40 OR AY.41 OR AY.42 OR AY.42.1 OR AY.43 OR AY.43.1 OR AY.43.2 OR AY.43.3 OR AY.43.4 OR AY.43.5 OR AY.43.6 OR AY.43.7 OR AY.43.8 OR AY.43.9 OR AY.44 OR AY.45 OR AY.46 OR AY.46.1 OR AY.46.2 OR AY.46.3 OR AY.46.4 OR AY.46.5 OR AY.46.6 OR AY.46.6.1 OR AY.47 OR AY.48 OR AY.49 OR AY.50 OR AY.51 OR AY.52 OR AY.53 OR AY.54 OR AY.55 OR AY.56 OR AY.57 OR AY.58 OR AY.59 OR AY.60 OR AY.61 OR AY.62 OR AY.63 OR AY.64 OR AY.65 OR AY.66 OR AY.67 OR AY.68 OR AY.69 OR AY.70 OR AY.71 OR AY.72 OR AY.73 OR AY.74 OR AY.75 OR AY.75.1 OR AY.75.2 OR AY.75.3 OR AY.76 OR AY.77 OR AY.78 OR AY.79 OR AY.80 OR AY.81 OR AY.82 OR AY.83 OR AY.84 OR AY.85 OR AY.86 OR AY.87 OR AY.88 OR AY.89 OR AY.90 OR AY.91 OR AY.91.1 OR AY.92 OR AY.93 OR AY.94 OR AY.95 OR AY.96 OR AY.97 OR AY.98 OR AY.98.1 OR AY.98.1.1 OR AY.99 OR AY.99.1 OR AY.99.2 OR AY.100 OR AY.101 OR AY.102 OR AY.102.1 OR AY.102.2 OR AY.103 OR AY.103.1 OR AY.103.2 OR AY.104 OR AY.105 OR AY.106 OR AY.107 OR AY.108 OR AY.109 OR AY.110 OR AY.111 OR AY.112 OR AY.112.1 OR AY.112.2 OR AY.112.3 OR AY.113 OR AY.114 OR AY.115 OR AY.116 OR AY.116.1 OR AY.117 OR AY.118 OR AY.119 OR AY.119.1 OR AY.119.2 OR AY.120 OR AY.120.1 OR AY.120.2 OR AY.120.2.1 OR AY.121 OR AY.121.1 OR AY.122 OR AY.122.1 OR AY.122.2 OR AY.122.3 OR AY.122.4 OR AY.122.5 OR AY.122.6 OR AY.123 OR AY.123.1 OR AY.124 OR AY.124.1 OR AY.124.1.1 OR AY.125 OR AY.125.1 OR AY.126 OR AY.127 OR AY.127.1 OR AY.127.2 OR AY.127.3 OR AY.128 OR AY.129 OR AY.130 OR AY.131 OR AY.132 OR AY.133 OR AY.134 OR B.1.617.2,Delta,158.642857142857,158.642857142857,1
2021-10-13,203,203,161.857142857143,161.857142857143,1,0.984637347682779,0.999996973601032,AY.1 OR AY.2 OR AY.3 OR AY.3.1 OR AY.3.2 OR AY.3.3 OR AY.3.4 OR AY.4 OR AY.4.1 OR AY.4.2 OR AY.4.2.1 OR AY.4.2.2 OR AY.4.2.3 OR AY.4.2.4 OR AY.4.2.5 OR AY.4.3 OR AY.4.4 OR AY.4.5 OR AY.4.6 OR AY.4.7 OR AY.4.8 OR AY.4.9 OR AY.4.10 OR AY.4.11 OR AY.4.12 OR AY.4.13 OR AY.4.14 OR AY.4.15 OR AY.4.16 OR AY.4.17 OR AY.5 OR AY.5.1 OR AY.5.2 OR AY.5.3 OR AY.5.4 OR AY.5.5 OR AY.5.6 OR AY.5.7 OR AY.6 OR AY.7 OR AY.7.1 OR AY.7.2 OR AY.8 OR AY.9 OR AY.9.1 OR AY.9.2 OR AY.9.2.1 OR AY.9.2.2 OR AY.10 OR AY.11 OR AY.12 OR AY.13 OR AY.14 OR AY.15 OR AY.16 OR AY.16.1 OR AY.17 OR AY.18 OR AY.19 OR AY.20 OR AY.20.1 OR AY.21 OR AY.22 OR AY.23 OR AY.23.1 OR AY.23.2 OR AY.24 OR AY.24.1 OR AY.25 OR AY.25.1 OR AY.25.1.1 OR AY.25.1.2 OR AY.25.2 OR AY.25.3 OR AY.26 OR AY.26.1 OR AY.27 OR AY.28 OR AY.29 OR AY.29.1 OR AY.29.2 OR AY.30 OR AY.31 OR AY.32 OR AY.33 OR AY.33.1 OR AY.33.2 OR AY.34 OR AY.34.1 OR AY.34.1.1 OR AY.34.2 OR AY.35 OR AY.36 OR AY.36.1 OR AY.37 OR AY.38 OR AY.39 OR AY.39.1 OR AY.39.1.1 OR AY.39.1.2 OR AY.39.1.3 OR AY.39.1.4 OR AY.39.2 OR AY.39.3 OR AY.39.4 OR AY.40 OR AY.41 OR AY.42 OR AY.42.1 OR AY.43 OR AY.43.1 OR AY.43.2 OR AY.43.3 OR AY.43.4 OR AY.43.5 OR AY.43.6 OR AY.43.7 OR AY.43.8 OR AY.43.9 OR AY.44 OR AY.45 OR AY.46 OR AY.46.1 OR AY.46.2 OR AY.46.3 OR AY.46.4 OR AY.46.5 OR AY.46.6 OR AY.46.6.1 OR AY.47 OR AY.48 OR AY.49 OR AY.50 OR AY.51 OR AY.52 OR AY.53 OR AY.54 OR AY.55 OR AY.56 OR AY.57 OR AY.58 OR AY.59 OR AY.60 OR AY.61 OR AY.62 OR AY.63 OR AY.64 OR AY.65 OR AY.66 OR AY.67 OR AY.68 OR AY.69 OR AY.70 OR AY.71 OR AY.72 OR AY.73 OR AY.74 OR AY.75 OR AY.75.1 OR AY.75.2 OR AY.75.3 OR AY.76 OR AY.77 OR AY.78 OR AY.79 OR AY.80 OR AY.81 OR AY.82 OR AY.83 OR AY.84 OR AY.85 OR AY.86 OR AY.87 OR AY.88 OR AY.89 OR AY.90 OR AY.91 OR AY.91.1 OR AY.92 OR AY.93 OR AY.94 OR AY.95 OR AY.96 OR AY.97 OR AY.98 OR AY.98.1 OR AY.98.1.1 OR AY.99 OR AY.99.1 OR AY.99.2 OR AY.100 OR AY.101 OR AY.102 OR AY.102.1 OR AY.102.2 OR AY.103 OR AY.103.1 OR AY.103.2 OR AY.104 OR AY.105 OR AY.106 OR AY.107 OR AY.108 OR AY.109 OR AY.110 OR AY.111 OR AY.112 OR AY.112.1 OR AY.112.2 OR AY.112.3 OR AY.113 OR AY.114 OR AY.115 OR AY.116 OR AY.116.1 OR AY.117 OR AY.118 OR AY.119 OR AY.119.1 OR AY.119.2 OR AY.120 OR AY.120.1 OR AY.120.2 OR AY.120.2.1 OR AY.121 OR AY.121.1 OR AY.122 OR AY.122.1 OR AY.122.2 OR AY.122.3 OR AY.122.4 OR AY.122.5 OR AY.122.6 OR AY.123 OR AY.123.1 OR AY.124 OR AY.124.1 OR AY.124.1.1 OR AY.125 OR AY.125.1 OR AY.126 OR AY.127 OR AY.127.1 OR AY.127.2 OR AY.127.3 OR AY.128 OR AY.129 OR AY.130 OR AY.131 OR AY.132 OR AY.133 OR AY.134 OR B.1.617.2,Delta,162.285714285714,162.285714285714,1
2021-10-14,191,191,163,163,1,0.984730730008889,0.999996992139393,AY.1 OR AY.2 OR AY.3 OR AY.3.1 OR AY.3.2 OR AY.3.3 OR AY.3.4 OR AY.4 OR AY.4.1 OR AY.4.2 OR AY.4.2.1 OR AY.4.2.2 OR AY.4.2.3 OR AY.4.2.4 OR AY.4.2.5 OR AY.4.3 OR AY.4.4 OR AY.4.5 OR AY.4.6 OR AY.4.7 OR AY.4.8 OR AY.4.9 OR AY.4.10 OR AY.4.11 OR AY.4.12 OR AY.4.13 OR AY.4.14 OR AY.4.15 OR AY.4.16 OR AY.4.17 OR AY.5 OR AY.5.1 OR AY.5.2 OR AY.5.3 OR AY.5.4 OR AY.5.5 OR AY.5.6 OR AY.5.7 OR AY.6 OR AY.7 OR AY.7.1 OR AY.7.2 OR AY.8 OR AY.9 OR AY.9.1 OR AY.9.2 OR AY.9.2.1 OR AY.9.2.2 OR AY.10 OR AY.11 OR AY.12 OR AY.13 OR AY.14 OR AY.15 OR AY.16 OR AY.16.1 OR AY.17 OR AY.18 OR AY.19 OR AY.20 OR AY.20.1 OR AY.21 OR AY.22 OR AY.23 OR AY.23.1 OR AY.23.2 OR AY.24 OR AY.24.1 OR AY.25 OR AY.25.1 OR AY.25.1.1 OR AY.25.1.2 OR AY.25.2 OR AY.25.3 OR AY.26 OR AY.26.1 OR AY.27 OR AY.28 OR AY.29 OR AY.29.1 OR AY.29.2 OR AY.30 OR AY.31 OR AY.32 OR AY.33 OR AY.33.1 OR AY.33.2 OR AY.34 OR AY.34.1 OR AY.34.1.1 OR AY.34.2 OR AY.35 OR AY.36 OR AY.36.1 OR AY.37 OR AY.38 OR AY.39 OR AY.39.1 OR AY.39.1.1 OR AY.39.1.2 OR AY.39.1.3 OR AY.39.1.4 OR AY.39.2 OR AY.39.3 OR AY.39.4 OR AY.40 OR AY.41 OR AY.42 OR AY.42.1 OR AY.43 OR AY.43.1 OR AY.43.2 OR AY.43.3 OR AY.43.4 OR AY.43.5 OR AY.43.6 OR AY.43.7 OR AY.43.8 OR AY.43.9 OR AY.44 OR AY.45 OR AY.46 OR AY.46.1 OR AY.46.2 OR AY.46.3 OR AY.46.4 OR AY.46.5 OR AY.46.6 OR AY.46.6.1 OR AY.47 OR AY.48 OR AY.49 OR AY.50 OR AY.51 OR AY.52 OR AY.53 OR AY.54 OR AY.55 OR AY.56 OR AY.57 OR AY.58 OR AY.59 OR AY.60 OR AY.61 OR AY.62 OR AY.63 OR AY.64 OR AY.65 OR AY.66 OR AY.67 OR AY.68 OR AY.69 OR AY.70 OR AY.71 OR AY.72 OR AY.73 OR AY.74 OR AY.75 OR AY.75.1 OR AY.75.2 OR AY.75.3 OR AY.76 OR AY.77 OR AY.78 OR AY.79 OR AY.80 OR AY.81 OR AY.82 OR AY.83 OR AY.84 OR AY.85 OR AY.86 OR AY.87 OR AY.88 OR AY.89 OR AY.90 OR AY.91 OR AY.91.1 OR AY.92 OR AY.93 OR AY.94 OR AY.95 OR AY.96 OR AY.97 OR AY.98 OR AY.98.1 OR AY.98.1.1 OR AY.99 OR AY.99.1 OR AY.99.2 OR AY.100 OR AY.101 OR AY.102 OR AY.102.1 OR AY.102.2 OR AY.103 OR AY.103.1 OR AY.103.2 OR AY.104 OR AY.105 OR AY.106 OR AY.107 OR AY.108 OR AY.109 OR AY.110 OR AY.111 OR AY.112 OR AY.112.1 OR AY.112.2 OR AY.112.3 OR AY.113 OR AY.114 OR AY.115 OR AY.116 OR AY.116.1 OR AY.117 OR AY.118 OR AY.119 OR AY.119.1 OR AY.119.2 OR AY.120 OR AY.120.1 OR AY.120.2 OR AY.120.2.1 OR AY.121 OR AY.121.1 OR AY.122 OR AY.122.1 OR AY.122.2 OR AY.122.3 OR AY.122.4 OR AY.122.5 OR AY.122.6 OR AY.123 OR AY.123.1 OR AY.124 OR AY.124.1 OR AY.124.1.1 OR AY.125 OR AY.125.1 OR AY.126 OR AY.127 OR AY.127.1 OR AY.127.2 OR AY.127.3 OR AY.128 OR AY.129 OR AY.130 OR AY.131 OR AY.132 OR AY.133 OR AY.134 OR B.1.617.2,Delta,163.714285714286,163.714285714286,1
2021-10-15,145,145,163.428571428571,163.428571428571,1,0.984730730008889,0.999996992139393,AY.1 OR AY.2 OR AY.3 OR AY.3.1 OR AY.3.2 OR AY.3.3 OR AY.3.4 OR AY.4 OR AY.4.1 OR AY.4.2 OR AY.4.2.1 OR AY.4.2.2 OR AY.4.2.3 OR AY.4.2.4 OR AY.4.2.5 OR AY.4.3 OR AY.4.4 OR AY.4.5 OR AY.4.6 OR AY.4.7 OR AY.4.8 OR AY.4.9 OR AY.4.10 OR AY.4.11 OR AY.4.12 OR AY.4.13 OR AY.4.14 OR AY.4.15 OR AY.4.16 OR AY.4.17 OR AY.5 OR AY.5.1 OR AY.5.2 OR AY.5.3 OR AY.5.4 OR AY.5.5 OR AY.5.6 OR AY.5.7 OR AY.6 OR AY.7 OR AY.7.1 OR AY.7.2 OR AY.8 OR AY.9 OR AY.9.1 OR AY.9.2 OR AY.9.2.1 OR AY.9.2.2 OR AY.10 OR AY.11 OR AY.12 OR AY.13 OR AY.14 OR AY.15 OR AY.16 OR AY.16.1 OR AY.17 OR AY.18 OR AY.19 OR AY.20 OR AY.20.1 OR AY.21 OR AY.22 OR AY.23 OR AY.23.1 OR AY.23.2 OR AY.24 OR AY.24.1 OR AY.25 OR AY.25.1 OR AY.25.1.1 OR AY.25.1.2 OR AY.25.2 OR AY.25.3 OR AY.26 OR AY.26.1 OR AY.27 OR AY.28 OR AY.29 OR AY.29.1 OR AY.29.2 OR AY.30 OR AY.31 OR AY.32 OR AY.33 OR AY.33.1 OR AY.33.2 OR AY.34 OR AY.34.1 OR AY.34.1.1 OR AY.34.2 OR AY.35 OR AY.36 OR AY.36.1 OR AY.37 OR AY.38 OR AY.39 OR AY.39.1 OR AY.39.1.1 OR AY.39.1.2 OR AY.39.1.3 OR AY.39.1.4 OR AY.39.2 OR AY.39.3 OR AY.39.4 OR AY.40 OR AY.41 OR AY.42 OR AY.42.1 OR AY.43 OR AY.43.1 OR AY.43.2 OR AY.43.3 OR AY.43.4 OR AY.43.5 OR AY.43.6 OR AY.43.7 OR AY.43.8 OR AY.43.9 OR AY.44 OR AY.45 OR AY.46 OR AY.46.1 OR AY.46.2 OR AY.46.3 OR AY.46.4 OR AY.46.5 OR AY.46.6 OR AY.46.6.1 OR AY.47 OR AY.48 OR AY.49 OR AY.50 OR AY.51 OR AY.52 OR AY.53 OR AY.54 OR AY.55 OR AY.56 OR AY.57 OR AY.58 OR AY.59 OR AY.60 OR AY.61 OR AY.62 OR AY.63 OR AY.64 OR AY.65 OR AY.66 OR AY.67 OR AY.68 OR AY.69 OR AY.70 OR AY.71 OR AY.72 OR AY.73 OR AY.74 OR AY.75 OR AY.75.1 OR AY.75.2 OR AY.75.3 OR AY.76 OR AY.77 OR AY.78 OR AY.79 OR AY.80 OR AY.81 OR AY.82 OR AY.83 OR AY.84 OR AY.85 OR AY.86 OR AY.87 OR AY.88 OR AY.89 OR AY.90 OR AY.91 OR AY.91.1 OR AY.92 OR AY.93 OR AY.94 OR AY.95 OR AY.96 OR AY.97 OR AY.98 OR AY.98.1 OR AY.98.1.1 OR AY.99 OR AY.99.1 OR AY.99.2 OR AY.100 OR AY.101 OR AY.102 OR AY.102.1 OR AY.102.2 OR AY.103 OR AY.103.1 OR AY.103.2 OR AY.104 OR AY.105 OR AY.106 OR AY.107 OR AY.108 OR AY.109 OR AY.110 OR AY.111 OR AY.112 OR AY.112.1 OR AY.112.2 OR AY.112.3 OR AY.113 OR AY.114 OR AY.115 OR AY.116 OR AY.116.1 OR AY.117 OR AY.118 OR AY.119 OR AY.119.1 OR AY.119.2 OR AY.120 OR AY.120.1 OR AY.120.2 OR AY.120.2.1 OR AY.121 OR AY.121.1 OR AY.122 OR AY.122.1 OR AY.122.2 OR AY.122.3 OR AY.122.4 OR AY.122.5 OR AY.122.6 OR AY.123 OR AY.123.1 OR AY.124 OR AY.124.1 OR AY.124.1.1 OR AY.125 OR AY.125.1 OR AY.126 OR AY.127 OR AY.127.1 OR AY.127.2 OR AY.127.3 OR AY.128 OR AY.129 OR AY.130 OR AY.131 OR AY.132 OR AY.133 OR AY.134 OR B.1.617.2,Delta,161.571428571429,161.571428571429,1
2021-10-16,111,111,158.428571428571,158.428571428571,1,0.984252110273026,0.999996897104683,AY.1 OR AY.2 OR AY.3 OR AY.3.1 OR AY.3.2 OR AY.3.3 OR AY.3.4 OR AY.4 OR AY.4.1 OR AY.4.2 OR AY.4.2.1 OR AY.4.2.2 OR AY.4.2.3 OR AY.4.2.4 OR AY.4.2.5 OR AY.4.3 OR AY.4.4 OR AY.4.5 OR AY.4.6 OR AY.4.7 OR AY.4.8 OR AY.4.9 OR AY.4.10 OR AY.4.11 OR AY.4.12 OR AY.4.13 OR AY.4.14 OR AY.4.15 OR AY.4.16 OR AY.4.17 OR AY.5 OR AY.5.1 OR AY.5.2 OR AY.5.3 OR AY.5.4 OR AY.5.5 OR AY.5.6 OR AY.5.7 OR AY.6 OR AY.7 OR AY.7.1 OR AY.7.2 OR AY.8 OR AY.9 OR AY.9.1 OR AY.9.2 OR AY.9.2.1 OR AY.9.2.2 OR AY.10 OR AY.11 OR AY.12 OR AY.13 OR AY.14 OR AY.15 OR AY.16 OR AY.16.1 OR AY.17 OR AY.18 OR AY.19 OR AY.20 OR AY.20.1 OR AY.21 OR AY.22 OR AY.23 OR AY.23.1 OR AY.23.2 OR AY.24 OR AY.24.1 OR AY.25 OR AY.25.1 OR AY.25.1.1 OR AY.25.1.2 OR AY.25.2 OR AY.25.3 OR AY.26 OR AY.26.1 OR AY.27 OR AY.28 OR AY.29 OR AY.29.1 OR AY.29.2 OR AY.30 OR AY.31 OR AY.32 OR AY.33 OR AY.33.1 OR AY.33.2 OR AY.34 OR AY.34.1 OR AY.34.1.1 OR AY.34.2 OR AY.35 OR AY.36 OR AY.36.1 OR AY.37 OR AY.38 OR AY.39 OR AY.39.1 OR AY.39.1.1 OR AY.39.1.2 OR AY.39.1.3 OR AY.39.1.4 OR AY.39.2 OR AY.39.3 OR AY.39.4 OR AY.40 OR AY.41 OR AY.42 OR AY.42.1 OR AY.43 OR AY.43.1 OR AY.43.2 OR AY.43.3 OR AY.43.4 OR AY.43.5 OR AY.43.6 OR AY.43.7 OR AY.43.8 OR AY.43.9 OR AY.44 OR AY.45 OR AY.46 OR AY.46.1 OR AY.46.2 OR AY.46.3 OR AY.46.4 OR AY.46.5 OR AY.46.6 OR AY.46.6.1 OR AY.47 OR AY.48 OR AY.49 OR AY.50 OR AY.51 OR AY.52 OR AY.53 OR AY.54 OR AY.55 OR AY.56 OR AY.57 OR AY.58 OR AY.59 OR AY.60 OR AY.61 OR AY.62 OR AY.63 OR AY.64 OR AY.65 OR AY.66 OR AY.67 OR AY.68 OR AY.69 OR AY.70 OR AY.71 OR AY.72 OR AY.73 OR AY.74 OR AY.75 OR AY.75.1 OR AY.75.2 OR AY.75.3 OR AY.76 OR AY.77 OR AY.78 OR AY.79 OR AY.80 OR AY.81 OR AY.82 OR AY.83 OR AY.84 OR AY.85 OR AY.86 OR AY.87 OR AY.88 OR AY.89 OR AY.90 OR AY.91 OR AY.91.1 OR AY.92 OR AY.93 OR AY.94 OR AY.95 OR AY.96 OR AY.97 OR AY.98 OR AY.98.1 OR AY.98.1.1 OR AY.99 OR AY.99.1 OR AY.99.2 OR AY.100 OR AY.101 OR AY.102 OR AY.102.1 OR AY.102.2 OR AY.103 OR AY.103.1 OR AY.103.2 OR AY.104 OR AY.105 OR AY.106 OR AY.107 OR AY.108 OR AY.109 OR AY.110 OR AY.111 OR AY.112 OR AY.112.1 OR AY.112.2 OR AY.112.3 OR AY.113 OR AY.114 OR AY.115 OR AY.116 OR AY.116.1 OR AY.117 OR AY.118 OR AY.119 OR AY.119.1 OR AY.119.2 OR AY.120 OR AY.120.1 OR AY.120.2 OR AY.120.2.1 OR AY.121 OR AY.121.1 OR AY.122 OR AY.122.1 OR AY.122.2 OR AY.122.3 OR AY.122.4 OR AY.122.5 OR AY.122.6 OR AY.123 OR AY.123.1 OR AY.124 OR AY.124.1 OR AY.124.1.1 OR AY.125 OR AY.125.1 OR AY.126 OR AY.127 OR AY.127.1 OR AY.127.2 OR AY.127.3 OR AY.128 OR AY.129 OR AY.130 OR AY.131 OR AY.132 OR AY.133 OR AY.134 OR B.1.617.2,Delta,163.928571428571,163.928571428571,1
2021-10-17,48,48,155.428571428571,155.428571428571,1,0.983950260368864,0.999996837145603,AY.1 OR AY.2 OR AY.3 OR AY.3.1 OR AY.3.2 OR AY.3.3 OR AY.3.4 OR AY.4 OR AY.4.1 OR AY.4.2 OR AY.4.2.1 OR AY.4.2.2 OR AY.4.2.3 OR AY.4.2.4 OR AY.4.2.5 OR AY.4.3 OR AY.4.4 OR AY.4.5 OR AY.4.6 OR AY.4.7 OR AY.4.8 OR AY.4.9 OR AY.4.10 OR AY.4.11 OR AY.4.12 OR AY.4.13 OR AY.4.14 OR AY.4.15 OR AY.4.16 OR AY.4.17 OR AY.5 OR AY.5.1 OR AY.5.2 OR AY.5.3 OR AY.5.4 OR AY.5.5 OR AY.5.6 OR AY.5.7 OR AY.6 OR AY.7 OR AY.7.1 OR AY.7.2 OR AY.8 OR AY.9 OR AY.9.1 OR AY.9.2 OR AY.9.2.1 OR AY.9.2.2 OR AY.10 OR AY.11 OR AY.12 OR AY.13 OR AY.14 OR AY.15 OR AY.16 OR AY.16.1 OR AY.17 OR AY.18 OR AY.19 OR AY.20 OR AY.20.1 OR AY.21 OR AY.22 OR AY.23 OR AY.23.1 OR AY.23.2 OR AY.24 OR AY.24.1 OR AY.25 OR AY.25.1 OR AY.25.1.1 OR AY.25.1.2 OR AY.25.2 OR AY.25.3 OR AY.26 OR AY.26.1 OR AY.27 OR AY.28 OR AY.29 OR AY.29.1 OR AY.29.2 OR AY.30 OR AY.31 OR AY.32 OR AY.33 OR AY.33.1 OR AY.33.2 OR AY.34 OR AY.34.1 OR AY.34.1.1 OR AY.34.2 OR AY.35 OR AY.36 OR AY.36.1 OR AY.37 OR AY.38 OR AY.39 OR AY.39.1 OR AY.39.1.1 OR AY.39.1.2 OR AY.39.1.3 OR AY.39.1.4 OR AY.39.2 OR AY.39.3 OR AY.39.4 OR AY.40 OR AY.41 OR AY.42 OR AY.42.1 OR AY.43 OR AY.43.1 OR AY.43.2 OR AY.43.3 OR AY.43.4 OR AY.43.5 OR AY.43.6 OR AY.43.7 OR AY.43.8 OR AY.43.9 OR AY.44 OR AY.45 OR AY.46 OR AY.46.1 OR AY.46.2 OR AY.46.3 OR AY.46.4 OR AY.46.5 OR AY.46.6 OR AY.46.6.1 OR AY.47 OR AY.48 OR AY.49 OR AY.50 OR AY.51 OR AY.52 OR AY.53 OR AY.54 OR AY.55 OR AY.56 OR AY.57 OR AY.58 OR AY.59 OR AY.60 OR AY.61 OR AY.62 OR AY.63 OR AY.64 OR AY.65 OR AY.66 OR AY.67 OR AY.68 OR AY.69 OR AY.70 OR AY.71 OR AY.72 OR AY.73 OR AY.74 OR AY.75 OR AY.75.1 OR AY.75.2 OR AY.75.3 OR AY.76 OR AY.77 OR AY.78 OR AY.79 OR AY.80 OR AY.81 OR AY.82 OR AY.83 OR AY.84 OR AY.85 OR AY.86 OR AY.87 OR AY.88 OR AY.89 OR AY.90 OR AY.91 OR AY.91.1 OR AY.92 OR AY.93 OR AY.94 OR AY.95 OR AY.96 OR AY.97 OR AY.98 OR AY.98.1 OR AY.98.1.1 OR AY.99 OR AY.99.1 OR AY.99.2 OR AY.100 OR AY.101 OR AY.102 OR AY.102.1 OR AY.102.2 OR AY.103 OR AY.103.1 OR AY.103.2 OR AY.104 OR AY.105 OR AY.106 OR AY.107 OR AY.108 OR AY.109 OR AY.110 OR AY.111 OR AY.112 OR AY.112.1 OR AY.112.2 OR AY.112.3 OR AY.113 OR AY.114 OR AY.115 OR AY.116 OR AY.116.1 OR AY.117 OR AY.118 OR AY.119 OR AY.119.1 OR AY.119.2 OR AY.120 OR AY.120.1 OR AY.120.2 OR AY.120.2.1 OR AY.121 OR AY.121.1 OR AY.122 OR AY.122.1 OR AY.122.2 OR AY.122.3 OR AY.122.4 OR AY.122.5 OR AY.122.6 OR AY.123 OR AY.123.1 OR AY.124 OR AY.124.1 OR AY.124.1.1 OR AY.125 OR AY.125.1 OR AY.126 OR AY.127 OR AY.127.1 OR AY.127.2 OR AY.127.3 OR AY.128 OR AY.129 OR AY.130 OR AY.131 OR AY.132 OR AY.133 OR AY.134 OR B.1.617.2,Delta,163.5,163.5,1
2021-10-18,232,232,157.857142857143,157.857142857143,1,0.984252110273026,0.999996897104683,AY.1 OR AY.2 OR AY.3 OR AY.3.1 OR AY.3.2 OR AY.3.3 OR AY.3.4 OR AY.4 OR AY.4.1 OR AY.4.2 OR AY.4.2.1 OR AY.4.2.2 OR AY.4.2.3 OR AY.4.2.4 OR AY.4.2.5 OR AY.4.3 OR AY.4.4 OR AY.4.5 OR AY.4.6 OR AY.4.7 OR AY.4.8 OR AY.4.9 OR AY.4.10 OR AY.4.11 OR AY.4.12 OR AY.4.13 OR AY.4.14 OR AY.4.15 OR AY.4.16 OR AY.4.17 OR AY.5 OR AY.5.1 OR AY.5.2 OR AY.5.3 OR AY.5.4 OR AY.5.5 OR AY.5.6 OR AY.5.7 OR AY.6 OR AY.7 OR AY.7.1 OR AY.7.2 OR AY.8 OR AY.9 OR AY.9.1 OR AY.9.2 OR AY.9.2.1 OR AY.9.2.2 OR AY.10 OR AY.11 OR AY.12 OR AY.13 OR AY.14 OR AY.15 OR AY.16 OR AY.16.1 OR AY.17 OR AY.18 OR AY.19 OR AY.20 OR AY.20.1 OR AY.21 OR AY.22 OR AY.23 OR AY.23.1 OR AY.23.2 OR AY.24 OR AY.24.1 OR AY.25 OR AY.25.1 OR AY.25.1.1 OR AY.25.1.2 OR AY.25.2 OR AY.25.3 OR AY.26 OR AY.26.1 OR AY.27 OR AY.28 OR AY.29 OR AY.29.1 OR AY.29.2 OR AY.30 OR AY.31 OR AY.32 OR AY.33 OR AY.33.1 OR AY.33.2 OR AY.34 OR AY.34.1 OR AY.34.1.1 OR AY.34.2 OR AY.35 OR AY.36 OR AY.36.1 OR AY.37 OR AY.38 OR AY.39 OR AY.39.1 OR AY.39.1.1 OR AY.39.1.2 OR AY.39.1.3 OR AY.39.1.4 OR AY.39.2 OR AY.39.3 OR AY.39.4 OR AY.40 OR AY.41 OR AY.42 OR AY.42.1 OR AY.43 OR AY.43.1 OR AY.43.2 OR AY.43.3 OR AY.43.4 OR AY.43.5 OR AY.43.6 OR AY.43.7 OR AY.43.8 OR AY.43.9 OR AY.44 OR AY.45 OR AY.46 OR AY.46.1 OR AY.46.2 OR AY.46.3 OR AY.46.4 OR AY.46.5 OR AY.46.6 OR AY.46.6.1 OR AY.47 OR AY.48 OR AY.49 OR AY.50 OR AY.51 OR AY.52 OR AY.53 OR AY.54 OR AY.55 OR AY.56 OR AY.57 OR AY.58 OR AY.59 OR AY.60 OR AY.61 OR AY.62 OR AY.63 OR AY.64 OR AY.65 OR AY.66 OR AY.67 OR AY.68 OR AY.69 OR AY.70 OR AY.71 OR AY.72 OR AY.73 OR AY.74 OR AY.75 OR AY.75.1 OR AY.75.2 OR AY.75.3 OR AY.76 OR AY.77 OR AY.78 OR AY.79 OR AY.80 OR AY.81 OR AY.82 OR AY.83 OR AY.84 OR AY.85 OR AY.86 OR AY.87 OR AY.88 OR AY.89 OR AY.90 OR AY.91 OR AY.91.1 OR AY.92 OR AY.93 OR AY.94 OR AY.95 OR AY.96 OR AY.97 OR AY.98 OR AY.98.1 OR AY.98.1.1 OR AY.99 OR AY.99.1 OR AY.99.2 OR AY.100 OR AY.101 OR AY.102 OR AY.102.1 OR AY.102.2 OR AY.103 OR AY.103.1 OR AY.103.2 OR AY.104 OR AY.105 OR AY.106 OR AY.107 OR AY.108 OR AY.109 OR AY.110 OR AY.111 OR AY.112 OR AY.112.1 OR AY.112.2 OR AY.112.3 OR AY.113 OR AY.114 OR AY.115 OR AY.116 OR AY.116.1 OR AY.117 OR AY.118 OR AY.119 OR AY.119.1 OR AY.119.2 OR AY.120 OR AY.120.1 OR AY.120.2 OR AY.120.2.1 OR AY.121 OR AY.121.1 OR AY.122 OR AY.122.1 OR AY.122.2 OR AY.122.3 OR AY.122.4 OR AY.122.5 OR AY.122.6 OR AY.123 OR AY.123.1 OR AY.124 OR AY.124.1 OR AY.124.1.1 OR AY.125 OR AY.125.1 OR AY.126 OR AY.127 OR AY.127.1 OR AY.127.2 OR AY.127.3 OR AY.128 OR AY.129 OR AY.130 OR AY.131 OR AY.132 OR AY.133 OR AY.134 OR B.1.617.2,Delta,166.428571428571,166.428571428571,1
2021-10-19,302,302,176,176,1,0.985848959652968,0.999997213995005,AY.1 OR AY.2 OR AY.3 OR AY.3.1 OR AY.3.2 OR AY.3.3 OR AY.3.4 OR AY.4 OR AY.4.1 OR AY.4.2 OR AY.4.2.1 OR AY.4.2.2 OR AY.4.2.3 OR AY.4.2.4 OR AY.4.2.5 OR AY.4.3 OR AY.4.4 OR AY.4.5 OR AY.4.6 OR AY.4.7 OR AY.4.8 OR AY.4.9 OR AY.4.10 OR AY.4.11 OR AY.4.12 OR AY.4.13 OR AY.4.14 OR AY.4.15 OR AY.4.16 OR AY.4.17 OR AY.5 OR AY.5.1 OR AY.5.2 OR AY.5.3 OR AY.5.4 OR AY.5.5 OR AY.5.6 OR AY.5.7 OR AY.6 OR AY.7 OR AY.7.1 OR AY.7.2 OR AY.8 OR AY.9 OR AY.9.1 OR AY.9.2 OR AY.9.2.1 OR AY.9.2.2 OR AY.10 OR AY.11 OR AY.12 OR AY.13 OR AY.14 OR AY.15 OR AY.16 OR AY.16.1 OR AY.17 OR AY.18 OR AY.19 OR AY.20 OR AY.20.1 OR AY.21 OR AY.22 OR AY.23 OR AY.23.1 OR AY.23.2 OR AY.24 OR AY.24.1 OR AY.25 OR AY.25.1 OR AY.25.1.1 OR AY.25.1.2 OR AY.25.2 OR AY.25.3 OR AY.26 OR AY.26.1 OR AY.27 OR AY.28 OR AY.29 OR AY.29.1 OR AY.29.2 OR AY.30 OR AY.31 OR AY.32 OR AY.33 OR AY.33.1 OR AY.33.2 OR AY.34 OR AY.34.1 OR AY.34.1.1 OR AY.34.2 OR AY.35 OR AY.36 OR AY.36.1 OR AY.37 OR AY.38 OR AY.39 OR AY.39.1 OR AY.39.1.1 OR AY.39.1.2 OR AY.39.1.3 OR AY.39.1.4 OR AY.39.2 OR AY.39.3 OR AY.39.4 OR AY.40 OR AY.41 OR AY.42 OR AY.42.1 OR AY.43 OR AY.43.1 OR AY.43.2 OR AY.43.3 OR AY.43.4 OR AY.43.5 OR AY.43.6 OR AY.43.7 OR AY.43.8 OR AY.43.9 OR AY.44 OR AY.45 OR AY.46 OR AY.46.1 OR AY.46.2 OR AY.46.3 OR AY.46.4 OR AY.46.5 OR AY.46.6 OR AY.46.6.1 OR AY.47 OR AY.48 OR AY.49 OR AY.50 OR AY.51 OR AY.52 OR AY.53 OR AY.54 OR AY.55 OR AY.56 OR AY.57 OR AY.58 OR AY.59 OR AY.60 OR AY.61 OR AY.62 OR AY.63 OR AY.64 OR AY.65 OR AY.66 OR AY.67 OR AY.68 OR AY.69 OR AY.70 OR AY.71 OR AY.72 OR AY.73 OR AY.74 OR AY.75 OR AY.75.1 OR AY.75.2 OR AY.75.3 OR AY.76 OR AY.77 OR AY.78 OR AY.79 OR AY.80 OR AY.81 OR AY.82 OR AY.83 OR AY.84 OR AY.85 OR AY.86 OR AY.87 OR AY.88 OR AY.89 OR AY.90 OR AY.91 OR AY.91.1 OR AY.92 OR AY.93 OR AY.94 OR AY.95 OR AY.96 OR AY.97 OR AY.98 OR AY.98.1 OR AY.98.1.1 OR AY.99 OR AY.99.1 OR AY.99.2 OR AY.100 OR AY.101 OR AY.102 OR AY.102.1 OR AY.102.2 OR AY.103 OR AY.103.1 OR AY.103.2 OR AY.104 OR AY.105 OR AY.106 OR AY.107 OR AY.108 OR AY.109 OR AY.110 OR AY.111 OR AY.112 OR AY.112.1 OR AY.112.2 OR AY.112.3 OR AY.113 OR AY.114 OR AY.115 OR AY.116 OR AY.116.1 OR AY.117 OR AY.118 OR AY.119 OR AY.119.1 OR AY.119.2 OR AY.120 OR AY.120.1 OR AY.120.2 OR AY.120.2.1 OR AY.121 OR AY.121.1 OR AY.122 OR AY.122.1 OR AY.122.2 OR AY.122.3 OR AY.122.4 OR AY.122.5 OR AY.122.6 OR AY.123 OR AY.123.1 OR AY.124 OR AY.124.1 OR AY.124.1.1 OR AY.125 OR AY.125.1 OR AY.126 OR AY.127 OR AY.127.1 OR AY.127.2 OR AY.127.3 OR AY.128 OR AY.129 OR AY.130 OR AY.131 OR AY.132 OR AY.133 OR AY.134 OR B.1.617.2,Delta,169.428571428571,169.428571428571,1
2021-10-20,288,288,188.142857142857,188.142857142857,1,0.986745007746831,0.999997391588393,AY.1 OR AY.2 OR AY.3 OR AY.3.1 OR AY.3.2 OR AY.3.3 OR AY.3.4 OR AY.4 OR AY.4.1 OR AY.4.2 OR AY.4.2.1 OR AY.4.2.2 OR AY.4.2.3 OR AY.4.2.4 OR AY.4.2.5 OR AY.4.3 OR AY.4.4 OR AY.4.5 OR AY.4.6 OR AY.4.7 OR AY.4.8 OR AY.4.9 OR AY.4.10 OR AY.4.11 OR AY.4.12 OR AY.4.13 OR AY.4.14 OR AY.4.15 OR AY.4.16 OR AY.4.17 OR AY.5 OR AY.5.1 OR AY.5.2 OR AY.5.3 OR AY.5.4 OR AY.5.5 OR AY.5.6 OR AY.5.7 OR AY.6 OR AY.7 OR AY.7.1 OR AY.7.2 OR AY.8 OR AY.9 OR AY.9.1 OR AY.9.2 OR AY.9.2.1 OR AY.9.2.2 OR AY.10 OR AY.11 OR AY.12 OR AY.13 OR AY.14 OR AY.15 OR AY.16 OR AY.16.1 OR AY.17 OR AY.18 OR AY.19 OR AY.20 OR AY.20.1 OR AY.21 OR AY.22 OR AY.23 OR AY.23.1 OR AY.23.2 OR AY.24 OR AY.24.1 OR AY.25 OR AY.25.1 OR AY.25.1.1 OR AY.25.1.2 OR AY.25.2 OR AY.25.3 OR AY.26 OR AY.26.1 OR AY.27 OR AY.28 OR AY.29 OR AY.29.1 OR AY.29.2 OR AY.30 OR AY.31 OR AY.32 OR AY.33 OR AY.33.1 OR AY.33.2 OR AY.34 OR AY.34.1 OR AY.34.1.1 OR AY.34.2 OR AY.35 OR AY.36 OR AY.36.1 OR AY.37 OR AY.38 OR AY.39 OR AY.39.1 OR AY.39.1.1 OR AY.39.1.2 OR AY.39.1.3 OR AY.39.1.4 OR AY.39.2 OR AY.39.3 OR AY.39.4 OR AY.40 OR AY.41 OR AY.42 OR AY.42.1 OR AY.43 OR AY.43.1 OR AY.43.2 OR AY.43.3 OR AY.43.4 OR AY.43.5 OR AY.43.6 OR AY.43.7 OR AY.43.8 OR AY.43.9 OR AY.44 OR AY.45 OR AY.46 OR AY.46.1 OR AY.46.2 OR AY.46.3 OR AY.46.4 OR AY.46.5 OR AY.46.6 OR AY.46.6.1 OR AY.47 OR AY.48 OR AY.49 OR AY.50 OR AY.51 OR AY.52 OR AY.53 OR AY.54 OR AY.55 OR AY.56 OR AY.57 OR AY.58 OR AY.59 OR AY.60 OR AY.61 OR AY.62 OR AY.63 OR AY.64 OR AY.65 OR AY.66 OR AY.67 OR AY.68 OR AY.69 OR AY.70 OR AY.71 OR AY.72 OR AY.73 OR AY.74 OR AY.75 OR AY.75.1 OR AY.75.2 OR AY.75.3 OR AY.76 OR AY.77 OR AY.78 OR AY.79 OR AY.80 OR AY.81 OR AY.82 OR AY.83 OR AY.84 OR AY.85 OR AY.86 OR AY.87 OR AY.88 OR AY.89 OR AY.90 OR AY.91 OR AY.91.1 OR AY.92 OR AY.93 OR AY.94 OR AY.95 OR AY.96 OR AY.97 OR AY.98 OR AY.98.1 OR AY.98.1.1 OR AY.99 OR AY.99.1 OR AY.99.2 OR AY.100 OR AY.101 OR AY.102 OR AY.102.1 OR AY.102.2 OR AY.103 OR AY.103.1 OR AY.103.2 OR AY.104 OR AY.105 OR AY.106 OR AY.107 OR AY.108 OR AY.109 OR AY.110 OR AY.111 OR AY.112 OR AY.112.1 OR AY.112.2 OR AY.112.3 OR AY.113 OR AY.114 OR AY.115 OR AY.116 OR AY.116.1 OR AY.117 OR AY.118 OR AY.119 OR AY.119.1 OR AY.119.2 OR AY.120 OR AY.120.1 OR AY.120.2 OR AY.120.2.1 OR AY.121 OR AY.121.1 OR AY.122 OR AY.122.1 OR AY.122.2 OR AY.122.3 OR AY.122.4 OR AY.122.5 OR AY.122.6 OR AY.123 OR AY.123.1 OR AY.124 OR AY.124.1 OR AY.124.1.1 OR AY.125 OR AY.125.1 OR AY.126 OR AY.127 OR AY.127.1 OR AY.127.2 OR AY.127.3 OR AY.128 OR AY.129 OR AY.130 OR AY.131 OR AY.132 OR AY.133 OR AY.134 OR B.1.617.2,Delta,175,175,1
2021-10-21,258,257,197.714285714286,197.571428571429,0.999277456647399,0.987409377414259,0.999997523159849,AY.1 OR AY.2 OR AY.3 OR AY.3.1 OR AY.3.2 OR AY.3.3 OR AY.3.4 OR AY.4 OR AY.4.1 OR AY.4.2 OR AY.4.2.1 OR AY.4.2.2 OR AY.4.2.3 OR AY.4.2.4 OR AY.4.2.5 OR AY.4.3 OR AY.4.4 OR AY.4.5 OR AY.4.6 OR AY.4.7 OR AY.4.8 OR AY.4.9 OR AY.4.10 OR AY.4.11 OR AY.4.12 OR AY.4.13 OR AY.4.14 OR AY.4.15 OR AY.4.16 OR AY.4.17 OR AY.5 OR AY.5.1 OR AY.5.2 OR AY.5.3 OR AY.5.4 OR AY.5.5 OR AY.5.6 OR AY.5.7 OR AY.6 OR AY.7 OR AY.7.1 OR AY.7.2 OR AY.8 OR AY.9 OR AY.9.1 OR AY.9.2 OR AY.9.2.1 OR AY.9.2.2 OR AY.10 OR AY.11 OR AY.12 OR AY.13 OR AY.14 OR AY.15 OR AY.16 OR AY.16.1 OR AY.17 OR AY.18 OR AY.19 OR AY.20 OR AY.20.1 OR AY.21 OR AY.22 OR AY.23 OR AY.23.1 OR AY.23.2 OR AY.24 OR AY.24.1 OR AY.25 OR AY.25.1 OR AY.25.1.1 OR AY.25.1.2 OR AY.25.2 OR AY.25.3 OR AY.26 OR AY.26.1 OR AY.27 OR AY.28 OR AY.29 OR AY.29.1 OR AY.29.2 OR AY.30 OR AY.31 OR AY.32 OR AY.33 OR AY.33.1 OR AY.33.2 OR AY.34 OR AY.34.1 OR AY.34.1.1 OR AY.34.2 OR AY.35 OR AY.36 OR AY.36.1 OR AY.37 OR AY.38 OR AY.39 OR AY.39.1 OR AY.39.1.1 OR AY.39.1.2 OR AY.39.1.3 OR AY.39.1.4 OR AY.39.2 OR AY.39.3 OR AY.39.4 OR AY.40 OR AY.41 OR AY.42 OR AY.42.1 OR AY.43 OR AY.43.1 OR AY.43.2 OR AY.43.3 OR AY.43.4 OR AY.43.5 OR AY.43.6 OR AY.43.7 OR AY.43.8 OR AY.43.9 OR AY.44 OR AY.45 OR AY.46 OR AY.46.1 OR AY.46.2 OR AY.46.3 OR AY.46.4 OR AY.46.5 OR AY.46.6 OR AY.46.6.1 OR AY.47 OR AY.48 OR AY.49 OR AY.50 OR AY.51 OR AY.52 OR AY.53 OR AY.54 OR AY.55 OR AY.56 OR AY.57 OR AY.58 OR AY.59 OR AY.60 OR AY.61 OR AY.62 OR AY.63 OR AY.64 OR AY.65 OR AY.66 OR AY.67 OR AY.68 OR AY.69 OR AY.70 OR AY.71 OR AY.72 OR AY.73 OR AY.74 OR AY.75 OR AY.75.1 OR AY.75.2 OR AY.75.3 OR AY.76 OR AY.77 OR AY.78 OR AY.79 OR AY.80 OR AY.81 OR AY.82 OR AY.83 OR AY.84 OR AY.85 OR AY.86 OR AY.87 OR AY.88 OR AY.89 OR AY.90 OR AY.91 OR AY.91.1 OR AY.92 OR AY.93 OR AY.94 OR AY.95 OR AY.96 OR AY.97 OR AY.98 OR AY.98.1 OR AY.98.1.1 OR AY.99 OR AY.99.1 OR AY.99.2 OR AY.100 OR AY.101 OR AY.102 OR AY.102.1 OR AY.102.2 OR AY.103 OR AY.103.1 OR AY.103.2 OR AY.104 OR AY.105 OR AY.106 OR AY.107 OR AY.108 OR AY.109 OR AY.110 OR AY.111 OR AY.112 OR AY.112.1 OR AY.112.2 OR AY.112.3 OR AY.113 OR AY.114 OR AY.115 OR AY.116 OR AY.116.1 OR AY.117 OR AY.118 OR AY.119 OR AY.119.1 OR AY.119.2 OR AY.120 OR AY.120.1 OR AY.120.2 OR AY.120.2.1 OR AY.121 OR AY.121.1 OR AY.122 OR AY.122.1 OR AY.122.2 OR AY.122.3 OR AY.122.4 OR AY.122.5 OR AY.122.6 OR AY.123 OR AY.123.1 OR AY.124 OR AY.124.1 OR AY.124.1.1 OR AY.125 OR AY.125.1 OR AY.126 OR AY.127 OR AY.127.1 OR AY.127.2 OR AY.127.3 OR AY.128 OR AY.129 OR AY.130 OR AY.131 OR AY.132 OR AY.133 OR AY.134 OR B.1.617.2,Delta,180.357142857143,180.285714285714,0.999603960396039
2021-10-22,140,139,197,196.714285714286,0.998549673676577,0.987345952468752,0.999997510603027,AY.1 OR AY.2 OR AY.3 OR AY.3.1 OR AY.3.2 OR AY.3.3 OR AY.3.4 OR AY.4 OR AY.4.1 OR AY.4.2 OR AY.4.2.1 OR AY.4.2.2 OR AY.4.2.3 OR AY.4.2.4 OR AY.4.2.5 OR AY.4.3 OR AY.4.4 OR AY.4.5 OR AY.4.6 OR AY.4.7 OR AY.4.8 OR AY.4.9 OR AY.4.10 OR AY.4.11 OR AY.4.12 OR AY.4.13 OR AY.4.14 OR AY.4.15 OR AY.4.16 OR AY.4.17 OR AY.5 OR AY.5.1 OR AY.5.2 OR AY.5.3 OR AY.5.4 OR AY.5.5 OR AY.5.6 OR AY.5.7 OR AY.6 OR AY.7 OR AY.7.1 OR AY.7.2 OR AY.8 OR AY.9 OR AY.9.1 OR AY.9.2 OR AY.9.2.1 OR AY.9.2.2 OR AY.10 OR AY.11 OR AY.12 OR AY.13 OR AY.14 OR AY.15 OR AY.16 OR AY.16.1 OR AY.17 OR AY.18 OR AY.19 OR AY.20 OR AY.20.1 OR AY.21 OR AY.22 OR AY.23 OR AY.23.1 OR AY.23.2 OR AY.24 OR AY.24.1 OR AY.25 OR AY.25.1 OR AY.25.1.1 OR AY.25.1.2 OR AY.25.2 OR AY.25.3 OR AY.26 OR AY.26.1 OR AY.27 OR AY.28 OR AY.29 OR AY.29.1 OR AY.29.2 OR AY.30 OR AY.31 OR AY.32 OR AY.33 OR AY.33.1 OR AY.33.2 OR AY.34 OR AY.34.1 OR AY.34.1.1 OR AY.34.2 OR AY.35 OR AY.36 OR AY.36.1 OR AY.37 OR AY.38 OR AY.39 OR AY.39.1 OR AY.39.1.1 OR AY.39.1.2 OR AY.39.1.3 OR AY.39.1.4 OR AY.39.2 OR AY.39.3 OR AY.39.4 OR AY.40 OR AY.41 OR AY.42 OR AY.42.1 OR AY.43 OR AY.43.1 OR AY.43.2 OR AY.43.3 OR AY.43.4 OR AY.43.5 OR AY.43.6 OR AY.43.7 OR AY.43.8 OR AY.43.9 OR AY.44 OR AY.45 OR AY.46 OR AY.46.1 OR AY.46.2 OR AY.46.3 OR AY.46.4 OR AY.46.5 OR AY.46.6 OR AY.46.6.1 OR AY.47 OR AY.48 OR AY.49 OR AY.50 OR AY.51 OR AY.52 OR AY.53 OR AY.54 OR AY.55 OR AY.56 OR AY.57 OR AY.58 OR AY.59 OR AY.60 OR AY.61 OR AY.62 OR AY.63 OR AY.64 OR AY.65 OR AY.66 OR AY.67 OR AY.68 OR AY.69 OR AY.70 OR AY.71 OR AY.72 OR AY.73 OR AY.74 OR AY.75 OR AY.75.1 OR AY.75.2 OR AY.75.3 OR AY.76 OR AY.77 OR AY.78 OR AY.79 OR AY.80 OR AY.81 OR AY.82 OR AY.83 OR AY.84 OR AY.85 OR AY.86 OR AY.87 OR AY.88 OR AY.89 OR AY.90 OR AY.91 OR AY.91.1 OR AY.92 OR AY.93 OR AY.94 OR AY.95 OR AY.96 OR AY.97 OR AY.98 OR AY.98.1 OR AY.98.1.1 OR AY.99 OR AY.99.1 OR AY.99.2 OR AY.100 OR AY.101 OR AY.102 OR AY.102.1 OR AY.102.2 OR AY.103 OR AY.103.1 OR AY.103.2 OR AY.104 OR AY.105 OR AY.106 OR AY.107 OR AY.108 OR AY.109 OR AY.110 OR AY.111 OR AY.112 OR AY.112.1 OR AY.112.2 OR AY.112.3 OR AY.113 OR AY.114 OR AY.115 OR AY.116 OR AY.116.1 OR AY.117 OR AY.118 OR AY.119 OR AY.119.1 OR AY.119.2 OR AY.120 OR AY.120.1 OR AY.120.2 OR AY.120.2.1 OR AY.121 OR AY.121.1 OR AY.122 OR AY.122.1 OR AY.122.2 OR AY.122.3 OR AY.122.4 OR AY.122.5 OR AY.122.6 OR AY.123 OR AY.123.1 OR AY.124 OR AY.124.1 OR AY.124.1.1 OR AY.125 OR AY.125.1 OR AY.126 OR AY.127 OR AY.127.1 OR AY.127.2 OR AY.127.3 OR AY.128 OR AY.129 OR AY.130 OR AY.131 OR AY.132 OR AY.133 OR AY.134 OR B.1.617.2,Delta,180.214285714286,180.071428571429,0.999207292905272
2021-10-23,117,117,197.857142857143,197.571428571429,0.998555956678701,0.987409377414259,0.999997523159849,AY.1 OR AY.2 OR AY.3 OR AY.3.1 OR AY.3.2 OR AY.3.3 OR AY.3.4 OR AY.4 OR AY.4.1 OR AY.4.2 OR AY.4.2.1 OR AY.4.2.2 OR AY.4.2.3 OR AY.4.2.4 OR AY.4.2.5 OR AY.4.3 OR AY.4.4 OR AY.4.5 OR AY.4.6 OR AY.4.7 OR AY.4.8 OR AY.4.9 OR AY.4.10 OR AY.4.11 OR AY.4.12 OR AY.4.13 OR AY.4.14 OR AY.4.15 OR AY.4.16 OR AY.4.17 OR AY.5 OR AY.5.1 OR AY.5.2 OR AY.5.3 OR AY.5.4 OR AY.5.5 OR AY.5.6 OR AY.5.7 OR AY.6 OR AY.7 OR AY.7.1 OR AY.7.2 OR AY.8 OR AY.9 OR AY.9.1 OR AY.9.2 OR AY.9.2.1 OR AY.9.2.2 OR AY.10 OR AY.11 OR AY.12 OR AY.13 OR AY.14 OR AY.15 OR AY.16 OR AY.16.1 OR AY.17 OR AY.18 OR AY.19 OR AY.20 OR AY.20.1 OR AY.21 OR AY.22 OR AY.23 OR AY.23.1 OR AY.23.2 OR AY.24 OR AY.24.1 OR AY.25 OR AY.25.1 OR AY.25.1.1 OR AY.25.1.2 OR AY.25.2 OR AY.25.3 OR AY.26 OR AY.26.1 OR AY.27 OR AY.28 OR AY.29 OR AY.29.1 OR AY.29.2 OR AY.30 OR AY.31 OR AY.32 OR AY.33 OR AY.33.1 OR AY.33.2 OR AY.34 OR AY.34.1 OR AY.34.1.1 OR AY.34.2 OR AY.35 OR AY.36 OR AY.36.1 OR AY.37 OR AY.38 OR AY.39 OR AY.39.1 OR AY.39.1.1 OR AY.39.1.2 OR AY.39.1.3 OR AY.39.1.4 OR AY.39.2 OR AY.39.3 OR AY.39.4 OR AY.40 OR AY.41 OR AY.42 OR AY.42.1 OR AY.43 OR AY.43.1 OR AY.43.2 OR AY.43.3 OR AY.43.4 OR AY.43.5 OR AY.43.6 OR AY.43.7 OR AY.43.8 OR AY.43.9 OR AY.44 OR AY.45 OR AY.46 OR AY.46.1 OR AY.46.2 OR AY.46.3 OR AY.46.4 OR AY.46.5 OR AY.46.6 OR AY.46.6.1 OR AY.47 OR AY.48 OR AY.49 OR AY.50 OR AY.51 OR AY.52 OR AY.53 OR AY.54 OR AY.55 OR AY.56 OR AY.57 OR AY.58 OR AY.59 OR AY.60 OR AY.61 OR AY.62 OR AY.63 OR AY.64 OR AY.65 OR AY.66 OR AY.67 OR AY.68 OR AY.69 OR AY.70 OR AY.71 OR AY.72 OR AY.73 OR AY.74 OR AY.75 OR AY.75.1 OR AY.75.2 OR AY.75.3 OR AY.76 OR AY.77 OR AY.78 OR AY.79 OR AY.80 OR AY.81 OR AY.82 OR AY.83 OR AY.84 OR AY.85 OR AY.86 OR AY.87 OR AY.88 OR AY.89 OR AY.90 OR AY.91 OR AY.91.1 OR AY.92 OR AY.93 OR AY.94 OR AY.95 OR AY.96 OR AY.97 OR AY.98 OR AY.98.1 OR AY.98.1.1 OR AY.99 OR AY.99.1 OR AY.99.2 OR AY.100 OR AY.101 OR AY.102 OR AY.102.1 OR AY.102.2 OR AY.103 OR AY.103.1 OR AY.103.2 OR AY.104 OR AY.105 OR AY.106 OR AY.107 OR AY.108 OR AY.109 OR AY.110 OR AY.111 OR AY.112 OR AY.112.1 OR AY.112.2 OR AY.112.3 OR AY.113 OR AY.114 OR AY.115 OR AY.116 OR AY.116.1 OR AY.117 OR AY.118 OR AY.119 OR AY.119.1 OR AY.119.2 OR AY.120 OR AY.120.1 OR AY.120.2 OR AY.120.2.1 OR AY.121 OR AY.121.1 OR AY.122 OR AY.122.1 OR AY.122.2 OR AY.122.3 OR AY.122.4 OR AY.122.5 OR AY.122.6 OR AY.123 OR AY.123.1 OR AY.124 OR AY.124.1 OR AY.124.1.1 OR AY.125 OR AY.125.1 OR AY.126 OR AY.127 OR AY.127.1 OR AY.127.2 OR AY.127.3 OR AY.128 OR AY.129 OR AY.130 OR AY.131 OR AY.132 OR AY.133 OR AY.134 OR B.1.617.2,Delta,178.142857142857,178,0.999198075380914
2021-10-24,47,47,197.714285714286,197.428571428571,0.998554913294798,0.976640151392183,0.999454521564673,AY.1 OR AY.2 OR AY.3 OR AY.3.1 OR AY.3.2 OR AY.3.3 OR AY.3.4 OR AY.4 OR AY.4.1 OR AY.4.2 OR AY.4.2.1 OR AY.4.2.2 OR AY.4.2.3 OR AY.4.2.4 OR AY.4.2.5 OR AY.4.3 OR AY.4.4 OR AY.4.5 OR AY.4.6 OR AY.4.7 OR AY.4.8 OR AY.4.9 OR AY.4.10 OR AY.4.11 OR AY.4.12 OR AY.4.13 OR AY.4.14 OR AY.4.15 OR AY.4.16 OR AY.4.17 OR AY.5 OR AY.5.1 OR AY.5.2 OR AY.5.3 OR AY.5.4 OR AY.5.5 OR AY.5.6 OR AY.5.7 OR AY.6 OR AY.7 OR AY.7.1 OR AY.7.2 OR AY.8 OR AY.9 OR AY.9.1 OR AY.9.2 OR AY.9.2.1 OR AY.9.2.2 OR AY.10 OR AY.11 OR AY.12 OR AY.13 OR AY.14 OR AY.15 OR AY.16 OR AY.16.1 OR AY.17 OR AY.18 OR AY.19 OR AY.20 OR AY.20.1 OR AY.21 OR AY.22 OR AY.23 OR AY.23.1 OR AY.23.2 OR AY.24 OR AY.24.1 OR AY.25 OR AY.25.1 OR AY.25.1.1 OR AY.25.1.2 OR AY.25.2 OR AY.25.3 OR AY.26 OR AY.26.1 OR AY.27 OR AY.28 OR AY.29 OR AY.29.1 OR AY.29.2 OR AY.30 OR AY.31 OR AY.32 OR AY.33 OR AY.33.1 OR AY.33.2 OR AY.34 OR AY.34.1 OR AY.34.1.1 OR AY.34.2 OR AY.35 OR AY.36 OR AY.36.1 OR AY.37 OR AY.38 OR AY.39 OR AY.39.1 OR AY.39.1.1 OR AY.39.1.2 OR AY.39.1.3 OR AY.39.1.4 OR AY.39.2 OR AY.39.3 OR AY.39.4 OR AY.40 OR AY.41 OR AY.42 OR AY.42.1 OR AY.43 OR AY.43.1 OR AY.43.2 OR AY.43.3 OR AY.43.4 OR AY.43.5 OR AY.43.6 OR AY.43.7 OR AY.43.8 OR AY.43.9 OR AY.44 OR AY.45 OR AY.46 OR AY.46.1 OR AY.46.2 OR AY.46.3 OR AY.46.4 OR AY.46.5 OR AY.46.6 OR AY.46.6.1 OR AY.47 OR AY.48 OR AY.49 OR AY.50 OR AY.51 OR AY.52 OR AY.53 OR AY.54 OR AY.55 OR AY.56 OR AY.57 OR AY.58 OR AY.59 OR AY.60 OR AY.61 OR AY.62 OR AY.63 OR AY.64 OR AY.65 OR AY.66 OR AY.67 OR AY.68 OR AY.69 OR AY.70 OR AY.71 OR AY.72 OR AY.73 OR AY.74 OR AY.75 OR AY.75.1 OR AY.75.2 OR AY.75.3 OR AY.76 OR AY.77 OR AY.78 OR AY.79 OR AY.80 OR AY.81 OR AY.82 OR AY.83 OR AY.84 OR AY.85 OR AY.86 OR AY.87 OR AY.88 OR AY.89 OR AY.90 OR AY.91 OR AY.91.1 OR AY.92 OR AY.93 OR AY.94 OR AY.95 OR AY.96 OR AY.97 OR AY.98 OR AY.98.1 OR AY.98.1.1 OR AY.99 OR AY.99.1 OR AY.99.2 OR AY.100 OR AY.101 OR AY.102 OR AY.102.1 OR AY.102.2 OR AY.103 OR AY.103.1 OR AY.103.2 OR AY.104 OR AY.105 OR AY.106 OR AY.107 OR AY.108 OR AY.109 OR AY.110 OR AY.111 OR AY.112 OR AY.112.1 OR AY.112.2 OR AY.112.3 OR AY.113 OR AY.114 OR AY.115 OR AY.116 OR AY.116.1 OR AY.117 OR AY.118 OR AY.119 OR AY.119.1 OR AY.119.2 OR AY.120 OR AY.120.1 OR AY.120.2 OR AY.120.2.1 OR AY.121 OR AY.121.1 OR AY.122 OR AY.122.1 OR AY.122.2 OR AY.122.3 OR AY.122.4 OR AY.122.5 OR AY.122.6 OR AY.123 OR AY.123.1 OR AY.124 OR AY.124.1 OR AY.124.1.1 OR AY.125 OR AY.125.1 OR AY.126 OR AY.127 OR AY.127.1 OR AY.127.2 OR AY.127.3 OR AY.128 OR AY.129 OR AY.130 OR AY.131 OR AY.132 OR AY.133 OR AY.134 OR B.1.617.2,Delta,176.571428571429,176.428571428571,0.999190938511327
2021-10-25,231,229,197.571428571429,197,0.997107736804049,0.976640151392183,0.999454521564673,AY.1 OR AY.2 OR AY.3 OR AY.3.1 OR AY.3.2 OR AY.3.3 OR AY.3.4 OR AY.4 OR AY.4.1 OR AY.4.2 OR AY.4.2.1 OR AY.4.2.2 OR AY.4.2.3 OR AY.4.2.4 OR AY.4.2.5 OR AY.4.3 OR AY.4.4 OR AY.4.5 OR AY.4.6 OR AY.4.7 OR AY.4.8 OR AY.4.9 OR AY.4.10 OR AY.4.11 OR AY.4.12 OR AY.4.13 OR AY.4.14 OR AY.4.15 OR AY.4.16 OR AY.4.17 OR AY.5 OR AY.5.1 OR AY.5.2 OR AY.5.3 OR AY.5.4 OR AY.5.5 OR AY.5.6 OR AY.5.7 OR AY.6 OR AY.7 OR AY.7.1 OR AY.7.2 OR AY.8 OR AY.9 OR AY.9.1 OR AY.9.2 OR AY.9.2.1 OR AY.9.2.2 OR AY.10 OR AY.11 OR AY.12 OR AY.13 OR AY.14 OR AY.15 OR AY.16 OR AY.16.1 OR AY.17 OR AY.18 OR AY.19 OR AY.20 OR AY.20.1 OR AY.21 OR AY.22 OR AY.23 OR AY.23.1 OR AY.23.2 OR AY.24 OR AY.24.1 OR AY.25 OR AY.25.1 OR AY.25.1.1 OR AY.25.1.2 OR AY.25.2 OR AY.25.3 OR AY.26 OR AY.26.1 OR AY.27 OR AY.28 OR AY.29 OR AY.29.1 OR AY.29.2 OR AY.30 OR AY.31 OR AY.32 OR AY.33 OR AY.33.1 OR AY.33.2 OR AY.34 OR AY.34.1 OR AY.34.1.1 OR AY.34.2 OR AY.35 OR AY.36 OR AY.36.1 OR AY.37 OR AY.38 OR AY.39 OR AY.39.1 OR AY.39.1.1 OR AY.39.1.2 OR AY.39.1.3 OR AY.39.1.4 OR AY.39.2 OR AY.39.3 OR AY.39.4 OR AY.40 OR AY.41 OR AY.42 OR AY.42.1 OR AY.43 OR AY.43.1 OR AY.43.2 OR AY.43.3 OR AY.43.4 OR AY.43.5 OR AY.43.6 OR AY.43.7 OR AY.43.8 OR AY.43.9 OR AY.44 OR AY.45 OR AY.46 OR AY.46.1 OR AY.46.2 OR AY.46.3 OR AY.46.4 OR AY.46.5 OR AY.46.6 OR AY.46.6.1 OR AY.47 OR AY.48 OR AY.49 OR AY.50 OR AY.51 OR AY.52 OR AY.53 OR AY.54 OR AY.55 OR AY.56 OR AY.57 OR AY.58 OR AY.59 OR AY.60 OR AY.61 OR AY.62 OR AY.63 OR AY.64 OR AY.65 OR AY.66 OR AY.67 OR AY.68 OR AY.69 OR AY.70 OR AY.71 OR AY.72 OR AY.73 OR AY.74 OR AY.75 OR AY.75.1 OR AY.75.2 OR AY.75.3 OR AY.76 OR AY.77 OR AY.78 OR AY.79 OR AY.80 OR AY.81 OR AY.82 OR AY.83 OR AY.84 OR AY.85 OR AY.86 OR AY.87 OR AY.88 OR AY.89 OR AY.90 OR AY.91 OR AY.91.1 OR AY.92 OR AY.93 OR AY.94 OR AY.95 OR AY.96 OR AY.97 OR AY.98 OR AY.98.1 OR AY.98.1.1 OR AY.99 OR AY.99.1 OR AY.99.2 OR AY.100 OR AY.101 OR AY.102 OR AY.102.1 OR AY.102.2 OR AY.103 OR AY.103.1 OR AY.103.2 OR AY.104 OR AY.105 OR AY.106 OR AY.107 OR AY.108 OR AY.109 OR AY.110 OR AY.111 OR AY.112 OR AY.112.1 OR AY.112.2 OR AY.112.3 OR AY.113 OR AY.114 OR AY.115 OR AY.116 OR AY.116.1 OR AY.117 OR AY.118 OR AY.119 OR AY.119.1 OR AY.119.2 OR AY.120 OR AY.120.1 OR AY.120.2 OR AY.120.2.1 OR AY.121 OR AY.121.1 OR AY.122 OR AY.122.1 OR AY.122.2 OR AY.122.3 OR AY.122.4 OR AY.122.5 OR AY.122.6 OR AY.123 OR AY.123.1 OR AY.124 OR AY.124.1 OR AY.124.1.1 OR AY.125 OR AY.125.1 OR AY.126 OR AY.127 OR AY.127.1 OR AY.127.2 OR AY.127.3 OR AY.128 OR AY.129 OR AY.130 OR AY.131 OR AY.132 OR AY.133 OR AY.134 OR B.1.617.2,Delta,177.714285714286,177.428571428571,0.998392282958199
2021-10-26,264,264,192.142857142857,191.571428571429,0.997026022304833,0.987018995197098,0.999997445859474,AY.1 OR AY.2 OR AY.3 OR AY.3.1 OR AY.3.2 OR AY.3.3 OR AY.3.4 OR AY.4 OR AY.4.1 OR AY.4.2 OR AY.4.2.1 OR AY.4.2.2 OR AY.4.2.3 OR AY.4.2.4 OR AY.4.2.5 OR AY.4.3 OR AY.4.4 OR AY.4.5 OR AY.4.6 OR AY.4.7 OR AY.4.8 OR AY.4.9 OR AY.4.10 OR AY.4.11 OR AY.4.12 OR AY.4.13 OR AY.4.14 OR AY.4.15 OR AY.4.16 OR AY.4.17 OR AY.5 OR AY.5.1 OR AY.5.2 OR AY.5.3 OR AY.5.4 OR AY.5.5 OR AY.5.6 OR AY.5.7 OR AY.6 OR AY.7 OR AY.7.1 OR AY.7.2 OR AY.8 OR AY.9 OR AY.9.1 OR AY.9.2 OR AY.9.2.1 OR AY.9.2.2 OR AY.10 OR AY.11 OR AY.12 OR AY.13 OR AY.14 OR AY.15 OR AY.16 OR AY.16.1 OR AY.17 OR AY.18 OR AY.19 OR AY.20 OR AY.20.1 OR AY.21 OR AY.22 OR AY.23 OR AY.23.1 OR AY.23.2 OR AY.24 OR AY.24.1 OR AY.25 OR AY.25.1 OR AY.25.1.1 OR AY.25.1.2 OR AY.25.2 OR AY.25.3 OR AY.26 OR AY.26.1 OR AY.27 OR AY.28 OR AY.29 OR AY.29.1 OR AY.29.2 OR AY.30 OR AY.31 OR AY.32 OR AY.33 OR AY.33.1 OR AY.33.2 OR AY.34 OR AY.34.1 OR AY.34.1.1 OR AY.34.2 OR AY.35 OR AY.36 OR AY.36.1 OR AY.37 OR AY.38 OR AY.39 OR AY.39.1 OR AY.39.1.1 OR AY.39.1.2 OR AY.39.1.3 OR AY.39.1.4 OR AY.39.2 OR AY.39.3 OR AY.39.4 OR AY.40 OR AY.41 OR AY.42 OR AY.42.1 OR AY.43 OR AY.43.1 OR AY.43.2 OR AY.43.3 OR AY.43.4 OR AY.43.5 OR AY.43.6 OR AY.43.7 OR AY.43.8 OR AY.43.9 OR AY.44 OR AY.45 OR AY.46 OR AY.46.1 OR AY.46.2 OR AY.46.3 OR AY.46.4 OR AY.46.5 OR AY.46.6 OR AY.46.6.1 OR AY.47 OR AY.48 OR AY.49 OR AY.50 OR AY.51 OR AY.52 OR AY.53 OR AY.54 OR AY.55 OR AY.56 OR AY.57 OR AY.58 OR AY.59 OR AY.60 OR AY.61 OR AY.62 OR AY.63 OR AY.64 OR AY.65 OR AY.66 OR AY.67 OR AY.68 OR AY.69 OR AY.70 OR AY.71 OR AY.72 OR AY.73 OR AY.74 OR AY.75 OR AY.75.1 OR AY.75.2 OR AY.75.3 OR AY.76 OR AY.77 OR AY.78 OR AY.79 OR AY.80 OR AY.81 OR AY.82 OR AY.83 OR AY.84 OR AY.85 OR AY.86 OR AY.87 OR AY.88 OR AY.89 OR AY.90 OR AY.91 OR AY.91.1 OR AY.92 OR AY.93 OR AY.94 OR AY.95 OR AY.96 OR AY.97 OR AY.98 OR AY.98.1 OR AY.98.1.1 OR AY.99 OR AY.99.1 OR AY.99.2 OR AY.100 OR AY.101 OR AY.102 OR AY.102.1 OR AY.102.2 OR AY.103 OR AY.103.1 OR AY.103.2 OR AY.104 OR AY.105 OR AY.106 OR AY.107 OR AY.108 OR AY.109 OR AY.110 OR AY.111 OR AY.112 OR AY.112.1 OR AY.112.2 OR AY.112.3 OR AY.113 OR AY.114 OR AY.115 OR AY.116 OR AY.116.1 OR AY.117 OR AY.118 OR AY.119 OR AY.119.1 OR AY.119.2 OR AY.120 OR AY.120.1 OR AY.120.2 OR AY.120.2.1 OR AY.121 OR AY.121.1 OR AY.122 OR AY.122.1 OR AY.122.2 OR AY.122.3 OR AY.122.4 OR AY.122.5 OR AY.122.6 OR AY.123 OR AY.123.1 OR AY.124 OR AY.124.1 OR AY.124.1.1 OR AY.125 OR AY.125.1 OR AY.126 OR AY.127 OR AY.127.1 OR AY.127.2 OR AY.127.3 OR AY.128 OR AY.129 OR AY.130 OR AY.131 OR AY.132 OR AY.133 OR AY.134 OR B.1.617.2,Delta,184.071428571429,183.785714285714,0.998447807528133
2021-10-27,247,247,186.285714285714,185.714285714286,0.996932515337423,0.986603630589892,0.999997363578691,AY.1 OR AY.2 OR AY.3 OR AY.3.1 OR AY.3.2 OR AY.3.3 OR AY.3.4 OR AY.4 OR AY.4.1 OR AY.4.2 OR AY.4.2.1 OR AY.4.2.2 OR AY.4.2.3 OR AY.4.2.4 OR AY.4.2.5 OR AY.4.3 OR AY.4.4 OR AY.4.5 OR AY.4.6 OR AY.4.7 OR AY.4.8 OR AY.4.9 OR AY.4.10 OR AY.4.11 OR AY.4.12 OR AY.4.13 OR AY.4.14 OR AY.4.15 OR AY.4.16 OR AY.4.17 OR AY.5 OR AY.5.1 OR AY.5.2 OR AY.5.3 OR AY.5.4 OR AY.5.5 OR AY.5.6 OR AY.5.7 OR AY.6 OR AY.7 OR AY.7.1 OR AY.7.2 OR AY.8 OR AY.9 OR AY.9.1 OR AY.9.2 OR AY.9.2.1 OR AY.9.2.2 OR AY.10 OR AY.11 OR AY.12 OR AY.13 OR AY.14 OR AY.15 OR AY.16 OR AY.16.1 OR AY.17 OR AY.18 OR AY.19 OR AY.20 OR AY.20.1 OR AY.21 OR AY.22 OR AY.23 OR AY.23.1 OR AY.23.2 OR AY.24 OR AY.24.1 OR AY.25 OR AY.25.1 OR AY.25.1.1 OR AY.25.1.2 OR AY.25.2 OR AY.25.3 OR AY.26 OR AY.26.1 OR AY.27 OR AY.28 OR AY.29 OR AY.29.1 OR AY.29.2 OR AY.30 OR AY.31 OR AY.32 OR AY.33 OR AY.33.1 OR AY.33.2 OR AY.34 OR AY.34.1 OR AY.34.1.1 OR AY.34.2 OR AY.35 OR AY.36 OR AY.36.1 OR AY.37 OR AY.38 OR AY.39 OR AY.39.1 OR AY.39.1.1 OR AY.39.1.2 OR AY.39.1.3 OR AY.39.1.4 OR AY.39.2 OR AY.39.3 OR AY.39.4 OR AY.40 OR AY.41 OR AY.42 OR AY.42.1 OR AY.43 OR AY.43.1 OR AY.43.2 OR AY.43.3 OR AY.43.4 OR AY.43.5 OR AY.43.6 OR AY.43.7 OR AY.43.8 OR AY.43.9 OR AY.44 OR AY.45 OR AY.46 OR AY.46.1 OR AY.46.2 OR AY.46.3 OR AY.46.4 OR AY.46.5 OR AY.46.6 OR AY.46.6.1 OR AY.47 OR AY.48 OR AY.49 OR AY.50 OR AY.51 OR AY.52 OR AY.53 OR AY.54 OR AY.55 OR AY.56 OR AY.57 OR AY.58 OR AY.59 OR AY.60 OR AY.61 OR AY.62 OR AY.63 OR AY.64 OR AY.65 OR AY.66 OR AY.67 OR AY.68 OR AY.69 OR AY.70 OR AY.71 OR AY.72 OR AY.73 OR AY.74 OR AY.75 OR AY.75.1 OR AY.75.2 OR AY.75.3 OR AY.76 OR AY.77 OR AY.78 OR AY.79 OR AY.80 OR AY.81 OR AY.82 OR AY.83 OR AY.84 OR AY.85 OR AY.86 OR AY.87 OR AY.88 OR AY.89 OR AY.90 OR AY.91 OR AY.91.1 OR AY.92 OR AY.93 OR AY.94 OR AY.95 OR AY.96 OR AY.97 OR AY.98 OR AY.98.1 OR AY.98.1.1 OR AY.99 OR AY.99.1 OR AY.99.2 OR AY.100 OR AY.101 OR AY.102 OR AY.102.1 OR AY.102.2 OR AY.103 OR AY.103.1 OR AY.103.2 OR AY.104 OR AY.105 OR AY.106 OR AY.107 OR AY.108 OR AY.109 OR AY.110 OR AY.111 OR AY.112 OR AY.112.1 OR AY.112.2 OR AY.112.3 OR AY.113 OR AY.114 OR AY.115 OR AY.116 OR AY.116.1 OR AY.117 OR AY.118 OR AY.119 OR AY.119.1 OR AY.119.2 OR AY.120 OR AY.120.1 OR AY.120.2 OR AY.120.2.1 OR AY.121 OR AY.121.1 OR AY.122 OR AY.122.1 OR AY.122.2 OR AY.122.3 OR AY.122.4 OR AY.122.5 OR AY.122.6 OR AY.123 OR AY.123.1 OR AY.124 OR AY.124.1 OR AY.124.1.1 OR AY.125 OR AY.125.1 OR AY.126 OR AY.127 OR AY.127.1 OR AY.127.2 OR AY.127.3 OR AY.128 OR AY.129 OR AY.130 OR AY.131 OR AY.132 OR AY.133 OR AY.134 OR B.1.617.2,Delta,187.214285714286,186.928571428571,0.998473864937047
2021-10-28,271,271,188.142857142857,187.714285714286,0.997722095671982,0.986745007746831,0.999997391588393,AY.1 OR AY.2 OR AY.3 OR AY.3.1 OR AY.3.2 OR AY.3.3 OR AY.3.4 OR AY.4 OR AY.4.1 OR AY.4.2 OR AY.4.2.1 OR AY.4.2.2 OR AY.4.2.3 OR AY.4.2.4 OR AY.4.2.5 OR AY.4.3 OR AY.4.4 OR AY.4.5 OR AY.4.6 OR AY.4.7 OR AY.4.8 OR AY.4.9 OR AY.4.10 OR AY.4.11 OR AY.4.12 OR AY.4.13 OR AY.4.14 OR AY.4.15 OR AY.4.16 OR AY.4.17 OR AY.5 OR AY.5.1 OR AY.5.2 OR AY.5.3 OR AY.5.4 OR AY.5.5 OR AY.5.6 OR AY.5.7 OR AY.6 OR AY.7 OR AY.7.1 OR AY.7.2 OR AY.8 OR AY.9 OR AY.9.1 OR AY.9.2 OR AY.9.2.1 OR AY.9.2.2 OR AY.10 OR AY.11 OR AY.12 OR AY.13 OR AY.14 OR AY.15 OR AY.16 OR AY.16.1 OR AY.17 OR AY.18 OR AY.19 OR AY.20 OR AY.20.1 OR AY.21 OR AY.22 OR AY.23 OR AY.23.1 OR AY.23.2 OR AY.24 OR AY.24.1 OR AY.25 OR AY.25.1 OR AY.25.1.1 OR AY.25.1.2 OR AY.25.2 OR AY.25.3 OR AY.26 OR AY.26.1 OR AY.27 OR AY.28 OR AY.29 OR AY.29.1 OR AY.29.2 OR AY.30 OR AY.31 OR AY.32 OR AY.33 OR AY.33.1 OR AY.33.2 OR AY.34 OR AY.34.1 OR AY.34.1.1 OR AY.34.2 OR AY.35 OR AY.36 OR AY.36.1 OR AY.37 OR AY.38 OR AY.39 OR AY.39.1 OR AY.39.1.1 OR AY.39.1.2 OR AY.39.1.3 OR AY.39.1.4 OR AY.39.2 OR AY.39.3 OR AY.39.4 OR AY.40 OR AY.41 OR AY.42 OR AY.42.1 OR AY.43 OR AY.43.1 OR AY.43.2 OR AY.43.3 OR AY.43.4 OR AY.43.5 OR AY.43.6 OR AY.43.7 OR AY.43.8 OR AY.43.9 OR AY.44 OR AY.45 OR AY.46 OR AY.46.1 OR AY.46.2 OR AY.46.3 OR AY.46.4 OR AY.46.5 OR AY.46.6 OR AY.46.6.1 OR AY.47 OR AY.48 OR AY.49 OR AY.50 OR AY.51 OR AY.52 OR AY.53 OR AY.54 OR AY.55 OR AY.56 OR AY.57 OR AY.58 OR AY.59 OR AY.60 OR AY.61 OR AY.62 OR AY.63 OR AY.64 OR AY.65 OR AY.66 OR AY.67 OR AY.68 OR AY.69 OR AY.70 OR AY.71 OR AY.72 OR AY.73 OR AY.74 OR AY.75 OR AY.75.1 OR AY.75.2 OR AY.75.3 OR AY.76 OR AY.77 OR AY.78 OR AY.79 OR AY.80 OR AY.81 OR AY.82 OR AY.83 OR AY.84 OR AY.85 OR AY.86 OR AY.87 OR AY.88 OR AY.89 OR AY.90 OR AY.91 OR AY.91.1 OR AY.92 OR AY.93 OR AY.94 OR AY.95 OR AY.96 OR AY.97 OR AY.98 OR AY.98.1 OR AY.98.1.1 OR AY.99 OR AY.99.1 OR AY.99.2 OR AY.100 OR AY.101 OR AY.102 OR AY.102.1 OR AY.102.2 OR AY.103 OR AY.103.1 OR AY.103.2 OR AY.104 OR AY.105 OR AY.106 OR AY.107 OR AY.108 OR AY.109 OR AY.110 OR AY.111 OR AY.112 OR AY.112.1 OR AY.112.2 OR AY.112.3 OR AY.113 OR AY.114 OR AY.115 OR AY.116 OR AY.116.1 OR AY.117 OR AY.118 OR AY.119 OR AY.119.1 OR AY.119.2 OR AY.120 OR AY.120.1 OR AY.120.2 OR AY.120.2.1 OR AY.121 OR AY.121.1 OR AY.122 OR AY.122.1 OR AY.122.2 OR AY.122.3 OR AY.122.4 OR AY.122.5 OR AY.122.6 OR AY.123 OR AY.123.1 OR AY.124 OR AY.124.1 OR AY.124.1.1 OR AY.125 OR AY.125.1 OR AY.126 OR AY.127 OR AY.127.1 OR AY.127.2 OR AY.127.3 OR AY.128 OR AY.129 OR AY.130 OR AY.131 OR AY.132 OR AY.133 OR AY.134 OR B.1.617.2,Delta,192.928571428571,192.642857142857,0.998519067012218
2021-10-29,212,212,198.428571428571,198.142857142857,0.998560115190785,0.987409377414259,0.999997523159849,AY.1 OR AY.2 OR AY.3 OR AY.3.1 OR AY.3.2 OR AY.3.3 OR AY.3.4 OR AY.4 OR AY.4.1 OR AY.4.2 OR AY.4.2.1 OR AY.4.2.2 OR AY.4.2.3 OR AY.4.2.4 OR AY.4.2.5 OR AY.4.3 OR AY.4.4 OR AY.4.5 OR AY.4.6 OR AY.4.7 OR AY.4.8 OR AY.4.9 OR AY.4.10 OR AY.4.11 OR AY.4.12 OR AY.4.13 OR AY.4.14 OR AY.4.15 OR AY.4.16 OR AY.4.17 OR AY.5 OR AY.5.1 OR AY.5.2 OR AY.5.3 OR AY.5.4 OR AY.5.5 OR AY.5.6 OR AY.5.7 OR AY.6 OR AY.7 OR AY.7.1 OR AY.7.2 OR AY.8 OR AY.9 OR AY.9.1 OR AY.9.2 OR AY.9.2.1 OR AY.9.2.2 OR AY.10 OR AY.11 OR AY.12 OR AY.13 OR AY.14 OR AY.15 OR AY.16 OR AY.16.1 OR AY.17 OR AY.18 OR AY.19 OR AY.20 OR AY.20.1 OR AY.21 OR AY.22 OR AY.23 OR AY.23.1 OR AY.23.2 OR AY.24 OR AY.24.1 OR AY.25 OR AY.25.1 OR AY.25.1.1 OR AY.25.1.2 OR AY.25.2 OR AY.25.3 OR AY.26 OR AY.26.1 OR AY.27 OR AY.28 OR AY.29 OR AY.29.1 OR AY.29.2 OR AY.30 OR AY.31 OR AY.32 OR AY.33 OR AY.33.1 OR AY.33.2 OR AY.34 OR AY.34.1 OR AY.34.1.1 OR AY.34.2 OR AY.35 OR AY.36 OR AY.36.1 OR AY.37 OR AY.38 OR AY.39 OR AY.39.1 OR AY.39.1.1 OR AY.39.1.2 OR AY.39.1.3 OR AY.39.1.4 OR AY.39.2 OR AY.39.3 OR AY.39.4 OR AY.40 OR AY.41 OR AY.42 OR AY.42.1 OR AY.43 OR AY.43.1 OR AY.43.2 OR AY.43.3 OR AY.43.4 OR AY.43.5 OR AY.43.6 OR AY.43.7 OR AY.43.8 OR AY.43.9 OR AY.44 OR AY.45 OR AY.46 OR AY.46.1 OR AY.46.2 OR AY.46.3 OR AY.46.4 OR AY.46.5 OR AY.46.6 OR AY.46.6.1 OR AY.47 OR AY.48 OR AY.49 OR AY.50 OR AY.51 OR AY.52 OR AY.53 OR AY.54 OR AY.55 OR AY.56 OR AY.57 OR AY.58 OR AY.59 OR AY.60 OR AY.61 OR AY.62 OR AY.63 OR AY.64 OR AY.65 OR AY.66 OR AY.67 OR AY.68 OR AY.69 OR AY.70 OR AY.71 OR AY.72 OR AY.73 OR AY.74 OR AY.75 OR AY.75.1 OR AY.75.2 OR AY.75.3 OR AY.76 OR AY.77 OR AY.78 OR AY.79 OR AY.80 OR AY.81 OR AY.82 OR AY.83 OR AY.84 OR AY.85 OR AY.86 OR AY.87 OR AY.88 OR AY.89 OR AY.90 OR AY.91 OR AY.91.1 OR AY.92 OR AY.93 OR AY.94 OR AY.95 OR AY.96 OR AY.97 OR AY.98 OR AY.98.1 OR AY.98.1.1 OR AY.99 OR AY.99.1 OR AY.99.2 OR AY.100 OR AY.101 OR AY.102 OR AY.102.1 OR AY.102.2 OR AY.103 OR AY.103.1 OR AY.103.2 OR AY.104 OR AY.105 OR AY.106 OR AY.107 OR AY.108 OR AY.109 OR AY.110 OR AY.111 OR AY.112 OR AY.112.1 OR AY.112.2 OR AY.112.3 OR AY.113 OR AY.114 OR AY.115 OR AY.116 OR AY.116.1 OR AY.117 OR AY.118 OR AY.119 OR AY.119.1 OR AY.119.2 OR AY.120 OR AY.120.1 OR AY.120.2 OR AY.120.2.1 OR AY.121 OR AY.121.1 OR AY.122 OR AY.122.1 OR AY.122.2 OR AY.122.3 OR AY.122.4 OR AY.122.5 OR AY.122.6 OR AY.123 OR AY.123.1 OR AY.124 OR AY.124.1 OR AY.124.1.1 OR AY.125 OR AY.125.1 OR AY.126 OR AY.127 OR AY.127.1 OR AY.127.2 OR AY.127.3 OR AY.128 OR AY.129 OR AY.130 OR AY.131 OR AY.132 OR AY.133 OR AY.134 OR B.1.617.2,Delta,197.714285714286,197.428571428571,0.998554913294798
2021-10-30,94,94,195.142857142857,194.857142857143,0.998535871156662,0.987217166089118,0.999997485103516,AY.1 OR AY.2 OR AY.3 OR AY.3.1 OR AY.3.2 OR AY.3.3 OR AY.3.4 OR AY.4 OR AY.4.1 OR AY.4.2 OR AY.4.2.1 OR AY.4.2.2 OR AY.4.2.3 OR AY.4.2.4 OR AY.4.2.5 OR AY.4.3 OR AY.4.4 OR AY.4.5 OR AY.4.6 OR AY.4.7 OR AY.4.8 OR AY.4.9 OR AY.4.10 OR AY.4.11 OR AY.4.12 OR AY.4.13 OR AY.4.14 OR AY.4.15 OR AY.4.16 OR AY.4.17 OR AY.5 OR AY.5.1 OR AY.5.2 OR AY.5.3 OR AY.5.4 OR AY.5.5 OR AY.5.6 OR AY.5.7 OR AY.6 OR AY.7 OR AY.7.1 OR AY.7.2 OR AY.8 OR AY.9 OR AY.9.1 OR AY.9.2 OR AY.9.2.1 OR AY.9.2.2 OR AY.10 OR AY.11 OR AY.12 OR AY.13 OR AY.14 OR AY.15 OR AY.16 OR AY.16.1 OR AY.17 OR AY.18 OR AY.19 OR AY.20 OR AY.20.1 OR AY.21 OR AY.22 OR AY.23 OR AY.23.1 OR AY.23.2 OR AY.24 OR AY.24.1 OR AY.25 OR AY.25.1 OR AY.25.1.1 OR AY.25.1.2 OR AY.25.2 OR AY.25.3 OR AY.26 OR AY.26.1 OR AY.27 OR AY.28 OR AY.29 OR AY.29.1 OR AY.29.2 OR AY.30 OR AY.31 OR AY.32 OR AY.33 OR AY.33.1 OR AY.33.2 OR AY.34 OR AY.34.1 OR AY.34.1.1 OR AY.34.2 OR AY.35 OR AY.36 OR AY.36.1 OR AY.37 OR AY.38 OR AY.39 OR AY.39.1 OR AY.39.1.1 OR AY.39.1.2 OR AY.39.1.3 OR AY.39.1.4 OR AY.39.2 OR AY.39.3 OR AY.39.4 OR AY.40 OR AY.41 OR AY.42 OR AY.42.1 OR AY.43 OR AY.43.1 OR AY.43.2 OR AY.43.3 OR AY.43.4 OR AY.43.5 OR AY.43.6 OR AY.43.7 OR AY.43.8 OR AY.43.9 OR AY.44 OR AY.45 OR AY.46 OR AY.46.1 OR AY.46.2 OR AY.46.3 OR AY.46.4 OR AY.46.5 OR AY.46.6 OR AY.46.6.1 OR AY.47 OR AY.48 OR AY.49 OR AY.50 OR AY.51 OR AY.52 OR AY.53 OR AY.54 OR AY.55 OR AY.56 OR AY.57 OR AY.58 OR AY.59 OR AY.60 OR AY.61 OR AY.62 OR AY.63 OR AY.64 OR AY.65 OR AY.66 OR AY.67 OR AY.68 OR AY.69 OR AY.70 OR AY.71 OR AY.72 OR AY.73 OR AY.74 OR AY.75 OR AY.75.1 OR AY.75.2 OR AY.75.3 OR AY.76 OR AY.77 OR AY.78 OR AY.79 OR AY.80 OR AY.81 OR AY.82 OR AY.83 OR AY.84 OR AY.85 OR AY.86 OR AY.87 OR AY.88 OR AY.89 OR AY.90 OR AY.91 OR AY.91.1 OR AY.92 OR AY.93 OR AY.94 OR AY.95 OR AY.96 OR AY.97 OR AY.98 OR AY.98.1 OR AY.98.1.1 OR AY.99 OR AY.99.1 OR AY.99.2 OR AY.100 OR AY.101 OR AY.102 OR AY.102.1 OR AY.102.2 OR AY.103 OR AY.103.1 OR AY.103.2 OR AY.104 OR AY.105 OR AY.106 OR AY.107 OR AY.108 OR AY.109 OR AY.110 OR AY.111 OR AY.112 OR AY.112.1 OR AY.112.2 OR AY.112.3 OR AY.113 OR AY.114 OR AY.115 OR AY.116 OR AY.116.1 OR AY.117 OR AY.118 OR AY.119 OR AY.119.1 OR AY.119.2 OR AY.120 OR AY.120.1 OR AY.120.2 OR AY.120.2.1 OR AY.121 OR AY.121.1 OR AY.122 OR AY.122.1 OR AY.122.2 OR AY.122.3 OR AY.122.4 OR AY.122.5 OR AY.122.6 OR AY.123 OR AY.123.1 OR AY.124 OR AY.124.1 OR AY.124.1.1 OR AY.125 OR AY.125.1 OR AY.126 OR AY.127 OR AY.127.1 OR AY.127.2 OR AY.127.3 OR AY.128 OR AY.129 OR AY.130 OR AY.131 OR AY.132 OR AY.133 OR AY.134 OR B.1.617.2,Delta,196.5,196.214285714286,0.998545983278808
2021-10-31,88,88,201,200.714285714286,0.998578535891969,0.987595894017985,0.999997560081587,AY.1 OR AY.2 OR AY.3 OR AY.3.1 OR AY.3.2 OR AY.3.3 OR AY.3.4 OR AY.4 OR AY.4.1 OR AY.4.2 OR AY.4.2.1 OR AY.4.2.2 OR AY.4.2.3 OR AY.4.2.4 OR AY.4.2.5 OR AY.4.3 OR AY.4.4 OR AY.4.5 OR AY.4.6 OR AY.4.7 OR AY.4.8 OR AY.4.9 OR AY.4.10 OR AY.4.11 OR AY.4.12 OR AY.4.13 OR AY.4.14 OR AY.4.15 OR AY.4.16 OR AY.4.17 OR AY.5 OR AY.5.1 OR AY.5.2 OR AY.5.3 OR AY.5.4 OR AY.5.5 OR AY.5.6 OR AY.5.7 OR AY.6 OR AY.7 OR AY.7.1 OR AY.7.2 OR AY.8 OR AY.9 OR AY.9.1 OR AY.9.2 OR AY.9.2.1 OR AY.9.2.2 OR AY.10 OR AY.11 OR AY.12 OR AY.13 OR AY.14 OR AY.15 OR AY.16 OR AY.16.1 OR AY.17 OR AY.18 OR AY.19 OR AY.20 OR AY.20.1 OR AY.21 OR AY.22 OR AY.23 OR AY.23.1 OR AY.23.2 OR AY.24 OR AY.24.1 OR AY.25 OR AY.25.1 OR AY.25.1.1 OR AY.25.1.2 OR AY.25.2 OR AY.25.3 OR AY.26 OR AY.26.1 OR AY.27 OR AY.28 OR AY.29 OR AY.29.1 OR AY.29.2 OR AY.30 OR AY.31 OR AY.32 OR AY.33 OR AY.33.1 OR AY.33.2 OR AY.34 OR AY.34.1 OR AY.34.1.1 OR AY.34.2 OR AY.35 OR AY.36 OR AY.36.1 OR AY.37 OR AY.38 OR AY.39 OR AY.39.1 OR AY.39.1.1 OR AY.39.1.2 OR AY.39.1.3 OR AY.39.1.4 OR AY.39.2 OR AY.39.3 OR AY.39.4 OR AY.40 OR AY.41 OR AY.42 OR AY.42.1 OR AY.43 OR AY.43.1 OR AY.43.2 OR AY.43.3 OR AY.43.4 OR AY.43.5 OR AY.43.6 OR AY.43.7 OR AY.43.8 OR AY.43.9 OR AY.44 OR AY.45 OR AY.46 OR AY.46.1 OR AY.46.2 OR AY.46.3 OR AY.46.4 OR AY.46.5 OR AY.46.6 OR AY.46.6.1 OR AY.47 OR AY.48 OR AY.49 OR AY.50 OR AY.51 OR AY.52 OR AY.53 OR AY.54 OR AY.55 OR AY.56 OR AY.57 OR AY.58 OR AY.59 OR AY.60 OR AY.61 OR AY.62 OR AY.63 OR AY.64 OR AY.65 OR AY.66 OR AY.67 OR AY.68 OR AY.69 OR AY.70 OR AY.71 OR AY.72 OR AY.73 OR AY.74 OR AY.75 OR AY.75.1 OR AY.75.2 OR AY.75.3 OR AY.76 OR AY.77 OR AY.78 OR AY.79 OR AY.80 OR AY.81 OR AY.82 OR AY.83 OR AY.84 OR AY.85 OR AY.86 OR AY.87 OR AY.88 OR AY.89 OR AY.90 OR AY.91 OR AY.91.1 OR AY.92 OR AY.93 OR AY.94 OR AY.95 OR AY.96 OR AY.97 OR AY.98 OR AY.98.1 OR AY.98.1.1 OR AY.99 OR AY.99.1 OR AY.99.2 OR AY.100 OR AY.101 OR AY.102 OR AY.102.1 OR AY.102.2 OR AY.103 OR AY.103.1 OR AY.103.2 OR AY.104 OR AY.105 OR AY.106 OR AY.107 OR AY.108 OR AY.109 OR AY.110 OR AY.111 OR AY.112 OR AY.112.1 OR AY.112.2 OR AY.112.3 OR AY.113 OR AY.114 OR AY.115 OR AY.116 OR AY.116.1 OR AY.117 OR AY.118 OR AY.119 OR AY.119.1 OR AY.119.2 OR AY.120 OR AY.120.1 OR AY.120.2 OR AY.120.2.1 OR AY.121 OR AY.121.1 OR AY.122 OR AY.122.1 OR AY.122.2 OR AY.122.3 OR AY.122.4 OR AY.122.5 OR AY.122.6 OR AY.123 OR AY.123.1 OR AY.124 OR AY.124.1 OR AY.124.1.1 OR AY.125 OR AY.125.1 OR AY.126 OR AY.127 OR AY.127.1 OR AY.127.2 OR AY.127.3 OR AY.128 OR AY.129 OR AY.130 OR AY.131 OR AY.132 OR AY.133 OR AY.134 OR B.1.617.2,Delta,199.357142857143,199.071428571429,0.998566821927625
2021-11-01,174,174,192.857142857143,192.857142857143,1,0.987085731356044,0.999997459076203,AY.1 OR AY.2 OR AY.3 OR AY.3.1 OR AY.3.2 OR AY.3.3 OR AY.3.4 OR AY.4 OR AY.4.1 OR AY.4.2 OR AY.4.2.1 OR AY.4.2.2 OR AY.4.2.3 OR AY.4.2.4 OR AY.4.2.5 OR AY.4.3 OR AY.4.4 OR AY.4.5 OR AY.4.6 OR AY.4.7 OR AY.4.8 OR AY.4.9 OR AY.4.10 OR AY.4.11 OR AY.4.12 OR AY.4.13 OR AY.4.14 OR AY.4.15 OR AY.4.16 OR AY.4.17 OR AY.5 OR AY.5.1 OR AY.5.2 OR AY.5.3 OR AY.5.4 OR AY.5.5 OR AY.5.6 OR AY.5.7 OR AY.6 OR AY.7 OR AY.7.1 OR AY.7.2 OR AY.8 OR AY.9 OR AY.9.1 OR AY.9.2 OR AY.9.2.1 OR AY.9.2.2 OR AY.10 OR AY.11 OR AY.12 OR AY.13 OR AY.14 OR AY.15 OR AY.16 OR AY.16.1 OR AY.17 OR AY.18 OR AY.19 OR AY.20 OR AY.20.1 OR AY.21 OR AY.22 OR AY.23 OR AY.23.1 OR AY.23.2 OR AY.24 OR AY.24.1 OR AY.25 OR AY.25.1 OR AY.25.1.1 OR AY.25.1.2 OR AY.25.2 OR AY.25.3 OR AY.26 OR AY.26.1 OR AY.27 OR AY.28 OR AY.29 OR AY.29.1 OR AY.29.2 OR AY.30 OR AY.31 OR AY.32 OR AY.33 OR AY.33.1 OR AY.33.2 OR AY.34 OR AY.34.1 OR AY.34.1.1 OR AY.34.2 OR AY.35 OR AY.36 OR AY.36.1 OR AY.37 OR AY.38 OR AY.39 OR AY.39.1 OR AY.39.1.1 OR AY.39.1.2 OR AY.39.1.3 OR AY.39.1.4 OR AY.39.2 OR AY.39.3 OR AY.39.4 OR AY.40 OR AY.41 OR AY.42 OR AY.42.1 OR AY.43 OR AY.43.1 OR AY.43.2 OR AY.43.3 OR AY.43.4 OR AY.43.5 OR AY.43.6 OR AY.43.7 OR AY.43.8 OR AY.43.9 OR AY.44 OR AY.45 OR AY.46 OR AY.46.1 OR AY.46.2 OR AY.46.3 OR AY.46.4 OR AY.46.5 OR AY.46.6 OR AY.46.6.1 OR AY.47 OR AY.48 OR AY.49 OR AY.50 OR AY.51 OR AY.52 OR AY.53 OR AY.54 OR AY.55 OR AY.56 OR AY.57 OR AY.58 OR AY.59 OR AY.60 OR AY.61 OR AY.62 OR AY.63 OR AY.64 OR AY.65 OR AY.66 OR AY.67 OR AY.68 OR AY.69 OR AY.70 OR AY.71 OR AY.72 OR AY.73 OR AY.74 OR AY.75 OR AY.75.1 OR AY.75.2 OR AY.75.3 OR AY.76 OR AY.77 OR AY.78 OR AY.79 OR AY.80 OR AY.81 OR AY.82 OR AY.83 OR AY.84 OR AY.85 OR AY.86 OR AY.87 OR AY.88 OR AY.89 OR AY.90 OR AY.91 OR AY.91.1 OR AY.92 OR AY.93 OR AY.94 OR AY.95 OR AY.96 OR AY.97 OR AY.98 OR AY.98.1 OR AY.98.1.1 OR AY.99 OR AY.99.1 OR AY.99.2 OR AY.100 OR AY.101 OR AY.102 OR AY.102.1 OR AY.102.2 OR AY.103 OR AY.103.1 OR AY.103.2 OR AY.104 OR AY.105 OR AY.106 OR AY.107 OR AY.108 OR AY.109 OR AY.110 OR AY.111 OR AY.112 OR AY.112.1 OR AY.112.2 OR AY.112.3 OR AY.113 OR AY.114 OR AY.115 OR AY.116 OR AY.116.1 OR AY.117 OR AY.118 OR AY.119 OR AY.119.1 OR AY.119.2 OR AY.120 OR AY.120.1 OR AY.120.2 OR AY.120.2.1 OR AY.121 OR AY.121.1 OR AY.122 OR AY.122.1 OR AY.122.2 OR AY.122.3 OR AY.122.4 OR AY.122.5 OR AY.122.6 OR AY.123 OR AY.123.1 OR AY.124 OR AY.124.1 OR AY.124.1.1 OR AY.125 OR AY.125.1 OR AY.126 OR AY.127 OR AY.127.1 OR AY.127.2 OR AY.127.3 OR AY.128 OR AY.129 OR AY.130 OR AY.131 OR AY.132 OR AY.133 OR AY.134 OR B.1.617.2,Delta,195.214285714286,194.928571428571,0.998536406878888
2021-11-02,445,445,218.714285714286,218.714285714286,1,0.988608419929132,0.999997760393663,AY.1 OR AY.2 OR AY.3 OR AY.3.1 OR AY.3.2 OR AY.3.3 OR AY.3.4 OR AY.4 OR AY.4.1 OR AY.4.2 OR AY.4.2.1 OR AY.4.2.2 OR AY.4.2.3 OR AY.4.2.4 OR AY.4.2.5 OR AY.4.3 OR AY.4.4 OR AY.4.5 OR AY.4.6 OR AY.4.7 OR AY.4.8 OR AY.4.9 OR AY.4.10 OR AY.4.11 OR AY.4.12 OR AY.4.13 OR AY.4.14 OR AY.4.15 OR AY.4.16 OR AY.4.17 OR AY.5 OR AY.5.1 OR AY.5.2 OR AY.5.3 OR AY.5.4 OR AY.5.5 OR AY.5.6 OR AY.5.7 OR AY.6 OR AY.7 OR AY.7.1 OR AY.7.2 OR AY.8 OR AY.9 OR AY.9.1 OR AY.9.2 OR AY.9.2.1 OR AY.9.2.2 OR AY.10 OR AY.11 OR AY.12 OR AY.13 OR AY.14 OR AY.15 OR AY.16 OR AY.16.1 OR AY.17 OR AY.18 OR AY.19 OR AY.20 OR AY.20.1 OR AY.21 OR AY.22 OR AY.23 OR AY.23.1 OR AY.23.2 OR AY.24 OR AY.24.1 OR AY.25 OR AY.25.1 OR AY.25.1.1 OR AY.25.1.2 OR AY.25.2 OR AY.25.3 OR AY.26 OR AY.26.1 OR AY.27 OR AY.28 OR AY.29 OR AY.29.1 OR AY.29.2 OR AY.30 OR AY.31 OR AY.32 OR AY.33 OR AY.33.1 OR AY.33.2 OR AY.34 OR AY.34.1 OR AY.34.1.1 OR AY.34.2 OR AY.35 OR AY.36 OR AY.36.1 OR AY.37 OR AY.38 OR AY.39 OR AY.39.1 OR AY.39.1.1 OR AY.39.1.2 OR AY.39.1.3 OR AY.39.1.4 OR AY.39.2 OR AY.39.3 OR AY.39.4 OR AY.40 OR AY.41 OR AY.42 OR AY.42.1 OR AY.43 OR AY.43.1 OR AY.43.2 OR AY.43.3 OR AY.43.4 OR AY.43.5 OR AY.43.6 OR AY.43.7 OR AY.43.8 OR AY.43.9 OR AY.44 OR AY.45 OR AY.46 OR AY.46.1 OR AY.46.2 OR AY.46.3 OR AY.46.4 OR AY.46.5 OR AY.46.6 OR AY.46.6.1 OR AY.47 OR AY.48 OR AY.49 OR AY.50 OR AY.51 OR AY.52 OR AY.53 OR AY.54 OR AY.55 OR AY.56 OR AY.57 OR AY.58 OR AY.59 OR AY.60 OR AY.61 OR AY.62 OR AY.63 OR AY.64 OR AY.65 OR AY.66 OR AY.67 OR AY.68 OR AY.69 OR AY.70 OR AY.71 OR AY.72 OR AY.73 OR AY.74 OR AY.75 OR AY.75.1 OR AY.75.2 OR AY.75.3 OR AY.76 OR AY.77 OR AY.78 OR AY.79 OR AY.80 OR AY.81 OR AY.82 OR AY.83 OR AY.84 OR AY.85 OR AY.86 OR AY.87 OR AY.88 OR AY.89 OR AY.90 OR AY.91 OR AY.91.1 OR AY.92 OR AY.93 OR AY.94 OR AY.95 OR AY.96 OR AY.97 OR AY.98 OR AY.98.1 OR AY.98.1.1 OR AY.99 OR AY.99.1 OR AY.99.2 OR AY.100 OR AY.101 OR AY.102 OR AY.102.1 OR AY.102.2 OR AY.103 OR AY.103.1 OR AY.103.2 OR AY.104 OR AY.105 OR AY.106 OR AY.107 OR AY.108 OR AY.109 OR AY.110 OR AY.111 OR AY.112 OR AY.112.1 OR AY.112.2 OR AY.112.3 OR AY.113 OR AY.114 OR AY.115 OR AY.116 OR AY.116.1 OR AY.117 OR AY.118 OR AY.119 OR AY.119.1 OR AY.119.2 OR AY.120 OR AY.120.1 OR AY.120.2 OR AY.120.2.1 OR AY.121 OR AY.121.1 OR AY.122 OR AY.122.1 OR AY.122.2 OR AY.122.3 OR AY.122.4 OR AY.122.5 OR AY.122.6 OR AY.123 OR AY.123.1 OR AY.124 OR AY.124.1 OR AY.124.1.1 OR AY.125 OR AY.125.1 OR AY.126 OR AY.127 OR AY.127.1 OR AY.127.2 OR AY.127.3 OR AY.128 OR AY.129 OR AY.130 OR AY.131 OR AY.132 OR AY.133 OR AY.134 OR B.1.617.2,Delta,205.428571428571,205.142857142857,0.998609179415855
2021-11-03,427,427,244.428571428571,244.428571428571,1,0.989768405427815,0.999997989626171,AY.1 OR AY.2 OR AY.3 OR AY.3.1 OR AY.3.2 OR AY.3.3 OR AY.3.4 OR AY.4 OR AY.4.1 OR AY.4.2 OR AY.4.2.1 OR AY.4.2.2 OR AY.4.2.3 OR AY.4.2.4 OR AY.4.2.5 OR AY.4.3 OR AY.4.4 OR AY.4.5 OR AY.4.6 OR AY.4.7 OR AY.4.8 OR AY.4.9 OR AY.4.10 OR AY.4.11 OR AY.4.12 OR AY.4.13 OR AY.4.14 OR AY.4.15 OR AY.4.16 OR AY.4.17 OR AY.5 OR AY.5.1 OR AY.5.2 OR AY.5.3 OR AY.5.4 OR AY.5.5 OR AY.5.6 OR AY.5.7 OR AY.6 OR AY.7 OR AY.7.1 OR AY.7.2 OR AY.8 OR AY.9 OR AY.9.1 OR AY.9.2 OR AY.9.2.1 OR AY.9.2.2 OR AY.10 OR AY.11 OR AY.12 OR AY.13 OR AY.14 OR AY.15 OR AY.16 OR AY.16.1 OR AY.17 OR AY.18 OR AY.19 OR AY.20 OR AY.20.1 OR AY.21 OR AY.22 OR AY.23 OR AY.23.1 OR AY.23.2 OR AY.24 OR AY.24.1 OR AY.25 OR AY.25.1 OR AY.25.1.1 OR AY.25.1.2 OR AY.25.2 OR AY.25.3 OR AY.26 OR AY.26.1 OR AY.27 OR AY.28 OR AY.29 OR AY.29.1 OR AY.29.2 OR AY.30 OR AY.31 OR AY.32 OR AY.33 OR AY.33.1 OR AY.33.2 OR AY.34 OR AY.34.1 OR AY.34.1.1 OR AY.34.2 OR AY.35 OR AY.36 OR AY.36.1 OR AY.37 OR AY.38 OR AY.39 OR AY.39.1 OR AY.39.1.1 OR AY.39.1.2 OR AY.39.1.3 OR AY.39.1.4 OR AY.39.2 OR AY.39.3 OR AY.39.4 OR AY.40 OR AY.41 OR AY.42 OR AY.42.1 OR AY.43 OR AY.43.1 OR AY.43.2 OR AY.43.3 OR AY.43.4 OR AY.43.5 OR AY.43.6 OR AY.43.7 OR AY.43.8 OR AY.43.9 OR AY.44 OR AY.45 OR AY.46 OR AY.46.1 OR AY.46.2 OR AY.46.3 OR AY.46.4 OR AY.46.5 OR AY.46.6 OR AY.46.6.1 OR AY.47 OR AY.48 OR AY.49 OR AY.50 OR AY.51 OR AY.52 OR AY.53 OR AY.54 OR AY.55 OR AY.56 OR AY.57 OR AY.58 OR AY.59 OR AY.60 OR AY.61 OR AY.62 OR AY.63 OR AY.64 OR AY.65 OR AY.66 OR AY.67 OR AY.68 OR AY.69 OR AY.70 OR AY.71 OR AY.72 OR AY.73 OR AY.74 OR AY.75 OR AY.75.1 OR AY.75.2 OR AY.75.3 OR AY.76 OR AY.77 OR AY.78 OR AY.79 OR AY.80 OR AY.81 OR AY.82 OR AY.83 OR AY.84 OR AY.85 OR AY.86 OR AY.87 OR AY.88 OR AY.89 OR AY.90 OR AY.91 OR AY.91.1 OR AY.92 OR AY.93 OR AY.94 OR AY.95 OR AY.96 OR AY.97 OR AY.98 OR AY.98.1 OR AY.98.1.1 OR AY.99 OR AY.99.1 OR AY.99.2 OR AY.100 OR AY.101 OR AY.102 OR AY.102.1 OR AY.102.2 OR AY.103 OR AY.103.1 OR AY.103.2 OR AY.104 OR AY.105 OR AY.106 OR AY.107 OR AY.108 OR AY.109 OR AY.110 OR AY.111 OR AY.112 OR AY.112.1 OR AY.112.2 OR AY.112.3 OR AY.113 OR AY.114 OR AY.115 OR AY.116 OR AY.116.1 OR AY.117 OR AY.118 OR AY.119 OR AY.119.1 OR AY.119.2 OR AY.120 OR AY.120.1 OR AY.120.2 OR AY.120.2.1 OR AY.121 OR AY.121.1 OR AY.122 OR AY.122.1 OR AY.122.2 OR AY.122.3 OR AY.122.4 OR AY.122.5 OR AY.122.6 OR AY.123 OR AY.123.1 OR AY.124 OR AY.124.1 OR AY.124.1.1 OR AY.125 OR AY.125.1 OR AY.126 OR AY.127 OR AY.127.1 OR AY.127.2 OR AY.127.3 OR AY.128 OR AY.129 OR AY.130 OR AY.131 OR AY.132 OR AY.133 OR AY.134 OR B.1.617.2,Delta,215.357142857143,215.071428571429,0.998673300165838
2021-11-04,424,424,266.285714285714,266.285714285714,1,0.990609848495576,0.999998155741261,AY.1 OR AY.2 OR AY.3 OR AY.3.1 OR AY.3.2 OR AY.3.3 OR AY.3.4 OR AY.4 OR AY.4.1 OR AY.4.2 OR AY.4.2.1 OR AY.4.2.2 OR AY.4.2.3 OR AY.4.2.4 OR AY.4.2.5 OR AY.4.3 OR AY.4.4 OR AY.4.5 OR AY.4.6 OR AY.4.7 OR AY.4.8 OR AY.4.9 OR AY.4.10 OR AY.4.11 OR AY.4.12 OR AY.4.13 OR AY.4.14 OR AY.4.15 OR AY.4.16 OR AY.4.17 OR AY.5 OR AY.5.1 OR AY.5.2 OR AY.5.3 OR AY.5.4 OR AY.5.5 OR AY.5.6 OR AY.5.7 OR AY.6 OR AY.7 OR AY.7.1 OR AY.7.2 OR AY.8 OR AY.9 OR AY.9.1 OR AY.9.2 OR AY.9.2.1 OR AY.9.2.2 OR AY.10 OR AY.11 OR AY.12 OR AY.13 OR AY.14 OR AY.15 OR AY.16 OR AY.16.1 OR AY.17 OR AY.18 OR AY.19 OR AY.20 OR AY.20.1 OR AY.21 OR AY.22 OR AY.23 OR AY.23.1 OR AY.23.2 OR AY.24 OR AY.24.1 OR AY.25 OR AY.25.1 OR AY.25.1.1 OR AY.25.1.2 OR AY.25.2 OR AY.25.3 OR AY.26 OR AY.26.1 OR AY.27 OR AY.28 OR AY.29 OR AY.29.1 OR AY.29.2 OR AY.30 OR AY.31 OR AY.32 OR AY.33 OR AY.33.1 OR AY.33.2 OR AY.34 OR AY.34.1 OR AY.34.1.1 OR AY.34.2 OR AY.35 OR AY.36 OR AY.36.1 OR AY.37 OR AY.38 OR AY.39 OR AY.39.1 OR AY.39.1.1 OR AY.39.1.2 OR AY.39.1.3 OR AY.39.1.4 OR AY.39.2 OR AY.39.3 OR AY.39.4 OR AY.40 OR AY.41 OR AY.42 OR AY.42.1 OR AY.43 OR AY.43.1 OR AY.43.2 OR AY.43.3 OR AY.43.4 OR AY.43.5 OR AY.43.6 OR AY.43.7 OR AY.43.8 OR AY.43.9 OR AY.44 OR AY.45 OR AY.46 OR AY.46.1 OR AY.46.2 OR AY.46.3 OR AY.46.4 OR AY.46.5 OR AY.46.6 OR AY.46.6.1 OR AY.47 OR AY.48 OR AY.49 OR AY.50 OR AY.51 OR AY.52 OR AY.53 OR AY.54 OR AY.55 OR AY.56 OR AY.57 OR AY.58 OR AY.59 OR AY.60 OR AY.61 OR AY.62 OR AY.63 OR AY.64 OR AY.65 OR AY.66 OR AY.67 OR AY.68 OR AY.69 OR AY.70 OR AY.71 OR AY.72 OR AY.73 OR AY.74 OR AY.75 OR AY.75.1 OR AY.75.2 OR AY.75.3 OR AY.76 OR AY.77 OR AY.78 OR AY.79 OR AY.80 OR AY.81 OR AY.82 OR AY.83 OR AY.84 OR AY.85 OR AY.86 OR AY.87 OR AY.88 OR AY.89 OR AY.90 OR AY.91 OR AY.91.1 OR AY.92 OR AY.93 OR AY.94 OR AY.95 OR AY.96 OR AY.97 OR AY.98 OR AY.98.1 OR AY.98.1.1 OR AY.99 OR AY.99.1 OR AY.99.2 OR AY.100 OR AY.101 OR AY.102 OR AY.102.1 OR AY.102.2 OR AY.103 OR AY.103.1 OR AY.103.2 OR AY.104 OR AY.105 OR AY.106 OR AY.107 OR AY.108 OR AY.109 OR AY.110 OR AY.111 OR AY.112 OR AY.112.1 OR AY.112.2 OR AY.112.3 OR AY.113 OR AY.114 OR AY.115 OR AY.116 OR AY.116.1 OR AY.117 OR AY.118 OR AY.119 OR AY.119.1 OR AY.119.2 OR AY.120 OR AY.120.1 OR AY.120.2 OR AY.120.2.1 OR AY.121 OR AY.121.1 OR AY.122 OR AY.122.1 OR AY.122.2 OR AY.122.3 OR AY.122.4 OR AY.122.5 OR AY.122.6 OR AY.123 OR AY.123.1 OR AY.124 OR AY.124.1 OR AY.124.1.1 OR AY.125 OR AY.125.1 OR AY.126 OR AY.127 OR AY.127.1 OR AY.127.2 OR AY.127.3 OR AY.128 OR AY.129 OR AY.130 OR AY.131 OR AY.132 OR AY.133 OR AY.134 OR B.1.617.2,Delta,227.214285714286,227,0.999056900345803
2021-11-05,453,453,300.714285714286,300.714285714286,1,0.991696275339273,0.999998370011654,AY.1 OR AY.2 OR AY.3 OR AY.3.1 OR AY.3.2 OR AY.3.3 OR AY.3.4 OR AY.4 OR AY.4.1 OR AY.4.2 OR AY.4.2.1 OR AY.4.2.2 OR AY.4.2.3 OR AY.4.2.4 OR AY.4.2.5 OR AY.4.3 OR AY.4.4 OR AY.4.5 OR AY.4.6 OR AY.4.7 OR AY.4.8 OR AY.4.9 OR AY.4.10 OR AY.4.11 OR AY.4.12 OR AY.4.13 OR AY.4.14 OR AY.4.15 OR AY.4.16 OR AY.4.17 OR AY.5 OR AY.5.1 OR AY.5.2 OR AY.5.3 OR AY.5.4 OR AY.5.5 OR AY.5.6 OR AY.5.7 OR AY.6 OR AY.7 OR AY.7.1 OR AY.7.2 OR AY.8 OR AY.9 OR AY.9.1 OR AY.9.2 OR AY.9.2.1 OR AY.9.2.2 OR AY.10 OR AY.11 OR AY.12 OR AY.13 OR AY.14 OR AY.15 OR AY.16 OR AY.16.1 OR AY.17 OR AY.18 OR AY.19 OR AY.20 OR AY.20.1 OR AY.21 OR AY.22 OR AY.23 OR AY.23.1 OR AY.23.2 OR AY.24 OR AY.24.1 OR AY.25 OR AY.25.1 OR AY.25.1.1 OR AY.25.1.2 OR AY.25.2 OR AY.25.3 OR AY.26 OR AY.26.1 OR AY.27 OR AY.28 OR AY.29 OR AY.29.1 OR AY.29.2 OR AY.30 OR AY.31 OR AY.32 OR AY.33 OR AY.33.1 OR AY.33.2 OR AY.34 OR AY.34.1 OR AY.34.1.1 OR AY.34.2 OR AY.35 OR AY.36 OR AY.36.1 OR AY.37 OR AY.38 OR AY.39 OR AY.39.1 OR AY.39.1.1 OR AY.39.1.2 OR AY.39.1.3 OR AY.39.1.4 OR AY.39.2 OR AY.39.3 OR AY.39.4 OR AY.40 OR AY.41 OR AY.42 OR AY.42.1 OR AY.43 OR AY.43.1 OR AY.43.2 OR AY.43.3 OR AY.43.4 OR AY.43.5 OR AY.43.6 OR AY.43.7 OR AY.43.8 OR AY.43.9 OR AY.44 OR AY.45 OR AY.46 OR AY.46.1 OR AY.46.2 OR AY.46.3 OR AY.46.4 OR AY.46.5 OR AY.46.6 OR AY.46.6.1 OR AY.47 OR AY.48 OR AY.49 OR AY.50 OR AY.51 OR AY.52 OR AY.53 OR AY.54 OR AY.55 OR AY.56 OR AY.57 OR AY.58 OR AY.59 OR AY.60 OR AY.61 OR AY.62 OR AY.63 OR AY.64 OR AY.65 OR AY.66 OR AY.67 OR AY.68 OR AY.69 OR AY.70 OR AY.71 OR AY.72 OR AY.73 OR AY.74 OR AY.75 OR AY.75.1 OR AY.75.2 OR AY.75.3 OR AY.76 OR AY.77 OR AY.78 OR AY.79 OR AY.80 OR AY.81 OR AY.82 OR AY.83 OR AY.84 OR AY.85 OR AY.86 OR AY.87 OR AY.88 OR AY.89 OR AY.90 OR AY.91 OR AY.91.1 OR AY.92 OR AY.93 OR AY.94 OR AY.95 OR AY.96 OR AY.97 OR AY.98 OR AY.98.1 OR AY.98.1.1 OR AY.99 OR AY.99.1 OR AY.99.2 OR AY.100 OR AY.101 OR AY.102 OR AY.102.1 OR AY.102.2 OR AY.103 OR AY.103.1 OR AY.103.2 OR AY.104 OR AY.105 OR AY.106 OR AY.107 OR AY.108 OR AY.109 OR AY.110 OR AY.111 OR AY.112 OR AY.112.1 OR AY.112.2 OR AY.112.3 OR AY.113 OR AY.114 OR AY.115 OR AY.116 OR AY.116.1 OR AY.117 OR AY.118 OR AY.119 OR AY.119.1 OR AY.119.2 OR AY.120 OR AY.120.1 OR AY.120.2 OR AY.120.2.1 OR AY.121 OR AY.121.1 OR AY.122 OR AY.122.1 OR AY.122.2 OR AY.122.3 OR AY.122.4 OR AY.122.5 OR AY.122.6 OR AY.123 OR AY.123.1 OR AY.124 OR AY.124.1 OR AY.124.1.1 OR AY.125 OR AY.125.1 OR AY.126 OR AY.127 OR AY.127.1 OR AY.127.2 OR AY.127.3 OR AY.128 OR AY.129 OR AY.130 OR AY.131 OR AY.132 OR AY.133 OR AY.134 OR B.1.617.2,Delta,249.571428571429,249.428571428571,0.99942759015455
2021-11-06,177,177,312.571428571429,312.571428571429,1,0.992013100598889,0.999998432453257,AY.1 OR AY.2 OR AY.3 OR AY.3.1 OR AY.3.2 OR AY.3.3 OR AY.3.4 OR AY.4 OR AY.4.1 OR AY.4.2 OR AY.4.2.1 OR AY.4.2.2 OR AY.4.2.3 OR AY.4.2.4 OR AY.4.2.5 OR AY.4.3 OR AY.4.4 OR AY.4.5 OR AY.4.6 OR AY.4.7 OR AY.4.8 OR AY.4.9 OR AY.4.10 OR AY.4.11 OR AY.4.12 OR AY.4.13 OR AY.4.14 OR AY.4.15 OR AY.4.16 OR AY.4.17 OR AY.5 OR AY.5.1 OR AY.5.2 OR AY.5.3 OR AY.5.4 OR AY.5.5 OR AY.5.6 OR AY.5.7 OR AY.6 OR AY.7 OR AY.7.1 OR AY.7.2 OR AY.8 OR AY.9 OR AY.9.1 OR AY.9.2 OR AY.9.2.1 OR AY.9.2.2 OR AY.10 OR AY.11 OR AY.12 OR AY.13 OR AY.14 OR AY.15 OR AY.16 OR AY.16.1 OR AY.17 OR AY.18 OR AY.19 OR AY.20 OR AY.20.1 OR AY.21 OR AY.22 OR AY.23 OR AY.23.1 OR AY.23.2 OR AY.24 OR AY.24.1 OR AY.25 OR AY.25.1 OR AY.25.1.1 OR AY.25.1.2 OR AY.25.2 OR AY.25.3 OR AY.26 OR AY.26.1 OR AY.27 OR AY.28 OR AY.29 OR AY.29.1 OR AY.29.2 OR AY.30 OR AY.31 OR AY.32 OR AY.33 OR AY.33.1 OR AY.33.2 OR AY.34 OR AY.34.1 OR AY.34.1.1 OR AY.34.2 OR AY.35 OR AY.36 OR AY.36.1 OR AY.37 OR AY.38 OR AY.39 OR AY.39.1 OR AY.39.1.1 OR AY.39.1.2 OR AY.39.1.3 OR AY.39.1.4 OR AY.39.2 OR AY.39.3 OR AY.39.4 OR AY.40 OR AY.41 OR AY.42 OR AY.42.1 OR AY.43 OR AY.43.1 OR AY.43.2 OR AY.43.3 OR AY.43.4 OR AY.43.5 OR AY.43.6 OR AY.43.7 OR AY.43.8 OR AY.43.9 OR AY.44 OR AY.45 OR AY.46 OR AY.46.1 OR AY.46.2 OR AY.46.3 OR AY.46.4 OR AY.46.5 OR AY.46.6 OR AY.46.6.1 OR AY.47 OR AY.48 OR AY.49 OR AY.50 OR AY.51 OR AY.52 OR AY.53 OR AY.54 OR AY.55 OR AY.56 OR AY.57 OR AY.58 OR AY.59 OR AY.60 OR AY.61 OR AY.62 OR AY.63 OR AY.64 OR AY.65 OR AY.66 OR AY.67 OR AY.68 OR AY.69 OR AY.70 OR AY.71 OR AY.72 OR AY.73 OR AY.74 OR AY.75 OR AY.75.1 OR AY.75.2 OR AY.75.3 OR AY.76 OR AY.77 OR AY.78 OR AY.79 OR AY.80 OR AY.81 OR AY.82 OR AY.83 OR AY.84 OR AY.85 OR AY.86 OR AY.87 OR AY.88 OR AY.89 OR AY.90 OR AY.91 OR AY.91.1 OR AY.92 OR AY.93 OR AY.94 OR AY.95 OR AY.96 OR AY.97 OR AY.98 OR AY.98.1 OR AY.98.1.1 OR AY.99 OR AY.99.1 OR AY.99.2 OR AY.100 OR AY.101 OR AY.102 OR AY.102.1 OR AY.102.2 OR AY.103 OR AY.103.1 OR AY.103.2 OR AY.104 OR AY.105 OR AY.106 OR AY.107 OR AY.108 OR AY.109 OR AY.110 OR AY.111 OR AY.112 OR AY.112.1 OR AY.112.2 OR AY.112.3 OR AY.113 OR AY.114 OR AY.115 OR AY.116 OR AY.116.1 OR AY.117 OR AY.118 OR AY.119 OR AY.119.1 OR AY.119.2 OR AY.120 OR AY.120.1 OR AY.120.2 OR AY.120.2.1 OR AY.121 OR AY.121.1 OR AY.122 OR AY.122.1 OR AY.122.2 OR AY.122.3 OR AY.122.4 OR AY.122.5 OR AY.122.6 OR AY.123 OR AY.123.1 OR AY.124 OR AY.124.1 OR AY.124.1.1 OR AY.125 OR AY.125.1 OR AY.126 OR AY.127 OR AY.127.1 OR AY.127.2 OR AY.127.3 OR AY.128 OR AY.129 OR AY.130 OR AY.131 OR AY.132 OR AY.133 OR AY.134 OR B.1.617.2,Delta,253.857142857143,253.714285714286,0.999437253798537
2021-11-07,133,133,319,319,1,0.992162616749094,0.999998461913765,AY.1 OR AY.2 OR AY.3 OR AY.3.1 OR AY.3.2 OR AY.3.3 OR AY.3.4 OR AY.4 OR AY.4.1 OR AY.4.2 OR AY.4.2.1 OR AY.4.2.2 OR AY.4.2.3 OR AY.4.2.4 OR AY.4.2.5 OR AY.4.3 OR AY.4.4 OR AY.4.5 OR AY.4.6 OR AY.4.7 OR AY.4.8 OR AY.4.9 OR AY.4.10 OR AY.4.11 OR AY.4.12 OR AY.4.13 OR AY.4.14 OR AY.4.15 OR AY.4.16 OR AY.4.17 OR AY.5 OR AY.5.1 OR AY.5.2 OR AY.5.3 OR AY.5.4 OR AY.5.5 OR AY.5.6 OR AY.5.7 OR AY.6 OR AY.7 OR AY.7.1 OR AY.7.2 OR AY.8 OR AY.9 OR AY.9.1 OR AY.9.2 OR AY.9.2.1 OR AY.9.2.2 OR AY.10 OR AY.11 OR AY.12 OR AY.13 OR AY.14 OR AY.15 OR AY.16 OR AY.16.1 OR AY.17 OR AY.18 OR AY.19 OR AY.20 OR AY.20.1 OR AY.21 OR AY.22 OR AY.23 OR AY.23.1 OR AY.23.2 OR AY.24 OR AY.24.1 OR AY.25 OR AY.25.1 OR AY.25.1.1 OR AY.25.1.2 OR AY.25.2 OR AY.25.3 OR AY.26 OR AY.26.1 OR AY.27 OR AY.28 OR AY.29 OR AY.29.1 OR AY.29.2 OR AY.30 OR AY.31 OR AY.32 OR AY.33 OR AY.33.1 OR AY.33.2 OR AY.34 OR AY.34.1 OR AY.34.1.1 OR AY.34.2 OR AY.35 OR AY.36 OR AY.36.1 OR AY.37 OR AY.38 OR AY.39 OR AY.39.1 OR AY.39.1.1 OR AY.39.1.2 OR AY.39.1.3 OR AY.39.1.4 OR AY.39.2 OR AY.39.3 OR AY.39.4 OR AY.40 OR AY.41 OR AY.42 OR AY.42.1 OR AY.43 OR AY.43.1 OR AY.43.2 OR AY.43.3 OR AY.43.4 OR AY.43.5 OR AY.43.6 OR AY.43.7 OR AY.43.8 OR AY.43.9 OR AY.44 OR AY.45 OR AY.46 OR AY.46.1 OR AY.46.2 OR AY.46.3 OR AY.46.4 OR AY.46.5 OR AY.46.6 OR AY.46.6.1 OR AY.47 OR AY.48 OR AY.49 OR AY.50 OR AY.51 OR AY.52 OR AY.53 OR AY.54 OR AY.55 OR AY.56 OR AY.57 OR AY.58 OR AY.59 OR AY.60 OR AY.61 OR AY.62 OR AY.63 OR AY.64 OR AY.65 OR AY.66 OR AY.67 OR AY.68 OR AY.69 OR AY.70 OR AY.71 OR AY.72 OR AY.73 OR AY.74 OR AY.75 OR AY.75.1 OR AY.75.2 OR AY.75.3 OR AY.76 OR AY.77 OR AY.78 OR AY.79 OR AY.80 OR AY.81 OR AY.82 OR AY.83 OR AY.84 OR AY.85 OR AY.86 OR AY.87 OR AY.88 OR AY.89 OR AY.90 OR AY.91 OR AY.91.1 OR AY.92 OR AY.93 OR AY.94 OR AY.95 OR AY.96 OR AY.97 OR AY.98 OR AY.98.1 OR AY.98.1.1 OR AY.99 OR AY.99.1 OR AY.99.2 OR AY.100 OR AY.101 OR AY.102 OR AY.102.1 OR AY.102.2 OR AY.103 OR AY.103.1 OR AY.103.2 OR AY.104 OR AY.105 OR AY.106 OR AY.107 OR AY.108 OR AY.109 OR AY.110 OR AY.111 OR AY.112 OR AY.112.1 OR AY.112.2 OR AY.112.3 OR AY.113 OR AY.114 OR AY.115 OR AY.116 OR AY.116.1 OR AY.117 OR AY.118 OR AY.119 OR AY.119.1 OR AY.119.2 OR AY.120 OR AY.120.1 OR AY.120.2 OR AY.120.2.1 OR AY.121 OR AY.121.1 OR AY.122 OR AY.122.1 OR AY.122.2 OR AY.122.3 OR AY.122.4 OR AY.122.5 OR AY.122.6 OR AY.123 OR AY.123.1 OR AY.124 OR AY.124.1 OR AY.124.1.1 OR AY.125 OR AY.125.1 OR AY.126 OR AY.127 OR AY.127.1 OR AY.127.2 OR AY.127.3 OR AY.128 OR AY.129 OR AY.130 OR AY.131 OR AY.132 OR AY.133 OR AY.134 OR B.1.617.2,Delta,260,259.857142857143,0.999450549450549
2021-11-08,513,513,367.428571428571,367.428571428571,1,0.993183470617897,0.999998662943182,AY.1 OR AY.2 OR AY.3 OR AY.3.1 OR AY.3.2 OR AY.3.3 OR AY.3.4 OR AY.4 OR AY.4.1 OR AY.4.2 OR AY.4.2.1 OR AY.4.2.2 OR AY.4.2.3 OR AY.4.2.4 OR AY.4.2.5 OR AY.4.3 OR AY.4.4 OR AY.4.5 OR AY.4.6 OR AY.4.7 OR AY.4.8 OR AY.4.9 OR AY.4.10 OR AY.4.11 OR AY.4.12 OR AY.4.13 OR AY.4.14 OR AY.4.15 OR AY.4.16 OR AY.4.17 OR AY.5 OR AY.5.1 OR AY.5.2 OR AY.5.3 OR AY.5.4 OR AY.5.5 OR AY.5.6 OR AY.5.7 OR AY.6 OR AY.7 OR AY.7.1 OR AY.7.2 OR AY.8 OR AY.9 OR AY.9.1 OR AY.9.2 OR AY.9.2.1 OR AY.9.2.2 OR AY.10 OR AY.11 OR AY.12 OR AY.13 OR AY.14 OR AY.15 OR AY.16 OR AY.16.1 OR AY.17 OR AY.18 OR AY.19 OR AY.20 OR AY.20.1 OR AY.21 OR AY.22 OR AY.23 OR AY.23.1 OR AY.23.2 OR AY.24 OR AY.24.1 OR AY.25 OR AY.25.1 OR AY.25.1.1 OR AY.25.1.2 OR AY.25.2 OR AY.25.3 OR AY.26 OR AY.26.1 OR AY.27 OR AY.28 OR AY.29 OR AY.29.1 OR AY.29.2 OR AY.30 OR AY.31 OR AY.32 OR AY.33 OR AY.33.1 OR AY.33.2 OR AY.34 OR AY.34.1 OR AY.34.1.1 OR AY.34.2 OR AY.35 OR AY.36 OR AY.36.1 OR AY.37 OR AY.38 OR AY.39 OR AY.39.1 OR AY.39.1.1 OR AY.39.1.2 OR AY.39.1.3 OR AY.39.1.4 OR AY.39.2 OR AY.39.3 OR AY.39.4 OR AY.40 OR AY.41 OR AY.42 OR AY.42.1 OR AY.43 OR AY.43.1 OR AY.43.2 OR AY.43.3 OR AY.43.4 OR AY.43.5 OR AY.43.6 OR AY.43.7 OR AY.43.8 OR AY.43.9 OR AY.44 OR AY.45 OR AY.46 OR AY.46.1 OR AY.46.2 OR AY.46.3 OR AY.46.4 OR AY.46.5 OR AY.46.6 OR AY.46.6.1 OR AY.47 OR AY.48 OR AY.49 OR AY.50 OR AY.51 OR AY.52 OR AY.53 OR AY.54 OR AY.55 OR AY.56 OR AY.57 OR AY.58 OR AY.59 OR AY.60 OR AY.61 OR AY.62 OR AY.63 OR AY.64 OR AY.65 OR AY.66 OR AY.67 OR AY.68 OR AY.69 OR AY.70 OR AY.71 OR AY.72 OR AY.73 OR AY.74 OR AY.75 OR AY.75.1 OR AY.75.2 OR AY.75.3 OR AY.76 OR AY.77 OR AY.78 OR AY.79 OR AY.80 OR AY.81 OR AY.82 OR AY.83 OR AY.84 OR AY.85 OR AY.86 OR AY.87 OR AY.88 OR AY.89 OR AY.90 OR AY.91 OR AY.91.1 OR AY.92 OR AY.93 OR AY.94 OR AY.95 OR AY.96 OR AY.97 OR AY.98 OR AY.98.1 OR AY.98.1.1 OR AY.99 OR AY.99.1 OR AY.99.2 OR AY.100 OR AY.101 OR AY.102 OR AY.102.1 OR AY.102.2 OR AY.103 OR AY.103.1 OR AY.103.2 OR AY.104 OR AY.105 OR AY.106 OR AY.107 OR AY.108 OR AY.109 OR AY.110 OR AY.111 OR AY.112 OR AY.112.1 OR AY.112.2 OR AY.112.3 OR AY.113 OR AY.114 OR AY.115 OR AY.116 OR AY.116.1 OR AY.117 OR AY.118 OR AY.119 OR AY.119.1 OR AY.119.2 OR AY.120 OR AY.120.1 OR AY.120.2 OR AY.120.2.1 OR AY.121 OR AY.121.1 OR AY.122 OR AY.122.1 OR AY.122.2 OR AY.122.3 OR AY.122.4 OR AY.122.5 OR AY.122.6 OR AY.123 OR AY.123.1 OR AY.124 OR AY.124.1 OR AY.124.1.1 OR AY.125 OR AY.125.1 OR AY.126 OR AY.127 OR AY.127.1 OR AY.127.2 OR AY.127.3 OR AY.128 OR AY.129 OR AY.130 OR AY.131 OR AY.132 OR AY.133 OR AY.134 OR B.1.617.2,Delta,280.142857142857,280.142857142857,1
2021-11-09,459,459,369.428571428571,369.428571428571,1,0.993220266075514,0.999998670185187,AY.1 OR AY.2 OR AY.3 OR AY.3.1 OR AY.3.2 OR AY.3.3 OR AY.3.4 OR AY.4 OR AY.4.1 OR AY.4.2 OR AY.4.2.1 OR AY.4.2.2 OR AY.4.2.3 OR AY.4.2.4 OR AY.4.2.5 OR AY.4.3 OR AY.4.4 OR AY.4.5 OR AY.4.6 OR AY.4.7 OR AY.4.8 OR AY.4.9 OR AY.4.10 OR AY.4.11 OR AY.4.12 OR AY.4.13 OR AY.4.14 OR AY.4.15 OR AY.4.16 OR AY.4.17 OR AY.5 OR AY.5.1 OR AY.5.2 OR AY.5.3 OR AY.5.4 OR AY.5.5 OR AY.5.6 OR AY.5.7 OR AY.6 OR AY.7 OR AY.7.1 OR AY.7.2 OR AY.8 OR AY.9 OR AY.9.1 OR AY.9.2 OR AY.9.2.1 OR AY.9.2.2 OR AY.10 OR AY.11 OR AY.12 OR AY.13 OR AY.14 OR AY.15 OR AY.16 OR AY.16.1 OR AY.17 OR AY.18 OR AY.19 OR AY.20 OR AY.20.1 OR AY.21 OR AY.22 OR AY.23 OR AY.23.1 OR AY.23.2 OR AY.24 OR AY.24.1 OR AY.25 OR AY.25.1 OR AY.25.1.1 OR AY.25.1.2 OR AY.25.2 OR AY.25.3 OR AY.26 OR AY.26.1 OR AY.27 OR AY.28 OR AY.29 OR AY.29.1 OR AY.29.2 OR AY.30 OR AY.31 OR AY.32 OR AY.33 OR AY.33.1 OR AY.33.2 OR AY.34 OR AY.34.1 OR AY.34.1.1 OR AY.34.2 OR AY.35 OR AY.36 OR AY.36.1 OR AY.37 OR AY.38 OR AY.39 OR AY.39.1 OR AY.39.1.1 OR AY.39.1.2 OR AY.39.1.3 OR AY.39.1.4 OR AY.39.2 OR AY.39.3 OR AY.39.4 OR AY.40 OR AY.41 OR AY.42 OR AY.42.1 OR AY.43 OR AY.43.1 OR AY.43.2 OR AY.43.3 OR AY.43.4 OR AY.43.5 OR AY.43.6 OR AY.43.7 OR AY.43.8 OR AY.43.9 OR AY.44 OR AY.45 OR AY.46 OR AY.46.1 OR AY.46.2 OR AY.46.3 OR AY.46.4 OR AY.46.5 OR AY.46.6 OR AY.46.6.1 OR AY.47 OR AY.48 OR AY.49 OR AY.50 OR AY.51 OR AY.52 OR AY.53 OR AY.54 OR AY.55 OR AY.56 OR AY.57 OR AY.58 OR AY.59 OR AY.60 OR AY.61 OR AY.62 OR AY.63 OR AY.64 OR AY.65 OR AY.66 OR AY.67 OR AY.68 OR AY.69 OR AY.70 OR AY.71 OR AY.72 OR AY.73 OR AY.74 OR AY.75 OR AY.75.1 OR AY.75.2 OR AY.75.3 OR AY.76 OR AY.77 OR AY.78 OR AY.79 OR AY.80 OR AY.81 OR AY.82 OR AY.83 OR AY.84 OR AY.85 OR AY.86 OR AY.87 OR AY.88 OR AY.89 OR AY.90 OR AY.91 OR AY.91.1 OR AY.92 OR AY.93 OR AY.94 OR AY.95 OR AY.96 OR AY.97 OR AY.98 OR AY.98.1 OR AY.98.1.1 OR AY.99 OR AY.99.1 OR AY.99.2 OR AY.100 OR AY.101 OR AY.102 OR AY.102.1 OR AY.102.2 OR AY.103 OR AY.103.1 OR AY.103.2 OR AY.104 OR AY.105 OR AY.106 OR AY.107 OR AY.108 OR AY.109 OR AY.110 OR AY.111 OR AY.112 OR AY.112.1 OR AY.112.2 OR AY.112.3 OR AY.113 OR AY.114 OR AY.115 OR AY.116 OR AY.116.1 OR AY.117 OR AY.118 OR AY.119 OR AY.119.1 OR AY.119.2 OR AY.120 OR AY.120.1 OR AY.120.2 OR AY.120.2.1 OR AY.121 OR AY.121.1 OR AY.122 OR AY.122.1 OR AY.122.2 OR AY.122.3 OR AY.122.4 OR AY.122.5 OR AY.122.6 OR AY.123 OR AY.123.1 OR AY.124 OR AY.124.1 OR AY.124.1.1 OR AY.125 OR AY.125.1 OR AY.126 OR AY.127 OR AY.127.1 OR AY.127.2 OR AY.127.3 OR AY.128 OR AY.129 OR AY.130 OR AY.131 OR AY.132 OR AY.133 OR AY.134 OR B.1.617.2,Delta,294.071428571429,294.071428571429,1
2021-11-10,304,304,351.857142857143,351.857142857143,1,0.992894233753719,0.999998606006834,AY.1 OR AY.2 OR AY.3 OR AY.3.1 OR AY.3.2 OR AY.3.3 OR AY.3.4 OR AY.4 OR AY.4.1 OR AY.4.2 OR AY.4.2.1 OR AY.4.2.2 OR AY.4.2.3 OR AY.4.2.4 OR AY.4.2.5 OR AY.4.3 OR AY.4.4 OR AY.4.5 OR AY.4.6 OR AY.4.7 OR AY.4.8 OR AY.4.9 OR AY.4.10 OR AY.4.11 OR AY.4.12 OR AY.4.13 OR AY.4.14 OR AY.4.15 OR AY.4.16 OR AY.4.17 OR AY.5 OR AY.5.1 OR AY.5.2 OR AY.5.3 OR AY.5.4 OR AY.5.5 OR AY.5.6 OR AY.5.7 OR AY.6 OR AY.7 OR AY.7.1 OR AY.7.2 OR AY.8 OR AY.9 OR AY.9.1 OR AY.9.2 OR AY.9.2.1 OR AY.9.2.2 OR AY.10 OR AY.11 OR AY.12 OR AY.13 OR AY.14 OR AY.15 OR AY.16 OR AY.16.1 OR AY.17 OR AY.18 OR AY.19 OR AY.20 OR AY.20.1 OR AY.21 OR AY.22 OR AY.23 OR AY.23.1 OR AY.23.2 OR AY.24 OR AY.24.1 OR AY.25 OR AY.25.1 OR AY.25.1.1 OR AY.25.1.2 OR AY.25.2 OR AY.25.3 OR AY.26 OR AY.26.1 OR AY.27 OR AY.28 OR AY.29 OR AY.29.1 OR AY.29.2 OR AY.30 OR AY.31 OR AY.32 OR AY.33 OR AY.33.1 OR AY.33.2 OR AY.34 OR AY.34.1 OR AY.34.1.1 OR AY.34.2 OR AY.35 OR AY.36 OR AY.36.1 OR AY.37 OR AY.38 OR AY.39 OR AY.39.1 OR AY.39.1.1 OR AY.39.1.2 OR AY.39.1.3 OR AY.39.1.4 OR AY.39.2 OR AY.39.3 OR AY.39.4 OR AY.40 OR AY.41 OR AY.42 OR AY.42.1 OR AY.43 OR AY.43.1 OR AY.43.2 OR AY.43.3 OR AY.43.4 OR AY.43.5 OR AY.43.6 OR AY.43.7 OR AY.43.8 OR AY.43.9 OR AY.44 OR AY.45 OR AY.46 OR AY.46.1 OR AY.46.2 OR AY.46.3 OR AY.46.4 OR AY.46.5 OR AY.46.6 OR AY.46.6.1 OR AY.47 OR AY.48 OR AY.49 OR AY.50 OR AY.51 OR AY.52 OR AY.53 OR AY.54 OR AY.55 OR AY.56 OR AY.57 OR AY.58 OR AY.59 OR AY.60 OR AY.61 OR AY.62 OR AY.63 OR AY.64 OR AY.65 OR AY.66 OR AY.67 OR AY.68 OR AY.69 OR AY.70 OR AY.71 OR AY.72 OR AY.73 OR AY.74 OR AY.75 OR AY.75.1 OR AY.75.2 OR AY.75.3 OR AY.76 OR AY.77 OR AY.78 OR AY.79 OR AY.80 OR AY.81 OR AY.82 OR AY.83 OR AY.84 OR AY.85 OR AY.86 OR AY.87 OR AY.88 OR AY.89 OR AY.90 OR AY.91 OR AY.91.1 OR AY.92 OR AY.93 OR AY.94 OR AY.95 OR AY.96 OR AY.97 OR AY.98 OR AY.98.1 OR AY.98.1.1 OR AY.99 OR AY.99.1 OR AY.99.2 OR AY.100 OR AY.101 OR AY.102 OR AY.102.1 OR AY.102.2 OR AY.103 OR AY.103.1 OR AY.103.2 OR AY.104 OR AY.105 OR AY.106 OR AY.107 OR AY.108 OR AY.109 OR AY.110 OR AY.111 OR AY.112 OR AY.112.1 OR AY.112.2 OR AY.112.3 OR AY.113 OR AY.114 OR AY.115 OR AY.116 OR AY.116.1 OR AY.117 OR AY.118 OR AY.119 OR AY.119.1 OR AY.119.2 OR AY.120 OR AY.120.1 OR AY.120.2 OR AY.120.2.1 OR AY.121 OR AY.121.1 OR AY.122 OR AY.122.1 OR AY.122.2 OR AY.122.3 OR AY.122.4 OR AY.122.5 OR AY.122.6 OR AY.123 OR AY.123.1 OR AY.124 OR AY.124.1 OR AY.124.1.1 OR AY.125 OR AY.125.1 OR AY.126 OR AY.127 OR AY.127.1 OR AY.127.2 OR AY.127.3 OR AY.128 OR AY.129 OR AY.130 OR AY.131 OR AY.132 OR AY.133 OR AY.134 OR B.1.617.2,Delta,298.142857142857,298.142857142857,1
2021-11-11,212,212,321.571428571429,321.571428571429,1,0.992235295076869,0.999998476232625,AY.1 OR AY.2 OR AY.3 OR AY.3.1 OR AY.3.2 OR AY.3.3 OR AY.3.4 OR AY.4 OR AY.4.1 OR AY.4.2 OR AY.4.2.1 OR AY.4.2.2 OR AY.4.2.3 OR AY.4.2.4 OR AY.4.2.5 OR AY.4.3 OR AY.4.4 OR AY.4.5 OR AY.4.6 OR AY.4.7 OR AY.4.8 OR AY.4.9 OR AY.4.10 OR AY.4.11 OR AY.4.12 OR AY.4.13 OR AY.4.14 OR AY.4.15 OR AY.4.16 OR AY.4.17 OR AY.5 OR AY.5.1 OR AY.5.2 OR AY.5.3 OR AY.5.4 OR AY.5.5 OR AY.5.6 OR AY.5.7 OR AY.6 OR AY.7 OR AY.7.1 OR AY.7.2 OR AY.8 OR AY.9 OR AY.9.1 OR AY.9.2 OR AY.9.2.1 OR AY.9.2.2 OR AY.10 OR AY.11 OR AY.12 OR AY.13 OR AY.14 OR AY.15 OR AY.16 OR AY.16.1 OR AY.17 OR AY.18 OR AY.19 OR AY.20 OR AY.20.1 OR AY.21 OR AY.22 OR AY.23 OR AY.23.1 OR AY.23.2 OR AY.24 OR AY.24.1 OR AY.25 OR AY.25.1 OR AY.25.1.1 OR AY.25.1.2 OR AY.25.2 OR AY.25.3 OR AY.26 OR AY.26.1 OR AY.27 OR AY.28 OR AY.29 OR AY.29.1 OR AY.29.2 OR AY.30 OR AY.31 OR AY.32 OR AY.33 OR AY.33.1 OR AY.33.2 OR AY.34 OR AY.34.1 OR AY.34.1.1 OR AY.34.2 OR AY.35 OR AY.36 OR AY.36.1 OR AY.37 OR AY.38 OR AY.39 OR AY.39.1 OR AY.39.1.1 OR AY.39.1.2 OR AY.39.1.3 OR AY.39.1.4 OR AY.39.2 OR AY.39.3 OR AY.39.4 OR AY.40 OR AY.41 OR AY.42 OR AY.42.1 OR AY.43 OR AY.43.1 OR AY.43.2 OR AY.43.3 OR AY.43.4 OR AY.43.5 OR AY.43.6 OR AY.43.7 OR AY.43.8 OR AY.43.9 OR AY.44 OR AY.45 OR AY.46 OR AY.46.1 OR AY.46.2 OR AY.46.3 OR AY.46.4 OR AY.46.5 OR AY.46.6 OR AY.46.6.1 OR AY.47 OR AY.48 OR AY.49 OR AY.50 OR AY.51 OR AY.52 OR AY.53 OR AY.54 OR AY.55 OR AY.56 OR AY.57 OR AY.58 OR AY.59 OR AY.60 OR AY.61 OR AY.62 OR AY.63 OR AY.64 OR AY.65 OR AY.66 OR AY.67 OR AY.68 OR AY.69 OR AY.70 OR AY.71 OR AY.72 OR AY.73 OR AY.74 OR AY.75 OR AY.75.1 OR AY.75.2 OR AY.75.3 OR AY.76 OR AY.77 OR AY.78 OR AY.79 OR AY.80 OR AY.81 OR AY.82 OR AY.83 OR AY.84 OR AY.85 OR AY.86 OR AY.87 OR AY.88 OR AY.89 OR AY.90 OR AY.91 OR AY.91.1 OR AY.92 OR AY.93 OR AY.94 OR AY.95 OR AY.96 OR AY.97 OR AY.98 OR AY.98.1 OR AY.98.1.1 OR AY.99 OR AY.99.1 OR AY.99.2 OR AY.100 OR AY.101 OR AY.102 OR AY.102.1 OR AY.102.2 OR AY.103 OR AY.103.1 OR AY.103.2 OR AY.104 OR AY.105 OR AY.106 OR AY.107 OR AY.108 OR AY.109 OR AY.110 OR AY.111 OR AY.112 OR AY.112.1 OR AY.112.2 OR AY.112.3 OR AY.113 OR AY.114 OR AY.115 OR AY.116 OR AY.116.1 OR AY.117 OR AY.118 OR AY.119 OR AY.119.1 OR AY.119.2 OR AY.120 OR AY.120.1 OR AY.120.2 OR AY.120.2.1 OR AY.121 OR AY.121.1 OR AY.122 OR AY.122.1 OR AY.122.2 OR AY.122.3 OR AY.122.4 OR AY.122.5 OR AY.122.6 OR AY.123 OR AY.123.1 OR AY.124 OR AY.124.1 OR AY.124.1.1 OR AY.125 OR AY.125.1 OR AY.126 OR AY.127 OR AY.127.1 OR AY.127.2 OR AY.127.3 OR AY.128 OR AY.129 OR AY.130 OR AY.131 OR AY.132 OR AY.133 OR AY.134 OR B.1.617.2,Delta,293.928571428571,293.928571428571,1
2021-11-12,210,210,286.857142857143,286.857142857143,1,0.99129333577062,0.999998290569355,AY.1 OR AY.2 OR AY.3 OR AY.3.1 OR AY.3.2 OR AY.3.3 OR AY.3.4 OR AY.4 OR AY.4.1 OR AY.4.2 OR AY.4.2.1 OR AY.4.2.2 OR AY.4.2.3 OR AY.4.2.4 OR AY.4.2.5 OR AY.4.3 OR AY.4.4 OR AY.4.5 OR AY.4.6 OR AY.4.7 OR AY.4.8 OR AY.4.9 OR AY.4.10 OR AY.4.11 OR AY.4.12 OR AY.4.13 OR AY.4.14 OR AY.4.15 OR AY.4.16 OR AY.4.17 OR AY.5 OR AY.5.1 OR AY.5.2 OR AY.5.3 OR AY.5.4 OR AY.5.5 OR AY.5.6 OR AY.5.7 OR AY.6 OR AY.7 OR AY.7.1 OR AY.7.2 OR AY.8 OR AY.9 OR AY.9.1 OR AY.9.2 OR AY.9.2.1 OR AY.9.2.2 OR AY.10 OR AY.11 OR AY.12 OR AY.13 OR AY.14 OR AY.15 OR AY.16 OR AY.16.1 OR AY.17 OR AY.18 OR AY.19 OR AY.20 OR AY.20.1 OR AY.21 OR AY.22 OR AY.23 OR AY.23.1 OR AY.23.2 OR AY.24 OR AY.24.1 OR AY.25 OR AY.25.1 OR AY.25.1.1 OR AY.25.1.2 OR AY.25.2 OR AY.25.3 OR AY.26 OR AY.26.1 OR AY.27 OR AY.28 OR AY.29 OR AY.29.1 OR AY.29.2 OR AY.30 OR AY.31 OR AY.32 OR AY.33 OR AY.33.1 OR AY.33.2 OR AY.34 OR AY.34.1 OR AY.34.1.1 OR AY.34.2 OR AY.35 OR AY.36 OR AY.36.1 OR AY.37 OR AY.38 OR AY.39 OR AY.39.1 OR AY.39.1.1 OR AY.39.1.2 OR AY.39.1.3 OR AY.39.1.4 OR AY.39.2 OR AY.39.3 OR AY.39.4 OR AY.40 OR AY.41 OR AY.42 OR AY.42.1 OR AY.43 OR AY.43.1 OR AY.43.2 OR AY.43.3 OR AY.43.4 OR AY.43.5 OR AY.43.6 OR AY.43.7 OR AY.43.8 OR AY.43.9 OR AY.44 OR AY.45 OR AY.46 OR AY.46.1 OR AY.46.2 OR AY.46.3 OR AY.46.4 OR AY.46.5 OR AY.46.6 OR AY.46.6.1 OR AY.47 OR AY.48 OR AY.49 OR AY.50 OR AY.51 OR AY.52 OR AY.53 OR AY.54 OR AY.55 OR AY.56 OR AY.57 OR AY.58 OR AY.59 OR AY.60 OR AY.61 OR AY.62 OR AY.63 OR AY.64 OR AY.65 OR AY.66 OR AY.67 OR AY.68 OR AY.69 OR AY.70 OR AY.71 OR AY.72 OR AY.73 OR AY.74 OR AY.75 OR AY.75.1 OR AY.75.2 OR AY.75.3 OR AY.76 OR AY.77 OR AY.78 OR AY.79 OR AY.80 OR AY.81 OR AY.82 OR AY.83 OR AY.84 OR AY.85 OR AY.86 OR AY.87 OR AY.88 OR AY.89 OR AY.90 OR AY.91 OR AY.91.1 OR AY.92 OR AY.93 OR AY.94 OR AY.95 OR AY.96 OR AY.97 OR AY.98 OR AY.98.1 OR AY.98.1.1 OR AY.99 OR AY.99.1 OR AY.99.2 OR AY.100 OR AY.101 OR AY.102 OR AY.102.1 OR AY.102.2 OR AY.103 OR AY.103.1 OR AY.103.2 OR AY.104 OR AY.105 OR AY.106 OR AY.107 OR AY.108 OR AY.109 OR AY.110 OR AY.111 OR AY.112 OR AY.112.1 OR AY.112.2 OR AY.112.3 OR AY.113 OR AY.114 OR AY.115 OR AY.116 OR AY.116.1 OR AY.117 OR AY.118 OR AY.119 OR AY.119.1 OR AY.119.2 OR AY.120 OR AY.120.1 OR AY.120.2 OR AY.120.2.1 OR AY.121 OR AY.121.1 OR AY.122 OR AY.122.1 OR AY.122.2 OR AY.122.3 OR AY.122.4 OR AY.122.5 OR AY.122.6 OR AY.123 OR AY.123.1 OR AY.124 OR AY.124.1 OR AY.124.1.1 OR AY.125 OR AY.125.1 OR AY.126 OR AY.127 OR AY.127.1 OR AY.127.2 OR AY.127.3 OR AY.128 OR AY.129 OR AY.130 OR AY.131 OR AY.132 OR AY.133 OR AY.134 OR B.1.617.2,Delta,293.785714285714,293.785714285714,1
2021-11-13,151,151,283.142857142857,283.142857142857,1,0.991170926625661,0.999998266429156,AY.1 OR AY.2 OR AY.3 OR AY.3.1 OR AY.3.2 OR AY.3.3 OR AY.3.4 OR AY.4 OR AY.4.1 OR AY.4.2 OR AY.4.2.1 OR AY.4.2.2 OR AY.4.2.3 OR AY.4.2.4 OR AY.4.2.5 OR AY.4.3 OR AY.4.4 OR AY.4.5 OR AY.4.6 OR AY.4.7 OR AY.4.8 OR AY.4.9 OR AY.4.10 OR AY.4.11 OR AY.4.12 OR AY.4.13 OR AY.4.14 OR AY.4.15 OR AY.4.16 OR AY.4.17 OR AY.5 OR AY.5.1 OR AY.5.2 OR AY.5.3 OR AY.5.4 OR AY.5.5 OR AY.5.6 OR AY.5.7 OR AY.6 OR AY.7 OR AY.7.1 OR AY.7.2 OR AY.8 OR AY.9 OR AY.9.1 OR AY.9.2 OR AY.9.2.1 OR AY.9.2.2 OR AY.10 OR AY.11 OR AY.12 OR AY.13 OR AY.14 OR AY.15 OR AY.16 OR AY.16.1 OR AY.17 OR AY.18 OR AY.19 OR AY.20 OR AY.20.1 OR AY.21 OR AY.22 OR AY.23 OR AY.23.1 OR AY.23.2 OR AY.24 OR AY.24.1 OR AY.25 OR AY.25.1 OR AY.25.1.1 OR AY.25.1.2 OR AY.25.2 OR AY.25.3 OR AY.26 OR AY.26.1 OR AY.27 OR AY.28 OR AY.29 OR AY.29.1 OR AY.29.2 OR AY.30 OR AY.31 OR AY.32 OR AY.33 OR AY.33.1 OR AY.33.2 OR AY.34 OR AY.34.1 OR AY.34.1.1 OR AY.34.2 OR AY.35 OR AY.36 OR AY.36.1 OR AY.37 OR AY.38 OR AY.39 OR AY.39.1 OR AY.39.1.1 OR AY.39.1.2 OR AY.39.1.3 OR AY.39.1.4 OR AY.39.2 OR AY.39.3 OR AY.39.4 OR AY.40 OR AY.41 OR AY.42 OR AY.42.1 OR AY.43 OR AY.43.1 OR AY.43.2 OR AY.43.3 OR AY.43.4 OR AY.43.5 OR AY.43.6 OR AY.43.7 OR AY.43.8 OR AY.43.9 OR AY.44 OR AY.45 OR AY.46 OR AY.46.1 OR AY.46.2 OR AY.46.3 OR AY.46.4 OR AY.46.5 OR AY.46.6 OR AY.46.6.1 OR AY.47 OR AY.48 OR AY.49 OR AY.50 OR AY.51 OR AY.52 OR AY.53 OR AY.54 OR AY.55 OR AY.56 OR AY.57 OR AY.58 OR AY.59 OR AY.60 OR AY.61 OR AY.62 OR AY.63 OR AY.64 OR AY.65 OR AY.66 OR AY.67 OR AY.68 OR AY.69 OR AY.70 OR AY.71 OR AY.72 OR AY.73 OR AY.74 OR AY.75 OR AY.75.1 OR AY.75.2 OR AY.75.3 OR AY.76 OR AY.77 OR AY.78 OR AY.79 OR AY.80 OR AY.81 OR AY.82 OR AY.83 OR AY.84 OR AY.85 OR AY.86 OR AY.87 OR AY.88 OR AY.89 OR AY.90 OR AY.91 OR AY.91.1 OR AY.92 OR AY.93 OR AY.94 OR AY.95 OR AY.96 OR AY.97 OR AY.98 OR AY.98.1 OR AY.98.1.1 OR AY.99 OR AY.99.1 OR AY.99.2 OR AY.100 OR AY.101 OR AY.102 OR AY.102.1 OR AY.102.2 OR AY.103 OR AY.103.1 OR AY.103.2 OR AY.104 OR AY.105 OR AY.106 OR AY.107 OR AY.108 OR AY.109 OR AY.110 OR AY.111 OR AY.112 OR AY.112.1 OR AY.112.2 OR AY.112.3 OR AY.113 OR AY.114 OR AY.115 OR AY.116 OR AY.116.1 OR AY.117 OR AY.118 OR AY.119 OR AY.119.1 OR AY.119.2 OR AY.120 OR AY.120.1 OR AY.120.2 OR AY.120.2.1 OR AY.121 OR AY.121.1 OR AY.122 OR AY.122.1 OR AY.122.2 OR AY.122.3 OR AY.122.4 OR AY.122.5 OR AY.122.6 OR AY.123 OR AY.123.1 OR AY.124 OR AY.124.1 OR AY.124.1.1 OR AY.125 OR AY.125.1 OR AY.126 OR AY.127 OR AY.127.1 OR AY.127.2 OR AY.127.3 OR AY.128 OR AY.129 OR AY.130 OR AY.131 OR AY.132 OR AY.133 OR AY.134 OR B.1.617.2,Delta,297.857142857143,297.857142857143,1
2021-11-14,80,80,275.571428571429,275.571428571429,1,0.990948219558643,0.999998222501643,AY.1 OR AY.2 OR AY.3 OR AY.3.1 OR AY.3.2 OR AY.3.3 OR AY.3.4 OR AY.4 OR AY.4.1 OR AY.4.2 OR AY.4.2.1 OR AY.4.2.2 OR AY.4.2.3 OR AY.4.2.4 OR AY.4.2.5 OR AY.4.3 OR AY.4.4 OR AY.4.5 OR AY.4.6 OR AY.4.7 OR AY.4.8 OR AY.4.9 OR AY.4.10 OR AY.4.11 OR AY.4.12 OR AY.4.13 OR AY.4.14 OR AY.4.15 OR AY.4.16 OR AY.4.17 OR AY.5 OR AY.5.1 OR AY.5.2 OR AY.5.3 OR AY.5.4 OR AY.5.5 OR AY.5.6 OR AY.5.7 OR AY.6 OR AY.7 OR AY.7.1 OR AY.7.2 OR AY.8 OR AY.9 OR AY.9.1 OR AY.9.2 OR AY.9.2.1 OR AY.9.2.2 OR AY.10 OR AY.11 OR AY.12 OR AY.13 OR AY.14 OR AY.15 OR AY.16 OR AY.16.1 OR AY.17 OR AY.18 OR AY.19 OR AY.20 OR AY.20.1 OR AY.21 OR AY.22 OR AY.23 OR AY.23.1 OR AY.23.2 OR AY.24 OR AY.24.1 OR AY.25 OR AY.25.1 OR AY.25.1.1 OR AY.25.1.2 OR AY.25.2 OR AY.25.3 OR AY.26 OR AY.26.1 OR AY.27 OR AY.28 OR AY.29 OR AY.29.1 OR AY.29.2 OR AY.30 OR AY.31 OR AY.32 OR AY.33 OR AY.33.1 OR AY.33.2 OR AY.34 OR AY.34.1 OR AY.34.1.1 OR AY.34.2 OR AY.35 OR AY.36 OR AY.36.1 OR AY.37 OR AY.38 OR AY.39 OR AY.39.1 OR AY.39.1.1 OR AY.39.1.2 OR AY.39.1.3 OR AY.39.1.4 OR AY.39.2 OR AY.39.3 OR AY.39.4 OR AY.40 OR AY.41 OR AY.42 OR AY.42.1 OR AY.43 OR AY.43.1 OR AY.43.2 OR AY.43.3 OR AY.43.4 OR AY.43.5 OR AY.43.6 OR AY.43.7 OR AY.43.8 OR AY.43.9 OR AY.44 OR AY.45 OR AY.46 OR AY.46.1 OR AY.46.2 OR AY.46.3 OR AY.46.4 OR AY.46.5 OR AY.46.6 OR AY.46.6.1 OR AY.47 OR AY.48 OR AY.49 OR AY.50 OR AY.51 OR AY.52 OR AY.53 OR AY.54 OR AY.55 OR AY.56 OR AY.57 OR AY.58 OR AY.59 OR AY.60 OR AY.61 OR AY.62 OR AY.63 OR AY.64 OR AY.65 OR AY.66 OR AY.67 OR AY.68 OR AY.69 OR AY.70 OR AY.71 OR AY.72 OR AY.73 OR AY.74 OR AY.75 OR AY.75.1 OR AY.75.2 OR AY.75.3 OR AY.76 OR AY.77 OR AY.78 OR AY.79 OR AY.80 OR AY.81 OR AY.82 OR AY.83 OR AY.84 OR AY.85 OR AY.86 OR AY.87 OR AY.88 OR AY.89 OR AY.90 OR AY.91 OR AY.91.1 OR AY.92 OR AY.93 OR AY.94 OR AY.95 OR AY.96 OR AY.97 OR AY.98 OR AY.98.1 OR AY.98.1.1 OR AY.99 OR AY.99.1 OR AY.99.2 OR AY.100 OR AY.101 OR AY.102 OR AY.102.1 OR AY.102.2 OR AY.103 OR AY.103.1 OR AY.103.2 OR AY.104 OR AY.105 OR AY.106 OR AY.107 OR AY.108 OR AY.109 OR AY.110 OR AY.111 OR AY.112 OR AY.112.1 OR AY.112.2 OR AY.112.3 OR AY.113 OR AY.114 OR AY.115 OR AY.116 OR AY.116.1 OR AY.117 OR AY.118 OR AY.119 OR AY.119.1 OR AY.119.2 OR AY.120 OR AY.120.1 OR AY.120.2 OR AY.120.2.1 OR AY.121 OR AY.121.1 OR AY.122 OR AY.122.1 OR AY.122.2 OR AY.122.3 OR AY.122.4 OR AY.122.5 OR AY.122.6 OR AY.123 OR AY.123.1 OR AY.124 OR AY.124.1 OR AY.124.1.1 OR AY.125 OR AY.125.1 OR AY.126 OR AY.127 OR AY.127.1 OR AY.127.2 OR AY.127.3 OR AY.128 OR AY.129 OR AY.130 OR AY.131 OR AY.132 OR AY.133 OR AY.134 OR B.1.617.2,Delta,297.285714285714,297.285714285714,1
2021-11-15,129,129,220.714285714286,220.714285714286,1,0.988710810852615,0.999997780638644,AY.1 OR AY.2 OR AY.3 OR AY.3.1 OR AY.3.2 OR AY.3.3 OR AY.3.4 OR AY.4 OR AY.4.1 OR AY.4.2 OR AY.4.2.1 OR AY.4.2.2 OR AY.4.2.3 OR AY.4.2.4 OR AY.4.2.5 OR AY.4.3 OR AY.4.4 OR AY.4.5 OR AY.4.6 OR AY.4.7 OR AY.4.8 OR AY.4.9 OR AY.4.10 OR AY.4.11 OR AY.4.12 OR AY.4.13 OR AY.4.14 OR AY.4.15 OR AY.4.16 OR AY.4.17 OR AY.5 OR AY.5.1 OR AY.5.2 OR AY.5.3 OR AY.5.4 OR AY.5.5 OR AY.5.6 OR AY.5.7 OR AY.6 OR AY.7 OR AY.7.1 OR AY.7.2 OR AY.8 OR AY.9 OR AY.9.1 OR AY.9.2 OR AY.9.2.1 OR AY.9.2.2 OR AY.10 OR AY.11 OR AY.12 OR AY.13 OR AY.14 OR AY.15 OR AY.16 OR AY.16.1 OR AY.17 OR AY.18 OR AY.19 OR AY.20 OR AY.20.1 OR AY.21 OR AY.22 OR AY.23 OR AY.23.1 OR AY.23.2 OR AY.24 OR AY.24.1 OR AY.25 OR AY.25.1 OR AY.25.1.1 OR AY.25.1.2 OR AY.25.2 OR AY.25.3 OR AY.26 OR AY.26.1 OR AY.27 OR AY.28 OR AY.29 OR AY.29.1 OR AY.29.2 OR AY.30 OR AY.31 OR AY.32 OR AY.33 OR AY.33.1 OR AY.33.2 OR AY.34 OR AY.34.1 OR AY.34.1.1 OR AY.34.2 OR AY.35 OR AY.36 OR AY.36.1 OR AY.37 OR AY.38 OR AY.39 OR AY.39.1 OR AY.39.1.1 OR AY.39.1.2 OR AY.39.1.3 OR AY.39.1.4 OR AY.39.2 OR AY.39.3 OR AY.39.4 OR AY.40 OR AY.41 OR AY.42 OR AY.42.1 OR AY.43 OR AY.43.1 OR AY.43.2 OR AY.43.3 OR AY.43.4 OR AY.43.5 OR AY.43.6 OR AY.43.7 OR AY.43.8 OR AY.43.9 OR AY.44 OR AY.45 OR AY.46 OR AY.46.1 OR AY.46.2 OR AY.46.3 OR AY.46.4 OR AY.46.5 OR AY.46.6 OR AY.46.6.1 OR AY.47 OR AY.48 OR AY.49 OR AY.50 OR AY.51 OR AY.52 OR AY.53 OR AY.54 OR AY.55 OR AY.56 OR AY.57 OR AY.58 OR AY.59 OR AY.60 OR AY.61 OR AY.62 OR AY.63 OR AY.64 OR AY.65 OR AY.66 OR AY.67 OR AY.68 OR AY.69 OR AY.70 OR AY.71 OR AY.72 OR AY.73 OR AY.74 OR AY.75 OR AY.75.1 OR AY.75.2 OR AY.75.3 OR AY.76 OR AY.77 OR AY.78 OR AY.79 OR AY.80 OR AY.81 OR AY.82 OR AY.83 OR AY.84 OR AY.85 OR AY.86 OR AY.87 OR AY.88 OR AY.89 OR AY.90 OR AY.91 OR AY.91.1 OR AY.92 OR AY.93 OR AY.94 OR AY.95 OR AY.96 OR AY.97 OR AY.98 OR AY.98.1 OR AY.98.1.1 OR AY.99 OR AY.99.1 OR AY.99.2 OR AY.100 OR AY.101 OR AY.102 OR AY.102.1 OR AY.102.2 OR AY.103 OR AY.103.1 OR AY.103.2 OR AY.104 OR AY.105 OR AY.106 OR AY.107 OR AY.108 OR AY.109 OR AY.110 OR AY.111 OR AY.112 OR AY.112.1 OR AY.112.2 OR AY.112.3 OR AY.113 OR AY.114 OR AY.115 OR AY.116 OR AY.116.1 OR AY.117 OR AY.118 OR AY.119 OR AY.119.1 OR AY.119.2 OR AY.120 OR AY.120.1 OR AY.120.2 OR AY.120.2.1 OR AY.121 OR AY.121.1 OR AY.122 OR AY.122.1 OR AY.122.2 OR AY.122.3 OR AY.122.4 OR AY.122.5 OR AY.122.6 OR AY.123 OR AY.123.1 OR AY.124 OR AY.124.1 OR AY.124.1.1 OR AY.125 OR AY.125.1 OR AY.126 OR AY.127 OR AY.127.1 OR AY.127.2 OR AY.127.3 OR AY.128 OR AY.129 OR AY.130 OR AY.131 OR AY.132 OR AY.133 OR AY.134 OR B.1.617.2,Delta,294.071428571429,294.071428571429,1
2021-11-16,116,116,171.714285714286,171.714285714286,1,0.98552273531304,0.999997149298454,AY.1 OR AY.2 OR AY.3 OR AY.3.1 OR AY.3.2 OR AY.3.3 OR AY.3.4 OR AY.4 OR AY.4.1 OR AY.4.2 OR AY.4.2.1 OR AY.4.2.2 OR AY.4.2.3 OR AY.4.2.4 OR AY.4.2.5 OR AY.4.3 OR AY.4.4 OR AY.4.5 OR AY.4.6 OR AY.4.7 OR AY.4.8 OR AY.4.9 OR AY.4.10 OR AY.4.11 OR AY.4.12 OR AY.4.13 OR AY.4.14 OR AY.4.15 OR AY.4.16 OR AY.4.17 OR AY.5 OR AY.5.1 OR AY.5.2 OR AY.5.3 OR AY.5.4 OR AY.5.5 OR AY.5.6 OR AY.5.7 OR AY.6 OR AY.7 OR AY.7.1 OR AY.7.2 OR AY.8 OR AY.9 OR AY.9.1 OR AY.9.2 OR AY.9.2.1 OR AY.9.2.2 OR AY.10 OR AY.11 OR AY.12 OR AY.13 OR AY.14 OR AY.15 OR AY.16 OR AY.16.1 OR AY.17 OR AY.18 OR AY.19 OR AY.20 OR AY.20.1 OR AY.21 OR AY.22 OR AY.23 OR AY.23.1 OR AY.23.2 OR AY.24 OR AY.24.1 OR AY.25 OR AY.25.1 OR AY.25.1.1 OR AY.25.1.2 OR AY.25.2 OR AY.25.3 OR AY.26 OR AY.26.1 OR AY.27 OR AY.28 OR AY.29 OR AY.29.1 OR AY.29.2 OR AY.30 OR AY.31 OR AY.32 OR AY.33 OR AY.33.1 OR AY.33.2 OR AY.34 OR AY.34.1 OR AY.34.1.1 OR AY.34.2 OR AY.35 OR AY.36 OR AY.36.1 OR AY.37 OR AY.38 OR AY.39 OR AY.39.1 OR AY.39.1.1 OR AY.39.1.2 OR AY.39.1.3 OR AY.39.1.4 OR AY.39.2 OR AY.39.3 OR AY.39.4 OR AY.40 OR AY.41 OR AY.42 OR AY.42.1 OR AY.43 OR AY.43.1 OR AY.43.2 OR AY.43.3 OR AY.43.4 OR AY.43.5 OR AY.43.6 OR AY.43.7 OR AY.43.8 OR AY.43.9 OR AY.44 OR AY.45 OR AY.46 OR AY.46.1 OR AY.46.2 OR AY.46.3 OR AY.46.4 OR AY.46.5 OR AY.46.6 OR AY.46.6.1 OR AY.47 OR AY.48 OR AY.49 OR AY.50 OR AY.51 OR AY.52 OR AY.53 OR AY.54 OR AY.55 OR AY.56 OR AY.57 OR AY.58 OR AY.59 OR AY.60 OR AY.61 OR AY.62 OR AY.63 OR AY.64 OR AY.65 OR AY.66 OR AY.67 OR AY.68 OR AY.69 OR AY.70 OR AY.71 OR AY.72 OR AY.73 OR AY.74 OR AY.75 OR AY.75.1 OR AY.75.2 OR AY.75.3 OR AY.76 OR AY.77 OR AY.78 OR AY.79 OR AY.80 OR AY.81 OR AY.82 OR AY.83 OR AY.84 OR AY.85 OR AY.86 OR AY.87 OR AY.88 OR AY.89 OR AY.90 OR AY.91 OR AY.91.1 OR AY.92 OR AY.93 OR AY.94 OR AY.95 OR AY.96 OR AY.97 OR AY.98 OR AY.98.1 OR AY.98.1.1 OR AY.99 OR AY.99.1 OR AY.99.2 OR AY.100 OR AY.101 OR AY.102 OR AY.102.1 OR AY.102.2 OR AY.103 OR AY.103.1 OR AY.103.2 OR AY.104 OR AY.105 OR AY.106 OR AY.107 OR AY.108 OR AY.109 OR AY.110 OR AY.111 OR AY.112 OR AY.112.1 OR AY.112.2 OR AY.112.3 OR AY.113 OR AY.114 OR AY.115 OR AY.116 OR AY.116.1 OR AY.117 OR AY.118 OR AY.119 OR AY.119.1 OR AY.119.2 OR AY.120 OR AY.120.1 OR AY.120.2 OR AY.120.2.1 OR AY.121 OR AY.121.1 OR AY.122 OR AY.122.1 OR AY.122.2 OR AY.122.3 OR AY.122.4 OR AY.122.5 OR AY.122.6 OR AY.123 OR AY.123.1 OR AY.124 OR AY.124.1 OR AY.124.1.1 OR AY.125 OR AY.125.1 OR AY.126 OR AY.127 OR AY.127.1 OR AY.127.2 OR AY.127.3 OR AY.128 OR AY.129 OR AY.130 OR AY.131 OR AY.132 OR AY.133 OR AY.134 OR B.1.617.2,Delta,270.571428571429,270.571428571429,1
2021-11-17,126,126,146.285714285714,146.285714285714,1,0.98297104781137,0.999996642509288,AY.1 OR AY.2 OR AY.3 OR AY.3.1 OR AY.3.2 OR AY.3.3 OR AY.3.4 OR AY.4 OR AY.4.1 OR AY.4.2 OR AY.4.2.1 OR AY.4.2.2 OR AY.4.2.3 OR AY.4.2.4 OR AY.4.2.5 OR AY.4.3 OR AY.4.4 OR AY.4.5 OR AY.4.6 OR AY.4.7 OR AY.4.8 OR AY.4.9 OR AY.4.10 OR AY.4.11 OR AY.4.12 OR AY.4.13 OR AY.4.14 OR AY.4.15 OR AY.4.16 OR AY.4.17 OR AY.5 OR AY.5.1 OR AY.5.2 OR AY.5.3 OR AY.5.4 OR AY.5.5 OR AY.5.6 OR AY.5.7 OR AY.6 OR AY.7 OR AY.7.1 OR AY.7.2 OR AY.8 OR AY.9 OR AY.9.1 OR AY.9.2 OR AY.9.2.1 OR AY.9.2.2 OR AY.10 OR AY.11 OR AY.12 OR AY.13 OR AY.14 OR AY.15 OR AY.16 OR AY.16.1 OR AY.17 OR AY.18 OR AY.19 OR AY.20 OR AY.20.1 OR AY.21 OR AY.22 OR AY.23 OR AY.23.1 OR AY.23.2 OR AY.24 OR AY.24.1 OR AY.25 OR AY.25.1 OR AY.25.1.1 OR AY.25.1.2 OR AY.25.2 OR AY.25.3 OR AY.26 OR AY.26.1 OR AY.27 OR AY.28 OR AY.29 OR AY.29.1 OR AY.29.2 OR AY.30 OR AY.31 OR AY.32 OR AY.33 OR AY.33.1 OR AY.33.2 OR AY.34 OR AY.34.1 OR AY.34.1.1 OR AY.34.2 OR AY.35 OR AY.36 OR AY.36.1 OR AY.37 OR AY.38 OR AY.39 OR AY.39.1 OR AY.39.1.1 OR AY.39.1.2 OR AY.39.1.3 OR AY.39.1.4 OR AY.39.2 OR AY.39.3 OR AY.39.4 OR AY.40 OR AY.41 OR AY.42 OR AY.42.1 OR AY.43 OR AY.43.1 OR AY.43.2 OR AY.43.3 OR AY.43.4 OR AY.43.5 OR AY.43.6 OR AY.43.7 OR AY.43.8 OR AY.43.9 OR AY.44 OR AY.45 OR AY.46 OR AY.46.1 OR AY.46.2 OR AY.46.3 OR AY.46.4 OR AY.46.5 OR AY.46.6 OR AY.46.6.1 OR AY.47 OR AY.48 OR AY.49 OR AY.50 OR AY.51 OR AY.52 OR AY.53 OR AY.54 OR AY.55 OR AY.56 OR AY.57 OR AY.58 OR AY.59 OR AY.60 OR AY.61 OR AY.62 OR AY.63 OR AY.64 OR AY.65 OR AY.66 OR AY.67 OR AY.68 OR AY.69 OR AY.70 OR AY.71 OR AY.72 OR AY.73 OR AY.74 OR AY.75 OR AY.75.1 OR AY.75.2 OR AY.75.3 OR AY.76 OR AY.77 OR AY.78 OR AY.79 OR AY.80 OR AY.81 OR AY.82 OR AY.83 OR AY.84 OR AY.85 OR AY.86 OR AY.87 OR AY.88 OR AY.89 OR AY.90 OR AY.91 OR AY.91.1 OR AY.92 OR AY.93 OR AY.94 OR AY.95 OR AY.96 OR AY.97 OR AY.98 OR AY.98.1 OR AY.98.1.1 OR AY.99 OR AY.99.1 OR AY.99.2 OR AY.100 OR AY.101 OR AY.102 OR AY.102.1 OR AY.102.2 OR AY.103 OR AY.103.1 OR AY.103.2 OR AY.104 OR AY.105 OR AY.106 OR AY.107 OR AY.108 OR AY.109 OR AY.110 OR AY.111 OR AY.112 OR AY.112.1 OR AY.112.2 OR AY.112.3 OR AY.113 OR AY.114 OR AY.115 OR AY.116 OR AY.116.1 OR AY.117 OR AY.118 OR AY.119 OR AY.119.1 OR AY.119.2 OR AY.120 OR AY.120.1 OR AY.120.2 OR AY.120.2.1 OR AY.121 OR AY.121.1 OR AY.122 OR AY.122.1 OR AY.122.2 OR AY.122.3 OR AY.122.4 OR AY.122.5 OR AY.122.6 OR AY.123 OR AY.123.1 OR AY.124 OR AY.124.1 OR AY.124.1.1 OR AY.125 OR AY.125.1 OR AY.126 OR AY.127 OR AY.127.1 OR AY.127.2 OR AY.127.3 OR AY.128 OR AY.129 OR AY.130 OR AY.131 OR AY.132 OR AY.133 OR AY.134 OR B.1.617.2,Delta,249.071428571429,249.071428571429,1
2021-11-18,349,349,165.857142857143,165.857142857143,1,0.985004187597519,0.999997046416373,AY.1 OR AY.2 OR AY.3 OR AY.3.1 OR AY.3.2 OR AY.3.3 OR AY.3.4 OR AY.4 OR AY.4.1 OR AY.4.2 OR AY.4.2.1 OR AY.4.2.2 OR AY.4.2.3 OR AY.4.2.4 OR AY.4.2.5 OR AY.4.3 OR AY.4.4 OR AY.4.5 OR AY.4.6 OR AY.4.7 OR AY.4.8 OR AY.4.9 OR AY.4.10 OR AY.4.11 OR AY.4.12 OR AY.4.13 OR AY.4.14 OR AY.4.15 OR AY.4.16 OR AY.4.17 OR AY.5 OR AY.5.1 OR AY.5.2 OR AY.5.3 OR AY.5.4 OR AY.5.5 OR AY.5.6 OR AY.5.7 OR AY.6 OR AY.7 OR AY.7.1 OR AY.7.2 OR AY.8 OR AY.9 OR AY.9.1 OR AY.9.2 OR AY.9.2.1 OR AY.9.2.2 OR AY.10 OR AY.11 OR AY.12 OR AY.13 OR AY.14 OR AY.15 OR AY.16 OR AY.16.1 OR AY.17 OR AY.18 OR AY.19 OR AY.20 OR AY.20.1 OR AY.21 OR AY.22 OR AY.23 OR AY.23.1 OR AY.23.2 OR AY.24 OR AY.24.1 OR AY.25 OR AY.25.1 OR AY.25.1.1 OR AY.25.1.2 OR AY.25.2 OR AY.25.3 OR AY.26 OR AY.26.1 OR AY.27 OR AY.28 OR AY.29 OR AY.29.1 OR AY.29.2 OR AY.30 OR AY.31 OR AY.32 OR AY.33 OR AY.33.1 OR AY.33.2 OR AY.34 OR AY.34.1 OR AY.34.1.1 OR AY.34.2 OR AY.35 OR AY.36 OR AY.36.1 OR AY.37 OR AY.38 OR AY.39 OR AY.39.1 OR AY.39.1.1 OR AY.39.1.2 OR AY.39.1.3 OR AY.39.1.4 OR AY.39.2 OR AY.39.3 OR AY.39.4 OR AY.40 OR AY.41 OR AY.42 OR AY.42.1 OR AY.43 OR AY.43.1 OR AY.43.2 OR AY.43.3 OR AY.43.4 OR AY.43.5 OR AY.43.6 OR AY.43.7 OR AY.43.8 OR AY.43.9 OR AY.44 OR AY.45 OR AY.46 OR AY.46.1 OR AY.46.2 OR AY.46.3 OR AY.46.4 OR AY.46.5 OR AY.46.6 OR AY.46.6.1 OR AY.47 OR AY.48 OR AY.49 OR AY.50 OR AY.51 OR AY.52 OR AY.53 OR AY.54 OR AY.55 OR AY.56 OR AY.57 OR AY.58 OR AY.59 OR AY.60 OR AY.61 OR AY.62 OR AY.63 OR AY.64 OR AY.65 OR AY.66 OR AY.67 OR AY.68 OR AY.69 OR AY.70 OR AY.71 OR AY.72 OR AY.73 OR AY.74 OR AY.75 OR AY.75.1 OR AY.75.2 OR AY.75.3 OR AY.76 OR AY.77 OR AY.78 OR AY.79 OR AY.80 OR AY.81 OR AY.82 OR AY.83 OR AY.84 OR AY.85 OR AY.86 OR AY.87 OR AY.88 OR AY.89 OR AY.90 OR AY.91 OR AY.91.1 OR AY.92 OR AY.93 OR AY.94 OR AY.95 OR AY.96 OR AY.97 OR AY.98 OR AY.98.1 OR AY.98.1.1 OR AY.99 OR AY.99.1 OR AY.99.2 OR AY.100 OR AY.101 OR AY.102 OR AY.102.1 OR AY.102.2 OR AY.103 OR AY.103.1 OR AY.103.2 OR AY.104 OR AY.105 OR AY.106 OR AY.107 OR AY.108 OR AY.109 OR AY.110 OR AY.111 OR AY.112 OR AY.112.1 OR AY.112.2 OR AY.112.3 OR AY.113 OR AY.114 OR AY.115 OR AY.116 OR AY.116.1 OR AY.117 OR AY.118 OR AY.119 OR AY.119.1 OR AY.119.2 OR AY.120 OR AY.120.1 OR AY.120.2 OR AY.120.2.1 OR AY.121 OR AY.121.1 OR AY.122 OR AY.122.1 OR AY.122.2 OR AY.122.3 OR AY.122.4 OR AY.122.5 OR AY.122.6 OR AY.123 OR AY.123.1 OR AY.124 OR AY.124.1 OR AY.124.1.1 OR AY.125 OR AY.125.1 OR AY.126 OR AY.127 OR AY.127.1 OR AY.127.2 OR AY.127.3 OR AY.128 OR AY.129 OR AY.130 OR AY.131 OR AY.132 OR AY.133 OR AY.134 OR B.1.617.2,Delta,243.714285714286,243.714285714286,1
2021-11-19,125,125,153.714285714286,153.714285714286,1,0.983847055821022,0.99999681664096,AY.1 OR AY.2 OR AY.3 OR AY.3.1 OR AY.3.2 OR AY.3.3 OR AY.3.4 OR AY.4 OR AY.4.1 OR AY.4.2 OR AY.4.2.1 OR AY.4.2.2 OR AY.4.2.3 OR AY.4.2.4 OR AY.4.2.5 OR AY.4.3 OR AY.4.4 OR AY.4.5 OR AY.4.6 OR AY.4.7 OR AY.4.8 OR AY.4.9 OR AY.4.10 OR AY.4.11 OR AY.4.12 OR AY.4.13 OR AY.4.14 OR AY.4.15 OR AY.4.16 OR AY.4.17 OR AY.5 OR AY.5.1 OR AY.5.2 OR AY.5.3 OR AY.5.4 OR AY.5.5 OR AY.5.6 OR AY.5.7 OR AY.6 OR AY.7 OR AY.7.1 OR AY.7.2 OR AY.8 OR AY.9 OR AY.9.1 OR AY.9.2 OR AY.9.2.1 OR AY.9.2.2 OR AY.10 OR AY.11 OR AY.12 OR AY.13 OR AY.14 OR AY.15 OR AY.16 OR AY.16.1 OR AY.17 OR AY.18 OR AY.19 OR AY.20 OR AY.20.1 OR AY.21 OR AY.22 OR AY.23 OR AY.23.1 OR AY.23.2 OR AY.24 OR AY.24.1 OR AY.25 OR AY.25.1 OR AY.25.1.1 OR AY.25.1.2 OR AY.25.2 OR AY.25.3 OR AY.26 OR AY.26.1 OR AY.27 OR AY.28 OR AY.29 OR AY.29.1 OR AY.29.2 OR AY.30 OR AY.31 OR AY.32 OR AY.33 OR AY.33.1 OR AY.33.2 OR AY.34 OR AY.34.1 OR AY.34.1.1 OR AY.34.2 OR AY.35 OR AY.36 OR AY.36.1 OR AY.37 OR AY.38 OR AY.39 OR AY.39.1 OR AY.39.1.1 OR AY.39.1.2 OR AY.39.1.3 OR AY.39.1.4 OR AY.39.2 OR AY.39.3 OR AY.39.4 OR AY.40 OR AY.41 OR AY.42 OR AY.42.1 OR AY.43 OR AY.43.1 OR AY.43.2 OR AY.43.3 OR AY.43.4 OR AY.43.5 OR AY.43.6 OR AY.43.7 OR AY.43.8 OR AY.43.9 OR AY.44 OR AY.45 OR AY.46 OR AY.46.1 OR AY.46.2 OR AY.46.3 OR AY.46.4 OR AY.46.5 OR AY.46.6 OR AY.46.6.1 OR AY.47 OR AY.48 OR AY.49 OR AY.50 OR AY.51 OR AY.52 OR AY.53 OR AY.54 OR AY.55 OR AY.56 OR AY.57 OR AY.58 OR AY.59 OR AY.60 OR AY.61 OR AY.62 OR AY.63 OR AY.64 OR AY.65 OR AY.66 OR AY.67 OR AY.68 OR AY.69 OR AY.70 OR AY.71 OR AY.72 OR AY.73 OR AY.74 OR AY.75 OR AY.75.1 OR AY.75.2 OR AY.75.3 OR AY.76 OR AY.77 OR AY.78 OR AY.79 OR AY.80 OR AY.81 OR AY.82 OR AY.83 OR AY.84 OR AY.85 OR AY.86 OR AY.87 OR AY.88 OR AY.89 OR AY.90 OR AY.91 OR AY.91.1 OR AY.92 OR AY.93 OR AY.94 OR AY.95 OR AY.96 OR AY.97 OR AY.98 OR AY.98.1 OR AY.98.1.1 OR AY.99 OR AY.99.1 OR AY.99.2 OR AY.100 OR AY.101 OR AY.102 OR AY.102.1 OR AY.102.2 OR AY.103 OR AY.103.1 OR AY.103.2 OR AY.104 OR AY.105 OR AY.106 OR AY.107 OR AY.108 OR AY.109 OR AY.110 OR AY.111 OR AY.112 OR AY.112.1 OR AY.112.2 OR AY.112.3 OR AY.113 OR AY.114 OR AY.115 OR AY.116 OR AY.116.1 OR AY.117 OR AY.118 OR AY.119 OR AY.119.1 OR AY.119.2 OR AY.120 OR AY.120.1 OR AY.120.2 OR AY.120.2.1 OR AY.121 OR AY.121.1 OR AY.122 OR AY.122.1 OR AY.122.2 OR AY.122.3 OR AY.122.4 OR AY.122.5 OR AY.122.6 OR AY.123 OR AY.123.1 OR AY.124 OR AY.124.1 OR AY.124.1.1 OR AY.125 OR AY.125.1 OR AY.126 OR AY.127 OR AY.127.1 OR AY.127.2 OR AY.127.3 OR AY.128 OR AY.129 OR AY.130 OR AY.131 OR AY.132 OR AY.133 OR AY.134 OR B.1.617.2,Delta,220.285714285714,220.285714285714,1
2021-11-20,137,137,151.714285714286,151.714285714286,1,0.983636613142976,0.999996774823615,AY.1 OR AY.2 OR AY.3 OR AY.3.1 OR AY.3.2 OR AY.3.3 OR AY.3.4 OR AY.4 OR AY.4.1 OR AY.4.2 OR AY.4.2.1 OR AY.4.2.2 OR AY.4.2.3 OR AY.4.2.4 OR AY.4.2.5 OR AY.4.3 OR AY.4.4 OR AY.4.5 OR AY.4.6 OR AY.4.7 OR AY.4.8 OR AY.4.9 OR AY.4.10 OR AY.4.11 OR AY.4.12 OR AY.4.13 OR AY.4.14 OR AY.4.15 OR AY.4.16 OR AY.4.17 OR AY.5 OR AY.5.1 OR AY.5.2 OR AY.5.3 OR AY.5.4 OR AY.5.5 OR AY.5.6 OR AY.5.7 OR AY.6 OR AY.7 OR AY.7.1 OR AY.7.2 OR AY.8 OR AY.9 OR AY.9.1 OR AY.9.2 OR AY.9.2.1 OR AY.9.2.2 OR AY.10 OR AY.11 OR AY.12 OR AY.13 OR AY.14 OR AY.15 OR AY.16 OR AY.16.1 OR AY.17 OR AY.18 OR AY.19 OR AY.20 OR AY.20.1 OR AY.21 OR AY.22 OR AY.23 OR AY.23.1 OR AY.23.2 OR AY.24 OR AY.24.1 OR AY.25 OR AY.25.1 OR AY.25.1.1 OR AY.25.1.2 OR AY.25.2 OR AY.25.3 OR AY.26 OR AY.26.1 OR AY.27 OR AY.28 OR AY.29 OR AY.29.1 OR AY.29.2 OR AY.30 OR AY.31 OR AY.32 OR AY.33 OR AY.33.1 OR AY.33.2 OR AY.34 OR AY.34.1 OR AY.34.1.1 OR AY.34.2 OR AY.35 OR AY.36 OR AY.36.1 OR AY.37 OR AY.38 OR AY.39 OR AY.39.1 OR AY.39.1.1 OR AY.39.1.2 OR AY.39.1.3 OR AY.39.1.4 OR AY.39.2 OR AY.39.3 OR AY.39.4 OR AY.40 OR AY.41 OR AY.42 OR AY.42.1 OR AY.43 OR AY.43.1 OR AY.43.2 OR AY.43.3 OR AY.43.4 OR AY.43.5 OR AY.43.6 OR AY.43.7 OR AY.43.8 OR AY.43.9 OR AY.44 OR AY.45 OR AY.46 OR AY.46.1 OR AY.46.2 OR AY.46.3 OR AY.46.4 OR AY.46.5 OR AY.46.6 OR AY.46.6.1 OR AY.47 OR AY.48 OR AY.49 OR AY.50 OR AY.51 OR AY.52 OR AY.53 OR AY.54 OR AY.55 OR AY.56 OR AY.57 OR AY.58 OR AY.59 OR AY.60 OR AY.61 OR AY.62 OR AY.63 OR AY.64 OR AY.65 OR AY.66 OR AY.67 OR AY.68 OR AY.69 OR AY.70 OR AY.71 OR AY.72 OR AY.73 OR AY.74 OR AY.75 OR AY.75.1 OR AY.75.2 OR AY.75.3 OR AY.76 OR AY.77 OR AY.78 OR AY.79 OR AY.80 OR AY.81 OR AY.82 OR AY.83 OR AY.84 OR AY.85 OR AY.86 OR AY.87 OR AY.88 OR AY.89 OR AY.90 OR AY.91 OR AY.91.1 OR AY.92 OR AY.93 OR AY.94 OR AY.95 OR AY.96 OR AY.97 OR AY.98 OR AY.98.1 OR AY.98.1.1 OR AY.99 OR AY.99.1 OR AY.99.2 OR AY.100 OR AY.101 OR AY.102 OR AY.102.1 OR AY.102.2 OR AY.103 OR AY.103.1 OR AY.103.2 OR AY.104 OR AY.105 OR AY.106 OR AY.107 OR AY.108 OR AY.109 OR AY.110 OR AY.111 OR AY.112 OR AY.112.1 OR AY.112.2 OR AY.112.3 OR AY.113 OR AY.114 OR AY.115 OR AY.116 OR AY.116.1 OR AY.117 OR AY.118 OR AY.119 OR AY.119.1 OR AY.119.2 OR AY.120 OR AY.120.1 OR AY.120.2 OR AY.120.2.1 OR AY.121 OR AY.121.1 OR AY.122 OR AY.122.1 OR AY.122.2 OR AY.122.3 OR AY.122.4 OR AY.122.5 OR AY.122.6 OR AY.123 OR AY.123.1 OR AY.124 OR AY.124.1 OR AY.124.1.1 OR AY.125 OR AY.125.1 OR AY.126 OR AY.127 OR AY.127.1 OR AY.127.2 OR AY.127.3 OR AY.128 OR AY.129 OR AY.130 OR AY.131 OR AY.132 OR AY.133 OR AY.134 OR B.1.617.2,Delta,217.428571428571,217.428571428571,1
2021-11-21,91,91,153.285714285714,153.285714285714,1,0.983742515446929,0.999996795868722,AY.1 OR AY.2 OR AY.3 OR AY.3.1 OR AY.3.2 OR AY.3.3 OR AY.3.4 OR AY.4 OR AY.4.1 OR AY.4.2 OR AY.4.2.1 OR AY.4.2.2 OR AY.4.2.3 OR AY.4.2.4 OR AY.4.2.5 OR AY.4.3 OR AY.4.4 OR AY.4.5 OR AY.4.6 OR AY.4.7 OR AY.4.8 OR AY.4.9 OR AY.4.10 OR AY.4.11 OR AY.4.12 OR AY.4.13 OR AY.4.14 OR AY.4.15 OR AY.4.16 OR AY.4.17 OR AY.5 OR AY.5.1 OR AY.5.2 OR AY.5.3 OR AY.5.4 OR AY.5.5 OR AY.5.6 OR AY.5.7 OR AY.6 OR AY.7 OR AY.7.1 OR AY.7.2 OR AY.8 OR AY.9 OR AY.9.1 OR AY.9.2 OR AY.9.2.1 OR AY.9.2.2 OR AY.10 OR AY.11 OR AY.12 OR AY.13 OR AY.14 OR AY.15 OR AY.16 OR AY.16.1 OR AY.17 OR AY.18 OR AY.19 OR AY.20 OR AY.20.1 OR AY.21 OR AY.22 OR AY.23 OR AY.23.1 OR AY.23.2 OR AY.24 OR AY.24.1 OR AY.25 OR AY.25.1 OR AY.25.1.1 OR AY.25.1.2 OR AY.25.2 OR AY.25.3 OR AY.26 OR AY.26.1 OR AY.27 OR AY.28 OR AY.29 OR AY.29.1 OR AY.29.2 OR AY.30 OR AY.31 OR AY.32 OR AY.33 OR AY.33.1 OR AY.33.2 OR AY.34 OR AY.34.1 OR AY.34.1.1 OR AY.34.2 OR AY.35 OR AY.36 OR AY.36.1 OR AY.37 OR AY.38 OR AY.39 OR AY.39.1 OR AY.39.1.1 OR AY.39.1.2 OR AY.39.1.3 OR AY.39.1.4 OR AY.39.2 OR AY.39.3 OR AY.39.4 OR AY.40 OR AY.41 OR AY.42 OR AY.42.1 OR AY.43 OR AY.43.1 OR AY.43.2 OR AY.43.3 OR AY.43.4 OR AY.43.5 OR AY.43.6 OR AY.43.7 OR AY.43.8 OR AY.43.9 OR AY.44 OR AY.45 OR AY.46 OR AY.46.1 OR AY.46.2 OR AY.46.3 OR AY.46.4 OR AY.46.5 OR AY.46.6 OR AY.46.6.1 OR AY.47 OR AY.48 OR AY.49 OR AY.50 OR AY.51 OR AY.52 OR AY.53 OR AY.54 OR AY.55 OR AY.56 OR AY.57 OR AY.58 OR AY.59 OR AY.60 OR AY.61 OR AY.62 OR AY.63 OR AY.64 OR AY.65 OR AY.66 OR AY.67 OR AY.68 OR AY.69 OR AY.70 OR AY.71 OR AY.72 OR AY.73 OR AY.74 OR AY.75 OR AY.75.1 OR AY.75.2 OR AY.75.3 OR AY.76 OR AY.77 OR AY.78 OR AY.79 OR AY.80 OR AY.81 OR AY.82 OR AY.83 OR AY.84 OR AY.85 OR AY.86 OR AY.87 OR AY.88 OR AY.89 OR AY.90 OR AY.91 OR AY.91.1 OR AY.92 OR AY.93 OR AY.94 OR AY.95 OR AY.96 OR AY.97 OR AY.98 OR AY.98.1 OR AY.98.1.1 OR AY.99 OR AY.99.1 OR AY.99.2 OR AY.100 OR AY.101 OR AY.102 OR AY.102.1 OR AY.102.2 OR AY.103 OR AY.103.1 OR AY.103.2 OR AY.104 OR AY.105 OR AY.106 OR AY.107 OR AY.108 OR AY.109 OR AY.110 OR AY.111 OR AY.112 OR AY.112.1 OR AY.112.2 OR AY.112.3 OR AY.113 OR AY.114 OR AY.115 OR AY.116 OR AY.116.1 OR AY.117 OR AY.118 OR AY.119 OR AY.119.1 OR AY.119.2 OR AY.120 OR AY.120.1 OR AY.120.2 OR AY.120.2.1 OR AY.121 OR AY.121.1 OR AY.122 OR AY.122.1 OR AY.122.2 OR AY.122.3 OR AY.122.4 OR AY.122.5 OR AY.122.6 OR AY.123 OR AY.123.1 OR AY.124 OR AY.124.1 OR AY.124.1.1 OR AY.125 OR AY.125.1 OR AY.126 OR AY.127 OR AY.127.1 OR AY.127.2 OR AY.127.3 OR AY.128 OR AY.129 OR AY.130 OR AY.131 OR AY.132 OR AY.133 OR AY.134 OR B.1.617.2,Delta,214.428571428571,214.428571428571,1
2021-11-22,240,240,169.142857142857,169.142857142857,1,0.985268023007667,0.999997098769215,AY.1 OR AY.2 OR AY.3 OR AY.3.1 OR AY.3.2 OR AY.3.3 OR AY.3.4 OR AY.4 OR AY.4.1 OR AY.4.2 OR AY.4.2.1 OR AY.4.2.2 OR AY.4.2.3 OR AY.4.2.4 OR AY.4.2.5 OR AY.4.3 OR AY.4.4 OR AY.4.5 OR AY.4.6 OR AY.4.7 OR AY.4.8 OR AY.4.9 OR AY.4.10 OR AY.4.11 OR AY.4.12 OR AY.4.13 OR AY.4.14 OR AY.4.15 OR AY.4.16 OR AY.4.17 OR AY.5 OR AY.5.1 OR AY.5.2 OR AY.5.3 OR AY.5.4 OR AY.5.5 OR AY.5.6 OR AY.5.7 OR AY.6 OR AY.7 OR AY.7.1 OR AY.7.2 OR AY.8 OR AY.9 OR AY.9.1 OR AY.9.2 OR AY.9.2.1 OR AY.9.2.2 OR AY.10 OR AY.11 OR AY.12 OR AY.13 OR AY.14 OR AY.15 OR AY.16 OR AY.16.1 OR AY.17 OR AY.18 OR AY.19 OR AY.20 OR AY.20.1 OR AY.21 OR AY.22 OR AY.23 OR AY.23.1 OR AY.23.2 OR AY.24 OR AY.24.1 OR AY.25 OR AY.25.1 OR AY.25.1.1 OR AY.25.1.2 OR AY.25.2 OR AY.25.3 OR AY.26 OR AY.26.1 OR AY.27 OR AY.28 OR AY.29 OR AY.29.1 OR AY.29.2 OR AY.30 OR AY.31 OR AY.32 OR AY.33 OR AY.33.1 OR AY.33.2 OR AY.34 OR AY.34.1 OR AY.34.1.1 OR AY.34.2 OR AY.35 OR AY.36 OR AY.36.1 OR AY.37 OR AY.38 OR AY.39 OR AY.39.1 OR AY.39.1.1 OR AY.39.1.2 OR AY.39.1.3 OR AY.39.1.4 OR AY.39.2 OR AY.39.3 OR AY.39.4 OR AY.40 OR AY.41 OR AY.42 OR AY.42.1 OR AY.43 OR AY.43.1 OR AY.43.2 OR AY.43.3 OR AY.43.4 OR AY.43.5 OR AY.43.6 OR AY.43.7 OR AY.43.8 OR AY.43.9 OR AY.44 OR AY.45 OR AY.46 OR AY.46.1 OR AY.46.2 OR AY.46.3 OR AY.46.4 OR AY.46.5 OR AY.46.6 OR AY.46.6.1 OR AY.47 OR AY.48 OR AY.49 OR AY.50 OR AY.51 OR AY.52 OR AY.53 OR AY.54 OR AY.55 OR AY.56 OR AY.57 OR AY.58 OR AY.59 OR AY.60 OR AY.61 OR AY.62 OR AY.63 OR AY.64 OR AY.65 OR AY.66 OR AY.67 OR AY.68 OR AY.69 OR AY.70 OR AY.71 OR AY.72 OR AY.73 OR AY.74 OR AY.75 OR AY.75.1 OR AY.75.2 OR AY.75.3 OR AY.76 OR AY.77 OR AY.78 OR AY.79 OR AY.80 OR AY.81 OR AY.82 OR AY.83 OR AY.84 OR AY.85 OR AY.86 OR AY.87 OR AY.88 OR AY.89 OR AY.90 OR AY.91 OR AY.91.1 OR AY.92 OR AY.93 OR AY.94 OR AY.95 OR AY.96 OR AY.97 OR AY.98 OR AY.98.1 OR AY.98.1.1 OR AY.99 OR AY.99.1 OR AY.99.2 OR AY.100 OR AY.101 OR AY.102 OR AY.102.1 OR AY.102.2 OR AY.103 OR AY.103.1 OR AY.103.2 OR AY.104 OR AY.105 OR AY.106 OR AY.107 OR AY.108 OR AY.109 OR AY.110 OR AY.111 OR AY.112 OR AY.112.1 OR AY.112.2 OR AY.112.3 OR AY.113 OR AY.114 OR AY.115 OR AY.116 OR AY.116.1 OR AY.117 OR AY.118 OR AY.119 OR AY.119.1 OR AY.119.2 OR AY.120 OR AY.120.1 OR AY.120.2 OR AY.120.2.1 OR AY.121 OR AY.121.1 OR AY.122 OR AY.122.1 OR AY.122.2 OR AY.122.3 OR AY.122.4 OR AY.122.5 OR AY.122.6 OR AY.123 OR AY.123.1 OR AY.124 OR AY.124.1 OR AY.124.1.1 OR AY.125 OR AY.125.1 OR AY.126 OR AY.127 OR AY.127.1 OR AY.127.2 OR AY.127.3 OR AY.128 OR AY.129 OR AY.130 OR AY.131 OR AY.132 OR AY.133 OR AY.134 OR B.1.617.2,Delta,194.928571428571,194.928571428571,1
2021-11-23,196,196,180.571428571429,180.571428571429,1,0.986236632165632,0.999997290850062,AY.1 OR AY.2 OR AY.3 OR AY.3.1 OR AY.3.2 OR AY.3.3 OR AY.3.4 OR AY.4 OR AY.4.1 OR AY.4.2 OR AY.4.2.1 OR AY.4.2.2 OR AY.4.2.3 OR AY.4.2.4 OR AY.4.2.5 OR AY.4.3 OR AY.4.4 OR AY.4.5 OR AY.4.6 OR AY.4.7 OR AY.4.8 OR AY.4.9 OR AY.4.10 OR AY.4.11 OR AY.4.12 OR AY.4.13 OR AY.4.14 OR AY.4.15 OR AY.4.16 OR AY.4.17 OR AY.5 OR AY.5.1 OR AY.5.2 OR AY.5.3 OR AY.5.4 OR AY.5.5 OR AY.5.6 OR AY.5.7 OR AY.6 OR AY.7 OR AY.7.1 OR AY.7.2 OR AY.8 OR AY.9 OR AY.9.1 OR AY.9.2 OR AY.9.2.1 OR AY.9.2.2 OR AY.10 OR AY.11 OR AY.12 OR AY.13 OR AY.14 OR AY.15 OR AY.16 OR AY.16.1 OR AY.17 OR AY.18 OR AY.19 OR AY.20 OR AY.20.1 OR AY.21 OR AY.22 OR AY.23 OR AY.23.1 OR AY.23.2 OR AY.24 OR AY.24.1 OR AY.25 OR AY.25.1 OR AY.25.1.1 OR AY.25.1.2 OR AY.25.2 OR AY.25.3 OR AY.26 OR AY.26.1 OR AY.27 OR AY.28 OR AY.29 OR AY.29.1 OR AY.29.2 OR AY.30 OR AY.31 OR AY.32 OR AY.33 OR AY.33.1 OR AY.33.2 OR AY.34 OR AY.34.1 OR AY.34.1.1 OR AY.34.2 OR AY.35 OR AY.36 OR AY.36.1 OR AY.37 OR AY.38 OR AY.39 OR AY.39.1 OR AY.39.1.1 OR AY.39.1.2 OR AY.39.1.3 OR AY.39.1.4 OR AY.39.2 OR AY.39.3 OR AY.39.4 OR AY.40 OR AY.41 OR AY.42 OR AY.42.1 OR AY.43 OR AY.43.1 OR AY.43.2 OR AY.43.3 OR AY.43.4 OR AY.43.5 OR AY.43.6 OR AY.43.7 OR AY.43.8 OR AY.43.9 OR AY.44 OR AY.45 OR AY.46 OR AY.46.1 OR AY.46.2 OR AY.46.3 OR AY.46.4 OR AY.46.5 OR AY.46.6 OR AY.46.6.1 OR AY.47 OR AY.48 OR AY.49 OR AY.50 OR AY.51 OR AY.52 OR AY.53 OR AY.54 OR AY.55 OR AY.56 OR AY.57 OR AY.58 OR AY.59 OR AY.60 OR AY.61 OR AY.62 OR AY.63 OR AY.64 OR AY.65 OR AY.66 OR AY.67 OR AY.68 OR AY.69 OR AY.70 OR AY.71 OR AY.72 OR AY.73 OR AY.74 OR AY.75 OR AY.75.1 OR AY.75.2 OR AY.75.3 OR AY.76 OR AY.77 OR AY.78 OR AY.79 OR AY.80 OR AY.81 OR AY.82 OR AY.83 OR AY.84 OR AY.85 OR AY.86 OR AY.87 OR AY.88 OR AY.89 OR AY.90 OR AY.91 OR AY.91.1 OR AY.92 OR AY.93 OR AY.94 OR AY.95 OR AY.96 OR AY.97 OR AY.98 OR AY.98.1 OR AY.98.1.1 OR AY.99 OR AY.99.1 OR AY.99.2 OR AY.100 OR AY.101 OR AY.102 OR AY.102.1 OR AY.102.2 OR AY.103 OR AY.103.1 OR AY.103.2 OR AY.104 OR AY.105 OR AY.106 OR AY.107 OR AY.108 OR AY.109 OR AY.110 OR AY.111 OR AY.112 OR AY.112.1 OR AY.112.2 OR AY.112.3 OR AY.113 OR AY.114 OR AY.115 OR AY.116 OR AY.116.1 OR AY.117 OR AY.118 OR AY.119 OR AY.119.1 OR AY.119.2 OR AY.120 OR AY.120.1 OR AY.120.2 OR AY.120.2.1 OR AY.121 OR AY.121.1 OR AY.122 OR AY.122.1 OR AY.122.2 OR AY.122.3 OR AY.122.4 OR AY.122.5 OR AY.122.6 OR AY.123 OR AY.123.1 OR AY.124 OR AY.124.1 OR AY.124.1.1 OR AY.125 OR AY.125.1 OR AY.126 OR AY.127 OR AY.127.1 OR AY.127.2 OR AY.127.3 OR AY.128 OR AY.129 OR AY.130 OR AY.131 OR AY.132 OR AY.133 OR AY.134 OR B.1.617.2,Delta,176.142857142857,176.142857142857,1
2021-11-24,185,185,189,189,1,0.986814583211465,0.999997405371239,AY.1 OR AY.2 OR AY.3 OR AY.3.1 OR AY.3.2 OR AY.3.3 OR AY.3.4 OR AY.4 OR AY.4.1 OR AY.4.2 OR AY.4.2.1 OR AY.4.2.2 OR AY.4.2.3 OR AY.4.2.4 OR AY.4.2.5 OR AY.4.3 OR AY.4.4 OR AY.4.5 OR AY.4.6 OR AY.4.7 OR AY.4.8 OR AY.4.9 OR AY.4.10 OR AY.4.11 OR AY.4.12 OR AY.4.13 OR AY.4.14 OR AY.4.15 OR AY.4.16 OR AY.4.17 OR AY.5 OR AY.5.1 OR AY.5.2 OR AY.5.3 OR AY.5.4 OR AY.5.5 OR AY.5.6 OR AY.5.7 OR AY.6 OR AY.7 OR AY.7.1 OR AY.7.2 OR AY.8 OR AY.9 OR AY.9.1 OR AY.9.2 OR AY.9.2.1 OR AY.9.2.2 OR AY.10 OR AY.11 OR AY.12 OR AY.13 OR AY.14 OR AY.15 OR AY.16 OR AY.16.1 OR AY.17 OR AY.18 OR AY.19 OR AY.20 OR AY.20.1 OR AY.21 OR AY.22 OR AY.23 OR AY.23.1 OR AY.23.2 OR AY.24 OR AY.24.1 OR AY.25 OR AY.25.1 OR AY.25.1.1 OR AY.25.1.2 OR AY.25.2 OR AY.25.3 OR AY.26 OR AY.26.1 OR AY.27 OR AY.28 OR AY.29 OR AY.29.1 OR AY.29.2 OR AY.30 OR AY.31 OR AY.32 OR AY.33 OR AY.33.1 OR AY.33.2 OR AY.34 OR AY.34.1 OR AY.34.1.1 OR AY.34.2 OR AY.35 OR AY.36 OR AY.36.1 OR AY.37 OR AY.38 OR AY.39 OR AY.39.1 OR AY.39.1.1 OR AY.39.1.2 OR AY.39.1.3 OR AY.39.1.4 OR AY.39.2 OR AY.39.3 OR AY.39.4 OR AY.40 OR AY.41 OR AY.42 OR AY.42.1 OR AY.43 OR AY.43.1 OR AY.43.2 OR AY.43.3 OR AY.43.4 OR AY.43.5 OR AY.43.6 OR AY.43.7 OR AY.43.8 OR AY.43.9 OR AY.44 OR AY.45 OR AY.46 OR AY.46.1 OR AY.46.2 OR AY.46.3 OR AY.46.4 OR AY.46.5 OR AY.46.6 OR AY.46.6.1 OR AY.47 OR AY.48 OR AY.49 OR AY.50 OR AY.51 OR AY.52 OR AY.53 OR AY.54 OR AY.55 OR AY.56 OR AY.57 OR AY.58 OR AY.59 OR AY.60 OR AY.61 OR AY.62 OR AY.63 OR AY.64 OR AY.65 OR AY.66 OR AY.67 OR AY.68 OR AY.69 OR AY.70 OR AY.71 OR AY.72 OR AY.73 OR AY.74 OR AY.75 OR AY.75.1 OR AY.75.2 OR AY.75.3 OR AY.76 OR AY.77 OR AY.78 OR AY.79 OR AY.80 OR AY.81 OR AY.82 OR AY.83 OR AY.84 OR AY.85 OR AY.86 OR AY.87 OR AY.88 OR AY.89 OR AY.90 OR AY.91 OR AY.91.1 OR AY.92 OR AY.93 OR AY.94 OR AY.95 OR AY.96 OR AY.97 OR AY.98 OR AY.98.1 OR AY.98.1.1 OR AY.99 OR AY.99.1 OR AY.99.2 OR AY.100 OR AY.101 OR AY.102 OR AY.102.1 OR AY.102.2 OR AY.103 OR AY.103.1 OR AY.103.2 OR AY.104 OR AY.105 OR AY.106 OR AY.107 OR AY.108 OR AY.109 OR AY.110 OR AY.111 OR AY.112 OR AY.112.1 OR AY.112.2 OR AY.112.3 OR AY.113 OR AY.114 OR AY.115 OR AY.116 OR AY.116.1 OR AY.117 OR AY.118 OR AY.119 OR AY.119.1 OR AY.119.2 OR AY.120 OR AY.120.1 OR AY.120.2 OR AY.120.2.1 OR AY.121 OR AY.121.1 OR AY.122 OR AY.122.1 OR AY.122.2 OR AY.122.3 OR AY.122.4 OR AY.122.5 OR AY.122.6 OR AY.123 OR AY.123.1 OR AY.124 OR AY.124.1 OR AY.124.1.1 OR AY.125 OR AY.125.1 OR AY.126 OR AY.127 OR AY.127.1 OR AY.127.2 OR AY.127.3 OR AY.128 OR AY.129 OR AY.130 OR AY.131 OR AY.132 OR AY.133 OR AY.134 OR B.1.617.2,Delta,167.642857142857,167.642857142857,1
2021-11-25,222,222,170.857142857143,170.857142857143,1,0.985438815511068,0.999997132652081,AY.1 OR AY.2 OR AY.3 OR AY.3.1 OR AY.3.2 OR AY.3.3 OR AY.3.4 OR AY.4 OR AY.4.1 OR AY.4.2 OR AY.4.2.1 OR AY.4.2.2 OR AY.4.2.3 OR AY.4.2.4 OR AY.4.2.5 OR AY.4.3 OR AY.4.4 OR AY.4.5 OR AY.4.6 OR AY.4.7 OR AY.4.8 OR AY.4.9 OR AY.4.10 OR AY.4.11 OR AY.4.12 OR AY.4.13 OR AY.4.14 OR AY.4.15 OR AY.4.16 OR AY.4.17 OR AY.5 OR AY.5.1 OR AY.5.2 OR AY.5.3 OR AY.5.4 OR AY.5.5 OR AY.5.6 OR AY.5.7 OR AY.6 OR AY.7 OR AY.7.1 OR AY.7.2 OR AY.8 OR AY.9 OR AY.9.1 OR AY.9.2 OR AY.9.2.1 OR AY.9.2.2 OR AY.10 OR AY.11 OR AY.12 OR AY.13 OR AY.14 OR AY.15 OR AY.16 OR AY.16.1 OR AY.17 OR AY.18 OR AY.19 OR AY.20 OR AY.20.1 OR AY.21 OR AY.22 OR AY.23 OR AY.23.1 OR AY.23.2 OR AY.24 OR AY.24.1 OR AY.25 OR AY.25.1 OR AY.25.1.1 OR AY.25.1.2 OR AY.25.2 OR AY.25.3 OR AY.26 OR AY.26.1 OR AY.27 OR AY.28 OR AY.29 OR AY.29.1 OR AY.29.2 OR AY.30 OR AY.31 OR AY.32 OR AY.33 OR AY.33.1 OR AY.33.2 OR AY.34 OR AY.34.1 OR AY.34.1.1 OR AY.34.2 OR AY.35 OR AY.36 OR AY.36.1 OR AY.37 OR AY.38 OR AY.39 OR AY.39.1 OR AY.39.1.1 OR AY.39.1.2 OR AY.39.1.3 OR AY.39.1.4 OR AY.39.2 OR AY.39.3 OR AY.39.4 OR AY.40 OR AY.41 OR AY.42 OR AY.42.1 OR AY.43 OR AY.43.1 OR AY.43.2 OR AY.43.3 OR AY.43.4 OR AY.43.5 OR AY.43.6 OR AY.43.7 OR AY.43.8 OR AY.43.9 OR AY.44 OR AY.45 OR AY.46 OR AY.46.1 OR AY.46.2 OR AY.46.3 OR AY.46.4 OR AY.46.5 OR AY.46.6 OR AY.46.6.1 OR AY.47 OR AY.48 OR AY.49 OR AY.50 OR AY.51 OR AY.52 OR AY.53 OR AY.54 OR AY.55 OR AY.56 OR AY.57 OR AY.58 OR AY.59 OR AY.60 OR AY.61 OR AY.62 OR AY.63 OR AY.64 OR AY.65 OR AY.66 OR AY.67 OR AY.68 OR AY.69 OR AY.70 OR AY.71 OR AY.72 OR AY.73 OR AY.74 OR AY.75 OR AY.75.1 OR AY.75.2 OR AY.75.3 OR AY.76 OR AY.77 OR AY.78 OR AY.79 OR AY.80 OR AY.81 OR AY.82 OR AY.83 OR AY.84 OR AY.85 OR AY.86 OR AY.87 OR AY.88 OR AY.89 OR AY.90 OR AY.91 OR AY.91.1 OR AY.92 OR AY.93 OR AY.94 OR AY.95 OR AY.96 OR AY.97 OR AY.98 OR AY.98.1 OR AY.98.1.1 OR AY.99 OR AY.99.1 OR AY.99.2 OR AY.100 OR AY.101 OR AY.102 OR AY.102.1 OR AY.102.2 OR AY.103 OR AY.103.1 OR AY.103.2 OR AY.104 OR AY.105 OR AY.106 OR AY.107 OR AY.108 OR AY.109 OR AY.110 OR AY.111 OR AY.112 OR AY.112.1 OR AY.112.2 OR AY.112.3 OR AY.113 OR AY.114 OR AY.115 OR AY.116 OR AY.116.1 OR AY.117 OR AY.118 OR AY.119 OR AY.119.1 OR AY.119.2 OR AY.120 OR AY.120.1 OR AY.120.2 OR AY.120.2.1 OR AY.121 OR AY.121.1 OR AY.122 OR AY.122.1 OR AY.122.2 OR AY.122.3 OR AY.122.4 OR AY.122.5 OR AY.122.6 OR AY.123 OR AY.123.1 OR AY.124 OR AY.124.1 OR AY.124.1.1 OR AY.125 OR AY.125.1 OR AY.126 OR AY.127 OR AY.127.1 OR AY.127.2 OR AY.127.3 OR AY.128 OR AY.129 OR AY.130 OR AY.131 OR AY.132 OR AY.133 OR AY.134 OR B.1.617.2,Delta,168.357142857143,168.357142857143,1
2021-11-26,166,166,176.714285714286,176.714285714286,1,0.985928231464678,0.999997229712892,AY.1 OR AY.2 OR AY.3 OR AY.3.1 OR AY.3.2 OR AY.3.3 OR AY.3.4 OR AY.4 OR AY.4.1 OR AY.4.2 OR AY.4.2.1 OR AY.4.2.2 OR AY.4.2.3 OR AY.4.2.4 OR AY.4.2.5 OR AY.4.3 OR AY.4.4 OR AY.4.5 OR AY.4.6 OR AY.4.7 OR AY.4.8 OR AY.4.9 OR AY.4.10 OR AY.4.11 OR AY.4.12 OR AY.4.13 OR AY.4.14 OR AY.4.15 OR AY.4.16 OR AY.4.17 OR AY.5 OR AY.5.1 OR AY.5.2 OR AY.5.3 OR AY.5.4 OR AY.5.5 OR AY.5.6 OR AY.5.7 OR AY.6 OR AY.7 OR AY.7.1 OR AY.7.2 OR AY.8 OR AY.9 OR AY.9.1 OR AY.9.2 OR AY.9.2.1 OR AY.9.2.2 OR AY.10 OR AY.11 OR AY.12 OR AY.13 OR AY.14 OR AY.15 OR AY.16 OR AY.16.1 OR AY.17 OR AY.18 OR AY.19 OR AY.20 OR AY.20.1 OR AY.21 OR AY.22 OR AY.23 OR AY.23.1 OR AY.23.2 OR AY.24 OR AY.24.1 OR AY.25 OR AY.25.1 OR AY.25.1.1 OR AY.25.1.2 OR AY.25.2 OR AY.25.3 OR AY.26 OR AY.26.1 OR AY.27 OR AY.28 OR AY.29 OR AY.29.1 OR AY.29.2 OR AY.30 OR AY.31 OR AY.32 OR AY.33 OR AY.33.1 OR AY.33.2 OR AY.34 OR AY.34.1 OR AY.34.1.1 OR AY.34.2 OR AY.35 OR AY.36 OR AY.36.1 OR AY.37 OR AY.38 OR AY.39 OR AY.39.1 OR AY.39.1.1 OR AY.39.1.2 OR AY.39.1.3 OR AY.39.1.4 OR AY.39.2 OR AY.39.3 OR AY.39.4 OR AY.40 OR AY.41 OR AY.42 OR AY.42.1 OR AY.43 OR AY.43.1 OR AY.43.2 OR AY.43.3 OR AY.43.4 OR AY.43.5 OR AY.43.6 OR AY.43.7 OR AY.43.8 OR AY.43.9 OR AY.44 OR AY.45 OR AY.46 OR AY.46.1 OR AY.46.2 OR AY.46.3 OR AY.46.4 OR AY.46.5 OR AY.46.6 OR AY.46.6.1 OR AY.47 OR AY.48 OR AY.49 OR AY.50 OR AY.51 OR AY.52 OR AY.53 OR AY.54 OR AY.55 OR AY.56 OR AY.57 OR AY.58 OR AY.59 OR AY.60 OR AY.61 OR AY.62 OR AY.63 OR AY.64 OR AY.65 OR AY.66 OR AY.67 OR AY.68 OR AY.69 OR AY.70 OR AY.71 OR AY.72 OR AY.73 OR AY.74 OR AY.75 OR AY.75.1 OR AY.75.2 OR AY.75.3 OR AY.76 OR AY.77 OR AY.78 OR AY.79 OR AY.80 OR AY.81 OR AY.82 OR AY.83 OR AY.84 OR AY.85 OR AY.86 OR AY.87 OR AY.88 OR AY.89 OR AY.90 OR AY.91 OR AY.91.1 OR AY.92 OR AY.93 OR AY.94 OR AY.95 OR AY.96 OR AY.97 OR AY.98 OR AY.98.1 OR AY.98.1.1 OR AY.99 OR AY.99.1 OR AY.99.2 OR AY.100 OR AY.101 OR AY.102 OR AY.102.1 OR AY.102.2 OR AY.103 OR AY.103.1 OR AY.103.2 OR AY.104 OR AY.105 OR AY.106 OR AY.107 OR AY.108 OR AY.109 OR AY.110 OR AY.111 OR AY.112 OR AY.112.1 OR AY.112.2 OR AY.112.3 OR AY.113 OR AY.114 OR AY.115 OR AY.116 OR AY.116.1 OR AY.117 OR AY.118 OR AY.119 OR AY.119.1 OR AY.119.2 OR AY.120 OR AY.120.1 OR AY.120.2 OR AY.120.2.1 OR AY.121 OR AY.121.1 OR AY.122 OR AY.122.1 OR AY.122.2 OR AY.122.3 OR AY.122.4 OR AY.122.5 OR AY.122.6 OR AY.123 OR AY.123.1 OR AY.124 OR AY.124.1 OR AY.124.1.1 OR AY.125 OR AY.125.1 OR AY.126 OR AY.127 OR AY.127.1 OR AY.127.2 OR AY.127.3 OR AY.128 OR AY.129 OR AY.130 OR AY.131 OR AY.132 OR AY.133 OR AY.134 OR B.1.617.2,Delta,165.214285714286,165.214285714286,1
2021-11-27,140,140,177.142857142857,177.142857142857,1,0.985928231464678,0.999997229712892,AY.1 OR AY.2 OR AY.3 OR AY.3.1 OR AY.3.2 OR AY.3.3 OR AY.3.4 OR AY.4 OR AY.4.1 OR AY.4.2 OR AY.4.2.1 OR AY.4.2.2 OR AY.4.2.3 OR AY.4.2.4 OR AY.4.2.5 OR AY.4.3 OR AY.4.4 OR AY.4.5 OR AY.4.6 OR AY.4.7 OR AY.4.8 OR AY.4.9 OR AY.4.10 OR AY.4.11 OR AY.4.12 OR AY.4.13 OR AY.4.14 OR AY.4.15 OR AY.4.16 OR AY.4.17 OR AY.5 OR AY.5.1 OR AY.5.2 OR AY.5.3 OR AY.5.4 OR AY.5.5 OR AY.5.6 OR AY.5.7 OR AY.6 OR AY.7 OR AY.7.1 OR AY.7.2 OR AY.8 OR AY.9 OR AY.9.1 OR AY.9.2 OR AY.9.2.1 OR AY.9.2.2 OR AY.10 OR AY.11 OR AY.12 OR AY.13 OR AY.14 OR AY.15 OR AY.16 OR AY.16.1 OR AY.17 OR AY.18 OR AY.19 OR AY.20 OR AY.20.1 OR AY.21 OR AY.22 OR AY.23 OR AY.23.1 OR AY.23.2 OR AY.24 OR AY.24.1 OR AY.25 OR AY.25.1 OR AY.25.1.1 OR AY.25.1.2 OR AY.25.2 OR AY.25.3 OR AY.26 OR AY.26.1 OR AY.27 OR AY.28 OR AY.29 OR AY.29.1 OR AY.29.2 OR AY.30 OR AY.31 OR AY.32 OR AY.33 OR AY.33.1 OR AY.33.2 OR AY.34 OR AY.34.1 OR AY.34.1.1 OR AY.34.2 OR AY.35 OR AY.36 OR AY.36.1 OR AY.37 OR AY.38 OR AY.39 OR AY.39.1 OR AY.39.1.1 OR AY.39.1.2 OR AY.39.1.3 OR AY.39.1.4 OR AY.39.2 OR AY.39.3 OR AY.39.4 OR AY.40 OR AY.41 OR AY.42 OR AY.42.1 OR AY.43 OR AY.43.1 OR AY.43.2 OR AY.43.3 OR AY.43.4 OR AY.43.5 OR AY.43.6 OR AY.43.7 OR AY.43.8 OR AY.43.9 OR AY.44 OR AY.45 OR AY.46 OR AY.46.1 OR AY.46.2 OR AY.46.3 OR AY.46.4 OR AY.46.5 OR AY.46.6 OR AY.46.6.1 OR AY.47 OR AY.48 OR AY.49 OR AY.50 OR AY.51 OR AY.52 OR AY.53 OR AY.54 OR AY.55 OR AY.56 OR AY.57 OR AY.58 OR AY.59 OR AY.60 OR AY.61 OR AY.62 OR AY.63 OR AY.64 OR AY.65 OR AY.66 OR AY.67 OR AY.68 OR AY.69 OR AY.70 OR AY.71 OR AY.72 OR AY.73 OR AY.74 OR AY.75 OR AY.75.1 OR AY.75.2 OR AY.75.3 OR AY.76 OR AY.77 OR AY.78 OR AY.79 OR AY.80 OR AY.81 OR AY.82 OR AY.83 OR AY.84 OR AY.85 OR AY.86 OR AY.87 OR AY.88 OR AY.89 OR AY.90 OR AY.91 OR AY.91.1 OR AY.92 OR AY.93 OR AY.94 OR AY.95 OR AY.96 OR AY.97 OR AY.98 OR AY.98.1 OR AY.98.1.1 OR AY.99 OR AY.99.1 OR AY.99.2 OR AY.100 OR AY.101 OR AY.102 OR AY.102.1 OR AY.102.2 OR AY.103 OR AY.103.1 OR AY.103.2 OR AY.104 OR AY.105 OR AY.106 OR AY.107 OR AY.108 OR AY.109 OR AY.110 OR AY.111 OR AY.112 OR AY.112.1 OR AY.112.2 OR AY.112.3 OR AY.113 OR AY.114 OR AY.115 OR AY.116 OR AY.116.1 OR AY.117 OR AY.118 OR AY.119 OR AY.119.1 OR AY.119.2 OR AY.120 OR AY.120.1 OR AY.120.2 OR AY.120.2.1 OR AY.121 OR AY.121.1 OR AY.122 OR AY.122.1 OR AY.122.2 OR AY.122.3 OR AY.122.4 OR AY.122.5 OR AY.122.6 OR AY.123 OR AY.123.1 OR AY.124 OR AY.124.1 OR AY.124.1.1 OR AY.125 OR AY.125.1 OR AY.126 OR AY.127 OR AY.127.1 OR AY.127.2 OR AY.127.3 OR AY.128 OR AY.129 OR AY.130 OR AY.131 OR AY.132 OR AY.133 OR AY.134 OR B.1.617.2,Delta,164.428571428571,164.428571428571,1
2021-11-28,82,82,175.857142857143,175.857142857143,1,0.985848959652968,0.999997213995005,AY.1 OR AY.2 OR AY.3 OR AY.3.1 OR AY.3.2 OR AY.3.3 OR AY.3.4 OR AY.4 OR AY.4.1 OR AY.4.2 OR AY.4.2.1 OR AY.4.2.2 OR AY.4.2.3 OR AY.4.2.4 OR AY.4.2.5 OR AY.4.3 OR AY.4.4 OR AY.4.5 OR AY.4.6 OR AY.4.7 OR AY.4.8 OR AY.4.9 OR AY.4.10 OR AY.4.11 OR AY.4.12 OR AY.4.13 OR AY.4.14 OR AY.4.15 OR AY.4.16 OR AY.4.17 OR AY.5 OR AY.5.1 OR AY.5.2 OR AY.5.3 OR AY.5.4 OR AY.5.5 OR AY.5.6 OR AY.5.7 OR AY.6 OR AY.7 OR AY.7.1 OR AY.7.2 OR AY.8 OR AY.9 OR AY.9.1 OR AY.9.2 OR AY.9.2.1 OR AY.9.2.2 OR AY.10 OR AY.11 OR AY.12 OR AY.13 OR AY.14 OR AY.15 OR AY.16 OR AY.16.1 OR AY.17 OR AY.18 OR AY.19 OR AY.20 OR AY.20.1 OR AY.21 OR AY.22 OR AY.23 OR AY.23.1 OR AY.23.2 OR AY.24 OR AY.24.1 OR AY.25 OR AY.25.1 OR AY.25.1.1 OR AY.25.1.2 OR AY.25.2 OR AY.25.3 OR AY.26 OR AY.26.1 OR AY.27 OR AY.28 OR AY.29 OR AY.29.1 OR AY.29.2 OR AY.30 OR AY.31 OR AY.32 OR AY.33 OR AY.33.1 OR AY.33.2 OR AY.34 OR AY.34.1 OR AY.34.1.1 OR AY.34.2 OR AY.35 OR AY.36 OR AY.36.1 OR AY.37 OR AY.38 OR AY.39 OR AY.39.1 OR AY.39.1.1 OR AY.39.1.2 OR AY.39.1.3 OR AY.39.1.4 OR AY.39.2 OR AY.39.3 OR AY.39.4 OR AY.40 OR AY.41 OR AY.42 OR AY.42.1 OR AY.43 OR AY.43.1 OR AY.43.2 OR AY.43.3 OR AY.43.4 OR AY.43.5 OR AY.43.6 OR AY.43.7 OR AY.43.8 OR AY.43.9 OR AY.44 OR AY.45 OR AY.46 OR AY.46.1 OR AY.46.2 OR AY.46.3 OR AY.46.4 OR AY.46.5 OR AY.46.6 OR AY.46.6.1 OR AY.47 OR AY.48 OR AY.49 OR AY.50 OR AY.51 OR AY.52 OR AY.53 OR AY.54 OR AY.55 OR AY.56 OR AY.57 OR AY.58 OR AY.59 OR AY.60 OR AY.61 OR AY.62 OR AY.63 OR AY.64 OR AY.65 OR AY.66 OR AY.67 OR AY.68 OR AY.69 OR AY.70 OR AY.71 OR AY.72 OR AY.73 OR AY.74 OR AY.75 OR AY.75.1 OR AY.75.2 OR AY.75.3 OR AY.76 OR AY.77 OR AY.78 OR AY.79 OR AY.80 OR AY.81 OR AY.82 OR AY.83 OR AY.84 OR AY.85 OR AY.86 OR AY.87 OR AY.88 OR AY.89 OR AY.90 OR AY.91 OR AY.91.1 OR AY.92 OR AY.93 OR AY.94 OR AY.95 OR AY.96 OR AY.97 OR AY.98 OR AY.98.1 OR AY.98.1.1 OR AY.99 OR AY.99.1 OR AY.99.2 OR AY.100 OR AY.101 OR AY.102 OR AY.102.1 OR AY.102.2 OR AY.103 OR AY.103.1 OR AY.103.2 OR AY.104 OR AY.105 OR AY.106 OR AY.107 OR AY.108 OR AY.109 OR AY.110 OR AY.111 OR AY.112 OR AY.112.1 OR AY.112.2 OR AY.112.3 OR AY.113 OR AY.114 OR AY.115 OR AY.116 OR AY.116.1 OR AY.117 OR AY.118 OR AY.119 OR AY.119.1 OR AY.119.2 OR AY.120 OR AY.120.1 OR AY.120.2 OR AY.120.2.1 OR AY.121 OR AY.121.1 OR AY.122 OR AY.122.1 OR AY.122.2 OR AY.122.3 OR AY.122.4 OR AY.122.5 OR AY.122.6 OR AY.123 OR AY.123.1 OR AY.124 OR AY.124.1 OR AY.124.1.1 OR AY.125 OR AY.125.1 OR AY.126 OR AY.127 OR AY.127.1 OR AY.127.2 OR AY.127.3 OR AY.128 OR AY.129 OR AY.130 OR AY.131 OR AY.132 OR AY.133 OR AY.134 OR B.1.617.2,Delta,164.571428571429,164.571428571429,1
2021-11-29,221,221,173.142857142857,173.142857142857,1,0.98560569337531,0.999997165752662,AY.1 OR AY.2 OR AY.3 OR AY.3.1 OR AY.3.2 OR AY.3.3 OR AY.3.4 OR AY.4 OR AY.4.1 OR AY.4.2 OR AY.4.2.1 OR AY.4.2.2 OR AY.4.2.3 OR AY.4.2.4 OR AY.4.2.5 OR AY.4.3 OR AY.4.4 OR AY.4.5 OR AY.4.6 OR AY.4.7 OR AY.4.8 OR AY.4.9 OR AY.4.10 OR AY.4.11 OR AY.4.12 OR AY.4.13 OR AY.4.14 OR AY.4.15 OR AY.4.16 OR AY.4.17 OR AY.5 OR AY.5.1 OR AY.5.2 OR AY.5.3 OR AY.5.4 OR AY.5.5 OR AY.5.6 OR AY.5.7 OR AY.6 OR AY.7 OR AY.7.1 OR AY.7.2 OR AY.8 OR AY.9 OR AY.9.1 OR AY.9.2 OR AY.9.2.1 OR AY.9.2.2 OR AY.10 OR AY.11 OR AY.12 OR AY.13 OR AY.14 OR AY.15 OR AY.16 OR AY.16.1 OR AY.17 OR AY.18 OR AY.19 OR AY.20 OR AY.20.1 OR AY.21 OR AY.22 OR AY.23 OR AY.23.1 OR AY.23.2 OR AY.24 OR AY.24.1 OR AY.25 OR AY.25.1 OR AY.25.1.1 OR AY.25.1.2 OR AY.25.2 OR AY.25.3 OR AY.26 OR AY.26.1 OR AY.27 OR AY.28 OR AY.29 OR AY.29.1 OR AY.29.2 OR AY.30 OR AY.31 OR AY.32 OR AY.33 OR AY.33.1 OR AY.33.2 OR AY.34 OR AY.34.1 OR AY.34.1.1 OR AY.34.2 OR AY.35 OR AY.36 OR AY.36.1 OR AY.37 OR AY.38 OR AY.39 OR AY.39.1 OR AY.39.1.1 OR AY.39.1.2 OR AY.39.1.3 OR AY.39.1.4 OR AY.39.2 OR AY.39.3 OR AY.39.4 OR AY.40 OR AY.41 OR AY.42 OR AY.42.1 OR AY.43 OR AY.43.1 OR AY.43.2 OR AY.43.3 OR AY.43.4 OR AY.43.5 OR AY.43.6 OR AY.43.7 OR AY.43.8 OR AY.43.9 OR AY.44 OR AY.45 OR AY.46 OR AY.46.1 OR AY.46.2 OR AY.46.3 OR AY.46.4 OR AY.46.5 OR AY.46.6 OR AY.46.6.1 OR AY.47 OR AY.48 OR AY.49 OR AY.50 OR AY.51 OR AY.52 OR AY.53 OR AY.54 OR AY.55 OR AY.56 OR AY.57 OR AY.58 OR AY.59 OR AY.60 OR AY.61 OR AY.62 OR AY.63 OR AY.64 OR AY.65 OR AY.66 OR AY.67 OR AY.68 OR AY.69 OR AY.70 OR AY.71 OR AY.72 OR AY.73 OR AY.74 OR AY.75 OR AY.75.1 OR AY.75.2 OR AY.75.3 OR AY.76 OR AY.77 OR AY.78 OR AY.79 OR AY.80 OR AY.81 OR AY.82 OR AY.83 OR AY.84 OR AY.85 OR AY.86 OR AY.87 OR AY.88 OR AY.89 OR AY.90 OR AY.91 OR AY.91.1 OR AY.92 OR AY.93 OR AY.94 OR AY.95 OR AY.96 OR AY.97 OR AY.98 OR AY.98.1 OR AY.98.1.1 OR AY.99 OR AY.99.1 OR AY.99.2 OR AY.100 OR AY.101 OR AY.102 OR AY.102.1 OR AY.102.2 OR AY.103 OR AY.103.1 OR AY.103.2 OR AY.104 OR AY.105 OR AY.106 OR AY.107 OR AY.108 OR AY.109 OR AY.110 OR AY.111 OR AY.112 OR AY.112.1 OR AY.112.2 OR AY.112.3 OR AY.113 OR AY.114 OR AY.115 OR AY.116 OR AY.116.1 OR AY.117 OR AY.118 OR AY.119 OR AY.119.1 OR AY.119.2 OR AY.120 OR AY.120.1 OR AY.120.2 OR AY.120.2.1 OR AY.121 OR AY.121.1 OR AY.122 OR AY.122.1 OR AY.122.2 OR AY.122.3 OR AY.122.4 OR AY.122.5 OR AY.122.6 OR AY.123 OR AY.123.1 OR AY.124 OR AY.124.1 OR AY.124.1.1 OR AY.125 OR AY.125.1 OR AY.126 OR AY.127 OR AY.127.1 OR AY.127.2 OR AY.127.3 OR AY.128 OR AY.129 OR AY.130 OR AY.131 OR AY.132 OR AY.133 OR AY.134 OR B.1.617.2,Delta,171.142857142857,171.142857142857,1
2021-11-30,157,157,167.571428571429,167.571428571429,1,0.985181115467969,0.999997081525707,AY.1 OR AY.2 OR AY.3 OR AY.3.1 OR AY.3.2 OR AY.3.3 OR AY.3.4 OR AY.4 OR AY.4.1 OR AY.4.2 OR AY.4.2.1 OR AY.4.2.2 OR AY.4.2.3 OR AY.4.2.4 OR AY.4.2.5 OR AY.4.3 OR AY.4.4 OR AY.4.5 OR AY.4.6 OR AY.4.7 OR AY.4.8 OR AY.4.9 OR AY.4.10 OR AY.4.11 OR AY.4.12 OR AY.4.13 OR AY.4.14 OR AY.4.15 OR AY.4.16 OR AY.4.17 OR AY.5 OR AY.5.1 OR AY.5.2 OR AY.5.3 OR AY.5.4 OR AY.5.5 OR AY.5.6 OR AY.5.7 OR AY.6 OR AY.7 OR AY.7.1 OR AY.7.2 OR AY.8 OR AY.9 OR AY.9.1 OR AY.9.2 OR AY.9.2.1 OR AY.9.2.2 OR AY.10 OR AY.11 OR AY.12 OR AY.13 OR AY.14 OR AY.15 OR AY.16 OR AY.16.1 OR AY.17 OR AY.18 OR AY.19 OR AY.20 OR AY.20.1 OR AY.21 OR AY.22 OR AY.23 OR AY.23.1 OR AY.23.2 OR AY.24 OR AY.24.1 OR AY.25 OR AY.25.1 OR AY.25.1.1 OR AY.25.1.2 OR AY.25.2 OR AY.25.3 OR AY.26 OR AY.26.1 OR AY.27 OR AY.28 OR AY.29 OR AY.29.1 OR AY.29.2 OR AY.30 OR AY.31 OR AY.32 OR AY.33 OR AY.33.1 OR AY.33.2 OR AY.34 OR AY.34.1 OR AY.34.1.1 OR AY.34.2 OR AY.35 OR AY.36 OR AY.36.1 OR AY.37 OR AY.38 OR AY.39 OR AY.39.1 OR AY.39.1.1 OR AY.39.1.2 OR AY.39.1.3 OR AY.39.1.4 OR AY.39.2 OR AY.39.3 OR AY.39.4 OR AY.40 OR AY.41 OR AY.42 OR AY.42.1 OR AY.43 OR AY.43.1 OR AY.43.2 OR AY.43.3 OR AY.43.4 OR AY.43.5 OR AY.43.6 OR AY.43.7 OR AY.43.8 OR AY.43.9 OR AY.44 OR AY.45 OR AY.46 OR AY.46.1 OR AY.46.2 OR AY.46.3 OR AY.46.4 OR AY.46.5 OR AY.46.6 OR AY.46.6.1 OR AY.47 OR AY.48 OR AY.49 OR AY.50 OR AY.51 OR AY.52 OR AY.53 OR AY.54 OR AY.55 OR AY.56 OR AY.57 OR AY.58 OR AY.59 OR AY.60 OR AY.61 OR AY.62 OR AY.63 OR AY.64 OR AY.65 OR AY.66 OR AY.67 OR AY.68 OR AY.69 OR AY.70 OR AY.71 OR AY.72 OR AY.73 OR AY.74 OR AY.75 OR AY.75.1 OR AY.75.2 OR AY.75.3 OR AY.76 OR AY.77 OR AY.78 OR AY.79 OR AY.80 OR AY.81 OR AY.82 OR AY.83 OR AY.84 OR AY.85 OR AY.86 OR AY.87 OR AY.88 OR AY.89 OR AY.90 OR AY.91 OR AY.91.1 OR AY.92 OR AY.93 OR AY.94 OR AY.95 OR AY.96 OR AY.97 OR AY.98 OR AY.98.1 OR AY.98.1.1 OR AY.99 OR AY.99.1 OR AY.99.2 OR AY.100 OR AY.101 OR AY.102 OR AY.102.1 OR AY.102.2 OR AY.103 OR AY.103.1 OR AY.103.2 OR AY.104 OR AY.105 OR AY.106 OR AY.107 OR AY.108 OR AY.109 OR AY.110 OR AY.111 OR AY.112 OR AY.112.1 OR AY.112.2 OR AY.112.3 OR AY.113 OR AY.114 OR AY.115 OR AY.116 OR AY.116.1 OR AY.117 OR AY.118 OR AY.119 OR AY.119.1 OR AY.119.2 OR AY.120 OR AY.120.1 OR AY.120.2 OR AY.120.2.1 OR AY.121 OR AY.121.1 OR AY.122 OR AY.122.1 OR AY.122.2 OR AY.122.3 OR AY.122.4 OR AY.122.5 OR AY.122.6 OR AY.123 OR AY.123.1 OR AY.124 OR AY.124.1 OR AY.124.1.1 OR AY.125 OR AY.125.1 OR AY.126 OR AY.127 OR AY.127.1 OR AY.127.2 OR AY.127.3 OR AY.128 OR AY.129 OR AY.130 OR AY.131 OR AY.132 OR AY.133 OR AY.134 OR B.1.617.2,Delta,174.071428571429,174.071428571429,1
2021-12-01,204,204,170.285714285714,170.285714285714,1,0.985353917147951,0.999997115810156,AY.1 OR AY.2 OR AY.3 OR AY.3.1 OR AY.3.2 OR AY.3.3 OR AY.3.4 OR AY.4 OR AY.4.1 OR AY.4.2 OR AY.4.2.1 OR AY.4.2.2 OR AY.4.2.3 OR AY.4.2.4 OR AY.4.2.5 OR AY.4.3 OR AY.4.4 OR AY.4.5 OR AY.4.6 OR AY.4.7 OR AY.4.8 OR AY.4.9 OR AY.4.10 OR AY.4.11 OR AY.4.12 OR AY.4.13 OR AY.4.14 OR AY.4.15 OR AY.4.16 OR AY.4.17 OR AY.5 OR AY.5.1 OR AY.5.2 OR AY.5.3 OR AY.5.4 OR AY.5.5 OR AY.5.6 OR AY.5.7 OR AY.6 OR AY.7 OR AY.7.1 OR AY.7.2 OR AY.8 OR AY.9 OR AY.9.1 OR AY.9.2 OR AY.9.2.1 OR AY.9.2.2 OR AY.10 OR AY.11 OR AY.12 OR AY.13 OR AY.14 OR AY.15 OR AY.16 OR AY.16.1 OR AY.17 OR AY.18 OR AY.19 OR AY.20 OR AY.20.1 OR AY.21 OR AY.22 OR AY.23 OR AY.23.1 OR AY.23.2 OR AY.24 OR AY.24.1 OR AY.25 OR AY.25.1 OR AY.25.1.1 OR AY.25.1.2 OR AY.25.2 OR AY.25.3 OR AY.26 OR AY.26.1 OR AY.27 OR AY.28 OR AY.29 OR AY.29.1 OR AY.29.2 OR AY.30 OR AY.31 OR AY.32 OR AY.33 OR AY.33.1 OR AY.33.2 OR AY.34 OR AY.34.1 OR AY.34.1.1 OR AY.34.2 OR AY.35 OR AY.36 OR AY.36.1 OR AY.37 OR AY.38 OR AY.39 OR AY.39.1 OR AY.39.1.1 OR AY.39.1.2 OR AY.39.1.3 OR AY.39.1.4 OR AY.39.2 OR AY.39.3 OR AY.39.4 OR AY.40 OR AY.41 OR AY.42 OR AY.42.1 OR AY.43 OR AY.43.1 OR AY.43.2 OR AY.43.3 OR AY.43.4 OR AY.43.5 OR AY.43.6 OR AY.43.7 OR AY.43.8 OR AY.43.9 OR AY.44 OR AY.45 OR AY.46 OR AY.46.1 OR AY.46.2 OR AY.46.3 OR AY.46.4 OR AY.46.5 OR AY.46.6 OR AY.46.6.1 OR AY.47 OR AY.48 OR AY.49 OR AY.50 OR AY.51 OR AY.52 OR AY.53 OR AY.54 OR AY.55 OR AY.56 OR AY.57 OR AY.58 OR AY.59 OR AY.60 OR AY.61 OR AY.62 OR AY.63 OR AY.64 OR AY.65 OR AY.66 OR AY.67 OR AY.68 OR AY.69 OR AY.70 OR AY.71 OR AY.72 OR AY.73 OR AY.74 OR AY.75 OR AY.75.1 OR AY.75.2 OR AY.75.3 OR AY.76 OR AY.77 OR AY.78 OR AY.79 OR AY.80 OR AY.81 OR AY.82 OR AY.83 OR AY.84 OR AY.85 OR AY.86 OR AY.87 OR AY.88 OR AY.89 OR AY.90 OR AY.91 OR AY.91.1 OR AY.92 OR AY.93 OR AY.94 OR AY.95 OR AY.96 OR AY.97 OR AY.98 OR AY.98.1 OR AY.98.1.1 OR AY.99 OR AY.99.1 OR AY.99.2 OR AY.100 OR AY.101 OR AY.102 OR AY.102.1 OR AY.102.2 OR AY.103 OR AY.103.1 OR AY.103.2 OR AY.104 OR AY.105 OR AY.106 OR AY.107 OR AY.108 OR AY.109 OR AY.110 OR AY.111 OR AY.112 OR AY.112.1 OR AY.112.2 OR AY.112.3 OR AY.113 OR AY.114 OR AY.115 OR AY.116 OR AY.116.1 OR AY.117 OR AY.118 OR AY.119 OR AY.119.1 OR AY.119.2 OR AY.120 OR AY.120.1 OR AY.120.2 OR AY.120.2.1 OR AY.121 OR AY.121.1 OR AY.122 OR AY.122.1 OR AY.122.2 OR AY.122.3 OR AY.122.4 OR AY.122.5 OR AY.122.6 OR AY.123 OR AY.123.1 OR AY.124 OR AY.124.1 OR AY.124.1.1 OR AY.125 OR AY.125.1 OR AY.126 OR AY.127 OR AY.127.1 OR AY.127.2 OR AY.127.3 OR AY.128 OR AY.129 OR AY.130 OR AY.131 OR AY.132 OR AY.133 OR AY.134 OR B.1.617.2,Delta,179.642857142857,179.642857142857,1
2021-12-02,231,231,171.571428571429,171.571428571429,1,0.98552273531304,0.999997149298454,AY.1 OR AY.2 OR AY.3 OR AY.3.1 OR AY.3.2 OR AY.3.3 OR AY.3.4 OR AY.4 OR AY.4.1 OR AY.4.2 OR AY.4.2.1 OR AY.4.2.2 OR AY.4.2.3 OR AY.4.2.4 OR AY.4.2.5 OR AY.4.3 OR AY.4.4 OR AY.4.5 OR AY.4.6 OR AY.4.7 OR AY.4.8 OR AY.4.9 OR AY.4.10 OR AY.4.11 OR AY.4.12 OR AY.4.13 OR AY.4.14 OR AY.4.15 OR AY.4.16 OR AY.4.17 OR AY.5 OR AY.5.1 OR AY.5.2 OR AY.5.3 OR AY.5.4 OR AY.5.5 OR AY.5.6 OR AY.5.7 OR AY.6 OR AY.7 OR AY.7.1 OR AY.7.2 OR AY.8 OR AY.9 OR AY.9.1 OR AY.9.2 OR AY.9.2.1 OR AY.9.2.2 OR AY.10 OR AY.11 OR AY.12 OR AY.13 OR AY.14 OR AY.15 OR AY.16 OR AY.16.1 OR AY.17 OR AY.18 OR AY.19 OR AY.20 OR AY.20.1 OR AY.21 OR AY.22 OR AY.23 OR AY.23.1 OR AY.23.2 OR AY.24 OR AY.24.1 OR AY.25 OR AY.25.1 OR AY.25.1.1 OR AY.25.1.2 OR AY.25.2 OR AY.25.3 OR AY.26 OR AY.26.1 OR AY.27 OR AY.28 OR AY.29 OR AY.29.1 OR AY.29.2 OR AY.30 OR AY.31 OR AY.32 OR AY.33 OR AY.33.1 OR AY.33.2 OR AY.34 OR AY.34.1 OR AY.34.1.1 OR AY.34.2 OR AY.35 OR AY.36 OR AY.36.1 OR AY.37 OR AY.38 OR AY.39 OR AY.39.1 OR AY.39.1.1 OR AY.39.1.2 OR AY.39.1.3 OR AY.39.1.4 OR AY.39.2 OR AY.39.3 OR AY.39.4 OR AY.40 OR AY.41 OR AY.42 OR AY.42.1 OR AY.43 OR AY.43.1 OR AY.43.2 OR AY.43.3 OR AY.43.4 OR AY.43.5 OR AY.43.6 OR AY.43.7 OR AY.43.8 OR AY.43.9 OR AY.44 OR AY.45 OR AY.46 OR AY.46.1 OR AY.46.2 OR AY.46.3 OR AY.46.4 OR AY.46.5 OR AY.46.6 OR AY.46.6.1 OR AY.47 OR AY.48 OR AY.49 OR AY.50 OR AY.51 OR AY.52 OR AY.53 OR AY.54 OR AY.55 OR AY.56 OR AY.57 OR AY.58 OR AY.59 OR AY.60 OR AY.61 OR AY.62 OR AY.63 OR AY.64 OR AY.65 OR AY.66 OR AY.67 OR AY.68 OR AY.69 OR AY.70 OR AY.71 OR AY.72 OR AY.73 OR AY.74 OR AY.75 OR AY.75.1 OR AY.75.2 OR AY.75.3 OR AY.76 OR AY.77 OR AY.78 OR AY.79 OR AY.80 OR AY.81 OR AY.82 OR AY.83 OR AY.84 OR AY.85 OR AY.86 OR AY.87 OR AY.88 OR AY.89 OR AY.90 OR AY.91 OR AY.91.1 OR AY.92 OR AY.93 OR AY.94 OR AY.95 OR AY.96 OR AY.97 OR AY.98 OR AY.98.1 OR AY.98.1.1 OR AY.99 OR AY.99.1 OR AY.99.2 OR AY.100 OR AY.101 OR AY.102 OR AY.102.1 OR AY.102.2 OR AY.103 OR AY.103.1 OR AY.103.2 OR AY.104 OR AY.105 OR AY.106 OR AY.107 OR AY.108 OR AY.109 OR AY.110 OR AY.111 OR AY.112 OR AY.112.1 OR AY.112.2 OR AY.112.3 OR AY.113 OR AY.114 OR AY.115 OR AY.116 OR AY.116.1 OR AY.117 OR AY.118 OR AY.119 OR AY.119.1 OR AY.119.2 OR AY.120 OR AY.120.1 OR AY.120.2 OR AY.120.2.1 OR AY.121 OR AY.121.1 OR AY.122 OR AY.122.1 OR AY.122.2 OR AY.122.3 OR AY.122.4 OR AY.122.5 OR AY.122.6 OR AY.123 OR AY.123.1 OR AY.124 OR AY.124.1 OR AY.124.1.1 OR AY.125 OR AY.125.1 OR AY.126 OR AY.127 OR AY.127.1 OR AY.127.2 OR AY.127.3 OR AY.128 OR AY.129 OR AY.130 OR AY.131 OR AY.132 OR AY.133 OR AY.134 OR B.1.617.2,Delta,171.214285714286,171.214285714286,1
2021-12-03,377,377,201.714285714286,201.714285714286,1,0.987656844252155,0.999997572145428,AY.1 OR AY.2 OR AY.3 OR AY.3.1 OR AY.3.2 OR AY.3.3 OR AY.3.4 OR AY.4 OR AY.4.1 OR AY.4.2 OR AY.4.2.1 OR AY.4.2.2 OR AY.4.2.3 OR AY.4.2.4 OR AY.4.2.5 OR AY.4.3 OR AY.4.4 OR AY.4.5 OR AY.4.6 OR AY.4.7 OR AY.4.8 OR AY.4.9 OR AY.4.10 OR AY.4.11 OR AY.4.12 OR AY.4.13 OR AY.4.14 OR AY.4.15 OR AY.4.16 OR AY.4.17 OR AY.5 OR AY.5.1 OR AY.5.2 OR AY.5.3 OR AY.5.4 OR AY.5.5 OR AY.5.6 OR AY.5.7 OR AY.6 OR AY.7 OR AY.7.1 OR AY.7.2 OR AY.8 OR AY.9 OR AY.9.1 OR AY.9.2 OR AY.9.2.1 OR AY.9.2.2 OR AY.10 OR AY.11 OR AY.12 OR AY.13 OR AY.14 OR AY.15 OR AY.16 OR AY.16.1 OR AY.17 OR AY.18 OR AY.19 OR AY.20 OR AY.20.1 OR AY.21 OR AY.22 OR AY.23 OR AY.23.1 OR AY.23.2 OR AY.24 OR AY.24.1 OR AY.25 OR AY.25.1 OR AY.25.1.1 OR AY.25.1.2 OR AY.25.2 OR AY.25.3 OR AY.26 OR AY.26.1 OR AY.27 OR AY.28 OR AY.29 OR AY.29.1 OR AY.29.2 OR AY.30 OR AY.31 OR AY.32 OR AY.33 OR AY.33.1 OR AY.33.2 OR AY.34 OR AY.34.1 OR AY.34.1.1 OR AY.34.2 OR AY.35 OR AY.36 OR AY.36.1 OR AY.37 OR AY.38 OR AY.39 OR AY.39.1 OR AY.39.1.1 OR AY.39.1.2 OR AY.39.1.3 OR AY.39.1.4 OR AY.39.2 OR AY.39.3 OR AY.39.4 OR AY.40 OR AY.41 OR AY.42 OR AY.42.1 OR AY.43 OR AY.43.1 OR AY.43.2 OR AY.43.3 OR AY.43.4 OR AY.43.5 OR AY.43.6 OR AY.43.7 OR AY.43.8 OR AY.43.9 OR AY.44 OR AY.45 OR AY.46 OR AY.46.1 OR AY.46.2 OR AY.46.3 OR AY.46.4 OR AY.46.5 OR AY.46.6 OR AY.46.6.1 OR AY.47 OR AY.48 OR AY.49 OR AY.50 OR AY.51 OR AY.52 OR AY.53 OR AY.54 OR AY.55 OR AY.56 OR AY.57 OR AY.58 OR AY.59 OR AY.60 OR AY.61 OR AY.62 OR AY.63 OR AY.64 OR AY.65 OR AY.66 OR AY.67 OR AY.68 OR AY.69 OR AY.70 OR AY.71 OR AY.72 OR AY.73 OR AY.74 OR AY.75 OR AY.75.1 OR AY.75.2 OR AY.75.3 OR AY.76 OR AY.77 OR AY.78 OR AY.79 OR AY.80 OR AY.81 OR AY.82 OR AY.83 OR AY.84 OR AY.85 OR AY.86 OR AY.87 OR AY.88 OR AY.89 OR AY.90 OR AY.91 OR AY.91.1 OR AY.92 OR AY.93 OR AY.94 OR AY.95 OR AY.96 OR AY.97 OR AY.98 OR AY.98.1 OR AY.98.1.1 OR AY.99 OR AY.99.1 OR AY.99.2 OR AY.100 OR AY.101 OR AY.102 OR AY.102.1 OR AY.102.2 OR AY.103 OR AY.103.1 OR AY.103.2 OR AY.104 OR AY.105 OR AY.106 OR AY.107 OR AY.108 OR AY.109 OR AY.110 OR AY.111 OR AY.112 OR AY.112.1 OR AY.112.2 OR AY.112.3 OR AY.113 OR AY.114 OR AY.115 OR AY.116 OR AY.116.1 OR AY.117 OR AY.118 OR AY.119 OR AY.119.1 OR AY.119.2 OR AY.120 OR AY.120.1 OR AY.120.2 OR AY.120.2.1 OR AY.121 OR AY.121.1 OR AY.122 OR AY.122.1 OR AY.122.2 OR AY.122.3 OR AY.122.4 OR AY.122.5 OR AY.122.6 OR AY.123 OR AY.123.1 OR AY.124 OR AY.124.1 OR AY.124.1.1 OR AY.125 OR AY.125.1 OR AY.126 OR AY.127 OR AY.127.1 OR AY.127.2 OR AY.127.3 OR AY.128 OR AY.129 OR AY.130 OR AY.131 OR AY.132 OR AY.133 OR AY.134 OR B.1.617.2,Delta,189.214285714286,189.214285714286,1
2021-12-04,247,247,217,217,1,0.988504154695439,0.999997739775934,AY.1 OR AY.2 OR AY.3 OR AY.3.1 OR AY.3.2 OR AY.3.3 OR AY.3.4 OR AY.4 OR AY.4.1 OR AY.4.2 OR AY.4.2.1 OR AY.4.2.2 OR AY.4.2.3 OR AY.4.2.4 OR AY.4.2.5 OR AY.4.3 OR AY.4.4 OR AY.4.5 OR AY.4.6 OR AY.4.7 OR AY.4.8 OR AY.4.9 OR AY.4.10 OR AY.4.11 OR AY.4.12 OR AY.4.13 OR AY.4.14 OR AY.4.15 OR AY.4.16 OR AY.4.17 OR AY.5 OR AY.5.1 OR AY.5.2 OR AY.5.3 OR AY.5.4 OR AY.5.5 OR AY.5.6 OR AY.5.7 OR AY.6 OR AY.7 OR AY.7.1 OR AY.7.2 OR AY.8 OR AY.9 OR AY.9.1 OR AY.9.2 OR AY.9.2.1 OR AY.9.2.2 OR AY.10 OR AY.11 OR AY.12 OR AY.13 OR AY.14 OR AY.15 OR AY.16 OR AY.16.1 OR AY.17 OR AY.18 OR AY.19 OR AY.20 OR AY.20.1 OR AY.21 OR AY.22 OR AY.23 OR AY.23.1 OR AY.23.2 OR AY.24 OR AY.24.1 OR AY.25 OR AY.25.1 OR AY.25.1.1 OR AY.25.1.2 OR AY.25.2 OR AY.25.3 OR AY.26 OR AY.26.1 OR AY.27 OR AY.28 OR AY.29 OR AY.29.1 OR AY.29.2 OR AY.30 OR AY.31 OR AY.32 OR AY.33 OR AY.33.1 OR AY.33.2 OR AY.34 OR AY.34.1 OR AY.34.1.1 OR AY.34.2 OR AY.35 OR AY.36 OR AY.36.1 OR AY.37 OR AY.38 OR AY.39 OR AY.39.1 OR AY.39.1.1 OR AY.39.1.2 OR AY.39.1.3 OR AY.39.1.4 OR AY.39.2 OR AY.39.3 OR AY.39.4 OR AY.40 OR AY.41 OR AY.42 OR AY.42.1 OR AY.43 OR AY.43.1 OR AY.43.2 OR AY.43.3 OR AY.43.4 OR AY.43.5 OR AY.43.6 OR AY.43.7 OR AY.43.8 OR AY.43.9 OR AY.44 OR AY.45 OR AY.46 OR AY.46.1 OR AY.46.2 OR AY.46.3 OR AY.46.4 OR AY.46.5 OR AY.46.6 OR AY.46.6.1 OR AY.47 OR AY.48 OR AY.49 OR AY.50 OR AY.51 OR AY.52 OR AY.53 OR AY.54 OR AY.55 OR AY.56 OR AY.57 OR AY.58 OR AY.59 OR AY.60 OR AY.61 OR AY.62 OR AY.63 OR AY.64 OR AY.65 OR AY.66 OR AY.67 OR AY.68 OR AY.69 OR AY.70 OR AY.71 OR AY.72 OR AY.73 OR AY.74 OR AY.75 OR AY.75.1 OR AY.75.2 OR AY.75.3 OR AY.76 OR AY.77 OR AY.78 OR AY.79 OR AY.80 OR AY.81 OR AY.82 OR AY.83 OR AY.84 OR AY.85 OR AY.86 OR AY.87 OR AY.88 OR AY.89 OR AY.90 OR AY.91 OR AY.91.1 OR AY.92 OR AY.93 OR AY.94 OR AY.95 OR AY.96 OR AY.97 OR AY.98 OR AY.98.1 OR AY.98.1.1 OR AY.99 OR AY.99.1 OR AY.99.2 OR AY.100 OR AY.101 OR AY.102 OR AY.102.1 OR AY.102.2 OR AY.103 OR AY.103.1 OR AY.103.2 OR AY.104 OR AY.105 OR AY.106 OR AY.107 OR AY.108 OR AY.109 OR AY.110 OR AY.111 OR AY.112 OR AY.112.1 OR AY.112.2 OR AY.112.3 OR AY.113 OR AY.114 OR AY.115 OR AY.116 OR AY.116.1 OR AY.117 OR AY.118 OR AY.119 OR AY.119.1 OR AY.119.2 OR AY.120 OR AY.120.1 OR AY.120.2 OR AY.120.2.1 OR AY.121 OR AY.121.1 OR AY.122 OR AY.122.1 OR AY.122.2 OR AY.122.3 OR AY.122.4 OR AY.122.5 OR AY.122.6 OR AY.123 OR AY.123.1 OR AY.124 OR AY.124.1 OR AY.124.1.1 OR AY.125 OR AY.125.1 OR AY.126 OR AY.127 OR AY.127.1 OR AY.127.2 OR AY.127.3 OR AY.128 OR AY.129 OR AY.130 OR AY.131 OR AY.132 OR AY.133 OR AY.134 OR B.1.617.2,Delta,197.071428571429,197.071428571429,1
2021-12-05,262,262,242.714285714286,242.714285714286,1,0.989726560295235,0.999997981361548,AY.1 OR AY.2 OR AY.3 OR AY.3.1 OR AY.3.2 OR AY.3.3 OR AY.3.4 OR AY.4 OR AY.4.1 OR AY.4.2 OR AY.4.2.1 OR AY.4.2.2 OR AY.4.2.3 OR AY.4.2.4 OR AY.4.2.5 OR AY.4.3 OR AY.4.4 OR AY.4.5 OR AY.4.6 OR AY.4.7 OR AY.4.8 OR AY.4.9 OR AY.4.10 OR AY.4.11 OR AY.4.12 OR AY.4.13 OR AY.4.14 OR AY.4.15 OR AY.4.16 OR AY.4.17 OR AY.5 OR AY.5.1 OR AY.5.2 OR AY.5.3 OR AY.5.4 OR AY.5.5 OR AY.5.6 OR AY.5.7 OR AY.6 OR AY.7 OR AY.7.1 OR AY.7.2 OR AY.8 OR AY.9 OR AY.9.1 OR AY.9.2 OR AY.9.2.1 OR AY.9.2.2 OR AY.10 OR AY.11 OR AY.12 OR AY.13 OR AY.14 OR AY.15 OR AY.16 OR AY.16.1 OR AY.17 OR AY.18 OR AY.19 OR AY.20 OR AY.20.1 OR AY.21 OR AY.22 OR AY.23 OR AY.23.1 OR AY.23.2 OR AY.24 OR AY.24.1 OR AY.25 OR AY.25.1 OR AY.25.1.1 OR AY.25.1.2 OR AY.25.2 OR AY.25.3 OR AY.26 OR AY.26.1 OR AY.27 OR AY.28 OR AY.29 OR AY.29.1 OR AY.29.2 OR AY.30 OR AY.31 OR AY.32 OR AY.33 OR AY.33.1 OR AY.33.2 OR AY.34 OR AY.34.1 OR AY.34.1.1 OR AY.34.2 OR AY.35 OR AY.36 OR AY.36.1 OR AY.37 OR AY.38 OR AY.39 OR AY.39.1 OR AY.39.1.1 OR AY.39.1.2 OR AY.39.1.3 OR AY.39.1.4 OR AY.39.2 OR AY.39.3 OR AY.39.4 OR AY.40 OR AY.41 OR AY.42 OR AY.42.1 OR AY.43 OR AY.43.1 OR AY.43.2 OR AY.43.3 OR AY.43.4 OR AY.43.5 OR AY.43.6 OR AY.43.7 OR AY.43.8 OR AY.43.9 OR AY.44 OR AY.45 OR AY.46 OR AY.46.1 OR AY.46.2 OR AY.46.3 OR AY.46.4 OR AY.46.5 OR AY.46.6 OR AY.46.6.1 OR AY.47 OR AY.48 OR AY.49 OR AY.50 OR AY.51 OR AY.52 OR AY.53 OR AY.54 OR AY.55 OR AY.56 OR AY.57 OR AY.58 OR AY.59 OR AY.60 OR AY.61 OR AY.62 OR AY.63 OR AY.64 OR AY.65 OR AY.66 OR AY.67 OR AY.68 OR AY.69 OR AY.70 OR AY.71 OR AY.72 OR AY.73 OR AY.74 OR AY.75 OR AY.75.1 OR AY.75.2 OR AY.75.3 OR AY.76 OR AY.77 OR AY.78 OR AY.79 OR AY.80 OR AY.81 OR AY.82 OR AY.83 OR AY.84 OR AY.85 OR AY.86 OR AY.87 OR AY.88 OR AY.89 OR AY.90 OR AY.91 OR AY.91.1 OR AY.92 OR AY.93 OR AY.94 OR AY.95 OR AY.96 OR AY.97 OR AY.98 OR AY.98.1 OR AY.98.1.1 OR AY.99 OR AY.99.1 OR AY.99.2 OR AY.100 OR AY.101 OR AY.102 OR AY.102.1 OR AY.102.2 OR AY.103 OR AY.103.1 OR AY.103.2 OR AY.104 OR AY.105 OR AY.106 OR AY.107 OR AY.108 OR AY.109 OR AY.110 OR AY.111 OR AY.112 OR AY.112.1 OR AY.112.2 OR AY.112.3 OR AY.113 OR AY.114 OR AY.115 OR AY.116 OR AY.116.1 OR AY.117 OR AY.118 OR AY.119 OR AY.119.1 OR AY.119.2 OR AY.120 OR AY.120.1 OR AY.120.2 OR AY.120.2.1 OR AY.121 OR AY.121.1 OR AY.122 OR AY.122.1 OR AY.122.2 OR AY.122.3 OR AY.122.4 OR AY.122.5 OR AY.122.6 OR AY.123 OR AY.123.1 OR AY.124 OR AY.124.1 OR AY.124.1.1 OR AY.125 OR AY.125.1 OR AY.126 OR AY.127 OR AY.127.1 OR AY.127.2 OR AY.127.3 OR AY.128 OR AY.129 OR AY.130 OR AY.131 OR AY.132 OR AY.133 OR AY.134 OR B.1.617.2,Delta,209.285714285714,209.285714285714,1
2021-12-06,378,378,265.142857142857,265.142857142857,1,0.990574614802781,0.999998148788366,AY.1 OR AY.2 OR AY.3 OR AY.3.1 OR AY.3.2 OR AY.3.3 OR AY.3.4 OR AY.4 OR AY.4.1 OR AY.4.2 OR AY.4.2.1 OR AY.4.2.2 OR AY.4.2.3 OR AY.4.2.4 OR AY.4.2.5 OR AY.4.3 OR AY.4.4 OR AY.4.5 OR AY.4.6 OR AY.4.7 OR AY.4.8 OR AY.4.9 OR AY.4.10 OR AY.4.11 OR AY.4.12 OR AY.4.13 OR AY.4.14 OR AY.4.15 OR AY.4.16 OR AY.4.17 OR AY.5 OR AY.5.1 OR AY.5.2 OR AY.5.3 OR AY.5.4 OR AY.5.5 OR AY.5.6 OR AY.5.7 OR AY.6 OR AY.7 OR AY.7.1 OR AY.7.2 OR AY.8 OR AY.9 OR AY.9.1 OR AY.9.2 OR AY.9.2.1 OR AY.9.2.2 OR AY.10 OR AY.11 OR AY.12 OR AY.13 OR AY.14 OR AY.15 OR AY.16 OR AY.16.1 OR AY.17 OR AY.18 OR AY.19 OR AY.20 OR AY.20.1 OR AY.21 OR AY.22 OR AY.23 OR AY.23.1 OR AY.23.2 OR AY.24 OR AY.24.1 OR AY.25 OR AY.25.1 OR AY.25.1.1 OR AY.25.1.2 OR AY.25.2 OR AY.25.3 OR AY.26 OR AY.26.1 OR AY.27 OR AY.28 OR AY.29 OR AY.29.1 OR AY.29.2 OR AY.30 OR AY.31 OR AY.32 OR AY.33 OR AY.33.1 OR AY.33.2 OR AY.34 OR AY.34.1 OR AY.34.1.1 OR AY.34.2 OR AY.35 OR AY.36 OR AY.36.1 OR AY.37 OR AY.38 OR AY.39 OR AY.39.1 OR AY.39.1.1 OR AY.39.1.2 OR AY.39.1.3 OR AY.39.1.4 OR AY.39.2 OR AY.39.3 OR AY.39.4 OR AY.40 OR AY.41 OR AY.42 OR AY.42.1 OR AY.43 OR AY.43.1 OR AY.43.2 OR AY.43.3 OR AY.43.4 OR AY.43.5 OR AY.43.6 OR AY.43.7 OR AY.43.8 OR AY.43.9 OR AY.44 OR AY.45 OR AY.46 OR AY.46.1 OR AY.46.2 OR AY.46.3 OR AY.46.4 OR AY.46.5 OR AY.46.6 OR AY.46.6.1 OR AY.47 OR AY.48 OR AY.49 OR AY.50 OR AY.51 OR AY.52 OR AY.53 OR AY.54 OR AY.55 OR AY.56 OR AY.57 OR AY.58 OR AY.59 OR AY.60 OR AY.61 OR AY.62 OR AY.63 OR AY.64 OR AY.65 OR AY.66 OR AY.67 OR AY.68 OR AY.69 OR AY.70 OR AY.71 OR AY.72 OR AY.73 OR AY.74 OR AY.75 OR AY.75.1 OR AY.75.2 OR AY.75.3 OR AY.76 OR AY.77 OR AY.78 OR AY.79 OR AY.80 OR AY.81 OR AY.82 OR AY.83 OR AY.84 OR AY.85 OR AY.86 OR AY.87 OR AY.88 OR AY.89 OR AY.90 OR AY.91 OR AY.91.1 OR AY.92 OR AY.93 OR AY.94 OR AY.95 OR AY.96 OR AY.97 OR AY.98 OR AY.98.1 OR AY.98.1.1 OR AY.99 OR AY.99.1 OR AY.99.2 OR AY.100 OR AY.101 OR AY.102 OR AY.102.1 OR AY.102.2 OR AY.103 OR AY.103.1 OR AY.103.2 OR AY.104 OR AY.105 OR AY.106 OR AY.107 OR AY.108 OR AY.109 OR AY.110 OR AY.111 OR AY.112 OR AY.112.1 OR AY.112.2 OR AY.112.3 OR AY.113 OR AY.114 OR AY.115 OR AY.116 OR AY.116.1 OR AY.117 OR AY.118 OR AY.119 OR AY.119.1 OR AY.119.2 OR AY.120 OR AY.120.1 OR AY.120.2 OR AY.120.2.1 OR AY.121 OR AY.121.1 OR AY.122 OR AY.122.1 OR AY.122.2 OR AY.122.3 OR AY.122.4 OR AY.122.5 OR AY.122.6 OR AY.123 OR AY.123.1 OR AY.124 OR AY.124.1 OR AY.124.1.1 OR AY.125 OR AY.125.1 OR AY.126 OR AY.127 OR AY.127.1 OR AY.127.2 OR AY.127.3 OR AY.128 OR AY.129 OR AY.130 OR AY.131 OR AY.132 OR AY.133 OR AY.134 OR B.1.617.2,Delta,219.142857142857,219.142857142857,1
2021-12-07,263,263,280.285714285714,280.285714285714,1,0.991076836926463,0.999998247871783,AY.1 OR AY.2 OR AY.3 OR AY.3.1 OR AY.3.2 OR AY.3.3 OR AY.3.4 OR AY.4 OR AY.4.1 OR AY.4.2 OR AY.4.2.1 OR AY.4.2.2 OR AY.4.2.3 OR AY.4.2.4 OR AY.4.2.5 OR AY.4.3 OR AY.4.4 OR AY.4.5 OR AY.4.6 OR AY.4.7 OR AY.4.8 OR AY.4.9 OR AY.4.10 OR AY.4.11 OR AY.4.12 OR AY.4.13 OR AY.4.14 OR AY.4.15 OR AY.4.16 OR AY.4.17 OR AY.5 OR AY.5.1 OR AY.5.2 OR AY.5.3 OR AY.5.4 OR AY.5.5 OR AY.5.6 OR AY.5.7 OR AY.6 OR AY.7 OR AY.7.1 OR AY.7.2 OR AY.8 OR AY.9 OR AY.9.1 OR AY.9.2 OR AY.9.2.1 OR AY.9.2.2 OR AY.10 OR AY.11 OR AY.12 OR AY.13 OR AY.14 OR AY.15 OR AY.16 OR AY.16.1 OR AY.17 OR AY.18 OR AY.19 OR AY.20 OR AY.20.1 OR AY.21 OR AY.22 OR AY.23 OR AY.23.1 OR AY.23.2 OR AY.24 OR AY.24.1 OR AY.25 OR AY.25.1 OR AY.25.1.1 OR AY.25.1.2 OR AY.25.2 OR AY.25.3 OR AY.26 OR AY.26.1 OR AY.27 OR AY.28 OR AY.29 OR AY.29.1 OR AY.29.2 OR AY.30 OR AY.31 OR AY.32 OR AY.33 OR AY.33.1 OR AY.33.2 OR AY.34 OR AY.34.1 OR AY.34.1.1 OR AY.34.2 OR AY.35 OR AY.36 OR AY.36.1 OR AY.37 OR AY.38 OR AY.39 OR AY.39.1 OR AY.39.1.1 OR AY.39.1.2 OR AY.39.1.3 OR AY.39.1.4 OR AY.39.2 OR AY.39.3 OR AY.39.4 OR AY.40 OR AY.41 OR AY.42 OR AY.42.1 OR AY.43 OR AY.43.1 OR AY.43.2 OR AY.43.3 OR AY.43.4 OR AY.43.5 OR AY.43.6 OR AY.43.7 OR AY.43.8 OR AY.43.9 OR AY.44 OR AY.45 OR AY.46 OR AY.46.1 OR AY.46.2 OR AY.46.3 OR AY.46.4 OR AY.46.5 OR AY.46.6 OR AY.46.6.1 OR AY.47 OR AY.48 OR AY.49 OR AY.50 OR AY.51 OR AY.52 OR AY.53 OR AY.54 OR AY.55 OR AY.56 OR AY.57 OR AY.58 OR AY.59 OR AY.60 OR AY.61 OR AY.62 OR AY.63 OR AY.64 OR AY.65 OR AY.66 OR AY.67 OR AY.68 OR AY.69 OR AY.70 OR AY.71 OR AY.72 OR AY.73 OR AY.74 OR AY.75 OR AY.75.1 OR AY.75.2 OR AY.75.3 OR AY.76 OR AY.77 OR AY.78 OR AY.79 OR AY.80 OR AY.81 OR AY.82 OR AY.83 OR AY.84 OR AY.85 OR AY.86 OR AY.87 OR AY.88 OR AY.89 OR AY.90 OR AY.91 OR AY.91.1 OR AY.92 OR AY.93 OR AY.94 OR AY.95 OR AY.96 OR AY.97 OR AY.98 OR AY.98.1 OR AY.98.1.1 OR AY.99 OR AY.99.1 OR AY.99.2 OR AY.100 OR AY.101 OR AY.102 OR AY.102.1 OR AY.102.2 OR AY.103 OR AY.103.1 OR AY.103.2 OR AY.104 OR AY.105 OR AY.106 OR AY.107 OR AY.108 OR AY.109 OR AY.110 OR AY.111 OR AY.112 OR AY.112.1 OR AY.112.2 OR AY.112.3 OR AY.113 OR AY.114 OR AY.115 OR AY.116 OR AY.116.1 OR AY.117 OR AY.118 OR AY.119 OR AY.119.1 OR AY.119.2 OR AY.120 OR AY.120.1 OR AY.120.2 OR AY.120.2.1 OR AY.121 OR AY.121.1 OR AY.122 OR AY.122.1 OR AY.122.2 OR AY.122.3 OR AY.122.4 OR AY.122.5 OR AY.122.6 OR AY.123 OR AY.123.1 OR AY.124 OR AY.124.1 OR AY.124.1.1 OR AY.125 OR AY.125.1 OR AY.126 OR AY.127 OR AY.127.1 OR AY.127.2 OR AY.127.3 OR AY.128 OR AY.129 OR AY.130 OR AY.131 OR AY.132 OR AY.133 OR AY.134 OR B.1.617.2,Delta,223.928571428571,223.928571428571,1
2021-12-08,416,416,310.571428571429,310.571428571429,1,0.991961986059208,0.999998422380682,AY.1 OR AY.2 OR AY.3 OR AY.3.1 OR AY.3.2 OR AY.3.3 OR AY.3.4 OR AY.4 OR AY.4.1 OR AY.4.2 OR AY.4.2.1 OR AY.4.2.2 OR AY.4.2.3 OR AY.4.2.4 OR AY.4.2.5 OR AY.4.3 OR AY.4.4 OR AY.4.5 OR AY.4.6 OR AY.4.7 OR AY.4.8 OR AY.4.9 OR AY.4.10 OR AY.4.11 OR AY.4.12 OR AY.4.13 OR AY.4.14 OR AY.4.15 OR AY.4.16 OR AY.4.17 OR AY.5 OR AY.5.1 OR AY.5.2 OR AY.5.3 OR AY.5.4 OR AY.5.5 OR AY.5.6 OR AY.5.7 OR AY.6 OR AY.7 OR AY.7.1 OR AY.7.2 OR AY.8 OR AY.9 OR AY.9.1 OR AY.9.2 OR AY.9.2.1 OR AY.9.2.2 OR AY.10 OR AY.11 OR AY.12 OR AY.13 OR AY.14 OR AY.15 OR AY.16 OR AY.16.1 OR AY.17 OR AY.18 OR AY.19 OR AY.20 OR AY.20.1 OR AY.21 OR AY.22 OR AY.23 OR AY.23.1 OR AY.23.2 OR AY.24 OR AY.24.1 OR AY.25 OR AY.25.1 OR AY.25.1.1 OR AY.25.1.2 OR AY.25.2 OR AY.25.3 OR AY.26 OR AY.26.1 OR AY.27 OR AY.28 OR AY.29 OR AY.29.1 OR AY.29.2 OR AY.30 OR AY.31 OR AY.32 OR AY.33 OR AY.33.1 OR AY.33.2 OR AY.34 OR AY.34.1 OR AY.34.1.1 OR AY.34.2 OR AY.35 OR AY.36 OR AY.36.1 OR AY.37 OR AY.38 OR AY.39 OR AY.39.1 OR AY.39.1.1 OR AY.39.1.2 OR AY.39.1.3 OR AY.39.1.4 OR AY.39.2 OR AY.39.3 OR AY.39.4 OR AY.40 OR AY.41 OR AY.42 OR AY.42.1 OR AY.43 OR AY.43.1 OR AY.43.2 OR AY.43.3 OR AY.43.4 OR AY.43.5 OR AY.43.6 OR AY.43.7 OR AY.43.8 OR AY.43.9 OR AY.44 OR AY.45 OR AY.46 OR AY.46.1 OR AY.46.2 OR AY.46.3 OR AY.46.4 OR AY.46.5 OR AY.46.6 OR AY.46.6.1 OR AY.47 OR AY.48 OR AY.49 OR AY.50 OR AY.51 OR AY.52 OR AY.53 OR AY.54 OR AY.55 OR AY.56 OR AY.57 OR AY.58 OR AY.59 OR AY.60 OR AY.61 OR AY.62 OR AY.63 OR AY.64 OR AY.65 OR AY.66 OR AY.67 OR AY.68 OR AY.69 OR AY.70 OR AY.71 OR AY.72 OR AY.73 OR AY.74 OR AY.75 OR AY.75.1 OR AY.75.2 OR AY.75.3 OR AY.76 OR AY.77 OR AY.78 OR AY.79 OR AY.80 OR AY.81 OR AY.82 OR AY.83 OR AY.84 OR AY.85 OR AY.86 OR AY.87 OR AY.88 OR AY.89 OR AY.90 OR AY.91 OR AY.91.1 OR AY.92 OR AY.93 OR AY.94 OR AY.95 OR AY.96 OR AY.97 OR AY.98 OR AY.98.1 OR AY.98.1.1 OR AY.99 OR AY.99.1 OR AY.99.2 OR AY.100 OR AY.101 OR AY.102 OR AY.102.1 OR AY.102.2 OR AY.103 OR AY.103.1 OR AY.103.2 OR AY.104 OR AY.105 OR AY.106 OR AY.107 OR AY.108 OR AY.109 OR AY.110 OR AY.111 OR AY.112 OR AY.112.1 OR AY.112.2 OR AY.112.3 OR AY.113 OR AY.114 OR AY.115 OR AY.116 OR AY.116.1 OR AY.117 OR AY.118 OR AY.119 OR AY.119.1 OR AY.119.2 OR AY.120 OR AY.120.1 OR AY.120.2 OR AY.120.2.1 OR AY.121 OR AY.121.1 OR AY.122 OR AY.122.1 OR AY.122.2 OR AY.122.3 OR AY.122.4 OR AY.122.5 OR AY.122.6 OR AY.123 OR AY.123.1 OR AY.124 OR AY.124.1 OR AY.124.1.1 OR AY.125 OR AY.125.1 OR AY.126 OR AY.127 OR AY.127.1 OR AY.127.2 OR AY.127.3 OR AY.128 OR AY.129 OR AY.130 OR AY.131 OR AY.132 OR AY.133 OR AY.134 OR B.1.617.2,Delta,240.428571428571,240.428571428571,1
2021-12-09,147,146,298.571428571429,298.428571428571,0.999521531100479,0.984475871115158,0.999638901339038,AY.1 OR AY.2 OR AY.3 OR AY.3.1 OR AY.3.2 OR AY.3.3 OR AY.3.4 OR AY.4 OR AY.4.1 OR AY.4.2 OR AY.4.2.1 OR AY.4.2.2 OR AY.4.2.3 OR AY.4.2.4 OR AY.4.2.5 OR AY.4.3 OR AY.4.4 OR AY.4.5 OR AY.4.6 OR AY.4.7 OR AY.4.8 OR AY.4.9 OR AY.4.10 OR AY.4.11 OR AY.4.12 OR AY.4.13 OR AY.4.14 OR AY.4.15 OR AY.4.16 OR AY.4.17 OR AY.5 OR AY.5.1 OR AY.5.2 OR AY.5.3 OR AY.5.4 OR AY.5.5 OR AY.5.6 OR AY.5.7 OR AY.6 OR AY.7 OR AY.7.1 OR AY.7.2 OR AY.8 OR AY.9 OR AY.9.1 OR AY.9.2 OR AY.9.2.1 OR AY.9.2.2 OR AY.10 OR AY.11 OR AY.12 OR AY.13 OR AY.14 OR AY.15 OR AY.16 OR AY.16.1 OR AY.17 OR AY.18 OR AY.19 OR AY.20 OR AY.20.1 OR AY.21 OR AY.22 OR AY.23 OR AY.23.1 OR AY.23.2 OR AY.24 OR AY.24.1 OR AY.25 OR AY.25.1 OR AY.25.1.1 OR AY.25.1.2 OR AY.25.2 OR AY.25.3 OR AY.26 OR AY.26.1 OR AY.27 OR AY.28 OR AY.29 OR AY.29.1 OR AY.29.2 OR AY.30 OR AY.31 OR AY.32 OR AY.33 OR AY.33.1 OR AY.33.2 OR AY.34 OR AY.34.1 OR AY.34.1.1 OR AY.34.2 OR AY.35 OR AY.36 OR AY.36.1 OR AY.37 OR AY.38 OR AY.39 OR AY.39.1 OR AY.39.1.1 OR AY.39.1.2 OR AY.39.1.3 OR AY.39.1.4 OR AY.39.2 OR AY.39.3 OR AY.39.4 OR AY.40 OR AY.41 OR AY.42 OR AY.42.1 OR AY.43 OR AY.43.1 OR AY.43.2 OR AY.43.3 OR AY.43.4 OR AY.43.5 OR AY.43.6 OR AY.43.7 OR AY.43.8 OR AY.43.9 OR AY.44 OR AY.45 OR AY.46 OR AY.46.1 OR AY.46.2 OR AY.46.3 OR AY.46.4 OR AY.46.5 OR AY.46.6 OR AY.46.6.1 OR AY.47 OR AY.48 OR AY.49 OR AY.50 OR AY.51 OR AY.52 OR AY.53 OR AY.54 OR AY.55 OR AY.56 OR AY.57 OR AY.58 OR AY.59 OR AY.60 OR AY.61 OR AY.62 OR AY.63 OR AY.64 OR AY.65 OR AY.66 OR AY.67 OR AY.68 OR AY.69 OR AY.70 OR AY.71 OR AY.72 OR AY.73 OR AY.74 OR AY.75 OR AY.75.1 OR AY.75.2 OR AY.75.3 OR AY.76 OR AY.77 OR AY.78 OR AY.79 OR AY.80 OR AY.81 OR AY.82 OR AY.83 OR AY.84 OR AY.85 OR AY.86 OR AY.87 OR AY.88 OR AY.89 OR AY.90 OR AY.91 OR AY.91.1 OR AY.92 OR AY.93 OR AY.94 OR AY.95 OR AY.96 OR AY.97 OR AY.98 OR AY.98.1 OR AY.98.1.1 OR AY.99 OR AY.99.1 OR AY.99.2 OR AY.100 OR AY.101 OR AY.102 OR AY.102.1 OR AY.102.2 OR AY.103 OR AY.103.1 OR AY.103.2 OR AY.104 OR AY.105 OR AY.106 OR AY.107 OR AY.108 OR AY.109 OR AY.110 OR AY.111 OR AY.112 OR AY.112.1 OR AY.112.2 OR AY.112.3 OR AY.113 OR AY.114 OR AY.115 OR AY.116 OR AY.116.1 OR AY.117 OR AY.118 OR AY.119 OR AY.119.1 OR AY.119.2 OR AY.120 OR AY.120.1 OR AY.120.2 OR AY.120.2.1 OR AY.121 OR AY.121.1 OR AY.122 OR AY.122.1 OR AY.122.2 OR AY.122.3 OR AY.122.4 OR AY.122.5 OR AY.122.6 OR AY.123 OR AY.123.1 OR AY.124 OR AY.124.1 OR AY.124.1.1 OR AY.125 OR AY.125.1 OR AY.126 OR AY.127 OR AY.127.1 OR AY.127.2 OR AY.127.3 OR AY.128 OR AY.129 OR AY.130 OR AY.131 OR AY.132 OR AY.133 OR AY.134 OR B.1.617.2,Delta,235.071428571429,235,0.99969614099058
2021-12-10,282,281,285,284.714285714286,0.998997493734336,0.991232558436687,0.999998278583883,AY.1 OR AY.2 OR AY.3 OR AY.3.1 OR AY.3.2 OR AY.3.3 OR AY.3.4 OR AY.4 OR AY.4.1 OR AY.4.2 OR AY.4.2.1 OR AY.4.2.2 OR AY.4.2.3 OR AY.4.2.4 OR AY.4.2.5 OR AY.4.3 OR AY.4.4 OR AY.4.5 OR AY.4.6 OR AY.4.7 OR AY.4.8 OR AY.4.9 OR AY.4.10 OR AY.4.11 OR AY.4.12 OR AY.4.13 OR AY.4.14 OR AY.4.15 OR AY.4.16 OR AY.4.17 OR AY.5 OR AY.5.1 OR AY.5.2 OR AY.5.3 OR AY.5.4 OR AY.5.5 OR AY.5.6 OR AY.5.7 OR AY.6 OR AY.7 OR AY.7.1 OR AY.7.2 OR AY.8 OR AY.9 OR AY.9.1 OR AY.9.2 OR AY.9.2.1 OR AY.9.2.2 OR AY.10 OR AY.11 OR AY.12 OR AY.13 OR AY.14 OR AY.15 OR AY.16 OR AY.16.1 OR AY.17 OR AY.18 OR AY.19 OR AY.20 OR AY.20.1 OR AY.21 OR AY.22 OR AY.23 OR AY.23.1 OR AY.23.2 OR AY.24 OR AY.24.1 OR AY.25 OR AY.25.1 OR AY.25.1.1 OR AY.25.1.2 OR AY.25.2 OR AY.25.3 OR AY.26 OR AY.26.1 OR AY.27 OR AY.28 OR AY.29 OR AY.29.1 OR AY.29.2 OR AY.30 OR AY.31 OR AY.32 OR AY.33 OR AY.33.1 OR AY.33.2 OR AY.34 OR AY.34.1 OR AY.34.1.1 OR AY.34.2 OR AY.35 OR AY.36 OR AY.36.1 OR AY.37 OR AY.38 OR AY.39 OR AY.39.1 OR AY.39.1.1 OR AY.39.1.2 OR AY.39.1.3 OR AY.39.1.4 OR AY.39.2 OR AY.39.3 OR AY.39.4 OR AY.40 OR AY.41 OR AY.42 OR AY.42.1 OR AY.43 OR AY.43.1 OR AY.43.2 OR AY.43.3 OR AY.43.4 OR AY.43.5 OR AY.43.6 OR AY.43.7 OR AY.43.8 OR AY.43.9 OR AY.44 OR AY.45 OR AY.46 OR AY.46.1 OR AY.46.2 OR AY.46.3 OR AY.46.4 OR AY.46.5 OR AY.46.6 OR AY.46.6.1 OR AY.47 OR AY.48 OR AY.49 OR AY.50 OR AY.51 OR AY.52 OR AY.53 OR AY.54 OR AY.55 OR AY.56 OR AY.57 OR AY.58 OR AY.59 OR AY.60 OR AY.61 OR AY.62 OR AY.63 OR AY.64 OR AY.65 OR AY.66 OR AY.67 OR AY.68 OR AY.69 OR AY.70 OR AY.71 OR AY.72 OR AY.73 OR AY.74 OR AY.75 OR AY.75.1 OR AY.75.2 OR AY.75.3 OR AY.76 OR AY.77 OR AY.78 OR AY.79 OR AY.80 OR AY.81 OR AY.82 OR AY.83 OR AY.84 OR AY.85 OR AY.86 OR AY.87 OR AY.88 OR AY.89 OR AY.90 OR AY.91 OR AY.91.1 OR AY.92 OR AY.93 OR AY.94 OR AY.95 OR AY.96 OR AY.97 OR AY.98 OR AY.98.1 OR AY.98.1.1 OR AY.99 OR AY.99.1 OR AY.99.2 OR AY.100 OR AY.101 OR AY.102 OR AY.102.1 OR AY.102.2 OR AY.103 OR AY.103.1 OR AY.103.2 OR AY.104 OR AY.105 OR AY.106 OR AY.107 OR AY.108 OR AY.109 OR AY.110 OR AY.111 OR AY.112 OR AY.112.1 OR AY.112.2 OR AY.112.3 OR AY.113 OR AY.114 OR AY.115 OR AY.116 OR AY.116.1 OR AY.117 OR AY.118 OR AY.119 OR AY.119.1 OR AY.119.2 OR AY.120 OR AY.120.1 OR AY.120.2 OR AY.120.2.1 OR AY.121 OR AY.121.1 OR AY.122 OR AY.122.1 OR AY.122.2 OR AY.122.3 OR AY.122.4 OR AY.122.5 OR AY.122.6 OR AY.123 OR AY.123.1 OR AY.124 OR AY.124.1 OR AY.124.1.1 OR AY.125 OR AY.125.1 OR AY.126 OR AY.127 OR AY.127.1 OR AY.127.2 OR AY.127.3 OR AY.128 OR AY.129 OR AY.130 OR AY.131 OR AY.132 OR AY.133 OR AY.134 OR B.1.617.2,Delta,243.357142857143,243.214285714286,0.999412973290285
2021-12-11,254,251,286,285.285714285714,0.997502497502497,0.983775368985197,0.999622476483422,AY.1 OR AY.2 OR AY.3 OR AY.3.1 OR AY.3.2 OR AY.3.3 OR AY.3.4 OR AY.4 OR AY.4.1 OR AY.4.2 OR AY.4.2.1 OR AY.4.2.2 OR AY.4.2.3 OR AY.4.2.4 OR AY.4.2.5 OR AY.4.3 OR AY.4.4 OR AY.4.5 OR AY.4.6 OR AY.4.7 OR AY.4.8 OR AY.4.9 OR AY.4.10 OR AY.4.11 OR AY.4.12 OR AY.4.13 OR AY.4.14 OR AY.4.15 OR AY.4.16 OR AY.4.17 OR AY.5 OR AY.5.1 OR AY.5.2 OR AY.5.3 OR AY.5.4 OR AY.5.5 OR AY.5.6 OR AY.5.7 OR AY.6 OR AY.7 OR AY.7.1 OR AY.7.2 OR AY.8 OR AY.9 OR AY.9.1 OR AY.9.2 OR AY.9.2.1 OR AY.9.2.2 OR AY.10 OR AY.11 OR AY.12 OR AY.13 OR AY.14 OR AY.15 OR AY.16 OR AY.16.1 OR AY.17 OR AY.18 OR AY.19 OR AY.20 OR AY.20.1 OR AY.21 OR AY.22 OR AY.23 OR AY.23.1 OR AY.23.2 OR AY.24 OR AY.24.1 OR AY.25 OR AY.25.1 OR AY.25.1.1 OR AY.25.1.2 OR AY.25.2 OR AY.25.3 OR AY.26 OR AY.26.1 OR AY.27 OR AY.28 OR AY.29 OR AY.29.1 OR AY.29.2 OR AY.30 OR AY.31 OR AY.32 OR AY.33 OR AY.33.1 OR AY.33.2 OR AY.34 OR AY.34.1 OR AY.34.1.1 OR AY.34.2 OR AY.35 OR AY.36 OR AY.36.1 OR AY.37 OR AY.38 OR AY.39 OR AY.39.1 OR AY.39.1.1 OR AY.39.1.2 OR AY.39.1.3 OR AY.39.1.4 OR AY.39.2 OR AY.39.3 OR AY.39.4 OR AY.40 OR AY.41 OR AY.42 OR AY.42.1 OR AY.43 OR AY.43.1 OR AY.43.2 OR AY.43.3 OR AY.43.4 OR AY.43.5 OR AY.43.6 OR AY.43.7 OR AY.43.8 OR AY.43.9 OR AY.44 OR AY.45 OR AY.46 OR AY.46.1 OR AY.46.2 OR AY.46.3 OR AY.46.4 OR AY.46.5 OR AY.46.6 OR AY.46.6.1 OR AY.47 OR AY.48 OR AY.49 OR AY.50 OR AY.51 OR AY.52 OR AY.53 OR AY.54 OR AY.55 OR AY.56 OR AY.57 OR AY.58 OR AY.59 OR AY.60 OR AY.61 OR AY.62 OR AY.63 OR AY.64 OR AY.65 OR AY.66 OR AY.67 OR AY.68 OR AY.69 OR AY.70 OR AY.71 OR AY.72 OR AY.73 OR AY.74 OR AY.75 OR AY.75.1 OR AY.75.2 OR AY.75.3 OR AY.76 OR AY.77 OR AY.78 OR AY.79 OR AY.80 OR AY.81 OR AY.82 OR AY.83 OR AY.84 OR AY.85 OR AY.86 OR AY.87 OR AY.88 OR AY.89 OR AY.90 OR AY.91 OR AY.91.1 OR AY.92 OR AY.93 OR AY.94 OR AY.95 OR AY.96 OR AY.97 OR AY.98 OR AY.98.1 OR AY.98.1.1 OR AY.99 OR AY.99.1 OR AY.99.2 OR AY.100 OR AY.101 OR AY.102 OR AY.102.1 OR AY.102.2 OR AY.103 OR AY.103.1 OR AY.103.2 OR AY.104 OR AY.105 OR AY.106 OR AY.107 OR AY.108 OR AY.109 OR AY.110 OR AY.111 OR AY.112 OR AY.112.1 OR AY.112.2 OR AY.112.3 OR AY.113 OR AY.114 OR AY.115 OR AY.116 OR AY.116.1 OR AY.117 OR AY.118 OR AY.119 OR AY.119.1 OR AY.119.2 OR AY.120 OR AY.120.1 OR AY.120.2 OR AY.120.2.1 OR AY.121 OR AY.121.1 OR AY.122 OR AY.122.1 OR AY.122.2 OR AY.122.3 OR AY.122.4 OR AY.122.5 OR AY.122.6 OR AY.123 OR AY.123.1 OR AY.124 OR AY.124.1 OR AY.124.1.1 OR AY.125 OR AY.125.1 OR AY.126 OR AY.127 OR AY.127.1 OR AY.127.2 OR AY.127.3 OR AY.128 OR AY.129 OR AY.130 OR AY.131 OR AY.132 OR AY.133 OR AY.134 OR B.1.617.2,Delta,251.5,251.142857142857,0.99857994887816
2021-12-12,179,179,274.142857142857,273.428571428571,0.997394476289734,0.983070203452116,0.999605930745006,AY.1 OR AY.2 OR AY.3 OR AY.3.1 OR AY.3.2 OR AY.3.3 OR AY.3.4 OR AY.4 OR AY.4.1 OR AY.4.2 OR AY.4.2.1 OR AY.4.2.2 OR AY.4.2.3 OR AY.4.2.4 OR AY.4.2.5 OR AY.4.3 OR AY.4.4 OR AY.4.5 OR AY.4.6 OR AY.4.7 OR AY.4.8 OR AY.4.9 OR AY.4.10 OR AY.4.11 OR AY.4.12 OR AY.4.13 OR AY.4.14 OR AY.4.15 OR AY.4.16 OR AY.4.17 OR AY.5 OR AY.5.1 OR AY.5.2 OR AY.5.3 OR AY.5.4 OR AY.5.5 OR AY.5.6 OR AY.5.7 OR AY.6 OR AY.7 OR AY.7.1 OR AY.7.2 OR AY.8 OR AY.9 OR AY.9.1 OR AY.9.2 OR AY.9.2.1 OR AY.9.2.2 OR AY.10 OR AY.11 OR AY.12 OR AY.13 OR AY.14 OR AY.15 OR AY.16 OR AY.16.1 OR AY.17 OR AY.18 OR AY.19 OR AY.20 OR AY.20.1 OR AY.21 OR AY.22 OR AY.23 OR AY.23.1 OR AY.23.2 OR AY.24 OR AY.24.1 OR AY.25 OR AY.25.1 OR AY.25.1.1 OR AY.25.1.2 OR AY.25.2 OR AY.25.3 OR AY.26 OR AY.26.1 OR AY.27 OR AY.28 OR AY.29 OR AY.29.1 OR AY.29.2 OR AY.30 OR AY.31 OR AY.32 OR AY.33 OR AY.33.1 OR AY.33.2 OR AY.34 OR AY.34.1 OR AY.34.1.1 OR AY.34.2 OR AY.35 OR AY.36 OR AY.36.1 OR AY.37 OR AY.38 OR AY.39 OR AY.39.1 OR AY.39.1.1 OR AY.39.1.2 OR AY.39.1.3 OR AY.39.1.4 OR AY.39.2 OR AY.39.3 OR AY.39.4 OR AY.40 OR AY.41 OR AY.42 OR AY.42.1 OR AY.43 OR AY.43.1 OR AY.43.2 OR AY.43.3 OR AY.43.4 OR AY.43.5 OR AY.43.6 OR AY.43.7 OR AY.43.8 OR AY.43.9 OR AY.44 OR AY.45 OR AY.46 OR AY.46.1 OR AY.46.2 OR AY.46.3 OR AY.46.4 OR AY.46.5 OR AY.46.6 OR AY.46.6.1 OR AY.47 OR AY.48 OR AY.49 OR AY.50 OR AY.51 OR AY.52 OR AY.53 OR AY.54 OR AY.55 OR AY.56 OR AY.57 OR AY.58 OR AY.59 OR AY.60 OR AY.61 OR AY.62 OR AY.63 OR AY.64 OR AY.65 OR AY.66 OR AY.67 OR AY.68 OR AY.69 OR AY.70 OR AY.71 OR AY.72 OR AY.73 OR AY.74 OR AY.75 OR AY.75.1 OR AY.75.2 OR AY.75.3 OR AY.76 OR AY.77 OR AY.78 OR AY.79 OR AY.80 OR AY.81 OR AY.82 OR AY.83 OR AY.84 OR AY.85 OR AY.86 OR AY.87 OR AY.88 OR AY.89 OR AY.90 OR AY.91 OR AY.91.1 OR AY.92 OR AY.93 OR AY.94 OR AY.95 OR AY.96 OR AY.97 OR AY.98 OR AY.98.1 OR AY.98.1.1 OR AY.99 OR AY.99.1 OR AY.99.2 OR AY.100 OR AY.101 OR AY.102 OR AY.102.1 OR AY.102.2 OR AY.103 OR AY.103.1 OR AY.103.2 OR AY.104 OR AY.105 OR AY.106 OR AY.107 OR AY.108 OR AY.109 OR AY.110 OR AY.111 OR AY.112 OR AY.112.1 OR AY.112.2 OR AY.112.3 OR AY.113 OR AY.114 OR AY.115 OR AY.116 OR AY.116.1 OR AY.117 OR AY.118 OR AY.119 OR AY.119.1 OR AY.119.2 OR AY.120 OR AY.120.1 OR AY.120.2 OR AY.120.2.1 OR AY.121 OR AY.121.1 OR AY.122 OR AY.122.1 OR AY.122.2 OR AY.122.3 OR AY.122.4 OR AY.122.5 OR AY.122.6 OR AY.123 OR AY.123.1 OR AY.124 OR AY.124.1 OR AY.124.1.1 OR AY.125 OR AY.125.1 OR AY.126 OR AY.127 OR AY.127.1 OR AY.127.2 OR AY.127.3 OR AY.128 OR AY.129 OR AY.130 OR AY.131 OR AY.132 OR AY.133 OR AY.134 OR B.1.617.2,Delta,258.428571428571,258.071428571429,0.998618021006081
2021-12-13,364,362,272.142857142857,271.142857142857,0.996325459317585,0.982946673112158,0.999603031082774,AY.1 OR AY.2 OR AY.3 OR AY.3.1 OR AY.3.2 OR AY.3.3 OR AY.3.4 OR AY.4 OR AY.4.1 OR AY.4.2 OR AY.4.2.1 OR AY.4.2.2 OR AY.4.2.3 OR AY.4.2.4 OR AY.4.2.5 OR AY.4.3 OR AY.4.4 OR AY.4.5 OR AY.4.6 OR AY.4.7 OR AY.4.8 OR AY.4.9 OR AY.4.10 OR AY.4.11 OR AY.4.12 OR AY.4.13 OR AY.4.14 OR AY.4.15 OR AY.4.16 OR AY.4.17 OR AY.5 OR AY.5.1 OR AY.5.2 OR AY.5.3 OR AY.5.4 OR AY.5.5 OR AY.5.6 OR AY.5.7 OR AY.6 OR AY.7 OR AY.7.1 OR AY.7.2 OR AY.8 OR AY.9 OR AY.9.1 OR AY.9.2 OR AY.9.2.1 OR AY.9.2.2 OR AY.10 OR AY.11 OR AY.12 OR AY.13 OR AY.14 OR AY.15 OR AY.16 OR AY.16.1 OR AY.17 OR AY.18 OR AY.19 OR AY.20 OR AY.20.1 OR AY.21 OR AY.22 OR AY.23 OR AY.23.1 OR AY.23.2 OR AY.24 OR AY.24.1 OR AY.25 OR AY.25.1 OR AY.25.1.1 OR AY.25.1.2 OR AY.25.2 OR AY.25.3 OR AY.26 OR AY.26.1 OR AY.27 OR AY.28 OR AY.29 OR AY.29.1 OR AY.29.2 OR AY.30 OR AY.31 OR AY.32 OR AY.33 OR AY.33.1 OR AY.33.2 OR AY.34 OR AY.34.1 OR AY.34.1.1 OR AY.34.2 OR AY.35 OR AY.36 OR AY.36.1 OR AY.37 OR AY.38 OR AY.39 OR AY.39.1 OR AY.39.1.1 OR AY.39.1.2 OR AY.39.1.3 OR AY.39.1.4 OR AY.39.2 OR AY.39.3 OR AY.39.4 OR AY.40 OR AY.41 OR AY.42 OR AY.42.1 OR AY.43 OR AY.43.1 OR AY.43.2 OR AY.43.3 OR AY.43.4 OR AY.43.5 OR AY.43.6 OR AY.43.7 OR AY.43.8 OR AY.43.9 OR AY.44 OR AY.45 OR AY.46 OR AY.46.1 OR AY.46.2 OR AY.46.3 OR AY.46.4 OR AY.46.5 OR AY.46.6 OR AY.46.6.1 OR AY.47 OR AY.48 OR AY.49 OR AY.50 OR AY.51 OR AY.52 OR AY.53 OR AY.54 OR AY.55 OR AY.56 OR AY.57 OR AY.58 OR AY.59 OR AY.60 OR AY.61 OR AY.62 OR AY.63 OR AY.64 OR AY.65 OR AY.66 OR AY.67 OR AY.68 OR AY.69 OR AY.70 OR AY.71 OR AY.72 OR AY.73 OR AY.74 OR AY.75 OR AY.75.1 OR AY.75.2 OR AY.75.3 OR AY.76 OR AY.77 OR AY.78 OR AY.79 OR AY.80 OR AY.81 OR AY.82 OR AY.83 OR AY.84 OR AY.85 OR AY.86 OR AY.87 OR AY.88 OR AY.89 OR AY.90 OR AY.91 OR AY.91.1 OR AY.92 OR AY.93 OR AY.94 OR AY.95 OR AY.96 OR AY.97 OR AY.98 OR AY.98.1 OR AY.98.1.1 OR AY.99 OR AY.99.1 OR AY.99.2 OR AY.100 OR AY.101 OR AY.102 OR AY.102.1 OR AY.102.2 OR AY.103 OR AY.103.1 OR AY.103.2 OR AY.104 OR AY.105 OR AY.106 OR AY.107 OR AY.108 OR AY.109 OR AY.110 OR AY.111 OR AY.112 OR AY.112.1 OR AY.112.2 OR AY.112.3 OR AY.113 OR AY.114 OR AY.115 OR AY.116 OR AY.116.1 OR AY.117 OR AY.118 OR AY.119 OR AY.119.1 OR AY.119.2 OR AY.120 OR AY.120.1 OR AY.120.2 OR AY.120.2.1 OR AY.121 OR AY.121.1 OR AY.122 OR AY.122.1 OR AY.122.2 OR AY.122.3 OR AY.122.4 OR AY.122.5 OR AY.122.6 OR AY.123 OR AY.123.1 OR AY.124 OR AY.124.1 OR AY.124.1.1 OR AY.125 OR AY.125.1 OR AY.126 OR AY.127 OR AY.127.1 OR AY.127.2 OR AY.127.3 OR AY.128 OR AY.129 OR AY.130 OR AY.131 OR AY.132 OR AY.133 OR AY.134 OR B.1.617.2,Delta,268.642857142857,268.142857142857,0.998138792874236
2021-12-14,245,239,269.571428571429,267.714285714286,0.99311075781664,0.976451408295144,0.99845761703054,AY.1 OR AY.2 OR AY.3 OR AY.3.1 OR AY.3.2 OR AY.3.3 OR AY.3.4 OR AY.4 OR AY.4.1 OR AY.4.2 OR AY.4.2.1 OR AY.4.2.2 OR AY.4.2.3 OR AY.4.2.4 OR AY.4.2.5 OR AY.4.3 OR AY.4.4 OR AY.4.5 OR AY.4.6 OR AY.4.7 OR AY.4.8 OR AY.4.9 OR AY.4.10 OR AY.4.11 OR AY.4.12 OR AY.4.13 OR AY.4.14 OR AY.4.15 OR AY.4.16 OR AY.4.17 OR AY.5 OR AY.5.1 OR AY.5.2 OR AY.5.3 OR AY.5.4 OR AY.5.5 OR AY.5.6 OR AY.5.7 OR AY.6 OR AY.7 OR AY.7.1 OR AY.7.2 OR AY.8 OR AY.9 OR AY.9.1 OR AY.9.2 OR AY.9.2.1 OR AY.9.2.2 OR AY.10 OR AY.11 OR AY.12 OR AY.13 OR AY.14 OR AY.15 OR AY.16 OR AY.16.1 OR AY.17 OR AY.18 OR AY.19 OR AY.20 OR AY.20.1 OR AY.21 OR AY.22 OR AY.23 OR AY.23.1 OR AY.23.2 OR AY.24 OR AY.24.1 OR AY.25 OR AY.25.1 OR AY.25.1.1 OR AY.25.1.2 OR AY.25.2 OR AY.25.3 OR AY.26 OR AY.26.1 OR AY.27 OR AY.28 OR AY.29 OR AY.29.1 OR AY.29.2 OR AY.30 OR AY.31 OR AY.32 OR AY.33 OR AY.33.1 OR AY.33.2 OR AY.34 OR AY.34.1 OR AY.34.1.1 OR AY.34.2 OR AY.35 OR AY.36 OR AY.36.1 OR AY.37 OR AY.38 OR AY.39 OR AY.39.1 OR AY.39.1.1 OR AY.39.1.2 OR AY.39.1.3 OR AY.39.1.4 OR AY.39.2 OR AY.39.3 OR AY.39.4 OR AY.40 OR AY.41 OR AY.42 OR AY.42.1 OR AY.43 OR AY.43.1 OR AY.43.2 OR AY.43.3 OR AY.43.4 OR AY.43.5 OR AY.43.6 OR AY.43.7 OR AY.43.8 OR AY.43.9 OR AY.44 OR AY.45 OR AY.46 OR AY.46.1 OR AY.46.2 OR AY.46.3 OR AY.46.4 OR AY.46.5 OR AY.46.6 OR AY.46.6.1 OR AY.47 OR AY.48 OR AY.49 OR AY.50 OR AY.51 OR AY.52 OR AY.53 OR AY.54 OR AY.55 OR AY.56 OR AY.57 OR AY.58 OR AY.59 OR AY.60 OR AY.61 OR AY.62 OR AY.63 OR AY.64 OR AY.65 OR AY.66 OR AY.67 OR AY.68 OR AY.69 OR AY.70 OR AY.71 OR AY.72 OR AY.73 OR AY.74 OR AY.75 OR AY.75.1 OR AY.75.2 OR AY.75.3 OR AY.76 OR AY.77 OR AY.78 OR AY.79 OR AY.80 OR AY.81 OR AY.82 OR AY.83 OR AY.84 OR AY.85 OR AY.86 OR AY.87 OR AY.88 OR AY.89 OR AY.90 OR AY.91 OR AY.91.1 OR AY.92 OR AY.93 OR AY.94 OR AY.95 OR AY.96 OR AY.97 OR AY.98 OR AY.98.1 OR AY.98.1.1 OR AY.99 OR AY.99.1 OR AY.99.2 OR AY.100 OR AY.101 OR AY.102 OR AY.102.1 OR AY.102.2 OR AY.103 OR AY.103.1 OR AY.103.2 OR AY.104 OR AY.105 OR AY.106 OR AY.107 OR AY.108 OR AY.109 OR AY.110 OR AY.111 OR AY.112 OR AY.112.1 OR AY.112.2 OR AY.112.3 OR AY.113 OR AY.114 OR AY.115 OR AY.116 OR AY.116.1 OR AY.117 OR AY.118 OR AY.119 OR AY.119.1 OR AY.119.2 OR AY.120 OR AY.120.1 OR AY.120.2 OR AY.120.2.1 OR AY.121 OR AY.121.1 OR AY.122 OR AY.122.1 OR AY.122.2 OR AY.122.3 OR AY.122.4 OR AY.122.5 OR AY.122.6 OR AY.123 OR AY.123.1 OR AY.124 OR AY.124.1 OR AY.124.1.1 OR AY.125 OR AY.125.1 OR AY.126 OR AY.127 OR AY.127.1 OR AY.127.2 OR AY.127.3 OR AY.128 OR AY.129 OR AY.130 OR AY.131 OR AY.132 OR AY.133 OR AY.134 OR B.1.617.2,Delta,274.928571428571,274,0.996622499350481
2021-12-15,279,278,250,248,0.992,0.974586025393631,0.99833395732065,AY.1 OR AY.2 OR AY.3 OR AY.3.1 OR AY.3.2 OR AY.3.3 OR AY.3.4 OR AY.4 OR AY.4.1 OR AY.4.2 OR AY.4.2.1 OR AY.4.2.2 OR AY.4.2.3 OR AY.4.2.4 OR AY.4.2.5 OR AY.4.3 OR AY.4.4 OR AY.4.5 OR AY.4.6 OR AY.4.7 OR AY.4.8 OR AY.4.9 OR AY.4.10 OR AY.4.11 OR AY.4.12 OR AY.4.13 OR AY.4.14 OR AY.4.15 OR AY.4.16 OR AY.4.17 OR AY.5 OR AY.5.1 OR AY.5.2 OR AY.5.3 OR AY.5.4 OR AY.5.5 OR AY.5.6 OR AY.5.7 OR AY.6 OR AY.7 OR AY.7.1 OR AY.7.2 OR AY.8 OR AY.9 OR AY.9.1 OR AY.9.2 OR AY.9.2.1 OR AY.9.2.2 OR AY.10 OR AY.11 OR AY.12 OR AY.13 OR AY.14 OR AY.15 OR AY.16 OR AY.16.1 OR AY.17 OR AY.18 OR AY.19 OR AY.20 OR AY.20.1 OR AY.21 OR AY.22 OR AY.23 OR AY.23.1 OR AY.23.2 OR AY.24 OR AY.24.1 OR AY.25 OR AY.25.1 OR AY.25.1.1 OR AY.25.1.2 OR AY.25.2 OR AY.25.3 OR AY.26 OR AY.26.1 OR AY.27 OR AY.28 OR AY.29 OR AY.29.1 OR AY.29.2 OR AY.30 OR AY.31 OR AY.32 OR AY.33 OR AY.33.1 OR AY.33.2 OR AY.34 OR AY.34.1 OR AY.34.1.1 OR AY.34.2 OR AY.35 OR AY.36 OR AY.36.1 OR AY.37 OR AY.38 OR AY.39 OR AY.39.1 OR AY.39.1.1 OR AY.39.1.2 OR AY.39.1.3 OR AY.39.1.4 OR AY.39.2 OR AY.39.3 OR AY.39.4 OR AY.40 OR AY.41 OR AY.42 OR AY.42.1 OR AY.43 OR AY.43.1 OR AY.43.2 OR AY.43.3 OR AY.43.4 OR AY.43.5 OR AY.43.6 OR AY.43.7 OR AY.43.8 OR AY.43.9 OR AY.44 OR AY.45 OR AY.46 OR AY.46.1 OR AY.46.2 OR AY.46.3 OR AY.46.4 OR AY.46.5 OR AY.46.6 OR AY.46.6.1 OR AY.47 OR AY.48 OR AY.49 OR AY.50 OR AY.51 OR AY.52 OR AY.53 OR AY.54 OR AY.55 OR AY.56 OR AY.57 OR AY.58 OR AY.59 OR AY.60 OR AY.61 OR AY.62 OR AY.63 OR AY.64 OR AY.65 OR AY.66 OR AY.67 OR AY.68 OR AY.69 OR AY.70 OR AY.71 OR AY.72 OR AY.73 OR AY.74 OR AY.75 OR AY.75.1 OR AY.75.2 OR AY.75.3 OR AY.76 OR AY.77 OR AY.78 OR AY.79 OR AY.80 OR AY.81 OR AY.82 OR AY.83 OR AY.84 OR AY.85 OR AY.86 OR AY.87 OR AY.88 OR AY.89 OR AY.90 OR AY.91 OR AY.91.1 OR AY.92 OR AY.93 OR AY.94 OR AY.95 OR AY.96 OR AY.97 OR AY.98 OR AY.98.1 OR AY.98.1.1 OR AY.99 OR AY.99.1 OR AY.99.2 OR AY.100 OR AY.101 OR AY.102 OR AY.102.1 OR AY.102.2 OR AY.103 OR AY.103.1 OR AY.103.2 OR AY.104 OR AY.105 OR AY.106 OR AY.107 OR AY.108 OR AY.109 OR AY.110 OR AY.111 OR AY.112 OR AY.112.1 OR AY.112.2 OR AY.112.3 OR AY.113 OR AY.114 OR AY.115 OR AY.116 OR AY.116.1 OR AY.117 OR AY.118 OR AY.119 OR AY.119.1 OR AY.119.2 OR AY.120 OR AY.120.1 OR AY.120.2 OR AY.120.2.1 OR AY.121 OR AY.121.1 OR AY.122 OR AY.122.1 OR AY.122.2 OR AY.122.3 OR AY.122.4 OR AY.122.5 OR AY.122.6 OR AY.123 OR AY.123.1 OR AY.124 OR AY.124.1 OR AY.124.1.1 OR AY.125 OR AY.125.1 OR AY.126 OR AY.127 OR AY.127.1 OR AY.127.2 OR AY.127.3 OR AY.128 OR AY.129 OR AY.130 OR AY.131 OR AY.132 OR AY.133 OR AY.134 OR B.1.617.2,Delta,280.285714285714,279.285714285714,0.996432212028542
2021-12-16,143,140,249.428571428571,247.142857142857,0.990836197021764,0.974484968107108,0.998327251734899,AY.1 OR AY.2 OR AY.3 OR AY.3.1 OR AY.3.2 OR AY.3.3 OR AY.3.4 OR AY.4 OR AY.4.1 OR AY.4.2 OR AY.4.2.1 OR AY.4.2.2 OR AY.4.2.3 OR AY.4.2.4 OR AY.4.2.5 OR AY.4.3 OR AY.4.4 OR AY.4.5 OR AY.4.6 OR AY.4.7 OR AY.4.8 OR AY.4.9 OR AY.4.10 OR AY.4.11 OR AY.4.12 OR AY.4.13 OR AY.4.14 OR AY.4.15 OR AY.4.16 OR AY.4.17 OR AY.5 OR AY.5.1 OR AY.5.2 OR AY.5.3 OR AY.5.4 OR AY.5.5 OR AY.5.6 OR AY.5.7 OR AY.6 OR AY.7 OR AY.7.1 OR AY.7.2 OR AY.8 OR AY.9 OR AY.9.1 OR AY.9.2 OR AY.9.2.1 OR AY.9.2.2 OR AY.10 OR AY.11 OR AY.12 OR AY.13 OR AY.14 OR AY.15 OR AY.16 OR AY.16.1 OR AY.17 OR AY.18 OR AY.19 OR AY.20 OR AY.20.1 OR AY.21 OR AY.22 OR AY.23 OR AY.23.1 OR AY.23.2 OR AY.24 OR AY.24.1 OR AY.25 OR AY.25.1 OR AY.25.1.1 OR AY.25.1.2 OR AY.25.2 OR AY.25.3 OR AY.26 OR AY.26.1 OR AY.27 OR AY.28 OR AY.29 OR AY.29.1 OR AY.29.2 OR AY.30 OR AY.31 OR AY.32 OR AY.33 OR AY.33.1 OR AY.33.2 OR AY.34 OR AY.34.1 OR AY.34.1.1 OR AY.34.2 OR AY.35 OR AY.36 OR AY.36.1 OR AY.37 OR AY.38 OR AY.39 OR AY.39.1 OR AY.39.1.1 OR AY.39.1.2 OR AY.39.1.3 OR AY.39.1.4 OR AY.39.2 OR AY.39.3 OR AY.39.4 OR AY.40 OR AY.41 OR AY.42 OR AY.42.1 OR AY.43 OR AY.43.1 OR AY.43.2 OR AY.43.3 OR AY.43.4 OR AY.43.5 OR AY.43.6 OR AY.43.7 OR AY.43.8 OR AY.43.9 OR AY.44 OR AY.45 OR AY.46 OR AY.46.1 OR AY.46.2 OR AY.46.3 OR AY.46.4 OR AY.46.5 OR AY.46.6 OR AY.46.6.1 OR AY.47 OR AY.48 OR AY.49 OR AY.50 OR AY.51 OR AY.52 OR AY.53 OR AY.54 OR AY.55 OR AY.56 OR AY.57 OR AY.58 OR AY.59 OR AY.60 OR AY.61 OR AY.62 OR AY.63 OR AY.64 OR AY.65 OR AY.66 OR AY.67 OR AY.68 OR AY.69 OR AY.70 OR AY.71 OR AY.72 OR AY.73 OR AY.74 OR AY.75 OR AY.75.1 OR AY.75.2 OR AY.75.3 OR AY.76 OR AY.77 OR AY.78 OR AY.79 OR AY.80 OR AY.81 OR AY.82 OR AY.83 OR AY.84 OR AY.85 OR AY.86 OR AY.87 OR AY.88 OR AY.89 OR AY.90 OR AY.91 OR AY.91.1 OR AY.92 OR AY.93 OR AY.94 OR AY.95 OR AY.96 OR AY.97 OR AY.98 OR AY.98.1 OR AY.98.1.1 OR AY.99 OR AY.99.1 OR AY.99.2 OR AY.100 OR AY.101 OR AY.102 OR AY.102.1 OR AY.102.2 OR AY.103 OR AY.103.1 OR AY.103.2 OR AY.104 OR AY.105 OR AY.106 OR AY.107 OR AY.108 OR AY.109 OR AY.110 OR AY.111 OR AY.112 OR AY.112.1 OR AY.112.2 OR AY.112.3 OR AY.113 OR AY.114 OR AY.115 OR AY.116 OR AY.116.1 OR AY.117 OR AY.118 OR AY.119 OR AY.119.1 OR AY.119.2 OR AY.120 OR AY.120.1 OR AY.120.2 OR AY.120.2.1 OR AY.121 OR AY.121.1 OR AY.122 OR AY.122.1 OR AY.122.2 OR AY.122.3 OR AY.122.4 OR AY.122.5 OR AY.122.6 OR AY.123 OR AY.123.1 OR AY.124 OR AY.124.1 OR AY.124.1.1 OR AY.125 OR AY.125.1 OR AY.126 OR AY.127 OR AY.127.1 OR AY.127.2 OR AY.127.3 OR AY.128 OR AY.129 OR AY.130 OR AY.131 OR AY.132 OR AY.133 OR AY.134 OR B.1.617.2,Delta,274,272.785714285714,0.995568300312826
2021-12-17,296,294,251.428571428571,249,0.990340909090909,0.974686285360102,0.998340609359176,AY.1 OR AY.2 OR AY.3 OR AY.3.1 OR AY.3.2 OR AY.3.3 OR AY.3.4 OR AY.4 OR AY.4.1 OR AY.4.2 OR AY.4.2.1 OR AY.4.2.2 OR AY.4.2.3 OR AY.4.2.4 OR AY.4.2.5 OR AY.4.3 OR AY.4.4 OR AY.4.5 OR AY.4.6 OR AY.4.7 OR AY.4.8 OR AY.4.9 OR AY.4.10 OR AY.4.11 OR AY.4.12 OR AY.4.13 OR AY.4.14 OR AY.4.15 OR AY.4.16 OR AY.4.17 OR AY.5 OR AY.5.1 OR AY.5.2 OR AY.5.3 OR AY.5.4 OR AY.5.5 OR AY.5.6 OR AY.5.7 OR AY.6 OR AY.7 OR AY.7.1 OR AY.7.2 OR AY.8 OR AY.9 OR AY.9.1 OR AY.9.2 OR AY.9.2.1 OR AY.9.2.2 OR AY.10 OR AY.11 OR AY.12 OR AY.13 OR AY.14 OR AY.15 OR AY.16 OR AY.16.1 OR AY.17 OR AY.18 OR AY.19 OR AY.20 OR AY.20.1 OR AY.21 OR AY.22 OR AY.23 OR AY.23.1 OR AY.23.2 OR AY.24 OR AY.24.1 OR AY.25 OR AY.25.1 OR AY.25.1.1 OR AY.25.1.2 OR AY.25.2 OR AY.25.3 OR AY.26 OR AY.26.1 OR AY.27 OR AY.28 OR AY.29 OR AY.29.1 OR AY.29.2 OR AY.30 OR AY.31 OR AY.32 OR AY.33 OR AY.33.1 OR AY.33.2 OR AY.34 OR AY.34.1 OR AY.34.1.1 OR AY.34.2 OR AY.35 OR AY.36 OR AY.36.1 OR AY.37 OR AY.38 OR AY.39 OR AY.39.1 OR AY.39.1.1 OR AY.39.1.2 OR AY.39.1.3 OR AY.39.1.4 OR AY.39.2 OR AY.39.3 OR AY.39.4 OR AY.40 OR AY.41 OR AY.42 OR AY.42.1 OR AY.43 OR AY.43.1 OR AY.43.2 OR AY.43.3 OR AY.43.4 OR AY.43.5 OR AY.43.6 OR AY.43.7 OR AY.43.8 OR AY.43.9 OR AY.44 OR AY.45 OR AY.46 OR AY.46.1 OR AY.46.2 OR AY.46.3 OR AY.46.4 OR AY.46.5 OR AY.46.6 OR AY.46.6.1 OR AY.47 OR AY.48 OR AY.49 OR AY.50 OR AY.51 OR AY.52 OR AY.53 OR AY.54 OR AY.55 OR AY.56 OR AY.57 OR AY.58 OR AY.59 OR AY.60 OR AY.61 OR AY.62 OR AY.63 OR AY.64 OR AY.65 OR AY.66 OR AY.67 OR AY.68 OR AY.69 OR AY.70 OR AY.71 OR AY.72 OR AY.73 OR AY.74 OR AY.75 OR AY.75.1 OR AY.75.2 OR AY.75.3 OR AY.76 OR AY.77 OR AY.78 OR AY.79 OR AY.80 OR AY.81 OR AY.82 OR AY.83 OR AY.84 OR AY.85 OR AY.86 OR AY.87 OR AY.88 OR AY.89 OR AY.90 OR AY.91 OR AY.91.1 OR AY.92 OR AY.93 OR AY.94 OR AY.95 OR AY.96 OR AY.97 OR AY.98 OR AY.98.1 OR AY.98.1.1 OR AY.99 OR AY.99.1 OR AY.99.2 OR AY.100 OR AY.101 OR AY.102 OR AY.102.1 OR AY.102.2 OR AY.103 OR AY.103.1 OR AY.103.2 OR AY.104 OR AY.105 OR AY.106 OR AY.107 OR AY.108 OR AY.109 OR AY.110 OR AY.111 OR AY.112 OR AY.112.1 OR AY.112.2 OR AY.112.3 OR AY.113 OR AY.114 OR AY.115 OR AY.116 OR AY.116.1 OR AY.117 OR AY.118 OR AY.119 OR AY.119.1 OR AY.119.2 OR AY.120 OR AY.120.1 OR AY.120.2 OR AY.120.2.1 OR AY.121 OR AY.121.1 OR AY.122 OR AY.122.1 OR AY.122.2 OR AY.122.3 OR AY.122.4 OR AY.122.5 OR AY.122.6 OR AY.123 OR AY.123.1 OR AY.124 OR AY.124.1 OR AY.124.1.1 OR AY.125 OR AY.125.1 OR AY.126 OR AY.127 OR AY.127.1 OR AY.127.2 OR AY.127.3 OR AY.128 OR AY.129 OR AY.130 OR AY.131 OR AY.132 OR AY.133 OR AY.134 OR B.1.617.2,Delta,268.214285714286,266.857142857143,0.994940079893475
2021-12-18,254,246,251.428571428571,248.285714285714,0.9875,0.968450162693968,0.996622564728012,AY.1 OR AY.2 OR AY.3 OR AY.3.1 OR AY.3.2 OR AY.3.3 OR AY.3.4 OR AY.4 OR AY.4.1 OR AY.4.2 OR AY.4.2.1 OR AY.4.2.2 OR AY.4.2.3 OR AY.4.2.4 OR AY.4.2.5 OR AY.4.3 OR AY.4.4 OR AY.4.5 OR AY.4.6 OR AY.4.7 OR AY.4.8 OR AY.4.9 OR AY.4.10 OR AY.4.11 OR AY.4.12 OR AY.4.13 OR AY.4.14 OR AY.4.15 OR AY.4.16 OR AY.4.17 OR AY.5 OR AY.5.1 OR AY.5.2 OR AY.5.3 OR AY.5.4 OR AY.5.5 OR AY.5.6 OR AY.5.7 OR AY.6 OR AY.7 OR AY.7.1 OR AY.7.2 OR AY.8 OR AY.9 OR AY.9.1 OR AY.9.2 OR AY.9.2.1 OR AY.9.2.2 OR AY.10 OR AY.11 OR AY.12 OR AY.13 OR AY.14 OR AY.15 OR AY.16 OR AY.16.1 OR AY.17 OR AY.18 OR AY.19 OR AY.20 OR AY.20.1 OR AY.21 OR AY.22 OR AY.23 OR AY.23.1 OR AY.23.2 OR AY.24 OR AY.24.1 OR AY.25 OR AY.25.1 OR AY.25.1.1 OR AY.25.1.2 OR AY.25.2 OR AY.25.3 OR AY.26 OR AY.26.1 OR AY.27 OR AY.28 OR AY.29 OR AY.29.1 OR AY.29.2 OR AY.30 OR AY.31 OR AY.32 OR AY.33 OR AY.33.1 OR AY.33.2 OR AY.34 OR AY.34.1 OR AY.34.1.1 OR AY.34.2 OR AY.35 OR AY.36 OR AY.36.1 OR AY.37 OR AY.38 OR AY.39 OR AY.39.1 OR AY.39.1.1 OR AY.39.1.2 OR AY.39.1.3 OR AY.39.1.4 OR AY.39.2 OR AY.39.3 OR AY.39.4 OR AY.40 OR AY.41 OR AY.42 OR AY.42.1 OR AY.43 OR AY.43.1 OR AY.43.2 OR AY.43.3 OR AY.43.4 OR AY.43.5 OR AY.43.6 OR AY.43.7 OR AY.43.8 OR AY.43.9 OR AY.44 OR AY.45 OR AY.46 OR AY.46.1 OR AY.46.2 OR AY.46.3 OR AY.46.4 OR AY.46.5 OR AY.46.6 OR AY.46.6.1 OR AY.47 OR AY.48 OR AY.49 OR AY.50 OR AY.51 OR AY.52 OR AY.53 OR AY.54 OR AY.55 OR AY.56 OR AY.57 OR AY.58 OR AY.59 OR AY.60 OR AY.61 OR AY.62 OR AY.63 OR AY.64 OR AY.65 OR AY.66 OR AY.67 OR AY.68 OR AY.69 OR AY.70 OR AY.71 OR AY.72 OR AY.73 OR AY.74 OR AY.75 OR AY.75.1 OR AY.75.2 OR AY.75.3 OR AY.76 OR AY.77 OR AY.78 OR AY.79 OR AY.80 OR AY.81 OR AY.82 OR AY.83 OR AY.84 OR AY.85 OR AY.86 OR AY.87 OR AY.88 OR AY.89 OR AY.90 OR AY.91 OR AY.91.1 OR AY.92 OR AY.93 OR AY.94 OR AY.95 OR AY.96 OR AY.97 OR AY.98 OR AY.98.1 OR AY.98.1.1 OR AY.99 OR AY.99.1 OR AY.99.2 OR AY.100 OR AY.101 OR AY.102 OR AY.102.1 OR AY.102.2 OR AY.103 OR AY.103.1 OR AY.103.2 OR AY.104 OR AY.105 OR AY.106 OR AY.107 OR AY.108 OR AY.109 OR AY.110 OR AY.111 OR AY.112 OR AY.112.1 OR AY.112.2 OR AY.112.3 OR AY.113 OR AY.114 OR AY.115 OR AY.116 OR AY.116.1 OR AY.117 OR AY.118 OR AY.119 OR AY.119.1 OR AY.119.2 OR AY.120 OR AY.120.1 OR AY.120.2 OR AY.120.2.1 OR AY.121 OR AY.121.1 OR AY.122 OR AY.122.1 OR AY.122.2 OR AY.122.3 OR AY.122.4 OR AY.122.5 OR AY.122.6 OR AY.123 OR AY.123.1 OR AY.124 OR AY.124.1 OR AY.124.1.1 OR AY.125 OR AY.125.1 OR AY.126 OR AY.127 OR AY.127.1 OR AY.127.2 OR AY.127.3 OR AY.128 OR AY.129 OR AY.130 OR AY.131 OR AY.132 OR AY.133 OR AY.134 OR B.1.617.2,Delta,268.714285714286,266.785714285714,0.992822966507177
2021-12-19,129,122,244.285714285714,240.142857142857,0.983040935672515,0.961496702640375,0.994441849772187,AY.1 OR AY.2 OR AY.3 OR AY.3.1 OR AY.3.2 OR AY.3.3 OR AY.3.4 OR AY.4 OR AY.4.1 OR AY.4.2 OR AY.4.2.1 OR AY.4.2.2 OR AY.4.2.3 OR AY.4.2.4 OR AY.4.2.5 OR AY.4.3 OR AY.4.4 OR AY.4.5 OR AY.4.6 OR AY.4.7 OR AY.4.8 OR AY.4.9 OR AY.4.10 OR AY.4.11 OR AY.4.12 OR AY.4.13 OR AY.4.14 OR AY.4.15 OR AY.4.16 OR AY.4.17 OR AY.5 OR AY.5.1 OR AY.5.2 OR AY.5.3 OR AY.5.4 OR AY.5.5 OR AY.5.6 OR AY.5.7 OR AY.6 OR AY.7 OR AY.7.1 OR AY.7.2 OR AY.8 OR AY.9 OR AY.9.1 OR AY.9.2 OR AY.9.2.1 OR AY.9.2.2 OR AY.10 OR AY.11 OR AY.12 OR AY.13 OR AY.14 OR AY.15 OR AY.16 OR AY.16.1 OR AY.17 OR AY.18 OR AY.19 OR AY.20 OR AY.20.1 OR AY.21 OR AY.22 OR AY.23 OR AY.23.1 OR AY.23.2 OR AY.24 OR AY.24.1 OR AY.25 OR AY.25.1 OR AY.25.1.1 OR AY.25.1.2 OR AY.25.2 OR AY.25.3 OR AY.26 OR AY.26.1 OR AY.27 OR AY.28 OR AY.29 OR AY.29.1 OR AY.29.2 OR AY.30 OR AY.31 OR AY.32 OR AY.33 OR AY.33.1 OR AY.33.2 OR AY.34 OR AY.34.1 OR AY.34.1.1 OR AY.34.2 OR AY.35 OR AY.36 OR AY.36.1 OR AY.37 OR AY.38 OR AY.39 OR AY.39.1 OR AY.39.1.1 OR AY.39.1.2 OR AY.39.1.3 OR AY.39.1.4 OR AY.39.2 OR AY.39.3 OR AY.39.4 OR AY.40 OR AY.41 OR AY.42 OR AY.42.1 OR AY.43 OR AY.43.1 OR AY.43.2 OR AY.43.3 OR AY.43.4 OR AY.43.5 OR AY.43.6 OR AY.43.7 OR AY.43.8 OR AY.43.9 OR AY.44 OR AY.45 OR AY.46 OR AY.46.1 OR AY.46.2 OR AY.46.3 OR AY.46.4 OR AY.46.5 OR AY.46.6 OR AY.46.6.1 OR AY.47 OR AY.48 OR AY.49 OR AY.50 OR AY.51 OR AY.52 OR AY.53 OR AY.54 OR AY.55 OR AY.56 OR AY.57 OR AY.58 OR AY.59 OR AY.60 OR AY.61 OR AY.62 OR AY.63 OR AY.64 OR AY.65 OR AY.66 OR AY.67 OR AY.68 OR AY.69 OR AY.70 OR AY.71 OR AY.72 OR AY.73 OR AY.74 OR AY.75 OR AY.75.1 OR AY.75.2 OR AY.75.3 OR AY.76 OR AY.77 OR AY.78 OR AY.79 OR AY.80 OR AY.81 OR AY.82 OR AY.83 OR AY.84 OR AY.85 OR AY.86 OR AY.87 OR AY.88 OR AY.89 OR AY.90 OR AY.91 OR AY.91.1 OR AY.92 OR AY.93 OR AY.94 OR AY.95 OR AY.96 OR AY.97 OR AY.98 OR AY.98.1 OR AY.98.1.1 OR AY.99 OR AY.99.1 OR AY.99.2 OR AY.100 OR AY.101 OR AY.102 OR AY.102.1 OR AY.102.2 OR AY.103 OR AY.103.1 OR AY.103.2 OR AY.104 OR AY.105 OR AY.106 OR AY.107 OR AY.108 OR AY.109 OR AY.110 OR AY.111 OR AY.112 OR AY.112.1 OR AY.112.2 OR AY.112.3 OR AY.113 OR AY.114 OR AY.115 OR AY.116 OR AY.116.1 OR AY.117 OR AY.118 OR AY.119 OR AY.119.1 OR AY.119.2 OR AY.120 OR AY.120.1 OR AY.120.2 OR AY.120.2.1 OR AY.121 OR AY.121.1 OR AY.122 OR AY.122.1 OR AY.122.2 OR AY.122.3 OR AY.122.4 OR AY.122.5 OR AY.122.6 OR AY.123 OR AY.123.1 OR AY.124 OR AY.124.1 OR AY.124.1.1 OR AY.125 OR AY.125.1 OR AY.126 OR AY.127 OR AY.127.1 OR AY.127.2 OR AY.127.3 OR AY.128 OR AY.129 OR AY.130 OR AY.131 OR AY.132 OR AY.133 OR AY.134 OR B.1.617.2,Delta,259.214285714286,256.785714285714,0.990631027831359
2021-12-20,285,276,233,227.857142857143,0.977927651747394,0.953610169134418,0.991765700731343,AY.1 OR AY.2 OR AY.3 OR AY.3.1 OR AY.3.2 OR AY.3.3 OR AY.3.4 OR AY.4 OR AY.4.1 OR AY.4.2 OR AY.4.2.1 OR AY.4.2.2 OR AY.4.2.3 OR AY.4.2.4 OR AY.4.2.5 OR AY.4.3 OR AY.4.4 OR AY.4.5 OR AY.4.6 OR AY.4.7 OR AY.4.8 OR AY.4.9 OR AY.4.10 OR AY.4.11 OR AY.4.12 OR AY.4.13 OR AY.4.14 OR AY.4.15 OR AY.4.16 OR AY.4.17 OR AY.5 OR AY.5.1 OR AY.5.2 OR AY.5.3 OR AY.5.4 OR AY.5.5 OR AY.5.6 OR AY.5.7 OR AY.6 OR AY.7 OR AY.7.1 OR AY.7.2 OR AY.8 OR AY.9 OR AY.9.1 OR AY.9.2 OR AY.9.2.1 OR AY.9.2.2 OR AY.10 OR AY.11 OR AY.12 OR AY.13 OR AY.14 OR AY.15 OR AY.16 OR AY.16.1 OR AY.17 OR AY.18 OR AY.19 OR AY.20 OR AY.20.1 OR AY.21 OR AY.22 OR AY.23 OR AY.23.1 OR AY.23.2 OR AY.24 OR AY.24.1 OR AY.25 OR AY.25.1 OR AY.25.1.1 OR AY.25.1.2 OR AY.25.2 OR AY.25.3 OR AY.26 OR AY.26.1 OR AY.27 OR AY.28 OR AY.29 OR AY.29.1 OR AY.29.2 OR AY.30 OR AY.31 OR AY.32 OR AY.33 OR AY.33.1 OR AY.33.2 OR AY.34 OR AY.34.1 OR AY.34.1.1 OR AY.34.2 OR AY.35 OR AY.36 OR AY.36.1 OR AY.37 OR AY.38 OR AY.39 OR AY.39.1 OR AY.39.1.1 OR AY.39.1.2 OR AY.39.1.3 OR AY.39.1.4 OR AY.39.2 OR AY.39.3 OR AY.39.4 OR AY.40 OR AY.41 OR AY.42 OR AY.42.1 OR AY.43 OR AY.43.1 OR AY.43.2 OR AY.43.3 OR AY.43.4 OR AY.43.5 OR AY.43.6 OR AY.43.7 OR AY.43.8 OR AY.43.9 OR AY.44 OR AY.45 OR AY.46 OR AY.46.1 OR AY.46.2 OR AY.46.3 OR AY.46.4 OR AY.46.5 OR AY.46.6 OR AY.46.6.1 OR AY.47 OR AY.48 OR AY.49 OR AY.50 OR AY.51 OR AY.52 OR AY.53 OR AY.54 OR AY.55 OR AY.56 OR AY.57 OR AY.58 OR AY.59 OR AY.60 OR AY.61 OR AY.62 OR AY.63 OR AY.64 OR AY.65 OR AY.66 OR AY.67 OR AY.68 OR AY.69 OR AY.70 OR AY.71 OR AY.72 OR AY.73 OR AY.74 OR AY.75 OR AY.75.1 OR AY.75.2 OR AY.75.3 OR AY.76 OR AY.77 OR AY.78 OR AY.79 OR AY.80 OR AY.81 OR AY.82 OR AY.83 OR AY.84 OR AY.85 OR AY.86 OR AY.87 OR AY.88 OR AY.89 OR AY.90 OR AY.91 OR AY.91.1 OR AY.92 OR AY.93 OR AY.94 OR AY.95 OR AY.96 OR AY.97 OR AY.98 OR AY.98.1 OR AY.98.1.1 OR AY.99 OR AY.99.1 OR AY.99.2 OR AY.100 OR AY.101 OR AY.102 OR AY.102.1 OR AY.102.2 OR AY.103 OR AY.103.1 OR AY.103.2 OR AY.104 OR AY.105 OR AY.106 OR AY.107 OR AY.108 OR AY.109 OR AY.110 OR AY.111 OR AY.112 OR AY.112.1 OR AY.112.2 OR AY.112.3 OR AY.113 OR AY.114 OR AY.115 OR AY.116 OR AY.116.1 OR AY.117 OR AY.118 OR AY.119 OR AY.119.1 OR AY.119.2 OR AY.120 OR AY.120.1 OR AY.120.2 OR AY.120.2.1 OR AY.121 OR AY.121.1 OR AY.122 OR AY.122.1 OR AY.122.2 OR AY.122.3 OR AY.122.4 OR AY.122.5 OR AY.122.6 OR AY.123 OR AY.123.1 OR AY.124 OR AY.124.1 OR AY.124.1.1 OR AY.125 OR AY.125.1 OR AY.126 OR AY.127 OR AY.127.1 OR AY.127.2 OR AY.127.3 OR AY.128 OR AY.129 OR AY.130 OR AY.131 OR AY.132 OR AY.133 OR AY.134 OR B.1.617.2,Delta,252.571428571429,249.5,0.987839366515837
2021-12-21,191,182,225.285714285714,219.714285714286,0.975269499048827,0.951984524735813,0.991471214590199,AY.1 OR AY.2 OR AY.3 OR AY.3.1 OR AY.3.2 OR AY.3.3 OR AY.3.4 OR AY.4 OR AY.4.1 OR AY.4.2 OR AY.4.2.1 OR AY.4.2.2 OR AY.4.2.3 OR AY.4.2.4 OR AY.4.2.5 OR AY.4.3 OR AY.4.4 OR AY.4.5 OR AY.4.6 OR AY.4.7 OR AY.4.8 OR AY.4.9 OR AY.4.10 OR AY.4.11 OR AY.4.12 OR AY.4.13 OR AY.4.14 OR AY.4.15 OR AY.4.16 OR AY.4.17 OR AY.5 OR AY.5.1 OR AY.5.2 OR AY.5.3 OR AY.5.4 OR AY.5.5 OR AY.5.6 OR AY.5.7 OR AY.6 OR AY.7 OR AY.7.1 OR AY.7.2 OR AY.8 OR AY.9 OR AY.9.1 OR AY.9.2 OR AY.9.2.1 OR AY.9.2.2 OR AY.10 OR AY.11 OR AY.12 OR AY.13 OR AY.14 OR AY.15 OR AY.16 OR AY.16.1 OR AY.17 OR AY.18 OR AY.19 OR AY.20 OR AY.20.1 OR AY.21 OR AY.22 OR AY.23 OR AY.23.1 OR AY.23.2 OR AY.24 OR AY.24.1 OR AY.25 OR AY.25.1 OR AY.25.1.1 OR AY.25.1.2 OR AY.25.2 OR AY.25.3 OR AY.26 OR AY.26.1 OR AY.27 OR AY.28 OR AY.29 OR AY.29.1 OR AY.29.2 OR AY.30 OR AY.31 OR AY.32 OR AY.33 OR AY.33.1 OR AY.33.2 OR AY.34 OR AY.34.1 OR AY.34.1.1 OR AY.34.2 OR AY.35 OR AY.36 OR AY.36.1 OR AY.37 OR AY.38 OR AY.39 OR AY.39.1 OR AY.39.1.1 OR AY.39.1.2 OR AY.39.1.3 OR AY.39.1.4 OR AY.39.2 OR AY.39.3 OR AY.39.4 OR AY.40 OR AY.41 OR AY.42 OR AY.42.1 OR AY.43 OR AY.43.1 OR AY.43.2 OR AY.43.3 OR AY.43.4 OR AY.43.5 OR AY.43.6 OR AY.43.7 OR AY.43.8 OR AY.43.9 OR AY.44 OR AY.45 OR AY.46 OR AY.46.1 OR AY.46.2 OR AY.46.3 OR AY.46.4 OR AY.46.5 OR AY.46.6 OR AY.46.6.1 OR AY.47 OR AY.48 OR AY.49 OR AY.50 OR AY.51 OR AY.52 OR AY.53 OR AY.54 OR AY.55 OR AY.56 OR AY.57 OR AY.58 OR AY.59 OR AY.60 OR AY.61 OR AY.62 OR AY.63 OR AY.64 OR AY.65 OR AY.66 OR AY.67 OR AY.68 OR AY.69 OR AY.70 OR AY.71 OR AY.72 OR AY.73 OR AY.74 OR AY.75 OR AY.75.1 OR AY.75.2 OR AY.75.3 OR AY.76 OR AY.77 OR AY.78 OR AY.79 OR AY.80 OR AY.81 OR AY.82 OR AY.83 OR AY.84 OR AY.85 OR AY.86 OR AY.87 OR AY.88 OR AY.89 OR AY.90 OR AY.91 OR AY.91.1 OR AY.92 OR AY.93 OR AY.94 OR AY.95 OR AY.96 OR AY.97 OR AY.98 OR AY.98.1 OR AY.98.1.1 OR AY.99 OR AY.99.1 OR AY.99.2 OR AY.100 OR AY.101 OR AY.102 OR AY.102.1 OR AY.102.2 OR AY.103 OR AY.103.1 OR AY.103.2 OR AY.104 OR AY.105 OR AY.106 OR AY.107 OR AY.108 OR AY.109 OR AY.110 OR AY.111 OR AY.112 OR AY.112.1 OR AY.112.2 OR AY.112.3 OR AY.113 OR AY.114 OR AY.115 OR AY.116 OR AY.116.1 OR AY.117 OR AY.118 OR AY.119 OR AY.119.1 OR AY.119.2 OR AY.120 OR AY.120.1 OR AY.120.2 OR AY.120.2.1 OR AY.121 OR AY.121.1 OR AY.122 OR AY.122.1 OR AY.122.2 OR AY.122.3 OR AY.122.4 OR AY.122.5 OR AY.122.6 OR AY.123 OR AY.123.1 OR AY.124 OR AY.124.1 OR AY.124.1.1 OR AY.125 OR AY.125.1 OR AY.126 OR AY.127 OR AY.127.1 OR AY.127.2 OR AY.127.3 OR AY.128 OR AY.129 OR AY.130 OR AY.131 OR AY.132 OR AY.133 OR AY.134 OR B.1.617.2,Delta,247.428571428571,243.714285714286,0.984988452655889
2021-12-22,266,246,223.428571428571,215.142857142857,0.962915601023018,0.933455805965945,0.982896327458517,AY.1 OR AY.2 OR AY.3 OR AY.3.1 OR AY.3.2 OR AY.3.3 OR AY.3.4 OR AY.4 OR AY.4.1 OR AY.4.2 OR AY.4.2.1 OR AY.4.2.2 OR AY.4.2.3 OR AY.4.2.4 OR AY.4.2.5 OR AY.4.3 OR AY.4.4 OR AY.4.5 OR AY.4.6 OR AY.4.7 OR AY.4.8 OR AY.4.9 OR AY.4.10 OR AY.4.11 OR AY.4.12 OR AY.4.13 OR AY.4.14 OR AY.4.15 OR AY.4.16 OR AY.4.17 OR AY.5 OR AY.5.1 OR AY.5.2 OR AY.5.3 OR AY.5.4 OR AY.5.5 OR AY.5.6 OR AY.5.7 OR AY.6 OR AY.7 OR AY.7.1 OR AY.7.2 OR AY.8 OR AY.9 OR AY.9.1 OR AY.9.2 OR AY.9.2.1 OR AY.9.2.2 OR AY.10 OR AY.11 OR AY.12 OR AY.13 OR AY.14 OR AY.15 OR AY.16 OR AY.16.1 OR AY.17 OR AY.18 OR AY.19 OR AY.20 OR AY.20.1 OR AY.21 OR AY.22 OR AY.23 OR AY.23.1 OR AY.23.2 OR AY.24 OR AY.24.1 OR AY.25 OR AY.25.1 OR AY.25.1.1 OR AY.25.1.2 OR AY.25.2 OR AY.25.3 OR AY.26 OR AY.26.1 OR AY.27 OR AY.28 OR AY.29 OR AY.29.1 OR AY.29.2 OR AY.30 OR AY.31 OR AY.32 OR AY.33 OR AY.33.1 OR AY.33.2 OR AY.34 OR AY.34.1 OR AY.34.1.1 OR AY.34.2 OR AY.35 OR AY.36 OR AY.36.1 OR AY.37 OR AY.38 OR AY.39 OR AY.39.1 OR AY.39.1.1 OR AY.39.1.2 OR AY.39.1.3 OR AY.39.1.4 OR AY.39.2 OR AY.39.3 OR AY.39.4 OR AY.40 OR AY.41 OR AY.42 OR AY.42.1 OR AY.43 OR AY.43.1 OR AY.43.2 OR AY.43.3 OR AY.43.4 OR AY.43.5 OR AY.43.6 OR AY.43.7 OR AY.43.8 OR AY.43.9 OR AY.44 OR AY.45 OR AY.46 OR AY.46.1 OR AY.46.2 OR AY.46.3 OR AY.46.4 OR AY.46.5 OR AY.46.6 OR AY.46.6.1 OR AY.47 OR AY.48 OR AY.49 OR AY.50 OR AY.51 OR AY.52 OR AY.53 OR AY.54 OR AY.55 OR AY.56 OR AY.57 OR AY.58 OR AY.59 OR AY.60 OR AY.61 OR AY.62 OR AY.63 OR AY.64 OR AY.65 OR AY.66 OR AY.67 OR AY.68 OR AY.69 OR AY.70 OR AY.71 OR AY.72 OR AY.73 OR AY.74 OR AY.75 OR AY.75.1 OR AY.75.2 OR AY.75.3 OR AY.76 OR AY.77 OR AY.78 OR AY.79 OR AY.80 OR AY.81 OR AY.82 OR AY.83 OR AY.84 OR AY.85 OR AY.86 OR AY.87 OR AY.88 OR AY.89 OR AY.90 OR AY.91 OR AY.91.1 OR AY.92 OR AY.93 OR AY.94 OR AY.95 OR AY.96 OR AY.97 OR AY.98 OR AY.98.1 OR AY.98.1.1 OR AY.99 OR AY.99.1 OR AY.99.2 OR AY.100 OR AY.101 OR AY.102 OR AY.102.1 OR AY.102.2 OR AY.103 OR AY.103.1 OR AY.103.2 OR AY.104 OR AY.105 OR AY.106 OR AY.107 OR AY.108 OR AY.109 OR AY.110 OR AY.111 OR AY.112 OR AY.112.1 OR AY.112.2 OR AY.112.3 OR AY.113 OR AY.114 OR AY.115 OR AY.116 OR AY.116.1 OR AY.117 OR AY.118 OR AY.119 OR AY.119.1 OR AY.119.2 OR AY.120 OR AY.120.1 OR AY.120.2 OR AY.120.2.1 OR AY.121 OR AY.121.1 OR AY.122 OR AY.122.1 OR AY.122.2 OR AY.122.3 OR AY.122.4 OR AY.122.5 OR AY.122.6 OR AY.123 OR AY.123.1 OR AY.124 OR AY.124.1 OR AY.124.1.1 OR AY.125 OR AY.125.1 OR AY.126 OR AY.127 OR AY.127.1 OR AY.127.2 OR AY.127.3 OR AY.128 OR AY.129 OR AY.130 OR AY.131 OR AY.132 OR AY.133 OR AY.134 OR B.1.617.2,Delta,236.714285714286,231.571428571429,0.978273989136995
2021-12-23,245,219,238,226.428571428571,0.951380552220888,0.916189407326431,0.972145438771714,AY.1 OR AY.2 OR AY.3 OR AY.3.1 OR AY.3.2 OR AY.3.3 OR AY.3.4 OR AY.4 OR AY.4.1 OR AY.4.2 OR AY.4.2.1 OR AY.4.2.2 OR AY.4.2.3 OR AY.4.2.4 OR AY.4.2.5 OR AY.4.3 OR AY.4.4 OR AY.4.5 OR AY.4.6 OR AY.4.7 OR AY.4.8 OR AY.4.9 OR AY.4.10 OR AY.4.11 OR AY.4.12 OR AY.4.13 OR AY.4.14 OR AY.4.15 OR AY.4.16 OR AY.4.17 OR AY.5 OR AY.5.1 OR AY.5.2 OR AY.5.3 OR AY.5.4 OR AY.5.5 OR AY.5.6 OR AY.5.7 OR AY.6 OR AY.7 OR AY.7.1 OR AY.7.2 OR AY.8 OR AY.9 OR AY.9.1 OR AY.9.2 OR AY.9.2.1 OR AY.9.2.2 OR AY.10 OR AY.11 OR AY.12 OR AY.13 OR AY.14 OR AY.15 OR AY.16 OR AY.16.1 OR AY.17 OR AY.18 OR AY.19 OR AY.20 OR AY.20.1 OR AY.21 OR AY.22 OR AY.23 OR AY.23.1 OR AY.23.2 OR AY.24 OR AY.24.1 OR AY.25 OR AY.25.1 OR AY.25.1.1 OR AY.25.1.2 OR AY.25.2 OR AY.25.3 OR AY.26 OR AY.26.1 OR AY.27 OR AY.28 OR AY.29 OR AY.29.1 OR AY.29.2 OR AY.30 OR AY.31 OR AY.32 OR AY.33 OR AY.33.1 OR AY.33.2 OR AY.34 OR AY.34.1 OR AY.34.1.1 OR AY.34.2 OR AY.35 OR AY.36 OR AY.36.1 OR AY.37 OR AY.38 OR AY.39 OR AY.39.1 OR AY.39.1.1 OR AY.39.1.2 OR AY.39.1.3 OR AY.39.1.4 OR AY.39.2 OR AY.39.3 OR AY.39.4 OR AY.40 OR AY.41 OR AY.42 OR AY.42.1 OR AY.43 OR AY.43.1 OR AY.43.2 OR AY.43.3 OR AY.43.4 OR AY.43.5 OR AY.43.6 OR AY.43.7 OR AY.43.8 OR AY.43.9 OR AY.44 OR AY.45 OR AY.46 OR AY.46.1 OR AY.46.2 OR AY.46.3 OR AY.46.4 OR AY.46.5 OR AY.46.6 OR AY.46.6.1 OR AY.47 OR AY.48 OR AY.49 OR AY.50 OR AY.51 OR AY.52 OR AY.53 OR AY.54 OR AY.55 OR AY.56 OR AY.57 OR AY.58 OR AY.59 OR AY.60 OR AY.61 OR AY.62 OR AY.63 OR AY.64 OR AY.65 OR AY.66 OR AY.67 OR AY.68 OR AY.69 OR AY.70 OR AY.71 OR AY.72 OR AY.73 OR AY.74 OR AY.75 OR AY.75.1 OR AY.75.2 OR AY.75.3 OR AY.76 OR AY.77 OR AY.78 OR AY.79 OR AY.80 OR AY.81 OR AY.82 OR AY.83 OR AY.84 OR AY.85 OR AY.86 OR AY.87 OR AY.88 OR AY.89 OR AY.90 OR AY.91 OR AY.91.1 OR AY.92 OR AY.93 OR AY.94 OR AY.95 OR AY.96 OR AY.97 OR AY.98 OR AY.98.1 OR AY.98.1.1 OR AY.99 OR AY.99.1 OR AY.99.2 OR AY.100 OR AY.101 OR AY.102 OR AY.102.1 OR AY.102.2 OR AY.103 OR AY.103.1 OR AY.103.2 OR AY.104 OR AY.105 OR AY.106 OR AY.107 OR AY.108 OR AY.109 OR AY.110 OR AY.111 OR AY.112 OR AY.112.1 OR AY.112.2 OR AY.112.3 OR AY.113 OR AY.114 OR AY.115 OR AY.116 OR AY.116.1 OR AY.117 OR AY.118 OR AY.119 OR AY.119.1 OR AY.119.2 OR AY.120 OR AY.120.1 OR AY.120.2 OR AY.120.2.1 OR AY.121 OR AY.121.1 OR AY.122 OR AY.122.1 OR AY.122.2 OR AY.122.3 OR AY.122.4 OR AY.122.5 OR AY.122.6 OR AY.123 OR AY.123.1 OR AY.124 OR AY.124.1 OR AY.124.1.1 OR AY.125 OR AY.125.1 OR AY.126 OR AY.127 OR AY.127.1 OR AY.127.2 OR AY.127.3 OR AY.128 OR AY.129 OR AY.130 OR AY.131 OR AY.132 OR AY.133 OR AY.134 OR B.1.617.2,Delta,243.714285714286,236.785714285714,0.971570926143024
2021-12-24,382,365,250.285714285714,236.571428571429,0.945205479452055,0.915182136565922,0.970542748071285,AY.1 OR AY.2 OR AY.3 OR AY.3.1 OR AY.3.2 OR AY.3.3 OR AY.3.4 OR AY.4 OR AY.4.1 OR AY.4.2 OR AY.4.2.1 OR AY.4.2.2 OR AY.4.2.3 OR AY.4.2.4 OR AY.4.2.5 OR AY.4.3 OR AY.4.4 OR AY.4.5 OR AY.4.6 OR AY.4.7 OR AY.4.8 OR AY.4.9 OR AY.4.10 OR AY.4.11 OR AY.4.12 OR AY.4.13 OR AY.4.14 OR AY.4.15 OR AY.4.16 OR AY.4.17 OR AY.5 OR AY.5.1 OR AY.5.2 OR AY.5.3 OR AY.5.4 OR AY.5.5 OR AY.5.6 OR AY.5.7 OR AY.6 OR AY.7 OR AY.7.1 OR AY.7.2 OR AY.8 OR AY.9 OR AY.9.1 OR AY.9.2 OR AY.9.2.1 OR AY.9.2.2 OR AY.10 OR AY.11 OR AY.12 OR AY.13 OR AY.14 OR AY.15 OR AY.16 OR AY.16.1 OR AY.17 OR AY.18 OR AY.19 OR AY.20 OR AY.20.1 OR AY.21 OR AY.22 OR AY.23 OR AY.23.1 OR AY.23.2 OR AY.24 OR AY.24.1 OR AY.25 OR AY.25.1 OR AY.25.1.1 OR AY.25.1.2 OR AY.25.2 OR AY.25.3 OR AY.26 OR AY.26.1 OR AY.27 OR AY.28 OR AY.29 OR AY.29.1 OR AY.29.2 OR AY.30 OR AY.31 OR AY.32 OR AY.33 OR AY.33.1 OR AY.33.2 OR AY.34 OR AY.34.1 OR AY.34.1.1 OR AY.34.2 OR AY.35 OR AY.36 OR AY.36.1 OR AY.37 OR AY.38 OR AY.39 OR AY.39.1 OR AY.39.1.1 OR AY.39.1.2 OR AY.39.1.3 OR AY.39.1.4 OR AY.39.2 OR AY.39.3 OR AY.39.4 OR AY.40 OR AY.41 OR AY.42 OR AY.42.1 OR AY.43 OR AY.43.1 OR AY.43.2 OR AY.43.3 OR AY.43.4 OR AY.43.5 OR AY.43.6 OR AY.43.7 OR AY.43.8 OR AY.43.9 OR AY.44 OR AY.45 OR AY.46 OR AY.46.1 OR AY.46.2 OR AY.46.3 OR AY.46.4 OR AY.46.5 OR AY.46.6 OR AY.46.6.1 OR AY.47 OR AY.48 OR AY.49 OR AY.50 OR AY.51 OR AY.52 OR AY.53 OR AY.54 OR AY.55 OR AY.56 OR AY.57 OR AY.58 OR AY.59 OR AY.60 OR AY.61 OR AY.62 OR AY.63 OR AY.64 OR AY.65 OR AY.66 OR AY.67 OR AY.68 OR AY.69 OR AY.70 OR AY.71 OR AY.72 OR AY.73 OR AY.74 OR AY.75 OR AY.75.1 OR AY.75.2 OR AY.75.3 OR AY.76 OR AY.77 OR AY.78 OR AY.79 OR AY.80 OR AY.81 OR AY.82 OR AY.83 OR AY.84 OR AY.85 OR AY.86 OR AY.87 OR AY.88 OR AY.89 OR AY.90 OR AY.91 OR AY.91.1 OR AY.92 OR AY.93 OR AY.94 OR AY.95 OR AY.96 OR AY.97 OR AY.98 OR AY.98.1 OR AY.98.1.1 OR AY.99 OR AY.99.1 OR AY.99.2 OR AY.100 OR AY.101 OR AY.102 OR AY.102.1 OR AY.102.2 OR AY.103 OR AY.103.1 OR AY.103.2 OR AY.104 OR AY.105 OR AY.106 OR AY.107 OR AY.108 OR AY.109 OR AY.110 OR AY.111 OR AY.112 OR AY.112.1 OR AY.112.2 OR AY.112.3 OR AY.113 OR AY.114 OR AY.115 OR AY.116 OR AY.116.1 OR AY.117 OR AY.118 OR AY.119 OR AY.119.1 OR AY.119.2 OR AY.120 OR AY.120.1 OR AY.120.2 OR AY.120.2.1 OR AY.121 OR AY.121.1 OR AY.122 OR AY.122.1 OR AY.122.2 OR AY.122.3 OR AY.122.4 OR AY.122.5 OR AY.122.6 OR AY.123 OR AY.123.1 OR AY.124 OR AY.124.1 OR AY.124.1.1 OR AY.125 OR AY.125.1 OR AY.126 OR AY.127 OR AY.127.1 OR AY.127.2 OR AY.127.3 OR AY.128 OR AY.129 OR AY.130 OR AY.131 OR AY.132 OR AY.133 OR AY.134 OR B.1.617.2,Delta,250.857142857143,242.785714285714,0.967824601366743
2021-12-25,240,217,248.285714285714,232.428571428571,0.936133486766398,0.899768335224131,0.961124576364191,AY.1 OR AY.2 OR AY.3 OR AY.3.1 OR AY.3.2 OR AY.3.3 OR AY.3.4 OR AY.4 OR AY.4.1 OR AY.4.2 OR AY.4.2.1 OR AY.4.2.2 OR AY.4.2.3 OR AY.4.2.4 OR AY.4.2.5 OR AY.4.3 OR AY.4.4 OR AY.4.5 OR AY.4.6 OR AY.4.7 OR AY.4.8 OR AY.4.9 OR AY.4.10 OR AY.4.11 OR AY.4.12 OR AY.4.13 OR AY.4.14 OR AY.4.15 OR AY.4.16 OR AY.4.17 OR AY.5 OR AY.5.1 OR AY.5.2 OR AY.5.3 OR AY.5.4 OR AY.5.5 OR AY.5.6 OR AY.5.7 OR AY.6 OR AY.7 OR AY.7.1 OR AY.7.2 OR AY.8 OR AY.9 OR AY.9.1 OR AY.9.2 OR AY.9.2.1 OR AY.9.2.2 OR AY.10 OR AY.11 OR AY.12 OR AY.13 OR AY.14 OR AY.15 OR AY.16 OR AY.16.1 OR AY.17 OR AY.18 OR AY.19 OR AY.20 OR AY.20.1 OR AY.21 OR AY.22 OR AY.23 OR AY.23.1 OR AY.23.2 OR AY.24 OR AY.24.1 OR AY.25 OR AY.25.1 OR AY.25.1.1 OR AY.25.1.2 OR AY.25.2 OR AY.25.3 OR AY.26 OR AY.26.1 OR AY.27 OR AY.28 OR AY.29 OR AY.29.1 OR AY.29.2 OR AY.30 OR AY.31 OR AY.32 OR AY.33 OR AY.33.1 OR AY.33.2 OR AY.34 OR AY.34.1 OR AY.34.1.1 OR AY.34.2 OR AY.35 OR AY.36 OR AY.36.1 OR AY.37 OR AY.38 OR AY.39 OR AY.39.1 OR AY.39.1.1 OR AY.39.1.2 OR AY.39.1.3 OR AY.39.1.4 OR AY.39.2 OR AY.39.3 OR AY.39.4 OR AY.40 OR AY.41 OR AY.42 OR AY.42.1 OR AY.43 OR AY.43.1 OR AY.43.2 OR AY.43.3 OR AY.43.4 OR AY.43.5 OR AY.43.6 OR AY.43.7 OR AY.43.8 OR AY.43.9 OR AY.44 OR AY.45 OR AY.46 OR AY.46.1 OR AY.46.2 OR AY.46.3 OR AY.46.4 OR AY.46.5 OR AY.46.6 OR AY.46.6.1 OR AY.47 OR AY.48 OR AY.49 OR AY.50 OR AY.51 OR AY.52 OR AY.53 OR AY.54 OR AY.55 OR AY.56 OR AY.57 OR AY.58 OR AY.59 OR AY.60 OR AY.61 OR AY.62 OR AY.63 OR AY.64 OR AY.65 OR AY.66 OR AY.67 OR AY.68 OR AY.69 OR AY.70 OR AY.71 OR AY.72 OR AY.73 OR AY.74 OR AY.75 OR AY.75.1 OR AY.75.2 OR AY.75.3 OR AY.76 OR AY.77 OR AY.78 OR AY.79 OR AY.80 OR AY.81 OR AY.82 OR AY.83 OR AY.84 OR AY.85 OR AY.86 OR AY.87 OR AY.88 OR AY.89 OR AY.90 OR AY.91 OR AY.91.1 OR AY.92 OR AY.93 OR AY.94 OR AY.95 OR AY.96 OR AY.97 OR AY.98 OR AY.98.1 OR AY.98.1.1 OR AY.99 OR AY.99.1 OR AY.99.2 OR AY.100 OR AY.101 OR AY.102 OR AY.102.1 OR AY.102.2 OR AY.103 OR AY.103.1 OR AY.103.2 OR AY.104 OR AY.105 OR AY.106 OR AY.107 OR AY.108 OR AY.109 OR AY.110 OR AY.111 OR AY.112 OR AY.112.1 OR AY.112.2 OR AY.112.3 OR AY.113 OR AY.114 OR AY.115 OR AY.116 OR AY.116.1 OR AY.117 OR AY.118 OR AY.119 OR AY.119.1 OR AY.119.2 OR AY.120 OR AY.120.1 OR AY.120.2 OR AY.120.2.1 OR AY.121 OR AY.121.1 OR AY.122 OR AY.122.1 OR AY.122.2 OR AY.122.3 OR AY.122.4 OR AY.122.5 OR AY.122.6 OR AY.123 OR AY.123.1 OR AY.124 OR AY.124.1 OR AY.124.1.1 OR AY.125 OR AY.125.1 OR AY.126 OR AY.127 OR AY.127.1 OR AY.127.2 OR AY.127.3 OR AY.128 OR AY.129 OR AY.130 OR AY.131 OR AY.132 OR AY.133 OR AY.134 OR B.1.617.2,Delta,249.857142857143,240.357142857143,0.961978273299028
2021-12-26,144,126,250.428571428571,233,0.930405019965773,0.895747796334213,0.958335766157101,AY.1 OR AY.2 OR AY.3 OR AY.3.1 OR AY.3.2 OR AY.3.3 OR AY.3.4 OR AY.4 OR AY.4.1 OR AY.4.2 OR AY.4.2.1 OR AY.4.2.2 OR AY.4.2.3 OR AY.4.2.4 OR AY.4.2.5 OR AY.4.3 OR AY.4.4 OR AY.4.5 OR AY.4.6 OR AY.4.7 OR AY.4.8 OR AY.4.9 OR AY.4.10 OR AY.4.11 OR AY.4.12 OR AY.4.13 OR AY.4.14 OR AY.4.15 OR AY.4.16 OR AY.4.17 OR AY.5 OR AY.5.1 OR AY.5.2 OR AY.5.3 OR AY.5.4 OR AY.5.5 OR AY.5.6 OR AY.5.7 OR AY.6 OR AY.7 OR AY.7.1 OR AY.7.2 OR AY.8 OR AY.9 OR AY.9.1 OR AY.9.2 OR AY.9.2.1 OR AY.9.2.2 OR AY.10 OR AY.11 OR AY.12 OR AY.13 OR AY.14 OR AY.15 OR AY.16 OR AY.16.1 OR AY.17 OR AY.18 OR AY.19 OR AY.20 OR AY.20.1 OR AY.21 OR AY.22 OR AY.23 OR AY.23.1 OR AY.23.2 OR AY.24 OR AY.24.1 OR AY.25 OR AY.25.1 OR AY.25.1.1 OR AY.25.1.2 OR AY.25.2 OR AY.25.3 OR AY.26 OR AY.26.1 OR AY.27 OR AY.28 OR AY.29 OR AY.29.1 OR AY.29.2 OR AY.30 OR AY.31 OR AY.32 OR AY.33 OR AY.33.1 OR AY.33.2 OR AY.34 OR AY.34.1 OR AY.34.1.1 OR AY.34.2 OR AY.35 OR AY.36 OR AY.36.1 OR AY.37 OR AY.38 OR AY.39 OR AY.39.1 OR AY.39.1.1 OR AY.39.1.2 OR AY.39.1.3 OR AY.39.1.4 OR AY.39.2 OR AY.39.3 OR AY.39.4 OR AY.40 OR AY.41 OR AY.42 OR AY.42.1 OR AY.43 OR AY.43.1 OR AY.43.2 OR AY.43.3 OR AY.43.4 OR AY.43.5 OR AY.43.6 OR AY.43.7 OR AY.43.8 OR AY.43.9 OR AY.44 OR AY.45 OR AY.46 OR AY.46.1 OR AY.46.2 OR AY.46.3 OR AY.46.4 OR AY.46.5 OR AY.46.6 OR AY.46.6.1 OR AY.47 OR AY.48 OR AY.49 OR AY.50 OR AY.51 OR AY.52 OR AY.53 OR AY.54 OR AY.55 OR AY.56 OR AY.57 OR AY.58 OR AY.59 OR AY.60 OR AY.61 OR AY.62 OR AY.63 OR AY.64 OR AY.65 OR AY.66 OR AY.67 OR AY.68 OR AY.69 OR AY.70 OR AY.71 OR AY.72 OR AY.73 OR AY.74 OR AY.75 OR AY.75.1 OR AY.75.2 OR AY.75.3 OR AY.76 OR AY.77 OR AY.78 OR AY.79 OR AY.80 OR AY.81 OR AY.82 OR AY.83 OR AY.84 OR AY.85 OR AY.86 OR AY.87 OR AY.88 OR AY.89 OR AY.90 OR AY.91 OR AY.91.1 OR AY.92 OR AY.93 OR AY.94 OR AY.95 OR AY.96 OR AY.97 OR AY.98 OR AY.98.1 OR AY.98.1.1 OR AY.99 OR AY.99.1 OR AY.99.2 OR AY.100 OR AY.101 OR AY.102 OR AY.102.1 OR AY.102.2 OR AY.103 OR AY.103.1 OR AY.103.2 OR AY.104 OR AY.105 OR AY.106 OR AY.107 OR AY.108 OR AY.109 OR AY.110 OR AY.111 OR AY.112 OR AY.112.1 OR AY.112.2 OR AY.112.3 OR AY.113 OR AY.114 OR AY.115 OR AY.116 OR AY.116.1 OR AY.117 OR AY.118 OR AY.119 OR AY.119.1 OR AY.119.2 OR AY.120 OR AY.120.1 OR AY.120.2 OR AY.120.2.1 OR AY.121 OR AY.121.1 OR AY.122 OR AY.122.1 OR AY.122.2 OR AY.122.3 OR AY.122.4 OR AY.122.5 OR AY.122.6 OR AY.123 OR AY.123.1 OR AY.124 OR AY.124.1 OR AY.124.1.1 OR AY.125 OR AY.125.1 OR AY.126 OR AY.127 OR AY.127.1 OR AY.127.2 OR AY.127.3 OR AY.128 OR AY.129 OR AY.130 OR AY.131 OR AY.132 OR AY.133 OR AY.134 OR B.1.617.2,Delta,247.357142857143,236.571428571429,0.956396188276061
2021-12-27,353,301,260.142857142857,236.571428571429,0.909390444810544,0.872455408738332,0.941529578061784,AY.1 OR AY.2 OR AY.3 OR AY.3.1 OR AY.3.2 OR AY.3.3 OR AY.3.4 OR AY.4 OR AY.4.1 OR AY.4.2 OR AY.4.2.1 OR AY.4.2.2 OR AY.4.2.3 OR AY.4.2.4 OR AY.4.2.5 OR AY.4.3 OR AY.4.4 OR AY.4.5 OR AY.4.6 OR AY.4.7 OR AY.4.8 OR AY.4.9 OR AY.4.10 OR AY.4.11 OR AY.4.12 OR AY.4.13 OR AY.4.14 OR AY.4.15 OR AY.4.16 OR AY.4.17 OR AY.5 OR AY.5.1 OR AY.5.2 OR AY.5.3 OR AY.5.4 OR AY.5.5 OR AY.5.6 OR AY.5.7 OR AY.6 OR AY.7 OR AY.7.1 OR AY.7.2 OR AY.8 OR AY.9 OR AY.9.1 OR AY.9.2 OR AY.9.2.1 OR AY.9.2.2 OR AY.10 OR AY.11 OR AY.12 OR AY.13 OR AY.14 OR AY.15 OR AY.16 OR AY.16.1 OR AY.17 OR AY.18 OR AY.19 OR AY.20 OR AY.20.1 OR AY.21 OR AY.22 OR AY.23 OR AY.23.1 OR AY.23.2 OR AY.24 OR AY.24.1 OR AY.25 OR AY.25.1 OR AY.25.1.1 OR AY.25.1.2 OR AY.25.2 OR AY.25.3 OR AY.26 OR AY.26.1 OR AY.27 OR AY.28 OR AY.29 OR AY.29.1 OR AY.29.2 OR AY.30 OR AY.31 OR AY.32 OR AY.33 OR AY.33.1 OR AY.33.2 OR AY.34 OR AY.34.1 OR AY.34.1.1 OR AY.34.2 OR AY.35 OR AY.36 OR AY.36.1 OR AY.37 OR AY.38 OR AY.39 OR AY.39.1 OR AY.39.1.1 OR AY.39.1.2 OR AY.39.1.3 OR AY.39.1.4 OR AY.39.2 OR AY.39.3 OR AY.39.4 OR AY.40 OR AY.41 OR AY.42 OR AY.42.1 OR AY.43 OR AY.43.1 OR AY.43.2 OR AY.43.3 OR AY.43.4 OR AY.43.5 OR AY.43.6 OR AY.43.7 OR AY.43.8 OR AY.43.9 OR AY.44 OR AY.45 OR AY.46 OR AY.46.1 OR AY.46.2 OR AY.46.3 OR AY.46.4 OR AY.46.5 OR AY.46.6 OR AY.46.6.1 OR AY.47 OR AY.48 OR AY.49 OR AY.50 OR AY.51 OR AY.52 OR AY.53 OR AY.54 OR AY.55 OR AY.56 OR AY.57 OR AY.58 OR AY.59 OR AY.60 OR AY.61 OR AY.62 OR AY.63 OR AY.64 OR AY.65 OR AY.66 OR AY.67 OR AY.68 OR AY.69 OR AY.70 OR AY.71 OR AY.72 OR AY.73 OR AY.74 OR AY.75 OR AY.75.1 OR AY.75.2 OR AY.75.3 OR AY.76 OR AY.77 OR AY.78 OR AY.79 OR AY.80 OR AY.81 OR AY.82 OR AY.83 OR AY.84 OR AY.85 OR AY.86 OR AY.87 OR AY.88 OR AY.89 OR AY.90 OR AY.91 OR AY.91.1 OR AY.92 OR AY.93 OR AY.94 OR AY.95 OR AY.96 OR AY.97 OR AY.98 OR AY.98.1 OR AY.98.1.1 OR AY.99 OR AY.99.1 OR AY.99.2 OR AY.100 OR AY.101 OR AY.102 OR AY.102.1 OR AY.102.2 OR AY.103 OR AY.103.1 OR AY.103.2 OR AY.104 OR AY.105 OR AY.106 OR AY.107 OR AY.108 OR AY.109 OR AY.110 OR AY.111 OR AY.112 OR AY.112.1 OR AY.112.2 OR AY.112.3 OR AY.113 OR AY.114 OR AY.115 OR AY.116 OR AY.116.1 OR AY.117 OR AY.118 OR AY.119 OR AY.119.1 OR AY.119.2 OR AY.120 OR AY.120.1 OR AY.120.2 OR AY.120.2.1 OR AY.121 OR AY.121.1 OR AY.122 OR AY.122.1 OR AY.122.2 OR AY.122.3 OR AY.122.4 OR AY.122.5 OR AY.122.6 OR AY.123 OR AY.123.1 OR AY.124 OR AY.124.1 OR AY.124.1.1 OR AY.125 OR AY.125.1 OR AY.126 OR AY.127 OR AY.127.1 OR AY.127.2 OR AY.127.3 OR AY.128 OR AY.129 OR AY.130 OR AY.131 OR AY.132 OR AY.133 OR AY.134 OR B.1.617.2,Delta,246.571428571429,232.214285714286,0.941772885283893
2021-12-28,423,336,293.285714285714,258.571428571429,0.881636629322942,0.843552829002266,0.91682826999068,AY.1 OR AY.2 OR AY.3 OR AY.3.1 OR AY.3.2 OR AY.3.3 OR AY.3.4 OR AY.4 OR AY.4.1 OR AY.4.2 OR AY.4.2.1 OR AY.4.2.2 OR AY.4.2.3 OR AY.4.2.4 OR AY.4.2.5 OR AY.4.3 OR AY.4.4 OR AY.4.5 OR AY.4.6 OR AY.4.7 OR AY.4.8 OR AY.4.9 OR AY.4.10 OR AY.4.11 OR AY.4.12 OR AY.4.13 OR AY.4.14 OR AY.4.15 OR AY.4.16 OR AY.4.17 OR AY.5 OR AY.5.1 OR AY.5.2 OR AY.5.3 OR AY.5.4 OR AY.5.5 OR AY.5.6 OR AY.5.7 OR AY.6 OR AY.7 OR AY.7.1 OR AY.7.2 OR AY.8 OR AY.9 OR AY.9.1 OR AY.9.2 OR AY.9.2.1 OR AY.9.2.2 OR AY.10 OR AY.11 OR AY.12 OR AY.13 OR AY.14 OR AY.15 OR AY.16 OR AY.16.1 OR AY.17 OR AY.18 OR AY.19 OR AY.20 OR AY.20.1 OR AY.21 OR AY.22 OR AY.23 OR AY.23.1 OR AY.23.2 OR AY.24 OR AY.24.1 OR AY.25 OR AY.25.1 OR AY.25.1.1 OR AY.25.1.2 OR AY.25.2 OR AY.25.3 OR AY.26 OR AY.26.1 OR AY.27 OR AY.28 OR AY.29 OR AY.29.1 OR AY.29.2 OR AY.30 OR AY.31 OR AY.32 OR AY.33 OR AY.33.1 OR AY.33.2 OR AY.34 OR AY.34.1 OR AY.34.1.1 OR AY.34.2 OR AY.35 OR AY.36 OR AY.36.1 OR AY.37 OR AY.38 OR AY.39 OR AY.39.1 OR AY.39.1.1 OR AY.39.1.2 OR AY.39.1.3 OR AY.39.1.4 OR AY.39.2 OR AY.39.3 OR AY.39.4 OR AY.40 OR AY.41 OR AY.42 OR AY.42.1 OR AY.43 OR AY.43.1 OR AY.43.2 OR AY.43.3 OR AY.43.4 OR AY.43.5 OR AY.43.6 OR AY.43.7 OR AY.43.8 OR AY.43.9 OR AY.44 OR AY.45 OR AY.46 OR AY.46.1 OR AY.46.2 OR AY.46.3 OR AY.46.4 OR AY.46.5 OR AY.46.6 OR AY.46.6.1 OR AY.47 OR AY.48 OR AY.49 OR AY.50 OR AY.51 OR AY.52 OR AY.53 OR AY.54 OR AY.55 OR AY.56 OR AY.57 OR AY.58 OR AY.59 OR AY.60 OR AY.61 OR AY.62 OR AY.63 OR AY.64 OR AY.65 OR AY.66 OR AY.67 OR AY.68 OR AY.69 OR AY.70 OR AY.71 OR AY.72 OR AY.73 OR AY.74 OR AY.75 OR AY.75.1 OR AY.75.2 OR AY.75.3 OR AY.76 OR AY.77 OR AY.78 OR AY.79 OR AY.80 OR AY.81 OR AY.82 OR AY.83 OR AY.84 OR AY.85 OR AY.86 OR AY.87 OR AY.88 OR AY.89 OR AY.90 OR AY.91 OR AY.91.1 OR AY.92 OR AY.93 OR AY.94 OR AY.95 OR AY.96 OR AY.97 OR AY.98 OR AY.98.1 OR AY.98.1.1 OR AY.99 OR AY.99.1 OR AY.99.2 OR AY.100 OR AY.101 OR AY.102 OR AY.102.1 OR AY.102.2 OR AY.103 OR AY.103.1 OR AY.103.2 OR AY.104 OR AY.105 OR AY.106 OR AY.107 OR AY.108 OR AY.109 OR AY.110 OR AY.111 OR AY.112 OR AY.112.1 OR AY.112.2 OR AY.112.3 OR AY.113 OR AY.114 OR AY.115 OR AY.116 OR AY.116.1 OR AY.117 OR AY.118 OR AY.119 OR AY.119.1 OR AY.119.2 OR AY.120 OR AY.120.1 OR AY.120.2 OR AY.120.2.1 OR AY.121 OR AY.121.1 OR AY.122 OR AY.122.1 OR AY.122.2 OR AY.122.3 OR AY.122.4 OR AY.122.5 OR AY.122.6 OR AY.123 OR AY.123.1 OR AY.124 OR AY.124.1 OR AY.124.1.1 OR AY.125 OR AY.125.1 OR AY.126 OR AY.127 OR AY.127.1 OR AY.127.2 OR AY.127.3 OR AY.128 OR AY.129 OR AY.130 OR AY.131 OR AY.132 OR AY.133 OR AY.134 OR B.1.617.2,Delta,259.285714285714,239.142857142857,0.922314049586777
2021-12-29,624,527,344.428571428571,298.714285714286,0.867274989630859,0.830507937895925,0.901684876027165,AY.1 OR AY.2 OR AY.3 OR AY.3.1 OR AY.3.2 OR AY.3.3 OR AY.3.4 OR AY.4 OR AY.4.1 OR AY.4.2 OR AY.4.2.1 OR AY.4.2.2 OR AY.4.2.3 OR AY.4.2.4 OR AY.4.2.5 OR AY.4.3 OR AY.4.4 OR AY.4.5 OR AY.4.6 OR AY.4.7 OR AY.4.8 OR AY.4.9 OR AY.4.10 OR AY.4.11 OR AY.4.12 OR AY.4.13 OR AY.4.14 OR AY.4.15 OR AY.4.16 OR AY.4.17 OR AY.5 OR AY.5.1 OR AY.5.2 OR AY.5.3 OR AY.5.4 OR AY.5.5 OR AY.5.6 OR AY.5.7 OR AY.6 OR AY.7 OR AY.7.1 OR AY.7.2 OR AY.8 OR AY.9 OR AY.9.1 OR AY.9.2 OR AY.9.2.1 OR AY.9.2.2 OR AY.10 OR AY.11 OR AY.12 OR AY.13 OR AY.14 OR AY.15 OR AY.16 OR AY.16.1 OR AY.17 OR AY.18 OR AY.19 OR AY.20 OR AY.20.1 OR AY.21 OR AY.22 OR AY.23 OR AY.23.1 OR AY.23.2 OR AY.24 OR AY.24.1 OR AY.25 OR AY.25.1 OR AY.25.1.1 OR AY.25.1.2 OR AY.25.2 OR AY.25.3 OR AY.26 OR AY.26.1 OR AY.27 OR AY.28 OR AY.29 OR AY.29.1 OR AY.29.2 OR AY.30 OR AY.31 OR AY.32 OR AY.33 OR AY.33.1 OR AY.33.2 OR AY.34 OR AY.34.1 OR AY.34.1.1 OR AY.34.2 OR AY.35 OR AY.36 OR AY.36.1 OR AY.37 OR AY.38 OR AY.39 OR AY.39.1 OR AY.39.1.1 OR AY.39.1.2 OR AY.39.1.3 OR AY.39.1.4 OR AY.39.2 OR AY.39.3 OR AY.39.4 OR AY.40 OR AY.41 OR AY.42 OR AY.42.1 OR AY.43 OR AY.43.1 OR AY.43.2 OR AY.43.3 OR AY.43.4 OR AY.43.5 OR AY.43.6 OR AY.43.7 OR AY.43.8 OR AY.43.9 OR AY.44 OR AY.45 OR AY.46 OR AY.46.1 OR AY.46.2 OR AY.46.3 OR AY.46.4 OR AY.46.5 OR AY.46.6 OR AY.46.6.1 OR AY.47 OR AY.48 OR AY.49 OR AY.50 OR AY.51 OR AY.52 OR AY.53 OR AY.54 OR AY.55 OR AY.56 OR AY.57 OR AY.58 OR AY.59 OR AY.60 OR AY.61 OR AY.62 OR AY.63 OR AY.64 OR AY.65 OR AY.66 OR AY.67 OR AY.68 OR AY.69 OR AY.70 OR AY.71 OR AY.72 OR AY.73 OR AY.74 OR AY.75 OR AY.75.1 OR AY.75.2 OR AY.75.3 OR AY.76 OR AY.77 OR AY.78 OR AY.79 OR AY.80 OR AY.81 OR AY.82 OR AY.83 OR AY.84 OR AY.85 OR AY.86 OR AY.87 OR AY.88 OR AY.89 OR AY.90 OR AY.91 OR AY.91.1 OR AY.92 OR AY.93 OR AY.94 OR AY.95 OR AY.96 OR AY.97 OR AY.98 OR AY.98.1 OR AY.98.1.1 OR AY.99 OR AY.99.1 OR AY.99.2 OR AY.100 OR AY.101 OR AY.102 OR AY.102.1 OR AY.102.2 OR AY.103 OR AY.103.1 OR AY.103.2 OR AY.104 OR AY.105 OR AY.106 OR AY.107 OR AY.108 OR AY.109 OR AY.110 OR AY.111 OR AY.112 OR AY.112.1 OR AY.112.2 OR AY.112.3 OR AY.113 OR AY.114 OR AY.115 OR AY.116 OR AY.116.1 OR AY.117 OR AY.118 OR AY.119 OR AY.119.1 OR AY.119.2 OR AY.120 OR AY.120.1 OR AY.120.2 OR AY.120.2.1 OR AY.121 OR AY.121.1 OR AY.122 OR AY.122.1 OR AY.122.2 OR AY.122.3 OR AY.122.4 OR AY.122.5 OR AY.122.6 OR AY.123 OR AY.123.1 OR AY.124 OR AY.124.1 OR AY.124.1.1 OR AY.125 OR AY.125.1 OR AY.126 OR AY.127 OR AY.127.1 OR AY.127.2 OR AY.127.3 OR AY.128 OR AY.129 OR AY.130 OR AY.131 OR AY.132 OR AY.133 OR AY.134 OR B.1.617.2,Delta,283.928571428571,256.928571428571,0.904905660377359
2021-12-30,254,196,345.714285714286,295.428571428571,0.854545454545455,0.812374608996952,0.886959280729414,AY.1 OR AY.2 OR AY.3 OR AY.3.1 OR AY.3.2 OR AY.3.3 OR AY.3.4 OR AY.4 OR AY.4.1 OR AY.4.2 OR AY.4.2.1 OR AY.4.2.2 OR AY.4.2.3 OR AY.4.2.4 OR AY.4.2.5 OR AY.4.3 OR AY.4.4 OR AY.4.5 OR AY.4.6 OR AY.4.7 OR AY.4.8 OR AY.4.9 OR AY.4.10 OR AY.4.11 OR AY.4.12 OR AY.4.13 OR AY.4.14 OR AY.4.15 OR AY.4.16 OR AY.4.17 OR AY.5 OR AY.5.1 OR AY.5.2 OR AY.5.3 OR AY.5.4 OR AY.5.5 OR AY.5.6 OR AY.5.7 OR AY.6 OR AY.7 OR AY.7.1 OR AY.7.2 OR AY.8 OR AY.9 OR AY.9.1 OR AY.9.2 OR AY.9.2.1 OR AY.9.2.2 OR AY.10 OR AY.11 OR AY.12 OR AY.13 OR AY.14 OR AY.15 OR AY.16 OR AY.16.1 OR AY.17 OR AY.18 OR AY.19 OR AY.20 OR AY.20.1 OR AY.21 OR AY.22 OR AY.23 OR AY.23.1 OR AY.23.2 OR AY.24 OR AY.24.1 OR AY.25 OR AY.25.1 OR AY.25.1.1 OR AY.25.1.2 OR AY.25.2 OR AY.25.3 OR AY.26 OR AY.26.1 OR AY.27 OR AY.28 OR AY.29 OR AY.29.1 OR AY.29.2 OR AY.30 OR AY.31 OR AY.32 OR AY.33 OR AY.33.1 OR AY.33.2 OR AY.34 OR AY.34.1 OR AY.34.1.1 OR AY.34.2 OR AY.35 OR AY.36 OR AY.36.1 OR AY.37 OR AY.38 OR AY.39 OR AY.39.1 OR AY.39.1.1 OR AY.39.1.2 OR AY.39.1.3 OR AY.39.1.4 OR AY.39.2 OR AY.39.3 OR AY.39.4 OR AY.40 OR AY.41 OR AY.42 OR AY.42.1 OR AY.43 OR AY.43.1 OR AY.43.2 OR AY.43.3 OR AY.43.4 OR AY.43.5 OR AY.43.6 OR AY.43.7 OR AY.43.8 OR AY.43.9 OR AY.44 OR AY.45 OR AY.46 OR AY.46.1 OR AY.46.2 OR AY.46.3 OR AY.46.4 OR AY.46.5 OR AY.46.6 OR AY.46.6.1 OR AY.47 OR AY.48 OR AY.49 OR AY.50 OR AY.51 OR AY.52 OR AY.53 OR AY.54 OR AY.55 OR AY.56 OR AY.57 OR AY.58 OR AY.59 OR AY.60 OR AY.61 OR AY.62 OR AY.63 OR AY.64 OR AY.65 OR AY.66 OR AY.67 OR AY.68 OR AY.69 OR AY.70 OR AY.71 OR AY.72 OR AY.73 OR AY.74 OR AY.75 OR AY.75.1 OR AY.75.2 OR AY.75.3 OR AY.76 OR AY.77 OR AY.78 OR AY.79 OR AY.80 OR AY.81 OR AY.82 OR AY.83 OR AY.84 OR AY.85 OR AY.86 OR AY.87 OR AY.88 OR AY.89 OR AY.90 OR AY.91 OR AY.91.1 OR AY.92 OR AY.93 OR AY.94 OR AY.95 OR AY.96 OR AY.97 OR AY.98 OR AY.98.1 OR AY.98.1.1 OR AY.99 OR AY.99.1 OR AY.99.2 OR AY.100 OR AY.101 OR AY.102 OR AY.102.1 OR AY.102.2 OR AY.103 OR AY.103.1 OR AY.103.2 OR AY.104 OR AY.105 OR AY.106 OR AY.107 OR AY.108 OR AY.109 OR AY.110 OR AY.111 OR AY.112 OR AY.112.1 OR AY.112.2 OR AY.112.3 OR AY.113 OR AY.114 OR AY.115 OR AY.116 OR AY.116.1 OR AY.117 OR AY.118 OR AY.119 OR AY.119.1 OR AY.119.2 OR AY.120 OR AY.120.1 OR AY.120.2 OR AY.120.2.1 OR AY.121 OR AY.121.1 OR AY.122 OR AY.122.1 OR AY.122.2 OR AY.122.3 OR AY.122.4 OR AY.122.5 OR AY.122.6 OR AY.123 OR AY.123.1 OR AY.124 OR AY.124.1 OR AY.124.1.1 OR AY.125 OR AY.125.1 OR AY.126 OR AY.127 OR AY.127.1 OR AY.127.2 OR AY.127.3 OR AY.128 OR AY.129 OR AY.130 OR AY.131 OR AY.132 OR AY.133 OR AY.134 OR B.1.617.2,Delta,291.857142857143,260.928571428571,0.894028389623103
2021-12-31,415,332,350.428571428571,290.714285714286,0.829596412556054,0.789558923477772,0.867844291957067,AY.1 OR AY.2 OR AY.3 OR AY.3.1 OR AY.3.2 OR AY.3.3 OR AY.3.4 OR AY.4 OR AY.4.1 OR AY.4.2 OR AY.4.2.1 OR AY.4.2.2 OR AY.4.2.3 OR AY.4.2.4 OR AY.4.2.5 OR AY.4.3 OR AY.4.4 OR AY.4.5 OR AY.4.6 OR AY.4.7 OR AY.4.8 OR AY.4.9 OR AY.4.10 OR AY.4.11 OR AY.4.12 OR AY.4.13 OR AY.4.14 OR AY.4.15 OR AY.4.16 OR AY.4.17 OR AY.5 OR AY.5.1 OR AY.5.2 OR AY.5.3 OR AY.5.4 OR AY.5.5 OR AY.5.6 OR AY.5.7 OR AY.6 OR AY.7 OR AY.7.1 OR AY.7.2 OR AY.8 OR AY.9 OR AY.9.1 OR AY.9.2 OR AY.9.2.1 OR AY.9.2.2 OR AY.10 OR AY.11 OR AY.12 OR AY.13 OR AY.14 OR AY.15 OR AY.16 OR AY.16.1 OR AY.17 OR AY.18 OR AY.19 OR AY.20 OR AY.20.1 OR AY.21 OR AY.22 OR AY.23 OR AY.23.1 OR AY.23.2 OR AY.24 OR AY.24.1 OR AY.25 OR AY.25.1 OR AY.25.1.1 OR AY.25.1.2 OR AY.25.2 OR AY.25.3 OR AY.26 OR AY.26.1 OR AY.27 OR AY.28 OR AY.29 OR AY.29.1 OR AY.29.2 OR AY.30 OR AY.31 OR AY.32 OR AY.33 OR AY.33.1 OR AY.33.2 OR AY.34 OR AY.34.1 OR AY.34.1.1 OR AY.34.2 OR AY.35 OR AY.36 OR AY.36.1 OR AY.37 OR AY.38 OR AY.39 OR AY.39.1 OR AY.39.1.1 OR AY.39.1.2 OR AY.39.1.3 OR AY.39.1.4 OR AY.39.2 OR AY.39.3 OR AY.39.4 OR AY.40 OR AY.41 OR AY.42 OR AY.42.1 OR AY.43 OR AY.43.1 OR AY.43.2 OR AY.43.3 OR AY.43.4 OR AY.43.5 OR AY.43.6 OR AY.43.7 OR AY.43.8 OR AY.43.9 OR AY.44 OR AY.45 OR AY.46 OR AY.46.1 OR AY.46.2 OR AY.46.3 OR AY.46.4 OR AY.46.5 OR AY.46.6 OR AY.46.6.1 OR AY.47 OR AY.48 OR AY.49 OR AY.50 OR AY.51 OR AY.52 OR AY.53 OR AY.54 OR AY.55 OR AY.56 OR AY.57 OR AY.58 OR AY.59 OR AY.60 OR AY.61 OR AY.62 OR AY.63 OR AY.64 OR AY.65 OR AY.66 OR AY.67 OR AY.68 OR AY.69 OR AY.70 OR AY.71 OR AY.72 OR AY.73 OR AY.74 OR AY.75 OR AY.75.1 OR AY.75.2 OR AY.75.3 OR AY.76 OR AY.77 OR AY.78 OR AY.79 OR AY.80 OR AY.81 OR AY.82 OR AY.83 OR AY.84 OR AY.85 OR AY.86 OR AY.87 OR AY.88 OR AY.89 OR AY.90 OR AY.91 OR AY.91.1 OR AY.92 OR AY.93 OR AY.94 OR AY.95 OR AY.96 OR AY.97 OR AY.98 OR AY.98.1 OR AY.98.1.1 OR AY.99 OR AY.99.1 OR AY.99.2 OR AY.100 OR AY.101 OR AY.102 OR AY.102.1 OR AY.102.2 OR AY.103 OR AY.103.1 OR AY.103.2 OR AY.104 OR AY.105 OR AY.106 OR AY.107 OR AY.108 OR AY.109 OR AY.110 OR AY.111 OR AY.112 OR AY.112.1 OR AY.112.2 OR AY.112.3 OR AY.113 OR AY.114 OR AY.115 OR AY.116 OR AY.116.1 OR AY.117 OR AY.118 OR AY.119 OR AY.119.1 OR AY.119.2 OR AY.120 OR AY.120.1 OR AY.120.2 OR AY.120.2.1 OR AY.121 OR AY.121.1 OR AY.122 OR AY.122.1 OR AY.122.2 OR AY.122.3 OR AY.122.4 OR AY.122.5 OR AY.122.6 OR AY.123 OR AY.123.1 OR AY.124 OR AY.124.1 OR AY.124.1.1 OR AY.125 OR AY.125.1 OR AY.126 OR AY.127 OR AY.127.1 OR AY.127.2 OR AY.127.3 OR AY.128 OR AY.129 OR AY.130 OR AY.131 OR AY.132 OR AY.133 OR AY.134 OR B.1.617.2,Delta,300.357142857143,263.642857142857,0.877764565992866
2022-01-01,140,94,336.142857142857,273.142857142857,0.812579685507862,0.768186178070417,0.851457806873166,AY.1 OR AY.2 OR AY.3 OR AY.3.1 OR AY.3.2 OR AY.3.3 OR AY.3.4 OR AY.4 OR AY.4.1 OR AY.4.2 OR AY.4.2.1 OR AY.4.2.2 OR AY.4.2.3 OR AY.4.2.4 OR AY.4.2.5 OR AY.4.3 OR AY.4.4 OR AY.4.5 OR AY.4.6 OR AY.4.7 OR AY.4.8 OR AY.4.9 OR AY.4.10 OR AY.4.11 OR AY.4.12 OR AY.4.13 OR AY.4.14 OR AY.4.15 OR AY.4.16 OR AY.4.17 OR AY.5 OR AY.5.1 OR AY.5.2 OR AY.5.3 OR AY.5.4 OR AY.5.5 OR AY.5.6 OR AY.5.7 OR AY.6 OR AY.7 OR AY.7.1 OR AY.7.2 OR AY.8 OR AY.9 OR AY.9.1 OR AY.9.2 OR AY.9.2.1 OR AY.9.2.2 OR AY.10 OR AY.11 OR AY.12 OR AY.13 OR AY.14 OR AY.15 OR AY.16 OR AY.16.1 OR AY.17 OR AY.18 OR AY.19 OR AY.20 OR AY.20.1 OR AY.21 OR AY.22 OR AY.23 OR AY.23.1 OR AY.23.2 OR AY.24 OR AY.24.1 OR AY.25 OR AY.25.1 OR AY.25.1.1 OR AY.25.1.2 OR AY.25.2 OR AY.25.3 OR AY.26 OR AY.26.1 OR AY.27 OR AY.28 OR AY.29 OR AY.29.1 OR AY.29.2 OR AY.30 OR AY.31 OR AY.32 OR AY.33 OR AY.33.1 OR AY.33.2 OR AY.34 OR AY.34.1 OR AY.34.1.1 OR AY.34.2 OR AY.35 OR AY.36 OR AY.36.1 OR AY.37 OR AY.38 OR AY.39 OR AY.39.1 OR AY.39.1.1 OR AY.39.1.2 OR AY.39.1.3 OR AY.39.1.4 OR AY.39.2 OR AY.39.3 OR AY.39.4 OR AY.40 OR AY.41 OR AY.42 OR AY.42.1 OR AY.43 OR AY.43.1 OR AY.43.2 OR AY.43.3 OR AY.43.4 OR AY.43.5 OR AY.43.6 OR AY.43.7 OR AY.43.8 OR AY.43.9 OR AY.44 OR AY.45 OR AY.46 OR AY.46.1 OR AY.46.2 OR AY.46.3 OR AY.46.4 OR AY.46.5 OR AY.46.6 OR AY.46.6.1 OR AY.47 OR AY.48 OR AY.49 OR AY.50 OR AY.51 OR AY.52 OR AY.53 OR AY.54 OR AY.55 OR AY.56 OR AY.57 OR AY.58 OR AY.59 OR AY.60 OR AY.61 OR AY.62 OR AY.63 OR AY.64 OR AY.65 OR AY.66 OR AY.67 OR AY.68 OR AY.69 OR AY.70 OR AY.71 OR AY.72 OR AY.73 OR AY.74 OR AY.75 OR AY.75.1 OR AY.75.2 OR AY.75.3 OR AY.76 OR AY.77 OR AY.78 OR AY.79 OR AY.80 OR AY.81 OR AY.82 OR AY.83 OR AY.84 OR AY.85 OR AY.86 OR AY.87 OR AY.88 OR AY.89 OR AY.90 OR AY.91 OR AY.91.1 OR AY.92 OR AY.93 OR AY.94 OR AY.95 OR AY.96 OR AY.97 OR AY.98 OR AY.98.1 OR AY.98.1.1 OR AY.99 OR AY.99.1 OR AY.99.2 OR AY.100 OR AY.101 OR AY.102 OR AY.102.1 OR AY.102.2 OR AY.103 OR AY.103.1 OR AY.103.2 OR AY.104 OR AY.105 OR AY.106 OR AY.107 OR AY.108 OR AY.109 OR AY.110 OR AY.111 OR AY.112 OR AY.112.1 OR AY.112.2 OR AY.112.3 OR AY.113 OR AY.114 OR AY.115 OR AY.116 OR AY.116.1 OR AY.117 OR AY.118 OR AY.119 OR AY.119.1 OR AY.119.2 OR AY.120 OR AY.120.1 OR AY.120.2 OR AY.120.2.1 OR AY.121 OR AY.121.1 OR AY.122 OR AY.122.1 OR AY.122.2 OR AY.122.3 OR AY.122.4 OR AY.122.5 OR AY.122.6 OR AY.123 OR AY.123.1 OR AY.124 OR AY.124.1 OR AY.124.1.1 OR AY.125 OR AY.125.1 OR AY.126 OR AY.127 OR AY.127.1 OR AY.127.2 OR AY.127.3 OR AY.128 OR AY.129 OR AY.130 OR AY.131 OR AY.132 OR AY.133 OR AY.134 OR B.1.617.2,Delta,292.214285714286,252.785714285714,0.865069665118553
2022-01-02,265,175,353.428571428571,280.142857142857,0.79264349232013,0.748662560279304,0.83295498082053,AY.1 OR AY.2 OR AY.3 OR AY.3.1 OR AY.3.2 OR AY.3.3 OR AY.3.4 OR AY.4 OR AY.4.1 OR AY.4.2 OR AY.4.2.1 OR AY.4.2.2 OR AY.4.2.3 OR AY.4.2.4 OR AY.4.2.5 OR AY.4.3 OR AY.4.4 OR AY.4.5 OR AY.4.6 OR AY.4.7 OR AY.4.8 OR AY.4.9 OR AY.4.10 OR AY.4.11 OR AY.4.12 OR AY.4.13 OR AY.4.14 OR AY.4.15 OR AY.4.16 OR AY.4.17 OR AY.5 OR AY.5.1 OR AY.5.2 OR AY.5.3 OR AY.5.4 OR AY.5.5 OR AY.5.6 OR AY.5.7 OR AY.6 OR AY.7 OR AY.7.1 OR AY.7.2 OR AY.8 OR AY.9 OR AY.9.1 OR AY.9.2 OR AY.9.2.1 OR AY.9.2.2 OR AY.10 OR AY.11 OR AY.12 OR AY.13 OR AY.14 OR AY.15 OR AY.16 OR AY.16.1 OR AY.17 OR AY.18 OR AY.19 OR AY.20 OR AY.20.1 OR AY.21 OR AY.22 OR AY.23 OR AY.23.1 OR AY.23.2 OR AY.24 OR AY.24.1 OR AY.25 OR AY.25.1 OR AY.25.1.1 OR AY.25.1.2 OR AY.25.2 OR AY.25.3 OR AY.26 OR AY.26.1 OR AY.27 OR AY.28 OR AY.29 OR AY.29.1 OR AY.29.2 OR AY.30 OR AY.31 OR AY.32 OR AY.33 OR AY.33.1 OR AY.33.2 OR AY.34 OR AY.34.1 OR AY.34.1.1 OR AY.34.2 OR AY.35 OR AY.36 OR AY.36.1 OR AY.37 OR AY.38 OR AY.39 OR AY.39.1 OR AY.39.1.1 OR AY.39.1.2 OR AY.39.1.3 OR AY.39.1.4 OR AY.39.2 OR AY.39.3 OR AY.39.4 OR AY.40 OR AY.41 OR AY.42 OR AY.42.1 OR AY.43 OR AY.43.1 OR AY.43.2 OR AY.43.3 OR AY.43.4 OR AY.43.5 OR AY.43.6 OR AY.43.7 OR AY.43.8 OR AY.43.9 OR AY.44 OR AY.45 OR AY.46 OR AY.46.1 OR AY.46.2 OR AY.46.3 OR AY.46.4 OR AY.46.5 OR AY.46.6 OR AY.46.6.1 OR AY.47 OR AY.48 OR AY.49 OR AY.50 OR AY.51 OR AY.52 OR AY.53 OR AY.54 OR AY.55 OR AY.56 OR AY.57 OR AY.58 OR AY.59 OR AY.60 OR AY.61 OR AY.62 OR AY.63 OR AY.64 OR AY.65 OR AY.66 OR AY.67 OR AY.68 OR AY.69 OR AY.70 OR AY.71 OR AY.72 OR AY.73 OR AY.74 OR AY.75 OR AY.75.1 OR AY.75.2 OR AY.75.3 OR AY.76 OR AY.77 OR AY.78 OR AY.79 OR AY.80 OR AY.81 OR AY.82 OR AY.83 OR AY.84 OR AY.85 OR AY.86 OR AY.87 OR AY.88 OR AY.89 OR AY.90 OR AY.91 OR AY.91.1 OR AY.92 OR AY.93 OR AY.94 OR AY.95 OR AY.96 OR AY.97 OR AY.98 OR AY.98.1 OR AY.98.1.1 OR AY.99 OR AY.99.1 OR AY.99.2 OR AY.100 OR AY.101 OR AY.102 OR AY.102.1 OR AY.102.2 OR AY.103 OR AY.103.1 OR AY.103.2 OR AY.104 OR AY.105 OR AY.106 OR AY.107 OR AY.108 OR AY.109 OR AY.110 OR AY.111 OR AY.112 OR AY.112.1 OR AY.112.2 OR AY.112.3 OR AY.113 OR AY.114 OR AY.115 OR AY.116 OR AY.116.1 OR AY.117 OR AY.118 OR AY.119 OR AY.119.1 OR AY.119.2 OR AY.120 OR AY.120.1 OR AY.120.2 OR AY.120.2.1 OR AY.121 OR AY.121.1 OR AY.122 OR AY.122.1 OR AY.122.2 OR AY.122.3 OR AY.122.4 OR AY.122.5 OR AY.122.6 OR AY.123 OR AY.123.1 OR AY.124 OR AY.124.1 OR AY.124.1.1 OR AY.125 OR AY.125.1 OR AY.126 OR AY.127 OR AY.127.1 OR AY.127.2 OR AY.127.3 OR AY.128 OR AY.129 OR AY.130 OR AY.131 OR AY.132 OR AY.133 OR AY.134 OR B.1.617.2,Delta,301.928571428571,256.571428571429,0.849775254317483
2022-01-03,624,445,392.142857142857,300.714285714286,0.766848816029144,0.724193951700502,0.807581948706621,AY.1 OR AY.2 OR AY.3 OR AY.3.1 OR AY.3.2 OR AY.3.3 OR AY.3.4 OR AY.4 OR AY.4.1 OR AY.4.2 OR AY.4.2.1 OR AY.4.2.2 OR AY.4.2.3 OR AY.4.2.4 OR AY.4.2.5 OR AY.4.3 OR AY.4.4 OR AY.4.5 OR AY.4.6 OR AY.4.7 OR AY.4.8 OR AY.4.9 OR AY.4.10 OR AY.4.11 OR AY.4.12 OR AY.4.13 OR AY.4.14 OR AY.4.15 OR AY.4.16 OR AY.4.17 OR AY.5 OR AY.5.1 OR AY.5.2 OR AY.5.3 OR AY.5.4 OR AY.5.5 OR AY.5.6 OR AY.5.7 OR AY.6 OR AY.7 OR AY.7.1 OR AY.7.2 OR AY.8 OR AY.9 OR AY.9.1 OR AY.9.2 OR AY.9.2.1 OR AY.9.2.2 OR AY.10 OR AY.11 OR AY.12 OR AY.13 OR AY.14 OR AY.15 OR AY.16 OR AY.16.1 OR AY.17 OR AY.18 OR AY.19 OR AY.20 OR AY.20.1 OR AY.21 OR AY.22 OR AY.23 OR AY.23.1 OR AY.23.2 OR AY.24 OR AY.24.1 OR AY.25 OR AY.25.1 OR AY.25.1.1 OR AY.25.1.2 OR AY.25.2 OR AY.25.3 OR AY.26 OR AY.26.1 OR AY.27 OR AY.28 OR AY.29 OR AY.29.1 OR AY.29.2 OR AY.30 OR AY.31 OR AY.32 OR AY.33 OR AY.33.1 OR AY.33.2 OR AY.34 OR AY.34.1 OR AY.34.1.1 OR AY.34.2 OR AY.35 OR AY.36 OR AY.36.1 OR AY.37 OR AY.38 OR AY.39 OR AY.39.1 OR AY.39.1.1 OR AY.39.1.2 OR AY.39.1.3 OR AY.39.1.4 OR AY.39.2 OR AY.39.3 OR AY.39.4 OR AY.40 OR AY.41 OR AY.42 OR AY.42.1 OR AY.43 OR AY.43.1 OR AY.43.2 OR AY.43.3 OR AY.43.4 OR AY.43.5 OR AY.43.6 OR AY.43.7 OR AY.43.8 OR AY.43.9 OR AY.44 OR AY.45 OR AY.46 OR AY.46.1 OR AY.46.2 OR AY.46.3 OR AY.46.4 OR AY.46.5 OR AY.46.6 OR AY.46.6.1 OR AY.47 OR AY.48 OR AY.49 OR AY.50 OR AY.51 OR AY.52 OR AY.53 OR AY.54 OR AY.55 OR AY.56 OR AY.57 OR AY.58 OR AY.59 OR AY.60 OR AY.61 OR AY.62 OR AY.63 OR AY.64 OR AY.65 OR AY.66 OR AY.67 OR AY.68 OR AY.69 OR AY.70 OR AY.71 OR AY.72 OR AY.73 OR AY.74 OR AY.75 OR AY.75.1 OR AY.75.2 OR AY.75.3 OR AY.76 OR AY.77 OR AY.78 OR AY.79 OR AY.80 OR AY.81 OR AY.82 OR AY.83 OR AY.84 OR AY.85 OR AY.86 OR AY.87 OR AY.88 OR AY.89 OR AY.90 OR AY.91 OR AY.91.1 OR AY.92 OR AY.93 OR AY.94 OR AY.95 OR AY.96 OR AY.97 OR AY.98 OR AY.98.1 OR AY.98.1.1 OR AY.99 OR AY.99.1 OR AY.99.2 OR AY.100 OR AY.101 OR AY.102 OR AY.102.1 OR AY.102.2 OR AY.103 OR AY.103.1 OR AY.103.2 OR AY.104 OR AY.105 OR AY.106 OR AY.107 OR AY.108 OR AY.109 OR AY.110 OR AY.111 OR AY.112 OR AY.112.1 OR AY.112.2 OR AY.112.3 OR AY.113 OR AY.114 OR AY.115 OR AY.116 OR AY.116.1 OR AY.117 OR AY.118 OR AY.119 OR AY.119.1 OR AY.119.2 OR AY.120 OR AY.120.1 OR AY.120.2 OR AY.120.2.1 OR AY.121 OR AY.121.1 OR AY.122 OR AY.122.1 OR AY.122.2 OR AY.122.3 OR AY.122.4 OR AY.122.5 OR AY.122.6 OR AY.123 OR AY.123.1 OR AY.124 OR AY.124.1 OR AY.124.1.1 OR AY.125 OR AY.125.1 OR AY.126 OR AY.127 OR AY.127.1 OR AY.127.2 OR AY.127.3 OR AY.128 OR AY.129 OR AY.130 OR AY.131 OR AY.132 OR AY.133 OR AY.134 OR B.1.617.2,Delta,326.142857142857,268.642857142857,0.823696890056943
2022-01-04,872,477,456.285714285714,320.857142857143,0.703193487789605,0.660856015247888,0.74445911503542,AY.1 OR AY.2 OR AY.3 OR AY.3.1 OR AY.3.2 OR AY.3.3 OR AY.3.4 OR AY.4 OR AY.4.1 OR AY.4.2 OR AY.4.2.1 OR AY.4.2.2 OR AY.4.2.3 OR AY.4.2.4 OR AY.4.2.5 OR AY.4.3 OR AY.4.4 OR AY.4.5 OR AY.4.6 OR AY.4.7 OR AY.4.8 OR AY.4.9 OR AY.4.10 OR AY.4.11 OR AY.4.12 OR AY.4.13 OR AY.4.14 OR AY.4.15 OR AY.4.16 OR AY.4.17 OR AY.5 OR AY.5.1 OR AY.5.2 OR AY.5.3 OR AY.5.4 OR AY.5.5 OR AY.5.6 OR AY.5.7 OR AY.6 OR AY.7 OR AY.7.1 OR AY.7.2 OR AY.8 OR AY.9 OR AY.9.1 OR AY.9.2 OR AY.9.2.1 OR AY.9.2.2 OR AY.10 OR AY.11 OR AY.12 OR AY.13 OR AY.14 OR AY.15 OR AY.16 OR AY.16.1 OR AY.17 OR AY.18 OR AY.19 OR AY.20 OR AY.20.1 OR AY.21 OR AY.22 OR AY.23 OR AY.23.1 OR AY.23.2 OR AY.24 OR AY.24.1 OR AY.25 OR AY.25.1 OR AY.25.1.1 OR AY.25.1.2 OR AY.25.2 OR AY.25.3 OR AY.26 OR AY.26.1 OR AY.27 OR AY.28 OR AY.29 OR AY.29.1 OR AY.29.2 OR AY.30 OR AY.31 OR AY.32 OR AY.33 OR AY.33.1 OR AY.33.2 OR AY.34 OR AY.34.1 OR AY.34.1.1 OR AY.34.2 OR AY.35 OR AY.36 OR AY.36.1 OR AY.37 OR AY.38 OR AY.39 OR AY.39.1 OR AY.39.1.1 OR AY.39.1.2 OR AY.39.1.3 OR AY.39.1.4 OR AY.39.2 OR AY.39.3 OR AY.39.4 OR AY.40 OR AY.41 OR AY.42 OR AY.42.1 OR AY.43 OR AY.43.1 OR AY.43.2 OR AY.43.3 OR AY.43.4 OR AY.43.5 OR AY.43.6 OR AY.43.7 OR AY.43.8 OR AY.43.9 OR AY.44 OR AY.45 OR AY.46 OR AY.46.1 OR AY.46.2 OR AY.46.3 OR AY.46.4 OR AY.46.5 OR AY.46.6 OR AY.46.6.1 OR AY.47 OR AY.48 OR AY.49 OR AY.50 OR AY.51 OR AY.52 OR AY.53 OR AY.54 OR AY.55 OR AY.56 OR AY.57 OR AY.58 OR AY.59 OR AY.60 OR AY.61 OR AY.62 OR AY.63 OR AY.64 OR AY.65 OR AY.66 OR AY.67 OR AY.68 OR AY.69 OR AY.70 OR AY.71 OR AY.72 OR AY.73 OR AY.74 OR AY.75 OR AY.75.1 OR AY.75.2 OR AY.75.3 OR AY.76 OR AY.77 OR AY.78 OR AY.79 OR AY.80 OR AY.81 OR AY.82 OR AY.83 OR AY.84 OR AY.85 OR AY.86 OR AY.87 OR AY.88 OR AY.89 OR AY.90 OR AY.91 OR AY.91.1 OR AY.92 OR AY.93 OR AY.94 OR AY.95 OR AY.96 OR AY.97 OR AY.98 OR AY.98.1 OR AY.98.1.1 OR AY.99 OR AY.99.1 OR AY.99.2 OR AY.100 OR AY.101 OR AY.102 OR AY.102.1 OR AY.102.2 OR AY.103 OR AY.103.1 OR AY.103.2 OR AY.104 OR AY.105 OR AY.106 OR AY.107 OR AY.108 OR AY.109 OR AY.110 OR AY.111 OR AY.112 OR AY.112.1 OR AY.112.2 OR AY.112.3 OR AY.113 OR AY.114 OR AY.115 OR AY.116 OR AY.116.1 OR AY.117 OR AY.118 OR AY.119 OR AY.119.1 OR AY.119.2 OR AY.120 OR AY.120.1 OR AY.120.2 OR AY.120.2.1 OR AY.121 OR AY.121.1 OR AY.122 OR AY.122.1 OR AY.122.2 OR AY.122.3 OR AY.122.4 OR AY.122.5 OR AY.122.6 OR AY.123 OR AY.123.1 OR AY.124 OR AY.124.1 OR AY.124.1.1 OR AY.125 OR AY.125.1 OR AY.126 OR AY.127 OR AY.127.1 OR AY.127.2 OR AY.127.3 OR AY.128 OR AY.129 OR AY.130 OR AY.131 OR AY.132 OR AY.133 OR AY.134 OR B.1.617.2,Delta,374.785714285714,289.714285714286,0.773013150371641
2022-01-05,643,307,459,289.428571428571,0.630563336445689,0.58474919068107,0.672881054652827,AY.1 OR AY.2 OR AY.3 OR AY.3.1 OR AY.3.2 OR AY.3.3 OR AY.3.4 OR AY.4 OR AY.4.1 OR AY.4.2 OR AY.4.2.1 OR AY.4.2.2 OR AY.4.2.3 OR AY.4.2.4 OR AY.4.2.5 OR AY.4.3 OR AY.4.4 OR AY.4.5 OR AY.4.6 OR AY.4.7 OR AY.4.8 OR AY.4.9 OR AY.4.10 OR AY.4.11 OR AY.4.12 OR AY.4.13 OR AY.4.14 OR AY.4.15 OR AY.4.16 OR AY.4.17 OR AY.5 OR AY.5.1 OR AY.5.2 OR AY.5.3 OR AY.5.4 OR AY.5.5 OR AY.5.6 OR AY.5.7 OR AY.6 OR AY.7 OR AY.7.1 OR AY.7.2 OR AY.8 OR AY.9 OR AY.9.1 OR AY.9.2 OR AY.9.2.1 OR AY.9.2.2 OR AY.10 OR AY.11 OR AY.12 OR AY.13 OR AY.14 OR AY.15 OR AY.16 OR AY.16.1 OR AY.17 OR AY.18 OR AY.19 OR AY.20 OR AY.20.1 OR AY.21 OR AY.22 OR AY.23 OR AY.23.1 OR AY.23.2 OR AY.24 OR AY.24.1 OR AY.25 OR AY.25.1 OR AY.25.1.1 OR AY.25.1.2 OR AY.25.2 OR AY.25.3 OR AY.26 OR AY.26.1 OR AY.27 OR AY.28 OR AY.29 OR AY.29.1 OR AY.29.2 OR AY.30 OR AY.31 OR AY.32 OR AY.33 OR AY.33.1 OR AY.33.2 OR AY.34 OR AY.34.1 OR AY.34.1.1 OR AY.34.2 OR AY.35 OR AY.36 OR AY.36.1 OR AY.37 OR AY.38 OR AY.39 OR AY.39.1 OR AY.39.1.1 OR AY.39.1.2 OR AY.39.1.3 OR AY.39.1.4 OR AY.39.2 OR AY.39.3 OR AY.39.4 OR AY.40 OR AY.41 OR AY.42 OR AY.42.1 OR AY.43 OR AY.43.1 OR AY.43.2 OR AY.43.3 OR AY.43.4 OR AY.43.5 OR AY.43.6 OR AY.43.7 OR AY.43.8 OR AY.43.9 OR AY.44 OR AY.45 OR AY.46 OR AY.46.1 OR AY.46.2 OR AY.46.3 OR AY.46.4 OR AY.46.5 OR AY.46.6 OR AY.46.6.1 OR AY.47 OR AY.48 OR AY.49 OR AY.50 OR AY.51 OR AY.52 OR AY.53 OR AY.54 OR AY.55 OR AY.56 OR AY.57 OR AY.58 OR AY.59 OR AY.60 OR AY.61 OR AY.62 OR AY.63 OR AY.64 OR AY.65 OR AY.66 OR AY.67 OR AY.68 OR AY.69 OR AY.70 OR AY.71 OR AY.72 OR AY.73 OR AY.74 OR AY.75 OR AY.75.1 OR AY.75.2 OR AY.75.3 OR AY.76 OR AY.77 OR AY.78 OR AY.79 OR AY.80 OR AY.81 OR AY.82 OR AY.83 OR AY.84 OR AY.85 OR AY.86 OR AY.87 OR AY.88 OR AY.89 OR AY.90 OR AY.91 OR AY.91.1 OR AY.92 OR AY.93 OR AY.94 OR AY.95 OR AY.96 OR AY.97 OR AY.98 OR AY.98.1 OR AY.98.1.1 OR AY.99 OR AY.99.1 OR AY.99.2 OR AY.100 OR AY.101 OR AY.102 OR AY.102.1 OR AY.102.2 OR AY.103 OR AY.103.1 OR AY.103.2 OR AY.104 OR AY.105 OR AY.106 OR AY.107 OR AY.108 OR AY.109 OR AY.110 OR AY.111 OR AY.112 OR AY.112.1 OR AY.112.2 OR AY.112.3 OR AY.113 OR AY.114 OR AY.115 OR AY.116 OR AY.116.1 OR AY.117 OR AY.118 OR AY.119 OR AY.119.1 OR AY.119.2 OR AY.120 OR AY.120.1 OR AY.120.2 OR AY.120.2.1 OR AY.121 OR AY.121.1 OR AY.122 OR AY.122.1 OR AY.122.2 OR AY.122.3 OR AY.122.4 OR AY.122.5 OR AY.122.6 OR AY.123 OR AY.123.1 OR AY.124 OR AY.124.1 OR AY.124.1.1 OR AY.125 OR AY.125.1 OR AY.126 OR AY.127 OR AY.127.1 OR AY.127.2 OR AY.127.3 OR AY.128 OR AY.129 OR AY.130 OR AY.131 OR AY.132 OR AY.133 OR AY.134 OR B.1.617.2,Delta,401.714285714286,294.071428571429,0.732041251778094
2022-01-06,581,247,505.714285714286,296.714285714286,0.586723163841808,0.543659772625572,0.629261675354535,AY.1 OR AY.2 OR AY.3 OR AY.3.1 OR AY.3.2 OR AY.3.3 OR AY.3.4 OR AY.4 OR AY.4.1 OR AY.4.2 OR AY.4.2.1 OR AY.4.2.2 OR AY.4.2.3 OR AY.4.2.4 OR AY.4.2.5 OR AY.4.3 OR AY.4.4 OR AY.4.5 OR AY.4.6 OR AY.4.7 OR AY.4.8 OR AY.4.9 OR AY.4.10 OR AY.4.11 OR AY.4.12 OR AY.4.13 OR AY.4.14 OR AY.4.15 OR AY.4.16 OR AY.4.17 OR AY.5 OR AY.5.1 OR AY.5.2 OR AY.5.3 OR AY.5.4 OR AY.5.5 OR AY.5.6 OR AY.5.7 OR AY.6 OR AY.7 OR AY.7.1 OR AY.7.2 OR AY.8 OR AY.9 OR AY.9.1 OR AY.9.2 OR AY.9.2.1 OR AY.9.2.2 OR AY.10 OR AY.11 OR AY.12 OR AY.13 OR AY.14 OR AY.15 OR AY.16 OR AY.16.1 OR AY.17 OR AY.18 OR AY.19 OR AY.20 OR AY.20.1 OR AY.21 OR AY.22 OR AY.23 OR AY.23.1 OR AY.23.2 OR AY.24 OR AY.24.1 OR AY.25 OR AY.25.1 OR AY.25.1.1 OR AY.25.1.2 OR AY.25.2 OR AY.25.3 OR AY.26 OR AY.26.1 OR AY.27 OR AY.28 OR AY.29 OR AY.29.1 OR AY.29.2 OR AY.30 OR AY.31 OR AY.32 OR AY.33 OR AY.33.1 OR AY.33.2 OR AY.34 OR AY.34.1 OR AY.34.1.1 OR AY.34.2 OR AY.35 OR AY.36 OR AY.36.1 OR AY.37 OR AY.38 OR AY.39 OR AY.39.1 OR AY.39.1.1 OR AY.39.1.2 OR AY.39.1.3 OR AY.39.1.4 OR AY.39.2 OR AY.39.3 OR AY.39.4 OR AY.40 OR AY.41 OR AY.42 OR AY.42.1 OR AY.43 OR AY.43.1 OR AY.43.2 OR AY.43.3 OR AY.43.4 OR AY.43.5 OR AY.43.6 OR AY.43.7 OR AY.43.8 OR AY.43.9 OR AY.44 OR AY.45 OR AY.46 OR AY.46.1 OR AY.46.2 OR AY.46.3 OR AY.46.4 OR AY.46.5 OR AY.46.6 OR AY.46.6.1 OR AY.47 OR AY.48 OR AY.49 OR AY.50 OR AY.51 OR AY.52 OR AY.53 OR AY.54 OR AY.55 OR AY.56 OR AY.57 OR AY.58 OR AY.59 OR AY.60 OR AY.61 OR AY.62 OR AY.63 OR AY.64 OR AY.65 OR AY.66 OR AY.67 OR AY.68 OR AY.69 OR AY.70 OR AY.71 OR AY.72 OR AY.73 OR AY.74 OR AY.75 OR AY.75.1 OR AY.75.2 OR AY.75.3 OR AY.76 OR AY.77 OR AY.78 OR AY.79 OR AY.80 OR AY.81 OR AY.82 OR AY.83 OR AY.84 OR AY.85 OR AY.86 OR AY.87 OR AY.88 OR AY.89 OR AY.90 OR AY.91 OR AY.91.1 OR AY.92 OR AY.93 OR AY.94 OR AY.95 OR AY.96 OR AY.97 OR AY.98 OR AY.98.1 OR AY.98.1.1 OR AY.99 OR AY.99.1 OR AY.99.2 OR AY.100 OR AY.101 OR AY.102 OR AY.102.1 OR AY.102.2 OR AY.103 OR AY.103.1 OR AY.103.2 OR AY.104 OR AY.105 OR AY.106 OR AY.107 OR AY.108 OR AY.109 OR AY.110 OR AY.111 OR AY.112 OR AY.112.1 OR AY.112.2 OR AY.112.3 OR AY.113 OR AY.114 OR AY.115 OR AY.116 OR AY.116.1 OR AY.117 OR AY.118 OR AY.119 OR AY.119.1 OR AY.119.2 OR AY.120 OR AY.120.1 OR AY.120.2 OR AY.120.2.1 OR AY.121 OR AY.121.1 OR AY.122 OR AY.122.1 OR AY.122.2 OR AY.122.3 OR AY.122.4 OR AY.122.5 OR AY.122.6 OR AY.123 OR AY.123.1 OR AY.124 OR AY.124.1 OR AY.124.1.1 OR AY.125 OR AY.125.1 OR AY.126 OR AY.127 OR AY.127.1 OR AY.127.2 OR AY.127.3 OR AY.128 OR AY.129 OR AY.130 OR AY.131 OR AY.132 OR AY.133 OR AY.134 OR B.1.617.2,Delta,425.714285714286,296.071428571429,0.695469798657718
2022-01-07,571,260,528,286.428571428571,0.542478354978355,0.499035904571879,0.583842022032829,AY.1 OR AY.2 OR AY.3 OR AY.3.1 OR AY.3.2 OR AY.3.3 OR AY.3.4 OR AY.4 OR AY.4.1 OR AY.4.2 OR AY.4.2.1 OR AY.4.2.2 OR AY.4.2.3 OR AY.4.2.4 OR AY.4.2.5 OR AY.4.3 OR AY.4.4 OR AY.4.5 OR AY.4.6 OR AY.4.7 OR AY.4.8 OR AY.4.9 OR AY.4.10 OR AY.4.11 OR AY.4.12 OR AY.4.13 OR AY.4.14 OR AY.4.15 OR AY.4.16 OR AY.4.17 OR AY.5 OR AY.5.1 OR AY.5.2 OR AY.5.3 OR AY.5.4 OR AY.5.5 OR AY.5.6 OR AY.5.7 OR AY.6 OR AY.7 OR AY.7.1 OR AY.7.2 OR AY.8 OR AY.9 OR AY.9.1 OR AY.9.2 OR AY.9.2.1 OR AY.9.2.2 OR AY.10 OR AY.11 OR AY.12 OR AY.13 OR AY.14 OR AY.15 OR AY.16 OR AY.16.1 OR AY.17 OR AY.18 OR AY.19 OR AY.20 OR AY.20.1 OR AY.21 OR AY.22 OR AY.23 OR AY.23.1 OR AY.23.2 OR AY.24 OR AY.24.1 OR AY.25 OR AY.25.1 OR AY.25.1.1 OR AY.25.1.2 OR AY.25.2 OR AY.25.3 OR AY.26 OR AY.26.1 OR AY.27 OR AY.28 OR AY.29 OR AY.29.1 OR AY.29.2 OR AY.30 OR AY.31 OR AY.32 OR AY.33 OR AY.33.1 OR AY.33.2 OR AY.34 OR AY.34.1 OR AY.34.1.1 OR AY.34.2 OR AY.35 OR AY.36 OR AY.36.1 OR AY.37 OR AY.38 OR AY.39 OR AY.39.1 OR AY.39.1.1 OR AY.39.1.2 OR AY.39.1.3 OR AY.39.1.4 OR AY.39.2 OR AY.39.3 OR AY.39.4 OR AY.40 OR AY.41 OR AY.42 OR AY.42.1 OR AY.43 OR AY.43.1 OR AY.43.2 OR AY.43.3 OR AY.43.4 OR AY.43.5 OR AY.43.6 OR AY.43.7 OR AY.43.8 OR AY.43.9 OR AY.44 OR AY.45 OR AY.46 OR AY.46.1 OR AY.46.2 OR AY.46.3 OR AY.46.4 OR AY.46.5 OR AY.46.6 OR AY.46.6.1 OR AY.47 OR AY.48 OR AY.49 OR AY.50 OR AY.51 OR AY.52 OR AY.53 OR AY.54 OR AY.55 OR AY.56 OR AY.57 OR AY.58 OR AY.59 OR AY.60 OR AY.61 OR AY.62 OR AY.63 OR AY.64 OR AY.65 OR AY.66 OR AY.67 OR AY.68 OR AY.69 OR AY.70 OR AY.71 OR AY.72 OR AY.73 OR AY.74 OR AY.75 OR AY.75.1 OR AY.75.2 OR AY.75.3 OR AY.76 OR AY.77 OR AY.78 OR AY.79 OR AY.80 OR AY.81 OR AY.82 OR AY.83 OR AY.84 OR AY.85 OR AY.86 OR AY.87 OR AY.88 OR AY.89 OR AY.90 OR AY.91 OR AY.91.1 OR AY.92 OR AY.93 OR AY.94 OR AY.95 OR AY.96 OR AY.97 OR AY.98 OR AY.98.1 OR AY.98.1.1 OR AY.99 OR AY.99.1 OR AY.99.2 OR AY.100 OR AY.101 OR AY.102 OR AY.102.1 OR AY.102.2 OR AY.103 OR AY.103.1 OR AY.103.2 OR AY.104 OR AY.105 OR AY.106 OR AY.107 OR AY.108 OR AY.109 OR AY.110 OR AY.111 OR AY.112 OR AY.112.1 OR AY.112.2 OR AY.112.3 OR AY.113 OR AY.114 OR AY.115 OR AY.116 OR AY.116.1 OR AY.117 OR AY.118 OR AY.119 OR AY.119.1 OR AY.119.2 OR AY.120 OR AY.120.1 OR AY.120.2 OR AY.120.2.1 OR AY.121 OR AY.121.1 OR AY.122 OR AY.122.1 OR AY.122.2 OR AY.122.3 OR AY.122.4 OR AY.122.5 OR AY.122.6 OR AY.123 OR AY.123.1 OR AY.124 OR AY.124.1 OR AY.124.1.1 OR AY.125 OR AY.125.1 OR AY.126 OR AY.127 OR AY.127.1 OR AY.127.2 OR AY.127.3 OR AY.128 OR AY.129 OR AY.130 OR AY.131 OR AY.132 OR AY.133 OR AY.134 OR B.1.617.2,Delta,439.214285714286,288.571428571429,0.657017401203448
2022-01-08,380,181,562.285714285714,298.857142857143,0.53150406504065,0.490699311392845,0.573028681570268,AY.1 OR AY.2 OR AY.3 OR AY.3.1 OR AY.3.2 OR AY.3.3 OR AY.3.4 OR AY.4 OR AY.4.1 OR AY.4.2 OR AY.4.2.1 OR AY.4.2.2 OR AY.4.2.3 OR AY.4.2.4 OR AY.4.2.5 OR AY.4.3 OR AY.4.4 OR AY.4.5 OR AY.4.6 OR AY.4.7 OR AY.4.8 OR AY.4.9 OR AY.4.10 OR AY.4.11 OR AY.4.12 OR AY.4.13 OR AY.4.14 OR AY.4.15 OR AY.4.16 OR AY.4.17 OR AY.5 OR AY.5.1 OR AY.5.2 OR AY.5.3 OR AY.5.4 OR AY.5.5 OR AY.5.6 OR AY.5.7 OR AY.6 OR AY.7 OR AY.7.1 OR AY.7.2 OR AY.8 OR AY.9 OR AY.9.1 OR AY.9.2 OR AY.9.2.1 OR AY.9.2.2 OR AY.10 OR AY.11 OR AY.12 OR AY.13 OR AY.14 OR AY.15 OR AY.16 OR AY.16.1 OR AY.17 OR AY.18 OR AY.19 OR AY.20 OR AY.20.1 OR AY.21 OR AY.22 OR AY.23 OR AY.23.1 OR AY.23.2 OR AY.24 OR AY.24.1 OR AY.25 OR AY.25.1 OR AY.25.1.1 OR AY.25.1.2 OR AY.25.2 OR AY.25.3 OR AY.26 OR AY.26.1 OR AY.27 OR AY.28 OR AY.29 OR AY.29.1 OR AY.29.2 OR AY.30 OR AY.31 OR AY.32 OR AY.33 OR AY.33.1 OR AY.33.2 OR AY.34 OR AY.34.1 OR AY.34.1.1 OR AY.34.2 OR AY.35 OR AY.36 OR AY.36.1 OR AY.37 OR AY.38 OR AY.39 OR AY.39.1 OR AY.39.1.1 OR AY.39.1.2 OR AY.39.1.3 OR AY.39.1.4 OR AY.39.2 OR AY.39.3 OR AY.39.4 OR AY.40 OR AY.41 OR AY.42 OR AY.42.1 OR AY.43 OR AY.43.1 OR AY.43.2 OR AY.43.3 OR AY.43.4 OR AY.43.5 OR AY.43.6 OR AY.43.7 OR AY.43.8 OR AY.43.9 OR AY.44 OR AY.45 OR AY.46 OR AY.46.1 OR AY.46.2 OR AY.46.3 OR AY.46.4 OR AY.46.5 OR AY.46.6 OR AY.46.6.1 OR AY.47 OR AY.48 OR AY.49 OR AY.50 OR AY.51 OR AY.52 OR AY.53 OR AY.54 OR AY.55 OR AY.56 OR AY.57 OR AY.58 OR AY.59 OR AY.60 OR AY.61 OR AY.62 OR AY.63 OR AY.64 OR AY.65 OR AY.66 OR AY.67 OR AY.68 OR AY.69 OR AY.70 OR AY.71 OR AY.72 OR AY.73 OR AY.74 OR AY.75 OR AY.75.1 OR AY.75.2 OR AY.75.3 OR AY.76 OR AY.77 OR AY.78 OR AY.79 OR AY.80 OR AY.81 OR AY.82 OR AY.83 OR AY.84 OR AY.85 OR AY.86 OR AY.87 OR AY.88 OR AY.89 OR AY.90 OR AY.91 OR AY.91.1 OR AY.92 OR AY.93 OR AY.94 OR AY.95 OR AY.96 OR AY.97 OR AY.98 OR AY.98.1 OR AY.98.1.1 OR AY.99 OR AY.99.1 OR AY.99.2 OR AY.100 OR AY.101 OR AY.102 OR AY.102.1 OR AY.102.2 OR AY.103 OR AY.103.1 OR AY.103.2 OR AY.104 OR AY.105 OR AY.106 OR AY.107 OR AY.108 OR AY.109 OR AY.110 OR AY.111 OR AY.112 OR AY.112.1 OR AY.112.2 OR AY.112.3 OR AY.113 OR AY.114 OR AY.115 OR AY.116 OR AY.116.1 OR AY.117 OR AY.118 OR AY.119 OR AY.119.1 OR AY.119.2 OR AY.120 OR AY.120.1 OR AY.120.2 OR AY.120.2.1 OR AY.121 OR AY.121.1 OR AY.122 OR AY.122.1 OR AY.122.2 OR AY.122.3 OR AY.122.4 OR AY.122.5 OR AY.122.6 OR AY.123 OR AY.123.1 OR AY.124 OR AY.124.1 OR AY.124.1.1 OR AY.125 OR AY.125.1 OR AY.126 OR AY.127 OR AY.127.1 OR AY.127.2 OR AY.127.3 OR AY.128 OR AY.129 OR AY.130 OR AY.131 OR AY.132 OR AY.133 OR AY.134 OR B.1.617.2,Delta,449.214285714286,286,0.636667196692638
2022-01-09,407,173,582.571428571429,298.571428571429,0.512506130456106,0.472311566328319,0.55329004347919,AY.1 OR AY.2 OR AY.3 OR AY.3.1 OR AY.3.2 OR AY.3.3 OR AY.3.4 OR AY.4 OR AY.4.1 OR AY.4.2 OR AY.4.2.1 OR AY.4.2.2 OR AY.4.2.3 OR AY.4.2.4 OR AY.4.2.5 OR AY.4.3 OR AY.4.4 OR AY.4.5 OR AY.4.6 OR AY.4.7 OR AY.4.8 OR AY.4.9 OR AY.4.10 OR AY.4.11 OR AY.4.12 OR AY.4.13 OR AY.4.14 OR AY.4.15 OR AY.4.16 OR AY.4.17 OR AY.5 OR AY.5.1 OR AY.5.2 OR AY.5.3 OR AY.5.4 OR AY.5.5 OR AY.5.6 OR AY.5.7 OR AY.6 OR AY.7 OR AY.7.1 OR AY.7.2 OR AY.8 OR AY.9 OR AY.9.1 OR AY.9.2 OR AY.9.2.1 OR AY.9.2.2 OR AY.10 OR AY.11 OR AY.12 OR AY.13 OR AY.14 OR AY.15 OR AY.16 OR AY.16.1 OR AY.17 OR AY.18 OR AY.19 OR AY.20 OR AY.20.1 OR AY.21 OR AY.22 OR AY.23 OR AY.23.1 OR AY.23.2 OR AY.24 OR AY.24.1 OR AY.25 OR AY.25.1 OR AY.25.1.1 OR AY.25.1.2 OR AY.25.2 OR AY.25.3 OR AY.26 OR AY.26.1 OR AY.27 OR AY.28 OR AY.29 OR AY.29.1 OR AY.29.2 OR AY.30 OR AY.31 OR AY.32 OR AY.33 OR AY.33.1 OR AY.33.2 OR AY.34 OR AY.34.1 OR AY.34.1.1 OR AY.34.2 OR AY.35 OR AY.36 OR AY.36.1 OR AY.37 OR AY.38 OR AY.39 OR AY.39.1 OR AY.39.1.1 OR AY.39.1.2 OR AY.39.1.3 OR AY.39.1.4 OR AY.39.2 OR AY.39.3 OR AY.39.4 OR AY.40 OR AY.41 OR AY.42 OR AY.42.1 OR AY.43 OR AY.43.1 OR AY.43.2 OR AY.43.3 OR AY.43.4 OR AY.43.5 OR AY.43.6 OR AY.43.7 OR AY.43.8 OR AY.43.9 OR AY.44 OR AY.45 OR AY.46 OR AY.46.1 OR AY.46.2 OR AY.46.3 OR AY.46.4 OR AY.46.5 OR AY.46.6 OR AY.46.6.1 OR AY.47 OR AY.48 OR AY.49 OR AY.50 OR AY.51 OR AY.52 OR AY.53 OR AY.54 OR AY.55 OR AY.56 OR AY.57 OR AY.58 OR AY.59 OR AY.60 OR AY.61 OR AY.62 OR AY.63 OR AY.64 OR AY.65 OR AY.66 OR AY.67 OR AY.68 OR AY.69 OR AY.70 OR AY.71 OR AY.72 OR AY.73 OR AY.74 OR AY.75 OR AY.75.1 OR AY.75.2 OR AY.75.3 OR AY.76 OR AY.77 OR AY.78 OR AY.79 OR AY.80 OR AY.81 OR AY.82 OR AY.83 OR AY.84 OR AY.85 OR AY.86 OR AY.87 OR AY.88 OR AY.89 OR AY.90 OR AY.91 OR AY.91.1 OR AY.92 OR AY.93 OR AY.94 OR AY.95 OR AY.96 OR AY.97 OR AY.98 OR AY.98.1 OR AY.98.1.1 OR AY.99 OR AY.99.1 OR AY.99.2 OR AY.100 OR AY.101 OR AY.102 OR AY.102.1 OR AY.102.2 OR AY.103 OR AY.103.1 OR AY.103.2 OR AY.104 OR AY.105 OR AY.106 OR AY.107 OR AY.108 OR AY.109 OR AY.110 OR AY.111 OR AY.112 OR AY.112.1 OR AY.112.2 OR AY.112.3 OR AY.113 OR AY.114 OR AY.115 OR AY.116 OR AY.116.1 OR AY.117 OR AY.118 OR AY.119 OR AY.119.1 OR AY.119.2 OR AY.120 OR AY.120.1 OR AY.120.2 OR AY.120.2.1 OR AY.121 OR AY.121.1 OR AY.122 OR AY.122.1 OR AY.122.2 OR AY.122.3 OR AY.122.4 OR AY.122.5 OR AY.122.6 OR AY.123 OR AY.123.1 OR AY.124 OR AY.124.1 OR AY.124.1.1 OR AY.125 OR AY.125.1 OR AY.126 OR AY.127 OR AY.127.1 OR AY.127.2 OR AY.127.3 OR AY.128 OR AY.129 OR AY.130 OR AY.131 OR AY.132 OR AY.133 OR AY.134 OR B.1.617.2,Delta,468,289.357142857143,0.618284493284493
2022-01-10,829,315,611.857142857143,280,0.457623161335513,0.418324159772314,0.497109292117239,AY.1 OR AY.2 OR AY.3 OR AY.3.1 OR AY.3.2 OR AY.3.3 OR AY.3.4 OR AY.4 OR AY.4.1 OR AY.4.2 OR AY.4.2.1 OR AY.4.2.2 OR AY.4.2.3 OR AY.4.2.4 OR AY.4.2.5 OR AY.4.3 OR AY.4.4 OR AY.4.5 OR AY.4.6 OR AY.4.7 OR AY.4.8 OR AY.4.9 OR AY.4.10 OR AY.4.11 OR AY.4.12 OR AY.4.13 OR AY.4.14 OR AY.4.15 OR AY.4.16 OR AY.4.17 OR AY.5 OR AY.5.1 OR AY.5.2 OR AY.5.3 OR AY.5.4 OR AY.5.5 OR AY.5.6 OR AY.5.7 OR AY.6 OR AY.7 OR AY.7.1 OR AY.7.2 OR AY.8 OR AY.9 OR AY.9.1 OR AY.9.2 OR AY.9.2.1 OR AY.9.2.2 OR AY.10 OR AY.11 OR AY.12 OR AY.13 OR AY.14 OR AY.15 OR AY.16 OR AY.16.1 OR AY.17 OR AY.18 OR AY.19 OR AY.20 OR AY.20.1 OR AY.21 OR AY.22 OR AY.23 OR AY.23.1 OR AY.23.2 OR AY.24 OR AY.24.1 OR AY.25 OR AY.25.1 OR AY.25.1.1 OR AY.25.1.2 OR AY.25.2 OR AY.25.3 OR AY.26 OR AY.26.1 OR AY.27 OR AY.28 OR AY.29 OR AY.29.1 OR AY.29.2 OR AY.30 OR AY.31 OR AY.32 OR AY.33 OR AY.33.1 OR AY.33.2 OR AY.34 OR AY.34.1 OR AY.34.1.1 OR AY.34.2 OR AY.35 OR AY.36 OR AY.36.1 OR AY.37 OR AY.38 OR AY.39 OR AY.39.1 OR AY.39.1.1 OR AY.39.1.2 OR AY.39.1.3 OR AY.39.1.4 OR AY.39.2 OR AY.39.3 OR AY.39.4 OR AY.40 OR AY.41 OR AY.42 OR AY.42.1 OR AY.43 OR AY.43.1 OR AY.43.2 OR AY.43.3 OR AY.43.4 OR AY.43.5 OR AY.43.6 OR AY.43.7 OR AY.43.8 OR AY.43.9 OR AY.44 OR AY.45 OR AY.46 OR AY.46.1 OR AY.46.2 OR AY.46.3 OR AY.46.4 OR AY.46.5 OR AY.46.6 OR AY.46.6.1 OR AY.47 OR AY.48 OR AY.49 OR AY.50 OR AY.51 OR AY.52 OR AY.53 OR AY.54 OR AY.55 OR AY.56 OR AY.57 OR AY.58 OR AY.59 OR AY.60 OR AY.61 OR AY.62 OR AY.63 OR AY.64 OR AY.65 OR AY.66 OR AY.67 OR AY.68 OR AY.69 OR AY.70 OR AY.71 OR AY.72 OR AY.73 OR AY.74 OR AY.75 OR AY.75.1 OR AY.75.2 OR AY.75.3 OR AY.76 OR AY.77 OR AY.78 OR AY.79 OR AY.80 OR AY.81 OR AY.82 OR AY.83 OR AY.84 OR AY.85 OR AY.86 OR AY.87 OR AY.88 OR AY.89 OR AY.90 OR AY.91 OR AY.91.1 OR AY.92 OR AY.93 OR AY.94 OR AY.95 OR AY.96 OR AY.97 OR AY.98 OR AY.98.1 OR AY.98.1.1 OR AY.99 OR AY.99.1 OR AY.99.2 OR AY.100 OR AY.101 OR AY.102 OR AY.102.1 OR AY.102.2 OR AY.103 OR AY.103.1 OR AY.103.2 OR AY.104 OR AY.105 OR AY.106 OR AY.107 OR AY.108 OR AY.109 OR AY.110 OR AY.111 OR AY.112 OR AY.112.1 OR AY.112.2 OR AY.112.3 OR AY.113 OR AY.114 OR AY.115 OR AY.116 OR AY.116.1 OR AY.117 OR AY.118 OR AY.119 OR AY.119.1 OR AY.119.2 OR AY.120 OR AY.120.1 OR AY.120.2 OR AY.120.2.1 OR AY.121 OR AY.121.1 OR AY.122 OR AY.122.1 OR AY.122.2 OR AY.122.3 OR AY.122.4 OR AY.122.5 OR AY.122.6 OR AY.123 OR AY.123.1 OR AY.124 OR AY.124.1 OR AY.124.1.1 OR AY.125 OR AY.125.1 OR AY.126 OR AY.127 OR AY.127.1 OR AY.127.2 OR AY.127.3 OR AY.128 OR AY.129 OR AY.130 OR AY.131 OR AY.132 OR AY.133 OR AY.134 OR B.1.617.2,Delta,502,290.357142857143,0.578400682982356
2022-01-11,744,194,593.571428571429,239.571428571429,0.403610108303249,0.36512361075454,0.443889785659074,AY.1 OR AY.2 OR AY.3 OR AY.3.1 OR AY.3.2 OR AY.3.3 OR AY.3.4 OR AY.4 OR AY.4.1 OR AY.4.2 OR AY.4.2.1 OR AY.4.2.2 OR AY.4.2.3 OR AY.4.2.4 OR AY.4.2.5 OR AY.4.3 OR AY.4.4 OR AY.4.5 OR AY.4.6 OR AY.4.7 OR AY.4.8 OR AY.4.9 OR AY.4.10 OR AY.4.11 OR AY.4.12 OR AY.4.13 OR AY.4.14 OR AY.4.15 OR AY.4.16 OR AY.4.17 OR AY.5 OR AY.5.1 OR AY.5.2 OR AY.5.3 OR AY.5.4 OR AY.5.5 OR AY.5.6 OR AY.5.7 OR AY.6 OR AY.7 OR AY.7.1 OR AY.7.2 OR AY.8 OR AY.9 OR AY.9.1 OR AY.9.2 OR AY.9.2.1 OR AY.9.2.2 OR AY.10 OR AY.11 OR AY.12 OR AY.13 OR AY.14 OR AY.15 OR AY.16 OR AY.16.1 OR AY.17 OR AY.18 OR AY.19 OR AY.20 OR AY.20.1 OR AY.21 OR AY.22 OR AY.23 OR AY.23.1 OR AY.23.2 OR AY.24 OR AY.24.1 OR AY.25 OR AY.25.1 OR AY.25.1.1 OR AY.25.1.2 OR AY.25.2 OR AY.25.3 OR AY.26 OR AY.26.1 OR AY.27 OR AY.28 OR AY.29 OR AY.29.1 OR AY.29.2 OR AY.30 OR AY.31 OR AY.32 OR AY.33 OR AY.33.1 OR AY.33.2 OR AY.34 OR AY.34.1 OR AY.34.1.1 OR AY.34.2 OR AY.35 OR AY.36 OR AY.36.1 OR AY.37 OR AY.38 OR AY.39 OR AY.39.1 OR AY.39.1.1 OR AY.39.1.2 OR AY.39.1.3 OR AY.39.1.4 OR AY.39.2 OR AY.39.3 OR AY.39.4 OR AY.40 OR AY.41 OR AY.42 OR AY.42.1 OR AY.43 OR AY.43.1 OR AY.43.2 OR AY.43.3 OR AY.43.4 OR AY.43.5 OR AY.43.6 OR AY.43.7 OR AY.43.8 OR AY.43.9 OR AY.44 OR AY.45 OR AY.46 OR AY.46.1 OR AY.46.2 OR AY.46.3 OR AY.46.4 OR AY.46.5 OR AY.46.6 OR AY.46.6.1 OR AY.47 OR AY.48 OR AY.49 OR AY.50 OR AY.51 OR AY.52 OR AY.53 OR AY.54 OR AY.55 OR AY.56 OR AY.57 OR AY.58 OR AY.59 OR AY.60 OR AY.61 OR AY.62 OR AY.63 OR AY.64 OR AY.65 OR AY.66 OR AY.67 OR AY.68 OR AY.69 OR AY.70 OR AY.71 OR AY.72 OR AY.73 OR AY.74 OR AY.75 OR AY.75.1 OR AY.75.2 OR AY.75.3 OR AY.76 OR AY.77 OR AY.78 OR AY.79 OR AY.80 OR AY.81 OR AY.82 OR AY.83 OR AY.84 OR AY.85 OR AY.86 OR AY.87 OR AY.88 OR AY.89 OR AY.90 OR AY.91 OR AY.91.1 OR AY.92 OR AY.93 OR AY.94 OR AY.95 OR AY.96 OR AY.97 OR AY.98 OR AY.98.1 OR AY.98.1.1 OR AY.99 OR AY.99.1 OR AY.99.2 OR AY.100 OR AY.101 OR AY.102 OR AY.102.1 OR AY.102.2 OR AY.103 OR AY.103.1 OR AY.103.2 OR AY.104 OR AY.105 OR AY.106 OR AY.107 OR AY.108 OR AY.109 OR AY.110 OR AY.111 OR AY.112 OR AY.112.1 OR AY.112.2 OR AY.112.3 OR AY.113 OR AY.114 OR AY.115 OR AY.116 OR AY.116.1 OR AY.117 OR AY.118 OR AY.119 OR AY.119.1 OR AY.119.2 OR AY.120 OR AY.120.1 OR AY.120.2 OR AY.120.2.1 OR AY.121 OR AY.121.1 OR AY.122 OR AY.122.1 OR AY.122.2 OR AY.122.3 OR AY.122.4 OR AY.122.5 OR AY.122.6 OR AY.123 OR AY.123.1 OR AY.124 OR AY.124.1 OR AY.124.1.1 OR AY.125 OR AY.125.1 OR AY.126 OR AY.127 OR AY.127.1 OR AY.127.2 OR AY.127.3 OR AY.128 OR AY.129 OR AY.130 OR AY.131 OR AY.132 OR AY.133 OR AY.134 OR B.1.617.2,Delta,524.928571428572,280.214285714286,0.533814124370663
2022-01-12,885,224,628.142857142857,227.714285714286,0.362519899931772,0.326145792954528,0.401227856954985,AY.1 OR AY.2 OR AY.3 OR AY.3.1 OR AY.3.2 OR AY.3.3 OR AY.3.4 OR AY.4 OR AY.4.1 OR AY.4.2 OR AY.4.2.1 OR AY.4.2.2 OR AY.4.2.3 OR AY.4.2.4 OR AY.4.2.5 OR AY.4.3 OR AY.4.4 OR AY.4.5 OR AY.4.6 OR AY.4.7 OR AY.4.8 OR AY.4.9 OR AY.4.10 OR AY.4.11 OR AY.4.12 OR AY.4.13 OR AY.4.14 OR AY.4.15 OR AY.4.16 OR AY.4.17 OR AY.5 OR AY.5.1 OR AY.5.2 OR AY.5.3 OR AY.5.4 OR AY.5.5 OR AY.5.6 OR AY.5.7 OR AY.6 OR AY.7 OR AY.7.1 OR AY.7.2 OR AY.8 OR AY.9 OR AY.9.1 OR AY.9.2 OR AY.9.2.1 OR AY.9.2.2 OR AY.10 OR AY.11 OR AY.12 OR AY.13 OR AY.14 OR AY.15 OR AY.16 OR AY.16.1 OR AY.17 OR AY.18 OR AY.19 OR AY.20 OR AY.20.1 OR AY.21 OR AY.22 OR AY.23 OR AY.23.1 OR AY.23.2 OR AY.24 OR AY.24.1 OR AY.25 OR AY.25.1 OR AY.25.1.1 OR AY.25.1.2 OR AY.25.2 OR AY.25.3 OR AY.26 OR AY.26.1 OR AY.27 OR AY.28 OR AY.29 OR AY.29.1 OR AY.29.2 OR AY.30 OR AY.31 OR AY.32 OR AY.33 OR AY.33.1 OR AY.33.2 OR AY.34 OR AY.34.1 OR AY.34.1.1 OR AY.34.2 OR AY.35 OR AY.36 OR AY.36.1 OR AY.37 OR AY.38 OR AY.39 OR AY.39.1 OR AY.39.1.1 OR AY.39.1.2 OR AY.39.1.3 OR AY.39.1.4 OR AY.39.2 OR AY.39.3 OR AY.39.4 OR AY.40 OR AY.41 OR AY.42 OR AY.42.1 OR AY.43 OR AY.43.1 OR AY.43.2 OR AY.43.3 OR AY.43.4 OR AY.43.5 OR AY.43.6 OR AY.43.7 OR AY.43.8 OR AY.43.9 OR AY.44 OR AY.45 OR AY.46 OR AY.46.1 OR AY.46.2 OR AY.46.3 OR AY.46.4 OR AY.46.5 OR AY.46.6 OR AY.46.6.1 OR AY.47 OR AY.48 OR AY.49 OR AY.50 OR AY.51 OR AY.52 OR AY.53 OR AY.54 OR AY.55 OR AY.56 OR AY.57 OR AY.58 OR AY.59 OR AY.60 OR AY.61 OR AY.62 OR AY.63 OR AY.64 OR AY.65 OR AY.66 OR AY.67 OR AY.68 OR AY.69 OR AY.70 OR AY.71 OR AY.72 OR AY.73 OR AY.74 OR AY.75 OR AY.75.1 OR AY.75.2 OR AY.75.3 OR AY.76 OR AY.77 OR AY.78 OR AY.79 OR AY.80 OR AY.81 OR AY.82 OR AY.83 OR AY.84 OR AY.85 OR AY.86 OR AY.87 OR AY.88 OR AY.89 OR AY.90 OR AY.91 OR AY.91.1 OR AY.92 OR AY.93 OR AY.94 OR AY.95 OR AY.96 OR AY.97 OR AY.98 OR AY.98.1 OR AY.98.1.1 OR AY.99 OR AY.99.1 OR AY.99.2 OR AY.100 OR AY.101 OR AY.102 OR AY.102.1 OR AY.102.2 OR AY.103 OR AY.103.1 OR AY.103.2 OR AY.104 OR AY.105 OR AY.106 OR AY.107 OR AY.108 OR AY.109 OR AY.110 OR AY.111 OR AY.112 OR AY.112.1 OR AY.112.2 OR AY.112.3 OR AY.113 OR AY.114 OR AY.115 OR AY.116 OR AY.116.1 OR AY.117 OR AY.118 OR AY.119 OR AY.119.1 OR AY.119.2 OR AY.120 OR AY.120.1 OR AY.120.2 OR AY.120.2.1 OR AY.121 OR AY.121.1 OR AY.122 OR AY.122.1 OR AY.122.2 OR AY.122.3 OR AY.122.4 OR AY.122.5 OR AY.122.6 OR AY.123 OR AY.123.1 OR AY.124 OR AY.124.1 OR AY.124.1.1 OR AY.125 OR AY.125.1 OR AY.126 OR AY.127 OR AY.127.1 OR AY.127.2 OR AY.127.3 OR AY.128 OR AY.129 OR AY.130 OR AY.131 OR AY.132 OR AY.133 OR AY.134 OR B.1.617.2,Delta,543.571428571429,258.571428571429,0.47568988173456
2022-01-13,638,115,636.285714285714,208.857142857143,0.32824427480916,0.292953904557576,0.365834645119725,AY.1 OR AY.2 OR AY.3 OR AY.3.1 OR AY.3.2 OR AY.3.3 OR AY.3.4 OR AY.4 OR AY.4.1 OR AY.4.2 OR AY.4.2.1 OR AY.4.2.2 OR AY.4.2.3 OR AY.4.2.4 OR AY.4.2.5 OR AY.4.3 OR AY.4.4 OR AY.4.5 OR AY.4.6 OR AY.4.7 OR AY.4.8 OR AY.4.9 OR AY.4.10 OR AY.4.11 OR AY.4.12 OR AY.4.13 OR AY.4.14 OR AY.4.15 OR AY.4.16 OR AY.4.17 OR AY.5 OR AY.5.1 OR AY.5.2 OR AY.5.3 OR AY.5.4 OR AY.5.5 OR AY.5.6 OR AY.5.7 OR AY.6 OR AY.7 OR AY.7.1 OR AY.7.2 OR AY.8 OR AY.9 OR AY.9.1 OR AY.9.2 OR AY.9.2.1 OR AY.9.2.2 OR AY.10 OR AY.11 OR AY.12 OR AY.13 OR AY.14 OR AY.15 OR AY.16 OR AY.16.1 OR AY.17 OR AY.18 OR AY.19 OR AY.20 OR AY.20.1 OR AY.21 OR AY.22 OR AY.23 OR AY.23.1 OR AY.23.2 OR AY.24 OR AY.24.1 OR AY.25 OR AY.25.1 OR AY.25.1.1 OR AY.25.1.2 OR AY.25.2 OR AY.25.3 OR AY.26 OR AY.26.1 OR AY.27 OR AY.28 OR AY.29 OR AY.29.1 OR AY.29.2 OR AY.30 OR AY.31 OR AY.32 OR AY.33 OR AY.33.1 OR AY.33.2 OR AY.34 OR AY.34.1 OR AY.34.1.1 OR AY.34.2 OR AY.35 OR AY.36 OR AY.36.1 OR AY.37 OR AY.38 OR AY.39 OR AY.39.1 OR AY.39.1.1 OR AY.39.1.2 OR AY.39.1.3 OR AY.39.1.4 OR AY.39.2 OR AY.39.3 OR AY.39.4 OR AY.40 OR AY.41 OR AY.42 OR AY.42.1 OR AY.43 OR AY.43.1 OR AY.43.2 OR AY.43.3 OR AY.43.4 OR AY.43.5 OR AY.43.6 OR AY.43.7 OR AY.43.8 OR AY.43.9 OR AY.44 OR AY.45 OR AY.46 OR AY.46.1 OR AY.46.2 OR AY.46.3 OR AY.46.4 OR AY.46.5 OR AY.46.6 OR AY.46.6.1 OR AY.47 OR AY.48 OR AY.49 OR AY.50 OR AY.51 OR AY.52 OR AY.53 OR AY.54 OR AY.55 OR AY.56 OR AY.57 OR AY.58 OR AY.59 OR AY.60 OR AY.61 OR AY.62 OR AY.63 OR AY.64 OR AY.65 OR AY.66 OR AY.67 OR AY.68 OR AY.69 OR AY.70 OR AY.71 OR AY.72 OR AY.73 OR AY.74 OR AY.75 OR AY.75.1 OR AY.75.2 OR AY.75.3 OR AY.76 OR AY.77 OR AY.78 OR AY.79 OR AY.80 OR AY.81 OR AY.82 OR AY.83 OR AY.84 OR AY.85 OR AY.86 OR AY.87 OR AY.88 OR AY.89 OR AY.90 OR AY.91 OR AY.91.1 OR AY.92 OR AY.93 OR AY.94 OR AY.95 OR AY.96 OR AY.97 OR AY.98 OR AY.98.1 OR AY.98.1.1 OR AY.99 OR AY.99.1 OR AY.99.2 OR AY.100 OR AY.101 OR AY.102 OR AY.102.1 OR AY.102.2 OR AY.103 OR AY.103.1 OR AY.103.2 OR AY.104 OR AY.105 OR AY.106 OR AY.107 OR AY.108 OR AY.109 OR AY.110 OR AY.111 OR AY.112 OR AY.112.1 OR AY.112.2 OR AY.112.3 OR AY.113 OR AY.114 OR AY.115 OR AY.116 OR AY.116.1 OR AY.117 OR AY.118 OR AY.119 OR AY.119.1 OR AY.119.2 OR AY.120 OR AY.120.1 OR AY.120.2 OR AY.120.2.1 OR AY.121 OR AY.121.1 OR AY.122 OR AY.122.1 OR AY.122.2 OR AY.122.3 OR AY.122.4 OR AY.122.5 OR AY.122.6 OR AY.123 OR AY.123.1 OR AY.124 OR AY.124.1 OR AY.124.1.1 OR AY.125 OR AY.125.1 OR AY.126 OR AY.127 OR AY.127.1 OR AY.127.2 OR AY.127.3 OR AY.128 OR AY.129 OR AY.130 OR AY.131 OR AY.132 OR AY.133 OR AY.134 OR B.1.617.2,Delta,571,252.785714285714,0.442707030272705
2022-01-14,691,123,653.428571428572,189.285714285714,0.289680804547442,0.255638137028734,0.325090501537763,AY.1 OR AY.2 OR AY.3 OR AY.3.1 OR AY.3.2 OR AY.3.3 OR AY.3.4 OR AY.4 OR AY.4.1 OR AY.4.2 OR AY.4.2.1 OR AY.4.2.2 OR AY.4.2.3 OR AY.4.2.4 OR AY.4.2.5 OR AY.4.3 OR AY.4.4 OR AY.4.5 OR AY.4.6 OR AY.4.7 OR AY.4.8 OR AY.4.9 OR AY.4.10 OR AY.4.11 OR AY.4.12 OR AY.4.13 OR AY.4.14 OR AY.4.15 OR AY.4.16 OR AY.4.17 OR AY.5 OR AY.5.1 OR AY.5.2 OR AY.5.3 OR AY.5.4 OR AY.5.5 OR AY.5.6 OR AY.5.7 OR AY.6 OR AY.7 OR AY.7.1 OR AY.7.2 OR AY.8 OR AY.9 OR AY.9.1 OR AY.9.2 OR AY.9.2.1 OR AY.9.2.2 OR AY.10 OR AY.11 OR AY.12 OR AY.13 OR AY.14 OR AY.15 OR AY.16 OR AY.16.1 OR AY.17 OR AY.18 OR AY.19 OR AY.20 OR AY.20.1 OR AY.21 OR AY.22 OR AY.23 OR AY.23.1 OR AY.23.2 OR AY.24 OR AY.24.1 OR AY.25 OR AY.25.1 OR AY.25.1.1 OR AY.25.1.2 OR AY.25.2 OR AY.25.3 OR AY.26 OR AY.26.1 OR AY.27 OR AY.28 OR AY.29 OR AY.29.1 OR AY.29.2 OR AY.30 OR AY.31 OR AY.32 OR AY.33 OR AY.33.1 OR AY.33.2 OR AY.34 OR AY.34.1 OR AY.34.1.1 OR AY.34.2 OR AY.35 OR AY.36 OR AY.36.1 OR AY.37 OR AY.38 OR AY.39 OR AY.39.1 OR AY.39.1.1 OR AY.39.1.2 OR AY.39.1.3 OR AY.39.1.4 OR AY.39.2 OR AY.39.3 OR AY.39.4 OR AY.40 OR AY.41 OR AY.42 OR AY.42.1 OR AY.43 OR AY.43.1 OR AY.43.2 OR AY.43.3 OR AY.43.4 OR AY.43.5 OR AY.43.6 OR AY.43.7 OR AY.43.8 OR AY.43.9 OR AY.44 OR AY.45 OR AY.46 OR AY.46.1 OR AY.46.2 OR AY.46.3 OR AY.46.4 OR AY.46.5 OR AY.46.6 OR AY.46.6.1 OR AY.47 OR AY.48 OR AY.49 OR AY.50 OR AY.51 OR AY.52 OR AY.53 OR AY.54 OR AY.55 OR AY.56 OR AY.57 OR AY.58 OR AY.59 OR AY.60 OR AY.61 OR AY.62 OR AY.63 OR AY.64 OR AY.65 OR AY.66 OR AY.67 OR AY.68 OR AY.69 OR AY.70 OR AY.71 OR AY.72 OR AY.73 OR AY.74 OR AY.75 OR AY.75.1 OR AY.75.2 OR AY.75.3 OR AY.76 OR AY.77 OR AY.78 OR AY.79 OR AY.80 OR AY.81 OR AY.82 OR AY.83 OR AY.84 OR AY.85 OR AY.86 OR AY.87 OR AY.88 OR AY.89 OR AY.90 OR AY.91 OR AY.91.1 OR AY.92 OR AY.93 OR AY.94 OR AY.95 OR AY.96 OR AY.97 OR AY.98 OR AY.98.1 OR AY.98.1.1 OR AY.99 OR AY.99.1 OR AY.99.2 OR AY.100 OR AY.101 OR AY.102 OR AY.102.1 OR AY.102.2 OR AY.103 OR AY.103.1 OR AY.103.2 OR AY.104 OR AY.105 OR AY.106 OR AY.107 OR AY.108 OR AY.109 OR AY.110 OR AY.111 OR AY.112 OR AY.112.1 OR AY.112.2 OR AY.112.3 OR AY.113 OR AY.114 OR AY.115 OR AY.116 OR AY.116.1 OR AY.117 OR AY.118 OR AY.119 OR AY.119.1 OR AY.119.2 OR AY.120 OR AY.120.1 OR AY.120.2 OR AY.120.2.1 OR AY.121 OR AY.121.1 OR AY.122 OR AY.122.1 OR AY.122.2 OR AY.122.3 OR AY.122.4 OR AY.122.5 OR AY.122.6 OR AY.123 OR AY.123.1 OR AY.124 OR AY.124.1 OR AY.124.1.1 OR AY.125 OR AY.125.1 OR AY.126 OR AY.127 OR AY.127.1 OR AY.127.2 OR AY.127.3 OR AY.128 OR AY.129 OR AY.130 OR AY.131 OR AY.132 OR AY.133 OR AY.134 OR B.1.617.2,Delta,590.714285714286,237.857142857143,0.402660217654172
2022-01-15,598,134,684.571428571429,182.571428571429,0.26669449081803,0.235049292092641,0.301220170307953,AY.1 OR AY.2 OR AY.3 OR AY.3.1 OR AY.3.2 OR AY.3.3 OR AY.3.4 OR AY.4 OR AY.4.1 OR AY.4.2 OR AY.4.2.1 OR AY.4.2.2 OR AY.4.2.3 OR AY.4.2.4 OR AY.4.2.5 OR AY.4.3 OR AY.4.4 OR AY.4.5 OR AY.4.6 OR AY.4.7 OR AY.4.8 OR AY.4.9 OR AY.4.10 OR AY.4.11 OR AY.4.12 OR AY.4.13 OR AY.4.14 OR AY.4.15 OR AY.4.16 OR AY.4.17 OR AY.5 OR AY.5.1 OR AY.5.2 OR AY.5.3 OR AY.5.4 OR AY.5.5 OR AY.5.6 OR AY.5.7 OR AY.6 OR AY.7 OR AY.7.1 OR AY.7.2 OR AY.8 OR AY.9 OR AY.9.1 OR AY.9.2 OR AY.9.2.1 OR AY.9.2.2 OR AY.10 OR AY.11 OR AY.12 OR AY.13 OR AY.14 OR AY.15 OR AY.16 OR AY.16.1 OR AY.17 OR AY.18 OR AY.19 OR AY.20 OR AY.20.1 OR AY.21 OR AY.22 OR AY.23 OR AY.23.1 OR AY.23.2 OR AY.24 OR AY.24.1 OR AY.25 OR AY.25.1 OR AY.25.1.1 OR AY.25.1.2 OR AY.25.2 OR AY.25.3 OR AY.26 OR AY.26.1 OR AY.27 OR AY.28 OR AY.29 OR AY.29.1 OR AY.29.2 OR AY.30 OR AY.31 OR AY.32 OR AY.33 OR AY.33.1 OR AY.33.2 OR AY.34 OR AY.34.1 OR AY.34.1.1 OR AY.34.2 OR AY.35 OR AY.36 OR AY.36.1 OR AY.37 OR AY.38 OR AY.39 OR AY.39.1 OR AY.39.1.1 OR AY.39.1.2 OR AY.39.1.3 OR AY.39.1.4 OR AY.39.2 OR AY.39.3 OR AY.39.4 OR AY.40 OR AY.41 OR AY.42 OR AY.42.1 OR AY.43 OR AY.43.1 OR AY.43.2 OR AY.43.3 OR AY.43.4 OR AY.43.5 OR AY.43.6 OR AY.43.7 OR AY.43.8 OR AY.43.9 OR AY.44 OR AY.45 OR AY.46 OR AY.46.1 OR AY.46.2 OR AY.46.3 OR AY.46.4 OR AY.46.5 OR AY.46.6 OR AY.46.6.1 OR AY.47 OR AY.48 OR AY.49 OR AY.50 OR AY.51 OR AY.52 OR AY.53 OR AY.54 OR AY.55 OR AY.56 OR AY.57 OR AY.58 OR AY.59 OR AY.60 OR AY.61 OR AY.62 OR AY.63 OR AY.64 OR AY.65 OR AY.66 OR AY.67 OR AY.68 OR AY.69 OR AY.70 OR AY.71 OR AY.72 OR AY.73 OR AY.74 OR AY.75 OR AY.75.1 OR AY.75.2 OR AY.75.3 OR AY.76 OR AY.77 OR AY.78 OR AY.79 OR AY.80 OR AY.81 OR AY.82 OR AY.83 OR AY.84 OR AY.85 OR AY.86 OR AY.87 OR AY.88 OR AY.89 OR AY.90 OR AY.91 OR AY.91.1 OR AY.92 OR AY.93 OR AY.94 OR AY.95 OR AY.96 OR AY.97 OR AY.98 OR AY.98.1 OR AY.98.1.1 OR AY.99 OR AY.99.1 OR AY.99.2 OR AY.100 OR AY.101 OR AY.102 OR AY.102.1 OR AY.102.2 OR AY.103 OR AY.103.1 OR AY.103.2 OR AY.104 OR AY.105 OR AY.106 OR AY.107 OR AY.108 OR AY.109 OR AY.110 OR AY.111 OR AY.112 OR AY.112.1 OR AY.112.2 OR AY.112.3 OR AY.113 OR AY.114 OR AY.115 OR AY.116 OR AY.116.1 OR AY.117 OR AY.118 OR AY.119 OR AY.119.1 OR AY.119.2 OR AY.120 OR AY.120.1 OR AY.120.2 OR AY.120.2.1 OR AY.121 OR AY.121.1 OR AY.122 OR AY.122.1 OR AY.122.2 OR AY.122.3 OR AY.122.4 OR AY.122.5 OR AY.122.6 OR AY.123 OR AY.123.1 OR AY.124 OR AY.124.1 OR AY.124.1.1 OR AY.125 OR AY.125.1 OR AY.126 OR AY.127 OR AY.127.1 OR AY.127.2 OR AY.127.3 OR AY.128 OR AY.129 OR AY.130 OR AY.131 OR AY.132 OR AY.133 OR AY.134 OR B.1.617.2,Delta,623.428571428572,240.714285714286,0.386113657195234
2022-01-16,402,56,683.857142857143,165.857142857143,0.242531857113014,0.211694020460717,0.275858327765662,AY.1 OR AY.2 OR AY.3 OR AY.3.1 OR AY.3.2 OR AY.3.3 OR AY.3.4 OR AY.4 OR AY.4.1 OR AY.4.2 OR AY.4.2.1 OR AY.4.2.2 OR AY.4.2.3 OR AY.4.2.4 OR AY.4.2.5 OR AY.4.3 OR AY.4.4 OR AY.4.5 OR AY.4.6 OR AY.4.7 OR AY.4.8 OR AY.4.9 OR AY.4.10 OR AY.4.11 OR AY.4.12 OR AY.4.13 OR AY.4.14 OR AY.4.15 OR AY.4.16 OR AY.4.17 OR AY.5 OR AY.5.1 OR AY.5.2 OR AY.5.3 OR AY.5.4 OR AY.5.5 OR AY.5.6 OR AY.5.7 OR AY.6 OR AY.7 OR AY.7.1 OR AY.7.2 OR AY.8 OR AY.9 OR AY.9.1 OR AY.9.2 OR AY.9.2.1 OR AY.9.2.2 OR AY.10 OR AY.11 OR AY.12 OR AY.13 OR AY.14 OR AY.15 OR AY.16 OR AY.16.1 OR AY.17 OR AY.18 OR AY.19 OR AY.20 OR AY.20.1 OR AY.21 OR AY.22 OR AY.23 OR AY.23.1 OR AY.23.2 OR AY.24 OR AY.24.1 OR AY.25 OR AY.25.1 OR AY.25.1.1 OR AY.25.1.2 OR AY.25.2 OR AY.25.3 OR AY.26 OR AY.26.1 OR AY.27 OR AY.28 OR AY.29 OR AY.29.1 OR AY.29.2 OR AY.30 OR AY.31 OR AY.32 OR AY.33 OR AY.33.1 OR AY.33.2 OR AY.34 OR AY.34.1 OR AY.34.1.1 OR AY.34.2 OR AY.35 OR AY.36 OR AY.36.1 OR AY.37 OR AY.38 OR AY.39 OR AY.39.1 OR AY.39.1.1 OR AY.39.1.2 OR AY.39.1.3 OR AY.39.1.4 OR AY.39.2 OR AY.39.3 OR AY.39.4 OR AY.40 OR AY.41 OR AY.42 OR AY.42.1 OR AY.43 OR AY.43.1 OR AY.43.2 OR AY.43.3 OR AY.43.4 OR AY.43.5 OR AY.43.6 OR AY.43.7 OR AY.43.8 OR AY.43.9 OR AY.44 OR AY.45 OR AY.46 OR AY.46.1 OR AY.46.2 OR AY.46.3 OR AY.46.4 OR AY.46.5 OR AY.46.6 OR AY.46.6.1 OR AY.47 OR AY.48 OR AY.49 OR AY.50 OR AY.51 OR AY.52 OR AY.53 OR AY.54 OR AY.55 OR AY.56 OR AY.57 OR AY.58 OR AY.59 OR AY.60 OR AY.61 OR AY.62 OR AY.63 OR AY.64 OR AY.65 OR AY.66 OR AY.67 OR AY.68 OR AY.69 OR AY.70 OR AY.71 OR AY.72 OR AY.73 OR AY.74 OR AY.75 OR AY.75.1 OR AY.75.2 OR AY.75.3 OR AY.76 OR AY.77 OR AY.78 OR AY.79 OR AY.80 OR AY.81 OR AY.82 OR AY.83 OR AY.84 OR AY.85 OR AY.86 OR AY.87 OR AY.88 OR AY.89 OR AY.90 OR AY.91 OR AY.91.1 OR AY.92 OR AY.93 OR AY.94 OR AY.95 OR AY.96 OR AY.97 OR AY.98 OR AY.98.1 OR AY.98.1.1 OR AY.99 OR AY.99.1 OR AY.99.2 OR AY.100 OR AY.101 OR AY.102 OR AY.102.1 OR AY.102.2 OR AY.103 OR AY.103.1 OR AY.103.2 OR AY.104 OR AY.105 OR AY.106 OR AY.107 OR AY.108 OR AY.109 OR AY.110 OR AY.111 OR AY.112 OR AY.112.1 OR AY.112.2 OR AY.112.3 OR AY.113 OR AY.114 OR AY.115 OR AY.116 OR AY.116.1 OR AY.117 OR AY.118 OR AY.119 OR AY.119.1 OR AY.119.2 OR AY.120 OR AY.120.1 OR AY.120.2 OR AY.120.2.1 OR AY.121 OR AY.121.1 OR AY.122 OR AY.122.1 OR AY.122.2 OR AY.122.3 OR AY.122.4 OR AY.122.5 OR AY.122.6 OR AY.123 OR AY.123.1 OR AY.124 OR AY.124.1 OR AY.124.1.1 OR AY.125 OR AY.125.1 OR AY.126 OR AY.127 OR AY.127.1 OR AY.127.2 OR AY.127.3 OR AY.128 OR AY.129 OR AY.130 OR AY.131 OR AY.132 OR AY.133 OR AY.134 OR B.1.617.2,Delta,633.214285714286,232.214285714286,0.366723068245911
2022-01-17,987,150,706.428571428572,142.285714285714,0.201415571284125,0.172822714432187,0.231888070358641,AY.1 OR AY.2 OR AY.3 OR AY.3.1 OR AY.3.2 OR AY.3.3 OR AY.3.4 OR AY.4 OR AY.4.1 OR AY.4.2 OR AY.4.2.1 OR AY.4.2.2 OR AY.4.2.3 OR AY.4.2.4 OR AY.4.2.5 OR AY.4.3 OR AY.4.4 OR AY.4.5 OR AY.4.6 OR AY.4.7 OR AY.4.8 OR AY.4.9 OR AY.4.10 OR AY.4.11 OR AY.4.12 OR AY.4.13 OR AY.4.14 OR AY.4.15 OR AY.4.16 OR AY.4.17 OR AY.5 OR AY.5.1 OR AY.5.2 OR AY.5.3 OR AY.5.4 OR AY.5.5 OR AY.5.6 OR AY.5.7 OR AY.6 OR AY.7 OR AY.7.1 OR AY.7.2 OR AY.8 OR AY.9 OR AY.9.1 OR AY.9.2 OR AY.9.2.1 OR AY.9.2.2 OR AY.10 OR AY.11 OR AY.12 OR AY.13 OR AY.14 OR AY.15 OR AY.16 OR AY.16.1 OR AY.17 OR AY.18 OR AY.19 OR AY.20 OR AY.20.1 OR AY.21 OR AY.22 OR AY.23 OR AY.23.1 OR AY.23.2 OR AY.24 OR AY.24.1 OR AY.25 OR AY.25.1 OR AY.25.1.1 OR AY.25.1.2 OR AY.25.2 OR AY.25.3 OR AY.26 OR AY.26.1 OR AY.27 OR AY.28 OR AY.29 OR AY.29.1 OR AY.29.2 OR AY.30 OR AY.31 OR AY.32 OR AY.33 OR AY.33.1 OR AY.33.2 OR AY.34 OR AY.34.1 OR AY.34.1.1 OR AY.34.2 OR AY.35 OR AY.36 OR AY.36.1 OR AY.37 OR AY.38 OR AY.39 OR AY.39.1 OR AY.39.1.1 OR AY.39.1.2 OR AY.39.1.3 OR AY.39.1.4 OR AY.39.2 OR AY.39.3 OR AY.39.4 OR AY.40 OR AY.41 OR AY.42 OR AY.42.1 OR AY.43 OR AY.43.1 OR AY.43.2 OR AY.43.3 OR AY.43.4 OR AY.43.5 OR AY.43.6 OR AY.43.7 OR AY.43.8 OR AY.43.9 OR AY.44 OR AY.45 OR AY.46 OR AY.46.1 OR AY.46.2 OR AY.46.3 OR AY.46.4 OR AY.46.5 OR AY.46.6 OR AY.46.6.1 OR AY.47 OR AY.48 OR AY.49 OR AY.50 OR AY.51 OR AY.52 OR AY.53 OR AY.54 OR AY.55 OR AY.56 OR AY.57 OR AY.58 OR AY.59 OR AY.60 OR AY.61 OR AY.62 OR AY.63 OR AY.64 OR AY.65 OR AY.66 OR AY.67 OR AY.68 OR AY.69 OR AY.70 OR AY.71 OR AY.72 OR AY.73 OR AY.74 OR AY.75 OR AY.75.1 OR AY.75.2 OR AY.75.3 OR AY.76 OR AY.77 OR AY.78 OR AY.79 OR AY.80 OR AY.81 OR AY.82 OR AY.83 OR AY.84 OR AY.85 OR AY.86 OR AY.87 OR AY.88 OR AY.89 OR AY.90 OR AY.91 OR AY.91.1 OR AY.92 OR AY.93 OR AY.94 OR AY.95 OR AY.96 OR AY.97 OR AY.98 OR AY.98.1 OR AY.98.1.1 OR AY.99 OR AY.99.1 OR AY.99.2 OR AY.100 OR AY.101 OR AY.102 OR AY.102.1 OR AY.102.2 OR AY.103 OR AY.103.1 OR AY.103.2 OR AY.104 OR AY.105 OR AY.106 OR AY.107 OR AY.108 OR AY.109 OR AY.110 OR AY.111 OR AY.112 OR AY.112.1 OR AY.112.2 OR AY.112.3 OR AY.113 OR AY.114 OR AY.115 OR AY.116 OR AY.116.1 OR AY.117 OR AY.118 OR AY.119 OR AY.119.1 OR AY.119.2 OR AY.120 OR AY.120.1 OR AY.120.2 OR AY.120.2.1 OR AY.121 OR AY.121.1 OR AY.122 OR AY.122.1 OR AY.122.2 OR AY.122.3 OR AY.122.4 OR AY.122.5 OR AY.122.6 OR AY.123 OR AY.123.1 OR AY.124 OR AY.124.1 OR AY.124.1.1 OR AY.125 OR AY.125.1 OR AY.126 OR AY.127 OR AY.127.1 OR AY.127.2 OR AY.127.3 OR AY.128 OR AY.129 OR AY.130 OR AY.131 OR AY.132 OR AY.133 OR AY.134 OR B.1.617.2,Delta,659.142857142857,211.142857142857,0.320329432162982
2022-01-18,890,112,727.285714285714,130.571428571429,0.179532508348065,0.153553273265177,0.209372174684247,AY.1 OR AY.2 OR AY.3 OR AY.3.1 OR AY.3.2 OR AY.3.3 OR AY.3.4 OR AY.4 OR AY.4.1 OR AY.4.2 OR AY.4.2.1 OR AY.4.2.2 OR AY.4.2.3 OR AY.4.2.4 OR AY.4.2.5 OR AY.4.3 OR AY.4.4 OR AY.4.5 OR AY.4.6 OR AY.4.7 OR AY.4.8 OR AY.4.9 OR AY.4.10 OR AY.4.11 OR AY.4.12 OR AY.4.13 OR AY.4.14 OR AY.4.15 OR AY.4.16 OR AY.4.17 OR AY.5 OR AY.5.1 OR AY.5.2 OR AY.5.3 OR AY.5.4 OR AY.5.5 OR AY.5.6 OR AY.5.7 OR AY.6 OR AY.7 OR AY.7.1 OR AY.7.2 OR AY.8 OR AY.9 OR AY.9.1 OR AY.9.2 OR AY.9.2.1 OR AY.9.2.2 OR AY.10 OR AY.11 OR AY.12 OR AY.13 OR AY.14 OR AY.15 OR AY.16 OR AY.16.1 OR AY.17 OR AY.18 OR AY.19 OR AY.20 OR AY.20.1 OR AY.21 OR AY.22 OR AY.23 OR AY.23.1 OR AY.23.2 OR AY.24 OR AY.24.1 OR AY.25 OR AY.25.1 OR AY.25.1.1 OR AY.25.1.2 OR AY.25.2 OR AY.25.3 OR AY.26 OR AY.26.1 OR AY.27 OR AY.28 OR AY.29 OR AY.29.1 OR AY.29.2 OR AY.30 OR AY.31 OR AY.32 OR AY.33 OR AY.33.1 OR AY.33.2 OR AY.34 OR AY.34.1 OR AY.34.1.1 OR AY.34.2 OR AY.35 OR AY.36 OR AY.36.1 OR AY.37 OR AY.38 OR AY.39 OR AY.39.1 OR AY.39.1.1 OR AY.39.1.2 OR AY.39.1.3 OR AY.39.1.4 OR AY.39.2 OR AY.39.3 OR AY.39.4 OR AY.40 OR AY.41 OR AY.42 OR AY.42.1 OR AY.43 OR AY.43.1 OR AY.43.2 OR AY.43.3 OR AY.43.4 OR AY.43.5 OR AY.43.6 OR AY.43.7 OR AY.43.8 OR AY.43.9 OR AY.44 OR AY.45 OR AY.46 OR AY.46.1 OR AY.46.2 OR AY.46.3 OR AY.46.4 OR AY.46.5 OR AY.46.6 OR AY.46.6.1 OR AY.47 OR AY.48 OR AY.49 OR AY.50 OR AY.51 OR AY.52 OR AY.53 OR AY.54 OR AY.55 OR AY.56 OR AY.57 OR AY.58 OR AY.59 OR AY.60 OR AY.61 OR AY.62 OR AY.63 OR AY.64 OR AY.65 OR AY.66 OR AY.67 OR AY.68 OR AY.69 OR AY.70 OR AY.71 OR AY.72 OR AY.73 OR AY.74 OR AY.75 OR AY.75.1 OR AY.75.2 OR AY.75.3 OR AY.76 OR AY.77 OR AY.78 OR AY.79 OR AY.80 OR AY.81 OR AY.82 OR AY.83 OR AY.84 OR AY.85 OR AY.86 OR AY.87 OR AY.88 OR AY.89 OR AY.90 OR AY.91 OR AY.91.1 OR AY.92 OR AY.93 OR AY.94 OR AY.95 OR AY.96 OR AY.97 OR AY.98 OR AY.98.1 OR AY.98.1.1 OR AY.99 OR AY.99.1 OR AY.99.2 OR AY.100 OR AY.101 OR AY.102 OR AY.102.1 OR AY.102.2 OR AY.103 OR AY.103.1 OR AY.103.2 OR AY.104 OR AY.105 OR AY.106 OR AY.107 OR AY.108 OR AY.109 OR AY.110 OR AY.111 OR AY.112 OR AY.112.1 OR AY.112.2 OR AY.112.3 OR AY.113 OR AY.114 OR AY.115 OR AY.116 OR AY.116.1 OR AY.117 OR AY.118 OR AY.119 OR AY.119.1 OR AY.119.2 OR AY.120 OR AY.120.1 OR AY.120.2 OR AY.120.2.1 OR AY.121 OR AY.121.1 OR AY.122 OR AY.122.1 OR AY.122.2 OR AY.122.3 OR AY.122.4 OR AY.122.5 OR AY.122.6 OR AY.123 OR AY.123.1 OR AY.124 OR AY.124.1 OR AY.124.1.1 OR AY.125 OR AY.125.1 OR AY.126 OR AY.127 OR AY.127.1 OR AY.127.2 OR AY.127.3 OR AY.128 OR AY.129 OR AY.130 OR AY.131 OR AY.132 OR AY.133 OR AY.134 OR B.1.617.2,Delta,660.428571428572,185.071428571429,0.280229288340904
2022-01-19,813,45,717,105,0.146443514644351,0.12200880086149,0.173725451814767,AY.1 OR AY.2 OR AY.3 OR AY.3.1 OR AY.3.2 OR AY.3.3 OR AY.3.4 OR AY.4 OR AY.4.1 OR AY.4.2 OR AY.4.2.1 OR AY.4.2.2 OR AY.4.2.3 OR AY.4.2.4 OR AY.4.2.5 OR AY.4.3 OR AY.4.4 OR AY.4.5 OR AY.4.6 OR AY.4.7 OR AY.4.8 OR AY.4.9 OR AY.4.10 OR AY.4.11 OR AY.4.12 OR AY.4.13 OR AY.4.14 OR AY.4.15 OR AY.4.16 OR AY.4.17 OR AY.5 OR AY.5.1 OR AY.5.2 OR AY.5.3 OR AY.5.4 OR AY.5.5 OR AY.5.6 OR AY.5.7 OR AY.6 OR AY.7 OR AY.7.1 OR AY.7.2 OR AY.8 OR AY.9 OR AY.9.1 OR AY.9.2 OR AY.9.2.1 OR AY.9.2.2 OR AY.10 OR AY.11 OR AY.12 OR AY.13 OR AY.14 OR AY.15 OR AY.16 OR AY.16.1 OR AY.17 OR AY.18 OR AY.19 OR AY.20 OR AY.20.1 OR AY.21 OR AY.22 OR AY.23 OR AY.23.1 OR AY.23.2 OR AY.24 OR AY.24.1 OR AY.25 OR AY.25.1 OR AY.25.1.1 OR AY.25.1.2 OR AY.25.2 OR AY.25.3 OR AY.26 OR AY.26.1 OR AY.27 OR AY.28 OR AY.29 OR AY.29.1 OR AY.29.2 OR AY.30 OR AY.31 OR AY.32 OR AY.33 OR AY.33.1 OR AY.33.2 OR AY.34 OR AY.34.1 OR AY.34.1.1 OR AY.34.2 OR AY.35 OR AY.36 OR AY.36.1 OR AY.37 OR AY.38 OR AY.39 OR AY.39.1 OR AY.39.1.1 OR AY.39.1.2 OR AY.39.1.3 OR AY.39.1.4 OR AY.39.2 OR AY.39.3 OR AY.39.4 OR AY.40 OR AY.41 OR AY.42 OR AY.42.1 OR AY.43 OR AY.43.1 OR AY.43.2 OR AY.43.3 OR AY.43.4 OR AY.43.5 OR AY.43.6 OR AY.43.7 OR AY.43.8 OR AY.43.9 OR AY.44 OR AY.45 OR AY.46 OR AY.46.1 OR AY.46.2 OR AY.46.3 OR AY.46.4 OR AY.46.5 OR AY.46.6 OR AY.46.6.1 OR AY.47 OR AY.48 OR AY.49 OR AY.50 OR AY.51 OR AY.52 OR AY.53 OR AY.54 OR AY.55 OR AY.56 OR AY.57 OR AY.58 OR AY.59 OR AY.60 OR AY.61 OR AY.62 OR AY.63 OR AY.64 OR AY.65 OR AY.66 OR AY.67 OR AY.68 OR AY.69 OR AY.70 OR AY.71 OR AY.72 OR AY.73 OR AY.74 OR AY.75 OR AY.75.1 OR AY.75.2 OR AY.75.3 OR AY.76 OR AY.77 OR AY.78 OR AY.79 OR AY.80 OR AY.81 OR AY.82 OR AY.83 OR AY.84 OR AY.85 OR AY.86 OR AY.87 OR AY.88 OR AY.89 OR AY.90 OR AY.91 OR AY.91.1 OR AY.92 OR AY.93 OR AY.94 OR AY.95 OR AY.96 OR AY.97 OR AY.98 OR AY.98.1 OR AY.98.1.1 OR AY.99 OR AY.99.1 OR AY.99.2 OR AY.100 OR AY.101 OR AY.102 OR AY.102.1 OR AY.102.2 OR AY.103 OR AY.103.1 OR AY.103.2 OR AY.104 OR AY.105 OR AY.106 OR AY.107 OR AY.108 OR AY.109 OR AY.110 OR AY.111 OR AY.112 OR AY.112.1 OR AY.112.2 OR AY.112.3 OR AY.113 OR AY.114 OR AY.115 OR AY.116 OR AY.116.1 OR AY.117 OR AY.118 OR AY.119 OR AY.119.1 OR AY.119.2 OR AY.120 OR AY.120.1 OR AY.120.2 OR AY.120.2.1 OR AY.121 OR AY.121.1 OR AY.122 OR AY.122.1 OR AY.122.2 OR AY.122.3 OR AY.122.4 OR AY.122.5 OR AY.122.6 OR AY.123 OR AY.123.1 OR AY.124 OR AY.124.1 OR AY.124.1.1 OR AY.125 OR AY.125.1 OR AY.126 OR AY.127 OR AY.127.1 OR AY.127.2 OR AY.127.3 OR AY.128 OR AY.129 OR AY.130 OR AY.131 OR AY.132 OR AY.133 OR AY.134 OR B.1.617.2,Delta,672.571428571429,166.357142857143,0.247344944774851
2022-01-20,787,39,738.285714285714,94.1428571428571,0.127515479876161,0.104788917860668,0.152869078043207,AY.1 OR AY.2 OR AY.3 OR AY.3.1 OR AY.3.2 OR AY.3.3 OR AY.3.4 OR AY.4 OR AY.4.1 OR AY.4.2 OR AY.4.2.1 OR AY.4.2.2 OR AY.4.2.3 OR AY.4.2.4 OR AY.4.2.5 OR AY.4.3 OR AY.4.4 OR AY.4.5 OR AY.4.6 OR AY.4.7 OR AY.4.8 OR AY.4.9 OR AY.4.10 OR AY.4.11 OR AY.4.12 OR AY.4.13 OR AY.4.14 OR AY.4.15 OR AY.4.16 OR AY.4.17 OR AY.5 OR AY.5.1 OR AY.5.2 OR AY.5.3 OR AY.5.4 OR AY.5.5 OR AY.5.6 OR AY.5.7 OR AY.6 OR AY.7 OR AY.7.1 OR AY.7.2 OR AY.8 OR AY.9 OR AY.9.1 OR AY.9.2 OR AY.9.2.1 OR AY.9.2.2 OR AY.10 OR AY.11 OR AY.12 OR AY.13 OR AY.14 OR AY.15 OR AY.16 OR AY.16.1 OR AY.17 OR AY.18 OR AY.19 OR AY.20 OR AY.20.1 OR AY.21 OR AY.22 OR AY.23 OR AY.23.1 OR AY.23.2 OR AY.24 OR AY.24.1 OR AY.25 OR AY.25.1 OR AY.25.1.1 OR AY.25.1.2 OR AY.25.2 OR AY.25.3 OR AY.26 OR AY.26.1 OR AY.27 OR AY.28 OR AY.29 OR AY.29.1 OR AY.29.2 OR AY.30 OR AY.31 OR AY.32 OR AY.33 OR AY.33.1 OR AY.33.2 OR AY.34 OR AY.34.1 OR AY.34.1.1 OR AY.34.2 OR AY.35 OR AY.36 OR AY.36.1 OR AY.37 OR AY.38 OR AY.39 OR AY.39.1 OR AY.39.1.1 OR AY.39.1.2 OR AY.39.1.3 OR AY.39.1.4 OR AY.39.2 OR AY.39.3 OR AY.39.4 OR AY.40 OR AY.41 OR AY.42 OR AY.42.1 OR AY.43 OR AY.43.1 OR AY.43.2 OR AY.43.3 OR AY.43.4 OR AY.43.5 OR AY.43.6 OR AY.43.7 OR AY.43.8 OR AY.43.9 OR AY.44 OR AY.45 OR AY.46 OR AY.46.1 OR AY.46.2 OR AY.46.3 OR AY.46.4 OR AY.46.5 OR AY.46.6 OR AY.46.6.1 OR AY.47 OR AY.48 OR AY.49 OR AY.50 OR AY.51 OR AY.52 OR AY.53 OR AY.54 OR AY.55 OR AY.56 OR AY.57 OR AY.58 OR AY.59 OR AY.60 OR AY.61 OR AY.62 OR AY.63 OR AY.64 OR AY.65 OR AY.66 OR AY.67 OR AY.68 OR AY.69 OR AY.70 OR AY.71 OR AY.72 OR AY.73 OR AY.74 OR AY.75 OR AY.75.1 OR AY.75.2 OR AY.75.3 OR AY.76 OR AY.77 OR AY.78 OR AY.79 OR AY.80 OR AY.81 OR AY.82 OR AY.83 OR AY.84 OR AY.85 OR AY.86 OR AY.87 OR AY.88 OR AY.89 OR AY.90 OR AY.91 OR AY.91.1 OR AY.92 OR AY.93 OR AY.94 OR AY.95 OR AY.96 OR AY.97 OR AY.98 OR AY.98.1 OR AY.98.1.1 OR AY.99 OR AY.99.1 OR AY.99.2 OR AY.100 OR AY.101 OR AY.102 OR AY.102.1 OR AY.102.2 OR AY.103 OR AY.103.1 OR AY.103.2 OR AY.104 OR AY.105 OR AY.106 OR AY.107 OR AY.108 OR AY.109 OR AY.110 OR AY.111 OR AY.112 OR AY.112.1 OR AY.112.2 OR AY.112.3 OR AY.113 OR AY.114 OR AY.115 OR AY.116 OR AY.116.1 OR AY.117 OR AY.118 OR AY.119 OR AY.119.1 OR AY.119.2 OR AY.120 OR AY.120.1 OR AY.120.2 OR AY.120.2.1 OR AY.121 OR AY.121.1 OR AY.122 OR AY.122.1 OR AY.122.2 OR AY.122.3 OR AY.122.4 OR AY.122.5 OR AY.122.6 OR AY.123 OR AY.123.1 OR AY.124 OR AY.124.1 OR AY.124.1.1 OR AY.125 OR AY.125.1 OR AY.126 OR AY.127 OR AY.127.1 OR AY.127.2 OR AY.127.3 OR AY.128 OR AY.129 OR AY.130 OR AY.131 OR AY.132 OR AY.133 OR AY.134 OR B.1.617.2,Delta,687.285714285714,151.5,0.220432342548327
2022-01-21,752,42,747,82.5714285714286,0.110537387645821,0.0900838576621719,0.135144251512084,AY.1 OR AY.2 OR AY.3 OR AY.3.1 OR AY.3.2 OR AY.3.3 OR AY.3.4 OR AY.4 OR AY.4.1 OR AY.4.2 OR AY.4.2.1 OR AY.4.2.2 OR AY.4.2.3 OR AY.4.2.4 OR AY.4.2.5 OR AY.4.3 OR AY.4.4 OR AY.4.5 OR AY.4.6 OR AY.4.7 OR AY.4.8 OR AY.4.9 OR AY.4.10 OR AY.4.11 OR AY.4.12 OR AY.4.13 OR AY.4.14 OR AY.4.15 OR AY.4.16 OR AY.4.17 OR AY.5 OR AY.5.1 OR AY.5.2 OR AY.5.3 OR AY.5.4 OR AY.5.5 OR AY.5.6 OR AY.5.7 OR AY.6 OR AY.7 OR AY.7.1 OR AY.7.2 OR AY.8 OR AY.9 OR AY.9.1 OR AY.9.2 OR AY.9.2.1 OR AY.9.2.2 OR AY.10 OR AY.11 OR AY.12 OR AY.13 OR AY.14 OR AY.15 OR AY.16 OR AY.16.1 OR AY.17 OR AY.18 OR AY.19 OR AY.20 OR AY.20.1 OR AY.21 OR AY.22 OR AY.23 OR AY.23.1 OR AY.23.2 OR AY.24 OR AY.24.1 OR AY.25 OR AY.25.1 OR AY.25.1.1 OR AY.25.1.2 OR AY.25.2 OR AY.25.3 OR AY.26 OR AY.26.1 OR AY.27 OR AY.28 OR AY.29 OR AY.29.1 OR AY.29.2 OR AY.30 OR AY.31 OR AY.32 OR AY.33 OR AY.33.1 OR AY.33.2 OR AY.34 OR AY.34.1 OR AY.34.1.1 OR AY.34.2 OR AY.35 OR AY.36 OR AY.36.1 OR AY.37 OR AY.38 OR AY.39 OR AY.39.1 OR AY.39.1.1 OR AY.39.1.2 OR AY.39.1.3 OR AY.39.1.4 OR AY.39.2 OR AY.39.3 OR AY.39.4 OR AY.40 OR AY.41 OR AY.42 OR AY.42.1 OR AY.43 OR AY.43.1 OR AY.43.2 OR AY.43.3 OR AY.43.4 OR AY.43.5 OR AY.43.6 OR AY.43.7 OR AY.43.8 OR AY.43.9 OR AY.44 OR AY.45 OR AY.46 OR AY.46.1 OR AY.46.2 OR AY.46.3 OR AY.46.4 OR AY.46.5 OR AY.46.6 OR AY.46.6.1 OR AY.47 OR AY.48 OR AY.49 OR AY.50 OR AY.51 OR AY.52 OR AY.53 OR AY.54 OR AY.55 OR AY.56 OR AY.57 OR AY.58 OR AY.59 OR AY.60 OR AY.61 OR AY.62 OR AY.63 OR AY.64 OR AY.65 OR AY.66 OR AY.67 OR AY.68 OR AY.69 OR AY.70 OR AY.71 OR AY.72 OR AY.73 OR AY.74 OR AY.75 OR AY.75.1 OR AY.75.2 OR AY.75.3 OR AY.76 OR AY.77 OR AY.78 OR AY.79 OR AY.80 OR AY.81 OR AY.82 OR AY.83 OR AY.84 OR AY.85 OR AY.86 OR AY.87 OR AY.88 OR AY.89 OR AY.90 OR AY.91 OR AY.91.1 OR AY.92 OR AY.93 OR AY.94 OR AY.95 OR AY.96 OR AY.97 OR AY.98 OR AY.98.1 OR AY.98.1.1 OR AY.99 OR AY.99.1 OR AY.99.2 OR AY.100 OR AY.101 OR AY.102 OR AY.102.1 OR AY.102.2 OR AY.103 OR AY.103.1 OR AY.103.2 OR AY.104 OR AY.105 OR AY.106 OR AY.107 OR AY.108 OR AY.109 OR AY.110 OR AY.111 OR AY.112 OR AY.112.1 OR AY.112.2 OR AY.112.3 OR AY.113 OR AY.114 OR AY.115 OR AY.116 OR AY.116.1 OR AY.117 OR AY.118 OR AY.119 OR AY.119.1 OR AY.119.2 OR AY.120 OR AY.120.1 OR AY.120.2 OR AY.120.2.1 OR AY.121 OR AY.121.1 OR AY.122 OR AY.122.1 OR AY.122.2 OR AY.122.3 OR AY.122.4 OR AY.122.5 OR AY.122.6 OR AY.123 OR AY.123.1 OR AY.124 OR AY.124.1 OR AY.124.1.1 OR AY.125 OR AY.125.1 OR AY.126 OR AY.127 OR AY.127.1 OR AY.127.2 OR AY.127.3 OR AY.128 OR AY.129 OR AY.130 OR AY.131 OR AY.132 OR AY.133 OR AY.134 OR B.1.617.2,Delta,700.214285714286,135.928571428571,0.194124247679282
2022-01-22,662,22,756.142857142857,66.5714285714286,0.0880408086151521,0.0699323174353894,0.110457858141834,AY.1 OR AY.2 OR AY.3 OR AY.3.1 OR AY.3.2 OR AY.3.3 OR AY.3.4 OR AY.4 OR AY.4.1 OR AY.4.2 OR AY.4.2.1 OR AY.4.2.2 OR AY.4.2.3 OR AY.4.2.4 OR AY.4.2.5 OR AY.4.3 OR AY.4.4 OR AY.4.5 OR AY.4.6 OR AY.4.7 OR AY.4.8 OR AY.4.9 OR AY.4.10 OR AY.4.11 OR AY.4.12 OR AY.4.13 OR AY.4.14 OR AY.4.15 OR AY.4.16 OR AY.4.17 OR AY.5 OR AY.5.1 OR AY.5.2 OR AY.5.3 OR AY.5.4 OR AY.5.5 OR AY.5.6 OR AY.5.7 OR AY.6 OR AY.7 OR AY.7.1 OR AY.7.2 OR AY.8 OR AY.9 OR AY.9.1 OR AY.9.2 OR AY.9.2.1 OR AY.9.2.2 OR AY.10 OR AY.11 OR AY.12 OR AY.13 OR AY.14 OR AY.15 OR AY.16 OR AY.16.1 OR AY.17 OR AY.18 OR AY.19 OR AY.20 OR AY.20.1 OR AY.21 OR AY.22 OR AY.23 OR AY.23.1 OR AY.23.2 OR AY.24 OR AY.24.1 OR AY.25 OR AY.25.1 OR AY.25.1.1 OR AY.25.1.2 OR AY.25.2 OR AY.25.3 OR AY.26 OR AY.26.1 OR AY.27 OR AY.28 OR AY.29 OR AY.29.1 OR AY.29.2 OR AY.30 OR AY.31 OR AY.32 OR AY.33 OR AY.33.1 OR AY.33.2 OR AY.34 OR AY.34.1 OR AY.34.1.1 OR AY.34.2 OR AY.35 OR AY.36 OR AY.36.1 OR AY.37 OR AY.38 OR AY.39 OR AY.39.1 OR AY.39.1.1 OR AY.39.1.2 OR AY.39.1.3 OR AY.39.1.4 OR AY.39.2 OR AY.39.3 OR AY.39.4 OR AY.40 OR AY.41 OR AY.42 OR AY.42.1 OR AY.43 OR AY.43.1 OR AY.43.2 OR AY.43.3 OR AY.43.4 OR AY.43.5 OR AY.43.6 OR AY.43.7 OR AY.43.8 OR AY.43.9 OR AY.44 OR AY.45 OR AY.46 OR AY.46.1 OR AY.46.2 OR AY.46.3 OR AY.46.4 OR AY.46.5 OR AY.46.6 OR AY.46.6.1 OR AY.47 OR AY.48 OR AY.49 OR AY.50 OR AY.51 OR AY.52 OR AY.53 OR AY.54 OR AY.55 OR AY.56 OR AY.57 OR AY.58 OR AY.59 OR AY.60 OR AY.61 OR AY.62 OR AY.63 OR AY.64 OR AY.65 OR AY.66 OR AY.67 OR AY.68 OR AY.69 OR AY.70 OR AY.71 OR AY.72 OR AY.73 OR AY.74 OR AY.75 OR AY.75.1 OR AY.75.2 OR AY.75.3 OR AY.76 OR AY.77 OR AY.78 OR AY.79 OR AY.80 OR AY.81 OR AY.82 OR AY.83 OR AY.84 OR AY.85 OR AY.86 OR AY.87 OR AY.88 OR AY.89 OR AY.90 OR AY.91 OR AY.91.1 OR AY.92 OR AY.93 OR AY.94 OR AY.95 OR AY.96 OR AY.97 OR AY.98 OR AY.98.1 OR AY.98.1.1 OR AY.99 OR AY.99.1 OR AY.99.2 OR AY.100 OR AY.101 OR AY.102 OR AY.102.1 OR AY.102.2 OR AY.103 OR AY.103.1 OR AY.103.2 OR AY.104 OR AY.105 OR AY.106 OR AY.107 OR AY.108 OR AY.109 OR AY.110 OR AY.111 OR AY.112 OR AY.112.1 OR AY.112.2 OR AY.112.3 OR AY.113 OR AY.114 OR AY.115 OR AY.116 OR AY.116.1 OR AY.117 OR AY.118 OR AY.119 OR AY.119.1 OR AY.119.2 OR AY.120 OR AY.120.1 OR AY.120.2 OR AY.120.2.1 OR AY.121 OR AY.121.1 OR AY.122 OR AY.122.1 OR AY.122.2 OR AY.122.3 OR AY.122.4 OR AY.122.5 OR AY.122.6 OR AY.123 OR AY.123.1 OR AY.124 OR AY.124.1 OR AY.124.1.1 OR AY.125 OR AY.125.1 OR AY.126 OR AY.127 OR AY.127.1 OR AY.127.2 OR AY.127.3 OR AY.128 OR AY.129 OR AY.130 OR AY.131 OR AY.132 OR AY.133 OR AY.134 OR B.1.617.2,Delta,720.357142857143,124.571428571429,0.172930094199306
2022-01-23,536,26,775.285714285714,62.2857142857143,0.0803390455131749,0.0624556988232098,0.100673003116775,AY.1 OR AY.2 OR AY.3 OR AY.3.1 OR AY.3.2 OR AY.3.3 OR AY.3.4 OR AY.4 OR AY.4.1 OR AY.4.2 OR AY.4.2.1 OR AY.4.2.2 OR AY.4.2.3 OR AY.4.2.4 OR AY.4.2.5 OR AY.4.3 OR AY.4.4 OR AY.4.5 OR AY.4.6 OR AY.4.7 OR AY.4.8 OR AY.4.9 OR AY.4.10 OR AY.4.11 OR AY.4.12 OR AY.4.13 OR AY.4.14 OR AY.4.15 OR AY.4.16 OR AY.4.17 OR AY.5 OR AY.5.1 OR AY.5.2 OR AY.5.3 OR AY.5.4 OR AY.5.5 OR AY.5.6 OR AY.5.7 OR AY.6 OR AY.7 OR AY.7.1 OR AY.7.2 OR AY.8 OR AY.9 OR AY.9.1 OR AY.9.2 OR AY.9.2.1 OR AY.9.2.2 OR AY.10 OR AY.11 OR AY.12 OR AY.13 OR AY.14 OR AY.15 OR AY.16 OR AY.16.1 OR AY.17 OR AY.18 OR AY.19 OR AY.20 OR AY.20.1 OR AY.21 OR AY.22 OR AY.23 OR AY.23.1 OR AY.23.2 OR AY.24 OR AY.24.1 OR AY.25 OR AY.25.1 OR AY.25.1.1 OR AY.25.1.2 OR AY.25.2 OR AY.25.3 OR AY.26 OR AY.26.1 OR AY.27 OR AY.28 OR AY.29 OR AY.29.1 OR AY.29.2 OR AY.30 OR AY.31 OR AY.32 OR AY.33 OR AY.33.1 OR AY.33.2 OR AY.34 OR AY.34.1 OR AY.34.1.1 OR AY.34.2 OR AY.35 OR AY.36 OR AY.36.1 OR AY.37 OR AY.38 OR AY.39 OR AY.39.1 OR AY.39.1.1 OR AY.39.1.2 OR AY.39.1.3 OR AY.39.1.4 OR AY.39.2 OR AY.39.3 OR AY.39.4 OR AY.40 OR AY.41 OR AY.42 OR AY.42.1 OR AY.43 OR AY.43.1 OR AY.43.2 OR AY.43.3 OR AY.43.4 OR AY.43.5 OR AY.43.6 OR AY.43.7 OR AY.43.8 OR AY.43.9 OR AY.44 OR AY.45 OR AY.46 OR AY.46.1 OR AY.46.2 OR AY.46.3 OR AY.46.4 OR AY.46.5 OR AY.46.6 OR AY.46.6.1 OR AY.47 OR AY.48 OR AY.49 OR AY.50 OR AY.51 OR AY.52 OR AY.53 OR AY.54 OR AY.55 OR AY.56 OR AY.57 OR AY.58 OR AY.59 OR AY.60 OR AY.61 OR AY.62 OR AY.63 OR AY.64 OR AY.65 OR AY.66 OR AY.67 OR AY.68 OR AY.69 OR AY.70 OR AY.71 OR AY.72 OR AY.73 OR AY.74 OR AY.75 OR AY.75.1 OR AY.75.2 OR AY.75.3 OR AY.76 OR AY.77 OR AY.78 OR AY.79 OR AY.80 OR AY.81 OR AY.82 OR AY.83 OR AY.84 OR AY.85 OR AY.86 OR AY.87 OR AY.88 OR AY.89 OR AY.90 OR AY.91 OR AY.91.1 OR AY.92 OR AY.93 OR AY.94 OR AY.95 OR AY.96 OR AY.97 OR AY.98 OR AY.98.1 OR AY.98.1.1 OR AY.99 OR AY.99.1 OR AY.99.2 OR AY.100 OR AY.101 OR AY.102 OR AY.102.1 OR AY.102.2 OR AY.103 OR AY.103.1 OR AY.103.2 OR AY.104 OR AY.105 OR AY.106 OR AY.107 OR AY.108 OR AY.109 OR AY.110 OR AY.111 OR AY.112 OR AY.112.1 OR AY.112.2 OR AY.112.3 OR AY.113 OR AY.114 OR AY.115 OR AY.116 OR AY.116.1 OR AY.117 OR AY.118 OR AY.119 OR AY.119.1 OR AY.119.2 OR AY.120 OR AY.120.1 OR AY.120.2 OR AY.120.2.1 OR AY.121 OR AY.121.1 OR AY.122 OR AY.122.1 OR AY.122.2 OR AY.122.3 OR AY.122.4 OR AY.122.5 OR AY.122.6 OR AY.123 OR AY.123.1 OR AY.124 OR AY.124.1 OR AY.124.1.1 OR AY.125 OR AY.125.1 OR AY.126 OR AY.127 OR AY.127.1 OR AY.127.2 OR AY.127.3 OR AY.128 OR AY.129 OR AY.130 OR AY.131 OR AY.132 OR AY.133 OR AY.134 OR B.1.617.2,Delta,729.571428571429,114.071428571429,0.15635402388878
2022-01-24,957,46,771,47.4285714285714,0.0615156568463962,0.0456934984282097,0.0795127707103012,AY.1 OR AY.2 OR AY.3 OR AY.3.1 OR AY.3.2 OR AY.3.3 OR AY.3.4 OR AY.4 OR AY.4.1 OR AY.4.2 OR AY.4.2.1 OR AY.4.2.2 OR AY.4.2.3 OR AY.4.2.4 OR AY.4.2.5 OR AY.4.3 OR AY.4.4 OR AY.4.5 OR AY.4.6 OR AY.4.7 OR AY.4.8 OR AY.4.9 OR AY.4.10 OR AY.4.11 OR AY.4.12 OR AY.4.13 OR AY.4.14 OR AY.4.15 OR AY.4.16 OR AY.4.17 OR AY.5 OR AY.5.1 OR AY.5.2 OR AY.5.3 OR AY.5.4 OR AY.5.5 OR AY.5.6 OR AY.5.7 OR AY.6 OR AY.7 OR AY.7.1 OR AY.7.2 OR AY.8 OR AY.9 OR AY.9.1 OR AY.9.2 OR AY.9.2.1 OR AY.9.2.2 OR AY.10 OR AY.11 OR AY.12 OR AY.13 OR AY.14 OR AY.15 OR AY.16 OR AY.16.1 OR AY.17 OR AY.18 OR AY.19 OR AY.20 OR AY.20.1 OR AY.21 OR AY.22 OR AY.23 OR AY.23.1 OR AY.23.2 OR AY.24 OR AY.24.1 OR AY.25 OR AY.25.1 OR AY.25.1.1 OR AY.25.1.2 OR AY.25.2 OR AY.25.3 OR AY.26 OR AY.26.1 OR AY.27 OR AY.28 OR AY.29 OR AY.29.1 OR AY.29.2 OR AY.30 OR AY.31 OR AY.32 OR AY.33 OR AY.33.1 OR AY.33.2 OR AY.34 OR AY.34.1 OR AY.34.1.1 OR AY.34.2 OR AY.35 OR AY.36 OR AY.36.1 OR AY.37 OR AY.38 OR AY.39 OR AY.39.1 OR AY.39.1.1 OR AY.39.1.2 OR AY.39.1.3 OR AY.39.1.4 OR AY.39.2 OR AY.39.3 OR AY.39.4 OR AY.40 OR AY.41 OR AY.42 OR AY.42.1 OR AY.43 OR AY.43.1 OR AY.43.2 OR AY.43.3 OR AY.43.4 OR AY.43.5 OR AY.43.6 OR AY.43.7 OR AY.43.8 OR AY.43.9 OR AY.44 OR AY.45 OR AY.46 OR AY.46.1 OR AY.46.2 OR AY.46.3 OR AY.46.4 OR AY.46.5 OR AY.46.6 OR AY.46.6.1 OR AY.47 OR AY.48 OR AY.49 OR AY.50 OR AY.51 OR AY.52 OR AY.53 OR AY.54 OR AY.55 OR AY.56 OR AY.57 OR AY.58 OR AY.59 OR AY.60 OR AY.61 OR AY.62 OR AY.63 OR AY.64 OR AY.65 OR AY.66 OR AY.67 OR AY.68 OR AY.69 OR AY.70 OR AY.71 OR AY.72 OR AY.73 OR AY.74 OR AY.75 OR AY.75.1 OR AY.75.2 OR AY.75.3 OR AY.76 OR AY.77 OR AY.78 OR AY.79 OR AY.80 OR AY.81 OR AY.82 OR AY.83 OR AY.84 OR AY.85 OR AY.86 OR AY.87 OR AY.88 OR AY.89 OR AY.90 OR AY.91 OR AY.91.1 OR AY.92 OR AY.93 OR AY.94 OR AY.95 OR AY.96 OR AY.97 OR AY.98 OR AY.98.1 OR AY.98.1.1 OR AY.99 OR AY.99.1 OR AY.99.2 OR AY.100 OR AY.101 OR AY.102 OR AY.102.1 OR AY.102.2 OR AY.103 OR AY.103.1 OR AY.103.2 OR AY.104 OR AY.105 OR AY.106 OR AY.107 OR AY.108 OR AY.109 OR AY.110 OR AY.111 OR AY.112 OR AY.112.1 OR AY.112.2 OR AY.112.3 OR AY.113 OR AY.114 OR AY.115 OR AY.116 OR AY.116.1 OR AY.117 OR AY.118 OR AY.119 OR AY.119.1 OR AY.119.2 OR AY.120 OR AY.120.1 OR AY.120.2 OR AY.120.2.1 OR AY.121 OR AY.121.1 OR AY.122 OR AY.122.1 OR AY.122.2 OR AY.122.3 OR AY.122.4 OR AY.122.5 OR AY.122.6 OR AY.123 OR AY.123.1 OR AY.124 OR AY.124.1 OR AY.124.1.1 OR AY.125 OR AY.125.1 OR AY.126 OR AY.127 OR AY.127.1 OR AY.127.2 OR AY.127.3 OR AY.128 OR AY.129 OR AY.130 OR AY.131 OR AY.132 OR AY.133 OR AY.134 OR B.1.617.2,Delta,738.714285714286,94.8571428571429,0.128408431637981
2022-01-25,1122,22,804.142857142857,34.5714285714286,0.0429916503819506,0.0310299619115981,0.0593107483607088,AY.1 OR AY.2 OR AY.3 OR AY.3.1 OR AY.3.2 OR AY.3.3 OR AY.3.4 OR AY.4 OR AY.4.1 OR AY.4.2 OR AY.4.2.1 OR AY.4.2.2 OR AY.4.2.3 OR AY.4.2.4 OR AY.4.2.5 OR AY.4.3 OR AY.4.4 OR AY.4.5 OR AY.4.6 OR AY.4.7 OR AY.4.8 OR AY.4.9 OR AY.4.10 OR AY.4.11 OR AY.4.12 OR AY.4.13 OR AY.4.14 OR AY.4.15 OR AY.4.16 OR AY.4.17 OR AY.5 OR AY.5.1 OR AY.5.2 OR AY.5.3 OR AY.5.4 OR AY.5.5 OR AY.5.6 OR AY.5.7 OR AY.6 OR AY.7 OR AY.7.1 OR AY.7.2 OR AY.8 OR AY.9 OR AY.9.1 OR AY.9.2 OR AY.9.2.1 OR AY.9.2.2 OR AY.10 OR AY.11 OR AY.12 OR AY.13 OR AY.14 OR AY.15 OR AY.16 OR AY.16.1 OR AY.17 OR AY.18 OR AY.19 OR AY.20 OR AY.20.1 OR AY.21 OR AY.22 OR AY.23 OR AY.23.1 OR AY.23.2 OR AY.24 OR AY.24.1 OR AY.25 OR AY.25.1 OR AY.25.1.1 OR AY.25.1.2 OR AY.25.2 OR AY.25.3 OR AY.26 OR AY.26.1 OR AY.27 OR AY.28 OR AY.29 OR AY.29.1 OR AY.29.2 OR AY.30 OR AY.31 OR AY.32 OR AY.33 OR AY.33.1 OR AY.33.2 OR AY.34 OR AY.34.1 OR AY.34.1.1 OR AY.34.2 OR AY.35 OR AY.36 OR AY.36.1 OR AY.37 OR AY.38 OR AY.39 OR AY.39.1 OR AY.39.1.1 OR AY.39.1.2 OR AY.39.1.3 OR AY.39.1.4 OR AY.39.2 OR AY.39.3 OR AY.39.4 OR AY.40 OR AY.41 OR AY.42 OR AY.42.1 OR AY.43 OR AY.43.1 OR AY.43.2 OR AY.43.3 OR AY.43.4 OR AY.43.5 OR AY.43.6 OR AY.43.7 OR AY.43.8 OR AY.43.9 OR AY.44 OR AY.45 OR AY.46 OR AY.46.1 OR AY.46.2 OR AY.46.3 OR AY.46.4 OR AY.46.5 OR AY.46.6 OR AY.46.6.1 OR AY.47 OR AY.48 OR AY.49 OR AY.50 OR AY.51 OR AY.52 OR AY.53 OR AY.54 OR AY.55 OR AY.56 OR AY.57 OR AY.58 OR AY.59 OR AY.60 OR AY.61 OR AY.62 OR AY.63 OR AY.64 OR AY.65 OR AY.66 OR AY.67 OR AY.68 OR AY.69 OR AY.70 OR AY.71 OR AY.72 OR AY.73 OR AY.74 OR AY.75 OR AY.75.1 OR AY.75.2 OR AY.75.3 OR AY.76 OR AY.77 OR AY.78 OR AY.79 OR AY.80 OR AY.81 OR AY.82 OR AY.83 OR AY.84 OR AY.85 OR AY.86 OR AY.87 OR AY.88 OR AY.89 OR AY.90 OR AY.91 OR AY.91.1 OR AY.92 OR AY.93 OR AY.94 OR AY.95 OR AY.96 OR AY.97 OR AY.98 OR AY.98.1 OR AY.98.1.1 OR AY.99 OR AY.99.1 OR AY.99.2 OR AY.100 OR AY.101 OR AY.102 OR AY.102.1 OR AY.102.2 OR AY.103 OR AY.103.1 OR AY.103.2 OR AY.104 OR AY.105 OR AY.106 OR AY.107 OR AY.108 OR AY.109 OR AY.110 OR AY.111 OR AY.112 OR AY.112.1 OR AY.112.2 OR AY.112.3 OR AY.113 OR AY.114 OR AY.115 OR AY.116 OR AY.116.1 OR AY.117 OR AY.118 OR AY.119 OR AY.119.1 OR AY.119.2 OR AY.120 OR AY.120.1 OR AY.120.2 OR AY.120.2.1 OR AY.121 OR AY.121.1 OR AY.122 OR AY.122.1 OR AY.122.2 OR AY.122.3 OR AY.122.4 OR AY.122.5 OR AY.122.6 OR AY.123 OR AY.123.1 OR AY.124 OR AY.124.1 OR AY.124.1.1 OR AY.125 OR AY.125.1 OR AY.126 OR AY.127 OR AY.127.1 OR AY.127.2 OR AY.127.3 OR AY.128 OR AY.129 OR AY.130 OR AY.131 OR AY.132 OR AY.133 OR AY.134 OR B.1.617.2,Delta,765.714285714286,82.5714285714286,0.107835820895522
2022-01-26,933,22,821.285714285714,31.2857142857143,0.0380935814924335,0.0263030607603833,0.0524629420765359,AY.1 OR AY.2 OR AY.3 OR AY.3.1 OR AY.3.2 OR AY.3.3 OR AY.3.4 OR AY.4 OR AY.4.1 OR AY.4.2 OR AY.4.2.1 OR AY.4.2.2 OR AY.4.2.3 OR AY.4.2.4 OR AY.4.2.5 OR AY.4.3 OR AY.4.4 OR AY.4.5 OR AY.4.6 OR AY.4.7 OR AY.4.8 OR AY.4.9 OR AY.4.10 OR AY.4.11 OR AY.4.12 OR AY.4.13 OR AY.4.14 OR AY.4.15 OR AY.4.16 OR AY.4.17 OR AY.5 OR AY.5.1 OR AY.5.2 OR AY.5.3 OR AY.5.4 OR AY.5.5 OR AY.5.6 OR AY.5.7 OR AY.6 OR AY.7 OR AY.7.1 OR AY.7.2 OR AY.8 OR AY.9 OR AY.9.1 OR AY.9.2 OR AY.9.2.1 OR AY.9.2.2 OR AY.10 OR AY.11 OR AY.12 OR AY.13 OR AY.14 OR AY.15 OR AY.16 OR AY.16.1 OR AY.17 OR AY.18 OR AY.19 OR AY.20 OR AY.20.1 OR AY.21 OR AY.22 OR AY.23 OR AY.23.1 OR AY.23.2 OR AY.24 OR AY.24.1 OR AY.25 OR AY.25.1 OR AY.25.1.1 OR AY.25.1.2 OR AY.25.2 OR AY.25.3 OR AY.26 OR AY.26.1 OR AY.27 OR AY.28 OR AY.29 OR AY.29.1 OR AY.29.2 OR AY.30 OR AY.31 OR AY.32 OR AY.33 OR AY.33.1 OR AY.33.2 OR AY.34 OR AY.34.1 OR AY.34.1.1 OR AY.34.2 OR AY.35 OR AY.36 OR AY.36.1 OR AY.37 OR AY.38 OR AY.39 OR AY.39.1 OR AY.39.1.1 OR AY.39.1.2 OR AY.39.1.3 OR AY.39.1.4 OR AY.39.2 OR AY.39.3 OR AY.39.4 OR AY.40 OR AY.41 OR AY.42 OR AY.42.1 OR AY.43 OR AY.43.1 OR AY.43.2 OR AY.43.3 OR AY.43.4 OR AY.43.5 OR AY.43.6 OR AY.43.7 OR AY.43.8 OR AY.43.9 OR AY.44 OR AY.45 OR AY.46 OR AY.46.1 OR AY.46.2 OR AY.46.3 OR AY.46.4 OR AY.46.5 OR AY.46.6 OR AY.46.6.1 OR AY.47 OR AY.48 OR AY.49 OR AY.50 OR AY.51 OR AY.52 OR AY.53 OR AY.54 OR AY.55 OR AY.56 OR AY.57 OR AY.58 OR AY.59 OR AY.60 OR AY.61 OR AY.62 OR AY.63 OR AY.64 OR AY.65 OR AY.66 OR AY.67 OR AY.68 OR AY.69 OR AY.70 OR AY.71 OR AY.72 OR AY.73 OR AY.74 OR AY.75 OR AY.75.1 OR AY.75.2 OR AY.75.3 OR AY.76 OR AY.77 OR AY.78 OR AY.79 OR AY.80 OR AY.81 OR AY.82 OR AY.83 OR AY.84 OR AY.85 OR AY.86 OR AY.87 OR AY.88 OR AY.89 OR AY.90 OR AY.91 OR AY.91.1 OR AY.92 OR AY.93 OR AY.94 OR AY.95 OR AY.96 OR AY.97 OR AY.98 OR AY.98.1 OR AY.98.1.1 OR AY.99 OR AY.99.1 OR AY.99.2 OR AY.100 OR AY.101 OR AY.102 OR AY.102.1 OR AY.102.2 OR AY.103 OR AY.103.1 OR AY.103.2 OR AY.104 OR AY.105 OR AY.106 OR AY.107 OR AY.108 OR AY.109 OR AY.110 OR AY.111 OR AY.112 OR AY.112.1 OR AY.112.2 OR AY.112.3 OR AY.113 OR AY.114 OR AY.115 OR AY.116 OR AY.116.1 OR AY.117 OR AY.118 OR AY.119 OR AY.119.1 OR AY.119.2 OR AY.120 OR AY.120.1 OR AY.120.2 OR AY.120.2.1 OR AY.121 OR AY.121.1 OR AY.122 OR AY.122.1 OR AY.122.2 OR AY.122.3 OR AY.122.4 OR AY.122.5 OR AY.122.6 OR AY.123 OR AY.123.1 OR AY.124 OR AY.124.1 OR AY.124.1.1 OR AY.125 OR AY.125.1 OR AY.126 OR AY.127 OR AY.127.1 OR AY.127.2 OR AY.127.3 OR AY.128 OR AY.129 OR AY.130 OR AY.131 OR AY.132 OR AY.133 OR AY.134 OR B.1.617.2,Delta,769.142857142857,68.1428571428571,0.0885958395245171
2022-01-27,826,9,826.857142857143,27,0.0326537664132688,0.0221179040928554,0.0464380918886284,AY.1 OR AY.2 OR AY.3 OR AY.3.1 OR AY.3.2 OR AY.3.3 OR AY.3.4 OR AY.4 OR AY.4.1 OR AY.4.2 OR AY.4.2.1 OR AY.4.2.2 OR AY.4.2.3 OR AY.4.2.4 OR AY.4.2.5 OR AY.4.3 OR AY.4.4 OR AY.4.5 OR AY.4.6 OR AY.4.7 OR AY.4.8 OR AY.4.9 OR AY.4.10 OR AY.4.11 OR AY.4.12 OR AY.4.13 OR AY.4.14 OR AY.4.15 OR AY.4.16 OR AY.4.17 OR AY.5 OR AY.5.1 OR AY.5.2 OR AY.5.3 OR AY.5.4 OR AY.5.5 OR AY.5.6 OR AY.5.7 OR AY.6 OR AY.7 OR AY.7.1 OR AY.7.2 OR AY.8 OR AY.9 OR AY.9.1 OR AY.9.2 OR AY.9.2.1 OR AY.9.2.2 OR AY.10 OR AY.11 OR AY.12 OR AY.13 OR AY.14 OR AY.15 OR AY.16 OR AY.16.1 OR AY.17 OR AY.18 OR AY.19 OR AY.20 OR AY.20.1 OR AY.21 OR AY.22 OR AY.23 OR AY.23.1 OR AY.23.2 OR AY.24 OR AY.24.1 OR AY.25 OR AY.25.1 OR AY.25.1.1 OR AY.25.1.2 OR AY.25.2 OR AY.25.3 OR AY.26 OR AY.26.1 OR AY.27 OR AY.28 OR AY.29 OR AY.29.1 OR AY.29.2 OR AY.30 OR AY.31 OR AY.32 OR AY.33 OR AY.33.1 OR AY.33.2 OR AY.34 OR AY.34.1 OR AY.34.1.1 OR AY.34.2 OR AY.35 OR AY.36 OR AY.36.1 OR AY.37 OR AY.38 OR AY.39 OR AY.39.1 OR AY.39.1.1 OR AY.39.1.2 OR AY.39.1.3 OR AY.39.1.4 OR AY.39.2 OR AY.39.3 OR AY.39.4 OR AY.40 OR AY.41 OR AY.42 OR AY.42.1 OR AY.43 OR AY.43.1 OR AY.43.2 OR AY.43.3 OR AY.43.4 OR AY.43.5 OR AY.43.6 OR AY.43.7 OR AY.43.8 OR AY.43.9 OR AY.44 OR AY.45 OR AY.46 OR AY.46.1 OR AY.46.2 OR AY.46.3 OR AY.46.4 OR AY.46.5 OR AY.46.6 OR AY.46.6.1 OR AY.47 OR AY.48 OR AY.49 OR AY.50 OR AY.51 OR AY.52 OR AY.53 OR AY.54 OR AY.55 OR AY.56 OR AY.57 OR AY.58 OR AY.59 OR AY.60 OR AY.61 OR AY.62 OR AY.63 OR AY.64 OR AY.65 OR AY.66 OR AY.67 OR AY.68 OR AY.69 OR AY.70 OR AY.71 OR AY.72 OR AY.73 OR AY.74 OR AY.75 OR AY.75.1 OR AY.75.2 OR AY.75.3 OR AY.76 OR AY.77 OR AY.78 OR AY.79 OR AY.80 OR AY.81 OR AY.82 OR AY.83 OR AY.84 OR AY.85 OR AY.86 OR AY.87 OR AY.88 OR AY.89 OR AY.90 OR AY.91 OR AY.91.1 OR AY.92 OR AY.93 OR AY.94 OR AY.95 OR AY.96 OR AY.97 OR AY.98 OR AY.98.1 OR AY.98.1.1 OR AY.99 OR AY.99.1 OR AY.99.2 OR AY.100 OR AY.101 OR AY.102 OR AY.102.1 OR AY.102.2 OR AY.103 OR AY.103.1 OR AY.103.2 OR AY.104 OR AY.105 OR AY.106 OR AY.107 OR AY.108 OR AY.109 OR AY.110 OR AY.111 OR AY.112 OR AY.112.1 OR AY.112.2 OR AY.112.3 OR AY.113 OR AY.114 OR AY.115 OR AY.116 OR AY.116.1 OR AY.117 OR AY.118 OR AY.119 OR AY.119.1 OR AY.119.2 OR AY.120 OR AY.120.1 OR AY.120.2 OR AY.120.2.1 OR AY.121 OR AY.121.1 OR AY.122 OR AY.122.1 OR AY.122.2 OR AY.122.3 OR AY.122.4 OR AY.122.5 OR AY.122.6 OR AY.123 OR AY.123.1 OR AY.124 OR AY.124.1 OR AY.124.1.1 OR AY.125 OR AY.125.1 OR AY.126 OR AY.127 OR AY.127.1 OR AY.127.2 OR AY.127.3 OR AY.128 OR AY.129 OR AY.130 OR AY.131 OR AY.132 OR AY.133 OR AY.134 OR B.1.617.2,Delta,782.571428571429,60.5714285714286,0.0774005111354509
2022-01-28,708,9,820.571428571429,22.2857142857143,0.0271587743732591,0.0173531375470595,0.0395633742220752,AY.1 OR AY.2 OR AY.3 OR AY.3.1 OR AY.3.2 OR AY.3.3 OR AY.3.4 OR AY.4 OR AY.4.1 OR AY.4.2 OR AY.4.2.1 OR AY.4.2.2 OR AY.4.2.3 OR AY.4.2.4 OR AY.4.2.5 OR AY.4.3 OR AY.4.4 OR AY.4.5 OR AY.4.6 OR AY.4.7 OR AY.4.8 OR AY.4.9 OR AY.4.10 OR AY.4.11 OR AY.4.12 OR AY.4.13 OR AY.4.14 OR AY.4.15 OR AY.4.16 OR AY.4.17 OR AY.5 OR AY.5.1 OR AY.5.2 OR AY.5.3 OR AY.5.4 OR AY.5.5 OR AY.5.6 OR AY.5.7 OR AY.6 OR AY.7 OR AY.7.1 OR AY.7.2 OR AY.8 OR AY.9 OR AY.9.1 OR AY.9.2 OR AY.9.2.1 OR AY.9.2.2 OR AY.10 OR AY.11 OR AY.12 OR AY.13 OR AY.14 OR AY.15 OR AY.16 OR AY.16.1 OR AY.17 OR AY.18 OR AY.19 OR AY.20 OR AY.20.1 OR AY.21 OR AY.22 OR AY.23 OR AY.23.1 OR AY.23.2 OR AY.24 OR AY.24.1 OR AY.25 OR AY.25.1 OR AY.25.1.1 OR AY.25.1.2 OR AY.25.2 OR AY.25.3 OR AY.26 OR AY.26.1 OR AY.27 OR AY.28 OR AY.29 OR AY.29.1 OR AY.29.2 OR AY.30 OR AY.31 OR AY.32 OR AY.33 OR AY.33.1 OR AY.33.2 OR AY.34 OR AY.34.1 OR AY.34.1.1 OR AY.34.2 OR AY.35 OR AY.36 OR AY.36.1 OR AY.37 OR AY.38 OR AY.39 OR AY.39.1 OR AY.39.1.1 OR AY.39.1.2 OR AY.39.1.3 OR AY.39.1.4 OR AY.39.2 OR AY.39.3 OR AY.39.4 OR AY.40 OR AY.41 OR AY.42 OR AY.42.1 OR AY.43 OR AY.43.1 OR AY.43.2 OR AY.43.3 OR AY.43.4 OR AY.43.5 OR AY.43.6 OR AY.43.7 OR AY.43.8 OR AY.43.9 OR AY.44 OR AY.45 OR AY.46 OR AY.46.1 OR AY.46.2 OR AY.46.3 OR AY.46.4 OR AY.46.5 OR AY.46.6 OR AY.46.6.1 OR AY.47 OR AY.48 OR AY.49 OR AY.50 OR AY.51 OR AY.52 OR AY.53 OR AY.54 OR AY.55 OR AY.56 OR AY.57 OR AY.58 OR AY.59 OR AY.60 OR AY.61 OR AY.62 OR AY.63 OR AY.64 OR AY.65 OR AY.66 OR AY.67 OR AY.68 OR AY.69 OR AY.70 OR AY.71 OR AY.72 OR AY.73 OR AY.74 OR AY.75 OR AY.75.1 OR AY.75.2 OR AY.75.3 OR AY.76 OR AY.77 OR AY.78 OR AY.79 OR AY.80 OR AY.81 OR AY.82 OR AY.83 OR AY.84 OR AY.85 OR AY.86 OR AY.87 OR AY.88 OR AY.89 OR AY.90 OR AY.91 OR AY.91.1 OR AY.92 OR AY.93 OR AY.94 OR AY.95 OR AY.96 OR AY.97 OR AY.98 OR AY.98.1 OR AY.98.1.1 OR AY.99 OR AY.99.1 OR AY.99.2 OR AY.100 OR AY.101 OR AY.102 OR AY.102.1 OR AY.102.2 OR AY.103 OR AY.103.1 OR AY.103.2 OR AY.104 OR AY.105 OR AY.106 OR AY.107 OR AY.108 OR AY.109 OR AY.110 OR AY.111 OR AY.112 OR AY.112.1 OR AY.112.2 OR AY.112.3 OR AY.113 OR AY.114 OR AY.115 OR AY.116 OR AY.116.1 OR AY.117 OR AY.118 OR AY.119 OR AY.119.1 OR AY.119.2 OR AY.120 OR AY.120.1 OR AY.120.2 OR AY.120.2.1 OR AY.121 OR AY.121.1 OR AY.122 OR AY.122.1 OR AY.122.2 OR AY.122.3 OR AY.122.4 OR AY.122.5 OR AY.122.6 OR AY.123 OR AY.123.1 OR AY.124 OR AY.124.1 OR AY.124.1.1 OR AY.125 OR AY.125.1 OR AY.126 OR AY.127 OR AY.127.1 OR AY.127.2 OR AY.127.3 OR AY.128 OR AY.129 OR AY.130 OR AY.131 OR AY.132 OR AY.133 OR AY.134 OR B.1.617.2,Delta,783.785714285714,52.4285714285714,0.0668914608584708
2022-01-29,589,6,810.142857142857,20,0.0246870040557221,0.015631374591884,0.0371339937747176,AY.1 OR AY.2 OR AY.3 OR AY.3.1 OR AY.3.2 OR AY.3.3 OR AY.3.4 OR AY.4 OR AY.4.1 OR AY.4.2 OR AY.4.2.1 OR AY.4.2.2 OR AY.4.2.3 OR AY.4.2.4 OR AY.4.2.5 OR AY.4.3 OR AY.4.4 OR AY.4.5 OR AY.4.6 OR AY.4.7 OR AY.4.8 OR AY.4.9 OR AY.4.10 OR AY.4.11 OR AY.4.12 OR AY.4.13 OR AY.4.14 OR AY.4.15 OR AY.4.16 OR AY.4.17 OR AY.5 OR AY.5.1 OR AY.5.2 OR AY.5.3 OR AY.5.4 OR AY.5.5 OR AY.5.6 OR AY.5.7 OR AY.6 OR AY.7 OR AY.7.1 OR AY.7.2 OR AY.8 OR AY.9 OR AY.9.1 OR AY.9.2 OR AY.9.2.1 OR AY.9.2.2 OR AY.10 OR AY.11 OR AY.12 OR AY.13 OR AY.14 OR AY.15 OR AY.16 OR AY.16.1 OR AY.17 OR AY.18 OR AY.19 OR AY.20 OR AY.20.1 OR AY.21 OR AY.22 OR AY.23 OR AY.23.1 OR AY.23.2 OR AY.24 OR AY.24.1 OR AY.25 OR AY.25.1 OR AY.25.1.1 OR AY.25.1.2 OR AY.25.2 OR AY.25.3 OR AY.26 OR AY.26.1 OR AY.27 OR AY.28 OR AY.29 OR AY.29.1 OR AY.29.2 OR AY.30 OR AY.31 OR AY.32 OR AY.33 OR AY.33.1 OR AY.33.2 OR AY.34 OR AY.34.1 OR AY.34.1.1 OR AY.34.2 OR AY.35 OR AY.36 OR AY.36.1 OR AY.37 OR AY.38 OR AY.39 OR AY.39.1 OR AY.39.1.1 OR AY.39.1.2 OR AY.39.1.3 OR AY.39.1.4 OR AY.39.2 OR AY.39.3 OR AY.39.4 OR AY.40 OR AY.41 OR AY.42 OR AY.42.1 OR AY.43 OR AY.43.1 OR AY.43.2 OR AY.43.3 OR AY.43.4 OR AY.43.5 OR AY.43.6 OR AY.43.7 OR AY.43.8 OR AY.43.9 OR AY.44 OR AY.45 OR AY.46 OR AY.46.1 OR AY.46.2 OR AY.46.3 OR AY.46.4 OR AY.46.5 OR AY.46.6 OR AY.46.6.1 OR AY.47 OR AY.48 OR AY.49 OR AY.50 OR AY.51 OR AY.52 OR AY.53 OR AY.54 OR AY.55 OR AY.56 OR AY.57 OR AY.58 OR AY.59 OR AY.60 OR AY.61 OR AY.62 OR AY.63 OR AY.64 OR AY.65 OR AY.66 OR AY.67 OR AY.68 OR AY.69 OR AY.70 OR AY.71 OR AY.72 OR AY.73 OR AY.74 OR AY.75 OR AY.75.1 OR AY.75.2 OR AY.75.3 OR AY.76 OR AY.77 OR AY.78 OR AY.79 OR AY.80 OR AY.81 OR AY.82 OR AY.83 OR AY.84 OR AY.85 OR AY.86 OR AY.87 OR AY.88 OR AY.89 OR AY.90 OR AY.91 OR AY.91.1 OR AY.92 OR AY.93 OR AY.94 OR AY.95 OR AY.96 OR AY.97 OR AY.98 OR AY.98.1 OR AY.98.1.1 OR AY.99 OR AY.99.1 OR AY.99.2 OR AY.100 OR AY.101 OR AY.102 OR AY.102.1 OR AY.102.2 OR AY.103 OR AY.103.1 OR AY.103.2 OR AY.104 OR AY.105 OR AY.106 OR AY.107 OR AY.108 OR AY.109 OR AY.110 OR AY.111 OR AY.112 OR AY.112.1 OR AY.112.2 OR AY.112.3 OR AY.113 OR AY.114 OR AY.115 OR AY.116 OR AY.116.1 OR AY.117 OR AY.118 OR AY.119 OR AY.119.1 OR AY.119.2 OR AY.120 OR AY.120.1 OR AY.120.2 OR AY.120.2.1 OR AY.121 OR AY.121.1 OR AY.122 OR AY.122.1 OR AY.122.2 OR AY.122.3 OR AY.122.4 OR AY.122.5 OR AY.122.6 OR AY.123 OR AY.123.1 OR AY.124 OR AY.124.1 OR AY.124.1.1 OR AY.125 OR AY.125.1 OR AY.126 OR AY.127 OR AY.127.1 OR AY.127.2 OR AY.127.3 OR AY.128 OR AY.129 OR AY.130 OR AY.131 OR AY.132 OR AY.133 OR AY.134 OR B.1.617.2,Delta,783.142857142857,43.2857142857143,0.0552717986136447
2022-01-30,430,1,795,16.4285714285714,0.0206648697214735,0.0120244212348932,0.031704593856426,AY.1 OR AY.2 OR AY.3 OR AY.3.1 OR AY.3.2 OR AY.3.3 OR AY.3.4 OR AY.4 OR AY.4.1 OR AY.4.2 OR AY.4.2.1 OR AY.4.2.2 OR AY.4.2.3 OR AY.4.2.4 OR AY.4.2.5 OR AY.4.3 OR AY.4.4 OR AY.4.5 OR AY.4.6 OR AY.4.7 OR AY.4.8 OR AY.4.9 OR AY.4.10 OR AY.4.11 OR AY.4.12 OR AY.4.13 OR AY.4.14 OR AY.4.15 OR AY.4.16 OR AY.4.17 OR AY.5 OR AY.5.1 OR AY.5.2 OR AY.5.3 OR AY.5.4 OR AY.5.5 OR AY.5.6 OR AY.5.7 OR AY.6 OR AY.7 OR AY.7.1 OR AY.7.2 OR AY.8 OR AY.9 OR AY.9.1 OR AY.9.2 OR AY.9.2.1 OR AY.9.2.2 OR AY.10 OR AY.11 OR AY.12 OR AY.13 OR AY.14 OR AY.15 OR AY.16 OR AY.16.1 OR AY.17 OR AY.18 OR AY.19 OR AY.20 OR AY.20.1 OR AY.21 OR AY.22 OR AY.23 OR AY.23.1 OR AY.23.2 OR AY.24 OR AY.24.1 OR AY.25 OR AY.25.1 OR AY.25.1.1 OR AY.25.1.2 OR AY.25.2 OR AY.25.3 OR AY.26 OR AY.26.1 OR AY.27 OR AY.28 OR AY.29 OR AY.29.1 OR AY.29.2 OR AY.30 OR AY.31 OR AY.32 OR AY.33 OR AY.33.1 OR AY.33.2 OR AY.34 OR AY.34.1 OR AY.34.1.1 OR AY.34.2 OR AY.35 OR AY.36 OR AY.36.1 OR AY.37 OR AY.38 OR AY.39 OR AY.39.1 OR AY.39.1.1 OR AY.39.1.2 OR AY.39.1.3 OR AY.39.1.4 OR AY.39.2 OR AY.39.3 OR AY.39.4 OR AY.40 OR AY.41 OR AY.42 OR AY.42.1 OR AY.43 OR AY.43.1 OR AY.43.2 OR AY.43.3 OR AY.43.4 OR AY.43.5 OR AY.43.6 OR AY.43.7 OR AY.43.8 OR AY.43.9 OR AY.44 OR AY.45 OR AY.46 OR AY.46.1 OR AY.46.2 OR AY.46.3 OR AY.46.4 OR AY.46.5 OR AY.46.6 OR AY.46.6.1 OR AY.47 OR AY.48 OR AY.49 OR AY.50 OR AY.51 OR AY.52 OR AY.53 OR AY.54 OR AY.55 OR AY.56 OR AY.57 OR AY.58 OR AY.59 OR AY.60 OR AY.61 OR AY.62 OR AY.63 OR AY.64 OR AY.65 OR AY.66 OR AY.67 OR AY.68 OR AY.69 OR AY.70 OR AY.71 OR AY.72 OR AY.73 OR AY.74 OR AY.75 OR AY.75.1 OR AY.75.2 OR AY.75.3 OR AY.76 OR AY.77 OR AY.78 OR AY.79 OR AY.80 OR AY.81 OR AY.82 OR AY.83 OR AY.84 OR AY.85 OR AY.86 OR AY.87 OR AY.88 OR AY.89 OR AY.90 OR AY.91 OR AY.91.1 OR AY.92 OR AY.93 OR AY.94 OR AY.95 OR AY.96 OR AY.97 OR AY.98 OR AY.98.1 OR AY.98.1.1 OR AY.99 OR AY.99.1 OR AY.99.2 OR AY.100 OR AY.101 OR AY.102 OR AY.102.1 OR AY.102.2 OR AY.103 OR AY.103.1 OR AY.103.2 OR AY.104 OR AY.105 OR AY.106 OR AY.107 OR AY.108 OR AY.109 OR AY.110 OR AY.111 OR AY.112 OR AY.112.1 OR AY.112.2 OR AY.112.3 OR AY.113 OR AY.114 OR AY.115 OR AY.116 OR AY.116.1 OR AY.117 OR AY.118 OR AY.119 OR AY.119.1 OR AY.119.2 OR AY.120 OR AY.120.1 OR AY.120.2 OR AY.120.2.1 OR AY.121 OR AY.121.1 OR AY.122 OR AY.122.1 OR AY.122.2 OR AY.122.3 OR AY.122.4 OR AY.122.5 OR AY.122.6 OR AY.123 OR AY.123.1 OR AY.124 OR AY.124.1 OR AY.124.1.1 OR AY.125 OR AY.125.1 OR AY.126 OR AY.127 OR AY.127.1 OR AY.127.2 OR AY.127.3 OR AY.128 OR AY.129 OR AY.130 OR AY.131 OR AY.132 OR AY.133 OR AY.134 OR B.1.617.2,Delta,785.142857142857,39.3571428571429,0.050127365356623
2022-01-31,1200,11,829.714285714286,11.4285714285714,0.0137741046831956,0.00706115385146889,0.0228192127980367,AY.1 OR AY.2 OR AY.3 OR AY.3.1 OR AY.3.2 OR AY.3.3 OR AY.3.4 OR AY.4 OR AY.4.1 OR AY.4.2 OR AY.4.2.1 OR AY.4.2.2 OR AY.4.2.3 OR AY.4.2.4 OR AY.4.2.5 OR AY.4.3 OR AY.4.4 OR AY.4.5 OR AY.4.6 OR AY.4.7 OR AY.4.8 OR AY.4.9 OR AY.4.10 OR AY.4.11 OR AY.4.12 OR AY.4.13 OR AY.4.14 OR AY.4.15 OR AY.4.16 OR AY.4.17 OR AY.5 OR AY.5.1 OR AY.5.2 OR AY.5.3 OR AY.5.4 OR AY.5.5 OR AY.5.6 OR AY.5.7 OR AY.6 OR AY.7 OR AY.7.1 OR AY.7.2 OR AY.8 OR AY.9 OR AY.9.1 OR AY.9.2 OR AY.9.2.1 OR AY.9.2.2 OR AY.10 OR AY.11 OR AY.12 OR AY.13 OR AY.14 OR AY.15 OR AY.16 OR AY.16.1 OR AY.17 OR AY.18 OR AY.19 OR AY.20 OR AY.20.1 OR AY.21 OR AY.22 OR AY.23 OR AY.23.1 OR AY.23.2 OR AY.24 OR AY.24.1 OR AY.25 OR AY.25.1 OR AY.25.1.1 OR AY.25.1.2 OR AY.25.2 OR AY.25.3 OR AY.26 OR AY.26.1 OR AY.27 OR AY.28 OR AY.29 OR AY.29.1 OR AY.29.2 OR AY.30 OR AY.31 OR AY.32 OR AY.33 OR AY.33.1 OR AY.33.2 OR AY.34 OR AY.34.1 OR AY.34.1.1 OR AY.34.2 OR AY.35 OR AY.36 OR AY.36.1 OR AY.37 OR AY.38 OR AY.39 OR AY.39.1 OR AY.39.1.1 OR AY.39.1.2 OR AY.39.1.3 OR AY.39.1.4 OR AY.39.2 OR AY.39.3 OR AY.39.4 OR AY.40 OR AY.41 OR AY.42 OR AY.42.1 OR AY.43 OR AY.43.1 OR AY.43.2 OR AY.43.3 OR AY.43.4 OR AY.43.5 OR AY.43.6 OR AY.43.7 OR AY.43.8 OR AY.43.9 OR AY.44 OR AY.45 OR AY.46 OR AY.46.1 OR AY.46.2 OR AY.46.3 OR AY.46.4 OR AY.46.5 OR AY.46.6 OR AY.46.6.1 OR AY.47 OR AY.48 OR AY.49 OR AY.50 OR AY.51 OR AY.52 OR AY.53 OR AY.54 OR AY.55 OR AY.56 OR AY.57 OR AY.58 OR AY.59 OR AY.60 OR AY.61 OR AY.62 OR AY.63 OR AY.64 OR AY.65 OR AY.66 OR AY.67 OR AY.68 OR AY.69 OR AY.70 OR AY.71 OR AY.72 OR AY.73 OR AY.74 OR AY.75 OR AY.75.1 OR AY.75.2 OR AY.75.3 OR AY.76 OR AY.77 OR AY.78 OR AY.79 OR AY.80 OR AY.81 OR AY.82 OR AY.83 OR AY.84 OR AY.85 OR AY.86 OR AY.87 OR AY.88 OR AY.89 OR AY.90 OR AY.91 OR AY.91.1 OR AY.92 OR AY.93 OR AY.94 OR AY.95 OR AY.96 OR AY.97 OR AY.98 OR AY.98.1 OR AY.98.1.1 OR AY.99 OR AY.99.1 OR AY.99.2 OR AY.100 OR AY.101 OR AY.102 OR AY.102.1 OR AY.102.2 OR AY.103 OR AY.103.1 OR AY.103.2 OR AY.104 OR AY.105 OR AY.106 OR AY.107 OR AY.108 OR AY.109 OR AY.110 OR AY.111 OR AY.112 OR AY.112.1 OR AY.112.2 OR AY.112.3 OR AY.113 OR AY.114 OR AY.115 OR AY.116 OR AY.116.1 OR AY.117 OR AY.118 OR AY.119 OR AY.119.1 OR AY.119.2 OR AY.120 OR AY.120.1 OR AY.120.2 OR AY.120.2.1 OR AY.121 OR AY.121.1 OR AY.122 OR AY.122.1 OR AY.122.2 OR AY.122.3 OR AY.122.4 OR AY.122.5 OR AY.122.6 OR AY.123 OR AY.123.1 OR AY.124 OR AY.124.1 OR AY.124.1.1 OR AY.125 OR AY.125.1 OR AY.126 OR AY.127 OR AY.127.1 OR AY.127.2 OR AY.127.3 OR AY.128 OR AY.129 OR AY.130 OR AY.131 OR AY.132 OR AY.133 OR AY.134 OR B.1.617.2,Delta,800.357142857143,29.4285714285714,0.0367692994199018
2022-02-01,1003,8,812.714285714286,9.42857142857143,0.011601335911408,0.00549125932699989,0.0201059777216467,AY.1 OR AY.2 OR AY.3 OR AY.3.1 OR AY.3.2 OR AY.3.3 OR AY.3.4 OR AY.4 OR AY.4.1 OR AY.4.2 OR AY.4.2.1 OR AY.4.2.2 OR AY.4.2.3 OR AY.4.2.4 OR AY.4.2.5 OR AY.4.3 OR AY.4.4 OR AY.4.5 OR AY.4.6 OR AY.4.7 OR AY.4.8 OR AY.4.9 OR AY.4.10 OR AY.4.11 OR AY.4.12 OR AY.4.13 OR AY.4.14 OR AY.4.15 OR AY.4.16 OR AY.4.17 OR AY.5 OR AY.5.1 OR AY.5.2 OR AY.5.3 OR AY.5.4 OR AY.5.5 OR AY.5.6 OR AY.5.7 OR AY.6 OR AY.7 OR AY.7.1 OR AY.7.2 OR AY.8 OR AY.9 OR AY.9.1 OR AY.9.2 OR AY.9.2.1 OR AY.9.2.2 OR AY.10 OR AY.11 OR AY.12 OR AY.13 OR AY.14 OR AY.15 OR AY.16 OR AY.16.1 OR AY.17 OR AY.18 OR AY.19 OR AY.20 OR AY.20.1 OR AY.21 OR AY.22 OR AY.23 OR AY.23.1 OR AY.23.2 OR AY.24 OR AY.24.1 OR AY.25 OR AY.25.1 OR AY.25.1.1 OR AY.25.1.2 OR AY.25.2 OR AY.25.3 OR AY.26 OR AY.26.1 OR AY.27 OR AY.28 OR AY.29 OR AY.29.1 OR AY.29.2 OR AY.30 OR AY.31 OR AY.32 OR AY.33 OR AY.33.1 OR AY.33.2 OR AY.34 OR AY.34.1 OR AY.34.1.1 OR AY.34.2 OR AY.35 OR AY.36 OR AY.36.1 OR AY.37 OR AY.38 OR AY.39 OR AY.39.1 OR AY.39.1.1 OR AY.39.1.2 OR AY.39.1.3 OR AY.39.1.4 OR AY.39.2 OR AY.39.3 OR AY.39.4 OR AY.40 OR AY.41 OR AY.42 OR AY.42.1 OR AY.43 OR AY.43.1 OR AY.43.2 OR AY.43.3 OR AY.43.4 OR AY.43.5 OR AY.43.6 OR AY.43.7 OR AY.43.8 OR AY.43.9 OR AY.44 OR AY.45 OR AY.46 OR AY.46.1 OR AY.46.2 OR AY.46.3 OR AY.46.4 OR AY.46.5 OR AY.46.6 OR AY.46.6.1 OR AY.47 OR AY.48 OR AY.49 OR AY.50 OR AY.51 OR AY.52 OR AY.53 OR AY.54 OR AY.55 OR AY.56 OR AY.57 OR AY.58 OR AY.59 OR AY.60 OR AY.61 OR AY.62 OR AY.63 OR AY.64 OR AY.65 OR AY.66 OR AY.67 OR AY.68 OR AY.69 OR AY.70 OR AY.71 OR AY.72 OR AY.73 OR AY.74 OR AY.75 OR AY.75.1 OR AY.75.2 OR AY.75.3 OR AY.76 OR AY.77 OR AY.78 OR AY.79 OR AY.80 OR AY.81 OR AY.82 OR AY.83 OR AY.84 OR AY.85 OR AY.86 OR AY.87 OR AY.88 OR AY.89 OR AY.90 OR AY.91 OR AY.91.1 OR AY.92 OR AY.93 OR AY.94 OR AY.95 OR AY.96 OR AY.97 OR AY.98 OR AY.98.1 OR AY.98.1.1 OR AY.99 OR AY.99.1 OR AY.99.2 OR AY.100 OR AY.101 OR AY.102 OR AY.102.1 OR AY.102.2 OR AY.103 OR AY.103.1 OR AY.103.2 OR AY.104 OR AY.105 OR AY.106 OR AY.107 OR AY.108 OR AY.109 OR AY.110 OR AY.111 OR AY.112 OR AY.112.1 OR AY.112.2 OR AY.112.3 OR AY.113 OR AY.114 OR AY.115 OR AY.116 OR AY.116.1 OR AY.117 OR AY.118 OR AY.119 OR AY.119.1 OR AY.119.2 OR AY.120 OR AY.120.1 OR AY.120.2 OR AY.120.2.1 OR AY.121 OR AY.121.1 OR AY.122 OR AY.122.1 OR AY.122.2 OR AY.122.3 OR AY.122.4 OR AY.122.5 OR AY.122.6 OR AY.123 OR AY.123.1 OR AY.124 OR AY.124.1 OR AY.124.1.1 OR AY.125 OR AY.125.1 OR AY.126 OR AY.127 OR AY.127.1 OR AY.127.2 OR AY.127.3 OR AY.128 OR AY.129 OR AY.130 OR AY.131 OR AY.132 OR AY.133 OR AY.134 OR B.1.617.2,Delta,808.428571428572,22,0.0272132885668846
2022-02-02,849,5,800.714285714286,7,0.00874219446922391,0.00391720192959928,0.0170812961675633,AY.1 OR AY.2 OR AY.3 OR AY.3.1 OR AY.3.2 OR AY.3.3 OR AY.3.4 OR AY.4 OR AY.4.1 OR AY.4.2 OR AY.4.2.1 OR AY.4.2.2 OR AY.4.2.3 OR AY.4.2.4 OR AY.4.2.5 OR AY.4.3 OR AY.4.4 OR AY.4.5 OR AY.4.6 OR AY.4.7 OR AY.4.8 OR AY.4.9 OR AY.4.10 OR AY.4.11 OR AY.4.12 OR AY.4.13 OR AY.4.14 OR AY.4.15 OR AY.4.16 OR AY.4.17 OR AY.5 OR AY.5.1 OR AY.5.2 OR AY.5.3 OR AY.5.4 OR AY.5.5 OR AY.5.6 OR AY.5.7 OR AY.6 OR AY.7 OR AY.7.1 OR AY.7.2 OR AY.8 OR AY.9 OR AY.9.1 OR AY.9.2 OR AY.9.2.1 OR AY.9.2.2 OR AY.10 OR AY.11 OR AY.12 OR AY.13 OR AY.14 OR AY.15 OR AY.16 OR AY.16.1 OR AY.17 OR AY.18 OR AY.19 OR AY.20 OR AY.20.1 OR AY.21 OR AY.22 OR AY.23 OR AY.23.1 OR AY.23.2 OR AY.24 OR AY.24.1 OR AY.25 OR AY.25.1 OR AY.25.1.1 OR AY.25.1.2 OR AY.25.2 OR AY.25.3 OR AY.26 OR AY.26.1 OR AY.27 OR AY.28 OR AY.29 OR AY.29.1 OR AY.29.2 OR AY.30 OR AY.31 OR AY.32 OR AY.33 OR AY.33.1 OR AY.33.2 OR AY.34 OR AY.34.1 OR AY.34.1.1 OR AY.34.2 OR AY.35 OR AY.36 OR AY.36.1 OR AY.37 OR AY.38 OR AY.39 OR AY.39.1 OR AY.39.1.1 OR AY.39.1.2 OR AY.39.1.3 OR AY.39.1.4 OR AY.39.2 OR AY.39.3 OR AY.39.4 OR AY.40 OR AY.41 OR AY.42 OR AY.42.1 OR AY.43 OR AY.43.1 OR AY.43.2 OR AY.43.3 OR AY.43.4 OR AY.43.5 OR AY.43.6 OR AY.43.7 OR AY.43.8 OR AY.43.9 OR AY.44 OR AY.45 OR AY.46 OR AY.46.1 OR AY.46.2 OR AY.46.3 OR AY.46.4 OR AY.46.5 OR AY.46.6 OR AY.46.6.1 OR AY.47 OR AY.48 OR AY.49 OR AY.50 OR AY.51 OR AY.52 OR AY.53 OR AY.54 OR AY.55 OR AY.56 OR AY.57 OR AY.58 OR AY.59 OR AY.60 OR AY.61 OR AY.62 OR AY.63 OR AY.64 OR AY.65 OR AY.66 OR AY.67 OR AY.68 OR AY.69 OR AY.70 OR AY.71 OR AY.72 OR AY.73 OR AY.74 OR AY.75 OR AY.75.1 OR AY.75.2 OR AY.75.3 OR AY.76 OR AY.77 OR AY.78 OR AY.79 OR AY.80 OR AY.81 OR AY.82 OR AY.83 OR AY.84 OR AY.85 OR AY.86 OR AY.87 OR AY.88 OR AY.89 OR AY.90 OR AY.91 OR AY.91.1 OR AY.92 OR AY.93 OR AY.94 OR AY.95 OR AY.96 OR AY.97 OR AY.98 OR AY.98.1 OR AY.98.1.1 OR AY.99 OR AY.99.1 OR AY.99.2 OR AY.100 OR AY.101 OR AY.102 OR AY.102.1 OR AY.102.2 OR AY.103 OR AY.103.1 OR AY.103.2 OR AY.104 OR AY.105 OR AY.106 OR AY.107 OR AY.108 OR AY.109 OR AY.110 OR AY.111 OR AY.112 OR AY.112.1 OR AY.112.2 OR AY.112.3 OR AY.113 OR AY.114 OR AY.115 OR AY.116 OR AY.116.1 OR AY.117 OR AY.118 OR AY.119 OR AY.119.1 OR AY.119.2 OR AY.120 OR AY.120.1 OR AY.120.2 OR AY.120.2.1 OR AY.121 OR AY.121.1 OR AY.122 OR AY.122.1 OR AY.122.2 OR AY.122.3 OR AY.122.4 OR AY.122.5 OR AY.122.6 OR AY.123 OR AY.123.1 OR AY.124 OR AY.124.1 OR AY.124.1.1 OR AY.125 OR AY.125.1 OR AY.126 OR AY.127 OR AY.127.1 OR AY.127.2 OR AY.127.3 OR AY.128 OR AY.129 OR AY.130 OR AY.131 OR AY.132 OR AY.133 OR AY.134 OR B.1.617.2,Delta,811,19.1428571428571,0.0236040162057425
2022-02-03,765,3,792,6.14285714285714,0.00775613275613276,0.00316809036084112,0.015548295092342,AY.1 OR AY.2 OR AY.3 OR AY.3.1 OR AY.3.2 OR AY.3.3 OR AY.3.4 OR AY.4 OR AY.4.1 OR AY.4.2 OR AY.4.2.1 OR AY.4.2.2 OR AY.4.2.3 OR AY.4.2.4 OR AY.4.2.5 OR AY.4.3 OR AY.4.4 OR AY.4.5 OR AY.4.6 OR AY.4.7 OR AY.4.8 OR AY.4.9 OR AY.4.10 OR AY.4.11 OR AY.4.12 OR AY.4.13 OR AY.4.14 OR AY.4.15 OR AY.4.16 OR AY.4.17 OR AY.5 OR AY.5.1 OR AY.5.2 OR AY.5.3 OR AY.5.4 OR AY.5.5 OR AY.5.6 OR AY.5.7 OR AY.6 OR AY.7 OR AY.7.1 OR AY.7.2 OR AY.8 OR AY.9 OR AY.9.1 OR AY.9.2 OR AY.9.2.1 OR AY.9.2.2 OR AY.10 OR AY.11 OR AY.12 OR AY.13 OR AY.14 OR AY.15 OR AY.16 OR AY.16.1 OR AY.17 OR AY.18 OR AY.19 OR AY.20 OR AY.20.1 OR AY.21 OR AY.22 OR AY.23 OR AY.23.1 OR AY.23.2 OR AY.24 OR AY.24.1 OR AY.25 OR AY.25.1 OR AY.25.1.1 OR AY.25.1.2 OR AY.25.2 OR AY.25.3 OR AY.26 OR AY.26.1 OR AY.27 OR AY.28 OR AY.29 OR AY.29.1 OR AY.29.2 OR AY.30 OR AY.31 OR AY.32 OR AY.33 OR AY.33.1 OR AY.33.2 OR AY.34 OR AY.34.1 OR AY.34.1.1 OR AY.34.2 OR AY.35 OR AY.36 OR AY.36.1 OR AY.37 OR AY.38 OR AY.39 OR AY.39.1 OR AY.39.1.1 OR AY.39.1.2 OR AY.39.1.3 OR AY.39.1.4 OR AY.39.2 OR AY.39.3 OR AY.39.4 OR AY.40 OR AY.41 OR AY.42 OR AY.42.1 OR AY.43 OR AY.43.1 OR AY.43.2 OR AY.43.3 OR AY.43.4 OR AY.43.5 OR AY.43.6 OR AY.43.7 OR AY.43.8 OR AY.43.9 OR AY.44 OR AY.45 OR AY.46 OR AY.46.1 OR AY.46.2 OR AY.46.3 OR AY.46.4 OR AY.46.5 OR AY.46.6 OR AY.46.6.1 OR AY.47 OR AY.48 OR AY.49 OR AY.50 OR AY.51 OR AY.52 OR AY.53 OR AY.54 OR AY.55 OR AY.56 OR AY.57 OR AY.58 OR AY.59 OR AY.60 OR AY.61 OR AY.62 OR AY.63 OR AY.64 OR AY.65 OR AY.66 OR AY.67 OR AY.68 OR AY.69 OR AY.70 OR AY.71 OR AY.72 OR AY.73 OR AY.74 OR AY.75 OR AY.75.1 OR AY.75.2 OR AY.75.3 OR AY.76 OR AY.77 OR AY.78 OR AY.79 OR AY.80 OR AY.81 OR AY.82 OR AY.83 OR AY.84 OR AY.85 OR AY.86 OR AY.87 OR AY.88 OR AY.89 OR AY.90 OR AY.91 OR AY.91.1 OR AY.92 OR AY.93 OR AY.94 OR AY.95 OR AY.96 OR AY.97 OR AY.98 OR AY.98.1 OR AY.98.1.1 OR AY.99 OR AY.99.1 OR AY.99.2 OR AY.100 OR AY.101 OR AY.102 OR AY.102.1 OR AY.102.2 OR AY.103 OR AY.103.1 OR AY.103.2 OR AY.104 OR AY.105 OR AY.106 OR AY.107 OR AY.108 OR AY.109 OR AY.110 OR AY.111 OR AY.112 OR AY.112.1 OR AY.112.2 OR AY.112.3 OR AY.113 OR AY.114 OR AY.115 OR AY.116 OR AY.116.1 OR AY.117 OR AY.118 OR AY.119 OR AY.119.1 OR AY.119.2 OR AY.120 OR AY.120.1 OR AY.120.2 OR AY.120.2.1 OR AY.121 OR AY.121.1 OR AY.122 OR AY.122.1 OR AY.122.2 OR AY.122.3 OR AY.122.4 OR AY.122.5 OR AY.122.6 OR AY.123 OR AY.123.1 OR AY.124 OR AY.124.1 OR AY.124.1.1 OR AY.125 OR AY.125.1 OR AY.126 OR AY.127 OR AY.127.1 OR AY.127.2 OR AY.127.3 OR AY.128 OR AY.129 OR AY.130 OR AY.131 OR AY.132 OR AY.133 OR AY.134 OR B.1.617.2,Delta,809.428571428571,16.5714285714286,0.0204729968231557
2022-02-04,819,9,807.857142857143,6.14285714285714,0.00760389036251105,0.00310523904328936,0.0152417188029449,AY.1 OR AY.2 OR AY.3 OR AY.3.1 OR AY.3.2 OR AY.3.3 OR AY.3.4 OR AY.4 OR AY.4.1 OR AY.4.2 OR AY.4.2.1 OR AY.4.2.2 OR AY.4.2.3 OR AY.4.2.4 OR AY.4.2.5 OR AY.4.3 OR AY.4.4 OR AY.4.5 OR AY.4.6 OR AY.4.7 OR AY.4.8 OR AY.4.9 OR AY.4.10 OR AY.4.11 OR AY.4.12 OR AY.4.13 OR AY.4.14 OR AY.4.15 OR AY.4.16 OR AY.4.17 OR AY.5 OR AY.5.1 OR AY.5.2 OR AY.5.3 OR AY.5.4 OR AY.5.5 OR AY.5.6 OR AY.5.7 OR AY.6 OR AY.7 OR AY.7.1 OR AY.7.2 OR AY.8 OR AY.9 OR AY.9.1 OR AY.9.2 OR AY.9.2.1 OR AY.9.2.2 OR AY.10 OR AY.11 OR AY.12 OR AY.13 OR AY.14 OR AY.15 OR AY.16 OR AY.16.1 OR AY.17 OR AY.18 OR AY.19 OR AY.20 OR AY.20.1 OR AY.21 OR AY.22 OR AY.23 OR AY.23.1 OR AY.23.2 OR AY.24 OR AY.24.1 OR AY.25 OR AY.25.1 OR AY.25.1.1 OR AY.25.1.2 OR AY.25.2 OR AY.25.3 OR AY.26 OR AY.26.1 OR AY.27 OR AY.28 OR AY.29 OR AY.29.1 OR AY.29.2 OR AY.30 OR AY.31 OR AY.32 OR AY.33 OR AY.33.1 OR AY.33.2 OR AY.34 OR AY.34.1 OR AY.34.1.1 OR AY.34.2 OR AY.35 OR AY.36 OR AY.36.1 OR AY.37 OR AY.38 OR AY.39 OR AY.39.1 OR AY.39.1.1 OR AY.39.1.2 OR AY.39.1.3 OR AY.39.1.4 OR AY.39.2 OR AY.39.3 OR AY.39.4 OR AY.40 OR AY.41 OR AY.42 OR AY.42.1 OR AY.43 OR AY.43.1 OR AY.43.2 OR AY.43.3 OR AY.43.4 OR AY.43.5 OR AY.43.6 OR AY.43.7 OR AY.43.8 OR AY.43.9 OR AY.44 OR AY.45 OR AY.46 OR AY.46.1 OR AY.46.2 OR AY.46.3 OR AY.46.4 OR AY.46.5 OR AY.46.6 OR AY.46.6.1 OR AY.47 OR AY.48 OR AY.49 OR AY.50 OR AY.51 OR AY.52 OR AY.53 OR AY.54 OR AY.55 OR AY.56 OR AY.57 OR AY.58 OR AY.59 OR AY.60 OR AY.61 OR AY.62 OR AY.63 OR AY.64 OR AY.65 OR AY.66 OR AY.67 OR AY.68 OR AY.69 OR AY.70 OR AY.71 OR AY.72 OR AY.73 OR AY.74 OR AY.75 OR AY.75.1 OR AY.75.2 OR AY.75.3 OR AY.76 OR AY.77 OR AY.78 OR AY.79 OR AY.80 OR AY.81 OR AY.82 OR AY.83 OR AY.84 OR AY.85 OR AY.86 OR AY.87 OR AY.88 OR AY.89 OR AY.90 OR AY.91 OR AY.91.1 OR AY.92 OR AY.93 OR AY.94 OR AY.95 OR AY.96 OR AY.97 OR AY.98 OR AY.98.1 OR AY.98.1.1 OR AY.99 OR AY.99.1 OR AY.99.2 OR AY.100 OR AY.101 OR AY.102 OR AY.102.1 OR AY.102.2 OR AY.103 OR AY.103.1 OR AY.103.2 OR AY.104 OR AY.105 OR AY.106 OR AY.107 OR AY.108 OR AY.109 OR AY.110 OR AY.111 OR AY.112 OR AY.112.1 OR AY.112.2 OR AY.112.3 OR AY.113 OR AY.114 OR AY.115 OR AY.116 OR AY.116.1 OR AY.117 OR AY.118 OR AY.119 OR AY.119.1 OR AY.119.2 OR AY.120 OR AY.120.1 OR AY.120.2 OR AY.120.2.1 OR AY.121 OR AY.121.1 OR AY.122 OR AY.122.1 OR AY.122.2 OR AY.122.3 OR AY.122.4 OR AY.122.5 OR AY.122.6 OR AY.123 OR AY.123.1 OR AY.124 OR AY.124.1 OR AY.124.1.1 OR AY.125 OR AY.125.1 OR AY.126 OR AY.127 OR AY.127.1 OR AY.127.2 OR AY.127.3 OR AY.128 OR AY.129 OR AY.130 OR AY.131 OR AY.132 OR AY.133 OR AY.134 OR B.1.617.2,Delta,814.214285714286,14.2142857142857,0.01745767172559
2022-02-05,474,4,791.428571428572,5.85714285714286,0.00740072202166065,0.00317210315324903,0.0155678661187618,AY.1 OR AY.2 OR AY.3 OR AY.3.1 OR AY.3.2 OR AY.3.3 OR AY.3.4 OR AY.4 OR AY.4.1 OR AY.4.2 OR AY.4.2.1 OR AY.4.2.2 OR AY.4.2.3 OR AY.4.2.4 OR AY.4.2.5 OR AY.4.3 OR AY.4.4 OR AY.4.5 OR AY.4.6 OR AY.4.7 OR AY.4.8 OR AY.4.9 OR AY.4.10 OR AY.4.11 OR AY.4.12 OR AY.4.13 OR AY.4.14 OR AY.4.15 OR AY.4.16 OR AY.4.17 OR AY.5 OR AY.5.1 OR AY.5.2 OR AY.5.3 OR AY.5.4 OR AY.5.5 OR AY.5.6 OR AY.5.7 OR AY.6 OR AY.7 OR AY.7.1 OR AY.7.2 OR AY.8 OR AY.9 OR AY.9.1 OR AY.9.2 OR AY.9.2.1 OR AY.9.2.2 OR AY.10 OR AY.11 OR AY.12 OR AY.13 OR AY.14 OR AY.15 OR AY.16 OR AY.16.1 OR AY.17 OR AY.18 OR AY.19 OR AY.20 OR AY.20.1 OR AY.21 OR AY.22 OR AY.23 OR AY.23.1 OR AY.23.2 OR AY.24 OR AY.24.1 OR AY.25 OR AY.25.1 OR AY.25.1.1 OR AY.25.1.2 OR AY.25.2 OR AY.25.3 OR AY.26 OR AY.26.1 OR AY.27 OR AY.28 OR AY.29 OR AY.29.1 OR AY.29.2 OR AY.30 OR AY.31 OR AY.32 OR AY.33 OR AY.33.1 OR AY.33.2 OR AY.34 OR AY.34.1 OR AY.34.1.1 OR AY.34.2 OR AY.35 OR AY.36 OR AY.36.1 OR AY.37 OR AY.38 OR AY.39 OR AY.39.1 OR AY.39.1.1 OR AY.39.1.2 OR AY.39.1.3 OR AY.39.1.4 OR AY.39.2 OR AY.39.3 OR AY.39.4 OR AY.40 OR AY.41 OR AY.42 OR AY.42.1 OR AY.43 OR AY.43.1 OR AY.43.2 OR AY.43.3 OR AY.43.4 OR AY.43.5 OR AY.43.6 OR AY.43.7 OR AY.43.8 OR AY.43.9 OR AY.44 OR AY.45 OR AY.46 OR AY.46.1 OR AY.46.2 OR AY.46.3 OR AY.46.4 OR AY.46.5 OR AY.46.6 OR AY.46.6.1 OR AY.47 OR AY.48 OR AY.49 OR AY.50 OR AY.51 OR AY.52 OR AY.53 OR AY.54 OR AY.55 OR AY.56 OR AY.57 OR AY.58 OR AY.59 OR AY.60 OR AY.61 OR AY.62 OR AY.63 OR AY.64 OR AY.65 OR AY.66 OR AY.67 OR AY.68 OR AY.69 OR AY.70 OR AY.71 OR AY.72 OR AY.73 OR AY.74 OR AY.75 OR AY.75.1 OR AY.75.2 OR AY.75.3 OR AY.76 OR AY.77 OR AY.78 OR AY.79 OR AY.80 OR AY.81 OR AY.82 OR AY.83 OR AY.84 OR AY.85 OR AY.86 OR AY.87 OR AY.88 OR AY.89 OR AY.90 OR AY.91 OR AY.91.1 OR AY.92 OR AY.93 OR AY.94 OR AY.95 OR AY.96 OR AY.97 OR AY.98 OR AY.98.1 OR AY.98.1.1 OR AY.99 OR AY.99.1 OR AY.99.2 OR AY.100 OR AY.101 OR AY.102 OR AY.102.1 OR AY.102.2 OR AY.103 OR AY.103.1 OR AY.103.2 OR AY.104 OR AY.105 OR AY.106 OR AY.107 OR AY.108 OR AY.109 OR AY.110 OR AY.111 OR AY.112 OR AY.112.1 OR AY.112.2 OR AY.112.3 OR AY.113 OR AY.114 OR AY.115 OR AY.116 OR AY.116.1 OR AY.117 OR AY.118 OR AY.119 OR AY.119.1 OR AY.119.2 OR AY.120 OR AY.120.1 OR AY.120.2 OR AY.120.2.1 OR AY.121 OR AY.121.1 OR AY.122 OR AY.122.1 OR AY.122.2 OR AY.122.3 OR AY.122.4 OR AY.122.5 OR AY.122.6 OR AY.123 OR AY.123.1 OR AY.124 OR AY.124.1 OR AY.124.1.1 OR AY.125 OR AY.125.1 OR AY.126 OR AY.127 OR AY.127.1 OR AY.127.2 OR AY.127.3 OR AY.128 OR AY.129 OR AY.130 OR AY.131 OR AY.132 OR AY.133 OR AY.134 OR B.1.617.2,Delta,800.785714285714,12.9285714285714,0.0161448577290161
2022-02-06,489,2,799.857142857143,6,0.00750133952491516,0.00313634985337252,0.0153934806768108,AY.1 OR AY.2 OR AY.3 OR AY.3.1 OR AY.3.2 OR AY.3.3 OR AY.3.4 OR AY.4 OR AY.4.1 OR AY.4.2 OR AY.4.2.1 OR AY.4.2.2 OR AY.4.2.3 OR AY.4.2.4 OR AY.4.2.5 OR AY.4.3 OR AY.4.4 OR AY.4.5 OR AY.4.6 OR AY.4.7 OR AY.4.8 OR AY.4.9 OR AY.4.10 OR AY.4.11 OR AY.4.12 OR AY.4.13 OR AY.4.14 OR AY.4.15 OR AY.4.16 OR AY.4.17 OR AY.5 OR AY.5.1 OR AY.5.2 OR AY.5.3 OR AY.5.4 OR AY.5.5 OR AY.5.6 OR AY.5.7 OR AY.6 OR AY.7 OR AY.7.1 OR AY.7.2 OR AY.8 OR AY.9 OR AY.9.1 OR AY.9.2 OR AY.9.2.1 OR AY.9.2.2 OR AY.10 OR AY.11 OR AY.12 OR AY.13 OR AY.14 OR AY.15 OR AY.16 OR AY.16.1 OR AY.17 OR AY.18 OR AY.19 OR AY.20 OR AY.20.1 OR AY.21 OR AY.22 OR AY.23 OR AY.23.1 OR AY.23.2 OR AY.24 OR AY.24.1 OR AY.25 OR AY.25.1 OR AY.25.1.1 OR AY.25.1.2 OR AY.25.2 OR AY.25.3 OR AY.26 OR AY.26.1 OR AY.27 OR AY.28 OR AY.29 OR AY.29.1 OR AY.29.2 OR AY.30 OR AY.31 OR AY.32 OR AY.33 OR AY.33.1 OR AY.33.2 OR AY.34 OR AY.34.1 OR AY.34.1.1 OR AY.34.2 OR AY.35 OR AY.36 OR AY.36.1 OR AY.37 OR AY.38 OR AY.39 OR AY.39.1 OR AY.39.1.1 OR AY.39.1.2 OR AY.39.1.3 OR AY.39.1.4 OR AY.39.2 OR AY.39.3 OR AY.39.4 OR AY.40 OR AY.41 OR AY.42 OR AY.42.1 OR AY.43 OR AY.43.1 OR AY.43.2 OR AY.43.3 OR AY.43.4 OR AY.43.5 OR AY.43.6 OR AY.43.7 OR AY.43.8 OR AY.43.9 OR AY.44 OR AY.45 OR AY.46 OR AY.46.1 OR AY.46.2 OR AY.46.3 OR AY.46.4 OR AY.46.5 OR AY.46.6 OR AY.46.6.1 OR AY.47 OR AY.48 OR AY.49 OR AY.50 OR AY.51 OR AY.52 OR AY.53 OR AY.54 OR AY.55 OR AY.56 OR AY.57 OR AY.58 OR AY.59 OR AY.60 OR AY.61 OR AY.62 OR AY.63 OR AY.64 OR AY.65 OR AY.66 OR AY.67 OR AY.68 OR AY.69 OR AY.70 OR AY.71 OR AY.72 OR AY.73 OR AY.74 OR AY.75 OR AY.75.1 OR AY.75.2 OR AY.75.3 OR AY.76 OR AY.77 OR AY.78 OR AY.79 OR AY.80 OR AY.81 OR AY.82 OR AY.83 OR AY.84 OR AY.85 OR AY.86 OR AY.87 OR AY.88 OR AY.89 OR AY.90 OR AY.91 OR AY.91.1 OR AY.92 OR AY.93 OR AY.94 OR AY.95 OR AY.96 OR AY.97 OR AY.98 OR AY.98.1 OR AY.98.1.1 OR AY.99 OR AY.99.1 OR AY.99.2 OR AY.100 OR AY.101 OR AY.102 OR AY.102.1 OR AY.102.2 OR AY.103 OR AY.103.1 OR AY.103.2 OR AY.104 OR AY.105 OR AY.106 OR AY.107 OR AY.108 OR AY.109 OR AY.110 OR AY.111 OR AY.112 OR AY.112.1 OR AY.112.2 OR AY.112.3 OR AY.113 OR AY.114 OR AY.115 OR AY.116 OR AY.116.1 OR AY.117 OR AY.118 OR AY.119 OR AY.119.1 OR AY.119.2 OR AY.120 OR AY.120.1 OR AY.120.2 OR AY.120.2.1 OR AY.121 OR AY.121.1 OR AY.122 OR AY.122.1 OR AY.122.2 OR AY.122.3 OR AY.122.4 OR AY.122.5 OR AY.122.6 OR AY.123 OR AY.123.1 OR AY.124 OR AY.124.1 OR AY.124.1.1 OR AY.125 OR AY.125.1 OR AY.126 OR AY.127 OR AY.127.1 OR AY.127.2 OR AY.127.3 OR AY.128 OR AY.129 OR AY.130 OR AY.131 OR AY.132 OR AY.133 OR AY.134 OR B.1.617.2,Delta,797.428571428571,11.2142857142857,0.0140630598351845
2022-02-07,1035,5,776.285714285714,5.14285714285714,0.00662495399337505,0.00246271909443333,0.0140650411354629,AY.1 OR AY.2 OR AY.3 OR AY.3.1 OR AY.3.2 OR AY.3.3 OR AY.3.4 OR AY.4 OR AY.4.1 OR AY.4.2 OR AY.4.2.1 OR AY.4.2.2 OR AY.4.2.3 OR AY.4.2.4 OR AY.4.2.5 OR AY.4.3 OR AY.4.4 OR AY.4.5 OR AY.4.6 OR AY.4.7 OR AY.4.8 OR AY.4.9 OR AY.4.10 OR AY.4.11 OR AY.4.12 OR AY.4.13 OR AY.4.14 OR AY.4.15 OR AY.4.16 OR AY.4.17 OR AY.5 OR AY.5.1 OR AY.5.2 OR AY.5.3 OR AY.5.4 OR AY.5.5 OR AY.5.6 OR AY.5.7 OR AY.6 OR AY.7 OR AY.7.1 OR AY.7.2 OR AY.8 OR AY.9 OR AY.9.1 OR AY.9.2 OR AY.9.2.1 OR AY.9.2.2 OR AY.10 OR AY.11 OR AY.12 OR AY.13 OR AY.14 OR AY.15 OR AY.16 OR AY.16.1 OR AY.17 OR AY.18 OR AY.19 OR AY.20 OR AY.20.1 OR AY.21 OR AY.22 OR AY.23 OR AY.23.1 OR AY.23.2 OR AY.24 OR AY.24.1 OR AY.25 OR AY.25.1 OR AY.25.1.1 OR AY.25.1.2 OR AY.25.2 OR AY.25.3 OR AY.26 OR AY.26.1 OR AY.27 OR AY.28 OR AY.29 OR AY.29.1 OR AY.29.2 OR AY.30 OR AY.31 OR AY.32 OR AY.33 OR AY.33.1 OR AY.33.2 OR AY.34 OR AY.34.1 OR AY.34.1.1 OR AY.34.2 OR AY.35 OR AY.36 OR AY.36.1 OR AY.37 OR AY.38 OR AY.39 OR AY.39.1 OR AY.39.1.1 OR AY.39.1.2 OR AY.39.1.3 OR AY.39.1.4 OR AY.39.2 OR AY.39.3 OR AY.39.4 OR AY.40 OR AY.41 OR AY.42 OR AY.42.1 OR AY.43 OR AY.43.1 OR AY.43.2 OR AY.43.3 OR AY.43.4 OR AY.43.5 OR AY.43.6 OR AY.43.7 OR AY.43.8 OR AY.43.9 OR AY.44 OR AY.45 OR AY.46 OR AY.46.1 OR AY.46.2 OR AY.46.3 OR AY.46.4 OR AY.46.5 OR AY.46.6 OR AY.46.6.1 OR AY.47 OR AY.48 OR AY.49 OR AY.50 OR AY.51 OR AY.52 OR AY.53 OR AY.54 OR AY.55 OR AY.56 OR AY.57 OR AY.58 OR AY.59 OR AY.60 OR AY.61 OR AY.62 OR AY.63 OR AY.64 OR AY.65 OR AY.66 OR AY.67 OR AY.68 OR AY.69 OR AY.70 OR AY.71 OR AY.72 OR AY.73 OR AY.74 OR AY.75 OR AY.75.1 OR AY.75.2 OR AY.75.3 OR AY.76 OR AY.77 OR AY.78 OR AY.79 OR AY.80 OR AY.81 OR AY.82 OR AY.83 OR AY.84 OR AY.85 OR AY.86 OR AY.87 OR AY.88 OR AY.89 OR AY.90 OR AY.91 OR AY.91.1 OR AY.92 OR AY.93 OR AY.94 OR AY.95 OR AY.96 OR AY.97 OR AY.98 OR AY.98.1 OR AY.98.1.1 OR AY.99 OR AY.99.1 OR AY.99.2 OR AY.100 OR AY.101 OR AY.102 OR AY.102.1 OR AY.102.2 OR AY.103 OR AY.103.1 OR AY.103.2 OR AY.104 OR AY.105 OR AY.106 OR AY.107 OR AY.108 OR AY.109 OR AY.110 OR AY.111 OR AY.112 OR AY.112.1 OR AY.112.2 OR AY.112.3 OR AY.113 OR AY.114 OR AY.115 OR AY.116 OR AY.116.1 OR AY.117 OR AY.118 OR AY.119 OR AY.119.1 OR AY.119.2 OR AY.120 OR AY.120.1 OR AY.120.2 OR AY.120.2.1 OR AY.121 OR AY.121.1 OR AY.122 OR AY.122.1 OR AY.122.2 OR AY.122.3 OR AY.122.4 OR AY.122.5 OR AY.122.6 OR AY.123 OR AY.123.1 OR AY.124 OR AY.124.1 OR AY.124.1.1 OR AY.125 OR AY.125.1 OR AY.126 OR AY.127 OR AY.127.1 OR AY.127.2 OR AY.127.3 OR AY.128 OR AY.129 OR AY.130 OR AY.131 OR AY.132 OR AY.133 OR AY.134 OR B.1.617.2,Delta,803,8.28571428571429,0.0103184486746131
2022-02-08,890,2,760.142857142857,4.28571428571429,0.00563803796278895,0.00177909090389607,0.0124655635611242,AY.1 OR AY.2 OR AY.3 OR AY.3.1 OR AY.3.2 OR AY.3.3 OR AY.3.4 OR AY.4 OR AY.4.1 OR AY.4.2 OR AY.4.2.1 OR AY.4.2.2 OR AY.4.2.3 OR AY.4.2.4 OR AY.4.2.5 OR AY.4.3 OR AY.4.4 OR AY.4.5 OR AY.4.6 OR AY.4.7 OR AY.4.8 OR AY.4.9 OR AY.4.10 OR AY.4.11 OR AY.4.12 OR AY.4.13 OR AY.4.14 OR AY.4.15 OR AY.4.16 OR AY.4.17 OR AY.5 OR AY.5.1 OR AY.5.2 OR AY.5.3 OR AY.5.4 OR AY.5.5 OR AY.5.6 OR AY.5.7 OR AY.6 OR AY.7 OR AY.7.1 OR AY.7.2 OR AY.8 OR AY.9 OR AY.9.1 OR AY.9.2 OR AY.9.2.1 OR AY.9.2.2 OR AY.10 OR AY.11 OR AY.12 OR AY.13 OR AY.14 OR AY.15 OR AY.16 OR AY.16.1 OR AY.17 OR AY.18 OR AY.19 OR AY.20 OR AY.20.1 OR AY.21 OR AY.22 OR AY.23 OR AY.23.1 OR AY.23.2 OR AY.24 OR AY.24.1 OR AY.25 OR AY.25.1 OR AY.25.1.1 OR AY.25.1.2 OR AY.25.2 OR AY.25.3 OR AY.26 OR AY.26.1 OR AY.27 OR AY.28 OR AY.29 OR AY.29.1 OR AY.29.2 OR AY.30 OR AY.31 OR AY.32 OR AY.33 OR AY.33.1 OR AY.33.2 OR AY.34 OR AY.34.1 OR AY.34.1.1 OR AY.34.2 OR AY.35 OR AY.36 OR AY.36.1 OR AY.37 OR AY.38 OR AY.39 OR AY.39.1 OR AY.39.1.1 OR AY.39.1.2 OR AY.39.1.3 OR AY.39.1.4 OR AY.39.2 OR AY.39.3 OR AY.39.4 OR AY.40 OR AY.41 OR AY.42 OR AY.42.1 OR AY.43 OR AY.43.1 OR AY.43.2 OR AY.43.3 OR AY.43.4 OR AY.43.5 OR AY.43.6 OR AY.43.7 OR AY.43.8 OR AY.43.9 OR AY.44 OR AY.45 OR AY.46 OR AY.46.1 OR AY.46.2 OR AY.46.3 OR AY.46.4 OR AY.46.5 OR AY.46.6 OR AY.46.6.1 OR AY.47 OR AY.48 OR AY.49 OR AY.50 OR AY.51 OR AY.52 OR AY.53 OR AY.54 OR AY.55 OR AY.56 OR AY.57 OR AY.58 OR AY.59 OR AY.60 OR AY.61 OR AY.62 OR AY.63 OR AY.64 OR AY.65 OR AY.66 OR AY.67 OR AY.68 OR AY.69 OR AY.70 OR AY.71 OR AY.72 OR AY.73 OR AY.74 OR AY.75 OR AY.75.1 OR AY.75.2 OR AY.75.3 OR AY.76 OR AY.77 OR AY.78 OR AY.79 OR AY.80 OR AY.81 OR AY.82 OR AY.83 OR AY.84 OR AY.85 OR AY.86 OR AY.87 OR AY.88 OR AY.89 OR AY.90 OR AY.91 OR AY.91.1 OR AY.92 OR AY.93 OR AY.94 OR AY.95 OR AY.96 OR AY.97 OR AY.98 OR AY.98.1 OR AY.98.1.1 OR AY.99 OR AY.99.1 OR AY.99.2 OR AY.100 OR AY.101 OR AY.102 OR AY.102.1 OR AY.102.2 OR AY.103 OR AY.103.1 OR AY.103.2 OR AY.104 OR AY.105 OR AY.106 OR AY.107 OR AY.108 OR AY.109 OR AY.110 OR AY.111 OR AY.112 OR AY.112.1 OR AY.112.2 OR AY.112.3 OR AY.113 OR AY.114 OR AY.115 OR AY.116 OR AY.116.1 OR AY.117 OR AY.118 OR AY.119 OR AY.119.1 OR AY.119.2 OR AY.120 OR AY.120.1 OR AY.120.2 OR AY.120.2.1 OR AY.121 OR AY.121.1 OR AY.122 OR AY.122.1 OR AY.122.2 OR AY.122.3 OR AY.122.4 OR AY.122.5 OR AY.122.6 OR AY.123 OR AY.123.1 OR AY.124 OR AY.124.1 OR AY.124.1.1 OR AY.125 OR AY.125.1 OR AY.126 OR AY.127 OR AY.127.1 OR AY.127.2 OR AY.127.3 OR AY.128 OR AY.129 OR AY.130 OR AY.131 OR AY.132 OR AY.133 OR AY.134 OR B.1.617.2,Delta,786.428571428572,6.85714285714286,0.00871934604904632
2022-02-09,530,2,714.571428571429,3.85714285714286,0.00539784086365454,0.00189123060810825,0.0132468093896578,AY.1 OR AY.2 OR AY.3 OR AY.3.1 OR AY.3.2 OR AY.3.3 OR AY.3.4 OR AY.4 OR AY.4.1 OR AY.4.2 OR AY.4.2.1 OR AY.4.2.2 OR AY.4.2.3 OR AY.4.2.4 OR AY.4.2.5 OR AY.4.3 OR AY.4.4 OR AY.4.5 OR AY.4.6 OR AY.4.7 OR AY.4.8 OR AY.4.9 OR AY.4.10 OR AY.4.11 OR AY.4.12 OR AY.4.13 OR AY.4.14 OR AY.4.15 OR AY.4.16 OR AY.4.17 OR AY.5 OR AY.5.1 OR AY.5.2 OR AY.5.3 OR AY.5.4 OR AY.5.5 OR AY.5.6 OR AY.5.7 OR AY.6 OR AY.7 OR AY.7.1 OR AY.7.2 OR AY.8 OR AY.9 OR AY.9.1 OR AY.9.2 OR AY.9.2.1 OR AY.9.2.2 OR AY.10 OR AY.11 OR AY.12 OR AY.13 OR AY.14 OR AY.15 OR AY.16 OR AY.16.1 OR AY.17 OR AY.18 OR AY.19 OR AY.20 OR AY.20.1 OR AY.21 OR AY.22 OR AY.23 OR AY.23.1 OR AY.23.2 OR AY.24 OR AY.24.1 OR AY.25 OR AY.25.1 OR AY.25.1.1 OR AY.25.1.2 OR AY.25.2 OR AY.25.3 OR AY.26 OR AY.26.1 OR AY.27 OR AY.28 OR AY.29 OR AY.29.1 OR AY.29.2 OR AY.30 OR AY.31 OR AY.32 OR AY.33 OR AY.33.1 OR AY.33.2 OR AY.34 OR AY.34.1 OR AY.34.1.1 OR AY.34.2 OR AY.35 OR AY.36 OR AY.36.1 OR AY.37 OR AY.38 OR AY.39 OR AY.39.1 OR AY.39.1.1 OR AY.39.1.2 OR AY.39.1.3 OR AY.39.1.4 OR AY.39.2 OR AY.39.3 OR AY.39.4 OR AY.40 OR AY.41 OR AY.42 OR AY.42.1 OR AY.43 OR AY.43.1 OR AY.43.2 OR AY.43.3 OR AY.43.4 OR AY.43.5 OR AY.43.6 OR AY.43.7 OR AY.43.8 OR AY.43.9 OR AY.44 OR AY.45 OR AY.46 OR AY.46.1 OR AY.46.2 OR AY.46.3 OR AY.46.4 OR AY.46.5 OR AY.46.6 OR AY.46.6.1 OR AY.47 OR AY.48 OR AY.49 OR AY.50 OR AY.51 OR AY.52 OR AY.53 OR AY.54 OR AY.55 OR AY.56 OR AY.57 OR AY.58 OR AY.59 OR AY.60 OR AY.61 OR AY.62 OR AY.63 OR AY.64 OR AY.65 OR AY.66 OR AY.67 OR AY.68 OR AY.69 OR AY.70 OR AY.71 OR AY.72 OR AY.73 OR AY.74 OR AY.75 OR AY.75.1 OR AY.75.2 OR AY.75.3 OR AY.76 OR AY.77 OR AY.78 OR AY.79 OR AY.80 OR AY.81 OR AY.82 OR AY.83 OR AY.84 OR AY.85 OR AY.86 OR AY.87 OR AY.88 OR AY.89 OR AY.90 OR AY.91 OR AY.91.1 OR AY.92 OR AY.93 OR AY.94 OR AY.95 OR AY.96 OR AY.97 OR AY.98 OR AY.98.1 OR AY.98.1.1 OR AY.99 OR AY.99.1 OR AY.99.2 OR AY.100 OR AY.101 OR AY.102 OR AY.102.1 OR AY.102.2 OR AY.103 OR AY.103.1 OR AY.103.2 OR AY.104 OR AY.105 OR AY.106 OR AY.107 OR AY.108 OR AY.109 OR AY.110 OR AY.111 OR AY.112 OR AY.112.1 OR AY.112.2 OR AY.112.3 OR AY.113 OR AY.114 OR AY.115 OR AY.116 OR AY.116.1 OR AY.117 OR AY.118 OR AY.119 OR AY.119.1 OR AY.119.2 OR AY.120 OR AY.120.1 OR AY.120.2 OR AY.120.2.1 OR AY.121 OR AY.121.1 OR AY.122 OR AY.122.1 OR AY.122.2 OR AY.122.3 OR AY.122.4 OR AY.122.5 OR AY.122.6 OR AY.123 OR AY.123.1 OR AY.124 OR AY.124.1 OR AY.124.1.1 OR AY.125 OR AY.125.1 OR AY.126 OR AY.127 OR AY.127.1 OR AY.127.2 OR AY.127.3 OR AY.128 OR AY.129 OR AY.130 OR AY.131 OR AY.132 OR AY.133 OR AY.134 OR B.1.617.2,Delta,757.642857142857,5.42857142857143,0.00716507966437259
2022-02-10,498,5,676.428571428571,4.14285714285714,0.0061246040126716,0.0020005142326396,0.0140076480520371,AY.1 OR AY.2 OR AY.3 OR AY.3.1 OR AY.3.2 OR AY.3.3 OR AY.3.4 OR AY.4 OR AY.4.1 OR AY.4.2 OR AY.4.2.1 OR AY.4.2.2 OR AY.4.2.3 OR AY.4.2.4 OR AY.4.2.5 OR AY.4.3 OR AY.4.4 OR AY.4.5 OR AY.4.6 OR AY.4.7 OR AY.4.8 OR AY.4.9 OR AY.4.10 OR AY.4.11 OR AY.4.12 OR AY.4.13 OR AY.4.14 OR AY.4.15 OR AY.4.16 OR AY.4.17 OR AY.5 OR AY.5.1 OR AY.5.2 OR AY.5.3 OR AY.5.4 OR AY.5.5 OR AY.5.6 OR AY.5.7 OR AY.6 OR AY.7 OR AY.7.1 OR AY.7.2 OR AY.8 OR AY.9 OR AY.9.1 OR AY.9.2 OR AY.9.2.1 OR AY.9.2.2 OR AY.10 OR AY.11 OR AY.12 OR AY.13 OR AY.14 OR AY.15 OR AY.16 OR AY.16.1 OR AY.17 OR AY.18 OR AY.19 OR AY.20 OR AY.20.1 OR AY.21 OR AY.22 OR AY.23 OR AY.23.1 OR AY.23.2 OR AY.24 OR AY.24.1 OR AY.25 OR AY.25.1 OR AY.25.1.1 OR AY.25.1.2 OR AY.25.2 OR AY.25.3 OR AY.26 OR AY.26.1 OR AY.27 OR AY.28 OR AY.29 OR AY.29.1 OR AY.29.2 OR AY.30 OR AY.31 OR AY.32 OR AY.33 OR AY.33.1 OR AY.33.2 OR AY.34 OR AY.34.1 OR AY.34.1.1 OR AY.34.2 OR AY.35 OR AY.36 OR AY.36.1 OR AY.37 OR AY.38 OR AY.39 OR AY.39.1 OR AY.39.1.1 OR AY.39.1.2 OR AY.39.1.3 OR AY.39.1.4 OR AY.39.2 OR AY.39.3 OR AY.39.4 OR AY.40 OR AY.41 OR AY.42 OR AY.42.1 OR AY.43 OR AY.43.1 OR AY.43.2 OR AY.43.3 OR AY.43.4 OR AY.43.5 OR AY.43.6 OR AY.43.7 OR AY.43.8 OR AY.43.9 OR AY.44 OR AY.45 OR AY.46 OR AY.46.1 OR AY.46.2 OR AY.46.3 OR AY.46.4 OR AY.46.5 OR AY.46.6 OR AY.46.6.1 OR AY.47 OR AY.48 OR AY.49 OR AY.50 OR AY.51 OR AY.52 OR AY.53 OR AY.54 OR AY.55 OR AY.56 OR AY.57 OR AY.58 OR AY.59 OR AY.60 OR AY.61 OR AY.62 OR AY.63 OR AY.64 OR AY.65 OR AY.66 OR AY.67 OR AY.68 OR AY.69 OR AY.70 OR AY.71 OR AY.72 OR AY.73 OR AY.74 OR AY.75 OR AY.75.1 OR AY.75.2 OR AY.75.3 OR AY.76 OR AY.77 OR AY.78 OR AY.79 OR AY.80 OR AY.81 OR AY.82 OR AY.83 OR AY.84 OR AY.85 OR AY.86 OR AY.87 OR AY.88 OR AY.89 OR AY.90 OR AY.91 OR AY.91.1 OR AY.92 OR AY.93 OR AY.94 OR AY.95 OR AY.96 OR AY.97 OR AY.98 OR AY.98.1 OR AY.98.1.1 OR AY.99 OR AY.99.1 OR AY.99.2 OR AY.100 OR AY.101 OR AY.102 OR AY.102.1 OR AY.102.2 OR AY.103 OR AY.103.1 OR AY.103.2 OR AY.104 OR AY.105 OR AY.106 OR AY.107 OR AY.108 OR AY.109 OR AY.110 OR AY.111 OR AY.112 OR AY.112.1 OR AY.112.2 OR AY.112.3 OR AY.113 OR AY.114 OR AY.115 OR AY.116 OR AY.116.1 OR AY.117 OR AY.118 OR AY.119 OR AY.119.1 OR AY.119.2 OR AY.120 OR AY.120.1 OR AY.120.2 OR AY.120.2.1 OR AY.121 OR AY.121.1 OR AY.122 OR AY.122.1 OR AY.122.2 OR AY.122.3 OR AY.122.4 OR AY.122.5 OR AY.122.6 OR AY.123 OR AY.123.1 OR AY.124 OR AY.124.1 OR AY.124.1.1 OR AY.125 OR AY.125.1 OR AY.126 OR AY.127 OR AY.127.1 OR AY.127.2 OR AY.127.3 OR AY.128 OR AY.129 OR AY.130 OR AY.131 OR AY.132 OR AY.133 OR AY.134 OR B.1.617.2,Delta,734.214285714286,5.14285714285714,0.00700457242922463
2022-02-11,293,0,601.285714285714,2.85714285714286,0.00475172249940604,0.00140782159071082,0.0132608704162077,AY.1 OR AY.2 OR AY.3 OR AY.3.1 OR AY.3.2 OR AY.3.3 OR AY.3.4 OR AY.4 OR AY.4.1 OR AY.4.2 OR AY.4.2.1 OR AY.4.2.2 OR AY.4.2.3 OR AY.4.2.4 OR AY.4.2.5 OR AY.4.3 OR AY.4.4 OR AY.4.5 OR AY.4.6 OR AY.4.7 OR AY.4.8 OR AY.4.9 OR AY.4.10 OR AY.4.11 OR AY.4.12 OR AY.4.13 OR AY.4.14 OR AY.4.15 OR AY.4.16 OR AY.4.17 OR AY.5 OR AY.5.1 OR AY.5.2 OR AY.5.3 OR AY.5.4 OR AY.5.5 OR AY.5.6 OR AY.5.7 OR AY.6 OR AY.7 OR AY.7.1 OR AY.7.2 OR AY.8 OR AY.9 OR AY.9.1 OR AY.9.2 OR AY.9.2.1 OR AY.9.2.2 OR AY.10 OR AY.11 OR AY.12 OR AY.13 OR AY.14 OR AY.15 OR AY.16 OR AY.16.1 OR AY.17 OR AY.18 OR AY.19 OR AY.20 OR AY.20.1 OR AY.21 OR AY.22 OR AY.23 OR AY.23.1 OR AY.23.2 OR AY.24 OR AY.24.1 OR AY.25 OR AY.25.1 OR AY.25.1.1 OR AY.25.1.2 OR AY.25.2 OR AY.25.3 OR AY.26 OR AY.26.1 OR AY.27 OR AY.28 OR AY.29 OR AY.29.1 OR AY.29.2 OR AY.30 OR AY.31 OR AY.32 OR AY.33 OR AY.33.1 OR AY.33.2 OR AY.34 OR AY.34.1 OR AY.34.1.1 OR AY.34.2 OR AY.35 OR AY.36 OR AY.36.1 OR AY.37 OR AY.38 OR AY.39 OR AY.39.1 OR AY.39.1.1 OR AY.39.1.2 OR AY.39.1.3 OR AY.39.1.4 OR AY.39.2 OR AY.39.3 OR AY.39.4 OR AY.40 OR AY.41 OR AY.42 OR AY.42.1 OR AY.43 OR AY.43.1 OR AY.43.2 OR AY.43.3 OR AY.43.4 OR AY.43.5 OR AY.43.6 OR AY.43.7 OR AY.43.8 OR AY.43.9 OR AY.44 OR AY.45 OR AY.46 OR AY.46.1 OR AY.46.2 OR AY.46.3 OR AY.46.4 OR AY.46.5 OR AY.46.6 OR AY.46.6.1 OR AY.47 OR AY.48 OR AY.49 OR AY.50 OR AY.51 OR AY.52 OR AY.53 OR AY.54 OR AY.55 OR AY.56 OR AY.57 OR AY.58 OR AY.59 OR AY.60 OR AY.61 OR AY.62 OR AY.63 OR AY.64 OR AY.65 OR AY.66 OR AY.67 OR AY.68 OR AY.69 OR AY.70 OR AY.71 OR AY.72 OR AY.73 OR AY.74 OR AY.75 OR AY.75.1 OR AY.75.2 OR AY.75.3 OR AY.76 OR AY.77 OR AY.78 OR AY.79 OR AY.80 OR AY.81 OR AY.82 OR AY.83 OR AY.84 OR AY.85 OR AY.86 OR AY.87 OR AY.88 OR AY.89 OR AY.90 OR AY.91 OR AY.91.1 OR AY.92 OR AY.93 OR AY.94 OR AY.95 OR AY.96 OR AY.97 OR AY.98 OR AY.98.1 OR AY.98.1.1 OR AY.99 OR AY.99.1 OR AY.99.2 OR AY.100 OR AY.101 OR AY.102 OR AY.102.1 OR AY.102.2 OR AY.103 OR AY.103.1 OR AY.103.2 OR AY.104 OR AY.105 OR AY.106 OR AY.107 OR AY.108 OR AY.109 OR AY.110 OR AY.111 OR AY.112 OR AY.112.1 OR AY.112.2 OR AY.112.3 OR AY.113 OR AY.114 OR AY.115 OR AY.116 OR AY.116.1 OR AY.117 OR AY.118 OR AY.119 OR AY.119.1 OR AY.119.2 OR AY.120 OR AY.120.1 OR AY.120.2 OR AY.120.2.1 OR AY.121 OR AY.121.1 OR AY.122 OR AY.122.1 OR AY.122.2 OR AY.122.3 OR AY.122.4 OR AY.122.5 OR AY.122.6 OR AY.123 OR AY.123.1 OR AY.124 OR AY.124.1 OR AY.124.1.1 OR AY.125 OR AY.125.1 OR AY.126 OR AY.127 OR AY.127.1 OR AY.127.2 OR AY.127.3 OR AY.128 OR AY.129 OR AY.130 OR AY.131 OR AY.132 OR AY.133 OR AY.134 OR B.1.617.2,Delta,704.571428571429,4.5,0.00638686131386861
2022-02-12,341,0,582.285714285714,2.28571428571429,0.00392541707556428,0.000714765693929597,0.0109780284119216,AY.1 OR AY.2 OR AY.3 OR AY.3.1 OR AY.3.2 OR AY.3.3 OR AY.3.4 OR AY.4 OR AY.4.1 OR AY.4.2 OR AY.4.2.1 OR AY.4.2.2 OR AY.4.2.3 OR AY.4.2.4 OR AY.4.2.5 OR AY.4.3 OR AY.4.4 OR AY.4.5 OR AY.4.6 OR AY.4.7 OR AY.4.8 OR AY.4.9 OR AY.4.10 OR AY.4.11 OR AY.4.12 OR AY.4.13 OR AY.4.14 OR AY.4.15 OR AY.4.16 OR AY.4.17 OR AY.5 OR AY.5.1 OR AY.5.2 OR AY.5.3 OR AY.5.4 OR AY.5.5 OR AY.5.6 OR AY.5.7 OR AY.6 OR AY.7 OR AY.7.1 OR AY.7.2 OR AY.8 OR AY.9 OR AY.9.1 OR AY.9.2 OR AY.9.2.1 OR AY.9.2.2 OR AY.10 OR AY.11 OR AY.12 OR AY.13 OR AY.14 OR AY.15 OR AY.16 OR AY.16.1 OR AY.17 OR AY.18 OR AY.19 OR AY.20 OR AY.20.1 OR AY.21 OR AY.22 OR AY.23 OR AY.23.1 OR AY.23.2 OR AY.24 OR AY.24.1 OR AY.25 OR AY.25.1 OR AY.25.1.1 OR AY.25.1.2 OR AY.25.2 OR AY.25.3 OR AY.26 OR AY.26.1 OR AY.27 OR AY.28 OR AY.29 OR AY.29.1 OR AY.29.2 OR AY.30 OR AY.31 OR AY.32 OR AY.33 OR AY.33.1 OR AY.33.2 OR AY.34 OR AY.34.1 OR AY.34.1.1 OR AY.34.2 OR AY.35 OR AY.36 OR AY.36.1 OR AY.37 OR AY.38 OR AY.39 OR AY.39.1 OR AY.39.1.1 OR AY.39.1.2 OR AY.39.1.3 OR AY.39.1.4 OR AY.39.2 OR AY.39.3 OR AY.39.4 OR AY.40 OR AY.41 OR AY.42 OR AY.42.1 OR AY.43 OR AY.43.1 OR AY.43.2 OR AY.43.3 OR AY.43.4 OR AY.43.5 OR AY.43.6 OR AY.43.7 OR AY.43.8 OR AY.43.9 OR AY.44 OR AY.45 OR AY.46 OR AY.46.1 OR AY.46.2 OR AY.46.3 OR AY.46.4 OR AY.46.5 OR AY.46.6 OR AY.46.6.1 OR AY.47 OR AY.48 OR AY.49 OR AY.50 OR AY.51 OR AY.52 OR AY.53 OR AY.54 OR AY.55 OR AY.56 OR AY.57 OR AY.58 OR AY.59 OR AY.60 OR AY.61 OR AY.62 OR AY.63 OR AY.64 OR AY.65 OR AY.66 OR AY.67 OR AY.68 OR AY.69 OR AY.70 OR AY.71 OR AY.72 OR AY.73 OR AY.74 OR AY.75 OR AY.75.1 OR AY.75.2 OR AY.75.3 OR AY.76 OR AY.77 OR AY.78 OR AY.79 OR AY.80 OR AY.81 OR AY.82 OR AY.83 OR AY.84 OR AY.85 OR AY.86 OR AY.87 OR AY.88 OR AY.89 OR AY.90 OR AY.91 OR AY.91.1 OR AY.92 OR AY.93 OR AY.94 OR AY.95 OR AY.96 OR AY.97 OR AY.98 OR AY.98.1 OR AY.98.1.1 OR AY.99 OR AY.99.1 OR AY.99.2 OR AY.100 OR AY.101 OR AY.102 OR AY.102.1 OR AY.102.2 OR AY.103 OR AY.103.1 OR AY.103.2 OR AY.104 OR AY.105 OR AY.106 OR AY.107 OR AY.108 OR AY.109 OR AY.110 OR AY.111 OR AY.112 OR AY.112.1 OR AY.112.2 OR AY.112.3 OR AY.113 OR AY.114 OR AY.115 OR AY.116 OR AY.116.1 OR AY.117 OR AY.118 OR AY.119 OR AY.119.1 OR AY.119.2 OR AY.120 OR AY.120.1 OR AY.120.2 OR AY.120.2.1 OR AY.121 OR AY.121.1 OR AY.122 OR AY.122.1 OR AY.122.2 OR AY.122.3 OR AY.122.4 OR AY.122.5 OR AY.122.6 OR AY.123 OR AY.123.1 OR AY.124 OR AY.124.1 OR AY.124.1.1 OR AY.125 OR AY.125.1 OR AY.126 OR AY.127 OR AY.127.1 OR AY.127.2 OR AY.127.3 OR AY.128 OR AY.129 OR AY.130 OR AY.131 OR AY.132 OR AY.133 OR AY.134 OR B.1.617.2,Delta,686.857142857143,4.07142857142857,0.00592762063227953
2022-02-13,222,0,544.142857142857,2,0.00367550538199002,0.000764744068012919,0.0117414124602887,AY.1 OR AY.2 OR AY.3 OR AY.3.1 OR AY.3.2 OR AY.3.3 OR AY.3.4 OR AY.4 OR AY.4.1 OR AY.4.2 OR AY.4.2.1 OR AY.4.2.2 OR AY.4.2.3 OR AY.4.2.4 OR AY.4.2.5 OR AY.4.3 OR AY.4.4 OR AY.4.5 OR AY.4.6 OR AY.4.7 OR AY.4.8 OR AY.4.9 OR AY.4.10 OR AY.4.11 OR AY.4.12 OR AY.4.13 OR AY.4.14 OR AY.4.15 OR AY.4.16 OR AY.4.17 OR AY.5 OR AY.5.1 OR AY.5.2 OR AY.5.3 OR AY.5.4 OR AY.5.5 OR AY.5.6 OR AY.5.7 OR AY.6 OR AY.7 OR AY.7.1 OR AY.7.2 OR AY.8 OR AY.9 OR AY.9.1 OR AY.9.2 OR AY.9.2.1 OR AY.9.2.2 OR AY.10 OR AY.11 OR AY.12 OR AY.13 OR AY.14 OR AY.15 OR AY.16 OR AY.16.1 OR AY.17 OR AY.18 OR AY.19 OR AY.20 OR AY.20.1 OR AY.21 OR AY.22 OR AY.23 OR AY.23.1 OR AY.23.2 OR AY.24 OR AY.24.1 OR AY.25 OR AY.25.1 OR AY.25.1.1 OR AY.25.1.2 OR AY.25.2 OR AY.25.3 OR AY.26 OR AY.26.1 OR AY.27 OR AY.28 OR AY.29 OR AY.29.1 OR AY.29.2 OR AY.30 OR AY.31 OR AY.32 OR AY.33 OR AY.33.1 OR AY.33.2 OR AY.34 OR AY.34.1 OR AY.34.1.1 OR AY.34.2 OR AY.35 OR AY.36 OR AY.36.1 OR AY.37 OR AY.38 OR AY.39 OR AY.39.1 OR AY.39.1.1 OR AY.39.1.2 OR AY.39.1.3 OR AY.39.1.4 OR AY.39.2 OR AY.39.3 OR AY.39.4 OR AY.40 OR AY.41 OR AY.42 OR AY.42.1 OR AY.43 OR AY.43.1 OR AY.43.2 OR AY.43.3 OR AY.43.4 OR AY.43.5 OR AY.43.6 OR AY.43.7 OR AY.43.8 OR AY.43.9 OR AY.44 OR AY.45 OR AY.46 OR AY.46.1 OR AY.46.2 OR AY.46.3 OR AY.46.4 OR AY.46.5 OR AY.46.6 OR AY.46.6.1 OR AY.47 OR AY.48 OR AY.49 OR AY.50 OR AY.51 OR AY.52 OR AY.53 OR AY.54 OR AY.55 OR AY.56 OR AY.57 OR AY.58 OR AY.59 OR AY.60 OR AY.61 OR AY.62 OR AY.63 OR AY.64 OR AY.65 OR AY.66 OR AY.67 OR AY.68 OR AY.69 OR AY.70 OR AY.71 OR AY.72 OR AY.73 OR AY.74 OR AY.75 OR AY.75.1 OR AY.75.2 OR AY.75.3 OR AY.76 OR AY.77 OR AY.78 OR AY.79 OR AY.80 OR AY.81 OR AY.82 OR AY.83 OR AY.84 OR AY.85 OR AY.86 OR AY.87 OR AY.88 OR AY.89 OR AY.90 OR AY.91 OR AY.91.1 OR AY.92 OR AY.93 OR AY.94 OR AY.95 OR AY.96 OR AY.97 OR AY.98 OR AY.98.1 OR AY.98.1.1 OR AY.99 OR AY.99.1 OR AY.99.2 OR AY.100 OR AY.101 OR AY.102 OR AY.102.1 OR AY.102.2 OR AY.103 OR AY.103.1 OR AY.103.2 OR AY.104 OR AY.105 OR AY.106 OR AY.107 OR AY.108 OR AY.109 OR AY.110 OR AY.111 OR AY.112 OR AY.112.1 OR AY.112.2 OR AY.112.3 OR AY.113 OR AY.114 OR AY.115 OR AY.116 OR AY.116.1 OR AY.117 OR AY.118 OR AY.119 OR AY.119.1 OR AY.119.2 OR AY.120 OR AY.120.1 OR AY.120.2 OR AY.120.2.1 OR AY.121 OR AY.121.1 OR AY.122 OR AY.122.1 OR AY.122.2 OR AY.122.3 OR AY.122.4 OR AY.122.5 OR AY.122.6 OR AY.123 OR AY.123.1 OR AY.124 OR AY.124.1 OR AY.124.1.1 OR AY.125 OR AY.125.1 OR AY.126 OR AY.127 OR AY.127.1 OR AY.127.2 OR AY.127.3 OR AY.128 OR AY.129 OR AY.130 OR AY.131 OR AY.132 OR AY.133 OR AY.134 OR B.1.617.2,Delta,672,4,0.00595238095238095
2022-02-14,732,3,500.857142857143,1.71428571428571,0.00342270393610953,0.000830452011537495,0.0127442165730112,AY.1 OR AY.2 OR AY.3 OR AY.3.1 OR AY.3.2 OR AY.3.3 OR AY.3.4 OR AY.4 OR AY.4.1 OR AY.4.2 OR AY.4.2.1 OR AY.4.2.2 OR AY.4.2.3 OR AY.4.2.4 OR AY.4.2.5 OR AY.4.3 OR AY.4.4 OR AY.4.5 OR AY.4.6 OR AY.4.7 OR AY.4.8 OR AY.4.9 OR AY.4.10 OR AY.4.11 OR AY.4.12 OR AY.4.13 OR AY.4.14 OR AY.4.15 OR AY.4.16 OR AY.4.17 OR AY.5 OR AY.5.1 OR AY.5.2 OR AY.5.3 OR AY.5.4 OR AY.5.5 OR AY.5.6 OR AY.5.7 OR AY.6 OR AY.7 OR AY.7.1 OR AY.7.2 OR AY.8 OR AY.9 OR AY.9.1 OR AY.9.2 OR AY.9.2.1 OR AY.9.2.2 OR AY.10 OR AY.11 OR AY.12 OR AY.13 OR AY.14 OR AY.15 OR AY.16 OR AY.16.1 OR AY.17 OR AY.18 OR AY.19 OR AY.20 OR AY.20.1 OR AY.21 OR AY.22 OR AY.23 OR AY.23.1 OR AY.23.2 OR AY.24 OR AY.24.1 OR AY.25 OR AY.25.1 OR AY.25.1.1 OR AY.25.1.2 OR AY.25.2 OR AY.25.3 OR AY.26 OR AY.26.1 OR AY.27 OR AY.28 OR AY.29 OR AY.29.1 OR AY.29.2 OR AY.30 OR AY.31 OR AY.32 OR AY.33 OR AY.33.1 OR AY.33.2 OR AY.34 OR AY.34.1 OR AY.34.1.1 OR AY.34.2 OR AY.35 OR AY.36 OR AY.36.1 OR AY.37 OR AY.38 OR AY.39 OR AY.39.1 OR AY.39.1.1 OR AY.39.1.2 OR AY.39.1.3 OR AY.39.1.4 OR AY.39.2 OR AY.39.3 OR AY.39.4 OR AY.40 OR AY.41 OR AY.42 OR AY.42.1 OR AY.43 OR AY.43.1 OR AY.43.2 OR AY.43.3 OR AY.43.4 OR AY.43.5 OR AY.43.6 OR AY.43.7 OR AY.43.8 OR AY.43.9 OR AY.44 OR AY.45 OR AY.46 OR AY.46.1 OR AY.46.2 OR AY.46.3 OR AY.46.4 OR AY.46.5 OR AY.46.6 OR AY.46.6.1 OR AY.47 OR AY.48 OR AY.49 OR AY.50 OR AY.51 OR AY.52 OR AY.53 OR AY.54 OR AY.55 OR AY.56 OR AY.57 OR AY.58 OR AY.59 OR AY.60 OR AY.61 OR AY.62 OR AY.63 OR AY.64 OR AY.65 OR AY.66 OR AY.67 OR AY.68 OR AY.69 OR AY.70 OR AY.71 OR AY.72 OR AY.73 OR AY.74 OR AY.75 OR AY.75.1 OR AY.75.2 OR AY.75.3 OR AY.76 OR AY.77 OR AY.78 OR AY.79 OR AY.80 OR AY.81 OR AY.82 OR AY.83 OR AY.84 OR AY.85 OR AY.86 OR AY.87 OR AY.88 OR AY.89 OR AY.90 OR AY.91 OR AY.91.1 OR AY.92 OR AY.93 OR AY.94 OR AY.95 OR AY.96 OR AY.97 OR AY.98 OR AY.98.1 OR AY.98.1.1 OR AY.99 OR AY.99.1 OR AY.99.2 OR AY.100 OR AY.101 OR AY.102 OR AY.102.1 OR AY.102.2 OR AY.103 OR AY.103.1 OR AY.103.2 OR AY.104 OR AY.105 OR AY.106 OR AY.107 OR AY.108 OR AY.109 OR AY.110 OR AY.111 OR AY.112 OR AY.112.1 OR AY.112.2 OR AY.112.3 OR AY.113 OR AY.114 OR AY.115 OR AY.116 OR AY.116.1 OR AY.117 OR AY.118 OR AY.119 OR AY.119.1 OR AY.119.2 OR AY.120 OR AY.120.1 OR AY.120.2 OR AY.120.2.1 OR AY.121 OR AY.121.1 OR AY.122 OR AY.122.1 OR AY.122.2 OR AY.122.3 OR AY.122.4 OR AY.122.5 OR AY.122.6 OR AY.123 OR AY.123.1 OR AY.124 OR AY.124.1 OR AY.124.1.1 OR AY.125 OR AY.125.1 OR AY.126 OR AY.127 OR AY.127.1 OR AY.127.2 OR AY.127.3 OR AY.128 OR AY.129 OR AY.130 OR AY.131 OR AY.132 OR AY.133 OR AY.134 OR B.1.617.2,Delta,638.571428571429,3.42857142857143,0.00536912751677852
2022-02-15,404,1,431.428571428572,1.57142857142857,0.00364238410596027,0.000965498408470149,0.014802247121641,AY.1 OR AY.2 OR AY.3 OR AY.3.1 OR AY.3.2 OR AY.3.3 OR AY.3.4 OR AY.4 OR AY.4.1 OR AY.4.2 OR AY.4.2.1 OR AY.4.2.2 OR AY.4.2.3 OR AY.4.2.4 OR AY.4.2.5 OR AY.4.3 OR AY.4.4 OR AY.4.5 OR AY.4.6 OR AY.4.7 OR AY.4.8 OR AY.4.9 OR AY.4.10 OR AY.4.11 OR AY.4.12 OR AY.4.13 OR AY.4.14 OR AY.4.15 OR AY.4.16 OR AY.4.17 OR AY.5 OR AY.5.1 OR AY.5.2 OR AY.5.3 OR AY.5.4 OR AY.5.5 OR AY.5.6 OR AY.5.7 OR AY.6 OR AY.7 OR AY.7.1 OR AY.7.2 OR AY.8 OR AY.9 OR AY.9.1 OR AY.9.2 OR AY.9.2.1 OR AY.9.2.2 OR AY.10 OR AY.11 OR AY.12 OR AY.13 OR AY.14 OR AY.15 OR AY.16 OR AY.16.1 OR AY.17 OR AY.18 OR AY.19 OR AY.20 OR AY.20.1 OR AY.21 OR AY.22 OR AY.23 OR AY.23.1 OR AY.23.2 OR AY.24 OR AY.24.1 OR AY.25 OR AY.25.1 OR AY.25.1.1 OR AY.25.1.2 OR AY.25.2 OR AY.25.3 OR AY.26 OR AY.26.1 OR AY.27 OR AY.28 OR AY.29 OR AY.29.1 OR AY.29.2 OR AY.30 OR AY.31 OR AY.32 OR AY.33 OR AY.33.1 OR AY.33.2 OR AY.34 OR AY.34.1 OR AY.34.1.1 OR AY.34.2 OR AY.35 OR AY.36 OR AY.36.1 OR AY.37 OR AY.38 OR AY.39 OR AY.39.1 OR AY.39.1.1 OR AY.39.1.2 OR AY.39.1.3 OR AY.39.1.4 OR AY.39.2 OR AY.39.3 OR AY.39.4 OR AY.40 OR AY.41 OR AY.42 OR AY.42.1 OR AY.43 OR AY.43.1 OR AY.43.2 OR AY.43.3 OR AY.43.4 OR AY.43.5 OR AY.43.6 OR AY.43.7 OR AY.43.8 OR AY.43.9 OR AY.44 OR AY.45 OR AY.46 OR AY.46.1 OR AY.46.2 OR AY.46.3 OR AY.46.4 OR AY.46.5 OR AY.46.6 OR AY.46.6.1 OR AY.47 OR AY.48 OR AY.49 OR AY.50 OR AY.51 OR AY.52 OR AY.53 OR AY.54 OR AY.55 OR AY.56 OR AY.57 OR AY.58 OR AY.59 OR AY.60 OR AY.61 OR AY.62 OR AY.63 OR AY.64 OR AY.65 OR AY.66 OR AY.67 OR AY.68 OR AY.69 OR AY.70 OR AY.71 OR AY.72 OR AY.73 OR AY.74 OR AY.75 OR AY.75.1 OR AY.75.2 OR AY.75.3 OR AY.76 OR AY.77 OR AY.78 OR AY.79 OR AY.80 OR AY.81 OR AY.82 OR AY.83 OR AY.84 OR AY.85 OR AY.86 OR AY.87 OR AY.88 OR AY.89 OR AY.90 OR AY.91 OR AY.91.1 OR AY.92 OR AY.93 OR AY.94 OR AY.95 OR AY.96 OR AY.97 OR AY.98 OR AY.98.1 OR AY.98.1.1 OR AY.99 OR AY.99.1 OR AY.99.2 OR AY.100 OR AY.101 OR AY.102 OR AY.102.1 OR AY.102.2 OR AY.103 OR AY.103.1 OR AY.103.2 OR AY.104 OR AY.105 OR AY.106 OR AY.107 OR AY.108 OR AY.109 OR AY.110 OR AY.111 OR AY.112 OR AY.112.1 OR AY.112.2 OR AY.112.3 OR AY.113 OR AY.114 OR AY.115 OR AY.116 OR AY.116.1 OR AY.117 OR AY.118 OR AY.119 OR AY.119.1 OR AY.119.2 OR AY.120 OR AY.120.1 OR AY.120.2 OR AY.120.2.1 OR AY.121 OR AY.121.1 OR AY.122 OR AY.122.1 OR AY.122.2 OR AY.122.3 OR AY.122.4 OR AY.122.5 OR AY.122.6 OR AY.123 OR AY.123.1 OR AY.124 OR AY.124.1 OR AY.124.1.1 OR AY.125 OR AY.125.1 OR AY.126 OR AY.127 OR AY.127.1 OR AY.127.2 OR AY.127.3 OR AY.128 OR AY.129 OR AY.130 OR AY.131 OR AY.132 OR AY.133 OR AY.134 OR B.1.617.2,Delta,595.785714285714,2.92857142857143,0.00491547776046038
2022-02-16,316,1,400.857142857143,1.42857142857143,0.00356379187455453,0.000269203129047507,0.0115958894104922,AY.1 OR AY.2 OR AY.3 OR AY.3.1 OR AY.3.2 OR AY.3.3 OR AY.3.4 OR AY.4 OR AY.4.1 OR AY.4.2 OR AY.4.2.1 OR AY.4.2.2 OR AY.4.2.3 OR AY.4.2.4 OR AY.4.2.5 OR AY.4.3 OR AY.4.4 OR AY.4.5 OR AY.4.6 OR AY.4.7 OR AY.4.8 OR AY.4.9 OR AY.4.10 OR AY.4.11 OR AY.4.12 OR AY.4.13 OR AY.4.14 OR AY.4.15 OR AY.4.16 OR AY.4.17 OR AY.5 OR AY.5.1 OR AY.5.2 OR AY.5.3 OR AY.5.4 OR AY.5.5 OR AY.5.6 OR AY.5.7 OR AY.6 OR AY.7 OR AY.7.1 OR AY.7.2 OR AY.8 OR AY.9 OR AY.9.1 OR AY.9.2 OR AY.9.2.1 OR AY.9.2.2 OR AY.10 OR AY.11 OR AY.12 OR AY.13 OR AY.14 OR AY.15 OR AY.16 OR AY.16.1 OR AY.17 OR AY.18 OR AY.19 OR AY.20 OR AY.20.1 OR AY.21 OR AY.22 OR AY.23 OR AY.23.1 OR AY.23.2 OR AY.24 OR AY.24.1 OR AY.25 OR AY.25.1 OR AY.25.1.1 OR AY.25.1.2 OR AY.25.2 OR AY.25.3 OR AY.26 OR AY.26.1 OR AY.27 OR AY.28 OR AY.29 OR AY.29.1 OR AY.29.2 OR AY.30 OR AY.31 OR AY.32 OR AY.33 OR AY.33.1 OR AY.33.2 OR AY.34 OR AY.34.1 OR AY.34.1.1 OR AY.34.2 OR AY.35 OR AY.36 OR AY.36.1 OR AY.37 OR AY.38 OR AY.39 OR AY.39.1 OR AY.39.1.1 OR AY.39.1.2 OR AY.39.1.3 OR AY.39.1.4 OR AY.39.2 OR AY.39.3 OR AY.39.4 OR AY.40 OR AY.41 OR AY.42 OR AY.42.1 OR AY.43 OR AY.43.1 OR AY.43.2 OR AY.43.3 OR AY.43.4 OR AY.43.5 OR AY.43.6 OR AY.43.7 OR AY.43.8 OR AY.43.9 OR AY.44 OR AY.45 OR AY.46 OR AY.46.1 OR AY.46.2 OR AY.46.3 OR AY.46.4 OR AY.46.5 OR AY.46.6 OR AY.46.6.1 OR AY.47 OR AY.48 OR AY.49 OR AY.50 OR AY.51 OR AY.52 OR AY.53 OR AY.54 OR AY.55 OR AY.56 OR AY.57 OR AY.58 OR AY.59 OR AY.60 OR AY.61 OR AY.62 OR AY.63 OR AY.64 OR AY.65 OR AY.66 OR AY.67 OR AY.68 OR AY.69 OR AY.70 OR AY.71 OR AY.72 OR AY.73 OR AY.74 OR AY.75 OR AY.75.1 OR AY.75.2 OR AY.75.3 OR AY.76 OR AY.77 OR AY.78 OR AY.79 OR AY.80 OR AY.81 OR AY.82 OR AY.83 OR AY.84 OR AY.85 OR AY.86 OR AY.87 OR AY.88 OR AY.89 OR AY.90 OR AY.91 OR AY.91.1 OR AY.92 OR AY.93 OR AY.94 OR AY.95 OR AY.96 OR AY.97 OR AY.98 OR AY.98.1 OR AY.98.1.1 OR AY.99 OR AY.99.1 OR AY.99.2 OR AY.100 OR AY.101 OR AY.102 OR AY.102.1 OR AY.102.2 OR AY.103 OR AY.103.1 OR AY.103.2 OR AY.104 OR AY.105 OR AY.106 OR AY.107 OR AY.108 OR AY.109 OR AY.110 OR AY.111 OR AY.112 OR AY.112.1 OR AY.112.2 OR AY.112.3 OR AY.113 OR AY.114 OR AY.115 OR AY.116 OR AY.116.1 OR AY.117 OR AY.118 OR AY.119 OR AY.119.1 OR AY.119.2 OR AY.120 OR AY.120.1 OR AY.120.2 OR AY.120.2.1 OR AY.121 OR AY.121.1 OR AY.122 OR AY.122.1 OR AY.122.2 OR AY.122.3 OR AY.122.4 OR AY.122.5 OR AY.122.6 OR AY.123 OR AY.123.1 OR AY.124 OR AY.124.1 OR AY.124.1.1 OR AY.125 OR AY.125.1 OR AY.126 OR AY.127 OR AY.127.1 OR AY.127.2 OR AY.127.3 OR AY.128 OR AY.129 OR AY.130 OR AY.131 OR AY.132 OR AY.133 OR AY.134 OR B.1.617.2,Delta,557.714285714286,2.64285714285714,0.00473872950819672
2022-02-17,290,1,371.142857142857,0.857142857142857,0.0023094688221709,0.000290983101812917,0.0125282951827082,AY.1 OR AY.2 OR AY.3 OR AY.3.1 OR AY.3.2 OR AY.3.3 OR AY.3.4 OR AY.4 OR AY.4.1 OR AY.4.2 OR AY.4.2.1 OR AY.4.2.2 OR AY.4.2.3 OR AY.4.2.4 OR AY.4.2.5 OR AY.4.3 OR AY.4.4 OR AY.4.5 OR AY.4.6 OR AY.4.7 OR AY.4.8 OR AY.4.9 OR AY.4.10 OR AY.4.11 OR AY.4.12 OR AY.4.13 OR AY.4.14 OR AY.4.15 OR AY.4.16 OR AY.4.17 OR AY.5 OR AY.5.1 OR AY.5.2 OR AY.5.3 OR AY.5.4 OR AY.5.5 OR AY.5.6 OR AY.5.7 OR AY.6 OR AY.7 OR AY.7.1 OR AY.7.2 OR AY.8 OR AY.9 OR AY.9.1 OR AY.9.2 OR AY.9.2.1 OR AY.9.2.2 OR AY.10 OR AY.11 OR AY.12 OR AY.13 OR AY.14 OR AY.15 OR AY.16 OR AY.16.1 OR AY.17 OR AY.18 OR AY.19 OR AY.20 OR AY.20.1 OR AY.21 OR AY.22 OR AY.23 OR AY.23.1 OR AY.23.2 OR AY.24 OR AY.24.1 OR AY.25 OR AY.25.1 OR AY.25.1.1 OR AY.25.1.2 OR AY.25.2 OR AY.25.3 OR AY.26 OR AY.26.1 OR AY.27 OR AY.28 OR AY.29 OR AY.29.1 OR AY.29.2 OR AY.30 OR AY.31 OR AY.32 OR AY.33 OR AY.33.1 OR AY.33.2 OR AY.34 OR AY.34.1 OR AY.34.1.1 OR AY.34.2 OR AY.35 OR AY.36 OR AY.36.1 OR AY.37 OR AY.38 OR AY.39 OR AY.39.1 OR AY.39.1.1 OR AY.39.1.2 OR AY.39.1.3 OR AY.39.1.4 OR AY.39.2 OR AY.39.3 OR AY.39.4 OR AY.40 OR AY.41 OR AY.42 OR AY.42.1 OR AY.43 OR AY.43.1 OR AY.43.2 OR AY.43.3 OR AY.43.4 OR AY.43.5 OR AY.43.6 OR AY.43.7 OR AY.43.8 OR AY.43.9 OR AY.44 OR AY.45 OR AY.46 OR AY.46.1 OR AY.46.2 OR AY.46.3 OR AY.46.4 OR AY.46.5 OR AY.46.6 OR AY.46.6.1 OR AY.47 OR AY.48 OR AY.49 OR AY.50 OR AY.51 OR AY.52 OR AY.53 OR AY.54 OR AY.55 OR AY.56 OR AY.57 OR AY.58 OR AY.59 OR AY.60 OR AY.61 OR AY.62 OR AY.63 OR AY.64 OR AY.65 OR AY.66 OR AY.67 OR AY.68 OR AY.69 OR AY.70 OR AY.71 OR AY.72 OR AY.73 OR AY.74 OR AY.75 OR AY.75.1 OR AY.75.2 OR AY.75.3 OR AY.76 OR AY.77 OR AY.78 OR AY.79 OR AY.80 OR AY.81 OR AY.82 OR AY.83 OR AY.84 OR AY.85 OR AY.86 OR AY.87 OR AY.88 OR AY.89 OR AY.90 OR AY.91 OR AY.91.1 OR AY.92 OR AY.93 OR AY.94 OR AY.95 OR AY.96 OR AY.97 OR AY.98 OR AY.98.1 OR AY.98.1.1 OR AY.99 OR AY.99.1 OR AY.99.2 OR AY.100 OR AY.101 OR AY.102 OR AY.102.1 OR AY.102.2 OR AY.103 OR AY.103.1 OR AY.103.2 OR AY.104 OR AY.105 OR AY.106 OR AY.107 OR AY.108 OR AY.109 OR AY.110 OR AY.111 OR AY.112 OR AY.112.1 OR AY.112.2 OR AY.112.3 OR AY.113 OR AY.114 OR AY.115 OR AY.116 OR AY.116.1 OR AY.117 OR AY.118 OR AY.119 OR AY.119.1 OR AY.119.2 OR AY.120 OR AY.120.1 OR AY.120.2 OR AY.120.2.1 OR AY.121 OR AY.121.1 OR AY.122 OR AY.122.1 OR AY.122.2 OR AY.122.3 OR AY.122.4 OR AY.122.5 OR AY.122.6 OR AY.123 OR AY.123.1 OR AY.124 OR AY.124.1 OR AY.124.1.1 OR AY.125 OR AY.125.1 OR AY.126 OR AY.127 OR AY.127.1 OR AY.127.2 OR AY.127.3 OR AY.128 OR AY.129 OR AY.130 OR AY.131 OR AY.132 OR AY.133 OR AY.134 OR B.1.617.2,Delta,523.785714285714,2.5,0.00477294422473749
2022-02-18,245,0,364.285714285714,0.857142857142857,0.00235294117647059,0.000296581950716517,0.0127678444012107,AY.1 OR AY.2 OR AY.3 OR AY.3.1 OR AY.3.2 OR AY.3.3 OR AY.3.4 OR AY.4 OR AY.4.1 OR AY.4.2 OR AY.4.2.1 OR AY.4.2.2 OR AY.4.2.3 OR AY.4.2.4 OR AY.4.2.5 OR AY.4.3 OR AY.4.4 OR AY.4.5 OR AY.4.6 OR AY.4.7 OR AY.4.8 OR AY.4.9 OR AY.4.10 OR AY.4.11 OR AY.4.12 OR AY.4.13 OR AY.4.14 OR AY.4.15 OR AY.4.16 OR AY.4.17 OR AY.5 OR AY.5.1 OR AY.5.2 OR AY.5.3 OR AY.5.4 OR AY.5.5 OR AY.5.6 OR AY.5.7 OR AY.6 OR AY.7 OR AY.7.1 OR AY.7.2 OR AY.8 OR AY.9 OR AY.9.1 OR AY.9.2 OR AY.9.2.1 OR AY.9.2.2 OR AY.10 OR AY.11 OR AY.12 OR AY.13 OR AY.14 OR AY.15 OR AY.16 OR AY.16.1 OR AY.17 OR AY.18 OR AY.19 OR AY.20 OR AY.20.1 OR AY.21 OR AY.22 OR AY.23 OR AY.23.1 OR AY.23.2 OR AY.24 OR AY.24.1 OR AY.25 OR AY.25.1 OR AY.25.1.1 OR AY.25.1.2 OR AY.25.2 OR AY.25.3 OR AY.26 OR AY.26.1 OR AY.27 OR AY.28 OR AY.29 OR AY.29.1 OR AY.29.2 OR AY.30 OR AY.31 OR AY.32 OR AY.33 OR AY.33.1 OR AY.33.2 OR AY.34 OR AY.34.1 OR AY.34.1.1 OR AY.34.2 OR AY.35 OR AY.36 OR AY.36.1 OR AY.37 OR AY.38 OR AY.39 OR AY.39.1 OR AY.39.1.1 OR AY.39.1.2 OR AY.39.1.3 OR AY.39.1.4 OR AY.39.2 OR AY.39.3 OR AY.39.4 OR AY.40 OR AY.41 OR AY.42 OR AY.42.1 OR AY.43 OR AY.43.1 OR AY.43.2 OR AY.43.3 OR AY.43.4 OR AY.43.5 OR AY.43.6 OR AY.43.7 OR AY.43.8 OR AY.43.9 OR AY.44 OR AY.45 OR AY.46 OR AY.46.1 OR AY.46.2 OR AY.46.3 OR AY.46.4 OR AY.46.5 OR AY.46.6 OR AY.46.6.1 OR AY.47 OR AY.48 OR AY.49 OR AY.50 OR AY.51 OR AY.52 OR AY.53 OR AY.54 OR AY.55 OR AY.56 OR AY.57 OR AY.58 OR AY.59 OR AY.60 OR AY.61 OR AY.62 OR AY.63 OR AY.64 OR AY.65 OR AY.66 OR AY.67 OR AY.68 OR AY.69 OR AY.70 OR AY.71 OR AY.72 OR AY.73 OR AY.74 OR AY.75 OR AY.75.1 OR AY.75.2 OR AY.75.3 OR AY.76 OR AY.77 OR AY.78 OR AY.79 OR AY.80 OR AY.81 OR AY.82 OR AY.83 OR AY.84 OR AY.85 OR AY.86 OR AY.87 OR AY.88 OR AY.89 OR AY.90 OR AY.91 OR AY.91.1 OR AY.92 OR AY.93 OR AY.94 OR AY.95 OR AY.96 OR AY.97 OR AY.98 OR AY.98.1 OR AY.98.1.1 OR AY.99 OR AY.99.1 OR AY.99.2 OR AY.100 OR AY.101 OR AY.102 OR AY.102.1 OR AY.102.2 OR AY.103 OR AY.103.1 OR AY.103.2 OR AY.104 OR AY.105 OR AY.106 OR AY.107 OR AY.108 OR AY.109 OR AY.110 OR AY.111 OR AY.112 OR AY.112.1 OR AY.112.2 OR AY.112.3 OR AY.113 OR AY.114 OR AY.115 OR AY.116 OR AY.116.1 OR AY.117 OR AY.118 OR AY.119 OR AY.119.1 OR AY.119.2 OR AY.120 OR AY.120.1 OR AY.120.2 OR AY.120.2.1 OR AY.121 OR AY.121.1 OR AY.122 OR AY.122.1 OR AY.122.2 OR AY.122.3 OR AY.122.4 OR AY.122.5 OR AY.122.6 OR AY.123 OR AY.123.1 OR AY.124 OR AY.124.1 OR AY.124.1.1 OR AY.125 OR AY.125.1 OR AY.126 OR AY.127 OR AY.127.1 OR AY.127.2 OR AY.127.3 OR AY.128 OR AY.129 OR AY.130 OR AY.131 OR AY.132 OR AY.133 OR AY.134 OR B.1.617.2,Delta,482.785714285714,1.85714285714286,0.00384672288800118
2022-02-19,152,1,337.285714285714,1,0.00296484540448962,0.000320357562472997,0.0137844624010781,AY.1 OR AY.2 OR AY.3 OR AY.3.1 OR AY.3.2 OR AY.3.3 OR AY.3.4 OR AY.4 OR AY.4.1 OR AY.4.2 OR AY.4.2.1 OR AY.4.2.2 OR AY.4.2.3 OR AY.4.2.4 OR AY.4.2.5 OR AY.4.3 OR AY.4.4 OR AY.4.5 OR AY.4.6 OR AY.4.7 OR AY.4.8 OR AY.4.9 OR AY.4.10 OR AY.4.11 OR AY.4.12 OR AY.4.13 OR AY.4.14 OR AY.4.15 OR AY.4.16 OR AY.4.17 OR AY.5 OR AY.5.1 OR AY.5.2 OR AY.5.3 OR AY.5.4 OR AY.5.5 OR AY.5.6 OR AY.5.7 OR AY.6 OR AY.7 OR AY.7.1 OR AY.7.2 OR AY.8 OR AY.9 OR AY.9.1 OR AY.9.2 OR AY.9.2.1 OR AY.9.2.2 OR AY.10 OR AY.11 OR AY.12 OR AY.13 OR AY.14 OR AY.15 OR AY.16 OR AY.16.1 OR AY.17 OR AY.18 OR AY.19 OR AY.20 OR AY.20.1 OR AY.21 OR AY.22 OR AY.23 OR AY.23.1 OR AY.23.2 OR AY.24 OR AY.24.1 OR AY.25 OR AY.25.1 OR AY.25.1.1 OR AY.25.1.2 OR AY.25.2 OR AY.25.3 OR AY.26 OR AY.26.1 OR AY.27 OR AY.28 OR AY.29 OR AY.29.1 OR AY.29.2 OR AY.30 OR AY.31 OR AY.32 OR AY.33 OR AY.33.1 OR AY.33.2 OR AY.34 OR AY.34.1 OR AY.34.1.1 OR AY.34.2 OR AY.35 OR AY.36 OR AY.36.1 OR AY.37 OR AY.38 OR AY.39 OR AY.39.1 OR AY.39.1.1 OR AY.39.1.2 OR AY.39.1.3 OR AY.39.1.4 OR AY.39.2 OR AY.39.3 OR AY.39.4 OR AY.40 OR AY.41 OR AY.42 OR AY.42.1 OR AY.43 OR AY.43.1 OR AY.43.2 OR AY.43.3 OR AY.43.4 OR AY.43.5 OR AY.43.6 OR AY.43.7 OR AY.43.8 OR AY.43.9 OR AY.44 OR AY.45 OR AY.46 OR AY.46.1 OR AY.46.2 OR AY.46.3 OR AY.46.4 OR AY.46.5 OR AY.46.6 OR AY.46.6.1 OR AY.47 OR AY.48 OR AY.49 OR AY.50 OR AY.51 OR AY.52 OR AY.53 OR AY.54 OR AY.55 OR AY.56 OR AY.57 OR AY.58 OR AY.59 OR AY.60 OR AY.61 OR AY.62 OR AY.63 OR AY.64 OR AY.65 OR AY.66 OR AY.67 OR AY.68 OR AY.69 OR AY.70 OR AY.71 OR AY.72 OR AY.73 OR AY.74 OR AY.75 OR AY.75.1 OR AY.75.2 OR AY.75.3 OR AY.76 OR AY.77 OR AY.78 OR AY.79 OR AY.80 OR AY.81 OR AY.82 OR AY.83 OR AY.84 OR AY.85 OR AY.86 OR AY.87 OR AY.88 OR AY.89 OR AY.90 OR AY.91 OR AY.91.1 OR AY.92 OR AY.93 OR AY.94 OR AY.95 OR AY.96 OR AY.97 OR AY.98 OR AY.98.1 OR AY.98.1.1 OR AY.99 OR AY.99.1 OR AY.99.2 OR AY.100 OR AY.101 OR AY.102 OR AY.102.1 OR AY.102.2 OR AY.103 OR AY.103.1 OR AY.103.2 OR AY.104 OR AY.105 OR AY.106 OR AY.107 OR AY.108 OR AY.109 OR AY.110 OR AY.111 OR AY.112 OR AY.112.1 OR AY.112.2 OR AY.112.3 OR AY.113 OR AY.114 OR AY.115 OR AY.116 OR AY.116.1 OR AY.117 OR AY.118 OR AY.119 OR AY.119.1 OR AY.119.2 OR AY.120 OR AY.120.1 OR AY.120.2 OR AY.120.2.1 OR AY.121 OR AY.121.1 OR AY.122 OR AY.122.1 OR AY.122.2 OR AY.122.3 OR AY.122.4 OR AY.122.5 OR AY.122.6 OR AY.123 OR AY.123.1 OR AY.124 OR AY.124.1 OR AY.124.1.1 OR AY.125 OR AY.125.1 OR AY.126 OR AY.127 OR AY.127.1 OR AY.127.2 OR AY.127.3 OR AY.128 OR AY.129 OR AY.130 OR AY.131 OR AY.132 OR AY.133 OR AY.134 OR B.1.617.2,Delta,459.785714285714,1.64285714285714,0.00357309305577132
2022-02-20,192,0,333,1,0.003003003003003,0.000324207971947119,0.0139490052936713,AY.1 OR AY.2 OR AY.3 OR AY.3.1 OR AY.3.2 OR AY.3.3 OR AY.3.4 OR AY.4 OR AY.4.1 OR AY.4.2 OR AY.4.2.1 OR AY.4.2.2 OR AY.4.2.3 OR AY.4.2.4 OR AY.4.2.5 OR AY.4.3 OR AY.4.4 OR AY.4.5 OR AY.4.6 OR AY.4.7 OR AY.4.8 OR AY.4.9 OR AY.4.10 OR AY.4.11 OR AY.4.12 OR AY.4.13 OR AY.4.14 OR AY.4.15 OR AY.4.16 OR AY.4.17 OR AY.5 OR AY.5.1 OR AY.5.2 OR AY.5.3 OR AY.5.4 OR AY.5.5 OR AY.5.6 OR AY.5.7 OR AY.6 OR AY.7 OR AY.7.1 OR AY.7.2 OR AY.8 OR AY.9 OR AY.9.1 OR AY.9.2 OR AY.9.2.1 OR AY.9.2.2 OR AY.10 OR AY.11 OR AY.12 OR AY.13 OR AY.14 OR AY.15 OR AY.16 OR AY.16.1 OR AY.17 OR AY.18 OR AY.19 OR AY.20 OR AY.20.1 OR AY.21 OR AY.22 OR AY.23 OR AY.23.1 OR AY.23.2 OR AY.24 OR AY.24.1 OR AY.25 OR AY.25.1 OR AY.25.1.1 OR AY.25.1.2 OR AY.25.2 OR AY.25.3 OR AY.26 OR AY.26.1 OR AY.27 OR AY.28 OR AY.29 OR AY.29.1 OR AY.29.2 OR AY.30 OR AY.31 OR AY.32 OR AY.33 OR AY.33.1 OR AY.33.2 OR AY.34 OR AY.34.1 OR AY.34.1.1 OR AY.34.2 OR AY.35 OR AY.36 OR AY.36.1 OR AY.37 OR AY.38 OR AY.39 OR AY.39.1 OR AY.39.1.1 OR AY.39.1.2 OR AY.39.1.3 OR AY.39.1.4 OR AY.39.2 OR AY.39.3 OR AY.39.4 OR AY.40 OR AY.41 OR AY.42 OR AY.42.1 OR AY.43 OR AY.43.1 OR AY.43.2 OR AY.43.3 OR AY.43.4 OR AY.43.5 OR AY.43.6 OR AY.43.7 OR AY.43.8 OR AY.43.9 OR AY.44 OR AY.45 OR AY.46 OR AY.46.1 OR AY.46.2 OR AY.46.3 OR AY.46.4 OR AY.46.5 OR AY.46.6 OR AY.46.6.1 OR AY.47 OR AY.48 OR AY.49 OR AY.50 OR AY.51 OR AY.52 OR AY.53 OR AY.54 OR AY.55 OR AY.56 OR AY.57 OR AY.58 OR AY.59 OR AY.60 OR AY.61 OR AY.62 OR AY.63 OR AY.64 OR AY.65 OR AY.66 OR AY.67 OR AY.68 OR AY.69 OR AY.70 OR AY.71 OR AY.72 OR AY.73 OR AY.74 OR AY.75 OR AY.75.1 OR AY.75.2 OR AY.75.3 OR AY.76 OR AY.77 OR AY.78 OR AY.79 OR AY.80 OR AY.81 OR AY.82 OR AY.83 OR AY.84 OR AY.85 OR AY.86 OR AY.87 OR AY.88 OR AY.89 OR AY.90 OR AY.91 OR AY.91.1 OR AY.92 OR AY.93 OR AY.94 OR AY.95 OR AY.96 OR AY.97 OR AY.98 OR AY.98.1 OR AY.98.1.1 OR AY.99 OR AY.99.1 OR AY.99.2 OR AY.100 OR AY.101 OR AY.102 OR AY.102.1 OR AY.102.2 OR AY.103 OR AY.103.1 OR AY.103.2 OR AY.104 OR AY.105 OR AY.106 OR AY.107 OR AY.108 OR AY.109 OR AY.110 OR AY.111 OR AY.112 OR AY.112.1 OR AY.112.2 OR AY.112.3 OR AY.113 OR AY.114 OR AY.115 OR AY.116 OR AY.116.1 OR AY.117 OR AY.118 OR AY.119 OR AY.119.1 OR AY.119.2 OR AY.120 OR AY.120.1 OR AY.120.2 OR AY.120.2.1 OR AY.121 OR AY.121.1 OR AY.122 OR AY.122.1 OR AY.122.2 OR AY.122.3 OR AY.122.4 OR AY.122.5 OR AY.122.6 OR AY.123 OR AY.123.1 OR AY.124 OR AY.124.1 OR AY.124.1.1 OR AY.125 OR AY.125.1 OR AY.126 OR AY.127 OR AY.127.1 OR AY.127.2 OR AY.127.3 OR AY.128 OR AY.129 OR AY.130 OR AY.131 OR AY.132 OR AY.133 OR AY.134 OR B.1.617.2,Delta,438.571428571429,1.5,0.00342019543973941
2022-02-21,403,0,286,0.571428571428571,0.001998001998002,0.000377523516578398,0.0162246310148034,AY.1 OR AY.2 OR AY.3 OR AY.3.1 OR AY.3.2 OR AY.3.3 OR AY.3.4 OR AY.4 OR AY.4.1 OR AY.4.2 OR AY.4.2.1 OR AY.4.2.2 OR AY.4.2.3 OR AY.4.2.4 OR AY.4.2.5 OR AY.4.3 OR AY.4.4 OR AY.4.5 OR AY.4.6 OR AY.4.7 OR AY.4.8 OR AY.4.9 OR AY.4.10 OR AY.4.11 OR AY.4.12 OR AY.4.13 OR AY.4.14 OR AY.4.15 OR AY.4.16 OR AY.4.17 OR AY.5 OR AY.5.1 OR AY.5.2 OR AY.5.3 OR AY.5.4 OR AY.5.5 OR AY.5.6 OR AY.5.7 OR AY.6 OR AY.7 OR AY.7.1 OR AY.7.2 OR AY.8 OR AY.9 OR AY.9.1 OR AY.9.2 OR AY.9.2.1 OR AY.9.2.2 OR AY.10 OR AY.11 OR AY.12 OR AY.13 OR AY.14 OR AY.15 OR AY.16 OR AY.16.1 OR AY.17 OR AY.18 OR AY.19 OR AY.20 OR AY.20.1 OR AY.21 OR AY.22 OR AY.23 OR AY.23.1 OR AY.23.2 OR AY.24 OR AY.24.1 OR AY.25 OR AY.25.1 OR AY.25.1.1 OR AY.25.1.2 OR AY.25.2 OR AY.25.3 OR AY.26 OR AY.26.1 OR AY.27 OR AY.28 OR AY.29 OR AY.29.1 OR AY.29.2 OR AY.30 OR AY.31 OR AY.32 OR AY.33 OR AY.33.1 OR AY.33.2 OR AY.34 OR AY.34.1 OR AY.34.1.1 OR AY.34.2 OR AY.35 OR AY.36 OR AY.36.1 OR AY.37 OR AY.38 OR AY.39 OR AY.39.1 OR AY.39.1.1 OR AY.39.1.2 OR AY.39.1.3 OR AY.39.1.4 OR AY.39.2 OR AY.39.3 OR AY.39.4 OR AY.40 OR AY.41 OR AY.42 OR AY.42.1 OR AY.43 OR AY.43.1 OR AY.43.2 OR AY.43.3 OR AY.43.4 OR AY.43.5 OR AY.43.6 OR AY.43.7 OR AY.43.8 OR AY.43.9 OR AY.44 OR AY.45 OR AY.46 OR AY.46.1 OR AY.46.2 OR AY.46.3 OR AY.46.4 OR AY.46.5 OR AY.46.6 OR AY.46.6.1 OR AY.47 OR AY.48 OR AY.49 OR AY.50 OR AY.51 OR AY.52 OR AY.53 OR AY.54 OR AY.55 OR AY.56 OR AY.57 OR AY.58 OR AY.59 OR AY.60 OR AY.61 OR AY.62 OR AY.63 OR AY.64 OR AY.65 OR AY.66 OR AY.67 OR AY.68 OR AY.69 OR AY.70 OR AY.71 OR AY.72 OR AY.73 OR AY.74 OR AY.75 OR AY.75.1 OR AY.75.2 OR AY.75.3 OR AY.76 OR AY.77 OR AY.78 OR AY.79 OR AY.80 OR AY.81 OR AY.82 OR AY.83 OR AY.84 OR AY.85 OR AY.86 OR AY.87 OR AY.88 OR AY.89 OR AY.90 OR AY.91 OR AY.91.1 OR AY.92 OR AY.93 OR AY.94 OR AY.95 OR AY.96 OR AY.97 OR AY.98 OR AY.98.1 OR AY.98.1.1 OR AY.99 OR AY.99.1 OR AY.99.2 OR AY.100 OR AY.101 OR AY.102 OR AY.102.1 OR AY.102.2 OR AY.103 OR AY.103.1 OR AY.103.2 OR AY.104 OR AY.105 OR AY.106 OR AY.107 OR AY.108 OR AY.109 OR AY.110 OR AY.111 OR AY.112 OR AY.112.1 OR AY.112.2 OR AY.112.3 OR AY.113 OR AY.114 OR AY.115 OR AY.116 OR AY.116.1 OR AY.117 OR AY.118 OR AY.119 OR AY.119.1 OR AY.119.2 OR AY.120 OR AY.120.1 OR AY.120.2 OR AY.120.2.1 OR AY.121 OR AY.121.1 OR AY.122 OR AY.122.1 OR AY.122.2 OR AY.122.3 OR AY.122.4 OR AY.122.5 OR AY.122.6 OR AY.123 OR AY.123.1 OR AY.124 OR AY.124.1 OR AY.124.1.1 OR AY.125 OR AY.125.1 OR AY.126 OR AY.127 OR AY.127.1 OR AY.127.2 OR AY.127.3 OR AY.128 OR AY.129 OR AY.130 OR AY.131 OR AY.132 OR AY.133 OR AY.134 OR B.1.617.2,Delta,393.428571428571,1.14285714285714,0.00290486564996369
2022-02-22,275,0,267.571428571429,0.428571428571429,0.00160170848905499,1.83050846542382e-06,0.00932046850498606,AY.1 OR AY.2 OR AY.3 OR AY.3.1 OR AY.3.2 OR AY.3.3 OR AY.3.4 OR AY.4 OR AY.4.1 OR AY.4.2 OR AY.4.2.1 OR AY.4.2.2 OR AY.4.2.3 OR AY.4.2.4 OR AY.4.2.5 OR AY.4.3 OR AY.4.4 OR AY.4.5 OR AY.4.6 OR AY.4.7 OR AY.4.8 OR AY.4.9 OR AY.4.10 OR AY.4.11 OR AY.4.12 OR AY.4.13 OR AY.4.14 OR AY.4.15 OR AY.4.16 OR AY.4.17 OR AY.5 OR AY.5.1 OR AY.5.2 OR AY.5.3 OR AY.5.4 OR AY.5.5 OR AY.5.6 OR AY.5.7 OR AY.6 OR AY.7 OR AY.7.1 OR AY.7.2 OR AY.8 OR AY.9 OR AY.9.1 OR AY.9.2 OR AY.9.2.1 OR AY.9.2.2 OR AY.10 OR AY.11 OR AY.12 OR AY.13 OR AY.14 OR AY.15 OR AY.16 OR AY.16.1 OR AY.17 OR AY.18 OR AY.19 OR AY.20 OR AY.20.1 OR AY.21 OR AY.22 OR AY.23 OR AY.23.1 OR AY.23.2 OR AY.24 OR AY.24.1 OR AY.25 OR AY.25.1 OR AY.25.1.1 OR AY.25.1.2 OR AY.25.2 OR AY.25.3 OR AY.26 OR AY.26.1 OR AY.27 OR AY.28 OR AY.29 OR AY.29.1 OR AY.29.2 OR AY.30 OR AY.31 OR AY.32 OR AY.33 OR AY.33.1 OR AY.33.2 OR AY.34 OR AY.34.1 OR AY.34.1.1 OR AY.34.2 OR AY.35 OR AY.36 OR AY.36.1 OR AY.37 OR AY.38 OR AY.39 OR AY.39.1 OR AY.39.1.1 OR AY.39.1.2 OR AY.39.1.3 OR AY.39.1.4 OR AY.39.2 OR AY.39.3 OR AY.39.4 OR AY.40 OR AY.41 OR AY.42 OR AY.42.1 OR AY.43 OR AY.43.1 OR AY.43.2 OR AY.43.3 OR AY.43.4 OR AY.43.5 OR AY.43.6 OR AY.43.7 OR AY.43.8 OR AY.43.9 OR AY.44 OR AY.45 OR AY.46 OR AY.46.1 OR AY.46.2 OR AY.46.3 OR AY.46.4 OR AY.46.5 OR AY.46.6 OR AY.46.6.1 OR AY.47 OR AY.48 OR AY.49 OR AY.50 OR AY.51 OR AY.52 OR AY.53 OR AY.54 OR AY.55 OR AY.56 OR AY.57 OR AY.58 OR AY.59 OR AY.60 OR AY.61 OR AY.62 OR AY.63 OR AY.64 OR AY.65 OR AY.66 OR AY.67 OR AY.68 OR AY.69 OR AY.70 OR AY.71 OR AY.72 OR AY.73 OR AY.74 OR AY.75 OR AY.75.1 OR AY.75.2 OR AY.75.3 OR AY.76 OR AY.77 OR AY.78 OR AY.79 OR AY.80 OR AY.81 OR AY.82 OR AY.83 OR AY.84 OR AY.85 OR AY.86 OR AY.87 OR AY.88 OR AY.89 OR AY.90 OR AY.91 OR AY.91.1 OR AY.92 OR AY.93 OR AY.94 OR AY.95 OR AY.96 OR AY.97 OR AY.98 OR AY.98.1 OR AY.98.1.1 OR AY.99 OR AY.99.1 OR AY.99.2 OR AY.100 OR AY.101 OR AY.102 OR AY.102.1 OR AY.102.2 OR AY.103 OR AY.103.1 OR AY.103.2 OR AY.104 OR AY.105 OR AY.106 OR AY.107 OR AY.108 OR AY.109 OR AY.110 OR AY.111 OR AY.112 OR AY.112.1 OR AY.112.2 OR AY.112.3 OR AY.113 OR AY.114 OR AY.115 OR AY.116 OR AY.116.1 OR AY.117 OR AY.118 OR AY.119 OR AY.119.1 OR AY.119.2 OR AY.120 OR AY.120.1 OR AY.120.2 OR AY.120.2.1 OR AY.121 OR AY.121.1 OR AY.122 OR AY.122.1 OR AY.122.2 OR AY.122.3 OR AY.122.4 OR AY.122.5 OR AY.122.6 OR AY.123 OR AY.123.1 OR AY.124 OR AY.124.1 OR AY.124.1.1 OR AY.125 OR AY.125.1 OR AY.126 OR AY.127 OR AY.127.1 OR AY.127.2 OR AY.127.3 OR AY.128 OR AY.129 OR AY.130 OR AY.131 OR AY.132 OR AY.133 OR AY.134 OR B.1.617.2,Delta,349.5,1,0.00286123032904149
2022-02-23,137,0,242,0.285714285714286,0.00118063754427391,2.02697130802396e-06,0.0103156285154405,AY.1 OR AY.2 OR AY.3 OR AY.3.1 OR AY.3.2 OR AY.3.3 OR AY.3.4 OR AY.4 OR AY.4.1 OR AY.4.2 OR AY.4.2.1 OR AY.4.2.2 OR AY.4.2.3 OR AY.4.2.4 OR AY.4.2.5 OR AY.4.3 OR AY.4.4 OR AY.4.5 OR AY.4.6 OR AY.4.7 OR AY.4.8 OR AY.4.9 OR AY.4.10 OR AY.4.11 OR AY.4.12 OR AY.4.13 OR AY.4.14 OR AY.4.15 OR AY.4.16 OR AY.4.17 OR AY.5 OR AY.5.1 OR AY.5.2 OR AY.5.3 OR AY.5.4 OR AY.5.5 OR AY.5.6 OR AY.5.7 OR AY.6 OR AY.7 OR AY.7.1 OR AY.7.2 OR AY.8 OR AY.9 OR AY.9.1 OR AY.9.2 OR AY.9.2.1 OR AY.9.2.2 OR AY.10 OR AY.11 OR AY.12 OR AY.13 OR AY.14 OR AY.15 OR AY.16 OR AY.16.1 OR AY.17 OR AY.18 OR AY.19 OR AY.20 OR AY.20.1 OR AY.21 OR AY.22 OR AY.23 OR AY.23.1 OR AY.23.2 OR AY.24 OR AY.24.1 OR AY.25 OR AY.25.1 OR AY.25.1.1 OR AY.25.1.2 OR AY.25.2 OR AY.25.3 OR AY.26 OR AY.26.1 OR AY.27 OR AY.28 OR AY.29 OR AY.29.1 OR AY.29.2 OR AY.30 OR AY.31 OR AY.32 OR AY.33 OR AY.33.1 OR AY.33.2 OR AY.34 OR AY.34.1 OR AY.34.1.1 OR AY.34.2 OR AY.35 OR AY.36 OR AY.36.1 OR AY.37 OR AY.38 OR AY.39 OR AY.39.1 OR AY.39.1.1 OR AY.39.1.2 OR AY.39.1.3 OR AY.39.1.4 OR AY.39.2 OR AY.39.3 OR AY.39.4 OR AY.40 OR AY.41 OR AY.42 OR AY.42.1 OR AY.43 OR AY.43.1 OR AY.43.2 OR AY.43.3 OR AY.43.4 OR AY.43.5 OR AY.43.6 OR AY.43.7 OR AY.43.8 OR AY.43.9 OR AY.44 OR AY.45 OR AY.46 OR AY.46.1 OR AY.46.2 OR AY.46.3 OR AY.46.4 OR AY.46.5 OR AY.46.6 OR AY.46.6.1 OR AY.47 OR AY.48 OR AY.49 OR AY.50 OR AY.51 OR AY.52 OR AY.53 OR AY.54 OR AY.55 OR AY.56 OR AY.57 OR AY.58 OR AY.59 OR AY.60 OR AY.61 OR AY.62 OR AY.63 OR AY.64 OR AY.65 OR AY.66 OR AY.67 OR AY.68 OR AY.69 OR AY.70 OR AY.71 OR AY.72 OR AY.73 OR AY.74 OR AY.75 OR AY.75.1 OR AY.75.2 OR AY.75.3 OR AY.76 OR AY.77 OR AY.78 OR AY.79 OR AY.80 OR AY.81 OR AY.82 OR AY.83 OR AY.84 OR AY.85 OR AY.86 OR AY.87 OR AY.88 OR AY.89 OR AY.90 OR AY.91 OR AY.91.1 OR AY.92 OR AY.93 OR AY.94 OR AY.95 OR AY.96 OR AY.97 OR AY.98 OR AY.98.1 OR AY.98.1.1 OR AY.99 OR AY.99.1 OR AY.99.2 OR AY.100 OR AY.101 OR AY.102 OR AY.102.1 OR AY.102.2 OR AY.103 OR AY.103.1 OR AY.103.2 OR AY.104 OR AY.105 OR AY.106 OR AY.107 OR AY.108 OR AY.109 OR AY.110 OR AY.111 OR AY.112 OR AY.112.1 OR AY.112.2 OR AY.112.3 OR AY.113 OR AY.114 OR AY.115 OR AY.116 OR AY.116.1 OR AY.117 OR AY.118 OR AY.119 OR AY.119.1 OR AY.119.2 OR AY.120 OR AY.120.1 OR AY.120.2 OR AY.120.2.1 OR AY.121 OR AY.121.1 OR AY.122 OR AY.122.1 OR AY.122.2 OR AY.122.3 OR AY.122.4 OR AY.122.5 OR AY.122.6 OR AY.123 OR AY.123.1 OR AY.124 OR AY.124.1 OR AY.124.1.1 OR AY.125 OR AY.125.1 OR AY.126 OR AY.127 OR AY.127.1 OR AY.127.2 OR AY.127.3 OR AY.128 OR AY.129 OR AY.130 OR AY.131 OR AY.132 OR AY.133 OR AY.134 OR B.1.617.2,Delta,321.428571428571,0.857142857142857,0.00266666666666667
2022-02-24,159,1,223.285714285714,0.285714285714286,0.00127959053103007,2.19947910682983e-06,0.0111886224450171,AY.1 OR AY.2 OR AY.3 OR AY.3.1 OR AY.3.2 OR AY.3.3 OR AY.3.4 OR AY.4 OR AY.4.1 OR AY.4.2 OR AY.4.2.1 OR AY.4.2.2 OR AY.4.2.3 OR AY.4.2.4 OR AY.4.2.5 OR AY.4.3 OR AY.4.4 OR AY.4.5 OR AY.4.6 OR AY.4.7 OR AY.4.8 OR AY.4.9 OR AY.4.10 OR AY.4.11 OR AY.4.12 OR AY.4.13 OR AY.4.14 OR AY.4.15 OR AY.4.16 OR AY.4.17 OR AY.5 OR AY.5.1 OR AY.5.2 OR AY.5.3 OR AY.5.4 OR AY.5.5 OR AY.5.6 OR AY.5.7 OR AY.6 OR AY.7 OR AY.7.1 OR AY.7.2 OR AY.8 OR AY.9 OR AY.9.1 OR AY.9.2 OR AY.9.2.1 OR AY.9.2.2 OR AY.10 OR AY.11 OR AY.12 OR AY.13 OR AY.14 OR AY.15 OR AY.16 OR AY.16.1 OR AY.17 OR AY.18 OR AY.19 OR AY.20 OR AY.20.1 OR AY.21 OR AY.22 OR AY.23 OR AY.23.1 OR AY.23.2 OR AY.24 OR AY.24.1 OR AY.25 OR AY.25.1 OR AY.25.1.1 OR AY.25.1.2 OR AY.25.2 OR AY.25.3 OR AY.26 OR AY.26.1 OR AY.27 OR AY.28 OR AY.29 OR AY.29.1 OR AY.29.2 OR AY.30 OR AY.31 OR AY.32 OR AY.33 OR AY.33.1 OR AY.33.2 OR AY.34 OR AY.34.1 OR AY.34.1.1 OR AY.34.2 OR AY.35 OR AY.36 OR AY.36.1 OR AY.37 OR AY.38 OR AY.39 OR AY.39.1 OR AY.39.1.1 OR AY.39.1.2 OR AY.39.1.3 OR AY.39.1.4 OR AY.39.2 OR AY.39.3 OR AY.39.4 OR AY.40 OR AY.41 OR AY.42 OR AY.42.1 OR AY.43 OR AY.43.1 OR AY.43.2 OR AY.43.3 OR AY.43.4 OR AY.43.5 OR AY.43.6 OR AY.43.7 OR AY.43.8 OR AY.43.9 OR AY.44 OR AY.45 OR AY.46 OR AY.46.1 OR AY.46.2 OR AY.46.3 OR AY.46.4 OR AY.46.5 OR AY.46.6 OR AY.46.6.1 OR AY.47 OR AY.48 OR AY.49 OR AY.50 OR AY.51 OR AY.52 OR AY.53 OR AY.54 OR AY.55 OR AY.56 OR AY.57 OR AY.58 OR AY.59 OR AY.60 OR AY.61 OR AY.62 OR AY.63 OR AY.64 OR AY.65 OR AY.66 OR AY.67 OR AY.68 OR AY.69 OR AY.70 OR AY.71 OR AY.72 OR AY.73 OR AY.74 OR AY.75 OR AY.75.1 OR AY.75.2 OR AY.75.3 OR AY.76 OR AY.77 OR AY.78 OR AY.79 OR AY.80 OR AY.81 OR AY.82 OR AY.83 OR AY.84 OR AY.85 OR AY.86 OR AY.87 OR AY.88 OR AY.89 OR AY.90 OR AY.91 OR AY.91.1 OR AY.92 OR AY.93 OR AY.94 OR AY.95 OR AY.96 OR AY.97 OR AY.98 OR AY.98.1 OR AY.98.1.1 OR AY.99 OR AY.99.1 OR AY.99.2 OR AY.100 OR AY.101 OR AY.102 OR AY.102.1 OR AY.102.2 OR AY.103 OR AY.103.1 OR AY.103.2 OR AY.104 OR AY.105 OR AY.106 OR AY.107 OR AY.108 OR AY.109 OR AY.110 OR AY.111 OR AY.112 OR AY.112.1 OR AY.112.2 OR AY.112.3 OR AY.113 OR AY.114 OR AY.115 OR AY.116 OR AY.116.1 OR AY.117 OR AY.118 OR AY.119 OR AY.119.1 OR AY.119.2 OR AY.120 OR AY.120.1 OR AY.120.2 OR AY.120.2.1 OR AY.121 OR AY.121.1 OR AY.122 OR AY.122.1 OR AY.122.2 OR AY.122.3 OR AY.122.4 OR AY.122.5 OR AY.122.6 OR AY.123 OR AY.123.1 OR AY.124 OR AY.124.1 OR AY.124.1.1 OR AY.125 OR AY.125.1 OR AY.126 OR AY.127 OR AY.127.1 OR AY.127.2 OR AY.127.3 OR AY.128 OR AY.129 OR AY.130 OR AY.131 OR AY.132 OR AY.133 OR AY.134 OR B.1.617.2,Delta,297.214285714286,0.571428571428571,0.00192261475606825
2022-02-25,258,0,225.142857142857,0.285714285714286,0.00126903553299492,2.17994992603348e-06,0.0110898316436594,AY.1 OR AY.2 OR AY.3 OR AY.3.1 OR AY.3.2 OR AY.3.3 OR AY.3.4 OR AY.4 OR AY.4.1 OR AY.4.2 OR AY.4.2.1 OR AY.4.2.2 OR AY.4.2.3 OR AY.4.2.4 OR AY.4.2.5 OR AY.4.3 OR AY.4.4 OR AY.4.5 OR AY.4.6 OR AY.4.7 OR AY.4.8 OR AY.4.9 OR AY.4.10 OR AY.4.11 OR AY.4.12 OR AY.4.13 OR AY.4.14 OR AY.4.15 OR AY.4.16 OR AY.4.17 OR AY.5 OR AY.5.1 OR AY.5.2 OR AY.5.3 OR AY.5.4 OR AY.5.5 OR AY.5.6 OR AY.5.7 OR AY.6 OR AY.7 OR AY.7.1 OR AY.7.2 OR AY.8 OR AY.9 OR AY.9.1 OR AY.9.2 OR AY.9.2.1 OR AY.9.2.2 OR AY.10 OR AY.11 OR AY.12 OR AY.13 OR AY.14 OR AY.15 OR AY.16 OR AY.16.1 OR AY.17 OR AY.18 OR AY.19 OR AY.20 OR AY.20.1 OR AY.21 OR AY.22 OR AY.23 OR AY.23.1 OR AY.23.2 OR AY.24 OR AY.24.1 OR AY.25 OR AY.25.1 OR AY.25.1.1 OR AY.25.1.2 OR AY.25.2 OR AY.25.3 OR AY.26 OR AY.26.1 OR AY.27 OR AY.28 OR AY.29 OR AY.29.1 OR AY.29.2 OR AY.30 OR AY.31 OR AY.32 OR AY.33 OR AY.33.1 OR AY.33.2 OR AY.34 OR AY.34.1 OR AY.34.1.1 OR AY.34.2 OR AY.35 OR AY.36 OR AY.36.1 OR AY.37 OR AY.38 OR AY.39 OR AY.39.1 OR AY.39.1.1 OR AY.39.1.2 OR AY.39.1.3 OR AY.39.1.4 OR AY.39.2 OR AY.39.3 OR AY.39.4 OR AY.40 OR AY.41 OR AY.42 OR AY.42.1 OR AY.43 OR AY.43.1 OR AY.43.2 OR AY.43.3 OR AY.43.4 OR AY.43.5 OR AY.43.6 OR AY.43.7 OR AY.43.8 OR AY.43.9 OR AY.44 OR AY.45 OR AY.46 OR AY.46.1 OR AY.46.2 OR AY.46.3 OR AY.46.4 OR AY.46.5 OR AY.46.6 OR AY.46.6.1 OR AY.47 OR AY.48 OR AY.49 OR AY.50 OR AY.51 OR AY.52 OR AY.53 OR AY.54 OR AY.55 OR AY.56 OR AY.57 OR AY.58 OR AY.59 OR AY.60 OR AY.61 OR AY.62 OR AY.63 OR AY.64 OR AY.65 OR AY.66 OR AY.67 OR AY.68 OR AY.69 OR AY.70 OR AY.71 OR AY.72 OR AY.73 OR AY.74 OR AY.75 OR AY.75.1 OR AY.75.2 OR AY.75.3 OR AY.76 OR AY.77 OR AY.78 OR AY.79 OR AY.80 OR AY.81 OR AY.82 OR AY.83 OR AY.84 OR AY.85 OR AY.86 OR AY.87 OR AY.88 OR AY.89 OR AY.90 OR AY.91 OR AY.91.1 OR AY.92 OR AY.93 OR AY.94 OR AY.95 OR AY.96 OR AY.97 OR AY.98 OR AY.98.1 OR AY.98.1.1 OR AY.99 OR AY.99.1 OR AY.99.2 OR AY.100 OR AY.101 OR AY.102 OR AY.102.1 OR AY.102.2 OR AY.103 OR AY.103.1 OR AY.103.2 OR AY.104 OR AY.105 OR AY.106 OR AY.107 OR AY.108 OR AY.109 OR AY.110 OR AY.111 OR AY.112 OR AY.112.1 OR AY.112.2 OR AY.112.3 OR AY.113 OR AY.114 OR AY.115 OR AY.116 OR AY.116.1 OR AY.117 OR AY.118 OR AY.119 OR AY.119.1 OR AY.119.2 OR AY.120 OR AY.120.1 OR AY.120.2 OR AY.120.2.1 OR AY.121 OR AY.121.1 OR AY.122 OR AY.122.1 OR AY.122.2 OR AY.122.3 OR AY.122.4 OR AY.122.5 OR AY.122.6 OR AY.123 OR AY.123.1 OR AY.124 OR AY.124.1 OR AY.124.1.1 OR AY.125 OR AY.125.1 OR AY.126 OR AY.127 OR AY.127.1 OR AY.127.2 OR AY.127.3 OR AY.128 OR AY.129 OR AY.130 OR AY.131 OR AY.132 OR AY.133 OR AY.134 OR B.1.617.2,Delta,294.714285714286,0.571428571428571,0.00193892389723703
2022-02-26,113,0,219.571428571429,0.142857142857143,0.000650618087182824,2.22943788784192e-06,0.011340153493315,AY.1 OR AY.2 OR AY.3 OR AY.3.1 OR AY.3.2 OR AY.3.3 OR AY.3.4 OR AY.4 OR AY.4.1 OR AY.4.2 OR AY.4.2.1 OR AY.4.2.2 OR AY.4.2.3 OR AY.4.2.4 OR AY.4.2.5 OR AY.4.3 OR AY.4.4 OR AY.4.5 OR AY.4.6 OR AY.4.7 OR AY.4.8 OR AY.4.9 OR AY.4.10 OR AY.4.11 OR AY.4.12 OR AY.4.13 OR AY.4.14 OR AY.4.15 OR AY.4.16 OR AY.4.17 OR AY.5 OR AY.5.1 OR AY.5.2 OR AY.5.3 OR AY.5.4 OR AY.5.5 OR AY.5.6 OR AY.5.7 OR AY.6 OR AY.7 OR AY.7.1 OR AY.7.2 OR AY.8 OR AY.9 OR AY.9.1 OR AY.9.2 OR AY.9.2.1 OR AY.9.2.2 OR AY.10 OR AY.11 OR AY.12 OR AY.13 OR AY.14 OR AY.15 OR AY.16 OR AY.16.1 OR AY.17 OR AY.18 OR AY.19 OR AY.20 OR AY.20.1 OR AY.21 OR AY.22 OR AY.23 OR AY.23.1 OR AY.23.2 OR AY.24 OR AY.24.1 OR AY.25 OR AY.25.1 OR AY.25.1.1 OR AY.25.1.2 OR AY.25.2 OR AY.25.3 OR AY.26 OR AY.26.1 OR AY.27 OR AY.28 OR AY.29 OR AY.29.1 OR AY.29.2 OR AY.30 OR AY.31 OR AY.32 OR AY.33 OR AY.33.1 OR AY.33.2 OR AY.34 OR AY.34.1 OR AY.34.1.1 OR AY.34.2 OR AY.35 OR AY.36 OR AY.36.1 OR AY.37 OR AY.38 OR AY.39 OR AY.39.1 OR AY.39.1.1 OR AY.39.1.2 OR AY.39.1.3 OR AY.39.1.4 OR AY.39.2 OR AY.39.3 OR AY.39.4 OR AY.40 OR AY.41 OR AY.42 OR AY.42.1 OR AY.43 OR AY.43.1 OR AY.43.2 OR AY.43.3 OR AY.43.4 OR AY.43.5 OR AY.43.6 OR AY.43.7 OR AY.43.8 OR AY.43.9 OR AY.44 OR AY.45 OR AY.46 OR AY.46.1 OR AY.46.2 OR AY.46.3 OR AY.46.4 OR AY.46.5 OR AY.46.6 OR AY.46.6.1 OR AY.47 OR AY.48 OR AY.49 OR AY.50 OR AY.51 OR AY.52 OR AY.53 OR AY.54 OR AY.55 OR AY.56 OR AY.57 OR AY.58 OR AY.59 OR AY.60 OR AY.61 OR AY.62 OR AY.63 OR AY.64 OR AY.65 OR AY.66 OR AY.67 OR AY.68 OR AY.69 OR AY.70 OR AY.71 OR AY.72 OR AY.73 OR AY.74 OR AY.75 OR AY.75.1 OR AY.75.2 OR AY.75.3 OR AY.76 OR AY.77 OR AY.78 OR AY.79 OR AY.80 OR AY.81 OR AY.82 OR AY.83 OR AY.84 OR AY.85 OR AY.86 OR AY.87 OR AY.88 OR AY.89 OR AY.90 OR AY.91 OR AY.91.1 OR AY.92 OR AY.93 OR AY.94 OR AY.95 OR AY.96 OR AY.97 OR AY.98 OR AY.98.1 OR AY.98.1.1 OR AY.99 OR AY.99.1 OR AY.99.2 OR AY.100 OR AY.101 OR AY.102 OR AY.102.1 OR AY.102.2 OR AY.103 OR AY.103.1 OR AY.103.2 OR AY.104 OR AY.105 OR AY.106 OR AY.107 OR AY.108 OR AY.109 OR AY.110 OR AY.111 OR AY.112 OR AY.112.1 OR AY.112.2 OR AY.112.3 OR AY.113 OR AY.114 OR AY.115 OR AY.116 OR AY.116.1 OR AY.117 OR AY.118 OR AY.119 OR AY.119.1 OR AY.119.2 OR AY.120 OR AY.120.1 OR AY.120.2 OR AY.120.2.1 OR AY.121 OR AY.121.1 OR AY.122 OR AY.122.1 OR AY.122.2 OR AY.122.3 OR AY.122.4 OR AY.122.5 OR AY.122.6 OR AY.123 OR AY.123.1 OR AY.124 OR AY.124.1 OR AY.124.1.1 OR AY.125 OR AY.125.1 OR AY.126 OR AY.127 OR AY.127.1 OR AY.127.2 OR AY.127.3 OR AY.128 OR AY.129 OR AY.130 OR AY.131 OR AY.132 OR AY.133 OR AY.134 OR B.1.617.2,Delta,278.428571428571,0.571428571428571,0.00205233453052848
2022-02-27,82,0,203.857142857143,0.142857142857143,0.000700770847932726,2.40408127492379e-06,0.0122230347180468,AY.1 OR AY.2 OR AY.3 OR AY.3.1 OR AY.3.2 OR AY.3.3 OR AY.3.4 OR AY.4 OR AY.4.1 OR AY.4.2 OR AY.4.2.1 OR AY.4.2.2 OR AY.4.2.3 OR AY.4.2.4 OR AY.4.2.5 OR AY.4.3 OR AY.4.4 OR AY.4.5 OR AY.4.6 OR AY.4.7 OR AY.4.8 OR AY.4.9 OR AY.4.10 OR AY.4.11 OR AY.4.12 OR AY.4.13 OR AY.4.14 OR AY.4.15 OR AY.4.16 OR AY.4.17 OR AY.5 OR AY.5.1 OR AY.5.2 OR AY.5.3 OR AY.5.4 OR AY.5.5 OR AY.5.6 OR AY.5.7 OR AY.6 OR AY.7 OR AY.7.1 OR AY.7.2 OR AY.8 OR AY.9 OR AY.9.1 OR AY.9.2 OR AY.9.2.1 OR AY.9.2.2 OR AY.10 OR AY.11 OR AY.12 OR AY.13 OR AY.14 OR AY.15 OR AY.16 OR AY.16.1 OR AY.17 OR AY.18 OR AY.19 OR AY.20 OR AY.20.1 OR AY.21 OR AY.22 OR AY.23 OR AY.23.1 OR AY.23.2 OR AY.24 OR AY.24.1 OR AY.25 OR AY.25.1 OR AY.25.1.1 OR AY.25.1.2 OR AY.25.2 OR AY.25.3 OR AY.26 OR AY.26.1 OR AY.27 OR AY.28 OR AY.29 OR AY.29.1 OR AY.29.2 OR AY.30 OR AY.31 OR AY.32 OR AY.33 OR AY.33.1 OR AY.33.2 OR AY.34 OR AY.34.1 OR AY.34.1.1 OR AY.34.2 OR AY.35 OR AY.36 OR AY.36.1 OR AY.37 OR AY.38 OR AY.39 OR AY.39.1 OR AY.39.1.1 OR AY.39.1.2 OR AY.39.1.3 OR AY.39.1.4 OR AY.39.2 OR AY.39.3 OR AY.39.4 OR AY.40 OR AY.41 OR AY.42 OR AY.42.1 OR AY.43 OR AY.43.1 OR AY.43.2 OR AY.43.3 OR AY.43.4 OR AY.43.5 OR AY.43.6 OR AY.43.7 OR AY.43.8 OR AY.43.9 OR AY.44 OR AY.45 OR AY.46 OR AY.46.1 OR AY.46.2 OR AY.46.3 OR AY.46.4 OR AY.46.5 OR AY.46.6 OR AY.46.6.1 OR AY.47 OR AY.48 OR AY.49 OR AY.50 OR AY.51 OR AY.52 OR AY.53 OR AY.54 OR AY.55 OR AY.56 OR AY.57 OR AY.58 OR AY.59 OR AY.60 OR AY.61 OR AY.62 OR AY.63 OR AY.64 OR AY.65 OR AY.66 OR AY.67 OR AY.68 OR AY.69 OR AY.70 OR AY.71 OR AY.72 OR AY.73 OR AY.74 OR AY.75 OR AY.75.1 OR AY.75.2 OR AY.75.3 OR AY.76 OR AY.77 OR AY.78 OR AY.79 OR AY.80 OR AY.81 OR AY.82 OR AY.83 OR AY.84 OR AY.85 OR AY.86 OR AY.87 OR AY.88 OR AY.89 OR AY.90 OR AY.91 OR AY.91.1 OR AY.92 OR AY.93 OR AY.94 OR AY.95 OR AY.96 OR AY.97 OR AY.98 OR AY.98.1 OR AY.98.1.1 OR AY.99 OR AY.99.1 OR AY.99.2 OR AY.100 OR AY.101 OR AY.102 OR AY.102.1 OR AY.102.2 OR AY.103 OR AY.103.1 OR AY.103.2 OR AY.104 OR AY.105 OR AY.106 OR AY.107 OR AY.108 OR AY.109 OR AY.110 OR AY.111 OR AY.112 OR AY.112.1 OR AY.112.2 OR AY.112.3 OR AY.113 OR AY.114 OR AY.115 OR AY.116 OR AY.116.1 OR AY.117 OR AY.118 OR AY.119 OR AY.119.1 OR AY.119.2 OR AY.120 OR AY.120.1 OR AY.120.2 OR AY.120.2.1 OR AY.121 OR AY.121.1 OR AY.122 OR AY.122.1 OR AY.122.2 OR AY.122.3 OR AY.122.4 OR AY.122.5 OR AY.122.6 OR AY.123 OR AY.123.1 OR AY.124 OR AY.124.1 OR AY.124.1.1 OR AY.125 OR AY.125.1 OR AY.126 OR AY.127 OR AY.127.1 OR AY.127.2 OR AY.127.3 OR AY.128 OR AY.129 OR AY.130 OR AY.131 OR AY.132 OR AY.133 OR AY.134 OR B.1.617.2,Delta,268.428571428571,0.571428571428571,0.00212879191059074
2022-02-28,384,0,201.142857142857,0.142857142857143,0.000710227272727273,2.43991841268647e-06,0.0124041059820151,AY.1 OR AY.2 OR AY.3 OR AY.3.1 OR AY.3.2 OR AY.3.3 OR AY.3.4 OR AY.4 OR AY.4.1 OR AY.4.2 OR AY.4.2.1 OR AY.4.2.2 OR AY.4.2.3 OR AY.4.2.4 OR AY.4.2.5 OR AY.4.3 OR AY.4.4 OR AY.4.5 OR AY.4.6 OR AY.4.7 OR AY.4.8 OR AY.4.9 OR AY.4.10 OR AY.4.11 OR AY.4.12 OR AY.4.13 OR AY.4.14 OR AY.4.15 OR AY.4.16 OR AY.4.17 OR AY.5 OR AY.5.1 OR AY.5.2 OR AY.5.3 OR AY.5.4 OR AY.5.5 OR AY.5.6 OR AY.5.7 OR AY.6 OR AY.7 OR AY.7.1 OR AY.7.2 OR AY.8 OR AY.9 OR AY.9.1 OR AY.9.2 OR AY.9.2.1 OR AY.9.2.2 OR AY.10 OR AY.11 OR AY.12 OR AY.13 OR AY.14 OR AY.15 OR AY.16 OR AY.16.1 OR AY.17 OR AY.18 OR AY.19 OR AY.20 OR AY.20.1 OR AY.21 OR AY.22 OR AY.23 OR AY.23.1 OR AY.23.2 OR AY.24 OR AY.24.1 OR AY.25 OR AY.25.1 OR AY.25.1.1 OR AY.25.1.2 OR AY.25.2 OR AY.25.3 OR AY.26 OR AY.26.1 OR AY.27 OR AY.28 OR AY.29 OR AY.29.1 OR AY.29.2 OR AY.30 OR AY.31 OR AY.32 OR AY.33 OR AY.33.1 OR AY.33.2 OR AY.34 OR AY.34.1 OR AY.34.1.1 OR AY.34.2 OR AY.35 OR AY.36 OR AY.36.1 OR AY.37 OR AY.38 OR AY.39 OR AY.39.1 OR AY.39.1.1 OR AY.39.1.2 OR AY.39.1.3 OR AY.39.1.4 OR AY.39.2 OR AY.39.3 OR AY.39.4 OR AY.40 OR AY.41 OR AY.42 OR AY.42.1 OR AY.43 OR AY.43.1 OR AY.43.2 OR AY.43.3 OR AY.43.4 OR AY.43.5 OR AY.43.6 OR AY.43.7 OR AY.43.8 OR AY.43.9 OR AY.44 OR AY.45 OR AY.46 OR AY.46.1 OR AY.46.2 OR AY.46.3 OR AY.46.4 OR AY.46.5 OR AY.46.6 OR AY.46.6.1 OR AY.47 OR AY.48 OR AY.49 OR AY.50 OR AY.51 OR AY.52 OR AY.53 OR AY.54 OR AY.55 OR AY.56 OR AY.57 OR AY.58 OR AY.59 OR AY.60 OR AY.61 OR AY.62 OR AY.63 OR AY.64 OR AY.65 OR AY.66 OR AY.67 OR AY.68 OR AY.69 OR AY.70 OR AY.71 OR AY.72 OR AY.73 OR AY.74 OR AY.75 OR AY.75.1 OR AY.75.2 OR AY.75.3 OR AY.76 OR AY.77 OR AY.78 OR AY.79 OR AY.80 OR AY.81 OR AY.82 OR AY.83 OR AY.84 OR AY.85 OR AY.86 OR AY.87 OR AY.88 OR AY.89 OR AY.90 OR AY.91 OR AY.91.1 OR AY.92 OR AY.93 OR AY.94 OR AY.95 OR AY.96 OR AY.97 OR AY.98 OR AY.98.1 OR AY.98.1.1 OR AY.99 OR AY.99.1 OR AY.99.2 OR AY.100 OR AY.101 OR AY.102 OR AY.102.1 OR AY.102.2 OR AY.103 OR AY.103.1 OR AY.103.2 OR AY.104 OR AY.105 OR AY.106 OR AY.107 OR AY.108 OR AY.109 OR AY.110 OR AY.111 OR AY.112 OR AY.112.1 OR AY.112.2 OR AY.112.3 OR AY.113 OR AY.114 OR AY.115 OR AY.116 OR AY.116.1 OR AY.117 OR AY.118 OR AY.119 OR AY.119.1 OR AY.119.2 OR AY.120 OR AY.120.1 OR AY.120.2 OR AY.120.2.1 OR AY.121 OR AY.121.1 OR AY.122 OR AY.122.1 OR AY.122.2 OR AY.122.3 OR AY.122.4 OR AY.122.5 OR AY.122.6 OR AY.123 OR AY.123.1 OR AY.124 OR AY.124.1 OR AY.124.1.1 OR AY.125 OR AY.125.1 OR AY.126 OR AY.127 OR AY.127.1 OR AY.127.2 OR AY.127.3 OR AY.128 OR AY.129 OR AY.130 OR AY.131 OR AY.132 OR AY.133 OR AY.134 OR B.1.617.2,Delta,243.571428571429,0.357142857142857,0.00146627565982405
2022-03-01,196,0,189.857142857143,0.142857142857143,0.000752445447705041,2.58099080591376e-06,0.0131165679010523,AY.1 OR AY.2 OR AY.3 OR AY.3.1 OR AY.3.2 OR AY.3.3 OR AY.3.4 OR AY.4 OR AY.4.1 OR AY.4.2 OR AY.4.2.1 OR AY.4.2.2 OR AY.4.2.3 OR AY.4.2.4 OR AY.4.2.5 OR AY.4.3 OR AY.4.4 OR AY.4.5 OR AY.4.6 OR AY.4.7 OR AY.4.8 OR AY.4.9 OR AY.4.10 OR AY.4.11 OR AY.4.12 OR AY.4.13 OR AY.4.14 OR AY.4.15 OR AY.4.16 OR AY.4.17 OR AY.5 OR AY.5.1 OR AY.5.2 OR AY.5.3 OR AY.5.4 OR AY.5.5 OR AY.5.6 OR AY.5.7 OR AY.6 OR AY.7 OR AY.7.1 OR AY.7.2 OR AY.8 OR AY.9 OR AY.9.1 OR AY.9.2 OR AY.9.2.1 OR AY.9.2.2 OR AY.10 OR AY.11 OR AY.12 OR AY.13 OR AY.14 OR AY.15 OR AY.16 OR AY.16.1 OR AY.17 OR AY.18 OR AY.19 OR AY.20 OR AY.20.1 OR AY.21 OR AY.22 OR AY.23 OR AY.23.1 OR AY.23.2 OR AY.24 OR AY.24.1 OR AY.25 OR AY.25.1 OR AY.25.1.1 OR AY.25.1.2 OR AY.25.2 OR AY.25.3 OR AY.26 OR AY.26.1 OR AY.27 OR AY.28 OR AY.29 OR AY.29.1 OR AY.29.2 OR AY.30 OR AY.31 OR AY.32 OR AY.33 OR AY.33.1 OR AY.33.2 OR AY.34 OR AY.34.1 OR AY.34.1.1 OR AY.34.2 OR AY.35 OR AY.36 OR AY.36.1 OR AY.37 OR AY.38 OR AY.39 OR AY.39.1 OR AY.39.1.1 OR AY.39.1.2 OR AY.39.1.3 OR AY.39.1.4 OR AY.39.2 OR AY.39.3 OR AY.39.4 OR AY.40 OR AY.41 OR AY.42 OR AY.42.1 OR AY.43 OR AY.43.1 OR AY.43.2 OR AY.43.3 OR AY.43.4 OR AY.43.5 OR AY.43.6 OR AY.43.7 OR AY.43.8 OR AY.43.9 OR AY.44 OR AY.45 OR AY.46 OR AY.46.1 OR AY.46.2 OR AY.46.3 OR AY.46.4 OR AY.46.5 OR AY.46.6 OR AY.46.6.1 OR AY.47 OR AY.48 OR AY.49 OR AY.50 OR AY.51 OR AY.52 OR AY.53 OR AY.54 OR AY.55 OR AY.56 OR AY.57 OR AY.58 OR AY.59 OR AY.60 OR AY.61 OR AY.62 OR AY.63 OR AY.64 OR AY.65 OR AY.66 OR AY.67 OR AY.68 OR AY.69 OR AY.70 OR AY.71 OR AY.72 OR AY.73 OR AY.74 OR AY.75 OR AY.75.1 OR AY.75.2 OR AY.75.3 OR AY.76 OR AY.77 OR AY.78 OR AY.79 OR AY.80 OR AY.81 OR AY.82 OR AY.83 OR AY.84 OR AY.85 OR AY.86 OR AY.87 OR AY.88 OR AY.89 OR AY.90 OR AY.91 OR AY.91.1 OR AY.92 OR AY.93 OR AY.94 OR AY.95 OR AY.96 OR AY.97 OR AY.98 OR AY.98.1 OR AY.98.1.1 OR AY.99 OR AY.99.1 OR AY.99.2 OR AY.100 OR AY.101 OR AY.102 OR AY.102.1 OR AY.102.2 OR AY.103 OR AY.103.1 OR AY.103.2 OR AY.104 OR AY.105 OR AY.106 OR AY.107 OR AY.108 OR AY.109 OR AY.110 OR AY.111 OR AY.112 OR AY.112.1 OR AY.112.2 OR AY.112.3 OR AY.113 OR AY.114 OR AY.115 OR AY.116 OR AY.116.1 OR AY.117 OR AY.118 OR AY.119 OR AY.119.1 OR AY.119.2 OR AY.120 OR AY.120.1 OR AY.120.2 OR AY.120.2.1 OR AY.121 OR AY.121.1 OR AY.122 OR AY.122.1 OR AY.122.2 OR AY.122.3 OR AY.122.4 OR AY.122.5 OR AY.122.6 OR AY.123 OR AY.123.1 OR AY.124 OR AY.124.1 OR AY.124.1.1 OR AY.125 OR AY.125.1 OR AY.126 OR AY.127 OR AY.127.1 OR AY.127.2 OR AY.127.3 OR AY.128 OR AY.129 OR AY.130 OR AY.131 OR AY.132 OR AY.133 OR AY.134 OR B.1.617.2,Delta,228.714285714286,0.285714285714286,0.00124921923797626
2022-03-02,124,0,188,0.142857142857143,0.000759878419452888,2.60841160708543e-06,0.0132549922531687,AY.1 OR AY.2 OR AY.3 OR AY.3.1 OR AY.3.2 OR AY.3.3 OR AY.3.4 OR AY.4 OR AY.4.1 OR AY.4.2 OR AY.4.2.1 OR AY.4.2.2 OR AY.4.2.3 OR AY.4.2.4 OR AY.4.2.5 OR AY.4.3 OR AY.4.4 OR AY.4.5 OR AY.4.6 OR AY.4.7 OR AY.4.8 OR AY.4.9 OR AY.4.10 OR AY.4.11 OR AY.4.12 OR AY.4.13 OR AY.4.14 OR AY.4.15 OR AY.4.16 OR AY.4.17 OR AY.5 OR AY.5.1 OR AY.5.2 OR AY.5.3 OR AY.5.4 OR AY.5.5 OR AY.5.6 OR AY.5.7 OR AY.6 OR AY.7 OR AY.7.1 OR AY.7.2 OR AY.8 OR AY.9 OR AY.9.1 OR AY.9.2 OR AY.9.2.1 OR AY.9.2.2 OR AY.10 OR AY.11 OR AY.12 OR AY.13 OR AY.14 OR AY.15 OR AY.16 OR AY.16.1 OR AY.17 OR AY.18 OR AY.19 OR AY.20 OR AY.20.1 OR AY.21 OR AY.22 OR AY.23 OR AY.23.1 OR AY.23.2 OR AY.24 OR AY.24.1 OR AY.25 OR AY.25.1 OR AY.25.1.1 OR AY.25.1.2 OR AY.25.2 OR AY.25.3 OR AY.26 OR AY.26.1 OR AY.27 OR AY.28 OR AY.29 OR AY.29.1 OR AY.29.2 OR AY.30 OR AY.31 OR AY.32 OR AY.33 OR AY.33.1 OR AY.33.2 OR AY.34 OR AY.34.1 OR AY.34.1.1 OR AY.34.2 OR AY.35 OR AY.36 OR AY.36.1 OR AY.37 OR AY.38 OR AY.39 OR AY.39.1 OR AY.39.1.1 OR AY.39.1.2 OR AY.39.1.3 OR AY.39.1.4 OR AY.39.2 OR AY.39.3 OR AY.39.4 OR AY.40 OR AY.41 OR AY.42 OR AY.42.1 OR AY.43 OR AY.43.1 OR AY.43.2 OR AY.43.3 OR AY.43.4 OR AY.43.5 OR AY.43.6 OR AY.43.7 OR AY.43.8 OR AY.43.9 OR AY.44 OR AY.45 OR AY.46 OR AY.46.1 OR AY.46.2 OR AY.46.3 OR AY.46.4 OR AY.46.5 OR AY.46.6 OR AY.46.6.1 OR AY.47 OR AY.48 OR AY.49 OR AY.50 OR AY.51 OR AY.52 OR AY.53 OR AY.54 OR AY.55 OR AY.56 OR AY.57 OR AY.58 OR AY.59 OR AY.60 OR AY.61 OR AY.62 OR AY.63 OR AY.64 OR AY.65 OR AY.66 OR AY.67 OR AY.68 OR AY.69 OR AY.70 OR AY.71 OR AY.72 OR AY.73 OR AY.74 OR AY.75 OR AY.75.1 OR AY.75.2 OR AY.75.3 OR AY.76 OR AY.77 OR AY.78 OR AY.79 OR AY.80 OR AY.81 OR AY.82 OR AY.83 OR AY.84 OR AY.85 OR AY.86 OR AY.87 OR AY.88 OR AY.89 OR AY.90 OR AY.91 OR AY.91.1 OR AY.92 OR AY.93 OR AY.94 OR AY.95 OR AY.96 OR AY.97 OR AY.98 OR AY.98.1 OR AY.98.1.1 OR AY.99 OR AY.99.1 OR AY.99.2 OR AY.100 OR AY.101 OR AY.102 OR AY.102.1 OR AY.102.2 OR AY.103 OR AY.103.1 OR AY.103.2 OR AY.104 OR AY.105 OR AY.106 OR AY.107 OR AY.108 OR AY.109 OR AY.110 OR AY.111 OR AY.112 OR AY.112.1 OR AY.112.2 OR AY.112.3 OR AY.113 OR AY.114 OR AY.115 OR AY.116 OR AY.116.1 OR AY.117 OR AY.118 OR AY.119 OR AY.119.1 OR AY.119.2 OR AY.120 OR AY.120.1 OR AY.120.2 OR AY.120.2.1 OR AY.121 OR AY.121.1 OR AY.122 OR AY.122.1 OR AY.122.2 OR AY.122.3 OR AY.122.4 OR AY.122.5 OR AY.122.6 OR AY.123 OR AY.123.1 OR AY.124 OR AY.124.1 OR AY.124.1.1 OR AY.125 OR AY.125.1 OR AY.126 OR AY.127 OR AY.127.1 OR AY.127.2 OR AY.127.3 OR AY.128 OR AY.129 OR AY.130 OR AY.131 OR AY.132 OR AY.133 OR AY.134 OR B.1.617.2,Delta,215,0.214285714285714,0.000996677740863787
2022-03-03,106,0,180.428571428571,0,0,2.7241798463776e-06,0.0138391937404528,AY.1 OR AY.2 OR AY.3 OR AY.3.1 OR AY.3.2 OR AY.3.3 OR AY.3.4 OR AY.4 OR AY.4.1 OR AY.4.2 OR AY.4.2.1 OR AY.4.2.2 OR AY.4.2.3 OR AY.4.2.4 OR AY.4.2.5 OR AY.4.3 OR AY.4.4 OR AY.4.5 OR AY.4.6 OR AY.4.7 OR AY.4.8 OR AY.4.9 OR AY.4.10 OR AY.4.11 OR AY.4.12 OR AY.4.13 OR AY.4.14 OR AY.4.15 OR AY.4.16 OR AY.4.17 OR AY.5 OR AY.5.1 OR AY.5.2 OR AY.5.3 OR AY.5.4 OR AY.5.5 OR AY.5.6 OR AY.5.7 OR AY.6 OR AY.7 OR AY.7.1 OR AY.7.2 OR AY.8 OR AY.9 OR AY.9.1 OR AY.9.2 OR AY.9.2.1 OR AY.9.2.2 OR AY.10 OR AY.11 OR AY.12 OR AY.13 OR AY.14 OR AY.15 OR AY.16 OR AY.16.1 OR AY.17 OR AY.18 OR AY.19 OR AY.20 OR AY.20.1 OR AY.21 OR AY.22 OR AY.23 OR AY.23.1 OR AY.23.2 OR AY.24 OR AY.24.1 OR AY.25 OR AY.25.1 OR AY.25.1.1 OR AY.25.1.2 OR AY.25.2 OR AY.25.3 OR AY.26 OR AY.26.1 OR AY.27 OR AY.28 OR AY.29 OR AY.29.1 OR AY.29.2 OR AY.30 OR AY.31 OR AY.32 OR AY.33 OR AY.33.1 OR AY.33.2 OR AY.34 OR AY.34.1 OR AY.34.1.1 OR AY.34.2 OR AY.35 OR AY.36 OR AY.36.1 OR AY.37 OR AY.38 OR AY.39 OR AY.39.1 OR AY.39.1.1 OR AY.39.1.2 OR AY.39.1.3 OR AY.39.1.4 OR AY.39.2 OR AY.39.3 OR AY.39.4 OR AY.40 OR AY.41 OR AY.42 OR AY.42.1 OR AY.43 OR AY.43.1 OR AY.43.2 OR AY.43.3 OR AY.43.4 OR AY.43.5 OR AY.43.6 OR AY.43.7 OR AY.43.8 OR AY.43.9 OR AY.44 OR AY.45 OR AY.46 OR AY.46.1 OR AY.46.2 OR AY.46.3 OR AY.46.4 OR AY.46.5 OR AY.46.6 OR AY.46.6.1 OR AY.47 OR AY.48 OR AY.49 OR AY.50 OR AY.51 OR AY.52 OR AY.53 OR AY.54 OR AY.55 OR AY.56 OR AY.57 OR AY.58 OR AY.59 OR AY.60 OR AY.61 OR AY.62 OR AY.63 OR AY.64 OR AY.65 OR AY.66 OR AY.67 OR AY.68 OR AY.69 OR AY.70 OR AY.71 OR AY.72 OR AY.73 OR AY.74 OR AY.75 OR AY.75.1 OR AY.75.2 OR AY.75.3 OR AY.76 OR AY.77 OR AY.78 OR AY.79 OR AY.80 OR AY.81 OR AY.82 OR AY.83 OR AY.84 OR AY.85 OR AY.86 OR AY.87 OR AY.88 OR AY.89 OR AY.90 OR AY.91 OR AY.91.1 OR AY.92 OR AY.93 OR AY.94 OR AY.95 OR AY.96 OR AY.97 OR AY.98 OR AY.98.1 OR AY.98.1.1 OR AY.99 OR AY.99.1 OR AY.99.2 OR AY.100 OR AY.101 OR AY.102 OR AY.102.1 OR AY.102.2 OR AY.103 OR AY.103.1 OR AY.103.2 OR AY.104 OR AY.105 OR AY.106 OR AY.107 OR AY.108 OR AY.109 OR AY.110 OR AY.111 OR AY.112 OR AY.112.1 OR AY.112.2 OR AY.112.3 OR AY.113 OR AY.114 OR AY.115 OR AY.116 OR AY.116.1 OR AY.117 OR AY.118 OR AY.119 OR AY.119.1 OR AY.119.2 OR AY.120 OR AY.120.1 OR AY.120.2 OR AY.120.2.1 OR AY.121 OR AY.121.1 OR AY.122 OR AY.122.1 OR AY.122.2 OR AY.122.3 OR AY.122.4 OR AY.122.5 OR AY.122.6 OR AY.123 OR AY.123.1 OR AY.124 OR AY.124.1 OR AY.124.1.1 OR AY.125 OR AY.125.1 OR AY.126 OR AY.127 OR AY.127.1 OR AY.127.2 OR AY.127.3 OR AY.128 OR AY.129 OR AY.130 OR AY.131 OR AY.132 OR AY.133 OR AY.134 OR B.1.617.2,Delta,201.857142857143,0.142857142857143,0.000707714083510262
2022-03-04,169,0,167.714285714286,0,0,2.91847429308968e-06,0.0148188845320305,AY.1 OR AY.2 OR AY.3 OR AY.3.1 OR AY.3.2 OR AY.3.3 OR AY.3.4 OR AY.4 OR AY.4.1 OR AY.4.2 OR AY.4.2.1 OR AY.4.2.2 OR AY.4.2.3 OR AY.4.2.4 OR AY.4.2.5 OR AY.4.3 OR AY.4.4 OR AY.4.5 OR AY.4.6 OR AY.4.7 OR AY.4.8 OR AY.4.9 OR AY.4.10 OR AY.4.11 OR AY.4.12 OR AY.4.13 OR AY.4.14 OR AY.4.15 OR AY.4.16 OR AY.4.17 OR AY.5 OR AY.5.1 OR AY.5.2 OR AY.5.3 OR AY.5.4 OR AY.5.5 OR AY.5.6 OR AY.5.7 OR AY.6 OR AY.7 OR AY.7.1 OR AY.7.2 OR AY.8 OR AY.9 OR AY.9.1 OR AY.9.2 OR AY.9.2.1 OR AY.9.2.2 OR AY.10 OR AY.11 OR AY.12 OR AY.13 OR AY.14 OR AY.15 OR AY.16 OR AY.16.1 OR AY.17 OR AY.18 OR AY.19 OR AY.20 OR AY.20.1 OR AY.21 OR AY.22 OR AY.23 OR AY.23.1 OR AY.23.2 OR AY.24 OR AY.24.1 OR AY.25 OR AY.25.1 OR AY.25.1.1 OR AY.25.1.2 OR AY.25.2 OR AY.25.3 OR AY.26 OR AY.26.1 OR AY.27 OR AY.28 OR AY.29 OR AY.29.1 OR AY.29.2 OR AY.30 OR AY.31 OR AY.32 OR AY.33 OR AY.33.1 OR AY.33.2 OR AY.34 OR AY.34.1 OR AY.34.1.1 OR AY.34.2 OR AY.35 OR AY.36 OR AY.36.1 OR AY.37 OR AY.38 OR AY.39 OR AY.39.1 OR AY.39.1.1 OR AY.39.1.2 OR AY.39.1.3 OR AY.39.1.4 OR AY.39.2 OR AY.39.3 OR AY.39.4 OR AY.40 OR AY.41 OR AY.42 OR AY.42.1 OR AY.43 OR AY.43.1 OR AY.43.2 OR AY.43.3 OR AY.43.4 OR AY.43.5 OR AY.43.6 OR AY.43.7 OR AY.43.8 OR AY.43.9 OR AY.44 OR AY.45 OR AY.46 OR AY.46.1 OR AY.46.2 OR AY.46.3 OR AY.46.4 OR AY.46.5 OR AY.46.6 OR AY.46.6.1 OR AY.47 OR AY.48 OR AY.49 OR AY.50 OR AY.51 OR AY.52 OR AY.53 OR AY.54 OR AY.55 OR AY.56 OR AY.57 OR AY.58 OR AY.59 OR AY.60 OR AY.61 OR AY.62 OR AY.63 OR AY.64 OR AY.65 OR AY.66 OR AY.67 OR AY.68 OR AY.69 OR AY.70 OR AY.71 OR AY.72 OR AY.73 OR AY.74 OR AY.75 OR AY.75.1 OR AY.75.2 OR AY.75.3 OR AY.76 OR AY.77 OR AY.78 OR AY.79 OR AY.80 OR AY.81 OR AY.82 OR AY.83 OR AY.84 OR AY.85 OR AY.86 OR AY.87 OR AY.88 OR AY.89 OR AY.90 OR AY.91 OR AY.91.1 OR AY.92 OR AY.93 OR AY.94 OR AY.95 OR AY.96 OR AY.97 OR AY.98 OR AY.98.1 OR AY.98.1.1 OR AY.99 OR AY.99.1 OR AY.99.2 OR AY.100 OR AY.101 OR AY.102 OR AY.102.1 OR AY.102.2 OR AY.103 OR AY.103.1 OR AY.103.2 OR AY.104 OR AY.105 OR AY.106 OR AY.107 OR AY.108 OR AY.109 OR AY.110 OR AY.111 OR AY.112 OR AY.112.1 OR AY.112.2 OR AY.112.3 OR AY.113 OR AY.114 OR AY.115 OR AY.116 OR AY.116.1 OR AY.117 OR AY.118 OR AY.119 OR AY.119.1 OR AY.119.2 OR AY.120 OR AY.120.1 OR AY.120.2 OR AY.120.2.1 OR AY.121 OR AY.121.1 OR AY.122 OR AY.122.1 OR AY.122.2 OR AY.122.3 OR AY.122.4 OR AY.122.5 OR AY.122.6 OR AY.123 OR AY.123.1 OR AY.124 OR AY.124.1 OR AY.124.1.1 OR AY.125 OR AY.125.1 OR AY.126 OR AY.127 OR AY.127.1 OR AY.127.2 OR AY.127.3 OR AY.128 OR AY.129 OR AY.130 OR AY.131 OR AY.132 OR AY.133 OR AY.134 OR B.1.617.2,Delta,196.428571428571,0.142857142857143,0.000727272727272727
2022-03-05,118,0,168.428571428571,0,0,2.91847429308968e-06,0.0148188845320305,AY.1 OR AY.2 OR AY.3 OR AY.3.1 OR AY.3.2 OR AY.3.3 OR AY.3.4 OR AY.4 OR AY.4.1 OR AY.4.2 OR AY.4.2.1 OR AY.4.2.2 OR AY.4.2.3 OR AY.4.2.4 OR AY.4.2.5 OR AY.4.3 OR AY.4.4 OR AY.4.5 OR AY.4.6 OR AY.4.7 OR AY.4.8 OR AY.4.9 OR AY.4.10 OR AY.4.11 OR AY.4.12 OR AY.4.13 OR AY.4.14 OR AY.4.15 OR AY.4.16 OR AY.4.17 OR AY.5 OR AY.5.1 OR AY.5.2 OR AY.5.3 OR AY.5.4 OR AY.5.5 OR AY.5.6 OR AY.5.7 OR AY.6 OR AY.7 OR AY.7.1 OR AY.7.2 OR AY.8 OR AY.9 OR AY.9.1 OR AY.9.2 OR AY.9.2.1 OR AY.9.2.2 OR AY.10 OR AY.11 OR AY.12 OR AY.13 OR AY.14 OR AY.15 OR AY.16 OR AY.16.1 OR AY.17 OR AY.18 OR AY.19 OR AY.20 OR AY.20.1 OR AY.21 OR AY.22 OR AY.23 OR AY.23.1 OR AY.23.2 OR AY.24 OR AY.24.1 OR AY.25 OR AY.25.1 OR AY.25.1.1 OR AY.25.1.2 OR AY.25.2 OR AY.25.3 OR AY.26 OR AY.26.1 OR AY.27 OR AY.28 OR AY.29 OR AY.29.1 OR AY.29.2 OR AY.30 OR AY.31 OR AY.32 OR AY.33 OR AY.33.1 OR AY.33.2 OR AY.34 OR AY.34.1 OR AY.34.1.1 OR AY.34.2 OR AY.35 OR AY.36 OR AY.36.1 OR AY.37 OR AY.38 OR AY.39 OR AY.39.1 OR AY.39.1.1 OR AY.39.1.2 OR AY.39.1.3 OR AY.39.1.4 OR AY.39.2 OR AY.39.3 OR AY.39.4 OR AY.40 OR AY.41 OR AY.42 OR AY.42.1 OR AY.43 OR AY.43.1 OR AY.43.2 OR AY.43.3 OR AY.43.4 OR AY.43.5 OR AY.43.6 OR AY.43.7 OR AY.43.8 OR AY.43.9 OR AY.44 OR AY.45 OR AY.46 OR AY.46.1 OR AY.46.2 OR AY.46.3 OR AY.46.4 OR AY.46.5 OR AY.46.6 OR AY.46.6.1 OR AY.47 OR AY.48 OR AY.49 OR AY.50 OR AY.51 OR AY.52 OR AY.53 OR AY.54 OR AY.55 OR AY.56 OR AY.57 OR AY.58 OR AY.59 OR AY.60 OR AY.61 OR AY.62 OR AY.63 OR AY.64 OR AY.65 OR AY.66 OR AY.67 OR AY.68 OR AY.69 OR AY.70 OR AY.71 OR AY.72 OR AY.73 OR AY.74 OR AY.75 OR AY.75.1 OR AY.75.2 OR AY.75.3 OR AY.76 OR AY.77 OR AY.78 OR AY.79 OR AY.80 OR AY.81 OR AY.82 OR AY.83 OR AY.84 OR AY.85 OR AY.86 OR AY.87 OR AY.88 OR AY.89 OR AY.90 OR AY.91 OR AY.91.1 OR AY.92 OR AY.93 OR AY.94 OR AY.95 OR AY.96 OR AY.97 OR AY.98 OR AY.98.1 OR AY.98.1.1 OR AY.99 OR AY.99.1 OR AY.99.2 OR AY.100 OR AY.101 OR AY.102 OR AY.102.1 OR AY.102.2 OR AY.103 OR AY.103.1 OR AY.103.2 OR AY.104 OR AY.105 OR AY.106 OR AY.107 OR AY.108 OR AY.109 OR AY.110 OR AY.111 OR AY.112 OR AY.112.1 OR AY.112.2 OR AY.112.3 OR AY.113 OR AY.114 OR AY.115 OR AY.116 OR AY.116.1 OR AY.117 OR AY.118 OR AY.119 OR AY.119.1 OR AY.119.2 OR AY.120 OR AY.120.1 OR AY.120.2 OR AY.120.2.1 OR AY.121 OR AY.121.1 OR AY.122 OR AY.122.1 OR AY.122.2 OR AY.122.3 OR AY.122.4 OR AY.122.5 OR AY.122.6 OR AY.123 OR AY.123.1 OR AY.124 OR AY.124.1 OR AY.124.1.1 OR AY.125 OR AY.125.1 OR AY.126 OR AY.127 OR AY.127.1 OR AY.127.2 OR AY.127.3 OR AY.128 OR AY.129 OR AY.130 OR AY.131 OR AY.132 OR AY.133 OR AY.134 OR B.1.617.2,Delta,194,0.0714285714285714,0.000368188512518409
2022-03-06,79,0,168,0,0,2.91847429308968e-06,0.0148188845320305,AY.1 OR AY.2 OR AY.3 OR AY.3.1 OR AY.3.2 OR AY.3.3 OR AY.3.4 OR AY.4 OR AY.4.1 OR AY.4.2 OR AY.4.2.1 OR AY.4.2.2 OR AY.4.2.3 OR AY.4.2.4 OR AY.4.2.5 OR AY.4.3 OR AY.4.4 OR AY.4.5 OR AY.4.6 OR AY.4.7 OR AY.4.8 OR AY.4.9 OR AY.4.10 OR AY.4.11 OR AY.4.12 OR AY.4.13 OR AY.4.14 OR AY.4.15 OR AY.4.16 OR AY.4.17 OR AY.5 OR AY.5.1 OR AY.5.2 OR AY.5.3 OR AY.5.4 OR AY.5.5 OR AY.5.6 OR AY.5.7 OR AY.6 OR AY.7 OR AY.7.1 OR AY.7.2 OR AY.8 OR AY.9 OR AY.9.1 OR AY.9.2 OR AY.9.2.1 OR AY.9.2.2 OR AY.10 OR AY.11 OR AY.12 OR AY.13 OR AY.14 OR AY.15 OR AY.16 OR AY.16.1 OR AY.17 OR AY.18 OR AY.19 OR AY.20 OR AY.20.1 OR AY.21 OR AY.22 OR AY.23 OR AY.23.1 OR AY.23.2 OR AY.24 OR AY.24.1 OR AY.25 OR AY.25.1 OR AY.25.1.1 OR AY.25.1.2 OR AY.25.2 OR AY.25.3 OR AY.26 OR AY.26.1 OR AY.27 OR AY.28 OR AY.29 OR AY.29.1 OR AY.29.2 OR AY.30 OR AY.31 OR AY.32 OR AY.33 OR AY.33.1 OR AY.33.2 OR AY.34 OR AY.34.1 OR AY.34.1.1 OR AY.34.2 OR AY.35 OR AY.36 OR AY.36.1 OR AY.37 OR AY.38 OR AY.39 OR AY.39.1 OR AY.39.1.1 OR AY.39.1.2 OR AY.39.1.3 OR AY.39.1.4 OR AY.39.2 OR AY.39.3 OR AY.39.4 OR AY.40 OR AY.41 OR AY.42 OR AY.42.1 OR AY.43 OR AY.43.1 OR AY.43.2 OR AY.43.3 OR AY.43.4 OR AY.43.5 OR AY.43.6 OR AY.43.7 OR AY.43.8 OR AY.43.9 OR AY.44 OR AY.45 OR AY.46 OR AY.46.1 OR AY.46.2 OR AY.46.3 OR AY.46.4 OR AY.46.5 OR AY.46.6 OR AY.46.6.1 OR AY.47 OR AY.48 OR AY.49 OR AY.50 OR AY.51 OR AY.52 OR AY.53 OR AY.54 OR AY.55 OR AY.56 OR AY.57 OR AY.58 OR AY.59 OR AY.60 OR AY.61 OR AY.62 OR AY.63 OR AY.64 OR AY.65 OR AY.66 OR AY.67 OR AY.68 OR AY.69 OR AY.70 OR AY.71 OR AY.72 OR AY.73 OR AY.74 OR AY.75 OR AY.75.1 OR AY.75.2 OR AY.75.3 OR AY.76 OR AY.77 OR AY.78 OR AY.79 OR AY.80 OR AY.81 OR AY.82 OR AY.83 OR AY.84 OR AY.85 OR AY.86 OR AY.87 OR AY.88 OR AY.89 OR AY.90 OR AY.91 OR AY.91.1 OR AY.92 OR AY.93 OR AY.94 OR AY.95 OR AY.96 OR AY.97 OR AY.98 OR AY.98.1 OR AY.98.1.1 OR AY.99 OR AY.99.1 OR AY.99.2 OR AY.100 OR AY.101 OR AY.102 OR AY.102.1 OR AY.102.2 OR AY.103 OR AY.103.1 OR AY.103.2 OR AY.104 OR AY.105 OR AY.106 OR AY.107 OR AY.108 OR AY.109 OR AY.110 OR AY.111 OR AY.112 OR AY.112.1 OR AY.112.2 OR AY.112.3 OR AY.113 OR AY.114 OR AY.115 OR AY.116 OR AY.116.1 OR AY.117 OR AY.118 OR AY.119 OR AY.119.1 OR AY.119.2 OR AY.120 OR AY.120.1 OR AY.120.2 OR AY.120.2.1 OR AY.121 OR AY.121.1 OR AY.122 OR AY.122.1 OR AY.122.2 OR AY.122.3 OR AY.122.4 OR AY.122.5 OR AY.122.6 OR AY.123 OR AY.123.1 OR AY.124 OR AY.124.1 OR AY.124.1.1 OR AY.125 OR AY.125.1 OR AY.126 OR AY.127 OR AY.127.1 OR AY.127.2 OR AY.127.3 OR AY.128 OR AY.129 OR AY.130 OR AY.131 OR AY.132 OR AY.133 OR AY.134 OR B.1.617.2,Delta,185.928571428571,0.0714285714285714,0.000384172109104879
2022-03-07,358,2,164.285714285714,0.285714285714286,0.00173913043478261,2.98954797948663e-06,0.0151770160346656,AY.1 OR AY.2 OR AY.3 OR AY.3.1 OR AY.3.2 OR AY.3.3 OR AY.3.4 OR AY.4 OR AY.4.1 OR AY.4.2 OR AY.4.2.1 OR AY.4.2.2 OR AY.4.2.3 OR AY.4.2.4 OR AY.4.2.5 OR AY.4.3 OR AY.4.4 OR AY.4.5 OR AY.4.6 OR AY.4.7 OR AY.4.8 OR AY.4.9 OR AY.4.10 OR AY.4.11 OR AY.4.12 OR AY.4.13 OR AY.4.14 OR AY.4.15 OR AY.4.16 OR AY.4.17 OR AY.5 OR AY.5.1 OR AY.5.2 OR AY.5.3 OR AY.5.4 OR AY.5.5 OR AY.5.6 OR AY.5.7 OR AY.6 OR AY.7 OR AY.7.1 OR AY.7.2 OR AY.8 OR AY.9 OR AY.9.1 OR AY.9.2 OR AY.9.2.1 OR AY.9.2.2 OR AY.10 OR AY.11 OR AY.12 OR AY.13 OR AY.14 OR AY.15 OR AY.16 OR AY.16.1 OR AY.17 OR AY.18 OR AY.19 OR AY.20 OR AY.20.1 OR AY.21 OR AY.22 OR AY.23 OR AY.23.1 OR AY.23.2 OR AY.24 OR AY.24.1 OR AY.25 OR AY.25.1 OR AY.25.1.1 OR AY.25.1.2 OR AY.25.2 OR AY.25.3 OR AY.26 OR AY.26.1 OR AY.27 OR AY.28 OR AY.29 OR AY.29.1 OR AY.29.2 OR AY.30 OR AY.31 OR AY.32 OR AY.33 OR AY.33.1 OR AY.33.2 OR AY.34 OR AY.34.1 OR AY.34.1.1 OR AY.34.2 OR AY.35 OR AY.36 OR AY.36.1 OR AY.37 OR AY.38 OR AY.39 OR AY.39.1 OR AY.39.1.1 OR AY.39.1.2 OR AY.39.1.3 OR AY.39.1.4 OR AY.39.2 OR AY.39.3 OR AY.39.4 OR AY.40 OR AY.41 OR AY.42 OR AY.42.1 OR AY.43 OR AY.43.1 OR AY.43.2 OR AY.43.3 OR AY.43.4 OR AY.43.5 OR AY.43.6 OR AY.43.7 OR AY.43.8 OR AY.43.9 OR AY.44 OR AY.45 OR AY.46 OR AY.46.1 OR AY.46.2 OR AY.46.3 OR AY.46.4 OR AY.46.5 OR AY.46.6 OR AY.46.6.1 OR AY.47 OR AY.48 OR AY.49 OR AY.50 OR AY.51 OR AY.52 OR AY.53 OR AY.54 OR AY.55 OR AY.56 OR AY.57 OR AY.58 OR AY.59 OR AY.60 OR AY.61 OR AY.62 OR AY.63 OR AY.64 OR AY.65 OR AY.66 OR AY.67 OR AY.68 OR AY.69 OR AY.70 OR AY.71 OR AY.72 OR AY.73 OR AY.74 OR AY.75 OR AY.75.1 OR AY.75.2 OR AY.75.3 OR AY.76 OR AY.77 OR AY.78 OR AY.79 OR AY.80 OR AY.81 OR AY.82 OR AY.83 OR AY.84 OR AY.85 OR AY.86 OR AY.87 OR AY.88 OR AY.89 OR AY.90 OR AY.91 OR AY.91.1 OR AY.92 OR AY.93 OR AY.94 OR AY.95 OR AY.96 OR AY.97 OR AY.98 OR AY.98.1 OR AY.98.1.1 OR AY.99 OR AY.99.1 OR AY.99.2 OR AY.100 OR AY.101 OR AY.102 OR AY.102.1 OR AY.102.2 OR AY.103 OR AY.103.1 OR AY.103.2 OR AY.104 OR AY.105 OR AY.106 OR AY.107 OR AY.108 OR AY.109 OR AY.110 OR AY.111 OR AY.112 OR AY.112.1 OR AY.112.2 OR AY.112.3 OR AY.113 OR AY.114 OR AY.115 OR AY.116 OR AY.116.1 OR AY.117 OR AY.118 OR AY.119 OR AY.119.1 OR AY.119.2 OR AY.120 OR AY.120.1 OR AY.120.2 OR AY.120.2.1 OR AY.121 OR AY.121.1 OR AY.122 OR AY.122.1 OR AY.122.2 OR AY.122.3 OR AY.122.4 OR AY.122.5 OR AY.122.6 OR AY.123 OR AY.123.1 OR AY.124 OR AY.124.1 OR AY.124.1.1 OR AY.125 OR AY.125.1 OR AY.126 OR AY.127 OR AY.127.1 OR AY.127.2 OR AY.127.3 OR AY.128 OR AY.129 OR AY.130 OR AY.131 OR AY.132 OR AY.133 OR AY.134 OR B.1.617.2,Delta,182.714285714286,0.214285714285714,0.00117279124315872
2022-03-08,145,0,157,0.285714285714286,0.00181983621474067,3.1226274796481e-06,0.0158472368930627,AY.1 OR AY.2 OR AY.3 OR AY.3.1 OR AY.3.2 OR AY.3.3 OR AY.3.4 OR AY.4 OR AY.4.1 OR AY.4.2 OR AY.4.2.1 OR AY.4.2.2 OR AY.4.2.3 OR AY.4.2.4 OR AY.4.2.5 OR AY.4.3 OR AY.4.4 OR AY.4.5 OR AY.4.6 OR AY.4.7 OR AY.4.8 OR AY.4.9 OR AY.4.10 OR AY.4.11 OR AY.4.12 OR AY.4.13 OR AY.4.14 OR AY.4.15 OR AY.4.16 OR AY.4.17 OR AY.5 OR AY.5.1 OR AY.5.2 OR AY.5.3 OR AY.5.4 OR AY.5.5 OR AY.5.6 OR AY.5.7 OR AY.6 OR AY.7 OR AY.7.1 OR AY.7.2 OR AY.8 OR AY.9 OR AY.9.1 OR AY.9.2 OR AY.9.2.1 OR AY.9.2.2 OR AY.10 OR AY.11 OR AY.12 OR AY.13 OR AY.14 OR AY.15 OR AY.16 OR AY.16.1 OR AY.17 OR AY.18 OR AY.19 OR AY.20 OR AY.20.1 OR AY.21 OR AY.22 OR AY.23 OR AY.23.1 OR AY.23.2 OR AY.24 OR AY.24.1 OR AY.25 OR AY.25.1 OR AY.25.1.1 OR AY.25.1.2 OR AY.25.2 OR AY.25.3 OR AY.26 OR AY.26.1 OR AY.27 OR AY.28 OR AY.29 OR AY.29.1 OR AY.29.2 OR AY.30 OR AY.31 OR AY.32 OR AY.33 OR AY.33.1 OR AY.33.2 OR AY.34 OR AY.34.1 OR AY.34.1.1 OR AY.34.2 OR AY.35 OR AY.36 OR AY.36.1 OR AY.37 OR AY.38 OR AY.39 OR AY.39.1 OR AY.39.1.1 OR AY.39.1.2 OR AY.39.1.3 OR AY.39.1.4 OR AY.39.2 OR AY.39.3 OR AY.39.4 OR AY.40 OR AY.41 OR AY.42 OR AY.42.1 OR AY.43 OR AY.43.1 OR AY.43.2 OR AY.43.3 OR AY.43.4 OR AY.43.5 OR AY.43.6 OR AY.43.7 OR AY.43.8 OR AY.43.9 OR AY.44 OR AY.45 OR AY.46 OR AY.46.1 OR AY.46.2 OR AY.46.3 OR AY.46.4 OR AY.46.5 OR AY.46.6 OR AY.46.6.1 OR AY.47 OR AY.48 OR AY.49 OR AY.50 OR AY.51 OR AY.52 OR AY.53 OR AY.54 OR AY.55 OR AY.56 OR AY.57 OR AY.58 OR AY.59 OR AY.60 OR AY.61 OR AY.62 OR AY.63 OR AY.64 OR AY.65 OR AY.66 OR AY.67 OR AY.68 OR AY.69 OR AY.70 OR AY.71 OR AY.72 OR AY.73 OR AY.74 OR AY.75 OR AY.75.1 OR AY.75.2 OR AY.75.3 OR AY.76 OR AY.77 OR AY.78 OR AY.79 OR AY.80 OR AY.81 OR AY.82 OR AY.83 OR AY.84 OR AY.85 OR AY.86 OR AY.87 OR AY.88 OR AY.89 OR AY.90 OR AY.91 OR AY.91.1 OR AY.92 OR AY.93 OR AY.94 OR AY.95 OR AY.96 OR AY.97 OR AY.98 OR AY.98.1 OR AY.98.1.1 OR AY.99 OR AY.99.1 OR AY.99.2 OR AY.100 OR AY.101 OR AY.102 OR AY.102.1 OR AY.102.2 OR AY.103 OR AY.103.1 OR AY.103.2 OR AY.104 OR AY.105 OR AY.106 OR AY.107 OR AY.108 OR AY.109 OR AY.110 OR AY.111 OR AY.112 OR AY.112.1 OR AY.112.2 OR AY.112.3 OR AY.113 OR AY.114 OR AY.115 OR AY.116 OR AY.116.1 OR AY.117 OR AY.118 OR AY.119 OR AY.119.1 OR AY.119.2 OR AY.120 OR AY.120.1 OR AY.120.2 OR AY.120.2.1 OR AY.121 OR AY.121.1 OR AY.122 OR AY.122.1 OR AY.122.2 OR AY.122.3 OR AY.122.4 OR AY.122.5 OR AY.122.6 OR AY.123 OR AY.123.1 OR AY.124 OR AY.124.1 OR AY.124.1.1 OR AY.125 OR AY.125.1 OR AY.126 OR AY.127 OR AY.127.1 OR AY.127.2 OR AY.127.3 OR AY.128 OR AY.129 OR AY.130 OR AY.131 OR AY.132 OR AY.133 OR AY.134 OR B.1.617.2,Delta,173.428571428571,0.214285714285714,0.00123558484349259
2022-03-09,77,0,150.285714285714,0.285714285714286,0.00190114068441065,3.26810699680149e-06,0.016579385114365,AY.1 OR AY.2 OR AY.3 OR AY.3.1 OR AY.3.2 OR AY.3.3 OR AY.3.4 OR AY.4 OR AY.4.1 OR AY.4.2 OR AY.4.2.1 OR AY.4.2.2 OR AY.4.2.3 OR AY.4.2.4 OR AY.4.2.5 OR AY.4.3 OR AY.4.4 OR AY.4.5 OR AY.4.6 OR AY.4.7 OR AY.4.8 OR AY.4.9 OR AY.4.10 OR AY.4.11 OR AY.4.12 OR AY.4.13 OR AY.4.14 OR AY.4.15 OR AY.4.16 OR AY.4.17 OR AY.5 OR AY.5.1 OR AY.5.2 OR AY.5.3 OR AY.5.4 OR AY.5.5 OR AY.5.6 OR AY.5.7 OR AY.6 OR AY.7 OR AY.7.1 OR AY.7.2 OR AY.8 OR AY.9 OR AY.9.1 OR AY.9.2 OR AY.9.2.1 OR AY.9.2.2 OR AY.10 OR AY.11 OR AY.12 OR AY.13 OR AY.14 OR AY.15 OR AY.16 OR AY.16.1 OR AY.17 OR AY.18 OR AY.19 OR AY.20 OR AY.20.1 OR AY.21 OR AY.22 OR AY.23 OR AY.23.1 OR AY.23.2 OR AY.24 OR AY.24.1 OR AY.25 OR AY.25.1 OR AY.25.1.1 OR AY.25.1.2 OR AY.25.2 OR AY.25.3 OR AY.26 OR AY.26.1 OR AY.27 OR AY.28 OR AY.29 OR AY.29.1 OR AY.29.2 OR AY.30 OR AY.31 OR AY.32 OR AY.33 OR AY.33.1 OR AY.33.2 OR AY.34 OR AY.34.1 OR AY.34.1.1 OR AY.34.2 OR AY.35 OR AY.36 OR AY.36.1 OR AY.37 OR AY.38 OR AY.39 OR AY.39.1 OR AY.39.1.1 OR AY.39.1.2 OR AY.39.1.3 OR AY.39.1.4 OR AY.39.2 OR AY.39.3 OR AY.39.4 OR AY.40 OR AY.41 OR AY.42 OR AY.42.1 OR AY.43 OR AY.43.1 OR AY.43.2 OR AY.43.3 OR AY.43.4 OR AY.43.5 OR AY.43.6 OR AY.43.7 OR AY.43.8 OR AY.43.9 OR AY.44 OR AY.45 OR AY.46 OR AY.46.1 OR AY.46.2 OR AY.46.3 OR AY.46.4 OR AY.46.5 OR AY.46.6 OR AY.46.6.1 OR AY.47 OR AY.48 OR AY.49 OR AY.50 OR AY.51 OR AY.52 OR AY.53 OR AY.54 OR AY.55 OR AY.56 OR AY.57 OR AY.58 OR AY.59 OR AY.60 OR AY.61 OR AY.62 OR AY.63 OR AY.64 OR AY.65 OR AY.66 OR AY.67 OR AY.68 OR AY.69 OR AY.70 OR AY.71 OR AY.72 OR AY.73 OR AY.74 OR AY.75 OR AY.75.1 OR AY.75.2 OR AY.75.3 OR AY.76 OR AY.77 OR AY.78 OR AY.79 OR AY.80 OR AY.81 OR AY.82 OR AY.83 OR AY.84 OR AY.85 OR AY.86 OR AY.87 OR AY.88 OR AY.89 OR AY.90 OR AY.91 OR AY.91.1 OR AY.92 OR AY.93 OR AY.94 OR AY.95 OR AY.96 OR AY.97 OR AY.98 OR AY.98.1 OR AY.98.1.1 OR AY.99 OR AY.99.1 OR AY.99.2 OR AY.100 OR AY.101 OR AY.102 OR AY.102.1 OR AY.102.2 OR AY.103 OR AY.103.1 OR AY.103.2 OR AY.104 OR AY.105 OR AY.106 OR AY.107 OR AY.108 OR AY.109 OR AY.110 OR AY.111 OR AY.112 OR AY.112.1 OR AY.112.2 OR AY.112.3 OR AY.113 OR AY.114 OR AY.115 OR AY.116 OR AY.116.1 OR AY.117 OR AY.118 OR AY.119 OR AY.119.1 OR AY.119.2 OR AY.120 OR AY.120.1 OR AY.120.2 OR AY.120.2.1 OR AY.121 OR AY.121.1 OR AY.122 OR AY.122.1 OR AY.122.2 OR AY.122.3 OR AY.122.4 OR AY.122.5 OR AY.122.6 OR AY.123 OR AY.123.1 OR AY.124 OR AY.124.1 OR AY.124.1.1 OR AY.125 OR AY.125.1 OR AY.126 OR AY.127 OR AY.127.1 OR AY.127.2 OR AY.127.3 OR AY.128 OR AY.129 OR AY.130 OR AY.131 OR AY.132 OR AY.133 OR AY.134 OR B.1.617.2,Delta,169.142857142857,0.214285714285714,0.00126689189189189
2022-03-10,76,0,146,0.285714285714286,0.00195694716242661,3.35749071194876e-06,0.0170289521886297,AY.1 OR AY.2 OR AY.3 OR AY.3.1 OR AY.3.2 OR AY.3.3 OR AY.3.4 OR AY.4 OR AY.4.1 OR AY.4.2 OR AY.4.2.1 OR AY.4.2.2 OR AY.4.2.3 OR AY.4.2.4 OR AY.4.2.5 OR AY.4.3 OR AY.4.4 OR AY.4.5 OR AY.4.6 OR AY.4.7 OR AY.4.8 OR AY.4.9 OR AY.4.10 OR AY.4.11 OR AY.4.12 OR AY.4.13 OR AY.4.14 OR AY.4.15 OR AY.4.16 OR AY.4.17 OR AY.5 OR AY.5.1 OR AY.5.2 OR AY.5.3 OR AY.5.4 OR AY.5.5 OR AY.5.6 OR AY.5.7 OR AY.6 OR AY.7 OR AY.7.1 OR AY.7.2 OR AY.8 OR AY.9 OR AY.9.1 OR AY.9.2 OR AY.9.2.1 OR AY.9.2.2 OR AY.10 OR AY.11 OR AY.12 OR AY.13 OR AY.14 OR AY.15 OR AY.16 OR AY.16.1 OR AY.17 OR AY.18 OR AY.19 OR AY.20 OR AY.20.1 OR AY.21 OR AY.22 OR AY.23 OR AY.23.1 OR AY.23.2 OR AY.24 OR AY.24.1 OR AY.25 OR AY.25.1 OR AY.25.1.1 OR AY.25.1.2 OR AY.25.2 OR AY.25.3 OR AY.26 OR AY.26.1 OR AY.27 OR AY.28 OR AY.29 OR AY.29.1 OR AY.29.2 OR AY.30 OR AY.31 OR AY.32 OR AY.33 OR AY.33.1 OR AY.33.2 OR AY.34 OR AY.34.1 OR AY.34.1.1 OR AY.34.2 OR AY.35 OR AY.36 OR AY.36.1 OR AY.37 OR AY.38 OR AY.39 OR AY.39.1 OR AY.39.1.1 OR AY.39.1.2 OR AY.39.1.3 OR AY.39.1.4 OR AY.39.2 OR AY.39.3 OR AY.39.4 OR AY.40 OR AY.41 OR AY.42 OR AY.42.1 OR AY.43 OR AY.43.1 OR AY.43.2 OR AY.43.3 OR AY.43.4 OR AY.43.5 OR AY.43.6 OR AY.43.7 OR AY.43.8 OR AY.43.9 OR AY.44 OR AY.45 OR AY.46 OR AY.46.1 OR AY.46.2 OR AY.46.3 OR AY.46.4 OR AY.46.5 OR AY.46.6 OR AY.46.6.1 OR AY.47 OR AY.48 OR AY.49 OR AY.50 OR AY.51 OR AY.52 OR AY.53 OR AY.54 OR AY.55 OR AY.56 OR AY.57 OR AY.58 OR AY.59 OR AY.60 OR AY.61 OR AY.62 OR AY.63 OR AY.64 OR AY.65 OR AY.66 OR AY.67 OR AY.68 OR AY.69 OR AY.70 OR AY.71 OR AY.72 OR AY.73 OR AY.74 OR AY.75 OR AY.75.1 OR AY.75.2 OR AY.75.3 OR AY.76 OR AY.77 OR AY.78 OR AY.79 OR AY.80 OR AY.81 OR AY.82 OR AY.83 OR AY.84 OR AY.85 OR AY.86 OR AY.87 OR AY.88 OR AY.89 OR AY.90 OR AY.91 OR AY.91.1 OR AY.92 OR AY.93 OR AY.94 OR AY.95 OR AY.96 OR AY.97 OR AY.98 OR AY.98.1 OR AY.98.1.1 OR AY.99 OR AY.99.1 OR AY.99.2 OR AY.100 OR AY.101 OR AY.102 OR AY.102.1 OR AY.102.2 OR AY.103 OR AY.103.1 OR AY.103.2 OR AY.104 OR AY.105 OR AY.106 OR AY.107 OR AY.108 OR AY.109 OR AY.110 OR AY.111 OR AY.112 OR AY.112.1 OR AY.112.2 OR AY.112.3 OR AY.113 OR AY.114 OR AY.115 OR AY.116 OR AY.116.1 OR AY.117 OR AY.118 OR AY.119 OR AY.119.1 OR AY.119.2 OR AY.120 OR AY.120.1 OR AY.120.2 OR AY.120.2.1 OR AY.121 OR AY.121.1 OR AY.122 OR AY.122.1 OR AY.122.2 OR AY.122.3 OR AY.122.4 OR AY.122.5 OR AY.122.6 OR AY.123 OR AY.123.1 OR AY.124 OR AY.124.1 OR AY.124.1.1 OR AY.125 OR AY.125.1 OR AY.126 OR AY.127 OR AY.127.1 OR AY.127.2 OR AY.127.3 OR AY.128 OR AY.129 OR AY.130 OR AY.131 OR AY.132 OR AY.133 OR AY.134 OR B.1.617.2,Delta,163.214285714286,0.142857142857143,0.00087527352297593
2022-03-11,216,0,152.714285714286,0.285714285714286,0.00187090739008419,3.20413127789015e-06,0.0162574845530713,AY.1 OR AY.2 OR AY.3 OR AY.3.1 OR AY.3.2 OR AY.3.3 OR AY.3.4 OR AY.4 OR AY.4.1 OR AY.4.2 OR AY.4.2.1 OR AY.4.2.2 OR AY.4.2.3 OR AY.4.2.4 OR AY.4.2.5 OR AY.4.3 OR AY.4.4 OR AY.4.5 OR AY.4.6 OR AY.4.7 OR AY.4.8 OR AY.4.9 OR AY.4.10 OR AY.4.11 OR AY.4.12 OR AY.4.13 OR AY.4.14 OR AY.4.15 OR AY.4.16 OR AY.4.17 OR AY.5 OR AY.5.1 OR AY.5.2 OR AY.5.3 OR AY.5.4 OR AY.5.5 OR AY.5.6 OR AY.5.7 OR AY.6 OR AY.7 OR AY.7.1 OR AY.7.2 OR AY.8 OR AY.9 OR AY.9.1 OR AY.9.2 OR AY.9.2.1 OR AY.9.2.2 OR AY.10 OR AY.11 OR AY.12 OR AY.13 OR AY.14 OR AY.15 OR AY.16 OR AY.16.1 OR AY.17 OR AY.18 OR AY.19 OR AY.20 OR AY.20.1 OR AY.21 OR AY.22 OR AY.23 OR AY.23.1 OR AY.23.2 OR AY.24 OR AY.24.1 OR AY.25 OR AY.25.1 OR AY.25.1.1 OR AY.25.1.2 OR AY.25.2 OR AY.25.3 OR AY.26 OR AY.26.1 OR AY.27 OR AY.28 OR AY.29 OR AY.29.1 OR AY.29.2 OR AY.30 OR AY.31 OR AY.32 OR AY.33 OR AY.33.1 OR AY.33.2 OR AY.34 OR AY.34.1 OR AY.34.1.1 OR AY.34.2 OR AY.35 OR AY.36 OR AY.36.1 OR AY.37 OR AY.38 OR AY.39 OR AY.39.1 OR AY.39.1.1 OR AY.39.1.2 OR AY.39.1.3 OR AY.39.1.4 OR AY.39.2 OR AY.39.3 OR AY.39.4 OR AY.40 OR AY.41 OR AY.42 OR AY.42.1 OR AY.43 OR AY.43.1 OR AY.43.2 OR AY.43.3 OR AY.43.4 OR AY.43.5 OR AY.43.6 OR AY.43.7 OR AY.43.8 OR AY.43.9 OR AY.44 OR AY.45 OR AY.46 OR AY.46.1 OR AY.46.2 OR AY.46.3 OR AY.46.4 OR AY.46.5 OR AY.46.6 OR AY.46.6.1 OR AY.47 OR AY.48 OR AY.49 OR AY.50 OR AY.51 OR AY.52 OR AY.53 OR AY.54 OR AY.55 OR AY.56 OR AY.57 OR AY.58 OR AY.59 OR AY.60 OR AY.61 OR AY.62 OR AY.63 OR AY.64 OR AY.65 OR AY.66 OR AY.67 OR AY.68 OR AY.69 OR AY.70 OR AY.71 OR AY.72 OR AY.73 OR AY.74 OR AY.75 OR AY.75.1 OR AY.75.2 OR AY.75.3 OR AY.76 OR AY.77 OR AY.78 OR AY.79 OR AY.80 OR AY.81 OR AY.82 OR AY.83 OR AY.84 OR AY.85 OR AY.86 OR AY.87 OR AY.88 OR AY.89 OR AY.90 OR AY.91 OR AY.91.1 OR AY.92 OR AY.93 OR AY.94 OR AY.95 OR AY.96 OR AY.97 OR AY.98 OR AY.98.1 OR AY.98.1.1 OR AY.99 OR AY.99.1 OR AY.99.2 OR AY.100 OR AY.101 OR AY.102 OR AY.102.1 OR AY.102.2 OR AY.103 OR AY.103.1 OR AY.103.2 OR AY.104 OR AY.105 OR AY.106 OR AY.107 OR AY.108 OR AY.109 OR AY.110 OR AY.111 OR AY.112 OR AY.112.1 OR AY.112.2 OR AY.112.3 OR AY.113 OR AY.114 OR AY.115 OR AY.116 OR AY.116.1 OR AY.117 OR AY.118 OR AY.119 OR AY.119.1 OR AY.119.2 OR AY.120 OR AY.120.1 OR AY.120.2 OR AY.120.2.1 OR AY.121 OR AY.121.1 OR AY.122 OR AY.122.1 OR AY.122.2 OR AY.122.3 OR AY.122.4 OR AY.122.5 OR AY.122.6 OR AY.123 OR AY.123.1 OR AY.124 OR AY.124.1 OR AY.124.1.1 OR AY.125 OR AY.125.1 OR AY.126 OR AY.127 OR AY.127.1 OR AY.127.2 OR AY.127.3 OR AY.128 OR AY.129 OR AY.130 OR AY.131 OR AY.132 OR AY.133 OR AY.134 OR B.1.617.2,Delta,160.214285714286,0.142857142857143,0.000891662951404369
2022-03-12,74,0,146.428571428571,0.285714285714286,0.00195121951219512,3.35749071194876e-06,0.0170289521886297,AY.1 OR AY.2 OR AY.3 OR AY.3.1 OR AY.3.2 OR AY.3.3 OR AY.3.4 OR AY.4 OR AY.4.1 OR AY.4.2 OR AY.4.2.1 OR AY.4.2.2 OR AY.4.2.3 OR AY.4.2.4 OR AY.4.2.5 OR AY.4.3 OR AY.4.4 OR AY.4.5 OR AY.4.6 OR AY.4.7 OR AY.4.8 OR AY.4.9 OR AY.4.10 OR AY.4.11 OR AY.4.12 OR AY.4.13 OR AY.4.14 OR AY.4.15 OR AY.4.16 OR AY.4.17 OR AY.5 OR AY.5.1 OR AY.5.2 OR AY.5.3 OR AY.5.4 OR AY.5.5 OR AY.5.6 OR AY.5.7 OR AY.6 OR AY.7 OR AY.7.1 OR AY.7.2 OR AY.8 OR AY.9 OR AY.9.1 OR AY.9.2 OR AY.9.2.1 OR AY.9.2.2 OR AY.10 OR AY.11 OR AY.12 OR AY.13 OR AY.14 OR AY.15 OR AY.16 OR AY.16.1 OR AY.17 OR AY.18 OR AY.19 OR AY.20 OR AY.20.1 OR AY.21 OR AY.22 OR AY.23 OR AY.23.1 OR AY.23.2 OR AY.24 OR AY.24.1 OR AY.25 OR AY.25.1 OR AY.25.1.1 OR AY.25.1.2 OR AY.25.2 OR AY.25.3 OR AY.26 OR AY.26.1 OR AY.27 OR AY.28 OR AY.29 OR AY.29.1 OR AY.29.2 OR AY.30 OR AY.31 OR AY.32 OR AY.33 OR AY.33.1 OR AY.33.2 OR AY.34 OR AY.34.1 OR AY.34.1.1 OR AY.34.2 OR AY.35 OR AY.36 OR AY.36.1 OR AY.37 OR AY.38 OR AY.39 OR AY.39.1 OR AY.39.1.1 OR AY.39.1.2 OR AY.39.1.3 OR AY.39.1.4 OR AY.39.2 OR AY.39.3 OR AY.39.4 OR AY.40 OR AY.41 OR AY.42 OR AY.42.1 OR AY.43 OR AY.43.1 OR AY.43.2 OR AY.43.3 OR AY.43.4 OR AY.43.5 OR AY.43.6 OR AY.43.7 OR AY.43.8 OR AY.43.9 OR AY.44 OR AY.45 OR AY.46 OR AY.46.1 OR AY.46.2 OR AY.46.3 OR AY.46.4 OR AY.46.5 OR AY.46.6 OR AY.46.6.1 OR AY.47 OR AY.48 OR AY.49 OR AY.50 OR AY.51 OR AY.52 OR AY.53 OR AY.54 OR AY.55 OR AY.56 OR AY.57 OR AY.58 OR AY.59 OR AY.60 OR AY.61 OR AY.62 OR AY.63 OR AY.64 OR AY.65 OR AY.66 OR AY.67 OR AY.68 OR AY.69 OR AY.70 OR AY.71 OR AY.72 OR AY.73 OR AY.74 OR AY.75 OR AY.75.1 OR AY.75.2 OR AY.75.3 OR AY.76 OR AY.77 OR AY.78 OR AY.79 OR AY.80 OR AY.81 OR AY.82 OR AY.83 OR AY.84 OR AY.85 OR AY.86 OR AY.87 OR AY.88 OR AY.89 OR AY.90 OR AY.91 OR AY.91.1 OR AY.92 OR AY.93 OR AY.94 OR AY.95 OR AY.96 OR AY.97 OR AY.98 OR AY.98.1 OR AY.98.1.1 OR AY.99 OR AY.99.1 OR AY.99.2 OR AY.100 OR AY.101 OR AY.102 OR AY.102.1 OR AY.102.2 OR AY.103 OR AY.103.1 OR AY.103.2 OR AY.104 OR AY.105 OR AY.106 OR AY.107 OR AY.108 OR AY.109 OR AY.110 OR AY.111 OR AY.112 OR AY.112.1 OR AY.112.2 OR AY.112.3 OR AY.113 OR AY.114 OR AY.115 OR AY.116 OR AY.116.1 OR AY.117 OR AY.118 OR AY.119 OR AY.119.1 OR AY.119.2 OR AY.120 OR AY.120.1 OR AY.120.2 OR AY.120.2.1 OR AY.121 OR AY.121.1 OR AY.122 OR AY.122.1 OR AY.122.2 OR AY.122.3 OR AY.122.4 OR AY.122.5 OR AY.122.6 OR AY.123 OR AY.123.1 OR AY.124 OR AY.124.1 OR AY.124.1.1 OR AY.125 OR AY.125.1 OR AY.126 OR AY.127 OR AY.127.1 OR AY.127.2 OR AY.127.3 OR AY.128 OR AY.129 OR AY.130 OR AY.131 OR AY.132 OR AY.133 OR AY.134 OR B.1.617.2,Delta,157.428571428571,0.142857142857143,0.000907441016333938
2022-03-13,49,0,142.142857142857,0.285714285714286,0.00201005025125628,3.45190124791903e-06,0.0175035789898406,AY.1 OR AY.2 OR AY.3 OR AY.3.1 OR AY.3.2 OR AY.3.3 OR AY.3.4 OR AY.4 OR AY.4.1 OR AY.4.2 OR AY.4.2.1 OR AY.4.2.2 OR AY.4.2.3 OR AY.4.2.4 OR AY.4.2.5 OR AY.4.3 OR AY.4.4 OR AY.4.5 OR AY.4.6 OR AY.4.7 OR AY.4.8 OR AY.4.9 OR AY.4.10 OR AY.4.11 OR AY.4.12 OR AY.4.13 OR AY.4.14 OR AY.4.15 OR AY.4.16 OR AY.4.17 OR AY.5 OR AY.5.1 OR AY.5.2 OR AY.5.3 OR AY.5.4 OR AY.5.5 OR AY.5.6 OR AY.5.7 OR AY.6 OR AY.7 OR AY.7.1 OR AY.7.2 OR AY.8 OR AY.9 OR AY.9.1 OR AY.9.2 OR AY.9.2.1 OR AY.9.2.2 OR AY.10 OR AY.11 OR AY.12 OR AY.13 OR AY.14 OR AY.15 OR AY.16 OR AY.16.1 OR AY.17 OR AY.18 OR AY.19 OR AY.20 OR AY.20.1 OR AY.21 OR AY.22 OR AY.23 OR AY.23.1 OR AY.23.2 OR AY.24 OR AY.24.1 OR AY.25 OR AY.25.1 OR AY.25.1.1 OR AY.25.1.2 OR AY.25.2 OR AY.25.3 OR AY.26 OR AY.26.1 OR AY.27 OR AY.28 OR AY.29 OR AY.29.1 OR AY.29.2 OR AY.30 OR AY.31 OR AY.32 OR AY.33 OR AY.33.1 OR AY.33.2 OR AY.34 OR AY.34.1 OR AY.34.1.1 OR AY.34.2 OR AY.35 OR AY.36 OR AY.36.1 OR AY.37 OR AY.38 OR AY.39 OR AY.39.1 OR AY.39.1.1 OR AY.39.1.2 OR AY.39.1.3 OR AY.39.1.4 OR AY.39.2 OR AY.39.3 OR AY.39.4 OR AY.40 OR AY.41 OR AY.42 OR AY.42.1 OR AY.43 OR AY.43.1 OR AY.43.2 OR AY.43.3 OR AY.43.4 OR AY.43.5 OR AY.43.6 OR AY.43.7 OR AY.43.8 OR AY.43.9 OR AY.44 OR AY.45 OR AY.46 OR AY.46.1 OR AY.46.2 OR AY.46.3 OR AY.46.4 OR AY.46.5 OR AY.46.6 OR AY.46.6.1 OR AY.47 OR AY.48 OR AY.49 OR AY.50 OR AY.51 OR AY.52 OR AY.53 OR AY.54 OR AY.55 OR AY.56 OR AY.57 OR AY.58 OR AY.59 OR AY.60 OR AY.61 OR AY.62 OR AY.63 OR AY.64 OR AY.65 OR AY.66 OR AY.67 OR AY.68 OR AY.69 OR AY.70 OR AY.71 OR AY.72 OR AY.73 OR AY.74 OR AY.75 OR AY.75.1 OR AY.75.2 OR AY.75.3 OR AY.76 OR AY.77 OR AY.78 OR AY.79 OR AY.80 OR AY.81 OR AY.82 OR AY.83 OR AY.84 OR AY.85 OR AY.86 OR AY.87 OR AY.88 OR AY.89 OR AY.90 OR AY.91 OR AY.91.1 OR AY.92 OR AY.93 OR AY.94 OR AY.95 OR AY.96 OR AY.97 OR AY.98 OR AY.98.1 OR AY.98.1.1 OR AY.99 OR AY.99.1 OR AY.99.2 OR AY.100 OR AY.101 OR AY.102 OR AY.102.1 OR AY.102.2 OR AY.103 OR AY.103.1 OR AY.103.2 OR AY.104 OR AY.105 OR AY.106 OR AY.107 OR AY.108 OR AY.109 OR AY.110 OR AY.111 OR AY.112 OR AY.112.1 OR AY.112.2 OR AY.112.3 OR AY.113 OR AY.114 OR AY.115 OR AY.116 OR AY.116.1 OR AY.117 OR AY.118 OR AY.119 OR AY.119.1 OR AY.119.2 OR AY.120 OR AY.120.1 OR AY.120.2 OR AY.120.2.1 OR AY.121 OR AY.121.1 OR AY.122 OR AY.122.1 OR AY.122.2 OR AY.122.3 OR AY.122.4 OR AY.122.5 OR AY.122.6 OR AY.123 OR AY.123.1 OR AY.124 OR AY.124.1 OR AY.124.1.1 OR AY.125 OR AY.125.1 OR AY.126 OR AY.127 OR AY.127.1 OR AY.127.2 OR AY.127.3 OR AY.128 OR AY.129 OR AY.130 OR AY.131 OR AY.132 OR AY.133 OR AY.134 OR B.1.617.2,Delta,155.071428571429,0.142857142857143,0.000921234454168586
2022-03-14,220,0,122.428571428571,0,0,4.01662613795073e-06,0.0203378159097935,AY.1 OR AY.2 OR AY.3 OR AY.3.1 OR AY.3.2 OR AY.3.3 OR AY.3.4 OR AY.4 OR AY.4.1 OR AY.4.2 OR AY.4.2.1 OR AY.4.2.2 OR AY.4.2.3 OR AY.4.2.4 OR AY.4.2.5 OR AY.4.3 OR AY.4.4 OR AY.4.5 OR AY.4.6 OR AY.4.7 OR AY.4.8 OR AY.4.9 OR AY.4.10 OR AY.4.11 OR AY.4.12 OR AY.4.13 OR AY.4.14 OR AY.4.15 OR AY.4.16 OR AY.4.17 OR AY.5 OR AY.5.1 OR AY.5.2 OR AY.5.3 OR AY.5.4 OR AY.5.5 OR AY.5.6 OR AY.5.7 OR AY.6 OR AY.7 OR AY.7.1 OR AY.7.2 OR AY.8 OR AY.9 OR AY.9.1 OR AY.9.2 OR AY.9.2.1 OR AY.9.2.2 OR AY.10 OR AY.11 OR AY.12 OR AY.13 OR AY.14 OR AY.15 OR AY.16 OR AY.16.1 OR AY.17 OR AY.18 OR AY.19 OR AY.20 OR AY.20.1 OR AY.21 OR AY.22 OR AY.23 OR AY.23.1 OR AY.23.2 OR AY.24 OR AY.24.1 OR AY.25 OR AY.25.1 OR AY.25.1.1 OR AY.25.1.2 OR AY.25.2 OR AY.25.3 OR AY.26 OR AY.26.1 OR AY.27 OR AY.28 OR AY.29 OR AY.29.1 OR AY.29.2 OR AY.30 OR AY.31 OR AY.32 OR AY.33 OR AY.33.1 OR AY.33.2 OR AY.34 OR AY.34.1 OR AY.34.1.1 OR AY.34.2 OR AY.35 OR AY.36 OR AY.36.1 OR AY.37 OR AY.38 OR AY.39 OR AY.39.1 OR AY.39.1.1 OR AY.39.1.2 OR AY.39.1.3 OR AY.39.1.4 OR AY.39.2 OR AY.39.3 OR AY.39.4 OR AY.40 OR AY.41 OR AY.42 OR AY.42.1 OR AY.43 OR AY.43.1 OR AY.43.2 OR AY.43.3 OR AY.43.4 OR AY.43.5 OR AY.43.6 OR AY.43.7 OR AY.43.8 OR AY.43.9 OR AY.44 OR AY.45 OR AY.46 OR AY.46.1 OR AY.46.2 OR AY.46.3 OR AY.46.4 OR AY.46.5 OR AY.46.6 OR AY.46.6.1 OR AY.47 OR AY.48 OR AY.49 OR AY.50 OR AY.51 OR AY.52 OR AY.53 OR AY.54 OR AY.55 OR AY.56 OR AY.57 OR AY.58 OR AY.59 OR AY.60 OR AY.61 OR AY.62 OR AY.63 OR AY.64 OR AY.65 OR AY.66 OR AY.67 OR AY.68 OR AY.69 OR AY.70 OR AY.71 OR AY.72 OR AY.73 OR AY.74 OR AY.75 OR AY.75.1 OR AY.75.2 OR AY.75.3 OR AY.76 OR AY.77 OR AY.78 OR AY.79 OR AY.80 OR AY.81 OR AY.82 OR AY.83 OR AY.84 OR AY.85 OR AY.86 OR AY.87 OR AY.88 OR AY.89 OR AY.90 OR AY.91 OR AY.91.1 OR AY.92 OR AY.93 OR AY.94 OR AY.95 OR AY.96 OR AY.97 OR AY.98 OR AY.98.1 OR AY.98.1.1 OR AY.99 OR AY.99.1 OR AY.99.2 OR AY.100 OR AY.101 OR AY.102 OR AY.102.1 OR AY.102.2 OR AY.103 OR AY.103.1 OR AY.103.2 OR AY.104 OR AY.105 OR AY.106 OR AY.107 OR AY.108 OR AY.109 OR AY.110 OR AY.111 OR AY.112 OR AY.112.1 OR AY.112.2 OR AY.112.3 OR AY.113 OR AY.114 OR AY.115 OR AY.116 OR AY.116.1 OR AY.117 OR AY.118 OR AY.119 OR AY.119.1 OR AY.119.2 OR AY.120 OR AY.120.1 OR AY.120.2 OR AY.120.2.1 OR AY.121 OR AY.121.1 OR AY.122 OR AY.122.1 OR AY.122.2 OR AY.122.3 OR AY.122.4 OR AY.122.5 OR AY.122.6 OR AY.123 OR AY.123.1 OR AY.124 OR AY.124.1 OR AY.124.1.1 OR AY.125 OR AY.125.1 OR AY.126 OR AY.127 OR AY.127.1 OR AY.127.2 OR AY.127.3 OR AY.128 OR AY.129 OR AY.130 OR AY.131 OR AY.132 OR AY.133 OR AY.134 OR B.1.617.2,Delta,143.357142857143,0.142857142857143,0.000996512207274539
2022-03-15,235,0,135.285714285714,0,0,3.63055695453752e-06,0.0184011011034599,AY.1 OR AY.2 OR AY.3 OR AY.3.1 OR AY.3.2 OR AY.3.3 OR AY.3.4 OR AY.4 OR AY.4.1 OR AY.4.2 OR AY.4.2.1 OR AY.4.2.2 OR AY.4.2.3 OR AY.4.2.4 OR AY.4.2.5 OR AY.4.3 OR AY.4.4 OR AY.4.5 OR AY.4.6 OR AY.4.7 OR AY.4.8 OR AY.4.9 OR AY.4.10 OR AY.4.11 OR AY.4.12 OR AY.4.13 OR AY.4.14 OR AY.4.15 OR AY.4.16 OR AY.4.17 OR AY.5 OR AY.5.1 OR AY.5.2 OR AY.5.3 OR AY.5.4 OR AY.5.5 OR AY.5.6 OR AY.5.7 OR AY.6 OR AY.7 OR AY.7.1 OR AY.7.2 OR AY.8 OR AY.9 OR AY.9.1 OR AY.9.2 OR AY.9.2.1 OR AY.9.2.2 OR AY.10 OR AY.11 OR AY.12 OR AY.13 OR AY.14 OR AY.15 OR AY.16 OR AY.16.1 OR AY.17 OR AY.18 OR AY.19 OR AY.20 OR AY.20.1 OR AY.21 OR AY.22 OR AY.23 OR AY.23.1 OR AY.23.2 OR AY.24 OR AY.24.1 OR AY.25 OR AY.25.1 OR AY.25.1.1 OR AY.25.1.2 OR AY.25.2 OR AY.25.3 OR AY.26 OR AY.26.1 OR AY.27 OR AY.28 OR AY.29 OR AY.29.1 OR AY.29.2 OR AY.30 OR AY.31 OR AY.32 OR AY.33 OR AY.33.1 OR AY.33.2 OR AY.34 OR AY.34.1 OR AY.34.1.1 OR AY.34.2 OR AY.35 OR AY.36 OR AY.36.1 OR AY.37 OR AY.38 OR AY.39 OR AY.39.1 OR AY.39.1.1 OR AY.39.1.2 OR AY.39.1.3 OR AY.39.1.4 OR AY.39.2 OR AY.39.3 OR AY.39.4 OR AY.40 OR AY.41 OR AY.42 OR AY.42.1 OR AY.43 OR AY.43.1 OR AY.43.2 OR AY.43.3 OR AY.43.4 OR AY.43.5 OR AY.43.6 OR AY.43.7 OR AY.43.8 OR AY.43.9 OR AY.44 OR AY.45 OR AY.46 OR AY.46.1 OR AY.46.2 OR AY.46.3 OR AY.46.4 OR AY.46.5 OR AY.46.6 OR AY.46.6.1 OR AY.47 OR AY.48 OR AY.49 OR AY.50 OR AY.51 OR AY.52 OR AY.53 OR AY.54 OR AY.55 OR AY.56 OR AY.57 OR AY.58 OR AY.59 OR AY.60 OR AY.61 OR AY.62 OR AY.63 OR AY.64 OR AY.65 OR AY.66 OR AY.67 OR AY.68 OR AY.69 OR AY.70 OR AY.71 OR AY.72 OR AY.73 OR AY.74 OR AY.75 OR AY.75.1 OR AY.75.2 OR AY.75.3 OR AY.76 OR AY.77 OR AY.78 OR AY.79 OR AY.80 OR AY.81 OR AY.82 OR AY.83 OR AY.84 OR AY.85 OR AY.86 OR AY.87 OR AY.88 OR AY.89 OR AY.90 OR AY.91 OR AY.91.1 OR AY.92 OR AY.93 OR AY.94 OR AY.95 OR AY.96 OR AY.97 OR AY.98 OR AY.98.1 OR AY.98.1.1 OR AY.99 OR AY.99.1 OR AY.99.2 OR AY.100 OR AY.101 OR AY.102 OR AY.102.1 OR AY.102.2 OR AY.103 OR AY.103.1 OR AY.103.2 OR AY.104 OR AY.105 OR AY.106 OR AY.107 OR AY.108 OR AY.109 OR AY.110 OR AY.111 OR AY.112 OR AY.112.1 OR AY.112.2 OR AY.112.3 OR AY.113 OR AY.114 OR AY.115 OR AY.116 OR AY.116.1 OR AY.117 OR AY.118 OR AY.119 OR AY.119.1 OR AY.119.2 OR AY.120 OR AY.120.1 OR AY.120.2 OR AY.120.2.1 OR AY.121 OR AY.121.1 OR AY.122 OR AY.122.1 OR AY.122.2 OR AY.122.3 OR AY.122.4 OR AY.122.5 OR AY.122.6 OR AY.123 OR AY.123.1 OR AY.124 OR AY.124.1 OR AY.124.1.1 OR AY.125 OR AY.125.1 OR AY.126 OR AY.127 OR AY.127.1 OR AY.127.2 OR AY.127.3 OR AY.128 OR AY.129 OR AY.130 OR AY.131 OR AY.132 OR AY.133 OR AY.134 OR B.1.617.2,Delta,146.142857142857,0.142857142857143,0.000977517106549365
2022-03-16,67,0,133.857142857143,0,0,3.65760006640101e-06,0.0185368874969057,AY.1 OR AY.2 OR AY.3 OR AY.3.1 OR AY.3.2 OR AY.3.3 OR AY.3.4 OR AY.4 OR AY.4.1 OR AY.4.2 OR AY.4.2.1 OR AY.4.2.2 OR AY.4.2.3 OR AY.4.2.4 OR AY.4.2.5 OR AY.4.3 OR AY.4.4 OR AY.4.5 OR AY.4.6 OR AY.4.7 OR AY.4.8 OR AY.4.9 OR AY.4.10 OR AY.4.11 OR AY.4.12 OR AY.4.13 OR AY.4.14 OR AY.4.15 OR AY.4.16 OR AY.4.17 OR AY.5 OR AY.5.1 OR AY.5.2 OR AY.5.3 OR AY.5.4 OR AY.5.5 OR AY.5.6 OR AY.5.7 OR AY.6 OR AY.7 OR AY.7.1 OR AY.7.2 OR AY.8 OR AY.9 OR AY.9.1 OR AY.9.2 OR AY.9.2.1 OR AY.9.2.2 OR AY.10 OR AY.11 OR AY.12 OR AY.13 OR AY.14 OR AY.15 OR AY.16 OR AY.16.1 OR AY.17 OR AY.18 OR AY.19 OR AY.20 OR AY.20.1 OR AY.21 OR AY.22 OR AY.23 OR AY.23.1 OR AY.23.2 OR AY.24 OR AY.24.1 OR AY.25 OR AY.25.1 OR AY.25.1.1 OR AY.25.1.2 OR AY.25.2 OR AY.25.3 OR AY.26 OR AY.26.1 OR AY.27 OR AY.28 OR AY.29 OR AY.29.1 OR AY.29.2 OR AY.30 OR AY.31 OR AY.32 OR AY.33 OR AY.33.1 OR AY.33.2 OR AY.34 OR AY.34.1 OR AY.34.1.1 OR AY.34.2 OR AY.35 OR AY.36 OR AY.36.1 OR AY.37 OR AY.38 OR AY.39 OR AY.39.1 OR AY.39.1.1 OR AY.39.1.2 OR AY.39.1.3 OR AY.39.1.4 OR AY.39.2 OR AY.39.3 OR AY.39.4 OR AY.40 OR AY.41 OR AY.42 OR AY.42.1 OR AY.43 OR AY.43.1 OR AY.43.2 OR AY.43.3 OR AY.43.4 OR AY.43.5 OR AY.43.6 OR AY.43.7 OR AY.43.8 OR AY.43.9 OR AY.44 OR AY.45 OR AY.46 OR AY.46.1 OR AY.46.2 OR AY.46.3 OR AY.46.4 OR AY.46.5 OR AY.46.6 OR AY.46.6.1 OR AY.47 OR AY.48 OR AY.49 OR AY.50 OR AY.51 OR AY.52 OR AY.53 OR AY.54 OR AY.55 OR AY.56 OR AY.57 OR AY.58 OR AY.59 OR AY.60 OR AY.61 OR AY.62 OR AY.63 OR AY.64 OR AY.65 OR AY.66 OR AY.67 OR AY.68 OR AY.69 OR AY.70 OR AY.71 OR AY.72 OR AY.73 OR AY.74 OR AY.75 OR AY.75.1 OR AY.75.2 OR AY.75.3 OR AY.76 OR AY.77 OR AY.78 OR AY.79 OR AY.80 OR AY.81 OR AY.82 OR AY.83 OR AY.84 OR AY.85 OR AY.86 OR AY.87 OR AY.88 OR AY.89 OR AY.90 OR AY.91 OR AY.91.1 OR AY.92 OR AY.93 OR AY.94 OR AY.95 OR AY.96 OR AY.97 OR AY.98 OR AY.98.1 OR AY.98.1.1 OR AY.99 OR AY.99.1 OR AY.99.2 OR AY.100 OR AY.101 OR AY.102 OR AY.102.1 OR AY.102.2 OR AY.103 OR AY.103.1 OR AY.103.2 OR AY.104 OR AY.105 OR AY.106 OR AY.107 OR AY.108 OR AY.109 OR AY.110 OR AY.111 OR AY.112 OR AY.112.1 OR AY.112.2 OR AY.112.3 OR AY.113 OR AY.114 OR AY.115 OR AY.116 OR AY.116.1 OR AY.117 OR AY.118 OR AY.119 OR AY.119.1 OR AY.119.2 OR AY.120 OR AY.120.1 OR AY.120.2 OR AY.120.2.1 OR AY.121 OR AY.121.1 OR AY.122 OR AY.122.1 OR AY.122.2 OR AY.122.3 OR AY.122.4 OR AY.122.5 OR AY.122.6 OR AY.123 OR AY.123.1 OR AY.124 OR AY.124.1 OR AY.124.1.1 OR AY.125 OR AY.125.1 OR AY.126 OR AY.127 OR AY.127.1 OR AY.127.2 OR AY.127.3 OR AY.128 OR AY.129 OR AY.130 OR AY.131 OR AY.132 OR AY.133 OR AY.134 OR B.1.617.2,Delta,142.071428571429,0.142857142857143,0.00100553041729512
2022-03-17,114,0,139.285714285714,0,0,3.52626859045616e-06,0.0178772818689058,AY.1 OR AY.2 OR AY.3 OR AY.3.1 OR AY.3.2 OR AY.3.3 OR AY.3.4 OR AY.4 OR AY.4.1 OR AY.4.2 OR AY.4.2.1 OR AY.4.2.2 OR AY.4.2.3 OR AY.4.2.4 OR AY.4.2.5 OR AY.4.3 OR AY.4.4 OR AY.4.5 OR AY.4.6 OR AY.4.7 OR AY.4.8 OR AY.4.9 OR AY.4.10 OR AY.4.11 OR AY.4.12 OR AY.4.13 OR AY.4.14 OR AY.4.15 OR AY.4.16 OR AY.4.17 OR AY.5 OR AY.5.1 OR AY.5.2 OR AY.5.3 OR AY.5.4 OR AY.5.5 OR AY.5.6 OR AY.5.7 OR AY.6 OR AY.7 OR AY.7.1 OR AY.7.2 OR AY.8 OR AY.9 OR AY.9.1 OR AY.9.2 OR AY.9.2.1 OR AY.9.2.2 OR AY.10 OR AY.11 OR AY.12 OR AY.13 OR AY.14 OR AY.15 OR AY.16 OR AY.16.1 OR AY.17 OR AY.18 OR AY.19 OR AY.20 OR AY.20.1 OR AY.21 OR AY.22 OR AY.23 OR AY.23.1 OR AY.23.2 OR AY.24 OR AY.24.1 OR AY.25 OR AY.25.1 OR AY.25.1.1 OR AY.25.1.2 OR AY.25.2 OR AY.25.3 OR AY.26 OR AY.26.1 OR AY.27 OR AY.28 OR AY.29 OR AY.29.1 OR AY.29.2 OR AY.30 OR AY.31 OR AY.32 OR AY.33 OR AY.33.1 OR AY.33.2 OR AY.34 OR AY.34.1 OR AY.34.1.1 OR AY.34.2 OR AY.35 OR AY.36 OR AY.36.1 OR AY.37 OR AY.38 OR AY.39 OR AY.39.1 OR AY.39.1.1 OR AY.39.1.2 OR AY.39.1.3 OR AY.39.1.4 OR AY.39.2 OR AY.39.3 OR AY.39.4 OR AY.40 OR AY.41 OR AY.42 OR AY.42.1 OR AY.43 OR AY.43.1 OR AY.43.2 OR AY.43.3 OR AY.43.4 OR AY.43.5 OR AY.43.6 OR AY.43.7 OR AY.43.8 OR AY.43.9 OR AY.44 OR AY.45 OR AY.46 OR AY.46.1 OR AY.46.2 OR AY.46.3 OR AY.46.4 OR AY.46.5 OR AY.46.6 OR AY.46.6.1 OR AY.47 OR AY.48 OR AY.49 OR AY.50 OR AY.51 OR AY.52 OR AY.53 OR AY.54 OR AY.55 OR AY.56 OR AY.57 OR AY.58 OR AY.59 OR AY.60 OR AY.61 OR AY.62 OR AY.63 OR AY.64 OR AY.65 OR AY.66 OR AY.67 OR AY.68 OR AY.69 OR AY.70 OR AY.71 OR AY.72 OR AY.73 OR AY.74 OR AY.75 OR AY.75.1 OR AY.75.2 OR AY.75.3 OR AY.76 OR AY.77 OR AY.78 OR AY.79 OR AY.80 OR AY.81 OR AY.82 OR AY.83 OR AY.84 OR AY.85 OR AY.86 OR AY.87 OR AY.88 OR AY.89 OR AY.90 OR AY.91 OR AY.91.1 OR AY.92 OR AY.93 OR AY.94 OR AY.95 OR AY.96 OR AY.97 OR AY.98 OR AY.98.1 OR AY.98.1.1 OR AY.99 OR AY.99.1 OR AY.99.2 OR AY.100 OR AY.101 OR AY.102 OR AY.102.1 OR AY.102.2 OR AY.103 OR AY.103.1 OR AY.103.2 OR AY.104 OR AY.105 OR AY.106 OR AY.107 OR AY.108 OR AY.109 OR AY.110 OR AY.111 OR AY.112 OR AY.112.1 OR AY.112.2 OR AY.112.3 OR AY.113 OR AY.114 OR AY.115 OR AY.116 OR AY.116.1 OR AY.117 OR AY.118 OR AY.119 OR AY.119.1 OR AY.119.2 OR AY.120 OR AY.120.1 OR AY.120.2 OR AY.120.2.1 OR AY.121 OR AY.121.1 OR AY.122 OR AY.122.1 OR AY.122.2 OR AY.122.3 OR AY.122.4 OR AY.122.5 OR AY.122.6 OR AY.123 OR AY.123.1 OR AY.124 OR AY.124.1 OR AY.124.1.1 OR AY.125 OR AY.125.1 OR AY.126 OR AY.127 OR AY.127.1 OR AY.127.2 OR AY.127.3 OR AY.128 OR AY.129 OR AY.130 OR AY.131 OR AY.132 OR AY.133 OR AY.134 OR B.1.617.2,Delta,142.642857142857,0.142857142857143,0.00100150225338007
2022-03-18,107,0,123.714285714286,0,0,3.95197258781667e-06,0.02001374837691,AY.1 OR AY.2 OR AY.3 OR AY.3.1 OR AY.3.2 OR AY.3.3 OR AY.3.4 OR AY.4 OR AY.4.1 OR AY.4.2 OR AY.4.2.1 OR AY.4.2.2 OR AY.4.2.3 OR AY.4.2.4 OR AY.4.2.5 OR AY.4.3 OR AY.4.4 OR AY.4.5 OR AY.4.6 OR AY.4.7 OR AY.4.8 OR AY.4.9 OR AY.4.10 OR AY.4.11 OR AY.4.12 OR AY.4.13 OR AY.4.14 OR AY.4.15 OR AY.4.16 OR AY.4.17 OR AY.5 OR AY.5.1 OR AY.5.2 OR AY.5.3 OR AY.5.4 OR AY.5.5 OR AY.5.6 OR AY.5.7 OR AY.6 OR AY.7 OR AY.7.1 OR AY.7.2 OR AY.8 OR AY.9 OR AY.9.1 OR AY.9.2 OR AY.9.2.1 OR AY.9.2.2 OR AY.10 OR AY.11 OR AY.12 OR AY.13 OR AY.14 OR AY.15 OR AY.16 OR AY.16.1 OR AY.17 OR AY.18 OR AY.19 OR AY.20 OR AY.20.1 OR AY.21 OR AY.22 OR AY.23 OR AY.23.1 OR AY.23.2 OR AY.24 OR AY.24.1 OR AY.25 OR AY.25.1 OR AY.25.1.1 OR AY.25.1.2 OR AY.25.2 OR AY.25.3 OR AY.26 OR AY.26.1 OR AY.27 OR AY.28 OR AY.29 OR AY.29.1 OR AY.29.2 OR AY.30 OR AY.31 OR AY.32 OR AY.33 OR AY.33.1 OR AY.33.2 OR AY.34 OR AY.34.1 OR AY.34.1.1 OR AY.34.2 OR AY.35 OR AY.36 OR AY.36.1 OR AY.37 OR AY.38 OR AY.39 OR AY.39.1 OR AY.39.1.1 OR AY.39.1.2 OR AY.39.1.3 OR AY.39.1.4 OR AY.39.2 OR AY.39.3 OR AY.39.4 OR AY.40 OR AY.41 OR AY.42 OR AY.42.1 OR AY.43 OR AY.43.1 OR AY.43.2 OR AY.43.3 OR AY.43.4 OR AY.43.5 OR AY.43.6 OR AY.43.7 OR AY.43.8 OR AY.43.9 OR AY.44 OR AY.45 OR AY.46 OR AY.46.1 OR AY.46.2 OR AY.46.3 OR AY.46.4 OR AY.46.5 OR AY.46.6 OR AY.46.6.1 OR AY.47 OR AY.48 OR AY.49 OR AY.50 OR AY.51 OR AY.52 OR AY.53 OR AY.54 OR AY.55 OR AY.56 OR AY.57 OR AY.58 OR AY.59 OR AY.60 OR AY.61 OR AY.62 OR AY.63 OR AY.64 OR AY.65 OR AY.66 OR AY.67 OR AY.68 OR AY.69 OR AY.70 OR AY.71 OR AY.72 OR AY.73 OR AY.74 OR AY.75 OR AY.75.1 OR AY.75.2 OR AY.75.3 OR AY.76 OR AY.77 OR AY.78 OR AY.79 OR AY.80 OR AY.81 OR AY.82 OR AY.83 OR AY.84 OR AY.85 OR AY.86 OR AY.87 OR AY.88 OR AY.89 OR AY.90 OR AY.91 OR AY.91.1 OR AY.92 OR AY.93 OR AY.94 OR AY.95 OR AY.96 OR AY.97 OR AY.98 OR AY.98.1 OR AY.98.1.1 OR AY.99 OR AY.99.1 OR AY.99.2 OR AY.100 OR AY.101 OR AY.102 OR AY.102.1 OR AY.102.2 OR AY.103 OR AY.103.1 OR AY.103.2 OR AY.104 OR AY.105 OR AY.106 OR AY.107 OR AY.108 OR AY.109 OR AY.110 OR AY.111 OR AY.112 OR AY.112.1 OR AY.112.2 OR AY.112.3 OR AY.113 OR AY.114 OR AY.115 OR AY.116 OR AY.116.1 OR AY.117 OR AY.118 OR AY.119 OR AY.119.1 OR AY.119.2 OR AY.120 OR AY.120.1 OR AY.120.2 OR AY.120.2.1 OR AY.121 OR AY.121.1 OR AY.122 OR AY.122.1 OR AY.122.2 OR AY.122.3 OR AY.122.4 OR AY.122.5 OR AY.122.6 OR AY.123 OR AY.123.1 OR AY.124 OR AY.124.1 OR AY.124.1.1 OR AY.125 OR AY.125.1 OR AY.126 OR AY.127 OR AY.127.1 OR AY.127.2 OR AY.127.3 OR AY.128 OR AY.129 OR AY.130 OR AY.131 OR AY.132 OR AY.133 OR AY.134 OR B.1.617.2,Delta,138.214285714286,0.142857142857143,0.00103359173126615
2022-03-19,64,0,122.285714285714,0,0,4.01662613795073e-06,0.0203378159097935,AY.1 OR AY.2 OR AY.3 OR AY.3.1 OR AY.3.2 OR AY.3.3 OR AY.3.4 OR AY.4 OR AY.4.1 OR AY.4.2 OR AY.4.2.1 OR AY.4.2.2 OR AY.4.2.3 OR AY.4.2.4 OR AY.4.2.5 OR AY.4.3 OR AY.4.4 OR AY.4.5 OR AY.4.6 OR AY.4.7 OR AY.4.8 OR AY.4.9 OR AY.4.10 OR AY.4.11 OR AY.4.12 OR AY.4.13 OR AY.4.14 OR AY.4.15 OR AY.4.16 OR AY.4.17 OR AY.5 OR AY.5.1 OR AY.5.2 OR AY.5.3 OR AY.5.4 OR AY.5.5 OR AY.5.6 OR AY.5.7 OR AY.6 OR AY.7 OR AY.7.1 OR AY.7.2 OR AY.8 OR AY.9 OR AY.9.1 OR AY.9.2 OR AY.9.2.1 OR AY.9.2.2 OR AY.10 OR AY.11 OR AY.12 OR AY.13 OR AY.14 OR AY.15 OR AY.16 OR AY.16.1 OR AY.17 OR AY.18 OR AY.19 OR AY.20 OR AY.20.1 OR AY.21 OR AY.22 OR AY.23 OR AY.23.1 OR AY.23.2 OR AY.24 OR AY.24.1 OR AY.25 OR AY.25.1 OR AY.25.1.1 OR AY.25.1.2 OR AY.25.2 OR AY.25.3 OR AY.26 OR AY.26.1 OR AY.27 OR AY.28 OR AY.29 OR AY.29.1 OR AY.29.2 OR AY.30 OR AY.31 OR AY.32 OR AY.33 OR AY.33.1 OR AY.33.2 OR AY.34 OR AY.34.1 OR AY.34.1.1 OR AY.34.2 OR AY.35 OR AY.36 OR AY.36.1 OR AY.37 OR AY.38 OR AY.39 OR AY.39.1 OR AY.39.1.1 OR AY.39.1.2 OR AY.39.1.3 OR AY.39.1.4 OR AY.39.2 OR AY.39.3 OR AY.39.4 OR AY.40 OR AY.41 OR AY.42 OR AY.42.1 OR AY.43 OR AY.43.1 OR AY.43.2 OR AY.43.3 OR AY.43.4 OR AY.43.5 OR AY.43.6 OR AY.43.7 OR AY.43.8 OR AY.43.9 OR AY.44 OR AY.45 OR AY.46 OR AY.46.1 OR AY.46.2 OR AY.46.3 OR AY.46.4 OR AY.46.5 OR AY.46.6 OR AY.46.6.1 OR AY.47 OR AY.48 OR AY.49 OR AY.50 OR AY.51 OR AY.52 OR AY.53 OR AY.54 OR AY.55 OR AY.56 OR AY.57 OR AY.58 OR AY.59 OR AY.60 OR AY.61 OR AY.62 OR AY.63 OR AY.64 OR AY.65 OR AY.66 OR AY.67 OR AY.68 OR AY.69 OR AY.70 OR AY.71 OR AY.72 OR AY.73 OR AY.74 OR AY.75 OR AY.75.1 OR AY.75.2 OR AY.75.3 OR AY.76 OR AY.77 OR AY.78 OR AY.79 OR AY.80 OR AY.81 OR AY.82 OR AY.83 OR AY.84 OR AY.85 OR AY.86 OR AY.87 OR AY.88 OR AY.89 OR AY.90 OR AY.91 OR AY.91.1 OR AY.92 OR AY.93 OR AY.94 OR AY.95 OR AY.96 OR AY.97 OR AY.98 OR AY.98.1 OR AY.98.1.1 OR AY.99 OR AY.99.1 OR AY.99.2 OR AY.100 OR AY.101 OR AY.102 OR AY.102.1 OR AY.102.2 OR AY.103 OR AY.103.1 OR AY.103.2 OR AY.104 OR AY.105 OR AY.106 OR AY.107 OR AY.108 OR AY.109 OR AY.110 OR AY.111 OR AY.112 OR AY.112.1 OR AY.112.2 OR AY.112.3 OR AY.113 OR AY.114 OR AY.115 OR AY.116 OR AY.116.1 OR AY.117 OR AY.118 OR AY.119 OR AY.119.1 OR AY.119.2 OR AY.120 OR AY.120.1 OR AY.120.2 OR AY.120.2.1 OR AY.121 OR AY.121.1 OR AY.122 OR AY.122.1 OR AY.122.2 OR AY.122.3 OR AY.122.4 OR AY.122.5 OR AY.122.6 OR AY.123 OR AY.123.1 OR AY.124 OR AY.124.1 OR AY.124.1.1 OR AY.125 OR AY.125.1 OR AY.126 OR AY.127 OR AY.127.1 OR AY.127.2 OR AY.127.3 OR AY.128 OR AY.129 OR AY.130 OR AY.131 OR AY.132 OR AY.133 OR AY.134 OR B.1.617.2,Delta,134.357142857143,0.142857142857143,0.00106326422115896
2022-03-20,39,0,120.857142857143,0,0,4.04975274408481e-06,0.0205038171686234,AY.1 OR AY.2 OR AY.3 OR AY.3.1 OR AY.3.2 OR AY.3.3 OR AY.3.4 OR AY.4 OR AY.4.1 OR AY.4.2 OR AY.4.2.1 OR AY.4.2.2 OR AY.4.2.3 OR AY.4.2.4 OR AY.4.2.5 OR AY.4.3 OR AY.4.4 OR AY.4.5 OR AY.4.6 OR AY.4.7 OR AY.4.8 OR AY.4.9 OR AY.4.10 OR AY.4.11 OR AY.4.12 OR AY.4.13 OR AY.4.14 OR AY.4.15 OR AY.4.16 OR AY.4.17 OR AY.5 OR AY.5.1 OR AY.5.2 OR AY.5.3 OR AY.5.4 OR AY.5.5 OR AY.5.6 OR AY.5.7 OR AY.6 OR AY.7 OR AY.7.1 OR AY.7.2 OR AY.8 OR AY.9 OR AY.9.1 OR AY.9.2 OR AY.9.2.1 OR AY.9.2.2 OR AY.10 OR AY.11 OR AY.12 OR AY.13 OR AY.14 OR AY.15 OR AY.16 OR AY.16.1 OR AY.17 OR AY.18 OR AY.19 OR AY.20 OR AY.20.1 OR AY.21 OR AY.22 OR AY.23 OR AY.23.1 OR AY.23.2 OR AY.24 OR AY.24.1 OR AY.25 OR AY.25.1 OR AY.25.1.1 OR AY.25.1.2 OR AY.25.2 OR AY.25.3 OR AY.26 OR AY.26.1 OR AY.27 OR AY.28 OR AY.29 OR AY.29.1 OR AY.29.2 OR AY.30 OR AY.31 OR AY.32 OR AY.33 OR AY.33.1 OR AY.33.2 OR AY.34 OR AY.34.1 OR AY.34.1.1 OR AY.34.2 OR AY.35 OR AY.36 OR AY.36.1 OR AY.37 OR AY.38 OR AY.39 OR AY.39.1 OR AY.39.1.1 OR AY.39.1.2 OR AY.39.1.3 OR AY.39.1.4 OR AY.39.2 OR AY.39.3 OR AY.39.4 OR AY.40 OR AY.41 OR AY.42 OR AY.42.1 OR AY.43 OR AY.43.1 OR AY.43.2 OR AY.43.3 OR AY.43.4 OR AY.43.5 OR AY.43.6 OR AY.43.7 OR AY.43.8 OR AY.43.9 OR AY.44 OR AY.45 OR AY.46 OR AY.46.1 OR AY.46.2 OR AY.46.3 OR AY.46.4 OR AY.46.5 OR AY.46.6 OR AY.46.6.1 OR AY.47 OR AY.48 OR AY.49 OR AY.50 OR AY.51 OR AY.52 OR AY.53 OR AY.54 OR AY.55 OR AY.56 OR AY.57 OR AY.58 OR AY.59 OR AY.60 OR AY.61 OR AY.62 OR AY.63 OR AY.64 OR AY.65 OR AY.66 OR AY.67 OR AY.68 OR AY.69 OR AY.70 OR AY.71 OR AY.72 OR AY.73 OR AY.74 OR AY.75 OR AY.75.1 OR AY.75.2 OR AY.75.3 OR AY.76 OR AY.77 OR AY.78 OR AY.79 OR AY.80 OR AY.81 OR AY.82 OR AY.83 OR AY.84 OR AY.85 OR AY.86 OR AY.87 OR AY.88 OR AY.89 OR AY.90 OR AY.91 OR AY.91.1 OR AY.92 OR AY.93 OR AY.94 OR AY.95 OR AY.96 OR AY.97 OR AY.98 OR AY.98.1 OR AY.98.1.1 OR AY.99 OR AY.99.1 OR AY.99.2 OR AY.100 OR AY.101 OR AY.102 OR AY.102.1 OR AY.102.2 OR AY.103 OR AY.103.1 OR AY.103.2 OR AY.104 OR AY.105 OR AY.106 OR AY.107 OR AY.108 OR AY.109 OR AY.110 OR AY.111 OR AY.112 OR AY.112.1 OR AY.112.2 OR AY.112.3 OR AY.113 OR AY.114 OR AY.115 OR AY.116 OR AY.116.1 OR AY.117 OR AY.118 OR AY.119 OR AY.119.1 OR AY.119.2 OR AY.120 OR AY.120.1 OR AY.120.2 OR AY.120.2.1 OR AY.121 OR AY.121.1 OR AY.122 OR AY.122.1 OR AY.122.2 OR AY.122.3 OR AY.122.4 OR AY.122.5 OR AY.122.6 OR AY.123 OR AY.123.1 OR AY.124 OR AY.124.1 OR AY.124.1.1 OR AY.125 OR AY.125.1 OR AY.126 OR AY.127 OR AY.127.1 OR AY.127.2 OR AY.127.3 OR AY.128 OR AY.129 OR AY.130 OR AY.131 OR AY.132 OR AY.133 OR AY.134 OR B.1.617.2,Delta,131.5,0.142857142857143,0.00108636610537751
2022-03-21,127,0,107.571428571429,0,0,4.53609362576091e-06,0.0229376894287247,AY.1 OR AY.2 OR AY.3 OR AY.3.1 OR AY.3.2 OR AY.3.3 OR AY.3.4 OR AY.4 OR AY.4.1 OR AY.4.2 OR AY.4.2.1 OR AY.4.2.2 OR AY.4.2.3 OR AY.4.2.4 OR AY.4.2.5 OR AY.4.3 OR AY.4.4 OR AY.4.5 OR AY.4.6 OR AY.4.7 OR AY.4.8 OR AY.4.9 OR AY.4.10 OR AY.4.11 OR AY.4.12 OR AY.4.13 OR AY.4.14 OR AY.4.15 OR AY.4.16 OR AY.4.17 OR AY.5 OR AY.5.1 OR AY.5.2 OR AY.5.3 OR AY.5.4 OR AY.5.5 OR AY.5.6 OR AY.5.7 OR AY.6 OR AY.7 OR AY.7.1 OR AY.7.2 OR AY.8 OR AY.9 OR AY.9.1 OR AY.9.2 OR AY.9.2.1 OR AY.9.2.2 OR AY.10 OR AY.11 OR AY.12 OR AY.13 OR AY.14 OR AY.15 OR AY.16 OR AY.16.1 OR AY.17 OR AY.18 OR AY.19 OR AY.20 OR AY.20.1 OR AY.21 OR AY.22 OR AY.23 OR AY.23.1 OR AY.23.2 OR AY.24 OR AY.24.1 OR AY.25 OR AY.25.1 OR AY.25.1.1 OR AY.25.1.2 OR AY.25.2 OR AY.25.3 OR AY.26 OR AY.26.1 OR AY.27 OR AY.28 OR AY.29 OR AY.29.1 OR AY.29.2 OR AY.30 OR AY.31 OR AY.32 OR AY.33 OR AY.33.1 OR AY.33.2 OR AY.34 OR AY.34.1 OR AY.34.1.1 OR AY.34.2 OR AY.35 OR AY.36 OR AY.36.1 OR AY.37 OR AY.38 OR AY.39 OR AY.39.1 OR AY.39.1.1 OR AY.39.1.2 OR AY.39.1.3 OR AY.39.1.4 OR AY.39.2 OR AY.39.3 OR AY.39.4 OR AY.40 OR AY.41 OR AY.42 OR AY.42.1 OR AY.43 OR AY.43.1 OR AY.43.2 OR AY.43.3 OR AY.43.4 OR AY.43.5 OR AY.43.6 OR AY.43.7 OR AY.43.8 OR AY.43.9 OR AY.44 OR AY.45 OR AY.46 OR AY.46.1 OR AY.46.2 OR AY.46.3 OR AY.46.4 OR AY.46.5 OR AY.46.6 OR AY.46.6.1 OR AY.47 OR AY.48 OR AY.49 OR AY.50 OR AY.51 OR AY.52 OR AY.53 OR AY.54 OR AY.55 OR AY.56 OR AY.57 OR AY.58 OR AY.59 OR AY.60 OR AY.61 OR AY.62 OR AY.63 OR AY.64 OR AY.65 OR AY.66 OR AY.67 OR AY.68 OR AY.69 OR AY.70 OR AY.71 OR AY.72 OR AY.73 OR AY.74 OR AY.75 OR AY.75.1 OR AY.75.2 OR AY.75.3 OR AY.76 OR AY.77 OR AY.78 OR AY.79 OR AY.80 OR AY.81 OR AY.82 OR AY.83 OR AY.84 OR AY.85 OR AY.86 OR AY.87 OR AY.88 OR AY.89 OR AY.90 OR AY.91 OR AY.91.1 OR AY.92 OR AY.93 OR AY.94 OR AY.95 OR AY.96 OR AY.97 OR AY.98 OR AY.98.1 OR AY.98.1.1 OR AY.99 OR AY.99.1 OR AY.99.2 OR AY.100 OR AY.101 OR AY.102 OR AY.102.1 OR AY.102.2 OR AY.103 OR AY.103.1 OR AY.103.2 OR AY.104 OR AY.105 OR AY.106 OR AY.107 OR AY.108 OR AY.109 OR AY.110 OR AY.111 OR AY.112 OR AY.112.1 OR AY.112.2 OR AY.112.3 OR AY.113 OR AY.114 OR AY.115 OR AY.116 OR AY.116.1 OR AY.117 OR AY.118 OR AY.119 OR AY.119.1 OR AY.119.2 OR AY.120 OR AY.120.1 OR AY.120.2 OR AY.120.2.1 OR AY.121 OR AY.121.1 OR AY.122 OR AY.122.1 OR AY.122.2 OR AY.122.3 OR AY.122.4 OR AY.122.5 OR AY.122.6 OR AY.123 OR AY.123.1 OR AY.124 OR AY.124.1 OR AY.124.1.1 OR AY.125 OR AY.125.1 OR AY.126 OR AY.127 OR AY.127.1 OR AY.127.2 OR AY.127.3 OR AY.128 OR AY.129 OR AY.130 OR AY.131 OR AY.132 OR AY.133 OR AY.134 OR B.1.617.2,Delta,115,0,0
2022-03-22,71,0,84.1428571428572,0,0,5.82826071412354e-06,0.0293749147247891,AY.1 OR AY.2 OR AY.3 OR AY.3.1 OR AY.3.2 OR AY.3.3 OR AY.3.4 OR AY.4 OR AY.4.1 OR AY.4.2 OR AY.4.2.1 OR AY.4.2.2 OR AY.4.2.3 OR AY.4.2.4 OR AY.4.2.5 OR AY.4.3 OR AY.4.4 OR AY.4.5 OR AY.4.6 OR AY.4.7 OR AY.4.8 OR AY.4.9 OR AY.4.10 OR AY.4.11 OR AY.4.12 OR AY.4.13 OR AY.4.14 OR AY.4.15 OR AY.4.16 OR AY.4.17 OR AY.5 OR AY.5.1 OR AY.5.2 OR AY.5.3 OR AY.5.4 OR AY.5.5 OR AY.5.6 OR AY.5.7 OR AY.6 OR AY.7 OR AY.7.1 OR AY.7.2 OR AY.8 OR AY.9 OR AY.9.1 OR AY.9.2 OR AY.9.2.1 OR AY.9.2.2 OR AY.10 OR AY.11 OR AY.12 OR AY.13 OR AY.14 OR AY.15 OR AY.16 OR AY.16.1 OR AY.17 OR AY.18 OR AY.19 OR AY.20 OR AY.20.1 OR AY.21 OR AY.22 OR AY.23 OR AY.23.1 OR AY.23.2 OR AY.24 OR AY.24.1 OR AY.25 OR AY.25.1 OR AY.25.1.1 OR AY.25.1.2 OR AY.25.2 OR AY.25.3 OR AY.26 OR AY.26.1 OR AY.27 OR AY.28 OR AY.29 OR AY.29.1 OR AY.29.2 OR AY.30 OR AY.31 OR AY.32 OR AY.33 OR AY.33.1 OR AY.33.2 OR AY.34 OR AY.34.1 OR AY.34.1.1 OR AY.34.2 OR AY.35 OR AY.36 OR AY.36.1 OR AY.37 OR AY.38 OR AY.39 OR AY.39.1 OR AY.39.1.1 OR AY.39.1.2 OR AY.39.1.3 OR AY.39.1.4 OR AY.39.2 OR AY.39.3 OR AY.39.4 OR AY.40 OR AY.41 OR AY.42 OR AY.42.1 OR AY.43 OR AY.43.1 OR AY.43.2 OR AY.43.3 OR AY.43.4 OR AY.43.5 OR AY.43.6 OR AY.43.7 OR AY.43.8 OR AY.43.9 OR AY.44 OR AY.45 OR AY.46 OR AY.46.1 OR AY.46.2 OR AY.46.3 OR AY.46.4 OR AY.46.5 OR AY.46.6 OR AY.46.6.1 OR AY.47 OR AY.48 OR AY.49 OR AY.50 OR AY.51 OR AY.52 OR AY.53 OR AY.54 OR AY.55 OR AY.56 OR AY.57 OR AY.58 OR AY.59 OR AY.60 OR AY.61 OR AY.62 OR AY.63 OR AY.64 OR AY.65 OR AY.66 OR AY.67 OR AY.68 OR AY.69 OR AY.70 OR AY.71 OR AY.72 OR AY.73 OR AY.74 OR AY.75 OR AY.75.1 OR AY.75.2 OR AY.75.3 OR AY.76 OR AY.77 OR AY.78 OR AY.79 OR AY.80 OR AY.81 OR AY.82 OR AY.83 OR AY.84 OR AY.85 OR AY.86 OR AY.87 OR AY.88 OR AY.89 OR AY.90 OR AY.91 OR AY.91.1 OR AY.92 OR AY.93 OR AY.94 OR AY.95 OR AY.96 OR AY.97 OR AY.98 OR AY.98.1 OR AY.98.1.1 OR AY.99 OR AY.99.1 OR AY.99.2 OR AY.100 OR AY.101 OR AY.102 OR AY.102.1 OR AY.102.2 OR AY.103 OR AY.103.1 OR AY.103.2 OR AY.104 OR AY.105 OR AY.106 OR AY.107 OR AY.108 OR AY.109 OR AY.110 OR AY.111 OR AY.112 OR AY.112.1 OR AY.112.2 OR AY.112.3 OR AY.113 OR AY.114 OR AY.115 OR AY.116 OR AY.116.1 OR AY.117 OR AY.118 OR AY.119 OR AY.119.1 OR AY.119.2 OR AY.120 OR AY.120.1 OR AY.120.2 OR AY.120.2.1 OR AY.121 OR AY.121.1 OR AY.122 OR AY.122.1 OR AY.122.2 OR AY.122.3 OR AY.122.4 OR AY.122.5 OR AY.122.6 OR AY.123 OR AY.123.1 OR AY.124 OR AY.124.1 OR AY.124.1.1 OR AY.125 OR AY.125.1 OR AY.126 OR AY.127 OR AY.127.1 OR AY.127.2 OR AY.127.3 OR AY.128 OR AY.129 OR AY.130 OR AY.131 OR AY.132 OR AY.133 OR AY.134 OR B.1.617.2,Delta,109.714285714286,0,0
2022-03-23,99,0,88.7142857142857,0,0,5.50175104573027e-06,0.0277523522582762,AY.1 OR AY.2 OR AY.3 OR AY.3.1 OR AY.3.2 OR AY.3.3 OR AY.3.4 OR AY.4 OR AY.4.1 OR AY.4.2 OR AY.4.2.1 OR AY.4.2.2 OR AY.4.2.3 OR AY.4.2.4 OR AY.4.2.5 OR AY.4.3 OR AY.4.4 OR AY.4.5 OR AY.4.6 OR AY.4.7 OR AY.4.8 OR AY.4.9 OR AY.4.10 OR AY.4.11 OR AY.4.12 OR AY.4.13 OR AY.4.14 OR AY.4.15 OR AY.4.16 OR AY.4.17 OR AY.5 OR AY.5.1 OR AY.5.2 OR AY.5.3 OR AY.5.4 OR AY.5.5 OR AY.5.6 OR AY.5.7 OR AY.6 OR AY.7 OR AY.7.1 OR AY.7.2 OR AY.8 OR AY.9 OR AY.9.1 OR AY.9.2 OR AY.9.2.1 OR AY.9.2.2 OR AY.10 OR AY.11 OR AY.12 OR AY.13 OR AY.14 OR AY.15 OR AY.16 OR AY.16.1 OR AY.17 OR AY.18 OR AY.19 OR AY.20 OR AY.20.1 OR AY.21 OR AY.22 OR AY.23 OR AY.23.1 OR AY.23.2 OR AY.24 OR AY.24.1 OR AY.25 OR AY.25.1 OR AY.25.1.1 OR AY.25.1.2 OR AY.25.2 OR AY.25.3 OR AY.26 OR AY.26.1 OR AY.27 OR AY.28 OR AY.29 OR AY.29.1 OR AY.29.2 OR AY.30 OR AY.31 OR AY.32 OR AY.33 OR AY.33.1 OR AY.33.2 OR AY.34 OR AY.34.1 OR AY.34.1.1 OR AY.34.2 OR AY.35 OR AY.36 OR AY.36.1 OR AY.37 OR AY.38 OR AY.39 OR AY.39.1 OR AY.39.1.1 OR AY.39.1.2 OR AY.39.1.3 OR AY.39.1.4 OR AY.39.2 OR AY.39.3 OR AY.39.4 OR AY.40 OR AY.41 OR AY.42 OR AY.42.1 OR AY.43 OR AY.43.1 OR AY.43.2 OR AY.43.3 OR AY.43.4 OR AY.43.5 OR AY.43.6 OR AY.43.7 OR AY.43.8 OR AY.43.9 OR AY.44 OR AY.45 OR AY.46 OR AY.46.1 OR AY.46.2 OR AY.46.3 OR AY.46.4 OR AY.46.5 OR AY.46.6 OR AY.46.6.1 OR AY.47 OR AY.48 OR AY.49 OR AY.50 OR AY.51 OR AY.52 OR AY.53 OR AY.54 OR AY.55 OR AY.56 OR AY.57 OR AY.58 OR AY.59 OR AY.60 OR AY.61 OR AY.62 OR AY.63 OR AY.64 OR AY.65 OR AY.66 OR AY.67 OR AY.68 OR AY.69 OR AY.70 OR AY.71 OR AY.72 OR AY.73 OR AY.74 OR AY.75 OR AY.75.1 OR AY.75.2 OR AY.75.3 OR AY.76 OR AY.77 OR AY.78 OR AY.79 OR AY.80 OR AY.81 OR AY.82 OR AY.83 OR AY.84 OR AY.85 OR AY.86 OR AY.87 OR AY.88 OR AY.89 OR AY.90 OR AY.91 OR AY.91.1 OR AY.92 OR AY.93 OR AY.94 OR AY.95 OR AY.96 OR AY.97 OR AY.98 OR AY.98.1 OR AY.98.1.1 OR AY.99 OR AY.99.1 OR AY.99.2 OR AY.100 OR AY.101 OR AY.102 OR AY.102.1 OR AY.102.2 OR AY.103 OR AY.103.1 OR AY.103.2 OR AY.104 OR AY.105 OR AY.106 OR AY.107 OR AY.108 OR AY.109 OR AY.110 OR AY.111 OR AY.112 OR AY.112.1 OR AY.112.2 OR AY.112.3 OR AY.113 OR AY.114 OR AY.115 OR AY.116 OR AY.116.1 OR AY.117 OR AY.118 OR AY.119 OR AY.119.1 OR AY.119.2 OR AY.120 OR AY.120.1 OR AY.120.2 OR AY.120.2.1 OR AY.121 OR AY.121.1 OR AY.122 OR AY.122.1 OR AY.122.2 OR AY.122.3 OR AY.122.4 OR AY.122.5 OR AY.122.6 OR AY.123 OR AY.123.1 OR AY.124 OR AY.124.1 OR AY.124.1.1 OR AY.125 OR AY.125.1 OR AY.126 OR AY.127 OR AY.127.1 OR AY.127.2 OR AY.127.3 OR AY.128 OR AY.129 OR AY.130 OR AY.131 OR AY.132 OR AY.133 OR AY.134 OR B.1.617.2,Delta,111.285714285714,0,0
2022-03-24,89,0,85.1428571428571,0,0,5.75989480802187e-06,0.0290354006417662,AY.1 OR AY.2 OR AY.3 OR AY.3.1 OR AY.3.2 OR AY.3.3 OR AY.3.4 OR AY.4 OR AY.4.1 OR AY.4.2 OR AY.4.2.1 OR AY.4.2.2 OR AY.4.2.3 OR AY.4.2.4 OR AY.4.2.5 OR AY.4.3 OR AY.4.4 OR AY.4.5 OR AY.4.6 OR AY.4.7 OR AY.4.8 OR AY.4.9 OR AY.4.10 OR AY.4.11 OR AY.4.12 OR AY.4.13 OR AY.4.14 OR AY.4.15 OR AY.4.16 OR AY.4.17 OR AY.5 OR AY.5.1 OR AY.5.2 OR AY.5.3 OR AY.5.4 OR AY.5.5 OR AY.5.6 OR AY.5.7 OR AY.6 OR AY.7 OR AY.7.1 OR AY.7.2 OR AY.8 OR AY.9 OR AY.9.1 OR AY.9.2 OR AY.9.2.1 OR AY.9.2.2 OR AY.10 OR AY.11 OR AY.12 OR AY.13 OR AY.14 OR AY.15 OR AY.16 OR AY.16.1 OR AY.17 OR AY.18 OR AY.19 OR AY.20 OR AY.20.1 OR AY.21 OR AY.22 OR AY.23 OR AY.23.1 OR AY.23.2 OR AY.24 OR AY.24.1 OR AY.25 OR AY.25.1 OR AY.25.1.1 OR AY.25.1.2 OR AY.25.2 OR AY.25.3 OR AY.26 OR AY.26.1 OR AY.27 OR AY.28 OR AY.29 OR AY.29.1 OR AY.29.2 OR AY.30 OR AY.31 OR AY.32 OR AY.33 OR AY.33.1 OR AY.33.2 OR AY.34 OR AY.34.1 OR AY.34.1.1 OR AY.34.2 OR AY.35 OR AY.36 OR AY.36.1 OR AY.37 OR AY.38 OR AY.39 OR AY.39.1 OR AY.39.1.1 OR AY.39.1.2 OR AY.39.1.3 OR AY.39.1.4 OR AY.39.2 OR AY.39.3 OR AY.39.4 OR AY.40 OR AY.41 OR AY.42 OR AY.42.1 OR AY.43 OR AY.43.1 OR AY.43.2 OR AY.43.3 OR AY.43.4 OR AY.43.5 OR AY.43.6 OR AY.43.7 OR AY.43.8 OR AY.43.9 OR AY.44 OR AY.45 OR AY.46 OR AY.46.1 OR AY.46.2 OR AY.46.3 OR AY.46.4 OR AY.46.5 OR AY.46.6 OR AY.46.6.1 OR AY.47 OR AY.48 OR AY.49 OR AY.50 OR AY.51 OR AY.52 OR AY.53 OR AY.54 OR AY.55 OR AY.56 OR AY.57 OR AY.58 OR AY.59 OR AY.60 OR AY.61 OR AY.62 OR AY.63 OR AY.64 OR AY.65 OR AY.66 OR AY.67 OR AY.68 OR AY.69 OR AY.70 OR AY.71 OR AY.72 OR AY.73 OR AY.74 OR AY.75 OR AY.75.1 OR AY.75.2 OR AY.75.3 OR AY.76 OR AY.77 OR AY.78 OR AY.79 OR AY.80 OR AY.81 OR AY.82 OR AY.83 OR AY.84 OR AY.85 OR AY.86 OR AY.87 OR AY.88 OR AY.89 OR AY.90 OR AY.91 OR AY.91.1 OR AY.92 OR AY.93 OR AY.94 OR AY.95 OR AY.96 OR AY.97 OR AY.98 OR AY.98.1 OR AY.98.1.1 OR AY.99 OR AY.99.1 OR AY.99.2 OR AY.100 OR AY.101 OR AY.102 OR AY.102.1 OR AY.102.2 OR AY.103 OR AY.103.1 OR AY.103.2 OR AY.104 OR AY.105 OR AY.106 OR AY.107 OR AY.108 OR AY.109 OR AY.110 OR AY.111 OR AY.112 OR AY.112.1 OR AY.112.2 OR AY.112.3 OR AY.113 OR AY.114 OR AY.115 OR AY.116 OR AY.116.1 OR AY.117 OR AY.118 OR AY.119 OR AY.119.1 OR AY.119.2 OR AY.120 OR AY.120.1 OR AY.120.2 OR AY.120.2.1 OR AY.121 OR AY.121.1 OR AY.122 OR AY.122.1 OR AY.122.2 OR AY.122.3 OR AY.122.4 OR AY.122.5 OR AY.122.6 OR AY.123 OR AY.123.1 OR AY.124 OR AY.124.1 OR AY.124.1.1 OR AY.125 OR AY.125.1 OR AY.126 OR AY.127 OR AY.127.1 OR AY.127.2 OR AY.127.3 OR AY.128 OR AY.129 OR AY.130 OR AY.131 OR AY.132 OR AY.133 OR AY.134 OR B.1.617.2,Delta,112.214285714286,0,0
2022-03-25,99,0,84,0,0,5.82826071412354e-06,0.0293749147247891,AY.1 OR AY.2 OR AY.3 OR AY.3.1 OR AY.3.2 OR AY.3.3 OR AY.3.4 OR AY.4 OR AY.4.1 OR AY.4.2 OR AY.4.2.1 OR AY.4.2.2 OR AY.4.2.3 OR AY.4.2.4 OR AY.4.2.5 OR AY.4.3 OR AY.4.4 OR AY.4.5 OR AY.4.6 OR AY.4.7 OR AY.4.8 OR AY.4.9 OR AY.4.10 OR AY.4.11 OR AY.4.12 OR AY.4.13 OR AY.4.14 OR AY.4.15 OR AY.4.16 OR AY.4.17 OR AY.5 OR AY.5.1 OR AY.5.2 OR AY.5.3 OR AY.5.4 OR AY.5.5 OR AY.5.6 OR AY.5.7 OR AY.6 OR AY.7 OR AY.7.1 OR AY.7.2 OR AY.8 OR AY.9 OR AY.9.1 OR AY.9.2 OR AY.9.2.1 OR AY.9.2.2 OR AY.10 OR AY.11 OR AY.12 OR AY.13 OR AY.14 OR AY.15 OR AY.16 OR AY.16.1 OR AY.17 OR AY.18 OR AY.19 OR AY.20 OR AY.20.1 OR AY.21 OR AY.22 OR AY.23 OR AY.23.1 OR AY.23.2 OR AY.24 OR AY.24.1 OR AY.25 OR AY.25.1 OR AY.25.1.1 OR AY.25.1.2 OR AY.25.2 OR AY.25.3 OR AY.26 OR AY.26.1 OR AY.27 OR AY.28 OR AY.29 OR AY.29.1 OR AY.29.2 OR AY.30 OR AY.31 OR AY.32 OR AY.33 OR AY.33.1 OR AY.33.2 OR AY.34 OR AY.34.1 OR AY.34.1.1 OR AY.34.2 OR AY.35 OR AY.36 OR AY.36.1 OR AY.37 OR AY.38 OR AY.39 OR AY.39.1 OR AY.39.1.1 OR AY.39.1.2 OR AY.39.1.3 OR AY.39.1.4 OR AY.39.2 OR AY.39.3 OR AY.39.4 OR AY.40 OR AY.41 OR AY.42 OR AY.42.1 OR AY.43 OR AY.43.1 OR AY.43.2 OR AY.43.3 OR AY.43.4 OR AY.43.5 OR AY.43.6 OR AY.43.7 OR AY.43.8 OR AY.43.9 OR AY.44 OR AY.45 OR AY.46 OR AY.46.1 OR AY.46.2 OR AY.46.3 OR AY.46.4 OR AY.46.5 OR AY.46.6 OR AY.46.6.1 OR AY.47 OR AY.48 OR AY.49 OR AY.50 OR AY.51 OR AY.52 OR AY.53 OR AY.54 OR AY.55 OR AY.56 OR AY.57 OR AY.58 OR AY.59 OR AY.60 OR AY.61 OR AY.62 OR AY.63 OR AY.64 OR AY.65 OR AY.66 OR AY.67 OR AY.68 OR AY.69 OR AY.70 OR AY.71 OR AY.72 OR AY.73 OR AY.74 OR AY.75 OR AY.75.1 OR AY.75.2 OR AY.75.3 OR AY.76 OR AY.77 OR AY.78 OR AY.79 OR AY.80 OR AY.81 OR AY.82 OR AY.83 OR AY.84 OR AY.85 OR AY.86 OR AY.87 OR AY.88 OR AY.89 OR AY.90 OR AY.91 OR AY.91.1 OR AY.92 OR AY.93 OR AY.94 OR AY.95 OR AY.96 OR AY.97 OR AY.98 OR AY.98.1 OR AY.98.1.1 OR AY.99 OR AY.99.1 OR AY.99.2 OR AY.100 OR AY.101 OR AY.102 OR AY.102.1 OR AY.102.2 OR AY.103 OR AY.103.1 OR AY.103.2 OR AY.104 OR AY.105 OR AY.106 OR AY.107 OR AY.108 OR AY.109 OR AY.110 OR AY.111 OR AY.112 OR AY.112.1 OR AY.112.2 OR AY.112.3 OR AY.113 OR AY.114 OR AY.115 OR AY.116 OR AY.116.1 OR AY.117 OR AY.118 OR AY.119 OR AY.119.1 OR AY.119.2 OR AY.120 OR AY.120.1 OR AY.120.2 OR AY.120.2.1 OR AY.121 OR AY.121.1 OR AY.122 OR AY.122.1 OR AY.122.2 OR AY.122.3 OR AY.122.4 OR AY.122.5 OR AY.122.6 OR AY.123 OR AY.123.1 OR AY.124 OR AY.124.1 OR AY.124.1.1 OR AY.125 OR AY.125.1 OR AY.126 OR AY.127 OR AY.127.1 OR AY.127.2 OR AY.127.3 OR AY.128 OR AY.129 OR AY.130 OR AY.131 OR AY.132 OR AY.133 OR AY.134 OR B.1.617.2,Delta,103.857142857143,0,0
2022-03-26,39,0,80.4285714285714,0,0,6.1187622791363e-06,0.0308162584924402,AY.1 OR AY.2 OR AY.3 OR AY.3.1 OR AY.3.2 OR AY.3.3 OR AY.3.4 OR AY.4 OR AY.4.1 OR AY.4.2 OR AY.4.2.1 OR AY.4.2.2 OR AY.4.2.3 OR AY.4.2.4 OR AY.4.2.5 OR AY.4.3 OR AY.4.4 OR AY.4.5 OR AY.4.6 OR AY.4.7 OR AY.4.8 OR AY.4.9 OR AY.4.10 OR AY.4.11 OR AY.4.12 OR AY.4.13 OR AY.4.14 OR AY.4.15 OR AY.4.16 OR AY.4.17 OR AY.5 OR AY.5.1 OR AY.5.2 OR AY.5.3 OR AY.5.4 OR AY.5.5 OR AY.5.6 OR AY.5.7 OR AY.6 OR AY.7 OR AY.7.1 OR AY.7.2 OR AY.8 OR AY.9 OR AY.9.1 OR AY.9.2 OR AY.9.2.1 OR AY.9.2.2 OR AY.10 OR AY.11 OR AY.12 OR AY.13 OR AY.14 OR AY.15 OR AY.16 OR AY.16.1 OR AY.17 OR AY.18 OR AY.19 OR AY.20 OR AY.20.1 OR AY.21 OR AY.22 OR AY.23 OR AY.23.1 OR AY.23.2 OR AY.24 OR AY.24.1 OR AY.25 OR AY.25.1 OR AY.25.1.1 OR AY.25.1.2 OR AY.25.2 OR AY.25.3 OR AY.26 OR AY.26.1 OR AY.27 OR AY.28 OR AY.29 OR AY.29.1 OR AY.29.2 OR AY.30 OR AY.31 OR AY.32 OR AY.33 OR AY.33.1 OR AY.33.2 OR AY.34 OR AY.34.1 OR AY.34.1.1 OR AY.34.2 OR AY.35 OR AY.36 OR AY.36.1 OR AY.37 OR AY.38 OR AY.39 OR AY.39.1 OR AY.39.1.1 OR AY.39.1.2 OR AY.39.1.3 OR AY.39.1.4 OR AY.39.2 OR AY.39.3 OR AY.39.4 OR AY.40 OR AY.41 OR AY.42 OR AY.42.1 OR AY.43 OR AY.43.1 OR AY.43.2 OR AY.43.3 OR AY.43.4 OR AY.43.5 OR AY.43.6 OR AY.43.7 OR AY.43.8 OR AY.43.9 OR AY.44 OR AY.45 OR AY.46 OR AY.46.1 OR AY.46.2 OR AY.46.3 OR AY.46.4 OR AY.46.5 OR AY.46.6 OR AY.46.6.1 OR AY.47 OR AY.48 OR AY.49 OR AY.50 OR AY.51 OR AY.52 OR AY.53 OR AY.54 OR AY.55 OR AY.56 OR AY.57 OR AY.58 OR AY.59 OR AY.60 OR AY.61 OR AY.62 OR AY.63 OR AY.64 OR AY.65 OR AY.66 OR AY.67 OR AY.68 OR AY.69 OR AY.70 OR AY.71 OR AY.72 OR AY.73 OR AY.74 OR AY.75 OR AY.75.1 OR AY.75.2 OR AY.75.3 OR AY.76 OR AY.77 OR AY.78 OR AY.79 OR AY.80 OR AY.81 OR AY.82 OR AY.83 OR AY.84 OR AY.85 OR AY.86 OR AY.87 OR AY.88 OR AY.89 OR AY.90 OR AY.91 OR AY.91.1 OR AY.92 OR AY.93 OR AY.94 OR AY.95 OR AY.96 OR AY.97 OR AY.98 OR AY.98.1 OR AY.98.1.1 OR AY.99 OR AY.99.1 OR AY.99.2 OR AY.100 OR AY.101 OR AY.102 OR AY.102.1 OR AY.102.2 OR AY.103 OR AY.103.1 OR AY.103.2 OR AY.104 OR AY.105 OR AY.106 OR AY.107 OR AY.108 OR AY.109 OR AY.110 OR AY.111 OR AY.112 OR AY.112.1 OR AY.112.2 OR AY.112.3 OR AY.113 OR AY.114 OR AY.115 OR AY.116 OR AY.116.1 OR AY.117 OR AY.118 OR AY.119 OR AY.119.1 OR AY.119.2 OR AY.120 OR AY.120.1 OR AY.120.2 OR AY.120.2.1 OR AY.121 OR AY.121.1 OR AY.122 OR AY.122.1 OR AY.122.2 OR AY.122.3 OR AY.122.4 OR AY.122.5 OR AY.122.6 OR AY.123 OR AY.123.1 OR AY.124 OR AY.124.1 OR AY.124.1.1 OR AY.125 OR AY.125.1 OR AY.126 OR AY.127 OR AY.127.1 OR AY.127.2 OR AY.127.3 OR AY.128 OR AY.129 OR AY.130 OR AY.131 OR AY.132 OR AY.133 OR AY.134 OR B.1.617.2,Delta,101.357142857143,0,0
2022-03-27,23,0,78.1428571428571,0,0,6.27515030178844e-06,0.0315913009128417,AY.1 OR AY.2 OR AY.3 OR AY.3.1 OR AY.3.2 OR AY.3.3 OR AY.3.4 OR AY.4 OR AY.4.1 OR AY.4.2 OR AY.4.2.1 OR AY.4.2.2 OR AY.4.2.3 OR AY.4.2.4 OR AY.4.2.5 OR AY.4.3 OR AY.4.4 OR AY.4.5 OR AY.4.6 OR AY.4.7 OR AY.4.8 OR AY.4.9 OR AY.4.10 OR AY.4.11 OR AY.4.12 OR AY.4.13 OR AY.4.14 OR AY.4.15 OR AY.4.16 OR AY.4.17 OR AY.5 OR AY.5.1 OR AY.5.2 OR AY.5.3 OR AY.5.4 OR AY.5.5 OR AY.5.6 OR AY.5.7 OR AY.6 OR AY.7 OR AY.7.1 OR AY.7.2 OR AY.8 OR AY.9 OR AY.9.1 OR AY.9.2 OR AY.9.2.1 OR AY.9.2.2 OR AY.10 OR AY.11 OR AY.12 OR AY.13 OR AY.14 OR AY.15 OR AY.16 OR AY.16.1 OR AY.17 OR AY.18 OR AY.19 OR AY.20 OR AY.20.1 OR AY.21 OR AY.22 OR AY.23 OR AY.23.1 OR AY.23.2 OR AY.24 OR AY.24.1 OR AY.25 OR AY.25.1 OR AY.25.1.1 OR AY.25.1.2 OR AY.25.2 OR AY.25.3 OR AY.26 OR AY.26.1 OR AY.27 OR AY.28 OR AY.29 OR AY.29.1 OR AY.29.2 OR AY.30 OR AY.31 OR AY.32 OR AY.33 OR AY.33.1 OR AY.33.2 OR AY.34 OR AY.34.1 OR AY.34.1.1 OR AY.34.2 OR AY.35 OR AY.36 OR AY.36.1 OR AY.37 OR AY.38 OR AY.39 OR AY.39.1 OR AY.39.1.1 OR AY.39.1.2 OR AY.39.1.3 OR AY.39.1.4 OR AY.39.2 OR AY.39.3 OR AY.39.4 OR AY.40 OR AY.41 OR AY.42 OR AY.42.1 OR AY.43 OR AY.43.1 OR AY.43.2 OR AY.43.3 OR AY.43.4 OR AY.43.5 OR AY.43.6 OR AY.43.7 OR AY.43.8 OR AY.43.9 OR AY.44 OR AY.45 OR AY.46 OR AY.46.1 OR AY.46.2 OR AY.46.3 OR AY.46.4 OR AY.46.5 OR AY.46.6 OR AY.46.6.1 OR AY.47 OR AY.48 OR AY.49 OR AY.50 OR AY.51 OR AY.52 OR AY.53 OR AY.54 OR AY.55 OR AY.56 OR AY.57 OR AY.58 OR AY.59 OR AY.60 OR AY.61 OR AY.62 OR AY.63 OR AY.64 OR AY.65 OR AY.66 OR AY.67 OR AY.68 OR AY.69 OR AY.70 OR AY.71 OR AY.72 OR AY.73 OR AY.74 OR AY.75 OR AY.75.1 OR AY.75.2 OR AY.75.3 OR AY.76 OR AY.77 OR AY.78 OR AY.79 OR AY.80 OR AY.81 OR AY.82 OR AY.83 OR AY.84 OR AY.85 OR AY.86 OR AY.87 OR AY.88 OR AY.89 OR AY.90 OR AY.91 OR AY.91.1 OR AY.92 OR AY.93 OR AY.94 OR AY.95 OR AY.96 OR AY.97 OR AY.98 OR AY.98.1 OR AY.98.1.1 OR AY.99 OR AY.99.1 OR AY.99.2 OR AY.100 OR AY.101 OR AY.102 OR AY.102.1 OR AY.102.2 OR AY.103 OR AY.103.1 OR AY.103.2 OR AY.104 OR AY.105 OR AY.106 OR AY.107 OR AY.108 OR AY.109 OR AY.110 OR AY.111 OR AY.112 OR AY.112.1 OR AY.112.2 OR AY.112.3 OR AY.113 OR AY.114 OR AY.115 OR AY.116 OR AY.116.1 OR AY.117 OR AY.118 OR AY.119 OR AY.119.1 OR AY.119.2 OR AY.120 OR AY.120.1 OR AY.120.2 OR AY.120.2.1 OR AY.121 OR AY.121.1 OR AY.122 OR AY.122.1 OR AY.122.2 OR AY.122.3 OR AY.122.4 OR AY.122.5 OR AY.122.6 OR AY.123 OR AY.123.1 OR AY.124 OR AY.124.1 OR AY.124.1.1 OR AY.125 OR AY.125.1 OR AY.126 OR AY.127 OR AY.127.1 OR AY.127.2 OR AY.127.3 OR AY.128 OR AY.129 OR AY.130 OR AY.131 OR AY.132 OR AY.133 OR AY.134 OR B.1.617.2,Delta,99.5,0,0
2022-03-28,249,0,95.5714285714286,0,0,5.10162752373203e-06,0.0257602683918616,AY.1 OR AY.2 OR AY.3 OR AY.3.1 OR AY.3.2 OR AY.3.3 OR AY.3.4 OR AY.4 OR AY.4.1 OR AY.4.2 OR AY.4.2.1 OR AY.4.2.2 OR AY.4.2.3 OR AY.4.2.4 OR AY.4.2.5 OR AY.4.3 OR AY.4.4 OR AY.4.5 OR AY.4.6 OR AY.4.7 OR AY.4.8 OR AY.4.9 OR AY.4.10 OR AY.4.11 OR AY.4.12 OR AY.4.13 OR AY.4.14 OR AY.4.15 OR AY.4.16 OR AY.4.17 OR AY.5 OR AY.5.1 OR AY.5.2 OR AY.5.3 OR AY.5.4 OR AY.5.5 OR AY.5.6 OR AY.5.7 OR AY.6 OR AY.7 OR AY.7.1 OR AY.7.2 OR AY.8 OR AY.9 OR AY.9.1 OR AY.9.2 OR AY.9.2.1 OR AY.9.2.2 OR AY.10 OR AY.11 OR AY.12 OR AY.13 OR AY.14 OR AY.15 OR AY.16 OR AY.16.1 OR AY.17 OR AY.18 OR AY.19 OR AY.20 OR AY.20.1 OR AY.21 OR AY.22 OR AY.23 OR AY.23.1 OR AY.23.2 OR AY.24 OR AY.24.1 OR AY.25 OR AY.25.1 OR AY.25.1.1 OR AY.25.1.2 OR AY.25.2 OR AY.25.3 OR AY.26 OR AY.26.1 OR AY.27 OR AY.28 OR AY.29 OR AY.29.1 OR AY.29.2 OR AY.30 OR AY.31 OR AY.32 OR AY.33 OR AY.33.1 OR AY.33.2 OR AY.34 OR AY.34.1 OR AY.34.1.1 OR AY.34.2 OR AY.35 OR AY.36 OR AY.36.1 OR AY.37 OR AY.38 OR AY.39 OR AY.39.1 OR AY.39.1.1 OR AY.39.1.2 OR AY.39.1.3 OR AY.39.1.4 OR AY.39.2 OR AY.39.3 OR AY.39.4 OR AY.40 OR AY.41 OR AY.42 OR AY.42.1 OR AY.43 OR AY.43.1 OR AY.43.2 OR AY.43.3 OR AY.43.4 OR AY.43.5 OR AY.43.6 OR AY.43.7 OR AY.43.8 OR AY.43.9 OR AY.44 OR AY.45 OR AY.46 OR AY.46.1 OR AY.46.2 OR AY.46.3 OR AY.46.4 OR AY.46.5 OR AY.46.6 OR AY.46.6.1 OR AY.47 OR AY.48 OR AY.49 OR AY.50 OR AY.51 OR AY.52 OR AY.53 OR AY.54 OR AY.55 OR AY.56 OR AY.57 OR AY.58 OR AY.59 OR AY.60 OR AY.61 OR AY.62 OR AY.63 OR AY.64 OR AY.65 OR AY.66 OR AY.67 OR AY.68 OR AY.69 OR AY.70 OR AY.71 OR AY.72 OR AY.73 OR AY.74 OR AY.75 OR AY.75.1 OR AY.75.2 OR AY.75.3 OR AY.76 OR AY.77 OR AY.78 OR AY.79 OR AY.80 OR AY.81 OR AY.82 OR AY.83 OR AY.84 OR AY.85 OR AY.86 OR AY.87 OR AY.88 OR AY.89 OR AY.90 OR AY.91 OR AY.91.1 OR AY.92 OR AY.93 OR AY.94 OR AY.95 OR AY.96 OR AY.97 OR AY.98 OR AY.98.1 OR AY.98.1.1 OR AY.99 OR AY.99.1 OR AY.99.2 OR AY.100 OR AY.101 OR AY.102 OR AY.102.1 OR AY.102.2 OR AY.103 OR AY.103.1 OR AY.103.2 OR AY.104 OR AY.105 OR AY.106 OR AY.107 OR AY.108 OR AY.109 OR AY.110 OR AY.111 OR AY.112 OR AY.112.1 OR AY.112.2 OR AY.112.3 OR AY.113 OR AY.114 OR AY.115 OR AY.116 OR AY.116.1 OR AY.117 OR AY.118 OR AY.119 OR AY.119.1 OR AY.119.2 OR AY.120 OR AY.120.1 OR AY.120.2 OR AY.120.2.1 OR AY.121 OR AY.121.1 OR AY.122 OR AY.122.1 OR AY.122.2 OR AY.122.3 OR AY.122.4 OR AY.122.5 OR AY.122.6 OR AY.123 OR AY.123.1 OR AY.124 OR AY.124.1 OR AY.124.1.1 OR AY.125 OR AY.125.1 OR AY.126 OR AY.127 OR AY.127.1 OR AY.127.2 OR AY.127.3 OR AY.128 OR AY.129 OR AY.130 OR AY.131 OR AY.132 OR AY.133 OR AY.134 OR B.1.617.2,Delta,101.571428571429,0,0
2022-03-29,128,0,103.714285714286,0,0,4.71013899098436e-06,0.023807220500457,AY.1 OR AY.2 OR AY.3 OR AY.3.1 OR AY.3.2 OR AY.3.3 OR AY.3.4 OR AY.4 OR AY.4.1 OR AY.4.2 OR AY.4.2.1 OR AY.4.2.2 OR AY.4.2.3 OR AY.4.2.4 OR AY.4.2.5 OR AY.4.3 OR AY.4.4 OR AY.4.5 OR AY.4.6 OR AY.4.7 OR AY.4.8 OR AY.4.9 OR AY.4.10 OR AY.4.11 OR AY.4.12 OR AY.4.13 OR AY.4.14 OR AY.4.15 OR AY.4.16 OR AY.4.17 OR AY.5 OR AY.5.1 OR AY.5.2 OR AY.5.3 OR AY.5.4 OR AY.5.5 OR AY.5.6 OR AY.5.7 OR AY.6 OR AY.7 OR AY.7.1 OR AY.7.2 OR AY.8 OR AY.9 OR AY.9.1 OR AY.9.2 OR AY.9.2.1 OR AY.9.2.2 OR AY.10 OR AY.11 OR AY.12 OR AY.13 OR AY.14 OR AY.15 OR AY.16 OR AY.16.1 OR AY.17 OR AY.18 OR AY.19 OR AY.20 OR AY.20.1 OR AY.21 OR AY.22 OR AY.23 OR AY.23.1 OR AY.23.2 OR AY.24 OR AY.24.1 OR AY.25 OR AY.25.1 OR AY.25.1.1 OR AY.25.1.2 OR AY.25.2 OR AY.25.3 OR AY.26 OR AY.26.1 OR AY.27 OR AY.28 OR AY.29 OR AY.29.1 OR AY.29.2 OR AY.30 OR AY.31 OR AY.32 OR AY.33 OR AY.33.1 OR AY.33.2 OR AY.34 OR AY.34.1 OR AY.34.1.1 OR AY.34.2 OR AY.35 OR AY.36 OR AY.36.1 OR AY.37 OR AY.38 OR AY.39 OR AY.39.1 OR AY.39.1.1 OR AY.39.1.2 OR AY.39.1.3 OR AY.39.1.4 OR AY.39.2 OR AY.39.3 OR AY.39.4 OR AY.40 OR AY.41 OR AY.42 OR AY.42.1 OR AY.43 OR AY.43.1 OR AY.43.2 OR AY.43.3 OR AY.43.4 OR AY.43.5 OR AY.43.6 OR AY.43.7 OR AY.43.8 OR AY.43.9 OR AY.44 OR AY.45 OR AY.46 OR AY.46.1 OR AY.46.2 OR AY.46.3 OR AY.46.4 OR AY.46.5 OR AY.46.6 OR AY.46.6.1 OR AY.47 OR AY.48 OR AY.49 OR AY.50 OR AY.51 OR AY.52 OR AY.53 OR AY.54 OR AY.55 OR AY.56 OR AY.57 OR AY.58 OR AY.59 OR AY.60 OR AY.61 OR AY.62 OR AY.63 OR AY.64 OR AY.65 OR AY.66 OR AY.67 OR AY.68 OR AY.69 OR AY.70 OR AY.71 OR AY.72 OR AY.73 OR AY.74 OR AY.75 OR AY.75.1 OR AY.75.2 OR AY.75.3 OR AY.76 OR AY.77 OR AY.78 OR AY.79 OR AY.80 OR AY.81 OR AY.82 OR AY.83 OR AY.84 OR AY.85 OR AY.86 OR AY.87 OR AY.88 OR AY.89 OR AY.90 OR AY.91 OR AY.91.1 OR AY.92 OR AY.93 OR AY.94 OR AY.95 OR AY.96 OR AY.97 OR AY.98 OR AY.98.1 OR AY.98.1.1 OR AY.99 OR AY.99.1 OR AY.99.2 OR AY.100 OR AY.101 OR AY.102 OR AY.102.1 OR AY.102.2 OR AY.103 OR AY.103.1 OR AY.103.2 OR AY.104 OR AY.105 OR AY.106 OR AY.107 OR AY.108 OR AY.109 OR AY.110 OR AY.111 OR AY.112 OR AY.112.1 OR AY.112.2 OR AY.112.3 OR AY.113 OR AY.114 OR AY.115 OR AY.116 OR AY.116.1 OR AY.117 OR AY.118 OR AY.119 OR AY.119.1 OR AY.119.2 OR AY.120 OR AY.120.1 OR AY.120.2 OR AY.120.2.1 OR AY.121 OR AY.121.1 OR AY.122 OR AY.122.1 OR AY.122.2 OR AY.122.3 OR AY.122.4 OR AY.122.5 OR AY.122.6 OR AY.123 OR AY.123.1 OR AY.124 OR AY.124.1 OR AY.124.1.1 OR AY.125 OR AY.125.1 OR AY.126 OR AY.127 OR AY.127.1 OR AY.127.2 OR AY.127.3 OR AY.128 OR AY.129 OR AY.130 OR AY.131 OR AY.132 OR AY.133 OR AY.134 OR B.1.617.2,Delta,93.9285714285714,0,0
2022-03-30,62,0,98.4285714285714,0,0,4.99777853866861e-06,0.0252425707593752,AY.1 OR AY.2 OR AY.3 OR AY.3.1 OR AY.3.2 OR AY.3.3 OR AY.3.4 OR AY.4 OR AY.4.1 OR AY.4.2 OR AY.4.2.1 OR AY.4.2.2 OR AY.4.2.3 OR AY.4.2.4 OR AY.4.2.5 OR AY.4.3 OR AY.4.4 OR AY.4.5 OR AY.4.6 OR AY.4.7 OR AY.4.8 OR AY.4.9 OR AY.4.10 OR AY.4.11 OR AY.4.12 OR AY.4.13 OR AY.4.14 OR AY.4.15 OR AY.4.16 OR AY.4.17 OR AY.5 OR AY.5.1 OR AY.5.2 OR AY.5.3 OR AY.5.4 OR AY.5.5 OR AY.5.6 OR AY.5.7 OR AY.6 OR AY.7 OR AY.7.1 OR AY.7.2 OR AY.8 OR AY.9 OR AY.9.1 OR AY.9.2 OR AY.9.2.1 OR AY.9.2.2 OR AY.10 OR AY.11 OR AY.12 OR AY.13 OR AY.14 OR AY.15 OR AY.16 OR AY.16.1 OR AY.17 OR AY.18 OR AY.19 OR AY.20 OR AY.20.1 OR AY.21 OR AY.22 OR AY.23 OR AY.23.1 OR AY.23.2 OR AY.24 OR AY.24.1 OR AY.25 OR AY.25.1 OR AY.25.1.1 OR AY.25.1.2 OR AY.25.2 OR AY.25.3 OR AY.26 OR AY.26.1 OR AY.27 OR AY.28 OR AY.29 OR AY.29.1 OR AY.29.2 OR AY.30 OR AY.31 OR AY.32 OR AY.33 OR AY.33.1 OR AY.33.2 OR AY.34 OR AY.34.1 OR AY.34.1.1 OR AY.34.2 OR AY.35 OR AY.36 OR AY.36.1 OR AY.37 OR AY.38 OR AY.39 OR AY.39.1 OR AY.39.1.1 OR AY.39.1.2 OR AY.39.1.3 OR AY.39.1.4 OR AY.39.2 OR AY.39.3 OR AY.39.4 OR AY.40 OR AY.41 OR AY.42 OR AY.42.1 OR AY.43 OR AY.43.1 OR AY.43.2 OR AY.43.3 OR AY.43.4 OR AY.43.5 OR AY.43.6 OR AY.43.7 OR AY.43.8 OR AY.43.9 OR AY.44 OR AY.45 OR AY.46 OR AY.46.1 OR AY.46.2 OR AY.46.3 OR AY.46.4 OR AY.46.5 OR AY.46.6 OR AY.46.6.1 OR AY.47 OR AY.48 OR AY.49 OR AY.50 OR AY.51 OR AY.52 OR AY.53 OR AY.54 OR AY.55 OR AY.56 OR AY.57 OR AY.58 OR AY.59 OR AY.60 OR AY.61 OR AY.62 OR AY.63 OR AY.64 OR AY.65 OR AY.66 OR AY.67 OR AY.68 OR AY.69 OR AY.70 OR AY.71 OR AY.72 OR AY.73 OR AY.74 OR AY.75 OR AY.75.1 OR AY.75.2 OR AY.75.3 OR AY.76 OR AY.77 OR AY.78 OR AY.79 OR AY.80 OR AY.81 OR AY.82 OR AY.83 OR AY.84 OR AY.85 OR AY.86 OR AY.87 OR AY.88 OR AY.89 OR AY.90 OR AY.91 OR AY.91.1 OR AY.92 OR AY.93 OR AY.94 OR AY.95 OR AY.96 OR AY.97 OR AY.98 OR AY.98.1 OR AY.98.1.1 OR AY.99 OR AY.99.1 OR AY.99.2 OR AY.100 OR AY.101 OR AY.102 OR AY.102.1 OR AY.102.2 OR AY.103 OR AY.103.1 OR AY.103.2 OR AY.104 OR AY.105 OR AY.106 OR AY.107 OR AY.108 OR AY.109 OR AY.110 OR AY.111 OR AY.112 OR AY.112.1 OR AY.112.2 OR AY.112.3 OR AY.113 OR AY.114 OR AY.115 OR AY.116 OR AY.116.1 OR AY.117 OR AY.118 OR AY.119 OR AY.119.1 OR AY.119.2 OR AY.120 OR AY.120.1 OR AY.120.2 OR AY.120.2.1 OR AY.121 OR AY.121.1 OR AY.122 OR AY.122.1 OR AY.122.2 OR AY.122.3 OR AY.122.4 OR AY.122.5 OR AY.122.6 OR AY.123 OR AY.123.1 OR AY.124 OR AY.124.1 OR AY.124.1.1 OR AY.125 OR AY.125.1 OR AY.126 OR AY.127 OR AY.127.1 OR AY.127.2 OR AY.127.3 OR AY.128 OR AY.129 OR AY.130 OR AY.131 OR AY.132 OR AY.133 OR AY.134 OR B.1.617.2,Delta,93.5714285714286,0,0
2022-03-31,94,0,99.1428571428571,0,0,4.94742353317848e-06,0.0249914468604415,AY.1 OR AY.2 OR AY.3 OR AY.3.1 OR AY.3.2 OR AY.3.3 OR AY.3.4 OR AY.4 OR AY.4.1 OR AY.4.2 OR AY.4.2.1 OR AY.4.2.2 OR AY.4.2.3 OR AY.4.2.4 OR AY.4.2.5 OR AY.4.3 OR AY.4.4 OR AY.4.5 OR AY.4.6 OR AY.4.7 OR AY.4.8 OR AY.4.9 OR AY.4.10 OR AY.4.11 OR AY.4.12 OR AY.4.13 OR AY.4.14 OR AY.4.15 OR AY.4.16 OR AY.4.17 OR AY.5 OR AY.5.1 OR AY.5.2 OR AY.5.3 OR AY.5.4 OR AY.5.5 OR AY.5.6 OR AY.5.7 OR AY.6 OR AY.7 OR AY.7.1 OR AY.7.2 OR AY.8 OR AY.9 OR AY.9.1 OR AY.9.2 OR AY.9.2.1 OR AY.9.2.2 OR AY.10 OR AY.11 OR AY.12 OR AY.13 OR AY.14 OR AY.15 OR AY.16 OR AY.16.1 OR AY.17 OR AY.18 OR AY.19 OR AY.20 OR AY.20.1 OR AY.21 OR AY.22 OR AY.23 OR AY.23.1 OR AY.23.2 OR AY.24 OR AY.24.1 OR AY.25 OR AY.25.1 OR AY.25.1.1 OR AY.25.1.2 OR AY.25.2 OR AY.25.3 OR AY.26 OR AY.26.1 OR AY.27 OR AY.28 OR AY.29 OR AY.29.1 OR AY.29.2 OR AY.30 OR AY.31 OR AY.32 OR AY.33 OR AY.33.1 OR AY.33.2 OR AY.34 OR AY.34.1 OR AY.34.1.1 OR AY.34.2 OR AY.35 OR AY.36 OR AY.36.1 OR AY.37 OR AY.38 OR AY.39 OR AY.39.1 OR AY.39.1.1 OR AY.39.1.2 OR AY.39.1.3 OR AY.39.1.4 OR AY.39.2 OR AY.39.3 OR AY.39.4 OR AY.40 OR AY.41 OR AY.42 OR AY.42.1 OR AY.43 OR AY.43.1 OR AY.43.2 OR AY.43.3 OR AY.43.4 OR AY.43.5 OR AY.43.6 OR AY.43.7 OR AY.43.8 OR AY.43.9 OR AY.44 OR AY.45 OR AY.46 OR AY.46.1 OR AY.46.2 OR AY.46.3 OR AY.46.4 OR AY.46.5 OR AY.46.6 OR AY.46.6.1 OR AY.47 OR AY.48 OR AY.49 OR AY.50 OR AY.51 OR AY.52 OR AY.53 OR AY.54 OR AY.55 OR AY.56 OR AY.57 OR AY.58 OR AY.59 OR AY.60 OR AY.61 OR AY.62 OR AY.63 OR AY.64 OR AY.65 OR AY.66 OR AY.67 OR AY.68 OR AY.69 OR AY.70 OR AY.71 OR AY.72 OR AY.73 OR AY.74 OR AY.75 OR AY.75.1 OR AY.75.2 OR AY.75.3 OR AY.76 OR AY.77 OR AY.78 OR AY.79 OR AY.80 OR AY.81 OR AY.82 OR AY.83 OR AY.84 OR AY.85 OR AY.86 OR AY.87 OR AY.88 OR AY.89 OR AY.90 OR AY.91 OR AY.91.1 OR AY.92 OR AY.93 OR AY.94 OR AY.95 OR AY.96 OR AY.97 OR AY.98 OR AY.98.1 OR AY.98.1.1 OR AY.99 OR AY.99.1 OR AY.99.2 OR AY.100 OR AY.101 OR AY.102 OR AY.102.1 OR AY.102.2 OR AY.103 OR AY.103.1 OR AY.103.2 OR AY.104 OR AY.105 OR AY.106 OR AY.107 OR AY.108 OR AY.109 OR AY.110 OR AY.111 OR AY.112 OR AY.112.1 OR AY.112.2 OR AY.112.3 OR AY.113 OR AY.114 OR AY.115 OR AY.116 OR AY.116.1 OR AY.117 OR AY.118 OR AY.119 OR AY.119.1 OR AY.119.2 OR AY.120 OR AY.120.1 OR AY.120.2 OR AY.120.2.1 OR AY.121 OR AY.121.1 OR AY.122 OR AY.122.1 OR AY.122.2 OR AY.122.3 OR AY.122.4 OR AY.122.5 OR AY.122.6 OR AY.123 OR AY.123.1 OR AY.124 OR AY.124.1 OR AY.124.1.1 OR AY.125 OR AY.125.1 OR AY.126 OR AY.127 OR AY.127.1 OR AY.127.2 OR AY.127.3 OR AY.128 OR AY.129 OR AY.130 OR AY.131 OR AY.132 OR AY.133 OR AY.134 OR B.1.617.2,Delta,92.1428571428571,0,0
2022-04-01,44,0,91.2857142857143,0,0,5.38116596142488e-06,0.0271524283382124,AY.1 OR AY.2 OR AY.3 OR AY.3.1 OR AY.3.2 OR AY.3.3 OR AY.3.4 OR AY.4 OR AY.4.1 OR AY.4.2 OR AY.4.2.1 OR AY.4.2.2 OR AY.4.2.3 OR AY.4.2.4 OR AY.4.2.5 OR AY.4.3 OR AY.4.4 OR AY.4.5 OR AY.4.6 OR AY.4.7 OR AY.4.8 OR AY.4.9 OR AY.4.10 OR AY.4.11 OR AY.4.12 OR AY.4.13 OR AY.4.14 OR AY.4.15 OR AY.4.16 OR AY.4.17 OR AY.5 OR AY.5.1 OR AY.5.2 OR AY.5.3 OR AY.5.4 OR AY.5.5 OR AY.5.6 OR AY.5.7 OR AY.6 OR AY.7 OR AY.7.1 OR AY.7.2 OR AY.8 OR AY.9 OR AY.9.1 OR AY.9.2 OR AY.9.2.1 OR AY.9.2.2 OR AY.10 OR AY.11 OR AY.12 OR AY.13 OR AY.14 OR AY.15 OR AY.16 OR AY.16.1 OR AY.17 OR AY.18 OR AY.19 OR AY.20 OR AY.20.1 OR AY.21 OR AY.22 OR AY.23 OR AY.23.1 OR AY.23.2 OR AY.24 OR AY.24.1 OR AY.25 OR AY.25.1 OR AY.25.1.1 OR AY.25.1.2 OR AY.25.2 OR AY.25.3 OR AY.26 OR AY.26.1 OR AY.27 OR AY.28 OR AY.29 OR AY.29.1 OR AY.29.2 OR AY.30 OR AY.31 OR AY.32 OR AY.33 OR AY.33.1 OR AY.33.2 OR AY.34 OR AY.34.1 OR AY.34.1.1 OR AY.34.2 OR AY.35 OR AY.36 OR AY.36.1 OR AY.37 OR AY.38 OR AY.39 OR AY.39.1 OR AY.39.1.1 OR AY.39.1.2 OR AY.39.1.3 OR AY.39.1.4 OR AY.39.2 OR AY.39.3 OR AY.39.4 OR AY.40 OR AY.41 OR AY.42 OR AY.42.1 OR AY.43 OR AY.43.1 OR AY.43.2 OR AY.43.3 OR AY.43.4 OR AY.43.5 OR AY.43.6 OR AY.43.7 OR AY.43.8 OR AY.43.9 OR AY.44 OR AY.45 OR AY.46 OR AY.46.1 OR AY.46.2 OR AY.46.3 OR AY.46.4 OR AY.46.5 OR AY.46.6 OR AY.46.6.1 OR AY.47 OR AY.48 OR AY.49 OR AY.50 OR AY.51 OR AY.52 OR AY.53 OR AY.54 OR AY.55 OR AY.56 OR AY.57 OR AY.58 OR AY.59 OR AY.60 OR AY.61 OR AY.62 OR AY.63 OR AY.64 OR AY.65 OR AY.66 OR AY.67 OR AY.68 OR AY.69 OR AY.70 OR AY.71 OR AY.72 OR AY.73 OR AY.74 OR AY.75 OR AY.75.1 OR AY.75.2 OR AY.75.3 OR AY.76 OR AY.77 OR AY.78 OR AY.79 OR AY.80 OR AY.81 OR AY.82 OR AY.83 OR AY.84 OR AY.85 OR AY.86 OR AY.87 OR AY.88 OR AY.89 OR AY.90 OR AY.91 OR AY.91.1 OR AY.92 OR AY.93 OR AY.94 OR AY.95 OR AY.96 OR AY.97 OR AY.98 OR AY.98.1 OR AY.98.1.1 OR AY.99 OR AY.99.1 OR AY.99.2 OR AY.100 OR AY.101 OR AY.102 OR AY.102.1 OR AY.102.2 OR AY.103 OR AY.103.1 OR AY.103.2 OR AY.104 OR AY.105 OR AY.106 OR AY.107 OR AY.108 OR AY.109 OR AY.110 OR AY.111 OR AY.112 OR AY.112.1 OR AY.112.2 OR AY.112.3 OR AY.113 OR AY.114 OR AY.115 OR AY.116 OR AY.116.1 OR AY.117 OR AY.118 OR AY.119 OR AY.119.1 OR AY.119.2 OR AY.120 OR AY.120.1 OR AY.120.2 OR AY.120.2.1 OR AY.121 OR AY.121.1 OR AY.122 OR AY.122.1 OR AY.122.2 OR AY.122.3 OR AY.122.4 OR AY.122.5 OR AY.122.6 OR AY.123 OR AY.123.1 OR AY.124 OR AY.124.1 OR AY.124.1.1 OR AY.125 OR AY.125.1 OR AY.126 OR AY.127 OR AY.127.1 OR AY.127.2 OR AY.127.3 OR AY.128 OR AY.129 OR AY.130 OR AY.131 OR AY.132 OR AY.133 OR AY.134 OR B.1.617.2,Delta,87.6428571428571,0,0
2022-04-02,10,0,87.1428571428571,0,0,5.62786430389776e-06,0.0283793831889142,AY.1 OR AY.2 OR AY.3 OR AY.3.1 OR AY.3.2 OR AY.3.3 OR AY.3.4 OR AY.4 OR AY.4.1 OR AY.4.2 OR AY.4.2.1 OR AY.4.2.2 OR AY.4.2.3 OR AY.4.2.4 OR AY.4.2.5 OR AY.4.3 OR AY.4.4 OR AY.4.5 OR AY.4.6 OR AY.4.7 OR AY.4.8 OR AY.4.9 OR AY.4.10 OR AY.4.11 OR AY.4.12 OR AY.4.13 OR AY.4.14 OR AY.4.15 OR AY.4.16 OR AY.4.17 OR AY.5 OR AY.5.1 OR AY.5.2 OR AY.5.3 OR AY.5.4 OR AY.5.5 OR AY.5.6 OR AY.5.7 OR AY.6 OR AY.7 OR AY.7.1 OR AY.7.2 OR AY.8 OR AY.9 OR AY.9.1 OR AY.9.2 OR AY.9.2.1 OR AY.9.2.2 OR AY.10 OR AY.11 OR AY.12 OR AY.13 OR AY.14 OR AY.15 OR AY.16 OR AY.16.1 OR AY.17 OR AY.18 OR AY.19 OR AY.20 OR AY.20.1 OR AY.21 OR AY.22 OR AY.23 OR AY.23.1 OR AY.23.2 OR AY.24 OR AY.24.1 OR AY.25 OR AY.25.1 OR AY.25.1.1 OR AY.25.1.2 OR AY.25.2 OR AY.25.3 OR AY.26 OR AY.26.1 OR AY.27 OR AY.28 OR AY.29 OR AY.29.1 OR AY.29.2 OR AY.30 OR AY.31 OR AY.32 OR AY.33 OR AY.33.1 OR AY.33.2 OR AY.34 OR AY.34.1 OR AY.34.1.1 OR AY.34.2 OR AY.35 OR AY.36 OR AY.36.1 OR AY.37 OR AY.38 OR AY.39 OR AY.39.1 OR AY.39.1.1 OR AY.39.1.2 OR AY.39.1.3 OR AY.39.1.4 OR AY.39.2 OR AY.39.3 OR AY.39.4 OR AY.40 OR AY.41 OR AY.42 OR AY.42.1 OR AY.43 OR AY.43.1 OR AY.43.2 OR AY.43.3 OR AY.43.4 OR AY.43.5 OR AY.43.6 OR AY.43.7 OR AY.43.8 OR AY.43.9 OR AY.44 OR AY.45 OR AY.46 OR AY.46.1 OR AY.46.2 OR AY.46.3 OR AY.46.4 OR AY.46.5 OR AY.46.6 OR AY.46.6.1 OR AY.47 OR AY.48 OR AY.49 OR AY.50 OR AY.51 OR AY.52 OR AY.53 OR AY.54 OR AY.55 OR AY.56 OR AY.57 OR AY.58 OR AY.59 OR AY.60 OR AY.61 OR AY.62 OR AY.63 OR AY.64 OR AY.65 OR AY.66 OR AY.67 OR AY.68 OR AY.69 OR AY.70 OR AY.71 OR AY.72 OR AY.73 OR AY.74 OR AY.75 OR AY.75.1 OR AY.75.2 OR AY.75.3 OR AY.76 OR AY.77 OR AY.78 OR AY.79 OR AY.80 OR AY.81 OR AY.82 OR AY.83 OR AY.84 OR AY.85 OR AY.86 OR AY.87 OR AY.88 OR AY.89 OR AY.90 OR AY.91 OR AY.91.1 OR AY.92 OR AY.93 OR AY.94 OR AY.95 OR AY.96 OR AY.97 OR AY.98 OR AY.98.1 OR AY.98.1.1 OR AY.99 OR AY.99.1 OR AY.99.2 OR AY.100 OR AY.101 OR AY.102 OR AY.102.1 OR AY.102.2 OR AY.103 OR AY.103.1 OR AY.103.2 OR AY.104 OR AY.105 OR AY.106 OR AY.107 OR AY.108 OR AY.109 OR AY.110 OR AY.111 OR AY.112 OR AY.112.1 OR AY.112.2 OR AY.112.3 OR AY.113 OR AY.114 OR AY.115 OR AY.116 OR AY.116.1 OR AY.117 OR AY.118 OR AY.119 OR AY.119.1 OR AY.119.2 OR AY.120 OR AY.120.1 OR AY.120.2 OR AY.120.2.1 OR AY.121 OR AY.121.1 OR AY.122 OR AY.122.1 OR AY.122.2 OR AY.122.3 OR AY.122.4 OR AY.122.5 OR AY.122.6 OR AY.123 OR AY.123.1 OR AY.124 OR AY.124.1 OR AY.124.1.1 OR AY.125 OR AY.125.1 OR AY.126 OR AY.127 OR AY.127.1 OR AY.127.2 OR AY.127.3 OR AY.128 OR AY.129 OR AY.130 OR AY.131 OR AY.132 OR AY.133 OR AY.134 OR B.1.617.2,Delta,83.7857142857143,0,0
2022-04-03,6,0,84.7142857142857,0,0,5.75989480802187e-06,0.0290354006417662,AY.1 OR AY.2 OR AY.3 OR AY.3.1 OR AY.3.2 OR AY.3.3 OR AY.3.4 OR AY.4 OR AY.4.1 OR AY.4.2 OR AY.4.2.1 OR AY.4.2.2 OR AY.4.2.3 OR AY.4.2.4 OR AY.4.2.5 OR AY.4.3 OR AY.4.4 OR AY.4.5 OR AY.4.6 OR AY.4.7 OR AY.4.8 OR AY.4.9 OR AY.4.10 OR AY.4.11 OR AY.4.12 OR AY.4.13 OR AY.4.14 OR AY.4.15 OR AY.4.16 OR AY.4.17 OR AY.5 OR AY.5.1 OR AY.5.2 OR AY.5.3 OR AY.5.4 OR AY.5.5 OR AY.5.6 OR AY.5.7 OR AY.6 OR AY.7 OR AY.7.1 OR AY.7.2 OR AY.8 OR AY.9 OR AY.9.1 OR AY.9.2 OR AY.9.2.1 OR AY.9.2.2 OR AY.10 OR AY.11 OR AY.12 OR AY.13 OR AY.14 OR AY.15 OR AY.16 OR AY.16.1 OR AY.17 OR AY.18 OR AY.19 OR AY.20 OR AY.20.1 OR AY.21 OR AY.22 OR AY.23 OR AY.23.1 OR AY.23.2 OR AY.24 OR AY.24.1 OR AY.25 OR AY.25.1 OR AY.25.1.1 OR AY.25.1.2 OR AY.25.2 OR AY.25.3 OR AY.26 OR AY.26.1 OR AY.27 OR AY.28 OR AY.29 OR AY.29.1 OR AY.29.2 OR AY.30 OR AY.31 OR AY.32 OR AY.33 OR AY.33.1 OR AY.33.2 OR AY.34 OR AY.34.1 OR AY.34.1.1 OR AY.34.2 OR AY.35 OR AY.36 OR AY.36.1 OR AY.37 OR AY.38 OR AY.39 OR AY.39.1 OR AY.39.1.1 OR AY.39.1.2 OR AY.39.1.3 OR AY.39.1.4 OR AY.39.2 OR AY.39.3 OR AY.39.4 OR AY.40 OR AY.41 OR AY.42 OR AY.42.1 OR AY.43 OR AY.43.1 OR AY.43.2 OR AY.43.3 OR AY.43.4 OR AY.43.5 OR AY.43.6 OR AY.43.7 OR AY.43.8 OR AY.43.9 OR AY.44 OR AY.45 OR AY.46 OR AY.46.1 OR AY.46.2 OR AY.46.3 OR AY.46.4 OR AY.46.5 OR AY.46.6 OR AY.46.6.1 OR AY.47 OR AY.48 OR AY.49 OR AY.50 OR AY.51 OR AY.52 OR AY.53 OR AY.54 OR AY.55 OR AY.56 OR AY.57 OR AY.58 OR AY.59 OR AY.60 OR AY.61 OR AY.62 OR AY.63 OR AY.64 OR AY.65 OR AY.66 OR AY.67 OR AY.68 OR AY.69 OR AY.70 OR AY.71 OR AY.72 OR AY.73 OR AY.74 OR AY.75 OR AY.75.1 OR AY.75.2 OR AY.75.3 OR AY.76 OR AY.77 OR AY.78 OR AY.79 OR AY.80 OR AY.81 OR AY.82 OR AY.83 OR AY.84 OR AY.85 OR AY.86 OR AY.87 OR AY.88 OR AY.89 OR AY.90 OR AY.91 OR AY.91.1 OR AY.92 OR AY.93 OR AY.94 OR AY.95 OR AY.96 OR AY.97 OR AY.98 OR AY.98.1 OR AY.98.1.1 OR AY.99 OR AY.99.1 OR AY.99.2 OR AY.100 OR AY.101 OR AY.102 OR AY.102.1 OR AY.102.2 OR AY.103 OR AY.103.1 OR AY.103.2 OR AY.104 OR AY.105 OR AY.106 OR AY.107 OR AY.108 OR AY.109 OR AY.110 OR AY.111 OR AY.112 OR AY.112.1 OR AY.112.2 OR AY.112.3 OR AY.113 OR AY.114 OR AY.115 OR AY.116 OR AY.116.1 OR AY.117 OR AY.118 OR AY.119 OR AY.119.1 OR AY.119.2 OR AY.120 OR AY.120.1 OR AY.120.2 OR AY.120.2.1 OR AY.121 OR AY.121.1 OR AY.122 OR AY.122.1 OR AY.122.2 OR AY.122.3 OR AY.122.4 OR AY.122.5 OR AY.122.6 OR AY.123 OR AY.123.1 OR AY.124 OR AY.124.1 OR AY.124.1.1 OR AY.125 OR AY.125.1 OR AY.126 OR AY.127 OR AY.127.1 OR AY.127.2 OR AY.127.3 OR AY.128 OR AY.129 OR AY.130 OR AY.131 OR AY.132 OR AY.133 OR AY.134 OR B.1.617.2,Delta,81.4285714285714,0,0
2022-04-04,124,0,66.8571428571429,0,0,7.30155200012784e-06,0.0366626561611633,AY.1 OR AY.2 OR AY.3 OR AY.3.1 OR AY.3.2 OR AY.3.3 OR AY.3.4 OR AY.4 OR AY.4.1 OR AY.4.2 OR AY.4.2.1 OR AY.4.2.2 OR AY.4.2.3 OR AY.4.2.4 OR AY.4.2.5 OR AY.4.3 OR AY.4.4 OR AY.4.5 OR AY.4.6 OR AY.4.7 OR AY.4.8 OR AY.4.9 OR AY.4.10 OR AY.4.11 OR AY.4.12 OR AY.4.13 OR AY.4.14 OR AY.4.15 OR AY.4.16 OR AY.4.17 OR AY.5 OR AY.5.1 OR AY.5.2 OR AY.5.3 OR AY.5.4 OR AY.5.5 OR AY.5.6 OR AY.5.7 OR AY.6 OR AY.7 OR AY.7.1 OR AY.7.2 OR AY.8 OR AY.9 OR AY.9.1 OR AY.9.2 OR AY.9.2.1 OR AY.9.2.2 OR AY.10 OR AY.11 OR AY.12 OR AY.13 OR AY.14 OR AY.15 OR AY.16 OR AY.16.1 OR AY.17 OR AY.18 OR AY.19 OR AY.20 OR AY.20.1 OR AY.21 OR AY.22 OR AY.23 OR AY.23.1 OR AY.23.2 OR AY.24 OR AY.24.1 OR AY.25 OR AY.25.1 OR AY.25.1.1 OR AY.25.1.2 OR AY.25.2 OR AY.25.3 OR AY.26 OR AY.26.1 OR AY.27 OR AY.28 OR AY.29 OR AY.29.1 OR AY.29.2 OR AY.30 OR AY.31 OR AY.32 OR AY.33 OR AY.33.1 OR AY.33.2 OR AY.34 OR AY.34.1 OR AY.34.1.1 OR AY.34.2 OR AY.35 OR AY.36 OR AY.36.1 OR AY.37 OR AY.38 OR AY.39 OR AY.39.1 OR AY.39.1.1 OR AY.39.1.2 OR AY.39.1.3 OR AY.39.1.4 OR AY.39.2 OR AY.39.3 OR AY.39.4 OR AY.40 OR AY.41 OR AY.42 OR AY.42.1 OR AY.43 OR AY.43.1 OR AY.43.2 OR AY.43.3 OR AY.43.4 OR AY.43.5 OR AY.43.6 OR AY.43.7 OR AY.43.8 OR AY.43.9 OR AY.44 OR AY.45 OR AY.46 OR AY.46.1 OR AY.46.2 OR AY.46.3 OR AY.46.4 OR AY.46.5 OR AY.46.6 OR AY.46.6.1 OR AY.47 OR AY.48 OR AY.49 OR AY.50 OR AY.51 OR AY.52 OR AY.53 OR AY.54 OR AY.55 OR AY.56 OR AY.57 OR AY.58 OR AY.59 OR AY.60 OR AY.61 OR AY.62 OR AY.63 OR AY.64 OR AY.65 OR AY.66 OR AY.67 OR AY.68 OR AY.69 OR AY.70 OR AY.71 OR AY.72 OR AY.73 OR AY.74 OR AY.75 OR AY.75.1 OR AY.75.2 OR AY.75.3 OR AY.76 OR AY.77 OR AY.78 OR AY.79 OR AY.80 OR AY.81 OR AY.82 OR AY.83 OR AY.84 OR AY.85 OR AY.86 OR AY.87 OR AY.88 OR AY.89 OR AY.90 OR AY.91 OR AY.91.1 OR AY.92 OR AY.93 OR AY.94 OR AY.95 OR AY.96 OR AY.97 OR AY.98 OR AY.98.1 OR AY.98.1.1 OR AY.99 OR AY.99.1 OR AY.99.2 OR AY.100 OR AY.101 OR AY.102 OR AY.102.1 OR AY.102.2 OR AY.103 OR AY.103.1 OR AY.103.2 OR AY.104 OR AY.105 OR AY.106 OR AY.107 OR AY.108 OR AY.109 OR AY.110 OR AY.111 OR AY.112 OR AY.112.1 OR AY.112.2 OR AY.112.3 OR AY.113 OR AY.114 OR AY.115 OR AY.116 OR AY.116.1 OR AY.117 OR AY.118 OR AY.119 OR AY.119.1 OR AY.119.2 OR AY.120 OR AY.120.1 OR AY.120.2 OR AY.120.2.1 OR AY.121 OR AY.121.1 OR AY.122 OR AY.122.1 OR AY.122.2 OR AY.122.3 OR AY.122.4 OR AY.122.5 OR AY.122.6 OR AY.123 OR AY.123.1 OR AY.124 OR AY.124.1 OR AY.124.1.1 OR AY.125 OR AY.125.1 OR AY.126 OR AY.127 OR AY.127.1 OR AY.127.2 OR AY.127.3 OR AY.128 OR AY.129 OR AY.130 OR AY.131 OR AY.132 OR AY.133 OR AY.134 OR B.1.617.2,Delta,81.2142857142857,0,0
2022-04-05,78,0,59.7142857142857,0,0,8.14984778982563e-06,0.0408339228668985,AY.1 OR AY.2 OR AY.3 OR AY.3.1 OR AY.3.2 OR AY.3.3 OR AY.3.4 OR AY.4 OR AY.4.1 OR AY.4.2 OR AY.4.2.1 OR AY.4.2.2 OR AY.4.2.3 OR AY.4.2.4 OR AY.4.2.5 OR AY.4.3 OR AY.4.4 OR AY.4.5 OR AY.4.6 OR AY.4.7 OR AY.4.8 OR AY.4.9 OR AY.4.10 OR AY.4.11 OR AY.4.12 OR AY.4.13 OR AY.4.14 OR AY.4.15 OR AY.4.16 OR AY.4.17 OR AY.5 OR AY.5.1 OR AY.5.2 OR AY.5.3 OR AY.5.4 OR AY.5.5 OR AY.5.6 OR AY.5.7 OR AY.6 OR AY.7 OR AY.7.1 OR AY.7.2 OR AY.8 OR AY.9 OR AY.9.1 OR AY.9.2 OR AY.9.2.1 OR AY.9.2.2 OR AY.10 OR AY.11 OR AY.12 OR AY.13 OR AY.14 OR AY.15 OR AY.16 OR AY.16.1 OR AY.17 OR AY.18 OR AY.19 OR AY.20 OR AY.20.1 OR AY.21 OR AY.22 OR AY.23 OR AY.23.1 OR AY.23.2 OR AY.24 OR AY.24.1 OR AY.25 OR AY.25.1 OR AY.25.1.1 OR AY.25.1.2 OR AY.25.2 OR AY.25.3 OR AY.26 OR AY.26.1 OR AY.27 OR AY.28 OR AY.29 OR AY.29.1 OR AY.29.2 OR AY.30 OR AY.31 OR AY.32 OR AY.33 OR AY.33.1 OR AY.33.2 OR AY.34 OR AY.34.1 OR AY.34.1.1 OR AY.34.2 OR AY.35 OR AY.36 OR AY.36.1 OR AY.37 OR AY.38 OR AY.39 OR AY.39.1 OR AY.39.1.1 OR AY.39.1.2 OR AY.39.1.3 OR AY.39.1.4 OR AY.39.2 OR AY.39.3 OR AY.39.4 OR AY.40 OR AY.41 OR AY.42 OR AY.42.1 OR AY.43 OR AY.43.1 OR AY.43.2 OR AY.43.3 OR AY.43.4 OR AY.43.5 OR AY.43.6 OR AY.43.7 OR AY.43.8 OR AY.43.9 OR AY.44 OR AY.45 OR AY.46 OR AY.46.1 OR AY.46.2 OR AY.46.3 OR AY.46.4 OR AY.46.5 OR AY.46.6 OR AY.46.6.1 OR AY.47 OR AY.48 OR AY.49 OR AY.50 OR AY.51 OR AY.52 OR AY.53 OR AY.54 OR AY.55 OR AY.56 OR AY.57 OR AY.58 OR AY.59 OR AY.60 OR AY.61 OR AY.62 OR AY.63 OR AY.64 OR AY.65 OR AY.66 OR AY.67 OR AY.68 OR AY.69 OR AY.70 OR AY.71 OR AY.72 OR AY.73 OR AY.74 OR AY.75 OR AY.75.1 OR AY.75.2 OR AY.75.3 OR AY.76 OR AY.77 OR AY.78 OR AY.79 OR AY.80 OR AY.81 OR AY.82 OR AY.83 OR AY.84 OR AY.85 OR AY.86 OR AY.87 OR AY.88 OR AY.89 OR AY.90 OR AY.91 OR AY.91.1 OR AY.92 OR AY.93 OR AY.94 OR AY.95 OR AY.96 OR AY.97 OR AY.98 OR AY.98.1 OR AY.98.1.1 OR AY.99 OR AY.99.1 OR AY.99.2 OR AY.100 OR AY.101 OR AY.102 OR AY.102.1 OR AY.102.2 OR AY.103 OR AY.103.1 OR AY.103.2 OR AY.104 OR AY.105 OR AY.106 OR AY.107 OR AY.108 OR AY.109 OR AY.110 OR AY.111 OR AY.112 OR AY.112.1 OR AY.112.2 OR AY.112.3 OR AY.113 OR AY.114 OR AY.115 OR AY.116 OR AY.116.1 OR AY.117 OR AY.118 OR AY.119 OR AY.119.1 OR AY.119.2 OR AY.120 OR AY.120.1 OR AY.120.2 OR AY.120.2.1 OR AY.121 OR AY.121.1 OR AY.122 OR AY.122.1 OR AY.122.2 OR AY.122.3 OR AY.122.4 OR AY.122.5 OR AY.122.6 OR AY.123 OR AY.123.1 OR AY.124 OR AY.124.1 OR AY.124.1.1 OR AY.125 OR AY.125.1 OR AY.126 OR AY.127 OR AY.127.1 OR AY.127.2 OR AY.127.3 OR AY.128 OR AY.129 OR AY.130 OR AY.131 OR AY.132 OR AY.133 OR AY.134 OR B.1.617.2,Delta,81.7142857142857,0,0
2022-04-06,12,0,52.5714285714286,0,0,9.22116209664496e-06,0.0460759758318105,AY.1 OR AY.2 OR AY.3 OR AY.3.1 OR AY.3.2 OR AY.3.3 OR AY.3.4 OR AY.4 OR AY.4.1 OR AY.4.2 OR AY.4.2.1 OR AY.4.2.2 OR AY.4.2.3 OR AY.4.2.4 OR AY.4.2.5 OR AY.4.3 OR AY.4.4 OR AY.4.5 OR AY.4.6 OR AY.4.7 OR AY.4.8 OR AY.4.9 OR AY.4.10 OR AY.4.11 OR AY.4.12 OR AY.4.13 OR AY.4.14 OR AY.4.15 OR AY.4.16 OR AY.4.17 OR AY.5 OR AY.5.1 OR AY.5.2 OR AY.5.3 OR AY.5.4 OR AY.5.5 OR AY.5.6 OR AY.5.7 OR AY.6 OR AY.7 OR AY.7.1 OR AY.7.2 OR AY.8 OR AY.9 OR AY.9.1 OR AY.9.2 OR AY.9.2.1 OR AY.9.2.2 OR AY.10 OR AY.11 OR AY.12 OR AY.13 OR AY.14 OR AY.15 OR AY.16 OR AY.16.1 OR AY.17 OR AY.18 OR AY.19 OR AY.20 OR AY.20.1 OR AY.21 OR AY.22 OR AY.23 OR AY.23.1 OR AY.23.2 OR AY.24 OR AY.24.1 OR AY.25 OR AY.25.1 OR AY.25.1.1 OR AY.25.1.2 OR AY.25.2 OR AY.25.3 OR AY.26 OR AY.26.1 OR AY.27 OR AY.28 OR AY.29 OR AY.29.1 OR AY.29.2 OR AY.30 OR AY.31 OR AY.32 OR AY.33 OR AY.33.1 OR AY.33.2 OR AY.34 OR AY.34.1 OR AY.34.1.1 OR AY.34.2 OR AY.35 OR AY.36 OR AY.36.1 OR AY.37 OR AY.38 OR AY.39 OR AY.39.1 OR AY.39.1.1 OR AY.39.1.2 OR AY.39.1.3 OR AY.39.1.4 OR AY.39.2 OR AY.39.3 OR AY.39.4 OR AY.40 OR AY.41 OR AY.42 OR AY.42.1 OR AY.43 OR AY.43.1 OR AY.43.2 OR AY.43.3 OR AY.43.4 OR AY.43.5 OR AY.43.6 OR AY.43.7 OR AY.43.8 OR AY.43.9 OR AY.44 OR AY.45 OR AY.46 OR AY.46.1 OR AY.46.2 OR AY.46.3 OR AY.46.4 OR AY.46.5 OR AY.46.6 OR AY.46.6.1 OR AY.47 OR AY.48 OR AY.49 OR AY.50 OR AY.51 OR AY.52 OR AY.53 OR AY.54 OR AY.55 OR AY.56 OR AY.57 OR AY.58 OR AY.59 OR AY.60 OR AY.61 OR AY.62 OR AY.63 OR AY.64 OR AY.65 OR AY.66 OR AY.67 OR AY.68 OR AY.69 OR AY.70 OR AY.71 OR AY.72 OR AY.73 OR AY.74 OR AY.75 OR AY.75.1 OR AY.75.2 OR AY.75.3 OR AY.76 OR AY.77 OR AY.78 OR AY.79 OR AY.80 OR AY.81 OR AY.82 OR AY.83 OR AY.84 OR AY.85 OR AY.86 OR AY.87 OR AY.88 OR AY.89 OR AY.90 OR AY.91 OR AY.91.1 OR AY.92 OR AY.93 OR AY.94 OR AY.95 OR AY.96 OR AY.97 OR AY.98 OR AY.98.1 OR AY.98.1.1 OR AY.99 OR AY.99.1 OR AY.99.2 OR AY.100 OR AY.101 OR AY.102 OR AY.102.1 OR AY.102.2 OR AY.103 OR AY.103.1 OR AY.103.2 OR AY.104 OR AY.105 OR AY.106 OR AY.107 OR AY.108 OR AY.109 OR AY.110 OR AY.111 OR AY.112 OR AY.112.1 OR AY.112.2 OR AY.112.3 OR AY.113 OR AY.114 OR AY.115 OR AY.116 OR AY.116.1 OR AY.117 OR AY.118 OR AY.119 OR AY.119.1 OR AY.119.2 OR AY.120 OR AY.120.1 OR AY.120.2 OR AY.120.2.1 OR AY.121 OR AY.121.1 OR AY.122 OR AY.122.1 OR AY.122.2 OR AY.122.3 OR AY.122.4 OR AY.122.5 OR AY.122.6 OR AY.123 OR AY.123.1 OR AY.124 OR AY.124.1 OR AY.124.1.1 OR AY.125 OR AY.125.1 OR AY.126 OR AY.127 OR AY.127.1 OR AY.127.2 OR AY.127.3 OR AY.128 OR AY.129 OR AY.130 OR AY.131 OR AY.132 OR AY.133 OR AY.134 OR B.1.617.2,Delta,75.5,0,0
2022-04-07,66,0,48.5714285714286,0,0,9.97006665728702e-06,0.049723385287822,AY.1 OR AY.2 OR AY.3 OR AY.3.1 OR AY.3.2 OR AY.3.3 OR AY.3.4 OR AY.4 OR AY.4.1 OR AY.4.2 OR AY.4.2.1 OR AY.4.2.2 OR AY.4.2.3 OR AY.4.2.4 OR AY.4.2.5 OR AY.4.3 OR AY.4.4 OR AY.4.5 OR AY.4.6 OR AY.4.7 OR AY.4.8 OR AY.4.9 OR AY.4.10 OR AY.4.11 OR AY.4.12 OR AY.4.13 OR AY.4.14 OR AY.4.15 OR AY.4.16 OR AY.4.17 OR AY.5 OR AY.5.1 OR AY.5.2 OR AY.5.3 OR AY.5.4 OR AY.5.5 OR AY.5.6 OR AY.5.7 OR AY.6 OR AY.7 OR AY.7.1 OR AY.7.2 OR AY.8 OR AY.9 OR AY.9.1 OR AY.9.2 OR AY.9.2.1 OR AY.9.2.2 OR AY.10 OR AY.11 OR AY.12 OR AY.13 OR AY.14 OR AY.15 OR AY.16 OR AY.16.1 OR AY.17 OR AY.18 OR AY.19 OR AY.20 OR AY.20.1 OR AY.21 OR AY.22 OR AY.23 OR AY.23.1 OR AY.23.2 OR AY.24 OR AY.24.1 OR AY.25 OR AY.25.1 OR AY.25.1.1 OR AY.25.1.2 OR AY.25.2 OR AY.25.3 OR AY.26 OR AY.26.1 OR AY.27 OR AY.28 OR AY.29 OR AY.29.1 OR AY.29.2 OR AY.30 OR AY.31 OR AY.32 OR AY.33 OR AY.33.1 OR AY.33.2 OR AY.34 OR AY.34.1 OR AY.34.1.1 OR AY.34.2 OR AY.35 OR AY.36 OR AY.36.1 OR AY.37 OR AY.38 OR AY.39 OR AY.39.1 OR AY.39.1.1 OR AY.39.1.2 OR AY.39.1.3 OR AY.39.1.4 OR AY.39.2 OR AY.39.3 OR AY.39.4 OR AY.40 OR AY.41 OR AY.42 OR AY.42.1 OR AY.43 OR AY.43.1 OR AY.43.2 OR AY.43.3 OR AY.43.4 OR AY.43.5 OR AY.43.6 OR AY.43.7 OR AY.43.8 OR AY.43.9 OR AY.44 OR AY.45 OR AY.46 OR AY.46.1 OR AY.46.2 OR AY.46.3 OR AY.46.4 OR AY.46.5 OR AY.46.6 OR AY.46.6.1 OR AY.47 OR AY.48 OR AY.49 OR AY.50 OR AY.51 OR AY.52 OR AY.53 OR AY.54 OR AY.55 OR AY.56 OR AY.57 OR AY.58 OR AY.59 OR AY.60 OR AY.61 OR AY.62 OR AY.63 OR AY.64 OR AY.65 OR AY.66 OR AY.67 OR AY.68 OR AY.69 OR AY.70 OR AY.71 OR AY.72 OR AY.73 OR AY.74 OR AY.75 OR AY.75.1 OR AY.75.2 OR AY.75.3 OR AY.76 OR AY.77 OR AY.78 OR AY.79 OR AY.80 OR AY.81 OR AY.82 OR AY.83 OR AY.84 OR AY.85 OR AY.86 OR AY.87 OR AY.88 OR AY.89 OR AY.90 OR AY.91 OR AY.91.1 OR AY.92 OR AY.93 OR AY.94 OR AY.95 OR AY.96 OR AY.97 OR AY.98 OR AY.98.1 OR AY.98.1.1 OR AY.99 OR AY.99.1 OR AY.99.2 OR AY.100 OR AY.101 OR AY.102 OR AY.102.1 OR AY.102.2 OR AY.103 OR AY.103.1 OR AY.103.2 OR AY.104 OR AY.105 OR AY.106 OR AY.107 OR AY.108 OR AY.109 OR AY.110 OR AY.111 OR AY.112 OR AY.112.1 OR AY.112.2 OR AY.112.3 OR AY.113 OR AY.114 OR AY.115 OR AY.116 OR AY.116.1 OR AY.117 OR AY.118 OR AY.119 OR AY.119.1 OR AY.119.2 OR AY.120 OR AY.120.1 OR AY.120.2 OR AY.120.2.1 OR AY.121 OR AY.121.1 OR AY.122 OR AY.122.1 OR AY.122.2 OR AY.122.3 OR AY.122.4 OR AY.122.5 OR AY.122.6 OR AY.123 OR AY.123.1 OR AY.124 OR AY.124.1 OR AY.124.1.1 OR AY.125 OR AY.125.1 OR AY.126 OR AY.127 OR AY.127.1 OR AY.127.2 OR AY.127.3 OR AY.128 OR AY.129 OR AY.130 OR AY.131 OR AY.132 OR AY.133 OR AY.134 OR B.1.617.2,Delta,73.8571428571429,0,0
2022-04-08,28,0,46.2857142857143,0,0,1.06167519271196e-05,0.0528617046392331,AY.1 OR AY.2 OR AY.3 OR AY.3.1 OR AY.3.2 OR AY.3.3 OR AY.3.4 OR AY.4 OR AY.4.1 OR AY.4.2 OR AY.4.2.1 OR AY.4.2.2 OR AY.4.2.3 OR AY.4.2.4 OR AY.4.2.5 OR AY.4.3 OR AY.4.4 OR AY.4.5 OR AY.4.6 OR AY.4.7 OR AY.4.8 OR AY.4.9 OR AY.4.10 OR AY.4.11 OR AY.4.12 OR AY.4.13 OR AY.4.14 OR AY.4.15 OR AY.4.16 OR AY.4.17 OR AY.5 OR AY.5.1 OR AY.5.2 OR AY.5.3 OR AY.5.4 OR AY.5.5 OR AY.5.6 OR AY.5.7 OR AY.6 OR AY.7 OR AY.7.1 OR AY.7.2 OR AY.8 OR AY.9 OR AY.9.1 OR AY.9.2 OR AY.9.2.1 OR AY.9.2.2 OR AY.10 OR AY.11 OR AY.12 OR AY.13 OR AY.14 OR AY.15 OR AY.16 OR AY.16.1 OR AY.17 OR AY.18 OR AY.19 OR AY.20 OR AY.20.1 OR AY.21 OR AY.22 OR AY.23 OR AY.23.1 OR AY.23.2 OR AY.24 OR AY.24.1 OR AY.25 OR AY.25.1 OR AY.25.1.1 OR AY.25.1.2 OR AY.25.2 OR AY.25.3 OR AY.26 OR AY.26.1 OR AY.27 OR AY.28 OR AY.29 OR AY.29.1 OR AY.29.2 OR AY.30 OR AY.31 OR AY.32 OR AY.33 OR AY.33.1 OR AY.33.2 OR AY.34 OR AY.34.1 OR AY.34.1.1 OR AY.34.2 OR AY.35 OR AY.36 OR AY.36.1 OR AY.37 OR AY.38 OR AY.39 OR AY.39.1 OR AY.39.1.1 OR AY.39.1.2 OR AY.39.1.3 OR AY.39.1.4 OR AY.39.2 OR AY.39.3 OR AY.39.4 OR AY.40 OR AY.41 OR AY.42 OR AY.42.1 OR AY.43 OR AY.43.1 OR AY.43.2 OR AY.43.3 OR AY.43.4 OR AY.43.5 OR AY.43.6 OR AY.43.7 OR AY.43.8 OR AY.43.9 OR AY.44 OR AY.45 OR AY.46 OR AY.46.1 OR AY.46.2 OR AY.46.3 OR AY.46.4 OR AY.46.5 OR AY.46.6 OR AY.46.6.1 OR AY.47 OR AY.48 OR AY.49 OR AY.50 OR AY.51 OR AY.52 OR AY.53 OR AY.54 OR AY.55 OR AY.56 OR AY.57 OR AY.58 OR AY.59 OR AY.60 OR AY.61 OR AY.62 OR AY.63 OR AY.64 OR AY.65 OR AY.66 OR AY.67 OR AY.68 OR AY.69 OR AY.70 OR AY.71 OR AY.72 OR AY.73 OR AY.74 OR AY.75 OR AY.75.1 OR AY.75.2 OR AY.75.3 OR AY.76 OR AY.77 OR AY.78 OR AY.79 OR AY.80 OR AY.81 OR AY.82 OR AY.83 OR AY.84 OR AY.85 OR AY.86 OR AY.87 OR AY.88 OR AY.89 OR AY.90 OR AY.91 OR AY.91.1 OR AY.92 OR AY.93 OR AY.94 OR AY.95 OR AY.96 OR AY.97 OR AY.98 OR AY.98.1 OR AY.98.1.1 OR AY.99 OR AY.99.1 OR AY.99.2 OR AY.100 OR AY.101 OR AY.102 OR AY.102.1 OR AY.102.2 OR AY.103 OR AY.103.1 OR AY.103.2 OR AY.104 OR AY.105 OR AY.106 OR AY.107 OR AY.108 OR AY.109 OR AY.110 OR AY.111 OR AY.112 OR AY.112.1 OR AY.112.2 OR AY.112.3 OR AY.113 OR AY.114 OR AY.115 OR AY.116 OR AY.116.1 OR AY.117 OR AY.118 OR AY.119 OR AY.119.1 OR AY.119.2 OR AY.120 OR AY.120.1 OR AY.120.2 OR AY.120.2.1 OR AY.121 OR AY.121.1 OR AY.122 OR AY.122.1 OR AY.122.2 OR AY.122.3 OR AY.122.4 OR AY.122.5 OR AY.122.6 OR AY.123 OR AY.123.1 OR AY.124 OR AY.124.1 OR AY.124.1.1 OR AY.125 OR AY.125.1 OR AY.126 OR AY.127 OR AY.127.1 OR AY.127.2 OR AY.127.3 OR AY.128 OR AY.129 OR AY.130 OR AY.131 OR AY.132 OR AY.133 OR AY.134 OR B.1.617.2,Delta,68.7857142857143,0,0
2022-04-09,4,0,45.4285714285714,0,0,1.08513679206047e-05,0.0539977096907176,AY.1 OR AY.2 OR AY.3 OR AY.3.1 OR AY.3.2 OR AY.3.3 OR AY.3.4 OR AY.4 OR AY.4.1 OR AY.4.2 OR AY.4.2.1 OR AY.4.2.2 OR AY.4.2.3 OR AY.4.2.4 OR AY.4.2.5 OR AY.4.3 OR AY.4.4 OR AY.4.5 OR AY.4.6 OR AY.4.7 OR AY.4.8 OR AY.4.9 OR AY.4.10 OR AY.4.11 OR AY.4.12 OR AY.4.13 OR AY.4.14 OR AY.4.15 OR AY.4.16 OR AY.4.17 OR AY.5 OR AY.5.1 OR AY.5.2 OR AY.5.3 OR AY.5.4 OR AY.5.5 OR AY.5.6 OR AY.5.7 OR AY.6 OR AY.7 OR AY.7.1 OR AY.7.2 OR AY.8 OR AY.9 OR AY.9.1 OR AY.9.2 OR AY.9.2.1 OR AY.9.2.2 OR AY.10 OR AY.11 OR AY.12 OR AY.13 OR AY.14 OR AY.15 OR AY.16 OR AY.16.1 OR AY.17 OR AY.18 OR AY.19 OR AY.20 OR AY.20.1 OR AY.21 OR AY.22 OR AY.23 OR AY.23.1 OR AY.23.2 OR AY.24 OR AY.24.1 OR AY.25 OR AY.25.1 OR AY.25.1.1 OR AY.25.1.2 OR AY.25.2 OR AY.25.3 OR AY.26 OR AY.26.1 OR AY.27 OR AY.28 OR AY.29 OR AY.29.1 OR AY.29.2 OR AY.30 OR AY.31 OR AY.32 OR AY.33 OR AY.33.1 OR AY.33.2 OR AY.34 OR AY.34.1 OR AY.34.1.1 OR AY.34.2 OR AY.35 OR AY.36 OR AY.36.1 OR AY.37 OR AY.38 OR AY.39 OR AY.39.1 OR AY.39.1.1 OR AY.39.1.2 OR AY.39.1.3 OR AY.39.1.4 OR AY.39.2 OR AY.39.3 OR AY.39.4 OR AY.40 OR AY.41 OR AY.42 OR AY.42.1 OR AY.43 OR AY.43.1 OR AY.43.2 OR AY.43.3 OR AY.43.4 OR AY.43.5 OR AY.43.6 OR AY.43.7 OR AY.43.8 OR AY.43.9 OR AY.44 OR AY.45 OR AY.46 OR AY.46.1 OR AY.46.2 OR AY.46.3 OR AY.46.4 OR AY.46.5 OR AY.46.6 OR AY.46.6.1 OR AY.47 OR AY.48 OR AY.49 OR AY.50 OR AY.51 OR AY.52 OR AY.53 OR AY.54 OR AY.55 OR AY.56 OR AY.57 OR AY.58 OR AY.59 OR AY.60 OR AY.61 OR AY.62 OR AY.63 OR AY.64 OR AY.65 OR AY.66 OR AY.67 OR AY.68 OR AY.69 OR AY.70 OR AY.71 OR AY.72 OR AY.73 OR AY.74 OR AY.75 OR AY.75.1 OR AY.75.2 OR AY.75.3 OR AY.76 OR AY.77 OR AY.78 OR AY.79 OR AY.80 OR AY.81 OR AY.82 OR AY.83 OR AY.84 OR AY.85 OR AY.86 OR AY.87 OR AY.88 OR AY.89 OR AY.90 OR AY.91 OR AY.91.1 OR AY.92 OR AY.93 OR AY.94 OR AY.95 OR AY.96 OR AY.97 OR AY.98 OR AY.98.1 OR AY.98.1.1 OR AY.99 OR AY.99.1 OR AY.99.2 OR AY.100 OR AY.101 OR AY.102 OR AY.102.1 OR AY.102.2 OR AY.103 OR AY.103.1 OR AY.103.2 OR AY.104 OR AY.105 OR AY.106 OR AY.107 OR AY.108 OR AY.109 OR AY.110 OR AY.111 OR AY.112 OR AY.112.1 OR AY.112.2 OR AY.112.3 OR AY.113 OR AY.114 OR AY.115 OR AY.116 OR AY.116.1 OR AY.117 OR AY.118 OR AY.119 OR AY.119.1 OR AY.119.2 OR AY.120 OR AY.120.1 OR AY.120.2 OR AY.120.2.1 OR AY.121 OR AY.121.1 OR AY.122 OR AY.122.1 OR AY.122.2 OR AY.122.3 OR AY.122.4 OR AY.122.5 OR AY.122.6 OR AY.123 OR AY.123.1 OR AY.124 OR AY.124.1 OR AY.124.1.1 OR AY.125 OR AY.125.1 OR AY.126 OR AY.127 OR AY.127.1 OR AY.127.2 OR AY.127.3 OR AY.128 OR AY.129 OR AY.130 OR AY.131 OR AY.132 OR AY.133 OR AY.134 OR B.1.617.2,Delta,66.2857142857143,0,0
2022-04-10,6,0,45.4285714285714,0,0,1.08513679206047e-05,0.0539977096907176,AY.1 OR AY.2 OR AY.3 OR AY.3.1 OR AY.3.2 OR AY.3.3 OR AY.3.4 OR AY.4 OR AY.4.1 OR AY.4.2 OR AY.4.2.1 OR AY.4.2.2 OR AY.4.2.3 OR AY.4.2.4 OR AY.4.2.5 OR AY.4.3 OR AY.4.4 OR AY.4.5 OR AY.4.6 OR AY.4.7 OR AY.4.8 OR AY.4.9 OR AY.4.10 OR AY.4.11 OR AY.4.12 OR AY.4.13 OR AY.4.14 OR AY.4.15 OR AY.4.16 OR AY.4.17 OR AY.5 OR AY.5.1 OR AY.5.2 OR AY.5.3 OR AY.5.4 OR AY.5.5 OR AY.5.6 OR AY.5.7 OR AY.6 OR AY.7 OR AY.7.1 OR AY.7.2 OR AY.8 OR AY.9 OR AY.9.1 OR AY.9.2 OR AY.9.2.1 OR AY.9.2.2 OR AY.10 OR AY.11 OR AY.12 OR AY.13 OR AY.14 OR AY.15 OR AY.16 OR AY.16.1 OR AY.17 OR AY.18 OR AY.19 OR AY.20 OR AY.20.1 OR AY.21 OR AY.22 OR AY.23 OR AY.23.1 OR AY.23.2 OR AY.24 OR AY.24.1 OR AY.25 OR AY.25.1 OR AY.25.1.1 OR AY.25.1.2 OR AY.25.2 OR AY.25.3 OR AY.26 OR AY.26.1 OR AY.27 OR AY.28 OR AY.29 OR AY.29.1 OR AY.29.2 OR AY.30 OR AY.31 OR AY.32 OR AY.33 OR AY.33.1 OR AY.33.2 OR AY.34 OR AY.34.1 OR AY.34.1.1 OR AY.34.2 OR AY.35 OR AY.36 OR AY.36.1 OR AY.37 OR AY.38 OR AY.39 OR AY.39.1 OR AY.39.1.1 OR AY.39.1.2 OR AY.39.1.3 OR AY.39.1.4 OR AY.39.2 OR AY.39.3 OR AY.39.4 OR AY.40 OR AY.41 OR AY.42 OR AY.42.1 OR AY.43 OR AY.43.1 OR AY.43.2 OR AY.43.3 OR AY.43.4 OR AY.43.5 OR AY.43.6 OR AY.43.7 OR AY.43.8 OR AY.43.9 OR AY.44 OR AY.45 OR AY.46 OR AY.46.1 OR AY.46.2 OR AY.46.3 OR AY.46.4 OR AY.46.5 OR AY.46.6 OR AY.46.6.1 OR AY.47 OR AY.48 OR AY.49 OR AY.50 OR AY.51 OR AY.52 OR AY.53 OR AY.54 OR AY.55 OR AY.56 OR AY.57 OR AY.58 OR AY.59 OR AY.60 OR AY.61 OR AY.62 OR AY.63 OR AY.64 OR AY.65 OR AY.66 OR AY.67 OR AY.68 OR AY.69 OR AY.70 OR AY.71 OR AY.72 OR AY.73 OR AY.74 OR AY.75 OR AY.75.1 OR AY.75.2 OR AY.75.3 OR AY.76 OR AY.77 OR AY.78 OR AY.79 OR AY.80 OR AY.81 OR AY.82 OR AY.83 OR AY.84 OR AY.85 OR AY.86 OR AY.87 OR AY.88 OR AY.89 OR AY.90 OR AY.91 OR AY.91.1 OR AY.92 OR AY.93 OR AY.94 OR AY.95 OR AY.96 OR AY.97 OR AY.98 OR AY.98.1 OR AY.98.1.1 OR AY.99 OR AY.99.1 OR AY.99.2 OR AY.100 OR AY.101 OR AY.102 OR AY.102.1 OR AY.102.2 OR AY.103 OR AY.103.1 OR AY.103.2 OR AY.104 OR AY.105 OR AY.106 OR AY.107 OR AY.108 OR AY.109 OR AY.110 OR AY.111 OR AY.112 OR AY.112.1 OR AY.112.2 OR AY.112.3 OR AY.113 OR AY.114 OR AY.115 OR AY.116 OR AY.116.1 OR AY.117 OR AY.118 OR AY.119 OR AY.119.1 OR AY.119.2 OR AY.120 OR AY.120.1 OR AY.120.2 OR AY.120.2.1 OR AY.121 OR AY.121.1 OR AY.122 OR AY.122.1 OR AY.122.2 OR AY.122.3 OR AY.122.4 OR AY.122.5 OR AY.122.6 OR AY.123 OR AY.123.1 OR AY.124 OR AY.124.1 OR AY.124.1.1 OR AY.125 OR AY.125.1 OR AY.126 OR AY.127 OR AY.127.1 OR AY.127.2 OR AY.127.3 OR AY.128 OR AY.129 OR AY.130 OR AY.131 OR AY.132 OR AY.133 OR AY.134 OR B.1.617.2,Delta,65.0714285714286,0,0
2022-04-11,98,0,41.7142857142857,0,0,1.16218486873075e-05,0.0577187584875909,AY.1 OR AY.2 OR AY.3 OR AY.3.1 OR AY.3.2 OR AY.3.3 OR AY.3.4 OR AY.4 OR AY.4.1 OR AY.4.2 OR AY.4.2.1 OR AY.4.2.2 OR AY.4.2.3 OR AY.4.2.4 OR AY.4.2.5 OR AY.4.3 OR AY.4.4 OR AY.4.5 OR AY.4.6 OR AY.4.7 OR AY.4.8 OR AY.4.9 OR AY.4.10 OR AY.4.11 OR AY.4.12 OR AY.4.13 OR AY.4.14 OR AY.4.15 OR AY.4.16 OR AY.4.17 OR AY.5 OR AY.5.1 OR AY.5.2 OR AY.5.3 OR AY.5.4 OR AY.5.5 OR AY.5.6 OR AY.5.7 OR AY.6 OR AY.7 OR AY.7.1 OR AY.7.2 OR AY.8 OR AY.9 OR AY.9.1 OR AY.9.2 OR AY.9.2.1 OR AY.9.2.2 OR AY.10 OR AY.11 OR AY.12 OR AY.13 OR AY.14 OR AY.15 OR AY.16 OR AY.16.1 OR AY.17 OR AY.18 OR AY.19 OR AY.20 OR AY.20.1 OR AY.21 OR AY.22 OR AY.23 OR AY.23.1 OR AY.23.2 OR AY.24 OR AY.24.1 OR AY.25 OR AY.25.1 OR AY.25.1.1 OR AY.25.1.2 OR AY.25.2 OR AY.25.3 OR AY.26 OR AY.26.1 OR AY.27 OR AY.28 OR AY.29 OR AY.29.1 OR AY.29.2 OR AY.30 OR AY.31 OR AY.32 OR AY.33 OR AY.33.1 OR AY.33.2 OR AY.34 OR AY.34.1 OR AY.34.1.1 OR AY.34.2 OR AY.35 OR AY.36 OR AY.36.1 OR AY.37 OR AY.38 OR AY.39 OR AY.39.1 OR AY.39.1.1 OR AY.39.1.2 OR AY.39.1.3 OR AY.39.1.4 OR AY.39.2 OR AY.39.3 OR AY.39.4 OR AY.40 OR AY.41 OR AY.42 OR AY.42.1 OR AY.43 OR AY.43.1 OR AY.43.2 OR AY.43.3 OR AY.43.4 OR AY.43.5 OR AY.43.6 OR AY.43.7 OR AY.43.8 OR AY.43.9 OR AY.44 OR AY.45 OR AY.46 OR AY.46.1 OR AY.46.2 OR AY.46.3 OR AY.46.4 OR AY.46.5 OR AY.46.6 OR AY.46.6.1 OR AY.47 OR AY.48 OR AY.49 OR AY.50 OR AY.51 OR AY.52 OR AY.53 OR AY.54 OR AY.55 OR AY.56 OR AY.57 OR AY.58 OR AY.59 OR AY.60 OR AY.61 OR AY.62 OR AY.63 OR AY.64 OR AY.65 OR AY.66 OR AY.67 OR AY.68 OR AY.69 OR AY.70 OR AY.71 OR AY.72 OR AY.73 OR AY.74 OR AY.75 OR AY.75.1 OR AY.75.2 OR AY.75.3 OR AY.76 OR AY.77 OR AY.78 OR AY.79 OR AY.80 OR AY.81 OR AY.82 OR AY.83 OR AY.84 OR AY.85 OR AY.86 OR AY.87 OR AY.88 OR AY.89 OR AY.90 OR AY.91 OR AY.91.1 OR AY.92 OR AY.93 OR AY.94 OR AY.95 OR AY.96 OR AY.97 OR AY.98 OR AY.98.1 OR AY.98.1.1 OR AY.99 OR AY.99.1 OR AY.99.2 OR AY.100 OR AY.101 OR AY.102 OR AY.102.1 OR AY.102.2 OR AY.103 OR AY.103.1 OR AY.103.2 OR AY.104 OR AY.105 OR AY.106 OR AY.107 OR AY.108 OR AY.109 OR AY.110 OR AY.111 OR AY.112 OR AY.112.1 OR AY.112.2 OR AY.112.3 OR AY.113 OR AY.114 OR AY.115 OR AY.116 OR AY.116.1 OR AY.117 OR AY.118 OR AY.119 OR AY.119.1 OR AY.119.2 OR AY.120 OR AY.120.1 OR AY.120.2 OR AY.120.2.1 OR AY.121 OR AY.121.1 OR AY.122 OR AY.122.1 OR AY.122.2 OR AY.122.3 OR AY.122.4 OR AY.122.5 OR AY.122.6 OR AY.123 OR AY.123.1 OR AY.124 OR AY.124.1 OR AY.124.1.1 OR AY.125 OR AY.125.1 OR AY.126 OR AY.127 OR AY.127.1 OR AY.127.2 OR AY.127.3 OR AY.128 OR AY.129 OR AY.130 OR AY.131 OR AY.132 OR AY.133 OR AY.134 OR B.1.617.2,Delta,54.2857142857143,0,0
2022-04-12,60,0,39.1428571428571,0,0,1.25101025353066e-05,0.0619903842693526,AY.1 OR AY.2 OR AY.3 OR AY.3.1 OR AY.3.2 OR AY.3.3 OR AY.3.4 OR AY.4 OR AY.4.1 OR AY.4.2 OR AY.4.2.1 OR AY.4.2.2 OR AY.4.2.3 OR AY.4.2.4 OR AY.4.2.5 OR AY.4.3 OR AY.4.4 OR AY.4.5 OR AY.4.6 OR AY.4.7 OR AY.4.8 OR AY.4.9 OR AY.4.10 OR AY.4.11 OR AY.4.12 OR AY.4.13 OR AY.4.14 OR AY.4.15 OR AY.4.16 OR AY.4.17 OR AY.5 OR AY.5.1 OR AY.5.2 OR AY.5.3 OR AY.5.4 OR AY.5.5 OR AY.5.6 OR AY.5.7 OR AY.6 OR AY.7 OR AY.7.1 OR AY.7.2 OR AY.8 OR AY.9 OR AY.9.1 OR AY.9.2 OR AY.9.2.1 OR AY.9.2.2 OR AY.10 OR AY.11 OR AY.12 OR AY.13 OR AY.14 OR AY.15 OR AY.16 OR AY.16.1 OR AY.17 OR AY.18 OR AY.19 OR AY.20 OR AY.20.1 OR AY.21 OR AY.22 OR AY.23 OR AY.23.1 OR AY.23.2 OR AY.24 OR AY.24.1 OR AY.25 OR AY.25.1 OR AY.25.1.1 OR AY.25.1.2 OR AY.25.2 OR AY.25.3 OR AY.26 OR AY.26.1 OR AY.27 OR AY.28 OR AY.29 OR AY.29.1 OR AY.29.2 OR AY.30 OR AY.31 OR AY.32 OR AY.33 OR AY.33.1 OR AY.33.2 OR AY.34 OR AY.34.1 OR AY.34.1.1 OR AY.34.2 OR AY.35 OR AY.36 OR AY.36.1 OR AY.37 OR AY.38 OR AY.39 OR AY.39.1 OR AY.39.1.1 OR AY.39.1.2 OR AY.39.1.3 OR AY.39.1.4 OR AY.39.2 OR AY.39.3 OR AY.39.4 OR AY.40 OR AY.41 OR AY.42 OR AY.42.1 OR AY.43 OR AY.43.1 OR AY.43.2 OR AY.43.3 OR AY.43.4 OR AY.43.5 OR AY.43.6 OR AY.43.7 OR AY.43.8 OR AY.43.9 OR AY.44 OR AY.45 OR AY.46 OR AY.46.1 OR AY.46.2 OR AY.46.3 OR AY.46.4 OR AY.46.5 OR AY.46.6 OR AY.46.6.1 OR AY.47 OR AY.48 OR AY.49 OR AY.50 OR AY.51 OR AY.52 OR AY.53 OR AY.54 OR AY.55 OR AY.56 OR AY.57 OR AY.58 OR AY.59 OR AY.60 OR AY.61 OR AY.62 OR AY.63 OR AY.64 OR AY.65 OR AY.66 OR AY.67 OR AY.68 OR AY.69 OR AY.70 OR AY.71 OR AY.72 OR AY.73 OR AY.74 OR AY.75 OR AY.75.1 OR AY.75.2 OR AY.75.3 OR AY.76 OR AY.77 OR AY.78 OR AY.79 OR AY.80 OR AY.81 OR AY.82 OR AY.83 OR AY.84 OR AY.85 OR AY.86 OR AY.87 OR AY.88 OR AY.89 OR AY.90 OR AY.91 OR AY.91.1 OR AY.92 OR AY.93 OR AY.94 OR AY.95 OR AY.96 OR AY.97 OR AY.98 OR AY.98.1 OR AY.98.1.1 OR AY.99 OR AY.99.1 OR AY.99.2 OR AY.100 OR AY.101 OR AY.102 OR AY.102.1 OR AY.102.2 OR AY.103 OR AY.103.1 OR AY.103.2 OR AY.104 OR AY.105 OR AY.106 OR AY.107 OR AY.108 OR AY.109 OR AY.110 OR AY.111 OR AY.112 OR AY.112.1 OR AY.112.2 OR AY.112.3 OR AY.113 OR AY.114 OR AY.115 OR AY.116 OR AY.116.1 OR AY.117 OR AY.118 OR AY.119 OR AY.119.1 OR AY.119.2 OR AY.120 OR AY.120.1 OR AY.120.2 OR AY.120.2.1 OR AY.121 OR AY.121.1 OR AY.122 OR AY.122.1 OR AY.122.2 OR AY.122.3 OR AY.122.4 OR AY.122.5 OR AY.122.6 OR AY.123 OR AY.123.1 OR AY.124 OR AY.124.1 OR AY.124.1.1 OR AY.125 OR AY.125.1 OR AY.126 OR AY.127 OR AY.127.1 OR AY.127.2 OR AY.127.3 OR AY.128 OR AY.129 OR AY.130 OR AY.131 OR AY.132 OR AY.133 OR AY.134 OR B.1.617.2,Delta,49.4285714285714,0,0
2022-04-13,15,0,39.5714285714286,0,0,1.21993065751864e-05,0.0604979752140797,AY.1 OR AY.2 OR AY.3 OR AY.3.1 OR AY.3.2 OR AY.3.3 OR AY.3.4 OR AY.4 OR AY.4.1 OR AY.4.2 OR AY.4.2.1 OR AY.4.2.2 OR AY.4.2.3 OR AY.4.2.4 OR AY.4.2.5 OR AY.4.3 OR AY.4.4 OR AY.4.5 OR AY.4.6 OR AY.4.7 OR AY.4.8 OR AY.4.9 OR AY.4.10 OR AY.4.11 OR AY.4.12 OR AY.4.13 OR AY.4.14 OR AY.4.15 OR AY.4.16 OR AY.4.17 OR AY.5 OR AY.5.1 OR AY.5.2 OR AY.5.3 OR AY.5.4 OR AY.5.5 OR AY.5.6 OR AY.5.7 OR AY.6 OR AY.7 OR AY.7.1 OR AY.7.2 OR AY.8 OR AY.9 OR AY.9.1 OR AY.9.2 OR AY.9.2.1 OR AY.9.2.2 OR AY.10 OR AY.11 OR AY.12 OR AY.13 OR AY.14 OR AY.15 OR AY.16 OR AY.16.1 OR AY.17 OR AY.18 OR AY.19 OR AY.20 OR AY.20.1 OR AY.21 OR AY.22 OR AY.23 OR AY.23.1 OR AY.23.2 OR AY.24 OR AY.24.1 OR AY.25 OR AY.25.1 OR AY.25.1.1 OR AY.25.1.2 OR AY.25.2 OR AY.25.3 OR AY.26 OR AY.26.1 OR AY.27 OR AY.28 OR AY.29 OR AY.29.1 OR AY.29.2 OR AY.30 OR AY.31 OR AY.32 OR AY.33 OR AY.33.1 OR AY.33.2 OR AY.34 OR AY.34.1 OR AY.34.1.1 OR AY.34.2 OR AY.35 OR AY.36 OR AY.36.1 OR AY.37 OR AY.38 OR AY.39 OR AY.39.1 OR AY.39.1.1 OR AY.39.1.2 OR AY.39.1.3 OR AY.39.1.4 OR AY.39.2 OR AY.39.3 OR AY.39.4 OR AY.40 OR AY.41 OR AY.42 OR AY.42.1 OR AY.43 OR AY.43.1 OR AY.43.2 OR AY.43.3 OR AY.43.4 OR AY.43.5 OR AY.43.6 OR AY.43.7 OR AY.43.8 OR AY.43.9 OR AY.44 OR AY.45 OR AY.46 OR AY.46.1 OR AY.46.2 OR AY.46.3 OR AY.46.4 OR AY.46.5 OR AY.46.6 OR AY.46.6.1 OR AY.47 OR AY.48 OR AY.49 OR AY.50 OR AY.51 OR AY.52 OR AY.53 OR AY.54 OR AY.55 OR AY.56 OR AY.57 OR AY.58 OR AY.59 OR AY.60 OR AY.61 OR AY.62 OR AY.63 OR AY.64 OR AY.65 OR AY.66 OR AY.67 OR AY.68 OR AY.69 OR AY.70 OR AY.71 OR AY.72 OR AY.73 OR AY.74 OR AY.75 OR AY.75.1 OR AY.75.2 OR AY.75.3 OR AY.76 OR AY.77 OR AY.78 OR AY.79 OR AY.80 OR AY.81 OR AY.82 OR AY.83 OR AY.84 OR AY.85 OR AY.86 OR AY.87 OR AY.88 OR AY.89 OR AY.90 OR AY.91 OR AY.91.1 OR AY.92 OR AY.93 OR AY.94 OR AY.95 OR AY.96 OR AY.97 OR AY.98 OR AY.98.1 OR AY.98.1.1 OR AY.99 OR AY.99.1 OR AY.99.2 OR AY.100 OR AY.101 OR AY.102 OR AY.102.1 OR AY.102.2 OR AY.103 OR AY.103.1 OR AY.103.2 OR AY.104 OR AY.105 OR AY.106 OR AY.107 OR AY.108 OR AY.109 OR AY.110 OR AY.111 OR AY.112 OR AY.112.1 OR AY.112.2 OR AY.112.3 OR AY.113 OR AY.114 OR AY.115 OR AY.116 OR AY.116.1 OR AY.117 OR AY.118 OR AY.119 OR AY.119.1 OR AY.119.2 OR AY.120 OR AY.120.1 OR AY.120.2 OR AY.120.2.1 OR AY.121 OR AY.121.1 OR AY.122 OR AY.122.1 OR AY.122.2 OR AY.122.3 OR AY.122.4 OR AY.122.5 OR AY.122.6 OR AY.123 OR AY.123.1 OR AY.124 OR AY.124.1 OR AY.124.1.1 OR AY.125 OR AY.125.1 OR AY.126 OR AY.127 OR AY.127.1 OR AY.127.2 OR AY.127.3 OR AY.128 OR AY.129 OR AY.130 OR AY.131 OR AY.132 OR AY.133 OR AY.134 OR B.1.617.2,Delta,46.0714285714286,0,0
2022-04-14,10,0,31.5714285714286,0,0,1.52253043245215e-05,0.0749277634292839,AY.1 OR AY.2 OR AY.3 OR AY.3.1 OR AY.3.2 OR AY.3.3 OR AY.3.4 OR AY.4 OR AY.4.1 OR AY.4.2 OR AY.4.2.1 OR AY.4.2.2 OR AY.4.2.3 OR AY.4.2.4 OR AY.4.2.5 OR AY.4.3 OR AY.4.4 OR AY.4.5 OR AY.4.6 OR AY.4.7 OR AY.4.8 OR AY.4.9 OR AY.4.10 OR AY.4.11 OR AY.4.12 OR AY.4.13 OR AY.4.14 OR AY.4.15 OR AY.4.16 OR AY.4.17 OR AY.5 OR AY.5.1 OR AY.5.2 OR AY.5.3 OR AY.5.4 OR AY.5.5 OR AY.5.6 OR AY.5.7 OR AY.6 OR AY.7 OR AY.7.1 OR AY.7.2 OR AY.8 OR AY.9 OR AY.9.1 OR AY.9.2 OR AY.9.2.1 OR AY.9.2.2 OR AY.10 OR AY.11 OR AY.12 OR AY.13 OR AY.14 OR AY.15 OR AY.16 OR AY.16.1 OR AY.17 OR AY.18 OR AY.19 OR AY.20 OR AY.20.1 OR AY.21 OR AY.22 OR AY.23 OR AY.23.1 OR AY.23.2 OR AY.24 OR AY.24.1 OR AY.25 OR AY.25.1 OR AY.25.1.1 OR AY.25.1.2 OR AY.25.2 OR AY.25.3 OR AY.26 OR AY.26.1 OR AY.27 OR AY.28 OR AY.29 OR AY.29.1 OR AY.29.2 OR AY.30 OR AY.31 OR AY.32 OR AY.33 OR AY.33.1 OR AY.33.2 OR AY.34 OR AY.34.1 OR AY.34.1.1 OR AY.34.2 OR AY.35 OR AY.36 OR AY.36.1 OR AY.37 OR AY.38 OR AY.39 OR AY.39.1 OR AY.39.1.1 OR AY.39.1.2 OR AY.39.1.3 OR AY.39.1.4 OR AY.39.2 OR AY.39.3 OR AY.39.4 OR AY.40 OR AY.41 OR AY.42 OR AY.42.1 OR AY.43 OR AY.43.1 OR AY.43.2 OR AY.43.3 OR AY.43.4 OR AY.43.5 OR AY.43.6 OR AY.43.7 OR AY.43.8 OR AY.43.9 OR AY.44 OR AY.45 OR AY.46 OR AY.46.1 OR AY.46.2 OR AY.46.3 OR AY.46.4 OR AY.46.5 OR AY.46.6 OR AY.46.6.1 OR AY.47 OR AY.48 OR AY.49 OR AY.50 OR AY.51 OR AY.52 OR AY.53 OR AY.54 OR AY.55 OR AY.56 OR AY.57 OR AY.58 OR AY.59 OR AY.60 OR AY.61 OR AY.62 OR AY.63 OR AY.64 OR AY.65 OR AY.66 OR AY.67 OR AY.68 OR AY.69 OR AY.70 OR AY.71 OR AY.72 OR AY.73 OR AY.74 OR AY.75 OR AY.75.1 OR AY.75.2 OR AY.75.3 OR AY.76 OR AY.77 OR AY.78 OR AY.79 OR AY.80 OR AY.81 OR AY.82 OR AY.83 OR AY.84 OR AY.85 OR AY.86 OR AY.87 OR AY.88 OR AY.89 OR AY.90 OR AY.91 OR AY.91.1 OR AY.92 OR AY.93 OR AY.94 OR AY.95 OR AY.96 OR AY.97 OR AY.98 OR AY.98.1 OR AY.98.1.1 OR AY.99 OR AY.99.1 OR AY.99.2 OR AY.100 OR AY.101 OR AY.102 OR AY.102.1 OR AY.102.2 OR AY.103 OR AY.103.1 OR AY.103.2 OR AY.104 OR AY.105 OR AY.106 OR AY.107 OR AY.108 OR AY.109 OR AY.110 OR AY.111 OR AY.112 OR AY.112.1 OR AY.112.2 OR AY.112.3 OR AY.113 OR AY.114 OR AY.115 OR AY.116 OR AY.116.1 OR AY.117 OR AY.118 OR AY.119 OR AY.119.1 OR AY.119.2 OR AY.120 OR AY.120.1 OR AY.120.2 OR AY.120.2.1 OR AY.121 OR AY.121.1 OR AY.122 OR AY.122.1 OR AY.122.2 OR AY.122.3 OR AY.122.4 OR AY.122.5 OR AY.122.6 OR AY.123 OR AY.123.1 OR AY.124 OR AY.124.1 OR AY.124.1.1 OR AY.125 OR AY.125.1 OR AY.126 OR AY.127 OR AY.127.1 OR AY.127.2 OR AY.127.3 OR AY.128 OR AY.129 OR AY.130 OR AY.131 OR AY.132 OR AY.133 OR AY.134 OR B.1.617.2,Delta,40.0714285714286,0,0
2022-04-15,34,0,32.4285714285714,0,0,1.52253043245215e-05,0.0749277634292839,AY.1 OR AY.2 OR AY.3 OR AY.3.1 OR AY.3.2 OR AY.3.3 OR AY.3.4 OR AY.4 OR AY.4.1 OR AY.4.2 OR AY.4.2.1 OR AY.4.2.2 OR AY.4.2.3 OR AY.4.2.4 OR AY.4.2.5 OR AY.4.3 OR AY.4.4 OR AY.4.5 OR AY.4.6 OR AY.4.7 OR AY.4.8 OR AY.4.9 OR AY.4.10 OR AY.4.11 OR AY.4.12 OR AY.4.13 OR AY.4.14 OR AY.4.15 OR AY.4.16 OR AY.4.17 OR AY.5 OR AY.5.1 OR AY.5.2 OR AY.5.3 OR AY.5.4 OR AY.5.5 OR AY.5.6 OR AY.5.7 OR AY.6 OR AY.7 OR AY.7.1 OR AY.7.2 OR AY.8 OR AY.9 OR AY.9.1 OR AY.9.2 OR AY.9.2.1 OR AY.9.2.2 OR AY.10 OR AY.11 OR AY.12 OR AY.13 OR AY.14 OR AY.15 OR AY.16 OR AY.16.1 OR AY.17 OR AY.18 OR AY.19 OR AY.20 OR AY.20.1 OR AY.21 OR AY.22 OR AY.23 OR AY.23.1 OR AY.23.2 OR AY.24 OR AY.24.1 OR AY.25 OR AY.25.1 OR AY.25.1.1 OR AY.25.1.2 OR AY.25.2 OR AY.25.3 OR AY.26 OR AY.26.1 OR AY.27 OR AY.28 OR AY.29 OR AY.29.1 OR AY.29.2 OR AY.30 OR AY.31 OR AY.32 OR AY.33 OR AY.33.1 OR AY.33.2 OR AY.34 OR AY.34.1 OR AY.34.1.1 OR AY.34.2 OR AY.35 OR AY.36 OR AY.36.1 OR AY.37 OR AY.38 OR AY.39 OR AY.39.1 OR AY.39.1.1 OR AY.39.1.2 OR AY.39.1.3 OR AY.39.1.4 OR AY.39.2 OR AY.39.3 OR AY.39.4 OR AY.40 OR AY.41 OR AY.42 OR AY.42.1 OR AY.43 OR AY.43.1 OR AY.43.2 OR AY.43.3 OR AY.43.4 OR AY.43.5 OR AY.43.6 OR AY.43.7 OR AY.43.8 OR AY.43.9 OR AY.44 OR AY.45 OR AY.46 OR AY.46.1 OR AY.46.2 OR AY.46.3 OR AY.46.4 OR AY.46.5 OR AY.46.6 OR AY.46.6.1 OR AY.47 OR AY.48 OR AY.49 OR AY.50 OR AY.51 OR AY.52 OR AY.53 OR AY.54 OR AY.55 OR AY.56 OR AY.57 OR AY.58 OR AY.59 OR AY.60 OR AY.61 OR AY.62 OR AY.63 OR AY.64 OR AY.65 OR AY.66 OR AY.67 OR AY.68 OR AY.69 OR AY.70 OR AY.71 OR AY.72 OR AY.73 OR AY.74 OR AY.75 OR AY.75.1 OR AY.75.2 OR AY.75.3 OR AY.76 OR AY.77 OR AY.78 OR AY.79 OR AY.80 OR AY.81 OR AY.82 OR AY.83 OR AY.84 OR AY.85 OR AY.86 OR AY.87 OR AY.88 OR AY.89 OR AY.90 OR AY.91 OR AY.91.1 OR AY.92 OR AY.93 OR AY.94 OR AY.95 OR AY.96 OR AY.97 OR AY.98 OR AY.98.1 OR AY.98.1.1 OR AY.99 OR AY.99.1 OR AY.99.2 OR AY.100 OR AY.101 OR AY.102 OR AY.102.1 OR AY.102.2 OR AY.103 OR AY.103.1 OR AY.103.2 OR AY.104 OR AY.105 OR AY.106 OR AY.107 OR AY.108 OR AY.109 OR AY.110 OR AY.111 OR AY.112 OR AY.112.1 OR AY.112.2 OR AY.112.3 OR AY.113 OR AY.114 OR AY.115 OR AY.116 OR AY.116.1 OR AY.117 OR AY.118 OR AY.119 OR AY.119.1 OR AY.119.2 OR AY.120 OR AY.120.1 OR AY.120.2 OR AY.120.2.1 OR AY.121 OR AY.121.1 OR AY.122 OR AY.122.1 OR AY.122.2 OR AY.122.3 OR AY.122.4 OR AY.122.5 OR AY.122.6 OR AY.123 OR AY.123.1 OR AY.124 OR AY.124.1 OR AY.124.1.1 OR AY.125 OR AY.125.1 OR AY.126 OR AY.127 OR AY.127.1 OR AY.127.2 OR AY.127.3 OR AY.128 OR AY.129 OR AY.130 OR AY.131 OR AY.132 OR AY.133 OR AY.134 OR B.1.617.2,Delta,39.3571428571429,0,0
2022-04-16,4,0,32.4285714285714,0,0,1.52253043245215e-05,0.0749277634292839,AY.1 OR AY.2 OR AY.3 OR AY.3.1 OR AY.3.2 OR AY.3.3 OR AY.3.4 OR AY.4 OR AY.4.1 OR AY.4.2 OR AY.4.2.1 OR AY.4.2.2 OR AY.4.2.3 OR AY.4.2.4 OR AY.4.2.5 OR AY.4.3 OR AY.4.4 OR AY.4.5 OR AY.4.6 OR AY.4.7 OR AY.4.8 OR AY.4.9 OR AY.4.10 OR AY.4.11 OR AY.4.12 OR AY.4.13 OR AY.4.14 OR AY.4.15 OR AY.4.16 OR AY.4.17 OR AY.5 OR AY.5.1 OR AY.5.2 OR AY.5.3 OR AY.5.4 OR AY.5.5 OR AY.5.6 OR AY.5.7 OR AY.6 OR AY.7 OR AY.7.1 OR AY.7.2 OR AY.8 OR AY.9 OR AY.9.1 OR AY.9.2 OR AY.9.2.1 OR AY.9.2.2 OR AY.10 OR AY.11 OR AY.12 OR AY.13 OR AY.14 OR AY.15 OR AY.16 OR AY.16.1 OR AY.17 OR AY.18 OR AY.19 OR AY.20 OR AY.20.1 OR AY.21 OR AY.22 OR AY.23 OR AY.23.1 OR AY.23.2 OR AY.24 OR AY.24.1 OR AY.25 OR AY.25.1 OR AY.25.1.1 OR AY.25.1.2 OR AY.25.2 OR AY.25.3 OR AY.26 OR AY.26.1 OR AY.27 OR AY.28 OR AY.29 OR AY.29.1 OR AY.29.2 OR AY.30 OR AY.31 OR AY.32 OR AY.33 OR AY.33.1 OR AY.33.2 OR AY.34 OR AY.34.1 OR AY.34.1.1 OR AY.34.2 OR AY.35 OR AY.36 OR AY.36.1 OR AY.37 OR AY.38 OR AY.39 OR AY.39.1 OR AY.39.1.1 OR AY.39.1.2 OR AY.39.1.3 OR AY.39.1.4 OR AY.39.2 OR AY.39.3 OR AY.39.4 OR AY.40 OR AY.41 OR AY.42 OR AY.42.1 OR AY.43 OR AY.43.1 OR AY.43.2 OR AY.43.3 OR AY.43.4 OR AY.43.5 OR AY.43.6 OR AY.43.7 OR AY.43.8 OR AY.43.9 OR AY.44 OR AY.45 OR AY.46 OR AY.46.1 OR AY.46.2 OR AY.46.3 OR AY.46.4 OR AY.46.5 OR AY.46.6 OR AY.46.6.1 OR AY.47 OR AY.48 OR AY.49 OR AY.50 OR AY.51 OR AY.52 OR AY.53 OR AY.54 OR AY.55 OR AY.56 OR AY.57 OR AY.58 OR AY.59 OR AY.60 OR AY.61 OR AY.62 OR AY.63 OR AY.64 OR AY.65 OR AY.66 OR AY.67 OR AY.68 OR AY.69 OR AY.70 OR AY.71 OR AY.72 OR AY.73 OR AY.74 OR AY.75 OR AY.75.1 OR AY.75.2 OR AY.75.3 OR AY.76 OR AY.77 OR AY.78 OR AY.79 OR AY.80 OR AY.81 OR AY.82 OR AY.83 OR AY.84 OR AY.85 OR AY.86 OR AY.87 OR AY.88 OR AY.89 OR AY.90 OR AY.91 OR AY.91.1 OR AY.92 OR AY.93 OR AY.94 OR AY.95 OR AY.96 OR AY.97 OR AY.98 OR AY.98.1 OR AY.98.1.1 OR AY.99 OR AY.99.1 OR AY.99.2 OR AY.100 OR AY.101 OR AY.102 OR AY.102.1 OR AY.102.2 OR AY.103 OR AY.103.1 OR AY.103.2 OR AY.104 OR AY.105 OR AY.106 OR AY.107 OR AY.108 OR AY.109 OR AY.110 OR AY.111 OR AY.112 OR AY.112.1 OR AY.112.2 OR AY.112.3 OR AY.113 OR AY.114 OR AY.115 OR AY.116 OR AY.116.1 OR AY.117 OR AY.118 OR AY.119 OR AY.119.1 OR AY.119.2 OR AY.120 OR AY.120.1 OR AY.120.2 OR AY.120.2.1 OR AY.121 OR AY.121.1 OR AY.122 OR AY.122.1 OR AY.122.2 OR AY.122.3 OR AY.122.4 OR AY.122.5 OR AY.122.6 OR AY.123 OR AY.123.1 OR AY.124 OR AY.124.1 OR AY.124.1.1 OR AY.125 OR AY.125.1 OR AY.126 OR AY.127 OR AY.127.1 OR AY.127.2 OR AY.127.3 OR AY.128 OR AY.129 OR AY.130 OR AY.131 OR AY.132 OR AY.133 OR AY.134 OR B.1.617.2,Delta,38.9285714285714,0,0
2022-04-17,3,0,32,0,0,1.52253043245215e-05,0.0749277634292839,AY.1 OR AY.2 OR AY.3 OR AY.3.1 OR AY.3.2 OR AY.3.3 OR AY.3.4 OR AY.4 OR AY.4.1 OR AY.4.2 OR AY.4.2.1 OR AY.4.2.2 OR AY.4.2.3 OR AY.4.2.4 OR AY.4.2.5 OR AY.4.3 OR AY.4.4 OR AY.4.5 OR AY.4.6 OR AY.4.7 OR AY.4.8 OR AY.4.9 OR AY.4.10 OR AY.4.11 OR AY.4.12 OR AY.4.13 OR AY.4.14 OR AY.4.15 OR AY.4.16 OR AY.4.17 OR AY.5 OR AY.5.1 OR AY.5.2 OR AY.5.3 OR AY.5.4 OR AY.5.5 OR AY.5.6 OR AY.5.7 OR AY.6 OR AY.7 OR AY.7.1 OR AY.7.2 OR AY.8 OR AY.9 OR AY.9.1 OR AY.9.2 OR AY.9.2.1 OR AY.9.2.2 OR AY.10 OR AY.11 OR AY.12 OR AY.13 OR AY.14 OR AY.15 OR AY.16 OR AY.16.1 OR AY.17 OR AY.18 OR AY.19 OR AY.20 OR AY.20.1 OR AY.21 OR AY.22 OR AY.23 OR AY.23.1 OR AY.23.2 OR AY.24 OR AY.24.1 OR AY.25 OR AY.25.1 OR AY.25.1.1 OR AY.25.1.2 OR AY.25.2 OR AY.25.3 OR AY.26 OR AY.26.1 OR AY.27 OR AY.28 OR AY.29 OR AY.29.1 OR AY.29.2 OR AY.30 OR AY.31 OR AY.32 OR AY.33 OR AY.33.1 OR AY.33.2 OR AY.34 OR AY.34.1 OR AY.34.1.1 OR AY.34.2 OR AY.35 OR AY.36 OR AY.36.1 OR AY.37 OR AY.38 OR AY.39 OR AY.39.1 OR AY.39.1.1 OR AY.39.1.2 OR AY.39.1.3 OR AY.39.1.4 OR AY.39.2 OR AY.39.3 OR AY.39.4 OR AY.40 OR AY.41 OR AY.42 OR AY.42.1 OR AY.43 OR AY.43.1 OR AY.43.2 OR AY.43.3 OR AY.43.4 OR AY.43.5 OR AY.43.6 OR AY.43.7 OR AY.43.8 OR AY.43.9 OR AY.44 OR AY.45 OR AY.46 OR AY.46.1 OR AY.46.2 OR AY.46.3 OR AY.46.4 OR AY.46.5 OR AY.46.6 OR AY.46.6.1 OR AY.47 OR AY.48 OR AY.49 OR AY.50 OR AY.51 OR AY.52 OR AY.53 OR AY.54 OR AY.55 OR AY.56 OR AY.57 OR AY.58 OR AY.59 OR AY.60 OR AY.61 OR AY.62 OR AY.63 OR AY.64 OR AY.65 OR AY.66 OR AY.67 OR AY.68 OR AY.69 OR AY.70 OR AY.71 OR AY.72 OR AY.73 OR AY.74 OR AY.75 OR AY.75.1 OR AY.75.2 OR AY.75.3 OR AY.76 OR AY.77 OR AY.78 OR AY.79 OR AY.80 OR AY.81 OR AY.82 OR AY.83 OR AY.84 OR AY.85 OR AY.86 OR AY.87 OR AY.88 OR AY.89 OR AY.90 OR AY.91 OR AY.91.1 OR AY.92 OR AY.93 OR AY.94 OR AY.95 OR AY.96 OR AY.97 OR AY.98 OR AY.98.1 OR AY.98.1.1 OR AY.99 OR AY.99.1 OR AY.99.2 OR AY.100 OR AY.101 OR AY.102 OR AY.102.1 OR AY.102.2 OR AY.103 OR AY.103.1 OR AY.103.2 OR AY.104 OR AY.105 OR AY.106 OR AY.107 OR AY.108 OR AY.109 OR AY.110 OR AY.111 OR AY.112 OR AY.112.1 OR AY.112.2 OR AY.112.3 OR AY.113 OR AY.114 OR AY.115 OR AY.116 OR AY.116.1 OR AY.117 OR AY.118 OR AY.119 OR AY.119.1 OR AY.119.2 OR AY.120 OR AY.120.1 OR AY.120.2 OR AY.120.2.1 OR AY.121 OR AY.121.1 OR AY.122 OR AY.122.1 OR AY.122.2 OR AY.122.3 OR AY.122.4 OR AY.122.5 OR AY.122.6 OR AY.123 OR AY.123.1 OR AY.124 OR AY.124.1 OR AY.124.1.1 OR AY.125 OR AY.125.1 OR AY.126 OR AY.127 OR AY.127.1 OR AY.127.2 OR AY.127.3 OR AY.128 OR AY.129 OR AY.130 OR AY.131 OR AY.132 OR AY.133 OR AY.134 OR B.1.617.2,Delta,38.7142857142857,0,0
2022-04-18,3,0,18.4285714285714,0,0,2.69031173009093e-05,0.12855821182176,AY.1 OR AY.2 OR AY.3 OR AY.3.1 OR AY.3.2 OR AY.3.3 OR AY.3.4 OR AY.4 OR AY.4.1 OR AY.4.2 OR AY.4.2.1 OR AY.4.2.2 OR AY.4.2.3 OR AY.4.2.4 OR AY.4.2.5 OR AY.4.3 OR AY.4.4 OR AY.4.5 OR AY.4.6 OR AY.4.7 OR AY.4.8 OR AY.4.9 OR AY.4.10 OR AY.4.11 OR AY.4.12 OR AY.4.13 OR AY.4.14 OR AY.4.15 OR AY.4.16 OR AY.4.17 OR AY.5 OR AY.5.1 OR AY.5.2 OR AY.5.3 OR AY.5.4 OR AY.5.5 OR AY.5.6 OR AY.5.7 OR AY.6 OR AY.7 OR AY.7.1 OR AY.7.2 OR AY.8 OR AY.9 OR AY.9.1 OR AY.9.2 OR AY.9.2.1 OR AY.9.2.2 OR AY.10 OR AY.11 OR AY.12 OR AY.13 OR AY.14 OR AY.15 OR AY.16 OR AY.16.1 OR AY.17 OR AY.18 OR AY.19 OR AY.20 OR AY.20.1 OR AY.21 OR AY.22 OR AY.23 OR AY.23.1 OR AY.23.2 OR AY.24 OR AY.24.1 OR AY.25 OR AY.25.1 OR AY.25.1.1 OR AY.25.1.2 OR AY.25.2 OR AY.25.3 OR AY.26 OR AY.26.1 OR AY.27 OR AY.28 OR AY.29 OR AY.29.1 OR AY.29.2 OR AY.30 OR AY.31 OR AY.32 OR AY.33 OR AY.33.1 OR AY.33.2 OR AY.34 OR AY.34.1 OR AY.34.1.1 OR AY.34.2 OR AY.35 OR AY.36 OR AY.36.1 OR AY.37 OR AY.38 OR AY.39 OR AY.39.1 OR AY.39.1.1 OR AY.39.1.2 OR AY.39.1.3 OR AY.39.1.4 OR AY.39.2 OR AY.39.3 OR AY.39.4 OR AY.40 OR AY.41 OR AY.42 OR AY.42.1 OR AY.43 OR AY.43.1 OR AY.43.2 OR AY.43.3 OR AY.43.4 OR AY.43.5 OR AY.43.6 OR AY.43.7 OR AY.43.8 OR AY.43.9 OR AY.44 OR AY.45 OR AY.46 OR AY.46.1 OR AY.46.2 OR AY.46.3 OR AY.46.4 OR AY.46.5 OR AY.46.6 OR AY.46.6.1 OR AY.47 OR AY.48 OR AY.49 OR AY.50 OR AY.51 OR AY.52 OR AY.53 OR AY.54 OR AY.55 OR AY.56 OR AY.57 OR AY.58 OR AY.59 OR AY.60 OR AY.61 OR AY.62 OR AY.63 OR AY.64 OR AY.65 OR AY.66 OR AY.67 OR AY.68 OR AY.69 OR AY.70 OR AY.71 OR AY.72 OR AY.73 OR AY.74 OR AY.75 OR AY.75.1 OR AY.75.2 OR AY.75.3 OR AY.76 OR AY.77 OR AY.78 OR AY.79 OR AY.80 OR AY.81 OR AY.82 OR AY.83 OR AY.84 OR AY.85 OR AY.86 OR AY.87 OR AY.88 OR AY.89 OR AY.90 OR AY.91 OR AY.91.1 OR AY.92 OR AY.93 OR AY.94 OR AY.95 OR AY.96 OR AY.97 OR AY.98 OR AY.98.1 OR AY.98.1.1 OR AY.99 OR AY.99.1 OR AY.99.2 OR AY.100 OR AY.101 OR AY.102 OR AY.102.1 OR AY.102.2 OR AY.103 OR AY.103.1 OR AY.103.2 OR AY.104 OR AY.105 OR AY.106 OR AY.107 OR AY.108 OR AY.109 OR AY.110 OR AY.111 OR AY.112 OR AY.112.1 OR AY.112.2 OR AY.112.3 OR AY.113 OR AY.114 OR AY.115 OR AY.116 OR AY.116.1 OR AY.117 OR AY.118 OR AY.119 OR AY.119.1 OR AY.119.2 OR AY.120 OR AY.120.1 OR AY.120.2 OR AY.120.2.1 OR AY.121 OR AY.121.1 OR AY.122 OR AY.122.1 OR AY.122.2 OR AY.122.3 OR AY.122.4 OR AY.122.5 OR AY.122.6 OR AY.123 OR AY.123.1 OR AY.124 OR AY.124.1 OR AY.124.1.1 OR AY.125 OR AY.125.1 OR AY.126 OR AY.127 OR AY.127.1 OR AY.127.2 OR AY.127.3 OR AY.128 OR AY.129 OR AY.130 OR AY.131 OR AY.132 OR AY.133 OR AY.134 OR B.1.617.2,Delta,30.0714285714286,0,0
2022-04-19,25,0,13.4285714285714,0,0,3.70519332987658e-05,0.172619445282057,AY.1 OR AY.2 OR AY.3 OR AY.3.1 OR AY.3.2 OR AY.3.3 OR AY.3.4 OR AY.4 OR AY.4.1 OR AY.4.2 OR AY.4.2.1 OR AY.4.2.2 OR AY.4.2.3 OR AY.4.2.4 OR AY.4.2.5 OR AY.4.3 OR AY.4.4 OR AY.4.5 OR AY.4.6 OR AY.4.7 OR AY.4.8 OR AY.4.9 OR AY.4.10 OR AY.4.11 OR AY.4.12 OR AY.4.13 OR AY.4.14 OR AY.4.15 OR AY.4.16 OR AY.4.17 OR AY.5 OR AY.5.1 OR AY.5.2 OR AY.5.3 OR AY.5.4 OR AY.5.5 OR AY.5.6 OR AY.5.7 OR AY.6 OR AY.7 OR AY.7.1 OR AY.7.2 OR AY.8 OR AY.9 OR AY.9.1 OR AY.9.2 OR AY.9.2.1 OR AY.9.2.2 OR AY.10 OR AY.11 OR AY.12 OR AY.13 OR AY.14 OR AY.15 OR AY.16 OR AY.16.1 OR AY.17 OR AY.18 OR AY.19 OR AY.20 OR AY.20.1 OR AY.21 OR AY.22 OR AY.23 OR AY.23.1 OR AY.23.2 OR AY.24 OR AY.24.1 OR AY.25 OR AY.25.1 OR AY.25.1.1 OR AY.25.1.2 OR AY.25.2 OR AY.25.3 OR AY.26 OR AY.26.1 OR AY.27 OR AY.28 OR AY.29 OR AY.29.1 OR AY.29.2 OR AY.30 OR AY.31 OR AY.32 OR AY.33 OR AY.33.1 OR AY.33.2 OR AY.34 OR AY.34.1 OR AY.34.1.1 OR AY.34.2 OR AY.35 OR AY.36 OR AY.36.1 OR AY.37 OR AY.38 OR AY.39 OR AY.39.1 OR AY.39.1.1 OR AY.39.1.2 OR AY.39.1.3 OR AY.39.1.4 OR AY.39.2 OR AY.39.3 OR AY.39.4 OR AY.40 OR AY.41 OR AY.42 OR AY.42.1 OR AY.43 OR AY.43.1 OR AY.43.2 OR AY.43.3 OR AY.43.4 OR AY.43.5 OR AY.43.6 OR AY.43.7 OR AY.43.8 OR AY.43.9 OR AY.44 OR AY.45 OR AY.46 OR AY.46.1 OR AY.46.2 OR AY.46.3 OR AY.46.4 OR AY.46.5 OR AY.46.6 OR AY.46.6.1 OR AY.47 OR AY.48 OR AY.49 OR AY.50 OR AY.51 OR AY.52 OR AY.53 OR AY.54 OR AY.55 OR AY.56 OR AY.57 OR AY.58 OR AY.59 OR AY.60 OR AY.61 OR AY.62 OR AY.63 OR AY.64 OR AY.65 OR AY.66 OR AY.67 OR AY.68 OR AY.69 OR AY.70 OR AY.71 OR AY.72 OR AY.73 OR AY.74 OR AY.75 OR AY.75.1 OR AY.75.2 OR AY.75.3 OR AY.76 OR AY.77 OR AY.78 OR AY.79 OR AY.80 OR AY.81 OR AY.82 OR AY.83 OR AY.84 OR AY.85 OR AY.86 OR AY.87 OR AY.88 OR AY.89 OR AY.90 OR AY.91 OR AY.91.1 OR AY.92 OR AY.93 OR AY.94 OR AY.95 OR AY.96 OR AY.97 OR AY.98 OR AY.98.1 OR AY.98.1.1 OR AY.99 OR AY.99.1 OR AY.99.2 OR AY.100 OR AY.101 OR AY.102 OR AY.102.1 OR AY.102.2 OR AY.103 OR AY.103.1 OR AY.103.2 OR AY.104 OR AY.105 OR AY.106 OR AY.107 OR AY.108 OR AY.109 OR AY.110 OR AY.111 OR AY.112 OR AY.112.1 OR AY.112.2 OR AY.112.3 OR AY.113 OR AY.114 OR AY.115 OR AY.116 OR AY.116.1 OR AY.117 OR AY.118 OR AY.119 OR AY.119.1 OR AY.119.2 OR AY.120 OR AY.120.1 OR AY.120.2 OR AY.120.2.1 OR AY.121 OR AY.121.1 OR AY.122 OR AY.122.1 OR AY.122.2 OR AY.122.3 OR AY.122.4 OR AY.122.5 OR AY.122.6 OR AY.123 OR AY.123.1 OR AY.124 OR AY.124.1 OR AY.124.1.1 OR AY.125 OR AY.125.1 OR AY.126 OR AY.127 OR AY.127.1 OR AY.127.2 OR AY.127.3 OR AY.128 OR AY.129 OR AY.130 OR AY.131 OR AY.132 OR AY.133 OR AY.134 OR B.1.617.2,Delta,26.2857142857143,0,0
2022-04-20,9,1,12.5714285714286,0.142857142857143,0.0113636363636364,3.70519332987658e-05,0.172619445282057,AY.1 OR AY.2 OR AY.3 OR AY.3.1 OR AY.3.2 OR AY.3.3 OR AY.3.4 OR AY.4 OR AY.4.1 OR AY.4.2 OR AY.4.2.1 OR AY.4.2.2 OR AY.4.2.3 OR AY.4.2.4 OR AY.4.2.5 OR AY.4.3 OR AY.4.4 OR AY.4.5 OR AY.4.6 OR AY.4.7 OR AY.4.8 OR AY.4.9 OR AY.4.10 OR AY.4.11 OR AY.4.12 OR AY.4.13 OR AY.4.14 OR AY.4.15 OR AY.4.16 OR AY.4.17 OR AY.5 OR AY.5.1 OR AY.5.2 OR AY.5.3 OR AY.5.4 OR AY.5.5 OR AY.5.6 OR AY.5.7 OR AY.6 OR AY.7 OR AY.7.1 OR AY.7.2 OR AY.8 OR AY.9 OR AY.9.1 OR AY.9.2 OR AY.9.2.1 OR AY.9.2.2 OR AY.10 OR AY.11 OR AY.12 OR AY.13 OR AY.14 OR AY.15 OR AY.16 OR AY.16.1 OR AY.17 OR AY.18 OR AY.19 OR AY.20 OR AY.20.1 OR AY.21 OR AY.22 OR AY.23 OR AY.23.1 OR AY.23.2 OR AY.24 OR AY.24.1 OR AY.25 OR AY.25.1 OR AY.25.1.1 OR AY.25.1.2 OR AY.25.2 OR AY.25.3 OR AY.26 OR AY.26.1 OR AY.27 OR AY.28 OR AY.29 OR AY.29.1 OR AY.29.2 OR AY.30 OR AY.31 OR AY.32 OR AY.33 OR AY.33.1 OR AY.33.2 OR AY.34 OR AY.34.1 OR AY.34.1.1 OR AY.34.2 OR AY.35 OR AY.36 OR AY.36.1 OR AY.37 OR AY.38 OR AY.39 OR AY.39.1 OR AY.39.1.1 OR AY.39.1.2 OR AY.39.1.3 OR AY.39.1.4 OR AY.39.2 OR AY.39.3 OR AY.39.4 OR AY.40 OR AY.41 OR AY.42 OR AY.42.1 OR AY.43 OR AY.43.1 OR AY.43.2 OR AY.43.3 OR AY.43.4 OR AY.43.5 OR AY.43.6 OR AY.43.7 OR AY.43.8 OR AY.43.9 OR AY.44 OR AY.45 OR AY.46 OR AY.46.1 OR AY.46.2 OR AY.46.3 OR AY.46.4 OR AY.46.5 OR AY.46.6 OR AY.46.6.1 OR AY.47 OR AY.48 OR AY.49 OR AY.50 OR AY.51 OR AY.52 OR AY.53 OR AY.54 OR AY.55 OR AY.56 OR AY.57 OR AY.58 OR AY.59 OR AY.60 OR AY.61 OR AY.62 OR AY.63 OR AY.64 OR AY.65 OR AY.66 OR AY.67 OR AY.68 OR AY.69 OR AY.70 OR AY.71 OR AY.72 OR AY.73 OR AY.74 OR AY.75 OR AY.75.1 OR AY.75.2 OR AY.75.3 OR AY.76 OR AY.77 OR AY.78 OR AY.79 OR AY.80 OR AY.81 OR AY.82 OR AY.83 OR AY.84 OR AY.85 OR AY.86 OR AY.87 OR AY.88 OR AY.89 OR AY.90 OR AY.91 OR AY.91.1 OR AY.92 OR AY.93 OR AY.94 OR AY.95 OR AY.96 OR AY.97 OR AY.98 OR AY.98.1 OR AY.98.1.1 OR AY.99 OR AY.99.1 OR AY.99.2 OR AY.100 OR AY.101 OR AY.102 OR AY.102.1 OR AY.102.2 OR AY.103 OR AY.103.1 OR AY.103.2 OR AY.104 OR AY.105 OR AY.106 OR AY.107 OR AY.108 OR AY.109 OR AY.110 OR AY.111 OR AY.112 OR AY.112.1 OR AY.112.2 OR AY.112.3 OR AY.113 OR AY.114 OR AY.115 OR AY.116 OR AY.116.1 OR AY.117 OR AY.118 OR AY.119 OR AY.119.1 OR AY.119.2 OR AY.120 OR AY.120.1 OR AY.120.2 OR AY.120.2.1 OR AY.121 OR AY.121.1 OR AY.122 OR AY.122.1 OR AY.122.2 OR AY.122.3 OR AY.122.4 OR AY.122.5 OR AY.122.6 OR AY.123 OR AY.123.1 OR AY.124 OR AY.124.1 OR AY.124.1.1 OR AY.125 OR AY.125.1 OR AY.126 OR AY.127 OR AY.127.1 OR AY.127.2 OR AY.127.3 OR AY.128 OR AY.129 OR AY.130 OR AY.131 OR AY.132 OR AY.133 OR AY.134 OR B.1.617.2,Delta,26.0714285714286,0.0714285714285714,0.00273972602739726
2022-04-21,8,0,12.2857142857143,0.142857142857143,0.0116279069767442,4.00753100765989e-05,0.185305938312485,AY.1 OR AY.2 OR AY.3 OR AY.3.1 OR AY.3.2 OR AY.3.3 OR AY.3.4 OR AY.4 OR AY.4.1 OR AY.4.2 OR AY.4.2.1 OR AY.4.2.2 OR AY.4.2.3 OR AY.4.2.4 OR AY.4.2.5 OR AY.4.3 OR AY.4.4 OR AY.4.5 OR AY.4.6 OR AY.4.7 OR AY.4.8 OR AY.4.9 OR AY.4.10 OR AY.4.11 OR AY.4.12 OR AY.4.13 OR AY.4.14 OR AY.4.15 OR AY.4.16 OR AY.4.17 OR AY.5 OR AY.5.1 OR AY.5.2 OR AY.5.3 OR AY.5.4 OR AY.5.5 OR AY.5.6 OR AY.5.7 OR AY.6 OR AY.7 OR AY.7.1 OR AY.7.2 OR AY.8 OR AY.9 OR AY.9.1 OR AY.9.2 OR AY.9.2.1 OR AY.9.2.2 OR AY.10 OR AY.11 OR AY.12 OR AY.13 OR AY.14 OR AY.15 OR AY.16 OR AY.16.1 OR AY.17 OR AY.18 OR AY.19 OR AY.20 OR AY.20.1 OR AY.21 OR AY.22 OR AY.23 OR AY.23.1 OR AY.23.2 OR AY.24 OR AY.24.1 OR AY.25 OR AY.25.1 OR AY.25.1.1 OR AY.25.1.2 OR AY.25.2 OR AY.25.3 OR AY.26 OR AY.26.1 OR AY.27 OR AY.28 OR AY.29 OR AY.29.1 OR AY.29.2 OR AY.30 OR AY.31 OR AY.32 OR AY.33 OR AY.33.1 OR AY.33.2 OR AY.34 OR AY.34.1 OR AY.34.1.1 OR AY.34.2 OR AY.35 OR AY.36 OR AY.36.1 OR AY.37 OR AY.38 OR AY.39 OR AY.39.1 OR AY.39.1.1 OR AY.39.1.2 OR AY.39.1.3 OR AY.39.1.4 OR AY.39.2 OR AY.39.3 OR AY.39.4 OR AY.40 OR AY.41 OR AY.42 OR AY.42.1 OR AY.43 OR AY.43.1 OR AY.43.2 OR AY.43.3 OR AY.43.4 OR AY.43.5 OR AY.43.6 OR AY.43.7 OR AY.43.8 OR AY.43.9 OR AY.44 OR AY.45 OR AY.46 OR AY.46.1 OR AY.46.2 OR AY.46.3 OR AY.46.4 OR AY.46.5 OR AY.46.6 OR AY.46.6.1 OR AY.47 OR AY.48 OR AY.49 OR AY.50 OR AY.51 OR AY.52 OR AY.53 OR AY.54 OR AY.55 OR AY.56 OR AY.57 OR AY.58 OR AY.59 OR AY.60 OR AY.61 OR AY.62 OR AY.63 OR AY.64 OR AY.65 OR AY.66 OR AY.67 OR AY.68 OR AY.69 OR AY.70 OR AY.71 OR AY.72 OR AY.73 OR AY.74 OR AY.75 OR AY.75.1 OR AY.75.2 OR AY.75.3 OR AY.76 OR AY.77 OR AY.78 OR AY.79 OR AY.80 OR AY.81 OR AY.82 OR AY.83 OR AY.84 OR AY.85 OR AY.86 OR AY.87 OR AY.88 OR AY.89 OR AY.90 OR AY.91 OR AY.91.1 OR AY.92 OR AY.93 OR AY.94 OR AY.95 OR AY.96 OR AY.97 OR AY.98 OR AY.98.1 OR AY.98.1.1 OR AY.99 OR AY.99.1 OR AY.99.2 OR AY.100 OR AY.101 OR AY.102 OR AY.102.1 OR AY.102.2 OR AY.103 OR AY.103.1 OR AY.103.2 OR AY.104 OR AY.105 OR AY.106 OR AY.107 OR AY.108 OR AY.109 OR AY.110 OR AY.111 OR AY.112 OR AY.112.1 OR AY.112.2 OR AY.112.3 OR AY.113 OR AY.114 OR AY.115 OR AY.116 OR AY.116.1 OR AY.117 OR AY.118 OR AY.119 OR AY.119.1 OR AY.119.2 OR AY.120 OR AY.120.1 OR AY.120.2 OR AY.120.2.1 OR AY.121 OR AY.121.1 OR AY.122 OR AY.122.1 OR AY.122.2 OR AY.122.3 OR AY.122.4 OR AY.122.5 OR AY.122.6 OR AY.123 OR AY.123.1 OR AY.124 OR AY.124.1 OR AY.124.1.1 OR AY.125 OR AY.125.1 OR AY.126 OR AY.127 OR AY.127.1 OR AY.127.2 OR AY.127.3 OR AY.128 OR AY.129 OR AY.130 OR AY.131 OR AY.132 OR AY.133 OR AY.134 OR B.1.617.2,Delta,21.9285714285714,0.0714285714285714,0.00325732899022801
2022-04-22,10,0,8.85714285714286,0.142857142857143,0.0161290322580645,5.3064053418493e-05,0.237610098632903,AY.1 OR AY.2 OR AY.3 OR AY.3.1 OR AY.3.2 OR AY.3.3 OR AY.3.4 OR AY.4 OR AY.4.1 OR AY.4.2 OR AY.4.2.1 OR AY.4.2.2 OR AY.4.2.3 OR AY.4.2.4 OR AY.4.2.5 OR AY.4.3 OR AY.4.4 OR AY.4.5 OR AY.4.6 OR AY.4.7 OR AY.4.8 OR AY.4.9 OR AY.4.10 OR AY.4.11 OR AY.4.12 OR AY.4.13 OR AY.4.14 OR AY.4.15 OR AY.4.16 OR AY.4.17 OR AY.5 OR AY.5.1 OR AY.5.2 OR AY.5.3 OR AY.5.4 OR AY.5.5 OR AY.5.6 OR AY.5.7 OR AY.6 OR AY.7 OR AY.7.1 OR AY.7.2 OR AY.8 OR AY.9 OR AY.9.1 OR AY.9.2 OR AY.9.2.1 OR AY.9.2.2 OR AY.10 OR AY.11 OR AY.12 OR AY.13 OR AY.14 OR AY.15 OR AY.16 OR AY.16.1 OR AY.17 OR AY.18 OR AY.19 OR AY.20 OR AY.20.1 OR AY.21 OR AY.22 OR AY.23 OR AY.23.1 OR AY.23.2 OR AY.24 OR AY.24.1 OR AY.25 OR AY.25.1 OR AY.25.1.1 OR AY.25.1.2 OR AY.25.2 OR AY.25.3 OR AY.26 OR AY.26.1 OR AY.27 OR AY.28 OR AY.29 OR AY.29.1 OR AY.29.2 OR AY.30 OR AY.31 OR AY.32 OR AY.33 OR AY.33.1 OR AY.33.2 OR AY.34 OR AY.34.1 OR AY.34.1.1 OR AY.34.2 OR AY.35 OR AY.36 OR AY.36.1 OR AY.37 OR AY.38 OR AY.39 OR AY.39.1 OR AY.39.1.1 OR AY.39.1.2 OR AY.39.1.3 OR AY.39.1.4 OR AY.39.2 OR AY.39.3 OR AY.39.4 OR AY.40 OR AY.41 OR AY.42 OR AY.42.1 OR AY.43 OR AY.43.1 OR AY.43.2 OR AY.43.3 OR AY.43.4 OR AY.43.5 OR AY.43.6 OR AY.43.7 OR AY.43.8 OR AY.43.9 OR AY.44 OR AY.45 OR AY.46 OR AY.46.1 OR AY.46.2 OR AY.46.3 OR AY.46.4 OR AY.46.5 OR AY.46.6 OR AY.46.6.1 OR AY.47 OR AY.48 OR AY.49 OR AY.50 OR AY.51 OR AY.52 OR AY.53 OR AY.54 OR AY.55 OR AY.56 OR AY.57 OR AY.58 OR AY.59 OR AY.60 OR AY.61 OR AY.62 OR AY.63 OR AY.64 OR AY.65 OR AY.66 OR AY.67 OR AY.68 OR AY.69 OR AY.70 OR AY.71 OR AY.72 OR AY.73 OR AY.74 OR AY.75 OR AY.75.1 OR AY.75.2 OR AY.75.3 OR AY.76 OR AY.77 OR AY.78 OR AY.79 OR AY.80 OR AY.81 OR AY.82 OR AY.83 OR AY.84 OR AY.85 OR AY.86 OR AY.87 OR AY.88 OR AY.89 OR AY.90 OR AY.91 OR AY.91.1 OR AY.92 OR AY.93 OR AY.94 OR AY.95 OR AY.96 OR AY.97 OR AY.98 OR AY.98.1 OR AY.98.1.1 OR AY.99 OR AY.99.1 OR AY.99.2 OR AY.100 OR AY.101 OR AY.102 OR AY.102.1 OR AY.102.2 OR AY.103 OR AY.103.1 OR AY.103.2 OR AY.104 OR AY.105 OR AY.106 OR AY.107 OR AY.108 OR AY.109 OR AY.110 OR AY.111 OR AY.112 OR AY.112.1 OR AY.112.2 OR AY.112.3 OR AY.113 OR AY.114 OR AY.115 OR AY.116 OR AY.116.1 OR AY.117 OR AY.118 OR AY.119 OR AY.119.1 OR AY.119.2 OR AY.120 OR AY.120.1 OR AY.120.2 OR AY.120.2.1 OR AY.121 OR AY.121.1 OR AY.122 OR AY.122.1 OR AY.122.2 OR AY.122.3 OR AY.122.4 OR AY.122.5 OR AY.122.6 OR AY.123 OR AY.123.1 OR AY.124 OR AY.124.1 OR AY.124.1.1 OR AY.125 OR AY.125.1 OR AY.126 OR AY.127 OR AY.127.1 OR AY.127.2 OR AY.127.3 OR AY.128 OR AY.129 OR AY.130 OR AY.131 OR AY.132 OR AY.133 OR AY.134 OR B.1.617.2,Delta,20.6428571428571,0.0714285714285714,0.00346020761245675
2022-04-23,11,0,9.85714285714286,0.142857142857143,0.0144927536231884,4.7890433157582e-05,0.217196267509211,AY.1 OR AY.2 OR AY.3 OR AY.3.1 OR AY.3.2 OR AY.3.3 OR AY.3.4 OR AY.4 OR AY.4.1 OR AY.4.2 OR AY.4.2.1 OR AY.4.2.2 OR AY.4.2.3 OR AY.4.2.4 OR AY.4.2.5 OR AY.4.3 OR AY.4.4 OR AY.4.5 OR AY.4.6 OR AY.4.7 OR AY.4.8 OR AY.4.9 OR AY.4.10 OR AY.4.11 OR AY.4.12 OR AY.4.13 OR AY.4.14 OR AY.4.15 OR AY.4.16 OR AY.4.17 OR AY.5 OR AY.5.1 OR AY.5.2 OR AY.5.3 OR AY.5.4 OR AY.5.5 OR AY.5.6 OR AY.5.7 OR AY.6 OR AY.7 OR AY.7.1 OR AY.7.2 OR AY.8 OR AY.9 OR AY.9.1 OR AY.9.2 OR AY.9.2.1 OR AY.9.2.2 OR AY.10 OR AY.11 OR AY.12 OR AY.13 OR AY.14 OR AY.15 OR AY.16 OR AY.16.1 OR AY.17 OR AY.18 OR AY.19 OR AY.20 OR AY.20.1 OR AY.21 OR AY.22 OR AY.23 OR AY.23.1 OR AY.23.2 OR AY.24 OR AY.24.1 OR AY.25 OR AY.25.1 OR AY.25.1.1 OR AY.25.1.2 OR AY.25.2 OR AY.25.3 OR AY.26 OR AY.26.1 OR AY.27 OR AY.28 OR AY.29 OR AY.29.1 OR AY.29.2 OR AY.30 OR AY.31 OR AY.32 OR AY.33 OR AY.33.1 OR AY.33.2 OR AY.34 OR AY.34.1 OR AY.34.1.1 OR AY.34.2 OR AY.35 OR AY.36 OR AY.36.1 OR AY.37 OR AY.38 OR AY.39 OR AY.39.1 OR AY.39.1.1 OR AY.39.1.2 OR AY.39.1.3 OR AY.39.1.4 OR AY.39.2 OR AY.39.3 OR AY.39.4 OR AY.40 OR AY.41 OR AY.42 OR AY.42.1 OR AY.43 OR AY.43.1 OR AY.43.2 OR AY.43.3 OR AY.43.4 OR AY.43.5 OR AY.43.6 OR AY.43.7 OR AY.43.8 OR AY.43.9 OR AY.44 OR AY.45 OR AY.46 OR AY.46.1 OR AY.46.2 OR AY.46.3 OR AY.46.4 OR AY.46.5 OR AY.46.6 OR AY.46.6.1 OR AY.47 OR AY.48 OR AY.49 OR AY.50 OR AY.51 OR AY.52 OR AY.53 OR AY.54 OR AY.55 OR AY.56 OR AY.57 OR AY.58 OR AY.59 OR AY.60 OR AY.61 OR AY.62 OR AY.63 OR AY.64 OR AY.65 OR AY.66 OR AY.67 OR AY.68 OR AY.69 OR AY.70 OR AY.71 OR AY.72 OR AY.73 OR AY.74 OR AY.75 OR AY.75.1 OR AY.75.2 OR AY.75.3 OR AY.76 OR AY.77 OR AY.78 OR AY.79 OR AY.80 OR AY.81 OR AY.82 OR AY.83 OR AY.84 OR AY.85 OR AY.86 OR AY.87 OR AY.88 OR AY.89 OR AY.90 OR AY.91 OR AY.91.1 OR AY.92 OR AY.93 OR AY.94 OR AY.95 OR AY.96 OR AY.97 OR AY.98 OR AY.98.1 OR AY.98.1.1 OR AY.99 OR AY.99.1 OR AY.99.2 OR AY.100 OR AY.101 OR AY.102 OR AY.102.1 OR AY.102.2 OR AY.103 OR AY.103.1 OR AY.103.2 OR AY.104 OR AY.105 OR AY.106 OR AY.107 OR AY.108 OR AY.109 OR AY.110 OR AY.111 OR AY.112 OR AY.112.1 OR AY.112.2 OR AY.112.3 OR AY.113 OR AY.114 OR AY.115 OR AY.116 OR AY.116.1 OR AY.117 OR AY.118 OR AY.119 OR AY.119.1 OR AY.119.2 OR AY.120 OR AY.120.1 OR AY.120.2 OR AY.120.2.1 OR AY.121 OR AY.121.1 OR AY.122 OR AY.122.1 OR AY.122.2 OR AY.122.3 OR AY.122.4 OR AY.122.5 OR AY.122.6 OR AY.123 OR AY.123.1 OR AY.124 OR AY.124.1 OR AY.124.1.1 OR AY.125 OR AY.125.1 OR AY.126 OR AY.127 OR AY.127.1 OR AY.127.2 OR AY.127.3 OR AY.128 OR AY.129 OR AY.130 OR AY.131 OR AY.132 OR AY.133 OR AY.134 OR B.1.617.2,Delta,21.1428571428571,0.0714285714285714,0.00337837837837838
2022-04-24,5,0,10.1428571428571,0.142857142857143,0.0140845070422535,4.7890433157582e-05,0.217196267509211,AY.1 OR AY.2 OR AY.3 OR AY.3.1 OR AY.3.2 OR AY.3.3 OR AY.3.4 OR AY.4 OR AY.4.1 OR AY.4.2 OR AY.4.2.1 OR AY.4.2.2 OR AY.4.2.3 OR AY.4.2.4 OR AY.4.2.5 OR AY.4.3 OR AY.4.4 OR AY.4.5 OR AY.4.6 OR AY.4.7 OR AY.4.8 OR AY.4.9 OR AY.4.10 OR AY.4.11 OR AY.4.12 OR AY.4.13 OR AY.4.14 OR AY.4.15 OR AY.4.16 OR AY.4.17 OR AY.5 OR AY.5.1 OR AY.5.2 OR AY.5.3 OR AY.5.4 OR AY.5.5 OR AY.5.6 OR AY.5.7 OR AY.6 OR AY.7 OR AY.7.1 OR AY.7.2 OR AY.8 OR AY.9 OR AY.9.1 OR AY.9.2 OR AY.9.2.1 OR AY.9.2.2 OR AY.10 OR AY.11 OR AY.12 OR AY.13 OR AY.14 OR AY.15 OR AY.16 OR AY.16.1 OR AY.17 OR AY.18 OR AY.19 OR AY.20 OR AY.20.1 OR AY.21 OR AY.22 OR AY.23 OR AY.23.1 OR AY.23.2 OR AY.24 OR AY.24.1 OR AY.25 OR AY.25.1 OR AY.25.1.1 OR AY.25.1.2 OR AY.25.2 OR AY.25.3 OR AY.26 OR AY.26.1 OR AY.27 OR AY.28 OR AY.29 OR AY.29.1 OR AY.29.2 OR AY.30 OR AY.31 OR AY.32 OR AY.33 OR AY.33.1 OR AY.33.2 OR AY.34 OR AY.34.1 OR AY.34.1.1 OR AY.34.2 OR AY.35 OR AY.36 OR AY.36.1 OR AY.37 OR AY.38 OR AY.39 OR AY.39.1 OR AY.39.1.1 OR AY.39.1.2 OR AY.39.1.3 OR AY.39.1.4 OR AY.39.2 OR AY.39.3 OR AY.39.4 OR AY.40 OR AY.41 OR AY.42 OR AY.42.1 OR AY.43 OR AY.43.1 OR AY.43.2 OR AY.43.3 OR AY.43.4 OR AY.43.5 OR AY.43.6 OR AY.43.7 OR AY.43.8 OR AY.43.9 OR AY.44 OR AY.45 OR AY.46 OR AY.46.1 OR AY.46.2 OR AY.46.3 OR AY.46.4 OR AY.46.5 OR AY.46.6 OR AY.46.6.1 OR AY.47 OR AY.48 OR AY.49 OR AY.50 OR AY.51 OR AY.52 OR AY.53 OR AY.54 OR AY.55 OR AY.56 OR AY.57 OR AY.58 OR AY.59 OR AY.60 OR AY.61 OR AY.62 OR AY.63 OR AY.64 OR AY.65 OR AY.66 OR AY.67 OR AY.68 OR AY.69 OR AY.70 OR AY.71 OR AY.72 OR AY.73 OR AY.74 OR AY.75 OR AY.75.1 OR AY.75.2 OR AY.75.3 OR AY.76 OR AY.77 OR AY.78 OR AY.79 OR AY.80 OR AY.81 OR AY.82 OR AY.83 OR AY.84 OR AY.85 OR AY.86 OR AY.87 OR AY.88 OR AY.89 OR AY.90 OR AY.91 OR AY.91.1 OR AY.92 OR AY.93 OR AY.94 OR AY.95 OR AY.96 OR AY.97 OR AY.98 OR AY.98.1 OR AY.98.1.1 OR AY.99 OR AY.99.1 OR AY.99.2 OR AY.100 OR AY.101 OR AY.102 OR AY.102.1 OR AY.102.2 OR AY.103 OR AY.103.1 OR AY.103.2 OR AY.104 OR AY.105 OR AY.106 OR AY.107 OR AY.108 OR AY.109 OR AY.110 OR AY.111 OR AY.112 OR AY.112.1 OR AY.112.2 OR AY.112.3 OR AY.113 OR AY.114 OR AY.115 OR AY.116 OR AY.116.1 OR AY.117 OR AY.118 OR AY.119 OR AY.119.1 OR AY.119.2 OR AY.120 OR AY.120.1 OR AY.120.2 OR AY.120.2.1 OR AY.121 OR AY.121.1 OR AY.122 OR AY.122.1 OR AY.122.2 OR AY.122.3 OR AY.122.4 OR AY.122.5 OR AY.122.6 OR AY.123 OR AY.123.1 OR AY.124 OR AY.124.1 OR AY.124.1.1 OR AY.125 OR AY.125.1 OR AY.126 OR AY.127 OR AY.127.1 OR AY.127.2 OR AY.127.3 OR AY.128 OR AY.129 OR AY.130 OR AY.131 OR AY.132 OR AY.133 OR AY.134 OR B.1.617.2,Delta,21.0714285714286,0.0714285714285714,0.00338983050847458
2022-04-25,14,0,11.7142857142857,0.142857142857143,0.0121951219512195,4.00753100765989e-05,0.185305938312485,AY.1 OR AY.2 OR AY.3 OR AY.3.1 OR AY.3.2 OR AY.3.3 OR AY.3.4 OR AY.4 OR AY.4.1 OR AY.4.2 OR AY.4.2.1 OR AY.4.2.2 OR AY.4.2.3 OR AY.4.2.4 OR AY.4.2.5 OR AY.4.3 OR AY.4.4 OR AY.4.5 OR AY.4.6 OR AY.4.7 OR AY.4.8 OR AY.4.9 OR AY.4.10 OR AY.4.11 OR AY.4.12 OR AY.4.13 OR AY.4.14 OR AY.4.15 OR AY.4.16 OR AY.4.17 OR AY.5 OR AY.5.1 OR AY.5.2 OR AY.5.3 OR AY.5.4 OR AY.5.5 OR AY.5.6 OR AY.5.7 OR AY.6 OR AY.7 OR AY.7.1 OR AY.7.2 OR AY.8 OR AY.9 OR AY.9.1 OR AY.9.2 OR AY.9.2.1 OR AY.9.2.2 OR AY.10 OR AY.11 OR AY.12 OR AY.13 OR AY.14 OR AY.15 OR AY.16 OR AY.16.1 OR AY.17 OR AY.18 OR AY.19 OR AY.20 OR AY.20.1 OR AY.21 OR AY.22 OR AY.23 OR AY.23.1 OR AY.23.2 OR AY.24 OR AY.24.1 OR AY.25 OR AY.25.1 OR AY.25.1.1 OR AY.25.1.2 OR AY.25.2 OR AY.25.3 OR AY.26 OR AY.26.1 OR AY.27 OR AY.28 OR AY.29 OR AY.29.1 OR AY.29.2 OR AY.30 OR AY.31 OR AY.32 OR AY.33 OR AY.33.1 OR AY.33.2 OR AY.34 OR AY.34.1 OR AY.34.1.1 OR AY.34.2 OR AY.35 OR AY.36 OR AY.36.1 OR AY.37 OR AY.38 OR AY.39 OR AY.39.1 OR AY.39.1.1 OR AY.39.1.2 OR AY.39.1.3 OR AY.39.1.4 OR AY.39.2 OR AY.39.3 OR AY.39.4 OR AY.40 OR AY.41 OR AY.42 OR AY.42.1 OR AY.43 OR AY.43.1 OR AY.43.2 OR AY.43.3 OR AY.43.4 OR AY.43.5 OR AY.43.6 OR AY.43.7 OR AY.43.8 OR AY.43.9 OR AY.44 OR AY.45 OR AY.46 OR AY.46.1 OR AY.46.2 OR AY.46.3 OR AY.46.4 OR AY.46.5 OR AY.46.6 OR AY.46.6.1 OR AY.47 OR AY.48 OR AY.49 OR AY.50 OR AY.51 OR AY.52 OR AY.53 OR AY.54 OR AY.55 OR AY.56 OR AY.57 OR AY.58 OR AY.59 OR AY.60 OR AY.61 OR AY.62 OR AY.63 OR AY.64 OR AY.65 OR AY.66 OR AY.67 OR AY.68 OR AY.69 OR AY.70 OR AY.71 OR AY.72 OR AY.73 OR AY.74 OR AY.75 OR AY.75.1 OR AY.75.2 OR AY.75.3 OR AY.76 OR AY.77 OR AY.78 OR AY.79 OR AY.80 OR AY.81 OR AY.82 OR AY.83 OR AY.84 OR AY.85 OR AY.86 OR AY.87 OR AY.88 OR AY.89 OR AY.90 OR AY.91 OR AY.91.1 OR AY.92 OR AY.93 OR AY.94 OR AY.95 OR AY.96 OR AY.97 OR AY.98 OR AY.98.1 OR AY.98.1.1 OR AY.99 OR AY.99.1 OR AY.99.2 OR AY.100 OR AY.101 OR AY.102 OR AY.102.1 OR AY.102.2 OR AY.103 OR AY.103.1 OR AY.103.2 OR AY.104 OR AY.105 OR AY.106 OR AY.107 OR AY.108 OR AY.109 OR AY.110 OR AY.111 OR AY.112 OR AY.112.1 OR AY.112.2 OR AY.112.3 OR AY.113 OR AY.114 OR AY.115 OR AY.116 OR AY.116.1 OR AY.117 OR AY.118 OR AY.119 OR AY.119.1 OR AY.119.2 OR AY.120 OR AY.120.1 OR AY.120.2 OR AY.120.2.1 OR AY.121 OR AY.121.1 OR AY.122 OR AY.122.1 OR AY.122.2 OR AY.122.3 OR AY.122.4 OR AY.122.5 OR AY.122.6 OR AY.123 OR AY.123.1 OR AY.124 OR AY.124.1 OR AY.124.1.1 OR AY.125 OR AY.125.1 OR AY.126 OR AY.127 OR AY.127.1 OR AY.127.2 OR AY.127.3 OR AY.128 OR AY.129 OR AY.130 OR AY.131 OR AY.132 OR AY.133 OR AY.134 OR B.1.617.2,Delta,15.0714285714286,0.0714285714285714,0.00473933649289099
2022-04-26,43,0,14.2857142857143,0.142857142857143,0.01,3.44526718020059e-05,0.161553304514194,AY.1 OR AY.2 OR AY.3 OR AY.3.1 OR AY.3.2 OR AY.3.3 OR AY.3.4 OR AY.4 OR AY.4.1 OR AY.4.2 OR AY.4.2.1 OR AY.4.2.2 OR AY.4.2.3 OR AY.4.2.4 OR AY.4.2.5 OR AY.4.3 OR AY.4.4 OR AY.4.5 OR AY.4.6 OR AY.4.7 OR AY.4.8 OR AY.4.9 OR AY.4.10 OR AY.4.11 OR AY.4.12 OR AY.4.13 OR AY.4.14 OR AY.4.15 OR AY.4.16 OR AY.4.17 OR AY.5 OR AY.5.1 OR AY.5.2 OR AY.5.3 OR AY.5.4 OR AY.5.5 OR AY.5.6 OR AY.5.7 OR AY.6 OR AY.7 OR AY.7.1 OR AY.7.2 OR AY.8 OR AY.9 OR AY.9.1 OR AY.9.2 OR AY.9.2.1 OR AY.9.2.2 OR AY.10 OR AY.11 OR AY.12 OR AY.13 OR AY.14 OR AY.15 OR AY.16 OR AY.16.1 OR AY.17 OR AY.18 OR AY.19 OR AY.20 OR AY.20.1 OR AY.21 OR AY.22 OR AY.23 OR AY.23.1 OR AY.23.2 OR AY.24 OR AY.24.1 OR AY.25 OR AY.25.1 OR AY.25.1.1 OR AY.25.1.2 OR AY.25.2 OR AY.25.3 OR AY.26 OR AY.26.1 OR AY.27 OR AY.28 OR AY.29 OR AY.29.1 OR AY.29.2 OR AY.30 OR AY.31 OR AY.32 OR AY.33 OR AY.33.1 OR AY.33.2 OR AY.34 OR AY.34.1 OR AY.34.1.1 OR AY.34.2 OR AY.35 OR AY.36 OR AY.36.1 OR AY.37 OR AY.38 OR AY.39 OR AY.39.1 OR AY.39.1.1 OR AY.39.1.2 OR AY.39.1.3 OR AY.39.1.4 OR AY.39.2 OR AY.39.3 OR AY.39.4 OR AY.40 OR AY.41 OR AY.42 OR AY.42.1 OR AY.43 OR AY.43.1 OR AY.43.2 OR AY.43.3 OR AY.43.4 OR AY.43.5 OR AY.43.6 OR AY.43.7 OR AY.43.8 OR AY.43.9 OR AY.44 OR AY.45 OR AY.46 OR AY.46.1 OR AY.46.2 OR AY.46.3 OR AY.46.4 OR AY.46.5 OR AY.46.6 OR AY.46.6.1 OR AY.47 OR AY.48 OR AY.49 OR AY.50 OR AY.51 OR AY.52 OR AY.53 OR AY.54 OR AY.55 OR AY.56 OR AY.57 OR AY.58 OR AY.59 OR AY.60 OR AY.61 OR AY.62 OR AY.63 OR AY.64 OR AY.65 OR AY.66 OR AY.67 OR AY.68 OR AY.69 OR AY.70 OR AY.71 OR AY.72 OR AY.73 OR AY.74 OR AY.75 OR AY.75.1 OR AY.75.2 OR AY.75.3 OR AY.76 OR AY.77 OR AY.78 OR AY.79 OR AY.80 OR AY.81 OR AY.82 OR AY.83 OR AY.84 OR AY.85 OR AY.86 OR AY.87 OR AY.88 OR AY.89 OR AY.90 OR AY.91 OR AY.91.1 OR AY.92 OR AY.93 OR AY.94 OR AY.95 OR AY.96 OR AY.97 OR AY.98 OR AY.98.1 OR AY.98.1.1 OR AY.99 OR AY.99.1 OR AY.99.2 OR AY.100 OR AY.101 OR AY.102 OR AY.102.1 OR AY.102.2 OR AY.103 OR AY.103.1 OR AY.103.2 OR AY.104 OR AY.105 OR AY.106 OR AY.107 OR AY.108 OR AY.109 OR AY.110 OR AY.111 OR AY.112 OR AY.112.1 OR AY.112.2 OR AY.112.3 OR AY.113 OR AY.114 OR AY.115 OR AY.116 OR AY.116.1 OR AY.117 OR AY.118 OR AY.119 OR AY.119.1 OR AY.119.2 OR AY.120 OR AY.120.1 OR AY.120.2 OR AY.120.2.1 OR AY.121 OR AY.121.1 OR AY.122 OR AY.122.1 OR AY.122.2 OR AY.122.3 OR AY.122.4 OR AY.122.5 OR AY.122.6 OR AY.123 OR AY.123.1 OR AY.124 OR AY.124.1 OR AY.124.1.1 OR AY.125 OR AY.125.1 OR AY.126 OR AY.127 OR AY.127.1 OR AY.127.2 OR AY.127.3 OR AY.128 OR AY.129 OR AY.130 OR AY.131 OR AY.132 OR AY.133 OR AY.134 OR B.1.617.2,Delta,13.8571428571429,0.0714285714285714,0.00515463917525773
2022-04-27,28,0,17,0,0,2.84623777231095e-05,0.135478437891688,AY.1 OR AY.2 OR AY.3 OR AY.3.1 OR AY.3.2 OR AY.3.3 OR AY.3.4 OR AY.4 OR AY.4.1 OR AY.4.2 OR AY.4.2.1 OR AY.4.2.2 OR AY.4.2.3 OR AY.4.2.4 OR AY.4.2.5 OR AY.4.3 OR AY.4.4 OR AY.4.5 OR AY.4.6 OR AY.4.7 OR AY.4.8 OR AY.4.9 OR AY.4.10 OR AY.4.11 OR AY.4.12 OR AY.4.13 OR AY.4.14 OR AY.4.15 OR AY.4.16 OR AY.4.17 OR AY.5 OR AY.5.1 OR AY.5.2 OR AY.5.3 OR AY.5.4 OR AY.5.5 OR AY.5.6 OR AY.5.7 OR AY.6 OR AY.7 OR AY.7.1 OR AY.7.2 OR AY.8 OR AY.9 OR AY.9.1 OR AY.9.2 OR AY.9.2.1 OR AY.9.2.2 OR AY.10 OR AY.11 OR AY.12 OR AY.13 OR AY.14 OR AY.15 OR AY.16 OR AY.16.1 OR AY.17 OR AY.18 OR AY.19 OR AY.20 OR AY.20.1 OR AY.21 OR AY.22 OR AY.23 OR AY.23.1 OR AY.23.2 OR AY.24 OR AY.24.1 OR AY.25 OR AY.25.1 OR AY.25.1.1 OR AY.25.1.2 OR AY.25.2 OR AY.25.3 OR AY.26 OR AY.26.1 OR AY.27 OR AY.28 OR AY.29 OR AY.29.1 OR AY.29.2 OR AY.30 OR AY.31 OR AY.32 OR AY.33 OR AY.33.1 OR AY.33.2 OR AY.34 OR AY.34.1 OR AY.34.1.1 OR AY.34.2 OR AY.35 OR AY.36 OR AY.36.1 OR AY.37 OR AY.38 OR AY.39 OR AY.39.1 OR AY.39.1.1 OR AY.39.1.2 OR AY.39.1.3 OR AY.39.1.4 OR AY.39.2 OR AY.39.3 OR AY.39.4 OR AY.40 OR AY.41 OR AY.42 OR AY.42.1 OR AY.43 OR AY.43.1 OR AY.43.2 OR AY.43.3 OR AY.43.4 OR AY.43.5 OR AY.43.6 OR AY.43.7 OR AY.43.8 OR AY.43.9 OR AY.44 OR AY.45 OR AY.46 OR AY.46.1 OR AY.46.2 OR AY.46.3 OR AY.46.4 OR AY.46.5 OR AY.46.6 OR AY.46.6.1 OR AY.47 OR AY.48 OR AY.49 OR AY.50 OR AY.51 OR AY.52 OR AY.53 OR AY.54 OR AY.55 OR AY.56 OR AY.57 OR AY.58 OR AY.59 OR AY.60 OR AY.61 OR AY.62 OR AY.63 OR AY.64 OR AY.65 OR AY.66 OR AY.67 OR AY.68 OR AY.69 OR AY.70 OR AY.71 OR AY.72 OR AY.73 OR AY.74 OR AY.75 OR AY.75.1 OR AY.75.2 OR AY.75.3 OR AY.76 OR AY.77 OR AY.78 OR AY.79 OR AY.80 OR AY.81 OR AY.82 OR AY.83 OR AY.84 OR AY.85 OR AY.86 OR AY.87 OR AY.88 OR AY.89 OR AY.90 OR AY.91 OR AY.91.1 OR AY.92 OR AY.93 OR AY.94 OR AY.95 OR AY.96 OR AY.97 OR AY.98 OR AY.98.1 OR AY.98.1.1 OR AY.99 OR AY.99.1 OR AY.99.2 OR AY.100 OR AY.101 OR AY.102 OR AY.102.1 OR AY.102.2 OR AY.103 OR AY.103.1 OR AY.103.2 OR AY.104 OR AY.105 OR AY.106 OR AY.107 OR AY.108 OR AY.109 OR AY.110 OR AY.111 OR AY.112 OR AY.112.1 OR AY.112.2 OR AY.112.3 OR AY.113 OR AY.114 OR AY.115 OR AY.116 OR AY.116.1 OR AY.117 OR AY.118 OR AY.119 OR AY.119.1 OR AY.119.2 OR AY.120 OR AY.120.1 OR AY.120.2 OR AY.120.2.1 OR AY.121 OR AY.121.1 OR AY.122 OR AY.122.1 OR AY.122.2 OR AY.122.3 OR AY.122.4 OR AY.122.5 OR AY.122.6 OR AY.123 OR AY.123.1 OR AY.124 OR AY.124.1 OR AY.124.1.1 OR AY.125 OR AY.125.1 OR AY.126 OR AY.127 OR AY.127.1 OR AY.127.2 OR AY.127.3 OR AY.128 OR AY.129 OR AY.130 OR AY.131 OR AY.132 OR AY.133 OR AY.134 OR B.1.617.2,Delta,14.7857142857143,0.0714285714285714,0.00483091787439614
2022-04-28,12,0,17.5714285714286,0,0,2.69031173009093e-05,0.12855821182176,AY.1 OR AY.2 OR AY.3 OR AY.3.1 OR AY.3.2 OR AY.3.3 OR AY.3.4 OR AY.4 OR AY.4.1 OR AY.4.2 OR AY.4.2.1 OR AY.4.2.2 OR AY.4.2.3 OR AY.4.2.4 OR AY.4.2.5 OR AY.4.3 OR AY.4.4 OR AY.4.5 OR AY.4.6 OR AY.4.7 OR AY.4.8 OR AY.4.9 OR AY.4.10 OR AY.4.11 OR AY.4.12 OR AY.4.13 OR AY.4.14 OR AY.4.15 OR AY.4.16 OR AY.4.17 OR AY.5 OR AY.5.1 OR AY.5.2 OR AY.5.3 OR AY.5.4 OR AY.5.5 OR AY.5.6 OR AY.5.7 OR AY.6 OR AY.7 OR AY.7.1 OR AY.7.2 OR AY.8 OR AY.9 OR AY.9.1 OR AY.9.2 OR AY.9.2.1 OR AY.9.2.2 OR AY.10 OR AY.11 OR AY.12 OR AY.13 OR AY.14 OR AY.15 OR AY.16 OR AY.16.1 OR AY.17 OR AY.18 OR AY.19 OR AY.20 OR AY.20.1 OR AY.21 OR AY.22 OR AY.23 OR AY.23.1 OR AY.23.2 OR AY.24 OR AY.24.1 OR AY.25 OR AY.25.1 OR AY.25.1.1 OR AY.25.1.2 OR AY.25.2 OR AY.25.3 OR AY.26 OR AY.26.1 OR AY.27 OR AY.28 OR AY.29 OR AY.29.1 OR AY.29.2 OR AY.30 OR AY.31 OR AY.32 OR AY.33 OR AY.33.1 OR AY.33.2 OR AY.34 OR AY.34.1 OR AY.34.1.1 OR AY.34.2 OR AY.35 OR AY.36 OR AY.36.1 OR AY.37 OR AY.38 OR AY.39 OR AY.39.1 OR AY.39.1.1 OR AY.39.1.2 OR AY.39.1.3 OR AY.39.1.4 OR AY.39.2 OR AY.39.3 OR AY.39.4 OR AY.40 OR AY.41 OR AY.42 OR AY.42.1 OR AY.43 OR AY.43.1 OR AY.43.2 OR AY.43.3 OR AY.43.4 OR AY.43.5 OR AY.43.6 OR AY.43.7 OR AY.43.8 OR AY.43.9 OR AY.44 OR AY.45 OR AY.46 OR AY.46.1 OR AY.46.2 OR AY.46.3 OR AY.46.4 OR AY.46.5 OR AY.46.6 OR AY.46.6.1 OR AY.47 OR AY.48 OR AY.49 OR AY.50 OR AY.51 OR AY.52 OR AY.53 OR AY.54 OR AY.55 OR AY.56 OR AY.57 OR AY.58 OR AY.59 OR AY.60 OR AY.61 OR AY.62 OR AY.63 OR AY.64 OR AY.65 OR AY.66 OR AY.67 OR AY.68 OR AY.69 OR AY.70 OR AY.71 OR AY.72 OR AY.73 OR AY.74 OR AY.75 OR AY.75.1 OR AY.75.2 OR AY.75.3 OR AY.76 OR AY.77 OR AY.78 OR AY.79 OR AY.80 OR AY.81 OR AY.82 OR AY.83 OR AY.84 OR AY.85 OR AY.86 OR AY.87 OR AY.88 OR AY.89 OR AY.90 OR AY.91 OR AY.91.1 OR AY.92 OR AY.93 OR AY.94 OR AY.95 OR AY.96 OR AY.97 OR AY.98 OR AY.98.1 OR AY.98.1.1 OR AY.99 OR AY.99.1 OR AY.99.2 OR AY.100 OR AY.101 OR AY.102 OR AY.102.1 OR AY.102.2 OR AY.103 OR AY.103.1 OR AY.103.2 OR AY.104 OR AY.105 OR AY.106 OR AY.107 OR AY.108 OR AY.109 OR AY.110 OR AY.111 OR AY.112 OR AY.112.1 OR AY.112.2 OR AY.112.3 OR AY.113 OR AY.114 OR AY.115 OR AY.116 OR AY.116.1 OR AY.117 OR AY.118 OR AY.119 OR AY.119.1 OR AY.119.2 OR AY.120 OR AY.120.1 OR AY.120.2 OR AY.120.2.1 OR AY.121 OR AY.121.1 OR AY.122 OR AY.122.1 OR AY.122.2 OR AY.122.3 OR AY.122.4 OR AY.122.5 OR AY.122.6 OR AY.123 OR AY.123.1 OR AY.124 OR AY.124.1 OR AY.124.1.1 OR AY.125 OR AY.125.1 OR AY.126 OR AY.127 OR AY.127.1 OR AY.127.2 OR AY.127.3 OR AY.128 OR AY.129 OR AY.130 OR AY.131 OR AY.132 OR AY.133 OR AY.134 OR B.1.617.2,Delta,14.9285714285714,0.0714285714285714,0.00478468899521531
2022-04-29,25,0,19.7142857142857,0,0,2.42464784592428e-05,0.116638982904875,AY.1 OR AY.2 OR AY.3 OR AY.3.1 OR AY.3.2 OR AY.3.3 OR AY.3.4 OR AY.4 OR AY.4.1 OR AY.4.2 OR AY.4.2.1 OR AY.4.2.2 OR AY.4.2.3 OR AY.4.2.4 OR AY.4.2.5 OR AY.4.3 OR AY.4.4 OR AY.4.5 OR AY.4.6 OR AY.4.7 OR AY.4.8 OR AY.4.9 OR AY.4.10 OR AY.4.11 OR AY.4.12 OR AY.4.13 OR AY.4.14 OR AY.4.15 OR AY.4.16 OR AY.4.17 OR AY.5 OR AY.5.1 OR AY.5.2 OR AY.5.3 OR AY.5.4 OR AY.5.5 OR AY.5.6 OR AY.5.7 OR AY.6 OR AY.7 OR AY.7.1 OR AY.7.2 OR AY.8 OR AY.9 OR AY.9.1 OR AY.9.2 OR AY.9.2.1 OR AY.9.2.2 OR AY.10 OR AY.11 OR AY.12 OR AY.13 OR AY.14 OR AY.15 OR AY.16 OR AY.16.1 OR AY.17 OR AY.18 OR AY.19 OR AY.20 OR AY.20.1 OR AY.21 OR AY.22 OR AY.23 OR AY.23.1 OR AY.23.2 OR AY.24 OR AY.24.1 OR AY.25 OR AY.25.1 OR AY.25.1.1 OR AY.25.1.2 OR AY.25.2 OR AY.25.3 OR AY.26 OR AY.26.1 OR AY.27 OR AY.28 OR AY.29 OR AY.29.1 OR AY.29.2 OR AY.30 OR AY.31 OR AY.32 OR AY.33 OR AY.33.1 OR AY.33.2 OR AY.34 OR AY.34.1 OR AY.34.1.1 OR AY.34.2 OR AY.35 OR AY.36 OR AY.36.1 OR AY.37 OR AY.38 OR AY.39 OR AY.39.1 OR AY.39.1.1 OR AY.39.1.2 OR AY.39.1.3 OR AY.39.1.4 OR AY.39.2 OR AY.39.3 OR AY.39.4 OR AY.40 OR AY.41 OR AY.42 OR AY.42.1 OR AY.43 OR AY.43.1 OR AY.43.2 OR AY.43.3 OR AY.43.4 OR AY.43.5 OR AY.43.6 OR AY.43.7 OR AY.43.8 OR AY.43.9 OR AY.44 OR AY.45 OR AY.46 OR AY.46.1 OR AY.46.2 OR AY.46.3 OR AY.46.4 OR AY.46.5 OR AY.46.6 OR AY.46.6.1 OR AY.47 OR AY.48 OR AY.49 OR AY.50 OR AY.51 OR AY.52 OR AY.53 OR AY.54 OR AY.55 OR AY.56 OR AY.57 OR AY.58 OR AY.59 OR AY.60 OR AY.61 OR AY.62 OR AY.63 OR AY.64 OR AY.65 OR AY.66 OR AY.67 OR AY.68 OR AY.69 OR AY.70 OR AY.71 OR AY.72 OR AY.73 OR AY.74 OR AY.75 OR AY.75.1 OR AY.75.2 OR AY.75.3 OR AY.76 OR AY.77 OR AY.78 OR AY.79 OR AY.80 OR AY.81 OR AY.82 OR AY.83 OR AY.84 OR AY.85 OR AY.86 OR AY.87 OR AY.88 OR AY.89 OR AY.90 OR AY.91 OR AY.91.1 OR AY.92 OR AY.93 OR AY.94 OR AY.95 OR AY.96 OR AY.97 OR AY.98 OR AY.98.1 OR AY.98.1.1 OR AY.99 OR AY.99.1 OR AY.99.2 OR AY.100 OR AY.101 OR AY.102 OR AY.102.1 OR AY.102.2 OR AY.103 OR AY.103.1 OR AY.103.2 OR AY.104 OR AY.105 OR AY.106 OR AY.107 OR AY.108 OR AY.109 OR AY.110 OR AY.111 OR AY.112 OR AY.112.1 OR AY.112.2 OR AY.112.3 OR AY.113 OR AY.114 OR AY.115 OR AY.116 OR AY.116.1 OR AY.117 OR AY.118 OR AY.119 OR AY.119.1 OR AY.119.2 OR AY.120 OR AY.120.1 OR AY.120.2 OR AY.120.2.1 OR AY.121 OR AY.121.1 OR AY.122 OR AY.122.1 OR AY.122.2 OR AY.122.3 OR AY.122.4 OR AY.122.5 OR AY.122.6 OR AY.123 OR AY.123.1 OR AY.124 OR AY.124.1 OR AY.124.1.1 OR AY.125 OR AY.125.1 OR AY.126 OR AY.127 OR AY.127.1 OR AY.127.2 OR AY.127.3 OR AY.128 OR AY.129 OR AY.130 OR AY.131 OR AY.132 OR AY.133 OR AY.134 OR B.1.617.2,Delta,14.2857142857143,0.0714285714285714,0.005
2022-04-30,8,0,19.2857142857143,0,0,2.55058126256953e-05,0.122309404319914,AY.1 OR AY.2 OR AY.3 OR AY.3.1 OR AY.3.2 OR AY.3.3 OR AY.3.4 OR AY.4 OR AY.4.1 OR AY.4.2 OR AY.4.2.1 OR AY.4.2.2 OR AY.4.2.3 OR AY.4.2.4 OR AY.4.2.5 OR AY.4.3 OR AY.4.4 OR AY.4.5 OR AY.4.6 OR AY.4.7 OR AY.4.8 OR AY.4.9 OR AY.4.10 OR AY.4.11 OR AY.4.12 OR AY.4.13 OR AY.4.14 OR AY.4.15 OR AY.4.16 OR AY.4.17 OR AY.5 OR AY.5.1 OR AY.5.2 OR AY.5.3 OR AY.5.4 OR AY.5.5 OR AY.5.6 OR AY.5.7 OR AY.6 OR AY.7 OR AY.7.1 OR AY.7.2 OR AY.8 OR AY.9 OR AY.9.1 OR AY.9.2 OR AY.9.2.1 OR AY.9.2.2 OR AY.10 OR AY.11 OR AY.12 OR AY.13 OR AY.14 OR AY.15 OR AY.16 OR AY.16.1 OR AY.17 OR AY.18 OR AY.19 OR AY.20 OR AY.20.1 OR AY.21 OR AY.22 OR AY.23 OR AY.23.1 OR AY.23.2 OR AY.24 OR AY.24.1 OR AY.25 OR AY.25.1 OR AY.25.1.1 OR AY.25.1.2 OR AY.25.2 OR AY.25.3 OR AY.26 OR AY.26.1 OR AY.27 OR AY.28 OR AY.29 OR AY.29.1 OR AY.29.2 OR AY.30 OR AY.31 OR AY.32 OR AY.33 OR AY.33.1 OR AY.33.2 OR AY.34 OR AY.34.1 OR AY.34.1.1 OR AY.34.2 OR AY.35 OR AY.36 OR AY.36.1 OR AY.37 OR AY.38 OR AY.39 OR AY.39.1 OR AY.39.1.1 OR AY.39.1.2 OR AY.39.1.3 OR AY.39.1.4 OR AY.39.2 OR AY.39.3 OR AY.39.4 OR AY.40 OR AY.41 OR AY.42 OR AY.42.1 OR AY.43 OR AY.43.1 OR AY.43.2 OR AY.43.3 OR AY.43.4 OR AY.43.5 OR AY.43.6 OR AY.43.7 OR AY.43.8 OR AY.43.9 OR AY.44 OR AY.45 OR AY.46 OR AY.46.1 OR AY.46.2 OR AY.46.3 OR AY.46.4 OR AY.46.5 OR AY.46.6 OR AY.46.6.1 OR AY.47 OR AY.48 OR AY.49 OR AY.50 OR AY.51 OR AY.52 OR AY.53 OR AY.54 OR AY.55 OR AY.56 OR AY.57 OR AY.58 OR AY.59 OR AY.60 OR AY.61 OR AY.62 OR AY.63 OR AY.64 OR AY.65 OR AY.66 OR AY.67 OR AY.68 OR AY.69 OR AY.70 OR AY.71 OR AY.72 OR AY.73 OR AY.74 OR AY.75 OR AY.75.1 OR AY.75.2 OR AY.75.3 OR AY.76 OR AY.77 OR AY.78 OR AY.79 OR AY.80 OR AY.81 OR AY.82 OR AY.83 OR AY.84 OR AY.85 OR AY.86 OR AY.87 OR AY.88 OR AY.89 OR AY.90 OR AY.91 OR AY.91.1 OR AY.92 OR AY.93 OR AY.94 OR AY.95 OR AY.96 OR AY.97 OR AY.98 OR AY.98.1 OR AY.98.1.1 OR AY.99 OR AY.99.1 OR AY.99.2 OR AY.100 OR AY.101 OR AY.102 OR AY.102.1 OR AY.102.2 OR AY.103 OR AY.103.1 OR AY.103.2 OR AY.104 OR AY.105 OR AY.106 OR AY.107 OR AY.108 OR AY.109 OR AY.110 OR AY.111 OR AY.112 OR AY.112.1 OR AY.112.2 OR AY.112.3 OR AY.113 OR AY.114 OR AY.115 OR AY.116 OR AY.116.1 OR AY.117 OR AY.118 OR AY.119 OR AY.119.1 OR AY.119.2 OR AY.120 OR AY.120.1 OR AY.120.2 OR AY.120.2.1 OR AY.121 OR AY.121.1 OR AY.122 OR AY.122.1 OR AY.122.2 OR AY.122.3 OR AY.122.4 OR AY.122.5 OR AY.122.6 OR AY.123 OR AY.123.1 OR AY.124 OR AY.124.1 OR AY.124.1.1 OR AY.125 OR AY.125.1 OR AY.126 OR AY.127 OR AY.127.1 OR AY.127.2 OR AY.127.3 OR AY.128 OR AY.129 OR AY.130 OR AY.131 OR AY.132 OR AY.133 OR AY.134 OR B.1.617.2,Delta,14.5714285714286,0.0714285714285714,0.00490196078431373
2022-05-01,2,0,18.8571428571429,0,0,2.55058126256953e-05,0.122309404319914,AY.1 OR AY.2 OR AY.3 OR AY.3.1 OR AY.3.2 OR AY.3.3 OR AY.3.4 OR AY.4 OR AY.4.1 OR AY.4.2 OR AY.4.2.1 OR AY.4.2.2 OR AY.4.2.3 OR AY.4.2.4 OR AY.4.2.5 OR AY.4.3 OR AY.4.4 OR AY.4.5 OR AY.4.6 OR AY.4.7 OR AY.4.8 OR AY.4.9 OR AY.4.10 OR AY.4.11 OR AY.4.12 OR AY.4.13 OR AY.4.14 OR AY.4.15 OR AY.4.16 OR AY.4.17 OR AY.5 OR AY.5.1 OR AY.5.2 OR AY.5.3 OR AY.5.4 OR AY.5.5 OR AY.5.6 OR AY.5.7 OR AY.6 OR AY.7 OR AY.7.1 OR AY.7.2 OR AY.8 OR AY.9 OR AY.9.1 OR AY.9.2 OR AY.9.2.1 OR AY.9.2.2 OR AY.10 OR AY.11 OR AY.12 OR AY.13 OR AY.14 OR AY.15 OR AY.16 OR AY.16.1 OR AY.17 OR AY.18 OR AY.19 OR AY.20 OR AY.20.1 OR AY.21 OR AY.22 OR AY.23 OR AY.23.1 OR AY.23.2 OR AY.24 OR AY.24.1 OR AY.25 OR AY.25.1 OR AY.25.1.1 OR AY.25.1.2 OR AY.25.2 OR AY.25.3 OR AY.26 OR AY.26.1 OR AY.27 OR AY.28 OR AY.29 OR AY.29.1 OR AY.29.2 OR AY.30 OR AY.31 OR AY.32 OR AY.33 OR AY.33.1 OR AY.33.2 OR AY.34 OR AY.34.1 OR AY.34.1.1 OR AY.34.2 OR AY.35 OR AY.36 OR AY.36.1 OR AY.37 OR AY.38 OR AY.39 OR AY.39.1 OR AY.39.1.1 OR AY.39.1.2 OR AY.39.1.3 OR AY.39.1.4 OR AY.39.2 OR AY.39.3 OR AY.39.4 OR AY.40 OR AY.41 OR AY.42 OR AY.42.1 OR AY.43 OR AY.43.1 OR AY.43.2 OR AY.43.3 OR AY.43.4 OR AY.43.5 OR AY.43.6 OR AY.43.7 OR AY.43.8 OR AY.43.9 OR AY.44 OR AY.45 OR AY.46 OR AY.46.1 OR AY.46.2 OR AY.46.3 OR AY.46.4 OR AY.46.5 OR AY.46.6 OR AY.46.6.1 OR AY.47 OR AY.48 OR AY.49 OR AY.50 OR AY.51 OR AY.52 OR AY.53 OR AY.54 OR AY.55 OR AY.56 OR AY.57 OR AY.58 OR AY.59 OR AY.60 OR AY.61 OR AY.62 OR AY.63 OR AY.64 OR AY.65 OR AY.66 OR AY.67 OR AY.68 OR AY.69 OR AY.70 OR AY.71 OR AY.72 OR AY.73 OR AY.74 OR AY.75 OR AY.75.1 OR AY.75.2 OR AY.75.3 OR AY.76 OR AY.77 OR AY.78 OR AY.79 OR AY.80 OR AY.81 OR AY.82 OR AY.83 OR AY.84 OR AY.85 OR AY.86 OR AY.87 OR AY.88 OR AY.89 OR AY.90 OR AY.91 OR AY.91.1 OR AY.92 OR AY.93 OR AY.94 OR AY.95 OR AY.96 OR AY.97 OR AY.98 OR AY.98.1 OR AY.98.1.1 OR AY.99 OR AY.99.1 OR AY.99.2 OR AY.100 OR AY.101 OR AY.102 OR AY.102.1 OR AY.102.2 OR AY.103 OR AY.103.1 OR AY.103.2 OR AY.104 OR AY.105 OR AY.106 OR AY.107 OR AY.108 OR AY.109 OR AY.110 OR AY.111 OR AY.112 OR AY.112.1 OR AY.112.2 OR AY.112.3 OR AY.113 OR AY.114 OR AY.115 OR AY.116 OR AY.116.1 OR AY.117 OR AY.118 OR AY.119 OR AY.119.1 OR AY.119.2 OR AY.120 OR AY.120.1 OR AY.120.2 OR AY.120.2.1 OR AY.121 OR AY.121.1 OR AY.122 OR AY.122.1 OR AY.122.2 OR AY.122.3 OR AY.122.4 OR AY.122.5 OR AY.122.6 OR AY.123 OR AY.123.1 OR AY.124 OR AY.124.1 OR AY.124.1.1 OR AY.125 OR AY.125.1 OR AY.126 OR AY.127 OR AY.127.1 OR AY.127.2 OR AY.127.3 OR AY.128 OR AY.129 OR AY.130 OR AY.131 OR AY.132 OR AY.133 OR AY.134 OR B.1.617.2,Delta,14.5,0.0714285714285714,0.00492610837438424
2022-05-02,6,0,17.7142857142857,0,0,2.69031173009093e-05,0.12855821182176,AY.1 OR AY.2 OR AY.3 OR AY.3.1 OR AY.3.2 OR AY.3.3 OR AY.3.4 OR AY.4 OR AY.4.1 OR AY.4.2 OR AY.4.2.1 OR AY.4.2.2 OR AY.4.2.3 OR AY.4.2.4 OR AY.4.2.5 OR AY.4.3 OR AY.4.4 OR AY.4.5 OR AY.4.6 OR AY.4.7 OR AY.4.8 OR AY.4.9 OR AY.4.10 OR AY.4.11 OR AY.4.12 OR AY.4.13 OR AY.4.14 OR AY.4.15 OR AY.4.16 OR AY.4.17 OR AY.5 OR AY.5.1 OR AY.5.2 OR AY.5.3 OR AY.5.4 OR AY.5.5 OR AY.5.6 OR AY.5.7 OR AY.6 OR AY.7 OR AY.7.1 OR AY.7.2 OR AY.8 OR AY.9 OR AY.9.1 OR AY.9.2 OR AY.9.2.1 OR AY.9.2.2 OR AY.10 OR AY.11 OR AY.12 OR AY.13 OR AY.14 OR AY.15 OR AY.16 OR AY.16.1 OR AY.17 OR AY.18 OR AY.19 OR AY.20 OR AY.20.1 OR AY.21 OR AY.22 OR AY.23 OR AY.23.1 OR AY.23.2 OR AY.24 OR AY.24.1 OR AY.25 OR AY.25.1 OR AY.25.1.1 OR AY.25.1.2 OR AY.25.2 OR AY.25.3 OR AY.26 OR AY.26.1 OR AY.27 OR AY.28 OR AY.29 OR AY.29.1 OR AY.29.2 OR AY.30 OR AY.31 OR AY.32 OR AY.33 OR AY.33.1 OR AY.33.2 OR AY.34 OR AY.34.1 OR AY.34.1.1 OR AY.34.2 OR AY.35 OR AY.36 OR AY.36.1 OR AY.37 OR AY.38 OR AY.39 OR AY.39.1 OR AY.39.1.1 OR AY.39.1.2 OR AY.39.1.3 OR AY.39.1.4 OR AY.39.2 OR AY.39.3 OR AY.39.4 OR AY.40 OR AY.41 OR AY.42 OR AY.42.1 OR AY.43 OR AY.43.1 OR AY.43.2 OR AY.43.3 OR AY.43.4 OR AY.43.5 OR AY.43.6 OR AY.43.7 OR AY.43.8 OR AY.43.9 OR AY.44 OR AY.45 OR AY.46 OR AY.46.1 OR AY.46.2 OR AY.46.3 OR AY.46.4 OR AY.46.5 OR AY.46.6 OR AY.46.6.1 OR AY.47 OR AY.48 OR AY.49 OR AY.50 OR AY.51 OR AY.52 OR AY.53 OR AY.54 OR AY.55 OR AY.56 OR AY.57 OR AY.58 OR AY.59 OR AY.60 OR AY.61 OR AY.62 OR AY.63 OR AY.64 OR AY.65 OR AY.66 OR AY.67 OR AY.68 OR AY.69 OR AY.70 OR AY.71 OR AY.72 OR AY.73 OR AY.74 OR AY.75 OR AY.75.1 OR AY.75.2 OR AY.75.3 OR AY.76 OR AY.77 OR AY.78 OR AY.79 OR AY.80 OR AY.81 OR AY.82 OR AY.83 OR AY.84 OR AY.85 OR AY.86 OR AY.87 OR AY.88 OR AY.89 OR AY.90 OR AY.91 OR AY.91.1 OR AY.92 OR AY.93 OR AY.94 OR AY.95 OR AY.96 OR AY.97 OR AY.98 OR AY.98.1 OR AY.98.1.1 OR AY.99 OR AY.99.1 OR AY.99.2 OR AY.100 OR AY.101 OR AY.102 OR AY.102.1 OR AY.102.2 OR AY.103 OR AY.103.1 OR AY.103.2 OR AY.104 OR AY.105 OR AY.106 OR AY.107 OR AY.108 OR AY.109 OR AY.110 OR AY.111 OR AY.112 OR AY.112.1 OR AY.112.2 OR AY.112.3 OR AY.113 OR AY.114 OR AY.115 OR AY.116 OR AY.116.1 OR AY.117 OR AY.118 OR AY.119 OR AY.119.1 OR AY.119.2 OR AY.120 OR AY.120.1 OR AY.120.2 OR AY.120.2.1 OR AY.121 OR AY.121.1 OR AY.122 OR AY.122.1 OR AY.122.2 OR AY.122.3 OR AY.122.4 OR AY.122.5 OR AY.122.6 OR AY.123 OR AY.123.1 OR AY.124 OR AY.124.1 OR AY.124.1.1 OR AY.125 OR AY.125.1 OR AY.126 OR AY.127 OR AY.127.1 OR AY.127.2 OR AY.127.3 OR AY.128 OR AY.129 OR AY.130 OR AY.131 OR AY.132 OR AY.133 OR AY.134 OR B.1.617.2,Delta,14.7142857142857,0.0714285714285714,0.00485436893203884
2022-05-03,5,0,12.2857142857143,0,0,4.00753100765989e-05,0.185305938312485,AY.1 OR AY.2 OR AY.3 OR AY.3.1 OR AY.3.2 OR AY.3.3 OR AY.3.4 OR AY.4 OR AY.4.1 OR AY.4.2 OR AY.4.2.1 OR AY.4.2.2 OR AY.4.2.3 OR AY.4.2.4 OR AY.4.2.5 OR AY.4.3 OR AY.4.4 OR AY.4.5 OR AY.4.6 OR AY.4.7 OR AY.4.8 OR AY.4.9 OR AY.4.10 OR AY.4.11 OR AY.4.12 OR AY.4.13 OR AY.4.14 OR AY.4.15 OR AY.4.16 OR AY.4.17 OR AY.5 OR AY.5.1 OR AY.5.2 OR AY.5.3 OR AY.5.4 OR AY.5.5 OR AY.5.6 OR AY.5.7 OR AY.6 OR AY.7 OR AY.7.1 OR AY.7.2 OR AY.8 OR AY.9 OR AY.9.1 OR AY.9.2 OR AY.9.2.1 OR AY.9.2.2 OR AY.10 OR AY.11 OR AY.12 OR AY.13 OR AY.14 OR AY.15 OR AY.16 OR AY.16.1 OR AY.17 OR AY.18 OR AY.19 OR AY.20 OR AY.20.1 OR AY.21 OR AY.22 OR AY.23 OR AY.23.1 OR AY.23.2 OR AY.24 OR AY.24.1 OR AY.25 OR AY.25.1 OR AY.25.1.1 OR AY.25.1.2 OR AY.25.2 OR AY.25.3 OR AY.26 OR AY.26.1 OR AY.27 OR AY.28 OR AY.29 OR AY.29.1 OR AY.29.2 OR AY.30 OR AY.31 OR AY.32 OR AY.33 OR AY.33.1 OR AY.33.2 OR AY.34 OR AY.34.1 OR AY.34.1.1 OR AY.34.2 OR AY.35 OR AY.36 OR AY.36.1 OR AY.37 OR AY.38 OR AY.39 OR AY.39.1 OR AY.39.1.1 OR AY.39.1.2 OR AY.39.1.3 OR AY.39.1.4 OR AY.39.2 OR AY.39.3 OR AY.39.4 OR AY.40 OR AY.41 OR AY.42 OR AY.42.1 OR AY.43 OR AY.43.1 OR AY.43.2 OR AY.43.3 OR AY.43.4 OR AY.43.5 OR AY.43.6 OR AY.43.7 OR AY.43.8 OR AY.43.9 OR AY.44 OR AY.45 OR AY.46 OR AY.46.1 OR AY.46.2 OR AY.46.3 OR AY.46.4 OR AY.46.5 OR AY.46.6 OR AY.46.6.1 OR AY.47 OR AY.48 OR AY.49 OR AY.50 OR AY.51 OR AY.52 OR AY.53 OR AY.54 OR AY.55 OR AY.56 OR AY.57 OR AY.58 OR AY.59 OR AY.60 OR AY.61 OR AY.62 OR AY.63 OR AY.64 OR AY.65 OR AY.66 OR AY.67 OR AY.68 OR AY.69 OR AY.70 OR AY.71 OR AY.72 OR AY.73 OR AY.74 OR AY.75 OR AY.75.1 OR AY.75.2 OR AY.75.3 OR AY.76 OR AY.77 OR AY.78 OR AY.79 OR AY.80 OR AY.81 OR AY.82 OR AY.83 OR AY.84 OR AY.85 OR AY.86 OR AY.87 OR AY.88 OR AY.89 OR AY.90 OR AY.91 OR AY.91.1 OR AY.92 OR AY.93 OR AY.94 OR AY.95 OR AY.96 OR AY.97 OR AY.98 OR AY.98.1 OR AY.98.1.1 OR AY.99 OR AY.99.1 OR AY.99.2 OR AY.100 OR AY.101 OR AY.102 OR AY.102.1 OR AY.102.2 OR AY.103 OR AY.103.1 OR AY.103.2 OR AY.104 OR AY.105 OR AY.106 OR AY.107 OR AY.108 OR AY.109 OR AY.110 OR AY.111 OR AY.112 OR AY.112.1 OR AY.112.2 OR AY.112.3 OR AY.113 OR AY.114 OR AY.115 OR AY.116 OR AY.116.1 OR AY.117 OR AY.118 OR AY.119 OR AY.119.1 OR AY.119.2 OR AY.120 OR AY.120.1 OR AY.120.2 OR AY.120.2.1 OR AY.121 OR AY.121.1 OR AY.122 OR AY.122.1 OR AY.122.2 OR AY.122.3 OR AY.122.4 OR AY.122.5 OR AY.122.6 OR AY.123 OR AY.123.1 OR AY.124 OR AY.124.1 OR AY.124.1.1 OR AY.125 OR AY.125.1 OR AY.126 OR AY.127 OR AY.127.1 OR AY.127.2 OR AY.127.3 OR AY.128 OR AY.129 OR AY.130 OR AY.131 OR AY.132 OR AY.133 OR AY.134 OR B.1.617.2,Delta,13.2857142857143,0.0714285714285714,0.00537634408602151
2022-05-04,24,0,11.7142857142857,0,0,4.00753100765989e-05,0.185305938312485,AY.1 OR AY.2 OR AY.3 OR AY.3.1 OR AY.3.2 OR AY.3.3 OR AY.3.4 OR AY.4 OR AY.4.1 OR AY.4.2 OR AY.4.2.1 OR AY.4.2.2 OR AY.4.2.3 OR AY.4.2.4 OR AY.4.2.5 OR AY.4.3 OR AY.4.4 OR AY.4.5 OR AY.4.6 OR AY.4.7 OR AY.4.8 OR AY.4.9 OR AY.4.10 OR AY.4.11 OR AY.4.12 OR AY.4.13 OR AY.4.14 OR AY.4.15 OR AY.4.16 OR AY.4.17 OR AY.5 OR AY.5.1 OR AY.5.2 OR AY.5.3 OR AY.5.4 OR AY.5.5 OR AY.5.6 OR AY.5.7 OR AY.6 OR AY.7 OR AY.7.1 OR AY.7.2 OR AY.8 OR AY.9 OR AY.9.1 OR AY.9.2 OR AY.9.2.1 OR AY.9.2.2 OR AY.10 OR AY.11 OR AY.12 OR AY.13 OR AY.14 OR AY.15 OR AY.16 OR AY.16.1 OR AY.17 OR AY.18 OR AY.19 OR AY.20 OR AY.20.1 OR AY.21 OR AY.22 OR AY.23 OR AY.23.1 OR AY.23.2 OR AY.24 OR AY.24.1 OR AY.25 OR AY.25.1 OR AY.25.1.1 OR AY.25.1.2 OR AY.25.2 OR AY.25.3 OR AY.26 OR AY.26.1 OR AY.27 OR AY.28 OR AY.29 OR AY.29.1 OR AY.29.2 OR AY.30 OR AY.31 OR AY.32 OR AY.33 OR AY.33.1 OR AY.33.2 OR AY.34 OR AY.34.1 OR AY.34.1.1 OR AY.34.2 OR AY.35 OR AY.36 OR AY.36.1 OR AY.37 OR AY.38 OR AY.39 OR AY.39.1 OR AY.39.1.1 OR AY.39.1.2 OR AY.39.1.3 OR AY.39.1.4 OR AY.39.2 OR AY.39.3 OR AY.39.4 OR AY.40 OR AY.41 OR AY.42 OR AY.42.1 OR AY.43 OR AY.43.1 OR AY.43.2 OR AY.43.3 OR AY.43.4 OR AY.43.5 OR AY.43.6 OR AY.43.7 OR AY.43.8 OR AY.43.9 OR AY.44 OR AY.45 OR AY.46 OR AY.46.1 OR AY.46.2 OR AY.46.3 OR AY.46.4 OR AY.46.5 OR AY.46.6 OR AY.46.6.1 OR AY.47 OR AY.48 OR AY.49 OR AY.50 OR AY.51 OR AY.52 OR AY.53 OR AY.54 OR AY.55 OR AY.56 OR AY.57 OR AY.58 OR AY.59 OR AY.60 OR AY.61 OR AY.62 OR AY.63 OR AY.64 OR AY.65 OR AY.66 OR AY.67 OR AY.68 OR AY.69 OR AY.70 OR AY.71 OR AY.72 OR AY.73 OR AY.74 OR AY.75 OR AY.75.1 OR AY.75.2 OR AY.75.3 OR AY.76 OR AY.77 OR AY.78 OR AY.79 OR AY.80 OR AY.81 OR AY.82 OR AY.83 OR AY.84 OR AY.85 OR AY.86 OR AY.87 OR AY.88 OR AY.89 OR AY.90 OR AY.91 OR AY.91.1 OR AY.92 OR AY.93 OR AY.94 OR AY.95 OR AY.96 OR AY.97 OR AY.98 OR AY.98.1 OR AY.98.1.1 OR AY.99 OR AY.99.1 OR AY.99.2 OR AY.100 OR AY.101 OR AY.102 OR AY.102.1 OR AY.102.2 OR AY.103 OR AY.103.1 OR AY.103.2 OR AY.104 OR AY.105 OR AY.106 OR AY.107 OR AY.108 OR AY.109 OR AY.110 OR AY.111 OR AY.112 OR AY.112.1 OR AY.112.2 OR AY.112.3 OR AY.113 OR AY.114 OR AY.115 OR AY.116 OR AY.116.1 OR AY.117 OR AY.118 OR AY.119 OR AY.119.1 OR AY.119.2 OR AY.120 OR AY.120.1 OR AY.120.2 OR AY.120.2.1 OR AY.121 OR AY.121.1 OR AY.122 OR AY.122.1 OR AY.122.2 OR AY.122.3 OR AY.122.4 OR AY.122.5 OR AY.122.6 OR AY.123 OR AY.123.1 OR AY.124 OR AY.124.1 OR AY.124.1.1 OR AY.125 OR AY.125.1 OR AY.126 OR AY.127 OR AY.127.1 OR AY.127.2 OR AY.127.3 OR AY.128 OR AY.129 OR AY.130 OR AY.131 OR AY.132 OR AY.133 OR AY.134 OR B.1.617.2,Delta,14.3571428571429,0,0
2022-05-05,8,0,11.1428571428571,0,0,4.36357981421897e-05,0.199994569026208,AY.1 OR AY.2 OR AY.3 OR AY.3.1 OR AY.3.2 OR AY.3.3 OR AY.3.4 OR AY.4 OR AY.4.1 OR AY.4.2 OR AY.4.2.1 OR AY.4.2.2 OR AY.4.2.3 OR AY.4.2.4 OR AY.4.2.5 OR AY.4.3 OR AY.4.4 OR AY.4.5 OR AY.4.6 OR AY.4.7 OR AY.4.8 OR AY.4.9 OR AY.4.10 OR AY.4.11 OR AY.4.12 OR AY.4.13 OR AY.4.14 OR AY.4.15 OR AY.4.16 OR AY.4.17 OR AY.5 OR AY.5.1 OR AY.5.2 OR AY.5.3 OR AY.5.4 OR AY.5.5 OR AY.5.6 OR AY.5.7 OR AY.6 OR AY.7 OR AY.7.1 OR AY.7.2 OR AY.8 OR AY.9 OR AY.9.1 OR AY.9.2 OR AY.9.2.1 OR AY.9.2.2 OR AY.10 OR AY.11 OR AY.12 OR AY.13 OR AY.14 OR AY.15 OR AY.16 OR AY.16.1 OR AY.17 OR AY.18 OR AY.19 OR AY.20 OR AY.20.1 OR AY.21 OR AY.22 OR AY.23 OR AY.23.1 OR AY.23.2 OR AY.24 OR AY.24.1 OR AY.25 OR AY.25.1 OR AY.25.1.1 OR AY.25.1.2 OR AY.25.2 OR AY.25.3 OR AY.26 OR AY.26.1 OR AY.27 OR AY.28 OR AY.29 OR AY.29.1 OR AY.29.2 OR AY.30 OR AY.31 OR AY.32 OR AY.33 OR AY.33.1 OR AY.33.2 OR AY.34 OR AY.34.1 OR AY.34.1.1 OR AY.34.2 OR AY.35 OR AY.36 OR AY.36.1 OR AY.37 OR AY.38 OR AY.39 OR AY.39.1 OR AY.39.1.1 OR AY.39.1.2 OR AY.39.1.3 OR AY.39.1.4 OR AY.39.2 OR AY.39.3 OR AY.39.4 OR AY.40 OR AY.41 OR AY.42 OR AY.42.1 OR AY.43 OR AY.43.1 OR AY.43.2 OR AY.43.3 OR AY.43.4 OR AY.43.5 OR AY.43.6 OR AY.43.7 OR AY.43.8 OR AY.43.9 OR AY.44 OR AY.45 OR AY.46 OR AY.46.1 OR AY.46.2 OR AY.46.3 OR AY.46.4 OR AY.46.5 OR AY.46.6 OR AY.46.6.1 OR AY.47 OR AY.48 OR AY.49 OR AY.50 OR AY.51 OR AY.52 OR AY.53 OR AY.54 OR AY.55 OR AY.56 OR AY.57 OR AY.58 OR AY.59 OR AY.60 OR AY.61 OR AY.62 OR AY.63 OR AY.64 OR AY.65 OR AY.66 OR AY.67 OR AY.68 OR AY.69 OR AY.70 OR AY.71 OR AY.72 OR AY.73 OR AY.74 OR AY.75 OR AY.75.1 OR AY.75.2 OR AY.75.3 OR AY.76 OR AY.77 OR AY.78 OR AY.79 OR AY.80 OR AY.81 OR AY.82 OR AY.83 OR AY.84 OR AY.85 OR AY.86 OR AY.87 OR AY.88 OR AY.89 OR AY.90 OR AY.91 OR AY.91.1 OR AY.92 OR AY.93 OR AY.94 OR AY.95 OR AY.96 OR AY.97 OR AY.98 OR AY.98.1 OR AY.98.1.1 OR AY.99 OR AY.99.1 OR AY.99.2 OR AY.100 OR AY.101 OR AY.102 OR AY.102.1 OR AY.102.2 OR AY.103 OR AY.103.1 OR AY.103.2 OR AY.104 OR AY.105 OR AY.106 OR AY.107 OR AY.108 OR AY.109 OR AY.110 OR AY.111 OR AY.112 OR AY.112.1 OR AY.112.2 OR AY.112.3 OR AY.113 OR AY.114 OR AY.115 OR AY.116 OR AY.116.1 OR AY.117 OR AY.118 OR AY.119 OR AY.119.1 OR AY.119.2 OR AY.120 OR AY.120.1 OR AY.120.2 OR AY.120.2.1 OR AY.121 OR AY.121.1 OR AY.122 OR AY.122.1 OR AY.122.2 OR AY.122.3 OR AY.122.4 OR AY.122.5 OR AY.122.6 OR AY.123 OR AY.123.1 OR AY.124 OR AY.124.1 OR AY.124.1.1 OR AY.125 OR AY.125.1 OR AY.126 OR AY.127 OR AY.127.1 OR AY.127.2 OR AY.127.3 OR AY.128 OR AY.129 OR AY.130 OR AY.131 OR AY.132 OR AY.133 OR AY.134 OR B.1.617.2,Delta,14.3571428571429,0,0
2022-05-06,34,0,12.4285714285714,0,0,4.00753100765989e-05,0.185305938312485,AY.1 OR AY.2 OR AY.3 OR AY.3.1 OR AY.3.2 OR AY.3.3 OR AY.3.4 OR AY.4 OR AY.4.1 OR AY.4.2 OR AY.4.2.1 OR AY.4.2.2 OR AY.4.2.3 OR AY.4.2.4 OR AY.4.2.5 OR AY.4.3 OR AY.4.4 OR AY.4.5 OR AY.4.6 OR AY.4.7 OR AY.4.8 OR AY.4.9 OR AY.4.10 OR AY.4.11 OR AY.4.12 OR AY.4.13 OR AY.4.14 OR AY.4.15 OR AY.4.16 OR AY.4.17 OR AY.5 OR AY.5.1 OR AY.5.2 OR AY.5.3 OR AY.5.4 OR AY.5.5 OR AY.5.6 OR AY.5.7 OR AY.6 OR AY.7 OR AY.7.1 OR AY.7.2 OR AY.8 OR AY.9 OR AY.9.1 OR AY.9.2 OR AY.9.2.1 OR AY.9.2.2 OR AY.10 OR AY.11 OR AY.12 OR AY.13 OR AY.14 OR AY.15 OR AY.16 OR AY.16.1 OR AY.17 OR AY.18 OR AY.19 OR AY.20 OR AY.20.1 OR AY.21 OR AY.22 OR AY.23 OR AY.23.1 OR AY.23.2 OR AY.24 OR AY.24.1 OR AY.25 OR AY.25.1 OR AY.25.1.1 OR AY.25.1.2 OR AY.25.2 OR AY.25.3 OR AY.26 OR AY.26.1 OR AY.27 OR AY.28 OR AY.29 OR AY.29.1 OR AY.29.2 OR AY.30 OR AY.31 OR AY.32 OR AY.33 OR AY.33.1 OR AY.33.2 OR AY.34 OR AY.34.1 OR AY.34.1.1 OR AY.34.2 OR AY.35 OR AY.36 OR AY.36.1 OR AY.37 OR AY.38 OR AY.39 OR AY.39.1 OR AY.39.1.1 OR AY.39.1.2 OR AY.39.1.3 OR AY.39.1.4 OR AY.39.2 OR AY.39.3 OR AY.39.4 OR AY.40 OR AY.41 OR AY.42 OR AY.42.1 OR AY.43 OR AY.43.1 OR AY.43.2 OR AY.43.3 OR AY.43.4 OR AY.43.5 OR AY.43.6 OR AY.43.7 OR AY.43.8 OR AY.43.9 OR AY.44 OR AY.45 OR AY.46 OR AY.46.1 OR AY.46.2 OR AY.46.3 OR AY.46.4 OR AY.46.5 OR AY.46.6 OR AY.46.6.1 OR AY.47 OR AY.48 OR AY.49 OR AY.50 OR AY.51 OR AY.52 OR AY.53 OR AY.54 OR AY.55 OR AY.56 OR AY.57 OR AY.58 OR AY.59 OR AY.60 OR AY.61 OR AY.62 OR AY.63 OR AY.64 OR AY.65 OR AY.66 OR AY.67 OR AY.68 OR AY.69 OR AY.70 OR AY.71 OR AY.72 OR AY.73 OR AY.74 OR AY.75 OR AY.75.1 OR AY.75.2 OR AY.75.3 OR AY.76 OR AY.77 OR AY.78 OR AY.79 OR AY.80 OR AY.81 OR AY.82 OR AY.83 OR AY.84 OR AY.85 OR AY.86 OR AY.87 OR AY.88 OR AY.89 OR AY.90 OR AY.91 OR AY.91.1 OR AY.92 OR AY.93 OR AY.94 OR AY.95 OR AY.96 OR AY.97 OR AY.98 OR AY.98.1 OR AY.98.1.1 OR AY.99 OR AY.99.1 OR AY.99.2 OR AY.100 OR AY.101 OR AY.102 OR AY.102.1 OR AY.102.2 OR AY.103 OR AY.103.1 OR AY.103.2 OR AY.104 OR AY.105 OR AY.106 OR AY.107 OR AY.108 OR AY.109 OR AY.110 OR AY.111 OR AY.112 OR AY.112.1 OR AY.112.2 OR AY.112.3 OR AY.113 OR AY.114 OR AY.115 OR AY.116 OR AY.116.1 OR AY.117 OR AY.118 OR AY.119 OR AY.119.1 OR AY.119.2 OR AY.120 OR AY.120.1 OR AY.120.2 OR AY.120.2.1 OR AY.121 OR AY.121.1 OR AY.122 OR AY.122.1 OR AY.122.2 OR AY.122.3 OR AY.122.4 OR AY.122.5 OR AY.122.6 OR AY.123 OR AY.123.1 OR AY.124 OR AY.124.1 OR AY.124.1.1 OR AY.125 OR AY.125.1 OR AY.126 OR AY.127 OR AY.127.1 OR AY.127.2 OR AY.127.3 OR AY.128 OR AY.129 OR AY.130 OR AY.131 OR AY.132 OR AY.133 OR AY.134 OR B.1.617.2,Delta,16.0714285714286,0,0
2022-05-07,5,0,12,0,0,4.00753100765989e-05,0.185305938312485,AY.1 OR AY.2 OR AY.3 OR AY.3.1 OR AY.3.2 OR AY.3.3 OR AY.3.4 OR AY.4 OR AY.4.1 OR AY.4.2 OR AY.4.2.1 OR AY.4.2.2 OR AY.4.2.3 OR AY.4.2.4 OR AY.4.2.5 OR AY.4.3 OR AY.4.4 OR AY.4.5 OR AY.4.6 OR AY.4.7 OR AY.4.8 OR AY.4.9 OR AY.4.10 OR AY.4.11 OR AY.4.12 OR AY.4.13 OR AY.4.14 OR AY.4.15 OR AY.4.16 OR AY.4.17 OR AY.5 OR AY.5.1 OR AY.5.2 OR AY.5.3 OR AY.5.4 OR AY.5.5 OR AY.5.6 OR AY.5.7 OR AY.6 OR AY.7 OR AY.7.1 OR AY.7.2 OR AY.8 OR AY.9 OR AY.9.1 OR AY.9.2 OR AY.9.2.1 OR AY.9.2.2 OR AY.10 OR AY.11 OR AY.12 OR AY.13 OR AY.14 OR AY.15 OR AY.16 OR AY.16.1 OR AY.17 OR AY.18 OR AY.19 OR AY.20 OR AY.20.1 OR AY.21 OR AY.22 OR AY.23 OR AY.23.1 OR AY.23.2 OR AY.24 OR AY.24.1 OR AY.25 OR AY.25.1 OR AY.25.1.1 OR AY.25.1.2 OR AY.25.2 OR AY.25.3 OR AY.26 OR AY.26.1 OR AY.27 OR AY.28 OR AY.29 OR AY.29.1 OR AY.29.2 OR AY.30 OR AY.31 OR AY.32 OR AY.33 OR AY.33.1 OR AY.33.2 OR AY.34 OR AY.34.1 OR AY.34.1.1 OR AY.34.2 OR AY.35 OR AY.36 OR AY.36.1 OR AY.37 OR AY.38 OR AY.39 OR AY.39.1 OR AY.39.1.1 OR AY.39.1.2 OR AY.39.1.3 OR AY.39.1.4 OR AY.39.2 OR AY.39.3 OR AY.39.4 OR AY.40 OR AY.41 OR AY.42 OR AY.42.1 OR AY.43 OR AY.43.1 OR AY.43.2 OR AY.43.3 OR AY.43.4 OR AY.43.5 OR AY.43.6 OR AY.43.7 OR AY.43.8 OR AY.43.9 OR AY.44 OR AY.45 OR AY.46 OR AY.46.1 OR AY.46.2 OR AY.46.3 OR AY.46.4 OR AY.46.5 OR AY.46.6 OR AY.46.6.1 OR AY.47 OR AY.48 OR AY.49 OR AY.50 OR AY.51 OR AY.52 OR AY.53 OR AY.54 OR AY.55 OR AY.56 OR AY.57 OR AY.58 OR AY.59 OR AY.60 OR AY.61 OR AY.62 OR AY.63 OR AY.64 OR AY.65 OR AY.66 OR AY.67 OR AY.68 OR AY.69 OR AY.70 OR AY.71 OR AY.72 OR AY.73 OR AY.74 OR AY.75 OR AY.75.1 OR AY.75.2 OR AY.75.3 OR AY.76 OR AY.77 OR AY.78 OR AY.79 OR AY.80 OR AY.81 OR AY.82 OR AY.83 OR AY.84 OR AY.85 OR AY.86 OR AY.87 OR AY.88 OR AY.89 OR AY.90 OR AY.91 OR AY.91.1 OR AY.92 OR AY.93 OR AY.94 OR AY.95 OR AY.96 OR AY.97 OR AY.98 OR AY.98.1 OR AY.98.1.1 OR AY.99 OR AY.99.1 OR AY.99.2 OR AY.100 OR AY.101 OR AY.102 OR AY.102.1 OR AY.102.2 OR AY.103 OR AY.103.1 OR AY.103.2 OR AY.104 OR AY.105 OR AY.106 OR AY.107 OR AY.108 OR AY.109 OR AY.110 OR AY.111 OR AY.112 OR AY.112.1 OR AY.112.2 OR AY.112.3 OR AY.113 OR AY.114 OR AY.115 OR AY.116 OR AY.116.1 OR AY.117 OR AY.118 OR AY.119 OR AY.119.1 OR AY.119.2 OR AY.120 OR AY.120.1 OR AY.120.2 OR AY.120.2.1 OR AY.121 OR AY.121.1 OR AY.122 OR AY.122.1 OR AY.122.2 OR AY.122.3 OR AY.122.4 OR AY.122.5 OR AY.122.6 OR AY.123 OR AY.123.1 OR AY.124 OR AY.124.1 OR AY.124.1.1 OR AY.125 OR AY.125.1 OR AY.126 OR AY.127 OR AY.127.1 OR AY.127.2 OR AY.127.3 OR AY.128 OR AY.129 OR AY.130 OR AY.131 OR AY.132 OR AY.133 OR AY.134 OR B.1.617.2,Delta,15.6428571428571,0,0
2022-05-08,4,0,12.2857142857143,0,0,4.00753100765989e-05,0.185305938312485,AY.1 OR AY.2 OR AY.3 OR AY.3.1 OR AY.3.2 OR AY.3.3 OR AY.3.4 OR AY.4 OR AY.4.1 OR AY.4.2 OR AY.4.2.1 OR AY.4.2.2 OR AY.4.2.3 OR AY.4.2.4 OR AY.4.2.5 OR AY.4.3 OR AY.4.4 OR AY.4.5 OR AY.4.6 OR AY.4.7 OR AY.4.8 OR AY.4.9 OR AY.4.10 OR AY.4.11 OR AY.4.12 OR AY.4.13 OR AY.4.14 OR AY.4.15 OR AY.4.16 OR AY.4.17 OR AY.5 OR AY.5.1 OR AY.5.2 OR AY.5.3 OR AY.5.4 OR AY.5.5 OR AY.5.6 OR AY.5.7 OR AY.6 OR AY.7 OR AY.7.1 OR AY.7.2 OR AY.8 OR AY.9 OR AY.9.1 OR AY.9.2 OR AY.9.2.1 OR AY.9.2.2 OR AY.10 OR AY.11 OR AY.12 OR AY.13 OR AY.14 OR AY.15 OR AY.16 OR AY.16.1 OR AY.17 OR AY.18 OR AY.19 OR AY.20 OR AY.20.1 OR AY.21 OR AY.22 OR AY.23 OR AY.23.1 OR AY.23.2 OR AY.24 OR AY.24.1 OR AY.25 OR AY.25.1 OR AY.25.1.1 OR AY.25.1.2 OR AY.25.2 OR AY.25.3 OR AY.26 OR AY.26.1 OR AY.27 OR AY.28 OR AY.29 OR AY.29.1 OR AY.29.2 OR AY.30 OR AY.31 OR AY.32 OR AY.33 OR AY.33.1 OR AY.33.2 OR AY.34 OR AY.34.1 OR AY.34.1.1 OR AY.34.2 OR AY.35 OR AY.36 OR AY.36.1 OR AY.37 OR AY.38 OR AY.39 OR AY.39.1 OR AY.39.1.1 OR AY.39.1.2 OR AY.39.1.3 OR AY.39.1.4 OR AY.39.2 OR AY.39.3 OR AY.39.4 OR AY.40 OR AY.41 OR AY.42 OR AY.42.1 OR AY.43 OR AY.43.1 OR AY.43.2 OR AY.43.3 OR AY.43.4 OR AY.43.5 OR AY.43.6 OR AY.43.7 OR AY.43.8 OR AY.43.9 OR AY.44 OR AY.45 OR AY.46 OR AY.46.1 OR AY.46.2 OR AY.46.3 OR AY.46.4 OR AY.46.5 OR AY.46.6 OR AY.46.6.1 OR AY.47 OR AY.48 OR AY.49 OR AY.50 OR AY.51 OR AY.52 OR AY.53 OR AY.54 OR AY.55 OR AY.56 OR AY.57 OR AY.58 OR AY.59 OR AY.60 OR AY.61 OR AY.62 OR AY.63 OR AY.64 OR AY.65 OR AY.66 OR AY.67 OR AY.68 OR AY.69 OR AY.70 OR AY.71 OR AY.72 OR AY.73 OR AY.74 OR AY.75 OR AY.75.1 OR AY.75.2 OR AY.75.3 OR AY.76 OR AY.77 OR AY.78 OR AY.79 OR AY.80 OR AY.81 OR AY.82 OR AY.83 OR AY.84 OR AY.85 OR AY.86 OR AY.87 OR AY.88 OR AY.89 OR AY.90 OR AY.91 OR AY.91.1 OR AY.92 OR AY.93 OR AY.94 OR AY.95 OR AY.96 OR AY.97 OR AY.98 OR AY.98.1 OR AY.98.1.1 OR AY.99 OR AY.99.1 OR AY.99.2 OR AY.100 OR AY.101 OR AY.102 OR AY.102.1 OR AY.102.2 OR AY.103 OR AY.103.1 OR AY.103.2 OR AY.104 OR AY.105 OR AY.106 OR AY.107 OR AY.108 OR AY.109 OR AY.110 OR AY.111 OR AY.112 OR AY.112.1 OR AY.112.2 OR AY.112.3 OR AY.113 OR AY.114 OR AY.115 OR AY.116 OR AY.116.1 OR AY.117 OR AY.118 OR AY.119 OR AY.119.1 OR AY.119.2 OR AY.120 OR AY.120.1 OR AY.120.2 OR AY.120.2.1 OR AY.121 OR AY.121.1 OR AY.122 OR AY.122.1 OR AY.122.2 OR AY.122.3 OR AY.122.4 OR AY.122.5 OR AY.122.6 OR AY.123 OR AY.123.1 OR AY.124 OR AY.124.1 OR AY.124.1.1 OR AY.125 OR AY.125.1 OR AY.126 OR AY.127 OR AY.127.1 OR AY.127.2 OR AY.127.3 OR AY.128 OR AY.129 OR AY.130 OR AY.131 OR AY.132 OR AY.133 OR AY.134 OR B.1.617.2,Delta,15.5714285714286,0,0
2022-05-09,17,0,13.8571428571429,0,0,3.44526718020059e-05,0.161553304514194,AY.1 OR AY.2 OR AY.3 OR AY.3.1 OR AY.3.2 OR AY.3.3 OR AY.3.4 OR AY.4 OR AY.4.1 OR AY.4.2 OR AY.4.2.1 OR AY.4.2.2 OR AY.4.2.3 OR AY.4.2.4 OR AY.4.2.5 OR AY.4.3 OR AY.4.4 OR AY.4.5 OR AY.4.6 OR AY.4.7 OR AY.4.8 OR AY.4.9 OR AY.4.10 OR AY.4.11 OR AY.4.12 OR AY.4.13 OR AY.4.14 OR AY.4.15 OR AY.4.16 OR AY.4.17 OR AY.5 OR AY.5.1 OR AY.5.2 OR AY.5.3 OR AY.5.4 OR AY.5.5 OR AY.5.6 OR AY.5.7 OR AY.6 OR AY.7 OR AY.7.1 OR AY.7.2 OR AY.8 OR AY.9 OR AY.9.1 OR AY.9.2 OR AY.9.2.1 OR AY.9.2.2 OR AY.10 OR AY.11 OR AY.12 OR AY.13 OR AY.14 OR AY.15 OR AY.16 OR AY.16.1 OR AY.17 OR AY.18 OR AY.19 OR AY.20 OR AY.20.1 OR AY.21 OR AY.22 OR AY.23 OR AY.23.1 OR AY.23.2 OR AY.24 OR AY.24.1 OR AY.25 OR AY.25.1 OR AY.25.1.1 OR AY.25.1.2 OR AY.25.2 OR AY.25.3 OR AY.26 OR AY.26.1 OR AY.27 OR AY.28 OR AY.29 OR AY.29.1 OR AY.29.2 OR AY.30 OR AY.31 OR AY.32 OR AY.33 OR AY.33.1 OR AY.33.2 OR AY.34 OR AY.34.1 OR AY.34.1.1 OR AY.34.2 OR AY.35 OR AY.36 OR AY.36.1 OR AY.37 OR AY.38 OR AY.39 OR AY.39.1 OR AY.39.1.1 OR AY.39.1.2 OR AY.39.1.3 OR AY.39.1.4 OR AY.39.2 OR AY.39.3 OR AY.39.4 OR AY.40 OR AY.41 OR AY.42 OR AY.42.1 OR AY.43 OR AY.43.1 OR AY.43.2 OR AY.43.3 OR AY.43.4 OR AY.43.5 OR AY.43.6 OR AY.43.7 OR AY.43.8 OR AY.43.9 OR AY.44 OR AY.45 OR AY.46 OR AY.46.1 OR AY.46.2 OR AY.46.3 OR AY.46.4 OR AY.46.5 OR AY.46.6 OR AY.46.6.1 OR AY.47 OR AY.48 OR AY.49 OR AY.50 OR AY.51 OR AY.52 OR AY.53 OR AY.54 OR AY.55 OR AY.56 OR AY.57 OR AY.58 OR AY.59 OR AY.60 OR AY.61 OR AY.62 OR AY.63 OR AY.64 OR AY.65 OR AY.66 OR AY.67 OR AY.68 OR AY.69 OR AY.70 OR AY.71 OR AY.72 OR AY.73 OR AY.74 OR AY.75 OR AY.75.1 OR AY.75.2 OR AY.75.3 OR AY.76 OR AY.77 OR AY.78 OR AY.79 OR AY.80 OR AY.81 OR AY.82 OR AY.83 OR AY.84 OR AY.85 OR AY.86 OR AY.87 OR AY.88 OR AY.89 OR AY.90 OR AY.91 OR AY.91.1 OR AY.92 OR AY.93 OR AY.94 OR AY.95 OR AY.96 OR AY.97 OR AY.98 OR AY.98.1 OR AY.98.1.1 OR AY.99 OR AY.99.1 OR AY.99.2 OR AY.100 OR AY.101 OR AY.102 OR AY.102.1 OR AY.102.2 OR AY.103 OR AY.103.1 OR AY.103.2 OR AY.104 OR AY.105 OR AY.106 OR AY.107 OR AY.108 OR AY.109 OR AY.110 OR AY.111 OR AY.112 OR AY.112.1 OR AY.112.2 OR AY.112.3 OR AY.113 OR AY.114 OR AY.115 OR AY.116 OR AY.116.1 OR AY.117 OR AY.118 OR AY.119 OR AY.119.1 OR AY.119.2 OR AY.120 OR AY.120.1 OR AY.120.2 OR AY.120.2.1 OR AY.121 OR AY.121.1 OR AY.122 OR AY.122.1 OR AY.122.2 OR AY.122.3 OR AY.122.4 OR AY.122.5 OR AY.122.6 OR AY.123 OR AY.123.1 OR AY.124 OR AY.124.1 OR AY.124.1.1 OR AY.125 OR AY.125.1 OR AY.126 OR AY.127 OR AY.127.1 OR AY.127.2 OR AY.127.3 OR AY.128 OR AY.129 OR AY.130 OR AY.131 OR AY.132 OR AY.133 OR AY.134 OR B.1.617.2,Delta,15.7857142857143,0,0
2022-05-10,15,0,15.2857142857143,0,0,3.21941443237269e-05,0.151816662114398,AY.1 OR AY.2 OR AY.3 OR AY.3.1 OR AY.3.2 OR AY.3.3 OR AY.3.4 OR AY.4 OR AY.4.1 OR AY.4.2 OR AY.4.2.1 OR AY.4.2.2 OR AY.4.2.3 OR AY.4.2.4 OR AY.4.2.5 OR AY.4.3 OR AY.4.4 OR AY.4.5 OR AY.4.6 OR AY.4.7 OR AY.4.8 OR AY.4.9 OR AY.4.10 OR AY.4.11 OR AY.4.12 OR AY.4.13 OR AY.4.14 OR AY.4.15 OR AY.4.16 OR AY.4.17 OR AY.5 OR AY.5.1 OR AY.5.2 OR AY.5.3 OR AY.5.4 OR AY.5.5 OR AY.5.6 OR AY.5.7 OR AY.6 OR AY.7 OR AY.7.1 OR AY.7.2 OR AY.8 OR AY.9 OR AY.9.1 OR AY.9.2 OR AY.9.2.1 OR AY.9.2.2 OR AY.10 OR AY.11 OR AY.12 OR AY.13 OR AY.14 OR AY.15 OR AY.16 OR AY.16.1 OR AY.17 OR AY.18 OR AY.19 OR AY.20 OR AY.20.1 OR AY.21 OR AY.22 OR AY.23 OR AY.23.1 OR AY.23.2 OR AY.24 OR AY.24.1 OR AY.25 OR AY.25.1 OR AY.25.1.1 OR AY.25.1.2 OR AY.25.2 OR AY.25.3 OR AY.26 OR AY.26.1 OR AY.27 OR AY.28 OR AY.29 OR AY.29.1 OR AY.29.2 OR AY.30 OR AY.31 OR AY.32 OR AY.33 OR AY.33.1 OR AY.33.2 OR AY.34 OR AY.34.1 OR AY.34.1.1 OR AY.34.2 OR AY.35 OR AY.36 OR AY.36.1 OR AY.37 OR AY.38 OR AY.39 OR AY.39.1 OR AY.39.1.1 OR AY.39.1.2 OR AY.39.1.3 OR AY.39.1.4 OR AY.39.2 OR AY.39.3 OR AY.39.4 OR AY.40 OR AY.41 OR AY.42 OR AY.42.1 OR AY.43 OR AY.43.1 OR AY.43.2 OR AY.43.3 OR AY.43.4 OR AY.43.5 OR AY.43.6 OR AY.43.7 OR AY.43.8 OR AY.43.9 OR AY.44 OR AY.45 OR AY.46 OR AY.46.1 OR AY.46.2 OR AY.46.3 OR AY.46.4 OR AY.46.5 OR AY.46.6 OR AY.46.6.1 OR AY.47 OR AY.48 OR AY.49 OR AY.50 OR AY.51 OR AY.52 OR AY.53 OR AY.54 OR AY.55 OR AY.56 OR AY.57 OR AY.58 OR AY.59 OR AY.60 OR AY.61 OR AY.62 OR AY.63 OR AY.64 OR AY.65 OR AY.66 OR AY.67 OR AY.68 OR AY.69 OR AY.70 OR AY.71 OR AY.72 OR AY.73 OR AY.74 OR AY.75 OR AY.75.1 OR AY.75.2 OR AY.75.3 OR AY.76 OR AY.77 OR AY.78 OR AY.79 OR AY.80 OR AY.81 OR AY.82 OR AY.83 OR AY.84 OR AY.85 OR AY.86 OR AY.87 OR AY.88 OR AY.89 OR AY.90 OR AY.91 OR AY.91.1 OR AY.92 OR AY.93 OR AY.94 OR AY.95 OR AY.96 OR AY.97 OR AY.98 OR AY.98.1 OR AY.98.1.1 OR AY.99 OR AY.99.1 OR AY.99.2 OR AY.100 OR AY.101 OR AY.102 OR AY.102.1 OR AY.102.2 OR AY.103 OR AY.103.1 OR AY.103.2 OR AY.104 OR AY.105 OR AY.106 OR AY.107 OR AY.108 OR AY.109 OR AY.110 OR AY.111 OR AY.112 OR AY.112.1 OR AY.112.2 OR AY.112.3 OR AY.113 OR AY.114 OR AY.115 OR AY.116 OR AY.116.1 OR AY.117 OR AY.118 OR AY.119 OR AY.119.1 OR AY.119.2 OR AY.120 OR AY.120.1 OR AY.120.2 OR AY.120.2.1 OR AY.121 OR AY.121.1 OR AY.122 OR AY.122.1 OR AY.122.2 OR AY.122.3 OR AY.122.4 OR AY.122.5 OR AY.122.6 OR AY.123 OR AY.123.1 OR AY.124 OR AY.124.1 OR AY.124.1.1 OR AY.125 OR AY.125.1 OR AY.126 OR AY.127 OR AY.127.1 OR AY.127.2 OR AY.127.3 OR AY.128 OR AY.129 OR AY.130 OR AY.131 OR AY.132 OR AY.133 OR AY.134 OR B.1.617.2,Delta,13.7857142857143,0,0
2022-05-11,6,0,12.7142857142857,0,0,3.70519332987658e-05,0.172619445282057,AY.1 OR AY.2 OR AY.3 OR AY.3.1 OR AY.3.2 OR AY.3.3 OR AY.3.4 OR AY.4 OR AY.4.1 OR AY.4.2 OR AY.4.2.1 OR AY.4.2.2 OR AY.4.2.3 OR AY.4.2.4 OR AY.4.2.5 OR AY.4.3 OR AY.4.4 OR AY.4.5 OR AY.4.6 OR AY.4.7 OR AY.4.8 OR AY.4.9 OR AY.4.10 OR AY.4.11 OR AY.4.12 OR AY.4.13 OR AY.4.14 OR AY.4.15 OR AY.4.16 OR AY.4.17 OR AY.5 OR AY.5.1 OR AY.5.2 OR AY.5.3 OR AY.5.4 OR AY.5.5 OR AY.5.6 OR AY.5.7 OR AY.6 OR AY.7 OR AY.7.1 OR AY.7.2 OR AY.8 OR AY.9 OR AY.9.1 OR AY.9.2 OR AY.9.2.1 OR AY.9.2.2 OR AY.10 OR AY.11 OR AY.12 OR AY.13 OR AY.14 OR AY.15 OR AY.16 OR AY.16.1 OR AY.17 OR AY.18 OR AY.19 OR AY.20 OR AY.20.1 OR AY.21 OR AY.22 OR AY.23 OR AY.23.1 OR AY.23.2 OR AY.24 OR AY.24.1 OR AY.25 OR AY.25.1 OR AY.25.1.1 OR AY.25.1.2 OR AY.25.2 OR AY.25.3 OR AY.26 OR AY.26.1 OR AY.27 OR AY.28 OR AY.29 OR AY.29.1 OR AY.29.2 OR AY.30 OR AY.31 OR AY.32 OR AY.33 OR AY.33.1 OR AY.33.2 OR AY.34 OR AY.34.1 OR AY.34.1.1 OR AY.34.2 OR AY.35 OR AY.36 OR AY.36.1 OR AY.37 OR AY.38 OR AY.39 OR AY.39.1 OR AY.39.1.1 OR AY.39.1.2 OR AY.39.1.3 OR AY.39.1.4 OR AY.39.2 OR AY.39.3 OR AY.39.4 OR AY.40 OR AY.41 OR AY.42 OR AY.42.1 OR AY.43 OR AY.43.1 OR AY.43.2 OR AY.43.3 OR AY.43.4 OR AY.43.5 OR AY.43.6 OR AY.43.7 OR AY.43.8 OR AY.43.9 OR AY.44 OR AY.45 OR AY.46 OR AY.46.1 OR AY.46.2 OR AY.46.3 OR AY.46.4 OR AY.46.5 OR AY.46.6 OR AY.46.6.1 OR AY.47 OR AY.48 OR AY.49 OR AY.50 OR AY.51 OR AY.52 OR AY.53 OR AY.54 OR AY.55 OR AY.56 OR AY.57 OR AY.58 OR AY.59 OR AY.60 OR AY.61 OR AY.62 OR AY.63 OR AY.64 OR AY.65 OR AY.66 OR AY.67 OR AY.68 OR AY.69 OR AY.70 OR AY.71 OR AY.72 OR AY.73 OR AY.74 OR AY.75 OR AY.75.1 OR AY.75.2 OR AY.75.3 OR AY.76 OR AY.77 OR AY.78 OR AY.79 OR AY.80 OR AY.81 OR AY.82 OR AY.83 OR AY.84 OR AY.85 OR AY.86 OR AY.87 OR AY.88 OR AY.89 OR AY.90 OR AY.91 OR AY.91.1 OR AY.92 OR AY.93 OR AY.94 OR AY.95 OR AY.96 OR AY.97 OR AY.98 OR AY.98.1 OR AY.98.1.1 OR AY.99 OR AY.99.1 OR AY.99.2 OR AY.100 OR AY.101 OR AY.102 OR AY.102.1 OR AY.102.2 OR AY.103 OR AY.103.1 OR AY.103.2 OR AY.104 OR AY.105 OR AY.106 OR AY.107 OR AY.108 OR AY.109 OR AY.110 OR AY.111 OR AY.112 OR AY.112.1 OR AY.112.2 OR AY.112.3 OR AY.113 OR AY.114 OR AY.115 OR AY.116 OR AY.116.1 OR AY.117 OR AY.118 OR AY.119 OR AY.119.1 OR AY.119.2 OR AY.120 OR AY.120.1 OR AY.120.2 OR AY.120.2.1 OR AY.121 OR AY.121.1 OR AY.122 OR AY.122.1 OR AY.122.2 OR AY.122.3 OR AY.122.4 OR AY.122.5 OR AY.122.6 OR AY.123 OR AY.123.1 OR AY.124 OR AY.124.1 OR AY.124.1.1 OR AY.125 OR AY.125.1 OR AY.126 OR AY.127 OR AY.127.1 OR AY.127.2 OR AY.127.3 OR AY.128 OR AY.129 OR AY.130 OR AY.131 OR AY.132 OR AY.133 OR AY.134 OR B.1.617.2,Delta,12.2142857142857,0,0
2022-05-12,26,0,15.2857142857143,0,0,3.21941443237269e-05,0.151816662114398,AY.1 OR AY.2 OR AY.3 OR AY.3.1 OR AY.3.2 OR AY.3.3 OR AY.3.4 OR AY.4 OR AY.4.1 OR AY.4.2 OR AY.4.2.1 OR AY.4.2.2 OR AY.4.2.3 OR AY.4.2.4 OR AY.4.2.5 OR AY.4.3 OR AY.4.4 OR AY.4.5 OR AY.4.6 OR AY.4.7 OR AY.4.8 OR AY.4.9 OR AY.4.10 OR AY.4.11 OR AY.4.12 OR AY.4.13 OR AY.4.14 OR AY.4.15 OR AY.4.16 OR AY.4.17 OR AY.5 OR AY.5.1 OR AY.5.2 OR AY.5.3 OR AY.5.4 OR AY.5.5 OR AY.5.6 OR AY.5.7 OR AY.6 OR AY.7 OR AY.7.1 OR AY.7.2 OR AY.8 OR AY.9 OR AY.9.1 OR AY.9.2 OR AY.9.2.1 OR AY.9.2.2 OR AY.10 OR AY.11 OR AY.12 OR AY.13 OR AY.14 OR AY.15 OR AY.16 OR AY.16.1 OR AY.17 OR AY.18 OR AY.19 OR AY.20 OR AY.20.1 OR AY.21 OR AY.22 OR AY.23 OR AY.23.1 OR AY.23.2 OR AY.24 OR AY.24.1 OR AY.25 OR AY.25.1 OR AY.25.1.1 OR AY.25.1.2 OR AY.25.2 OR AY.25.3 OR AY.26 OR AY.26.1 OR AY.27 OR AY.28 OR AY.29 OR AY.29.1 OR AY.29.2 OR AY.30 OR AY.31 OR AY.32 OR AY.33 OR AY.33.1 OR AY.33.2 OR AY.34 OR AY.34.1 OR AY.34.1.1 OR AY.34.2 OR AY.35 OR AY.36 OR AY.36.1 OR AY.37 OR AY.38 OR AY.39 OR AY.39.1 OR AY.39.1.1 OR AY.39.1.2 OR AY.39.1.3 OR AY.39.1.4 OR AY.39.2 OR AY.39.3 OR AY.39.4 OR AY.40 OR AY.41 OR AY.42 OR AY.42.1 OR AY.43 OR AY.43.1 OR AY.43.2 OR AY.43.3 OR AY.43.4 OR AY.43.5 OR AY.43.6 OR AY.43.7 OR AY.43.8 OR AY.43.9 OR AY.44 OR AY.45 OR AY.46 OR AY.46.1 OR AY.46.2 OR AY.46.3 OR AY.46.4 OR AY.46.5 OR AY.46.6 OR AY.46.6.1 OR AY.47 OR AY.48 OR AY.49 OR AY.50 OR AY.51 OR AY.52 OR AY.53 OR AY.54 OR AY.55 OR AY.56 OR AY.57 OR AY.58 OR AY.59 OR AY.60 OR AY.61 OR AY.62 OR AY.63 OR AY.64 OR AY.65 OR AY.66 OR AY.67 OR AY.68 OR AY.69 OR AY.70 OR AY.71 OR AY.72 OR AY.73 OR AY.74 OR AY.75 OR AY.75.1 OR AY.75.2 OR AY.75.3 OR AY.76 OR AY.77 OR AY.78 OR AY.79 OR AY.80 OR AY.81 OR AY.82 OR AY.83 OR AY.84 OR AY.85 OR AY.86 OR AY.87 OR AY.88 OR AY.89 OR AY.90 OR AY.91 OR AY.91.1 OR AY.92 OR AY.93 OR AY.94 OR AY.95 OR AY.96 OR AY.97 OR AY.98 OR AY.98.1 OR AY.98.1.1 OR AY.99 OR AY.99.1 OR AY.99.2 OR AY.100 OR AY.101 OR AY.102 OR AY.102.1 OR AY.102.2 OR AY.103 OR AY.103.1 OR AY.103.2 OR AY.104 OR AY.105 OR AY.106 OR AY.107 OR AY.108 OR AY.109 OR AY.110 OR AY.111 OR AY.112 OR AY.112.1 OR AY.112.2 OR AY.112.3 OR AY.113 OR AY.114 OR AY.115 OR AY.116 OR AY.116.1 OR AY.117 OR AY.118 OR AY.119 OR AY.119.1 OR AY.119.2 OR AY.120 OR AY.120.1 OR AY.120.2 OR AY.120.2.1 OR AY.121 OR AY.121.1 OR AY.122 OR AY.122.1 OR AY.122.2 OR AY.122.3 OR AY.122.4 OR AY.122.5 OR AY.122.6 OR AY.123 OR AY.123.1 OR AY.124 OR AY.124.1 OR AY.124.1.1 OR AY.125 OR AY.125.1 OR AY.126 OR AY.127 OR AY.127.1 OR AY.127.2 OR AY.127.3 OR AY.128 OR AY.129 OR AY.130 OR AY.131 OR AY.132 OR AY.133 OR AY.134 OR B.1.617.2,Delta,13.2142857142857,0,0
2022-05-13,23,0,13.7142857142857,0,0,3.44526718020059e-05,0.161553304514194,AY.1 OR AY.2 OR AY.3 OR AY.3.1 OR AY.3.2 OR AY.3.3 OR AY.3.4 OR AY.4 OR AY.4.1 OR AY.4.2 OR AY.4.2.1 OR AY.4.2.2 OR AY.4.2.3 OR AY.4.2.4 OR AY.4.2.5 OR AY.4.3 OR AY.4.4 OR AY.4.5 OR AY.4.6 OR AY.4.7 OR AY.4.8 OR AY.4.9 OR AY.4.10 OR AY.4.11 OR AY.4.12 OR AY.4.13 OR AY.4.14 OR AY.4.15 OR AY.4.16 OR AY.4.17 OR AY.5 OR AY.5.1 OR AY.5.2 OR AY.5.3 OR AY.5.4 OR AY.5.5 OR AY.5.6 OR AY.5.7 OR AY.6 OR AY.7 OR AY.7.1 OR AY.7.2 OR AY.8 OR AY.9 OR AY.9.1 OR AY.9.2 OR AY.9.2.1 OR AY.9.2.2 OR AY.10 OR AY.11 OR AY.12 OR AY.13 OR AY.14 OR AY.15 OR AY.16 OR AY.16.1 OR AY.17 OR AY.18 OR AY.19 OR AY.20 OR AY.20.1 OR AY.21 OR AY.22 OR AY.23 OR AY.23.1 OR AY.23.2 OR AY.24 OR AY.24.1 OR AY.25 OR AY.25.1 OR AY.25.1.1 OR AY.25.1.2 OR AY.25.2 OR AY.25.3 OR AY.26 OR AY.26.1 OR AY.27 OR AY.28 OR AY.29 OR AY.29.1 OR AY.29.2 OR AY.30 OR AY.31 OR AY.32 OR AY.33 OR AY.33.1 OR AY.33.2 OR AY.34 OR AY.34.1 OR AY.34.1.1 OR AY.34.2 OR AY.35 OR AY.36 OR AY.36.1 OR AY.37 OR AY.38 OR AY.39 OR AY.39.1 OR AY.39.1.1 OR AY.39.1.2 OR AY.39.1.3 OR AY.39.1.4 OR AY.39.2 OR AY.39.3 OR AY.39.4 OR AY.40 OR AY.41 OR AY.42 OR AY.42.1 OR AY.43 OR AY.43.1 OR AY.43.2 OR AY.43.3 OR AY.43.4 OR AY.43.5 OR AY.43.6 OR AY.43.7 OR AY.43.8 OR AY.43.9 OR AY.44 OR AY.45 OR AY.46 OR AY.46.1 OR AY.46.2 OR AY.46.3 OR AY.46.4 OR AY.46.5 OR AY.46.6 OR AY.46.6.1 OR AY.47 OR AY.48 OR AY.49 OR AY.50 OR AY.51 OR AY.52 OR AY.53 OR AY.54 OR AY.55 OR AY.56 OR AY.57 OR AY.58 OR AY.59 OR AY.60 OR AY.61 OR AY.62 OR AY.63 OR AY.64 OR AY.65 OR AY.66 OR AY.67 OR AY.68 OR AY.69 OR AY.70 OR AY.71 OR AY.72 OR AY.73 OR AY.74 OR AY.75 OR AY.75.1 OR AY.75.2 OR AY.75.3 OR AY.76 OR AY.77 OR AY.78 OR AY.79 OR AY.80 OR AY.81 OR AY.82 OR AY.83 OR AY.84 OR AY.85 OR AY.86 OR AY.87 OR AY.88 OR AY.89 OR AY.90 OR AY.91 OR AY.91.1 OR AY.92 OR AY.93 OR AY.94 OR AY.95 OR AY.96 OR AY.97 OR AY.98 OR AY.98.1 OR AY.98.1.1 OR AY.99 OR AY.99.1 OR AY.99.2 OR AY.100 OR AY.101 OR AY.102 OR AY.102.1 OR AY.102.2 OR AY.103 OR AY.103.1 OR AY.103.2 OR AY.104 OR AY.105 OR AY.106 OR AY.107 OR AY.108 OR AY.109 OR AY.110 OR AY.111 OR AY.112 OR AY.112.1 OR AY.112.2 OR AY.112.3 OR AY.113 OR AY.114 OR AY.115 OR AY.116 OR AY.116.1 OR AY.117 OR AY.118 OR AY.119 OR AY.119.1 OR AY.119.2 OR AY.120 OR AY.120.1 OR AY.120.2 OR AY.120.2.1 OR AY.121 OR AY.121.1 OR AY.122 OR AY.122.1 OR AY.122.2 OR AY.122.3 OR AY.122.4 OR AY.122.5 OR AY.122.6 OR AY.123 OR AY.123.1 OR AY.124 OR AY.124.1 OR AY.124.1.1 OR AY.125 OR AY.125.1 OR AY.126 OR AY.127 OR AY.127.1 OR AY.127.2 OR AY.127.3 OR AY.128 OR AY.129 OR AY.130 OR AY.131 OR AY.132 OR AY.133 OR AY.134 OR B.1.617.2,Delta,13.0714285714286,0,0
2022-05-14,3,0,13.4285714285714,0,0,3.70519332987658e-05,0.172619445282057,AY.1 OR AY.2 OR AY.3 OR AY.3.1 OR AY.3.2 OR AY.3.3 OR AY.3.4 OR AY.4 OR AY.4.1 OR AY.4.2 OR AY.4.2.1 OR AY.4.2.2 OR AY.4.2.3 OR AY.4.2.4 OR AY.4.2.5 OR AY.4.3 OR AY.4.4 OR AY.4.5 OR AY.4.6 OR AY.4.7 OR AY.4.8 OR AY.4.9 OR AY.4.10 OR AY.4.11 OR AY.4.12 OR AY.4.13 OR AY.4.14 OR AY.4.15 OR AY.4.16 OR AY.4.17 OR AY.5 OR AY.5.1 OR AY.5.2 OR AY.5.3 OR AY.5.4 OR AY.5.5 OR AY.5.6 OR AY.5.7 OR AY.6 OR AY.7 OR AY.7.1 OR AY.7.2 OR AY.8 OR AY.9 OR AY.9.1 OR AY.9.2 OR AY.9.2.1 OR AY.9.2.2 OR AY.10 OR AY.11 OR AY.12 OR AY.13 OR AY.14 OR AY.15 OR AY.16 OR AY.16.1 OR AY.17 OR AY.18 OR AY.19 OR AY.20 OR AY.20.1 OR AY.21 OR AY.22 OR AY.23 OR AY.23.1 OR AY.23.2 OR AY.24 OR AY.24.1 OR AY.25 OR AY.25.1 OR AY.25.1.1 OR AY.25.1.2 OR AY.25.2 OR AY.25.3 OR AY.26 OR AY.26.1 OR AY.27 OR AY.28 OR AY.29 OR AY.29.1 OR AY.29.2 OR AY.30 OR AY.31 OR AY.32 OR AY.33 OR AY.33.1 OR AY.33.2 OR AY.34 OR AY.34.1 OR AY.34.1.1 OR AY.34.2 OR AY.35 OR AY.36 OR AY.36.1 OR AY.37 OR AY.38 OR AY.39 OR AY.39.1 OR AY.39.1.1 OR AY.39.1.2 OR AY.39.1.3 OR AY.39.1.4 OR AY.39.2 OR AY.39.3 OR AY.39.4 OR AY.40 OR AY.41 OR AY.42 OR AY.42.1 OR AY.43 OR AY.43.1 OR AY.43.2 OR AY.43.3 OR AY.43.4 OR AY.43.5 OR AY.43.6 OR AY.43.7 OR AY.43.8 OR AY.43.9 OR AY.44 OR AY.45 OR AY.46 OR AY.46.1 OR AY.46.2 OR AY.46.3 OR AY.46.4 OR AY.46.5 OR AY.46.6 OR AY.46.6.1 OR AY.47 OR AY.48 OR AY.49 OR AY.50 OR AY.51 OR AY.52 OR AY.53 OR AY.54 OR AY.55 OR AY.56 OR AY.57 OR AY.58 OR AY.59 OR AY.60 OR AY.61 OR AY.62 OR AY.63 OR AY.64 OR AY.65 OR AY.66 OR AY.67 OR AY.68 OR AY.69 OR AY.70 OR AY.71 OR AY.72 OR AY.73 OR AY.74 OR AY.75 OR AY.75.1 OR AY.75.2 OR AY.75.3 OR AY.76 OR AY.77 OR AY.78 OR AY.79 OR AY.80 OR AY.81 OR AY.82 OR AY.83 OR AY.84 OR AY.85 OR AY.86 OR AY.87 OR AY.88 OR AY.89 OR AY.90 OR AY.91 OR AY.91.1 OR AY.92 OR AY.93 OR AY.94 OR AY.95 OR AY.96 OR AY.97 OR AY.98 OR AY.98.1 OR AY.98.1.1 OR AY.99 OR AY.99.1 OR AY.99.2 OR AY.100 OR AY.101 OR AY.102 OR AY.102.1 OR AY.102.2 OR AY.103 OR AY.103.1 OR AY.103.2 OR AY.104 OR AY.105 OR AY.106 OR AY.107 OR AY.108 OR AY.109 OR AY.110 OR AY.111 OR AY.112 OR AY.112.1 OR AY.112.2 OR AY.112.3 OR AY.113 OR AY.114 OR AY.115 OR AY.116 OR AY.116.1 OR AY.117 OR AY.118 OR AY.119 OR AY.119.1 OR AY.119.2 OR AY.120 OR AY.120.1 OR AY.120.2 OR AY.120.2.1 OR AY.121 OR AY.121.1 OR AY.122 OR AY.122.1 OR AY.122.2 OR AY.122.3 OR AY.122.4 OR AY.122.5 OR AY.122.6 OR AY.123 OR AY.123.1 OR AY.124 OR AY.124.1 OR AY.124.1.1 OR AY.125 OR AY.125.1 OR AY.126 OR AY.127 OR AY.127.1 OR AY.127.2 OR AY.127.3 OR AY.128 OR AY.129 OR AY.130 OR AY.131 OR AY.132 OR AY.133 OR AY.134 OR B.1.617.2,Delta,12.7142857142857,0,0
2022-05-15,2,0,13.1428571428571,0,0,3.70519332987658e-05,0.172619445282057,AY.1 OR AY.2 OR AY.3 OR AY.3.1 OR AY.3.2 OR AY.3.3 OR AY.3.4 OR AY.4 OR AY.4.1 OR AY.4.2 OR AY.4.2.1 OR AY.4.2.2 OR AY.4.2.3 OR AY.4.2.4 OR AY.4.2.5 OR AY.4.3 OR AY.4.4 OR AY.4.5 OR AY.4.6 OR AY.4.7 OR AY.4.8 OR AY.4.9 OR AY.4.10 OR AY.4.11 OR AY.4.12 OR AY.4.13 OR AY.4.14 OR AY.4.15 OR AY.4.16 OR AY.4.17 OR AY.5 OR AY.5.1 OR AY.5.2 OR AY.5.3 OR AY.5.4 OR AY.5.5 OR AY.5.6 OR AY.5.7 OR AY.6 OR AY.7 OR AY.7.1 OR AY.7.2 OR AY.8 OR AY.9 OR AY.9.1 OR AY.9.2 OR AY.9.2.1 OR AY.9.2.2 OR AY.10 OR AY.11 OR AY.12 OR AY.13 OR AY.14 OR AY.15 OR AY.16 OR AY.16.1 OR AY.17 OR AY.18 OR AY.19 OR AY.20 OR AY.20.1 OR AY.21 OR AY.22 OR AY.23 OR AY.23.1 OR AY.23.2 OR AY.24 OR AY.24.1 OR AY.25 OR AY.25.1 OR AY.25.1.1 OR AY.25.1.2 OR AY.25.2 OR AY.25.3 OR AY.26 OR AY.26.1 OR AY.27 OR AY.28 OR AY.29 OR AY.29.1 OR AY.29.2 OR AY.30 OR AY.31 OR AY.32 OR AY.33 OR AY.33.1 OR AY.33.2 OR AY.34 OR AY.34.1 OR AY.34.1.1 OR AY.34.2 OR AY.35 OR AY.36 OR AY.36.1 OR AY.37 OR AY.38 OR AY.39 OR AY.39.1 OR AY.39.1.1 OR AY.39.1.2 OR AY.39.1.3 OR AY.39.1.4 OR AY.39.2 OR AY.39.3 OR AY.39.4 OR AY.40 OR AY.41 OR AY.42 OR AY.42.1 OR AY.43 OR AY.43.1 OR AY.43.2 OR AY.43.3 OR AY.43.4 OR AY.43.5 OR AY.43.6 OR AY.43.7 OR AY.43.8 OR AY.43.9 OR AY.44 OR AY.45 OR AY.46 OR AY.46.1 OR AY.46.2 OR AY.46.3 OR AY.46.4 OR AY.46.5 OR AY.46.6 OR AY.46.6.1 OR AY.47 OR AY.48 OR AY.49 OR AY.50 OR AY.51 OR AY.52 OR AY.53 OR AY.54 OR AY.55 OR AY.56 OR AY.57 OR AY.58 OR AY.59 OR AY.60 OR AY.61 OR AY.62 OR AY.63 OR AY.64 OR AY.65 OR AY.66 OR AY.67 OR AY.68 OR AY.69 OR AY.70 OR AY.71 OR AY.72 OR AY.73 OR AY.74 OR AY.75 OR AY.75.1 OR AY.75.2 OR AY.75.3 OR AY.76 OR AY.77 OR AY.78 OR AY.79 OR AY.80 OR AY.81 OR AY.82 OR AY.83 OR AY.84 OR AY.85 OR AY.86 OR AY.87 OR AY.88 OR AY.89 OR AY.90 OR AY.91 OR AY.91.1 OR AY.92 OR AY.93 OR AY.94 OR AY.95 OR AY.96 OR AY.97 OR AY.98 OR AY.98.1 OR AY.98.1.1 OR AY.99 OR AY.99.1 OR AY.99.2 OR AY.100 OR AY.101 OR AY.102 OR AY.102.1 OR AY.102.2 OR AY.103 OR AY.103.1 OR AY.103.2 OR AY.104 OR AY.105 OR AY.106 OR AY.107 OR AY.108 OR AY.109 OR AY.110 OR AY.111 OR AY.112 OR AY.112.1 OR AY.112.2 OR AY.112.3 OR AY.113 OR AY.114 OR AY.115 OR AY.116 OR AY.116.1 OR AY.117 OR AY.118 OR AY.119 OR AY.119.1 OR AY.119.2 OR AY.120 OR AY.120.1 OR AY.120.2 OR AY.120.2.1 OR AY.121 OR AY.121.1 OR AY.122 OR AY.122.1 OR AY.122.2 OR AY.122.3 OR AY.122.4 OR AY.122.5 OR AY.122.6 OR AY.123 OR AY.123.1 OR AY.124 OR AY.124.1 OR AY.124.1.1 OR AY.125 OR AY.125.1 OR AY.126 OR AY.127 OR AY.127.1 OR AY.127.2 OR AY.127.3 OR AY.128 OR AY.129 OR AY.130 OR AY.131 OR AY.132 OR AY.133 OR AY.134 OR B.1.617.2,Delta,12.7142857142857,0,0
2022-05-16,16,0,13,0,0,3.70519332987658e-05,0.172619445282057,AY.1 OR AY.2 OR AY.3 OR AY.3.1 OR AY.3.2 OR AY.3.3 OR AY.3.4 OR AY.4 OR AY.4.1 OR AY.4.2 OR AY.4.2.1 OR AY.4.2.2 OR AY.4.2.3 OR AY.4.2.4 OR AY.4.2.5 OR AY.4.3 OR AY.4.4 OR AY.4.5 OR AY.4.6 OR AY.4.7 OR AY.4.8 OR AY.4.9 OR AY.4.10 OR AY.4.11 OR AY.4.12 OR AY.4.13 OR AY.4.14 OR AY.4.15 OR AY.4.16 OR AY.4.17 OR AY.5 OR AY.5.1 OR AY.5.2 OR AY.5.3 OR AY.5.4 OR AY.5.5 OR AY.5.6 OR AY.5.7 OR AY.6 OR AY.7 OR AY.7.1 OR AY.7.2 OR AY.8 OR AY.9 OR AY.9.1 OR AY.9.2 OR AY.9.2.1 OR AY.9.2.2 OR AY.10 OR AY.11 OR AY.12 OR AY.13 OR AY.14 OR AY.15 OR AY.16 OR AY.16.1 OR AY.17 OR AY.18 OR AY.19 OR AY.20 OR AY.20.1 OR AY.21 OR AY.22 OR AY.23 OR AY.23.1 OR AY.23.2 OR AY.24 OR AY.24.1 OR AY.25 OR AY.25.1 OR AY.25.1.1 OR AY.25.1.2 OR AY.25.2 OR AY.25.3 OR AY.26 OR AY.26.1 OR AY.27 OR AY.28 OR AY.29 OR AY.29.1 OR AY.29.2 OR AY.30 OR AY.31 OR AY.32 OR AY.33 OR AY.33.1 OR AY.33.2 OR AY.34 OR AY.34.1 OR AY.34.1.1 OR AY.34.2 OR AY.35 OR AY.36 OR AY.36.1 OR AY.37 OR AY.38 OR AY.39 OR AY.39.1 OR AY.39.1.1 OR AY.39.1.2 OR AY.39.1.3 OR AY.39.1.4 OR AY.39.2 OR AY.39.3 OR AY.39.4 OR AY.40 OR AY.41 OR AY.42 OR AY.42.1 OR AY.43 OR AY.43.1 OR AY.43.2 OR AY.43.3 OR AY.43.4 OR AY.43.5 OR AY.43.6 OR AY.43.7 OR AY.43.8 OR AY.43.9 OR AY.44 OR AY.45 OR AY.46 OR AY.46.1 OR AY.46.2 OR AY.46.3 OR AY.46.4 OR AY.46.5 OR AY.46.6 OR AY.46.6.1 OR AY.47 OR AY.48 OR AY.49 OR AY.50 OR AY.51 OR AY.52 OR AY.53 OR AY.54 OR AY.55 OR AY.56 OR AY.57 OR AY.58 OR AY.59 OR AY.60 OR AY.61 OR AY.62 OR AY.63 OR AY.64 OR AY.65 OR AY.66 OR AY.67 OR AY.68 OR AY.69 OR AY.70 OR AY.71 OR AY.72 OR AY.73 OR AY.74 OR AY.75 OR AY.75.1 OR AY.75.2 OR AY.75.3 OR AY.76 OR AY.77 OR AY.78 OR AY.79 OR AY.80 OR AY.81 OR AY.82 OR AY.83 OR AY.84 OR AY.85 OR AY.86 OR AY.87 OR AY.88 OR AY.89 OR AY.90 OR AY.91 OR AY.91.1 OR AY.92 OR AY.93 OR AY.94 OR AY.95 OR AY.96 OR AY.97 OR AY.98 OR AY.98.1 OR AY.98.1.1 OR AY.99 OR AY.99.1 OR AY.99.2 OR AY.100 OR AY.101 OR AY.102 OR AY.102.1 OR AY.102.2 OR AY.103 OR AY.103.1 OR AY.103.2 OR AY.104 OR AY.105 OR AY.106 OR AY.107 OR AY.108 OR AY.109 OR AY.110 OR AY.111 OR AY.112 OR AY.112.1 OR AY.112.2 OR AY.112.3 OR AY.113 OR AY.114 OR AY.115 OR AY.116 OR AY.116.1 OR AY.117 OR AY.118 OR AY.119 OR AY.119.1 OR AY.119.2 OR AY.120 OR AY.120.1 OR AY.120.2 OR AY.120.2.1 OR AY.121 OR AY.121.1 OR AY.122 OR AY.122.1 OR AY.122.2 OR AY.122.3 OR AY.122.4 OR AY.122.5 OR AY.122.6 OR AY.123 OR AY.123.1 OR AY.124 OR AY.124.1 OR AY.124.1.1 OR AY.125 OR AY.125.1 OR AY.126 OR AY.127 OR AY.127.1 OR AY.127.2 OR AY.127.3 OR AY.128 OR AY.129 OR AY.130 OR AY.131 OR AY.132 OR AY.133 OR AY.134 OR B.1.617.2,Delta,13.4285714285714,0,0
2022-05-17,18,0,13.4285714285714,0,0,3.70519332987658e-05,0.172619445282057,AY.1 OR AY.2 OR AY.3 OR AY.3.1 OR AY.3.2 OR AY.3.3 OR AY.3.4 OR AY.4 OR AY.4.1 OR AY.4.2 OR AY.4.2.1 OR AY.4.2.2 OR AY.4.2.3 OR AY.4.2.4 OR AY.4.2.5 OR AY.4.3 OR AY.4.4 OR AY.4.5 OR AY.4.6 OR AY.4.7 OR AY.4.8 OR AY.4.9 OR AY.4.10 OR AY.4.11 OR AY.4.12 OR AY.4.13 OR AY.4.14 OR AY.4.15 OR AY.4.16 OR AY.4.17 OR AY.5 OR AY.5.1 OR AY.5.2 OR AY.5.3 OR AY.5.4 OR AY.5.5 OR AY.5.6 OR AY.5.7 OR AY.6 OR AY.7 OR AY.7.1 OR AY.7.2 OR AY.8 OR AY.9 OR AY.9.1 OR AY.9.2 OR AY.9.2.1 OR AY.9.2.2 OR AY.10 OR AY.11 OR AY.12 OR AY.13 OR AY.14 OR AY.15 OR AY.16 OR AY.16.1 OR AY.17 OR AY.18 OR AY.19 OR AY.20 OR AY.20.1 OR AY.21 OR AY.22 OR AY.23 OR AY.23.1 OR AY.23.2 OR AY.24 OR AY.24.1 OR AY.25 OR AY.25.1 OR AY.25.1.1 OR AY.25.1.2 OR AY.25.2 OR AY.25.3 OR AY.26 OR AY.26.1 OR AY.27 OR AY.28 OR AY.29 OR AY.29.1 OR AY.29.2 OR AY.30 OR AY.31 OR AY.32 OR AY.33 OR AY.33.1 OR AY.33.2 OR AY.34 OR AY.34.1 OR AY.34.1.1 OR AY.34.2 OR AY.35 OR AY.36 OR AY.36.1 OR AY.37 OR AY.38 OR AY.39 OR AY.39.1 OR AY.39.1.1 OR AY.39.1.2 OR AY.39.1.3 OR AY.39.1.4 OR AY.39.2 OR AY.39.3 OR AY.39.4 OR AY.40 OR AY.41 OR AY.42 OR AY.42.1 OR AY.43 OR AY.43.1 OR AY.43.2 OR AY.43.3 OR AY.43.4 OR AY.43.5 OR AY.43.6 OR AY.43.7 OR AY.43.8 OR AY.43.9 OR AY.44 OR AY.45 OR AY.46 OR AY.46.1 OR AY.46.2 OR AY.46.3 OR AY.46.4 OR AY.46.5 OR AY.46.6 OR AY.46.6.1 OR AY.47 OR AY.48 OR AY.49 OR AY.50 OR AY.51 OR AY.52 OR AY.53 OR AY.54 OR AY.55 OR AY.56 OR AY.57 OR AY.58 OR AY.59 OR AY.60 OR AY.61 OR AY.62 OR AY.63 OR AY.64 OR AY.65 OR AY.66 OR AY.67 OR AY.68 OR AY.69 OR AY.70 OR AY.71 OR AY.72 OR AY.73 OR AY.74 OR AY.75 OR AY.75.1 OR AY.75.2 OR AY.75.3 OR AY.76 OR AY.77 OR AY.78 OR AY.79 OR AY.80 OR AY.81 OR AY.82 OR AY.83 OR AY.84 OR AY.85 OR AY.86 OR AY.87 OR AY.88 OR AY.89 OR AY.90 OR AY.91 OR AY.91.1 OR AY.92 OR AY.93 OR AY.94 OR AY.95 OR AY.96 OR AY.97 OR AY.98 OR AY.98.1 OR AY.98.1.1 OR AY.99 OR AY.99.1 OR AY.99.2 OR AY.100 OR AY.101 OR AY.102 OR AY.102.1 OR AY.102.2 OR AY.103 OR AY.103.1 OR AY.103.2 OR AY.104 OR AY.105 OR AY.106 OR AY.107 OR AY.108 OR AY.109 OR AY.110 OR AY.111 OR AY.112 OR AY.112.1 OR AY.112.2 OR AY.112.3 OR AY.113 OR AY.114 OR AY.115 OR AY.116 OR AY.116.1 OR AY.117 OR AY.118 OR AY.119 OR AY.119.1 OR AY.119.2 OR AY.120 OR AY.120.1 OR AY.120.2 OR AY.120.2.1 OR AY.121 OR AY.121.1 OR AY.122 OR AY.122.1 OR AY.122.2 OR AY.122.3 OR AY.122.4 OR AY.122.5 OR AY.122.6 OR AY.123 OR AY.123.1 OR AY.124 OR AY.124.1 OR AY.124.1.1 OR AY.125 OR AY.125.1 OR AY.126 OR AY.127 OR AY.127.1 OR AY.127.2 OR AY.127.3 OR AY.128 OR AY.129 OR AY.130 OR AY.131 OR AY.132 OR AY.133 OR AY.134 OR B.1.617.2,Delta,14.3571428571429,0,0
2022-05-18,13,0,14.4285714285714,0,0,3.44526718020059e-05,0.161553304514194,AY.1 OR AY.2 OR AY.3 OR AY.3.1 OR AY.3.2 OR AY.3.3 OR AY.3.4 OR AY.4 OR AY.4.1 OR AY.4.2 OR AY.4.2.1 OR AY.4.2.2 OR AY.4.2.3 OR AY.4.2.4 OR AY.4.2.5 OR AY.4.3 OR AY.4.4 OR AY.4.5 OR AY.4.6 OR AY.4.7 OR AY.4.8 OR AY.4.9 OR AY.4.10 OR AY.4.11 OR AY.4.12 OR AY.4.13 OR AY.4.14 OR AY.4.15 OR AY.4.16 OR AY.4.17 OR AY.5 OR AY.5.1 OR AY.5.2 OR AY.5.3 OR AY.5.4 OR AY.5.5 OR AY.5.6 OR AY.5.7 OR AY.6 OR AY.7 OR AY.7.1 OR AY.7.2 OR AY.8 OR AY.9 OR AY.9.1 OR AY.9.2 OR AY.9.2.1 OR AY.9.2.2 OR AY.10 OR AY.11 OR AY.12 OR AY.13 OR AY.14 OR AY.15 OR AY.16 OR AY.16.1 OR AY.17 OR AY.18 OR AY.19 OR AY.20 OR AY.20.1 OR AY.21 OR AY.22 OR AY.23 OR AY.23.1 OR AY.23.2 OR AY.24 OR AY.24.1 OR AY.25 OR AY.25.1 OR AY.25.1.1 OR AY.25.1.2 OR AY.25.2 OR AY.25.3 OR AY.26 OR AY.26.1 OR AY.27 OR AY.28 OR AY.29 OR AY.29.1 OR AY.29.2 OR AY.30 OR AY.31 OR AY.32 OR AY.33 OR AY.33.1 OR AY.33.2 OR AY.34 OR AY.34.1 OR AY.34.1.1 OR AY.34.2 OR AY.35 OR AY.36 OR AY.36.1 OR AY.37 OR AY.38 OR AY.39 OR AY.39.1 OR AY.39.1.1 OR AY.39.1.2 OR AY.39.1.3 OR AY.39.1.4 OR AY.39.2 OR AY.39.3 OR AY.39.4 OR AY.40 OR AY.41 OR AY.42 OR AY.42.1 OR AY.43 OR AY.43.1 OR AY.43.2 OR AY.43.3 OR AY.43.4 OR AY.43.5 OR AY.43.6 OR AY.43.7 OR AY.43.8 OR AY.43.9 OR AY.44 OR AY.45 OR AY.46 OR AY.46.1 OR AY.46.2 OR AY.46.3 OR AY.46.4 OR AY.46.5 OR AY.46.6 OR AY.46.6.1 OR AY.47 OR AY.48 OR AY.49 OR AY.50 OR AY.51 OR AY.52 OR AY.53 OR AY.54 OR AY.55 OR AY.56 OR AY.57 OR AY.58 OR AY.59 OR AY.60 OR AY.61 OR AY.62 OR AY.63 OR AY.64 OR AY.65 OR AY.66 OR AY.67 OR AY.68 OR AY.69 OR AY.70 OR AY.71 OR AY.72 OR AY.73 OR AY.74 OR AY.75 OR AY.75.1 OR AY.75.2 OR AY.75.3 OR AY.76 OR AY.77 OR AY.78 OR AY.79 OR AY.80 OR AY.81 OR AY.82 OR AY.83 OR AY.84 OR AY.85 OR AY.86 OR AY.87 OR AY.88 OR AY.89 OR AY.90 OR AY.91 OR AY.91.1 OR AY.92 OR AY.93 OR AY.94 OR AY.95 OR AY.96 OR AY.97 OR AY.98 OR AY.98.1 OR AY.98.1.1 OR AY.99 OR AY.99.1 OR AY.99.2 OR AY.100 OR AY.101 OR AY.102 OR AY.102.1 OR AY.102.2 OR AY.103 OR AY.103.1 OR AY.103.2 OR AY.104 OR AY.105 OR AY.106 OR AY.107 OR AY.108 OR AY.109 OR AY.110 OR AY.111 OR AY.112 OR AY.112.1 OR AY.112.2 OR AY.112.3 OR AY.113 OR AY.114 OR AY.115 OR AY.116 OR AY.116.1 OR AY.117 OR AY.118 OR AY.119 OR AY.119.1 OR AY.119.2 OR AY.120 OR AY.120.1 OR AY.120.2 OR AY.120.2.1 OR AY.121 OR AY.121.1 OR AY.122 OR AY.122.1 OR AY.122.2 OR AY.122.3 OR AY.122.4 OR AY.122.5 OR AY.122.6 OR AY.123 OR AY.123.1 OR AY.124 OR AY.124.1 OR AY.124.1.1 OR AY.125 OR AY.125.1 OR AY.126 OR AY.127 OR AY.127.1 OR AY.127.2 OR AY.127.3 OR AY.128 OR AY.129 OR AY.130 OR AY.131 OR AY.132 OR AY.133 OR AY.134 OR B.1.617.2,Delta,13.5714285714286,0,0
2022-05-19,20,0,13.5714285714286,0,0,3.44526718020059e-05,0.161553304514194,AY.1 OR AY.2 OR AY.3 OR AY.3.1 OR AY.3.2 OR AY.3.3 OR AY.3.4 OR AY.4 OR AY.4.1 OR AY.4.2 OR AY.4.2.1 OR AY.4.2.2 OR AY.4.2.3 OR AY.4.2.4 OR AY.4.2.5 OR AY.4.3 OR AY.4.4 OR AY.4.5 OR AY.4.6 OR AY.4.7 OR AY.4.8 OR AY.4.9 OR AY.4.10 OR AY.4.11 OR AY.4.12 OR AY.4.13 OR AY.4.14 OR AY.4.15 OR AY.4.16 OR AY.4.17 OR AY.5 OR AY.5.1 OR AY.5.2 OR AY.5.3 OR AY.5.4 OR AY.5.5 OR AY.5.6 OR AY.5.7 OR AY.6 OR AY.7 OR AY.7.1 OR AY.7.2 OR AY.8 OR AY.9 OR AY.9.1 OR AY.9.2 OR AY.9.2.1 OR AY.9.2.2 OR AY.10 OR AY.11 OR AY.12 OR AY.13 OR AY.14 OR AY.15 OR AY.16 OR AY.16.1 OR AY.17 OR AY.18 OR AY.19 OR AY.20 OR AY.20.1 OR AY.21 OR AY.22 OR AY.23 OR AY.23.1 OR AY.23.2 OR AY.24 OR AY.24.1 OR AY.25 OR AY.25.1 OR AY.25.1.1 OR AY.25.1.2 OR AY.25.2 OR AY.25.3 OR AY.26 OR AY.26.1 OR AY.27 OR AY.28 OR AY.29 OR AY.29.1 OR AY.29.2 OR AY.30 OR AY.31 OR AY.32 OR AY.33 OR AY.33.1 OR AY.33.2 OR AY.34 OR AY.34.1 OR AY.34.1.1 OR AY.34.2 OR AY.35 OR AY.36 OR AY.36.1 OR AY.37 OR AY.38 OR AY.39 OR AY.39.1 OR AY.39.1.1 OR AY.39.1.2 OR AY.39.1.3 OR AY.39.1.4 OR AY.39.2 OR AY.39.3 OR AY.39.4 OR AY.40 OR AY.41 OR AY.42 OR AY.42.1 OR AY.43 OR AY.43.1 OR AY.43.2 OR AY.43.3 OR AY.43.4 OR AY.43.5 OR AY.43.6 OR AY.43.7 OR AY.43.8 OR AY.43.9 OR AY.44 OR AY.45 OR AY.46 OR AY.46.1 OR AY.46.2 OR AY.46.3 OR AY.46.4 OR AY.46.5 OR AY.46.6 OR AY.46.6.1 OR AY.47 OR AY.48 OR AY.49 OR AY.50 OR AY.51 OR AY.52 OR AY.53 OR AY.54 OR AY.55 OR AY.56 OR AY.57 OR AY.58 OR AY.59 OR AY.60 OR AY.61 OR AY.62 OR AY.63 OR AY.64 OR AY.65 OR AY.66 OR AY.67 OR AY.68 OR AY.69 OR AY.70 OR AY.71 OR AY.72 OR AY.73 OR AY.74 OR AY.75 OR AY.75.1 OR AY.75.2 OR AY.75.3 OR AY.76 OR AY.77 OR AY.78 OR AY.79 OR AY.80 OR AY.81 OR AY.82 OR AY.83 OR AY.84 OR AY.85 OR AY.86 OR AY.87 OR AY.88 OR AY.89 OR AY.90 OR AY.91 OR AY.91.1 OR AY.92 OR AY.93 OR AY.94 OR AY.95 OR AY.96 OR AY.97 OR AY.98 OR AY.98.1 OR AY.98.1.1 OR AY.99 OR AY.99.1 OR AY.99.2 OR AY.100 OR AY.101 OR AY.102 OR AY.102.1 OR AY.102.2 OR AY.103 OR AY.103.1 OR AY.103.2 OR AY.104 OR AY.105 OR AY.106 OR AY.107 OR AY.108 OR AY.109 OR AY.110 OR AY.111 OR AY.112 OR AY.112.1 OR AY.112.2 OR AY.112.3 OR AY.113 OR AY.114 OR AY.115 OR AY.116 OR AY.116.1 OR AY.117 OR AY.118 OR AY.119 OR AY.119.1 OR AY.119.2 OR AY.120 OR AY.120.1 OR AY.120.2 OR AY.120.2.1 OR AY.121 OR AY.121.1 OR AY.122 OR AY.122.1 OR AY.122.2 OR AY.122.3 OR AY.122.4 OR AY.122.5 OR AY.122.6 OR AY.123 OR AY.123.1 OR AY.124 OR AY.124.1 OR AY.124.1.1 OR AY.125 OR AY.125.1 OR AY.126 OR AY.127 OR AY.127.1 OR AY.127.2 OR AY.127.3 OR AY.128 OR AY.129 OR AY.130 OR AY.131 OR AY.132 OR AY.133 OR AY.134 OR B.1.617.2,Delta,14.4285714285714,0,0
2022-05-20,15,0,12.4285714285714,0,0,4.00753100765989e-05,0.185305938312485,AY.1 OR AY.2 OR AY.3 OR AY.3.1 OR AY.3.2 OR AY.3.3 OR AY.3.4 OR AY.4 OR AY.4.1 OR AY.4.2 OR AY.4.2.1 OR AY.4.2.2 OR AY.4.2.3 OR AY.4.2.4 OR AY.4.2.5 OR AY.4.3 OR AY.4.4 OR AY.4.5 OR AY.4.6 OR AY.4.7 OR AY.4.8 OR AY.4.9 OR AY.4.10 OR AY.4.11 OR AY.4.12 OR AY.4.13 OR AY.4.14 OR AY.4.15 OR AY.4.16 OR AY.4.17 OR AY.5 OR AY.5.1 OR AY.5.2 OR AY.5.3 OR AY.5.4 OR AY.5.5 OR AY.5.6 OR AY.5.7 OR AY.6 OR AY.7 OR AY.7.1 OR AY.7.2 OR AY.8 OR AY.9 OR AY.9.1 OR AY.9.2 OR AY.9.2.1 OR AY.9.2.2 OR AY.10 OR AY.11 OR AY.12 OR AY.13 OR AY.14 OR AY.15 OR AY.16 OR AY.16.1 OR AY.17 OR AY.18 OR AY.19 OR AY.20 OR AY.20.1 OR AY.21 OR AY.22 OR AY.23 OR AY.23.1 OR AY.23.2 OR AY.24 OR AY.24.1 OR AY.25 OR AY.25.1 OR AY.25.1.1 OR AY.25.1.2 OR AY.25.2 OR AY.25.3 OR AY.26 OR AY.26.1 OR AY.27 OR AY.28 OR AY.29 OR AY.29.1 OR AY.29.2 OR AY.30 OR AY.31 OR AY.32 OR AY.33 OR AY.33.1 OR AY.33.2 OR AY.34 OR AY.34.1 OR AY.34.1.1 OR AY.34.2 OR AY.35 OR AY.36 OR AY.36.1 OR AY.37 OR AY.38 OR AY.39 OR AY.39.1 OR AY.39.1.1 OR AY.39.1.2 OR AY.39.1.3 OR AY.39.1.4 OR AY.39.2 OR AY.39.3 OR AY.39.4 OR AY.40 OR AY.41 OR AY.42 OR AY.42.1 OR AY.43 OR AY.43.1 OR AY.43.2 OR AY.43.3 OR AY.43.4 OR AY.43.5 OR AY.43.6 OR AY.43.7 OR AY.43.8 OR AY.43.9 OR AY.44 OR AY.45 OR AY.46 OR AY.46.1 OR AY.46.2 OR AY.46.3 OR AY.46.4 OR AY.46.5 OR AY.46.6 OR AY.46.6.1 OR AY.47 OR AY.48 OR AY.49 OR AY.50 OR AY.51 OR AY.52 OR AY.53 OR AY.54 OR AY.55 OR AY.56 OR AY.57 OR AY.58 OR AY.59 OR AY.60 OR AY.61 OR AY.62 OR AY.63 OR AY.64 OR AY.65 OR AY.66 OR AY.67 OR AY.68 OR AY.69 OR AY.70 OR AY.71 OR AY.72 OR AY.73 OR AY.74 OR AY.75 OR AY.75.1 OR AY.75.2 OR AY.75.3 OR AY.76 OR AY.77 OR AY.78 OR AY.79 OR AY.80 OR AY.81 OR AY.82 OR AY.83 OR AY.84 OR AY.85 OR AY.86 OR AY.87 OR AY.88 OR AY.89 OR AY.90 OR AY.91 OR AY.91.1 OR AY.92 OR AY.93 OR AY.94 OR AY.95 OR AY.96 OR AY.97 OR AY.98 OR AY.98.1 OR AY.98.1.1 OR AY.99 OR AY.99.1 OR AY.99.2 OR AY.100 OR AY.101 OR AY.102 OR AY.102.1 OR AY.102.2 OR AY.103 OR AY.103.1 OR AY.103.2 OR AY.104 OR AY.105 OR AY.106 OR AY.107 OR AY.108 OR AY.109 OR AY.110 OR AY.111 OR AY.112 OR AY.112.1 OR AY.112.2 OR AY.112.3 OR AY.113 OR AY.114 OR AY.115 OR AY.116 OR AY.116.1 OR AY.117 OR AY.118 OR AY.119 OR AY.119.1 OR AY.119.2 OR AY.120 OR AY.120.1 OR AY.120.2 OR AY.120.2.1 OR AY.121 OR AY.121.1 OR AY.122 OR AY.122.1 OR AY.122.2 OR AY.122.3 OR AY.122.4 OR AY.122.5 OR AY.122.6 OR AY.123 OR AY.123.1 OR AY.124 OR AY.124.1 OR AY.124.1.1 OR AY.125 OR AY.125.1 OR AY.126 OR AY.127 OR AY.127.1 OR AY.127.2 OR AY.127.3 OR AY.128 OR AY.129 OR AY.130 OR AY.131 OR AY.132 OR AY.133 OR AY.134 OR B.1.617.2,Delta,13.0714285714286,0,0
2022-05-21,1,0,12.1428571428571,0,0,4.00753100765989e-05,0.185305938312485,AY.1 OR AY.2 OR AY.3 OR AY.3.1 OR AY.3.2 OR AY.3.3 OR AY.3.4 OR AY.4 OR AY.4.1 OR AY.4.2 OR AY.4.2.1 OR AY.4.2.2 OR AY.4.2.3 OR AY.4.2.4 OR AY.4.2.5 OR AY.4.3 OR AY.4.4 OR AY.4.5 OR AY.4.6 OR AY.4.7 OR AY.4.8 OR AY.4.9 OR AY.4.10 OR AY.4.11 OR AY.4.12 OR AY.4.13 OR AY.4.14 OR AY.4.15 OR AY.4.16 OR AY.4.17 OR AY.5 OR AY.5.1 OR AY.5.2 OR AY.5.3 OR AY.5.4 OR AY.5.5 OR AY.5.6 OR AY.5.7 OR AY.6 OR AY.7 OR AY.7.1 OR AY.7.2 OR AY.8 OR AY.9 OR AY.9.1 OR AY.9.2 OR AY.9.2.1 OR AY.9.2.2 OR AY.10 OR AY.11 OR AY.12 OR AY.13 OR AY.14 OR AY.15 OR AY.16 OR AY.16.1 OR AY.17 OR AY.18 OR AY.19 OR AY.20 OR AY.20.1 OR AY.21 OR AY.22 OR AY.23 OR AY.23.1 OR AY.23.2 OR AY.24 OR AY.24.1 OR AY.25 OR AY.25.1 OR AY.25.1.1 OR AY.25.1.2 OR AY.25.2 OR AY.25.3 OR AY.26 OR AY.26.1 OR AY.27 OR AY.28 OR AY.29 OR AY.29.1 OR AY.29.2 OR AY.30 OR AY.31 OR AY.32 OR AY.33 OR AY.33.1 OR AY.33.2 OR AY.34 OR AY.34.1 OR AY.34.1.1 OR AY.34.2 OR AY.35 OR AY.36 OR AY.36.1 OR AY.37 OR AY.38 OR AY.39 OR AY.39.1 OR AY.39.1.1 OR AY.39.1.2 OR AY.39.1.3 OR AY.39.1.4 OR AY.39.2 OR AY.39.3 OR AY.39.4 OR AY.40 OR AY.41 OR AY.42 OR AY.42.1 OR AY.43 OR AY.43.1 OR AY.43.2 OR AY.43.3 OR AY.43.4 OR AY.43.5 OR AY.43.6 OR AY.43.7 OR AY.43.8 OR AY.43.9 OR AY.44 OR AY.45 OR AY.46 OR AY.46.1 OR AY.46.2 OR AY.46.3 OR AY.46.4 OR AY.46.5 OR AY.46.6 OR AY.46.6.1 OR AY.47 OR AY.48 OR AY.49 OR AY.50 OR AY.51 OR AY.52 OR AY.53 OR AY.54 OR AY.55 OR AY.56 OR AY.57 OR AY.58 OR AY.59 OR AY.60 OR AY.61 OR AY.62 OR AY.63 OR AY.64 OR AY.65 OR AY.66 OR AY.67 OR AY.68 OR AY.69 OR AY.70 OR AY.71 OR AY.72 OR AY.73 OR AY.74 OR AY.75 OR AY.75.1 OR AY.75.2 OR AY.75.3 OR AY.76 OR AY.77 OR AY.78 OR AY.79 OR AY.80 OR AY.81 OR AY.82 OR AY.83 OR AY.84 OR AY.85 OR AY.86 OR AY.87 OR AY.88 OR AY.89 OR AY.90 OR AY.91 OR AY.91.1 OR AY.92 OR AY.93 OR AY.94 OR AY.95 OR AY.96 OR AY.97 OR AY.98 OR AY.98.1 OR AY.98.1.1 OR AY.99 OR AY.99.1 OR AY.99.2 OR AY.100 OR AY.101 OR AY.102 OR AY.102.1 OR AY.102.2 OR AY.103 OR AY.103.1 OR AY.103.2 OR AY.104 OR AY.105 OR AY.106 OR AY.107 OR AY.108 OR AY.109 OR AY.110 OR AY.111 OR AY.112 OR AY.112.1 OR AY.112.2 OR AY.112.3 OR AY.113 OR AY.114 OR AY.115 OR AY.116 OR AY.116.1 OR AY.117 OR AY.118 OR AY.119 OR AY.119.1 OR AY.119.2 OR AY.120 OR AY.120.1 OR AY.120.2 OR AY.120.2.1 OR AY.121 OR AY.121.1 OR AY.122 OR AY.122.1 OR AY.122.2 OR AY.122.3 OR AY.122.4 OR AY.122.5 OR AY.122.6 OR AY.123 OR AY.123.1 OR AY.124 OR AY.124.1 OR AY.124.1.1 OR AY.125 OR AY.125.1 OR AY.126 OR AY.127 OR AY.127.1 OR AY.127.2 OR AY.127.3 OR AY.128 OR AY.129 OR AY.130 OR AY.131 OR AY.132 OR AY.133 OR AY.134 OR B.1.617.2,Delta,12.7857142857143,0,0
2022-05-22,5,0,12.5714285714286,0,0,3.70519332987658e-05,0.172619445282057,AY.1 OR AY.2 OR AY.3 OR AY.3.1 OR AY.3.2 OR AY.3.3 OR AY.3.4 OR AY.4 OR AY.4.1 OR AY.4.2 OR AY.4.2.1 OR AY.4.2.2 OR AY.4.2.3 OR AY.4.2.4 OR AY.4.2.5 OR AY.4.3 OR AY.4.4 OR AY.4.5 OR AY.4.6 OR AY.4.7 OR AY.4.8 OR AY.4.9 OR AY.4.10 OR AY.4.11 OR AY.4.12 OR AY.4.13 OR AY.4.14 OR AY.4.15 OR AY.4.16 OR AY.4.17 OR AY.5 OR AY.5.1 OR AY.5.2 OR AY.5.3 OR AY.5.4 OR AY.5.5 OR AY.5.6 OR AY.5.7 OR AY.6 OR AY.7 OR AY.7.1 OR AY.7.2 OR AY.8 OR AY.9 OR AY.9.1 OR AY.9.2 OR AY.9.2.1 OR AY.9.2.2 OR AY.10 OR AY.11 OR AY.12 OR AY.13 OR AY.14 OR AY.15 OR AY.16 OR AY.16.1 OR AY.17 OR AY.18 OR AY.19 OR AY.20 OR AY.20.1 OR AY.21 OR AY.22 OR AY.23 OR AY.23.1 OR AY.23.2 OR AY.24 OR AY.24.1 OR AY.25 OR AY.25.1 OR AY.25.1.1 OR AY.25.1.2 OR AY.25.2 OR AY.25.3 OR AY.26 OR AY.26.1 OR AY.27 OR AY.28 OR AY.29 OR AY.29.1 OR AY.29.2 OR AY.30 OR AY.31 OR AY.32 OR AY.33 OR AY.33.1 OR AY.33.2 OR AY.34 OR AY.34.1 OR AY.34.1.1 OR AY.34.2 OR AY.35 OR AY.36 OR AY.36.1 OR AY.37 OR AY.38 OR AY.39 OR AY.39.1 OR AY.39.1.1 OR AY.39.1.2 OR AY.39.1.3 OR AY.39.1.4 OR AY.39.2 OR AY.39.3 OR AY.39.4 OR AY.40 OR AY.41 OR AY.42 OR AY.42.1 OR AY.43 OR AY.43.1 OR AY.43.2 OR AY.43.3 OR AY.43.4 OR AY.43.5 OR AY.43.6 OR AY.43.7 OR AY.43.8 OR AY.43.9 OR AY.44 OR AY.45 OR AY.46 OR AY.46.1 OR AY.46.2 OR AY.46.3 OR AY.46.4 OR AY.46.5 OR AY.46.6 OR AY.46.6.1 OR AY.47 OR AY.48 OR AY.49 OR AY.50 OR AY.51 OR AY.52 OR AY.53 OR AY.54 OR AY.55 OR AY.56 OR AY.57 OR AY.58 OR AY.59 OR AY.60 OR AY.61 OR AY.62 OR AY.63 OR AY.64 OR AY.65 OR AY.66 OR AY.67 OR AY.68 OR AY.69 OR AY.70 OR AY.71 OR AY.72 OR AY.73 OR AY.74 OR AY.75 OR AY.75.1 OR AY.75.2 OR AY.75.3 OR AY.76 OR AY.77 OR AY.78 OR AY.79 OR AY.80 OR AY.81 OR AY.82 OR AY.83 OR AY.84 OR AY.85 OR AY.86 OR AY.87 OR AY.88 OR AY.89 OR AY.90 OR AY.91 OR AY.91.1 OR AY.92 OR AY.93 OR AY.94 OR AY.95 OR AY.96 OR AY.97 OR AY.98 OR AY.98.1 OR AY.98.1.1 OR AY.99 OR AY.99.1 OR AY.99.2 OR AY.100 OR AY.101 OR AY.102 OR AY.102.1 OR AY.102.2 OR AY.103 OR AY.103.1 OR AY.103.2 OR AY.104 OR AY.105 OR AY.106 OR AY.107 OR AY.108 OR AY.109 OR AY.110 OR AY.111 OR AY.112 OR AY.112.1 OR AY.112.2 OR AY.112.3 OR AY.113 OR AY.114 OR AY.115 OR AY.116 OR AY.116.1 OR AY.117 OR AY.118 OR AY.119 OR AY.119.1 OR AY.119.2 OR AY.120 OR AY.120.1 OR AY.120.2 OR AY.120.2.1 OR AY.121 OR AY.121.1 OR AY.122 OR AY.122.1 OR AY.122.2 OR AY.122.3 OR AY.122.4 OR AY.122.5 OR AY.122.6 OR AY.123 OR AY.123.1 OR AY.124 OR AY.124.1 OR AY.124.1.1 OR AY.125 OR AY.125.1 OR AY.126 OR AY.127 OR AY.127.1 OR AY.127.2 OR AY.127.3 OR AY.128 OR AY.129 OR AY.130 OR AY.131 OR AY.132 OR AY.133 OR AY.134 OR B.1.617.2,Delta,12.8571428571429,0,0
2022-05-23,31,0,14.7142857142857,0,0,3.21941443237269e-05,0.151816662114398,AY.1 OR AY.2 OR AY.3 OR AY.3.1 OR AY.3.2 OR AY.3.3 OR AY.3.4 OR AY.4 OR AY.4.1 OR AY.4.2 OR AY.4.2.1 OR AY.4.2.2 OR AY.4.2.3 OR AY.4.2.4 OR AY.4.2.5 OR AY.4.3 OR AY.4.4 OR AY.4.5 OR AY.4.6 OR AY.4.7 OR AY.4.8 OR AY.4.9 OR AY.4.10 OR AY.4.11 OR AY.4.12 OR AY.4.13 OR AY.4.14 OR AY.4.15 OR AY.4.16 OR AY.4.17 OR AY.5 OR AY.5.1 OR AY.5.2 OR AY.5.3 OR AY.5.4 OR AY.5.5 OR AY.5.6 OR AY.5.7 OR AY.6 OR AY.7 OR AY.7.1 OR AY.7.2 OR AY.8 OR AY.9 OR AY.9.1 OR AY.9.2 OR AY.9.2.1 OR AY.9.2.2 OR AY.10 OR AY.11 OR AY.12 OR AY.13 OR AY.14 OR AY.15 OR AY.16 OR AY.16.1 OR AY.17 OR AY.18 OR AY.19 OR AY.20 OR AY.20.1 OR AY.21 OR AY.22 OR AY.23 OR AY.23.1 OR AY.23.2 OR AY.24 OR AY.24.1 OR AY.25 OR AY.25.1 OR AY.25.1.1 OR AY.25.1.2 OR AY.25.2 OR AY.25.3 OR AY.26 OR AY.26.1 OR AY.27 OR AY.28 OR AY.29 OR AY.29.1 OR AY.29.2 OR AY.30 OR AY.31 OR AY.32 OR AY.33 OR AY.33.1 OR AY.33.2 OR AY.34 OR AY.34.1 OR AY.34.1.1 OR AY.34.2 OR AY.35 OR AY.36 OR AY.36.1 OR AY.37 OR AY.38 OR AY.39 OR AY.39.1 OR AY.39.1.1 OR AY.39.1.2 OR AY.39.1.3 OR AY.39.1.4 OR AY.39.2 OR AY.39.3 OR AY.39.4 OR AY.40 OR AY.41 OR AY.42 OR AY.42.1 OR AY.43 OR AY.43.1 OR AY.43.2 OR AY.43.3 OR AY.43.4 OR AY.43.5 OR AY.43.6 OR AY.43.7 OR AY.43.8 OR AY.43.9 OR AY.44 OR AY.45 OR AY.46 OR AY.46.1 OR AY.46.2 OR AY.46.3 OR AY.46.4 OR AY.46.5 OR AY.46.6 OR AY.46.6.1 OR AY.47 OR AY.48 OR AY.49 OR AY.50 OR AY.51 OR AY.52 OR AY.53 OR AY.54 OR AY.55 OR AY.56 OR AY.57 OR AY.58 OR AY.59 OR AY.60 OR AY.61 OR AY.62 OR AY.63 OR AY.64 OR AY.65 OR AY.66 OR AY.67 OR AY.68 OR AY.69 OR AY.70 OR AY.71 OR AY.72 OR AY.73 OR AY.74 OR AY.75 OR AY.75.1 OR AY.75.2 OR AY.75.3 OR AY.76 OR AY.77 OR AY.78 OR AY.79 OR AY.80 OR AY.81 OR AY.82 OR AY.83 OR AY.84 OR AY.85 OR AY.86 OR AY.87 OR AY.88 OR AY.89 OR AY.90 OR AY.91 OR AY.91.1 OR AY.92 OR AY.93 OR AY.94 OR AY.95 OR AY.96 OR AY.97 OR AY.98 OR AY.98.1 OR AY.98.1.1 OR AY.99 OR AY.99.1 OR AY.99.2 OR AY.100 OR AY.101 OR AY.102 OR AY.102.1 OR AY.102.2 OR AY.103 OR AY.103.1 OR AY.103.2 OR AY.104 OR AY.105 OR AY.106 OR AY.107 OR AY.108 OR AY.109 OR AY.110 OR AY.111 OR AY.112 OR AY.112.1 OR AY.112.2 OR AY.112.3 OR AY.113 OR AY.114 OR AY.115 OR AY.116 OR AY.116.1 OR AY.117 OR AY.118 OR AY.119 OR AY.119.1 OR AY.119.2 OR AY.120 OR AY.120.1 OR AY.120.2 OR AY.120.2.1 OR AY.121 OR AY.121.1 OR AY.122 OR AY.122.1 OR AY.122.2 OR AY.122.3 OR AY.122.4 OR AY.122.5 OR AY.122.6 OR AY.123 OR AY.123.1 OR AY.124 OR AY.124.1 OR AY.124.1.1 OR AY.125 OR AY.125.1 OR AY.126 OR AY.127 OR AY.127.1 OR AY.127.2 OR AY.127.3 OR AY.128 OR AY.129 OR AY.130 OR AY.131 OR AY.132 OR AY.133 OR AY.134 OR B.1.617.2,Delta,13.8571428571429,0,0
2022-05-24,8,0,13.2857142857143,0,0,3.70519332987658e-05,0.172619445282057,AY.1 OR AY.2 OR AY.3 OR AY.3.1 OR AY.3.2 OR AY.3.3 OR AY.3.4 OR AY.4 OR AY.4.1 OR AY.4.2 OR AY.4.2.1 OR AY.4.2.2 OR AY.4.2.3 OR AY.4.2.4 OR AY.4.2.5 OR AY.4.3 OR AY.4.4 OR AY.4.5 OR AY.4.6 OR AY.4.7 OR AY.4.8 OR AY.4.9 OR AY.4.10 OR AY.4.11 OR AY.4.12 OR AY.4.13 OR AY.4.14 OR AY.4.15 OR AY.4.16 OR AY.4.17 OR AY.5 OR AY.5.1 OR AY.5.2 OR AY.5.3 OR AY.5.4 OR AY.5.5 OR AY.5.6 OR AY.5.7 OR AY.6 OR AY.7 OR AY.7.1 OR AY.7.2 OR AY.8 OR AY.9 OR AY.9.1 OR AY.9.2 OR AY.9.2.1 OR AY.9.2.2 OR AY.10 OR AY.11 OR AY.12 OR AY.13 OR AY.14 OR AY.15 OR AY.16 OR AY.16.1 OR AY.17 OR AY.18 OR AY.19 OR AY.20 OR AY.20.1 OR AY.21 OR AY.22 OR AY.23 OR AY.23.1 OR AY.23.2 OR AY.24 OR AY.24.1 OR AY.25 OR AY.25.1 OR AY.25.1.1 OR AY.25.1.2 OR AY.25.2 OR AY.25.3 OR AY.26 OR AY.26.1 OR AY.27 OR AY.28 OR AY.29 OR AY.29.1 OR AY.29.2 OR AY.30 OR AY.31 OR AY.32 OR AY.33 OR AY.33.1 OR AY.33.2 OR AY.34 OR AY.34.1 OR AY.34.1.1 OR AY.34.2 OR AY.35 OR AY.36 OR AY.36.1 OR AY.37 OR AY.38 OR AY.39 OR AY.39.1 OR AY.39.1.1 OR AY.39.1.2 OR AY.39.1.3 OR AY.39.1.4 OR AY.39.2 OR AY.39.3 OR AY.39.4 OR AY.40 OR AY.41 OR AY.42 OR AY.42.1 OR AY.43 OR AY.43.1 OR AY.43.2 OR AY.43.3 OR AY.43.4 OR AY.43.5 OR AY.43.6 OR AY.43.7 OR AY.43.8 OR AY.43.9 OR AY.44 OR AY.45 OR AY.46 OR AY.46.1 OR AY.46.2 OR AY.46.3 OR AY.46.4 OR AY.46.5 OR AY.46.6 OR AY.46.6.1 OR AY.47 OR AY.48 OR AY.49 OR AY.50 OR AY.51 OR AY.52 OR AY.53 OR AY.54 OR AY.55 OR AY.56 OR AY.57 OR AY.58 OR AY.59 OR AY.60 OR AY.61 OR AY.62 OR AY.63 OR AY.64 OR AY.65 OR AY.66 OR AY.67 OR AY.68 OR AY.69 OR AY.70 OR AY.71 OR AY.72 OR AY.73 OR AY.74 OR AY.75 OR AY.75.1 OR AY.75.2 OR AY.75.3 OR AY.76 OR AY.77 OR AY.78 OR AY.79 OR AY.80 OR AY.81 OR AY.82 OR AY.83 OR AY.84 OR AY.85 OR AY.86 OR AY.87 OR AY.88 OR AY.89 OR AY.90 OR AY.91 OR AY.91.1 OR AY.92 OR AY.93 OR AY.94 OR AY.95 OR AY.96 OR AY.97 OR AY.98 OR AY.98.1 OR AY.98.1.1 OR AY.99 OR AY.99.1 OR AY.99.2 OR AY.100 OR AY.101 OR AY.102 OR AY.102.1 OR AY.102.2 OR AY.103 OR AY.103.1 OR AY.103.2 OR AY.104 OR AY.105 OR AY.106 OR AY.107 OR AY.108 OR AY.109 OR AY.110 OR AY.111 OR AY.112 OR AY.112.1 OR AY.112.2 OR AY.112.3 OR AY.113 OR AY.114 OR AY.115 OR AY.116 OR AY.116.1 OR AY.117 OR AY.118 OR AY.119 OR AY.119.1 OR AY.119.2 OR AY.120 OR AY.120.1 OR AY.120.2 OR AY.120.2.1 OR AY.121 OR AY.121.1 OR AY.122 OR AY.122.1 OR AY.122.2 OR AY.122.3 OR AY.122.4 OR AY.122.5 OR AY.122.6 OR AY.123 OR AY.123.1 OR AY.124 OR AY.124.1 OR AY.124.1.1 OR AY.125 OR AY.125.1 OR AY.126 OR AY.127 OR AY.127.1 OR AY.127.2 OR AY.127.3 OR AY.128 OR AY.129 OR AY.130 OR AY.131 OR AY.132 OR AY.133 OR AY.134 OR B.1.617.2,Delta,13.3571428571429,0,0
2022-05-25,13,0,13.2857142857143,0,0,3.70519332987658e-05,0.172619445282057,AY.1 OR AY.2 OR AY.3 OR AY.3.1 OR AY.3.2 OR AY.3.3 OR AY.3.4 OR AY.4 OR AY.4.1 OR AY.4.2 OR AY.4.2.1 OR AY.4.2.2 OR AY.4.2.3 OR AY.4.2.4 OR AY.4.2.5 OR AY.4.3 OR AY.4.4 OR AY.4.5 OR AY.4.6 OR AY.4.7 OR AY.4.8 OR AY.4.9 OR AY.4.10 OR AY.4.11 OR AY.4.12 OR AY.4.13 OR AY.4.14 OR AY.4.15 OR AY.4.16 OR AY.4.17 OR AY.5 OR AY.5.1 OR AY.5.2 OR AY.5.3 OR AY.5.4 OR AY.5.5 OR AY.5.6 OR AY.5.7 OR AY.6 OR AY.7 OR AY.7.1 OR AY.7.2 OR AY.8 OR AY.9 OR AY.9.1 OR AY.9.2 OR AY.9.2.1 OR AY.9.2.2 OR AY.10 OR AY.11 OR AY.12 OR AY.13 OR AY.14 OR AY.15 OR AY.16 OR AY.16.1 OR AY.17 OR AY.18 OR AY.19 OR AY.20 OR AY.20.1 OR AY.21 OR AY.22 OR AY.23 OR AY.23.1 OR AY.23.2 OR AY.24 OR AY.24.1 OR AY.25 OR AY.25.1 OR AY.25.1.1 OR AY.25.1.2 OR AY.25.2 OR AY.25.3 OR AY.26 OR AY.26.1 OR AY.27 OR AY.28 OR AY.29 OR AY.29.1 OR AY.29.2 OR AY.30 OR AY.31 OR AY.32 OR AY.33 OR AY.33.1 OR AY.33.2 OR AY.34 OR AY.34.1 OR AY.34.1.1 OR AY.34.2 OR AY.35 OR AY.36 OR AY.36.1 OR AY.37 OR AY.38 OR AY.39 OR AY.39.1 OR AY.39.1.1 OR AY.39.1.2 OR AY.39.1.3 OR AY.39.1.4 OR AY.39.2 OR AY.39.3 OR AY.39.4 OR AY.40 OR AY.41 OR AY.42 OR AY.42.1 OR AY.43 OR AY.43.1 OR AY.43.2 OR AY.43.3 OR AY.43.4 OR AY.43.5 OR AY.43.6 OR AY.43.7 OR AY.43.8 OR AY.43.9 OR AY.44 OR AY.45 OR AY.46 OR AY.46.1 OR AY.46.2 OR AY.46.3 OR AY.46.4 OR AY.46.5 OR AY.46.6 OR AY.46.6.1 OR AY.47 OR AY.48 OR AY.49 OR AY.50 OR AY.51 OR AY.52 OR AY.53 OR AY.54 OR AY.55 OR AY.56 OR AY.57 OR AY.58 OR AY.59 OR AY.60 OR AY.61 OR AY.62 OR AY.63 OR AY.64 OR AY.65 OR AY.66 OR AY.67 OR AY.68 OR AY.69 OR AY.70 OR AY.71 OR AY.72 OR AY.73 OR AY.74 OR AY.75 OR AY.75.1 OR AY.75.2 OR AY.75.3 OR AY.76 OR AY.77 OR AY.78 OR AY.79 OR AY.80 OR AY.81 OR AY.82 OR AY.83 OR AY.84 OR AY.85 OR AY.86 OR AY.87 OR AY.88 OR AY.89 OR AY.90 OR AY.91 OR AY.91.1 OR AY.92 OR AY.93 OR AY.94 OR AY.95 OR AY.96 OR AY.97 OR AY.98 OR AY.98.1 OR AY.98.1.1 OR AY.99 OR AY.99.1 OR AY.99.2 OR AY.100 OR AY.101 OR AY.102 OR AY.102.1 OR AY.102.2 OR AY.103 OR AY.103.1 OR AY.103.2 OR AY.104 OR AY.105 OR AY.106 OR AY.107 OR AY.108 OR AY.109 OR AY.110 OR AY.111 OR AY.112 OR AY.112.1 OR AY.112.2 OR AY.112.3 OR AY.113 OR AY.114 OR AY.115 OR AY.116 OR AY.116.1 OR AY.117 OR AY.118 OR AY.119 OR AY.119.1 OR AY.119.2 OR AY.120 OR AY.120.1 OR AY.120.2 OR AY.120.2.1 OR AY.121 OR AY.121.1 OR AY.122 OR AY.122.1 OR AY.122.2 OR AY.122.3 OR AY.122.4 OR AY.122.5 OR AY.122.6 OR AY.123 OR AY.123.1 OR AY.124 OR AY.124.1 OR AY.124.1.1 OR AY.125 OR AY.125.1 OR AY.126 OR AY.127 OR AY.127.1 OR AY.127.2 OR AY.127.3 OR AY.128 OR AY.129 OR AY.130 OR AY.131 OR AY.132 OR AY.133 OR AY.134 OR B.1.617.2,Delta,13.8571428571429,0,0
2022-05-26,2,0,10.7142857142857,0,0,4.36357981421897e-05,0.199994569026208,AY.1 OR AY.2 OR AY.3 OR AY.3.1 OR AY.3.2 OR AY.3.3 OR AY.3.4 OR AY.4 OR AY.4.1 OR AY.4.2 OR AY.4.2.1 OR AY.4.2.2 OR AY.4.2.3 OR AY.4.2.4 OR AY.4.2.5 OR AY.4.3 OR AY.4.4 OR AY.4.5 OR AY.4.6 OR AY.4.7 OR AY.4.8 OR AY.4.9 OR AY.4.10 OR AY.4.11 OR AY.4.12 OR AY.4.13 OR AY.4.14 OR AY.4.15 OR AY.4.16 OR AY.4.17 OR AY.5 OR AY.5.1 OR AY.5.2 OR AY.5.3 OR AY.5.4 OR AY.5.5 OR AY.5.6 OR AY.5.7 OR AY.6 OR AY.7 OR AY.7.1 OR AY.7.2 OR AY.8 OR AY.9 OR AY.9.1 OR AY.9.2 OR AY.9.2.1 OR AY.9.2.2 OR AY.10 OR AY.11 OR AY.12 OR AY.13 OR AY.14 OR AY.15 OR AY.16 OR AY.16.1 OR AY.17 OR AY.18 OR AY.19 OR AY.20 OR AY.20.1 OR AY.21 OR AY.22 OR AY.23 OR AY.23.1 OR AY.23.2 OR AY.24 OR AY.24.1 OR AY.25 OR AY.25.1 OR AY.25.1.1 OR AY.25.1.2 OR AY.25.2 OR AY.25.3 OR AY.26 OR AY.26.1 OR AY.27 OR AY.28 OR AY.29 OR AY.29.1 OR AY.29.2 OR AY.30 OR AY.31 OR AY.32 OR AY.33 OR AY.33.1 OR AY.33.2 OR AY.34 OR AY.34.1 OR AY.34.1.1 OR AY.34.2 OR AY.35 OR AY.36 OR AY.36.1 OR AY.37 OR AY.38 OR AY.39 OR AY.39.1 OR AY.39.1.1 OR AY.39.1.2 OR AY.39.1.3 OR AY.39.1.4 OR AY.39.2 OR AY.39.3 OR AY.39.4 OR AY.40 OR AY.41 OR AY.42 OR AY.42.1 OR AY.43 OR AY.43.1 OR AY.43.2 OR AY.43.3 OR AY.43.4 OR AY.43.5 OR AY.43.6 OR AY.43.7 OR AY.43.8 OR AY.43.9 OR AY.44 OR AY.45 OR AY.46 OR AY.46.1 OR AY.46.2 OR AY.46.3 OR AY.46.4 OR AY.46.5 OR AY.46.6 OR AY.46.6.1 OR AY.47 OR AY.48 OR AY.49 OR AY.50 OR AY.51 OR AY.52 OR AY.53 OR AY.54 OR AY.55 OR AY.56 OR AY.57 OR AY.58 OR AY.59 OR AY.60 OR AY.61 OR AY.62 OR AY.63 OR AY.64 OR AY.65 OR AY.66 OR AY.67 OR AY.68 OR AY.69 OR AY.70 OR AY.71 OR AY.72 OR AY.73 OR AY.74 OR AY.75 OR AY.75.1 OR AY.75.2 OR AY.75.3 OR AY.76 OR AY.77 OR AY.78 OR AY.79 OR AY.80 OR AY.81 OR AY.82 OR AY.83 OR AY.84 OR AY.85 OR AY.86 OR AY.87 OR AY.88 OR AY.89 OR AY.90 OR AY.91 OR AY.91.1 OR AY.92 OR AY.93 OR AY.94 OR AY.95 OR AY.96 OR AY.97 OR AY.98 OR AY.98.1 OR AY.98.1.1 OR AY.99 OR AY.99.1 OR AY.99.2 OR AY.100 OR AY.101 OR AY.102 OR AY.102.1 OR AY.102.2 OR AY.103 OR AY.103.1 OR AY.103.2 OR AY.104 OR AY.105 OR AY.106 OR AY.107 OR AY.108 OR AY.109 OR AY.110 OR AY.111 OR AY.112 OR AY.112.1 OR AY.112.2 OR AY.112.3 OR AY.113 OR AY.114 OR AY.115 OR AY.116 OR AY.116.1 OR AY.117 OR AY.118 OR AY.119 OR AY.119.1 OR AY.119.2 OR AY.120 OR AY.120.1 OR AY.120.2 OR AY.120.2.1 OR AY.121 OR AY.121.1 OR AY.122 OR AY.122.1 OR AY.122.2 OR AY.122.3 OR AY.122.4 OR AY.122.5 OR AY.122.6 OR AY.123 OR AY.123.1 OR AY.124 OR AY.124.1 OR AY.124.1.1 OR AY.125 OR AY.125.1 OR AY.126 OR AY.127 OR AY.127.1 OR AY.127.2 OR AY.127.3 OR AY.128 OR AY.129 OR AY.130 OR AY.131 OR AY.132 OR AY.133 OR AY.134 OR B.1.617.2,Delta,12.1428571428571,0,0
2022-05-27,15,0,10.7142857142857,0,0,4.36357981421897e-05,0.199994569026208,AY.1 OR AY.2 OR AY.3 OR AY.3.1 OR AY.3.2 OR AY.3.3 OR AY.3.4 OR AY.4 OR AY.4.1 OR AY.4.2 OR AY.4.2.1 OR AY.4.2.2 OR AY.4.2.3 OR AY.4.2.4 OR AY.4.2.5 OR AY.4.3 OR AY.4.4 OR AY.4.5 OR AY.4.6 OR AY.4.7 OR AY.4.8 OR AY.4.9 OR AY.4.10 OR AY.4.11 OR AY.4.12 OR AY.4.13 OR AY.4.14 OR AY.4.15 OR AY.4.16 OR AY.4.17 OR AY.5 OR AY.5.1 OR AY.5.2 OR AY.5.3 OR AY.5.4 OR AY.5.5 OR AY.5.6 OR AY.5.7 OR AY.6 OR AY.7 OR AY.7.1 OR AY.7.2 OR AY.8 OR AY.9 OR AY.9.1 OR AY.9.2 OR AY.9.2.1 OR AY.9.2.2 OR AY.10 OR AY.11 OR AY.12 OR AY.13 OR AY.14 OR AY.15 OR AY.16 OR AY.16.1 OR AY.17 OR AY.18 OR AY.19 OR AY.20 OR AY.20.1 OR AY.21 OR AY.22 OR AY.23 OR AY.23.1 OR AY.23.2 OR AY.24 OR AY.24.1 OR AY.25 OR AY.25.1 OR AY.25.1.1 OR AY.25.1.2 OR AY.25.2 OR AY.25.3 OR AY.26 OR AY.26.1 OR AY.27 OR AY.28 OR AY.29 OR AY.29.1 OR AY.29.2 OR AY.30 OR AY.31 OR AY.32 OR AY.33 OR AY.33.1 OR AY.33.2 OR AY.34 OR AY.34.1 OR AY.34.1.1 OR AY.34.2 OR AY.35 OR AY.36 OR AY.36.1 OR AY.37 OR AY.38 OR AY.39 OR AY.39.1 OR AY.39.1.1 OR AY.39.1.2 OR AY.39.1.3 OR AY.39.1.4 OR AY.39.2 OR AY.39.3 OR AY.39.4 OR AY.40 OR AY.41 OR AY.42 OR AY.42.1 OR AY.43 OR AY.43.1 OR AY.43.2 OR AY.43.3 OR AY.43.4 OR AY.43.5 OR AY.43.6 OR AY.43.7 OR AY.43.8 OR AY.43.9 OR AY.44 OR AY.45 OR AY.46 OR AY.46.1 OR AY.46.2 OR AY.46.3 OR AY.46.4 OR AY.46.5 OR AY.46.6 OR AY.46.6.1 OR AY.47 OR AY.48 OR AY.49 OR AY.50 OR AY.51 OR AY.52 OR AY.53 OR AY.54 OR AY.55 OR AY.56 OR AY.57 OR AY.58 OR AY.59 OR AY.60 OR AY.61 OR AY.62 OR AY.63 OR AY.64 OR AY.65 OR AY.66 OR AY.67 OR AY.68 OR AY.69 OR AY.70 OR AY.71 OR AY.72 OR AY.73 OR AY.74 OR AY.75 OR AY.75.1 OR AY.75.2 OR AY.75.3 OR AY.76 OR AY.77 OR AY.78 OR AY.79 OR AY.80 OR AY.81 OR AY.82 OR AY.83 OR AY.84 OR AY.85 OR AY.86 OR AY.87 OR AY.88 OR AY.89 OR AY.90 OR AY.91 OR AY.91.1 OR AY.92 OR AY.93 OR AY.94 OR AY.95 OR AY.96 OR AY.97 OR AY.98 OR AY.98.1 OR AY.98.1.1 OR AY.99 OR AY.99.1 OR AY.99.2 OR AY.100 OR AY.101 OR AY.102 OR AY.102.1 OR AY.102.2 OR AY.103 OR AY.103.1 OR AY.103.2 OR AY.104 OR AY.105 OR AY.106 OR AY.107 OR AY.108 OR AY.109 OR AY.110 OR AY.111 OR AY.112 OR AY.112.1 OR AY.112.2 OR AY.112.3 OR AY.113 OR AY.114 OR AY.115 OR AY.116 OR AY.116.1 OR AY.117 OR AY.118 OR AY.119 OR AY.119.1 OR AY.119.2 OR AY.120 OR AY.120.1 OR AY.120.2 OR AY.120.2.1 OR AY.121 OR AY.121.1 OR AY.122 OR AY.122.1 OR AY.122.2 OR AY.122.3 OR AY.122.4 OR AY.122.5 OR AY.122.6 OR AY.123 OR AY.123.1 OR AY.124 OR AY.124.1 OR AY.124.1.1 OR AY.125 OR AY.125.1 OR AY.126 OR AY.127 OR AY.127.1 OR AY.127.2 OR AY.127.3 OR AY.128 OR AY.129 OR AY.130 OR AY.131 OR AY.132 OR AY.133 OR AY.134 OR B.1.617.2,Delta,11.5714285714286,0,0
2022-05-28,3,0,11,0,0,4.36357981421897e-05,0.199994569026208,AY.1 OR AY.2 OR AY.3 OR AY.3.1 OR AY.3.2 OR AY.3.3 OR AY.3.4 OR AY.4 OR AY.4.1 OR AY.4.2 OR AY.4.2.1 OR AY.4.2.2 OR AY.4.2.3 OR AY.4.2.4 OR AY.4.2.5 OR AY.4.3 OR AY.4.4 OR AY.4.5 OR AY.4.6 OR AY.4.7 OR AY.4.8 OR AY.4.9 OR AY.4.10 OR AY.4.11 OR AY.4.12 OR AY.4.13 OR AY.4.14 OR AY.4.15 OR AY.4.16 OR AY.4.17 OR AY.5 OR AY.5.1 OR AY.5.2 OR AY.5.3 OR AY.5.4 OR AY.5.5 OR AY.5.6 OR AY.5.7 OR AY.6 OR AY.7 OR AY.7.1 OR AY.7.2 OR AY.8 OR AY.9 OR AY.9.1 OR AY.9.2 OR AY.9.2.1 OR AY.9.2.2 OR AY.10 OR AY.11 OR AY.12 OR AY.13 OR AY.14 OR AY.15 OR AY.16 OR AY.16.1 OR AY.17 OR AY.18 OR AY.19 OR AY.20 OR AY.20.1 OR AY.21 OR AY.22 OR AY.23 OR AY.23.1 OR AY.23.2 OR AY.24 OR AY.24.1 OR AY.25 OR AY.25.1 OR AY.25.1.1 OR AY.25.1.2 OR AY.25.2 OR AY.25.3 OR AY.26 OR AY.26.1 OR AY.27 OR AY.28 OR AY.29 OR AY.29.1 OR AY.29.2 OR AY.30 OR AY.31 OR AY.32 OR AY.33 OR AY.33.1 OR AY.33.2 OR AY.34 OR AY.34.1 OR AY.34.1.1 OR AY.34.2 OR AY.35 OR AY.36 OR AY.36.1 OR AY.37 OR AY.38 OR AY.39 OR AY.39.1 OR AY.39.1.1 OR AY.39.1.2 OR AY.39.1.3 OR AY.39.1.4 OR AY.39.2 OR AY.39.3 OR AY.39.4 OR AY.40 OR AY.41 OR AY.42 OR AY.42.1 OR AY.43 OR AY.43.1 OR AY.43.2 OR AY.43.3 OR AY.43.4 OR AY.43.5 OR AY.43.6 OR AY.43.7 OR AY.43.8 OR AY.43.9 OR AY.44 OR AY.45 OR AY.46 OR AY.46.1 OR AY.46.2 OR AY.46.3 OR AY.46.4 OR AY.46.5 OR AY.46.6 OR AY.46.6.1 OR AY.47 OR AY.48 OR AY.49 OR AY.50 OR AY.51 OR AY.52 OR AY.53 OR AY.54 OR AY.55 OR AY.56 OR AY.57 OR AY.58 OR AY.59 OR AY.60 OR AY.61 OR AY.62 OR AY.63 OR AY.64 OR AY.65 OR AY.66 OR AY.67 OR AY.68 OR AY.69 OR AY.70 OR AY.71 OR AY.72 OR AY.73 OR AY.74 OR AY.75 OR AY.75.1 OR AY.75.2 OR AY.75.3 OR AY.76 OR AY.77 OR AY.78 OR AY.79 OR AY.80 OR AY.81 OR AY.82 OR AY.83 OR AY.84 OR AY.85 OR AY.86 OR AY.87 OR AY.88 OR AY.89 OR AY.90 OR AY.91 OR AY.91.1 OR AY.92 OR AY.93 OR AY.94 OR AY.95 OR AY.96 OR AY.97 OR AY.98 OR AY.98.1 OR AY.98.1.1 OR AY.99 OR AY.99.1 OR AY.99.2 OR AY.100 OR AY.101 OR AY.102 OR AY.102.1 OR AY.102.2 OR AY.103 OR AY.103.1 OR AY.103.2 OR AY.104 OR AY.105 OR AY.106 OR AY.107 OR AY.108 OR AY.109 OR AY.110 OR AY.111 OR AY.112 OR AY.112.1 OR AY.112.2 OR AY.112.3 OR AY.113 OR AY.114 OR AY.115 OR AY.116 OR AY.116.1 OR AY.117 OR AY.118 OR AY.119 OR AY.119.1 OR AY.119.2 OR AY.120 OR AY.120.1 OR AY.120.2 OR AY.120.2.1 OR AY.121 OR AY.121.1 OR AY.122 OR AY.122.1 OR AY.122.2 OR AY.122.3 OR AY.122.4 OR AY.122.5 OR AY.122.6 OR AY.123 OR AY.123.1 OR AY.124 OR AY.124.1 OR AY.124.1.1 OR AY.125 OR AY.125.1 OR AY.126 OR AY.127 OR AY.127.1 OR AY.127.2 OR AY.127.3 OR AY.128 OR AY.129 OR AY.130 OR AY.131 OR AY.132 OR AY.133 OR AY.134 OR B.1.617.2,Delta,11.5714285714286,0,0
2022-05-29,3,0,10.7142857142857,0,0,4.36357981421897e-05,0.199994569026208,AY.1 OR AY.2 OR AY.3 OR AY.3.1 OR AY.3.2 OR AY.3.3 OR AY.3.4 OR AY.4 OR AY.4.1 OR AY.4.2 OR AY.4.2.1 OR AY.4.2.2 OR AY.4.2.3 OR AY.4.2.4 OR AY.4.2.5 OR AY.4.3 OR AY.4.4 OR AY.4.5 OR AY.4.6 OR AY.4.7 OR AY.4.8 OR AY.4.9 OR AY.4.10 OR AY.4.11 OR AY.4.12 OR AY.4.13 OR AY.4.14 OR AY.4.15 OR AY.4.16 OR AY.4.17 OR AY.5 OR AY.5.1 OR AY.5.2 OR AY.5.3 OR AY.5.4 OR AY.5.5 OR AY.5.6 OR AY.5.7 OR AY.6 OR AY.7 OR AY.7.1 OR AY.7.2 OR AY.8 OR AY.9 OR AY.9.1 OR AY.9.2 OR AY.9.2.1 OR AY.9.2.2 OR AY.10 OR AY.11 OR AY.12 OR AY.13 OR AY.14 OR AY.15 OR AY.16 OR AY.16.1 OR AY.17 OR AY.18 OR AY.19 OR AY.20 OR AY.20.1 OR AY.21 OR AY.22 OR AY.23 OR AY.23.1 OR AY.23.2 OR AY.24 OR AY.24.1 OR AY.25 OR AY.25.1 OR AY.25.1.1 OR AY.25.1.2 OR AY.25.2 OR AY.25.3 OR AY.26 OR AY.26.1 OR AY.27 OR AY.28 OR AY.29 OR AY.29.1 OR AY.29.2 OR AY.30 OR AY.31 OR AY.32 OR AY.33 OR AY.33.1 OR AY.33.2 OR AY.34 OR AY.34.1 OR AY.34.1.1 OR AY.34.2 OR AY.35 OR AY.36 OR AY.36.1 OR AY.37 OR AY.38 OR AY.39 OR AY.39.1 OR AY.39.1.1 OR AY.39.1.2 OR AY.39.1.3 OR AY.39.1.4 OR AY.39.2 OR AY.39.3 OR AY.39.4 OR AY.40 OR AY.41 OR AY.42 OR AY.42.1 OR AY.43 OR AY.43.1 OR AY.43.2 OR AY.43.3 OR AY.43.4 OR AY.43.5 OR AY.43.6 OR AY.43.7 OR AY.43.8 OR AY.43.9 OR AY.44 OR AY.45 OR AY.46 OR AY.46.1 OR AY.46.2 OR AY.46.3 OR AY.46.4 OR AY.46.5 OR AY.46.6 OR AY.46.6.1 OR AY.47 OR AY.48 OR AY.49 OR AY.50 OR AY.51 OR AY.52 OR AY.53 OR AY.54 OR AY.55 OR AY.56 OR AY.57 OR AY.58 OR AY.59 OR AY.60 OR AY.61 OR AY.62 OR AY.63 OR AY.64 OR AY.65 OR AY.66 OR AY.67 OR AY.68 OR AY.69 OR AY.70 OR AY.71 OR AY.72 OR AY.73 OR AY.74 OR AY.75 OR AY.75.1 OR AY.75.2 OR AY.75.3 OR AY.76 OR AY.77 OR AY.78 OR AY.79 OR AY.80 OR AY.81 OR AY.82 OR AY.83 OR AY.84 OR AY.85 OR AY.86 OR AY.87 OR AY.88 OR AY.89 OR AY.90 OR AY.91 OR AY.91.1 OR AY.92 OR AY.93 OR AY.94 OR AY.95 OR AY.96 OR AY.97 OR AY.98 OR AY.98.1 OR AY.98.1.1 OR AY.99 OR AY.99.1 OR AY.99.2 OR AY.100 OR AY.101 OR AY.102 OR AY.102.1 OR AY.102.2 OR AY.103 OR AY.103.1 OR AY.103.2 OR AY.104 OR AY.105 OR AY.106 OR AY.107 OR AY.108 OR AY.109 OR AY.110 OR AY.111 OR AY.112 OR AY.112.1 OR AY.112.2 OR AY.112.3 OR AY.113 OR AY.114 OR AY.115 OR AY.116 OR AY.116.1 OR AY.117 OR AY.118 OR AY.119 OR AY.119.1 OR AY.119.2 OR AY.120 OR AY.120.1 OR AY.120.2 OR AY.120.2.1 OR AY.121 OR AY.121.1 OR AY.122 OR AY.122.1 OR AY.122.2 OR AY.122.3 OR AY.122.4 OR AY.122.5 OR AY.122.6 OR AY.123 OR AY.123.1 OR AY.124 OR AY.124.1 OR AY.124.1.1 OR AY.125 OR AY.125.1 OR AY.126 OR AY.127 OR AY.127.1 OR AY.127.2 OR AY.127.3 OR AY.128 OR AY.129 OR AY.130 OR AY.131 OR AY.132 OR AY.133 OR AY.134 OR B.1.617.2,Delta,11.6428571428571,0,0
2022-05-30,5,0,7,0,0,6.76864642438303e-05,0.29243617366231,AY.1 OR AY.2 OR AY.3 OR AY.3.1 OR AY.3.2 OR AY.3.3 OR AY.3.4 OR AY.4 OR AY.4.1 OR AY.4.2 OR AY.4.2.1 OR AY.4.2.2 OR AY.4.2.3 OR AY.4.2.4 OR AY.4.2.5 OR AY.4.3 OR AY.4.4 OR AY.4.5 OR AY.4.6 OR AY.4.7 OR AY.4.8 OR AY.4.9 OR AY.4.10 OR AY.4.11 OR AY.4.12 OR AY.4.13 OR AY.4.14 OR AY.4.15 OR AY.4.16 OR AY.4.17 OR AY.5 OR AY.5.1 OR AY.5.2 OR AY.5.3 OR AY.5.4 OR AY.5.5 OR AY.5.6 OR AY.5.7 OR AY.6 OR AY.7 OR AY.7.1 OR AY.7.2 OR AY.8 OR AY.9 OR AY.9.1 OR AY.9.2 OR AY.9.2.1 OR AY.9.2.2 OR AY.10 OR AY.11 OR AY.12 OR AY.13 OR AY.14 OR AY.15 OR AY.16 OR AY.16.1 OR AY.17 OR AY.18 OR AY.19 OR AY.20 OR AY.20.1 OR AY.21 OR AY.22 OR AY.23 OR AY.23.1 OR AY.23.2 OR AY.24 OR AY.24.1 OR AY.25 OR AY.25.1 OR AY.25.1.1 OR AY.25.1.2 OR AY.25.2 OR AY.25.3 OR AY.26 OR AY.26.1 OR AY.27 OR AY.28 OR AY.29 OR AY.29.1 OR AY.29.2 OR AY.30 OR AY.31 OR AY.32 OR AY.33 OR AY.33.1 OR AY.33.2 OR AY.34 OR AY.34.1 OR AY.34.1.1 OR AY.34.2 OR AY.35 OR AY.36 OR AY.36.1 OR AY.37 OR AY.38 OR AY.39 OR AY.39.1 OR AY.39.1.1 OR AY.39.1.2 OR AY.39.1.3 OR AY.39.1.4 OR AY.39.2 OR AY.39.3 OR AY.39.4 OR AY.40 OR AY.41 OR AY.42 OR AY.42.1 OR AY.43 OR AY.43.1 OR AY.43.2 OR AY.43.3 OR AY.43.4 OR AY.43.5 OR AY.43.6 OR AY.43.7 OR AY.43.8 OR AY.43.9 OR AY.44 OR AY.45 OR AY.46 OR AY.46.1 OR AY.46.2 OR AY.46.3 OR AY.46.4 OR AY.46.5 OR AY.46.6 OR AY.46.6.1 OR AY.47 OR AY.48 OR AY.49 OR AY.50 OR AY.51 OR AY.52 OR AY.53 OR AY.54 OR AY.55 OR AY.56 OR AY.57 OR AY.58 OR AY.59 OR AY.60 OR AY.61 OR AY.62 OR AY.63 OR AY.64 OR AY.65 OR AY.66 OR AY.67 OR AY.68 OR AY.69 OR AY.70 OR AY.71 OR AY.72 OR AY.73 OR AY.74 OR AY.75 OR AY.75.1 OR AY.75.2 OR AY.75.3 OR AY.76 OR AY.77 OR AY.78 OR AY.79 OR AY.80 OR AY.81 OR AY.82 OR AY.83 OR AY.84 OR AY.85 OR AY.86 OR AY.87 OR AY.88 OR AY.89 OR AY.90 OR AY.91 OR AY.91.1 OR AY.92 OR AY.93 OR AY.94 OR AY.95 OR AY.96 OR AY.97 OR AY.98 OR AY.98.1 OR AY.98.1.1 OR AY.99 OR AY.99.1 OR AY.99.2 OR AY.100 OR AY.101 OR AY.102 OR AY.102.1 OR AY.102.2 OR AY.103 OR AY.103.1 OR AY.103.2 OR AY.104 OR AY.105 OR AY.106 OR AY.107 OR AY.108 OR AY.109 OR AY.110 OR AY.111 OR AY.112 OR AY.112.1 OR AY.112.2 OR AY.112.3 OR AY.113 OR AY.114 OR AY.115 OR AY.116 OR AY.116.1 OR AY.117 OR AY.118 OR AY.119 OR AY.119.1 OR AY.119.2 OR AY.120 OR AY.120.1 OR AY.120.2 OR AY.120.2.1 OR AY.121 OR AY.121.1 OR AY.122 OR AY.122.1 OR AY.122.2 OR AY.122.3 OR AY.122.4 OR AY.122.5 OR AY.122.6 OR AY.123 OR AY.123.1 OR AY.124 OR AY.124.1 OR AY.124.1.1 OR AY.125 OR AY.125.1 OR AY.126 OR AY.127 OR AY.127.1 OR AY.127.2 OR AY.127.3 OR AY.128 OR AY.129 OR AY.130 OR AY.131 OR AY.132 OR AY.133 OR AY.134 OR B.1.617.2,Delta,10.8571428571429,0,0
2022-05-31,5,0,6.57142857142857,0,0,6.76864642438303e-05,0.29243617366231,AY.1 OR AY.2 OR AY.3 OR AY.3.1 OR AY.3.2 OR AY.3.3 OR AY.3.4 OR AY.4 OR AY.4.1 OR AY.4.2 OR AY.4.2.1 OR AY.4.2.2 OR AY.4.2.3 OR AY.4.2.4 OR AY.4.2.5 OR AY.4.3 OR AY.4.4 OR AY.4.5 OR AY.4.6 OR AY.4.7 OR AY.4.8 OR AY.4.9 OR AY.4.10 OR AY.4.11 OR AY.4.12 OR AY.4.13 OR AY.4.14 OR AY.4.15 OR AY.4.16 OR AY.4.17 OR AY.5 OR AY.5.1 OR AY.5.2 OR AY.5.3 OR AY.5.4 OR AY.5.5 OR AY.5.6 OR AY.5.7 OR AY.6 OR AY.7 OR AY.7.1 OR AY.7.2 OR AY.8 OR AY.9 OR AY.9.1 OR AY.9.2 OR AY.9.2.1 OR AY.9.2.2 OR AY.10 OR AY.11 OR AY.12 OR AY.13 OR AY.14 OR AY.15 OR AY.16 OR AY.16.1 OR AY.17 OR AY.18 OR AY.19 OR AY.20 OR AY.20.1 OR AY.21 OR AY.22 OR AY.23 OR AY.23.1 OR AY.23.2 OR AY.24 OR AY.24.1 OR AY.25 OR AY.25.1 OR AY.25.1.1 OR AY.25.1.2 OR AY.25.2 OR AY.25.3 OR AY.26 OR AY.26.1 OR AY.27 OR AY.28 OR AY.29 OR AY.29.1 OR AY.29.2 OR AY.30 OR AY.31 OR AY.32 OR AY.33 OR AY.33.1 OR AY.33.2 OR AY.34 OR AY.34.1 OR AY.34.1.1 OR AY.34.2 OR AY.35 OR AY.36 OR AY.36.1 OR AY.37 OR AY.38 OR AY.39 OR AY.39.1 OR AY.39.1.1 OR AY.39.1.2 OR AY.39.1.3 OR AY.39.1.4 OR AY.39.2 OR AY.39.3 OR AY.39.4 OR AY.40 OR AY.41 OR AY.42 OR AY.42.1 OR AY.43 OR AY.43.1 OR AY.43.2 OR AY.43.3 OR AY.43.4 OR AY.43.5 OR AY.43.6 OR AY.43.7 OR AY.43.8 OR AY.43.9 OR AY.44 OR AY.45 OR AY.46 OR AY.46.1 OR AY.46.2 OR AY.46.3 OR AY.46.4 OR AY.46.5 OR AY.46.6 OR AY.46.6.1 OR AY.47 OR AY.48 OR AY.49 OR AY.50 OR AY.51 OR AY.52 OR AY.53 OR AY.54 OR AY.55 OR AY.56 OR AY.57 OR AY.58 OR AY.59 OR AY.60 OR AY.61 OR AY.62 OR AY.63 OR AY.64 OR AY.65 OR AY.66 OR AY.67 OR AY.68 OR AY.69 OR AY.70 OR AY.71 OR AY.72 OR AY.73 OR AY.74 OR AY.75 OR AY.75.1 OR AY.75.2 OR AY.75.3 OR AY.76 OR AY.77 OR AY.78 OR AY.79 OR AY.80 OR AY.81 OR AY.82 OR AY.83 OR AY.84 OR AY.85 OR AY.86 OR AY.87 OR AY.88 OR AY.89 OR AY.90 OR AY.91 OR AY.91.1 OR AY.92 OR AY.93 OR AY.94 OR AY.95 OR AY.96 OR AY.97 OR AY.98 OR AY.98.1 OR AY.98.1.1 OR AY.99 OR AY.99.1 OR AY.99.2 OR AY.100 OR AY.101 OR AY.102 OR AY.102.1 OR AY.102.2 OR AY.103 OR AY.103.1 OR AY.103.2 OR AY.104 OR AY.105 OR AY.106 OR AY.107 OR AY.108 OR AY.109 OR AY.110 OR AY.111 OR AY.112 OR AY.112.1 OR AY.112.2 OR AY.112.3 OR AY.113 OR AY.114 OR AY.115 OR AY.116 OR AY.116.1 OR AY.117 OR AY.118 OR AY.119 OR AY.119.1 OR AY.119.2 OR AY.120 OR AY.120.1 OR AY.120.2 OR AY.120.2.1 OR AY.121 OR AY.121.1 OR AY.122 OR AY.122.1 OR AY.122.2 OR AY.122.3 OR AY.122.4 OR AY.122.5 OR AY.122.6 OR AY.123 OR AY.123.1 OR AY.124 OR AY.124.1 OR AY.124.1.1 OR AY.125 OR AY.125.1 OR AY.126 OR AY.127 OR AY.127.1 OR AY.127.2 OR AY.127.3 OR AY.128 OR AY.129 OR AY.130 OR AY.131 OR AY.132 OR AY.133 OR AY.134 OR B.1.617.2,Delta,9.92857142857143,0,0
2022-06-01,8,0,5.85714285714286,0,0,7.84998483662081e-05,0.33038890915155,AY.1 OR AY.2 OR AY.3 OR AY.3.1 OR AY.3.2 OR AY.3.3 OR AY.3.4 OR AY.4 OR AY.4.1 OR AY.4.2 OR AY.4.2.1 OR AY.4.2.2 OR AY.4.2.3 OR AY.4.2.4 OR AY.4.2.5 OR AY.4.3 OR AY.4.4 OR AY.4.5 OR AY.4.6 OR AY.4.7 OR AY.4.8 OR AY.4.9 OR AY.4.10 OR AY.4.11 OR AY.4.12 OR AY.4.13 OR AY.4.14 OR AY.4.15 OR AY.4.16 OR AY.4.17 OR AY.5 OR AY.5.1 OR AY.5.2 OR AY.5.3 OR AY.5.4 OR AY.5.5 OR AY.5.6 OR AY.5.7 OR AY.6 OR AY.7 OR AY.7.1 OR AY.7.2 OR AY.8 OR AY.9 OR AY.9.1 OR AY.9.2 OR AY.9.2.1 OR AY.9.2.2 OR AY.10 OR AY.11 OR AY.12 OR AY.13 OR AY.14 OR AY.15 OR AY.16 OR AY.16.1 OR AY.17 OR AY.18 OR AY.19 OR AY.20 OR AY.20.1 OR AY.21 OR AY.22 OR AY.23 OR AY.23.1 OR AY.23.2 OR AY.24 OR AY.24.1 OR AY.25 OR AY.25.1 OR AY.25.1.1 OR AY.25.1.2 OR AY.25.2 OR AY.25.3 OR AY.26 OR AY.26.1 OR AY.27 OR AY.28 OR AY.29 OR AY.29.1 OR AY.29.2 OR AY.30 OR AY.31 OR AY.32 OR AY.33 OR AY.33.1 OR AY.33.2 OR AY.34 OR AY.34.1 OR AY.34.1.1 OR AY.34.2 OR AY.35 OR AY.36 OR AY.36.1 OR AY.37 OR AY.38 OR AY.39 OR AY.39.1 OR AY.39.1.1 OR AY.39.1.2 OR AY.39.1.3 OR AY.39.1.4 OR AY.39.2 OR AY.39.3 OR AY.39.4 OR AY.40 OR AY.41 OR AY.42 OR AY.42.1 OR AY.43 OR AY.43.1 OR AY.43.2 OR AY.43.3 OR AY.43.4 OR AY.43.5 OR AY.43.6 OR AY.43.7 OR AY.43.8 OR AY.43.9 OR AY.44 OR AY.45 OR AY.46 OR AY.46.1 OR AY.46.2 OR AY.46.3 OR AY.46.4 OR AY.46.5 OR AY.46.6 OR AY.46.6.1 OR AY.47 OR AY.48 OR AY.49 OR AY.50 OR AY.51 OR AY.52 OR AY.53 OR AY.54 OR AY.55 OR AY.56 OR AY.57 OR AY.58 OR AY.59 OR AY.60 OR AY.61 OR AY.62 OR AY.63 OR AY.64 OR AY.65 OR AY.66 OR AY.67 OR AY.68 OR AY.69 OR AY.70 OR AY.71 OR AY.72 OR AY.73 OR AY.74 OR AY.75 OR AY.75.1 OR AY.75.2 OR AY.75.3 OR AY.76 OR AY.77 OR AY.78 OR AY.79 OR AY.80 OR AY.81 OR AY.82 OR AY.83 OR AY.84 OR AY.85 OR AY.86 OR AY.87 OR AY.88 OR AY.89 OR AY.90 OR AY.91 OR AY.91.1 OR AY.92 OR AY.93 OR AY.94 OR AY.95 OR AY.96 OR AY.97 OR AY.98 OR AY.98.1 OR AY.98.1.1 OR AY.99 OR AY.99.1 OR AY.99.2 OR AY.100 OR AY.101 OR AY.102 OR AY.102.1 OR AY.102.2 OR AY.103 OR AY.103.1 OR AY.103.2 OR AY.104 OR AY.105 OR AY.106 OR AY.107 OR AY.108 OR AY.109 OR AY.110 OR AY.111 OR AY.112 OR AY.112.1 OR AY.112.2 OR AY.112.3 OR AY.113 OR AY.114 OR AY.115 OR AY.116 OR AY.116.1 OR AY.117 OR AY.118 OR AY.119 OR AY.119.1 OR AY.119.2 OR AY.120 OR AY.120.1 OR AY.120.2 OR AY.120.2.1 OR AY.121 OR AY.121.1 OR AY.122 OR AY.122.1 OR AY.122.2 OR AY.122.3 OR AY.122.4 OR AY.122.5 OR AY.122.6 OR AY.123 OR AY.123.1 OR AY.124 OR AY.124.1 OR AY.124.1.1 OR AY.125 OR AY.125.1 OR AY.126 OR AY.127 OR AY.127.1 OR AY.127.2 OR AY.127.3 OR AY.128 OR AY.129 OR AY.130 OR AY.131 OR AY.132 OR AY.133 OR AY.134 OR B.1.617.2,Delta,9.57142857142857,0,0
2022-06-02,10,0,7,0,0,6.76864642438303e-05,0.29243617366231,AY.1 OR AY.2 OR AY.3 OR AY.3.1 OR AY.3.2 OR AY.3.3 OR AY.3.4 OR AY.4 OR AY.4.1 OR AY.4.2 OR AY.4.2.1 OR AY.4.2.2 OR AY.4.2.3 OR AY.4.2.4 OR AY.4.2.5 OR AY.4.3 OR AY.4.4 OR AY.4.5 OR AY.4.6 OR AY.4.7 OR AY.4.8 OR AY.4.9 OR AY.4.10 OR AY.4.11 OR AY.4.12 OR AY.4.13 OR AY.4.14 OR AY.4.15 OR AY.4.16 OR AY.4.17 OR AY.5 OR AY.5.1 OR AY.5.2 OR AY.5.3 OR AY.5.4 OR AY.5.5 OR AY.5.6 OR AY.5.7 OR AY.6 OR AY.7 OR AY.7.1 OR AY.7.2 OR AY.8 OR AY.9 OR AY.9.1 OR AY.9.2 OR AY.9.2.1 OR AY.9.2.2 OR AY.10 OR AY.11 OR AY.12 OR AY.13 OR AY.14 OR AY.15 OR AY.16 OR AY.16.1 OR AY.17 OR AY.18 OR AY.19 OR AY.20 OR AY.20.1 OR AY.21 OR AY.22 OR AY.23 OR AY.23.1 OR AY.23.2 OR AY.24 OR AY.24.1 OR AY.25 OR AY.25.1 OR AY.25.1.1 OR AY.25.1.2 OR AY.25.2 OR AY.25.3 OR AY.26 OR AY.26.1 OR AY.27 OR AY.28 OR AY.29 OR AY.29.1 OR AY.29.2 OR AY.30 OR AY.31 OR AY.32 OR AY.33 OR AY.33.1 OR AY.33.2 OR AY.34 OR AY.34.1 OR AY.34.1.1 OR AY.34.2 OR AY.35 OR AY.36 OR AY.36.1 OR AY.37 OR AY.38 OR AY.39 OR AY.39.1 OR AY.39.1.1 OR AY.39.1.2 OR AY.39.1.3 OR AY.39.1.4 OR AY.39.2 OR AY.39.3 OR AY.39.4 OR AY.40 OR AY.41 OR AY.42 OR AY.42.1 OR AY.43 OR AY.43.1 OR AY.43.2 OR AY.43.3 OR AY.43.4 OR AY.43.5 OR AY.43.6 OR AY.43.7 OR AY.43.8 OR AY.43.9 OR AY.44 OR AY.45 OR AY.46 OR AY.46.1 OR AY.46.2 OR AY.46.3 OR AY.46.4 OR AY.46.5 OR AY.46.6 OR AY.46.6.1 OR AY.47 OR AY.48 OR AY.49 OR AY.50 OR AY.51 OR AY.52 OR AY.53 OR AY.54 OR AY.55 OR AY.56 OR AY.57 OR AY.58 OR AY.59 OR AY.60 OR AY.61 OR AY.62 OR AY.63 OR AY.64 OR AY.65 OR AY.66 OR AY.67 OR AY.68 OR AY.69 OR AY.70 OR AY.71 OR AY.72 OR AY.73 OR AY.74 OR AY.75 OR AY.75.1 OR AY.75.2 OR AY.75.3 OR AY.76 OR AY.77 OR AY.78 OR AY.79 OR AY.80 OR AY.81 OR AY.82 OR AY.83 OR AY.84 OR AY.85 OR AY.86 OR AY.87 OR AY.88 OR AY.89 OR AY.90 OR AY.91 OR AY.91.1 OR AY.92 OR AY.93 OR AY.94 OR AY.95 OR AY.96 OR AY.97 OR AY.98 OR AY.98.1 OR AY.98.1.1 OR AY.99 OR AY.99.1 OR AY.99.2 OR AY.100 OR AY.101 OR AY.102 OR AY.102.1 OR AY.102.2 OR AY.103 OR AY.103.1 OR AY.103.2 OR AY.104 OR AY.105 OR AY.106 OR AY.107 OR AY.108 OR AY.109 OR AY.110 OR AY.111 OR AY.112 OR AY.112.1 OR AY.112.2 OR AY.112.3 OR AY.113 OR AY.114 OR AY.115 OR AY.116 OR AY.116.1 OR AY.117 OR AY.118 OR AY.119 OR AY.119.1 OR AY.119.2 OR AY.120 OR AY.120.1 OR AY.120.2 OR AY.120.2.1 OR AY.121 OR AY.121.1 OR AY.122 OR AY.122.1 OR AY.122.2 OR AY.122.3 OR AY.122.4 OR AY.122.5 OR AY.122.6 OR AY.123 OR AY.123.1 OR AY.124 OR AY.124.1 OR AY.124.1.1 OR AY.125 OR AY.125.1 OR AY.126 OR AY.127 OR AY.127.1 OR AY.127.2 OR AY.127.3 OR AY.128 OR AY.129 OR AY.130 OR AY.131 OR AY.132 OR AY.133 OR AY.134 OR B.1.617.2,Delta,8.85714285714286,0,0
2022-06-03,6,0,5.71428571428571,0,0,7.84998483662081e-05,0.33038890915155,AY.1 OR AY.2 OR AY.3 OR AY.3.1 OR AY.3.2 OR AY.3.3 OR AY.3.4 OR AY.4 OR AY.4.1 OR AY.4.2 OR AY.4.2.1 OR AY.4.2.2 OR AY.4.2.3 OR AY.4.2.4 OR AY.4.2.5 OR AY.4.3 OR AY.4.4 OR AY.4.5 OR AY.4.6 OR AY.4.7 OR AY.4.8 OR AY.4.9 OR AY.4.10 OR AY.4.11 OR AY.4.12 OR AY.4.13 OR AY.4.14 OR AY.4.15 OR AY.4.16 OR AY.4.17 OR AY.5 OR AY.5.1 OR AY.5.2 OR AY.5.3 OR AY.5.4 OR AY.5.5 OR AY.5.6 OR AY.5.7 OR AY.6 OR AY.7 OR AY.7.1 OR AY.7.2 OR AY.8 OR AY.9 OR AY.9.1 OR AY.9.2 OR AY.9.2.1 OR AY.9.2.2 OR AY.10 OR AY.11 OR AY.12 OR AY.13 OR AY.14 OR AY.15 OR AY.16 OR AY.16.1 OR AY.17 OR AY.18 OR AY.19 OR AY.20 OR AY.20.1 OR AY.21 OR AY.22 OR AY.23 OR AY.23.1 OR AY.23.2 OR AY.24 OR AY.24.1 OR AY.25 OR AY.25.1 OR AY.25.1.1 OR AY.25.1.2 OR AY.25.2 OR AY.25.3 OR AY.26 OR AY.26.1 OR AY.27 OR AY.28 OR AY.29 OR AY.29.1 OR AY.29.2 OR AY.30 OR AY.31 OR AY.32 OR AY.33 OR AY.33.1 OR AY.33.2 OR AY.34 OR AY.34.1 OR AY.34.1.1 OR AY.34.2 OR AY.35 OR AY.36 OR AY.36.1 OR AY.37 OR AY.38 OR AY.39 OR AY.39.1 OR AY.39.1.1 OR AY.39.1.2 OR AY.39.1.3 OR AY.39.1.4 OR AY.39.2 OR AY.39.3 OR AY.39.4 OR AY.40 OR AY.41 OR AY.42 OR AY.42.1 OR AY.43 OR AY.43.1 OR AY.43.2 OR AY.43.3 OR AY.43.4 OR AY.43.5 OR AY.43.6 OR AY.43.7 OR AY.43.8 OR AY.43.9 OR AY.44 OR AY.45 OR AY.46 OR AY.46.1 OR AY.46.2 OR AY.46.3 OR AY.46.4 OR AY.46.5 OR AY.46.6 OR AY.46.6.1 OR AY.47 OR AY.48 OR AY.49 OR AY.50 OR AY.51 OR AY.52 OR AY.53 OR AY.54 OR AY.55 OR AY.56 OR AY.57 OR AY.58 OR AY.59 OR AY.60 OR AY.61 OR AY.62 OR AY.63 OR AY.64 OR AY.65 OR AY.66 OR AY.67 OR AY.68 OR AY.69 OR AY.70 OR AY.71 OR AY.72 OR AY.73 OR AY.74 OR AY.75 OR AY.75.1 OR AY.75.2 OR AY.75.3 OR AY.76 OR AY.77 OR AY.78 OR AY.79 OR AY.80 OR AY.81 OR AY.82 OR AY.83 OR AY.84 OR AY.85 OR AY.86 OR AY.87 OR AY.88 OR AY.89 OR AY.90 OR AY.91 OR AY.91.1 OR AY.92 OR AY.93 OR AY.94 OR AY.95 OR AY.96 OR AY.97 OR AY.98 OR AY.98.1 OR AY.98.1.1 OR AY.99 OR AY.99.1 OR AY.99.2 OR AY.100 OR AY.101 OR AY.102 OR AY.102.1 OR AY.102.2 OR AY.103 OR AY.103.1 OR AY.103.2 OR AY.104 OR AY.105 OR AY.106 OR AY.107 OR AY.108 OR AY.109 OR AY.110 OR AY.111 OR AY.112 OR AY.112.1 OR AY.112.2 OR AY.112.3 OR AY.113 OR AY.114 OR AY.115 OR AY.116 OR AY.116.1 OR AY.117 OR AY.118 OR AY.119 OR AY.119.1 OR AY.119.2 OR AY.120 OR AY.120.1 OR AY.120.2 OR AY.120.2.1 OR AY.121 OR AY.121.1 OR AY.122 OR AY.122.1 OR AY.122.2 OR AY.122.3 OR AY.122.4 OR AY.122.5 OR AY.122.6 OR AY.123 OR AY.123.1 OR AY.124 OR AY.124.1 OR AY.124.1.1 OR AY.125 OR AY.125.1 OR AY.126 OR AY.127 OR AY.127.1 OR AY.127.2 OR AY.127.3 OR AY.128 OR AY.129 OR AY.130 OR AY.131 OR AY.132 OR AY.133 OR AY.134 OR B.1.617.2,Delta,8.21428571428571,0,0
2022-06-04,3,0,5.71428571428571,0,0,7.84998483662081e-05,0.33038890915155,AY.1 OR AY.2 OR AY.3 OR AY.3.1 OR AY.3.2 OR AY.3.3 OR AY.3.4 OR AY.4 OR AY.4.1 OR AY.4.2 OR AY.4.2.1 OR AY.4.2.2 OR AY.4.2.3 OR AY.4.2.4 OR AY.4.2.5 OR AY.4.3 OR AY.4.4 OR AY.4.5 OR AY.4.6 OR AY.4.7 OR AY.4.8 OR AY.4.9 OR AY.4.10 OR AY.4.11 OR AY.4.12 OR AY.4.13 OR AY.4.14 OR AY.4.15 OR AY.4.16 OR AY.4.17 OR AY.5 OR AY.5.1 OR AY.5.2 OR AY.5.3 OR AY.5.4 OR AY.5.5 OR AY.5.6 OR AY.5.7 OR AY.6 OR AY.7 OR AY.7.1 OR AY.7.2 OR AY.8 OR AY.9 OR AY.9.1 OR AY.9.2 OR AY.9.2.1 OR AY.9.2.2 OR AY.10 OR AY.11 OR AY.12 OR AY.13 OR AY.14 OR AY.15 OR AY.16 OR AY.16.1 OR AY.17 OR AY.18 OR AY.19 OR AY.20 OR AY.20.1 OR AY.21 OR AY.22 OR AY.23 OR AY.23.1 OR AY.23.2 OR AY.24 OR AY.24.1 OR AY.25 OR AY.25.1 OR AY.25.1.1 OR AY.25.1.2 OR AY.25.2 OR AY.25.3 OR AY.26 OR AY.26.1 OR AY.27 OR AY.28 OR AY.29 OR AY.29.1 OR AY.29.2 OR AY.30 OR AY.31 OR AY.32 OR AY.33 OR AY.33.1 OR AY.33.2 OR AY.34 OR AY.34.1 OR AY.34.1.1 OR AY.34.2 OR AY.35 OR AY.36 OR AY.36.1 OR AY.37 OR AY.38 OR AY.39 OR AY.39.1 OR AY.39.1.1 OR AY.39.1.2 OR AY.39.1.3 OR AY.39.1.4 OR AY.39.2 OR AY.39.3 OR AY.39.4 OR AY.40 OR AY.41 OR AY.42 OR AY.42.1 OR AY.43 OR AY.43.1 OR AY.43.2 OR AY.43.3 OR AY.43.4 OR AY.43.5 OR AY.43.6 OR AY.43.7 OR AY.43.8 OR AY.43.9 OR AY.44 OR AY.45 OR AY.46 OR AY.46.1 OR AY.46.2 OR AY.46.3 OR AY.46.4 OR AY.46.5 OR AY.46.6 OR AY.46.6.1 OR AY.47 OR AY.48 OR AY.49 OR AY.50 OR AY.51 OR AY.52 OR AY.53 OR AY.54 OR AY.55 OR AY.56 OR AY.57 OR AY.58 OR AY.59 OR AY.60 OR AY.61 OR AY.62 OR AY.63 OR AY.64 OR AY.65 OR AY.66 OR AY.67 OR AY.68 OR AY.69 OR AY.70 OR AY.71 OR AY.72 OR AY.73 OR AY.74 OR AY.75 OR AY.75.1 OR AY.75.2 OR AY.75.3 OR AY.76 OR AY.77 OR AY.78 OR AY.79 OR AY.80 OR AY.81 OR AY.82 OR AY.83 OR AY.84 OR AY.85 OR AY.86 OR AY.87 OR AY.88 OR AY.89 OR AY.90 OR AY.91 OR AY.91.1 OR AY.92 OR AY.93 OR AY.94 OR AY.95 OR AY.96 OR AY.97 OR AY.98 OR AY.98.1 OR AY.98.1.1 OR AY.99 OR AY.99.1 OR AY.99.2 OR AY.100 OR AY.101 OR AY.102 OR AY.102.1 OR AY.102.2 OR AY.103 OR AY.103.1 OR AY.103.2 OR AY.104 OR AY.105 OR AY.106 OR AY.107 OR AY.108 OR AY.109 OR AY.110 OR AY.111 OR AY.112 OR AY.112.1 OR AY.112.2 OR AY.112.3 OR AY.113 OR AY.114 OR AY.115 OR AY.116 OR AY.116.1 OR AY.117 OR AY.118 OR AY.119 OR AY.119.1 OR AY.119.2 OR AY.120 OR AY.120.1 OR AY.120.2 OR AY.120.2.1 OR AY.121 OR AY.121.1 OR AY.122 OR AY.122.1 OR AY.122.2 OR AY.122.3 OR AY.122.4 OR AY.122.5 OR AY.122.6 OR AY.123 OR AY.123.1 OR AY.124 OR AY.124.1 OR AY.124.1.1 OR AY.125 OR AY.125.1 OR AY.126 OR AY.127 OR AY.127.1 OR AY.127.2 OR AY.127.3 OR AY.128 OR AY.129 OR AY.130 OR AY.131 OR AY.132 OR AY.133 OR AY.134 OR B.1.617.2,Delta,8.35714285714286,0,0
2022-06-05,2,0,5.57142857142857,0,0,7.84998483662081e-05,0.33038890915155,AY.1 OR AY.2 OR AY.3 OR AY.3.1 OR AY.3.2 OR AY.3.3 OR AY.3.4 OR AY.4 OR AY.4.1 OR AY.4.2 OR AY.4.2.1 OR AY.4.2.2 OR AY.4.2.3 OR AY.4.2.4 OR AY.4.2.5 OR AY.4.3 OR AY.4.4 OR AY.4.5 OR AY.4.6 OR AY.4.7 OR AY.4.8 OR AY.4.9 OR AY.4.10 OR AY.4.11 OR AY.4.12 OR AY.4.13 OR AY.4.14 OR AY.4.15 OR AY.4.16 OR AY.4.17 OR AY.5 OR AY.5.1 OR AY.5.2 OR AY.5.3 OR AY.5.4 OR AY.5.5 OR AY.5.6 OR AY.5.7 OR AY.6 OR AY.7 OR AY.7.1 OR AY.7.2 OR AY.8 OR AY.9 OR AY.9.1 OR AY.9.2 OR AY.9.2.1 OR AY.9.2.2 OR AY.10 OR AY.11 OR AY.12 OR AY.13 OR AY.14 OR AY.15 OR AY.16 OR AY.16.1 OR AY.17 OR AY.18 OR AY.19 OR AY.20 OR AY.20.1 OR AY.21 OR AY.22 OR AY.23 OR AY.23.1 OR AY.23.2 OR AY.24 OR AY.24.1 OR AY.25 OR AY.25.1 OR AY.25.1.1 OR AY.25.1.2 OR AY.25.2 OR AY.25.3 OR AY.26 OR AY.26.1 OR AY.27 OR AY.28 OR AY.29 OR AY.29.1 OR AY.29.2 OR AY.30 OR AY.31 OR AY.32 OR AY.33 OR AY.33.1 OR AY.33.2 OR AY.34 OR AY.34.1 OR AY.34.1.1 OR AY.34.2 OR AY.35 OR AY.36 OR AY.36.1 OR AY.37 OR AY.38 OR AY.39 OR AY.39.1 OR AY.39.1.1 OR AY.39.1.2 OR AY.39.1.3 OR AY.39.1.4 OR AY.39.2 OR AY.39.3 OR AY.39.4 OR AY.40 OR AY.41 OR AY.42 OR AY.42.1 OR AY.43 OR AY.43.1 OR AY.43.2 OR AY.43.3 OR AY.43.4 OR AY.43.5 OR AY.43.6 OR AY.43.7 OR AY.43.8 OR AY.43.9 OR AY.44 OR AY.45 OR AY.46 OR AY.46.1 OR AY.46.2 OR AY.46.3 OR AY.46.4 OR AY.46.5 OR AY.46.6 OR AY.46.6.1 OR AY.47 OR AY.48 OR AY.49 OR AY.50 OR AY.51 OR AY.52 OR AY.53 OR AY.54 OR AY.55 OR AY.56 OR AY.57 OR AY.58 OR AY.59 OR AY.60 OR AY.61 OR AY.62 OR AY.63 OR AY.64 OR AY.65 OR AY.66 OR AY.67 OR AY.68 OR AY.69 OR AY.70 OR AY.71 OR AY.72 OR AY.73 OR AY.74 OR AY.75 OR AY.75.1 OR AY.75.2 OR AY.75.3 OR AY.76 OR AY.77 OR AY.78 OR AY.79 OR AY.80 OR AY.81 OR AY.82 OR AY.83 OR AY.84 OR AY.85 OR AY.86 OR AY.87 OR AY.88 OR AY.89 OR AY.90 OR AY.91 OR AY.91.1 OR AY.92 OR AY.93 OR AY.94 OR AY.95 OR AY.96 OR AY.97 OR AY.98 OR AY.98.1 OR AY.98.1.1 OR AY.99 OR AY.99.1 OR AY.99.2 OR AY.100 OR AY.101 OR AY.102 OR AY.102.1 OR AY.102.2 OR AY.103 OR AY.103.1 OR AY.103.2 OR AY.104 OR AY.105 OR AY.106 OR AY.107 OR AY.108 OR AY.109 OR AY.110 OR AY.111 OR AY.112 OR AY.112.1 OR AY.112.2 OR AY.112.3 OR AY.113 OR AY.114 OR AY.115 OR AY.116 OR AY.116.1 OR AY.117 OR AY.118 OR AY.119 OR AY.119.1 OR AY.119.2 OR AY.120 OR AY.120.1 OR AY.120.2 OR AY.120.2.1 OR AY.121 OR AY.121.1 OR AY.122 OR AY.122.1 OR AY.122.2 OR AY.122.3 OR AY.122.4 OR AY.122.5 OR AY.122.6 OR AY.123 OR AY.123.1 OR AY.124 OR AY.124.1 OR AY.124.1.1 OR AY.125 OR AY.125.1 OR AY.126 OR AY.127 OR AY.127.1 OR AY.127.2 OR AY.127.3 OR AY.128 OR AY.129 OR AY.130 OR AY.131 OR AY.132 OR AY.133 OR AY.134 OR B.1.617.2,Delta,8.14285714285714,0,0
2022-06-06,25,0,8.42857142857143,0,0,5.94903028944023e-05,0.262217248717186,AY.1 OR AY.2 OR AY.3 OR AY.3.1 OR AY.3.2 OR AY.3.3 OR AY.3.4 OR AY.4 OR AY.4.1 OR AY.4.2 OR AY.4.2.1 OR AY.4.2.2 OR AY.4.2.3 OR AY.4.2.4 OR AY.4.2.5 OR AY.4.3 OR AY.4.4 OR AY.4.5 OR AY.4.6 OR AY.4.7 OR AY.4.8 OR AY.4.9 OR AY.4.10 OR AY.4.11 OR AY.4.12 OR AY.4.13 OR AY.4.14 OR AY.4.15 OR AY.4.16 OR AY.4.17 OR AY.5 OR AY.5.1 OR AY.5.2 OR AY.5.3 OR AY.5.4 OR AY.5.5 OR AY.5.6 OR AY.5.7 OR AY.6 OR AY.7 OR AY.7.1 OR AY.7.2 OR AY.8 OR AY.9 OR AY.9.1 OR AY.9.2 OR AY.9.2.1 OR AY.9.2.2 OR AY.10 OR AY.11 OR AY.12 OR AY.13 OR AY.14 OR AY.15 OR AY.16 OR AY.16.1 OR AY.17 OR AY.18 OR AY.19 OR AY.20 OR AY.20.1 OR AY.21 OR AY.22 OR AY.23 OR AY.23.1 OR AY.23.2 OR AY.24 OR AY.24.1 OR AY.25 OR AY.25.1 OR AY.25.1.1 OR AY.25.1.2 OR AY.25.2 OR AY.25.3 OR AY.26 OR AY.26.1 OR AY.27 OR AY.28 OR AY.29 OR AY.29.1 OR AY.29.2 OR AY.30 OR AY.31 OR AY.32 OR AY.33 OR AY.33.1 OR AY.33.2 OR AY.34 OR AY.34.1 OR AY.34.1.1 OR AY.34.2 OR AY.35 OR AY.36 OR AY.36.1 OR AY.37 OR AY.38 OR AY.39 OR AY.39.1 OR AY.39.1.1 OR AY.39.1.2 OR AY.39.1.3 OR AY.39.1.4 OR AY.39.2 OR AY.39.3 OR AY.39.4 OR AY.40 OR AY.41 OR AY.42 OR AY.42.1 OR AY.43 OR AY.43.1 OR AY.43.2 OR AY.43.3 OR AY.43.4 OR AY.43.5 OR AY.43.6 OR AY.43.7 OR AY.43.8 OR AY.43.9 OR AY.44 OR AY.45 OR AY.46 OR AY.46.1 OR AY.46.2 OR AY.46.3 OR AY.46.4 OR AY.46.5 OR AY.46.6 OR AY.46.6.1 OR AY.47 OR AY.48 OR AY.49 OR AY.50 OR AY.51 OR AY.52 OR AY.53 OR AY.54 OR AY.55 OR AY.56 OR AY.57 OR AY.58 OR AY.59 OR AY.60 OR AY.61 OR AY.62 OR AY.63 OR AY.64 OR AY.65 OR AY.66 OR AY.67 OR AY.68 OR AY.69 OR AY.70 OR AY.71 OR AY.72 OR AY.73 OR AY.74 OR AY.75 OR AY.75.1 OR AY.75.2 OR AY.75.3 OR AY.76 OR AY.77 OR AY.78 OR AY.79 OR AY.80 OR AY.81 OR AY.82 OR AY.83 OR AY.84 OR AY.85 OR AY.86 OR AY.87 OR AY.88 OR AY.89 OR AY.90 OR AY.91 OR AY.91.1 OR AY.92 OR AY.93 OR AY.94 OR AY.95 OR AY.96 OR AY.97 OR AY.98 OR AY.98.1 OR AY.98.1.1 OR AY.99 OR AY.99.1 OR AY.99.2 OR AY.100 OR AY.101 OR AY.102 OR AY.102.1 OR AY.102.2 OR AY.103 OR AY.103.1 OR AY.103.2 OR AY.104 OR AY.105 OR AY.106 OR AY.107 OR AY.108 OR AY.109 OR AY.110 OR AY.111 OR AY.112 OR AY.112.1 OR AY.112.2 OR AY.112.3 OR AY.113 OR AY.114 OR AY.115 OR AY.116 OR AY.116.1 OR AY.117 OR AY.118 OR AY.119 OR AY.119.1 OR AY.119.2 OR AY.120 OR AY.120.1 OR AY.120.2 OR AY.120.2.1 OR AY.121 OR AY.121.1 OR AY.122 OR AY.122.1 OR AY.122.2 OR AY.122.3 OR AY.122.4 OR AY.122.5 OR AY.122.6 OR AY.123 OR AY.123.1 OR AY.124 OR AY.124.1 OR AY.124.1.1 OR AY.125 OR AY.125.1 OR AY.126 OR AY.127 OR AY.127.1 OR AY.127.2 OR AY.127.3 OR AY.128 OR AY.129 OR AY.130 OR AY.131 OR AY.132 OR AY.133 OR AY.134 OR B.1.617.2,Delta,7.71428571428571,0,0
2022-06-07,10,0,9.14285714285714,0,0,5.3064053418493e-05,0.237610098632903,AY.1 OR AY.2 OR AY.3 OR AY.3.1 OR AY.3.2 OR AY.3.3 OR AY.3.4 OR AY.4 OR AY.4.1 OR AY.4.2 OR AY.4.2.1 OR AY.4.2.2 OR AY.4.2.3 OR AY.4.2.4 OR AY.4.2.5 OR AY.4.3 OR AY.4.4 OR AY.4.5 OR AY.4.6 OR AY.4.7 OR AY.4.8 OR AY.4.9 OR AY.4.10 OR AY.4.11 OR AY.4.12 OR AY.4.13 OR AY.4.14 OR AY.4.15 OR AY.4.16 OR AY.4.17 OR AY.5 OR AY.5.1 OR AY.5.2 OR AY.5.3 OR AY.5.4 OR AY.5.5 OR AY.5.6 OR AY.5.7 OR AY.6 OR AY.7 OR AY.7.1 OR AY.7.2 OR AY.8 OR AY.9 OR AY.9.1 OR AY.9.2 OR AY.9.2.1 OR AY.9.2.2 OR AY.10 OR AY.11 OR AY.12 OR AY.13 OR AY.14 OR AY.15 OR AY.16 OR AY.16.1 OR AY.17 OR AY.18 OR AY.19 OR AY.20 OR AY.20.1 OR AY.21 OR AY.22 OR AY.23 OR AY.23.1 OR AY.23.2 OR AY.24 OR AY.24.1 OR AY.25 OR AY.25.1 OR AY.25.1.1 OR AY.25.1.2 OR AY.25.2 OR AY.25.3 OR AY.26 OR AY.26.1 OR AY.27 OR AY.28 OR AY.29 OR AY.29.1 OR AY.29.2 OR AY.30 OR AY.31 OR AY.32 OR AY.33 OR AY.33.1 OR AY.33.2 OR AY.34 OR AY.34.1 OR AY.34.1.1 OR AY.34.2 OR AY.35 OR AY.36 OR AY.36.1 OR AY.37 OR AY.38 OR AY.39 OR AY.39.1 OR AY.39.1.1 OR AY.39.1.2 OR AY.39.1.3 OR AY.39.1.4 OR AY.39.2 OR AY.39.3 OR AY.39.4 OR AY.40 OR AY.41 OR AY.42 OR AY.42.1 OR AY.43 OR AY.43.1 OR AY.43.2 OR AY.43.3 OR AY.43.4 OR AY.43.5 OR AY.43.6 OR AY.43.7 OR AY.43.8 OR AY.43.9 OR AY.44 OR AY.45 OR AY.46 OR AY.46.1 OR AY.46.2 OR AY.46.3 OR AY.46.4 OR AY.46.5 OR AY.46.6 OR AY.46.6.1 OR AY.47 OR AY.48 OR AY.49 OR AY.50 OR AY.51 OR AY.52 OR AY.53 OR AY.54 OR AY.55 OR AY.56 OR AY.57 OR AY.58 OR AY.59 OR AY.60 OR AY.61 OR AY.62 OR AY.63 OR AY.64 OR AY.65 OR AY.66 OR AY.67 OR AY.68 OR AY.69 OR AY.70 OR AY.71 OR AY.72 OR AY.73 OR AY.74 OR AY.75 OR AY.75.1 OR AY.75.2 OR AY.75.3 OR AY.76 OR AY.77 OR AY.78 OR AY.79 OR AY.80 OR AY.81 OR AY.82 OR AY.83 OR AY.84 OR AY.85 OR AY.86 OR AY.87 OR AY.88 OR AY.89 OR AY.90 OR AY.91 OR AY.91.1 OR AY.92 OR AY.93 OR AY.94 OR AY.95 OR AY.96 OR AY.97 OR AY.98 OR AY.98.1 OR AY.98.1.1 OR AY.99 OR AY.99.1 OR AY.99.2 OR AY.100 OR AY.101 OR AY.102 OR AY.102.1 OR AY.102.2 OR AY.103 OR AY.103.1 OR AY.103.2 OR AY.104 OR AY.105 OR AY.106 OR AY.107 OR AY.108 OR AY.109 OR AY.110 OR AY.111 OR AY.112 OR AY.112.1 OR AY.112.2 OR AY.112.3 OR AY.113 OR AY.114 OR AY.115 OR AY.116 OR AY.116.1 OR AY.117 OR AY.118 OR AY.119 OR AY.119.1 OR AY.119.2 OR AY.120 OR AY.120.1 OR AY.120.2 OR AY.120.2.1 OR AY.121 OR AY.121.1 OR AY.122 OR AY.122.1 OR AY.122.2 OR AY.122.3 OR AY.122.4 OR AY.122.5 OR AY.122.6 OR AY.123 OR AY.123.1 OR AY.124 OR AY.124.1 OR AY.124.1.1 OR AY.125 OR AY.125.1 OR AY.126 OR AY.127 OR AY.127.1 OR AY.127.2 OR AY.127.3 OR AY.128 OR AY.129 OR AY.130 OR AY.131 OR AY.132 OR AY.133 OR AY.134 OR B.1.617.2,Delta,7.85714285714286,0,0
2022-06-08,4,0,8.57142857142857,0,0,5.3064053418493e-05,0.237610098632903,AY.1 OR AY.2 OR AY.3 OR AY.3.1 OR AY.3.2 OR AY.3.3 OR AY.3.4 OR AY.4 OR AY.4.1 OR AY.4.2 OR AY.4.2.1 OR AY.4.2.2 OR AY.4.2.3 OR AY.4.2.4 OR AY.4.2.5 OR AY.4.3 OR AY.4.4 OR AY.4.5 OR AY.4.6 OR AY.4.7 OR AY.4.8 OR AY.4.9 OR AY.4.10 OR AY.4.11 OR AY.4.12 OR AY.4.13 OR AY.4.14 OR AY.4.15 OR AY.4.16 OR AY.4.17 OR AY.5 OR AY.5.1 OR AY.5.2 OR AY.5.3 OR AY.5.4 OR AY.5.5 OR AY.5.6 OR AY.5.7 OR AY.6 OR AY.7 OR AY.7.1 OR AY.7.2 OR AY.8 OR AY.9 OR AY.9.1 OR AY.9.2 OR AY.9.2.1 OR AY.9.2.2 OR AY.10 OR AY.11 OR AY.12 OR AY.13 OR AY.14 OR AY.15 OR AY.16 OR AY.16.1 OR AY.17 OR AY.18 OR AY.19 OR AY.20 OR AY.20.1 OR AY.21 OR AY.22 OR AY.23 OR AY.23.1 OR AY.23.2 OR AY.24 OR AY.24.1 OR AY.25 OR AY.25.1 OR AY.25.1.1 OR AY.25.1.2 OR AY.25.2 OR AY.25.3 OR AY.26 OR AY.26.1 OR AY.27 OR AY.28 OR AY.29 OR AY.29.1 OR AY.29.2 OR AY.30 OR AY.31 OR AY.32 OR AY.33 OR AY.33.1 OR AY.33.2 OR AY.34 OR AY.34.1 OR AY.34.1.1 OR AY.34.2 OR AY.35 OR AY.36 OR AY.36.1 OR AY.37 OR AY.38 OR AY.39 OR AY.39.1 OR AY.39.1.1 OR AY.39.1.2 OR AY.39.1.3 OR AY.39.1.4 OR AY.39.2 OR AY.39.3 OR AY.39.4 OR AY.40 OR AY.41 OR AY.42 OR AY.42.1 OR AY.43 OR AY.43.1 OR AY.43.2 OR AY.43.3 OR AY.43.4 OR AY.43.5 OR AY.43.6 OR AY.43.7 OR AY.43.8 OR AY.43.9 OR AY.44 OR AY.45 OR AY.46 OR AY.46.1 OR AY.46.2 OR AY.46.3 OR AY.46.4 OR AY.46.5 OR AY.46.6 OR AY.46.6.1 OR AY.47 OR AY.48 OR AY.49 OR AY.50 OR AY.51 OR AY.52 OR AY.53 OR AY.54 OR AY.55 OR AY.56 OR AY.57 OR AY.58 OR AY.59 OR AY.60 OR AY.61 OR AY.62 OR AY.63 OR AY.64 OR AY.65 OR AY.66 OR AY.67 OR AY.68 OR AY.69 OR AY.70 OR AY.71 OR AY.72 OR AY.73 OR AY.74 OR AY.75 OR AY.75.1 OR AY.75.2 OR AY.75.3 OR AY.76 OR AY.77 OR AY.78 OR AY.79 OR AY.80 OR AY.81 OR AY.82 OR AY.83 OR AY.84 OR AY.85 OR AY.86 OR AY.87 OR AY.88 OR AY.89 OR AY.90 OR AY.91 OR AY.91.1 OR AY.92 OR AY.93 OR AY.94 OR AY.95 OR AY.96 OR AY.97 OR AY.98 OR AY.98.1 OR AY.98.1.1 OR AY.99 OR AY.99.1 OR AY.99.2 OR AY.100 OR AY.101 OR AY.102 OR AY.102.1 OR AY.102.2 OR AY.103 OR AY.103.1 OR AY.103.2 OR AY.104 OR AY.105 OR AY.106 OR AY.107 OR AY.108 OR AY.109 OR AY.110 OR AY.111 OR AY.112 OR AY.112.1 OR AY.112.2 OR AY.112.3 OR AY.113 OR AY.114 OR AY.115 OR AY.116 OR AY.116.1 OR AY.117 OR AY.118 OR AY.119 OR AY.119.1 OR AY.119.2 OR AY.120 OR AY.120.1 OR AY.120.2 OR AY.120.2.1 OR AY.121 OR AY.121.1 OR AY.122 OR AY.122.1 OR AY.122.2 OR AY.122.3 OR AY.122.4 OR AY.122.5 OR AY.122.6 OR AY.123 OR AY.123.1 OR AY.124 OR AY.124.1 OR AY.124.1.1 OR AY.125 OR AY.125.1 OR AY.126 OR AY.127 OR AY.127.1 OR AY.127.2 OR AY.127.3 OR AY.128 OR AY.129 OR AY.130 OR AY.131 OR AY.132 OR AY.133 OR AY.134 OR B.1.617.2,Delta,7.21428571428571,0,0
2022-06-09,6,0,8,0,0,5.94903028944023e-05,0.262217248717186,AY.1 OR AY.2 OR AY.3 OR AY.3.1 OR AY.3.2 OR AY.3.3 OR AY.3.4 OR AY.4 OR AY.4.1 OR AY.4.2 OR AY.4.2.1 OR AY.4.2.2 OR AY.4.2.3 OR AY.4.2.4 OR AY.4.2.5 OR AY.4.3 OR AY.4.4 OR AY.4.5 OR AY.4.6 OR AY.4.7 OR AY.4.8 OR AY.4.9 OR AY.4.10 OR AY.4.11 OR AY.4.12 OR AY.4.13 OR AY.4.14 OR AY.4.15 OR AY.4.16 OR AY.4.17 OR AY.5 OR AY.5.1 OR AY.5.2 OR AY.5.3 OR AY.5.4 OR AY.5.5 OR AY.5.6 OR AY.5.7 OR AY.6 OR AY.7 OR AY.7.1 OR AY.7.2 OR AY.8 OR AY.9 OR AY.9.1 OR AY.9.2 OR AY.9.2.1 OR AY.9.2.2 OR AY.10 OR AY.11 OR AY.12 OR AY.13 OR AY.14 OR AY.15 OR AY.16 OR AY.16.1 OR AY.17 OR AY.18 OR AY.19 OR AY.20 OR AY.20.1 OR AY.21 OR AY.22 OR AY.23 OR AY.23.1 OR AY.23.2 OR AY.24 OR AY.24.1 OR AY.25 OR AY.25.1 OR AY.25.1.1 OR AY.25.1.2 OR AY.25.2 OR AY.25.3 OR AY.26 OR AY.26.1 OR AY.27 OR AY.28 OR AY.29 OR AY.29.1 OR AY.29.2 OR AY.30 OR AY.31 OR AY.32 OR AY.33 OR AY.33.1 OR AY.33.2 OR AY.34 OR AY.34.1 OR AY.34.1.1 OR AY.34.2 OR AY.35 OR AY.36 OR AY.36.1 OR AY.37 OR AY.38 OR AY.39 OR AY.39.1 OR AY.39.1.1 OR AY.39.1.2 OR AY.39.1.3 OR AY.39.1.4 OR AY.39.2 OR AY.39.3 OR AY.39.4 OR AY.40 OR AY.41 OR AY.42 OR AY.42.1 OR AY.43 OR AY.43.1 OR AY.43.2 OR AY.43.3 OR AY.43.4 OR AY.43.5 OR AY.43.6 OR AY.43.7 OR AY.43.8 OR AY.43.9 OR AY.44 OR AY.45 OR AY.46 OR AY.46.1 OR AY.46.2 OR AY.46.3 OR AY.46.4 OR AY.46.5 OR AY.46.6 OR AY.46.6.1 OR AY.47 OR AY.48 OR AY.49 OR AY.50 OR AY.51 OR AY.52 OR AY.53 OR AY.54 OR AY.55 OR AY.56 OR AY.57 OR AY.58 OR AY.59 OR AY.60 OR AY.61 OR AY.62 OR AY.63 OR AY.64 OR AY.65 OR AY.66 OR AY.67 OR AY.68 OR AY.69 OR AY.70 OR AY.71 OR AY.72 OR AY.73 OR AY.74 OR AY.75 OR AY.75.1 OR AY.75.2 OR AY.75.3 OR AY.76 OR AY.77 OR AY.78 OR AY.79 OR AY.80 OR AY.81 OR AY.82 OR AY.83 OR AY.84 OR AY.85 OR AY.86 OR AY.87 OR AY.88 OR AY.89 OR AY.90 OR AY.91 OR AY.91.1 OR AY.92 OR AY.93 OR AY.94 OR AY.95 OR AY.96 OR AY.97 OR AY.98 OR AY.98.1 OR AY.98.1.1 OR AY.99 OR AY.99.1 OR AY.99.2 OR AY.100 OR AY.101 OR AY.102 OR AY.102.1 OR AY.102.2 OR AY.103 OR AY.103.1 OR AY.103.2 OR AY.104 OR AY.105 OR AY.106 OR AY.107 OR AY.108 OR AY.109 OR AY.110 OR AY.111 OR AY.112 OR AY.112.1 OR AY.112.2 OR AY.112.3 OR AY.113 OR AY.114 OR AY.115 OR AY.116 OR AY.116.1 OR AY.117 OR AY.118 OR AY.119 OR AY.119.1 OR AY.119.2 OR AY.120 OR AY.120.1 OR AY.120.2 OR AY.120.2.1 OR AY.121 OR AY.121.1 OR AY.122 OR AY.122.1 OR AY.122.2 OR AY.122.3 OR AY.122.4 OR AY.122.5 OR AY.122.6 OR AY.123 OR AY.123.1 OR AY.124 OR AY.124.1 OR AY.124.1.1 OR AY.125 OR AY.125.1 OR AY.126 OR AY.127 OR AY.127.1 OR AY.127.2 OR AY.127.3 OR AY.128 OR AY.129 OR AY.130 OR AY.131 OR AY.132 OR AY.133 OR AY.134 OR B.1.617.2,Delta,7.5,0,0
2022-06-10,12,0,8.85714285714286,0,0,5.3064053418493e-05,0.237610098632903,AY.1 OR AY.2 OR AY.3 OR AY.3.1 OR AY.3.2 OR AY.3.3 OR AY.3.4 OR AY.4 OR AY.4.1 OR AY.4.2 OR AY.4.2.1 OR AY.4.2.2 OR AY.4.2.3 OR AY.4.2.4 OR AY.4.2.5 OR AY.4.3 OR AY.4.4 OR AY.4.5 OR AY.4.6 OR AY.4.7 OR AY.4.8 OR AY.4.9 OR AY.4.10 OR AY.4.11 OR AY.4.12 OR AY.4.13 OR AY.4.14 OR AY.4.15 OR AY.4.16 OR AY.4.17 OR AY.5 OR AY.5.1 OR AY.5.2 OR AY.5.3 OR AY.5.4 OR AY.5.5 OR AY.5.6 OR AY.5.7 OR AY.6 OR AY.7 OR AY.7.1 OR AY.7.2 OR AY.8 OR AY.9 OR AY.9.1 OR AY.9.2 OR AY.9.2.1 OR AY.9.2.2 OR AY.10 OR AY.11 OR AY.12 OR AY.13 OR AY.14 OR AY.15 OR AY.16 OR AY.16.1 OR AY.17 OR AY.18 OR AY.19 OR AY.20 OR AY.20.1 OR AY.21 OR AY.22 OR AY.23 OR AY.23.1 OR AY.23.2 OR AY.24 OR AY.24.1 OR AY.25 OR AY.25.1 OR AY.25.1.1 OR AY.25.1.2 OR AY.25.2 OR AY.25.3 OR AY.26 OR AY.26.1 OR AY.27 OR AY.28 OR AY.29 OR AY.29.1 OR AY.29.2 OR AY.30 OR AY.31 OR AY.32 OR AY.33 OR AY.33.1 OR AY.33.2 OR AY.34 OR AY.34.1 OR AY.34.1.1 OR AY.34.2 OR AY.35 OR AY.36 OR AY.36.1 OR AY.37 OR AY.38 OR AY.39 OR AY.39.1 OR AY.39.1.1 OR AY.39.1.2 OR AY.39.1.3 OR AY.39.1.4 OR AY.39.2 OR AY.39.3 OR AY.39.4 OR AY.40 OR AY.41 OR AY.42 OR AY.42.1 OR AY.43 OR AY.43.1 OR AY.43.2 OR AY.43.3 OR AY.43.4 OR AY.43.5 OR AY.43.6 OR AY.43.7 OR AY.43.8 OR AY.43.9 OR AY.44 OR AY.45 OR AY.46 OR AY.46.1 OR AY.46.2 OR AY.46.3 OR AY.46.4 OR AY.46.5 OR AY.46.6 OR AY.46.6.1 OR AY.47 OR AY.48 OR AY.49 OR AY.50 OR AY.51 OR AY.52 OR AY.53 OR AY.54 OR AY.55 OR AY.56 OR AY.57 OR AY.58 OR AY.59 OR AY.60 OR AY.61 OR AY.62 OR AY.63 OR AY.64 OR AY.65 OR AY.66 OR AY.67 OR AY.68 OR AY.69 OR AY.70 OR AY.71 OR AY.72 OR AY.73 OR AY.74 OR AY.75 OR AY.75.1 OR AY.75.2 OR AY.75.3 OR AY.76 OR AY.77 OR AY.78 OR AY.79 OR AY.80 OR AY.81 OR AY.82 OR AY.83 OR AY.84 OR AY.85 OR AY.86 OR AY.87 OR AY.88 OR AY.89 OR AY.90 OR AY.91 OR AY.91.1 OR AY.92 OR AY.93 OR AY.94 OR AY.95 OR AY.96 OR AY.97 OR AY.98 OR AY.98.1 OR AY.98.1.1 OR AY.99 OR AY.99.1 OR AY.99.2 OR AY.100 OR AY.101 OR AY.102 OR AY.102.1 OR AY.102.2 OR AY.103 OR AY.103.1 OR AY.103.2 OR AY.104 OR AY.105 OR AY.106 OR AY.107 OR AY.108 OR AY.109 OR AY.110 OR AY.111 OR AY.112 OR AY.112.1 OR AY.112.2 OR AY.112.3 OR AY.113 OR AY.114 OR AY.115 OR AY.116 OR AY.116.1 OR AY.117 OR AY.118 OR AY.119 OR AY.119.1 OR AY.119.2 OR AY.120 OR AY.120.1 OR AY.120.2 OR AY.120.2.1 OR AY.121 OR AY.121.1 OR AY.122 OR AY.122.1 OR AY.122.2 OR AY.122.3 OR AY.122.4 OR AY.122.5 OR AY.122.6 OR AY.123 OR AY.123.1 OR AY.124 OR AY.124.1 OR AY.124.1.1 OR AY.125 OR AY.125.1 OR AY.126 OR AY.127 OR AY.127.1 OR AY.127.2 OR AY.127.3 OR AY.128 OR AY.129 OR AY.130 OR AY.131 OR AY.132 OR AY.133 OR AY.134 OR B.1.617.2,Delta,7.28571428571429,0,0
2022-06-14,1,0,5.75,0,0,7.84998483662081e-05,0.33038890915155,AY.1 OR AY.2 OR AY.3 OR AY.3.1 OR AY.3.2 OR AY.3.3 OR AY.3.4 OR AY.4 OR AY.4.1 OR AY.4.2 OR AY.4.2.1 OR AY.4.2.2 OR AY.4.2.3 OR AY.4.2.4 OR AY.4.2.5 OR AY.4.3 OR AY.4.4 OR AY.4.5 OR AY.4.6 OR AY.4.7 OR AY.4.8 OR AY.4.9 OR AY.4.10 OR AY.4.11 OR AY.4.12 OR AY.4.13 OR AY.4.14 OR AY.4.15 OR AY.4.16 OR AY.4.17 OR AY.5 OR AY.5.1 OR AY.5.2 OR AY.5.3 OR AY.5.4 OR AY.5.5 OR AY.5.6 OR AY.5.7 OR AY.6 OR AY.7 OR AY.7.1 OR AY.7.2 OR AY.8 OR AY.9 OR AY.9.1 OR AY.9.2 OR AY.9.2.1 OR AY.9.2.2 OR AY.10 OR AY.11 OR AY.12 OR AY.13 OR AY.14 OR AY.15 OR AY.16 OR AY.16.1 OR AY.17 OR AY.18 OR AY.19 OR AY.20 OR AY.20.1 OR AY.21 OR AY.22 OR AY.23 OR AY.23.1 OR AY.23.2 OR AY.24 OR AY.24.1 OR AY.25 OR AY.25.1 OR AY.25.1.1 OR AY.25.1.2 OR AY.25.2 OR AY.25.3 OR AY.26 OR AY.26.1 OR AY.27 OR AY.28 OR AY.29 OR AY.29.1 OR AY.29.2 OR AY.30 OR AY.31 OR AY.32 OR AY.33 OR AY.33.1 OR AY.33.2 OR AY.34 OR AY.34.1 OR AY.34.1.1 OR AY.34.2 OR AY.35 OR AY.36 OR AY.36.1 OR AY.37 OR AY.38 OR AY.39 OR AY.39.1 OR AY.39.1.1 OR AY.39.1.2 OR AY.39.1.3 OR AY.39.1.4 OR AY.39.2 OR AY.39.3 OR AY.39.4 OR AY.40 OR AY.41 OR AY.42 OR AY.42.1 OR AY.43 OR AY.43.1 OR AY.43.2 OR AY.43.3 OR AY.43.4 OR AY.43.5 OR AY.43.6 OR AY.43.7 OR AY.43.8 OR AY.43.9 OR AY.44 OR AY.45 OR AY.46 OR AY.46.1 OR AY.46.2 OR AY.46.3 OR AY.46.4 OR AY.46.5 OR AY.46.6 OR AY.46.6.1 OR AY.47 OR AY.48 OR AY.49 OR AY.50 OR AY.51 OR AY.52 OR AY.53 OR AY.54 OR AY.55 OR AY.56 OR AY.57 OR AY.58 OR AY.59 OR AY.60 OR AY.61 OR AY.62 OR AY.63 OR AY.64 OR AY.65 OR AY.66 OR AY.67 OR AY.68 OR AY.69 OR AY.70 OR AY.71 OR AY.72 OR AY.73 OR AY.74 OR AY.75 OR AY.75.1 OR AY.75.2 OR AY.75.3 OR AY.76 OR AY.77 OR AY.78 OR AY.79 OR AY.80 OR AY.81 OR AY.82 OR AY.83 OR AY.84 OR AY.85 OR AY.86 OR AY.87 OR AY.88 OR AY.89 OR AY.90 OR AY.91 OR AY.91.1 OR AY.92 OR AY.93 OR AY.94 OR AY.95 OR AY.96 OR AY.97 OR AY.98 OR AY.98.1 OR AY.98.1.1 OR AY.99 OR AY.99.1 OR AY.99.2 OR AY.100 OR AY.101 OR AY.102 OR AY.102.1 OR AY.102.2 OR AY.103 OR AY.103.1 OR AY.103.2 OR AY.104 OR AY.105 OR AY.106 OR AY.107 OR AY.108 OR AY.109 OR AY.110 OR AY.111 OR AY.112 OR AY.112.1 OR AY.112.2 OR AY.112.3 OR AY.113 OR AY.114 OR AY.115 OR AY.116 OR AY.116.1 OR AY.117 OR AY.118 OR AY.119 OR AY.119.1 OR AY.119.2 OR AY.120 OR AY.120.1 OR AY.120.2 OR AY.120.2.1 OR AY.121 OR AY.121.1 OR AY.122 OR AY.122.1 OR AY.122.2 OR AY.122.3 OR AY.122.4 OR AY.122.5 OR AY.122.6 OR AY.123 OR AY.123.1 OR AY.124 OR AY.124.1 OR AY.124.1.1 OR AY.125 OR AY.125.1 OR AY.126 OR AY.127 OR AY.127.1 OR AY.127.2 OR AY.127.3 OR AY.128 OR AY.129 OR AY.130 OR AY.131 OR AY.132 OR AY.133 OR AY.134 OR B.1.617.2,Delta,7.14285714285714,0,0
2022-06-17,4,0,2.5,0,0,0.000216908470030966,0.666821754401209,AY.1 OR AY.2 OR AY.3 OR AY.3.1 OR AY.3.2 OR AY.3.3 OR AY.3.4 OR AY.4 OR AY.4.1 OR AY.4.2 OR AY.4.2.1 OR AY.4.2.2 OR AY.4.2.3 OR AY.4.2.4 OR AY.4.2.5 OR AY.4.3 OR AY.4.4 OR AY.4.5 OR AY.4.6 OR AY.4.7 OR AY.4.8 OR AY.4.9 OR AY.4.10 OR AY.4.11 OR AY.4.12 OR AY.4.13 OR AY.4.14 OR AY.4.15 OR AY.4.16 OR AY.4.17 OR AY.5 OR AY.5.1 OR AY.5.2 OR AY.5.3 OR AY.5.4 OR AY.5.5 OR AY.5.6 OR AY.5.7 OR AY.6 OR AY.7 OR AY.7.1 OR AY.7.2 OR AY.8 OR AY.9 OR AY.9.1 OR AY.9.2 OR AY.9.2.1 OR AY.9.2.2 OR AY.10 OR AY.11 OR AY.12 OR AY.13 OR AY.14 OR AY.15 OR AY.16 OR AY.16.1 OR AY.17 OR AY.18 OR AY.19 OR AY.20 OR AY.20.1 OR AY.21 OR AY.22 OR AY.23 OR AY.23.1 OR AY.23.2 OR AY.24 OR AY.24.1 OR AY.25 OR AY.25.1 OR AY.25.1.1 OR AY.25.1.2 OR AY.25.2 OR AY.25.3 OR AY.26 OR AY.26.1 OR AY.27 OR AY.28 OR AY.29 OR AY.29.1 OR AY.29.2 OR AY.30 OR AY.31 OR AY.32 OR AY.33 OR AY.33.1 OR AY.33.2 OR AY.34 OR AY.34.1 OR AY.34.1.1 OR AY.34.2 OR AY.35 OR AY.36 OR AY.36.1 OR AY.37 OR AY.38 OR AY.39 OR AY.39.1 OR AY.39.1.1 OR AY.39.1.2 OR AY.39.1.3 OR AY.39.1.4 OR AY.39.2 OR AY.39.3 OR AY.39.4 OR AY.40 OR AY.41 OR AY.42 OR AY.42.1 OR AY.43 OR AY.43.1 OR AY.43.2 OR AY.43.3 OR AY.43.4 OR AY.43.5 OR AY.43.6 OR AY.43.7 OR AY.43.8 OR AY.43.9 OR AY.44 OR AY.45 OR AY.46 OR AY.46.1 OR AY.46.2 OR AY.46.3 OR AY.46.4 OR AY.46.5 OR AY.46.6 OR AY.46.6.1 OR AY.47 OR AY.48 OR AY.49 OR AY.50 OR AY.51 OR AY.52 OR AY.53 OR AY.54 OR AY.55 OR AY.56 OR AY.57 OR AY.58 OR AY.59 OR AY.60 OR AY.61 OR AY.62 OR AY.63 OR AY.64 OR AY.65 OR AY.66 OR AY.67 OR AY.68 OR AY.69 OR AY.70 OR AY.71 OR AY.72 OR AY.73 OR AY.74 OR AY.75 OR AY.75.1 OR AY.75.2 OR AY.75.3 OR AY.76 OR AY.77 OR AY.78 OR AY.79 OR AY.80 OR AY.81 OR AY.82 OR AY.83 OR AY.84 OR AY.85 OR AY.86 OR AY.87 OR AY.88 OR AY.89 OR AY.90 OR AY.91 OR AY.91.1 OR AY.92 OR AY.93 OR AY.94 OR AY.95 OR AY.96 OR AY.97 OR AY.98 OR AY.98.1 OR AY.98.1.1 OR AY.99 OR AY.99.1 OR AY.99.2 OR AY.100 OR AY.101 OR AY.102 OR AY.102.1 OR AY.102.2 OR AY.103 OR AY.103.1 OR AY.103.2 OR AY.104 OR AY.105 OR AY.106 OR AY.107 OR AY.108 OR AY.109 OR AY.110 OR AY.111 OR AY.112 OR AY.112.1 OR AY.112.2 OR AY.112.3 OR AY.113 OR AY.114 OR AY.115 OR AY.116 OR AY.116.1 OR AY.117 OR AY.118 OR AY.119 OR AY.119.1 OR AY.119.2 OR AY.120 OR AY.120.1 OR AY.120.2 OR AY.120.2.1 OR AY.121 OR AY.121.1 OR AY.122 OR AY.122.1 OR AY.122.2 OR AY.122.3 OR AY.122.4 OR AY.122.5 OR AY.122.6 OR AY.123 OR AY.123.1 OR AY.124 OR AY.124.1 OR AY.124.1.1 OR AY.125 OR AY.125.1 OR AY.126 OR AY.127 OR AY.127.1 OR AY.127.2 OR AY.127.3 OR AY.128 OR AY.129 OR AY.130 OR AY.131 OR AY.132 OR AY.133 OR AY.134 OR B.1.617.2,Delta,7.21428571428571,0,0
2022-06-21,2,0,3,0,0,0.000150636025436569,0.535583243042951,AY.1 OR AY.2 OR AY.3 OR AY.3.1 OR AY.3.2 OR AY.3.3 OR AY.3.4 OR AY.4 OR AY.4.1 OR AY.4.2 OR AY.4.2.1 OR AY.4.2.2 OR AY.4.2.3 OR AY.4.2.4 OR AY.4.2.5 OR AY.4.3 OR AY.4.4 OR AY.4.5 OR AY.4.6 OR AY.4.7 OR AY.4.8 OR AY.4.9 OR AY.4.10 OR AY.4.11 OR AY.4.12 OR AY.4.13 OR AY.4.14 OR AY.4.15 OR AY.4.16 OR AY.4.17 OR AY.5 OR AY.5.1 OR AY.5.2 OR AY.5.3 OR AY.5.4 OR AY.5.5 OR AY.5.6 OR AY.5.7 OR AY.6 OR AY.7 OR AY.7.1 OR AY.7.2 OR AY.8 OR AY.9 OR AY.9.1 OR AY.9.2 OR AY.9.2.1 OR AY.9.2.2 OR AY.10 OR AY.11 OR AY.12 OR AY.13 OR AY.14 OR AY.15 OR AY.16 OR AY.16.1 OR AY.17 OR AY.18 OR AY.19 OR AY.20 OR AY.20.1 OR AY.21 OR AY.22 OR AY.23 OR AY.23.1 OR AY.23.2 OR AY.24 OR AY.24.1 OR AY.25 OR AY.25.1 OR AY.25.1.1 OR AY.25.1.2 OR AY.25.2 OR AY.25.3 OR AY.26 OR AY.26.1 OR AY.27 OR AY.28 OR AY.29 OR AY.29.1 OR AY.29.2 OR AY.30 OR AY.31 OR AY.32 OR AY.33 OR AY.33.1 OR AY.33.2 OR AY.34 OR AY.34.1 OR AY.34.1.1 OR AY.34.2 OR AY.35 OR AY.36 OR AY.36.1 OR AY.37 OR AY.38 OR AY.39 OR AY.39.1 OR AY.39.1.1 OR AY.39.1.2 OR AY.39.1.3 OR AY.39.1.4 OR AY.39.2 OR AY.39.3 OR AY.39.4 OR AY.40 OR AY.41 OR AY.42 OR AY.42.1 OR AY.43 OR AY.43.1 OR AY.43.2 OR AY.43.3 OR AY.43.4 OR AY.43.5 OR AY.43.6 OR AY.43.7 OR AY.43.8 OR AY.43.9 OR AY.44 OR AY.45 OR AY.46 OR AY.46.1 OR AY.46.2 OR AY.46.3 OR AY.46.4 OR AY.46.5 OR AY.46.6 OR AY.46.6.1 OR AY.47 OR AY.48 OR AY.49 OR AY.50 OR AY.51 OR AY.52 OR AY.53 OR AY.54 OR AY.55 OR AY.56 OR AY.57 OR AY.58 OR AY.59 OR AY.60 OR AY.61 OR AY.62 OR AY.63 OR AY.64 OR AY.65 OR AY.66 OR AY.67 OR AY.68 OR AY.69 OR AY.70 OR AY.71 OR AY.72 OR AY.73 OR AY.74 OR AY.75 OR AY.75.1 OR AY.75.2 OR AY.75.3 OR AY.76 OR AY.77 OR AY.78 OR AY.79 OR AY.80 OR AY.81 OR AY.82 OR AY.83 OR AY.84 OR AY.85 OR AY.86 OR AY.87 OR AY.88 OR AY.89 OR AY.90 OR AY.91 OR AY.91.1 OR AY.92 OR AY.93 OR AY.94 OR AY.95 OR AY.96 OR AY.97 OR AY.98 OR AY.98.1 OR AY.98.1.1 OR AY.99 OR AY.99.1 OR AY.99.2 OR AY.100 OR AY.101 OR AY.102 OR AY.102.1 OR AY.102.2 OR AY.103 OR AY.103.1 OR AY.103.2 OR AY.104 OR AY.105 OR AY.106 OR AY.107 OR AY.108 OR AY.109 OR AY.110 OR AY.111 OR AY.112 OR AY.112.1 OR AY.112.2 OR AY.112.3 OR AY.113 OR AY.114 OR AY.115 OR AY.116 OR AY.116.1 OR AY.117 OR AY.118 OR AY.119 OR AY.119.1 OR AY.119.2 OR AY.120 OR AY.120.1 OR AY.120.2 OR AY.120.2.1 OR AY.121 OR AY.121.1 OR AY.122 OR AY.122.1 OR AY.122.2 OR AY.122.3 OR AY.122.4 OR AY.122.5 OR AY.122.6 OR AY.123 OR AY.123.1 OR AY.124 OR AY.124.1 OR AY.124.1.1 OR AY.125 OR AY.125.1 OR AY.126 OR AY.127 OR AY.127.1 OR AY.127.2 OR AY.127.3 OR AY.128 OR AY.129 OR AY.130 OR AY.131 OR AY.132 OR AY.133 OR AY.134 OR B.1.617.2,Delta,7,0,0
2022-06-22,26,1,10.6666666666667,0.333333333333333,0.03125,4.36357981421897e-05,0.199994569026208,AY.1 OR AY.2 OR AY.3 OR AY.3.1 OR AY.3.2 OR AY.3.3 OR AY.3.4 OR AY.4 OR AY.4.1 OR AY.4.2 OR AY.4.2.1 OR AY.4.2.2 OR AY.4.2.3 OR AY.4.2.4 OR AY.4.2.5 OR AY.4.3 OR AY.4.4 OR AY.4.5 OR AY.4.6 OR AY.4.7 OR AY.4.8 OR AY.4.9 OR AY.4.10 OR AY.4.11 OR AY.4.12 OR AY.4.13 OR AY.4.14 OR AY.4.15 OR AY.4.16 OR AY.4.17 OR AY.5 OR AY.5.1 OR AY.5.2 OR AY.5.3 OR AY.5.4 OR AY.5.5 OR AY.5.6 OR AY.5.7 OR AY.6 OR AY.7 OR AY.7.1 OR AY.7.2 OR AY.8 OR AY.9 OR AY.9.1 OR AY.9.2 OR AY.9.2.1 OR AY.9.2.2 OR AY.10 OR AY.11 OR AY.12 OR AY.13 OR AY.14 OR AY.15 OR AY.16 OR AY.16.1 OR AY.17 OR AY.18 OR AY.19 OR AY.20 OR AY.20.1 OR AY.21 OR AY.22 OR AY.23 OR AY.23.1 OR AY.23.2 OR AY.24 OR AY.24.1 OR AY.25 OR AY.25.1 OR AY.25.1.1 OR AY.25.1.2 OR AY.25.2 OR AY.25.3 OR AY.26 OR AY.26.1 OR AY.27 OR AY.28 OR AY.29 OR AY.29.1 OR AY.29.2 OR AY.30 OR AY.31 OR AY.32 OR AY.33 OR AY.33.1 OR AY.33.2 OR AY.34 OR AY.34.1 OR AY.34.1.1 OR AY.34.2 OR AY.35 OR AY.36 OR AY.36.1 OR AY.37 OR AY.38 OR AY.39 OR AY.39.1 OR AY.39.1.1 OR AY.39.1.2 OR AY.39.1.3 OR AY.39.1.4 OR AY.39.2 OR AY.39.3 OR AY.39.4 OR AY.40 OR AY.41 OR AY.42 OR AY.42.1 OR AY.43 OR AY.43.1 OR AY.43.2 OR AY.43.3 OR AY.43.4 OR AY.43.5 OR AY.43.6 OR AY.43.7 OR AY.43.8 OR AY.43.9 OR AY.44 OR AY.45 OR AY.46 OR AY.46.1 OR AY.46.2 OR AY.46.3 OR AY.46.4 OR AY.46.5 OR AY.46.6 OR AY.46.6.1 OR AY.47 OR AY.48 OR AY.49 OR AY.50 OR AY.51 OR AY.52 OR AY.53 OR AY.54 OR AY.55 OR AY.56 OR AY.57 OR AY.58 OR AY.59 OR AY.60 OR AY.61 OR AY.62 OR AY.63 OR AY.64 OR AY.65 OR AY.66 OR AY.67 OR AY.68 OR AY.69 OR AY.70 OR AY.71 OR AY.72 OR AY.73 OR AY.74 OR AY.75 OR AY.75.1 OR AY.75.2 OR AY.75.3 OR AY.76 OR AY.77 OR AY.78 OR AY.79 OR AY.80 OR AY.81 OR AY.82 OR AY.83 OR AY.84 OR AY.85 OR AY.86 OR AY.87 OR AY.88 OR AY.89 OR AY.90 OR AY.91 OR AY.91.1 OR AY.92 OR AY.93 OR AY.94 OR AY.95 OR AY.96 OR AY.97 OR AY.98 OR AY.98.1 OR AY.98.1.1 OR AY.99 OR AY.99.1 OR AY.99.2 OR AY.100 OR AY.101 OR AY.102 OR AY.102.1 OR AY.102.2 OR AY.103 OR AY.103.1 OR AY.103.2 OR AY.104 OR AY.105 OR AY.106 OR AY.107 OR AY.108 OR AY.109 OR AY.110 OR AY.111 OR AY.112 OR AY.112.1 OR AY.112.2 OR AY.112.3 OR AY.113 OR AY.114 OR AY.115 OR AY.116 OR AY.116.1 OR AY.117 OR AY.118 OR AY.119 OR AY.119.1 OR AY.119.2 OR AY.120 OR AY.120.1 OR AY.120.2 OR AY.120.2.1 OR AY.121 OR AY.121.1 OR AY.122 OR AY.122.1 OR AY.122.2 OR AY.122.3 OR AY.122.4 OR AY.122.5 OR AY.122.6 OR AY.123 OR AY.123.1 OR AY.124 OR AY.124.1 OR AY.124.1.1 OR AY.125 OR AY.125.1 OR AY.126 OR AY.127 OR AY.127.1 OR AY.127.2 OR AY.127.3 OR AY.128 OR AY.129 OR AY.130 OR AY.131 OR AY.132 OR AY.133 OR AY.134 OR B.1.617.2,Delta,8.5,0.0714285714285714,0.00840336134453782
2021-04-09,227,3,142,0.428571428571429,0.00301810865191147,3.45190124791903e-06,0.0175035789898406,P.1 OR P.1.1 OR P.1.2 OR P.1.3 OR P.1.4 OR P.1.5 OR P.1.6 OR P.1.7 OR P.1.7.1 OR P.1.8 OR P.1.9 OR P.1.10 OR P.1.10.1 OR P.1.10.2 OR P.1.11 OR P.1.12 OR P.1.12.1 OR P.1.13 OR P.1.14 OR P.1.15 OR P.1.16 OR P.1.17 OR P.1.17.1,Gamma,,,
2021-04-10,115,1,149.428571428571,0.571428571428571,0.00382409177820268,0.000725101062720299,0.0309348331031397,P.1 OR P.1.1 OR P.1.2 OR P.1.3 OR P.1.4 OR P.1.5 OR P.1.6 OR P.1.7 OR P.1.7.1 OR P.1.8 OR P.1.9 OR P.1.10 OR P.1.10.1 OR P.1.10.2 OR P.1.11 OR P.1.12 OR P.1.12.1 OR P.1.13 OR P.1.14 OR P.1.15 OR P.1.16 OR P.1.17 OR P.1.17.1,Gamma,,,
2021-04-11,54,0,156,0.571428571428571,0.00366300366300366,0.000692523388474494,0.0295652494066491,P.1 OR P.1.1 OR P.1.2 OR P.1.3 OR P.1.4 OR P.1.5 OR P.1.6 OR P.1.7 OR P.1.7.1 OR P.1.8 OR P.1.9 OR P.1.10 OR P.1.10.1 OR P.1.10.2 OR P.1.11 OR P.1.12 OR P.1.12.1 OR P.1.13 OR P.1.14 OR P.1.15 OR P.1.16 OR P.1.17 OR P.1.17.1,Gamma,,,
2021-04-12,224,0,182.571428571429,0.571428571428571,0.00312989045383412,0.000590237871506555,0.0252528179881743,P.1 OR P.1.1 OR P.1.2 OR P.1.3 OR P.1.4 OR P.1.5 OR P.1.6 OR P.1.7 OR P.1.7.1 OR P.1.8 OR P.1.9 OR P.1.10 OR P.1.10.1 OR P.1.10.2 OR P.1.11 OR P.1.12 OR P.1.12.1 OR P.1.13 OR P.1.14 OR P.1.15 OR P.1.16 OR P.1.17 OR P.1.17.1,Gamma,,,
2021-04-13,251,2,190.714285714286,0.857142857142857,0.00449438202247191,0.000565490390376537,0.0242066388697457,P.1 OR P.1.1 OR P.1.2 OR P.1.3 OR P.1.4 OR P.1.5 OR P.1.6 OR P.1.7 OR P.1.7.1 OR P.1.8 OR P.1.9 OR P.1.10 OR P.1.10.1 OR P.1.10.2 OR P.1.11 OR P.1.12 OR P.1.12.1 OR P.1.13 OR P.1.14 OR P.1.15 OR P.1.16 OR P.1.17 OR P.1.17.1,Gamma,,,
2021-04-14,258,0,191.142857142857,0.857142857142857,0.00448430493273543,0.000565490390376537,0.0242066388697457,P.1 OR P.1.1 OR P.1.2 OR P.1.3 OR P.1.4 OR P.1.5 OR P.1.6 OR P.1.7 OR P.1.7.1 OR P.1.8 OR P.1.9 OR P.1.10 OR P.1.10.1 OR P.1.10.2 OR P.1.11 OR P.1.12 OR P.1.12.1 OR P.1.13 OR P.1.14 OR P.1.15 OR P.1.16 OR P.1.17 OR P.1.17.1,Gamma,,,
2021-04-15,333,0,208.857142857143,0.857142857142857,0.00410396716826265,0.000516742015712697,0.0221426345472322,P.1 OR P.1.1 OR P.1.2 OR P.1.3 OR P.1.4 OR P.1.5 OR P.1.6 OR P.1.7 OR P.1.7.1 OR P.1.8 OR P.1.9 OR P.1.10 OR P.1.10.1 OR P.1.10.2 OR P.1.11 OR P.1.12 OR P.1.12.1 OR P.1.13 OR P.1.14 OR P.1.15 OR P.1.16 OR P.1.17 OR P.1.17.1,Gamma,,,
2021-04-16,189,0,203.428571428571,0.428571428571429,0.00210674157303371,2.41590944093311e-06,0.0122828015600703,P.1 OR P.1.1 OR P.1.2 OR P.1.3 OR P.1.4 OR P.1.5 OR P.1.6 OR P.1.7 OR P.1.7.1 OR P.1.8 OR P.1.9 OR P.1.10 OR P.1.10.1 OR P.1.10.2 OR P.1.11 OR P.1.12 OR P.1.12.1 OR P.1.13 OR P.1.14 OR P.1.15 OR P.1.16 OR P.1.17 OR P.1.17.1,Gamma,,,
2021-04-17,277,0,226.571428571429,0.285714285714286,0.00126103404791929,2.16076449219375e-06,0.0109927701147918,P.1 OR P.1.1 OR P.1.2 OR P.1.3 OR P.1.4 OR P.1.5 OR P.1.6 OR P.1.7 OR P.1.7.1 OR P.1.8 OR P.1.9 OR P.1.10 OR P.1.10.1 OR P.1.10.2 OR P.1.11 OR P.1.12 OR P.1.12.1 OR P.1.13 OR P.1.14 OR P.1.15 OR P.1.16 OR P.1.17 OR P.1.17.1,Gamma,,,
2021-04-18,189,0,245.857142857143,0.285714285714286,0.00116211504938989,1.99404595281556e-06,0.010148918679213,P.1 OR P.1.1 OR P.1.2 OR P.1.3 OR P.1.4 OR P.1.5 OR P.1.6 OR P.1.7 OR P.1.7.1 OR P.1.8 OR P.1.9 OR P.1.10 OR P.1.10.1 OR P.1.10.2 OR P.1.11 OR P.1.12 OR P.1.12.1 OR P.1.13 OR P.1.14 OR P.1.15 OR P.1.16 OR P.1.17 OR P.1.17.1,Gamma,,,
2021-04-19,214,0,244.428571428571,0.285714285714286,0.00116890707188779,2.01037382890293e-06,0.0102315945721852,P.1 OR P.1.1 OR P.1.2 OR P.1.3 OR P.1.4 OR P.1.5 OR P.1.6 OR P.1.7 OR P.1.7.1 OR P.1.8 OR P.1.9 OR P.1.10 OR P.1.10.1 OR P.1.10.2 OR P.1.11 OR P.1.12 OR P.1.12.1 OR P.1.13 OR P.1.14 OR P.1.15 OR P.1.16 OR P.1.17 OR P.1.17.1,Gamma,,,
2021-04-20,262,1,246,0.142857142857143,0.000580720092915215,1.99404595281556e-06,0.010148918679213,P.1 OR P.1.1 OR P.1.2 OR P.1.3 OR P.1.4 OR P.1.5 OR P.1.6 OR P.1.7 OR P.1.7.1 OR P.1.8 OR P.1.9 OR P.1.10 OR P.1.10.1 OR P.1.10.2 OR P.1.11 OR P.1.12 OR P.1.12.1 OR P.1.13 OR P.1.14 OR P.1.15 OR P.1.16 OR P.1.17 OR P.1.17.1,Gamma,,,
2021-04-21,301,1,252.142857142857,0.285714285714286,0.00113314447592068,1.94661581536111e-06,0.00990871789020417,P.1 OR P.1.1 OR P.1.2 OR P.1.3 OR P.1.4 OR P.1.5 OR P.1.6 OR P.1.7 OR P.1.7.1 OR P.1.8 OR P.1.9 OR P.1.10 OR P.1.10.1 OR P.1.10.2 OR P.1.11 OR P.1.12 OR P.1.12.1 OR P.1.13 OR P.1.14 OR P.1.15 OR P.1.16 OR P.1.17 OR P.1.17.1,Gamma,,,
2021-04-22,232,0,237.714285714286,0.285714285714286,0.00120192307692308,2.06100223360826e-06,0.0104879066322085,P.1 OR P.1.1 OR P.1.2 OR P.1.3 OR P.1.4 OR P.1.5 OR P.1.6 OR P.1.7 OR P.1.7.1 OR P.1.8 OR P.1.9 OR P.1.10 OR P.1.10.1 OR P.1.10.2 OR P.1.11 OR P.1.12 OR P.1.12.1 OR P.1.13 OR P.1.14 OR P.1.15 OR P.1.16 OR P.1.17 OR P.1.17.1,Gamma,223.285714285714,0.571428571428571,0.00255918106206014
2021-04-23,224,1,242.714285714286,0.428571428571429,0.00176574455562095,2.0186384524594e-06,0.0102734397047645,P.1 OR P.1.1 OR P.1.2 OR P.1.3 OR P.1.4 OR P.1.5 OR P.1.6 OR P.1.7 OR P.1.7.1 OR P.1.8 OR P.1.9 OR P.1.10 OR P.1.10.1 OR P.1.10.2 OR P.1.11 OR P.1.12 OR P.1.12.1 OR P.1.13 OR P.1.14 OR P.1.15 OR P.1.16 OR P.1.17 OR P.1.17.1,Gamma,223.071428571429,0.428571428571429,0.00192122958693564
2021-04-24,121,0,220.428571428571,0.428571428571429,0.00194426441996111,2.22943788784192e-06,0.011340153493315,P.1 OR P.1.1 OR P.1.2 OR P.1.3 OR P.1.4 OR P.1.5 OR P.1.6 OR P.1.7 OR P.1.7.1 OR P.1.8 OR P.1.9 OR P.1.10 OR P.1.10.1 OR P.1.10.2 OR P.1.11 OR P.1.12 OR P.1.12.1 OR P.1.13 OR P.1.14 OR P.1.15 OR P.1.16 OR P.1.17 OR P.1.17.1,Gamma,223.5,0.357142857142857,0.00159795461808885
2021-04-25,37,0,198.714285714286,0.428571428571429,0.00215672178289001,2.46440936960528e-06,0.0125278302598964,P.1 OR P.1.1 OR P.1.2 OR P.1.3 OR P.1.4 OR P.1.5 OR P.1.6 OR P.1.7 OR P.1.7.1 OR P.1.8 OR P.1.9 OR P.1.10 OR P.1.10.1 OR P.1.10.2 OR P.1.11 OR P.1.12 OR P.1.12.1 OR P.1.13 OR P.1.14 OR P.1.15 OR P.1.16 OR P.1.17 OR P.1.17.1,Gamma,222.285714285714,0.357142857142857,0.00160668380462725
2021-04-26,189,0,195.142857142857,0.428571428571429,0.00219619326500732,2.51489648396594e-06,0.0127828339108822,P.1 OR P.1.1 OR P.1.2 OR P.1.3 OR P.1.4 OR P.1.5 OR P.1.6 OR P.1.7 OR P.1.7.1 OR P.1.8 OR P.1.9 OR P.1.10 OR P.1.10.1 OR P.1.10.2 OR P.1.11 OR P.1.12 OR P.1.12.1 OR P.1.13 OR P.1.14 OR P.1.15 OR P.1.16 OR P.1.17 OR P.1.17.1,Gamma,219.785714285714,0.357142857142857,0.0016249593760156
2021-04-27,281,0,197.857142857143,0.285714285714286,0.00144404332129964,2.47684015097843e-06,0.012590622585741,P.1 OR P.1.1 OR P.1.2 OR P.1.3 OR P.1.4 OR P.1.5 OR P.1.6 OR P.1.7 OR P.1.7.1 OR P.1.8 OR P.1.9 OR P.1.10 OR P.1.10.1 OR P.1.10.2 OR P.1.11 OR P.1.12 OR P.1.12.1 OR P.1.13 OR P.1.14 OR P.1.15 OR P.1.16 OR P.1.17 OR P.1.17.1,Gamma,221.928571428571,0.214285714285714,0.000965561635017702
2021-04-28,277,0,194.428571428571,0.142857142857143,0.000734753857457752,2.52784314625149e-06,0.0128482151537609,P.1 OR P.1.1 OR P.1.2 OR P.1.3 OR P.1.4 OR P.1.5 OR P.1.6 OR P.1.7 OR P.1.7.1 OR P.1.8 OR P.1.9 OR P.1.10 OR P.1.10.1 OR P.1.10.2 OR P.1.11 OR P.1.12 OR P.1.12.1 OR P.1.13 OR P.1.14 OR P.1.15 OR P.1.16 OR P.1.17 OR P.1.17.1,Gamma,223.285714285714,0.214285714285714,0.000959692898272553
2021-04-29,190,0,188.428571428571,0.142857142857143,0.000758150113722517,2.60841160708543e-06,0.0132549922531687,P.1 OR P.1.1 OR P.1.2 OR P.1.3 OR P.1.4 OR P.1.5 OR P.1.6 OR P.1.7 OR P.1.7.1 OR P.1.8 OR P.1.9 OR P.1.10 OR P.1.10.1 OR P.1.10.2 OR P.1.11 OR P.1.12 OR P.1.12.1 OR P.1.13 OR P.1.14 OR P.1.15 OR P.1.16 OR P.1.17 OR P.1.17.1,Gamma,213.071428571429,0.214285714285714,0.00100569896077774
2021-04-30,162,0,179.571428571429,0,0,2.7241798463776e-06,0.0138391937404528,P.1 OR P.1.1 OR P.1.2 OR P.1.3 OR P.1.4 OR P.1.5 OR P.1.6 OR P.1.7 OR P.1.7.1 OR P.1.8 OR P.1.9 OR P.1.10 OR P.1.10.1 OR P.1.10.2 OR P.1.11 OR P.1.12 OR P.1.12.1 OR P.1.13 OR P.1.14 OR P.1.15 OR P.1.16 OR P.1.17 OR P.1.17.1,Gamma,211.142857142857,0.214285714285714,0.0010148849797023
2021-05-01,124,0,180,0,0,2.7241798463776e-06,0.0138391937404528,P.1 OR P.1.1 OR P.1.2 OR P.1.3 OR P.1.4 OR P.1.5 OR P.1.6 OR P.1.7 OR P.1.7.1 OR P.1.8 OR P.1.9 OR P.1.10 OR P.1.10.1 OR P.1.10.2 OR P.1.11 OR P.1.12 OR P.1.12.1 OR P.1.13 OR P.1.14 OR P.1.15 OR P.1.16 OR P.1.17 OR P.1.17.1,Gamma,200.214285714286,0.214285714285714,0.00107028184088477
2021-05-02,67,0,184.285714285714,0,0,2.66503908884717e-06,0.0135407948705378,P.1 OR P.1.1 OR P.1.2 OR P.1.3 OR P.1.4 OR P.1.5 OR P.1.6 OR P.1.7 OR P.1.7.1 OR P.1.8 OR P.1.9 OR P.1.10 OR P.1.10.1 OR P.1.10.2 OR P.1.11 OR P.1.12 OR P.1.12.1 OR P.1.13 OR P.1.14 OR P.1.15 OR P.1.16 OR P.1.17 OR P.1.17.1,Gamma,191.5,0.214285714285714,0.00111898545318911
2021-05-03,52,0,164.714285714286,0,0,2.97145698600687e-06,0.0150858701194668,P.1 OR P.1.1 OR P.1.2 OR P.1.3 OR P.1.4 OR P.1.5 OR P.1.6 OR P.1.7 OR P.1.7.1 OR P.1.8 OR P.1.9 OR P.1.10 OR P.1.10.1 OR P.1.10.2 OR P.1.11 OR P.1.12 OR P.1.12.1 OR P.1.13 OR P.1.14 OR P.1.15 OR P.1.16 OR P.1.17 OR P.1.17.1,Gamma,179.928571428571,0.214285714285714,0.00119094878920206
2021-05-04,206,0,154,0,0,3.18335903976262e-06,0.016152944178978,P.1 OR P.1.1 OR P.1.2 OR P.1.3 OR P.1.4 OR P.1.5 OR P.1.6 OR P.1.7 OR P.1.7.1 OR P.1.8 OR P.1.9 OR P.1.10 OR P.1.10.1 OR P.1.10.2 OR P.1.11 OR P.1.12 OR P.1.12.1 OR P.1.13 OR P.1.14 OR P.1.15 OR P.1.16 OR P.1.17 OR P.1.17.1,Gamma,175.928571428571,0.142857142857143,0.000812017864393017
2021-05-05,323,0,160.571428571429,0,0,3.04516725958064e-06,0.0154571838417278,P.1 OR P.1.1 OR P.1.2 OR P.1.3 OR P.1.4 OR P.1.5 OR P.1.6 OR P.1.7 OR P.1.7.1 OR P.1.8 OR P.1.9 OR P.1.10 OR P.1.10.1 OR P.1.10.2 OR P.1.11 OR P.1.12 OR P.1.12.1 OR P.1.13 OR P.1.14 OR P.1.15 OR P.1.16 OR P.1.17 OR P.1.17.1,Gamma,177.5,0.0714285714285714,0.000402414486921529
2021-05-06,307,0,177.285714285714,0,0,2.77028710782409e-06,0.0140717685353221,P.1 OR P.1.1 OR P.1.2 OR P.1.3 OR P.1.4 OR P.1.5 OR P.1.6 OR P.1.7 OR P.1.7.1 OR P.1.8 OR P.1.9 OR P.1.10 OR P.1.10.1 OR P.1.10.2 OR P.1.11 OR P.1.12 OR P.1.12.1 OR P.1.13 OR P.1.14 OR P.1.15 OR P.1.16 OR P.1.17 OR P.1.17.1,Gamma,182.857142857143,0.0714285714285714,0.000390625
2021-05-07,289,0,195.428571428571,0,0,2.51489648396594e-06,0.0127828339108822,P.1 OR P.1.1 OR P.1.2 OR P.1.3 OR P.1.4 OR P.1.5 OR P.1.6 OR P.1.7 OR P.1.7.1 OR P.1.8 OR P.1.9 OR P.1.10 OR P.1.10.1 OR P.1.10.2 OR P.1.11 OR P.1.12 OR P.1.12.1 OR P.1.13 OR P.1.14 OR P.1.15 OR P.1.16 OR P.1.17 OR P.1.17.1,Gamma,187.5,0,0
2021-05-08,128,0,196,0,0,2.50208176169889e-06,0.0127181147049318,P.1 OR P.1.1 OR P.1.2 OR P.1.3 OR P.1.4 OR P.1.5 OR P.1.6 OR P.1.7 OR P.1.7.1 OR P.1.8 OR P.1.9 OR P.1.10 OR P.1.10.1 OR P.1.10.2 OR P.1.11 OR P.1.12 OR P.1.12.1 OR P.1.13 OR P.1.14 OR P.1.15 OR P.1.16 OR P.1.17 OR P.1.17.1,Gamma,188,0,0
2021-05-09,48,0,193.285714285714,0,0,2.54092379677567e-06,0.0129142686439563,P.1 OR P.1.1 OR P.1.2 OR P.1.3 OR P.1.4 OR P.1.5 OR P.1.6 OR P.1.7 OR P.1.7.1 OR P.1.8 OR P.1.9 OR P.1.10 OR P.1.10.1 OR P.1.10.2 OR P.1.11 OR P.1.12 OR P.1.12.1 OR P.1.13 OR P.1.14 OR P.1.15 OR P.1.16 OR P.1.17 OR P.1.17.1,Gamma,188.785714285714,0,0
2021-05-10,205,0,215.142857142857,0,0,2.28122493478047e-06,0.0116020367882654,P.1 OR P.1.1 OR P.1.2 OR P.1.3 OR P.1.4 OR P.1.5 OR P.1.6 OR P.1.7 OR P.1.7.1 OR P.1.8 OR P.1.9 OR P.1.10 OR P.1.10.1 OR P.1.10.2 OR P.1.11 OR P.1.12 OR P.1.12.1 OR P.1.13 OR P.1.14 OR P.1.15 OR P.1.16 OR P.1.17 OR P.1.17.1,Gamma,189.928571428571,0,0
2021-05-11,228,0,218.285714285714,0,0,2.24986796772184e-06,0.0114434751970642,P.1 OR P.1.1 OR P.1.2 OR P.1.3 OR P.1.4 OR P.1.5 OR P.1.6 OR P.1.7 OR P.1.7.1 OR P.1.8 OR P.1.9 OR P.1.10 OR P.1.10.1 OR P.1.10.2 OR P.1.11 OR P.1.12 OR P.1.12.1 OR P.1.13 OR P.1.14 OR P.1.15 OR P.1.16 OR P.1.17 OR P.1.17.1,Gamma,186.142857142857,0,0
2021-05-12,251,0,208,0,0,2.35790456537473e-06,0.0119896726083527,P.1 OR P.1.1 OR P.1.2 OR P.1.3 OR P.1.4 OR P.1.5 OR P.1.6 OR P.1.7 OR P.1.7.1 OR P.1.8 OR P.1.9 OR P.1.10 OR P.1.10.1 OR P.1.10.2 OR P.1.11 OR P.1.12 OR P.1.12.1 OR P.1.13 OR P.1.14 OR P.1.15 OR P.1.16 OR P.1.17 OR P.1.17.1,Gamma,184.285714285714,0,0
2021-05-13,234,0,197.571428571429,0,0,2.47684015097843e-06,0.012590622585741,P.1 OR P.1.1 OR P.1.2 OR P.1.3 OR P.1.4 OR P.1.5 OR P.1.6 OR P.1.7 OR P.1.7.1 OR P.1.8 OR P.1.9 OR P.1.10 OR P.1.10.1 OR P.1.10.2 OR P.1.11 OR P.1.12 OR P.1.12.1 OR P.1.13 OR P.1.14 OR P.1.15 OR P.1.16 OR P.1.17 OR P.1.17.1,Gamma,187.428571428571,0,0
2021-05-14,163,0,179.571428571429,0,0,2.7241798463776e-06,0.0138391937404528,P.1 OR P.1.1 OR P.1.2 OR P.1.3 OR P.1.4 OR P.1.5 OR P.1.6 OR P.1.7 OR P.1.7.1 OR P.1.8 OR P.1.9 OR P.1.10 OR P.1.10.1 OR P.1.10.2 OR P.1.11 OR P.1.12 OR P.1.12.1 OR P.1.13 OR P.1.14 OR P.1.15 OR P.1.16 OR P.1.17 OR P.1.17.1,Gamma,187.5,0,0
2021-05-15,111,0,177.142857142857,0,0,2.77028710782409e-06,0.0140717685353221,P.1 OR P.1.1 OR P.1.2 OR P.1.3 OR P.1.4 OR P.1.5 OR P.1.6 OR P.1.7 OR P.1.7.1 OR P.1.8 OR P.1.9 OR P.1.10 OR P.1.10.1 OR P.1.10.2 OR P.1.11 OR P.1.12 OR P.1.12.1 OR P.1.13 OR P.1.14 OR P.1.15 OR P.1.16 OR P.1.17 OR P.1.17.1,Gamma,186.571428571429,0,0
2021-05-16,74,0,180.857142857143,0,0,2.70914993764684e-06,0.0137633678343677,P.1 OR P.1.1 OR P.1.2 OR P.1.3 OR P.1.4 OR P.1.5 OR P.1.6 OR P.1.7 OR P.1.7.1 OR P.1.8 OR P.1.9 OR P.1.10 OR P.1.10.1 OR P.1.10.2 OR P.1.11 OR P.1.12 OR P.1.12.1 OR P.1.13 OR P.1.14 OR P.1.15 OR P.1.16 OR P.1.17 OR P.1.17.1,Gamma,187.071428571429,0,0
2021-05-17,206,0,181,0,0,2.70914993764684e-06,0.0137633678343677,P.1 OR P.1.1 OR P.1.2 OR P.1.3 OR P.1.4 OR P.1.5 OR P.1.6 OR P.1.7 OR P.1.7.1 OR P.1.8 OR P.1.9 OR P.1.10 OR P.1.10.1 OR P.1.10.2 OR P.1.11 OR P.1.12 OR P.1.12.1 OR P.1.13 OR P.1.14 OR P.1.15 OR P.1.16 OR P.1.17 OR P.1.17.1,Gamma,198.071428571429,0,0
2021-05-18,216,1,179.285714285714,0.142857142857143,0.000796812749003984,2.73937745211849e-06,0.0139158597474502,P.1 OR P.1.1 OR P.1.2 OR P.1.3 OR P.1.4 OR P.1.5 OR P.1.6 OR P.1.7 OR P.1.7.1 OR P.1.8 OR P.1.9 OR P.1.10 OR P.1.10.1 OR P.1.10.2 OR P.1.11 OR P.1.12 OR P.1.12.1 OR P.1.13 OR P.1.14 OR P.1.15 OR P.1.16 OR P.1.17 OR P.1.17.1,Gamma,198.785714285714,0.0714285714285714,0.000359324469996407
2021-05-19,198,0,171.714285714286,0.142857142857143,0.000831946755407654,2.85070154625736e-06,0.0144772646869602,P.1 OR P.1.1 OR P.1.2 OR P.1.3 OR P.1.4 OR P.1.5 OR P.1.6 OR P.1.7 OR P.1.7.1 OR P.1.8 OR P.1.9 OR P.1.10 OR P.1.10.1 OR P.1.10.2 OR P.1.11 OR P.1.12 OR P.1.12.1 OR P.1.13 OR P.1.14 OR P.1.15 OR P.1.16 OR P.1.17 OR P.1.17.1,Gamma,189.857142857143,0.0714285714285714,0.000376222723852521
2021-05-20,147,0,159.285714285714,0.142857142857143,0.000896860986547085,3.08341096575766e-06,0.0156497803959334,P.1 OR P.1.1 OR P.1.2 OR P.1.3 OR P.1.4 OR P.1.5 OR P.1.6 OR P.1.7 OR P.1.7.1 OR P.1.8 OR P.1.9 OR P.1.10 OR P.1.10.1 OR P.1.10.2 OR P.1.11 OR P.1.12 OR P.1.12.1 OR P.1.13 OR P.1.14 OR P.1.15 OR P.1.16 OR P.1.17 OR P.1.17.1,Gamma,178.428571428571,0.0714285714285714,0.000400320256204964
2021-05-21,110,0,151.714285714286,0.142857142857143,0.000941619585687382,3.22517638460406e-06,0.0163633868570241,P.1 OR P.1.1 OR P.1.2 OR P.1.3 OR P.1.4 OR P.1.5 OR P.1.6 OR P.1.7 OR P.1.7.1 OR P.1.8 OR P.1.9 OR P.1.10 OR P.1.10.1 OR P.1.10.2 OR P.1.11 OR P.1.12 OR P.1.12.1 OR P.1.13 OR P.1.14 OR P.1.15 OR P.1.16 OR P.1.17 OR P.1.17.1,Gamma,165.642857142857,0.0714285714285714,0.00043122035360069
2021-05-22,68,1,145.571428571429,0.285714285714286,0.00196270853778214,3.35749071194876e-06,0.0170289521886297,P.1 OR P.1.1 OR P.1.2 OR P.1.3 OR P.1.4 OR P.1.5 OR P.1.6 OR P.1.7 OR P.1.7.1 OR P.1.8 OR P.1.9 OR P.1.10 OR P.1.10.1 OR P.1.10.2 OR P.1.11 OR P.1.12 OR P.1.12.1 OR P.1.13 OR P.1.14 OR P.1.15 OR P.1.16 OR P.1.17 OR P.1.17.1,Gamma,161.357142857143,0.142857142857143,0.000885347498893316
2021-05-23,37,0,140.285714285714,0.285714285714286,0.00203665987780041,3.50112597962298e-06,0.0177509538069425,P.1 OR P.1.1 OR P.1.2 OR P.1.3 OR P.1.4 OR P.1.5 OR P.1.6 OR P.1.7 OR P.1.7.1 OR P.1.8 OR P.1.9 OR P.1.10 OR P.1.10.1 OR P.1.10.2 OR P.1.11 OR P.1.12 OR P.1.12.1 OR P.1.13 OR P.1.14 OR P.1.15 OR P.1.16 OR P.1.17 OR P.1.17.1,Gamma,160.571428571429,0.142857142857143,0.000889679715302491
2021-05-24,114,0,127.142857142857,0.285714285714286,0.00224719101123595,3.85880285453139e-06,0.0195465584639524,P.1 OR P.1.1 OR P.1.2 OR P.1.3 OR P.1.4 OR P.1.5 OR P.1.6 OR P.1.7 OR P.1.7.1 OR P.1.8 OR P.1.9 OR P.1.10 OR P.1.10.1 OR P.1.10.2 OR P.1.11 OR P.1.12 OR P.1.12.1 OR P.1.13 OR P.1.14 OR P.1.15 OR P.1.16 OR P.1.17 OR P.1.17.1,Gamma,154.071428571429,0.142857142857143,0.000927213722763097
2021-05-25,148,0,117.428571428571,0.142857142857143,0.00121654501216545,4.18790971299034e-06,0.0211958342494188,P.1 OR P.1.1 OR P.1.2 OR P.1.3 OR P.1.4 OR P.1.5 OR P.1.6 OR P.1.7 OR P.1.7.1 OR P.1.8 OR P.1.9 OR P.1.10 OR P.1.10.1 OR P.1.10.2 OR P.1.11 OR P.1.12 OR P.1.12.1 OR P.1.13 OR P.1.14 OR P.1.15 OR P.1.16 OR P.1.17 OR P.1.17.1,Gamma,148.357142857143,0.142857142857143,0.000962927298988926
2021-05-26,133,0,108.142857142857,0.142857142857143,0.00132100396301189,4.53609362576091e-06,0.0229376894287247,P.1 OR P.1.1 OR P.1.2 OR P.1.3 OR P.1.4 OR P.1.5 OR P.1.6 OR P.1.7 OR P.1.7.1 OR P.1.8 OR P.1.9 OR P.1.10 OR P.1.10.1 OR P.1.10.2 OR P.1.11 OR P.1.12 OR P.1.12.1 OR P.1.13 OR P.1.14 OR P.1.15 OR P.1.16 OR P.1.17 OR P.1.17.1,Gamma,139.928571428571,0.142857142857143,0.00102092904543134
2021-05-27,111,0,103,0.142857142857143,0.0013869625520111,4.75575739583535e-06,0.0240350020134461,P.1 OR P.1.1 OR P.1.2 OR P.1.3 OR P.1.4 OR P.1.5 OR P.1.6 OR P.1.7 OR P.1.7.1 OR P.1.8 OR P.1.9 OR P.1.10 OR P.1.10.1 OR P.1.10.2 OR P.1.11 OR P.1.12 OR P.1.12.1 OR P.1.13 OR P.1.14 OR P.1.15 OR P.1.16 OR P.1.17 OR P.1.17.1,Gamma,131.142857142857,0.142857142857143,0.00108932461873638
2021-05-28,90,3,100.142857142857,0.571428571428571,0.00570613409415121,0.00108110170908007,0.0457788966007231,P.1 OR P.1.1 OR P.1.2 OR P.1.3 OR P.1.4 OR P.1.5 OR P.1.6 OR P.1.7 OR P.1.7.1 OR P.1.8 OR P.1.9 OR P.1.10 OR P.1.10.1 OR P.1.10.2 OR P.1.11 OR P.1.12 OR P.1.12.1 OR P.1.13 OR P.1.14 OR P.1.15 OR P.1.16 OR P.1.17 OR P.1.17.1,Gamma,125.928571428571,0.357142857142857,0.00283607487237663
2021-05-29,47,1,97.1428571428572,0.571428571428571,0.00588235294117647,0.0011146059367285,0.0471644349312375,P.1 OR P.1.1 OR P.1.2 OR P.1.3 OR P.1.4 OR P.1.5 OR P.1.6 OR P.1.7 OR P.1.7.1 OR P.1.8 OR P.1.9 OR P.1.10 OR P.1.10.1 OR P.1.10.2 OR P.1.11 OR P.1.12 OR P.1.12.1 OR P.1.13 OR P.1.14 OR P.1.15 OR P.1.16 OR P.1.17 OR P.1.17.1,Gamma,121.357142857143,0.428571428571429,0.00353148911124191
2021-05-30,17,0,94.2857142857143,0.571428571428571,0.00606060606060606,0.00115025323957281,0.0486364430899222,P.1 OR P.1.1 OR P.1.2 OR P.1.3 OR P.1.4 OR P.1.5 OR P.1.6 OR P.1.7 OR P.1.7.1 OR P.1.8 OR P.1.9 OR P.1.10 OR P.1.10.1 OR P.1.10.2 OR P.1.11 OR P.1.12 OR P.1.12.1 OR P.1.13 OR P.1.14 OR P.1.15 OR P.1.16 OR P.1.17 OR P.1.17.1,Gamma,117.285714285714,0.428571428571429,0.00365408038976857
2021-05-31,74,0,88.5714285714286,0.571428571428571,0.00645161290322581,0.00121501772469095,0.0513051318459329,P.1 OR P.1.1 OR P.1.2 OR P.1.3 OR P.1.4 OR P.1.5 OR P.1.6 OR P.1.7 OR P.1.7.1 OR P.1.8 OR P.1.9 OR P.1.10 OR P.1.10.1 OR P.1.10.2 OR P.1.11 OR P.1.12 OR P.1.12.1 OR P.1.13 OR P.1.14 OR P.1.15 OR P.1.16 OR P.1.17 OR P.1.17.1,Gamma,107.857142857143,0.428571428571429,0.00397350993377483
2021-06-01,89,0,80.1428571428571,0.571428571428571,0.0071301247771836,0.00135204520027484,0.0569274445870092,P.1 OR P.1.1 OR P.1.2 OR P.1.3 OR P.1.4 OR P.1.5 OR P.1.6 OR P.1.7 OR P.1.7.1 OR P.1.8 OR P.1.9 OR P.1.10 OR P.1.10.1 OR P.1.10.2 OR P.1.11 OR P.1.12 OR P.1.12.1 OR P.1.13 OR P.1.14 OR P.1.15 OR P.1.16 OR P.1.17 OR P.1.17.1,Gamma,98.7857142857143,0.357142857142857,0.00361532899493854
2021-06-02,60,2,69.7142857142857,0.857142857142857,0.0122950819672131,0.00154574097410402,0.0648194854660448,P.1 OR P.1.1 OR P.1.2 OR P.1.3 OR P.1.4 OR P.1.5 OR P.1.6 OR P.1.7 OR P.1.7.1 OR P.1.8 OR P.1.9 OR P.1.10 OR P.1.10.1 OR P.1.10.2 OR P.1.11 OR P.1.12 OR P.1.12.1 OR P.1.13 OR P.1.14 OR P.1.15 OR P.1.16 OR P.1.17 OR P.1.17.1,Gamma,88.9285714285714,0.5,0.00562248995983936
2021-06-03,37,0,59.1428571428572,0.857142857142857,0.0144927536231884,0.00183489901696892,0.0764813890335817,P.1 OR P.1.1 OR P.1.2 OR P.1.3 OR P.1.4 OR P.1.5 OR P.1.6 OR P.1.7 OR P.1.7.1 OR P.1.8 OR P.1.9 OR P.1.10 OR P.1.10.1 OR P.1.10.2 OR P.1.11 OR P.1.12 OR P.1.12.1 OR P.1.13 OR P.1.14 OR P.1.15 OR P.1.16 OR P.1.17 OR P.1.17.1,Gamma,81.0714285714286,0.5,0.00616740088105727
2021-06-04,51,0,53.5714285714286,0.428571428571429,0.008,9.05119117203746e-06,0.0452462103788205,P.1 OR P.1.1 OR P.1.2 OR P.1.3 OR P.1.4 OR P.1.5 OR P.1.6 OR P.1.7 OR P.1.7.1 OR P.1.8 OR P.1.9 OR P.1.10 OR P.1.10.1 OR P.1.10.2 OR P.1.11 OR P.1.12 OR P.1.12.1 OR P.1.13 OR P.1.14 OR P.1.15 OR P.1.16 OR P.1.17 OR P.1.17.1,Gamma,76.8571428571429,0.5,0.00650557620817844
2021-06-05,22,0,50,0.285714285714286,0.00571428571428571,9.77166330180406e-06,0.0487584594440714,P.1 OR P.1.1 OR P.1.2 OR P.1.3 OR P.1.4 OR P.1.5 OR P.1.6 OR P.1.7 OR P.1.7.1 OR P.1.8 OR P.1.9 OR P.1.10 OR P.1.10.1 OR P.1.10.2 OR P.1.11 OR P.1.12 OR P.1.12.1 OR P.1.13 OR P.1.14 OR P.1.15 OR P.1.16 OR P.1.17 OR P.1.17.1,Gamma,73.5714285714286,0.428571428571429,0.0058252427184466
2021-06-06,11,0,49.1428571428572,0.285714285714286,0.00581395348837209,9.97006665728702e-06,0.049723385287822,P.1 OR P.1.1 OR P.1.2 OR P.1.3 OR P.1.4 OR P.1.5 OR P.1.6 OR P.1.7 OR P.1.7.1 OR P.1.8 OR P.1.9 OR P.1.10 OR P.1.10.1 OR P.1.10.2 OR P.1.11 OR P.1.12 OR P.1.12.1 OR P.1.13 OR P.1.14 OR P.1.15 OR P.1.16 OR P.1.17 OR P.1.17.1,Gamma,71.7142857142857,0.428571428571429,0.00597609561752988
2021-06-07,44,0,44.8571428571429,0.285714285714286,0.00636942675159236,1.08513679206047e-05,0.0539977096907176,P.1 OR P.1.1 OR P.1.2 OR P.1.3 OR P.1.4 OR P.1.5 OR P.1.6 OR P.1.7 OR P.1.7.1 OR P.1.8 OR P.1.9 OR P.1.10 OR P.1.10.1 OR P.1.10.2 OR P.1.11 OR P.1.12 OR P.1.12.1 OR P.1.13 OR P.1.14 OR P.1.15 OR P.1.16 OR P.1.17 OR P.1.17.1,Gamma,66.7142857142857,0.428571428571429,0.00642398286937902
2021-06-08,64,0,41.2857142857143,0.285714285714286,0.0069204152249135,1.19035785691706e-05,0.0590757099093132,P.1 OR P.1.1 OR P.1.2 OR P.1.3 OR P.1.4 OR P.1.5 OR P.1.6 OR P.1.7 OR P.1.7.1 OR P.1.8 OR P.1.9 OR P.1.10 OR P.1.10.1 OR P.1.10.2 OR P.1.11 OR P.1.12 OR P.1.12.1 OR P.1.13 OR P.1.14 OR P.1.15 OR P.1.16 OR P.1.17 OR P.1.17.1,Gamma,60.7142857142857,0.428571428571429,0.00705882352941176
2021-06-09,57,0,40.8571428571429,0,0,1.19035785691706e-05,0.0590757099093132,P.1 OR P.1.1 OR P.1.2 OR P.1.3 OR P.1.4 OR P.1.5 OR P.1.6 OR P.1.7 OR P.1.7.1 OR P.1.8 OR P.1.9 OR P.1.10 OR P.1.10.1 OR P.1.10.2 OR P.1.11 OR P.1.12 OR P.1.12.1 OR P.1.13 OR P.1.14 OR P.1.15 OR P.1.16 OR P.1.17 OR P.1.17.1,Gamma,55.2857142857143,0.428571428571429,0.00775193798449612
2021-06-10,51,2,42.8571428571429,0.285714285714286,0.00666666666666667,1.13531460342197e-05,0.0564227244016504,P.1 OR P.1.1 OR P.1.2 OR P.1.3 OR P.1.4 OR P.1.5 OR P.1.6 OR P.1.7 OR P.1.7.1 OR P.1.8 OR P.1.9 OR P.1.10 OR P.1.10.1 OR P.1.10.2 OR P.1.11 OR P.1.12 OR P.1.12.1 OR P.1.13 OR P.1.14 OR P.1.15 OR P.1.16 OR P.1.17 OR P.1.17.1,Gamma,51,0.571428571428571,0.0112044817927171
2021-06-11,38,0,41,0.285714285714286,0.00696864111498258,1.19035785691706e-05,0.0590757099093132,P.1 OR P.1.1 OR P.1.2 OR P.1.3 OR P.1.4 OR P.1.5 OR P.1.6 OR P.1.7 OR P.1.7.1 OR P.1.8 OR P.1.9 OR P.1.10 OR P.1.10.1 OR P.1.10.2 OR P.1.11 OR P.1.12 OR P.1.12.1 OR P.1.13 OR P.1.14 OR P.1.15 OR P.1.16 OR P.1.17 OR P.1.17.1,Gamma,47.2857142857143,0.357142857142857,0.00755287009063444
2021-06-12,24,0,41.2857142857143,0.285714285714286,0.0069204152249135,1.19035785691706e-05,0.0590757099093132,P.1 OR P.1.1 OR P.1.2 OR P.1.3 OR P.1.4 OR P.1.5 OR P.1.6 OR P.1.7 OR P.1.7.1 OR P.1.8 OR P.1.9 OR P.1.10 OR P.1.10.1 OR P.1.10.2 OR P.1.11 OR P.1.12 OR P.1.12.1 OR P.1.13 OR P.1.14 OR P.1.15 OR P.1.16 OR P.1.17 OR P.1.17.1,Gamma,45.6428571428572,0.285714285714286,0.00625978090766823
2021-06-13,8,0,40.8571428571429,0.285714285714286,0.00699300699300699,1.19035785691706e-05,0.0590757099093132,P.1 OR P.1.1 OR P.1.2 OR P.1.3 OR P.1.4 OR P.1.5 OR P.1.6 OR P.1.7 OR P.1.7.1 OR P.1.8 OR P.1.9 OR P.1.10 OR P.1.10.1 OR P.1.10.2 OR P.1.11 OR P.1.12 OR P.1.12.1 OR P.1.13 OR P.1.14 OR P.1.15 OR P.1.16 OR P.1.17 OR P.1.17.1,Gamma,45,0.285714285714286,0.00634920634920635
2021-06-14,20,0,37.4285714285714,0.285714285714286,0.00763358778625954,1.3181751978966e-05,0.0652074564454339,P.1 OR P.1.1 OR P.1.2 OR P.1.3 OR P.1.4 OR P.1.5 OR P.1.6 OR P.1.7 OR P.1.7.1 OR P.1.8 OR P.1.9 OR P.1.10 OR P.1.10.1 OR P.1.10.2 OR P.1.11 OR P.1.12 OR P.1.12.1 OR P.1.13 OR P.1.14 OR P.1.15 OR P.1.16 OR P.1.17 OR P.1.17.1,Gamma,41.1428571428572,0.285714285714286,0.00694444444444444
2021-06-15,26,0,32,0.285714285714286,0.00892857142857143,1.52253043245215e-05,0.0749277634292839,P.1 OR P.1.1 OR P.1.2 OR P.1.3 OR P.1.4 OR P.1.5 OR P.1.6 OR P.1.7 OR P.1.7.1 OR P.1.8 OR P.1.9 OR P.1.10 OR P.1.10.1 OR P.1.10.2 OR P.1.11 OR P.1.12 OR P.1.12.1 OR P.1.13 OR P.1.14 OR P.1.15 OR P.1.16 OR P.1.17 OR P.1.17.1,Gamma,36.6428571428571,0.285714285714286,0.00779727095516569
2021-06-16,21,0,26.8571428571429,0.285714285714286,0.0106382978723404,1.80186960799325e-05,0.088050831511056,P.1 OR P.1.1 OR P.1.2 OR P.1.3 OR P.1.4 OR P.1.5 OR P.1.6 OR P.1.7 OR P.1.7.1 OR P.1.8 OR P.1.9 OR P.1.10 OR P.1.10.1 OR P.1.10.2 OR P.1.11 OR P.1.12 OR P.1.12.1 OR P.1.13 OR P.1.14 OR P.1.15 OR P.1.16 OR P.1.17 OR P.1.17.1,Gamma,33.8571428571429,0.142857142857143,0.00421940928270042
2021-06-17,13,0,21.4285714285714,0,0,2.31056426491535e-05,0.111470316193041,P.1 OR P.1.1 OR P.1.2 OR P.1.3 OR P.1.4 OR P.1.5 OR P.1.6 OR P.1.7 OR P.1.7.1 OR P.1.8 OR P.1.9 OR P.1.10 OR P.1.10.1 OR P.1.10.2 OR P.1.11 OR P.1.12 OR P.1.12.1 OR P.1.13 OR P.1.14 OR P.1.15 OR P.1.16 OR P.1.17 OR P.1.17.1,Gamma,32.1428571428572,0.142857142857143,0.00444444444444444
2021-06-18,15,0,18.1428571428571,0,0,2.69031173009093e-05,0.12855821182176,P.1 OR P.1.1 OR P.1.2 OR P.1.3 OR P.1.4 OR P.1.5 OR P.1.6 OR P.1.7 OR P.1.7.1 OR P.1.8 OR P.1.9 OR P.1.10 OR P.1.10.1 OR P.1.10.2 OR P.1.11 OR P.1.12 OR P.1.12.1 OR P.1.13 OR P.1.14 OR P.1.15 OR P.1.16 OR P.1.17 OR P.1.17.1,Gamma,29.5714285714286,0.142857142857143,0.00483091787439614
2021-06-19,8,2,15.8571428571429,0.285714285714286,0.018018018018018,3.02134799780236e-05,0.143184137931445,P.1 OR P.1.1 OR P.1.2 OR P.1.3 OR P.1.4 OR P.1.5 OR P.1.6 OR P.1.7 OR P.1.7.1 OR P.1.8 OR P.1.9 OR P.1.10 OR P.1.10.1 OR P.1.10.2 OR P.1.11 OR P.1.12 OR P.1.12.1 OR P.1.13 OR P.1.14 OR P.1.15 OR P.1.16 OR P.1.17 OR P.1.17.1,Gamma,28.5714285714286,0.285714285714286,0.01
2021-06-20,2,0,15,0.285714285714286,0.019047619047619,3.21941443237269e-05,0.151816662114398,P.1 OR P.1.1 OR P.1.2 OR P.1.3 OR P.1.4 OR P.1.5 OR P.1.6 OR P.1.7 OR P.1.7.1 OR P.1.8 OR P.1.9 OR P.1.10 OR P.1.10.1 OR P.1.10.2 OR P.1.11 OR P.1.12 OR P.1.12.1 OR P.1.13 OR P.1.14 OR P.1.15 OR P.1.16 OR P.1.17 OR P.1.17.1,Gamma,27.9285714285714,0.285714285714286,0.010230179028133
2021-06-21,7,0,13.1428571428571,0.285714285714286,0.0217391304347826,3.70519332987658e-05,0.172619445282057,P.1 OR P.1.1 OR P.1.2 OR P.1.3 OR P.1.4 OR P.1.5 OR P.1.6 OR P.1.7 OR P.1.7.1 OR P.1.8 OR P.1.9 OR P.1.10 OR P.1.10.1 OR P.1.10.2 OR P.1.11 OR P.1.12 OR P.1.12.1 OR P.1.13 OR P.1.14 OR P.1.15 OR P.1.16 OR P.1.17 OR P.1.17.1,Gamma,25.2857142857143,0.285714285714286,0.0112994350282486
2021-06-22,6,0,10.2857142857143,0.285714285714286,0.0277777777777778,4.7890433157582e-05,0.217196267509211,P.1 OR P.1.1 OR P.1.2 OR P.1.3 OR P.1.4 OR P.1.5 OR P.1.6 OR P.1.7 OR P.1.7.1 OR P.1.8 OR P.1.9 OR P.1.10 OR P.1.10.1 OR P.1.10.2 OR P.1.11 OR P.1.12 OR P.1.12.1 OR P.1.13 OR P.1.14 OR P.1.15 OR P.1.16 OR P.1.17 OR P.1.17.1,Gamma,21.1428571428571,0.285714285714286,0.0135135135135135
2021-06-23,7,0,8.28571428571429,0.285714285714286,0.0344827586206897,5.94903028944023e-05,0.262217248717186,P.1 OR P.1.1 OR P.1.2 OR P.1.3 OR P.1.4 OR P.1.5 OR P.1.6 OR P.1.7 OR P.1.7.1 OR P.1.8 OR P.1.9 OR P.1.10 OR P.1.10.1 OR P.1.10.2 OR P.1.11 OR P.1.12 OR P.1.12.1 OR P.1.13 OR P.1.14 OR P.1.15 OR P.1.16 OR P.1.17 OR P.1.17.1,Gamma,17.5714285714286,0.285714285714286,0.016260162601626
2021-06-24,8,0,7.57142857142857,0.285714285714286,0.0377358490566038,5.94903028944023e-05,0.262217248717186,P.1 OR P.1.1 OR P.1.2 OR P.1.3 OR P.1.4 OR P.1.5 OR P.1.6 OR P.1.7 OR P.1.7.1 OR P.1.8 OR P.1.9 OR P.1.10 OR P.1.10.1 OR P.1.10.2 OR P.1.11 OR P.1.12 OR P.1.12.1 OR P.1.13 OR P.1.14 OR P.1.15 OR P.1.16 OR P.1.17 OR P.1.17.1,Gamma,14.5,0.142857142857143,0.00985221674876847
2021-06-25,6,0,6.28571428571429,0.285714285714286,0.0454545454545455,7.84998483662081e-05,0.33038890915155,P.1 OR P.1.1 OR P.1.2 OR P.1.3 OR P.1.4 OR P.1.5 OR P.1.6 OR P.1.7 OR P.1.7.1 OR P.1.8 OR P.1.9 OR P.1.10 OR P.1.10.1 OR P.1.10.2 OR P.1.11 OR P.1.12 OR P.1.12.1 OR P.1.13 OR P.1.14 OR P.1.15 OR P.1.16 OR P.1.17 OR P.1.17.1,Gamma,12.2142857142857,0.142857142857143,0.0116959064327485
2021-06-26,6,0,6,0,0,7.84998483662081e-05,0.33038890915155,P.1 OR P.1.1 OR P.1.2 OR P.1.3 OR P.1.4 OR P.1.5 OR P.1.6 OR P.1.7 OR P.1.7.1 OR P.1.8 OR P.1.9 OR P.1.10 OR P.1.10.1 OR P.1.10.2 OR P.1.11 OR P.1.12 OR P.1.12.1 OR P.1.13 OR P.1.14 OR P.1.15 OR P.1.16 OR P.1.17 OR P.1.17.1,Gamma,10.9285714285714,0.142857142857143,0.0130718954248366
2021-06-27,3,0,6.14285714285714,0,0,7.84998483662081e-05,0.33038890915155,P.1 OR P.1.1 OR P.1.2 OR P.1.3 OR P.1.4 OR P.1.5 OR P.1.6 OR P.1.7 OR P.1.7.1 OR P.1.8 OR P.1.9 OR P.1.10 OR P.1.10.1 OR P.1.10.2 OR P.1.11 OR P.1.12 OR P.1.12.1 OR P.1.13 OR P.1.14 OR P.1.15 OR P.1.16 OR P.1.17 OR P.1.17.1,Gamma,10.5714285714286,0.142857142857143,0.0135135135135135
2021-06-28,9,0,6.42857142857143,0,0,7.84998483662081e-05,0.33038890915155,P.1 OR P.1.1 OR P.1.2 OR P.1.3 OR P.1.4 OR P.1.5 OR P.1.6 OR P.1.7 OR P.1.7.1 OR P.1.8 OR P.1.9 OR P.1.10 OR P.1.10.1 OR P.1.10.2 OR P.1.11 OR P.1.12 OR P.1.12.1 OR P.1.13 OR P.1.14 OR P.1.15 OR P.1.16 OR P.1.17 OR P.1.17.1,Gamma,9.78571428571429,0.142857142857143,0.0145985401459854
2021-06-29,19,0,8.28571428571429,0,0,5.94903028944023e-05,0.262217248717186,P.1 OR P.1.1 OR P.1.2 OR P.1.3 OR P.1.4 OR P.1.5 OR P.1.6 OR P.1.7 OR P.1.7.1 OR P.1.8 OR P.1.9 OR P.1.10 OR P.1.10.1 OR P.1.10.2 OR P.1.11 OR P.1.12 OR P.1.12.1 OR P.1.13 OR P.1.14 OR P.1.15 OR P.1.16 OR P.1.17 OR P.1.17.1,Gamma,9.28571428571429,0.142857142857143,0.0153846153846154
2021-06-30,51,0,14.5714285714286,0,0,3.21941443237269e-05,0.151816662114398,P.1 OR P.1.1 OR P.1.2 OR P.1.3 OR P.1.4 OR P.1.5 OR P.1.6 OR P.1.7 OR P.1.7.1 OR P.1.8 OR P.1.9 OR P.1.10 OR P.1.10.1 OR P.1.10.2 OR P.1.11 OR P.1.12 OR P.1.12.1 OR P.1.13 OR P.1.14 OR P.1.15 OR P.1.16 OR P.1.17 OR P.1.17.1,Gamma,11.4285714285714,0.142857142857143,0.0125
2021-07-01,19,0,16.1428571428571,0,0,3.02134799780236e-05,0.143184137931445,P.1 OR P.1.1 OR P.1.2 OR P.1.3 OR P.1.4 OR P.1.5 OR P.1.6 OR P.1.7 OR P.1.7.1 OR P.1.8 OR P.1.9 OR P.1.10 OR P.1.10.1 OR P.1.10.2 OR P.1.11 OR P.1.12 OR P.1.12.1 OR P.1.13 OR P.1.14 OR P.1.15 OR P.1.16 OR P.1.17 OR P.1.17.1,Gamma,11.8571428571429,0.142857142857143,0.0120481927710843
2021-07-02,10,0,16.7142857142857,0,0,2.84623777231095e-05,0.135478437891688,P.1 OR P.1.1 OR P.1.2 OR P.1.3 OR P.1.4 OR P.1.5 OR P.1.6 OR P.1.7 OR P.1.7.1 OR P.1.8 OR P.1.9 OR P.1.10 OR P.1.10.1 OR P.1.10.2 OR P.1.11 OR P.1.12 OR P.1.12.1 OR P.1.13 OR P.1.14 OR P.1.15 OR P.1.16 OR P.1.17 OR P.1.17.1,Gamma,11.5,0.142857142857143,0.0124223602484472
2021-07-03,9,0,17.1428571428571,0,0,2.84623777231095e-05,0.135478437891688,P.1 OR P.1.1 OR P.1.2 OR P.1.3 OR P.1.4 OR P.1.5 OR P.1.6 OR P.1.7 OR P.1.7.1 OR P.1.8 OR P.1.9 OR P.1.10 OR P.1.10.1 OR P.1.10.2 OR P.1.11 OR P.1.12 OR P.1.12.1 OR P.1.13 OR P.1.14 OR P.1.15 OR P.1.16 OR P.1.17 OR P.1.17.1,Gamma,11.5714285714286,0,0
2021-07-04,6,0,17.5714285714286,0,0,2.69031173009093e-05,0.12855821182176,P.1 OR P.1.1 OR P.1.2 OR P.1.3 OR P.1.4 OR P.1.5 OR P.1.6 OR P.1.7 OR P.1.7.1 OR P.1.8 OR P.1.9 OR P.1.10 OR P.1.10.1 OR P.1.10.2 OR P.1.11 OR P.1.12 OR P.1.12.1 OR P.1.13 OR P.1.14 OR P.1.15 OR P.1.16 OR P.1.17 OR P.1.17.1,Gamma,11.8571428571429,0,0
2021-07-05,11,1,17.8571428571429,0.142857142857143,0.008,2.69031173009093e-05,0.12855821182176,P.1 OR P.1.1 OR P.1.2 OR P.1.3 OR P.1.4 OR P.1.5 OR P.1.6 OR P.1.7 OR P.1.7.1 OR P.1.8 OR P.1.9 OR P.1.10 OR P.1.10.1 OR P.1.10.2 OR P.1.11 OR P.1.12 OR P.1.12.1 OR P.1.13 OR P.1.14 OR P.1.15 OR P.1.16 OR P.1.17 OR P.1.17.1,Gamma,12.1428571428571,0.0714285714285714,0.00588235294117647
2021-07-06,12,0,16.8571428571429,0.142857142857143,0.00847457627118644,2.84623777231095e-05,0.135478437891688,P.1 OR P.1.1 OR P.1.2 OR P.1.3 OR P.1.4 OR P.1.5 OR P.1.6 OR P.1.7 OR P.1.7.1 OR P.1.8 OR P.1.9 OR P.1.10 OR P.1.10.1 OR P.1.10.2 OR P.1.11 OR P.1.12 OR P.1.12.1 OR P.1.13 OR P.1.14 OR P.1.15 OR P.1.16 OR P.1.17 OR P.1.17.1,Gamma,12.5714285714286,0.0714285714285714,0.00568181818181818
2021-07-07,10,1,11,0.285714285714286,0.025974025974026,4.36357981421897e-05,0.199994569026208,P.1 OR P.1.1 OR P.1.2 OR P.1.3 OR P.1.4 OR P.1.5 OR P.1.6 OR P.1.7 OR P.1.7.1 OR P.1.8 OR P.1.9 OR P.1.10 OR P.1.10.1 OR P.1.10.2 OR P.1.11 OR P.1.12 OR P.1.12.1 OR P.1.13 OR P.1.14 OR P.1.15 OR P.1.16 OR P.1.17 OR P.1.17.1,Gamma,12.7857142857143,0.142857142857143,0.0111731843575419
2021-07-08,9,0,9.57142857142857,0.285714285714286,0.0298507462686567,4.7890433157582e-05,0.217196267509211,P.1 OR P.1.1 OR P.1.2 OR P.1.3 OR P.1.4 OR P.1.5 OR P.1.6 OR P.1.7 OR P.1.7.1 OR P.1.8 OR P.1.9 OR P.1.10 OR P.1.10.1 OR P.1.10.2 OR P.1.11 OR P.1.12 OR P.1.12.1 OR P.1.13 OR P.1.14 OR P.1.15 OR P.1.16 OR P.1.17 OR P.1.17.1,Gamma,12.8571428571429,0.142857142857143,0.0111111111111111
2021-07-09,6,0,9,0.285714285714286,0.0317460317460317,5.3064053418493e-05,0.237610098632903,P.1 OR P.1.1 OR P.1.2 OR P.1.3 OR P.1.4 OR P.1.5 OR P.1.6 OR P.1.7 OR P.1.7.1 OR P.1.8 OR P.1.9 OR P.1.10 OR P.1.10.1 OR P.1.10.2 OR P.1.11 OR P.1.12 OR P.1.12.1 OR P.1.13 OR P.1.14 OR P.1.15 OR P.1.16 OR P.1.17 OR P.1.17.1,Gamma,12.8571428571429,0.142857142857143,0.0111111111111111
2021-07-10,12,0,9.42857142857143,0.285714285714286,0.0303030303030303,5.3064053418493e-05,0.237610098632903,P.1 OR P.1.1 OR P.1.2 OR P.1.3 OR P.1.4 OR P.1.5 OR P.1.6 OR P.1.7 OR P.1.7.1 OR P.1.8 OR P.1.9 OR P.1.10 OR P.1.10.1 OR P.1.10.2 OR P.1.11 OR P.1.12 OR P.1.12.1 OR P.1.13 OR P.1.14 OR P.1.15 OR P.1.16 OR P.1.17 OR P.1.17.1,Gamma,13.2857142857143,0.142857142857143,0.010752688172043
2021-07-11,4,0,9.14285714285714,0.285714285714286,0.03125,5.3064053418493e-05,0.237610098632903,P.1 OR P.1.1 OR P.1.2 OR P.1.3 OR P.1.4 OR P.1.5 OR P.1.6 OR P.1.7 OR P.1.7.1 OR P.1.8 OR P.1.9 OR P.1.10 OR P.1.10.1 OR P.1.10.2 OR P.1.11 OR P.1.12 OR P.1.12.1 OR P.1.13 OR P.1.14 OR P.1.15 OR P.1.16 OR P.1.17 OR P.1.17.1,Gamma,13.3571428571429,0.142857142857143,0.0106951871657754
2021-07-12,13,0,9.42857142857143,0.142857142857143,0.0151515151515152,5.3064053418493e-05,0.237610098632903,P.1 OR P.1.1 OR P.1.2 OR P.1.3 OR P.1.4 OR P.1.5 OR P.1.6 OR P.1.7 OR P.1.7.1 OR P.1.8 OR P.1.9 OR P.1.10 OR P.1.10.1 OR P.1.10.2 OR P.1.11 OR P.1.12 OR P.1.12.1 OR P.1.13 OR P.1.14 OR P.1.15 OR P.1.16 OR P.1.17 OR P.1.17.1,Gamma,13.6428571428571,0.142857142857143,0.0104712041884817
2021-07-13,30,0,12,0.142857142857143,0.0119047619047619,4.00753100765989e-05,0.185305938312485,P.1 OR P.1.1 OR P.1.2 OR P.1.3 OR P.1.4 OR P.1.5 OR P.1.6 OR P.1.7 OR P.1.7.1 OR P.1.8 OR P.1.9 OR P.1.10 OR P.1.10.1 OR P.1.10.2 OR P.1.11 OR P.1.12 OR P.1.12.1 OR P.1.13 OR P.1.14 OR P.1.15 OR P.1.16 OR P.1.17 OR P.1.17.1,Gamma,14.4285714285714,0.142857142857143,0.0099009900990099
2021-07-14,16,1,12.8571428571429,0.142857142857143,0.0111111111111111,3.70519332987658e-05,0.172619445282057,P.1 OR P.1.1 OR P.1.2 OR P.1.3 OR P.1.4 OR P.1.5 OR P.1.6 OR P.1.7 OR P.1.7.1 OR P.1.8 OR P.1.9 OR P.1.10 OR P.1.10.1 OR P.1.10.2 OR P.1.11 OR P.1.12 OR P.1.12.1 OR P.1.13 OR P.1.14 OR P.1.15 OR P.1.16 OR P.1.17 OR P.1.17.1,Gamma,11.9285714285714,0.214285714285714,0.0179640718562874
2021-07-15,15,0,13.7142857142857,0.142857142857143,0.0104166666666667,3.44526718020059e-05,0.161553304514194,P.1 OR P.1.1 OR P.1.2 OR P.1.3 OR P.1.4 OR P.1.5 OR P.1.6 OR P.1.7 OR P.1.7.1 OR P.1.8 OR P.1.9 OR P.1.10 OR P.1.10.1 OR P.1.10.2 OR P.1.11 OR P.1.12 OR P.1.12.1 OR P.1.13 OR P.1.14 OR P.1.15 OR P.1.16 OR P.1.17 OR P.1.17.1,Gamma,11.6428571428571,0.214285714285714,0.0184049079754601
2021-07-16,12,0,14.5714285714286,0.142857142857143,0.00980392156862745,3.21941443237269e-05,0.151816662114398,P.1 OR P.1.1 OR P.1.2 OR P.1.3 OR P.1.4 OR P.1.5 OR P.1.6 OR P.1.7 OR P.1.7.1 OR P.1.8 OR P.1.9 OR P.1.10 OR P.1.10.1 OR P.1.10.2 OR P.1.11 OR P.1.12 OR P.1.12.1 OR P.1.13 OR P.1.14 OR P.1.15 OR P.1.16 OR P.1.17 OR P.1.17.1,Gamma,11.7857142857143,0.214285714285714,0.0181818181818182
2021-07-17,10,0,14.2857142857143,0.142857142857143,0.01,3.44526718020059e-05,0.161553304514194,P.1 OR P.1.1 OR P.1.2 OR P.1.3 OR P.1.4 OR P.1.5 OR P.1.6 OR P.1.7 OR P.1.7.1 OR P.1.8 OR P.1.9 OR P.1.10 OR P.1.10.1 OR P.1.10.2 OR P.1.11 OR P.1.12 OR P.1.12.1 OR P.1.13 OR P.1.14 OR P.1.15 OR P.1.16 OR P.1.17 OR P.1.17.1,Gamma,11.8571428571429,0.214285714285714,0.0180722891566265
2021-07-18,11,0,15.2857142857143,0.142857142857143,0.00934579439252336,3.21941443237269e-05,0.151816662114398,P.1 OR P.1.1 OR P.1.2 OR P.1.3 OR P.1.4 OR P.1.5 OR P.1.6 OR P.1.7 OR P.1.7.1 OR P.1.8 OR P.1.9 OR P.1.10 OR P.1.10.1 OR P.1.10.2 OR P.1.11 OR P.1.12 OR P.1.12.1 OR P.1.13 OR P.1.14 OR P.1.15 OR P.1.16 OR P.1.17 OR P.1.17.1,Gamma,12.2142857142857,0.214285714285714,0.0175438596491228
2021-07-19,12,0,15.1428571428571,0.142857142857143,0.00943396226415094,3.21941443237269e-05,0.151816662114398,P.1 OR P.1.1 OR P.1.2 OR P.1.3 OR P.1.4 OR P.1.5 OR P.1.6 OR P.1.7 OR P.1.7.1 OR P.1.8 OR P.1.9 OR P.1.10 OR P.1.10.1 OR P.1.10.2 OR P.1.11 OR P.1.12 OR P.1.12.1 OR P.1.13 OR P.1.14 OR P.1.15 OR P.1.16 OR P.1.17 OR P.1.17.1,Gamma,12.2857142857143,0.142857142857143,0.0116279069767442
2021-07-20,24,0,14.2857142857143,0.142857142857143,0.01,3.44526718020059e-05,0.161553304514194,P.1 OR P.1.1 OR P.1.2 OR P.1.3 OR P.1.4 OR P.1.5 OR P.1.6 OR P.1.7 OR P.1.7.1 OR P.1.8 OR P.1.9 OR P.1.10 OR P.1.10.1 OR P.1.10.2 OR P.1.11 OR P.1.12 OR P.1.12.1 OR P.1.13 OR P.1.14 OR P.1.15 OR P.1.16 OR P.1.17 OR P.1.17.1,Gamma,13.1428571428571,0.142857142857143,0.0108695652173913
2021-07-21,24,0,15.4285714285714,0,0,3.21941443237269e-05,0.151816662114398,P.1 OR P.1.1 OR P.1.2 OR P.1.3 OR P.1.4 OR P.1.5 OR P.1.6 OR P.1.7 OR P.1.7.1 OR P.1.8 OR P.1.9 OR P.1.10 OR P.1.10.1 OR P.1.10.2 OR P.1.11 OR P.1.12 OR P.1.12.1 OR P.1.13 OR P.1.14 OR P.1.15 OR P.1.16 OR P.1.17 OR P.1.17.1,Gamma,14.1428571428571,0.0714285714285714,0.00505050505050505
2021-07-22,22,0,16.4285714285714,0,0,3.02134799780236e-05,0.143184137931445,P.1 OR P.1.1 OR P.1.2 OR P.1.3 OR P.1.4 OR P.1.5 OR P.1.6 OR P.1.7 OR P.1.7.1 OR P.1.8 OR P.1.9 OR P.1.10 OR P.1.10.1 OR P.1.10.2 OR P.1.11 OR P.1.12 OR P.1.12.1 OR P.1.13 OR P.1.14 OR P.1.15 OR P.1.16 OR P.1.17 OR P.1.17.1,Gamma,15.0714285714286,0.0714285714285714,0.00473933649289099
2021-07-23,30,0,19,0,0,2.55058126256953e-05,0.122309404319914,P.1 OR P.1.1 OR P.1.2 OR P.1.3 OR P.1.4 OR P.1.5 OR P.1.6 OR P.1.7 OR P.1.7.1 OR P.1.8 OR P.1.9 OR P.1.10 OR P.1.10.1 OR P.1.10.2 OR P.1.11 OR P.1.12 OR P.1.12.1 OR P.1.13 OR P.1.14 OR P.1.15 OR P.1.16 OR P.1.17 OR P.1.17.1,Gamma,16.7857142857143,0.0714285714285714,0.00425531914893617
2021-07-24,16,0,19.8571428571429,0,0,2.42464784592428e-05,0.116638982904875,P.1 OR P.1.1 OR P.1.2 OR P.1.3 OR P.1.4 OR P.1.5 OR P.1.6 OR P.1.7 OR P.1.7.1 OR P.1.8 OR P.1.9 OR P.1.10 OR P.1.10.1 OR P.1.10.2 OR P.1.11 OR P.1.12 OR P.1.12.1 OR P.1.13 OR P.1.14 OR P.1.15 OR P.1.16 OR P.1.17 OR P.1.17.1,Gamma,17.0714285714286,0.0714285714285714,0.00418410041841004
2021-07-25,14,0,20.2857142857143,0,0,2.42464784592428e-05,0.116638982904875,P.1 OR P.1.1 OR P.1.2 OR P.1.3 OR P.1.4 OR P.1.5 OR P.1.6 OR P.1.7 OR P.1.7.1 OR P.1.8 OR P.1.9 OR P.1.10 OR P.1.10.1 OR P.1.10.2 OR P.1.11 OR P.1.12 OR P.1.12.1 OR P.1.13 OR P.1.14 OR P.1.15 OR P.1.16 OR P.1.17 OR P.1.17.1,Gamma,17.7857142857143,0.0714285714285714,0.00401606425702811
2021-07-26,21,0,21.5714285714286,0,0,2.20673323983508e-05,0.106739717911786,P.1 OR P.1.1 OR P.1.2 OR P.1.3 OR P.1.4 OR P.1.5 OR P.1.6 OR P.1.7 OR P.1.7.1 OR P.1.8 OR P.1.9 OR P.1.10 OR P.1.10.1 OR P.1.10.2 OR P.1.11 OR P.1.12 OR P.1.12.1 OR P.1.13 OR P.1.14 OR P.1.15 OR P.1.16 OR P.1.17 OR P.1.17.1,Gamma,18.3571428571429,0.0714285714285714,0.00389105058365759
2021-07-27,30,0,22.4285714285714,0,0,2.20673323983508e-05,0.106739717911786,P.1 OR P.1.1 OR P.1.2 OR P.1.3 OR P.1.4 OR P.1.5 OR P.1.6 OR P.1.7 OR P.1.7.1 OR P.1.8 OR P.1.9 OR P.1.10 OR P.1.10.1 OR P.1.10.2 OR P.1.11 OR P.1.12 OR P.1.12.1 OR P.1.13 OR P.1.14 OR P.1.15 OR P.1.16 OR P.1.17 OR P.1.17.1,Gamma,18.3571428571429,0.0714285714285714,0.00389105058365759
2021-07-28,40,0,24.7142857142857,0,0,1.94457708981588e-05,0.0946827641095835,P.1 OR P.1.1 OR P.1.2 OR P.1.3 OR P.1.4 OR P.1.5 OR P.1.6 OR P.1.7 OR P.1.7.1 OR P.1.8 OR P.1.9 OR P.1.10 OR P.1.10.1 OR P.1.10.2 OR P.1.11 OR P.1.12 OR P.1.12.1 OR P.1.13 OR P.1.14 OR P.1.15 OR P.1.16 OR P.1.17 OR P.1.17.1,Gamma,20.0714285714286,0,0
2021-07-29,29,0,25.7142857142857,0,0,1.87050550662591e-05,0.0912465634089562,P.1 OR P.1.1 OR P.1.2 OR P.1.3 OR P.1.4 OR P.1.5 OR P.1.6 OR P.1.7 OR P.1.7.1 OR P.1.8 OR P.1.9 OR P.1.10 OR P.1.10.1 OR P.1.10.2 OR P.1.11 OR P.1.12 OR P.1.12.1 OR P.1.13 OR P.1.14 OR P.1.15 OR P.1.16 OR P.1.17 OR P.1.17.1,Gamma,21.0714285714286,0,0
2021-07-30,28,0,25.4285714285714,0,0,1.94457708981588e-05,0.0946827641095835,P.1 OR P.1.1 OR P.1.2 OR P.1.3 OR P.1.4 OR P.1.5 OR P.1.6 OR P.1.7 OR P.1.7.1 OR P.1.8 OR P.1.9 OR P.1.10 OR P.1.10.1 OR P.1.10.2 OR P.1.11 OR P.1.12 OR P.1.12.1 OR P.1.13 OR P.1.14 OR P.1.15 OR P.1.16 OR P.1.17 OR P.1.17.1,Gamma,22.2142857142857,0,0
2021-07-31,18,0,25.7142857142857,0,0,1.87050550662591e-05,0.0912465634089562,P.1 OR P.1.1 OR P.1.2 OR P.1.3 OR P.1.4 OR P.1.5 OR P.1.6 OR P.1.7 OR P.1.7.1 OR P.1.8 OR P.1.9 OR P.1.10 OR P.1.10.1 OR P.1.10.2 OR P.1.11 OR P.1.12 OR P.1.12.1 OR P.1.13 OR P.1.14 OR P.1.15 OR P.1.16 OR P.1.17 OR P.1.17.1,Gamma,22.7857142857143,0,0
2021-08-01,14,0,25.7142857142857,0,0,1.87050550662591e-05,0.0912465634089562,P.1 OR P.1.1 OR P.1.2 OR P.1.3 OR P.1.4 OR P.1.5 OR P.1.6 OR P.1.7 OR P.1.7.1 OR P.1.8 OR P.1.9 OR P.1.10 OR P.1.10.1 OR P.1.10.2 OR P.1.11 OR P.1.12 OR P.1.12.1 OR P.1.13 OR P.1.14 OR P.1.15 OR P.1.16 OR P.1.17 OR P.1.17.1,Gamma,23,0,0
2021-08-02,26,0,26.4285714285714,0,0,1.87050550662591e-05,0.0912465634089562,P.1 OR P.1.1 OR P.1.2 OR P.1.3 OR P.1.4 OR P.1.5 OR P.1.6 OR P.1.7 OR P.1.7.1 OR P.1.8 OR P.1.9 OR P.1.10 OR P.1.10.1 OR P.1.10.2 OR P.1.11 OR P.1.12 OR P.1.12.1 OR P.1.13 OR P.1.14 OR P.1.15 OR P.1.16 OR P.1.17 OR P.1.17.1,Gamma,24,0,0
2021-08-03,31,0,26.5714285714286,0,0,1.80186960799325e-05,0.088050831511056,P.1 OR P.1.1 OR P.1.2 OR P.1.3 OR P.1.4 OR P.1.5 OR P.1.6 OR P.1.7 OR P.1.7.1 OR P.1.8 OR P.1.9 OR P.1.10 OR P.1.10.1 OR P.1.10.2 OR P.1.11 OR P.1.12 OR P.1.12.1 OR P.1.13 OR P.1.14 OR P.1.15 OR P.1.16 OR P.1.17 OR P.1.17.1,Gamma,24.5,0,0
2021-08-04,41,1,26.7142857142857,0.142857142857143,0.0053475935828877,1.80186960799325e-05,0.088050831511056,P.1 OR P.1.1 OR P.1.2 OR P.1.3 OR P.1.4 OR P.1.5 OR P.1.6 OR P.1.7 OR P.1.7.1 OR P.1.8 OR P.1.9 OR P.1.10 OR P.1.10.1 OR P.1.10.2 OR P.1.11 OR P.1.12 OR P.1.12.1 OR P.1.13 OR P.1.14 OR P.1.15 OR P.1.16 OR P.1.17 OR P.1.17.1,Gamma,25.7142857142857,0.0714285714285714,0.00277777777777778
2021-08-05,20,0,25.4285714285714,0.142857142857143,0.00561797752808989,1.94457708981588e-05,0.0946827641095835,P.1 OR P.1.1 OR P.1.2 OR P.1.3 OR P.1.4 OR P.1.5 OR P.1.6 OR P.1.7 OR P.1.7.1 OR P.1.8 OR P.1.9 OR P.1.10 OR P.1.10.1 OR P.1.10.2 OR P.1.11 OR P.1.12 OR P.1.12.1 OR P.1.13 OR P.1.14 OR P.1.15 OR P.1.16 OR P.1.17 OR P.1.17.1,Gamma,25.5714285714286,0.0714285714285714,0.00279329608938547
2021-08-06,28,0,25.4285714285714,0.142857142857143,0.00561797752808989,1.94457708981588e-05,0.0946827641095835,P.1 OR P.1.1 OR P.1.2 OR P.1.3 OR P.1.4 OR P.1.5 OR P.1.6 OR P.1.7 OR P.1.7.1 OR P.1.8 OR P.1.9 OR P.1.10 OR P.1.10.1 OR P.1.10.2 OR P.1.11 OR P.1.12 OR P.1.12.1 OR P.1.13 OR P.1.14 OR P.1.15 OR P.1.16 OR P.1.17 OR P.1.17.1,Gamma,25.4285714285714,0.0714285714285714,0.00280898876404494
2021-08-07,18,0,25.4285714285714,0.142857142857143,0.00561797752808989,1.94457708981588e-05,0.0946827641095835,P.1 OR P.1.1 OR P.1.2 OR P.1.3 OR P.1.4 OR P.1.5 OR P.1.6 OR P.1.7 OR P.1.7.1 OR P.1.8 OR P.1.9 OR P.1.10 OR P.1.10.1 OR P.1.10.2 OR P.1.11 OR P.1.12 OR P.1.12.1 OR P.1.13 OR P.1.14 OR P.1.15 OR P.1.16 OR P.1.17 OR P.1.17.1,Gamma,25.5714285714286,0.0714285714285714,0.00279329608938547
2021-08-08,10,0,24.8571428571429,0.142857142857143,0.00574712643678161,1.94457708981588e-05,0.0946827641095835,P.1 OR P.1.1 OR P.1.2 OR P.1.3 OR P.1.4 OR P.1.5 OR P.1.6 OR P.1.7 OR P.1.7.1 OR P.1.8 OR P.1.9 OR P.1.10 OR P.1.10.1 OR P.1.10.2 OR P.1.11 OR P.1.12 OR P.1.12.1 OR P.1.13 OR P.1.14 OR P.1.15 OR P.1.16 OR P.1.17 OR P.1.17.1,Gamma,25.2857142857143,0.0714285714285714,0.00282485875706215
2021-08-09,18,0,23.7142857142857,0.142857142857143,0.00602409638554217,2.02475667180483e-05,0.0983876043858698,P.1 OR P.1.1 OR P.1.2 OR P.1.3 OR P.1.4 OR P.1.5 OR P.1.6 OR P.1.7 OR P.1.7.1 OR P.1.8 OR P.1.9 OR P.1.10 OR P.1.10.1 OR P.1.10.2 OR P.1.11 OR P.1.12 OR P.1.12.1 OR P.1.13 OR P.1.14 OR P.1.15 OR P.1.16 OR P.1.17 OR P.1.17.1,Gamma,25.0714285714286,0.0714285714285714,0.00284900284900285
2021-08-10,26,0,23,0.142857142857143,0.0062111801242236,2.11183220173076e-05,0.102393828091608,P.1 OR P.1.1 OR P.1.2 OR P.1.3 OR P.1.4 OR P.1.5 OR P.1.6 OR P.1.7 OR P.1.7.1 OR P.1.8 OR P.1.9 OR P.1.10 OR P.1.10.1 OR P.1.10.2 OR P.1.11 OR P.1.12 OR P.1.12.1 OR P.1.13 OR P.1.14 OR P.1.15 OR P.1.16 OR P.1.17 OR P.1.17.1,Gamma,24.7857142857143,0.0714285714285714,0.00288184438040346
2021-08-11,28,0,21.1428571428571,0,0,2.31056426491535e-05,0.111470316193041,P.1 OR P.1.1 OR P.1.2 OR P.1.3 OR P.1.4 OR P.1.5 OR P.1.6 OR P.1.7 OR P.1.7.1 OR P.1.8 OR P.1.9 OR P.1.10 OR P.1.10.1 OR P.1.10.2 OR P.1.11 OR P.1.12 OR P.1.12.1 OR P.1.13 OR P.1.14 OR P.1.15 OR P.1.16 OR P.1.17 OR P.1.17.1,Gamma,23.9285714285714,0.0714285714285714,0.00298507462686567
2021-08-12,18,0,20.8571428571429,0,0,2.31056426491535e-05,0.111470316193041,P.1 OR P.1.1 OR P.1.2 OR P.1.3 OR P.1.4 OR P.1.5 OR P.1.6 OR P.1.7 OR P.1.7.1 OR P.1.8 OR P.1.9 OR P.1.10 OR P.1.10.1 OR P.1.10.2 OR P.1.11 OR P.1.12 OR P.1.12.1 OR P.1.13 OR P.1.14 OR P.1.15 OR P.1.16 OR P.1.17 OR P.1.17.1,Gamma,23.1428571428571,0.0714285714285714,0.00308641975308642
2021-08-13,33,0,21.5714285714286,0,0,2.20673323983508e-05,0.106739717911786,P.1 OR P.1.1 OR P.1.2 OR P.1.3 OR P.1.4 OR P.1.5 OR P.1.6 OR P.1.7 OR P.1.7.1 OR P.1.8 OR P.1.9 OR P.1.10 OR P.1.10.1 OR P.1.10.2 OR P.1.11 OR P.1.12 OR P.1.12.1 OR P.1.13 OR P.1.14 OR P.1.15 OR P.1.16 OR P.1.17 OR P.1.17.1,Gamma,23.5,0.0714285714285714,0.00303951367781155
2021-08-14,25,0,22.5714285714286,0,0,2.11183220173076e-05,0.102393828091608,P.1 OR P.1.1 OR P.1.2 OR P.1.3 OR P.1.4 OR P.1.5 OR P.1.6 OR P.1.7 OR P.1.7.1 OR P.1.8 OR P.1.9 OR P.1.10 OR P.1.10.1 OR P.1.10.2 OR P.1.11 OR P.1.12 OR P.1.12.1 OR P.1.13 OR P.1.14 OR P.1.15 OR P.1.16 OR P.1.17 OR P.1.17.1,Gamma,24,0.0714285714285714,0.00297619047619048
2021-08-15,11,0,22.7142857142857,0,0,2.11183220173076e-05,0.102393828091608,P.1 OR P.1.1 OR P.1.2 OR P.1.3 OR P.1.4 OR P.1.5 OR P.1.6 OR P.1.7 OR P.1.7.1 OR P.1.8 OR P.1.9 OR P.1.10 OR P.1.10.1 OR P.1.10.2 OR P.1.11 OR P.1.12 OR P.1.12.1 OR P.1.13 OR P.1.14 OR P.1.15 OR P.1.16 OR P.1.17 OR P.1.17.1,Gamma,23.7857142857143,0.0714285714285714,0.003003003003003
2021-08-16,56,0,28.1428571428571,0,0,1.73809225368852e-05,0.0850712000323353,P.1 OR P.1.1 OR P.1.2 OR P.1.3 OR P.1.4 OR P.1.5 OR P.1.6 OR P.1.7 OR P.1.7.1 OR P.1.8 OR P.1.9 OR P.1.10 OR P.1.10.1 OR P.1.10.2 OR P.1.11 OR P.1.12 OR P.1.12.1 OR P.1.13 OR P.1.14 OR P.1.15 OR P.1.16 OR P.1.17 OR P.1.17.1,Gamma,25.9285714285714,0.0714285714285714,0.00275482093663912
2021-08-17,62,0,33.2857142857143,0,0,1.47674301045867e-05,0.0727587053126257,P.1 OR P.1.1 OR P.1.2 OR P.1.3 OR P.1.4 OR P.1.5 OR P.1.6 OR P.1.7 OR P.1.7.1 OR P.1.8 OR P.1.9 OR P.1.10 OR P.1.10.1 OR P.1.10.2 OR P.1.11 OR P.1.12 OR P.1.12.1 OR P.1.13 OR P.1.14 OR P.1.15 OR P.1.16 OR P.1.17 OR P.1.17.1,Gamma,28.1428571428571,0.0714285714285714,0.00253807106598985
2021-08-18,230,0,62.1428571428572,0,0,7.88801061758937e-06,0.0395483430782547,P.1 OR P.1.1 OR P.1.2 OR P.1.3 OR P.1.4 OR P.1.5 OR P.1.6 OR P.1.7 OR P.1.7.1 OR P.1.8 OR P.1.9 OR P.1.10 OR P.1.10.1 OR P.1.10.2 OR P.1.11 OR P.1.12 OR P.1.12.1 OR P.1.13 OR P.1.14 OR P.1.15 OR P.1.16 OR P.1.17 OR P.1.17.1,Gamma,41.6428571428571,0,0
2021-08-19,106,0,74.7142857142857,0,0,6.52531888156199e-06,0.032829819470909,P.1 OR P.1.1 OR P.1.2 OR P.1.3 OR P.1.4 OR P.1.5 OR P.1.6 OR P.1.7 OR P.1.7.1 OR P.1.8 OR P.1.9 OR P.1.10 OR P.1.10.1 OR P.1.10.2 OR P.1.11 OR P.1.12 OR P.1.12.1 OR P.1.13 OR P.1.14 OR P.1.15 OR P.1.16 OR P.1.17 OR P.1.17.1,Gamma,47.7857142857143,0,0
2021-08-20,78,0,81.1428571428571,0,0,6.04345538087524e-06,0.0304428239735805,P.1 OR P.1.1 OR P.1.2 OR P.1.3 OR P.1.4 OR P.1.5 OR P.1.6 OR P.1.7 OR P.1.7.1 OR P.1.8 OR P.1.9 OR P.1.10 OR P.1.10.1 OR P.1.10.2 OR P.1.11 OR P.1.12 OR P.1.12.1 OR P.1.13 OR P.1.14 OR P.1.15 OR P.1.16 OR P.1.17 OR P.1.17.1,Gamma,51.3571428571429,0,0
2021-08-21,45,0,84,0,0,5.82826071412354e-06,0.0293749147247891,P.1 OR P.1.1 OR P.1.2 OR P.1.3 OR P.1.4 OR P.1.5 OR P.1.6 OR P.1.7 OR P.1.7.1 OR P.1.8 OR P.1.9 OR P.1.10 OR P.1.10.1 OR P.1.10.2 OR P.1.11 OR P.1.12 OR P.1.12.1 OR P.1.13 OR P.1.14 OR P.1.15 OR P.1.16 OR P.1.17 OR P.1.17.1,Gamma,53.2857142857143,0,0
2021-08-22,27,0,86.2857142857143,0,0,5.69311417356093e-06,0.0287036444212419,P.1 OR P.1.1 OR P.1.2 OR P.1.3 OR P.1.4 OR P.1.5 OR P.1.6 OR P.1.7 OR P.1.7.1 OR P.1.8 OR P.1.9 OR P.1.10 OR P.1.10.1 OR P.1.10.2 OR P.1.11 OR P.1.12 OR P.1.12.1 OR P.1.13 OR P.1.14 OR P.1.15 OR P.1.16 OR P.1.17 OR P.1.17.1,Gamma,54.5,0,0
2021-08-23,56,0,86.2857142857143,0,0,5.69311417356093e-06,0.0287036444212419,P.1 OR P.1.1 OR P.1.2 OR P.1.3 OR P.1.4 OR P.1.5 OR P.1.6 OR P.1.7 OR P.1.7.1 OR P.1.8 OR P.1.9 OR P.1.10 OR P.1.10.1 OR P.1.10.2 OR P.1.11 OR P.1.12 OR P.1.12.1 OR P.1.13 OR P.1.14 OR P.1.15 OR P.1.16 OR P.1.17 OR P.1.17.1,Gamma,57.2142857142857,0,0
2021-08-24,75,0,88.1428571428572,0,0,5.56409316269688e-06,0.0280623658134942,P.1 OR P.1.1 OR P.1.2 OR P.1.3 OR P.1.4 OR P.1.5 OR P.1.6 OR P.1.7 OR P.1.7.1 OR P.1.8 OR P.1.9 OR P.1.10 OR P.1.10.1 OR P.1.10.2 OR P.1.11 OR P.1.12 OR P.1.12.1 OR P.1.13 OR P.1.14 OR P.1.15 OR P.1.16 OR P.1.17 OR P.1.17.1,Gamma,60.7142857142857,0,0
2021-08-25,79,0,66.5714285714286,0,0,7.30155200012784e-06,0.0366626561611633,P.1 OR P.1.1 OR P.1.2 OR P.1.3 OR P.1.4 OR P.1.5 OR P.1.6 OR P.1.7 OR P.1.7.1 OR P.1.8 OR P.1.9 OR P.1.10 OR P.1.10.1 OR P.1.10.2 OR P.1.11 OR P.1.12 OR P.1.12.1 OR P.1.13 OR P.1.14 OR P.1.15 OR P.1.16 OR P.1.17 OR P.1.17.1,Gamma,64.3571428571429,0,0
2021-08-26,54,0,59.1428571428572,0,0,8.28739496441351e-06,0.0415085672645384,P.1 OR P.1.1 OR P.1.2 OR P.1.3 OR P.1.4 OR P.1.5 OR P.1.6 OR P.1.7 OR P.1.7.1 OR P.1.8 OR P.1.9 OR P.1.10 OR P.1.10.1 OR P.1.10.2 OR P.1.11 OR P.1.12 OR P.1.12.1 OR P.1.13 OR P.1.14 OR P.1.15 OR P.1.16 OR P.1.17 OR P.1.17.1,Gamma,66.9285714285714,0,0
2021-08-27,65,0,57.2857142857143,0,0,8.57690427525629e-06,0.0429270058037562,P.1 OR P.1.1 OR P.1.2 OR P.1.3 OR P.1.4 OR P.1.5 OR P.1.6 OR P.1.7 OR P.1.7.1 OR P.1.8 OR P.1.9 OR P.1.10 OR P.1.10.1 OR P.1.10.2 OR P.1.11 OR P.1.12 OR P.1.12.1 OR P.1.13 OR P.1.14 OR P.1.15 OR P.1.16 OR P.1.17 OR P.1.17.1,Gamma,69.2142857142857,0,0
2021-08-28,29,0,55,0,0,8.88737282121765e-06,0.0444457961269066,P.1 OR P.1.1 OR P.1.2 OR P.1.3 OR P.1.4 OR P.1.5 OR P.1.6 OR P.1.7 OR P.1.7.1 OR P.1.8 OR P.1.9 OR P.1.10 OR P.1.10.1 OR P.1.10.2 OR P.1.11 OR P.1.12 OR P.1.12.1 OR P.1.13 OR P.1.14 OR P.1.15 OR P.1.16 OR P.1.17 OR P.1.17.1,Gamma,69.5,0,0
2021-08-29,34,0,56,0,0,8.72937892167467e-06,0.043673203095405,P.1 OR P.1.1 OR P.1.2 OR P.1.3 OR P.1.4 OR P.1.5 OR P.1.6 OR P.1.7 OR P.1.7.1 OR P.1.8 OR P.1.9 OR P.1.10 OR P.1.10.1 OR P.1.10.2 OR P.1.11 OR P.1.12 OR P.1.12.1 OR P.1.13 OR P.1.14 OR P.1.15 OR P.1.16 OR P.1.17 OR P.1.17.1,Gamma,71.1428571428571,0,0
2021-08-30,59,0,56.4285714285714,0,0,8.72937892167467e-06,0.043673203095405,P.1 OR P.1.1 OR P.1.2 OR P.1.3 OR P.1.4 OR P.1.5 OR P.1.6 OR P.1.7 OR P.1.7.1 OR P.1.8 OR P.1.9 OR P.1.10 OR P.1.10.1 OR P.1.10.2 OR P.1.11 OR P.1.12 OR P.1.12.1 OR P.1.13 OR P.1.14 OR P.1.15 OR P.1.16 OR P.1.17 OR P.1.17.1,Gamma,71.3571428571429,0,0
2021-08-31,84,0,57.7142857142857,0,0,8.4296646405349e-06,0.0422058745011226,P.1 OR P.1.1 OR P.1.2 OR P.1.3 OR P.1.4 OR P.1.5 OR P.1.6 OR P.1.7 OR P.1.7.1 OR P.1.8 OR P.1.9 OR P.1.10 OR P.1.10.1 OR P.1.10.2 OR P.1.11 OR P.1.12 OR P.1.12.1 OR P.1.13 OR P.1.14 OR P.1.15 OR P.1.16 OR P.1.17 OR P.1.17.1,Gamma,72.9285714285714,0,0
2021-09-01,85,0,58.5714285714286,0,0,8.28739496441351e-06,0.0415085672645384,P.1 OR P.1.1 OR P.1.2 OR P.1.3 OR P.1.4 OR P.1.5 OR P.1.6 OR P.1.7 OR P.1.7.1 OR P.1.8 OR P.1.9 OR P.1.10 OR P.1.10.1 OR P.1.10.2 OR P.1.11 OR P.1.12 OR P.1.12.1 OR P.1.13 OR P.1.14 OR P.1.15 OR P.1.16 OR P.1.17 OR P.1.17.1,Gamma,62.5714285714286,0,0
2021-09-02,112,0,66.8571428571429,0,0,7.30155200012784e-06,0.0366626561611633,P.1 OR P.1.1 OR P.1.2 OR P.1.3 OR P.1.4 OR P.1.5 OR P.1.6 OR P.1.7 OR P.1.7.1 OR P.1.8 OR P.1.9 OR P.1.10 OR P.1.10.1 OR P.1.10.2 OR P.1.11 OR P.1.12 OR P.1.12.1 OR P.1.13 OR P.1.14 OR P.1.15 OR P.1.16 OR P.1.17 OR P.1.17.1,Gamma,63,0,0
2021-09-03,88,0,70.1428571428571,0,0,6.98974707807279e-06,0.0351248762971794,P.1 OR P.1.1 OR P.1.2 OR P.1.3 OR P.1.4 OR P.1.5 OR P.1.6 OR P.1.7 OR P.1.7.1 OR P.1.8 OR P.1.9 OR P.1.10 OR P.1.10.1 OR P.1.10.2 OR P.1.11 OR P.1.12 OR P.1.12.1 OR P.1.13 OR P.1.14 OR P.1.15 OR P.1.16 OR P.1.17 OR P.1.17.1,Gamma,63.7142857142857,0,0
2021-09-04,65,0,75.2857142857143,0,0,6.52531888156199e-06,0.032829819470909,P.1 OR P.1.1 OR P.1.2 OR P.1.3 OR P.1.4 OR P.1.5 OR P.1.6 OR P.1.7 OR P.1.7.1 OR P.1.8 OR P.1.9 OR P.1.10 OR P.1.10.1 OR P.1.10.2 OR P.1.11 OR P.1.12 OR P.1.12.1 OR P.1.13 OR P.1.14 OR P.1.15 OR P.1.16 OR P.1.17 OR P.1.17.1,Gamma,65.1428571428571,0,0
2021-09-05,49,0,77.4285714285714,0,0,6.35638091717777e-06,0.0319936262649119,P.1 OR P.1.1 OR P.1.2 OR P.1.3 OR P.1.4 OR P.1.5 OR P.1.6 OR P.1.7 OR P.1.7.1 OR P.1.8 OR P.1.9 OR P.1.10 OR P.1.10.1 OR P.1.10.2 OR P.1.11 OR P.1.12 OR P.1.12.1 OR P.1.13 OR P.1.14 OR P.1.15 OR P.1.16 OR P.1.17 OR P.1.17.1,Gamma,66.7142857142857,0,0
2021-09-06,80,0,80.4285714285714,0,0,6.1187622791363e-06,0.0308162584924402,P.1 OR P.1.1 OR P.1.2 OR P.1.3 OR P.1.4 OR P.1.5 OR P.1.6 OR P.1.7 OR P.1.7.1 OR P.1.8 OR P.1.9 OR P.1.10 OR P.1.10.1 OR P.1.10.2 OR P.1.11 OR P.1.12 OR P.1.12.1 OR P.1.13 OR P.1.14 OR P.1.15 OR P.1.16 OR P.1.17 OR P.1.17.1,Gamma,68.4285714285714,0,0
2021-09-07,116,0,85,0,0,5.75989480802187e-06,0.0290354006417662,P.1 OR P.1.1 OR P.1.2 OR P.1.3 OR P.1.4 OR P.1.5 OR P.1.6 OR P.1.7 OR P.1.7.1 OR P.1.8 OR P.1.9 OR P.1.10 OR P.1.10.1 OR P.1.10.2 OR P.1.11 OR P.1.12 OR P.1.12.1 OR P.1.13 OR P.1.14 OR P.1.15 OR P.1.16 OR P.1.17 OR P.1.17.1,Gamma,71.3571428571429,0,0
2021-09-08,111,0,88.7142857142857,0,0,5.50175104573027e-06,0.0277523522582762,P.1 OR P.1.1 OR P.1.2 OR P.1.3 OR P.1.4 OR P.1.5 OR P.1.6 OR P.1.7 OR P.1.7.1 OR P.1.8 OR P.1.9 OR P.1.10 OR P.1.10.1 OR P.1.10.2 OR P.1.11 OR P.1.12 OR P.1.12.1 OR P.1.13 OR P.1.14 OR P.1.15 OR P.1.16 OR P.1.17 OR P.1.17.1,Gamma,73.6428571428571,0,0
2021-09-09,149,0,94,0,0,5.20988383572225e-06,0.0262996439694614,P.1 OR P.1.1 OR P.1.2 OR P.1.3 OR P.1.4 OR P.1.5 OR P.1.6 OR P.1.7 OR P.1.7.1 OR P.1.8 OR P.1.9 OR P.1.10 OR P.1.10.1 OR P.1.10.2 OR P.1.11 OR P.1.12 OR P.1.12.1 OR P.1.13 OR P.1.14 OR P.1.15 OR P.1.16 OR P.1.17 OR P.1.17.1,Gamma,80.4285714285714,0,0
2021-09-10,71,0,91.5714285714286,0,0,5.32283412520503e-06,0.0268620881129159,P.1 OR P.1.1 OR P.1.2 OR P.1.3 OR P.1.4 OR P.1.5 OR P.1.6 OR P.1.7 OR P.1.7.1 OR P.1.8 OR P.1.9 OR P.1.10 OR P.1.10.1 OR P.1.10.2 OR P.1.11 OR P.1.12 OR P.1.12.1 OR P.1.13 OR P.1.14 OR P.1.15 OR P.1.16 OR P.1.17 OR P.1.17.1,Gamma,80.8571428571429,0,0
2021-09-11,57,0,90.4285714285714,0,0,5.44079045167817e-06,0.0274491129752038,P.1 OR P.1.1 OR P.1.2 OR P.1.3 OR P.1.4 OR P.1.5 OR P.1.6 OR P.1.7 OR P.1.7.1 OR P.1.8 OR P.1.9 OR P.1.10 OR P.1.10.1 OR P.1.10.2 OR P.1.11 OR P.1.12 OR P.1.12.1 OR P.1.13 OR P.1.14 OR P.1.15 OR P.1.16 OR P.1.17 OR P.1.17.1,Gamma,82.8571428571429,0,0
2021-09-12,29,0,87.5714285714286,0,0,5.56409316269688e-06,0.0280623658134942,P.1 OR P.1.1 OR P.1.2 OR P.1.3 OR P.1.4 OR P.1.5 OR P.1.6 OR P.1.7 OR P.1.7.1 OR P.1.8 OR P.1.9 OR P.1.10 OR P.1.10.1 OR P.1.10.2 OR P.1.11 OR P.1.12 OR P.1.12.1 OR P.1.13 OR P.1.14 OR P.1.15 OR P.1.16 OR P.1.17 OR P.1.17.1,Gamma,82.5,0,0
2021-09-13,95,0,89.7142857142857,0,0,5.44079045167817e-06,0.0274491129752038,P.1 OR P.1.1 OR P.1.2 OR P.1.3 OR P.1.4 OR P.1.5 OR P.1.6 OR P.1.7 OR P.1.7.1 OR P.1.8 OR P.1.9 OR P.1.10 OR P.1.10.1 OR P.1.10.2 OR P.1.11 OR P.1.12 OR P.1.12.1 OR P.1.13 OR P.1.14 OR P.1.15 OR P.1.16 OR P.1.17 OR P.1.17.1,Gamma,85.0714285714286,0,0
2021-09-14,128,0,91.4285714285714,0,0,5.38116596142488e-06,0.0271524283382124,P.1 OR P.1.1 OR P.1.2 OR P.1.3 OR P.1.4 OR P.1.5 OR P.1.6 OR P.1.7 OR P.1.7.1 OR P.1.8 OR P.1.9 OR P.1.10 OR P.1.10.1 OR P.1.10.2 OR P.1.11 OR P.1.12 OR P.1.12.1 OR P.1.13 OR P.1.14 OR P.1.15 OR P.1.16 OR P.1.17 OR P.1.17.1,Gamma,88.2142857142857,0,0
2021-09-15,156,0,97.8571428571429,0,0,4.99777853866861e-06,0.0252425707593752,P.1 OR P.1.1 OR P.1.2 OR P.1.3 OR P.1.4 OR P.1.5 OR P.1.6 OR P.1.7 OR P.1.7.1 OR P.1.8 OR P.1.9 OR P.1.10 OR P.1.10.1 OR P.1.10.2 OR P.1.11 OR P.1.12 OR P.1.12.1 OR P.1.13 OR P.1.14 OR P.1.15 OR P.1.16 OR P.1.17 OR P.1.17.1,Gamma,93.2857142857143,0,0
2021-09-16,208,0,106.285714285714,0,0,4.62147825174262e-06,0.0233643680628732,P.1 OR P.1.1 OR P.1.2 OR P.1.3 OR P.1.4 OR P.1.5 OR P.1.6 OR P.1.7 OR P.1.7.1 OR P.1.8 OR P.1.9 OR P.1.10 OR P.1.10.1 OR P.1.10.2 OR P.1.11 OR P.1.12 OR P.1.12.1 OR P.1.13 OR P.1.14 OR P.1.15 OR P.1.16 OR P.1.17 OR P.1.17.1,Gamma,100.142857142857,0,0
2021-09-17,114,0,112.428571428571,0,0,4.37445226161459e-06,0.0221294344334854,P.1 OR P.1.1 OR P.1.2 OR P.1.3 OR P.1.4 OR P.1.5 OR P.1.6 OR P.1.7 OR P.1.7.1 OR P.1.8 OR P.1.9 OR P.1.10 OR P.1.10.1 OR P.1.10.2 OR P.1.11 OR P.1.12 OR P.1.12.1 OR P.1.13 OR P.1.14 OR P.1.15 OR P.1.16 OR P.1.17 OR P.1.17.1,Gamma,102,0,0
2021-09-18,75,0,115,0,0,4.26058444180264e-06,0.0215596596611785,P.1 OR P.1.1 OR P.1.2 OR P.1.3 OR P.1.4 OR P.1.5 OR P.1.6 OR P.1.7 OR P.1.7.1 OR P.1.8 OR P.1.9 OR P.1.10 OR P.1.10.1 OR P.1.10.2 OR P.1.11 OR P.1.12 OR P.1.12.1 OR P.1.13 OR P.1.14 OR P.1.15 OR P.1.16 OR P.1.17 OR P.1.17.1,Gamma,102.714285714286,0,0
2021-09-19,38,0,116.285714285714,0,0,4.22393450074705e-06,0.0213761990501723,P.1 OR P.1.1 OR P.1.2 OR P.1.3 OR P.1.4 OR P.1.5 OR P.1.6 OR P.1.7 OR P.1.7.1 OR P.1.8 OR P.1.9 OR P.1.10 OR P.1.10.1 OR P.1.10.2 OR P.1.11 OR P.1.12 OR P.1.12.1 OR P.1.13 OR P.1.14 OR P.1.15 OR P.1.16 OR P.1.17 OR P.1.17.1,Gamma,101.928571428571,0,0
2021-09-20,107,0,118,0,0,4.1524942185831e-06,0.0210184875575149,P.1 OR P.1.1 OR P.1.2 OR P.1.3 OR P.1.4 OR P.1.5 OR P.1.6 OR P.1.7 OR P.1.7.1 OR P.1.8 OR P.1.9 OR P.1.10 OR P.1.10.1 OR P.1.10.2 OR P.1.11 OR P.1.12 OR P.1.12.1 OR P.1.13 OR P.1.14 OR P.1.15 OR P.1.16 OR P.1.17 OR P.1.17.1,Gamma,103.857142857143,0,0
2021-09-21,172,0,124.285714285714,0,0,3.95197258781667e-06,0.02001374837691,P.1 OR P.1.1 OR P.1.2 OR P.1.3 OR P.1.4 OR P.1.5 OR P.1.6 OR P.1.7 OR P.1.7.1 OR P.1.8 OR P.1.9 OR P.1.10 OR P.1.10.1 OR P.1.10.2 OR P.1.11 OR P.1.12 OR P.1.12.1 OR P.1.13 OR P.1.14 OR P.1.15 OR P.1.16 OR P.1.17 OR P.1.17.1,Gamma,107.857142857143,0,0
2021-09-22,145,0,122.714285714286,0,0,3.98403707881802e-06,0.0201744808863682,P.1 OR P.1.1 OR P.1.2 OR P.1.3 OR P.1.4 OR P.1.5 OR P.1.6 OR P.1.7 OR P.1.7.1 OR P.1.8 OR P.1.9 OR P.1.10 OR P.1.10.1 OR P.1.10.2 OR P.1.11 OR P.1.12 OR P.1.12.1 OR P.1.13 OR P.1.14 OR P.1.15 OR P.1.16 OR P.1.17 OR P.1.17.1,Gamma,110.285714285714,0,0
2021-09-23,164,0,116.428571428571,0,0,4.22393450074705e-06,0.0213761990501723,P.1 OR P.1.1 OR P.1.2 OR P.1.3 OR P.1.4 OR P.1.5 OR P.1.6 OR P.1.7 OR P.1.7.1 OR P.1.8 OR P.1.9 OR P.1.10 OR P.1.10.1 OR P.1.10.2 OR P.1.11 OR P.1.12 OR P.1.12.1 OR P.1.13 OR P.1.14 OR P.1.15 OR P.1.16 OR P.1.17 OR P.1.17.1,Gamma,111.357142857143,0,0
2021-09-24,153,0,122,0,0,4.01662613795073e-06,0.0203378159097935,P.1 OR P.1.1 OR P.1.2 OR P.1.3 OR P.1.4 OR P.1.5 OR P.1.6 OR P.1.7 OR P.1.7.1 OR P.1.8 OR P.1.9 OR P.1.10 OR P.1.10.1 OR P.1.10.2 OR P.1.11 OR P.1.12 OR P.1.12.1 OR P.1.13 OR P.1.14 OR P.1.15 OR P.1.16 OR P.1.17 OR P.1.17.1,Gamma,117.214285714286,0,0
2021-09-25,66,0,120.714285714286,0,0,4.04975274408481e-06,0.0205038171686234,P.1 OR P.1.1 OR P.1.2 OR P.1.3 OR P.1.4 OR P.1.5 OR P.1.6 OR P.1.7 OR P.1.7.1 OR P.1.8 OR P.1.9 OR P.1.10 OR P.1.10.1 OR P.1.10.2 OR P.1.11 OR P.1.12 OR P.1.12.1 OR P.1.13 OR P.1.14 OR P.1.15 OR P.1.16 OR P.1.17 OR P.1.17.1,Gamma,117.857142857143,0,0
2021-09-26,35,0,120.285714285714,0,0,4.08343030781433e-06,0.020672550481579,P.1 OR P.1.1 OR P.1.2 OR P.1.3 OR P.1.4 OR P.1.5 OR P.1.6 OR P.1.7 OR P.1.7.1 OR P.1.8 OR P.1.9 OR P.1.10 OR P.1.10.1 OR P.1.10.2 OR P.1.11 OR P.1.12 OR P.1.12.1 OR P.1.13 OR P.1.14 OR P.1.15 OR P.1.16 OR P.1.17 OR P.1.17.1,Gamma,118.285714285714,0,0
2021-09-27,128,0,123.285714285714,0,0,3.98403707881802e-06,0.0201744808863682,P.1 OR P.1.1 OR P.1.2 OR P.1.3 OR P.1.4 OR P.1.5 OR P.1.6 OR P.1.7 OR P.1.7.1 OR P.1.8 OR P.1.9 OR P.1.10 OR P.1.10.1 OR P.1.10.2 OR P.1.11 OR P.1.12 OR P.1.12.1 OR P.1.13 OR P.1.14 OR P.1.15 OR P.1.16 OR P.1.17 OR P.1.17.1,Gamma,120.642857142857,0,0
2021-09-28,130,0,117.285714285714,0,0,4.18790971299034e-06,0.0211958342494188,P.1 OR P.1.1 OR P.1.2 OR P.1.3 OR P.1.4 OR P.1.5 OR P.1.6 OR P.1.7 OR P.1.7.1 OR P.1.8 OR P.1.9 OR P.1.10 OR P.1.10.1 OR P.1.10.2 OR P.1.11 OR P.1.12 OR P.1.12.1 OR P.1.13 OR P.1.14 OR P.1.15 OR P.1.16 OR P.1.17 OR P.1.17.1,Gamma,120.785714285714,0,0
2021-09-29,152,0,118.285714285714,0,0,4.1524942185831e-06,0.0210184875575149,P.1 OR P.1.1 OR P.1.2 OR P.1.3 OR P.1.4 OR P.1.5 OR P.1.6 OR P.1.7 OR P.1.7.1 OR P.1.8 OR P.1.9 OR P.1.10 OR P.1.10.1 OR P.1.10.2 OR P.1.11 OR P.1.12 OR P.1.12.1 OR P.1.13 OR P.1.14 OR P.1.15 OR P.1.16 OR P.1.17 OR P.1.17.1,Gamma,120.5,0,0
2021-09-30,171,0,119.285714285714,0,0,4.11767268955882e-06,0.0208440838516609,P.1 OR P.1.1 OR P.1.2 OR P.1.3 OR P.1.4 OR P.1.5 OR P.1.6 OR P.1.7 OR P.1.7.1 OR P.1.8 OR P.1.9 OR P.1.10 OR P.1.10.1 OR P.1.10.2 OR P.1.11 OR P.1.12 OR P.1.12.1 OR P.1.13 OR P.1.14 OR P.1.15 OR P.1.16 OR P.1.17 OR P.1.17.1,Gamma,117.857142857143,0,0
2021-10-01,175,0,122.428571428571,0,0,4.01662613795073e-06,0.0203378159097935,P.1 OR P.1.1 OR P.1.2 OR P.1.3 OR P.1.4 OR P.1.5 OR P.1.6 OR P.1.7 OR P.1.7.1 OR P.1.8 OR P.1.9 OR P.1.10 OR P.1.10.1 OR P.1.10.2 OR P.1.11 OR P.1.12 OR P.1.12.1 OR P.1.13 OR P.1.14 OR P.1.15 OR P.1.16 OR P.1.17 OR P.1.17.1,Gamma,122.214285714286,0,0
2021-10-02,78,0,124.142857142857,0,0,3.95197258781667e-06,0.02001374837691,P.1 OR P.1.1 OR P.1.2 OR P.1.3 OR P.1.4 OR P.1.5 OR P.1.6 OR P.1.7 OR P.1.7.1 OR P.1.8 OR P.1.9 OR P.1.10 OR P.1.10.1 OR P.1.10.2 OR P.1.11 OR P.1.12 OR P.1.12.1 OR P.1.13 OR P.1.14 OR P.1.15 OR P.1.16 OR P.1.17 OR P.1.17.1,Gamma,122.428571428571,0,0
2021-10-03,54,0,126.857142857143,0,0,3.85880285453139e-06,0.0195465584639524,P.1 OR P.1.1 OR P.1.2 OR P.1.3 OR P.1.4 OR P.1.5 OR P.1.6 OR P.1.7 OR P.1.7.1 OR P.1.8 OR P.1.9 OR P.1.10 OR P.1.10.1 OR P.1.10.2 OR P.1.11 OR P.1.12 OR P.1.12.1 OR P.1.13 OR P.1.14 OR P.1.15 OR P.1.16 OR P.1.17 OR P.1.17.1,Gamma,123.571428571429,0,0
2021-10-04,191,0,135.857142857143,0,0,3.60391080304845e-06,0.0182672895031009,P.1 OR P.1.1 OR P.1.2 OR P.1.3 OR P.1.4 OR P.1.5 OR P.1.6 OR P.1.7 OR P.1.7.1 OR P.1.8 OR P.1.9 OR P.1.10 OR P.1.10.1 OR P.1.10.2 OR P.1.11 OR P.1.12 OR P.1.12.1 OR P.1.13 OR P.1.14 OR P.1.15 OR P.1.16 OR P.1.17 OR P.1.17.1,Gamma,129.571428571429,0,0
2021-10-05,260,0,154.428571428571,0,0,3.18335903976262e-06,0.016152944178978,P.1 OR P.1.1 OR P.1.2 OR P.1.3 OR P.1.4 OR P.1.5 OR P.1.6 OR P.1.7 OR P.1.7.1 OR P.1.8 OR P.1.9 OR P.1.10 OR P.1.10.1 OR P.1.10.2 OR P.1.11 OR P.1.12 OR P.1.12.1 OR P.1.13 OR P.1.14 OR P.1.15 OR P.1.16 OR P.1.17 OR P.1.17.1,Gamma,135.857142857143,0,0
2021-10-06,210,0,162.714285714286,0,0,3.00786060730635e-06,0.0152692699911115,P.1 OR P.1.1 OR P.1.2 OR P.1.3 OR P.1.4 OR P.1.5 OR P.1.6 OR P.1.7 OR P.1.7.1 OR P.1.8 OR P.1.9 OR P.1.10 OR P.1.10.1 OR P.1.10.2 OR P.1.11 OR P.1.12 OR P.1.12.1 OR P.1.13 OR P.1.14 OR P.1.15 OR P.1.16 OR P.1.17 OR P.1.17.1,Gamma,140.5,0,0
2021-10-07,183,0,164.428571428571,0,0,2.98954797948663e-06,0.0151770160346656,P.1 OR P.1.1 OR P.1.2 OR P.1.3 OR P.1.4 OR P.1.5 OR P.1.6 OR P.1.7 OR P.1.7.1 OR P.1.8 OR P.1.9 OR P.1.10 OR P.1.10.1 OR P.1.10.2 OR P.1.11 OR P.1.12 OR P.1.12.1 OR P.1.13 OR P.1.14 OR P.1.15 OR P.1.16 OR P.1.17 OR P.1.17.1,Gamma,141.857142857143,0,0
2021-10-08,142,0,159.714285714286,0,0,3.06416978815145e-06,0.0155528859091645,P.1 OR P.1.1 OR P.1.2 OR P.1.3 OR P.1.4 OR P.1.5 OR P.1.6 OR P.1.7 OR P.1.7.1 OR P.1.8 OR P.1.9 OR P.1.10 OR P.1.10.1 OR P.1.10.2 OR P.1.11 OR P.1.12 OR P.1.12.1 OR P.1.13 OR P.1.14 OR P.1.15 OR P.1.16 OR P.1.17 OR P.1.17.1,Gamma,141.071428571429,0,0
2021-10-09,146,0,169.428571428571,0,0,2.9012307854328e-06,0.0147319769923334,P.1 OR P.1.1 OR P.1.2 OR P.1.3 OR P.1.4 OR P.1.5 OR P.1.6 OR P.1.7 OR P.1.7.1 OR P.1.8 OR P.1.9 OR P.1.10 OR P.1.10.1 OR P.1.10.2 OR P.1.11 OR P.1.12 OR P.1.12.1 OR P.1.13 OR P.1.14 OR P.1.15 OR P.1.16 OR P.1.17 OR P.1.17.1,Gamma,146.785714285714,0,0
2021-10-10,69,0,171.571428571429,0,0,2.85070154625736e-06,0.0144772646869602,P.1 OR P.1.1 OR P.1.2 OR P.1.3 OR P.1.4 OR P.1.5 OR P.1.6 OR P.1.7 OR P.1.7.1 OR P.1.8 OR P.1.9 OR P.1.10 OR P.1.10.1 OR P.1.10.2 OR P.1.11 OR P.1.12 OR P.1.12.1 OR P.1.13 OR P.1.14 OR P.1.15 OR P.1.16 OR P.1.17 OR P.1.17.1,Gamma,149.214285714286,0,0
2021-10-11,215,0,175,0,0,2.80190225897232e-06,0.0142312103393425,P.1 OR P.1.1 OR P.1.2 OR P.1.3 OR P.1.4 OR P.1.5 OR P.1.6 OR P.1.7 OR P.1.7.1 OR P.1.8 OR P.1.9 OR P.1.10 OR P.1.10.1 OR P.1.10.2 OR P.1.11 OR P.1.12 OR P.1.12.1 OR P.1.13 OR P.1.14 OR P.1.15 OR P.1.16 OR P.1.17 OR P.1.17.1,Gamma,155.428571428571,0,0
2021-10-12,175,0,162.857142857143,0,0,3.00786060730635e-06,0.0152692699911115,P.1 OR P.1.1 OR P.1.2 OR P.1.3 OR P.1.4 OR P.1.5 OR P.1.6 OR P.1.7 OR P.1.7.1 OR P.1.8 OR P.1.9 OR P.1.10 OR P.1.10.1 OR P.1.10.2 OR P.1.11 OR P.1.12 OR P.1.12.1 OR P.1.13 OR P.1.14 OR P.1.15 OR P.1.16 OR P.1.17 OR P.1.17.1,Gamma,158.642857142857,0,0
2021-10-13,203,0,161.857142857143,0,0,3.02639896745607e-06,0.0153626523172213,P.1 OR P.1.1 OR P.1.2 OR P.1.3 OR P.1.4 OR P.1.5 OR P.1.6 OR P.1.7 OR P.1.7.1 OR P.1.8 OR P.1.9 OR P.1.10 OR P.1.10.1 OR P.1.10.2 OR P.1.11 OR P.1.12 OR P.1.12.1 OR P.1.13 OR P.1.14 OR P.1.15 OR P.1.16 OR P.1.17 OR P.1.17.1,Gamma,162.285714285714,0,0
2021-10-14,191,0,163,0,0,3.00786060730635e-06,0.0152692699911115,P.1 OR P.1.1 OR P.1.2 OR P.1.3 OR P.1.4 OR P.1.5 OR P.1.6 OR P.1.7 OR P.1.7.1 OR P.1.8 OR P.1.9 OR P.1.10 OR P.1.10.1 OR P.1.10.2 OR P.1.11 OR P.1.12 OR P.1.12.1 OR P.1.13 OR P.1.14 OR P.1.15 OR P.1.16 OR P.1.17 OR P.1.17.1,Gamma,163.714285714286,0,0
2021-10-15,145,0,163.428571428571,0,0,3.00786060730635e-06,0.0152692699911115,P.1 OR P.1.1 OR P.1.2 OR P.1.3 OR P.1.4 OR P.1.5 OR P.1.6 OR P.1.7 OR P.1.7.1 OR P.1.8 OR P.1.9 OR P.1.10 OR P.1.10.1 OR P.1.10.2 OR P.1.11 OR P.1.12 OR P.1.12.1 OR P.1.13 OR P.1.14 OR P.1.15 OR P.1.16 OR P.1.17 OR P.1.17.1,Gamma,161.571428571429,0,0
2021-10-16,111,0,158.428571428571,0,0,3.10289531652219e-06,0.0157478897269735,P.1 OR P.1.1 OR P.1.2 OR P.1.3 OR P.1.4 OR P.1.5 OR P.1.6 OR P.1.7 OR P.1.7.1 OR P.1.8 OR P.1.9 OR P.1.10 OR P.1.10.1 OR P.1.10.2 OR P.1.11 OR P.1.12 OR P.1.12.1 OR P.1.13 OR P.1.14 OR P.1.15 OR P.1.16 OR P.1.17 OR P.1.17.1,Gamma,163.928571428571,0,0
2021-10-17,48,0,155.428571428571,0,0,3.16285439743451e-06,0.0160497396311359,P.1 OR P.1.1 OR P.1.2 OR P.1.3 OR P.1.4 OR P.1.5 OR P.1.6 OR P.1.7 OR P.1.7.1 OR P.1.8 OR P.1.9 OR P.1.10 OR P.1.10.1 OR P.1.10.2 OR P.1.11 OR P.1.12 OR P.1.12.1 OR P.1.13 OR P.1.14 OR P.1.15 OR P.1.16 OR P.1.17 OR P.1.17.1,Gamma,163.5,0,0
2021-10-18,232,0,157.857142857143,0,0,3.10289531652219e-06,0.0157478897269735,P.1 OR P.1.1 OR P.1.2 OR P.1.3 OR P.1.4 OR P.1.5 OR P.1.6 OR P.1.7 OR P.1.7.1 OR P.1.8 OR P.1.9 OR P.1.10 OR P.1.10.1 OR P.1.10.2 OR P.1.11 OR P.1.12 OR P.1.12.1 OR P.1.13 OR P.1.14 OR P.1.15 OR P.1.16 OR P.1.17 OR P.1.17.1,Gamma,166.428571428571,0,0
2021-10-19,302,0,176,0,0,2.7860049954209e-06,0.0141510403470323,P.1 OR P.1.1 OR P.1.2 OR P.1.3 OR P.1.4 OR P.1.5 OR P.1.6 OR P.1.7 OR P.1.7.1 OR P.1.8 OR P.1.9 OR P.1.10 OR P.1.10.1 OR P.1.10.2 OR P.1.11 OR P.1.12 OR P.1.12.1 OR P.1.13 OR P.1.14 OR P.1.15 OR P.1.16 OR P.1.17 OR P.1.17.1,Gamma,169.428571428571,0,0
2021-10-20,288,0,188.142857142857,0,0,2.60841160708543e-06,0.0132549922531687,P.1 OR P.1.1 OR P.1.2 OR P.1.3 OR P.1.4 OR P.1.5 OR P.1.6 OR P.1.7 OR P.1.7.1 OR P.1.8 OR P.1.9 OR P.1.10 OR P.1.10.1 OR P.1.10.2 OR P.1.11 OR P.1.12 OR P.1.12.1 OR P.1.13 OR P.1.14 OR P.1.15 OR P.1.16 OR P.1.17 OR P.1.17.1,Gamma,175,0,0
2021-10-21,258,0,197.714285714286,0,0,2.47684015097843e-06,0.012590622585741,P.1 OR P.1.1 OR P.1.2 OR P.1.3 OR P.1.4 OR P.1.5 OR P.1.6 OR P.1.7 OR P.1.7.1 OR P.1.8 OR P.1.9 OR P.1.10 OR P.1.10.1 OR P.1.10.2 OR P.1.11 OR P.1.12 OR P.1.12.1 OR P.1.13 OR P.1.14 OR P.1.15 OR P.1.16 OR P.1.17 OR P.1.17.1,Gamma,180.357142857143,0,0
2021-10-22,140,0,197,0,0,2.4893969727681e-06,0.0126540475312475,P.1 OR P.1.1 OR P.1.2 OR P.1.3 OR P.1.4 OR P.1.5 OR P.1.6 OR P.1.7 OR P.1.7.1 OR P.1.8 OR P.1.9 OR P.1.10 OR P.1.10.1 OR P.1.10.2 OR P.1.11 OR P.1.12 OR P.1.12.1 OR P.1.13 OR P.1.14 OR P.1.15 OR P.1.16 OR P.1.17 OR P.1.17.1,Gamma,180.214285714286,0,0
2021-10-23,117,0,197.857142857143,0,0,2.47684015097843e-06,0.012590622585741,P.1 OR P.1.1 OR P.1.2 OR P.1.3 OR P.1.4 OR P.1.5 OR P.1.6 OR P.1.7 OR P.1.7.1 OR P.1.8 OR P.1.9 OR P.1.10 OR P.1.10.1 OR P.1.10.2 OR P.1.11 OR P.1.12 OR P.1.12.1 OR P.1.13 OR P.1.14 OR P.1.15 OR P.1.16 OR P.1.17 OR P.1.17.1,Gamma,178.142857142857,0,0
2021-10-24,47,0,197.714285714286,0,0,2.47684015097843e-06,0.012590622585741,P.1 OR P.1.1 OR P.1.2 OR P.1.3 OR P.1.4 OR P.1.5 OR P.1.6 OR P.1.7 OR P.1.7.1 OR P.1.8 OR P.1.9 OR P.1.10 OR P.1.10.1 OR P.1.10.2 OR P.1.11 OR P.1.12 OR P.1.12.1 OR P.1.13 OR P.1.14 OR P.1.15 OR P.1.16 OR P.1.17 OR P.1.17.1,Gamma,176.571428571429,0,0
2021-10-25,231,0,197.571428571429,0,0,2.47684015097843e-06,0.012590622585741,P.1 OR P.1.1 OR P.1.2 OR P.1.3 OR P.1.4 OR P.1.5 OR P.1.6 OR P.1.7 OR P.1.7.1 OR P.1.8 OR P.1.9 OR P.1.10 OR P.1.10.1 OR P.1.10.2 OR P.1.11 OR P.1.12 OR P.1.12.1 OR P.1.13 OR P.1.14 OR P.1.15 OR P.1.16 OR P.1.17 OR P.1.17.1,Gamma,177.714285714286,0,0
2021-10-26,264,0,192.142857142857,0,0,2.55414052637225e-06,0.0129810048029017,P.1 OR P.1.1 OR P.1.2 OR P.1.3 OR P.1.4 OR P.1.5 OR P.1.6 OR P.1.7 OR P.1.7.1 OR P.1.8 OR P.1.9 OR P.1.10 OR P.1.10.1 OR P.1.10.2 OR P.1.11 OR P.1.12 OR P.1.12.1 OR P.1.13 OR P.1.14 OR P.1.15 OR P.1.16 OR P.1.17 OR P.1.17.1,Gamma,184.071428571429,0,0
2021-10-27,247,0,186.285714285714,0,0,2.63642130901851e-06,0.0133963694101081,P.1 OR P.1.1 OR P.1.2 OR P.1.3 OR P.1.4 OR P.1.5 OR P.1.6 OR P.1.7 OR P.1.7.1 OR P.1.8 OR P.1.9 OR P.1.10 OR P.1.10.1 OR P.1.10.2 OR P.1.11 OR P.1.12 OR P.1.12.1 OR P.1.13 OR P.1.14 OR P.1.15 OR P.1.16 OR P.1.17 OR P.1.17.1,Gamma,187.214285714286,0,0
2021-10-28,271,0,188.142857142857,0,0,2.60841160708543e-06,0.0132549922531687,P.1 OR P.1.1 OR P.1.2 OR P.1.3 OR P.1.4 OR P.1.5 OR P.1.6 OR P.1.7 OR P.1.7.1 OR P.1.8 OR P.1.9 OR P.1.10 OR P.1.10.1 OR P.1.10.2 OR P.1.11 OR P.1.12 OR P.1.12.1 OR P.1.13 OR P.1.14 OR P.1.15 OR P.1.16 OR P.1.17 OR P.1.17.1,Gamma,192.928571428571,0,0
2021-10-29,212,0,198.428571428571,0,0,2.47684015097843e-06,0.012590622585741,P.1 OR P.1.1 OR P.1.2 OR P.1.3 OR P.1.4 OR P.1.5 OR P.1.6 OR P.1.7 OR P.1.7.1 OR P.1.8 OR P.1.9 OR P.1.10 OR P.1.10.1 OR P.1.10.2 OR P.1.11 OR P.1.12 OR P.1.12.1 OR P.1.13 OR P.1.14 OR P.1.15 OR P.1.16 OR P.1.17 OR P.1.17.1,Gamma,197.714285714286,0,0
2021-10-30,94,0,195.142857142857,0,0,2.51489648396594e-06,0.0127828339108822,P.1 OR P.1.1 OR P.1.2 OR P.1.3 OR P.1.4 OR P.1.5 OR P.1.6 OR P.1.7 OR P.1.7.1 OR P.1.8 OR P.1.9 OR P.1.10 OR P.1.10.1 OR P.1.10.2 OR P.1.11 OR P.1.12 OR P.1.12.1 OR P.1.13 OR P.1.14 OR P.1.15 OR P.1.16 OR P.1.17 OR P.1.17.1,Gamma,196.5,0,0
2021-10-31,88,0,201,0,0,2.43991841268647e-06,0.0124041059820151,P.1 OR P.1.1 OR P.1.2 OR P.1.3 OR P.1.4 OR P.1.5 OR P.1.6 OR P.1.7 OR P.1.7.1 OR P.1.8 OR P.1.9 OR P.1.10 OR P.1.10.1 OR P.1.10.2 OR P.1.11 OR P.1.12 OR P.1.12.1 OR P.1.13 OR P.1.14 OR P.1.15 OR P.1.16 OR P.1.17 OR P.1.17.1,Gamma,199.357142857143,0,0
2021-11-01,174,0,192.857142857143,0,0,2.54092379677567e-06,0.0129142686439563,P.1 OR P.1.1 OR P.1.2 OR P.1.3 OR P.1.4 OR P.1.5 OR P.1.6 OR P.1.7 OR P.1.7.1 OR P.1.8 OR P.1.9 OR P.1.10 OR P.1.10.1 OR P.1.10.2 OR P.1.11 OR P.1.12 OR P.1.12.1 OR P.1.13 OR P.1.14 OR P.1.15 OR P.1.16 OR P.1.17 OR P.1.17.1,Gamma,195.214285714286,0,0
2021-11-02,445,0,218.714285714286,0,0,2.23960633709195e-06,0.0113915800708678,P.1 OR P.1.1 OR P.1.2 OR P.1.3 OR P.1.4 OR P.1.5 OR P.1.6 OR P.1.7 OR P.1.7.1 OR P.1.8 OR P.1.9 OR P.1.10 OR P.1.10.1 OR P.1.10.2 OR P.1.11 OR P.1.12 OR P.1.12.1 OR P.1.13 OR P.1.14 OR P.1.15 OR P.1.16 OR P.1.17 OR P.1.17.1,Gamma,205.428571428571,0,0
2021-11-03,427,0,244.428571428571,0,0,2.01037382890293e-06,0.0102315945721852,P.1 OR P.1.1 OR P.1.2 OR P.1.3 OR P.1.4 OR P.1.5 OR P.1.6 OR P.1.7 OR P.1.7.1 OR P.1.8 OR P.1.9 OR P.1.10 OR P.1.10.1 OR P.1.10.2 OR P.1.11 OR P.1.12 OR P.1.12.1 OR P.1.13 OR P.1.14 OR P.1.15 OR P.1.16 OR P.1.17 OR P.1.17.1,Gamma,215.357142857143,0,0
2021-11-04,424,0,266.285714285714,0,0,1.84425873899439e-06,0.00939015150442384,P.1 OR P.1.1 OR P.1.2 OR P.1.3 OR P.1.4 OR P.1.5 OR P.1.6 OR P.1.7 OR P.1.7.1 OR P.1.8 OR P.1.9 OR P.1.10 OR P.1.10.1 OR P.1.10.2 OR P.1.11 OR P.1.12 OR P.1.12.1 OR P.1.13 OR P.1.14 OR P.1.15 OR P.1.16 OR P.1.17 OR P.1.17.1,Gamma,227.214285714286,0,0
2021-11-05,453,0,300.714285714286,0,0,1.62998834607905e-06,0.00830372466072703,P.1 OR P.1.1 OR P.1.2 OR P.1.3 OR P.1.4 OR P.1.5 OR P.1.6 OR P.1.7 OR P.1.7.1 OR P.1.8 OR P.1.9 OR P.1.10 OR P.1.10.1 OR P.1.10.2 OR P.1.11 OR P.1.12 OR P.1.12.1 OR P.1.13 OR P.1.14 OR P.1.15 OR P.1.16 OR P.1.17 OR P.1.17.1,Gamma,249.571428571429,0,0
2021-11-06,177,0,312.571428571429,0,0,1.56754674316857e-06,0.00798689940111123,P.1 OR P.1.1 OR P.1.2 OR P.1.3 OR P.1.4 OR P.1.5 OR P.1.6 OR P.1.7 OR P.1.7.1 OR P.1.8 OR P.1.9 OR P.1.10 OR P.1.10.1 OR P.1.10.2 OR P.1.11 OR P.1.12 OR P.1.12.1 OR P.1.13 OR P.1.14 OR P.1.15 OR P.1.16 OR P.1.17 OR P.1.17.1,Gamma,253.857142857143,0,0
2021-11-07,133,0,319,0,0,1.53808623447162e-06,0.00783738325090626,P.1 OR P.1.1 OR P.1.2 OR P.1.3 OR P.1.4 OR P.1.5 OR P.1.6 OR P.1.7 OR P.1.7.1 OR P.1.8 OR P.1.9 OR P.1.10 OR P.1.10.1 OR P.1.10.2 OR P.1.11 OR P.1.12 OR P.1.12.1 OR P.1.13 OR P.1.14 OR P.1.15 OR P.1.16 OR P.1.17 OR P.1.17.1,Gamma,260,0,0
2021-11-08,513,0,367.428571428571,0,0,1.33705681826253e-06,0.00681652938210312,P.1 OR P.1.1 OR P.1.2 OR P.1.3 OR P.1.4 OR P.1.5 OR P.1.6 OR P.1.7 OR P.1.7.1 OR P.1.8 OR P.1.9 OR P.1.10 OR P.1.10.1 OR P.1.10.2 OR P.1.11 OR P.1.12 OR P.1.12.1 OR P.1.13 OR P.1.14 OR P.1.15 OR P.1.16 OR P.1.17 OR P.1.17.1,Gamma,280.142857142857,0,0
2021-11-09,459,0,369.428571428571,0,0,1.32981481249815e-06,0.00677973392448625,P.1 OR P.1.1 OR P.1.2 OR P.1.3 OR P.1.4 OR P.1.5 OR P.1.6 OR P.1.7 OR P.1.7.1 OR P.1.8 OR P.1.9 OR P.1.10 OR P.1.10.1 OR P.1.10.2 OR P.1.11 OR P.1.12 OR P.1.12.1 OR P.1.13 OR P.1.14 OR P.1.15 OR P.1.16 OR P.1.17 OR P.1.17.1,Gamma,294.071428571429,0,0
2021-11-10,304,0,351.857142857143,0,0,1.39399316573271e-06,0.00710576624628073,P.1 OR P.1.1 OR P.1.2 OR P.1.3 OR P.1.4 OR P.1.5 OR P.1.6 OR P.1.7 OR P.1.7.1 OR P.1.8 OR P.1.9 OR P.1.10 OR P.1.10.1 OR P.1.10.2 OR P.1.11 OR P.1.12 OR P.1.12.1 OR P.1.13 OR P.1.14 OR P.1.15 OR P.1.16 OR P.1.17 OR P.1.17.1,Gamma,298.142857142857,0,0
2021-11-11,212,0,321.571428571429,0,0,1.52376737521076e-06,0.00776470492313088,P.1 OR P.1.1 OR P.1.2 OR P.1.3 OR P.1.4 OR P.1.5 OR P.1.6 OR P.1.7 OR P.1.7.1 OR P.1.8 OR P.1.9 OR P.1.10 OR P.1.10.1 OR P.1.10.2 OR P.1.11 OR P.1.12 OR P.1.12.1 OR P.1.13 OR P.1.14 OR P.1.15 OR P.1.16 OR P.1.17 OR P.1.17.1,Gamma,293.928571428571,0,0
2021-11-12,210,0,286.857142857143,0,0,1.7094306453006e-06,0.0087066642293802,P.1 OR P.1.1 OR P.1.2 OR P.1.3 OR P.1.4 OR P.1.5 OR P.1.6 OR P.1.7 OR P.1.7.1 OR P.1.8 OR P.1.9 OR P.1.10 OR P.1.10.1 OR P.1.10.2 OR P.1.11 OR P.1.12 OR P.1.12.1 OR P.1.13 OR P.1.14 OR P.1.15 OR P.1.16 OR P.1.17 OR P.1.17.1,Gamma,293.785714285714,0,0
2021-11-13,151,0,283.142857142857,0,0,1.73357084428816e-06,0.00882907337433933,P.1 OR P.1.1 OR P.1.2 OR P.1.3 OR P.1.4 OR P.1.5 OR P.1.6 OR P.1.7 OR P.1.7.1 OR P.1.8 OR P.1.9 OR P.1.10 OR P.1.10.1 OR P.1.10.2 OR P.1.11 OR P.1.12 OR P.1.12.1 OR P.1.13 OR P.1.14 OR P.1.15 OR P.1.16 OR P.1.17 OR P.1.17.1,Gamma,297.857142857143,0,0
2021-11-14,80,0,275.571428571429,0,0,1.77749835670937e-06,0.00905178044135724,P.1 OR P.1.1 OR P.1.2 OR P.1.3 OR P.1.4 OR P.1.5 OR P.1.6 OR P.1.7 OR P.1.7.1 OR P.1.8 OR P.1.9 OR P.1.10 OR P.1.10.1 OR P.1.10.2 OR P.1.11 OR P.1.12 OR P.1.12.1 OR P.1.13 OR P.1.14 OR P.1.15 OR P.1.16 OR P.1.17 OR P.1.17.1,Gamma,297.285714285714,0,0
2021-11-15,129,0,220.714285714286,0,0,2.21936135649766e-06,0.0112891891473855,P.1 OR P.1.1 OR P.1.2 OR P.1.3 OR P.1.4 OR P.1.5 OR P.1.6 OR P.1.7 OR P.1.7.1 OR P.1.8 OR P.1.9 OR P.1.10 OR P.1.10.1 OR P.1.10.2 OR P.1.11 OR P.1.12 OR P.1.12.1 OR P.1.13 OR P.1.14 OR P.1.15 OR P.1.16 OR P.1.17 OR P.1.17.1,Gamma,294.071428571429,0,0
2021-11-16,116,0,171.714285714286,0,0,2.85070154625736e-06,0.0144772646869602,P.1 OR P.1.1 OR P.1.2 OR P.1.3 OR P.1.4 OR P.1.5 OR P.1.6 OR P.1.7 OR P.1.7.1 OR P.1.8 OR P.1.9 OR P.1.10 OR P.1.10.1 OR P.1.10.2 OR P.1.11 OR P.1.12 OR P.1.12.1 OR P.1.13 OR P.1.14 OR P.1.15 OR P.1.16 OR P.1.17 OR P.1.17.1,Gamma,270.571428571429,0,0
2021-11-17,126,0,146.285714285714,0,0,3.35749071194876e-06,0.0170289521886297,P.1 OR P.1.1 OR P.1.2 OR P.1.3 OR P.1.4 OR P.1.5 OR P.1.6 OR P.1.7 OR P.1.7.1 OR P.1.8 OR P.1.9 OR P.1.10 OR P.1.10.1 OR P.1.10.2 OR P.1.11 OR P.1.12 OR P.1.12.1 OR P.1.13 OR P.1.14 OR P.1.15 OR P.1.16 OR P.1.17 OR P.1.17.1,Gamma,249.071428571429,0,0
2021-11-18,349,0,165.857142857143,0,0,2.95358362747456e-06,0.0149958124024809,P.1 OR P.1.1 OR P.1.2 OR P.1.3 OR P.1.4 OR P.1.5 OR P.1.6 OR P.1.7 OR P.1.7.1 OR P.1.8 OR P.1.9 OR P.1.10 OR P.1.10.1 OR P.1.10.2 OR P.1.11 OR P.1.12 OR P.1.12.1 OR P.1.13 OR P.1.14 OR P.1.15 OR P.1.16 OR P.1.17 OR P.1.17.1,Gamma,243.714285714286,0,0
2021-11-19,125,0,153.714285714286,0,0,3.18335903976262e-06,0.016152944178978,P.1 OR P.1.1 OR P.1.2 OR P.1.3 OR P.1.4 OR P.1.5 OR P.1.6 OR P.1.7 OR P.1.7.1 OR P.1.8 OR P.1.9 OR P.1.10 OR P.1.10.1 OR P.1.10.2 OR P.1.11 OR P.1.12 OR P.1.12.1 OR P.1.13 OR P.1.14 OR P.1.15 OR P.1.16 OR P.1.17 OR P.1.17.1,Gamma,220.285714285714,0,0
2021-11-20,137,0,151.714285714286,0,0,3.22517638460406e-06,0.0163633868570241,P.1 OR P.1.1 OR P.1.2 OR P.1.3 OR P.1.4 OR P.1.5 OR P.1.6 OR P.1.7 OR P.1.7.1 OR P.1.8 OR P.1.9 OR P.1.10 OR P.1.10.1 OR P.1.10.2 OR P.1.11 OR P.1.12 OR P.1.12.1 OR P.1.13 OR P.1.14 OR P.1.15 OR P.1.16 OR P.1.17 OR P.1.17.1,Gamma,217.428571428571,0,0
2021-11-21,91,0,153.285714285714,0,0,3.20413127789015e-06,0.0162574845530713,P.1 OR P.1.1 OR P.1.2 OR P.1.3 OR P.1.4 OR P.1.5 OR P.1.6 OR P.1.7 OR P.1.7.1 OR P.1.8 OR P.1.9 OR P.1.10 OR P.1.10.1 OR P.1.10.2 OR P.1.11 OR P.1.12 OR P.1.12.1 OR P.1.13 OR P.1.14 OR P.1.15 OR P.1.16 OR P.1.17 OR P.1.17.1,Gamma,214.428571428571,0,0
2021-11-22,240,0,169.142857142857,0,0,2.9012307854328e-06,0.0147319769923334,P.1 OR P.1.1 OR P.1.2 OR P.1.3 OR P.1.4 OR P.1.5 OR P.1.6 OR P.1.7 OR P.1.7.1 OR P.1.8 OR P.1.9 OR P.1.10 OR P.1.10.1 OR P.1.10.2 OR P.1.11 OR P.1.12 OR P.1.12.1 OR P.1.13 OR P.1.14 OR P.1.15 OR P.1.16 OR P.1.17 OR P.1.17.1,Gamma,194.928571428571,0,0
2021-11-23,196,0,180.571428571429,0,0,2.70914993764684e-06,0.0137633678343677,P.1 OR P.1.1 OR P.1.2 OR P.1.3 OR P.1.4 OR P.1.5 OR P.1.6 OR P.1.7 OR P.1.7.1 OR P.1.8 OR P.1.9 OR P.1.10 OR P.1.10.1 OR P.1.10.2 OR P.1.11 OR P.1.12 OR P.1.12.1 OR P.1.13 OR P.1.14 OR P.1.15 OR P.1.16 OR P.1.17 OR P.1.17.1,Gamma,176.142857142857,0,0
2021-11-24,185,0,189,0,0,2.59462876080893e-06,0.013185416788535,P.1 OR P.1.1 OR P.1.2 OR P.1.3 OR P.1.4 OR P.1.5 OR P.1.6 OR P.1.7 OR P.1.7.1 OR P.1.8 OR P.1.9 OR P.1.10 OR P.1.10.1 OR P.1.10.2 OR P.1.11 OR P.1.12 OR P.1.12.1 OR P.1.13 OR P.1.14 OR P.1.15 OR P.1.16 OR P.1.17 OR P.1.17.1,Gamma,167.642857142857,0,0
2021-11-25,222,0,170.857142857143,0,0,2.86734791939538e-06,0.0145611844889316,P.1 OR P.1.1 OR P.1.2 OR P.1.3 OR P.1.4 OR P.1.5 OR P.1.6 OR P.1.7 OR P.1.7.1 OR P.1.8 OR P.1.9 OR P.1.10 OR P.1.10.1 OR P.1.10.2 OR P.1.11 OR P.1.12 OR P.1.12.1 OR P.1.13 OR P.1.14 OR P.1.15 OR P.1.16 OR P.1.17 OR P.1.17.1,Gamma,168.357142857143,0,0
2021-11-26,166,0,176.714285714286,0,0,2.77028710782409e-06,0.0140717685353221,P.1 OR P.1.1 OR P.1.2 OR P.1.3 OR P.1.4 OR P.1.5 OR P.1.6 OR P.1.7 OR P.1.7.1 OR P.1.8 OR P.1.9 OR P.1.10 OR P.1.10.1 OR P.1.10.2 OR P.1.11 OR P.1.12 OR P.1.12.1 OR P.1.13 OR P.1.14 OR P.1.15 OR P.1.16 OR P.1.17 OR P.1.17.1,Gamma,165.214285714286,0,0
2021-11-27,140,0,177.142857142857,0,0,2.77028710782409e-06,0.0140717685353221,P.1 OR P.1.1 OR P.1.2 OR P.1.3 OR P.1.4 OR P.1.5 OR P.1.6 OR P.1.7 OR P.1.7.1 OR P.1.8 OR P.1.9 OR P.1.10 OR P.1.10.1 OR P.1.10.2 OR P.1.11 OR P.1.12 OR P.1.12.1 OR P.1.13 OR P.1.14 OR P.1.15 OR P.1.16 OR P.1.17 OR P.1.17.1,Gamma,164.428571428571,0,0
2021-11-28,82,0,175.857142857143,0,0,2.7860049954209e-06,0.0141510403470323,P.1 OR P.1.1 OR P.1.2 OR P.1.3 OR P.1.4 OR P.1.5 OR P.1.6 OR P.1.7 OR P.1.7.1 OR P.1.8 OR P.1.9 OR P.1.10 OR P.1.10.1 OR P.1.10.2 OR P.1.11 OR P.1.12 OR P.1.12.1 OR P.1.13 OR P.1.14 OR P.1.15 OR P.1.16 OR P.1.17 OR P.1.17.1,Gamma,164.571428571429,0,0
2021-11-29,221,0,173.142857142857,0,0,2.8342473381684e-06,0.0143943066246898,P.1 OR P.1.1 OR P.1.2 OR P.1.3 OR P.1.4 OR P.1.5 OR P.1.6 OR P.1.7 OR P.1.7.1 OR P.1.8 OR P.1.9 OR P.1.10 OR P.1.10.1 OR P.1.10.2 OR P.1.11 OR P.1.12 OR P.1.12.1 OR P.1.13 OR P.1.14 OR P.1.15 OR P.1.16 OR P.1.17 OR P.1.17.1,Gamma,171.142857142857,0,0
2021-11-30,157,0,167.571428571429,0,0,2.91847429308968e-06,0.0148188845320305,P.1 OR P.1.1 OR P.1.2 OR P.1.3 OR P.1.4 OR P.1.5 OR P.1.6 OR P.1.7 OR P.1.7.1 OR P.1.8 OR P.1.9 OR P.1.10 OR P.1.10.1 OR P.1.10.2 OR P.1.11 OR P.1.12 OR P.1.12.1 OR P.1.13 OR P.1.14 OR P.1.15 OR P.1.16 OR P.1.17 OR P.1.17.1,Gamma,174.071428571429,0,0
2021-12-01,204,0,170.285714285714,0,0,2.88418984372798e-06,0.0146460828520485,P.1 OR P.1.1 OR P.1.2 OR P.1.3 OR P.1.4 OR P.1.5 OR P.1.6 OR P.1.7 OR P.1.7.1 OR P.1.8 OR P.1.9 OR P.1.10 OR P.1.10.1 OR P.1.10.2 OR P.1.11 OR P.1.12 OR P.1.12.1 OR P.1.13 OR P.1.14 OR P.1.15 OR P.1.16 OR P.1.17 OR P.1.17.1,Gamma,179.642857142857,0,0
2021-12-02,231,0,171.571428571429,0,0,2.85070154625736e-06,0.0144772646869602,P.1 OR P.1.1 OR P.1.2 OR P.1.3 OR P.1.4 OR P.1.5 OR P.1.6 OR P.1.7 OR P.1.7.1 OR P.1.8 OR P.1.9 OR P.1.10 OR P.1.10.1 OR P.1.10.2 OR P.1.11 OR P.1.12 OR P.1.12.1 OR P.1.13 OR P.1.14 OR P.1.15 OR P.1.16 OR P.1.17 OR P.1.17.1,Gamma,171.214285714286,0,0
2021-12-03,377,0,201.714285714286,0,0,2.42785457233034e-06,0.0123431557478449,P.1 OR P.1.1 OR P.1.2 OR P.1.3 OR P.1.4 OR P.1.5 OR P.1.6 OR P.1.7 OR P.1.7.1 OR P.1.8 OR P.1.9 OR P.1.10 OR P.1.10.1 OR P.1.10.2 OR P.1.11 OR P.1.12 OR P.1.12.1 OR P.1.13 OR P.1.14 OR P.1.15 OR P.1.16 OR P.1.17 OR P.1.17.1,Gamma,189.214285714286,0,0
2021-12-04,247,0,217,0,0,2.26022406646434e-06,0.011495845304561,P.1 OR P.1.1 OR P.1.2 OR P.1.3 OR P.1.4 OR P.1.5 OR P.1.6 OR P.1.7 OR P.1.7.1 OR P.1.8 OR P.1.9 OR P.1.10 OR P.1.10.1 OR P.1.10.2 OR P.1.11 OR P.1.12 OR P.1.12.1 OR P.1.13 OR P.1.14 OR P.1.15 OR P.1.16 OR P.1.17 OR P.1.17.1,Gamma,197.071428571429,0,0
2021-12-05,262,0,242.714285714286,0,0,2.0186384524594e-06,0.0102734397047645,P.1 OR P.1.1 OR P.1.2 OR P.1.3 OR P.1.4 OR P.1.5 OR P.1.6 OR P.1.7 OR P.1.7.1 OR P.1.8 OR P.1.9 OR P.1.10 OR P.1.10.1 OR P.1.10.2 OR P.1.11 OR P.1.12 OR P.1.12.1 OR P.1.13 OR P.1.14 OR P.1.15 OR P.1.16 OR P.1.17 OR P.1.17.1,Gamma,209.285714285714,0,0
2021-12-06,378,0,265.142857142857,0,0,1.85121163398505e-06,0.00942538519721838,P.1 OR P.1.1 OR P.1.2 OR P.1.3 OR P.1.4 OR P.1.5 OR P.1.6 OR P.1.7 OR P.1.7.1 OR P.1.8 OR P.1.9 OR P.1.10 OR P.1.10.1 OR P.1.10.2 OR P.1.11 OR P.1.12 OR P.1.12.1 OR P.1.13 OR P.1.14 OR P.1.15 OR P.1.16 OR P.1.17 OR P.1.17.1,Gamma,219.142857142857,0,0
2021-12-07,263,0,280.285714285714,0,0,1.75212821755867e-06,0.00892316307353726,P.1 OR P.1.1 OR P.1.2 OR P.1.3 OR P.1.4 OR P.1.5 OR P.1.6 OR P.1.7 OR P.1.7.1 OR P.1.8 OR P.1.9 OR P.1.10 OR P.1.10.1 OR P.1.10.2 OR P.1.11 OR P.1.12 OR P.1.12.1 OR P.1.13 OR P.1.14 OR P.1.15 OR P.1.16 OR P.1.17 OR P.1.17.1,Gamma,223.928571428571,0,0
2021-12-08,416,0,310.571428571429,0,0,1.57761931825701e-06,0.00803801394079173,P.1 OR P.1.1 OR P.1.2 OR P.1.3 OR P.1.4 OR P.1.5 OR P.1.6 OR P.1.7 OR P.1.7.1 OR P.1.8 OR P.1.9 OR P.1.10 OR P.1.10.1 OR P.1.10.2 OR P.1.11 OR P.1.12 OR P.1.12.1 OR P.1.13 OR P.1.14 OR P.1.15 OR P.1.16 OR P.1.17 OR P.1.17.1,Gamma,240.428571428571,0,0
2021-12-09,147,0,298.571428571429,0,0,1.64088215309321e-06,0.00835898886872059,P.1 OR P.1.1 OR P.1.2 OR P.1.3 OR P.1.4 OR P.1.5 OR P.1.6 OR P.1.7 OR P.1.7.1 OR P.1.8 OR P.1.9 OR P.1.10 OR P.1.10.1 OR P.1.10.2 OR P.1.11 OR P.1.12 OR P.1.12.1 OR P.1.13 OR P.1.14 OR P.1.15 OR P.1.16 OR P.1.17 OR P.1.17.1,Gamma,235.071428571429,0,0
2021-12-10,282,0,285,0,0,1.72141611674884e-06,0.00876744156331315,P.1 OR P.1.1 OR P.1.2 OR P.1.3 OR P.1.4 OR P.1.5 OR P.1.6 OR P.1.7 OR P.1.7.1 OR P.1.8 OR P.1.9 OR P.1.10 OR P.1.10.1 OR P.1.10.2 OR P.1.11 OR P.1.12 OR P.1.12.1 OR P.1.13 OR P.1.14 OR P.1.15 OR P.1.16 OR P.1.17 OR P.1.17.1,Gamma,243.357142857143,0,0
2021-12-11,254,0,286,0,0,1.71540244574416e-06,0.00873694720119021,P.1 OR P.1.1 OR P.1.2 OR P.1.3 OR P.1.4 OR P.1.5 OR P.1.6 OR P.1.7 OR P.1.7.1 OR P.1.8 OR P.1.9 OR P.1.10 OR P.1.10.1 OR P.1.10.2 OR P.1.11 OR P.1.12 OR P.1.12.1 OR P.1.13 OR P.1.14 OR P.1.15 OR P.1.16 OR P.1.17 OR P.1.17.1,Gamma,251.5,0,0
2021-12-12,179,0,274.142857142857,0,0,1.79046094772534e-06,0.0091174896132951,P.1 OR P.1.1 OR P.1.2 OR P.1.3 OR P.1.4 OR P.1.5 OR P.1.6 OR P.1.7 OR P.1.7.1 OR P.1.8 OR P.1.9 OR P.1.10 OR P.1.10.1 OR P.1.10.2 OR P.1.11 OR P.1.12 OR P.1.12.1 OR P.1.13 OR P.1.14 OR P.1.15 OR P.1.16 OR P.1.17 OR P.1.17.1,Gamma,258.428571428571,0,0
2021-12-13,364,0,272.142857142857,0,0,1.8036139896233e-06,0.00918415975237434,P.1 OR P.1.1 OR P.1.2 OR P.1.3 OR P.1.4 OR P.1.5 OR P.1.6 OR P.1.7 OR P.1.7.1 OR P.1.8 OR P.1.9 OR P.1.10 OR P.1.10.1 OR P.1.10.2 OR P.1.11 OR P.1.12 OR P.1.12.1 OR P.1.13 OR P.1.14 OR P.1.15 OR P.1.16 OR P.1.17 OR P.1.17.1,Gamma,268.642857142857,0,0
2021-12-14,245,0,269.571428571429,0,0,1.81696171071969e-06,0.00925181209426767,P.1 OR P.1.1 OR P.1.2 OR P.1.3 OR P.1.4 OR P.1.5 OR P.1.6 OR P.1.7 OR P.1.7.1 OR P.1.8 OR P.1.9 OR P.1.10 OR P.1.10.1 OR P.1.10.2 OR P.1.11 OR P.1.12 OR P.1.12.1 OR P.1.13 OR P.1.14 OR P.1.15 OR P.1.16 OR P.1.17 OR P.1.17.1,Gamma,274.928571428571,0,0
2021-12-15,279,0,250,0,0,1.96217315378124e-06,0.00998751145709409,P.1 OR P.1.1 OR P.1.2 OR P.1.3 OR P.1.4 OR P.1.5 OR P.1.6 OR P.1.7 OR P.1.7.1 OR P.1.8 OR P.1.9 OR P.1.10 OR P.1.10.1 OR P.1.10.2 OR P.1.11 OR P.1.12 OR P.1.12.1 OR P.1.13 OR P.1.14 OR P.1.15 OR P.1.16 OR P.1.17 OR P.1.17.1,Gamma,280.285714285714,0,0
2021-12-16,143,0,249.428571428571,0,0,1.97004544766414e-06,0.010027380033247,P.1 OR P.1.1 OR P.1.2 OR P.1.3 OR P.1.4 OR P.1.5 OR P.1.6 OR P.1.7 OR P.1.7.1 OR P.1.8 OR P.1.9 OR P.1.10 OR P.1.10.1 OR P.1.10.2 OR P.1.11 OR P.1.12 OR P.1.12.1 OR P.1.13 OR P.1.14 OR P.1.15 OR P.1.16 OR P.1.17 OR P.1.17.1,Gamma,274,0,0
2021-12-17,296,0,251.428571428571,0,0,1.9543635247696e-06,0.00994795865499283,P.1 OR P.1.1 OR P.1.2 OR P.1.3 OR P.1.4 OR P.1.5 OR P.1.6 OR P.1.7 OR P.1.7.1 OR P.1.8 OR P.1.9 OR P.1.10 OR P.1.10.1 OR P.1.10.2 OR P.1.11 OR P.1.12 OR P.1.12.1 OR P.1.13 OR P.1.14 OR P.1.15 OR P.1.16 OR P.1.17 OR P.1.17.1,Gamma,268.214285714286,0,0
2021-12-18,254,0,251.428571428571,0,0,1.9543635247696e-06,0.00994795865499283,P.1 OR P.1.1 OR P.1.2 OR P.1.3 OR P.1.4 OR P.1.5 OR P.1.6 OR P.1.7 OR P.1.7.1 OR P.1.8 OR P.1.9 OR P.1.10 OR P.1.10.1 OR P.1.10.2 OR P.1.11 OR P.1.12 OR P.1.12.1 OR P.1.13 OR P.1.14 OR P.1.15 OR P.1.16 OR P.1.17 OR P.1.17.1,Gamma,268.714285714286,0,0
2021-12-19,129,0,244.285714285714,0,0,2.01037382890293e-06,0.0102315945721852,P.1 OR P.1.1 OR P.1.2 OR P.1.3 OR P.1.4 OR P.1.5 OR P.1.6 OR P.1.7 OR P.1.7.1 OR P.1.8 OR P.1.9 OR P.1.10 OR P.1.10.1 OR P.1.10.2 OR P.1.11 OR P.1.12 OR P.1.12.1 OR P.1.13 OR P.1.14 OR P.1.15 OR P.1.16 OR P.1.17 OR P.1.17.1,Gamma,259.214285714286,0,0
2021-12-20,285,0,233,0,0,2.10518224905609e-06,0.0107115187370326,P.1 OR P.1.1 OR P.1.2 OR P.1.3 OR P.1.4 OR P.1.5 OR P.1.6 OR P.1.7 OR P.1.7.1 OR P.1.8 OR P.1.9 OR P.1.10 OR P.1.10.1 OR P.1.10.2 OR P.1.11 OR P.1.12 OR P.1.12.1 OR P.1.13 OR P.1.14 OR P.1.15 OR P.1.16 OR P.1.17 OR P.1.17.1,Gamma,252.571428571429,0,0
2021-12-21,191,0,225.285714285714,0,0,2.17994992603348e-06,0.0110898316436594,P.1 OR P.1.1 OR P.1.2 OR P.1.3 OR P.1.4 OR P.1.5 OR P.1.6 OR P.1.7 OR P.1.7.1 OR P.1.8 OR P.1.9 OR P.1.10 OR P.1.10.1 OR P.1.10.2 OR P.1.11 OR P.1.12 OR P.1.12.1 OR P.1.13 OR P.1.14 OR P.1.15 OR P.1.16 OR P.1.17 OR P.1.17.1,Gamma,247.428571428571,0,0
2021-12-22,266,0,223.428571428571,0,0,2.19947910682983e-06,0.0111886224450171,P.1 OR P.1.1 OR P.1.2 OR P.1.3 OR P.1.4 OR P.1.5 OR P.1.6 OR P.1.7 OR P.1.7.1 OR P.1.8 OR P.1.9 OR P.1.10 OR P.1.10.1 OR P.1.10.2 OR P.1.11 OR P.1.12 OR P.1.12.1 OR P.1.13 OR P.1.14 OR P.1.15 OR P.1.16 OR P.1.17 OR P.1.17.1,Gamma,236.714285714286,0,0
2021-12-23,245,0,238,0,0,2.06100223360826e-06,0.0104879066322085,P.1 OR P.1.1 OR P.1.2 OR P.1.3 OR P.1.4 OR P.1.5 OR P.1.6 OR P.1.7 OR P.1.7.1 OR P.1.8 OR P.1.9 OR P.1.10 OR P.1.10.1 OR P.1.10.2 OR P.1.11 OR P.1.12 OR P.1.12.1 OR P.1.13 OR P.1.14 OR P.1.15 OR P.1.16 OR P.1.17 OR P.1.17.1,Gamma,243.714285714286,0,0
2021-12-24,382,0,250.285714285714,0,0,1.96217315378124e-06,0.00998751145709409,P.1 OR P.1.1 OR P.1.2 OR P.1.3 OR P.1.4 OR P.1.5 OR P.1.6 OR P.1.7 OR P.1.7.1 OR P.1.8 OR P.1.9 OR P.1.10 OR P.1.10.1 OR P.1.10.2 OR P.1.11 OR P.1.12 OR P.1.12.1 OR P.1.13 OR P.1.14 OR P.1.15 OR P.1.16 OR P.1.17 OR P.1.17.1,Gamma,250.857142857143,0,0
2021-12-25,240,0,248.285714285714,0,0,1.97798116369526e-06,0.0100675681800939,P.1 OR P.1.1 OR P.1.2 OR P.1.3 OR P.1.4 OR P.1.5 OR P.1.6 OR P.1.7 OR P.1.7.1 OR P.1.8 OR P.1.9 OR P.1.10 OR P.1.10.1 OR P.1.10.2 OR P.1.11 OR P.1.12 OR P.1.12.1 OR P.1.13 OR P.1.14 OR P.1.15 OR P.1.16 OR P.1.17 OR P.1.17.1,Gamma,249.857142857143,0,0
2021-12-26,144,0,250.428571428571,0,0,1.96217315378124e-06,0.00998751145709409,P.1 OR P.1.1 OR P.1.2 OR P.1.3 OR P.1.4 OR P.1.5 OR P.1.6 OR P.1.7 OR P.1.7.1 OR P.1.8 OR P.1.9 OR P.1.10 OR P.1.10.1 OR P.1.10.2 OR P.1.11 OR P.1.12 OR P.1.12.1 OR P.1.13 OR P.1.14 OR P.1.15 OR P.1.16 OR P.1.17 OR P.1.17.1,Gamma,247.357142857143,0,0
2021-12-27,353,0,260.142857142857,0,0,1.88677759353946e-06,0.00960559556754755,P.1 OR P.1.1 OR P.1.2 OR P.1.3 OR P.1.4 OR P.1.5 OR P.1.6 OR P.1.7 OR P.1.7.1 OR P.1.8 OR P.1.9 OR P.1.10 OR P.1.10.1 OR P.1.10.2 OR P.1.11 OR P.1.12 OR P.1.12.1 OR P.1.13 OR P.1.14 OR P.1.15 OR P.1.16 OR P.1.17 OR P.1.17.1,Gamma,246.571428571429,0,0
2021-12-28,423,0,293.285714285714,0,0,1.67445513720291e-06,0.00852928501168656,P.1 OR P.1.1 OR P.1.2 OR P.1.3 OR P.1.4 OR P.1.5 OR P.1.6 OR P.1.7 OR P.1.7.1 OR P.1.8 OR P.1.9 OR P.1.10 OR P.1.10.1 OR P.1.10.2 OR P.1.11 OR P.1.12 OR P.1.12.1 OR P.1.13 OR P.1.14 OR P.1.15 OR P.1.16 OR P.1.17 OR P.1.17.1,Gamma,259.285714285714,0,0
2021-12-29,624,0,344.428571428571,0,0,1.42638802863867e-06,0.00727029467044418,P.1 OR P.1.1 OR P.1.2 OR P.1.3 OR P.1.4 OR P.1.5 OR P.1.6 OR P.1.7 OR P.1.7.1 OR P.1.8 OR P.1.9 OR P.1.10 OR P.1.10.1 OR P.1.10.2 OR P.1.11 OR P.1.12 OR P.1.12.1 OR P.1.13 OR P.1.14 OR P.1.15 OR P.1.16 OR P.1.17 OR P.1.17.1,Gamma,283.928571428571,0,0
2021-12-30,254,0,345.714285714286,0,0,1.41814897436462e-06,0.00722845239275987,P.1 OR P.1.1 OR P.1.2 OR P.1.3 OR P.1.4 OR P.1.5 OR P.1.6 OR P.1.7 OR P.1.7.1 OR P.1.8 OR P.1.9 OR P.1.10 OR P.1.10.1 OR P.1.10.2 OR P.1.11 OR P.1.12 OR P.1.12.1 OR P.1.13 OR P.1.14 OR P.1.15 OR P.1.16 OR P.1.17 OR P.1.17.1,Gamma,291.857142857143,0,0
2021-12-31,415,0,350.428571428571,0,0,1.40195314563278e-06,0.00714619626199126,P.1 OR P.1.1 OR P.1.2 OR P.1.3 OR P.1.4 OR P.1.5 OR P.1.6 OR P.1.7 OR P.1.7.1 OR P.1.8 OR P.1.9 OR P.1.10 OR P.1.10.1 OR P.1.10.2 OR P.1.11 OR P.1.12 OR P.1.12.1 OR P.1.13 OR P.1.14 OR P.1.15 OR P.1.16 OR P.1.17 OR P.1.17.1,Gamma,300.357142857143,0,0
2022-01-01,140,0,336.142857142857,0,0,1.46032435476781e-06,0.00744262269941402,P.1 OR P.1.1 OR P.1.2 OR P.1.3 OR P.1.4 OR P.1.5 OR P.1.6 OR P.1.7 OR P.1.7.1 OR P.1.8 OR P.1.9 OR P.1.10 OR P.1.10.1 OR P.1.10.2 OR P.1.11 OR P.1.12 OR P.1.12.1 OR P.1.13 OR P.1.14 OR P.1.15 OR P.1.16 OR P.1.17 OR P.1.17.1,Gamma,292.214285714286,0,0
2022-01-02,265,0,353.428571428571,0,0,1.39004697607276e-06,0.00708572230502691,P.1 OR P.1.1 OR P.1.2 OR P.1.3 OR P.1.4 OR P.1.5 OR P.1.6 OR P.1.7 OR P.1.7.1 OR P.1.8 OR P.1.9 OR P.1.10 OR P.1.10.1 OR P.1.10.2 OR P.1.11 OR P.1.12 OR P.1.12.1 OR P.1.13 OR P.1.14 OR P.1.15 OR P.1.16 OR P.1.17 OR P.1.17.1,Gamma,301.928571428571,0,0
2022-01-03,624,0,392.142857142857,0,0,1.25183977431262e-06,0.00638346901413674,P.1 OR P.1.1 OR P.1.2 OR P.1.3 OR P.1.4 OR P.1.5 OR P.1.6 OR P.1.7 OR P.1.7.1 OR P.1.8 OR P.1.9 OR P.1.10 OR P.1.10.1 OR P.1.10.2 OR P.1.11 OR P.1.12 OR P.1.12.1 OR P.1.13 OR P.1.14 OR P.1.15 OR P.1.16 OR P.1.17 OR P.1.17.1,Gamma,326.142857142857,0,0
2022-01-04,872,0,456.285714285714,0,0,1.0762393876448e-06,0.00549049830240912,P.1 OR P.1.1 OR P.1.2 OR P.1.3 OR P.1.4 OR P.1.5 OR P.1.6 OR P.1.7 OR P.1.7.1 OR P.1.8 OR P.1.9 OR P.1.10 OR P.1.10.1 OR P.1.10.2 OR P.1.11 OR P.1.12 OR P.1.12.1 OR P.1.13 OR P.1.14 OR P.1.15 OR P.1.16 OR P.1.17 OR P.1.17.1,Gamma,374.785714285714,0,0
2022-01-05,643,0,459,0,0,1.06920897833332e-06,0.00545473025474581,P.1 OR P.1.1 OR P.1.2 OR P.1.3 OR P.1.4 OR P.1.5 OR P.1.6 OR P.1.7 OR P.1.7.1 OR P.1.8 OR P.1.9 OR P.1.10 OR P.1.10.1 OR P.1.10.2 OR P.1.11 OR P.1.12 OR P.1.12.1 OR P.1.13 OR P.1.14 OR P.1.15 OR P.1.16 OR P.1.17 OR P.1.17.1,Gamma,401.714285714286,0,0
2022-01-06,581,0,505.714285714286,0,0,9.69944218382986e-07,0.00494957158416971,P.1 OR P.1.1 OR P.1.2 OR P.1.3 OR P.1.4 OR P.1.5 OR P.1.6 OR P.1.7 OR P.1.7.1 OR P.1.8 OR P.1.9 OR P.1.10 OR P.1.10.1 OR P.1.10.2 OR P.1.11 OR P.1.12 OR P.1.12.1 OR P.1.13 OR P.1.14 OR P.1.15 OR P.1.16 OR P.1.17 OR P.1.17.1,Gamma,425.714285714286,0,0
2022-01-07,571,0,528,0,0,9.29549030495685e-07,0.00474392689774478,P.1 OR P.1.1 OR P.1.2 OR P.1.3 OR P.1.4 OR P.1.5 OR P.1.6 OR P.1.7 OR P.1.7.1 OR P.1.8 OR P.1.9 OR P.1.10 OR P.1.10.1 OR P.1.10.2 OR P.1.11 OR P.1.12 OR P.1.12.1 OR P.1.13 OR P.1.14 OR P.1.15 OR P.1.16 OR P.1.17 OR P.1.17.1,Gamma,439.214285714286,0,0
2022-01-08,380,0,562.285714285714,0,0,8.73338009090679e-07,0.00445769590554764,P.1 OR P.1.1 OR P.1.2 OR P.1.3 OR P.1.4 OR P.1.5 OR P.1.6 OR P.1.7 OR P.1.7.1 OR P.1.8 OR P.1.9 OR P.1.10 OR P.1.10.1 OR P.1.10.2 OR P.1.11 OR P.1.12 OR P.1.12.1 OR P.1.13 OR P.1.14 OR P.1.15 OR P.1.16 OR P.1.17 OR P.1.17.1,Gamma,449.214285714286,0,0
2022-01-09,407,0,582.571428571429,0,0,8.4189336779339e-07,0.00429754138655595,P.1 OR P.1.1 OR P.1.2 OR P.1.3 OR P.1.4 OR P.1.5 OR P.1.6 OR P.1.7 OR P.1.7.1 OR P.1.8 OR P.1.9 OR P.1.10 OR P.1.10.1 OR P.1.10.2 OR P.1.11 OR P.1.12 OR P.1.12.1 OR P.1.13 OR P.1.14 OR P.1.15 OR P.1.16 OR P.1.17 OR P.1.17.1,Gamma,468,0,0
2022-01-10,829,0,611.857142857143,0,0,8.02016040390226e-07,0.00409440027447702,P.1 OR P.1.1 OR P.1.2 OR P.1.3 OR P.1.4 OR P.1.5 OR P.1.6 OR P.1.7 OR P.1.7.1 OR P.1.8 OR P.1.9 OR P.1.10 OR P.1.10.1 OR P.1.10.2 OR P.1.11 OR P.1.12 OR P.1.12.1 OR P.1.13 OR P.1.14 OR P.1.15 OR P.1.16 OR P.1.17 OR P.1.17.1,Gamma,502,0,0
2022-01-11,744,0,593.571428571429,0,0,8.2630931804231e-07,0.00421815882284329,P.1 OR P.1.1 OR P.1.2 OR P.1.3 OR P.1.4 OR P.1.5 OR P.1.6 OR P.1.7 OR P.1.7.1 OR P.1.8 OR P.1.9 OR P.1.10 OR P.1.10.1 OR P.1.10.2 OR P.1.11 OR P.1.12 OR P.1.12.1 OR P.1.13 OR P.1.14 OR P.1.15 OR P.1.16 OR P.1.17 OR P.1.17.1,Gamma,524.928571428572,0,0
2022-01-12,885,0,628.142857142857,0,0,7.81590653088724e-07,0.00399033422487778,P.1 OR P.1.1 OR P.1.2 OR P.1.3 OR P.1.4 OR P.1.5 OR P.1.6 OR P.1.7 OR P.1.7.1 OR P.1.8 OR P.1.9 OR P.1.10 OR P.1.10.1 OR P.1.10.2 OR P.1.11 OR P.1.12 OR P.1.12.1 OR P.1.13 OR P.1.14 OR P.1.15 OR P.1.16 OR P.1.17 OR P.1.17.1,Gamma,543.571428571429,0,0
2022-01-13,638,0,636.285714285714,0,0,7.71763192436238e-07,0.00394026006307474,P.1 OR P.1.1 OR P.1.2 OR P.1.3 OR P.1.4 OR P.1.5 OR P.1.6 OR P.1.7 OR P.1.7.1 OR P.1.8 OR P.1.9 OR P.1.10 OR P.1.10.1 OR P.1.10.2 OR P.1.11 OR P.1.12 OR P.1.12.1 OR P.1.13 OR P.1.14 OR P.1.15 OR P.1.16 OR P.1.17 OR P.1.17.1,Gamma,571,0,0
2022-01-14,691,0,653.428571428572,0,0,7.51679047940275e-07,0.00383791687554485,P.1 OR P.1.1 OR P.1.2 OR P.1.3 OR P.1.4 OR P.1.5 OR P.1.6 OR P.1.7 OR P.1.7.1 OR P.1.8 OR P.1.9 OR P.1.10 OR P.1.10.1 OR P.1.10.2 OR P.1.11 OR P.1.12 OR P.1.12.1 OR P.1.13 OR P.1.14 OR P.1.15 OR P.1.16 OR P.1.17 OR P.1.17.1,Gamma,590.714285714286,0,0
2022-01-15,598,0,684.571428571429,0,0,7.16576942673204e-07,0.00365902110650706,P.1 OR P.1.1 OR P.1.2 OR P.1.3 OR P.1.4 OR P.1.5 OR P.1.6 OR P.1.7 OR P.1.7.1 OR P.1.8 OR P.1.9 OR P.1.10 OR P.1.10.1 OR P.1.10.2 OR P.1.11 OR P.1.12 OR P.1.12.1 OR P.1.13 OR P.1.14 OR P.1.15 OR P.1.16 OR P.1.17 OR P.1.17.1,Gamma,623.428571428572,0,0
2022-01-16,402,0,683.857142857143,0,0,7.1762418650101e-07,0.0036643587866291,P.1 OR P.1.1 OR P.1.2 OR P.1.3 OR P.1.4 OR P.1.5 OR P.1.6 OR P.1.7 OR P.1.7.1 OR P.1.8 OR P.1.9 OR P.1.10 OR P.1.10.1 OR P.1.10.2 OR P.1.11 OR P.1.12 OR P.1.12.1 OR P.1.13 OR P.1.14 OR P.1.15 OR P.1.16 OR P.1.17 OR P.1.17.1,Gamma,633.214285714286,0,0
2022-01-17,987,0,706.428571428572,0,0,6.95269886177195e-07,0.00355041530548675,P.1 OR P.1.1 OR P.1.2 OR P.1.3 OR P.1.4 OR P.1.5 OR P.1.6 OR P.1.7 OR P.1.7.1 OR P.1.8 OR P.1.9 OR P.1.10 OR P.1.10.1 OR P.1.10.2 OR P.1.11 OR P.1.12 OR P.1.12.1 OR P.1.13 OR P.1.14 OR P.1.15 OR P.1.16 OR P.1.17 OR P.1.17.1,Gamma,659.142857142857,0,0
2022-01-18,890,0,727.285714285714,0,0,6.75193350007751e-07,0.00344807084970464,P.1 OR P.1.1 OR P.1.2 OR P.1.3 OR P.1.4 OR P.1.5 OR P.1.6 OR P.1.7 OR P.1.7.1 OR P.1.8 OR P.1.9 OR P.1.10 OR P.1.10.1 OR P.1.10.2 OR P.1.11 OR P.1.12 OR P.1.12.1 OR P.1.13 OR P.1.14 OR P.1.15 OR P.1.16 OR P.1.17 OR P.1.17.1,Gamma,660.428571428572,0,0
2022-01-19,813,0,717,0,0,6.8460698594329e-07,0.00349606018981415,P.1 OR P.1.1 OR P.1.2 OR P.1.3 OR P.1.4 OR P.1.5 OR P.1.6 OR P.1.7 OR P.1.7.1 OR P.1.8 OR P.1.9 OR P.1.10 OR P.1.10.1 OR P.1.10.2 OR P.1.11 OR P.1.12 OR P.1.12.1 OR P.1.13 OR P.1.14 OR P.1.15 OR P.1.16 OR P.1.17 OR P.1.17.1,Gamma,672.571428571429,0,0
2022-01-20,787,0,738.285714285714,0,0,6.65132905006126e-07,0.00339678161687033,P.1 OR P.1.1 OR P.1.2 OR P.1.3 OR P.1.4 OR P.1.5 OR P.1.6 OR P.1.7 OR P.1.7.1 OR P.1.8 OR P.1.9 OR P.1.10 OR P.1.10.1 OR P.1.10.2 OR P.1.11 OR P.1.12 OR P.1.12.1 OR P.1.13 OR P.1.14 OR P.1.15 OR P.1.16 OR P.1.17 OR P.1.17.1,Gamma,687.285714285714,0,0
2022-01-21,752,0,747,0,0,6.57121940129315e-07,0.00335593896679908,P.1 OR P.1.1 OR P.1.2 OR P.1.3 OR P.1.4 OR P.1.5 OR P.1.6 OR P.1.7 OR P.1.7.1 OR P.1.8 OR P.1.9 OR P.1.10 OR P.1.10.1 OR P.1.10.2 OR P.1.11 OR P.1.12 OR P.1.12.1 OR P.1.13 OR P.1.14 OR P.1.15 OR P.1.16 OR P.1.17 OR P.1.17.1,Gamma,700.214285714286,0,0
2022-01-22,662,0,756.142857142857,0,0,6.49301649366632e-07,0.00331606682435235,P.1 OR P.1.1 OR P.1.2 OR P.1.3 OR P.1.4 OR P.1.5 OR P.1.6 OR P.1.7 OR P.1.7.1 OR P.1.8 OR P.1.9 OR P.1.10 OR P.1.10.1 OR P.1.10.2 OR P.1.11 OR P.1.12 OR P.1.12.1 OR P.1.13 OR P.1.14 OR P.1.15 OR P.1.16 OR P.1.17 OR P.1.17.1,Gamma,720.357142857143,0,0
2022-01-23,536,0,775.285714285714,0,0,6.33388426364676e-07,0.00323492753798591,P.1 OR P.1.1 OR P.1.2 OR P.1.3 OR P.1.4 OR P.1.5 OR P.1.6 OR P.1.7 OR P.1.7.1 OR P.1.8 OR P.1.9 OR P.1.10 OR P.1.10.1 OR P.1.10.2 OR P.1.11 OR P.1.12 OR P.1.12.1 OR P.1.13 OR P.1.14 OR P.1.15 OR P.1.16 OR P.1.17 OR P.1.17.1,Gamma,729.571428571429,0,0
2022-01-24,957,0,771,0,0,6.36673421674493e-07,0.00325167780815255,P.1 OR P.1.1 OR P.1.2 OR P.1.3 OR P.1.4 OR P.1.5 OR P.1.6 OR P.1.7 OR P.1.7.1 OR P.1.8 OR P.1.9 OR P.1.10 OR P.1.10.1 OR P.1.10.2 OR P.1.11 OR P.1.12 OR P.1.12.1 OR P.1.13 OR P.1.14 OR P.1.15 OR P.1.16 OR P.1.17 OR P.1.17.1,Gamma,738.714285714286,0,0
2022-01-25,1122,0,804.142857142857,0,0,6.10549437309075e-07,0.00311846320131434,P.1 OR P.1.1 OR P.1.2 OR P.1.3 OR P.1.4 OR P.1.5 OR P.1.6 OR P.1.7 OR P.1.7.1 OR P.1.8 OR P.1.9 OR P.1.10 OR P.1.10.1 OR P.1.10.2 OR P.1.11 OR P.1.12 OR P.1.12.1 OR P.1.13 OR P.1.14 OR P.1.15 OR P.1.16 OR P.1.17 OR P.1.17.1,Gamma,765.714285714286,0,0
2022-01-26,933,0,821.285714285714,0,0,5.97910975989286e-07,0.00305400922831571,P.1 OR P.1.1 OR P.1.2 OR P.1.3 OR P.1.4 OR P.1.5 OR P.1.6 OR P.1.7 OR P.1.7.1 OR P.1.8 OR P.1.9 OR P.1.10 OR P.1.10.1 OR P.1.10.2 OR P.1.11 OR P.1.12 OR P.1.12.1 OR P.1.13 OR P.1.14 OR P.1.15 OR P.1.16 OR P.1.17 OR P.1.17.1,Gamma,769.142857142857,0,0
2022-01-27,826,0,826.857142857143,0,0,5.9357436134839e-07,0.00303189228134088,P.1 OR P.1.1 OR P.1.2 OR P.1.3 OR P.1.4 OR P.1.5 OR P.1.6 OR P.1.7 OR P.1.7.1 OR P.1.8 OR P.1.9 OR P.1.10 OR P.1.10.1 OR P.1.10.2 OR P.1.11 OR P.1.12 OR P.1.12.1 OR P.1.13 OR P.1.14 OR P.1.15 OR P.1.16 OR P.1.17 OR P.1.17.1,Gamma,782.571428571429,0,0
2022-01-28,708,0,820.571428571429,0,0,5.97910975989286e-07,0.00305400922831571,P.1 OR P.1.1 OR P.1.2 OR P.1.3 OR P.1.4 OR P.1.5 OR P.1.6 OR P.1.7 OR P.1.7.1 OR P.1.8 OR P.1.9 OR P.1.10 OR P.1.10.1 OR P.1.10.2 OR P.1.11 OR P.1.12 OR P.1.12.1 OR P.1.13 OR P.1.14 OR P.1.15 OR P.1.16 OR P.1.17 OR P.1.17.1,Gamma,783.785714285714,0,0
2022-01-29,589,0,810.142857142857,0,0,6.06028246115822e-07,0.00309540638469937,P.1 OR P.1.1 OR P.1.2 OR P.1.3 OR P.1.4 OR P.1.5 OR P.1.6 OR P.1.7 OR P.1.7.1 OR P.1.8 OR P.1.9 OR P.1.10 OR P.1.10.1 OR P.1.10.2 OR P.1.11 OR P.1.12 OR P.1.12.1 OR P.1.13 OR P.1.14 OR P.1.15 OR P.1.16 OR P.1.17 OR P.1.17.1,Gamma,783.142857142857,0,0
2022-01-30,430,0,795,0,0,6.17459142055661e-07,0.0031536997419933,P.1 OR P.1.1 OR P.1.2 OR P.1.3 OR P.1.4 OR P.1.5 OR P.1.6 OR P.1.7 OR P.1.7.1 OR P.1.8 OR P.1.9 OR P.1.10 OR P.1.10.1 OR P.1.10.2 OR P.1.11 OR P.1.12 OR P.1.12.1 OR P.1.13 OR P.1.14 OR P.1.15 OR P.1.16 OR P.1.17 OR P.1.17.1,Gamma,785.142857142857,0,0
2022-01-31,1200,0,829.714285714286,0,0,5.91429558703428e-07,0.00302095350151769,P.1 OR P.1.1 OR P.1.2 OR P.1.3 OR P.1.4 OR P.1.5 OR P.1.6 OR P.1.7 OR P.1.7.1 OR P.1.8 OR P.1.9 OR P.1.10 OR P.1.10.1 OR P.1.10.2 OR P.1.11 OR P.1.12 OR P.1.12.1 OR P.1.13 OR P.1.14 OR P.1.15 OR P.1.16 OR P.1.17 OR P.1.17.1,Gamma,800.357142857143,0,0
2022-02-01,1003,0,812.714285714286,0,0,6.03792667860699e-07,0.00308400536082948,P.1 OR P.1.1 OR P.1.2 OR P.1.3 OR P.1.4 OR P.1.5 OR P.1.6 OR P.1.7 OR P.1.7.1 OR P.1.8 OR P.1.9 OR P.1.10 OR P.1.10.1 OR P.1.10.2 OR P.1.11 OR P.1.12 OR P.1.12.1 OR P.1.13 OR P.1.14 OR P.1.15 OR P.1.16 OR P.1.17 OR P.1.17.1,Gamma,808.428571428572,0,0
2022-02-02,849,0,800.714285714286,0,0,6.12835424919209e-07,0.00313012089885434,P.1 OR P.1.1 OR P.1.2 OR P.1.3 OR P.1.4 OR P.1.5 OR P.1.6 OR P.1.7 OR P.1.7.1 OR P.1.8 OR P.1.9 OR P.1.10 OR P.1.10.1 OR P.1.10.2 OR P.1.11 OR P.1.12 OR P.1.12.1 OR P.1.13 OR P.1.14 OR P.1.15 OR P.1.16 OR P.1.17 OR P.1.17.1,Gamma,811,0,0
2022-02-03,765,0,792,0,0,6.19797263441908e-07,0.00316562287961599,P.1 OR P.1.1 OR P.1.2 OR P.1.3 OR P.1.4 OR P.1.5 OR P.1.6 OR P.1.7 OR P.1.7.1 OR P.1.8 OR P.1.9 OR P.1.10 OR P.1.10.1 OR P.1.10.2 OR P.1.11 OR P.1.12 OR P.1.12.1 OR P.1.13 OR P.1.14 OR P.1.15 OR P.1.16 OR P.1.17 OR P.1.17.1,Gamma,809.428571428571,0,0
2022-02-04,819,0,807.857142857143,0,0,6.07527851446728e-07,0.00310305401357381,P.1 OR P.1.1 OR P.1.2 OR P.1.3 OR P.1.4 OR P.1.5 OR P.1.6 OR P.1.7 OR P.1.7.1 OR P.1.8 OR P.1.9 OR P.1.10 OR P.1.10.1 OR P.1.10.2 OR P.1.11 OR P.1.12 OR P.1.12.1 OR P.1.13 OR P.1.14 OR P.1.15 OR P.1.16 OR P.1.17 OR P.1.17.1,Gamma,814.214285714286,0,0
2022-02-05,474,0,791.428571428572,0,0,6.20580577195968e-07,0.00316961731857368,P.1 OR P.1.1 OR P.1.2 OR P.1.3 OR P.1.4 OR P.1.5 OR P.1.6 OR P.1.7 OR P.1.7.1 OR P.1.8 OR P.1.9 OR P.1.10 OR P.1.10.1 OR P.1.10.2 OR P.1.11 OR P.1.12 OR P.1.12.1 OR P.1.13 OR P.1.14 OR P.1.15 OR P.1.16 OR P.1.17 OR P.1.17.1,Gamma,800.785714285714,0,0
2022-02-06,489,0,799.857142857143,0,0,6.13601229576654e-07,0.00313402619096842,P.1 OR P.1.1 OR P.1.2 OR P.1.3 OR P.1.4 OR P.1.5 OR P.1.6 OR P.1.7 OR P.1.7.1 OR P.1.8 OR P.1.9 OR P.1.10 OR P.1.10.1 OR P.1.10.2 OR P.1.11 OR P.1.12 OR P.1.12.1 OR P.1.13 OR P.1.14 OR P.1.15 OR P.1.16 OR P.1.17 OR P.1.17.1,Gamma,797.428571428571,0,0
2022-02-07,1035,0,776.285714285714,0,0,6.32572467383238e-07,0.00323076689984937,P.1 OR P.1.1 OR P.1.2 OR P.1.3 OR P.1.4 OR P.1.5 OR P.1.6 OR P.1.7 OR P.1.7.1 OR P.1.8 OR P.1.9 OR P.1.10 OR P.1.10.1 OR P.1.10.2 OR P.1.11 OR P.1.12 OR P.1.12.1 OR P.1.13 OR P.1.14 OR P.1.15 OR P.1.16 OR P.1.17 OR P.1.17.1,Gamma,803,0,0
2022-02-08,890,0,760.142857142857,0,0,6.45885397505271e-07,0.00329864839328195,P.1 OR P.1.1 OR P.1.2 OR P.1.3 OR P.1.4 OR P.1.5 OR P.1.6 OR P.1.7 OR P.1.7.1 OR P.1.8 OR P.1.9 OR P.1.10 OR P.1.10.1 OR P.1.10.2 OR P.1.11 OR P.1.12 OR P.1.12.1 OR P.1.13 OR P.1.14 OR P.1.15 OR P.1.16 OR P.1.17 OR P.1.17.1,Gamma,786.428571428572,0,0
2022-02-09,530,0,714.571428571429,0,0,6.8652130028677e-07,0.00350581880179708,P.1 OR P.1.1 OR P.1.2 OR P.1.3 OR P.1.4 OR P.1.5 OR P.1.6 OR P.1.7 OR P.1.7.1 OR P.1.8 OR P.1.9 OR P.1.10 OR P.1.10.1 OR P.1.10.2 OR P.1.11 OR P.1.12 OR P.1.12.1 OR P.1.13 OR P.1.14 OR P.1.15 OR P.1.16 OR P.1.17 OR P.1.17.1,Gamma,757.642857142857,0,0
2022-02-10,498,0,676.428571428571,0,0,7.26113636596825e-07,0.00370762747196209,P.1 OR P.1.1 OR P.1.2 OR P.1.3 OR P.1.4 OR P.1.5 OR P.1.6 OR P.1.7 OR P.1.7.1 OR P.1.8 OR P.1.9 OR P.1.10 OR P.1.10.1 OR P.1.10.2 OR P.1.11 OR P.1.12 OR P.1.12.1 OR P.1.13 OR P.1.14 OR P.1.15 OR P.1.16 OR P.1.17 OR P.1.17.1,Gamma,734.214285714286,0,0
2022-02-11,293,0,601.285714285714,0,0,8.16689090419805e-07,0.00416915182022254,P.1 OR P.1.1 OR P.1.2 OR P.1.3 OR P.1.4 OR P.1.5 OR P.1.6 OR P.1.7 OR P.1.7.1 OR P.1.8 OR P.1.9 OR P.1.10 OR P.1.10.1 OR P.1.10.2 OR P.1.11 OR P.1.12 OR P.1.12.1 OR P.1.13 OR P.1.14 OR P.1.15 OR P.1.16 OR P.1.17 OR P.1.17.1,Gamma,704.571428571429,0,0
2022-02-12,341,0,582.285714285714,0,0,8.43339297991354e-07,0.00430490639424358,P.1 OR P.1.1 OR P.1.2 OR P.1.3 OR P.1.4 OR P.1.5 OR P.1.6 OR P.1.7 OR P.1.7.1 OR P.1.8 OR P.1.9 OR P.1.10 OR P.1.10.1 OR P.1.10.2 OR P.1.11 OR P.1.12 OR P.1.12.1 OR P.1.13 OR P.1.14 OR P.1.15 OR P.1.16 OR P.1.17 OR P.1.17.1,Gamma,686.857142857143,0,0
2022-02-13,222,0,544.142857142857,0,0,9.02221929729579e-07,0.00460478540775873,P.1 OR P.1.1 OR P.1.2 OR P.1.3 OR P.1.4 OR P.1.5 OR P.1.6 OR P.1.7 OR P.1.7.1 OR P.1.8 OR P.1.9 OR P.1.10 OR P.1.10.1 OR P.1.10.2 OR P.1.11 OR P.1.12 OR P.1.12.1 OR P.1.13 OR P.1.14 OR P.1.15 OR P.1.16 OR P.1.17 OR P.1.17.1,Gamma,672,0,0
2022-02-14,732,0,500.857142857143,0,0,9.796194652986e-07,0.00499882022998554,P.1 OR P.1.1 OR P.1.2 OR P.1.3 OR P.1.4 OR P.1.5 OR P.1.6 OR P.1.7 OR P.1.7.1 OR P.1.8 OR P.1.9 OR P.1.10 OR P.1.10.1 OR P.1.10.2 OR P.1.11 OR P.1.12 OR P.1.12.1 OR P.1.13 OR P.1.14 OR P.1.15 OR P.1.16 OR P.1.17 OR P.1.17.1,Gamma,638.571428571429,0,0
2022-02-15,404,0,431.428571428572,0,0,1.13863002086409e-06,0.00580786174474194,P.1 OR P.1.1 OR P.1.2 OR P.1.3 OR P.1.4 OR P.1.5 OR P.1.6 OR P.1.7 OR P.1.7.1 OR P.1.8 OR P.1.9 OR P.1.10 OR P.1.10.1 OR P.1.10.2 OR P.1.11 OR P.1.12 OR P.1.12.1 OR P.1.13 OR P.1.14 OR P.1.15 OR P.1.16 OR P.1.17 OR P.1.17.1,Gamma,595.785714285714,0,0
2022-02-16,316,0,400.857142857143,0,0,1.22376115337859e-06,0.00624073626986596,P.1 OR P.1.1 OR P.1.2 OR P.1.3 OR P.1.4 OR P.1.5 OR P.1.6 OR P.1.7 OR P.1.7.1 OR P.1.8 OR P.1.9 OR P.1.10 OR P.1.10.1 OR P.1.10.2 OR P.1.11 OR P.1.12 OR P.1.12.1 OR P.1.13 OR P.1.14 OR P.1.15 OR P.1.16 OR P.1.17 OR P.1.17.1,Gamma,557.714285714286,0,0
2022-02-17,290,0,371.142857142857,0,0,1.32265083497164e-06,0.00674333357427535,P.1 OR P.1.1 OR P.1.2 OR P.1.3 OR P.1.4 OR P.1.5 OR P.1.6 OR P.1.7 OR P.1.7.1 OR P.1.8 OR P.1.9 OR P.1.10 OR P.1.10.1 OR P.1.10.2 OR P.1.11 OR P.1.12 OR P.1.12.1 OR P.1.13 OR P.1.14 OR P.1.15 OR P.1.16 OR P.1.17 OR P.1.17.1,Gamma,523.785714285714,0,0
2022-02-18,245,0,364.285714285714,0,0,1.34806894144398e-06,0.00687247758261282,P.1 OR P.1.1 OR P.1.2 OR P.1.3 OR P.1.4 OR P.1.5 OR P.1.6 OR P.1.7 OR P.1.7.1 OR P.1.8 OR P.1.9 OR P.1.10 OR P.1.10.1 OR P.1.10.2 OR P.1.11 OR P.1.12 OR P.1.12.1 OR P.1.13 OR P.1.14 OR P.1.15 OR P.1.16 OR P.1.17 OR P.1.17.1,Gamma,482.785714285714,0,0
2022-02-19,152,0,337.285714285714,0,0,1.45599426584914e-06,0.00742063625426931,P.1 OR P.1.1 OR P.1.2 OR P.1.3 OR P.1.4 OR P.1.5 OR P.1.6 OR P.1.7 OR P.1.7.1 OR P.1.8 OR P.1.9 OR P.1.10 OR P.1.10.1 OR P.1.10.2 OR P.1.11 OR P.1.12 OR P.1.12.1 OR P.1.13 OR P.1.14 OR P.1.15 OR P.1.16 OR P.1.17 OR P.1.17.1,Gamma,459.785714285714,0,0
2022-02-20,192,0,333,0,0,1.47347054345676e-06,0.00750937075927116,P.1 OR P.1.1 OR P.1.2 OR P.1.3 OR P.1.4 OR P.1.5 OR P.1.6 OR P.1.7 OR P.1.7.1 OR P.1.8 OR P.1.9 OR P.1.10 OR P.1.10.1 OR P.1.10.2 OR P.1.11 OR P.1.12 OR P.1.12.1 OR P.1.13 OR P.1.14 OR P.1.15 OR P.1.16 OR P.1.17 OR P.1.17.1,Gamma,438.571428571429,0,0
2022-02-21,403,0,286,0,0,1.71540244574416e-06,0.00873694720119021,P.1 OR P.1.1 OR P.1.2 OR P.1.3 OR P.1.4 OR P.1.5 OR P.1.6 OR P.1.7 OR P.1.7.1 OR P.1.8 OR P.1.9 OR P.1.10 OR P.1.10.1 OR P.1.10.2 OR P.1.11 OR P.1.12 OR P.1.12.1 OR P.1.13 OR P.1.14 OR P.1.15 OR P.1.16 OR P.1.17 OR P.1.17.1,Gamma,393.428571428571,0,0
2022-02-22,275,0,267.571428571429,0,0,1.83050846542382e-06,0.00932046850498606,P.1 OR P.1.1 OR P.1.2 OR P.1.3 OR P.1.4 OR P.1.5 OR P.1.6 OR P.1.7 OR P.1.7.1 OR P.1.8 OR P.1.9 OR P.1.10 OR P.1.10.1 OR P.1.10.2 OR P.1.11 OR P.1.12 OR P.1.12.1 OR P.1.13 OR P.1.14 OR P.1.15 OR P.1.16 OR P.1.17 OR P.1.17.1,Gamma,349.5,0,0
2022-02-23,137,0,242,0,0,2.02697130802396e-06,0.0103156285154405,P.1 OR P.1.1 OR P.1.2 OR P.1.3 OR P.1.4 OR P.1.5 OR P.1.6 OR P.1.7 OR P.1.7.1 OR P.1.8 OR P.1.9 OR P.1.10 OR P.1.10.1 OR P.1.10.2 OR P.1.11 OR P.1.12 OR P.1.12.1 OR P.1.13 OR P.1.14 OR P.1.15 OR P.1.16 OR P.1.17 OR P.1.17.1,Gamma,321.428571428571,0,0
2022-02-24,159,0,223.285714285714,0,0,2.19947910682983e-06,0.0111886224450171,P.1 OR P.1.1 OR P.1.2 OR P.1.3 OR P.1.4 OR P.1.5 OR P.1.6 OR P.1.7 OR P.1.7.1 OR P.1.8 OR P.1.9 OR P.1.10 OR P.1.10.1 OR P.1.10.2 OR P.1.11 OR P.1.12 OR P.1.12.1 OR P.1.13 OR P.1.14 OR P.1.15 OR P.1.16 OR P.1.17 OR P.1.17.1,Gamma,297.214285714286,0,0
2022-02-25,258,0,225.142857142857,0,0,2.17994992603348e-06,0.0110898316436594,P.1 OR P.1.1 OR P.1.2 OR P.1.3 OR P.1.4 OR P.1.5 OR P.1.6 OR P.1.7 OR P.1.7.1 OR P.1.8 OR P.1.9 OR P.1.10 OR P.1.10.1 OR P.1.10.2 OR P.1.11 OR P.1.12 OR P.1.12.1 OR P.1.13 OR P.1.14 OR P.1.15 OR P.1.16 OR P.1.17 OR P.1.17.1,Gamma,294.714285714286,0,0
2022-02-26,113,0,219.571428571429,0,0,2.22943788784192e-06,0.011340153493315,P.1 OR P.1.1 OR P.1.2 OR P.1.3 OR P.1.4 OR P.1.5 OR P.1.6 OR P.1.7 OR P.1.7.1 OR P.1.8 OR P.1.9 OR P.1.10 OR P.1.10.1 OR P.1.10.2 OR P.1.11 OR P.1.12 OR P.1.12.1 OR P.1.13 OR P.1.14 OR P.1.15 OR P.1.16 OR P.1.17 OR P.1.17.1,Gamma,278.428571428571,0,0
2022-02-27,82,0,203.857142857143,0,0,2.40408127492379e-06,0.0122230347180468,P.1 OR P.1.1 OR P.1.2 OR P.1.3 OR P.1.4 OR P.1.5 OR P.1.6 OR P.1.7 OR P.1.7.1 OR P.1.8 OR P.1.9 OR P.1.10 OR P.1.10.1 OR P.1.10.2 OR P.1.11 OR P.1.12 OR P.1.12.1 OR P.1.13 OR P.1.14 OR P.1.15 OR P.1.16 OR P.1.17 OR P.1.17.1,Gamma,268.428571428571,0,0
2022-02-28,384,0,201.142857142857,0,0,2.43991841268647e-06,0.0124041059820151,P.1 OR P.1.1 OR P.1.2 OR P.1.3 OR P.1.4 OR P.1.5 OR P.1.6 OR P.1.7 OR P.1.7.1 OR P.1.8 OR P.1.9 OR P.1.10 OR P.1.10.1 OR P.1.10.2 OR P.1.11 OR P.1.12 OR P.1.12.1 OR P.1.13 OR P.1.14 OR P.1.15 OR P.1.16 OR P.1.17 OR P.1.17.1,Gamma,243.571428571429,0,0
2022-03-01,196,0,189.857142857143,0,0,2.58099080591376e-06,0.0131165679010523,P.1 OR P.1.1 OR P.1.2 OR P.1.3 OR P.1.4 OR P.1.5 OR P.1.6 OR P.1.7 OR P.1.7.1 OR P.1.8 OR P.1.9 OR P.1.10 OR P.1.10.1 OR P.1.10.2 OR P.1.11 OR P.1.12 OR P.1.12.1 OR P.1.13 OR P.1.14 OR P.1.15 OR P.1.16 OR P.1.17 OR P.1.17.1,Gamma,228.714285714286,0,0
2022-03-02,124,0,188,0,0,2.60841160708543e-06,0.0132549922531687,P.1 OR P.1.1 OR P.1.2 OR P.1.3 OR P.1.4 OR P.1.5 OR P.1.6 OR P.1.7 OR P.1.7.1 OR P.1.8 OR P.1.9 OR P.1.10 OR P.1.10.1 OR P.1.10.2 OR P.1.11 OR P.1.12 OR P.1.12.1 OR P.1.13 OR P.1.14 OR P.1.15 OR P.1.16 OR P.1.17 OR P.1.17.1,Gamma,215,0,0
2022-03-03,106,0,180.428571428571,0,0,2.7241798463776e-06,0.0138391937404528,P.1 OR P.1.1 OR P.1.2 OR P.1.3 OR P.1.4 OR P.1.5 OR P.1.6 OR P.1.7 OR P.1.7.1 OR P.1.8 OR P.1.9 OR P.1.10 OR P.1.10.1 OR P.1.10.2 OR P.1.11 OR P.1.12 OR P.1.12.1 OR P.1.13 OR P.1.14 OR P.1.15 OR P.1.16 OR P.1.17 OR P.1.17.1,Gamma,201.857142857143,0,0
2022-03-04,169,0,167.714285714286,0,0,2.91847429308968e-06,0.0148188845320305,P.1 OR P.1.1 OR P.1.2 OR P.1.3 OR P.1.4 OR P.1.5 OR P.1.6 OR P.1.7 OR P.1.7.1 OR P.1.8 OR P.1.9 OR P.1.10 OR P.1.10.1 OR P.1.10.2 OR P.1.11 OR P.1.12 OR P.1.12.1 OR P.1.13 OR P.1.14 OR P.1.15 OR P.1.16 OR P.1.17 OR P.1.17.1,Gamma,196.428571428571,0,0
2022-03-05,118,0,168.428571428571,0,0,2.91847429308968e-06,0.0148188845320305,P.1 OR P.1.1 OR P.1.2 OR P.1.3 OR P.1.4 OR P.1.5 OR P.1.6 OR P.1.7 OR P.1.7.1 OR P.1.8 OR P.1.9 OR P.1.10 OR P.1.10.1 OR P.1.10.2 OR P.1.11 OR P.1.12 OR P.1.12.1 OR P.1.13 OR P.1.14 OR P.1.15 OR P.1.16 OR P.1.17 OR P.1.17.1,Gamma,194,0,0
2022-03-06,79,0,168,0,0,2.91847429308968e-06,0.0148188845320305,P.1 OR P.1.1 OR P.1.2 OR P.1.3 OR P.1.4 OR P.1.5 OR P.1.6 OR P.1.7 OR P.1.7.1 OR P.1.8 OR P.1.9 OR P.1.10 OR P.1.10.1 OR P.1.10.2 OR P.1.11 OR P.1.12 OR P.1.12.1 OR P.1.13 OR P.1.14 OR P.1.15 OR P.1.16 OR P.1.17 OR P.1.17.1,Gamma,185.928571428571,0,0
2022-03-07,358,0,164.285714285714,0,0,2.98954797948663e-06,0.0151770160346656,P.1 OR P.1.1 OR P.1.2 OR P.1.3 OR P.1.4 OR P.1.5 OR P.1.6 OR P.1.7 OR P.1.7.1 OR P.1.8 OR P.1.9 OR P.1.10 OR P.1.10.1 OR P.1.10.2 OR P.1.11 OR P.1.12 OR P.1.12.1 OR P.1.13 OR P.1.14 OR P.1.15 OR P.1.16 OR P.1.17 OR P.1.17.1,Gamma,182.714285714286,0,0
2022-03-08,145,0,157,0,0,3.1226274796481e-06,0.0158472368930627,P.1 OR P.1.1 OR P.1.2 OR P.1.3 OR P.1.4 OR P.1.5 OR P.1.6 OR P.1.7 OR P.1.7.1 OR P.1.8 OR P.1.9 OR P.1.10 OR P.1.10.1 OR P.1.10.2 OR P.1.11 OR P.1.12 OR P.1.12.1 OR P.1.13 OR P.1.14 OR P.1.15 OR P.1.16 OR P.1.17 OR P.1.17.1,Gamma,173.428571428571,0,0
2022-03-09,77,0,150.285714285714,0,0,3.26810699680149e-06,0.016579385114365,P.1 OR P.1.1 OR P.1.2 OR P.1.3 OR P.1.4 OR P.1.5 OR P.1.6 OR P.1.7 OR P.1.7.1 OR P.1.8 OR P.1.9 OR P.1.10 OR P.1.10.1 OR P.1.10.2 OR P.1.11 OR P.1.12 OR P.1.12.1 OR P.1.13 OR P.1.14 OR P.1.15 OR P.1.16 OR P.1.17 OR P.1.17.1,Gamma,169.142857142857,0,0
2022-03-10,76,0,146,0,0,3.35749071194876e-06,0.0170289521886297,P.1 OR P.1.1 OR P.1.2 OR P.1.3 OR P.1.4 OR P.1.5 OR P.1.6 OR P.1.7 OR P.1.7.1 OR P.1.8 OR P.1.9 OR P.1.10 OR P.1.10.1 OR P.1.10.2 OR P.1.11 OR P.1.12 OR P.1.12.1 OR P.1.13 OR P.1.14 OR P.1.15 OR P.1.16 OR P.1.17 OR P.1.17.1,Gamma,163.214285714286,0,0
2022-03-11,216,0,152.714285714286,0,0,3.20413127789015e-06,0.0162574845530713,P.1 OR P.1.1 OR P.1.2 OR P.1.3 OR P.1.4 OR P.1.5 OR P.1.6 OR P.1.7 OR P.1.7.1 OR P.1.8 OR P.1.9 OR P.1.10 OR P.1.10.1 OR P.1.10.2 OR P.1.11 OR P.1.12 OR P.1.12.1 OR P.1.13 OR P.1.14 OR P.1.15 OR P.1.16 OR P.1.17 OR P.1.17.1,Gamma,160.214285714286,0,0
2022-03-12,74,0,146.428571428571,0,0,3.35749071194876e-06,0.0170289521886297,P.1 OR P.1.1 OR P.1.2 OR P.1.3 OR P.1.4 OR P.1.5 OR P.1.6 OR P.1.7 OR P.1.7.1 OR P.1.8 OR P.1.9 OR P.1.10 OR P.1.10.1 OR P.1.10.2 OR P.1.11 OR P.1.12 OR P.1.12.1 OR P.1.13 OR P.1.14 OR P.1.15 OR P.1.16 OR P.1.17 OR P.1.17.1,Gamma,157.428571428571,0,0
2022-03-13,49,0,142.142857142857,0,0,3.45190124791903e-06,0.0175035789898406,P.1 OR P.1.1 OR P.1.2 OR P.1.3 OR P.1.4 OR P.1.5 OR P.1.6 OR P.1.7 OR P.1.7.1 OR P.1.8 OR P.1.9 OR P.1.10 OR P.1.10.1 OR P.1.10.2 OR P.1.11 OR P.1.12 OR P.1.12.1 OR P.1.13 OR P.1.14 OR P.1.15 OR P.1.16 OR P.1.17 OR P.1.17.1,Gamma,155.071428571429,0,0
2022-03-14,220,0,122.428571428571,0,0,4.01662613795073e-06,0.0203378159097935,P.1 OR P.1.1 OR P.1.2 OR P.1.3 OR P.1.4 OR P.1.5 OR P.1.6 OR P.1.7 OR P.1.7.1 OR P.1.8 OR P.1.9 OR P.1.10 OR P.1.10.1 OR P.1.10.2 OR P.1.11 OR P.1.12 OR P.1.12.1 OR P.1.13 OR P.1.14 OR P.1.15 OR P.1.16 OR P.1.17 OR P.1.17.1,Gamma,143.357142857143,0,0
2022-03-15,235,0,135.285714285714,0,0,3.63055695453752e-06,0.0184011011034599,P.1 OR P.1.1 OR P.1.2 OR P.1.3 OR P.1.4 OR P.1.5 OR P.1.6 OR P.1.7 OR P.1.7.1 OR P.1.8 OR P.1.9 OR P.1.10 OR P.1.10.1 OR P.1.10.2 OR P.1.11 OR P.1.12 OR P.1.12.1 OR P.1.13 OR P.1.14 OR P.1.15 OR P.1.16 OR P.1.17 OR P.1.17.1,Gamma,146.142857142857,0,0
2022-03-16,67,0,133.857142857143,0,0,3.65760006640101e-06,0.0185368874969057,P.1 OR P.1.1 OR P.1.2 OR P.1.3 OR P.1.4 OR P.1.5 OR P.1.6 OR P.1.7 OR P.1.7.1 OR P.1.8 OR P.1.9 OR P.1.10 OR P.1.10.1 OR P.1.10.2 OR P.1.11 OR P.1.12 OR P.1.12.1 OR P.1.13 OR P.1.14 OR P.1.15 OR P.1.16 OR P.1.17 OR P.1.17.1,Gamma,142.071428571429,0,0
2022-03-17,114,0,139.285714285714,0,0,3.52626859045616e-06,0.0178772818689058,P.1 OR P.1.1 OR P.1.2 OR P.1.3 OR P.1.4 OR P.1.5 OR P.1.6 OR P.1.7 OR P.1.7.1 OR P.1.8 OR P.1.9 OR P.1.10 OR P.1.10.1 OR P.1.10.2 OR P.1.11 OR P.1.12 OR P.1.12.1 OR P.1.13 OR P.1.14 OR P.1.15 OR P.1.16 OR P.1.17 OR P.1.17.1,Gamma,142.642857142857,0,0
2022-03-18,107,0,123.714285714286,0,0,3.95197258781667e-06,0.02001374837691,P.1 OR P.1.1 OR P.1.2 OR P.1.3 OR P.1.4 OR P.1.5 OR P.1.6 OR P.1.7 OR P.1.7.1 OR P.1.8 OR P.1.9 OR P.1.10 OR P.1.10.1 OR P.1.10.2 OR P.1.11 OR P.1.12 OR P.1.12.1 OR P.1.13 OR P.1.14 OR P.1.15 OR P.1.16 OR P.1.17 OR P.1.17.1,Gamma,138.214285714286,0,0
2022-03-19,64,0,122.285714285714,0,0,4.01662613795073e-06,0.0203378159097935,P.1 OR P.1.1 OR P.1.2 OR P.1.3 OR P.1.4 OR P.1.5 OR P.1.6 OR P.1.7 OR P.1.7.1 OR P.1.8 OR P.1.9 OR P.1.10 OR P.1.10.1 OR P.1.10.2 OR P.1.11 OR P.1.12 OR P.1.12.1 OR P.1.13 OR P.1.14 OR P.1.15 OR P.1.16 OR P.1.17 OR P.1.17.1,Gamma,134.357142857143,0,0
2022-03-20,39,0,120.857142857143,0,0,4.04975274408481e-06,0.0205038171686234,P.1 OR P.1.1 OR P.1.2 OR P.1.3 OR P.1.4 OR P.1.5 OR P.1.6 OR P.1.7 OR P.1.7.1 OR P.1.8 OR P.1.9 OR P.1.10 OR P.1.10.1 OR P.1.10.2 OR P.1.11 OR P.1.12 OR P.1.12.1 OR P.1.13 OR P.1.14 OR P.1.15 OR P.1.16 OR P.1.17 OR P.1.17.1,Gamma,131.5,0,0
2022-03-21,127,0,107.571428571429,0,0,4.53609362576091e-06,0.0229376894287247,P.1 OR P.1.1 OR P.1.2 OR P.1.3 OR P.1.4 OR P.1.5 OR P.1.6 OR P.1.7 OR P.1.7.1 OR P.1.8 OR P.1.9 OR P.1.10 OR P.1.10.1 OR P.1.10.2 OR P.1.11 OR P.1.12 OR P.1.12.1 OR P.1.13 OR P.1.14 OR P.1.15 OR P.1.16 OR P.1.17 OR P.1.17.1,Gamma,115,0,0
2022-03-22,71,0,84.1428571428572,0,0,5.82826071412354e-06,0.0293749147247891,P.1 OR P.1.1 OR P.1.2 OR P.1.3 OR P.1.4 OR P.1.5 OR P.1.6 OR P.1.7 OR P.1.7.1 OR P.1.8 OR P.1.9 OR P.1.10 OR P.1.10.1 OR P.1.10.2 OR P.1.11 OR P.1.12 OR P.1.12.1 OR P.1.13 OR P.1.14 OR P.1.15 OR P.1.16 OR P.1.17 OR P.1.17.1,Gamma,109.714285714286,0,0
2022-03-23,99,0,88.7142857142857,0,0,5.50175104573027e-06,0.0277523522582762,P.1 OR P.1.1 OR P.1.2 OR P.1.3 OR P.1.4 OR P.1.5 OR P.1.6 OR P.1.7 OR P.1.7.1 OR P.1.8 OR P.1.9 OR P.1.10 OR P.1.10.1 OR P.1.10.2 OR P.1.11 OR P.1.12 OR P.1.12.1 OR P.1.13 OR P.1.14 OR P.1.15 OR P.1.16 OR P.1.17 OR P.1.17.1,Gamma,111.285714285714,0,0
2022-03-24,89,0,85.1428571428571,0,0,5.75989480802187e-06,0.0290354006417662,P.1 OR P.1.1 OR P.1.2 OR P.1.3 OR P.1.4 OR P.1.5 OR P.1.6 OR P.1.7 OR P.1.7.1 OR P.1.8 OR P.1.9 OR P.1.10 OR P.1.10.1 OR P.1.10.2 OR P.1.11 OR P.1.12 OR P.1.12.1 OR P.1.13 OR P.1.14 OR P.1.15 OR P.1.16 OR P.1.17 OR P.1.17.1,Gamma,112.214285714286,0,0
2022-03-25,99,0,84,0,0,5.82826071412354e-06,0.0293749147247891,P.1 OR P.1.1 OR P.1.2 OR P.1.3 OR P.1.4 OR P.1.5 OR P.1.6 OR P.1.7 OR P.1.7.1 OR P.1.8 OR P.1.9 OR P.1.10 OR P.1.10.1 OR P.1.10.2 OR P.1.11 OR P.1.12 OR P.1.12.1 OR P.1.13 OR P.1.14 OR P.1.15 OR P.1.16 OR P.1.17 OR P.1.17.1,Gamma,103.857142857143,0,0
2022-03-26,39,0,80.4285714285714,0,0,6.1187622791363e-06,0.0308162584924402,P.1 OR P.1.1 OR P.1.2 OR P.1.3 OR P.1.4 OR P.1.5 OR P.1.6 OR P.1.7 OR P.1.7.1 OR P.1.8 OR P.1.9 OR P.1.10 OR P.1.10.1 OR P.1.10.2 OR P.1.11 OR P.1.12 OR P.1.12.1 OR P.1.13 OR P.1.14 OR P.1.15 OR P.1.16 OR P.1.17 OR P.1.17.1,Gamma,101.357142857143,0,0
2022-03-27,23,0,78.1428571428571,0,0,6.27515030178844e-06,0.0315913009128417,P.1 OR P.1.1 OR P.1.2 OR P.1.3 OR P.1.4 OR P.1.5 OR P.1.6 OR P.1.7 OR P.1.7.1 OR P.1.8 OR P.1.9 OR P.1.10 OR P.1.10.1 OR P.1.10.2 OR P.1.11 OR P.1.12 OR P.1.12.1 OR P.1.13 OR P.1.14 OR P.1.15 OR P.1.16 OR P.1.17 OR P.1.17.1,Gamma,99.5,0,0
2022-03-28,249,0,95.5714285714286,0,0,5.10162752373203e-06,0.0257602683918616,P.1 OR P.1.1 OR P.1.2 OR P.1.3 OR P.1.4 OR P.1.5 OR P.1.6 OR P.1.7 OR P.1.7.1 OR P.1.8 OR P.1.9 OR P.1.10 OR P.1.10.1 OR P.1.10.2 OR P.1.11 OR P.1.12 OR P.1.12.1 OR P.1.13 OR P.1.14 OR P.1.15 OR P.1.16 OR P.1.17 OR P.1.17.1,Gamma,101.571428571429,0,0
2022-03-29,128,0,103.714285714286,0,0,4.71013899098436e-06,0.023807220500457,P.1 OR P.1.1 OR P.1.2 OR P.1.3 OR P.1.4 OR P.1.5 OR P.1.6 OR P.1.7 OR P.1.7.1 OR P.1.8 OR P.1.9 OR P.1.10 OR P.1.10.1 OR P.1.10.2 OR P.1.11 OR P.1.12 OR P.1.12.1 OR P.1.13 OR P.1.14 OR P.1.15 OR P.1.16 OR P.1.17 OR P.1.17.1,Gamma,93.9285714285714,0,0
2022-03-30,62,0,98.4285714285714,0,0,4.99777853866861e-06,0.0252425707593752,P.1 OR P.1.1 OR P.1.2 OR P.1.3 OR P.1.4 OR P.1.5 OR P.1.6 OR P.1.7 OR P.1.7.1 OR P.1.8 OR P.1.9 OR P.1.10 OR P.1.10.1 OR P.1.10.2 OR P.1.11 OR P.1.12 OR P.1.12.1 OR P.1.13 OR P.1.14 OR P.1.15 OR P.1.16 OR P.1.17 OR P.1.17.1,Gamma,93.5714285714286,0,0
2022-03-31,94,0,99.1428571428571,0,0,4.94742353317848e-06,0.0249914468604415,P.1 OR P.1.1 OR P.1.2 OR P.1.3 OR P.1.4 OR P.1.5 OR P.1.6 OR P.1.7 OR P.1.7.1 OR P.1.8 OR P.1.9 OR P.1.10 OR P.1.10.1 OR P.1.10.2 OR P.1.11 OR P.1.12 OR P.1.12.1 OR P.1.13 OR P.1.14 OR P.1.15 OR P.1.16 OR P.1.17 OR P.1.17.1,Gamma,92.1428571428571,0,0
2022-04-01,44,0,91.2857142857143,0,0,5.38116596142488e-06,0.0271524283382124,P.1 OR P.1.1 OR P.1.2 OR P.1.3 OR P.1.4 OR P.1.5 OR P.1.6 OR P.1.7 OR P.1.7.1 OR P.1.8 OR P.1.9 OR P.1.10 OR P.1.10.1 OR P.1.10.2 OR P.1.11 OR P.1.12 OR P.1.12.1 OR P.1.13 OR P.1.14 OR P.1.15 OR P.1.16 OR P.1.17 OR P.1.17.1,Gamma,87.6428571428571,0,0
2022-04-02,10,0,87.1428571428571,0,0,5.62786430389776e-06,0.0283793831889142,P.1 OR P.1.1 OR P.1.2 OR P.1.3 OR P.1.4 OR P.1.5 OR P.1.6 OR P.1.7 OR P.1.7.1 OR P.1.8 OR P.1.9 OR P.1.10 OR P.1.10.1 OR P.1.10.2 OR P.1.11 OR P.1.12 OR P.1.12.1 OR P.1.13 OR P.1.14 OR P.1.15 OR P.1.16 OR P.1.17 OR P.1.17.1,Gamma,83.7857142857143,0,0
2022-04-03,6,0,84.7142857142857,0,0,5.75989480802187e-06,0.0290354006417662,P.1 OR P.1.1 OR P.1.2 OR P.1.3 OR P.1.4 OR P.1.5 OR P.1.6 OR P.1.7 OR P.1.7.1 OR P.1.8 OR P.1.9 OR P.1.10 OR P.1.10.1 OR P.1.10.2 OR P.1.11 OR P.1.12 OR P.1.12.1 OR P.1.13 OR P.1.14 OR P.1.15 OR P.1.16 OR P.1.17 OR P.1.17.1,Gamma,81.4285714285714,0,0
2022-04-04,124,0,66.8571428571429,0,0,7.30155200012784e-06,0.0366626561611633,P.1 OR P.1.1 OR P.1.2 OR P.1.3 OR P.1.4 OR P.1.5 OR P.1.6 OR P.1.7 OR P.1.7.1 OR P.1.8 OR P.1.9 OR P.1.10 OR P.1.10.1 OR P.1.10.2 OR P.1.11 OR P.1.12 OR P.1.12.1 OR P.1.13 OR P.1.14 OR P.1.15 OR P.1.16 OR P.1.17 OR P.1.17.1,Gamma,81.2142857142857,0,0
2022-04-05,78,0,59.7142857142857,0,0,8.14984778982563e-06,0.0408339228668985,P.1 OR P.1.1 OR P.1.2 OR P.1.3 OR P.1.4 OR P.1.5 OR P.1.6 OR P.1.7 OR P.1.7.1 OR P.1.8 OR P.1.9 OR P.1.10 OR P.1.10.1 OR P.1.10.2 OR P.1.11 OR P.1.12 OR P.1.12.1 OR P.1.13 OR P.1.14 OR P.1.15 OR P.1.16 OR P.1.17 OR P.1.17.1,Gamma,81.7142857142857,0,0
2022-04-06,12,0,52.5714285714286,0,0,9.22116209664496e-06,0.0460759758318105,P.1 OR P.1.1 OR P.1.2 OR P.1.3 OR P.1.4 OR P.1.5 OR P.1.6 OR P.1.7 OR P.1.7.1 OR P.1.8 OR P.1.9 OR P.1.10 OR P.1.10.1 OR P.1.10.2 OR P.1.11 OR P.1.12 OR P.1.12.1 OR P.1.13 OR P.1.14 OR P.1.15 OR P.1.16 OR P.1.17 OR P.1.17.1,Gamma,75.5,0,0
2022-04-07,66,0,48.5714285714286,0,0,9.97006665728702e-06,0.049723385287822,P.1 OR P.1.1 OR P.1.2 OR P.1.3 OR P.1.4 OR P.1.5 OR P.1.6 OR P.1.7 OR P.1.7.1 OR P.1.8 OR P.1.9 OR P.1.10 OR P.1.10.1 OR P.1.10.2 OR P.1.11 OR P.1.12 OR P.1.12.1 OR P.1.13 OR P.1.14 OR P.1.15 OR P.1.16 OR P.1.17 OR P.1.17.1,Gamma,73.8571428571429,0,0
2022-04-08,28,0,46.2857142857143,0,0,1.06167519271196e-05,0.0528617046392331,P.1 OR P.1.1 OR P.1.2 OR P.1.3 OR P.1.4 OR P.1.5 OR P.1.6 OR P.1.7 OR P.1.7.1 OR P.1.8 OR P.1.9 OR P.1.10 OR P.1.10.1 OR P.1.10.2 OR P.1.11 OR P.1.12 OR P.1.12.1 OR P.1.13 OR P.1.14 OR P.1.15 OR P.1.16 OR P.1.17 OR P.1.17.1,Gamma,68.7857142857143,0,0
2022-04-09,4,0,45.4285714285714,0,0,1.08513679206047e-05,0.0539977096907176,P.1 OR P.1.1 OR P.1.2 OR P.1.3 OR P.1.4 OR P.1.5 OR P.1.6 OR P.1.7 OR P.1.7.1 OR P.1.8 OR P.1.9 OR P.1.10 OR P.1.10.1 OR P.1.10.2 OR P.1.11 OR P.1.12 OR P.1.12.1 OR P.1.13 OR P.1.14 OR P.1.15 OR P.1.16 OR P.1.17 OR P.1.17.1,Gamma,66.2857142857143,0,0
2022-04-10,6,0,45.4285714285714,0,0,1.08513679206047e-05,0.0539977096907176,P.1 OR P.1.1 OR P.1.2 OR P.1.3 OR P.1.4 OR P.1.5 OR P.1.6 OR P.1.7 OR P.1.7.1 OR P.1.8 OR P.1.9 OR P.1.10 OR P.1.10.1 OR P.1.10.2 OR P.1.11 OR P.1.12 OR P.1.12.1 OR P.1.13 OR P.1.14 OR P.1.15 OR P.1.16 OR P.1.17 OR P.1.17.1,Gamma,65.0714285714286,0,0
2022-04-11,98,0,41.7142857142857,0,0,1.16218486873075e-05,0.0577187584875909,P.1 OR P.1.1 OR P.1.2 OR P.1.3 OR P.1.4 OR P.1.5 OR P.1.6 OR P.1.7 OR P.1.7.1 OR P.1.8 OR P.1.9 OR P.1.10 OR P.1.10.1 OR P.1.10.2 OR P.1.11 OR P.1.12 OR P.1.12.1 OR P.1.13 OR P.1.14 OR P.1.15 OR P.1.16 OR P.1.17 OR P.1.17.1,Gamma,54.2857142857143,0,0
2022-04-12,60,0,39.1428571428571,0,0,1.25101025353066e-05,0.0619903842693526,P.1 OR P.1.1 OR P.1.2 OR P.1.3 OR P.1.4 OR P.1.5 OR P.1.6 OR P.1.7 OR P.1.7.1 OR P.1.8 OR P.1.9 OR P.1.10 OR P.1.10.1 OR P.1.10.2 OR P.1.11 OR P.1.12 OR P.1.12.1 OR P.1.13 OR P.1.14 OR P.1.15 OR P.1.16 OR P.1.17 OR P.1.17.1,Gamma,49.4285714285714,0,0
2022-04-13,15,0,39.5714285714286,0,0,1.21993065751864e-05,0.0604979752140797,P.1 OR P.1.1 OR P.1.2 OR P.1.3 OR P.1.4 OR P.1.5 OR P.1.6 OR P.1.7 OR P.1.7.1 OR P.1.8 OR P.1.9 OR P.1.10 OR P.1.10.1 OR P.1.10.2 OR P.1.11 OR P.1.12 OR P.1.12.1 OR P.1.13 OR P.1.14 OR P.1.15 OR P.1.16 OR P.1.17 OR P.1.17.1,Gamma,46.0714285714286,0,0
2022-04-14,10,0,31.5714285714286,0,0,1.52253043245215e-05,0.0749277634292839,P.1 OR P.1.1 OR P.1.2 OR P.1.3 OR P.1.4 OR P.1.5 OR P.1.6 OR P.1.7 OR P.1.7.1 OR P.1.8 OR P.1.9 OR P.1.10 OR P.1.10.1 OR P.1.10.2 OR P.1.11 OR P.1.12 OR P.1.12.1 OR P.1.13 OR P.1.14 OR P.1.15 OR P.1.16 OR P.1.17 OR P.1.17.1,Gamma,40.0714285714286,0,0
2022-04-15,34,0,32.4285714285714,0,0,1.52253043245215e-05,0.0749277634292839,P.1 OR P.1.1 OR P.1.2 OR P.1.3 OR P.1.4 OR P.1.5 OR P.1.6 OR P.1.7 OR P.1.7.1 OR P.1.8 OR P.1.9 OR P.1.10 OR P.1.10.1 OR P.1.10.2 OR P.1.11 OR P.1.12 OR P.1.12.1 OR P.1.13 OR P.1.14 OR P.1.15 OR P.1.16 OR P.1.17 OR P.1.17.1,Gamma,39.3571428571429,0,0
2022-04-16,4,0,32.4285714285714,0,0,1.52253043245215e-05,0.0749277634292839,P.1 OR P.1.1 OR P.1.2 OR P.1.3 OR P.1.4 OR P.1.5 OR P.1.6 OR P.1.7 OR P.1.7.1 OR P.1.8 OR P.1.9 OR P.1.10 OR P.1.10.1 OR P.1.10.2 OR P.1.11 OR P.1.12 OR P.1.12.1 OR P.1.13 OR P.1.14 OR P.1.15 OR P.1.16 OR P.1.17 OR P.1.17.1,Gamma,38.9285714285714,0,0
2022-04-17,3,0,32,0,0,1.52253043245215e-05,0.0749277634292839,P.1 OR P.1.1 OR P.1.2 OR P.1.3 OR P.1.4 OR P.1.5 OR P.1.6 OR P.1.7 OR P.1.7.1 OR P.1.8 OR P.1.9 OR P.1.10 OR P.1.10.1 OR P.1.10.2 OR P.1.11 OR P.1.12 OR P.1.12.1 OR P.1.13 OR P.1.14 OR P.1.15 OR P.1.16 OR P.1.17 OR P.1.17.1,Gamma,38.7142857142857,0,0
2022-04-18,3,0,18.4285714285714,0,0,2.69031173009093e-05,0.12855821182176,P.1 OR P.1.1 OR P.1.2 OR P.1.3 OR P.1.4 OR P.1.5 OR P.1.6 OR P.1.7 OR P.1.7.1 OR P.1.8 OR P.1.9 OR P.1.10 OR P.1.10.1 OR P.1.10.2 OR P.1.11 OR P.1.12 OR P.1.12.1 OR P.1.13 OR P.1.14 OR P.1.15 OR P.1.16 OR P.1.17 OR P.1.17.1,Gamma,30.0714285714286,0,0
2022-04-19,25,0,13.4285714285714,0,0,3.70519332987658e-05,0.172619445282057,P.1 OR P.1.1 OR P.1.2 OR P.1.3 OR P.1.4 OR P.1.5 OR P.1.6 OR P.1.7 OR P.1.7.1 OR P.1.8 OR P.1.9 OR P.1.10 OR P.1.10.1 OR P.1.10.2 OR P.1.11 OR P.1.12 OR P.1.12.1 OR P.1.13 OR P.1.14 OR P.1.15 OR P.1.16 OR P.1.17 OR P.1.17.1,Gamma,26.2857142857143,0,0
2022-04-20,9,0,12.5714285714286,0,0,3.70519332987658e-05,0.172619445282057,P.1 OR P.1.1 OR P.1.2 OR P.1.3 OR P.1.4 OR P.1.5 OR P.1.6 OR P.1.7 OR P.1.7.1 OR P.1.8 OR P.1.9 OR P.1.10 OR P.1.10.1 OR P.1.10.2 OR P.1.11 OR P.1.12 OR P.1.12.1 OR P.1.13 OR P.1.14 OR P.1.15 OR P.1.16 OR P.1.17 OR P.1.17.1,Gamma,26.0714285714286,0,0
2022-04-21,8,0,12.2857142857143,0,0,4.00753100765989e-05,0.185305938312485,P.1 OR P.1.1 OR P.1.2 OR P.1.3 OR P.1.4 OR P.1.5 OR P.1.6 OR P.1.7 OR P.1.7.1 OR P.1.8 OR P.1.9 OR P.1.10 OR P.1.10.1 OR P.1.10.2 OR P.1.11 OR P.1.12 OR P.1.12.1 OR P.1.13 OR P.1.14 OR P.1.15 OR P.1.16 OR P.1.17 OR P.1.17.1,Gamma,21.9285714285714,0,0
2022-04-22,10,0,8.85714285714286,0,0,5.3064053418493e-05,0.237610098632903,P.1 OR P.1.1 OR P.1.2 OR P.1.3 OR P.1.4 OR P.1.5 OR P.1.6 OR P.1.7 OR P.1.7.1 OR P.1.8 OR P.1.9 OR P.1.10 OR P.1.10.1 OR P.1.10.2 OR P.1.11 OR P.1.12 OR P.1.12.1 OR P.1.13 OR P.1.14 OR P.1.15 OR P.1.16 OR P.1.17 OR P.1.17.1,Gamma,20.6428571428571,0,0
2022-04-23,11,0,9.85714285714286,0,0,4.7890433157582e-05,0.217196267509211,P.1 OR P.1.1 OR P.1.2 OR P.1.3 OR P.1.4 OR P.1.5 OR P.1.6 OR P.1.7 OR P.1.7.1 OR P.1.8 OR P.1.9 OR P.1.10 OR P.1.10.1 OR P.1.10.2 OR P.1.11 OR P.1.12 OR P.1.12.1 OR P.1.13 OR P.1.14 OR P.1.15 OR P.1.16 OR P.1.17 OR P.1.17.1,Gamma,21.1428571428571,0,0
2022-04-24,5,0,10.1428571428571,0,0,4.7890433157582e-05,0.217196267509211,P.1 OR P.1.1 OR P.1.2 OR P.1.3 OR P.1.4 OR P.1.5 OR P.1.6 OR P.1.7 OR P.1.7.1 OR P.1.8 OR P.1.9 OR P.1.10 OR P.1.10.1 OR P.1.10.2 OR P.1.11 OR P.1.12 OR P.1.12.1 OR P.1.13 OR P.1.14 OR P.1.15 OR P.1.16 OR P.1.17 OR P.1.17.1,Gamma,21.0714285714286,0,0
2022-04-25,14,0,11.7142857142857,0,0,4.00753100765989e-05,0.185305938312485,P.1 OR P.1.1 OR P.1.2 OR P.1.3 OR P.1.4 OR P.1.5 OR P.1.6 OR P.1.7 OR P.1.7.1 OR P.1.8 OR P.1.9 OR P.1.10 OR P.1.10.1 OR P.1.10.2 OR P.1.11 OR P.1.12 OR P.1.12.1 OR P.1.13 OR P.1.14 OR P.1.15 OR P.1.16 OR P.1.17 OR P.1.17.1,Gamma,15.0714285714286,0,0
2022-04-26,43,0,14.2857142857143,0,0,3.44526718020059e-05,0.161553304514194,P.1 OR P.1.1 OR P.1.2 OR P.1.3 OR P.1.4 OR P.1.5 OR P.1.6 OR P.1.7 OR P.1.7.1 OR P.1.8 OR P.1.9 OR P.1.10 OR P.1.10.1 OR P.1.10.2 OR P.1.11 OR P.1.12 OR P.1.12.1 OR P.1.13 OR P.1.14 OR P.1.15 OR P.1.16 OR P.1.17 OR P.1.17.1,Gamma,13.8571428571429,0,0
2022-04-27,28,0,17,0,0,2.84623777231095e-05,0.135478437891688,P.1 OR P.1.1 OR P.1.2 OR P.1.3 OR P.1.4 OR P.1.5 OR P.1.6 OR P.1.7 OR P.1.7.1 OR P.1.8 OR P.1.9 OR P.1.10 OR P.1.10.1 OR P.1.10.2 OR P.1.11 OR P.1.12 OR P.1.12.1 OR P.1.13 OR P.1.14 OR P.1.15 OR P.1.16 OR P.1.17 OR P.1.17.1,Gamma,14.7857142857143,0,0
2022-04-28,12,0,17.5714285714286,0,0,2.69031173009093e-05,0.12855821182176,P.1 OR P.1.1 OR P.1.2 OR P.1.3 OR P.1.4 OR P.1.5 OR P.1.6 OR P.1.7 OR P.1.7.1 OR P.1.8 OR P.1.9 OR P.1.10 OR P.1.10.1 OR P.1.10.2 OR P.1.11 OR P.1.12 OR P.1.12.1 OR P.1.13 OR P.1.14 OR P.1.15 OR P.1.16 OR P.1.17 OR P.1.17.1,Gamma,14.9285714285714,0,0
2022-04-29,25,0,19.7142857142857,0,0,2.42464784592428e-05,0.116638982904875,P.1 OR P.1.1 OR P.1.2 OR P.1.3 OR P.1.4 OR P.1.5 OR P.1.6 OR P.1.7 OR P.1.7.1 OR P.1.8 OR P.1.9 OR P.1.10 OR P.1.10.1 OR P.1.10.2 OR P.1.11 OR P.1.12 OR P.1.12.1 OR P.1.13 OR P.1.14 OR P.1.15 OR P.1.16 OR P.1.17 OR P.1.17.1,Gamma,14.2857142857143,0,0
2022-04-30,8,0,19.2857142857143,0,0,2.55058126256953e-05,0.122309404319914,P.1 OR P.1.1 OR P.1.2 OR P.1.3 OR P.1.4 OR P.1.5 OR P.1.6 OR P.1.7 OR P.1.7.1 OR P.1.8 OR P.1.9 OR P.1.10 OR P.1.10.1 OR P.1.10.2 OR P.1.11 OR P.1.12 OR P.1.12.1 OR P.1.13 OR P.1.14 OR P.1.15 OR P.1.16 OR P.1.17 OR P.1.17.1,Gamma,14.5714285714286,0,0
2022-05-01,2,0,18.8571428571429,0,0,2.55058126256953e-05,0.122309404319914,P.1 OR P.1.1 OR P.1.2 OR P.1.3 OR P.1.4 OR P.1.5 OR P.1.6 OR P.1.7 OR P.1.7.1 OR P.1.8 OR P.1.9 OR P.1.10 OR P.1.10.1 OR P.1.10.2 OR P.1.11 OR P.1.12 OR P.1.12.1 OR P.1.13 OR P.1.14 OR P.1.15 OR P.1.16 OR P.1.17 OR P.1.17.1,Gamma,14.5,0,0
2022-05-02,6,0,17.7142857142857,0,0,2.69031173009093e-05,0.12855821182176,P.1 OR P.1.1 OR P.1.2 OR P.1.3 OR P.1.4 OR P.1.5 OR P.1.6 OR P.1.7 OR P.1.7.1 OR P.1.8 OR P.1.9 OR P.1.10 OR P.1.10.1 OR P.1.10.2 OR P.1.11 OR P.1.12 OR P.1.12.1 OR P.1.13 OR P.1.14 OR P.1.15 OR P.1.16 OR P.1.17 OR P.1.17.1,Gamma,14.7142857142857,0,0
2022-05-03,5,0,12.2857142857143,0,0,4.00753100765989e-05,0.185305938312485,P.1 OR P.1.1 OR P.1.2 OR P.1.3 OR P.1.4 OR P.1.5 OR P.1.6 OR P.1.7 OR P.1.7.1 OR P.1.8 OR P.1.9 OR P.1.10 OR P.1.10.1 OR P.1.10.2 OR P.1.11 OR P.1.12 OR P.1.12.1 OR P.1.13 OR P.1.14 OR P.1.15 OR P.1.16 OR P.1.17 OR P.1.17.1,Gamma,13.2857142857143,0,0
2022-05-04,24,0,11.7142857142857,0,0,4.00753100765989e-05,0.185305938312485,P.1 OR P.1.1 OR P.1.2 OR P.1.3 OR P.1.4 OR P.1.5 OR P.1.6 OR P.1.7 OR P.1.7.1 OR P.1.8 OR P.1.9 OR P.1.10 OR P.1.10.1 OR P.1.10.2 OR P.1.11 OR P.1.12 OR P.1.12.1 OR P.1.13 OR P.1.14 OR P.1.15 OR P.1.16 OR P.1.17 OR P.1.17.1,Gamma,14.3571428571429,0,0
2022-05-05,8,0,11.1428571428571,0,0,4.36357981421897e-05,0.199994569026208,P.1 OR P.1.1 OR P.1.2 OR P.1.3 OR P.1.4 OR P.1.5 OR P.1.6 OR P.1.7 OR P.1.7.1 OR P.1.8 OR P.1.9 OR P.1.10 OR P.1.10.1 OR P.1.10.2 OR P.1.11 OR P.1.12 OR P.1.12.1 OR P.1.13 OR P.1.14 OR P.1.15 OR P.1.16 OR P.1.17 OR P.1.17.1,Gamma,14.3571428571429,0,0
2022-05-06,34,0,12.4285714285714,0,0,4.00753100765989e-05,0.185305938312485,P.1 OR P.1.1 OR P.1.2 OR P.1.3 OR P.1.4 OR P.1.5 OR P.1.6 OR P.1.7 OR P.1.7.1 OR P.1.8 OR P.1.9 OR P.1.10 OR P.1.10.1 OR P.1.10.2 OR P.1.11 OR P.1.12 OR P.1.12.1 OR P.1.13 OR P.1.14 OR P.1.15 OR P.1.16 OR P.1.17 OR P.1.17.1,Gamma,16.0714285714286,0,0
2022-05-07,5,0,12,0,0,4.00753100765989e-05,0.185305938312485,P.1 OR P.1.1 OR P.1.2 OR P.1.3 OR P.1.4 OR P.1.5 OR P.1.6 OR P.1.7 OR P.1.7.1 OR P.1.8 OR P.1.9 OR P.1.10 OR P.1.10.1 OR P.1.10.2 OR P.1.11 OR P.1.12 OR P.1.12.1 OR P.1.13 OR P.1.14 OR P.1.15 OR P.1.16 OR P.1.17 OR P.1.17.1,Gamma,15.6428571428571,0,0
2022-05-08,4,0,12.2857142857143,0,0,4.00753100765989e-05,0.185305938312485,P.1 OR P.1.1 OR P.1.2 OR P.1.3 OR P.1.4 OR P.1.5 OR P.1.6 OR P.1.7 OR P.1.7.1 OR P.1.8 OR P.1.9 OR P.1.10 OR P.1.10.1 OR P.1.10.2 OR P.1.11 OR P.1.12 OR P.1.12.1 OR P.1.13 OR P.1.14 OR P.1.15 OR P.1.16 OR P.1.17 OR P.1.17.1,Gamma,15.5714285714286,0,0
2022-05-09,17,0,13.8571428571429,0,0,3.44526718020059e-05,0.161553304514194,P.1 OR P.1.1 OR P.1.2 OR P.1.3 OR P.1.4 OR P.1.5 OR P.1.6 OR P.1.7 OR P.1.7.1 OR P.1.8 OR P.1.9 OR P.1.10 OR P.1.10.1 OR P.1.10.2 OR P.1.11 OR P.1.12 OR P.1.12.1 OR P.1.13 OR P.1.14 OR P.1.15 OR P.1.16 OR P.1.17 OR P.1.17.1,Gamma,15.7857142857143,0,0
2022-05-10,15,0,15.2857142857143,0,0,3.21941443237269e-05,0.151816662114398,P.1 OR P.1.1 OR P.1.2 OR P.1.3 OR P.1.4 OR P.1.5 OR P.1.6 OR P.1.7 OR P.1.7.1 OR P.1.8 OR P.1.9 OR P.1.10 OR P.1.10.1 OR P.1.10.2 OR P.1.11 OR P.1.12 OR P.1.12.1 OR P.1.13 OR P.1.14 OR P.1.15 OR P.1.16 OR P.1.17 OR P.1.17.1,Gamma,13.7857142857143,0,0
2022-05-11,6,0,12.7142857142857,0,0,3.70519332987658e-05,0.172619445282057,P.1 OR P.1.1 OR P.1.2 OR P.1.3 OR P.1.4 OR P.1.5 OR P.1.6 OR P.1.7 OR P.1.7.1 OR P.1.8 OR P.1.9 OR P.1.10 OR P.1.10.1 OR P.1.10.2 OR P.1.11 OR P.1.12 OR P.1.12.1 OR P.1.13 OR P.1.14 OR P.1.15 OR P.1.16 OR P.1.17 OR P.1.17.1,Gamma,12.2142857142857,0,0
2022-05-12,26,0,15.2857142857143,0,0,3.21941443237269e-05,0.151816662114398,P.1 OR P.1.1 OR P.1.2 OR P.1.3 OR P.1.4 OR P.1.5 OR P.1.6 OR P.1.7 OR P.1.7.1 OR P.1.8 OR P.1.9 OR P.1.10 OR P.1.10.1 OR P.1.10.2 OR P.1.11 OR P.1.12 OR P.1.12.1 OR P.1.13 OR P.1.14 OR P.1.15 OR P.1.16 OR P.1.17 OR P.1.17.1,Gamma,13.2142857142857,0,0
2022-05-13,23,0,13.7142857142857,0,0,3.44526718020059e-05,0.161553304514194,P.1 OR P.1.1 OR P.1.2 OR P.1.3 OR P.1.4 OR P.1.5 OR P.1.6 OR P.1.7 OR P.1.7.1 OR P.1.8 OR P.1.9 OR P.1.10 OR P.1.10.1 OR P.1.10.2 OR P.1.11 OR P.1.12 OR P.1.12.1 OR P.1.13 OR P.1.14 OR P.1.15 OR P.1.16 OR P.1.17 OR P.1.17.1,Gamma,13.0714285714286,0,0
2022-05-14,3,0,13.4285714285714,0,0,3.70519332987658e-05,0.172619445282057,P.1 OR P.1.1 OR P.1.2 OR P.1.3 OR P.1.4 OR P.1.5 OR P.1.6 OR P.1.7 OR P.1.7.1 OR P.1.8 OR P.1.9 OR P.1.10 OR P.1.10.1 OR P.1.10.2 OR P.1.11 OR P.1.12 OR P.1.12.1 OR P.1.13 OR P.1.14 OR P.1.15 OR P.1.16 OR P.1.17 OR P.1.17.1,Gamma,12.7142857142857,0,0
2022-05-15,2,0,13.1428571428571,0,0,3.70519332987658e-05,0.172619445282057,P.1 OR P.1.1 OR P.1.2 OR P.1.3 OR P.1.4 OR P.1.5 OR P.1.6 OR P.1.7 OR P.1.7.1 OR P.1.8 OR P.1.9 OR P.1.10 OR P.1.10.1 OR P.1.10.2 OR P.1.11 OR P.1.12 OR P.1.12.1 OR P.1.13 OR P.1.14 OR P.1.15 OR P.1.16 OR P.1.17 OR P.1.17.1,Gamma,12.7142857142857,0,0
2022-05-16,16,0,13,0,0,3.70519332987658e-05,0.172619445282057,P.1 OR P.1.1 OR P.1.2 OR P.1.3 OR P.1.4 OR P.1.5 OR P.1.6 OR P.1.7 OR P.1.7.1 OR P.1.8 OR P.1.9 OR P.1.10 OR P.1.10.1 OR P.1.10.2 OR P.1.11 OR P.1.12 OR P.1.12.1 OR P.1.13 OR P.1.14 OR P.1.15 OR P.1.16 OR P.1.17 OR P.1.17.1,Gamma,13.4285714285714,0,0
2022-05-17,18,0,13.4285714285714,0,0,3.70519332987658e-05,0.172619445282057,P.1 OR P.1.1 OR P.1.2 OR P.1.3 OR P.1.4 OR P.1.5 OR P.1.6 OR P.1.7 OR P.1.7.1 OR P.1.8 OR P.1.9 OR P.1.10 OR P.1.10.1 OR P.1.10.2 OR P.1.11 OR P.1.12 OR P.1.12.1 OR P.1.13 OR P.1.14 OR P.1.15 OR P.1.16 OR P.1.17 OR P.1.17.1,Gamma,14.3571428571429,0,0
2022-05-18,13,0,14.4285714285714,0,0,3.44526718020059e-05,0.161553304514194,P.1 OR P.1.1 OR P.1.2 OR P.1.3 OR P.1.4 OR P.1.5 OR P.1.6 OR P.1.7 OR P.1.7.1 OR P.1.8 OR P.1.9 OR P.1.10 OR P.1.10.1 OR P.1.10.2 OR P.1.11 OR P.1.12 OR P.1.12.1 OR P.1.13 OR P.1.14 OR P.1.15 OR P.1.16 OR P.1.17 OR P.1.17.1,Gamma,13.5714285714286,0,0
2022-05-19,20,0,13.5714285714286,0,0,3.44526718020059e-05,0.161553304514194,P.1 OR P.1.1 OR P.1.2 OR P.1.3 OR P.1.4 OR P.1.5 OR P.1.6 OR P.1.7 OR P.1.7.1 OR P.1.8 OR P.1.9 OR P.1.10 OR P.1.10.1 OR P.1.10.2 OR P.1.11 OR P.1.12 OR P.1.12.1 OR P.1.13 OR P.1.14 OR P.1.15 OR P.1.16 OR P.1.17 OR P.1.17.1,Gamma,14.4285714285714,0,0
2022-05-20,15,0,12.4285714285714,0,0,4.00753100765989e-05,0.185305938312485,P.1 OR P.1.1 OR P.1.2 OR P.1.3 OR P.1.4 OR P.1.5 OR P.1.6 OR P.1.7 OR P.1.7.1 OR P.1.8 OR P.1.9 OR P.1.10 OR P.1.10.1 OR P.1.10.2 OR P.1.11 OR P.1.12 OR P.1.12.1 OR P.1.13 OR P.1.14 OR P.1.15 OR P.1.16 OR P.1.17 OR P.1.17.1,Gamma,13.0714285714286,0,0
2022-05-21,1,0,12.1428571428571,0,0,4.00753100765989e-05,0.185305938312485,P.1 OR P.1.1 OR P.1.2 OR P.1.3 OR P.1.4 OR P.1.5 OR P.1.6 OR P.1.7 OR P.1.7.1 OR P.1.8 OR P.1.9 OR P.1.10 OR P.1.10.1 OR P.1.10.2 OR P.1.11 OR P.1.12 OR P.1.12.1 OR P.1.13 OR P.1.14 OR P.1.15 OR P.1.16 OR P.1.17 OR P.1.17.1,Gamma,12.7857142857143,0,0
2022-05-22,5,0,12.5714285714286,0,0,3.70519332987658e-05,0.172619445282057,P.1 OR P.1.1 OR P.1.2 OR P.1.3 OR P.1.4 OR P.1.5 OR P.1.6 OR P.1.7 OR P.1.7.1 OR P.1.8 OR P.1.9 OR P.1.10 OR P.1.10.1 OR P.1.10.2 OR P.1.11 OR P.1.12 OR P.1.12.1 OR P.1.13 OR P.1.14 OR P.1.15 OR P.1.16 OR P.1.17 OR P.1.17.1,Gamma,12.8571428571429,0,0
2022-05-23,31,0,14.7142857142857,0,0,3.21941443237269e-05,0.151816662114398,P.1 OR P.1.1 OR P.1.2 OR P.1.3 OR P.1.4 OR P.1.5 OR P.1.6 OR P.1.7 OR P.1.7.1 OR P.1.8 OR P.1.9 OR P.1.10 OR P.1.10.1 OR P.1.10.2 OR P.1.11 OR P.1.12 OR P.1.12.1 OR P.1.13 OR P.1.14 OR P.1.15 OR P.1.16 OR P.1.17 OR P.1.17.1,Gamma,13.8571428571429,0,0
2022-05-24,8,0,13.2857142857143,0,0,3.70519332987658e-05,0.172619445282057,P.1 OR P.1.1 OR P.1.2 OR P.1.3 OR P.1.4 OR P.1.5 OR P.1.6 OR P.1.7 OR P.1.7.1 OR P.1.8 OR P.1.9 OR P.1.10 OR P.1.10.1 OR P.1.10.2 OR P.1.11 OR P.1.12 OR P.1.12.1 OR P.1.13 OR P.1.14 OR P.1.15 OR P.1.16 OR P.1.17 OR P.1.17.1,Gamma,13.3571428571429,0,0
2022-05-25,13,0,13.2857142857143,0,0,3.70519332987658e-05,0.172619445282057,P.1 OR P.1.1 OR P.1.2 OR P.1.3 OR P.1.4 OR P.1.5 OR P.1.6 OR P.1.7 OR P.1.7.1 OR P.1.8 OR P.1.9 OR P.1.10 OR P.1.10.1 OR P.1.10.2 OR P.1.11 OR P.1.12 OR P.1.12.1 OR P.1.13 OR P.1.14 OR P.1.15 OR P.1.16 OR P.1.17 OR P.1.17.1,Gamma,13.8571428571429,0,0
2022-05-26,2,0,10.7142857142857,0,0,4.36357981421897e-05,0.199994569026208,P.1 OR P.1.1 OR P.1.2 OR P.1.3 OR P.1.4 OR P.1.5 OR P.1.6 OR P.1.7 OR P.1.7.1 OR P.1.8 OR P.1.9 OR P.1.10 OR P.1.10.1 OR P.1.10.2 OR P.1.11 OR P.1.12 OR P.1.12.1 OR P.1.13 OR P.1.14 OR P.1.15 OR P.1.16 OR P.1.17 OR P.1.17.1,Gamma,12.1428571428571,0,0
2022-05-27,15,0,10.7142857142857,0,0,4.36357981421897e-05,0.199994569026208,P.1 OR P.1.1 OR P.1.2 OR P.1.3 OR P.1.4 OR P.1.5 OR P.1.6 OR P.1.7 OR P.1.7.1 OR P.1.8 OR P.1.9 OR P.1.10 OR P.1.10.1 OR P.1.10.2 OR P.1.11 OR P.1.12 OR P.1.12.1 OR P.1.13 OR P.1.14 OR P.1.15 OR P.1.16 OR P.1.17 OR P.1.17.1,Gamma,11.5714285714286,0,0
2022-05-28,3,0,11,0,0,4.36357981421897e-05,0.199994569026208,P.1 OR P.1.1 OR P.1.2 OR P.1.3 OR P.1.4 OR P.1.5 OR P.1.6 OR P.1.7 OR P.1.7.1 OR P.1.8 OR P.1.9 OR P.1.10 OR P.1.10.1 OR P.1.10.2 OR P.1.11 OR P.1.12 OR P.1.12.1 OR P.1.13 OR P.1.14 OR P.1.15 OR P.1.16 OR P.1.17 OR P.1.17.1,Gamma,11.5714285714286,0,0
2022-05-29,3,0,10.7142857142857,0,0,4.36357981421897e-05,0.199994569026208,P.1 OR P.1.1 OR P.1.2 OR P.1.3 OR P.1.4 OR P.1.5 OR P.1.6 OR P.1.7 OR P.1.7.1 OR P.1.8 OR P.1.9 OR P.1.10 OR P.1.10.1 OR P.1.10.2 OR P.1.11 OR P.1.12 OR P.1.12.1 OR P.1.13 OR P.1.14 OR P.1.15 OR P.1.16 OR P.1.17 OR P.1.17.1,Gamma,11.6428571428571,0,0
2022-05-30,5,0,7,0,0,6.76864642438303e-05,0.29243617366231,P.1 OR P.1.1 OR P.1.2 OR P.1.3 OR P.1.4 OR P.1.5 OR P.1.6 OR P.1.7 OR P.1.7.1 OR P.1.8 OR P.1.9 OR P.1.10 OR P.1.10.1 OR P.1.10.2 OR P.1.11 OR P.1.12 OR P.1.12.1 OR P.1.13 OR P.1.14 OR P.1.15 OR P.1.16 OR P.1.17 OR P.1.17.1,Gamma,10.8571428571429,0,0
2022-05-31,5,0,6.57142857142857,0,0,6.76864642438303e-05,0.29243617366231,P.1 OR P.1.1 OR P.1.2 OR P.1.3 OR P.1.4 OR P.1.5 OR P.1.6 OR P.1.7 OR P.1.7.1 OR P.1.8 OR P.1.9 OR P.1.10 OR P.1.10.1 OR P.1.10.2 OR P.1.11 OR P.1.12 OR P.1.12.1 OR P.1.13 OR P.1.14 OR P.1.15 OR P.1.16 OR P.1.17 OR P.1.17.1,Gamma,9.92857142857143,0,0
2022-06-01,8,0,5.85714285714286,0,0,7.84998483662081e-05,0.33038890915155,P.1 OR P.1.1 OR P.1.2 OR P.1.3 OR P.1.4 OR P.1.5 OR P.1.6 OR P.1.7 OR P.1.7.1 OR P.1.8 OR P.1.9 OR P.1.10 OR P.1.10.1 OR P.1.10.2 OR P.1.11 OR P.1.12 OR P.1.12.1 OR P.1.13 OR P.1.14 OR P.1.15 OR P.1.16 OR P.1.17 OR P.1.17.1,Gamma,9.57142857142857,0,0
2022-06-02,10,0,7,0,0,6.76864642438303e-05,0.29243617366231,P.1 OR P.1.1 OR P.1.2 OR P.1.3 OR P.1.4 OR P.1.5 OR P.1.6 OR P.1.7 OR P.1.7.1 OR P.1.8 OR P.1.9 OR P.1.10 OR P.1.10.1 OR P.1.10.2 OR P.1.11 OR P.1.12 OR P.1.12.1 OR P.1.13 OR P.1.14 OR P.1.15 OR P.1.16 OR P.1.17 OR P.1.17.1,Gamma,8.85714285714286,0,0
2022-06-03,6,0,5.71428571428571,0,0,7.84998483662081e-05,0.33038890915155,P.1 OR P.1.1 OR P.1.2 OR P.1.3 OR P.1.4 OR P.1.5 OR P.1.6 OR P.1.7 OR P.1.7.1 OR P.1.8 OR P.1.9 OR P.1.10 OR P.1.10.1 OR P.1.10.2 OR P.1.11 OR P.1.12 OR P.1.12.1 OR P.1.13 OR P.1.14 OR P.1.15 OR P.1.16 OR P.1.17 OR P.1.17.1,Gamma,8.21428571428571,0,0
2022-06-04,3,0,5.71428571428571,0,0,7.84998483662081e-05,0.33038890915155,P.1 OR P.1.1 OR P.1.2 OR P.1.3 OR P.1.4 OR P.1.5 OR P.1.6 OR P.1.7 OR P.1.7.1 OR P.1.8 OR P.1.9 OR P.1.10 OR P.1.10.1 OR P.1.10.2 OR P.1.11 OR P.1.12 OR P.1.12.1 OR P.1.13 OR P.1.14 OR P.1.15 OR P.1.16 OR P.1.17 OR P.1.17.1,Gamma,8.35714285714286,0,0
2022-06-05,2,0,5.57142857142857,0,0,7.84998483662081e-05,0.33038890915155,P.1 OR P.1.1 OR P.1.2 OR P.1.3 OR P.1.4 OR P.1.5 OR P.1.6 OR P.1.7 OR P.1.7.1 OR P.1.8 OR P.1.9 OR P.1.10 OR P.1.10.1 OR P.1.10.2 OR P.1.11 OR P.1.12 OR P.1.12.1 OR P.1.13 OR P.1.14 OR P.1.15 OR P.1.16 OR P.1.17 OR P.1.17.1,Gamma,8.14285714285714,0,0
2022-06-06,25,0,8.42857142857143,0,0,5.94903028944023e-05,0.262217248717186,P.1 OR P.1.1 OR P.1.2 OR P.1.3 OR P.1.4 OR P.1.5 OR P.1.6 OR P.1.7 OR P.1.7.1 OR P.1.8 OR P.1.9 OR P.1.10 OR P.1.10.1 OR P.1.10.2 OR P.1.11 OR P.1.12 OR P.1.12.1 OR P.1.13 OR P.1.14 OR P.1.15 OR P.1.16 OR P.1.17 OR P.1.17.1,Gamma,7.71428571428571,0,0
2022-06-07,10,0,9.14285714285714,0,0,5.3064053418493e-05,0.237610098632903,P.1 OR P.1.1 OR P.1.2 OR P.1.3 OR P.1.4 OR P.1.5 OR P.1.6 OR P.1.7 OR P.1.7.1 OR P.1.8 OR P.1.9 OR P.1.10 OR P.1.10.1 OR P.1.10.2 OR P.1.11 OR P.1.12 OR P.1.12.1 OR P.1.13 OR P.1.14 OR P.1.15 OR P.1.16 OR P.1.17 OR P.1.17.1,Gamma,7.85714285714286,0,0
2022-06-08,4,0,8.57142857142857,0,0,5.3064053418493e-05,0.237610098632903,P.1 OR P.1.1 OR P.1.2 OR P.1.3 OR P.1.4 OR P.1.5 OR P.1.6 OR P.1.7 OR P.1.7.1 OR P.1.8 OR P.1.9 OR P.1.10 OR P.1.10.1 OR P.1.10.2 OR P.1.11 OR P.1.12 OR P.1.12.1 OR P.1.13 OR P.1.14 OR P.1.15 OR P.1.16 OR P.1.17 OR P.1.17.1,Gamma,7.21428571428571,0,0
2022-06-09,6,0,8,0,0,5.94903028944023e-05,0.262217248717186,P.1 OR P.1.1 OR P.1.2 OR P.1.3 OR P.1.4 OR P.1.5 OR P.1.6 OR P.1.7 OR P.1.7.1 OR P.1.8 OR P.1.9 OR P.1.10 OR P.1.10.1 OR P.1.10.2 OR P.1.11 OR P.1.12 OR P.1.12.1 OR P.1.13 OR P.1.14 OR P.1.15 OR P.1.16 OR P.1.17 OR P.1.17.1,Gamma,7.5,0,0
2022-06-10,12,0,8.85714285714286,0,0,5.3064053418493e-05,0.237610098632903,P.1 OR P.1.1 OR P.1.2 OR P.1.3 OR P.1.4 OR P.1.5 OR P.1.6 OR P.1.7 OR P.1.7.1 OR P.1.8 OR P.1.9 OR P.1.10 OR P.1.10.1 OR P.1.10.2 OR P.1.11 OR P.1.12 OR P.1.12.1 OR P.1.13 OR P.1.14 OR P.1.15 OR P.1.16 OR P.1.17 OR P.1.17.1,Gamma,7.28571428571429,0,0
2022-06-14,1,0,5.75,0,0,7.84998483662081e-05,0.33038890915155,P.1 OR P.1.1 OR P.1.2 OR P.1.3 OR P.1.4 OR P.1.5 OR P.1.6 OR P.1.7 OR P.1.7.1 OR P.1.8 OR P.1.9 OR P.1.10 OR P.1.10.1 OR P.1.10.2 OR P.1.11 OR P.1.12 OR P.1.12.1 OR P.1.13 OR P.1.14 OR P.1.15 OR P.1.16 OR P.1.17 OR P.1.17.1,Gamma,7.14285714285714,0,0
2022-06-17,4,0,2.5,0,0,0.000216908470030966,0.666821754401209,P.1 OR P.1.1 OR P.1.2 OR P.1.3 OR P.1.4 OR P.1.5 OR P.1.6 OR P.1.7 OR P.1.7.1 OR P.1.8 OR P.1.9 OR P.1.10 OR P.1.10.1 OR P.1.10.2 OR P.1.11 OR P.1.12 OR P.1.12.1 OR P.1.13 OR P.1.14 OR P.1.15 OR P.1.16 OR P.1.17 OR P.1.17.1,Gamma,7.21428571428571,0,0
2022-06-21,2,0,3,0,0,0.000150636025436569,0.535583243042951,P.1 OR P.1.1 OR P.1.2 OR P.1.3 OR P.1.4 OR P.1.5 OR P.1.6 OR P.1.7 OR P.1.7.1 OR P.1.8 OR P.1.9 OR P.1.10 OR P.1.10.1 OR P.1.10.2 OR P.1.11 OR P.1.12 OR P.1.12.1 OR P.1.13 OR P.1.14 OR P.1.15 OR P.1.16 OR P.1.17 OR P.1.17.1,Gamma,7,0,0
2022-06-22,26,0,10.6666666666667,0,0,4.36357981421897e-05,0.199994569026208,P.1 OR P.1.1 OR P.1.2 OR P.1.3 OR P.1.4 OR P.1.5 OR P.1.6 OR P.1.7 OR P.1.7.1 OR P.1.8 OR P.1.9 OR P.1.10 OR P.1.10.1 OR P.1.10.2 OR P.1.11 OR P.1.12 OR P.1.12.1 OR P.1.13 OR P.1.14 OR P.1.15 OR P.1.16 OR P.1.17 OR P.1.17.1,Gamma,8.5,0,0
2021-12-10,282,1,285,0.142857142857143,0.00050125313283208,1.72141611674884e-06,0.00876744156331315,B.1.1.529 OR BA.1 OR BA.1.1 OR BA.1.1.1 OR BA.1.1.2 OR BA.1.1.3 OR BA.1.1.4 OR BA.1.1.5 OR BA.1.1.6 OR BA.1.1.7 OR BA.1.1.8 OR BA.1.1.9 OR BA.1.1.10 OR BA.1.1.11 OR BA.1.1.12 OR BA.1.1.13 OR BA.1.1.14 OR BA.1.1.15 OR BA.1.1.16 OR BA.1.1.17 OR BA.1.1.18 OR BA.1.2 OR BA.1.3 OR BA.1.4 OR BA.1.5 OR BA.1.6 OR BA.1.7 OR BA.1.8 OR BA.1.9 OR BA.1.10 OR BA.1.11 OR BA.1.12 OR BA.1.13 OR BA.1.13.1 OR BA.1.14 OR BA.1.14.1 OR BA.1.14.2 OR BA.1.15 OR BA.1.15.1 OR BA.1.15.2 OR BA.1.15.3 OR BA.1.16 OR BA.1.16.1 OR BA.1.16.2 OR BA.1.17 OR BA.1.17.1 OR BA.1.17.2 OR BA.1.18 OR BA.1.19 OR BA.1.20 OR BA.1.21 OR BA.1.21.1 OR BA.1.22 OR BA.1.23 OR BA.1.24 OR BA.2 OR BA.2.1 OR BA.2.2 OR BA.2.2.1 OR BA.2.3 OR BA.2.3.1 OR BA.2.3.2 OR BA.2.3.3 OR BA.2.3.4 OR BA.2.3.5 OR BA.2.3.6 OR BA.2.3.7 OR BA.2.3.8 OR BA.2.3.9 OR BA.2.3.10 OR BA.2.3.11 OR BA.2.3.12 OR BA.2.3.13 OR BA.2.3.14 OR BA.2.3.15 OR BA.2.3.16 OR BA.2.3.17 OR BA.2.3.18 OR BA.2.4 OR BA.2.5 OR BA.2.6 OR BA.2.7 OR BA.2.8 OR BA.2.9 OR BA.2.9.1 OR BA.2.9.2 OR BA.2.9.3 OR BA.2.9.4 OR BA.2.10 OR BA.2.10.1 OR BA.2.10.2 OR BA.2.10.3 OR BA.2.11 OR BA.2.12 OR BA.2.12.1 OR BA.2.12.2 OR BA.2.13 OR BA.2.14 OR BA.2.15 OR BA.2.16 OR BA.2.17 OR BA.2.18 OR BA.2.19 OR BA.2.20 OR BA.2.21 OR BA.2.22 OR BA.2.23 OR BA.2.23.1 OR BA.2.24 OR BA.2.25 OR BA.2.25.1 OR BA.2.26 OR BA.2.27 OR BA.2.28 OR BA.2.29 OR BA.2.30 OR BA.2.31 OR BA.2.32 OR BA.2.33 OR BA.2.34 OR BA.2.35 OR BA.2.36 OR BA.2.37 OR BA.2.38 OR BA.2.39 OR BA.2.40 OR BA.2.40.1 OR BA.2.41 OR BA.2.42 OR BA.2.43 OR BA.2.44 OR BA.2.45 OR BA.2.46 OR BA.2.47 OR BA.2.48 OR BA.2.49 OR BA.2.50 OR BA.2.51 OR BA.2.52 OR BA.2.53 OR BA.2.54 OR BA.2.55 OR BA.2.56 OR BA.2.56.1 OR BA.2.57 OR BA.2.58 OR BA.2.59 OR BA.2.60 OR BA.2.61 OR BA.2.62 OR BA.2.63 OR BA.2.64 OR BA.2.65 OR BA.2.66 OR BA.2.67 OR BA.2.68 OR BA.2.69 OR BA.2.70 OR BA.2.71 OR BA.2.72 OR BA.2.73 OR BA.2.74 OR BA.2.75 OR BA.3 OR BA.3.1 OR BA.4 OR BA.4.1 OR BA.4.1.1 OR BA.4.1.2 OR BA.5 OR BA.5.1 OR BA.5.1.1 OR BA.5.2 OR BA.5.2.1 OR BA.5.2.2 OR BA.5.2.3 OR BA.5.3 OR BA.5.3.1 OR BA.5.3.2 OR BA.5.3.3 OR BA.5.3.4 OR BA.5.4 OR BA.5.5 OR BA.5.6 OR BC.1 OR BC.2 OR BD.1 OR BE.1 OR BE.1.1 OR BE.2 OR BF.1 OR BF.1.1,Omicron,,,
2021-12-11,254,2,286,0.428571428571429,0.0014985014985015,1.71540244574416e-06,0.00873694720119021,B.1.1.529 OR BA.1 OR BA.1.1 OR BA.1.1.1 OR BA.1.1.2 OR BA.1.1.3 OR BA.1.1.4 OR BA.1.1.5 OR BA.1.1.6 OR BA.1.1.7 OR BA.1.1.8 OR BA.1.1.9 OR BA.1.1.10 OR BA.1.1.11 OR BA.1.1.12 OR BA.1.1.13 OR BA.1.1.14 OR BA.1.1.15 OR BA.1.1.16 OR BA.1.1.17 OR BA.1.1.18 OR BA.1.2 OR BA.1.3 OR BA.1.4 OR BA.1.5 OR BA.1.6 OR BA.1.7 OR BA.1.8 OR BA.1.9 OR BA.1.10 OR BA.1.11 OR BA.1.12 OR BA.1.13 OR BA.1.13.1 OR BA.1.14 OR BA.1.14.1 OR BA.1.14.2 OR BA.1.15 OR BA.1.15.1 OR BA.1.15.2 OR BA.1.15.3 OR BA.1.16 OR BA.1.16.1 OR BA.1.16.2 OR BA.1.17 OR BA.1.17.1 OR BA.1.17.2 OR BA.1.18 OR BA.1.19 OR BA.1.20 OR BA.1.21 OR BA.1.21.1 OR BA.1.22 OR BA.1.23 OR BA.1.24 OR BA.2 OR BA.2.1 OR BA.2.2 OR BA.2.2.1 OR BA.2.3 OR BA.2.3.1 OR BA.2.3.2 OR BA.2.3.3 OR BA.2.3.4 OR BA.2.3.5 OR BA.2.3.6 OR BA.2.3.7 OR BA.2.3.8 OR BA.2.3.9 OR BA.2.3.10 OR BA.2.3.11 OR BA.2.3.12 OR BA.2.3.13 OR BA.2.3.14 OR BA.2.3.15 OR BA.2.3.16 OR BA.2.3.17 OR BA.2.3.18 OR BA.2.4 OR BA.2.5 OR BA.2.6 OR BA.2.7 OR BA.2.8 OR BA.2.9 OR BA.2.9.1 OR BA.2.9.2 OR BA.2.9.3 OR BA.2.9.4 OR BA.2.10 OR BA.2.10.1 OR BA.2.10.2 OR BA.2.10.3 OR BA.2.11 OR BA.2.12 OR BA.2.12.1 OR BA.2.12.2 OR BA.2.13 OR BA.2.14 OR BA.2.15 OR BA.2.16 OR BA.2.17 OR BA.2.18 OR BA.2.19 OR BA.2.20 OR BA.2.21 OR BA.2.22 OR BA.2.23 OR BA.2.23.1 OR BA.2.24 OR BA.2.25 OR BA.2.25.1 OR BA.2.26 OR BA.2.27 OR BA.2.28 OR BA.2.29 OR BA.2.30 OR BA.2.31 OR BA.2.32 OR BA.2.33 OR BA.2.34 OR BA.2.35 OR BA.2.36 OR BA.2.37 OR BA.2.38 OR BA.2.39 OR BA.2.40 OR BA.2.40.1 OR BA.2.41 OR BA.2.42 OR BA.2.43 OR BA.2.44 OR BA.2.45 OR BA.2.46 OR BA.2.47 OR BA.2.48 OR BA.2.49 OR BA.2.50 OR BA.2.51 OR BA.2.52 OR BA.2.53 OR BA.2.54 OR BA.2.55 OR BA.2.56 OR BA.2.56.1 OR BA.2.57 OR BA.2.58 OR BA.2.59 OR BA.2.60 OR BA.2.61 OR BA.2.62 OR BA.2.63 OR BA.2.64 OR BA.2.65 OR BA.2.66 OR BA.2.67 OR BA.2.68 OR BA.2.69 OR BA.2.70 OR BA.2.71 OR BA.2.72 OR BA.2.73 OR BA.2.74 OR BA.2.75 OR BA.3 OR BA.3.1 OR BA.4 OR BA.4.1 OR BA.4.1.1 OR BA.4.1.2 OR BA.5 OR BA.5.1 OR BA.5.1.1 OR BA.5.2 OR BA.5.2.1 OR BA.5.2.2 OR BA.5.2.3 OR BA.5.3 OR BA.5.3.1 OR BA.5.3.2 OR BA.5.3.3 OR BA.5.3.4 OR BA.5.4 OR BA.5.5 OR BA.5.6 OR BC.1 OR BC.2 OR BD.1 OR BE.1 OR BE.1.1 OR BE.2 OR BF.1 OR BF.1.1,Omicron,,,
2021-12-12,179,0,274.142857142857,0.428571428571429,0.00156331422615946,1.79046094772534e-06,0.0091174896132951,B.1.1.529 OR BA.1 OR BA.1.1 OR BA.1.1.1 OR BA.1.1.2 OR BA.1.1.3 OR BA.1.1.4 OR BA.1.1.5 OR BA.1.1.6 OR BA.1.1.7 OR BA.1.1.8 OR BA.1.1.9 OR BA.1.1.10 OR BA.1.1.11 OR BA.1.1.12 OR BA.1.1.13 OR BA.1.1.14 OR BA.1.1.15 OR BA.1.1.16 OR BA.1.1.17 OR BA.1.1.18 OR BA.1.2 OR BA.1.3 OR BA.1.4 OR BA.1.5 OR BA.1.6 OR BA.1.7 OR BA.1.8 OR BA.1.9 OR BA.1.10 OR BA.1.11 OR BA.1.12 OR BA.1.13 OR BA.1.13.1 OR BA.1.14 OR BA.1.14.1 OR BA.1.14.2 OR BA.1.15 OR BA.1.15.1 OR BA.1.15.2 OR BA.1.15.3 OR BA.1.16 OR BA.1.16.1 OR BA.1.16.2 OR BA.1.17 OR BA.1.17.1 OR BA.1.17.2 OR BA.1.18 OR BA.1.19 OR BA.1.20 OR BA.1.21 OR BA.1.21.1 OR BA.1.22 OR BA.1.23 OR BA.1.24 OR BA.2 OR BA.2.1 OR BA.2.2 OR BA.2.2.1 OR BA.2.3 OR BA.2.3.1 OR BA.2.3.2 OR BA.2.3.3 OR BA.2.3.4 OR BA.2.3.5 OR BA.2.3.6 OR BA.2.3.7 OR BA.2.3.8 OR BA.2.3.9 OR BA.2.3.10 OR BA.2.3.11 OR BA.2.3.12 OR BA.2.3.13 OR BA.2.3.14 OR BA.2.3.15 OR BA.2.3.16 OR BA.2.3.17 OR BA.2.3.18 OR BA.2.4 OR BA.2.5 OR BA.2.6 OR BA.2.7 OR BA.2.8 OR BA.2.9 OR BA.2.9.1 OR BA.2.9.2 OR BA.2.9.3 OR BA.2.9.4 OR BA.2.10 OR BA.2.10.1 OR BA.2.10.2 OR BA.2.10.3 OR BA.2.11 OR BA.2.12 OR BA.2.12.1 OR BA.2.12.2 OR BA.2.13 OR BA.2.14 OR BA.2.15 OR BA.2.16 OR BA.2.17 OR BA.2.18 OR BA.2.19 OR BA.2.20 OR BA.2.21 OR BA.2.22 OR BA.2.23 OR BA.2.23.1 OR BA.2.24 OR BA.2.25 OR BA.2.25.1 OR BA.2.26 OR BA.2.27 OR BA.2.28 OR BA.2.29 OR BA.2.30 OR BA.2.31 OR BA.2.32 OR BA.2.33 OR BA.2.34 OR BA.2.35 OR BA.2.36 OR BA.2.37 OR BA.2.38 OR BA.2.39 OR BA.2.40 OR BA.2.40.1 OR BA.2.41 OR BA.2.42 OR BA.2.43 OR BA.2.44 OR BA.2.45 OR BA.2.46 OR BA.2.47 OR BA.2.48 OR BA.2.49 OR BA.2.50 OR BA.2.51 OR BA.2.52 OR BA.2.53 OR BA.2.54 OR BA.2.55 OR BA.2.56 OR BA.2.56.1 OR BA.2.57 OR BA.2.58 OR BA.2.59 OR BA.2.60 OR BA.2.61 OR BA.2.62 OR BA.2.63 OR BA.2.64 OR BA.2.65 OR BA.2.66 OR BA.2.67 OR BA.2.68 OR BA.2.69 OR BA.2.70 OR BA.2.71 OR BA.2.72 OR BA.2.73 OR BA.2.74 OR BA.2.75 OR BA.3 OR BA.3.1 OR BA.4 OR BA.4.1 OR BA.4.1.1 OR BA.4.1.2 OR BA.5 OR BA.5.1 OR BA.5.1.1 OR BA.5.2 OR BA.5.2.1 OR BA.5.2.2 OR BA.5.2.3 OR BA.5.3 OR BA.5.3.1 OR BA.5.3.2 OR BA.5.3.3 OR BA.5.3.4 OR BA.5.4 OR BA.5.5 OR BA.5.6 OR BC.1 OR BC.2 OR BD.1 OR BE.1 OR BE.1.1 OR BE.2 OR BF.1 OR BF.1.1,Omicron,,,
2021-12-13,364,2,272.142857142857,0.714285714285714,0.0026246719160105,0.000396968917225718,0.0170533268878423,B.1.1.529 OR BA.1 OR BA.1.1 OR BA.1.1.1 OR BA.1.1.2 OR BA.1.1.3 OR BA.1.1.4 OR BA.1.1.5 OR BA.1.1.6 OR BA.1.1.7 OR BA.1.1.8 OR BA.1.1.9 OR BA.1.1.10 OR BA.1.1.11 OR BA.1.1.12 OR BA.1.1.13 OR BA.1.1.14 OR BA.1.1.15 OR BA.1.1.16 OR BA.1.1.17 OR BA.1.1.18 OR BA.1.2 OR BA.1.3 OR BA.1.4 OR BA.1.5 OR BA.1.6 OR BA.1.7 OR BA.1.8 OR BA.1.9 OR BA.1.10 OR BA.1.11 OR BA.1.12 OR BA.1.13 OR BA.1.13.1 OR BA.1.14 OR BA.1.14.1 OR BA.1.14.2 OR BA.1.15 OR BA.1.15.1 OR BA.1.15.2 OR BA.1.15.3 OR BA.1.16 OR BA.1.16.1 OR BA.1.16.2 OR BA.1.17 OR BA.1.17.1 OR BA.1.17.2 OR BA.1.18 OR BA.1.19 OR BA.1.20 OR BA.1.21 OR BA.1.21.1 OR BA.1.22 OR BA.1.23 OR BA.1.24 OR BA.2 OR BA.2.1 OR BA.2.2 OR BA.2.2.1 OR BA.2.3 OR BA.2.3.1 OR BA.2.3.2 OR BA.2.3.3 OR BA.2.3.4 OR BA.2.3.5 OR BA.2.3.6 OR BA.2.3.7 OR BA.2.3.8 OR BA.2.3.9 OR BA.2.3.10 OR BA.2.3.11 OR BA.2.3.12 OR BA.2.3.13 OR BA.2.3.14 OR BA.2.3.15 OR BA.2.3.16 OR BA.2.3.17 OR BA.2.3.18 OR BA.2.4 OR BA.2.5 OR BA.2.6 OR BA.2.7 OR BA.2.8 OR BA.2.9 OR BA.2.9.1 OR BA.2.9.2 OR BA.2.9.3 OR BA.2.9.4 OR BA.2.10 OR BA.2.10.1 OR BA.2.10.2 OR BA.2.10.3 OR BA.2.11 OR BA.2.12 OR BA.2.12.1 OR BA.2.12.2 OR BA.2.13 OR BA.2.14 OR BA.2.15 OR BA.2.16 OR BA.2.17 OR BA.2.18 OR BA.2.19 OR BA.2.20 OR BA.2.21 OR BA.2.22 OR BA.2.23 OR BA.2.23.1 OR BA.2.24 OR BA.2.25 OR BA.2.25.1 OR BA.2.26 OR BA.2.27 OR BA.2.28 OR BA.2.29 OR BA.2.30 OR BA.2.31 OR BA.2.32 OR BA.2.33 OR BA.2.34 OR BA.2.35 OR BA.2.36 OR BA.2.37 OR BA.2.38 OR BA.2.39 OR BA.2.40 OR BA.2.40.1 OR BA.2.41 OR BA.2.42 OR BA.2.43 OR BA.2.44 OR BA.2.45 OR BA.2.46 OR BA.2.47 OR BA.2.48 OR BA.2.49 OR BA.2.50 OR BA.2.51 OR BA.2.52 OR BA.2.53 OR BA.2.54 OR BA.2.55 OR BA.2.56 OR BA.2.56.1 OR BA.2.57 OR BA.2.58 OR BA.2.59 OR BA.2.60 OR BA.2.61 OR BA.2.62 OR BA.2.63 OR BA.2.64 OR BA.2.65 OR BA.2.66 OR BA.2.67 OR BA.2.68 OR BA.2.69 OR BA.2.70 OR BA.2.71 OR BA.2.72 OR BA.2.73 OR BA.2.74 OR BA.2.75 OR BA.3 OR BA.3.1 OR BA.4 OR BA.4.1 OR BA.4.1.1 OR BA.4.1.2 OR BA.5 OR BA.5.1 OR BA.5.1.1 OR BA.5.2 OR BA.5.2.1 OR BA.5.2.2 OR BA.5.2.3 OR BA.5.3 OR BA.5.3.1 OR BA.5.3.2 OR BA.5.3.3 OR BA.5.3.4 OR BA.5.4 OR BA.5.5 OR BA.5.6 OR BC.1 OR BC.2 OR BD.1 OR BE.1 OR BE.1.1 OR BE.2 OR BF.1 OR BF.1.1,Omicron,,,
2021-12-14,245,4,269.571428571429,1.28571428571429,0.00476947535771065,0.000399911568725127,0.0171786731446995,B.1.1.529 OR BA.1 OR BA.1.1 OR BA.1.1.1 OR BA.1.1.2 OR BA.1.1.3 OR BA.1.1.4 OR BA.1.1.5 OR BA.1.1.6 OR BA.1.1.7 OR BA.1.1.8 OR BA.1.1.9 OR BA.1.1.10 OR BA.1.1.11 OR BA.1.1.12 OR BA.1.1.13 OR BA.1.1.14 OR BA.1.1.15 OR BA.1.1.16 OR BA.1.1.17 OR BA.1.1.18 OR BA.1.2 OR BA.1.3 OR BA.1.4 OR BA.1.5 OR BA.1.6 OR BA.1.7 OR BA.1.8 OR BA.1.9 OR BA.1.10 OR BA.1.11 OR BA.1.12 OR BA.1.13 OR BA.1.13.1 OR BA.1.14 OR BA.1.14.1 OR BA.1.14.2 OR BA.1.15 OR BA.1.15.1 OR BA.1.15.2 OR BA.1.15.3 OR BA.1.16 OR BA.1.16.1 OR BA.1.16.2 OR BA.1.17 OR BA.1.17.1 OR BA.1.17.2 OR BA.1.18 OR BA.1.19 OR BA.1.20 OR BA.1.21 OR BA.1.21.1 OR BA.1.22 OR BA.1.23 OR BA.1.24 OR BA.2 OR BA.2.1 OR BA.2.2 OR BA.2.2.1 OR BA.2.3 OR BA.2.3.1 OR BA.2.3.2 OR BA.2.3.3 OR BA.2.3.4 OR BA.2.3.5 OR BA.2.3.6 OR BA.2.3.7 OR BA.2.3.8 OR BA.2.3.9 OR BA.2.3.10 OR BA.2.3.11 OR BA.2.3.12 OR BA.2.3.13 OR BA.2.3.14 OR BA.2.3.15 OR BA.2.3.16 OR BA.2.3.17 OR BA.2.3.18 OR BA.2.4 OR BA.2.5 OR BA.2.6 OR BA.2.7 OR BA.2.8 OR BA.2.9 OR BA.2.9.1 OR BA.2.9.2 OR BA.2.9.3 OR BA.2.9.4 OR BA.2.10 OR BA.2.10.1 OR BA.2.10.2 OR BA.2.10.3 OR BA.2.11 OR BA.2.12 OR BA.2.12.1 OR BA.2.12.2 OR BA.2.13 OR BA.2.14 OR BA.2.15 OR BA.2.16 OR BA.2.17 OR BA.2.18 OR BA.2.19 OR BA.2.20 OR BA.2.21 OR BA.2.22 OR BA.2.23 OR BA.2.23.1 OR BA.2.24 OR BA.2.25 OR BA.2.25.1 OR BA.2.26 OR BA.2.27 OR BA.2.28 OR BA.2.29 OR BA.2.30 OR BA.2.31 OR BA.2.32 OR BA.2.33 OR BA.2.34 OR BA.2.35 OR BA.2.36 OR BA.2.37 OR BA.2.38 OR BA.2.39 OR BA.2.40 OR BA.2.40.1 OR BA.2.41 OR BA.2.42 OR BA.2.43 OR BA.2.44 OR BA.2.45 OR BA.2.46 OR BA.2.47 OR BA.2.48 OR BA.2.49 OR BA.2.50 OR BA.2.51 OR BA.2.52 OR BA.2.53 OR BA.2.54 OR BA.2.55 OR BA.2.56 OR BA.2.56.1 OR BA.2.57 OR BA.2.58 OR BA.2.59 OR BA.2.60 OR BA.2.61 OR BA.2.62 OR BA.2.63 OR BA.2.64 OR BA.2.65 OR BA.2.66 OR BA.2.67 OR BA.2.68 OR BA.2.69 OR BA.2.70 OR BA.2.71 OR BA.2.72 OR BA.2.73 OR BA.2.74 OR BA.2.75 OR BA.3 OR BA.3.1 OR BA.4 OR BA.4.1 OR BA.4.1.1 OR BA.4.1.2 OR BA.5 OR BA.5.1 OR BA.5.1.1 OR BA.5.2 OR BA.5.2.1 OR BA.5.2.2 OR BA.5.2.3 OR BA.5.3 OR BA.5.3.1 OR BA.5.3.2 OR BA.5.3.3 OR BA.5.3.4 OR BA.5.4 OR BA.5.5 OR BA.5.6 OR BC.1 OR BC.2 OR BD.1 OR BE.1 OR BE.1.1 OR BE.2 OR BF.1 OR BF.1.1,Omicron,,,
2021-12-15,279,1,250,1.42857142857143,0.00571428571428571,0.000431929655661768,0.0185415188410741,B.1.1.529 OR BA.1 OR BA.1.1 OR BA.1.1.1 OR BA.1.1.2 OR BA.1.1.3 OR BA.1.1.4 OR BA.1.1.5 OR BA.1.1.6 OR BA.1.1.7 OR BA.1.1.8 OR BA.1.1.9 OR BA.1.1.10 OR BA.1.1.11 OR BA.1.1.12 OR BA.1.1.13 OR BA.1.1.14 OR BA.1.1.15 OR BA.1.1.16 OR BA.1.1.17 OR BA.1.1.18 OR BA.1.2 OR BA.1.3 OR BA.1.4 OR BA.1.5 OR BA.1.6 OR BA.1.7 OR BA.1.8 OR BA.1.9 OR BA.1.10 OR BA.1.11 OR BA.1.12 OR BA.1.13 OR BA.1.13.1 OR BA.1.14 OR BA.1.14.1 OR BA.1.14.2 OR BA.1.15 OR BA.1.15.1 OR BA.1.15.2 OR BA.1.15.3 OR BA.1.16 OR BA.1.16.1 OR BA.1.16.2 OR BA.1.17 OR BA.1.17.1 OR BA.1.17.2 OR BA.1.18 OR BA.1.19 OR BA.1.20 OR BA.1.21 OR BA.1.21.1 OR BA.1.22 OR BA.1.23 OR BA.1.24 OR BA.2 OR BA.2.1 OR BA.2.2 OR BA.2.2.1 OR BA.2.3 OR BA.2.3.1 OR BA.2.3.2 OR BA.2.3.3 OR BA.2.3.4 OR BA.2.3.5 OR BA.2.3.6 OR BA.2.3.7 OR BA.2.3.8 OR BA.2.3.9 OR BA.2.3.10 OR BA.2.3.11 OR BA.2.3.12 OR BA.2.3.13 OR BA.2.3.14 OR BA.2.3.15 OR BA.2.3.16 OR BA.2.3.17 OR BA.2.3.18 OR BA.2.4 OR BA.2.5 OR BA.2.6 OR BA.2.7 OR BA.2.8 OR BA.2.9 OR BA.2.9.1 OR BA.2.9.2 OR BA.2.9.3 OR BA.2.9.4 OR BA.2.10 OR BA.2.10.1 OR BA.2.10.2 OR BA.2.10.3 OR BA.2.11 OR BA.2.12 OR BA.2.12.1 OR BA.2.12.2 OR BA.2.13 OR BA.2.14 OR BA.2.15 OR BA.2.16 OR BA.2.17 OR BA.2.18 OR BA.2.19 OR BA.2.20 OR BA.2.21 OR BA.2.22 OR BA.2.23 OR BA.2.23.1 OR BA.2.24 OR BA.2.25 OR BA.2.25.1 OR BA.2.26 OR BA.2.27 OR BA.2.28 OR BA.2.29 OR BA.2.30 OR BA.2.31 OR BA.2.32 OR BA.2.33 OR BA.2.34 OR BA.2.35 OR BA.2.36 OR BA.2.37 OR BA.2.38 OR BA.2.39 OR BA.2.40 OR BA.2.40.1 OR BA.2.41 OR BA.2.42 OR BA.2.43 OR BA.2.44 OR BA.2.45 OR BA.2.46 OR BA.2.47 OR BA.2.48 OR BA.2.49 OR BA.2.50 OR BA.2.51 OR BA.2.52 OR BA.2.53 OR BA.2.54 OR BA.2.55 OR BA.2.56 OR BA.2.56.1 OR BA.2.57 OR BA.2.58 OR BA.2.59 OR BA.2.60 OR BA.2.61 OR BA.2.62 OR BA.2.63 OR BA.2.64 OR BA.2.65 OR BA.2.66 OR BA.2.67 OR BA.2.68 OR BA.2.69 OR BA.2.70 OR BA.2.71 OR BA.2.72 OR BA.2.73 OR BA.2.74 OR BA.2.75 OR BA.3 OR BA.3.1 OR BA.4 OR BA.4.1 OR BA.4.1.1 OR BA.4.1.2 OR BA.5 OR BA.5.1 OR BA.5.1.1 OR BA.5.2 OR BA.5.2.1 OR BA.5.2.2 OR BA.5.2.3 OR BA.5.3 OR BA.5.3.1 OR BA.5.3.2 OR BA.5.3.3 OR BA.5.3.4 OR BA.5.4 OR BA.5.5 OR BA.5.6 OR BC.1 OR BC.2 OR BD.1 OR BE.1 OR BE.1.1 OR BE.2 OR BF.1 OR BF.1.1,Omicron,,,
2021-12-16,143,3,249.428571428571,1.85714285714286,0.00744558991981672,0.0016727482651008,0.0255150318928921,B.1.1.529 OR BA.1 OR BA.1.1 OR BA.1.1.1 OR BA.1.1.2 OR BA.1.1.3 OR BA.1.1.4 OR BA.1.1.5 OR BA.1.1.6 OR BA.1.1.7 OR BA.1.1.8 OR BA.1.1.9 OR BA.1.1.10 OR BA.1.1.11 OR BA.1.1.12 OR BA.1.1.13 OR BA.1.1.14 OR BA.1.1.15 OR BA.1.1.16 OR BA.1.1.17 OR BA.1.1.18 OR BA.1.2 OR BA.1.3 OR BA.1.4 OR BA.1.5 OR BA.1.6 OR BA.1.7 OR BA.1.8 OR BA.1.9 OR BA.1.10 OR BA.1.11 OR BA.1.12 OR BA.1.13 OR BA.1.13.1 OR BA.1.14 OR BA.1.14.1 OR BA.1.14.2 OR BA.1.15 OR BA.1.15.1 OR BA.1.15.2 OR BA.1.15.3 OR BA.1.16 OR BA.1.16.1 OR BA.1.16.2 OR BA.1.17 OR BA.1.17.1 OR BA.1.17.2 OR BA.1.18 OR BA.1.19 OR BA.1.20 OR BA.1.21 OR BA.1.21.1 OR BA.1.22 OR BA.1.23 OR BA.1.24 OR BA.2 OR BA.2.1 OR BA.2.2 OR BA.2.2.1 OR BA.2.3 OR BA.2.3.1 OR BA.2.3.2 OR BA.2.3.3 OR BA.2.3.4 OR BA.2.3.5 OR BA.2.3.6 OR BA.2.3.7 OR BA.2.3.8 OR BA.2.3.9 OR BA.2.3.10 OR BA.2.3.11 OR BA.2.3.12 OR BA.2.3.13 OR BA.2.3.14 OR BA.2.3.15 OR BA.2.3.16 OR BA.2.3.17 OR BA.2.3.18 OR BA.2.4 OR BA.2.5 OR BA.2.6 OR BA.2.7 OR BA.2.8 OR BA.2.9 OR BA.2.9.1 OR BA.2.9.2 OR BA.2.9.3 OR BA.2.9.4 OR BA.2.10 OR BA.2.10.1 OR BA.2.10.2 OR BA.2.10.3 OR BA.2.11 OR BA.2.12 OR BA.2.12.1 OR BA.2.12.2 OR BA.2.13 OR BA.2.14 OR BA.2.15 OR BA.2.16 OR BA.2.17 OR BA.2.18 OR BA.2.19 OR BA.2.20 OR BA.2.21 OR BA.2.22 OR BA.2.23 OR BA.2.23.1 OR BA.2.24 OR BA.2.25 OR BA.2.25.1 OR BA.2.26 OR BA.2.27 OR BA.2.28 OR BA.2.29 OR BA.2.30 OR BA.2.31 OR BA.2.32 OR BA.2.33 OR BA.2.34 OR BA.2.35 OR BA.2.36 OR BA.2.37 OR BA.2.38 OR BA.2.39 OR BA.2.40 OR BA.2.40.1 OR BA.2.41 OR BA.2.42 OR BA.2.43 OR BA.2.44 OR BA.2.45 OR BA.2.46 OR BA.2.47 OR BA.2.48 OR BA.2.49 OR BA.2.50 OR BA.2.51 OR BA.2.52 OR BA.2.53 OR BA.2.54 OR BA.2.55 OR BA.2.56 OR BA.2.56.1 OR BA.2.57 OR BA.2.58 OR BA.2.59 OR BA.2.60 OR BA.2.61 OR BA.2.62 OR BA.2.63 OR BA.2.64 OR BA.2.65 OR BA.2.66 OR BA.2.67 OR BA.2.68 OR BA.2.69 OR BA.2.70 OR BA.2.71 OR BA.2.72 OR BA.2.73 OR BA.2.74 OR BA.2.75 OR BA.3 OR BA.3.1 OR BA.4 OR BA.4.1 OR BA.4.1.1 OR BA.4.1.2 OR BA.5 OR BA.5.1 OR BA.5.1.1 OR BA.5.2 OR BA.5.2.1 OR BA.5.2.2 OR BA.5.2.3 OR BA.5.3 OR BA.5.3.1 OR BA.5.3.2 OR BA.5.3.3 OR BA.5.3.4 OR BA.5.4 OR BA.5.5 OR BA.5.6 OR BC.1 OR BC.2 OR BD.1 OR BE.1 OR BE.1.1 OR BE.2 OR BF.1 OR BF.1.1,Omicron,,,
2021-12-17,296,2,251.428571428571,2,0.00795454545454546,0.00165939064082385,0.0253137146398983,B.1.1.529 OR BA.1 OR BA.1.1 OR BA.1.1.1 OR BA.1.1.2 OR BA.1.1.3 OR BA.1.1.4 OR BA.1.1.5 OR BA.1.1.6 OR BA.1.1.7 OR BA.1.1.8 OR BA.1.1.9 OR BA.1.1.10 OR BA.1.1.11 OR BA.1.1.12 OR BA.1.1.13 OR BA.1.1.14 OR BA.1.1.15 OR BA.1.1.16 OR BA.1.1.17 OR BA.1.1.18 OR BA.1.2 OR BA.1.3 OR BA.1.4 OR BA.1.5 OR BA.1.6 OR BA.1.7 OR BA.1.8 OR BA.1.9 OR BA.1.10 OR BA.1.11 OR BA.1.12 OR BA.1.13 OR BA.1.13.1 OR BA.1.14 OR BA.1.14.1 OR BA.1.14.2 OR BA.1.15 OR BA.1.15.1 OR BA.1.15.2 OR BA.1.15.3 OR BA.1.16 OR BA.1.16.1 OR BA.1.16.2 OR BA.1.17 OR BA.1.17.1 OR BA.1.17.2 OR BA.1.18 OR BA.1.19 OR BA.1.20 OR BA.1.21 OR BA.1.21.1 OR BA.1.22 OR BA.1.23 OR BA.1.24 OR BA.2 OR BA.2.1 OR BA.2.2 OR BA.2.2.1 OR BA.2.3 OR BA.2.3.1 OR BA.2.3.2 OR BA.2.3.3 OR BA.2.3.4 OR BA.2.3.5 OR BA.2.3.6 OR BA.2.3.7 OR BA.2.3.8 OR BA.2.3.9 OR BA.2.3.10 OR BA.2.3.11 OR BA.2.3.12 OR BA.2.3.13 OR BA.2.3.14 OR BA.2.3.15 OR BA.2.3.16 OR BA.2.3.17 OR BA.2.3.18 OR BA.2.4 OR BA.2.5 OR BA.2.6 OR BA.2.7 OR BA.2.8 OR BA.2.9 OR BA.2.9.1 OR BA.2.9.2 OR BA.2.9.3 OR BA.2.9.4 OR BA.2.10 OR BA.2.10.1 OR BA.2.10.2 OR BA.2.10.3 OR BA.2.11 OR BA.2.12 OR BA.2.12.1 OR BA.2.12.2 OR BA.2.13 OR BA.2.14 OR BA.2.15 OR BA.2.16 OR BA.2.17 OR BA.2.18 OR BA.2.19 OR BA.2.20 OR BA.2.21 OR BA.2.22 OR BA.2.23 OR BA.2.23.1 OR BA.2.24 OR BA.2.25 OR BA.2.25.1 OR BA.2.26 OR BA.2.27 OR BA.2.28 OR BA.2.29 OR BA.2.30 OR BA.2.31 OR BA.2.32 OR BA.2.33 OR BA.2.34 OR BA.2.35 OR BA.2.36 OR BA.2.37 OR BA.2.38 OR BA.2.39 OR BA.2.40 OR BA.2.40.1 OR BA.2.41 OR BA.2.42 OR BA.2.43 OR BA.2.44 OR BA.2.45 OR BA.2.46 OR BA.2.47 OR BA.2.48 OR BA.2.49 OR BA.2.50 OR BA.2.51 OR BA.2.52 OR BA.2.53 OR BA.2.54 OR BA.2.55 OR BA.2.56 OR BA.2.56.1 OR BA.2.57 OR BA.2.58 OR BA.2.59 OR BA.2.60 OR BA.2.61 OR BA.2.62 OR BA.2.63 OR BA.2.64 OR BA.2.65 OR BA.2.66 OR BA.2.67 OR BA.2.68 OR BA.2.69 OR BA.2.70 OR BA.2.71 OR BA.2.72 OR BA.2.73 OR BA.2.74 OR BA.2.75 OR BA.3 OR BA.3.1 OR BA.4 OR BA.4.1 OR BA.4.1.1 OR BA.4.1.2 OR BA.5 OR BA.5.1 OR BA.5.1.1 OR BA.5.2 OR BA.5.2.1 OR BA.5.2.2 OR BA.5.2.3 OR BA.5.3 OR BA.5.3.1 OR BA.5.3.2 OR BA.5.3.3 OR BA.5.3.4 OR BA.5.4 OR BA.5.5 OR BA.5.6 OR BC.1 OR BC.2 OR BD.1 OR BE.1 OR BE.1.1 OR BE.2 OR BF.1 OR BF.1.1,Omicron,,,
2021-12-18,254,8,251.428571428571,2.85714285714286,0.0113636363636364,0.0033774352719884,0.031549837306032,B.1.1.529 OR BA.1 OR BA.1.1 OR BA.1.1.1 OR BA.1.1.2 OR BA.1.1.3 OR BA.1.1.4 OR BA.1.1.5 OR BA.1.1.6 OR BA.1.1.7 OR BA.1.1.8 OR BA.1.1.9 OR BA.1.1.10 OR BA.1.1.11 OR BA.1.1.12 OR BA.1.1.13 OR BA.1.1.14 OR BA.1.1.15 OR BA.1.1.16 OR BA.1.1.17 OR BA.1.1.18 OR BA.1.2 OR BA.1.3 OR BA.1.4 OR BA.1.5 OR BA.1.6 OR BA.1.7 OR BA.1.8 OR BA.1.9 OR BA.1.10 OR BA.1.11 OR BA.1.12 OR BA.1.13 OR BA.1.13.1 OR BA.1.14 OR BA.1.14.1 OR BA.1.14.2 OR BA.1.15 OR BA.1.15.1 OR BA.1.15.2 OR BA.1.15.3 OR BA.1.16 OR BA.1.16.1 OR BA.1.16.2 OR BA.1.17 OR BA.1.17.1 OR BA.1.17.2 OR BA.1.18 OR BA.1.19 OR BA.1.20 OR BA.1.21 OR BA.1.21.1 OR BA.1.22 OR BA.1.23 OR BA.1.24 OR BA.2 OR BA.2.1 OR BA.2.2 OR BA.2.2.1 OR BA.2.3 OR BA.2.3.1 OR BA.2.3.2 OR BA.2.3.3 OR BA.2.3.4 OR BA.2.3.5 OR BA.2.3.6 OR BA.2.3.7 OR BA.2.3.8 OR BA.2.3.9 OR BA.2.3.10 OR BA.2.3.11 OR BA.2.3.12 OR BA.2.3.13 OR BA.2.3.14 OR BA.2.3.15 OR BA.2.3.16 OR BA.2.3.17 OR BA.2.3.18 OR BA.2.4 OR BA.2.5 OR BA.2.6 OR BA.2.7 OR BA.2.8 OR BA.2.9 OR BA.2.9.1 OR BA.2.9.2 OR BA.2.9.3 OR BA.2.9.4 OR BA.2.10 OR BA.2.10.1 OR BA.2.10.2 OR BA.2.10.3 OR BA.2.11 OR BA.2.12 OR BA.2.12.1 OR BA.2.12.2 OR BA.2.13 OR BA.2.14 OR BA.2.15 OR BA.2.16 OR BA.2.17 OR BA.2.18 OR BA.2.19 OR BA.2.20 OR BA.2.21 OR BA.2.22 OR BA.2.23 OR BA.2.23.1 OR BA.2.24 OR BA.2.25 OR BA.2.25.1 OR BA.2.26 OR BA.2.27 OR BA.2.28 OR BA.2.29 OR BA.2.30 OR BA.2.31 OR BA.2.32 OR BA.2.33 OR BA.2.34 OR BA.2.35 OR BA.2.36 OR BA.2.37 OR BA.2.38 OR BA.2.39 OR BA.2.40 OR BA.2.40.1 OR BA.2.41 OR BA.2.42 OR BA.2.43 OR BA.2.44 OR BA.2.45 OR BA.2.46 OR BA.2.47 OR BA.2.48 OR BA.2.49 OR BA.2.50 OR BA.2.51 OR BA.2.52 OR BA.2.53 OR BA.2.54 OR BA.2.55 OR BA.2.56 OR BA.2.56.1 OR BA.2.57 OR BA.2.58 OR BA.2.59 OR BA.2.60 OR BA.2.61 OR BA.2.62 OR BA.2.63 OR BA.2.64 OR BA.2.65 OR BA.2.66 OR BA.2.67 OR BA.2.68 OR BA.2.69 OR BA.2.70 OR BA.2.71 OR BA.2.72 OR BA.2.73 OR BA.2.74 OR BA.2.75 OR BA.3 OR BA.3.1 OR BA.4 OR BA.4.1 OR BA.4.1.1 OR BA.4.1.2 OR BA.5 OR BA.5.1 OR BA.5.1.1 OR BA.5.2 OR BA.5.2.1 OR BA.5.2.2 OR BA.5.2.3 OR BA.5.3 OR BA.5.3.1 OR BA.5.3.2 OR BA.5.3.3 OR BA.5.3.4 OR BA.5.4 OR BA.5.5 OR BA.5.6 OR BC.1 OR BC.2 OR BD.1 OR BE.1 OR BE.1.1 OR BE.2 OR BF.1 OR BF.1.1,Omicron,,,
2021-12-19,129,6,244.285714285714,3.71428571428571,0.0152046783625731,0.00555815022781292,0.0385032973596253,B.1.1.529 OR BA.1 OR BA.1.1 OR BA.1.1.1 OR BA.1.1.2 OR BA.1.1.3 OR BA.1.1.4 OR BA.1.1.5 OR BA.1.1.6 OR BA.1.1.7 OR BA.1.1.8 OR BA.1.1.9 OR BA.1.1.10 OR BA.1.1.11 OR BA.1.1.12 OR BA.1.1.13 OR BA.1.1.14 OR BA.1.1.15 OR BA.1.1.16 OR BA.1.1.17 OR BA.1.1.18 OR BA.1.2 OR BA.1.3 OR BA.1.4 OR BA.1.5 OR BA.1.6 OR BA.1.7 OR BA.1.8 OR BA.1.9 OR BA.1.10 OR BA.1.11 OR BA.1.12 OR BA.1.13 OR BA.1.13.1 OR BA.1.14 OR BA.1.14.1 OR BA.1.14.2 OR BA.1.15 OR BA.1.15.1 OR BA.1.15.2 OR BA.1.15.3 OR BA.1.16 OR BA.1.16.1 OR BA.1.16.2 OR BA.1.17 OR BA.1.17.1 OR BA.1.17.2 OR BA.1.18 OR BA.1.19 OR BA.1.20 OR BA.1.21 OR BA.1.21.1 OR BA.1.22 OR BA.1.23 OR BA.1.24 OR BA.2 OR BA.2.1 OR BA.2.2 OR BA.2.2.1 OR BA.2.3 OR BA.2.3.1 OR BA.2.3.2 OR BA.2.3.3 OR BA.2.3.4 OR BA.2.3.5 OR BA.2.3.6 OR BA.2.3.7 OR BA.2.3.8 OR BA.2.3.9 OR BA.2.3.10 OR BA.2.3.11 OR BA.2.3.12 OR BA.2.3.13 OR BA.2.3.14 OR BA.2.3.15 OR BA.2.3.16 OR BA.2.3.17 OR BA.2.3.18 OR BA.2.4 OR BA.2.5 OR BA.2.6 OR BA.2.7 OR BA.2.8 OR BA.2.9 OR BA.2.9.1 OR BA.2.9.2 OR BA.2.9.3 OR BA.2.9.4 OR BA.2.10 OR BA.2.10.1 OR BA.2.10.2 OR BA.2.10.3 OR BA.2.11 OR BA.2.12 OR BA.2.12.1 OR BA.2.12.2 OR BA.2.13 OR BA.2.14 OR BA.2.15 OR BA.2.16 OR BA.2.17 OR BA.2.18 OR BA.2.19 OR BA.2.20 OR BA.2.21 OR BA.2.22 OR BA.2.23 OR BA.2.23.1 OR BA.2.24 OR BA.2.25 OR BA.2.25.1 OR BA.2.26 OR BA.2.27 OR BA.2.28 OR BA.2.29 OR BA.2.30 OR BA.2.31 OR BA.2.32 OR BA.2.33 OR BA.2.34 OR BA.2.35 OR BA.2.36 OR BA.2.37 OR BA.2.38 OR BA.2.39 OR BA.2.40 OR BA.2.40.1 OR BA.2.41 OR BA.2.42 OR BA.2.43 OR BA.2.44 OR BA.2.45 OR BA.2.46 OR BA.2.47 OR BA.2.48 OR BA.2.49 OR BA.2.50 OR BA.2.51 OR BA.2.52 OR BA.2.53 OR BA.2.54 OR BA.2.55 OR BA.2.56 OR BA.2.56.1 OR BA.2.57 OR BA.2.58 OR BA.2.59 OR BA.2.60 OR BA.2.61 OR BA.2.62 OR BA.2.63 OR BA.2.64 OR BA.2.65 OR BA.2.66 OR BA.2.67 OR BA.2.68 OR BA.2.69 OR BA.2.70 OR BA.2.71 OR BA.2.72 OR BA.2.73 OR BA.2.74 OR BA.2.75 OR BA.3 OR BA.3.1 OR BA.4 OR BA.4.1 OR BA.4.1.1 OR BA.4.1.2 OR BA.5 OR BA.5.1 OR BA.5.1.1 OR BA.5.2 OR BA.5.2.1 OR BA.5.2.2 OR BA.5.2.3 OR BA.5.3 OR BA.5.3.1 OR BA.5.3.2 OR BA.5.3.3 OR BA.5.3.4 OR BA.5.4 OR BA.5.5 OR BA.5.6 OR BC.1 OR BC.2 OR BD.1 OR BE.1 OR BE.1.1 OR BE.2 OR BF.1 OR BF.1.1,Omicron,,,
2021-12-20,285,5,233,4.14285714285714,0.0177805027590435,0.00582177647353217,0.0402975520310642,B.1.1.529 OR BA.1 OR BA.1.1 OR BA.1.1.1 OR BA.1.1.2 OR BA.1.1.3 OR BA.1.1.4 OR BA.1.1.5 OR BA.1.1.6 OR BA.1.1.7 OR BA.1.1.8 OR BA.1.1.9 OR BA.1.1.10 OR BA.1.1.11 OR BA.1.1.12 OR BA.1.1.13 OR BA.1.1.14 OR BA.1.1.15 OR BA.1.1.16 OR BA.1.1.17 OR BA.1.1.18 OR BA.1.2 OR BA.1.3 OR BA.1.4 OR BA.1.5 OR BA.1.6 OR BA.1.7 OR BA.1.8 OR BA.1.9 OR BA.1.10 OR BA.1.11 OR BA.1.12 OR BA.1.13 OR BA.1.13.1 OR BA.1.14 OR BA.1.14.1 OR BA.1.14.2 OR BA.1.15 OR BA.1.15.1 OR BA.1.15.2 OR BA.1.15.3 OR BA.1.16 OR BA.1.16.1 OR BA.1.16.2 OR BA.1.17 OR BA.1.17.1 OR BA.1.17.2 OR BA.1.18 OR BA.1.19 OR BA.1.20 OR BA.1.21 OR BA.1.21.1 OR BA.1.22 OR BA.1.23 OR BA.1.24 OR BA.2 OR BA.2.1 OR BA.2.2 OR BA.2.2.1 OR BA.2.3 OR BA.2.3.1 OR BA.2.3.2 OR BA.2.3.3 OR BA.2.3.4 OR BA.2.3.5 OR BA.2.3.6 OR BA.2.3.7 OR BA.2.3.8 OR BA.2.3.9 OR BA.2.3.10 OR BA.2.3.11 OR BA.2.3.12 OR BA.2.3.13 OR BA.2.3.14 OR BA.2.3.15 OR BA.2.3.16 OR BA.2.3.17 OR BA.2.3.18 OR BA.2.4 OR BA.2.5 OR BA.2.6 OR BA.2.7 OR BA.2.8 OR BA.2.9 OR BA.2.9.1 OR BA.2.9.2 OR BA.2.9.3 OR BA.2.9.4 OR BA.2.10 OR BA.2.10.1 OR BA.2.10.2 OR BA.2.10.3 OR BA.2.11 OR BA.2.12 OR BA.2.12.1 OR BA.2.12.2 OR BA.2.13 OR BA.2.14 OR BA.2.15 OR BA.2.16 OR BA.2.17 OR BA.2.18 OR BA.2.19 OR BA.2.20 OR BA.2.21 OR BA.2.22 OR BA.2.23 OR BA.2.23.1 OR BA.2.24 OR BA.2.25 OR BA.2.25.1 OR BA.2.26 OR BA.2.27 OR BA.2.28 OR BA.2.29 OR BA.2.30 OR BA.2.31 OR BA.2.32 OR BA.2.33 OR BA.2.34 OR BA.2.35 OR BA.2.36 OR BA.2.37 OR BA.2.38 OR BA.2.39 OR BA.2.40 OR BA.2.40.1 OR BA.2.41 OR BA.2.42 OR BA.2.43 OR BA.2.44 OR BA.2.45 OR BA.2.46 OR BA.2.47 OR BA.2.48 OR BA.2.49 OR BA.2.50 OR BA.2.51 OR BA.2.52 OR BA.2.53 OR BA.2.54 OR BA.2.55 OR BA.2.56 OR BA.2.56.1 OR BA.2.57 OR BA.2.58 OR BA.2.59 OR BA.2.60 OR BA.2.61 OR BA.2.62 OR BA.2.63 OR BA.2.64 OR BA.2.65 OR BA.2.66 OR BA.2.67 OR BA.2.68 OR BA.2.69 OR BA.2.70 OR BA.2.71 OR BA.2.72 OR BA.2.73 OR BA.2.74 OR BA.2.75 OR BA.3 OR BA.3.1 OR BA.4 OR BA.4.1 OR BA.4.1.1 OR BA.4.1.2 OR BA.5 OR BA.5.1 OR BA.5.1.1 OR BA.5.2 OR BA.5.2.1 OR BA.5.2.2 OR BA.5.2.3 OR BA.5.3 OR BA.5.3.1 OR BA.5.3.2 OR BA.5.3.3 OR BA.5.3.4 OR BA.5.4 OR BA.5.5 OR BA.5.6 OR BC.1 OR BC.2 OR BD.1 OR BE.1 OR BE.1.1 OR BE.2 OR BF.1 OR BF.1.1,Omicron,,,
2021-12-21,191,5,225.285714285714,4.28571428571429,0.0190234622701332,0.00602977354825716,0.0417111708384715,B.1.1.529 OR BA.1 OR BA.1.1 OR BA.1.1.1 OR BA.1.1.2 OR BA.1.1.3 OR BA.1.1.4 OR BA.1.1.5 OR BA.1.1.6 OR BA.1.1.7 OR BA.1.1.8 OR BA.1.1.9 OR BA.1.1.10 OR BA.1.1.11 OR BA.1.1.12 OR BA.1.1.13 OR BA.1.1.14 OR BA.1.1.15 OR BA.1.1.16 OR BA.1.1.17 OR BA.1.1.18 OR BA.1.2 OR BA.1.3 OR BA.1.4 OR BA.1.5 OR BA.1.6 OR BA.1.7 OR BA.1.8 OR BA.1.9 OR BA.1.10 OR BA.1.11 OR BA.1.12 OR BA.1.13 OR BA.1.13.1 OR BA.1.14 OR BA.1.14.1 OR BA.1.14.2 OR BA.1.15 OR BA.1.15.1 OR BA.1.15.2 OR BA.1.15.3 OR BA.1.16 OR BA.1.16.1 OR BA.1.16.2 OR BA.1.17 OR BA.1.17.1 OR BA.1.17.2 OR BA.1.18 OR BA.1.19 OR BA.1.20 OR BA.1.21 OR BA.1.21.1 OR BA.1.22 OR BA.1.23 OR BA.1.24 OR BA.2 OR BA.2.1 OR BA.2.2 OR BA.2.2.1 OR BA.2.3 OR BA.2.3.1 OR BA.2.3.2 OR BA.2.3.3 OR BA.2.3.4 OR BA.2.3.5 OR BA.2.3.6 OR BA.2.3.7 OR BA.2.3.8 OR BA.2.3.9 OR BA.2.3.10 OR BA.2.3.11 OR BA.2.3.12 OR BA.2.3.13 OR BA.2.3.14 OR BA.2.3.15 OR BA.2.3.16 OR BA.2.3.17 OR BA.2.3.18 OR BA.2.4 OR BA.2.5 OR BA.2.6 OR BA.2.7 OR BA.2.8 OR BA.2.9 OR BA.2.9.1 OR BA.2.9.2 OR BA.2.9.3 OR BA.2.9.4 OR BA.2.10 OR BA.2.10.1 OR BA.2.10.2 OR BA.2.10.3 OR BA.2.11 OR BA.2.12 OR BA.2.12.1 OR BA.2.12.2 OR BA.2.13 OR BA.2.14 OR BA.2.15 OR BA.2.16 OR BA.2.17 OR BA.2.18 OR BA.2.19 OR BA.2.20 OR BA.2.21 OR BA.2.22 OR BA.2.23 OR BA.2.23.1 OR BA.2.24 OR BA.2.25 OR BA.2.25.1 OR BA.2.26 OR BA.2.27 OR BA.2.28 OR BA.2.29 OR BA.2.30 OR BA.2.31 OR BA.2.32 OR BA.2.33 OR BA.2.34 OR BA.2.35 OR BA.2.36 OR BA.2.37 OR BA.2.38 OR BA.2.39 OR BA.2.40 OR BA.2.40.1 OR BA.2.41 OR BA.2.42 OR BA.2.43 OR BA.2.44 OR BA.2.45 OR BA.2.46 OR BA.2.47 OR BA.2.48 OR BA.2.49 OR BA.2.50 OR BA.2.51 OR BA.2.52 OR BA.2.53 OR BA.2.54 OR BA.2.55 OR BA.2.56 OR BA.2.56.1 OR BA.2.57 OR BA.2.58 OR BA.2.59 OR BA.2.60 OR BA.2.61 OR BA.2.62 OR BA.2.63 OR BA.2.64 OR BA.2.65 OR BA.2.66 OR BA.2.67 OR BA.2.68 OR BA.2.69 OR BA.2.70 OR BA.2.71 OR BA.2.72 OR BA.2.73 OR BA.2.74 OR BA.2.75 OR BA.3 OR BA.3.1 OR BA.4 OR BA.4.1 OR BA.4.1.1 OR BA.4.1.2 OR BA.5 OR BA.5.1 OR BA.5.1.1 OR BA.5.2 OR BA.5.2.1 OR BA.5.2.2 OR BA.5.2.3 OR BA.5.3 OR BA.5.3.1 OR BA.5.3.2 OR BA.5.3.3 OR BA.5.3.4 OR BA.5.4 OR BA.5.5 OR BA.5.6 OR BC.1 OR BC.2 OR BD.1 OR BE.1 OR BE.1.1 OR BE.2 OR BF.1 OR BF.1.1,Omicron,,,
2021-12-22,266,15,223.428571428571,6.28571428571429,0.0281329923273657,0.0113067331389673,0.0546109511076707,B.1.1.529 OR BA.1 OR BA.1.1 OR BA.1.1.1 OR BA.1.1.2 OR BA.1.1.3 OR BA.1.1.4 OR BA.1.1.5 OR BA.1.1.6 OR BA.1.1.7 OR BA.1.1.8 OR BA.1.1.9 OR BA.1.1.10 OR BA.1.1.11 OR BA.1.1.12 OR BA.1.1.13 OR BA.1.1.14 OR BA.1.1.15 OR BA.1.1.16 OR BA.1.1.17 OR BA.1.1.18 OR BA.1.2 OR BA.1.3 OR BA.1.4 OR BA.1.5 OR BA.1.6 OR BA.1.7 OR BA.1.8 OR BA.1.9 OR BA.1.10 OR BA.1.11 OR BA.1.12 OR BA.1.13 OR BA.1.13.1 OR BA.1.14 OR BA.1.14.1 OR BA.1.14.2 OR BA.1.15 OR BA.1.15.1 OR BA.1.15.2 OR BA.1.15.3 OR BA.1.16 OR BA.1.16.1 OR BA.1.16.2 OR BA.1.17 OR BA.1.17.1 OR BA.1.17.2 OR BA.1.18 OR BA.1.19 OR BA.1.20 OR BA.1.21 OR BA.1.21.1 OR BA.1.22 OR BA.1.23 OR BA.1.24 OR BA.2 OR BA.2.1 OR BA.2.2 OR BA.2.2.1 OR BA.2.3 OR BA.2.3.1 OR BA.2.3.2 OR BA.2.3.3 OR BA.2.3.4 OR BA.2.3.5 OR BA.2.3.6 OR BA.2.3.7 OR BA.2.3.8 OR BA.2.3.9 OR BA.2.3.10 OR BA.2.3.11 OR BA.2.3.12 OR BA.2.3.13 OR BA.2.3.14 OR BA.2.3.15 OR BA.2.3.16 OR BA.2.3.17 OR BA.2.3.18 OR BA.2.4 OR BA.2.5 OR BA.2.6 OR BA.2.7 OR BA.2.8 OR BA.2.9 OR BA.2.9.1 OR BA.2.9.2 OR BA.2.9.3 OR BA.2.9.4 OR BA.2.10 OR BA.2.10.1 OR BA.2.10.2 OR BA.2.10.3 OR BA.2.11 OR BA.2.12 OR BA.2.12.1 OR BA.2.12.2 OR BA.2.13 OR BA.2.14 OR BA.2.15 OR BA.2.16 OR BA.2.17 OR BA.2.18 OR BA.2.19 OR BA.2.20 OR BA.2.21 OR BA.2.22 OR BA.2.23 OR BA.2.23.1 OR BA.2.24 OR BA.2.25 OR BA.2.25.1 OR BA.2.26 OR BA.2.27 OR BA.2.28 OR BA.2.29 OR BA.2.30 OR BA.2.31 OR BA.2.32 OR BA.2.33 OR BA.2.34 OR BA.2.35 OR BA.2.36 OR BA.2.37 OR BA.2.38 OR BA.2.39 OR BA.2.40 OR BA.2.40.1 OR BA.2.41 OR BA.2.42 OR BA.2.43 OR BA.2.44 OR BA.2.45 OR BA.2.46 OR BA.2.47 OR BA.2.48 OR BA.2.49 OR BA.2.50 OR BA.2.51 OR BA.2.52 OR BA.2.53 OR BA.2.54 OR BA.2.55 OR BA.2.56 OR BA.2.56.1 OR BA.2.57 OR BA.2.58 OR BA.2.59 OR BA.2.60 OR BA.2.61 OR BA.2.62 OR BA.2.63 OR BA.2.64 OR BA.2.65 OR BA.2.66 OR BA.2.67 OR BA.2.68 OR BA.2.69 OR BA.2.70 OR BA.2.71 OR BA.2.72 OR BA.2.73 OR BA.2.74 OR BA.2.75 OR BA.3 OR BA.3.1 OR BA.4 OR BA.4.1 OR BA.4.1.1 OR BA.4.1.2 OR BA.5 OR BA.5.1 OR BA.5.1.1 OR BA.5.2 OR BA.5.2.1 OR BA.5.2.2 OR BA.5.2.3 OR BA.5.3 OR BA.5.3.1 OR BA.5.3.2 OR BA.5.3.3 OR BA.5.3.4 OR BA.5.4 OR BA.5.5 OR BA.5.6 OR BC.1 OR BC.2 OR BD.1 OR BE.1 OR BE.1.1 OR BE.2 OR BF.1 OR BF.1.1,Omicron,,,
2021-12-23,245,26,238,9.57142857142857,0.0402160864345738,0.0218041005458281,0.0732482135810043,B.1.1.529 OR BA.1 OR BA.1.1 OR BA.1.1.1 OR BA.1.1.2 OR BA.1.1.3 OR BA.1.1.4 OR BA.1.1.5 OR BA.1.1.6 OR BA.1.1.7 OR BA.1.1.8 OR BA.1.1.9 OR BA.1.1.10 OR BA.1.1.11 OR BA.1.1.12 OR BA.1.1.13 OR BA.1.1.14 OR BA.1.1.15 OR BA.1.1.16 OR BA.1.1.17 OR BA.1.1.18 OR BA.1.2 OR BA.1.3 OR BA.1.4 OR BA.1.5 OR BA.1.6 OR BA.1.7 OR BA.1.8 OR BA.1.9 OR BA.1.10 OR BA.1.11 OR BA.1.12 OR BA.1.13 OR BA.1.13.1 OR BA.1.14 OR BA.1.14.1 OR BA.1.14.2 OR BA.1.15 OR BA.1.15.1 OR BA.1.15.2 OR BA.1.15.3 OR BA.1.16 OR BA.1.16.1 OR BA.1.16.2 OR BA.1.17 OR BA.1.17.1 OR BA.1.17.2 OR BA.1.18 OR BA.1.19 OR BA.1.20 OR BA.1.21 OR BA.1.21.1 OR BA.1.22 OR BA.1.23 OR BA.1.24 OR BA.2 OR BA.2.1 OR BA.2.2 OR BA.2.2.1 OR BA.2.3 OR BA.2.3.1 OR BA.2.3.2 OR BA.2.3.3 OR BA.2.3.4 OR BA.2.3.5 OR BA.2.3.6 OR BA.2.3.7 OR BA.2.3.8 OR BA.2.3.9 OR BA.2.3.10 OR BA.2.3.11 OR BA.2.3.12 OR BA.2.3.13 OR BA.2.3.14 OR BA.2.3.15 OR BA.2.3.16 OR BA.2.3.17 OR BA.2.3.18 OR BA.2.4 OR BA.2.5 OR BA.2.6 OR BA.2.7 OR BA.2.8 OR BA.2.9 OR BA.2.9.1 OR BA.2.9.2 OR BA.2.9.3 OR BA.2.9.4 OR BA.2.10 OR BA.2.10.1 OR BA.2.10.2 OR BA.2.10.3 OR BA.2.11 OR BA.2.12 OR BA.2.12.1 OR BA.2.12.2 OR BA.2.13 OR BA.2.14 OR BA.2.15 OR BA.2.16 OR BA.2.17 OR BA.2.18 OR BA.2.19 OR BA.2.20 OR BA.2.21 OR BA.2.22 OR BA.2.23 OR BA.2.23.1 OR BA.2.24 OR BA.2.25 OR BA.2.25.1 OR BA.2.26 OR BA.2.27 OR BA.2.28 OR BA.2.29 OR BA.2.30 OR BA.2.31 OR BA.2.32 OR BA.2.33 OR BA.2.34 OR BA.2.35 OR BA.2.36 OR BA.2.37 OR BA.2.38 OR BA.2.39 OR BA.2.40 OR BA.2.40.1 OR BA.2.41 OR BA.2.42 OR BA.2.43 OR BA.2.44 OR BA.2.45 OR BA.2.46 OR BA.2.47 OR BA.2.48 OR BA.2.49 OR BA.2.50 OR BA.2.51 OR BA.2.52 OR BA.2.53 OR BA.2.54 OR BA.2.55 OR BA.2.56 OR BA.2.56.1 OR BA.2.57 OR BA.2.58 OR BA.2.59 OR BA.2.60 OR BA.2.61 OR BA.2.62 OR BA.2.63 OR BA.2.64 OR BA.2.65 OR BA.2.66 OR BA.2.67 OR BA.2.68 OR BA.2.69 OR BA.2.70 OR BA.2.71 OR BA.2.72 OR BA.2.73 OR BA.2.74 OR BA.2.75 OR BA.3 OR BA.3.1 OR BA.4 OR BA.4.1 OR BA.4.1.1 OR BA.4.1.2 OR BA.5 OR BA.5.1 OR BA.5.1.1 OR BA.5.2 OR BA.5.2.1 OR BA.5.2.2 OR BA.5.2.3 OR BA.5.3 OR BA.5.3.1 OR BA.5.3.2 OR BA.5.3.3 OR BA.5.3.4 OR BA.5.4 OR BA.5.5 OR BA.5.6 OR BC.1 OR BC.2 OR BD.1 OR BE.1 OR BE.1.1 OR BE.2 OR BF.1 OR BF.1.1,Omicron,243.714285714286,5.71428571428571,0.0234466588511137
2021-12-24,382,14,250.285714285714,11.2857142857143,0.0450913242009133,0.0235988410449334,0.0748530205655251,B.1.1.529 OR BA.1 OR BA.1.1 OR BA.1.1.1 OR BA.1.1.2 OR BA.1.1.3 OR BA.1.1.4 OR BA.1.1.5 OR BA.1.1.6 OR BA.1.1.7 OR BA.1.1.8 OR BA.1.1.9 OR BA.1.1.10 OR BA.1.1.11 OR BA.1.1.12 OR BA.1.1.13 OR BA.1.1.14 OR BA.1.1.15 OR BA.1.1.16 OR BA.1.1.17 OR BA.1.1.18 OR BA.1.2 OR BA.1.3 OR BA.1.4 OR BA.1.5 OR BA.1.6 OR BA.1.7 OR BA.1.8 OR BA.1.9 OR BA.1.10 OR BA.1.11 OR BA.1.12 OR BA.1.13 OR BA.1.13.1 OR BA.1.14 OR BA.1.14.1 OR BA.1.14.2 OR BA.1.15 OR BA.1.15.1 OR BA.1.15.2 OR BA.1.15.3 OR BA.1.16 OR BA.1.16.1 OR BA.1.16.2 OR BA.1.17 OR BA.1.17.1 OR BA.1.17.2 OR BA.1.18 OR BA.1.19 OR BA.1.20 OR BA.1.21 OR BA.1.21.1 OR BA.1.22 OR BA.1.23 OR BA.1.24 OR BA.2 OR BA.2.1 OR BA.2.2 OR BA.2.2.1 OR BA.2.3 OR BA.2.3.1 OR BA.2.3.2 OR BA.2.3.3 OR BA.2.3.4 OR BA.2.3.5 OR BA.2.3.6 OR BA.2.3.7 OR BA.2.3.8 OR BA.2.3.9 OR BA.2.3.10 OR BA.2.3.11 OR BA.2.3.12 OR BA.2.3.13 OR BA.2.3.14 OR BA.2.3.15 OR BA.2.3.16 OR BA.2.3.17 OR BA.2.3.18 OR BA.2.4 OR BA.2.5 OR BA.2.6 OR BA.2.7 OR BA.2.8 OR BA.2.9 OR BA.2.9.1 OR BA.2.9.2 OR BA.2.9.3 OR BA.2.9.4 OR BA.2.10 OR BA.2.10.1 OR BA.2.10.2 OR BA.2.10.3 OR BA.2.11 OR BA.2.12 OR BA.2.12.1 OR BA.2.12.2 OR BA.2.13 OR BA.2.14 OR BA.2.15 OR BA.2.16 OR BA.2.17 OR BA.2.18 OR BA.2.19 OR BA.2.20 OR BA.2.21 OR BA.2.22 OR BA.2.23 OR BA.2.23.1 OR BA.2.24 OR BA.2.25 OR BA.2.25.1 OR BA.2.26 OR BA.2.27 OR BA.2.28 OR BA.2.29 OR BA.2.30 OR BA.2.31 OR BA.2.32 OR BA.2.33 OR BA.2.34 OR BA.2.35 OR BA.2.36 OR BA.2.37 OR BA.2.38 OR BA.2.39 OR BA.2.40 OR BA.2.40.1 OR BA.2.41 OR BA.2.42 OR BA.2.43 OR BA.2.44 OR BA.2.45 OR BA.2.46 OR BA.2.47 OR BA.2.48 OR BA.2.49 OR BA.2.50 OR BA.2.51 OR BA.2.52 OR BA.2.53 OR BA.2.54 OR BA.2.55 OR BA.2.56 OR BA.2.56.1 OR BA.2.57 OR BA.2.58 OR BA.2.59 OR BA.2.60 OR BA.2.61 OR BA.2.62 OR BA.2.63 OR BA.2.64 OR BA.2.65 OR BA.2.66 OR BA.2.67 OR BA.2.68 OR BA.2.69 OR BA.2.70 OR BA.2.71 OR BA.2.72 OR BA.2.73 OR BA.2.74 OR BA.2.75 OR BA.3 OR BA.3.1 OR BA.4 OR BA.4.1 OR BA.4.1.1 OR BA.4.1.2 OR BA.5 OR BA.5.1 OR BA.5.1.1 OR BA.5.2 OR BA.5.2.1 OR BA.5.2.2 OR BA.5.2.3 OR BA.5.3 OR BA.5.3.1 OR BA.5.3.2 OR BA.5.3.3 OR BA.5.3.4 OR BA.5.4 OR BA.5.5 OR BA.5.6 OR BC.1 OR BC.2 OR BD.1 OR BE.1 OR BE.1.1 OR BE.2 OR BF.1 OR BF.1.1,Omicron,250.857142857143,6.64285714285714,0.0264806378132118
2021-12-25,240,22,248.285714285714,13.2857142857143,0.0535097813578826,0.0296973900882575,0.0854891091654364,B.1.1.529 OR BA.1 OR BA.1.1 OR BA.1.1.1 OR BA.1.1.2 OR BA.1.1.3 OR BA.1.1.4 OR BA.1.1.5 OR BA.1.1.6 OR BA.1.1.7 OR BA.1.1.8 OR BA.1.1.9 OR BA.1.1.10 OR BA.1.1.11 OR BA.1.1.12 OR BA.1.1.13 OR BA.1.1.14 OR BA.1.1.15 OR BA.1.1.16 OR BA.1.1.17 OR BA.1.1.18 OR BA.1.2 OR BA.1.3 OR BA.1.4 OR BA.1.5 OR BA.1.6 OR BA.1.7 OR BA.1.8 OR BA.1.9 OR BA.1.10 OR BA.1.11 OR BA.1.12 OR BA.1.13 OR BA.1.13.1 OR BA.1.14 OR BA.1.14.1 OR BA.1.14.2 OR BA.1.15 OR BA.1.15.1 OR BA.1.15.2 OR BA.1.15.3 OR BA.1.16 OR BA.1.16.1 OR BA.1.16.2 OR BA.1.17 OR BA.1.17.1 OR BA.1.17.2 OR BA.1.18 OR BA.1.19 OR BA.1.20 OR BA.1.21 OR BA.1.21.1 OR BA.1.22 OR BA.1.23 OR BA.1.24 OR BA.2 OR BA.2.1 OR BA.2.2 OR BA.2.2.1 OR BA.2.3 OR BA.2.3.1 OR BA.2.3.2 OR BA.2.3.3 OR BA.2.3.4 OR BA.2.3.5 OR BA.2.3.6 OR BA.2.3.7 OR BA.2.3.8 OR BA.2.3.9 OR BA.2.3.10 OR BA.2.3.11 OR BA.2.3.12 OR BA.2.3.13 OR BA.2.3.14 OR BA.2.3.15 OR BA.2.3.16 OR BA.2.3.17 OR BA.2.3.18 OR BA.2.4 OR BA.2.5 OR BA.2.6 OR BA.2.7 OR BA.2.8 OR BA.2.9 OR BA.2.9.1 OR BA.2.9.2 OR BA.2.9.3 OR BA.2.9.4 OR BA.2.10 OR BA.2.10.1 OR BA.2.10.2 OR BA.2.10.3 OR BA.2.11 OR BA.2.12 OR BA.2.12.1 OR BA.2.12.2 OR BA.2.13 OR BA.2.14 OR BA.2.15 OR BA.2.16 OR BA.2.17 OR BA.2.18 OR BA.2.19 OR BA.2.20 OR BA.2.21 OR BA.2.22 OR BA.2.23 OR BA.2.23.1 OR BA.2.24 OR BA.2.25 OR BA.2.25.1 OR BA.2.26 OR BA.2.27 OR BA.2.28 OR BA.2.29 OR BA.2.30 OR BA.2.31 OR BA.2.32 OR BA.2.33 OR BA.2.34 OR BA.2.35 OR BA.2.36 OR BA.2.37 OR BA.2.38 OR BA.2.39 OR BA.2.40 OR BA.2.40.1 OR BA.2.41 OR BA.2.42 OR BA.2.43 OR BA.2.44 OR BA.2.45 OR BA.2.46 OR BA.2.47 OR BA.2.48 OR BA.2.49 OR BA.2.50 OR BA.2.51 OR BA.2.52 OR BA.2.53 OR BA.2.54 OR BA.2.55 OR BA.2.56 OR BA.2.56.1 OR BA.2.57 OR BA.2.58 OR BA.2.59 OR BA.2.60 OR BA.2.61 OR BA.2.62 OR BA.2.63 OR BA.2.64 OR BA.2.65 OR BA.2.66 OR BA.2.67 OR BA.2.68 OR BA.2.69 OR BA.2.70 OR BA.2.71 OR BA.2.72 OR BA.2.73 OR BA.2.74 OR BA.2.75 OR BA.3 OR BA.3.1 OR BA.4 OR BA.4.1 OR BA.4.1.1 OR BA.4.1.2 OR BA.5 OR BA.5.1 OR BA.5.1.1 OR BA.5.2 OR BA.5.2.1 OR BA.5.2.2 OR BA.5.2.3 OR BA.5.3 OR BA.5.3.1 OR BA.5.3.2 OR BA.5.3.3 OR BA.5.3.4 OR BA.5.4 OR BA.5.5 OR BA.5.6 OR BC.1 OR BC.2 OR BD.1 OR BE.1 OR BE.1.1 OR BE.2 OR BF.1 OR BF.1.1,Omicron,249.857142857143,8.07142857142857,0.0323041738136078
2021-12-26,144,16,250.428571428571,14.7142857142857,0.0587564175698802,0.0354894121396426,0.0946070005326946,B.1.1.529 OR BA.1 OR BA.1.1 OR BA.1.1.1 OR BA.1.1.2 OR BA.1.1.3 OR BA.1.1.4 OR BA.1.1.5 OR BA.1.1.6 OR BA.1.1.7 OR BA.1.1.8 OR BA.1.1.9 OR BA.1.1.10 OR BA.1.1.11 OR BA.1.1.12 OR BA.1.1.13 OR BA.1.1.14 OR BA.1.1.15 OR BA.1.1.16 OR BA.1.1.17 OR BA.1.1.18 OR BA.1.2 OR BA.1.3 OR BA.1.4 OR BA.1.5 OR BA.1.6 OR BA.1.7 OR BA.1.8 OR BA.1.9 OR BA.1.10 OR BA.1.11 OR BA.1.12 OR BA.1.13 OR BA.1.13.1 OR BA.1.14 OR BA.1.14.1 OR BA.1.14.2 OR BA.1.15 OR BA.1.15.1 OR BA.1.15.2 OR BA.1.15.3 OR BA.1.16 OR BA.1.16.1 OR BA.1.16.2 OR BA.1.17 OR BA.1.17.1 OR BA.1.17.2 OR BA.1.18 OR BA.1.19 OR BA.1.20 OR BA.1.21 OR BA.1.21.1 OR BA.1.22 OR BA.1.23 OR BA.1.24 OR BA.2 OR BA.2.1 OR BA.2.2 OR BA.2.2.1 OR BA.2.3 OR BA.2.3.1 OR BA.2.3.2 OR BA.2.3.3 OR BA.2.3.4 OR BA.2.3.5 OR BA.2.3.6 OR BA.2.3.7 OR BA.2.3.8 OR BA.2.3.9 OR BA.2.3.10 OR BA.2.3.11 OR BA.2.3.12 OR BA.2.3.13 OR BA.2.3.14 OR BA.2.3.15 OR BA.2.3.16 OR BA.2.3.17 OR BA.2.3.18 OR BA.2.4 OR BA.2.5 OR BA.2.6 OR BA.2.7 OR BA.2.8 OR BA.2.9 OR BA.2.9.1 OR BA.2.9.2 OR BA.2.9.3 OR BA.2.9.4 OR BA.2.10 OR BA.2.10.1 OR BA.2.10.2 OR BA.2.10.3 OR BA.2.11 OR BA.2.12 OR BA.2.12.1 OR BA.2.12.2 OR BA.2.13 OR BA.2.14 OR BA.2.15 OR BA.2.16 OR BA.2.17 OR BA.2.18 OR BA.2.19 OR BA.2.20 OR BA.2.21 OR BA.2.22 OR BA.2.23 OR BA.2.23.1 OR BA.2.24 OR BA.2.25 OR BA.2.25.1 OR BA.2.26 OR BA.2.27 OR BA.2.28 OR BA.2.29 OR BA.2.30 OR BA.2.31 OR BA.2.32 OR BA.2.33 OR BA.2.34 OR BA.2.35 OR BA.2.36 OR BA.2.37 OR BA.2.38 OR BA.2.39 OR BA.2.40 OR BA.2.40.1 OR BA.2.41 OR BA.2.42 OR BA.2.43 OR BA.2.44 OR BA.2.45 OR BA.2.46 OR BA.2.47 OR BA.2.48 OR BA.2.49 OR BA.2.50 OR BA.2.51 OR BA.2.52 OR BA.2.53 OR BA.2.54 OR BA.2.55 OR BA.2.56 OR BA.2.56.1 OR BA.2.57 OR BA.2.58 OR BA.2.59 OR BA.2.60 OR BA.2.61 OR BA.2.62 OR BA.2.63 OR BA.2.64 OR BA.2.65 OR BA.2.66 OR BA.2.67 OR BA.2.68 OR BA.2.69 OR BA.2.70 OR BA.2.71 OR BA.2.72 OR BA.2.73 OR BA.2.74 OR BA.2.75 OR BA.3 OR BA.3.1 OR BA.4 OR BA.4.1 OR BA.4.1.1 OR BA.4.1.2 OR BA.5 OR BA.5.1 OR BA.5.1.1 OR BA.5.2 OR BA.5.2.1 OR BA.5.2.2 OR BA.5.2.3 OR BA.5.3 OR BA.5.3.1 OR BA.5.3.2 OR BA.5.3.3 OR BA.5.3.4 OR BA.5.4 OR BA.5.5 OR BA.5.6 OR BC.1 OR BC.2 OR BD.1 OR BE.1 OR BE.1.1 OR BE.2 OR BF.1 OR BF.1.1,Omicron,247.357142857143,9.21428571428571,0.0372509384926364
2021-12-27,353,43,260.142857142857,20.1428571428571,0.0774299835255354,0.0491519138883434,0.114038270146928,B.1.1.529 OR BA.1 OR BA.1.1 OR BA.1.1.1 OR BA.1.1.2 OR BA.1.1.3 OR BA.1.1.4 OR BA.1.1.5 OR BA.1.1.6 OR BA.1.1.7 OR BA.1.1.8 OR BA.1.1.9 OR BA.1.1.10 OR BA.1.1.11 OR BA.1.1.12 OR BA.1.1.13 OR BA.1.1.14 OR BA.1.1.15 OR BA.1.1.16 OR BA.1.1.17 OR BA.1.1.18 OR BA.1.2 OR BA.1.3 OR BA.1.4 OR BA.1.5 OR BA.1.6 OR BA.1.7 OR BA.1.8 OR BA.1.9 OR BA.1.10 OR BA.1.11 OR BA.1.12 OR BA.1.13 OR BA.1.13.1 OR BA.1.14 OR BA.1.14.1 OR BA.1.14.2 OR BA.1.15 OR BA.1.15.1 OR BA.1.15.2 OR BA.1.15.3 OR BA.1.16 OR BA.1.16.1 OR BA.1.16.2 OR BA.1.17 OR BA.1.17.1 OR BA.1.17.2 OR BA.1.18 OR BA.1.19 OR BA.1.20 OR BA.1.21 OR BA.1.21.1 OR BA.1.22 OR BA.1.23 OR BA.1.24 OR BA.2 OR BA.2.1 OR BA.2.2 OR BA.2.2.1 OR BA.2.3 OR BA.2.3.1 OR BA.2.3.2 OR BA.2.3.3 OR BA.2.3.4 OR BA.2.3.5 OR BA.2.3.6 OR BA.2.3.7 OR BA.2.3.8 OR BA.2.3.9 OR BA.2.3.10 OR BA.2.3.11 OR BA.2.3.12 OR BA.2.3.13 OR BA.2.3.14 OR BA.2.3.15 OR BA.2.3.16 OR BA.2.3.17 OR BA.2.3.18 OR BA.2.4 OR BA.2.5 OR BA.2.6 OR BA.2.7 OR BA.2.8 OR BA.2.9 OR BA.2.9.1 OR BA.2.9.2 OR BA.2.9.3 OR BA.2.9.4 OR BA.2.10 OR BA.2.10.1 OR BA.2.10.2 OR BA.2.10.3 OR BA.2.11 OR BA.2.12 OR BA.2.12.1 OR BA.2.12.2 OR BA.2.13 OR BA.2.14 OR BA.2.15 OR BA.2.16 OR BA.2.17 OR BA.2.18 OR BA.2.19 OR BA.2.20 OR BA.2.21 OR BA.2.22 OR BA.2.23 OR BA.2.23.1 OR BA.2.24 OR BA.2.25 OR BA.2.25.1 OR BA.2.26 OR BA.2.27 OR BA.2.28 OR BA.2.29 OR BA.2.30 OR BA.2.31 OR BA.2.32 OR BA.2.33 OR BA.2.34 OR BA.2.35 OR BA.2.36 OR BA.2.37 OR BA.2.38 OR BA.2.39 OR BA.2.40 OR BA.2.40.1 OR BA.2.41 OR BA.2.42 OR BA.2.43 OR BA.2.44 OR BA.2.45 OR BA.2.46 OR BA.2.47 OR BA.2.48 OR BA.2.49 OR BA.2.50 OR BA.2.51 OR BA.2.52 OR BA.2.53 OR BA.2.54 OR BA.2.55 OR BA.2.56 OR BA.2.56.1 OR BA.2.57 OR BA.2.58 OR BA.2.59 OR BA.2.60 OR BA.2.61 OR BA.2.62 OR BA.2.63 OR BA.2.64 OR BA.2.65 OR BA.2.66 OR BA.2.67 OR BA.2.68 OR BA.2.69 OR BA.2.70 OR BA.2.71 OR BA.2.72 OR BA.2.73 OR BA.2.74 OR BA.2.75 OR BA.3 OR BA.3.1 OR BA.4 OR BA.4.1 OR BA.4.1.1 OR BA.4.1.2 OR BA.5 OR BA.5.1 OR BA.5.1.1 OR BA.5.2 OR BA.5.2.1 OR BA.5.2.2 OR BA.5.2.3 OR BA.5.3 OR BA.5.3.1 OR BA.5.3.2 OR BA.5.3.3 OR BA.5.3.4 OR BA.5.4 OR BA.5.5 OR BA.5.6 OR BC.1 OR BC.2 OR BD.1 OR BE.1 OR BE.1.1 OR BE.2 OR BF.1 OR BF.1.1,Omicron,246.571428571429,12.1428571428571,0.0492468134414832
2021-12-28,423,79,293.285714285714,30.7142857142857,0.104724792985874,0.0744684790130964,0.144872577530048,B.1.1.529 OR BA.1 OR BA.1.1 OR BA.1.1.1 OR BA.1.1.2 OR BA.1.1.3 OR BA.1.1.4 OR BA.1.1.5 OR BA.1.1.6 OR BA.1.1.7 OR BA.1.1.8 OR BA.1.1.9 OR BA.1.1.10 OR BA.1.1.11 OR BA.1.1.12 OR BA.1.1.13 OR BA.1.1.14 OR BA.1.1.15 OR BA.1.1.16 OR BA.1.1.17 OR BA.1.1.18 OR BA.1.2 OR BA.1.3 OR BA.1.4 OR BA.1.5 OR BA.1.6 OR BA.1.7 OR BA.1.8 OR BA.1.9 OR BA.1.10 OR BA.1.11 OR BA.1.12 OR BA.1.13 OR BA.1.13.1 OR BA.1.14 OR BA.1.14.1 OR BA.1.14.2 OR BA.1.15 OR BA.1.15.1 OR BA.1.15.2 OR BA.1.15.3 OR BA.1.16 OR BA.1.16.1 OR BA.1.16.2 OR BA.1.17 OR BA.1.17.1 OR BA.1.17.2 OR BA.1.18 OR BA.1.19 OR BA.1.20 OR BA.1.21 OR BA.1.21.1 OR BA.1.22 OR BA.1.23 OR BA.1.24 OR BA.2 OR BA.2.1 OR BA.2.2 OR BA.2.2.1 OR BA.2.3 OR BA.2.3.1 OR BA.2.3.2 OR BA.2.3.3 OR BA.2.3.4 OR BA.2.3.5 OR BA.2.3.6 OR BA.2.3.7 OR BA.2.3.8 OR BA.2.3.9 OR BA.2.3.10 OR BA.2.3.11 OR BA.2.3.12 OR BA.2.3.13 OR BA.2.3.14 OR BA.2.3.15 OR BA.2.3.16 OR BA.2.3.17 OR BA.2.3.18 OR BA.2.4 OR BA.2.5 OR BA.2.6 OR BA.2.7 OR BA.2.8 OR BA.2.9 OR BA.2.9.1 OR BA.2.9.2 OR BA.2.9.3 OR BA.2.9.4 OR BA.2.10 OR BA.2.10.1 OR BA.2.10.2 OR BA.2.10.3 OR BA.2.11 OR BA.2.12 OR BA.2.12.1 OR BA.2.12.2 OR BA.2.13 OR BA.2.14 OR BA.2.15 OR BA.2.16 OR BA.2.17 OR BA.2.18 OR BA.2.19 OR BA.2.20 OR BA.2.21 OR BA.2.22 OR BA.2.23 OR BA.2.23.1 OR BA.2.24 OR BA.2.25 OR BA.2.25.1 OR BA.2.26 OR BA.2.27 OR BA.2.28 OR BA.2.29 OR BA.2.30 OR BA.2.31 OR BA.2.32 OR BA.2.33 OR BA.2.34 OR BA.2.35 OR BA.2.36 OR BA.2.37 OR BA.2.38 OR BA.2.39 OR BA.2.40 OR BA.2.40.1 OR BA.2.41 OR BA.2.42 OR BA.2.43 OR BA.2.44 OR BA.2.45 OR BA.2.46 OR BA.2.47 OR BA.2.48 OR BA.2.49 OR BA.2.50 OR BA.2.51 OR BA.2.52 OR BA.2.53 OR BA.2.54 OR BA.2.55 OR BA.2.56 OR BA.2.56.1 OR BA.2.57 OR BA.2.58 OR BA.2.59 OR BA.2.60 OR BA.2.61 OR BA.2.62 OR BA.2.63 OR BA.2.64 OR BA.2.65 OR BA.2.66 OR BA.2.67 OR BA.2.68 OR BA.2.69 OR BA.2.70 OR BA.2.71 OR BA.2.72 OR BA.2.73 OR BA.2.74 OR BA.2.75 OR BA.3 OR BA.3.1 OR BA.4 OR BA.4.1 OR BA.4.1.1 OR BA.4.1.2 OR BA.5 OR BA.5.1 OR BA.5.1.1 OR BA.5.2 OR BA.5.2.1 OR BA.5.2.2 OR BA.5.2.3 OR BA.5.3 OR BA.5.3.1 OR BA.5.3.2 OR BA.5.3.3 OR BA.5.3.4 OR BA.5.4 OR BA.5.5 OR BA.5.6 OR BC.1 OR BC.2 OR BD.1 OR BE.1 OR BE.1.1 OR BE.2 OR BF.1 OR BF.1.1,Omicron,259.285714285714,17.5,0.0674931129476584
2021-12-29,624,91,344.428571428571,41.5714285714286,0.120696806304438,0.0906929231180628,0.159817908751232,B.1.1.529 OR BA.1 OR BA.1.1 OR BA.1.1.1 OR BA.1.1.2 OR BA.1.1.3 OR BA.1.1.4 OR BA.1.1.5 OR BA.1.1.6 OR BA.1.1.7 OR BA.1.1.8 OR BA.1.1.9 OR BA.1.1.10 OR BA.1.1.11 OR BA.1.1.12 OR BA.1.1.13 OR BA.1.1.14 OR BA.1.1.15 OR BA.1.1.16 OR BA.1.1.17 OR BA.1.1.18 OR BA.1.2 OR BA.1.3 OR BA.1.4 OR BA.1.5 OR BA.1.6 OR BA.1.7 OR BA.1.8 OR BA.1.9 OR BA.1.10 OR BA.1.11 OR BA.1.12 OR BA.1.13 OR BA.1.13.1 OR BA.1.14 OR BA.1.14.1 OR BA.1.14.2 OR BA.1.15 OR BA.1.15.1 OR BA.1.15.2 OR BA.1.15.3 OR BA.1.16 OR BA.1.16.1 OR BA.1.16.2 OR BA.1.17 OR BA.1.17.1 OR BA.1.17.2 OR BA.1.18 OR BA.1.19 OR BA.1.20 OR BA.1.21 OR BA.1.21.1 OR BA.1.22 OR BA.1.23 OR BA.1.24 OR BA.2 OR BA.2.1 OR BA.2.2 OR BA.2.2.1 OR BA.2.3 OR BA.2.3.1 OR BA.2.3.2 OR BA.2.3.3 OR BA.2.3.4 OR BA.2.3.5 OR BA.2.3.6 OR BA.2.3.7 OR BA.2.3.8 OR BA.2.3.9 OR BA.2.3.10 OR BA.2.3.11 OR BA.2.3.12 OR BA.2.3.13 OR BA.2.3.14 OR BA.2.3.15 OR BA.2.3.16 OR BA.2.3.17 OR BA.2.3.18 OR BA.2.4 OR BA.2.5 OR BA.2.6 OR BA.2.7 OR BA.2.8 OR BA.2.9 OR BA.2.9.1 OR BA.2.9.2 OR BA.2.9.3 OR BA.2.9.4 OR BA.2.10 OR BA.2.10.1 OR BA.2.10.2 OR BA.2.10.3 OR BA.2.11 OR BA.2.12 OR BA.2.12.1 OR BA.2.12.2 OR BA.2.13 OR BA.2.14 OR BA.2.15 OR BA.2.16 OR BA.2.17 OR BA.2.18 OR BA.2.19 OR BA.2.20 OR BA.2.21 OR BA.2.22 OR BA.2.23 OR BA.2.23.1 OR BA.2.24 OR BA.2.25 OR BA.2.25.1 OR BA.2.26 OR BA.2.27 OR BA.2.28 OR BA.2.29 OR BA.2.30 OR BA.2.31 OR BA.2.32 OR BA.2.33 OR BA.2.34 OR BA.2.35 OR BA.2.36 OR BA.2.37 OR BA.2.38 OR BA.2.39 OR BA.2.40 OR BA.2.40.1 OR BA.2.41 OR BA.2.42 OR BA.2.43 OR BA.2.44 OR BA.2.45 OR BA.2.46 OR BA.2.47 OR BA.2.48 OR BA.2.49 OR BA.2.50 OR BA.2.51 OR BA.2.52 OR BA.2.53 OR BA.2.54 OR BA.2.55 OR BA.2.56 OR BA.2.56.1 OR BA.2.57 OR BA.2.58 OR BA.2.59 OR BA.2.60 OR BA.2.61 OR BA.2.62 OR BA.2.63 OR BA.2.64 OR BA.2.65 OR BA.2.66 OR BA.2.67 OR BA.2.68 OR BA.2.69 OR BA.2.70 OR BA.2.71 OR BA.2.72 OR BA.2.73 OR BA.2.74 OR BA.2.75 OR BA.3 OR BA.3.1 OR BA.4 OR BA.4.1 OR BA.4.1.1 OR BA.4.1.2 OR BA.5 OR BA.5.1 OR BA.5.1.1 OR BA.5.2 OR BA.5.2.1 OR BA.5.2.2 OR BA.5.2.3 OR BA.5.3 OR BA.5.3.1 OR BA.5.3.2 OR BA.5.3.3 OR BA.5.3.4 OR BA.5.4 OR BA.5.5 OR BA.5.6 OR BC.1 OR BC.2 OR BD.1 OR BE.1 OR BE.1.1 OR BE.2 OR BF.1 OR BF.1.1,Omicron,283.928571428571,23.9285714285714,0.0842767295597484
2021-12-30,254,47,345.714285714286,44.5714285714286,0.128925619834711,0.0977368340621956,0.168535070541873,B.1.1.529 OR BA.1 OR BA.1.1 OR BA.1.1.1 OR BA.1.1.2 OR BA.1.1.3 OR BA.1.1.4 OR BA.1.1.5 OR BA.1.1.6 OR BA.1.1.7 OR BA.1.1.8 OR BA.1.1.9 OR BA.1.1.10 OR BA.1.1.11 OR BA.1.1.12 OR BA.1.1.13 OR BA.1.1.14 OR BA.1.1.15 OR BA.1.1.16 OR BA.1.1.17 OR BA.1.1.18 OR BA.1.2 OR BA.1.3 OR BA.1.4 OR BA.1.5 OR BA.1.6 OR BA.1.7 OR BA.1.8 OR BA.1.9 OR BA.1.10 OR BA.1.11 OR BA.1.12 OR BA.1.13 OR BA.1.13.1 OR BA.1.14 OR BA.1.14.1 OR BA.1.14.2 OR BA.1.15 OR BA.1.15.1 OR BA.1.15.2 OR BA.1.15.3 OR BA.1.16 OR BA.1.16.1 OR BA.1.16.2 OR BA.1.17 OR BA.1.17.1 OR BA.1.17.2 OR BA.1.18 OR BA.1.19 OR BA.1.20 OR BA.1.21 OR BA.1.21.1 OR BA.1.22 OR BA.1.23 OR BA.1.24 OR BA.2 OR BA.2.1 OR BA.2.2 OR BA.2.2.1 OR BA.2.3 OR BA.2.3.1 OR BA.2.3.2 OR BA.2.3.3 OR BA.2.3.4 OR BA.2.3.5 OR BA.2.3.6 OR BA.2.3.7 OR BA.2.3.8 OR BA.2.3.9 OR BA.2.3.10 OR BA.2.3.11 OR BA.2.3.12 OR BA.2.3.13 OR BA.2.3.14 OR BA.2.3.15 OR BA.2.3.16 OR BA.2.3.17 OR BA.2.3.18 OR BA.2.4 OR BA.2.5 OR BA.2.6 OR BA.2.7 OR BA.2.8 OR BA.2.9 OR BA.2.9.1 OR BA.2.9.2 OR BA.2.9.3 OR BA.2.9.4 OR BA.2.10 OR BA.2.10.1 OR BA.2.10.2 OR BA.2.10.3 OR BA.2.11 OR BA.2.12 OR BA.2.12.1 OR BA.2.12.2 OR BA.2.13 OR BA.2.14 OR BA.2.15 OR BA.2.16 OR BA.2.17 OR BA.2.18 OR BA.2.19 OR BA.2.20 OR BA.2.21 OR BA.2.22 OR BA.2.23 OR BA.2.23.1 OR BA.2.24 OR BA.2.25 OR BA.2.25.1 OR BA.2.26 OR BA.2.27 OR BA.2.28 OR BA.2.29 OR BA.2.30 OR BA.2.31 OR BA.2.32 OR BA.2.33 OR BA.2.34 OR BA.2.35 OR BA.2.36 OR BA.2.37 OR BA.2.38 OR BA.2.39 OR BA.2.40 OR BA.2.40.1 OR BA.2.41 OR BA.2.42 OR BA.2.43 OR BA.2.44 OR BA.2.45 OR BA.2.46 OR BA.2.47 OR BA.2.48 OR BA.2.49 OR BA.2.50 OR BA.2.51 OR BA.2.52 OR BA.2.53 OR BA.2.54 OR BA.2.55 OR BA.2.56 OR BA.2.56.1 OR BA.2.57 OR BA.2.58 OR BA.2.59 OR BA.2.60 OR BA.2.61 OR BA.2.62 OR BA.2.63 OR BA.2.64 OR BA.2.65 OR BA.2.66 OR BA.2.67 OR BA.2.68 OR BA.2.69 OR BA.2.70 OR BA.2.71 OR BA.2.72 OR BA.2.73 OR BA.2.74 OR BA.2.75 OR BA.3 OR BA.3.1 OR BA.4 OR BA.4.1 OR BA.4.1.1 OR BA.4.1.2 OR BA.5 OR BA.5.1 OR BA.5.1.1 OR BA.5.2 OR BA.5.2.1 OR BA.5.2.2 OR BA.5.2.3 OR BA.5.3 OR BA.5.3.1 OR BA.5.3.2 OR BA.5.3.3 OR BA.5.3.4 OR BA.5.4 OR BA.5.5 OR BA.5.6 OR BC.1 OR BC.2 OR BD.1 OR BE.1 OR BE.1.1 OR BE.2 OR BF.1 OR BF.1.1,Omicron,291.857142857143,27.0714285714286,0.0927557513460597
2021-12-31,415,72,350.428571428571,52.8571428571429,0.150835711373828,0.116805545941324,0.191787125994402,B.1.1.529 OR BA.1 OR BA.1.1 OR BA.1.1.1 OR BA.1.1.2 OR BA.1.1.3 OR BA.1.1.4 OR BA.1.1.5 OR BA.1.1.6 OR BA.1.1.7 OR BA.1.1.8 OR BA.1.1.9 OR BA.1.1.10 OR BA.1.1.11 OR BA.1.1.12 OR BA.1.1.13 OR BA.1.1.14 OR BA.1.1.15 OR BA.1.1.16 OR BA.1.1.17 OR BA.1.1.18 OR BA.1.2 OR BA.1.3 OR BA.1.4 OR BA.1.5 OR BA.1.6 OR BA.1.7 OR BA.1.8 OR BA.1.9 OR BA.1.10 OR BA.1.11 OR BA.1.12 OR BA.1.13 OR BA.1.13.1 OR BA.1.14 OR BA.1.14.1 OR BA.1.14.2 OR BA.1.15 OR BA.1.15.1 OR BA.1.15.2 OR BA.1.15.3 OR BA.1.16 OR BA.1.16.1 OR BA.1.16.2 OR BA.1.17 OR BA.1.17.1 OR BA.1.17.2 OR BA.1.18 OR BA.1.19 OR BA.1.20 OR BA.1.21 OR BA.1.21.1 OR BA.1.22 OR BA.1.23 OR BA.1.24 OR BA.2 OR BA.2.1 OR BA.2.2 OR BA.2.2.1 OR BA.2.3 OR BA.2.3.1 OR BA.2.3.2 OR BA.2.3.3 OR BA.2.3.4 OR BA.2.3.5 OR BA.2.3.6 OR BA.2.3.7 OR BA.2.3.8 OR BA.2.3.9 OR BA.2.3.10 OR BA.2.3.11 OR BA.2.3.12 OR BA.2.3.13 OR BA.2.3.14 OR BA.2.3.15 OR BA.2.3.16 OR BA.2.3.17 OR BA.2.3.18 OR BA.2.4 OR BA.2.5 OR BA.2.6 OR BA.2.7 OR BA.2.8 OR BA.2.9 OR BA.2.9.1 OR BA.2.9.2 OR BA.2.9.3 OR BA.2.9.4 OR BA.2.10 OR BA.2.10.1 OR BA.2.10.2 OR BA.2.10.3 OR BA.2.11 OR BA.2.12 OR BA.2.12.1 OR BA.2.12.2 OR BA.2.13 OR BA.2.14 OR BA.2.15 OR BA.2.16 OR BA.2.17 OR BA.2.18 OR BA.2.19 OR BA.2.20 OR BA.2.21 OR BA.2.22 OR BA.2.23 OR BA.2.23.1 OR BA.2.24 OR BA.2.25 OR BA.2.25.1 OR BA.2.26 OR BA.2.27 OR BA.2.28 OR BA.2.29 OR BA.2.30 OR BA.2.31 OR BA.2.32 OR BA.2.33 OR BA.2.34 OR BA.2.35 OR BA.2.36 OR BA.2.37 OR BA.2.38 OR BA.2.39 OR BA.2.40 OR BA.2.40.1 OR BA.2.41 OR BA.2.42 OR BA.2.43 OR BA.2.44 OR BA.2.45 OR BA.2.46 OR BA.2.47 OR BA.2.48 OR BA.2.49 OR BA.2.50 OR BA.2.51 OR BA.2.52 OR BA.2.53 OR BA.2.54 OR BA.2.55 OR BA.2.56 OR BA.2.56.1 OR BA.2.57 OR BA.2.58 OR BA.2.59 OR BA.2.60 OR BA.2.61 OR BA.2.62 OR BA.2.63 OR BA.2.64 OR BA.2.65 OR BA.2.66 OR BA.2.67 OR BA.2.68 OR BA.2.69 OR BA.2.70 OR BA.2.71 OR BA.2.72 OR BA.2.73 OR BA.2.74 OR BA.2.75 OR BA.3 OR BA.3.1 OR BA.4 OR BA.4.1 OR BA.4.1.1 OR BA.4.1.2 OR BA.5 OR BA.5.1 OR BA.5.1.1 OR BA.5.2 OR BA.5.2.1 OR BA.5.2.2 OR BA.5.2.3 OR BA.5.3 OR BA.5.3.1 OR BA.5.3.2 OR BA.5.3.3 OR BA.5.3.4 OR BA.5.4 OR BA.5.5 OR BA.5.6 OR BC.1 OR BC.2 OR BD.1 OR BE.1 OR BE.1.1 OR BE.2 OR BF.1 OR BF.1.1,Omicron,300.357142857143,32.0714285714286,0.106777645659929
2022-01-01,140,44,336.142857142857,56,0.166595835104122,0.129756040786937,0.20928986747574,B.1.1.529 OR BA.1 OR BA.1.1 OR BA.1.1.1 OR BA.1.1.2 OR BA.1.1.3 OR BA.1.1.4 OR BA.1.1.5 OR BA.1.1.6 OR BA.1.1.7 OR BA.1.1.8 OR BA.1.1.9 OR BA.1.1.10 OR BA.1.1.11 OR BA.1.1.12 OR BA.1.1.13 OR BA.1.1.14 OR BA.1.1.15 OR BA.1.1.16 OR BA.1.1.17 OR BA.1.1.18 OR BA.1.2 OR BA.1.3 OR BA.1.4 OR BA.1.5 OR BA.1.6 OR BA.1.7 OR BA.1.8 OR BA.1.9 OR BA.1.10 OR BA.1.11 OR BA.1.12 OR BA.1.13 OR BA.1.13.1 OR BA.1.14 OR BA.1.14.1 OR BA.1.14.2 OR BA.1.15 OR BA.1.15.1 OR BA.1.15.2 OR BA.1.15.3 OR BA.1.16 OR BA.1.16.1 OR BA.1.16.2 OR BA.1.17 OR BA.1.17.1 OR BA.1.17.2 OR BA.1.18 OR BA.1.19 OR BA.1.20 OR BA.1.21 OR BA.1.21.1 OR BA.1.22 OR BA.1.23 OR BA.1.24 OR BA.2 OR BA.2.1 OR BA.2.2 OR BA.2.2.1 OR BA.2.3 OR BA.2.3.1 OR BA.2.3.2 OR BA.2.3.3 OR BA.2.3.4 OR BA.2.3.5 OR BA.2.3.6 OR BA.2.3.7 OR BA.2.3.8 OR BA.2.3.9 OR BA.2.3.10 OR BA.2.3.11 OR BA.2.3.12 OR BA.2.3.13 OR BA.2.3.14 OR BA.2.3.15 OR BA.2.3.16 OR BA.2.3.17 OR BA.2.3.18 OR BA.2.4 OR BA.2.5 OR BA.2.6 OR BA.2.7 OR BA.2.8 OR BA.2.9 OR BA.2.9.1 OR BA.2.9.2 OR BA.2.9.3 OR BA.2.9.4 OR BA.2.10 OR BA.2.10.1 OR BA.2.10.2 OR BA.2.10.3 OR BA.2.11 OR BA.2.12 OR BA.2.12.1 OR BA.2.12.2 OR BA.2.13 OR BA.2.14 OR BA.2.15 OR BA.2.16 OR BA.2.17 OR BA.2.18 OR BA.2.19 OR BA.2.20 OR BA.2.21 OR BA.2.22 OR BA.2.23 OR BA.2.23.1 OR BA.2.24 OR BA.2.25 OR BA.2.25.1 OR BA.2.26 OR BA.2.27 OR BA.2.28 OR BA.2.29 OR BA.2.30 OR BA.2.31 OR BA.2.32 OR BA.2.33 OR BA.2.34 OR BA.2.35 OR BA.2.36 OR BA.2.37 OR BA.2.38 OR BA.2.39 OR BA.2.40 OR BA.2.40.1 OR BA.2.41 OR BA.2.42 OR BA.2.43 OR BA.2.44 OR BA.2.45 OR BA.2.46 OR BA.2.47 OR BA.2.48 OR BA.2.49 OR BA.2.50 OR BA.2.51 OR BA.2.52 OR BA.2.53 OR BA.2.54 OR BA.2.55 OR BA.2.56 OR BA.2.56.1 OR BA.2.57 OR BA.2.58 OR BA.2.59 OR BA.2.60 OR BA.2.61 OR BA.2.62 OR BA.2.63 OR BA.2.64 OR BA.2.65 OR BA.2.66 OR BA.2.67 OR BA.2.68 OR BA.2.69 OR BA.2.70 OR BA.2.71 OR BA.2.72 OR BA.2.73 OR BA.2.74 OR BA.2.75 OR BA.3 OR BA.3.1 OR BA.4 OR BA.4.1 OR BA.4.1.1 OR BA.4.1.2 OR BA.5 OR BA.5.1 OR BA.5.1.1 OR BA.5.2 OR BA.5.2.1 OR BA.5.2.2 OR BA.5.2.3 OR BA.5.3 OR BA.5.3.1 OR BA.5.3.2 OR BA.5.3.3 OR BA.5.3.4 OR BA.5.4 OR BA.5.5 OR BA.5.6 OR BC.1 OR BC.2 OR BD.1 OR BE.1 OR BE.1.1 OR BE.2 OR BF.1 OR BF.1.1,Omicron,292.214285714286,34.6428571428572,0.118552921046199
2022-01-02,265,75,353.428571428571,64.4285714285714,0.18229587712207,0.143799543053167,0.224007033946583,B.1.1.529 OR BA.1 OR BA.1.1 OR BA.1.1.1 OR BA.1.1.2 OR BA.1.1.3 OR BA.1.1.4 OR BA.1.1.5 OR BA.1.1.6 OR BA.1.1.7 OR BA.1.1.8 OR BA.1.1.9 OR BA.1.1.10 OR BA.1.1.11 OR BA.1.1.12 OR BA.1.1.13 OR BA.1.1.14 OR BA.1.1.15 OR BA.1.1.16 OR BA.1.1.17 OR BA.1.1.18 OR BA.1.2 OR BA.1.3 OR BA.1.4 OR BA.1.5 OR BA.1.6 OR BA.1.7 OR BA.1.8 OR BA.1.9 OR BA.1.10 OR BA.1.11 OR BA.1.12 OR BA.1.13 OR BA.1.13.1 OR BA.1.14 OR BA.1.14.1 OR BA.1.14.2 OR BA.1.15 OR BA.1.15.1 OR BA.1.15.2 OR BA.1.15.3 OR BA.1.16 OR BA.1.16.1 OR BA.1.16.2 OR BA.1.17 OR BA.1.17.1 OR BA.1.17.2 OR BA.1.18 OR BA.1.19 OR BA.1.20 OR BA.1.21 OR BA.1.21.1 OR BA.1.22 OR BA.1.23 OR BA.1.24 OR BA.2 OR BA.2.1 OR BA.2.2 OR BA.2.2.1 OR BA.2.3 OR BA.2.3.1 OR BA.2.3.2 OR BA.2.3.3 OR BA.2.3.4 OR BA.2.3.5 OR BA.2.3.6 OR BA.2.3.7 OR BA.2.3.8 OR BA.2.3.9 OR BA.2.3.10 OR BA.2.3.11 OR BA.2.3.12 OR BA.2.3.13 OR BA.2.3.14 OR BA.2.3.15 OR BA.2.3.16 OR BA.2.3.17 OR BA.2.3.18 OR BA.2.4 OR BA.2.5 OR BA.2.6 OR BA.2.7 OR BA.2.8 OR BA.2.9 OR BA.2.9.1 OR BA.2.9.2 OR BA.2.9.3 OR BA.2.9.4 OR BA.2.10 OR BA.2.10.1 OR BA.2.10.2 OR BA.2.10.3 OR BA.2.11 OR BA.2.12 OR BA.2.12.1 OR BA.2.12.2 OR BA.2.13 OR BA.2.14 OR BA.2.15 OR BA.2.16 OR BA.2.17 OR BA.2.18 OR BA.2.19 OR BA.2.20 OR BA.2.21 OR BA.2.22 OR BA.2.23 OR BA.2.23.1 OR BA.2.24 OR BA.2.25 OR BA.2.25.1 OR BA.2.26 OR BA.2.27 OR BA.2.28 OR BA.2.29 OR BA.2.30 OR BA.2.31 OR BA.2.32 OR BA.2.33 OR BA.2.34 OR BA.2.35 OR BA.2.36 OR BA.2.37 OR BA.2.38 OR BA.2.39 OR BA.2.40 OR BA.2.40.1 OR BA.2.41 OR BA.2.42 OR BA.2.43 OR BA.2.44 OR BA.2.45 OR BA.2.46 OR BA.2.47 OR BA.2.48 OR BA.2.49 OR BA.2.50 OR BA.2.51 OR BA.2.52 OR BA.2.53 OR BA.2.54 OR BA.2.55 OR BA.2.56 OR BA.2.56.1 OR BA.2.57 OR BA.2.58 OR BA.2.59 OR BA.2.60 OR BA.2.61 OR BA.2.62 OR BA.2.63 OR BA.2.64 OR BA.2.65 OR BA.2.66 OR BA.2.67 OR BA.2.68 OR BA.2.69 OR BA.2.70 OR BA.2.71 OR BA.2.72 OR BA.2.73 OR BA.2.74 OR BA.2.75 OR BA.3 OR BA.3.1 OR BA.4 OR BA.4.1 OR BA.4.1.1 OR BA.4.1.2 OR BA.5 OR BA.5.1 OR BA.5.1.1 OR BA.5.2 OR BA.5.2.1 OR BA.5.2.2 OR BA.5.2.3 OR BA.5.3 OR BA.5.3.1 OR BA.5.3.2 OR BA.5.3.3 OR BA.5.3.4 OR BA.5.4 OR BA.5.5 OR BA.5.6 OR BC.1 OR BC.2 OR BD.1 OR BE.1 OR BE.1.1 OR BE.2 OR BF.1 OR BF.1.1,Omicron,301.928571428571,39.5714285714286,0.131062219067897
2022-01-03,624,163,392.142857142857,81.5714285714286,0.208014571948998,0.17114841930171,0.251494665772591,B.1.1.529 OR BA.1 OR BA.1.1 OR BA.1.1.1 OR BA.1.1.2 OR BA.1.1.3 OR BA.1.1.4 OR BA.1.1.5 OR BA.1.1.6 OR BA.1.1.7 OR BA.1.1.8 OR BA.1.1.9 OR BA.1.1.10 OR BA.1.1.11 OR BA.1.1.12 OR BA.1.1.13 OR BA.1.1.14 OR BA.1.1.15 OR BA.1.1.16 OR BA.1.1.17 OR BA.1.1.18 OR BA.1.2 OR BA.1.3 OR BA.1.4 OR BA.1.5 OR BA.1.6 OR BA.1.7 OR BA.1.8 OR BA.1.9 OR BA.1.10 OR BA.1.11 OR BA.1.12 OR BA.1.13 OR BA.1.13.1 OR BA.1.14 OR BA.1.14.1 OR BA.1.14.2 OR BA.1.15 OR BA.1.15.1 OR BA.1.15.2 OR BA.1.15.3 OR BA.1.16 OR BA.1.16.1 OR BA.1.16.2 OR BA.1.17 OR BA.1.17.1 OR BA.1.17.2 OR BA.1.18 OR BA.1.19 OR BA.1.20 OR BA.1.21 OR BA.1.21.1 OR BA.1.22 OR BA.1.23 OR BA.1.24 OR BA.2 OR BA.2.1 OR BA.2.2 OR BA.2.2.1 OR BA.2.3 OR BA.2.3.1 OR BA.2.3.2 OR BA.2.3.3 OR BA.2.3.4 OR BA.2.3.5 OR BA.2.3.6 OR BA.2.3.7 OR BA.2.3.8 OR BA.2.3.9 OR BA.2.3.10 OR BA.2.3.11 OR BA.2.3.12 OR BA.2.3.13 OR BA.2.3.14 OR BA.2.3.15 OR BA.2.3.16 OR BA.2.3.17 OR BA.2.3.18 OR BA.2.4 OR BA.2.5 OR BA.2.6 OR BA.2.7 OR BA.2.8 OR BA.2.9 OR BA.2.9.1 OR BA.2.9.2 OR BA.2.9.3 OR BA.2.9.4 OR BA.2.10 OR BA.2.10.1 OR BA.2.10.2 OR BA.2.10.3 OR BA.2.11 OR BA.2.12 OR BA.2.12.1 OR BA.2.12.2 OR BA.2.13 OR BA.2.14 OR BA.2.15 OR BA.2.16 OR BA.2.17 OR BA.2.18 OR BA.2.19 OR BA.2.20 OR BA.2.21 OR BA.2.22 OR BA.2.23 OR BA.2.23.1 OR BA.2.24 OR BA.2.25 OR BA.2.25.1 OR BA.2.26 OR BA.2.27 OR BA.2.28 OR BA.2.29 OR BA.2.30 OR BA.2.31 OR BA.2.32 OR BA.2.33 OR BA.2.34 OR BA.2.35 OR BA.2.36 OR BA.2.37 OR BA.2.38 OR BA.2.39 OR BA.2.40 OR BA.2.40.1 OR BA.2.41 OR BA.2.42 OR BA.2.43 OR BA.2.44 OR BA.2.45 OR BA.2.46 OR BA.2.47 OR BA.2.48 OR BA.2.49 OR BA.2.50 OR BA.2.51 OR BA.2.52 OR BA.2.53 OR BA.2.54 OR BA.2.55 OR BA.2.56 OR BA.2.56.1 OR BA.2.57 OR BA.2.58 OR BA.2.59 OR BA.2.60 OR BA.2.61 OR BA.2.62 OR BA.2.63 OR BA.2.64 OR BA.2.65 OR BA.2.66 OR BA.2.67 OR BA.2.68 OR BA.2.69 OR BA.2.70 OR BA.2.71 OR BA.2.72 OR BA.2.73 OR BA.2.74 OR BA.2.75 OR BA.3 OR BA.3.1 OR BA.4 OR BA.4.1 OR BA.4.1.1 OR BA.4.1.2 OR BA.5 OR BA.5.1 OR BA.5.1.1 OR BA.5.2 OR BA.5.2.1 OR BA.5.2.2 OR BA.5.2.3 OR BA.5.3 OR BA.5.3.1 OR BA.5.3.2 OR BA.5.3.3 OR BA.5.3.4 OR BA.5.4 OR BA.5.5 OR BA.5.6 OR BC.1 OR BC.2 OR BD.1 OR BE.1 OR BE.1.1 OR BE.2 OR BF.1 OR BF.1.1,Omicron,326.142857142857,50.8571428571429,0.155935173017959
2022-01-04,872,371,456.285714285714,123.285714285714,0.270194113963682,0.230549568268088,0.31183649133379,B.1.1.529 OR BA.1 OR BA.1.1 OR BA.1.1.1 OR BA.1.1.2 OR BA.1.1.3 OR BA.1.1.4 OR BA.1.1.5 OR BA.1.1.6 OR BA.1.1.7 OR BA.1.1.8 OR BA.1.1.9 OR BA.1.1.10 OR BA.1.1.11 OR BA.1.1.12 OR BA.1.1.13 OR BA.1.1.14 OR BA.1.1.15 OR BA.1.1.16 OR BA.1.1.17 OR BA.1.1.18 OR BA.1.2 OR BA.1.3 OR BA.1.4 OR BA.1.5 OR BA.1.6 OR BA.1.7 OR BA.1.8 OR BA.1.9 OR BA.1.10 OR BA.1.11 OR BA.1.12 OR BA.1.13 OR BA.1.13.1 OR BA.1.14 OR BA.1.14.1 OR BA.1.14.2 OR BA.1.15 OR BA.1.15.1 OR BA.1.15.2 OR BA.1.15.3 OR BA.1.16 OR BA.1.16.1 OR BA.1.16.2 OR BA.1.17 OR BA.1.17.1 OR BA.1.17.2 OR BA.1.18 OR BA.1.19 OR BA.1.20 OR BA.1.21 OR BA.1.21.1 OR BA.1.22 OR BA.1.23 OR BA.1.24 OR BA.2 OR BA.2.1 OR BA.2.2 OR BA.2.2.1 OR BA.2.3 OR BA.2.3.1 OR BA.2.3.2 OR BA.2.3.3 OR BA.2.3.4 OR BA.2.3.5 OR BA.2.3.6 OR BA.2.3.7 OR BA.2.3.8 OR BA.2.3.9 OR BA.2.3.10 OR BA.2.3.11 OR BA.2.3.12 OR BA.2.3.13 OR BA.2.3.14 OR BA.2.3.15 OR BA.2.3.16 OR BA.2.3.17 OR BA.2.3.18 OR BA.2.4 OR BA.2.5 OR BA.2.6 OR BA.2.7 OR BA.2.8 OR BA.2.9 OR BA.2.9.1 OR BA.2.9.2 OR BA.2.9.3 OR BA.2.9.4 OR BA.2.10 OR BA.2.10.1 OR BA.2.10.2 OR BA.2.10.3 OR BA.2.11 OR BA.2.12 OR BA.2.12.1 OR BA.2.12.2 OR BA.2.13 OR BA.2.14 OR BA.2.15 OR BA.2.16 OR BA.2.17 OR BA.2.18 OR BA.2.19 OR BA.2.20 OR BA.2.21 OR BA.2.22 OR BA.2.23 OR BA.2.23.1 OR BA.2.24 OR BA.2.25 OR BA.2.25.1 OR BA.2.26 OR BA.2.27 OR BA.2.28 OR BA.2.29 OR BA.2.30 OR BA.2.31 OR BA.2.32 OR BA.2.33 OR BA.2.34 OR BA.2.35 OR BA.2.36 OR BA.2.37 OR BA.2.38 OR BA.2.39 OR BA.2.40 OR BA.2.40.1 OR BA.2.41 OR BA.2.42 OR BA.2.43 OR BA.2.44 OR BA.2.45 OR BA.2.46 OR BA.2.47 OR BA.2.48 OR BA.2.49 OR BA.2.50 OR BA.2.51 OR BA.2.52 OR BA.2.53 OR BA.2.54 OR BA.2.55 OR BA.2.56 OR BA.2.56.1 OR BA.2.57 OR BA.2.58 OR BA.2.59 OR BA.2.60 OR BA.2.61 OR BA.2.62 OR BA.2.63 OR BA.2.64 OR BA.2.65 OR BA.2.66 OR BA.2.67 OR BA.2.68 OR BA.2.69 OR BA.2.70 OR BA.2.71 OR BA.2.72 OR BA.2.73 OR BA.2.74 OR BA.2.75 OR BA.3 OR BA.3.1 OR BA.4 OR BA.4.1 OR BA.4.1.1 OR BA.4.1.2 OR BA.5 OR BA.5.1 OR BA.5.1.1 OR BA.5.2 OR BA.5.2.1 OR BA.5.2.2 OR BA.5.2.3 OR BA.5.3 OR BA.5.3.1 OR BA.5.3.2 OR BA.5.3.3 OR BA.5.3.4 OR BA.5.4 OR BA.5.5 OR BA.5.6 OR BC.1 OR BC.2 OR BD.1 OR BE.1 OR BE.1.1 OR BE.2 OR BF.1 OR BF.1.1,Omicron,374.785714285714,77,0.205450733752621
2022-01-05,643,315,459,155.285714285714,0.338313103018985,0.295552556417907,0.381868358655153,B.1.1.529 OR BA.1 OR BA.1.1 OR BA.1.1.1 OR BA.1.1.2 OR BA.1.1.3 OR BA.1.1.4 OR BA.1.1.5 OR BA.1.1.6 OR BA.1.1.7 OR BA.1.1.8 OR BA.1.1.9 OR BA.1.1.10 OR BA.1.1.11 OR BA.1.1.12 OR BA.1.1.13 OR BA.1.1.14 OR BA.1.1.15 OR BA.1.1.16 OR BA.1.1.17 OR BA.1.1.18 OR BA.1.2 OR BA.1.3 OR BA.1.4 OR BA.1.5 OR BA.1.6 OR BA.1.7 OR BA.1.8 OR BA.1.9 OR BA.1.10 OR BA.1.11 OR BA.1.12 OR BA.1.13 OR BA.1.13.1 OR BA.1.14 OR BA.1.14.1 OR BA.1.14.2 OR BA.1.15 OR BA.1.15.1 OR BA.1.15.2 OR BA.1.15.3 OR BA.1.16 OR BA.1.16.1 OR BA.1.16.2 OR BA.1.17 OR BA.1.17.1 OR BA.1.17.2 OR BA.1.18 OR BA.1.19 OR BA.1.20 OR BA.1.21 OR BA.1.21.1 OR BA.1.22 OR BA.1.23 OR BA.1.24 OR BA.2 OR BA.2.1 OR BA.2.2 OR BA.2.2.1 OR BA.2.3 OR BA.2.3.1 OR BA.2.3.2 OR BA.2.3.3 OR BA.2.3.4 OR BA.2.3.5 OR BA.2.3.6 OR BA.2.3.7 OR BA.2.3.8 OR BA.2.3.9 OR BA.2.3.10 OR BA.2.3.11 OR BA.2.3.12 OR BA.2.3.13 OR BA.2.3.14 OR BA.2.3.15 OR BA.2.3.16 OR BA.2.3.17 OR BA.2.3.18 OR BA.2.4 OR BA.2.5 OR BA.2.6 OR BA.2.7 OR BA.2.8 OR BA.2.9 OR BA.2.9.1 OR BA.2.9.2 OR BA.2.9.3 OR BA.2.9.4 OR BA.2.10 OR BA.2.10.1 OR BA.2.10.2 OR BA.2.10.3 OR BA.2.11 OR BA.2.12 OR BA.2.12.1 OR BA.2.12.2 OR BA.2.13 OR BA.2.14 OR BA.2.15 OR BA.2.16 OR BA.2.17 OR BA.2.18 OR BA.2.19 OR BA.2.20 OR BA.2.21 OR BA.2.22 OR BA.2.23 OR BA.2.23.1 OR BA.2.24 OR BA.2.25 OR BA.2.25.1 OR BA.2.26 OR BA.2.27 OR BA.2.28 OR BA.2.29 OR BA.2.30 OR BA.2.31 OR BA.2.32 OR BA.2.33 OR BA.2.34 OR BA.2.35 OR BA.2.36 OR BA.2.37 OR BA.2.38 OR BA.2.39 OR BA.2.40 OR BA.2.40.1 OR BA.2.41 OR BA.2.42 OR BA.2.43 OR BA.2.44 OR BA.2.45 OR BA.2.46 OR BA.2.47 OR BA.2.48 OR BA.2.49 OR BA.2.50 OR BA.2.51 OR BA.2.52 OR BA.2.53 OR BA.2.54 OR BA.2.55 OR BA.2.56 OR BA.2.56.1 OR BA.2.57 OR BA.2.58 OR BA.2.59 OR BA.2.60 OR BA.2.61 OR BA.2.62 OR BA.2.63 OR BA.2.64 OR BA.2.65 OR BA.2.66 OR BA.2.67 OR BA.2.68 OR BA.2.69 OR BA.2.70 OR BA.2.71 OR BA.2.72 OR BA.2.73 OR BA.2.74 OR BA.2.75 OR BA.3 OR BA.3.1 OR BA.4 OR BA.4.1 OR BA.4.1.1 OR BA.4.1.2 OR BA.5 OR BA.5.1 OR BA.5.1.1 OR BA.5.2 OR BA.5.2.1 OR BA.5.2.2 OR BA.5.2.3 OR BA.5.3 OR BA.5.3.1 OR BA.5.3.2 OR BA.5.3.3 OR BA.5.3.4 OR BA.5.4 OR BA.5.5 OR BA.5.6 OR BC.1 OR BC.2 OR BD.1 OR BE.1 OR BE.1.1 OR BE.2 OR BF.1 OR BF.1.1,Omicron,401.714285714286,98.4285714285714,0.2450213371266
2022-01-06,581,315,505.714285714286,193.571428571429,0.382768361581921,0.341797658941576,0.426330386429263,B.1.1.529 OR BA.1 OR BA.1.1 OR BA.1.1.1 OR BA.1.1.2 OR BA.1.1.3 OR BA.1.1.4 OR BA.1.1.5 OR BA.1.1.6 OR BA.1.1.7 OR BA.1.1.8 OR BA.1.1.9 OR BA.1.1.10 OR BA.1.1.11 OR BA.1.1.12 OR BA.1.1.13 OR BA.1.1.14 OR BA.1.1.15 OR BA.1.1.16 OR BA.1.1.17 OR BA.1.1.18 OR BA.1.2 OR BA.1.3 OR BA.1.4 OR BA.1.5 OR BA.1.6 OR BA.1.7 OR BA.1.8 OR BA.1.9 OR BA.1.10 OR BA.1.11 OR BA.1.12 OR BA.1.13 OR BA.1.13.1 OR BA.1.14 OR BA.1.14.1 OR BA.1.14.2 OR BA.1.15 OR BA.1.15.1 OR BA.1.15.2 OR BA.1.15.3 OR BA.1.16 OR BA.1.16.1 OR BA.1.16.2 OR BA.1.17 OR BA.1.17.1 OR BA.1.17.2 OR BA.1.18 OR BA.1.19 OR BA.1.20 OR BA.1.21 OR BA.1.21.1 OR BA.1.22 OR BA.1.23 OR BA.1.24 OR BA.2 OR BA.2.1 OR BA.2.2 OR BA.2.2.1 OR BA.2.3 OR BA.2.3.1 OR BA.2.3.2 OR BA.2.3.3 OR BA.2.3.4 OR BA.2.3.5 OR BA.2.3.6 OR BA.2.3.7 OR BA.2.3.8 OR BA.2.3.9 OR BA.2.3.10 OR BA.2.3.11 OR BA.2.3.12 OR BA.2.3.13 OR BA.2.3.14 OR BA.2.3.15 OR BA.2.3.16 OR BA.2.3.17 OR BA.2.3.18 OR BA.2.4 OR BA.2.5 OR BA.2.6 OR BA.2.7 OR BA.2.8 OR BA.2.9 OR BA.2.9.1 OR BA.2.9.2 OR BA.2.9.3 OR BA.2.9.4 OR BA.2.10 OR BA.2.10.1 OR BA.2.10.2 OR BA.2.10.3 OR BA.2.11 OR BA.2.12 OR BA.2.12.1 OR BA.2.12.2 OR BA.2.13 OR BA.2.14 OR BA.2.15 OR BA.2.16 OR BA.2.17 OR BA.2.18 OR BA.2.19 OR BA.2.20 OR BA.2.21 OR BA.2.22 OR BA.2.23 OR BA.2.23.1 OR BA.2.24 OR BA.2.25 OR BA.2.25.1 OR BA.2.26 OR BA.2.27 OR BA.2.28 OR BA.2.29 OR BA.2.30 OR BA.2.31 OR BA.2.32 OR BA.2.33 OR BA.2.34 OR BA.2.35 OR BA.2.36 OR BA.2.37 OR BA.2.38 OR BA.2.39 OR BA.2.40 OR BA.2.40.1 OR BA.2.41 OR BA.2.42 OR BA.2.43 OR BA.2.44 OR BA.2.45 OR BA.2.46 OR BA.2.47 OR BA.2.48 OR BA.2.49 OR BA.2.50 OR BA.2.51 OR BA.2.52 OR BA.2.53 OR BA.2.54 OR BA.2.55 OR BA.2.56 OR BA.2.56.1 OR BA.2.57 OR BA.2.58 OR BA.2.59 OR BA.2.60 OR BA.2.61 OR BA.2.62 OR BA.2.63 OR BA.2.64 OR BA.2.65 OR BA.2.66 OR BA.2.67 OR BA.2.68 OR BA.2.69 OR BA.2.70 OR BA.2.71 OR BA.2.72 OR BA.2.73 OR BA.2.74 OR BA.2.75 OR BA.3 OR BA.3.1 OR BA.4 OR BA.4.1 OR BA.4.1.1 OR BA.4.1.2 OR BA.5 OR BA.5.1 OR BA.5.1.1 OR BA.5.2 OR BA.5.2.1 OR BA.5.2.2 OR BA.5.2.3 OR BA.5.3 OR BA.5.3.1 OR BA.5.3.2 OR BA.5.3.3 OR BA.5.3.4 OR BA.5.4 OR BA.5.5 OR BA.5.6 OR BC.1 OR BC.2 OR BD.1 OR BE.1 OR BE.1.1 OR BE.2 OR BF.1 OR BF.1.1,Omicron,425.714285714286,119.071428571429,0.279697986577181
2022-01-07,571,298,528,225.857142857143,0.42775974025974,0.386314915783273,0.470532297927286,B.1.1.529 OR BA.1 OR BA.1.1 OR BA.1.1.1 OR BA.1.1.2 OR BA.1.1.3 OR BA.1.1.4 OR BA.1.1.5 OR BA.1.1.6 OR BA.1.1.7 OR BA.1.1.8 OR BA.1.1.9 OR BA.1.1.10 OR BA.1.1.11 OR BA.1.1.12 OR BA.1.1.13 OR BA.1.1.14 OR BA.1.1.15 OR BA.1.1.16 OR BA.1.1.17 OR BA.1.1.18 OR BA.1.2 OR BA.1.3 OR BA.1.4 OR BA.1.5 OR BA.1.6 OR BA.1.7 OR BA.1.8 OR BA.1.9 OR BA.1.10 OR BA.1.11 OR BA.1.12 OR BA.1.13 OR BA.1.13.1 OR BA.1.14 OR BA.1.14.1 OR BA.1.14.2 OR BA.1.15 OR BA.1.15.1 OR BA.1.15.2 OR BA.1.15.3 OR BA.1.16 OR BA.1.16.1 OR BA.1.16.2 OR BA.1.17 OR BA.1.17.1 OR BA.1.17.2 OR BA.1.18 OR BA.1.19 OR BA.1.20 OR BA.1.21 OR BA.1.21.1 OR BA.1.22 OR BA.1.23 OR BA.1.24 OR BA.2 OR BA.2.1 OR BA.2.2 OR BA.2.2.1 OR BA.2.3 OR BA.2.3.1 OR BA.2.3.2 OR BA.2.3.3 OR BA.2.3.4 OR BA.2.3.5 OR BA.2.3.6 OR BA.2.3.7 OR BA.2.3.8 OR BA.2.3.9 OR BA.2.3.10 OR BA.2.3.11 OR BA.2.3.12 OR BA.2.3.13 OR BA.2.3.14 OR BA.2.3.15 OR BA.2.3.16 OR BA.2.3.17 OR BA.2.3.18 OR BA.2.4 OR BA.2.5 OR BA.2.6 OR BA.2.7 OR BA.2.8 OR BA.2.9 OR BA.2.9.1 OR BA.2.9.2 OR BA.2.9.3 OR BA.2.9.4 OR BA.2.10 OR BA.2.10.1 OR BA.2.10.2 OR BA.2.10.3 OR BA.2.11 OR BA.2.12 OR BA.2.12.1 OR BA.2.12.2 OR BA.2.13 OR BA.2.14 OR BA.2.15 OR BA.2.16 OR BA.2.17 OR BA.2.18 OR BA.2.19 OR BA.2.20 OR BA.2.21 OR BA.2.22 OR BA.2.23 OR BA.2.23.1 OR BA.2.24 OR BA.2.25 OR BA.2.25.1 OR BA.2.26 OR BA.2.27 OR BA.2.28 OR BA.2.29 OR BA.2.30 OR BA.2.31 OR BA.2.32 OR BA.2.33 OR BA.2.34 OR BA.2.35 OR BA.2.36 OR BA.2.37 OR BA.2.38 OR BA.2.39 OR BA.2.40 OR BA.2.40.1 OR BA.2.41 OR BA.2.42 OR BA.2.43 OR BA.2.44 OR BA.2.45 OR BA.2.46 OR BA.2.47 OR BA.2.48 OR BA.2.49 OR BA.2.50 OR BA.2.51 OR BA.2.52 OR BA.2.53 OR BA.2.54 OR BA.2.55 OR BA.2.56 OR BA.2.56.1 OR BA.2.57 OR BA.2.58 OR BA.2.59 OR BA.2.60 OR BA.2.61 OR BA.2.62 OR BA.2.63 OR BA.2.64 OR BA.2.65 OR BA.2.66 OR BA.2.67 OR BA.2.68 OR BA.2.69 OR BA.2.70 OR BA.2.71 OR BA.2.72 OR BA.2.73 OR BA.2.74 OR BA.2.75 OR BA.3 OR BA.3.1 OR BA.4 OR BA.4.1 OR BA.4.1.1 OR BA.4.1.2 OR BA.5 OR BA.5.1 OR BA.5.1.1 OR BA.5.2 OR BA.5.2.1 OR BA.5.2.2 OR BA.5.2.3 OR BA.5.3 OR BA.5.3.1 OR BA.5.3.2 OR BA.5.3.3 OR BA.5.3.4 OR BA.5.4 OR BA.5.5 OR BA.5.6 OR BC.1 OR BC.2 OR BD.1 OR BE.1 OR BE.1.1 OR BE.2 OR BF.1 OR BF.1.1,Omicron,439.214285714286,139.357142857143,0.317287363798992
2022-01-08,380,187,562.285714285714,246.285714285714,0.438008130081301,0.397113498314332,0.478970957319512,B.1.1.529 OR BA.1 OR BA.1.1 OR BA.1.1.1 OR BA.1.1.2 OR BA.1.1.3 OR BA.1.1.4 OR BA.1.1.5 OR BA.1.1.6 OR BA.1.1.7 OR BA.1.1.8 OR BA.1.1.9 OR BA.1.1.10 OR BA.1.1.11 OR BA.1.1.12 OR BA.1.1.13 OR BA.1.1.14 OR BA.1.1.15 OR BA.1.1.16 OR BA.1.1.17 OR BA.1.1.18 OR BA.1.2 OR BA.1.3 OR BA.1.4 OR BA.1.5 OR BA.1.6 OR BA.1.7 OR BA.1.8 OR BA.1.9 OR BA.1.10 OR BA.1.11 OR BA.1.12 OR BA.1.13 OR BA.1.13.1 OR BA.1.14 OR BA.1.14.1 OR BA.1.14.2 OR BA.1.15 OR BA.1.15.1 OR BA.1.15.2 OR BA.1.15.3 OR BA.1.16 OR BA.1.16.1 OR BA.1.16.2 OR BA.1.17 OR BA.1.17.1 OR BA.1.17.2 OR BA.1.18 OR BA.1.19 OR BA.1.20 OR BA.1.21 OR BA.1.21.1 OR BA.1.22 OR BA.1.23 OR BA.1.24 OR BA.2 OR BA.2.1 OR BA.2.2 OR BA.2.2.1 OR BA.2.3 OR BA.2.3.1 OR BA.2.3.2 OR BA.2.3.3 OR BA.2.3.4 OR BA.2.3.5 OR BA.2.3.6 OR BA.2.3.7 OR BA.2.3.8 OR BA.2.3.9 OR BA.2.3.10 OR BA.2.3.11 OR BA.2.3.12 OR BA.2.3.13 OR BA.2.3.14 OR BA.2.3.15 OR BA.2.3.16 OR BA.2.3.17 OR BA.2.3.18 OR BA.2.4 OR BA.2.5 OR BA.2.6 OR BA.2.7 OR BA.2.8 OR BA.2.9 OR BA.2.9.1 OR BA.2.9.2 OR BA.2.9.3 OR BA.2.9.4 OR BA.2.10 OR BA.2.10.1 OR BA.2.10.2 OR BA.2.10.3 OR BA.2.11 OR BA.2.12 OR BA.2.12.1 OR BA.2.12.2 OR BA.2.13 OR BA.2.14 OR BA.2.15 OR BA.2.16 OR BA.2.17 OR BA.2.18 OR BA.2.19 OR BA.2.20 OR BA.2.21 OR BA.2.22 OR BA.2.23 OR BA.2.23.1 OR BA.2.24 OR BA.2.25 OR BA.2.25.1 OR BA.2.26 OR BA.2.27 OR BA.2.28 OR BA.2.29 OR BA.2.30 OR BA.2.31 OR BA.2.32 OR BA.2.33 OR BA.2.34 OR BA.2.35 OR BA.2.36 OR BA.2.37 OR BA.2.38 OR BA.2.39 OR BA.2.40 OR BA.2.40.1 OR BA.2.41 OR BA.2.42 OR BA.2.43 OR BA.2.44 OR BA.2.45 OR BA.2.46 OR BA.2.47 OR BA.2.48 OR BA.2.49 OR BA.2.50 OR BA.2.51 OR BA.2.52 OR BA.2.53 OR BA.2.54 OR BA.2.55 OR BA.2.56 OR BA.2.56.1 OR BA.2.57 OR BA.2.58 OR BA.2.59 OR BA.2.60 OR BA.2.61 OR BA.2.62 OR BA.2.63 OR BA.2.64 OR BA.2.65 OR BA.2.66 OR BA.2.67 OR BA.2.68 OR BA.2.69 OR BA.2.70 OR BA.2.71 OR BA.2.72 OR BA.2.73 OR BA.2.74 OR BA.2.75 OR BA.3 OR BA.3.1 OR BA.4 OR BA.4.1 OR BA.4.1.1 OR BA.4.1.2 OR BA.5 OR BA.5.1 OR BA.5.1.1 OR BA.5.2 OR BA.5.2.1 OR BA.5.2.2 OR BA.5.2.3 OR BA.5.3 OR BA.5.3.1 OR BA.5.3.2 OR BA.5.3.3 OR BA.5.3.4 OR BA.5.4 OR BA.5.5 OR BA.5.6 OR BC.1 OR BC.2 OR BD.1 OR BE.1 OR BE.1.1 OR BE.2 OR BF.1 OR BF.1.1,Omicron,449.214285714286,151.142857142857,0.336460486563842
2022-01-09,407,225,582.571428571429,267.714285714286,0.459538989700834,0.419519731347624,0.500261890497833,B.1.1.529 OR BA.1 OR BA.1.1 OR BA.1.1.1 OR BA.1.1.2 OR BA.1.1.3 OR BA.1.1.4 OR BA.1.1.5 OR BA.1.1.6 OR BA.1.1.7 OR BA.1.1.8 OR BA.1.1.9 OR BA.1.1.10 OR BA.1.1.11 OR BA.1.1.12 OR BA.1.1.13 OR BA.1.1.14 OR BA.1.1.15 OR BA.1.1.16 OR BA.1.1.17 OR BA.1.1.18 OR BA.1.2 OR BA.1.3 OR BA.1.4 OR BA.1.5 OR BA.1.6 OR BA.1.7 OR BA.1.8 OR BA.1.9 OR BA.1.10 OR BA.1.11 OR BA.1.12 OR BA.1.13 OR BA.1.13.1 OR BA.1.14 OR BA.1.14.1 OR BA.1.14.2 OR BA.1.15 OR BA.1.15.1 OR BA.1.15.2 OR BA.1.15.3 OR BA.1.16 OR BA.1.16.1 OR BA.1.16.2 OR BA.1.17 OR BA.1.17.1 OR BA.1.17.2 OR BA.1.18 OR BA.1.19 OR BA.1.20 OR BA.1.21 OR BA.1.21.1 OR BA.1.22 OR BA.1.23 OR BA.1.24 OR BA.2 OR BA.2.1 OR BA.2.2 OR BA.2.2.1 OR BA.2.3 OR BA.2.3.1 OR BA.2.3.2 OR BA.2.3.3 OR BA.2.3.4 OR BA.2.3.5 OR BA.2.3.6 OR BA.2.3.7 OR BA.2.3.8 OR BA.2.3.9 OR BA.2.3.10 OR BA.2.3.11 OR BA.2.3.12 OR BA.2.3.13 OR BA.2.3.14 OR BA.2.3.15 OR BA.2.3.16 OR BA.2.3.17 OR BA.2.3.18 OR BA.2.4 OR BA.2.5 OR BA.2.6 OR BA.2.7 OR BA.2.8 OR BA.2.9 OR BA.2.9.1 OR BA.2.9.2 OR BA.2.9.3 OR BA.2.9.4 OR BA.2.10 OR BA.2.10.1 OR BA.2.10.2 OR BA.2.10.3 OR BA.2.11 OR BA.2.12 OR BA.2.12.1 OR BA.2.12.2 OR BA.2.13 OR BA.2.14 OR BA.2.15 OR BA.2.16 OR BA.2.17 OR BA.2.18 OR BA.2.19 OR BA.2.20 OR BA.2.21 OR BA.2.22 OR BA.2.23 OR BA.2.23.1 OR BA.2.24 OR BA.2.25 OR BA.2.25.1 OR BA.2.26 OR BA.2.27 OR BA.2.28 OR BA.2.29 OR BA.2.30 OR BA.2.31 OR BA.2.32 OR BA.2.33 OR BA.2.34 OR BA.2.35 OR BA.2.36 OR BA.2.37 OR BA.2.38 OR BA.2.39 OR BA.2.40 OR BA.2.40.1 OR BA.2.41 OR BA.2.42 OR BA.2.43 OR BA.2.44 OR BA.2.45 OR BA.2.46 OR BA.2.47 OR BA.2.48 OR BA.2.49 OR BA.2.50 OR BA.2.51 OR BA.2.52 OR BA.2.53 OR BA.2.54 OR BA.2.55 OR BA.2.56 OR BA.2.56.1 OR BA.2.57 OR BA.2.58 OR BA.2.59 OR BA.2.60 OR BA.2.61 OR BA.2.62 OR BA.2.63 OR BA.2.64 OR BA.2.65 OR BA.2.66 OR BA.2.67 OR BA.2.68 OR BA.2.69 OR BA.2.70 OR BA.2.71 OR BA.2.72 OR BA.2.73 OR BA.2.74 OR BA.2.75 OR BA.3 OR BA.3.1 OR BA.4 OR BA.4.1 OR BA.4.1.1 OR BA.4.1.2 OR BA.5 OR BA.5.1 OR BA.5.1.1 OR BA.5.2 OR BA.5.2.1 OR BA.5.2.2 OR BA.5.2.3 OR BA.5.3 OR BA.5.3.1 OR BA.5.3.2 OR BA.5.3.3 OR BA.5.3.4 OR BA.5.4 OR BA.5.5 OR BA.5.6 OR BC.1 OR BC.2 OR BD.1 OR BE.1 OR BE.1.1 OR BE.2 OR BF.1 OR BF.1.1,Omicron,468,166.071428571429,0.35485347985348
2022-01-10,829,490,611.857142857143,314.428571428571,0.5138921316834,0.473488490810169,0.55253198528162,B.1.1.529 OR BA.1 OR BA.1.1 OR BA.1.1.1 OR BA.1.1.2 OR BA.1.1.3 OR BA.1.1.4 OR BA.1.1.5 OR BA.1.1.6 OR BA.1.1.7 OR BA.1.1.8 OR BA.1.1.9 OR BA.1.1.10 OR BA.1.1.11 OR BA.1.1.12 OR BA.1.1.13 OR BA.1.1.14 OR BA.1.1.15 OR BA.1.1.16 OR BA.1.1.17 OR BA.1.1.18 OR BA.1.2 OR BA.1.3 OR BA.1.4 OR BA.1.5 OR BA.1.6 OR BA.1.7 OR BA.1.8 OR BA.1.9 OR BA.1.10 OR BA.1.11 OR BA.1.12 OR BA.1.13 OR BA.1.13.1 OR BA.1.14 OR BA.1.14.1 OR BA.1.14.2 OR BA.1.15 OR BA.1.15.1 OR BA.1.15.2 OR BA.1.15.3 OR BA.1.16 OR BA.1.16.1 OR BA.1.16.2 OR BA.1.17 OR BA.1.17.1 OR BA.1.17.2 OR BA.1.18 OR BA.1.19 OR BA.1.20 OR BA.1.21 OR BA.1.21.1 OR BA.1.22 OR BA.1.23 OR BA.1.24 OR BA.2 OR BA.2.1 OR BA.2.2 OR BA.2.2.1 OR BA.2.3 OR BA.2.3.1 OR BA.2.3.2 OR BA.2.3.3 OR BA.2.3.4 OR BA.2.3.5 OR BA.2.3.6 OR BA.2.3.7 OR BA.2.3.8 OR BA.2.3.9 OR BA.2.3.10 OR BA.2.3.11 OR BA.2.3.12 OR BA.2.3.13 OR BA.2.3.14 OR BA.2.3.15 OR BA.2.3.16 OR BA.2.3.17 OR BA.2.3.18 OR BA.2.4 OR BA.2.5 OR BA.2.6 OR BA.2.7 OR BA.2.8 OR BA.2.9 OR BA.2.9.1 OR BA.2.9.2 OR BA.2.9.3 OR BA.2.9.4 OR BA.2.10 OR BA.2.10.1 OR BA.2.10.2 OR BA.2.10.3 OR BA.2.11 OR BA.2.12 OR BA.2.12.1 OR BA.2.12.2 OR BA.2.13 OR BA.2.14 OR BA.2.15 OR BA.2.16 OR BA.2.17 OR BA.2.18 OR BA.2.19 OR BA.2.20 OR BA.2.21 OR BA.2.22 OR BA.2.23 OR BA.2.23.1 OR BA.2.24 OR BA.2.25 OR BA.2.25.1 OR BA.2.26 OR BA.2.27 OR BA.2.28 OR BA.2.29 OR BA.2.30 OR BA.2.31 OR BA.2.32 OR BA.2.33 OR BA.2.34 OR BA.2.35 OR BA.2.36 OR BA.2.37 OR BA.2.38 OR BA.2.39 OR BA.2.40 OR BA.2.40.1 OR BA.2.41 OR BA.2.42 OR BA.2.43 OR BA.2.44 OR BA.2.45 OR BA.2.46 OR BA.2.47 OR BA.2.48 OR BA.2.49 OR BA.2.50 OR BA.2.51 OR BA.2.52 OR BA.2.53 OR BA.2.54 OR BA.2.55 OR BA.2.56 OR BA.2.56.1 OR BA.2.57 OR BA.2.58 OR BA.2.59 OR BA.2.60 OR BA.2.61 OR BA.2.62 OR BA.2.63 OR BA.2.64 OR BA.2.65 OR BA.2.66 OR BA.2.67 OR BA.2.68 OR BA.2.69 OR BA.2.70 OR BA.2.71 OR BA.2.72 OR BA.2.73 OR BA.2.74 OR BA.2.75 OR BA.3 OR BA.3.1 OR BA.4 OR BA.4.1 OR BA.4.1.1 OR BA.4.1.2 OR BA.5 OR BA.5.1 OR BA.5.1.1 OR BA.5.2 OR BA.5.2.1 OR BA.5.2.2 OR BA.5.2.3 OR BA.5.3 OR BA.5.3.1 OR BA.5.3.2 OR BA.5.3.3 OR BA.5.3.4 OR BA.5.4 OR BA.5.5 OR BA.5.6 OR BC.1 OR BC.2 OR BD.1 OR BE.1 OR BE.1.1 OR BE.2 OR BF.1 OR BF.1.1,Omicron,502,198,0.394422310756972
2022-01-11,744,523,593.571428571429,336.142857142857,0.566305655836342,0.525556842735365,0.605118197638792,B.1.1.529 OR BA.1 OR BA.1.1 OR BA.1.1.1 OR BA.1.1.2 OR BA.1.1.3 OR BA.1.1.4 OR BA.1.1.5 OR BA.1.1.6 OR BA.1.1.7 OR BA.1.1.8 OR BA.1.1.9 OR BA.1.1.10 OR BA.1.1.11 OR BA.1.1.12 OR BA.1.1.13 OR BA.1.1.14 OR BA.1.1.15 OR BA.1.1.16 OR BA.1.1.17 OR BA.1.1.18 OR BA.1.2 OR BA.1.3 OR BA.1.4 OR BA.1.5 OR BA.1.6 OR BA.1.7 OR BA.1.8 OR BA.1.9 OR BA.1.10 OR BA.1.11 OR BA.1.12 OR BA.1.13 OR BA.1.13.1 OR BA.1.14 OR BA.1.14.1 OR BA.1.14.2 OR BA.1.15 OR BA.1.15.1 OR BA.1.15.2 OR BA.1.15.3 OR BA.1.16 OR BA.1.16.1 OR BA.1.16.2 OR BA.1.17 OR BA.1.17.1 OR BA.1.17.2 OR BA.1.18 OR BA.1.19 OR BA.1.20 OR BA.1.21 OR BA.1.21.1 OR BA.1.22 OR BA.1.23 OR BA.1.24 OR BA.2 OR BA.2.1 OR BA.2.2 OR BA.2.2.1 OR BA.2.3 OR BA.2.3.1 OR BA.2.3.2 OR BA.2.3.3 OR BA.2.3.4 OR BA.2.3.5 OR BA.2.3.6 OR BA.2.3.7 OR BA.2.3.8 OR BA.2.3.9 OR BA.2.3.10 OR BA.2.3.11 OR BA.2.3.12 OR BA.2.3.13 OR BA.2.3.14 OR BA.2.3.15 OR BA.2.3.16 OR BA.2.3.17 OR BA.2.3.18 OR BA.2.4 OR BA.2.5 OR BA.2.6 OR BA.2.7 OR BA.2.8 OR BA.2.9 OR BA.2.9.1 OR BA.2.9.2 OR BA.2.9.3 OR BA.2.9.4 OR BA.2.10 OR BA.2.10.1 OR BA.2.10.2 OR BA.2.10.3 OR BA.2.11 OR BA.2.12 OR BA.2.12.1 OR BA.2.12.2 OR BA.2.13 OR BA.2.14 OR BA.2.15 OR BA.2.16 OR BA.2.17 OR BA.2.18 OR BA.2.19 OR BA.2.20 OR BA.2.21 OR BA.2.22 OR BA.2.23 OR BA.2.23.1 OR BA.2.24 OR BA.2.25 OR BA.2.25.1 OR BA.2.26 OR BA.2.27 OR BA.2.28 OR BA.2.29 OR BA.2.30 OR BA.2.31 OR BA.2.32 OR BA.2.33 OR BA.2.34 OR BA.2.35 OR BA.2.36 OR BA.2.37 OR BA.2.38 OR BA.2.39 OR BA.2.40 OR BA.2.40.1 OR BA.2.41 OR BA.2.42 OR BA.2.43 OR BA.2.44 OR BA.2.45 OR BA.2.46 OR BA.2.47 OR BA.2.48 OR BA.2.49 OR BA.2.50 OR BA.2.51 OR BA.2.52 OR BA.2.53 OR BA.2.54 OR BA.2.55 OR BA.2.56 OR BA.2.56.1 OR BA.2.57 OR BA.2.58 OR BA.2.59 OR BA.2.60 OR BA.2.61 OR BA.2.62 OR BA.2.63 OR BA.2.64 OR BA.2.65 OR BA.2.66 OR BA.2.67 OR BA.2.68 OR BA.2.69 OR BA.2.70 OR BA.2.71 OR BA.2.72 OR BA.2.73 OR BA.2.74 OR BA.2.75 OR BA.3 OR BA.3.1 OR BA.4 OR BA.4.1 OR BA.4.1.1 OR BA.4.1.2 OR BA.5 OR BA.5.1 OR BA.5.1.1 OR BA.5.2 OR BA.5.2.1 OR BA.5.2.2 OR BA.5.2.3 OR BA.5.3 OR BA.5.3.1 OR BA.5.3.2 OR BA.5.3.3 OR BA.5.3.4 OR BA.5.4 OR BA.5.5 OR BA.5.6 OR BC.1 OR BC.2 OR BD.1 OR BE.1 OR BE.1.1 OR BE.2 OR BF.1 OR BF.1.1,Omicron,524.928571428572,229.714285714286,0.437610559259763
2022-01-12,885,636,628.142857142857,382,0.608141914942006,0.569676475839056,0.645888535647379,B.1.1.529 OR BA.1 OR BA.1.1 OR BA.1.1.1 OR BA.1.1.2 OR BA.1.1.3 OR BA.1.1.4 OR BA.1.1.5 OR BA.1.1.6 OR BA.1.1.7 OR BA.1.1.8 OR BA.1.1.9 OR BA.1.1.10 OR BA.1.1.11 OR BA.1.1.12 OR BA.1.1.13 OR BA.1.1.14 OR BA.1.1.15 OR BA.1.1.16 OR BA.1.1.17 OR BA.1.1.18 OR BA.1.2 OR BA.1.3 OR BA.1.4 OR BA.1.5 OR BA.1.6 OR BA.1.7 OR BA.1.8 OR BA.1.9 OR BA.1.10 OR BA.1.11 OR BA.1.12 OR BA.1.13 OR BA.1.13.1 OR BA.1.14 OR BA.1.14.1 OR BA.1.14.2 OR BA.1.15 OR BA.1.15.1 OR BA.1.15.2 OR BA.1.15.3 OR BA.1.16 OR BA.1.16.1 OR BA.1.16.2 OR BA.1.17 OR BA.1.17.1 OR BA.1.17.2 OR BA.1.18 OR BA.1.19 OR BA.1.20 OR BA.1.21 OR BA.1.21.1 OR BA.1.22 OR BA.1.23 OR BA.1.24 OR BA.2 OR BA.2.1 OR BA.2.2 OR BA.2.2.1 OR BA.2.3 OR BA.2.3.1 OR BA.2.3.2 OR BA.2.3.3 OR BA.2.3.4 OR BA.2.3.5 OR BA.2.3.6 OR BA.2.3.7 OR BA.2.3.8 OR BA.2.3.9 OR BA.2.3.10 OR BA.2.3.11 OR BA.2.3.12 OR BA.2.3.13 OR BA.2.3.14 OR BA.2.3.15 OR BA.2.3.16 OR BA.2.3.17 OR BA.2.3.18 OR BA.2.4 OR BA.2.5 OR BA.2.6 OR BA.2.7 OR BA.2.8 OR BA.2.9 OR BA.2.9.1 OR BA.2.9.2 OR BA.2.9.3 OR BA.2.9.4 OR BA.2.10 OR BA.2.10.1 OR BA.2.10.2 OR BA.2.10.3 OR BA.2.11 OR BA.2.12 OR BA.2.12.1 OR BA.2.12.2 OR BA.2.13 OR BA.2.14 OR BA.2.15 OR BA.2.16 OR BA.2.17 OR BA.2.18 OR BA.2.19 OR BA.2.20 OR BA.2.21 OR BA.2.22 OR BA.2.23 OR BA.2.23.1 OR BA.2.24 OR BA.2.25 OR BA.2.25.1 OR BA.2.26 OR BA.2.27 OR BA.2.28 OR BA.2.29 OR BA.2.30 OR BA.2.31 OR BA.2.32 OR BA.2.33 OR BA.2.34 OR BA.2.35 OR BA.2.36 OR BA.2.37 OR BA.2.38 OR BA.2.39 OR BA.2.40 OR BA.2.40.1 OR BA.2.41 OR BA.2.42 OR BA.2.43 OR BA.2.44 OR BA.2.45 OR BA.2.46 OR BA.2.47 OR BA.2.48 OR BA.2.49 OR BA.2.50 OR BA.2.51 OR BA.2.52 OR BA.2.53 OR BA.2.54 OR BA.2.55 OR BA.2.56 OR BA.2.56.1 OR BA.2.57 OR BA.2.58 OR BA.2.59 OR BA.2.60 OR BA.2.61 OR BA.2.62 OR BA.2.63 OR BA.2.64 OR BA.2.65 OR BA.2.66 OR BA.2.67 OR BA.2.68 OR BA.2.69 OR BA.2.70 OR BA.2.71 OR BA.2.72 OR BA.2.73 OR BA.2.74 OR BA.2.75 OR BA.3 OR BA.3.1 OR BA.4 OR BA.4.1 OR BA.4.1.1 OR BA.4.1.2 OR BA.5 OR BA.5.1 OR BA.5.1.1 OR BA.5.2 OR BA.5.2.1 OR BA.5.2.2 OR BA.5.2.3 OR BA.5.3 OR BA.5.3.1 OR BA.5.3.2 OR BA.5.3.3 OR BA.5.3.4 OR BA.5.4 OR BA.5.5 OR BA.5.6 OR BC.1 OR BC.2 OR BD.1 OR BE.1 OR BE.1.1 OR BE.2 OR BF.1 OR BF.1.1,Omicron,543.571428571429,268.642857142857,0.494218134034166
2022-01-13,638,510,636.285714285714,409.857142857143,0.644140098787607,0.606867623736863,0.681127345617504,B.1.1.529 OR BA.1 OR BA.1.1 OR BA.1.1.1 OR BA.1.1.2 OR BA.1.1.3 OR BA.1.1.4 OR BA.1.1.5 OR BA.1.1.6 OR BA.1.1.7 OR BA.1.1.8 OR BA.1.1.9 OR BA.1.1.10 OR BA.1.1.11 OR BA.1.1.12 OR BA.1.1.13 OR BA.1.1.14 OR BA.1.1.15 OR BA.1.1.16 OR BA.1.1.17 OR BA.1.1.18 OR BA.1.2 OR BA.1.3 OR BA.1.4 OR BA.1.5 OR BA.1.6 OR BA.1.7 OR BA.1.8 OR BA.1.9 OR BA.1.10 OR BA.1.11 OR BA.1.12 OR BA.1.13 OR BA.1.13.1 OR BA.1.14 OR BA.1.14.1 OR BA.1.14.2 OR BA.1.15 OR BA.1.15.1 OR BA.1.15.2 OR BA.1.15.3 OR BA.1.16 OR BA.1.16.1 OR BA.1.16.2 OR BA.1.17 OR BA.1.17.1 OR BA.1.17.2 OR BA.1.18 OR BA.1.19 OR BA.1.20 OR BA.1.21 OR BA.1.21.1 OR BA.1.22 OR BA.1.23 OR BA.1.24 OR BA.2 OR BA.2.1 OR BA.2.2 OR BA.2.2.1 OR BA.2.3 OR BA.2.3.1 OR BA.2.3.2 OR BA.2.3.3 OR BA.2.3.4 OR BA.2.3.5 OR BA.2.3.6 OR BA.2.3.7 OR BA.2.3.8 OR BA.2.3.9 OR BA.2.3.10 OR BA.2.3.11 OR BA.2.3.12 OR BA.2.3.13 OR BA.2.3.14 OR BA.2.3.15 OR BA.2.3.16 OR BA.2.3.17 OR BA.2.3.18 OR BA.2.4 OR BA.2.5 OR BA.2.6 OR BA.2.7 OR BA.2.8 OR BA.2.9 OR BA.2.9.1 OR BA.2.9.2 OR BA.2.9.3 OR BA.2.9.4 OR BA.2.10 OR BA.2.10.1 OR BA.2.10.2 OR BA.2.10.3 OR BA.2.11 OR BA.2.12 OR BA.2.12.1 OR BA.2.12.2 OR BA.2.13 OR BA.2.14 OR BA.2.15 OR BA.2.16 OR BA.2.17 OR BA.2.18 OR BA.2.19 OR BA.2.20 OR BA.2.21 OR BA.2.22 OR BA.2.23 OR BA.2.23.1 OR BA.2.24 OR BA.2.25 OR BA.2.25.1 OR BA.2.26 OR BA.2.27 OR BA.2.28 OR BA.2.29 OR BA.2.30 OR BA.2.31 OR BA.2.32 OR BA.2.33 OR BA.2.34 OR BA.2.35 OR BA.2.36 OR BA.2.37 OR BA.2.38 OR BA.2.39 OR BA.2.40 OR BA.2.40.1 OR BA.2.41 OR BA.2.42 OR BA.2.43 OR BA.2.44 OR BA.2.45 OR BA.2.46 OR BA.2.47 OR BA.2.48 OR BA.2.49 OR BA.2.50 OR BA.2.51 OR BA.2.52 OR BA.2.53 OR BA.2.54 OR BA.2.55 OR BA.2.56 OR BA.2.56.1 OR BA.2.57 OR BA.2.58 OR BA.2.59 OR BA.2.60 OR BA.2.61 OR BA.2.62 OR BA.2.63 OR BA.2.64 OR BA.2.65 OR BA.2.66 OR BA.2.67 OR BA.2.68 OR BA.2.69 OR BA.2.70 OR BA.2.71 OR BA.2.72 OR BA.2.73 OR BA.2.74 OR BA.2.75 OR BA.3 OR BA.3.1 OR BA.4 OR BA.4.1 OR BA.4.1.1 OR BA.4.1.2 OR BA.5 OR BA.5.1 OR BA.5.1.1 OR BA.5.2 OR BA.5.2.1 OR BA.5.2.2 OR BA.5.2.3 OR BA.5.3 OR BA.5.3.1 OR BA.5.3.2 OR BA.5.3.3 OR BA.5.3.4 OR BA.5.4 OR BA.5.5 OR BA.5.6 OR BC.1 OR BC.2 OR BD.1 OR BE.1 OR BE.1.1 OR BE.2 OR BF.1 OR BF.1.1,Omicron,571,301.714285714286,0.528396297222917
2022-01-14,691,555,653.428571428572,446.571428571429,0.683428071709663,0.648135142401353,0.719299005299742,B.1.1.529 OR BA.1 OR BA.1.1 OR BA.1.1.1 OR BA.1.1.2 OR BA.1.1.3 OR BA.1.1.4 OR BA.1.1.5 OR BA.1.1.6 OR BA.1.1.7 OR BA.1.1.8 OR BA.1.1.9 OR BA.1.1.10 OR BA.1.1.11 OR BA.1.1.12 OR BA.1.1.13 OR BA.1.1.14 OR BA.1.1.15 OR BA.1.1.16 OR BA.1.1.17 OR BA.1.1.18 OR BA.1.2 OR BA.1.3 OR BA.1.4 OR BA.1.5 OR BA.1.6 OR BA.1.7 OR BA.1.8 OR BA.1.9 OR BA.1.10 OR BA.1.11 OR BA.1.12 OR BA.1.13 OR BA.1.13.1 OR BA.1.14 OR BA.1.14.1 OR BA.1.14.2 OR BA.1.15 OR BA.1.15.1 OR BA.1.15.2 OR BA.1.15.3 OR BA.1.16 OR BA.1.16.1 OR BA.1.16.2 OR BA.1.17 OR BA.1.17.1 OR BA.1.17.2 OR BA.1.18 OR BA.1.19 OR BA.1.20 OR BA.1.21 OR BA.1.21.1 OR BA.1.22 OR BA.1.23 OR BA.1.24 OR BA.2 OR BA.2.1 OR BA.2.2 OR BA.2.2.1 OR BA.2.3 OR BA.2.3.1 OR BA.2.3.2 OR BA.2.3.3 OR BA.2.3.4 OR BA.2.3.5 OR BA.2.3.6 OR BA.2.3.7 OR BA.2.3.8 OR BA.2.3.9 OR BA.2.3.10 OR BA.2.3.11 OR BA.2.3.12 OR BA.2.3.13 OR BA.2.3.14 OR BA.2.3.15 OR BA.2.3.16 OR BA.2.3.17 OR BA.2.3.18 OR BA.2.4 OR BA.2.5 OR BA.2.6 OR BA.2.7 OR BA.2.8 OR BA.2.9 OR BA.2.9.1 OR BA.2.9.2 OR BA.2.9.3 OR BA.2.9.4 OR BA.2.10 OR BA.2.10.1 OR BA.2.10.2 OR BA.2.10.3 OR BA.2.11 OR BA.2.12 OR BA.2.12.1 OR BA.2.12.2 OR BA.2.13 OR BA.2.14 OR BA.2.15 OR BA.2.16 OR BA.2.17 OR BA.2.18 OR BA.2.19 OR BA.2.20 OR BA.2.21 OR BA.2.22 OR BA.2.23 OR BA.2.23.1 OR BA.2.24 OR BA.2.25 OR BA.2.25.1 OR BA.2.26 OR BA.2.27 OR BA.2.28 OR BA.2.29 OR BA.2.30 OR BA.2.31 OR BA.2.32 OR BA.2.33 OR BA.2.34 OR BA.2.35 OR BA.2.36 OR BA.2.37 OR BA.2.38 OR BA.2.39 OR BA.2.40 OR BA.2.40.1 OR BA.2.41 OR BA.2.42 OR BA.2.43 OR BA.2.44 OR BA.2.45 OR BA.2.46 OR BA.2.47 OR BA.2.48 OR BA.2.49 OR BA.2.50 OR BA.2.51 OR BA.2.52 OR BA.2.53 OR BA.2.54 OR BA.2.55 OR BA.2.56 OR BA.2.56.1 OR BA.2.57 OR BA.2.58 OR BA.2.59 OR BA.2.60 OR BA.2.61 OR BA.2.62 OR BA.2.63 OR BA.2.64 OR BA.2.65 OR BA.2.66 OR BA.2.67 OR BA.2.68 OR BA.2.69 OR BA.2.70 OR BA.2.71 OR BA.2.72 OR BA.2.73 OR BA.2.74 OR BA.2.75 OR BA.3 OR BA.3.1 OR BA.4 OR BA.4.1 OR BA.4.1.1 OR BA.4.1.2 OR BA.5 OR BA.5.1 OR BA.5.1.1 OR BA.5.2 OR BA.5.2.1 OR BA.5.2.2 OR BA.5.2.3 OR BA.5.3 OR BA.5.3.1 OR BA.5.3.2 OR BA.5.3.3 OR BA.5.3.4 OR BA.5.4 OR BA.5.5 OR BA.5.6 OR BC.1 OR BC.2 OR BD.1 OR BE.1 OR BE.1.1 OR BE.2 OR BF.1 OR BF.1.1,Omicron,590.714285714286,336.214285714286,0.569165659008464
2022-01-15,598,456,684.571428571429,485,0.70847245409015,0.673157143965819,0.741147535748791,B.1.1.529 OR BA.1 OR BA.1.1 OR BA.1.1.1 OR BA.1.1.2 OR BA.1.1.3 OR BA.1.1.4 OR BA.1.1.5 OR BA.1.1.6 OR BA.1.1.7 OR BA.1.1.8 OR BA.1.1.9 OR BA.1.1.10 OR BA.1.1.11 OR BA.1.1.12 OR BA.1.1.13 OR BA.1.1.14 OR BA.1.1.15 OR BA.1.1.16 OR BA.1.1.17 OR BA.1.1.18 OR BA.1.2 OR BA.1.3 OR BA.1.4 OR BA.1.5 OR BA.1.6 OR BA.1.7 OR BA.1.8 OR BA.1.9 OR BA.1.10 OR BA.1.11 OR BA.1.12 OR BA.1.13 OR BA.1.13.1 OR BA.1.14 OR BA.1.14.1 OR BA.1.14.2 OR BA.1.15 OR BA.1.15.1 OR BA.1.15.2 OR BA.1.15.3 OR BA.1.16 OR BA.1.16.1 OR BA.1.16.2 OR BA.1.17 OR BA.1.17.1 OR BA.1.17.2 OR BA.1.18 OR BA.1.19 OR BA.1.20 OR BA.1.21 OR BA.1.21.1 OR BA.1.22 OR BA.1.23 OR BA.1.24 OR BA.2 OR BA.2.1 OR BA.2.2 OR BA.2.2.1 OR BA.2.3 OR BA.2.3.1 OR BA.2.3.2 OR BA.2.3.3 OR BA.2.3.4 OR BA.2.3.5 OR BA.2.3.6 OR BA.2.3.7 OR BA.2.3.8 OR BA.2.3.9 OR BA.2.3.10 OR BA.2.3.11 OR BA.2.3.12 OR BA.2.3.13 OR BA.2.3.14 OR BA.2.3.15 OR BA.2.3.16 OR BA.2.3.17 OR BA.2.3.18 OR BA.2.4 OR BA.2.5 OR BA.2.6 OR BA.2.7 OR BA.2.8 OR BA.2.9 OR BA.2.9.1 OR BA.2.9.2 OR BA.2.9.3 OR BA.2.9.4 OR BA.2.10 OR BA.2.10.1 OR BA.2.10.2 OR BA.2.10.3 OR BA.2.11 OR BA.2.12 OR BA.2.12.1 OR BA.2.12.2 OR BA.2.13 OR BA.2.14 OR BA.2.15 OR BA.2.16 OR BA.2.17 OR BA.2.18 OR BA.2.19 OR BA.2.20 OR BA.2.21 OR BA.2.22 OR BA.2.23 OR BA.2.23.1 OR BA.2.24 OR BA.2.25 OR BA.2.25.1 OR BA.2.26 OR BA.2.27 OR BA.2.28 OR BA.2.29 OR BA.2.30 OR BA.2.31 OR BA.2.32 OR BA.2.33 OR BA.2.34 OR BA.2.35 OR BA.2.36 OR BA.2.37 OR BA.2.38 OR BA.2.39 OR BA.2.40 OR BA.2.40.1 OR BA.2.41 OR BA.2.42 OR BA.2.43 OR BA.2.44 OR BA.2.45 OR BA.2.46 OR BA.2.47 OR BA.2.48 OR BA.2.49 OR BA.2.50 OR BA.2.51 OR BA.2.52 OR BA.2.53 OR BA.2.54 OR BA.2.55 OR BA.2.56 OR BA.2.56.1 OR BA.2.57 OR BA.2.58 OR BA.2.59 OR BA.2.60 OR BA.2.61 OR BA.2.62 OR BA.2.63 OR BA.2.64 OR BA.2.65 OR BA.2.66 OR BA.2.67 OR BA.2.68 OR BA.2.69 OR BA.2.70 OR BA.2.71 OR BA.2.72 OR BA.2.73 OR BA.2.74 OR BA.2.75 OR BA.3 OR BA.3.1 OR BA.4 OR BA.4.1 OR BA.4.1.1 OR BA.4.1.2 OR BA.5 OR BA.5.1 OR BA.5.1.1 OR BA.5.2 OR BA.5.2.1 OR BA.5.2.2 OR BA.5.2.3 OR BA.5.3 OR BA.5.3.1 OR BA.5.3.2 OR BA.5.3.3 OR BA.5.3.4 OR BA.5.4 OR BA.5.5 OR BA.5.6 OR BC.1 OR BC.2 OR BD.1 OR BE.1 OR BE.1.1 OR BE.2 OR BF.1 OR BF.1.1,Omicron,623.428571428572,365.642857142857,0.586503208065995
2022-01-16,402,342,683.857142857143,501.714285714286,0.733653645289325,0.699863397399523,0.765998060732536,B.1.1.529 OR BA.1 OR BA.1.1 OR BA.1.1.1 OR BA.1.1.2 OR BA.1.1.3 OR BA.1.1.4 OR BA.1.1.5 OR BA.1.1.6 OR BA.1.1.7 OR BA.1.1.8 OR BA.1.1.9 OR BA.1.1.10 OR BA.1.1.11 OR BA.1.1.12 OR BA.1.1.13 OR BA.1.1.14 OR BA.1.1.15 OR BA.1.1.16 OR BA.1.1.17 OR BA.1.1.18 OR BA.1.2 OR BA.1.3 OR BA.1.4 OR BA.1.5 OR BA.1.6 OR BA.1.7 OR BA.1.8 OR BA.1.9 OR BA.1.10 OR BA.1.11 OR BA.1.12 OR BA.1.13 OR BA.1.13.1 OR BA.1.14 OR BA.1.14.1 OR BA.1.14.2 OR BA.1.15 OR BA.1.15.1 OR BA.1.15.2 OR BA.1.15.3 OR BA.1.16 OR BA.1.16.1 OR BA.1.16.2 OR BA.1.17 OR BA.1.17.1 OR BA.1.17.2 OR BA.1.18 OR BA.1.19 OR BA.1.20 OR BA.1.21 OR BA.1.21.1 OR BA.1.22 OR BA.1.23 OR BA.1.24 OR BA.2 OR BA.2.1 OR BA.2.2 OR BA.2.2.1 OR BA.2.3 OR BA.2.3.1 OR BA.2.3.2 OR BA.2.3.3 OR BA.2.3.4 OR BA.2.3.5 OR BA.2.3.6 OR BA.2.3.7 OR BA.2.3.8 OR BA.2.3.9 OR BA.2.3.10 OR BA.2.3.11 OR BA.2.3.12 OR BA.2.3.13 OR BA.2.3.14 OR BA.2.3.15 OR BA.2.3.16 OR BA.2.3.17 OR BA.2.3.18 OR BA.2.4 OR BA.2.5 OR BA.2.6 OR BA.2.7 OR BA.2.8 OR BA.2.9 OR BA.2.9.1 OR BA.2.9.2 OR BA.2.9.3 OR BA.2.9.4 OR BA.2.10 OR BA.2.10.1 OR BA.2.10.2 OR BA.2.10.3 OR BA.2.11 OR BA.2.12 OR BA.2.12.1 OR BA.2.12.2 OR BA.2.13 OR BA.2.14 OR BA.2.15 OR BA.2.16 OR BA.2.17 OR BA.2.18 OR BA.2.19 OR BA.2.20 OR BA.2.21 OR BA.2.22 OR BA.2.23 OR BA.2.23.1 OR BA.2.24 OR BA.2.25 OR BA.2.25.1 OR BA.2.26 OR BA.2.27 OR BA.2.28 OR BA.2.29 OR BA.2.30 OR BA.2.31 OR BA.2.32 OR BA.2.33 OR BA.2.34 OR BA.2.35 OR BA.2.36 OR BA.2.37 OR BA.2.38 OR BA.2.39 OR BA.2.40 OR BA.2.40.1 OR BA.2.41 OR BA.2.42 OR BA.2.43 OR BA.2.44 OR BA.2.45 OR BA.2.46 OR BA.2.47 OR BA.2.48 OR BA.2.49 OR BA.2.50 OR BA.2.51 OR BA.2.52 OR BA.2.53 OR BA.2.54 OR BA.2.55 OR BA.2.56 OR BA.2.56.1 OR BA.2.57 OR BA.2.58 OR BA.2.59 OR BA.2.60 OR BA.2.61 OR BA.2.62 OR BA.2.63 OR BA.2.64 OR BA.2.65 OR BA.2.66 OR BA.2.67 OR BA.2.68 OR BA.2.69 OR BA.2.70 OR BA.2.71 OR BA.2.72 OR BA.2.73 OR BA.2.74 OR BA.2.75 OR BA.3 OR BA.3.1 OR BA.4 OR BA.4.1 OR BA.4.1.1 OR BA.4.1.2 OR BA.5 OR BA.5.1 OR BA.5.1.1 OR BA.5.2 OR BA.5.2.1 OR BA.5.2.2 OR BA.5.2.3 OR BA.5.3 OR BA.5.3.1 OR BA.5.3.2 OR BA.5.3.3 OR BA.5.3.4 OR BA.5.4 OR BA.5.5 OR BA.5.6 OR BC.1 OR BC.2 OR BD.1 OR BE.1 OR BE.1.1 OR BE.2 OR BF.1 OR BF.1.1,Omicron,633.214285714286,384.714285714286,0.607557811618725
2022-01-17,987,821,706.428571428572,549,0.777148634984833,0.74585048381564,0.80711952619227,B.1.1.529 OR BA.1 OR BA.1.1 OR BA.1.1.1 OR BA.1.1.2 OR BA.1.1.3 OR BA.1.1.4 OR BA.1.1.5 OR BA.1.1.6 OR BA.1.1.7 OR BA.1.1.8 OR BA.1.1.9 OR BA.1.1.10 OR BA.1.1.11 OR BA.1.1.12 OR BA.1.1.13 OR BA.1.1.14 OR BA.1.1.15 OR BA.1.1.16 OR BA.1.1.17 OR BA.1.1.18 OR BA.1.2 OR BA.1.3 OR BA.1.4 OR BA.1.5 OR BA.1.6 OR BA.1.7 OR BA.1.8 OR BA.1.9 OR BA.1.10 OR BA.1.11 OR BA.1.12 OR BA.1.13 OR BA.1.13.1 OR BA.1.14 OR BA.1.14.1 OR BA.1.14.2 OR BA.1.15 OR BA.1.15.1 OR BA.1.15.2 OR BA.1.15.3 OR BA.1.16 OR BA.1.16.1 OR BA.1.16.2 OR BA.1.17 OR BA.1.17.1 OR BA.1.17.2 OR BA.1.18 OR BA.1.19 OR BA.1.20 OR BA.1.21 OR BA.1.21.1 OR BA.1.22 OR BA.1.23 OR BA.1.24 OR BA.2 OR BA.2.1 OR BA.2.2 OR BA.2.2.1 OR BA.2.3 OR BA.2.3.1 OR BA.2.3.2 OR BA.2.3.3 OR BA.2.3.4 OR BA.2.3.5 OR BA.2.3.6 OR BA.2.3.7 OR BA.2.3.8 OR BA.2.3.9 OR BA.2.3.10 OR BA.2.3.11 OR BA.2.3.12 OR BA.2.3.13 OR BA.2.3.14 OR BA.2.3.15 OR BA.2.3.16 OR BA.2.3.17 OR BA.2.3.18 OR BA.2.4 OR BA.2.5 OR BA.2.6 OR BA.2.7 OR BA.2.8 OR BA.2.9 OR BA.2.9.1 OR BA.2.9.2 OR BA.2.9.3 OR BA.2.9.4 OR BA.2.10 OR BA.2.10.1 OR BA.2.10.2 OR BA.2.10.3 OR BA.2.11 OR BA.2.12 OR BA.2.12.1 OR BA.2.12.2 OR BA.2.13 OR BA.2.14 OR BA.2.15 OR BA.2.16 OR BA.2.17 OR BA.2.18 OR BA.2.19 OR BA.2.20 OR BA.2.21 OR BA.2.22 OR BA.2.23 OR BA.2.23.1 OR BA.2.24 OR BA.2.25 OR BA.2.25.1 OR BA.2.26 OR BA.2.27 OR BA.2.28 OR BA.2.29 OR BA.2.30 OR BA.2.31 OR BA.2.32 OR BA.2.33 OR BA.2.34 OR BA.2.35 OR BA.2.36 OR BA.2.37 OR BA.2.38 OR BA.2.39 OR BA.2.40 OR BA.2.40.1 OR BA.2.41 OR BA.2.42 OR BA.2.43 OR BA.2.44 OR BA.2.45 OR BA.2.46 OR BA.2.47 OR BA.2.48 OR BA.2.49 OR BA.2.50 OR BA.2.51 OR BA.2.52 OR BA.2.53 OR BA.2.54 OR BA.2.55 OR BA.2.56 OR BA.2.56.1 OR BA.2.57 OR BA.2.58 OR BA.2.59 OR BA.2.60 OR BA.2.61 OR BA.2.62 OR BA.2.63 OR BA.2.64 OR BA.2.65 OR BA.2.66 OR BA.2.67 OR BA.2.68 OR BA.2.69 OR BA.2.70 OR BA.2.71 OR BA.2.72 OR BA.2.73 OR BA.2.74 OR BA.2.75 OR BA.3 OR BA.3.1 OR BA.4 OR BA.4.1 OR BA.4.1.1 OR BA.4.1.2 OR BA.5 OR BA.5.1 OR BA.5.1.1 OR BA.5.2 OR BA.5.2.1 OR BA.5.2.2 OR BA.5.2.3 OR BA.5.3 OR BA.5.3.1 OR BA.5.3.2 OR BA.5.3.3 OR BA.5.3.4 OR BA.5.4 OR BA.5.5 OR BA.5.6 OR BC.1 OR BC.2 OR BD.1 OR BE.1 OR BE.1.1 OR BE.2 OR BF.1 OR BF.1.1,Omicron,659.142857142857,431.714285714286,0.654963155613351
2022-01-18,890,771,727.285714285714,584.428571428571,0.803574936161854,0.773234753320852,0.830958462863775,B.1.1.529 OR BA.1 OR BA.1.1 OR BA.1.1.1 OR BA.1.1.2 OR BA.1.1.3 OR BA.1.1.4 OR BA.1.1.5 OR BA.1.1.6 OR BA.1.1.7 OR BA.1.1.8 OR BA.1.1.9 OR BA.1.1.10 OR BA.1.1.11 OR BA.1.1.12 OR BA.1.1.13 OR BA.1.1.14 OR BA.1.1.15 OR BA.1.1.16 OR BA.1.1.17 OR BA.1.1.18 OR BA.1.2 OR BA.1.3 OR BA.1.4 OR BA.1.5 OR BA.1.6 OR BA.1.7 OR BA.1.8 OR BA.1.9 OR BA.1.10 OR BA.1.11 OR BA.1.12 OR BA.1.13 OR BA.1.13.1 OR BA.1.14 OR BA.1.14.1 OR BA.1.14.2 OR BA.1.15 OR BA.1.15.1 OR BA.1.15.2 OR BA.1.15.3 OR BA.1.16 OR BA.1.16.1 OR BA.1.16.2 OR BA.1.17 OR BA.1.17.1 OR BA.1.17.2 OR BA.1.18 OR BA.1.19 OR BA.1.20 OR BA.1.21 OR BA.1.21.1 OR BA.1.22 OR BA.1.23 OR BA.1.24 OR BA.2 OR BA.2.1 OR BA.2.2 OR BA.2.2.1 OR BA.2.3 OR BA.2.3.1 OR BA.2.3.2 OR BA.2.3.3 OR BA.2.3.4 OR BA.2.3.5 OR BA.2.3.6 OR BA.2.3.7 OR BA.2.3.8 OR BA.2.3.9 OR BA.2.3.10 OR BA.2.3.11 OR BA.2.3.12 OR BA.2.3.13 OR BA.2.3.14 OR BA.2.3.15 OR BA.2.3.16 OR BA.2.3.17 OR BA.2.3.18 OR BA.2.4 OR BA.2.5 OR BA.2.6 OR BA.2.7 OR BA.2.8 OR BA.2.9 OR BA.2.9.1 OR BA.2.9.2 OR BA.2.9.3 OR BA.2.9.4 OR BA.2.10 OR BA.2.10.1 OR BA.2.10.2 OR BA.2.10.3 OR BA.2.11 OR BA.2.12 OR BA.2.12.1 OR BA.2.12.2 OR BA.2.13 OR BA.2.14 OR BA.2.15 OR BA.2.16 OR BA.2.17 OR BA.2.18 OR BA.2.19 OR BA.2.20 OR BA.2.21 OR BA.2.22 OR BA.2.23 OR BA.2.23.1 OR BA.2.24 OR BA.2.25 OR BA.2.25.1 OR BA.2.26 OR BA.2.27 OR BA.2.28 OR BA.2.29 OR BA.2.30 OR BA.2.31 OR BA.2.32 OR BA.2.33 OR BA.2.34 OR BA.2.35 OR BA.2.36 OR BA.2.37 OR BA.2.38 OR BA.2.39 OR BA.2.40 OR BA.2.40.1 OR BA.2.41 OR BA.2.42 OR BA.2.43 OR BA.2.44 OR BA.2.45 OR BA.2.46 OR BA.2.47 OR BA.2.48 OR BA.2.49 OR BA.2.50 OR BA.2.51 OR BA.2.52 OR BA.2.53 OR BA.2.54 OR BA.2.55 OR BA.2.56 OR BA.2.56.1 OR BA.2.57 OR BA.2.58 OR BA.2.59 OR BA.2.60 OR BA.2.61 OR BA.2.62 OR BA.2.63 OR BA.2.64 OR BA.2.65 OR BA.2.66 OR BA.2.67 OR BA.2.68 OR BA.2.69 OR BA.2.70 OR BA.2.71 OR BA.2.72 OR BA.2.73 OR BA.2.74 OR BA.2.75 OR BA.3 OR BA.3.1 OR BA.4 OR BA.4.1 OR BA.4.1.1 OR BA.4.1.2 OR BA.5 OR BA.5.1 OR BA.5.1.1 OR BA.5.2 OR BA.5.2.1 OR BA.5.2.2 OR BA.5.2.3 OR BA.5.3 OR BA.5.3.1 OR BA.5.3.2 OR BA.5.3.3 OR BA.5.3.4 OR BA.5.4 OR BA.5.5 OR BA.5.6 OR BC.1 OR BC.2 OR BD.1 OR BE.1 OR BE.1.1 OR BE.2 OR BF.1 OR BF.1.1,Omicron,660.428571428572,460.285714285714,0.696950032446463
2022-01-19,813,759,717,602,0.839609483960948,0.811405795402039,0.865078162665284,B.1.1.529 OR BA.1 OR BA.1.1 OR BA.1.1.1 OR BA.1.1.2 OR BA.1.1.3 OR BA.1.1.4 OR BA.1.1.5 OR BA.1.1.6 OR BA.1.1.7 OR BA.1.1.8 OR BA.1.1.9 OR BA.1.1.10 OR BA.1.1.11 OR BA.1.1.12 OR BA.1.1.13 OR BA.1.1.14 OR BA.1.1.15 OR BA.1.1.16 OR BA.1.1.17 OR BA.1.1.18 OR BA.1.2 OR BA.1.3 OR BA.1.4 OR BA.1.5 OR BA.1.6 OR BA.1.7 OR BA.1.8 OR BA.1.9 OR BA.1.10 OR BA.1.11 OR BA.1.12 OR BA.1.13 OR BA.1.13.1 OR BA.1.14 OR BA.1.14.1 OR BA.1.14.2 OR BA.1.15 OR BA.1.15.1 OR BA.1.15.2 OR BA.1.15.3 OR BA.1.16 OR BA.1.16.1 OR BA.1.16.2 OR BA.1.17 OR BA.1.17.1 OR BA.1.17.2 OR BA.1.18 OR BA.1.19 OR BA.1.20 OR BA.1.21 OR BA.1.21.1 OR BA.1.22 OR BA.1.23 OR BA.1.24 OR BA.2 OR BA.2.1 OR BA.2.2 OR BA.2.2.1 OR BA.2.3 OR BA.2.3.1 OR BA.2.3.2 OR BA.2.3.3 OR BA.2.3.4 OR BA.2.3.5 OR BA.2.3.6 OR BA.2.3.7 OR BA.2.3.8 OR BA.2.3.9 OR BA.2.3.10 OR BA.2.3.11 OR BA.2.3.12 OR BA.2.3.13 OR BA.2.3.14 OR BA.2.3.15 OR BA.2.3.16 OR BA.2.3.17 OR BA.2.3.18 OR BA.2.4 OR BA.2.5 OR BA.2.6 OR BA.2.7 OR BA.2.8 OR BA.2.9 OR BA.2.9.1 OR BA.2.9.2 OR BA.2.9.3 OR BA.2.9.4 OR BA.2.10 OR BA.2.10.1 OR BA.2.10.2 OR BA.2.10.3 OR BA.2.11 OR BA.2.12 OR BA.2.12.1 OR BA.2.12.2 OR BA.2.13 OR BA.2.14 OR BA.2.15 OR BA.2.16 OR BA.2.17 OR BA.2.18 OR BA.2.19 OR BA.2.20 OR BA.2.21 OR BA.2.22 OR BA.2.23 OR BA.2.23.1 OR BA.2.24 OR BA.2.25 OR BA.2.25.1 OR BA.2.26 OR BA.2.27 OR BA.2.28 OR BA.2.29 OR BA.2.30 OR BA.2.31 OR BA.2.32 OR BA.2.33 OR BA.2.34 OR BA.2.35 OR BA.2.36 OR BA.2.37 OR BA.2.38 OR BA.2.39 OR BA.2.40 OR BA.2.40.1 OR BA.2.41 OR BA.2.42 OR BA.2.43 OR BA.2.44 OR BA.2.45 OR BA.2.46 OR BA.2.47 OR BA.2.48 OR BA.2.49 OR BA.2.50 OR BA.2.51 OR BA.2.52 OR BA.2.53 OR BA.2.54 OR BA.2.55 OR BA.2.56 OR BA.2.56.1 OR BA.2.57 OR BA.2.58 OR BA.2.59 OR BA.2.60 OR BA.2.61 OR BA.2.62 OR BA.2.63 OR BA.2.64 OR BA.2.65 OR BA.2.66 OR BA.2.67 OR BA.2.68 OR BA.2.69 OR BA.2.70 OR BA.2.71 OR BA.2.72 OR BA.2.73 OR BA.2.74 OR BA.2.75 OR BA.3 OR BA.3.1 OR BA.4 OR BA.4.1 OR BA.4.1.1 OR BA.4.1.2 OR BA.5 OR BA.5.1 OR BA.5.1.1 OR BA.5.2 OR BA.5.2.1 OR BA.5.2.2 OR BA.5.2.3 OR BA.5.3 OR BA.5.3.1 OR BA.5.3.2 OR BA.5.3.3 OR BA.5.3.4 OR BA.5.4 OR BA.5.5 OR BA.5.6 OR BC.1 OR BC.2 OR BD.1 OR BE.1 OR BE.1.1 OR BE.2 OR BF.1 OR BF.1.1,Omicron,672.571428571429,492,0.731520815632965
2022-01-20,787,739,738.285714285714,634.714285714286,0.859713622291022,0.83403903237899,0.884008022226802,B.1.1.529 OR BA.1 OR BA.1.1 OR BA.1.1.1 OR BA.1.1.2 OR BA.1.1.3 OR BA.1.1.4 OR BA.1.1.5 OR BA.1.1.6 OR BA.1.1.7 OR BA.1.1.8 OR BA.1.1.9 OR BA.1.1.10 OR BA.1.1.11 OR BA.1.1.12 OR BA.1.1.13 OR BA.1.1.14 OR BA.1.1.15 OR BA.1.1.16 OR BA.1.1.17 OR BA.1.1.18 OR BA.1.2 OR BA.1.3 OR BA.1.4 OR BA.1.5 OR BA.1.6 OR BA.1.7 OR BA.1.8 OR BA.1.9 OR BA.1.10 OR BA.1.11 OR BA.1.12 OR BA.1.13 OR BA.1.13.1 OR BA.1.14 OR BA.1.14.1 OR BA.1.14.2 OR BA.1.15 OR BA.1.15.1 OR BA.1.15.2 OR BA.1.15.3 OR BA.1.16 OR BA.1.16.1 OR BA.1.16.2 OR BA.1.17 OR BA.1.17.1 OR BA.1.17.2 OR BA.1.18 OR BA.1.19 OR BA.1.20 OR BA.1.21 OR BA.1.21.1 OR BA.1.22 OR BA.1.23 OR BA.1.24 OR BA.2 OR BA.2.1 OR BA.2.2 OR BA.2.2.1 OR BA.2.3 OR BA.2.3.1 OR BA.2.3.2 OR BA.2.3.3 OR BA.2.3.4 OR BA.2.3.5 OR BA.2.3.6 OR BA.2.3.7 OR BA.2.3.8 OR BA.2.3.9 OR BA.2.3.10 OR BA.2.3.11 OR BA.2.3.12 OR BA.2.3.13 OR BA.2.3.14 OR BA.2.3.15 OR BA.2.3.16 OR BA.2.3.17 OR BA.2.3.18 OR BA.2.4 OR BA.2.5 OR BA.2.6 OR BA.2.7 OR BA.2.8 OR BA.2.9 OR BA.2.9.1 OR BA.2.9.2 OR BA.2.9.3 OR BA.2.9.4 OR BA.2.10 OR BA.2.10.1 OR BA.2.10.2 OR BA.2.10.3 OR BA.2.11 OR BA.2.12 OR BA.2.12.1 OR BA.2.12.2 OR BA.2.13 OR BA.2.14 OR BA.2.15 OR BA.2.16 OR BA.2.17 OR BA.2.18 OR BA.2.19 OR BA.2.20 OR BA.2.21 OR BA.2.22 OR BA.2.23 OR BA.2.23.1 OR BA.2.24 OR BA.2.25 OR BA.2.25.1 OR BA.2.26 OR BA.2.27 OR BA.2.28 OR BA.2.29 OR BA.2.30 OR BA.2.31 OR BA.2.32 OR BA.2.33 OR BA.2.34 OR BA.2.35 OR BA.2.36 OR BA.2.37 OR BA.2.38 OR BA.2.39 OR BA.2.40 OR BA.2.40.1 OR BA.2.41 OR BA.2.42 OR BA.2.43 OR BA.2.44 OR BA.2.45 OR BA.2.46 OR BA.2.47 OR BA.2.48 OR BA.2.49 OR BA.2.50 OR BA.2.51 OR BA.2.52 OR BA.2.53 OR BA.2.54 OR BA.2.55 OR BA.2.56 OR BA.2.56.1 OR BA.2.57 OR BA.2.58 OR BA.2.59 OR BA.2.60 OR BA.2.61 OR BA.2.62 OR BA.2.63 OR BA.2.64 OR BA.2.65 OR BA.2.66 OR BA.2.67 OR BA.2.68 OR BA.2.69 OR BA.2.70 OR BA.2.71 OR BA.2.72 OR BA.2.73 OR BA.2.74 OR BA.2.75 OR BA.3 OR BA.3.1 OR BA.4 OR BA.4.1 OR BA.4.1.1 OR BA.4.1.2 OR BA.5 OR BA.5.1 OR BA.5.1.1 OR BA.5.2 OR BA.5.2.1 OR BA.5.2.2 OR BA.5.2.3 OR BA.5.3 OR BA.5.3.1 OR BA.5.3.2 OR BA.5.3.3 OR BA.5.3.4 OR BA.5.4 OR BA.5.5 OR BA.5.6 OR BC.1 OR BC.2 OR BD.1 OR BE.1 OR BE.1.1 OR BE.2 OR BF.1 OR BF.1.1,Omicron,687.285714285714,522.285714285714,0.759925171482021
2022-01-21,752,701,747,655.571428571429,0.877605660738191,0.853273247163006,0.900162269670542,B.1.1.529 OR BA.1 OR BA.1.1 OR BA.1.1.1 OR BA.1.1.2 OR BA.1.1.3 OR BA.1.1.4 OR BA.1.1.5 OR BA.1.1.6 OR BA.1.1.7 OR BA.1.1.8 OR BA.1.1.9 OR BA.1.1.10 OR BA.1.1.11 OR BA.1.1.12 OR BA.1.1.13 OR BA.1.1.14 OR BA.1.1.15 OR BA.1.1.16 OR BA.1.1.17 OR BA.1.1.18 OR BA.1.2 OR BA.1.3 OR BA.1.4 OR BA.1.5 OR BA.1.6 OR BA.1.7 OR BA.1.8 OR BA.1.9 OR BA.1.10 OR BA.1.11 OR BA.1.12 OR BA.1.13 OR BA.1.13.1 OR BA.1.14 OR BA.1.14.1 OR BA.1.14.2 OR BA.1.15 OR BA.1.15.1 OR BA.1.15.2 OR BA.1.15.3 OR BA.1.16 OR BA.1.16.1 OR BA.1.16.2 OR BA.1.17 OR BA.1.17.1 OR BA.1.17.2 OR BA.1.18 OR BA.1.19 OR BA.1.20 OR BA.1.21 OR BA.1.21.1 OR BA.1.22 OR BA.1.23 OR BA.1.24 OR BA.2 OR BA.2.1 OR BA.2.2 OR BA.2.2.1 OR BA.2.3 OR BA.2.3.1 OR BA.2.3.2 OR BA.2.3.3 OR BA.2.3.4 OR BA.2.3.5 OR BA.2.3.6 OR BA.2.3.7 OR BA.2.3.8 OR BA.2.3.9 OR BA.2.3.10 OR BA.2.3.11 OR BA.2.3.12 OR BA.2.3.13 OR BA.2.3.14 OR BA.2.3.15 OR BA.2.3.16 OR BA.2.3.17 OR BA.2.3.18 OR BA.2.4 OR BA.2.5 OR BA.2.6 OR BA.2.7 OR BA.2.8 OR BA.2.9 OR BA.2.9.1 OR BA.2.9.2 OR BA.2.9.3 OR BA.2.9.4 OR BA.2.10 OR BA.2.10.1 OR BA.2.10.2 OR BA.2.10.3 OR BA.2.11 OR BA.2.12 OR BA.2.12.1 OR BA.2.12.2 OR BA.2.13 OR BA.2.14 OR BA.2.15 OR BA.2.16 OR BA.2.17 OR BA.2.18 OR BA.2.19 OR BA.2.20 OR BA.2.21 OR BA.2.22 OR BA.2.23 OR BA.2.23.1 OR BA.2.24 OR BA.2.25 OR BA.2.25.1 OR BA.2.26 OR BA.2.27 OR BA.2.28 OR BA.2.29 OR BA.2.30 OR BA.2.31 OR BA.2.32 OR BA.2.33 OR BA.2.34 OR BA.2.35 OR BA.2.36 OR BA.2.37 OR BA.2.38 OR BA.2.39 OR BA.2.40 OR BA.2.40.1 OR BA.2.41 OR BA.2.42 OR BA.2.43 OR BA.2.44 OR BA.2.45 OR BA.2.46 OR BA.2.47 OR BA.2.48 OR BA.2.49 OR BA.2.50 OR BA.2.51 OR BA.2.52 OR BA.2.53 OR BA.2.54 OR BA.2.55 OR BA.2.56 OR BA.2.56.1 OR BA.2.57 OR BA.2.58 OR BA.2.59 OR BA.2.60 OR BA.2.61 OR BA.2.62 OR BA.2.63 OR BA.2.64 OR BA.2.65 OR BA.2.66 OR BA.2.67 OR BA.2.68 OR BA.2.69 OR BA.2.70 OR BA.2.71 OR BA.2.72 OR BA.2.73 OR BA.2.74 OR BA.2.75 OR BA.3 OR BA.3.1 OR BA.4 OR BA.4.1 OR BA.4.1.1 OR BA.4.1.2 OR BA.5 OR BA.5.1 OR BA.5.1.1 OR BA.5.2 OR BA.5.2.1 OR BA.5.2.2 OR BA.5.2.3 OR BA.5.3 OR BA.5.3.1 OR BA.5.3.2 OR BA.5.3.3 OR BA.5.3.4 OR BA.5.4 OR BA.5.5 OR BA.5.6 OR BC.1 OR BC.2 OR BD.1 OR BE.1 OR BE.1.1 OR BE.2 OR BF.1 OR BF.1.1,Omicron,700.214285714286,551.071428571429,0.787003978373967
2022-01-22,662,630,756.142857142857,680.428571428571,0.899867749858304,0.876512138444557,0.91937882331307,B.1.1.529 OR BA.1 OR BA.1.1 OR BA.1.1.1 OR BA.1.1.2 OR BA.1.1.3 OR BA.1.1.4 OR BA.1.1.5 OR BA.1.1.6 OR BA.1.1.7 OR BA.1.1.8 OR BA.1.1.9 OR BA.1.1.10 OR BA.1.1.11 OR BA.1.1.12 OR BA.1.1.13 OR BA.1.1.14 OR BA.1.1.15 OR BA.1.1.16 OR BA.1.1.17 OR BA.1.1.18 OR BA.1.2 OR BA.1.3 OR BA.1.4 OR BA.1.5 OR BA.1.6 OR BA.1.7 OR BA.1.8 OR BA.1.9 OR BA.1.10 OR BA.1.11 OR BA.1.12 OR BA.1.13 OR BA.1.13.1 OR BA.1.14 OR BA.1.14.1 OR BA.1.14.2 OR BA.1.15 OR BA.1.15.1 OR BA.1.15.2 OR BA.1.15.3 OR BA.1.16 OR BA.1.16.1 OR BA.1.16.2 OR BA.1.17 OR BA.1.17.1 OR BA.1.17.2 OR BA.1.18 OR BA.1.19 OR BA.1.20 OR BA.1.21 OR BA.1.21.1 OR BA.1.22 OR BA.1.23 OR BA.1.24 OR BA.2 OR BA.2.1 OR BA.2.2 OR BA.2.2.1 OR BA.2.3 OR BA.2.3.1 OR BA.2.3.2 OR BA.2.3.3 OR BA.2.3.4 OR BA.2.3.5 OR BA.2.3.6 OR BA.2.3.7 OR BA.2.3.8 OR BA.2.3.9 OR BA.2.3.10 OR BA.2.3.11 OR BA.2.3.12 OR BA.2.3.13 OR BA.2.3.14 OR BA.2.3.15 OR BA.2.3.16 OR BA.2.3.17 OR BA.2.3.18 OR BA.2.4 OR BA.2.5 OR BA.2.6 OR BA.2.7 OR BA.2.8 OR BA.2.9 OR BA.2.9.1 OR BA.2.9.2 OR BA.2.9.3 OR BA.2.9.4 OR BA.2.10 OR BA.2.10.1 OR BA.2.10.2 OR BA.2.10.3 OR BA.2.11 OR BA.2.12 OR BA.2.12.1 OR BA.2.12.2 OR BA.2.13 OR BA.2.14 OR BA.2.15 OR BA.2.16 OR BA.2.17 OR BA.2.18 OR BA.2.19 OR BA.2.20 OR BA.2.21 OR BA.2.22 OR BA.2.23 OR BA.2.23.1 OR BA.2.24 OR BA.2.25 OR BA.2.25.1 OR BA.2.26 OR BA.2.27 OR BA.2.28 OR BA.2.29 OR BA.2.30 OR BA.2.31 OR BA.2.32 OR BA.2.33 OR BA.2.34 OR BA.2.35 OR BA.2.36 OR BA.2.37 OR BA.2.38 OR BA.2.39 OR BA.2.40 OR BA.2.40.1 OR BA.2.41 OR BA.2.42 OR BA.2.43 OR BA.2.44 OR BA.2.45 OR BA.2.46 OR BA.2.47 OR BA.2.48 OR BA.2.49 OR BA.2.50 OR BA.2.51 OR BA.2.52 OR BA.2.53 OR BA.2.54 OR BA.2.55 OR BA.2.56 OR BA.2.56.1 OR BA.2.57 OR BA.2.58 OR BA.2.59 OR BA.2.60 OR BA.2.61 OR BA.2.62 OR BA.2.63 OR BA.2.64 OR BA.2.65 OR BA.2.66 OR BA.2.67 OR BA.2.68 OR BA.2.69 OR BA.2.70 OR BA.2.71 OR BA.2.72 OR BA.2.73 OR BA.2.74 OR BA.2.75 OR BA.3 OR BA.3.1 OR BA.4 OR BA.4.1 OR BA.4.1.1 OR BA.4.1.2 OR BA.5 OR BA.5.1 OR BA.5.1.1 OR BA.5.2 OR BA.5.2.1 OR BA.5.2.2 OR BA.5.2.3 OR BA.5.3 OR BA.5.3.1 OR BA.5.3.2 OR BA.5.3.3 OR BA.5.3.4 OR BA.5.4 OR BA.5.5 OR BA.5.6 OR BC.1 OR BC.2 OR BD.1 OR BE.1 OR BE.1.1 OR BE.2 OR BF.1 OR BF.1.1,Omicron,720.357142857143,582.714285714286,0.80892414476946
2022-01-23,536,496,775.285714285714,702.428571428572,0.906025428413488,0.883728798299048,0.924860793117913,B.1.1.529 OR BA.1 OR BA.1.1 OR BA.1.1.1 OR BA.1.1.2 OR BA.1.1.3 OR BA.1.1.4 OR BA.1.1.5 OR BA.1.1.6 OR BA.1.1.7 OR BA.1.1.8 OR BA.1.1.9 OR BA.1.1.10 OR BA.1.1.11 OR BA.1.1.12 OR BA.1.1.13 OR BA.1.1.14 OR BA.1.1.15 OR BA.1.1.16 OR BA.1.1.17 OR BA.1.1.18 OR BA.1.2 OR BA.1.3 OR BA.1.4 OR BA.1.5 OR BA.1.6 OR BA.1.7 OR BA.1.8 OR BA.1.9 OR BA.1.10 OR BA.1.11 OR BA.1.12 OR BA.1.13 OR BA.1.13.1 OR BA.1.14 OR BA.1.14.1 OR BA.1.14.2 OR BA.1.15 OR BA.1.15.1 OR BA.1.15.2 OR BA.1.15.3 OR BA.1.16 OR BA.1.16.1 OR BA.1.16.2 OR BA.1.17 OR BA.1.17.1 OR BA.1.17.2 OR BA.1.18 OR BA.1.19 OR BA.1.20 OR BA.1.21 OR BA.1.21.1 OR BA.1.22 OR BA.1.23 OR BA.1.24 OR BA.2 OR BA.2.1 OR BA.2.2 OR BA.2.2.1 OR BA.2.3 OR BA.2.3.1 OR BA.2.3.2 OR BA.2.3.3 OR BA.2.3.4 OR BA.2.3.5 OR BA.2.3.6 OR BA.2.3.7 OR BA.2.3.8 OR BA.2.3.9 OR BA.2.3.10 OR BA.2.3.11 OR BA.2.3.12 OR BA.2.3.13 OR BA.2.3.14 OR BA.2.3.15 OR BA.2.3.16 OR BA.2.3.17 OR BA.2.3.18 OR BA.2.4 OR BA.2.5 OR BA.2.6 OR BA.2.7 OR BA.2.8 OR BA.2.9 OR BA.2.9.1 OR BA.2.9.2 OR BA.2.9.3 OR BA.2.9.4 OR BA.2.10 OR BA.2.10.1 OR BA.2.10.2 OR BA.2.10.3 OR BA.2.11 OR BA.2.12 OR BA.2.12.1 OR BA.2.12.2 OR BA.2.13 OR BA.2.14 OR BA.2.15 OR BA.2.16 OR BA.2.17 OR BA.2.18 OR BA.2.19 OR BA.2.20 OR BA.2.21 OR BA.2.22 OR BA.2.23 OR BA.2.23.1 OR BA.2.24 OR BA.2.25 OR BA.2.25.1 OR BA.2.26 OR BA.2.27 OR BA.2.28 OR BA.2.29 OR BA.2.30 OR BA.2.31 OR BA.2.32 OR BA.2.33 OR BA.2.34 OR BA.2.35 OR BA.2.36 OR BA.2.37 OR BA.2.38 OR BA.2.39 OR BA.2.40 OR BA.2.40.1 OR BA.2.41 OR BA.2.42 OR BA.2.43 OR BA.2.44 OR BA.2.45 OR BA.2.46 OR BA.2.47 OR BA.2.48 OR BA.2.49 OR BA.2.50 OR BA.2.51 OR BA.2.52 OR BA.2.53 OR BA.2.54 OR BA.2.55 OR BA.2.56 OR BA.2.56.1 OR BA.2.57 OR BA.2.58 OR BA.2.59 OR BA.2.60 OR BA.2.61 OR BA.2.62 OR BA.2.63 OR BA.2.64 OR BA.2.65 OR BA.2.66 OR BA.2.67 OR BA.2.68 OR BA.2.69 OR BA.2.70 OR BA.2.71 OR BA.2.72 OR BA.2.73 OR BA.2.74 OR BA.2.75 OR BA.3 OR BA.3.1 OR BA.4 OR BA.4.1 OR BA.4.1.1 OR BA.4.1.2 OR BA.5 OR BA.5.1 OR BA.5.1.1 OR BA.5.2 OR BA.5.2.1 OR BA.5.2.2 OR BA.5.2.3 OR BA.5.3 OR BA.5.3.1 OR BA.5.3.2 OR BA.5.3.3 OR BA.5.3.4 OR BA.5.4 OR BA.5.5 OR BA.5.6 OR BC.1 OR BC.2 OR BD.1 OR BE.1 OR BE.1.1 OR BE.2 OR BF.1 OR BF.1.1,Omicron,729.571428571429,602.071428571429,0.825239866849423
2022-01-24,957,895,771,713,0.924773022049287,0.904553671748572,0.941811894776096,B.1.1.529 OR BA.1 OR BA.1.1 OR BA.1.1.1 OR BA.1.1.2 OR BA.1.1.3 OR BA.1.1.4 OR BA.1.1.5 OR BA.1.1.6 OR BA.1.1.7 OR BA.1.1.8 OR BA.1.1.9 OR BA.1.1.10 OR BA.1.1.11 OR BA.1.1.12 OR BA.1.1.13 OR BA.1.1.14 OR BA.1.1.15 OR BA.1.1.16 OR BA.1.1.17 OR BA.1.1.18 OR BA.1.2 OR BA.1.3 OR BA.1.4 OR BA.1.5 OR BA.1.6 OR BA.1.7 OR BA.1.8 OR BA.1.9 OR BA.1.10 OR BA.1.11 OR BA.1.12 OR BA.1.13 OR BA.1.13.1 OR BA.1.14 OR BA.1.14.1 OR BA.1.14.2 OR BA.1.15 OR BA.1.15.1 OR BA.1.15.2 OR BA.1.15.3 OR BA.1.16 OR BA.1.16.1 OR BA.1.16.2 OR BA.1.17 OR BA.1.17.1 OR BA.1.17.2 OR BA.1.18 OR BA.1.19 OR BA.1.20 OR BA.1.21 OR BA.1.21.1 OR BA.1.22 OR BA.1.23 OR BA.1.24 OR BA.2 OR BA.2.1 OR BA.2.2 OR BA.2.2.1 OR BA.2.3 OR BA.2.3.1 OR BA.2.3.2 OR BA.2.3.3 OR BA.2.3.4 OR BA.2.3.5 OR BA.2.3.6 OR BA.2.3.7 OR BA.2.3.8 OR BA.2.3.9 OR BA.2.3.10 OR BA.2.3.11 OR BA.2.3.12 OR BA.2.3.13 OR BA.2.3.14 OR BA.2.3.15 OR BA.2.3.16 OR BA.2.3.17 OR BA.2.3.18 OR BA.2.4 OR BA.2.5 OR BA.2.6 OR BA.2.7 OR BA.2.8 OR BA.2.9 OR BA.2.9.1 OR BA.2.9.2 OR BA.2.9.3 OR BA.2.9.4 OR BA.2.10 OR BA.2.10.1 OR BA.2.10.2 OR BA.2.10.3 OR BA.2.11 OR BA.2.12 OR BA.2.12.1 OR BA.2.12.2 OR BA.2.13 OR BA.2.14 OR BA.2.15 OR BA.2.16 OR BA.2.17 OR BA.2.18 OR BA.2.19 OR BA.2.20 OR BA.2.21 OR BA.2.22 OR BA.2.23 OR BA.2.23.1 OR BA.2.24 OR BA.2.25 OR BA.2.25.1 OR BA.2.26 OR BA.2.27 OR BA.2.28 OR BA.2.29 OR BA.2.30 OR BA.2.31 OR BA.2.32 OR BA.2.33 OR BA.2.34 OR BA.2.35 OR BA.2.36 OR BA.2.37 OR BA.2.38 OR BA.2.39 OR BA.2.40 OR BA.2.40.1 OR BA.2.41 OR BA.2.42 OR BA.2.43 OR BA.2.44 OR BA.2.45 OR BA.2.46 OR BA.2.47 OR BA.2.48 OR BA.2.49 OR BA.2.50 OR BA.2.51 OR BA.2.52 OR BA.2.53 OR BA.2.54 OR BA.2.55 OR BA.2.56 OR BA.2.56.1 OR BA.2.57 OR BA.2.58 OR BA.2.59 OR BA.2.60 OR BA.2.61 OR BA.2.62 OR BA.2.63 OR BA.2.64 OR BA.2.65 OR BA.2.66 OR BA.2.67 OR BA.2.68 OR BA.2.69 OR BA.2.70 OR BA.2.71 OR BA.2.72 OR BA.2.73 OR BA.2.74 OR BA.2.75 OR BA.3 OR BA.3.1 OR BA.4 OR BA.4.1 OR BA.4.1.1 OR BA.4.1.2 OR BA.5 OR BA.5.1 OR BA.5.1.1 OR BA.5.2 OR BA.5.2.1 OR BA.5.2.2 OR BA.5.2.3 OR BA.5.3 OR BA.5.3.1 OR BA.5.3.2 OR BA.5.3.3 OR BA.5.3.4 OR BA.5.4 OR BA.5.5 OR BA.5.6 OR BC.1 OR BC.2 OR BD.1 OR BE.1 OR BE.1.1 OR BE.2 OR BF.1 OR BF.1.1,Omicron,738.714285714286,631,0.85418681106169
2022-01-25,1122,1070,804.142857142857,755.714285714286,0.939776159175697,0.922319497659492,0.955116386624677,B.1.1.529 OR BA.1 OR BA.1.1 OR BA.1.1.1 OR BA.1.1.2 OR BA.1.1.3 OR BA.1.1.4 OR BA.1.1.5 OR BA.1.1.6 OR BA.1.1.7 OR BA.1.1.8 OR BA.1.1.9 OR BA.1.1.10 OR BA.1.1.11 OR BA.1.1.12 OR BA.1.1.13 OR BA.1.1.14 OR BA.1.1.15 OR BA.1.1.16 OR BA.1.1.17 OR BA.1.1.18 OR BA.1.2 OR BA.1.3 OR BA.1.4 OR BA.1.5 OR BA.1.6 OR BA.1.7 OR BA.1.8 OR BA.1.9 OR BA.1.10 OR BA.1.11 OR BA.1.12 OR BA.1.13 OR BA.1.13.1 OR BA.1.14 OR BA.1.14.1 OR BA.1.14.2 OR BA.1.15 OR BA.1.15.1 OR BA.1.15.2 OR BA.1.15.3 OR BA.1.16 OR BA.1.16.1 OR BA.1.16.2 OR BA.1.17 OR BA.1.17.1 OR BA.1.17.2 OR BA.1.18 OR BA.1.19 OR BA.1.20 OR BA.1.21 OR BA.1.21.1 OR BA.1.22 OR BA.1.23 OR BA.1.24 OR BA.2 OR BA.2.1 OR BA.2.2 OR BA.2.2.1 OR BA.2.3 OR BA.2.3.1 OR BA.2.3.2 OR BA.2.3.3 OR BA.2.3.4 OR BA.2.3.5 OR BA.2.3.6 OR BA.2.3.7 OR BA.2.3.8 OR BA.2.3.9 OR BA.2.3.10 OR BA.2.3.11 OR BA.2.3.12 OR BA.2.3.13 OR BA.2.3.14 OR BA.2.3.15 OR BA.2.3.16 OR BA.2.3.17 OR BA.2.3.18 OR BA.2.4 OR BA.2.5 OR BA.2.6 OR BA.2.7 OR BA.2.8 OR BA.2.9 OR BA.2.9.1 OR BA.2.9.2 OR BA.2.9.3 OR BA.2.9.4 OR BA.2.10 OR BA.2.10.1 OR BA.2.10.2 OR BA.2.10.3 OR BA.2.11 OR BA.2.12 OR BA.2.12.1 OR BA.2.12.2 OR BA.2.13 OR BA.2.14 OR BA.2.15 OR BA.2.16 OR BA.2.17 OR BA.2.18 OR BA.2.19 OR BA.2.20 OR BA.2.21 OR BA.2.22 OR BA.2.23 OR BA.2.23.1 OR BA.2.24 OR BA.2.25 OR BA.2.25.1 OR BA.2.26 OR BA.2.27 OR BA.2.28 OR BA.2.29 OR BA.2.30 OR BA.2.31 OR BA.2.32 OR BA.2.33 OR BA.2.34 OR BA.2.35 OR BA.2.36 OR BA.2.37 OR BA.2.38 OR BA.2.39 OR BA.2.40 OR BA.2.40.1 OR BA.2.41 OR BA.2.42 OR BA.2.43 OR BA.2.44 OR BA.2.45 OR BA.2.46 OR BA.2.47 OR BA.2.48 OR BA.2.49 OR BA.2.50 OR BA.2.51 OR BA.2.52 OR BA.2.53 OR BA.2.54 OR BA.2.55 OR BA.2.56 OR BA.2.56.1 OR BA.2.57 OR BA.2.58 OR BA.2.59 OR BA.2.60 OR BA.2.61 OR BA.2.62 OR BA.2.63 OR BA.2.64 OR BA.2.65 OR BA.2.66 OR BA.2.67 OR BA.2.68 OR BA.2.69 OR BA.2.70 OR BA.2.71 OR BA.2.72 OR BA.2.73 OR BA.2.74 OR BA.2.75 OR BA.3 OR BA.3.1 OR BA.4 OR BA.4.1 OR BA.4.1.1 OR BA.4.1.2 OR BA.5 OR BA.5.1 OR BA.5.1.1 OR BA.5.2 OR BA.5.2.1 OR BA.5.2.2 OR BA.5.2.3 OR BA.5.3 OR BA.5.3.1 OR BA.5.3.2 OR BA.5.3.3 OR BA.5.3.4 OR BA.5.4 OR BA.5.5 OR BA.5.6 OR BC.1 OR BC.2 OR BD.1 OR BE.1 OR BE.1.1 OR BE.2 OR BF.1 OR BF.1.1,Omicron,765.714285714286,670.071428571429,0.87509328358209
2022-01-26,933,885,821.285714285714,773.714285714286,0.942076882936163,0.925282968691757,0.957109527947287,B.1.1.529 OR BA.1 OR BA.1.1 OR BA.1.1.1 OR BA.1.1.2 OR BA.1.1.3 OR BA.1.1.4 OR BA.1.1.5 OR BA.1.1.6 OR BA.1.1.7 OR BA.1.1.8 OR BA.1.1.9 OR BA.1.1.10 OR BA.1.1.11 OR BA.1.1.12 OR BA.1.1.13 OR BA.1.1.14 OR BA.1.1.15 OR BA.1.1.16 OR BA.1.1.17 OR BA.1.1.18 OR BA.1.2 OR BA.1.3 OR BA.1.4 OR BA.1.5 OR BA.1.6 OR BA.1.7 OR BA.1.8 OR BA.1.9 OR BA.1.10 OR BA.1.11 OR BA.1.12 OR BA.1.13 OR BA.1.13.1 OR BA.1.14 OR BA.1.14.1 OR BA.1.14.2 OR BA.1.15 OR BA.1.15.1 OR BA.1.15.2 OR BA.1.15.3 OR BA.1.16 OR BA.1.16.1 OR BA.1.16.2 OR BA.1.17 OR BA.1.17.1 OR BA.1.17.2 OR BA.1.18 OR BA.1.19 OR BA.1.20 OR BA.1.21 OR BA.1.21.1 OR BA.1.22 OR BA.1.23 OR BA.1.24 OR BA.2 OR BA.2.1 OR BA.2.2 OR BA.2.2.1 OR BA.2.3 OR BA.2.3.1 OR BA.2.3.2 OR BA.2.3.3 OR BA.2.3.4 OR BA.2.3.5 OR BA.2.3.6 OR BA.2.3.7 OR BA.2.3.8 OR BA.2.3.9 OR BA.2.3.10 OR BA.2.3.11 OR BA.2.3.12 OR BA.2.3.13 OR BA.2.3.14 OR BA.2.3.15 OR BA.2.3.16 OR BA.2.3.17 OR BA.2.3.18 OR BA.2.4 OR BA.2.5 OR BA.2.6 OR BA.2.7 OR BA.2.8 OR BA.2.9 OR BA.2.9.1 OR BA.2.9.2 OR BA.2.9.3 OR BA.2.9.4 OR BA.2.10 OR BA.2.10.1 OR BA.2.10.2 OR BA.2.10.3 OR BA.2.11 OR BA.2.12 OR BA.2.12.1 OR BA.2.12.2 OR BA.2.13 OR BA.2.14 OR BA.2.15 OR BA.2.16 OR BA.2.17 OR BA.2.18 OR BA.2.19 OR BA.2.20 OR BA.2.21 OR BA.2.22 OR BA.2.23 OR BA.2.23.1 OR BA.2.24 OR BA.2.25 OR BA.2.25.1 OR BA.2.26 OR BA.2.27 OR BA.2.28 OR BA.2.29 OR BA.2.30 OR BA.2.31 OR BA.2.32 OR BA.2.33 OR BA.2.34 OR BA.2.35 OR BA.2.36 OR BA.2.37 OR BA.2.38 OR BA.2.39 OR BA.2.40 OR BA.2.40.1 OR BA.2.41 OR BA.2.42 OR BA.2.43 OR BA.2.44 OR BA.2.45 OR BA.2.46 OR BA.2.47 OR BA.2.48 OR BA.2.49 OR BA.2.50 OR BA.2.51 OR BA.2.52 OR BA.2.53 OR BA.2.54 OR BA.2.55 OR BA.2.56 OR BA.2.56.1 OR BA.2.57 OR BA.2.58 OR BA.2.59 OR BA.2.60 OR BA.2.61 OR BA.2.62 OR BA.2.63 OR BA.2.64 OR BA.2.65 OR BA.2.66 OR BA.2.67 OR BA.2.68 OR BA.2.69 OR BA.2.70 OR BA.2.71 OR BA.2.72 OR BA.2.73 OR BA.2.74 OR BA.2.75 OR BA.3 OR BA.3.1 OR BA.4 OR BA.4.1 OR BA.4.1.1 OR BA.4.1.2 OR BA.5 OR BA.5.1 OR BA.5.1.1 OR BA.5.2 OR BA.5.2.1 OR BA.5.2.2 OR BA.5.2.3 OR BA.5.3 OR BA.5.3.1 OR BA.5.3.2 OR BA.5.3.3 OR BA.5.3.4 OR BA.5.4 OR BA.5.5 OR BA.5.6 OR BC.1 OR BC.2 OR BD.1 OR BE.1 OR BE.1.1 OR BE.2 OR BF.1 OR BF.1.1,Omicron,769.142857142857,687.857142857143,0.894316493313522
2022-01-27,826,796,826.857142857143,781.857142857143,0.945577055977885,0.92854755864183,0.959515273541628,B.1.1.529 OR BA.1 OR BA.1.1 OR BA.1.1.1 OR BA.1.1.2 OR BA.1.1.3 OR BA.1.1.4 OR BA.1.1.5 OR BA.1.1.6 OR BA.1.1.7 OR BA.1.1.8 OR BA.1.1.9 OR BA.1.1.10 OR BA.1.1.11 OR BA.1.1.12 OR BA.1.1.13 OR BA.1.1.14 OR BA.1.1.15 OR BA.1.1.16 OR BA.1.1.17 OR BA.1.1.18 OR BA.1.2 OR BA.1.3 OR BA.1.4 OR BA.1.5 OR BA.1.6 OR BA.1.7 OR BA.1.8 OR BA.1.9 OR BA.1.10 OR BA.1.11 OR BA.1.12 OR BA.1.13 OR BA.1.13.1 OR BA.1.14 OR BA.1.14.1 OR BA.1.14.2 OR BA.1.15 OR BA.1.15.1 OR BA.1.15.2 OR BA.1.15.3 OR BA.1.16 OR BA.1.16.1 OR BA.1.16.2 OR BA.1.17 OR BA.1.17.1 OR BA.1.17.2 OR BA.1.18 OR BA.1.19 OR BA.1.20 OR BA.1.21 OR BA.1.21.1 OR BA.1.22 OR BA.1.23 OR BA.1.24 OR BA.2 OR BA.2.1 OR BA.2.2 OR BA.2.2.1 OR BA.2.3 OR BA.2.3.1 OR BA.2.3.2 OR BA.2.3.3 OR BA.2.3.4 OR BA.2.3.5 OR BA.2.3.6 OR BA.2.3.7 OR BA.2.3.8 OR BA.2.3.9 OR BA.2.3.10 OR BA.2.3.11 OR BA.2.3.12 OR BA.2.3.13 OR BA.2.3.14 OR BA.2.3.15 OR BA.2.3.16 OR BA.2.3.17 OR BA.2.3.18 OR BA.2.4 OR BA.2.5 OR BA.2.6 OR BA.2.7 OR BA.2.8 OR BA.2.9 OR BA.2.9.1 OR BA.2.9.2 OR BA.2.9.3 OR BA.2.9.4 OR BA.2.10 OR BA.2.10.1 OR BA.2.10.2 OR BA.2.10.3 OR BA.2.11 OR BA.2.12 OR BA.2.12.1 OR BA.2.12.2 OR BA.2.13 OR BA.2.14 OR BA.2.15 OR BA.2.16 OR BA.2.17 OR BA.2.18 OR BA.2.19 OR BA.2.20 OR BA.2.21 OR BA.2.22 OR BA.2.23 OR BA.2.23.1 OR BA.2.24 OR BA.2.25 OR BA.2.25.1 OR BA.2.26 OR BA.2.27 OR BA.2.28 OR BA.2.29 OR BA.2.30 OR BA.2.31 OR BA.2.32 OR BA.2.33 OR BA.2.34 OR BA.2.35 OR BA.2.36 OR BA.2.37 OR BA.2.38 OR BA.2.39 OR BA.2.40 OR BA.2.40.1 OR BA.2.41 OR BA.2.42 OR BA.2.43 OR BA.2.44 OR BA.2.45 OR BA.2.46 OR BA.2.47 OR BA.2.48 OR BA.2.49 OR BA.2.50 OR BA.2.51 OR BA.2.52 OR BA.2.53 OR BA.2.54 OR BA.2.55 OR BA.2.56 OR BA.2.56.1 OR BA.2.57 OR BA.2.58 OR BA.2.59 OR BA.2.60 OR BA.2.61 OR BA.2.62 OR BA.2.63 OR BA.2.64 OR BA.2.65 OR BA.2.66 OR BA.2.67 OR BA.2.68 OR BA.2.69 OR BA.2.70 OR BA.2.71 OR BA.2.72 OR BA.2.73 OR BA.2.74 OR BA.2.75 OR BA.3 OR BA.3.1 OR BA.4 OR BA.4.1 OR BA.4.1.1 OR BA.4.1.2 OR BA.5 OR BA.5.1 OR BA.5.1.1 OR BA.5.2 OR BA.5.2.1 OR BA.5.2.2 OR BA.5.2.3 OR BA.5.3 OR BA.5.3.1 OR BA.5.3.2 OR BA.5.3.3 OR BA.5.3.4 OR BA.5.4 OR BA.5.5 OR BA.5.6 OR BC.1 OR BC.2 OR BD.1 OR BE.1 OR BE.1.1 OR BE.2 OR BF.1 OR BF.1.1,Omicron,782.571428571429,708.285714285714,0.905074844833881
2022-01-28,708,670,820.571428571429,777.428571428572,0.947423398328691,0.929407127441835,0.960268050802702,B.1.1.529 OR BA.1 OR BA.1.1 OR BA.1.1.1 OR BA.1.1.2 OR BA.1.1.3 OR BA.1.1.4 OR BA.1.1.5 OR BA.1.1.6 OR BA.1.1.7 OR BA.1.1.8 OR BA.1.1.9 OR BA.1.1.10 OR BA.1.1.11 OR BA.1.1.12 OR BA.1.1.13 OR BA.1.1.14 OR BA.1.1.15 OR BA.1.1.16 OR BA.1.1.17 OR BA.1.1.18 OR BA.1.2 OR BA.1.3 OR BA.1.4 OR BA.1.5 OR BA.1.6 OR BA.1.7 OR BA.1.8 OR BA.1.9 OR BA.1.10 OR BA.1.11 OR BA.1.12 OR BA.1.13 OR BA.1.13.1 OR BA.1.14 OR BA.1.14.1 OR BA.1.14.2 OR BA.1.15 OR BA.1.15.1 OR BA.1.15.2 OR BA.1.15.3 OR BA.1.16 OR BA.1.16.1 OR BA.1.16.2 OR BA.1.17 OR BA.1.17.1 OR BA.1.17.2 OR BA.1.18 OR BA.1.19 OR BA.1.20 OR BA.1.21 OR BA.1.21.1 OR BA.1.22 OR BA.1.23 OR BA.1.24 OR BA.2 OR BA.2.1 OR BA.2.2 OR BA.2.2.1 OR BA.2.3 OR BA.2.3.1 OR BA.2.3.2 OR BA.2.3.3 OR BA.2.3.4 OR BA.2.3.5 OR BA.2.3.6 OR BA.2.3.7 OR BA.2.3.8 OR BA.2.3.9 OR BA.2.3.10 OR BA.2.3.11 OR BA.2.3.12 OR BA.2.3.13 OR BA.2.3.14 OR BA.2.3.15 OR BA.2.3.16 OR BA.2.3.17 OR BA.2.3.18 OR BA.2.4 OR BA.2.5 OR BA.2.6 OR BA.2.7 OR BA.2.8 OR BA.2.9 OR BA.2.9.1 OR BA.2.9.2 OR BA.2.9.3 OR BA.2.9.4 OR BA.2.10 OR BA.2.10.1 OR BA.2.10.2 OR BA.2.10.3 OR BA.2.11 OR BA.2.12 OR BA.2.12.1 OR BA.2.12.2 OR BA.2.13 OR BA.2.14 OR BA.2.15 OR BA.2.16 OR BA.2.17 OR BA.2.18 OR BA.2.19 OR BA.2.20 OR BA.2.21 OR BA.2.22 OR BA.2.23 OR BA.2.23.1 OR BA.2.24 OR BA.2.25 OR BA.2.25.1 OR BA.2.26 OR BA.2.27 OR BA.2.28 OR BA.2.29 OR BA.2.30 OR BA.2.31 OR BA.2.32 OR BA.2.33 OR BA.2.34 OR BA.2.35 OR BA.2.36 OR BA.2.37 OR BA.2.38 OR BA.2.39 OR BA.2.40 OR BA.2.40.1 OR BA.2.41 OR BA.2.42 OR BA.2.43 OR BA.2.44 OR BA.2.45 OR BA.2.46 OR BA.2.47 OR BA.2.48 OR BA.2.49 OR BA.2.50 OR BA.2.51 OR BA.2.52 OR BA.2.53 OR BA.2.54 OR BA.2.55 OR BA.2.56 OR BA.2.56.1 OR BA.2.57 OR BA.2.58 OR BA.2.59 OR BA.2.60 OR BA.2.61 OR BA.2.62 OR BA.2.63 OR BA.2.64 OR BA.2.65 OR BA.2.66 OR BA.2.67 OR BA.2.68 OR BA.2.69 OR BA.2.70 OR BA.2.71 OR BA.2.72 OR BA.2.73 OR BA.2.74 OR BA.2.75 OR BA.3 OR BA.3.1 OR BA.4 OR BA.4.1 OR BA.4.1.1 OR BA.4.1.2 OR BA.5 OR BA.5.1 OR BA.5.1.1 OR BA.5.2 OR BA.5.2.1 OR BA.5.2.2 OR BA.5.2.3 OR BA.5.3 OR BA.5.3.1 OR BA.5.3.2 OR BA.5.3.3 OR BA.5.3.4 OR BA.5.4 OR BA.5.5 OR BA.5.6 OR BC.1 OR BC.2 OR BD.1 OR BE.1 OR BE.1.1 OR BE.2 OR BF.1 OR BF.1.1,Omicron,783.785714285714,716.5,0.914152920805614
2022-01-29,589,561,810.142857142857,767.571428571429,0.947451948509963,0.931254796369354,0.961848246053707,B.1.1.529 OR BA.1 OR BA.1.1 OR BA.1.1.1 OR BA.1.1.2 OR BA.1.1.3 OR BA.1.1.4 OR BA.1.1.5 OR BA.1.1.6 OR BA.1.1.7 OR BA.1.1.8 OR BA.1.1.9 OR BA.1.1.10 OR BA.1.1.11 OR BA.1.1.12 OR BA.1.1.13 OR BA.1.1.14 OR BA.1.1.15 OR BA.1.1.16 OR BA.1.1.17 OR BA.1.1.18 OR BA.1.2 OR BA.1.3 OR BA.1.4 OR BA.1.5 OR BA.1.6 OR BA.1.7 OR BA.1.8 OR BA.1.9 OR BA.1.10 OR BA.1.11 OR BA.1.12 OR BA.1.13 OR BA.1.13.1 OR BA.1.14 OR BA.1.14.1 OR BA.1.14.2 OR BA.1.15 OR BA.1.15.1 OR BA.1.15.2 OR BA.1.15.3 OR BA.1.16 OR BA.1.16.1 OR BA.1.16.2 OR BA.1.17 OR BA.1.17.1 OR BA.1.17.2 OR BA.1.18 OR BA.1.19 OR BA.1.20 OR BA.1.21 OR BA.1.21.1 OR BA.1.22 OR BA.1.23 OR BA.1.24 OR BA.2 OR BA.2.1 OR BA.2.2 OR BA.2.2.1 OR BA.2.3 OR BA.2.3.1 OR BA.2.3.2 OR BA.2.3.3 OR BA.2.3.4 OR BA.2.3.5 OR BA.2.3.6 OR BA.2.3.7 OR BA.2.3.8 OR BA.2.3.9 OR BA.2.3.10 OR BA.2.3.11 OR BA.2.3.12 OR BA.2.3.13 OR BA.2.3.14 OR BA.2.3.15 OR BA.2.3.16 OR BA.2.3.17 OR BA.2.3.18 OR BA.2.4 OR BA.2.5 OR BA.2.6 OR BA.2.7 OR BA.2.8 OR BA.2.9 OR BA.2.9.1 OR BA.2.9.2 OR BA.2.9.3 OR BA.2.9.4 OR BA.2.10 OR BA.2.10.1 OR BA.2.10.2 OR BA.2.10.3 OR BA.2.11 OR BA.2.12 OR BA.2.12.1 OR BA.2.12.2 OR BA.2.13 OR BA.2.14 OR BA.2.15 OR BA.2.16 OR BA.2.17 OR BA.2.18 OR BA.2.19 OR BA.2.20 OR BA.2.21 OR BA.2.22 OR BA.2.23 OR BA.2.23.1 OR BA.2.24 OR BA.2.25 OR BA.2.25.1 OR BA.2.26 OR BA.2.27 OR BA.2.28 OR BA.2.29 OR BA.2.30 OR BA.2.31 OR BA.2.32 OR BA.2.33 OR BA.2.34 OR BA.2.35 OR BA.2.36 OR BA.2.37 OR BA.2.38 OR BA.2.39 OR BA.2.40 OR BA.2.40.1 OR BA.2.41 OR BA.2.42 OR BA.2.43 OR BA.2.44 OR BA.2.45 OR BA.2.46 OR BA.2.47 OR BA.2.48 OR BA.2.49 OR BA.2.50 OR BA.2.51 OR BA.2.52 OR BA.2.53 OR BA.2.54 OR BA.2.55 OR BA.2.56 OR BA.2.56.1 OR BA.2.57 OR BA.2.58 OR BA.2.59 OR BA.2.60 OR BA.2.61 OR BA.2.62 OR BA.2.63 OR BA.2.64 OR BA.2.65 OR BA.2.66 OR BA.2.67 OR BA.2.68 OR BA.2.69 OR BA.2.70 OR BA.2.71 OR BA.2.72 OR BA.2.73 OR BA.2.74 OR BA.2.75 OR BA.3 OR BA.3.1 OR BA.4 OR BA.4.1 OR BA.4.1.1 OR BA.4.1.2 OR BA.5 OR BA.5.1 OR BA.5.1.1 OR BA.5.2 OR BA.5.2.1 OR BA.5.2.2 OR BA.5.2.3 OR BA.5.3 OR BA.5.3.1 OR BA.5.3.2 OR BA.5.3.3 OR BA.5.3.4 OR BA.5.4 OR BA.5.5 OR BA.5.6 OR BC.1 OR BC.2 OR BD.1 OR BE.1 OR BE.1.1 OR BE.2 OR BF.1 OR BF.1.1,Omicron,783.142857142857,724,0.924480116745713
2022-01-30,430,419,795,756.571428571429,0.951662174303684,0.935698332935042,0.965421751007416,B.1.1.529 OR BA.1 OR BA.1.1 OR BA.1.1.1 OR BA.1.1.2 OR BA.1.1.3 OR BA.1.1.4 OR BA.1.1.5 OR BA.1.1.6 OR BA.1.1.7 OR BA.1.1.8 OR BA.1.1.9 OR BA.1.1.10 OR BA.1.1.11 OR BA.1.1.12 OR BA.1.1.13 OR BA.1.1.14 OR BA.1.1.15 OR BA.1.1.16 OR BA.1.1.17 OR BA.1.1.18 OR BA.1.2 OR BA.1.3 OR BA.1.4 OR BA.1.5 OR BA.1.6 OR BA.1.7 OR BA.1.8 OR BA.1.9 OR BA.1.10 OR BA.1.11 OR BA.1.12 OR BA.1.13 OR BA.1.13.1 OR BA.1.14 OR BA.1.14.1 OR BA.1.14.2 OR BA.1.15 OR BA.1.15.1 OR BA.1.15.2 OR BA.1.15.3 OR BA.1.16 OR BA.1.16.1 OR BA.1.16.2 OR BA.1.17 OR BA.1.17.1 OR BA.1.17.2 OR BA.1.18 OR BA.1.19 OR BA.1.20 OR BA.1.21 OR BA.1.21.1 OR BA.1.22 OR BA.1.23 OR BA.1.24 OR BA.2 OR BA.2.1 OR BA.2.2 OR BA.2.2.1 OR BA.2.3 OR BA.2.3.1 OR BA.2.3.2 OR BA.2.3.3 OR BA.2.3.4 OR BA.2.3.5 OR BA.2.3.6 OR BA.2.3.7 OR BA.2.3.8 OR BA.2.3.9 OR BA.2.3.10 OR BA.2.3.11 OR BA.2.3.12 OR BA.2.3.13 OR BA.2.3.14 OR BA.2.3.15 OR BA.2.3.16 OR BA.2.3.17 OR BA.2.3.18 OR BA.2.4 OR BA.2.5 OR BA.2.6 OR BA.2.7 OR BA.2.8 OR BA.2.9 OR BA.2.9.1 OR BA.2.9.2 OR BA.2.9.3 OR BA.2.9.4 OR BA.2.10 OR BA.2.10.1 OR BA.2.10.2 OR BA.2.10.3 OR BA.2.11 OR BA.2.12 OR BA.2.12.1 OR BA.2.12.2 OR BA.2.13 OR BA.2.14 OR BA.2.15 OR BA.2.16 OR BA.2.17 OR BA.2.18 OR BA.2.19 OR BA.2.20 OR BA.2.21 OR BA.2.22 OR BA.2.23 OR BA.2.23.1 OR BA.2.24 OR BA.2.25 OR BA.2.25.1 OR BA.2.26 OR BA.2.27 OR BA.2.28 OR BA.2.29 OR BA.2.30 OR BA.2.31 OR BA.2.32 OR BA.2.33 OR BA.2.34 OR BA.2.35 OR BA.2.36 OR BA.2.37 OR BA.2.38 OR BA.2.39 OR BA.2.40 OR BA.2.40.1 OR BA.2.41 OR BA.2.42 OR BA.2.43 OR BA.2.44 OR BA.2.45 OR BA.2.46 OR BA.2.47 OR BA.2.48 OR BA.2.49 OR BA.2.50 OR BA.2.51 OR BA.2.52 OR BA.2.53 OR BA.2.54 OR BA.2.55 OR BA.2.56 OR BA.2.56.1 OR BA.2.57 OR BA.2.58 OR BA.2.59 OR BA.2.60 OR BA.2.61 OR BA.2.62 OR BA.2.63 OR BA.2.64 OR BA.2.65 OR BA.2.66 OR BA.2.67 OR BA.2.68 OR BA.2.69 OR BA.2.70 OR BA.2.71 OR BA.2.72 OR BA.2.73 OR BA.2.74 OR BA.2.75 OR BA.3 OR BA.3.1 OR BA.4 OR BA.4.1 OR BA.4.1.1 OR BA.4.1.2 OR BA.5 OR BA.5.1 OR BA.5.1.1 OR BA.5.2 OR BA.5.2.1 OR BA.5.2.2 OR BA.5.2.3 OR BA.5.3 OR BA.5.3.1 OR BA.5.3.2 OR BA.5.3.3 OR BA.5.3.4 OR BA.5.4 OR BA.5.5 OR BA.5.6 OR BC.1 OR BC.2 OR BD.1 OR BE.1 OR BE.1.1 OR BE.2 OR BF.1 OR BF.1.1,Omicron,785.142857142857,729.5,0.929130276564774
2022-01-31,1200,1166,829.714285714286,795.285714285714,0.958505509641873,0.942531689135243,0.96994788677353,B.1.1.529 OR BA.1 OR BA.1.1 OR BA.1.1.1 OR BA.1.1.2 OR BA.1.1.3 OR BA.1.1.4 OR BA.1.1.5 OR BA.1.1.6 OR BA.1.1.7 OR BA.1.1.8 OR BA.1.1.9 OR BA.1.1.10 OR BA.1.1.11 OR BA.1.1.12 OR BA.1.1.13 OR BA.1.1.14 OR BA.1.1.15 OR BA.1.1.16 OR BA.1.1.17 OR BA.1.1.18 OR BA.1.2 OR BA.1.3 OR BA.1.4 OR BA.1.5 OR BA.1.6 OR BA.1.7 OR BA.1.8 OR BA.1.9 OR BA.1.10 OR BA.1.11 OR BA.1.12 OR BA.1.13 OR BA.1.13.1 OR BA.1.14 OR BA.1.14.1 OR BA.1.14.2 OR BA.1.15 OR BA.1.15.1 OR BA.1.15.2 OR BA.1.15.3 OR BA.1.16 OR BA.1.16.1 OR BA.1.16.2 OR BA.1.17 OR BA.1.17.1 OR BA.1.17.2 OR BA.1.18 OR BA.1.19 OR BA.1.20 OR BA.1.21 OR BA.1.21.1 OR BA.1.22 OR BA.1.23 OR BA.1.24 OR BA.2 OR BA.2.1 OR BA.2.2 OR BA.2.2.1 OR BA.2.3 OR BA.2.3.1 OR BA.2.3.2 OR BA.2.3.3 OR BA.2.3.4 OR BA.2.3.5 OR BA.2.3.6 OR BA.2.3.7 OR BA.2.3.8 OR BA.2.3.9 OR BA.2.3.10 OR BA.2.3.11 OR BA.2.3.12 OR BA.2.3.13 OR BA.2.3.14 OR BA.2.3.15 OR BA.2.3.16 OR BA.2.3.17 OR BA.2.3.18 OR BA.2.4 OR BA.2.5 OR BA.2.6 OR BA.2.7 OR BA.2.8 OR BA.2.9 OR BA.2.9.1 OR BA.2.9.2 OR BA.2.9.3 OR BA.2.9.4 OR BA.2.10 OR BA.2.10.1 OR BA.2.10.2 OR BA.2.10.3 OR BA.2.11 OR BA.2.12 OR BA.2.12.1 OR BA.2.12.2 OR BA.2.13 OR BA.2.14 OR BA.2.15 OR BA.2.16 OR BA.2.17 OR BA.2.18 OR BA.2.19 OR BA.2.20 OR BA.2.21 OR BA.2.22 OR BA.2.23 OR BA.2.23.1 OR BA.2.24 OR BA.2.25 OR BA.2.25.1 OR BA.2.26 OR BA.2.27 OR BA.2.28 OR BA.2.29 OR BA.2.30 OR BA.2.31 OR BA.2.32 OR BA.2.33 OR BA.2.34 OR BA.2.35 OR BA.2.36 OR BA.2.37 OR BA.2.38 OR BA.2.39 OR BA.2.40 OR BA.2.40.1 OR BA.2.41 OR BA.2.42 OR BA.2.43 OR BA.2.44 OR BA.2.45 OR BA.2.46 OR BA.2.47 OR BA.2.48 OR BA.2.49 OR BA.2.50 OR BA.2.51 OR BA.2.52 OR BA.2.53 OR BA.2.54 OR BA.2.55 OR BA.2.56 OR BA.2.56.1 OR BA.2.57 OR BA.2.58 OR BA.2.59 OR BA.2.60 OR BA.2.61 OR BA.2.62 OR BA.2.63 OR BA.2.64 OR BA.2.65 OR BA.2.66 OR BA.2.67 OR BA.2.68 OR BA.2.69 OR BA.2.70 OR BA.2.71 OR BA.2.72 OR BA.2.73 OR BA.2.74 OR BA.2.75 OR BA.3 OR BA.3.1 OR BA.4 OR BA.4.1 OR BA.4.1.1 OR BA.4.1.2 OR BA.5 OR BA.5.1 OR BA.5.1.1 OR BA.5.2 OR BA.5.2.1 OR BA.5.2.2 OR BA.5.2.3 OR BA.5.3 OR BA.5.3.1 OR BA.5.3.2 OR BA.5.3.3 OR BA.5.3.4 OR BA.5.4 OR BA.5.5 OR BA.5.6 OR BC.1 OR BC.2 OR BD.1 OR BE.1 OR BE.1.1 OR BE.2 OR BF.1 OR BF.1.1,Omicron,800.357142857143,754.142857142857,0.942257920571173
2022-02-01,1003,959,812.714285714286,779.428571428571,0.959043768676393,0.942756490380702,0.970350816625651,B.1.1.529 OR BA.1 OR BA.1.1 OR BA.1.1.1 OR BA.1.1.2 OR BA.1.1.3 OR BA.1.1.4 OR BA.1.1.5 OR BA.1.1.6 OR BA.1.1.7 OR BA.1.1.8 OR BA.1.1.9 OR BA.1.1.10 OR BA.1.1.11 OR BA.1.1.12 OR BA.1.1.13 OR BA.1.1.14 OR BA.1.1.15 OR BA.1.1.16 OR BA.1.1.17 OR BA.1.1.18 OR BA.1.2 OR BA.1.3 OR BA.1.4 OR BA.1.5 OR BA.1.6 OR BA.1.7 OR BA.1.8 OR BA.1.9 OR BA.1.10 OR BA.1.11 OR BA.1.12 OR BA.1.13 OR BA.1.13.1 OR BA.1.14 OR BA.1.14.1 OR BA.1.14.2 OR BA.1.15 OR BA.1.15.1 OR BA.1.15.2 OR BA.1.15.3 OR BA.1.16 OR BA.1.16.1 OR BA.1.16.2 OR BA.1.17 OR BA.1.17.1 OR BA.1.17.2 OR BA.1.18 OR BA.1.19 OR BA.1.20 OR BA.1.21 OR BA.1.21.1 OR BA.1.22 OR BA.1.23 OR BA.1.24 OR BA.2 OR BA.2.1 OR BA.2.2 OR BA.2.2.1 OR BA.2.3 OR BA.2.3.1 OR BA.2.3.2 OR BA.2.3.3 OR BA.2.3.4 OR BA.2.3.5 OR BA.2.3.6 OR BA.2.3.7 OR BA.2.3.8 OR BA.2.3.9 OR BA.2.3.10 OR BA.2.3.11 OR BA.2.3.12 OR BA.2.3.13 OR BA.2.3.14 OR BA.2.3.15 OR BA.2.3.16 OR BA.2.3.17 OR BA.2.3.18 OR BA.2.4 OR BA.2.5 OR BA.2.6 OR BA.2.7 OR BA.2.8 OR BA.2.9 OR BA.2.9.1 OR BA.2.9.2 OR BA.2.9.3 OR BA.2.9.4 OR BA.2.10 OR BA.2.10.1 OR BA.2.10.2 OR BA.2.10.3 OR BA.2.11 OR BA.2.12 OR BA.2.12.1 OR BA.2.12.2 OR BA.2.13 OR BA.2.14 OR BA.2.15 OR BA.2.16 OR BA.2.17 OR BA.2.18 OR BA.2.19 OR BA.2.20 OR BA.2.21 OR BA.2.22 OR BA.2.23 OR BA.2.23.1 OR BA.2.24 OR BA.2.25 OR BA.2.25.1 OR BA.2.26 OR BA.2.27 OR BA.2.28 OR BA.2.29 OR BA.2.30 OR BA.2.31 OR BA.2.32 OR BA.2.33 OR BA.2.34 OR BA.2.35 OR BA.2.36 OR BA.2.37 OR BA.2.38 OR BA.2.39 OR BA.2.40 OR BA.2.40.1 OR BA.2.41 OR BA.2.42 OR BA.2.43 OR BA.2.44 OR BA.2.45 OR BA.2.46 OR BA.2.47 OR BA.2.48 OR BA.2.49 OR BA.2.50 OR BA.2.51 OR BA.2.52 OR BA.2.53 OR BA.2.54 OR BA.2.55 OR BA.2.56 OR BA.2.56.1 OR BA.2.57 OR BA.2.58 OR BA.2.59 OR BA.2.60 OR BA.2.61 OR BA.2.62 OR BA.2.63 OR BA.2.64 OR BA.2.65 OR BA.2.66 OR BA.2.67 OR BA.2.68 OR BA.2.69 OR BA.2.70 OR BA.2.71 OR BA.2.72 OR BA.2.73 OR BA.2.74 OR BA.2.75 OR BA.3 OR BA.3.1 OR BA.4 OR BA.4.1 OR BA.4.1.1 OR BA.4.1.2 OR BA.5 OR BA.5.1 OR BA.5.1.1 OR BA.5.2 OR BA.5.2.1 OR BA.5.2.2 OR BA.5.2.3 OR BA.5.3 OR BA.5.3.1 OR BA.5.3.2 OR BA.5.3.3 OR BA.5.3.4 OR BA.5.4 OR BA.5.5 OR BA.5.6 OR BC.1 OR BC.2 OR BD.1 OR BE.1 OR BE.1.1 OR BE.2 OR BF.1 OR BF.1.1,Omicron,808.428571428572,767.571428571429,0.949461035518643
2022-02-02,849,813,800.714285714286,769.142857142857,0.96057091882248,0.944790483653761,0.971995719162099,B.1.1.529 OR BA.1 OR BA.1.1 OR BA.1.1.1 OR BA.1.1.2 OR BA.1.1.3 OR BA.1.1.4 OR BA.1.1.5 OR BA.1.1.6 OR BA.1.1.7 OR BA.1.1.8 OR BA.1.1.9 OR BA.1.1.10 OR BA.1.1.11 OR BA.1.1.12 OR BA.1.1.13 OR BA.1.1.14 OR BA.1.1.15 OR BA.1.1.16 OR BA.1.1.17 OR BA.1.1.18 OR BA.1.2 OR BA.1.3 OR BA.1.4 OR BA.1.5 OR BA.1.6 OR BA.1.7 OR BA.1.8 OR BA.1.9 OR BA.1.10 OR BA.1.11 OR BA.1.12 OR BA.1.13 OR BA.1.13.1 OR BA.1.14 OR BA.1.14.1 OR BA.1.14.2 OR BA.1.15 OR BA.1.15.1 OR BA.1.15.2 OR BA.1.15.3 OR BA.1.16 OR BA.1.16.1 OR BA.1.16.2 OR BA.1.17 OR BA.1.17.1 OR BA.1.17.2 OR BA.1.18 OR BA.1.19 OR BA.1.20 OR BA.1.21 OR BA.1.21.1 OR BA.1.22 OR BA.1.23 OR BA.1.24 OR BA.2 OR BA.2.1 OR BA.2.2 OR BA.2.2.1 OR BA.2.3 OR BA.2.3.1 OR BA.2.3.2 OR BA.2.3.3 OR BA.2.3.4 OR BA.2.3.5 OR BA.2.3.6 OR BA.2.3.7 OR BA.2.3.8 OR BA.2.3.9 OR BA.2.3.10 OR BA.2.3.11 OR BA.2.3.12 OR BA.2.3.13 OR BA.2.3.14 OR BA.2.3.15 OR BA.2.3.16 OR BA.2.3.17 OR BA.2.3.18 OR BA.2.4 OR BA.2.5 OR BA.2.6 OR BA.2.7 OR BA.2.8 OR BA.2.9 OR BA.2.9.1 OR BA.2.9.2 OR BA.2.9.3 OR BA.2.9.4 OR BA.2.10 OR BA.2.10.1 OR BA.2.10.2 OR BA.2.10.3 OR BA.2.11 OR BA.2.12 OR BA.2.12.1 OR BA.2.12.2 OR BA.2.13 OR BA.2.14 OR BA.2.15 OR BA.2.16 OR BA.2.17 OR BA.2.18 OR BA.2.19 OR BA.2.20 OR BA.2.21 OR BA.2.22 OR BA.2.23 OR BA.2.23.1 OR BA.2.24 OR BA.2.25 OR BA.2.25.1 OR BA.2.26 OR BA.2.27 OR BA.2.28 OR BA.2.29 OR BA.2.30 OR BA.2.31 OR BA.2.32 OR BA.2.33 OR BA.2.34 OR BA.2.35 OR BA.2.36 OR BA.2.37 OR BA.2.38 OR BA.2.39 OR BA.2.40 OR BA.2.40.1 OR BA.2.41 OR BA.2.42 OR BA.2.43 OR BA.2.44 OR BA.2.45 OR BA.2.46 OR BA.2.47 OR BA.2.48 OR BA.2.49 OR BA.2.50 OR BA.2.51 OR BA.2.52 OR BA.2.53 OR BA.2.54 OR BA.2.55 OR BA.2.56 OR BA.2.56.1 OR BA.2.57 OR BA.2.58 OR BA.2.59 OR BA.2.60 OR BA.2.61 OR BA.2.62 OR BA.2.63 OR BA.2.64 OR BA.2.65 OR BA.2.66 OR BA.2.67 OR BA.2.68 OR BA.2.69 OR BA.2.70 OR BA.2.71 OR BA.2.72 OR BA.2.73 OR BA.2.74 OR BA.2.75 OR BA.3 OR BA.3.1 OR BA.4 OR BA.4.1 OR BA.4.1.1 OR BA.4.1.2 OR BA.5 OR BA.5.1 OR BA.5.1.1 OR BA.5.2 OR BA.5.2.1 OR BA.5.2.2 OR BA.5.2.3 OR BA.5.3 OR BA.5.3.1 OR BA.5.3.2 OR BA.5.3.3 OR BA.5.3.4 OR BA.5.4 OR BA.5.5 OR BA.5.6 OR BC.1 OR BC.2 OR BD.1 OR BE.1 OR BE.1.1 OR BE.2 OR BF.1 OR BF.1.1,Omicron,811,771.428571428571,0.951206623216488
2022-02-03,765,736,792,760.571428571429,0.96031746031746,0.945631972757216,0.9727282088328,B.1.1.529 OR BA.1 OR BA.1.1 OR BA.1.1.1 OR BA.1.1.2 OR BA.1.1.3 OR BA.1.1.4 OR BA.1.1.5 OR BA.1.1.6 OR BA.1.1.7 OR BA.1.1.8 OR BA.1.1.9 OR BA.1.1.10 OR BA.1.1.11 OR BA.1.1.12 OR BA.1.1.13 OR BA.1.1.14 OR BA.1.1.15 OR BA.1.1.16 OR BA.1.1.17 OR BA.1.1.18 OR BA.1.2 OR BA.1.3 OR BA.1.4 OR BA.1.5 OR BA.1.6 OR BA.1.7 OR BA.1.8 OR BA.1.9 OR BA.1.10 OR BA.1.11 OR BA.1.12 OR BA.1.13 OR BA.1.13.1 OR BA.1.14 OR BA.1.14.1 OR BA.1.14.2 OR BA.1.15 OR BA.1.15.1 OR BA.1.15.2 OR BA.1.15.3 OR BA.1.16 OR BA.1.16.1 OR BA.1.16.2 OR BA.1.17 OR BA.1.17.1 OR BA.1.17.2 OR BA.1.18 OR BA.1.19 OR BA.1.20 OR BA.1.21 OR BA.1.21.1 OR BA.1.22 OR BA.1.23 OR BA.1.24 OR BA.2 OR BA.2.1 OR BA.2.2 OR BA.2.2.1 OR BA.2.3 OR BA.2.3.1 OR BA.2.3.2 OR BA.2.3.3 OR BA.2.3.4 OR BA.2.3.5 OR BA.2.3.6 OR BA.2.3.7 OR BA.2.3.8 OR BA.2.3.9 OR BA.2.3.10 OR BA.2.3.11 OR BA.2.3.12 OR BA.2.3.13 OR BA.2.3.14 OR BA.2.3.15 OR BA.2.3.16 OR BA.2.3.17 OR BA.2.3.18 OR BA.2.4 OR BA.2.5 OR BA.2.6 OR BA.2.7 OR BA.2.8 OR BA.2.9 OR BA.2.9.1 OR BA.2.9.2 OR BA.2.9.3 OR BA.2.9.4 OR BA.2.10 OR BA.2.10.1 OR BA.2.10.2 OR BA.2.10.3 OR BA.2.11 OR BA.2.12 OR BA.2.12.1 OR BA.2.12.2 OR BA.2.13 OR BA.2.14 OR BA.2.15 OR BA.2.16 OR BA.2.17 OR BA.2.18 OR BA.2.19 OR BA.2.20 OR BA.2.21 OR BA.2.22 OR BA.2.23 OR BA.2.23.1 OR BA.2.24 OR BA.2.25 OR BA.2.25.1 OR BA.2.26 OR BA.2.27 OR BA.2.28 OR BA.2.29 OR BA.2.30 OR BA.2.31 OR BA.2.32 OR BA.2.33 OR BA.2.34 OR BA.2.35 OR BA.2.36 OR BA.2.37 OR BA.2.38 OR BA.2.39 OR BA.2.40 OR BA.2.40.1 OR BA.2.41 OR BA.2.42 OR BA.2.43 OR BA.2.44 OR BA.2.45 OR BA.2.46 OR BA.2.47 OR BA.2.48 OR BA.2.49 OR BA.2.50 OR BA.2.51 OR BA.2.52 OR BA.2.53 OR BA.2.54 OR BA.2.55 OR BA.2.56 OR BA.2.56.1 OR BA.2.57 OR BA.2.58 OR BA.2.59 OR BA.2.60 OR BA.2.61 OR BA.2.62 OR BA.2.63 OR BA.2.64 OR BA.2.65 OR BA.2.66 OR BA.2.67 OR BA.2.68 OR BA.2.69 OR BA.2.70 OR BA.2.71 OR BA.2.72 OR BA.2.73 OR BA.2.74 OR BA.2.75 OR BA.3 OR BA.3.1 OR BA.4 OR BA.4.1 OR BA.4.1.1 OR BA.4.1.2 OR BA.5 OR BA.5.1 OR BA.5.1.1 OR BA.5.2 OR BA.5.2.1 OR BA.5.2.2 OR BA.5.2.3 OR BA.5.3 OR BA.5.3.1 OR BA.5.3.2 OR BA.5.3.3 OR BA.5.3.4 OR BA.5.4 OR BA.5.5 OR BA.5.6 OR BC.1 OR BC.2 OR BD.1 OR BE.1 OR BE.1.1 OR BE.2 OR BF.1 OR BF.1.1,Omicron,809.428571428571,771.214285714286,0.952788563360395
2022-02-04,819,769,807.857142857143,774.714285714286,0.958974358974359,0.94383337299193,0.971204662434327,B.1.1.529 OR BA.1 OR BA.1.1 OR BA.1.1.1 OR BA.1.1.2 OR BA.1.1.3 OR BA.1.1.4 OR BA.1.1.5 OR BA.1.1.6 OR BA.1.1.7 OR BA.1.1.8 OR BA.1.1.9 OR BA.1.1.10 OR BA.1.1.11 OR BA.1.1.12 OR BA.1.1.13 OR BA.1.1.14 OR BA.1.1.15 OR BA.1.1.16 OR BA.1.1.17 OR BA.1.1.18 OR BA.1.2 OR BA.1.3 OR BA.1.4 OR BA.1.5 OR BA.1.6 OR BA.1.7 OR BA.1.8 OR BA.1.9 OR BA.1.10 OR BA.1.11 OR BA.1.12 OR BA.1.13 OR BA.1.13.1 OR BA.1.14 OR BA.1.14.1 OR BA.1.14.2 OR BA.1.15 OR BA.1.15.1 OR BA.1.15.2 OR BA.1.15.3 OR BA.1.16 OR BA.1.16.1 OR BA.1.16.2 OR BA.1.17 OR BA.1.17.1 OR BA.1.17.2 OR BA.1.18 OR BA.1.19 OR BA.1.20 OR BA.1.21 OR BA.1.21.1 OR BA.1.22 OR BA.1.23 OR BA.1.24 OR BA.2 OR BA.2.1 OR BA.2.2 OR BA.2.2.1 OR BA.2.3 OR BA.2.3.1 OR BA.2.3.2 OR BA.2.3.3 OR BA.2.3.4 OR BA.2.3.5 OR BA.2.3.6 OR BA.2.3.7 OR BA.2.3.8 OR BA.2.3.9 OR BA.2.3.10 OR BA.2.3.11 OR BA.2.3.12 OR BA.2.3.13 OR BA.2.3.14 OR BA.2.3.15 OR BA.2.3.16 OR BA.2.3.17 OR BA.2.3.18 OR BA.2.4 OR BA.2.5 OR BA.2.6 OR BA.2.7 OR BA.2.8 OR BA.2.9 OR BA.2.9.1 OR BA.2.9.2 OR BA.2.9.3 OR BA.2.9.4 OR BA.2.10 OR BA.2.10.1 OR BA.2.10.2 OR BA.2.10.3 OR BA.2.11 OR BA.2.12 OR BA.2.12.1 OR BA.2.12.2 OR BA.2.13 OR BA.2.14 OR BA.2.15 OR BA.2.16 OR BA.2.17 OR BA.2.18 OR BA.2.19 OR BA.2.20 OR BA.2.21 OR BA.2.22 OR BA.2.23 OR BA.2.23.1 OR BA.2.24 OR BA.2.25 OR BA.2.25.1 OR BA.2.26 OR BA.2.27 OR BA.2.28 OR BA.2.29 OR BA.2.30 OR BA.2.31 OR BA.2.32 OR BA.2.33 OR BA.2.34 OR BA.2.35 OR BA.2.36 OR BA.2.37 OR BA.2.38 OR BA.2.39 OR BA.2.40 OR BA.2.40.1 OR BA.2.41 OR BA.2.42 OR BA.2.43 OR BA.2.44 OR BA.2.45 OR BA.2.46 OR BA.2.47 OR BA.2.48 OR BA.2.49 OR BA.2.50 OR BA.2.51 OR BA.2.52 OR BA.2.53 OR BA.2.54 OR BA.2.55 OR BA.2.56 OR BA.2.56.1 OR BA.2.57 OR BA.2.58 OR BA.2.59 OR BA.2.60 OR BA.2.61 OR BA.2.62 OR BA.2.63 OR BA.2.64 OR BA.2.65 OR BA.2.66 OR BA.2.67 OR BA.2.68 OR BA.2.69 OR BA.2.70 OR BA.2.71 OR BA.2.72 OR BA.2.73 OR BA.2.74 OR BA.2.75 OR BA.3 OR BA.3.1 OR BA.4 OR BA.4.1 OR BA.4.1.1 OR BA.4.1.2 OR BA.5 OR BA.5.1 OR BA.5.1.1 OR BA.5.2 OR BA.5.2.1 OR BA.5.2.2 OR BA.5.2.3 OR BA.5.3 OR BA.5.3.1 OR BA.5.3.2 OR BA.5.3.3 OR BA.5.3.4 OR BA.5.4 OR BA.5.5 OR BA.5.6 OR BC.1 OR BC.2 OR BD.1 OR BE.1 OR BE.1.1 OR BE.2 OR BF.1 OR BF.1.1,Omicron,814.214285714286,776.071428571429,0.953153785419774
2022-02-05,474,450,791.428571428572,758.857142857143,0.95884476534296,0.944098382369523,0.971639574987414,B.1.1.529 OR BA.1 OR BA.1.1 OR BA.1.1.1 OR BA.1.1.2 OR BA.1.1.3 OR BA.1.1.4 OR BA.1.1.5 OR BA.1.1.6 OR BA.1.1.7 OR BA.1.1.8 OR BA.1.1.9 OR BA.1.1.10 OR BA.1.1.11 OR BA.1.1.12 OR BA.1.1.13 OR BA.1.1.14 OR BA.1.1.15 OR BA.1.1.16 OR BA.1.1.17 OR BA.1.1.18 OR BA.1.2 OR BA.1.3 OR BA.1.4 OR BA.1.5 OR BA.1.6 OR BA.1.7 OR BA.1.8 OR BA.1.9 OR BA.1.10 OR BA.1.11 OR BA.1.12 OR BA.1.13 OR BA.1.13.1 OR BA.1.14 OR BA.1.14.1 OR BA.1.14.2 OR BA.1.15 OR BA.1.15.1 OR BA.1.15.2 OR BA.1.15.3 OR BA.1.16 OR BA.1.16.1 OR BA.1.16.2 OR BA.1.17 OR BA.1.17.1 OR BA.1.17.2 OR BA.1.18 OR BA.1.19 OR BA.1.20 OR BA.1.21 OR BA.1.21.1 OR BA.1.22 OR BA.1.23 OR BA.1.24 OR BA.2 OR BA.2.1 OR BA.2.2 OR BA.2.2.1 OR BA.2.3 OR BA.2.3.1 OR BA.2.3.2 OR BA.2.3.3 OR BA.2.3.4 OR BA.2.3.5 OR BA.2.3.6 OR BA.2.3.7 OR BA.2.3.8 OR BA.2.3.9 OR BA.2.3.10 OR BA.2.3.11 OR BA.2.3.12 OR BA.2.3.13 OR BA.2.3.14 OR BA.2.3.15 OR BA.2.3.16 OR BA.2.3.17 OR BA.2.3.18 OR BA.2.4 OR BA.2.5 OR BA.2.6 OR BA.2.7 OR BA.2.8 OR BA.2.9 OR BA.2.9.1 OR BA.2.9.2 OR BA.2.9.3 OR BA.2.9.4 OR BA.2.10 OR BA.2.10.1 OR BA.2.10.2 OR BA.2.10.3 OR BA.2.11 OR BA.2.12 OR BA.2.12.1 OR BA.2.12.2 OR BA.2.13 OR BA.2.14 OR BA.2.15 OR BA.2.16 OR BA.2.17 OR BA.2.18 OR BA.2.19 OR BA.2.20 OR BA.2.21 OR BA.2.22 OR BA.2.23 OR BA.2.23.1 OR BA.2.24 OR BA.2.25 OR BA.2.25.1 OR BA.2.26 OR BA.2.27 OR BA.2.28 OR BA.2.29 OR BA.2.30 OR BA.2.31 OR BA.2.32 OR BA.2.33 OR BA.2.34 OR BA.2.35 OR BA.2.36 OR BA.2.37 OR BA.2.38 OR BA.2.39 OR BA.2.40 OR BA.2.40.1 OR BA.2.41 OR BA.2.42 OR BA.2.43 OR BA.2.44 OR BA.2.45 OR BA.2.46 OR BA.2.47 OR BA.2.48 OR BA.2.49 OR BA.2.50 OR BA.2.51 OR BA.2.52 OR BA.2.53 OR BA.2.54 OR BA.2.55 OR BA.2.56 OR BA.2.56.1 OR BA.2.57 OR BA.2.58 OR BA.2.59 OR BA.2.60 OR BA.2.61 OR BA.2.62 OR BA.2.63 OR BA.2.64 OR BA.2.65 OR BA.2.66 OR BA.2.67 OR BA.2.68 OR BA.2.69 OR BA.2.70 OR BA.2.71 OR BA.2.72 OR BA.2.73 OR BA.2.74 OR BA.2.75 OR BA.3 OR BA.3.1 OR BA.4 OR BA.4.1 OR BA.4.1.1 OR BA.4.1.2 OR BA.5 OR BA.5.1 OR BA.5.1.1 OR BA.5.2 OR BA.5.2.1 OR BA.5.2.2 OR BA.5.2.3 OR BA.5.3 OR BA.5.3.1 OR BA.5.3.2 OR BA.5.3.3 OR BA.5.3.4 OR BA.5.4 OR BA.5.5 OR BA.5.6 OR BC.1 OR BC.2 OR BD.1 OR BE.1 OR BE.1.1 OR BE.2 OR BF.1 OR BF.1.1,Omicron,800.785714285714,763.214285714286,0.953081794665953
2022-02-06,489,451,799.857142857143,763.428571428571,0.954456152884444,0.93752657361555,0.966700408683636,B.1.1.529 OR BA.1 OR BA.1.1 OR BA.1.1.1 OR BA.1.1.2 OR BA.1.1.3 OR BA.1.1.4 OR BA.1.1.5 OR BA.1.1.6 OR BA.1.1.7 OR BA.1.1.8 OR BA.1.1.9 OR BA.1.1.10 OR BA.1.1.11 OR BA.1.1.12 OR BA.1.1.13 OR BA.1.1.14 OR BA.1.1.15 OR BA.1.1.16 OR BA.1.1.17 OR BA.1.1.18 OR BA.1.2 OR BA.1.3 OR BA.1.4 OR BA.1.5 OR BA.1.6 OR BA.1.7 OR BA.1.8 OR BA.1.9 OR BA.1.10 OR BA.1.11 OR BA.1.12 OR BA.1.13 OR BA.1.13.1 OR BA.1.14 OR BA.1.14.1 OR BA.1.14.2 OR BA.1.15 OR BA.1.15.1 OR BA.1.15.2 OR BA.1.15.3 OR BA.1.16 OR BA.1.16.1 OR BA.1.16.2 OR BA.1.17 OR BA.1.17.1 OR BA.1.17.2 OR BA.1.18 OR BA.1.19 OR BA.1.20 OR BA.1.21 OR BA.1.21.1 OR BA.1.22 OR BA.1.23 OR BA.1.24 OR BA.2 OR BA.2.1 OR BA.2.2 OR BA.2.2.1 OR BA.2.3 OR BA.2.3.1 OR BA.2.3.2 OR BA.2.3.3 OR BA.2.3.4 OR BA.2.3.5 OR BA.2.3.6 OR BA.2.3.7 OR BA.2.3.8 OR BA.2.3.9 OR BA.2.3.10 OR BA.2.3.11 OR BA.2.3.12 OR BA.2.3.13 OR BA.2.3.14 OR BA.2.3.15 OR BA.2.3.16 OR BA.2.3.17 OR BA.2.3.18 OR BA.2.4 OR BA.2.5 OR BA.2.6 OR BA.2.7 OR BA.2.8 OR BA.2.9 OR BA.2.9.1 OR BA.2.9.2 OR BA.2.9.3 OR BA.2.9.4 OR BA.2.10 OR BA.2.10.1 OR BA.2.10.2 OR BA.2.10.3 OR BA.2.11 OR BA.2.12 OR BA.2.12.1 OR BA.2.12.2 OR BA.2.13 OR BA.2.14 OR BA.2.15 OR BA.2.16 OR BA.2.17 OR BA.2.18 OR BA.2.19 OR BA.2.20 OR BA.2.21 OR BA.2.22 OR BA.2.23 OR BA.2.23.1 OR BA.2.24 OR BA.2.25 OR BA.2.25.1 OR BA.2.26 OR BA.2.27 OR BA.2.28 OR BA.2.29 OR BA.2.30 OR BA.2.31 OR BA.2.32 OR BA.2.33 OR BA.2.34 OR BA.2.35 OR BA.2.36 OR BA.2.37 OR BA.2.38 OR BA.2.39 OR BA.2.40 OR BA.2.40.1 OR BA.2.41 OR BA.2.42 OR BA.2.43 OR BA.2.44 OR BA.2.45 OR BA.2.46 OR BA.2.47 OR BA.2.48 OR BA.2.49 OR BA.2.50 OR BA.2.51 OR BA.2.52 OR BA.2.53 OR BA.2.54 OR BA.2.55 OR BA.2.56 OR BA.2.56.1 OR BA.2.57 OR BA.2.58 OR BA.2.59 OR BA.2.60 OR BA.2.61 OR BA.2.62 OR BA.2.63 OR BA.2.64 OR BA.2.65 OR BA.2.66 OR BA.2.67 OR BA.2.68 OR BA.2.69 OR BA.2.70 OR BA.2.71 OR BA.2.72 OR BA.2.73 OR BA.2.74 OR BA.2.75 OR BA.3 OR BA.3.1 OR BA.4 OR BA.4.1 OR BA.4.1.1 OR BA.4.1.2 OR BA.5 OR BA.5.1 OR BA.5.1.1 OR BA.5.2 OR BA.5.2.1 OR BA.5.2.2 OR BA.5.2.3 OR BA.5.3 OR BA.5.3.1 OR BA.5.3.2 OR BA.5.3.3 OR BA.5.3.4 OR BA.5.4 OR BA.5.5 OR BA.5.6 OR BC.1 OR BC.2 OR BD.1 OR BE.1 OR BE.1.1 OR BE.2 OR BF.1 OR BF.1.1,Omicron,797.428571428571,760,0.953063418129703
2022-02-07,1035,1004,776.285714285714,740.285714285714,0.953625322046375,0.937088621186443,0.966754993869508,B.1.1.529 OR BA.1 OR BA.1.1 OR BA.1.1.1 OR BA.1.1.2 OR BA.1.1.3 OR BA.1.1.4 OR BA.1.1.5 OR BA.1.1.6 OR BA.1.1.7 OR BA.1.1.8 OR BA.1.1.9 OR BA.1.1.10 OR BA.1.1.11 OR BA.1.1.12 OR BA.1.1.13 OR BA.1.1.14 OR BA.1.1.15 OR BA.1.1.16 OR BA.1.1.17 OR BA.1.1.18 OR BA.1.2 OR BA.1.3 OR BA.1.4 OR BA.1.5 OR BA.1.6 OR BA.1.7 OR BA.1.8 OR BA.1.9 OR BA.1.10 OR BA.1.11 OR BA.1.12 OR BA.1.13 OR BA.1.13.1 OR BA.1.14 OR BA.1.14.1 OR BA.1.14.2 OR BA.1.15 OR BA.1.15.1 OR BA.1.15.2 OR BA.1.15.3 OR BA.1.16 OR BA.1.16.1 OR BA.1.16.2 OR BA.1.17 OR BA.1.17.1 OR BA.1.17.2 OR BA.1.18 OR BA.1.19 OR BA.1.20 OR BA.1.21 OR BA.1.21.1 OR BA.1.22 OR BA.1.23 OR BA.1.24 OR BA.2 OR BA.2.1 OR BA.2.2 OR BA.2.2.1 OR BA.2.3 OR BA.2.3.1 OR BA.2.3.2 OR BA.2.3.3 OR BA.2.3.4 OR BA.2.3.5 OR BA.2.3.6 OR BA.2.3.7 OR BA.2.3.8 OR BA.2.3.9 OR BA.2.3.10 OR BA.2.3.11 OR BA.2.3.12 OR BA.2.3.13 OR BA.2.3.14 OR BA.2.3.15 OR BA.2.3.16 OR BA.2.3.17 OR BA.2.3.18 OR BA.2.4 OR BA.2.5 OR BA.2.6 OR BA.2.7 OR BA.2.8 OR BA.2.9 OR BA.2.9.1 OR BA.2.9.2 OR BA.2.9.3 OR BA.2.9.4 OR BA.2.10 OR BA.2.10.1 OR BA.2.10.2 OR BA.2.10.3 OR BA.2.11 OR BA.2.12 OR BA.2.12.1 OR BA.2.12.2 OR BA.2.13 OR BA.2.14 OR BA.2.15 OR BA.2.16 OR BA.2.17 OR BA.2.18 OR BA.2.19 OR BA.2.20 OR BA.2.21 OR BA.2.22 OR BA.2.23 OR BA.2.23.1 OR BA.2.24 OR BA.2.25 OR BA.2.25.1 OR BA.2.26 OR BA.2.27 OR BA.2.28 OR BA.2.29 OR BA.2.30 OR BA.2.31 OR BA.2.32 OR BA.2.33 OR BA.2.34 OR BA.2.35 OR BA.2.36 OR BA.2.37 OR BA.2.38 OR BA.2.39 OR BA.2.40 OR BA.2.40.1 OR BA.2.41 OR BA.2.42 OR BA.2.43 OR BA.2.44 OR BA.2.45 OR BA.2.46 OR BA.2.47 OR BA.2.48 OR BA.2.49 OR BA.2.50 OR BA.2.51 OR BA.2.52 OR BA.2.53 OR BA.2.54 OR BA.2.55 OR BA.2.56 OR BA.2.56.1 OR BA.2.57 OR BA.2.58 OR BA.2.59 OR BA.2.60 OR BA.2.61 OR BA.2.62 OR BA.2.63 OR BA.2.64 OR BA.2.65 OR BA.2.66 OR BA.2.67 OR BA.2.68 OR BA.2.69 OR BA.2.70 OR BA.2.71 OR BA.2.72 OR BA.2.73 OR BA.2.74 OR BA.2.75 OR BA.3 OR BA.3.1 OR BA.4 OR BA.4.1 OR BA.4.1.1 OR BA.4.1.2 OR BA.5 OR BA.5.1 OR BA.5.1.1 OR BA.5.2 OR BA.5.2.1 OR BA.5.2.2 OR BA.5.2.3 OR BA.5.3 OR BA.5.3.1 OR BA.5.3.2 OR BA.5.3.3 OR BA.5.3.4 OR BA.5.4 OR BA.5.5 OR BA.5.6 OR BC.1 OR BC.2 OR BD.1 OR BE.1 OR BE.1.1 OR BE.2 OR BF.1 OR BF.1.1,Omicron,803,767.785714285714,0.956146593132894
2022-02-08,890,871,760.142857142857,727.714285714286,0.957338846081564,0.941838149767636,0.970475594984353,B.1.1.529 OR BA.1 OR BA.1.1 OR BA.1.1.1 OR BA.1.1.2 OR BA.1.1.3 OR BA.1.1.4 OR BA.1.1.5 OR BA.1.1.6 OR BA.1.1.7 OR BA.1.1.8 OR BA.1.1.9 OR BA.1.1.10 OR BA.1.1.11 OR BA.1.1.12 OR BA.1.1.13 OR BA.1.1.14 OR BA.1.1.15 OR BA.1.1.16 OR BA.1.1.17 OR BA.1.1.18 OR BA.1.2 OR BA.1.3 OR BA.1.4 OR BA.1.5 OR BA.1.6 OR BA.1.7 OR BA.1.8 OR BA.1.9 OR BA.1.10 OR BA.1.11 OR BA.1.12 OR BA.1.13 OR BA.1.13.1 OR BA.1.14 OR BA.1.14.1 OR BA.1.14.2 OR BA.1.15 OR BA.1.15.1 OR BA.1.15.2 OR BA.1.15.3 OR BA.1.16 OR BA.1.16.1 OR BA.1.16.2 OR BA.1.17 OR BA.1.17.1 OR BA.1.17.2 OR BA.1.18 OR BA.1.19 OR BA.1.20 OR BA.1.21 OR BA.1.21.1 OR BA.1.22 OR BA.1.23 OR BA.1.24 OR BA.2 OR BA.2.1 OR BA.2.2 OR BA.2.2.1 OR BA.2.3 OR BA.2.3.1 OR BA.2.3.2 OR BA.2.3.3 OR BA.2.3.4 OR BA.2.3.5 OR BA.2.3.6 OR BA.2.3.7 OR BA.2.3.8 OR BA.2.3.9 OR BA.2.3.10 OR BA.2.3.11 OR BA.2.3.12 OR BA.2.3.13 OR BA.2.3.14 OR BA.2.3.15 OR BA.2.3.16 OR BA.2.3.17 OR BA.2.3.18 OR BA.2.4 OR BA.2.5 OR BA.2.6 OR BA.2.7 OR BA.2.8 OR BA.2.9 OR BA.2.9.1 OR BA.2.9.2 OR BA.2.9.3 OR BA.2.9.4 OR BA.2.10 OR BA.2.10.1 OR BA.2.10.2 OR BA.2.10.3 OR BA.2.11 OR BA.2.12 OR BA.2.12.1 OR BA.2.12.2 OR BA.2.13 OR BA.2.14 OR BA.2.15 OR BA.2.16 OR BA.2.17 OR BA.2.18 OR BA.2.19 OR BA.2.20 OR BA.2.21 OR BA.2.22 OR BA.2.23 OR BA.2.23.1 OR BA.2.24 OR BA.2.25 OR BA.2.25.1 OR BA.2.26 OR BA.2.27 OR BA.2.28 OR BA.2.29 OR BA.2.30 OR BA.2.31 OR BA.2.32 OR BA.2.33 OR BA.2.34 OR BA.2.35 OR BA.2.36 OR BA.2.37 OR BA.2.38 OR BA.2.39 OR BA.2.40 OR BA.2.40.1 OR BA.2.41 OR BA.2.42 OR BA.2.43 OR BA.2.44 OR BA.2.45 OR BA.2.46 OR BA.2.47 OR BA.2.48 OR BA.2.49 OR BA.2.50 OR BA.2.51 OR BA.2.52 OR BA.2.53 OR BA.2.54 OR BA.2.55 OR BA.2.56 OR BA.2.56.1 OR BA.2.57 OR BA.2.58 OR BA.2.59 OR BA.2.60 OR BA.2.61 OR BA.2.62 OR BA.2.63 OR BA.2.64 OR BA.2.65 OR BA.2.66 OR BA.2.67 OR BA.2.68 OR BA.2.69 OR BA.2.70 OR BA.2.71 OR BA.2.72 OR BA.2.73 OR BA.2.74 OR BA.2.75 OR BA.3 OR BA.3.1 OR BA.4 OR BA.4.1 OR BA.4.1.1 OR BA.4.1.2 OR BA.5 OR BA.5.1 OR BA.5.1.1 OR BA.5.2 OR BA.5.2.1 OR BA.5.2.2 OR BA.5.2.3 OR BA.5.3 OR BA.5.3.1 OR BA.5.3.2 OR BA.5.3.3 OR BA.5.3.4 OR BA.5.4 OR BA.5.5 OR BA.5.6 OR BC.1 OR BC.2 OR BD.1 OR BE.1 OR BE.1.1 OR BE.2 OR BF.1 OR BF.1.1,Omicron,786.428571428572,753.571428571429,0.958219800181653
2022-02-09,530,514,714.571428571429,685,0.958616553378649,0.941453875121867,0.970935183769442,B.1.1.529 OR BA.1 OR BA.1.1 OR BA.1.1.1 OR BA.1.1.2 OR BA.1.1.3 OR BA.1.1.4 OR BA.1.1.5 OR BA.1.1.6 OR BA.1.1.7 OR BA.1.1.8 OR BA.1.1.9 OR BA.1.1.10 OR BA.1.1.11 OR BA.1.1.12 OR BA.1.1.13 OR BA.1.1.14 OR BA.1.1.15 OR BA.1.1.16 OR BA.1.1.17 OR BA.1.1.18 OR BA.1.2 OR BA.1.3 OR BA.1.4 OR BA.1.5 OR BA.1.6 OR BA.1.7 OR BA.1.8 OR BA.1.9 OR BA.1.10 OR BA.1.11 OR BA.1.12 OR BA.1.13 OR BA.1.13.1 OR BA.1.14 OR BA.1.14.1 OR BA.1.14.2 OR BA.1.15 OR BA.1.15.1 OR BA.1.15.2 OR BA.1.15.3 OR BA.1.16 OR BA.1.16.1 OR BA.1.16.2 OR BA.1.17 OR BA.1.17.1 OR BA.1.17.2 OR BA.1.18 OR BA.1.19 OR BA.1.20 OR BA.1.21 OR BA.1.21.1 OR BA.1.22 OR BA.1.23 OR BA.1.24 OR BA.2 OR BA.2.1 OR BA.2.2 OR BA.2.2.1 OR BA.2.3 OR BA.2.3.1 OR BA.2.3.2 OR BA.2.3.3 OR BA.2.3.4 OR BA.2.3.5 OR BA.2.3.6 OR BA.2.3.7 OR BA.2.3.8 OR BA.2.3.9 OR BA.2.3.10 OR BA.2.3.11 OR BA.2.3.12 OR BA.2.3.13 OR BA.2.3.14 OR BA.2.3.15 OR BA.2.3.16 OR BA.2.3.17 OR BA.2.3.18 OR BA.2.4 OR BA.2.5 OR BA.2.6 OR BA.2.7 OR BA.2.8 OR BA.2.9 OR BA.2.9.1 OR BA.2.9.2 OR BA.2.9.3 OR BA.2.9.4 OR BA.2.10 OR BA.2.10.1 OR BA.2.10.2 OR BA.2.10.3 OR BA.2.11 OR BA.2.12 OR BA.2.12.1 OR BA.2.12.2 OR BA.2.13 OR BA.2.14 OR BA.2.15 OR BA.2.16 OR BA.2.17 OR BA.2.18 OR BA.2.19 OR BA.2.20 OR BA.2.21 OR BA.2.22 OR BA.2.23 OR BA.2.23.1 OR BA.2.24 OR BA.2.25 OR BA.2.25.1 OR BA.2.26 OR BA.2.27 OR BA.2.28 OR BA.2.29 OR BA.2.30 OR BA.2.31 OR BA.2.32 OR BA.2.33 OR BA.2.34 OR BA.2.35 OR BA.2.36 OR BA.2.37 OR BA.2.38 OR BA.2.39 OR BA.2.40 OR BA.2.40.1 OR BA.2.41 OR BA.2.42 OR BA.2.43 OR BA.2.44 OR BA.2.45 OR BA.2.46 OR BA.2.47 OR BA.2.48 OR BA.2.49 OR BA.2.50 OR BA.2.51 OR BA.2.52 OR BA.2.53 OR BA.2.54 OR BA.2.55 OR BA.2.56 OR BA.2.56.1 OR BA.2.57 OR BA.2.58 OR BA.2.59 OR BA.2.60 OR BA.2.61 OR BA.2.62 OR BA.2.63 OR BA.2.64 OR BA.2.65 OR BA.2.66 OR BA.2.67 OR BA.2.68 OR BA.2.69 OR BA.2.70 OR BA.2.71 OR BA.2.72 OR BA.2.73 OR BA.2.74 OR BA.2.75 OR BA.3 OR BA.3.1 OR BA.4 OR BA.4.1 OR BA.4.1.1 OR BA.4.1.2 OR BA.5 OR BA.5.1 OR BA.5.1.1 OR BA.5.2 OR BA.5.2.1 OR BA.5.2.2 OR BA.5.2.3 OR BA.5.3 OR BA.5.3.1 OR BA.5.3.2 OR BA.5.3.3 OR BA.5.3.4 OR BA.5.4 OR BA.5.5 OR BA.5.6 OR BC.1 OR BC.2 OR BD.1 OR BE.1 OR BE.1.1 OR BE.2 OR BF.1 OR BF.1.1,Omicron,757.642857142857,727.071428571429,0.959649288205902
2022-02-10,498,471,676.428571428571,647.142857142857,0.956705385427666,0.939828671337606,0.970473196267235,B.1.1.529 OR BA.1 OR BA.1.1 OR BA.1.1.1 OR BA.1.1.2 OR BA.1.1.3 OR BA.1.1.4 OR BA.1.1.5 OR BA.1.1.6 OR BA.1.1.7 OR BA.1.1.8 OR BA.1.1.9 OR BA.1.1.10 OR BA.1.1.11 OR BA.1.1.12 OR BA.1.1.13 OR BA.1.1.14 OR BA.1.1.15 OR BA.1.1.16 OR BA.1.1.17 OR BA.1.1.18 OR BA.1.2 OR BA.1.3 OR BA.1.4 OR BA.1.5 OR BA.1.6 OR BA.1.7 OR BA.1.8 OR BA.1.9 OR BA.1.10 OR BA.1.11 OR BA.1.12 OR BA.1.13 OR BA.1.13.1 OR BA.1.14 OR BA.1.14.1 OR BA.1.14.2 OR BA.1.15 OR BA.1.15.1 OR BA.1.15.2 OR BA.1.15.3 OR BA.1.16 OR BA.1.16.1 OR BA.1.16.2 OR BA.1.17 OR BA.1.17.1 OR BA.1.17.2 OR BA.1.18 OR BA.1.19 OR BA.1.20 OR BA.1.21 OR BA.1.21.1 OR BA.1.22 OR BA.1.23 OR BA.1.24 OR BA.2 OR BA.2.1 OR BA.2.2 OR BA.2.2.1 OR BA.2.3 OR BA.2.3.1 OR BA.2.3.2 OR BA.2.3.3 OR BA.2.3.4 OR BA.2.3.5 OR BA.2.3.6 OR BA.2.3.7 OR BA.2.3.8 OR BA.2.3.9 OR BA.2.3.10 OR BA.2.3.11 OR BA.2.3.12 OR BA.2.3.13 OR BA.2.3.14 OR BA.2.3.15 OR BA.2.3.16 OR BA.2.3.17 OR BA.2.3.18 OR BA.2.4 OR BA.2.5 OR BA.2.6 OR BA.2.7 OR BA.2.8 OR BA.2.9 OR BA.2.9.1 OR BA.2.9.2 OR BA.2.9.3 OR BA.2.9.4 OR BA.2.10 OR BA.2.10.1 OR BA.2.10.2 OR BA.2.10.3 OR BA.2.11 OR BA.2.12 OR BA.2.12.1 OR BA.2.12.2 OR BA.2.13 OR BA.2.14 OR BA.2.15 OR BA.2.16 OR BA.2.17 OR BA.2.18 OR BA.2.19 OR BA.2.20 OR BA.2.21 OR BA.2.22 OR BA.2.23 OR BA.2.23.1 OR BA.2.24 OR BA.2.25 OR BA.2.25.1 OR BA.2.26 OR BA.2.27 OR BA.2.28 OR BA.2.29 OR BA.2.30 OR BA.2.31 OR BA.2.32 OR BA.2.33 OR BA.2.34 OR BA.2.35 OR BA.2.36 OR BA.2.37 OR BA.2.38 OR BA.2.39 OR BA.2.40 OR BA.2.40.1 OR BA.2.41 OR BA.2.42 OR BA.2.43 OR BA.2.44 OR BA.2.45 OR BA.2.46 OR BA.2.47 OR BA.2.48 OR BA.2.49 OR BA.2.50 OR BA.2.51 OR BA.2.52 OR BA.2.53 OR BA.2.54 OR BA.2.55 OR BA.2.56 OR BA.2.56.1 OR BA.2.57 OR BA.2.58 OR BA.2.59 OR BA.2.60 OR BA.2.61 OR BA.2.62 OR BA.2.63 OR BA.2.64 OR BA.2.65 OR BA.2.66 OR BA.2.67 OR BA.2.68 OR BA.2.69 OR BA.2.70 OR BA.2.71 OR BA.2.72 OR BA.2.73 OR BA.2.74 OR BA.2.75 OR BA.3 OR BA.3.1 OR BA.4 OR BA.4.1 OR BA.4.1.1 OR BA.4.1.2 OR BA.5 OR BA.5.1 OR BA.5.1.1 OR BA.5.2 OR BA.5.2.1 OR BA.5.2.2 OR BA.5.2.3 OR BA.5.3 OR BA.5.3.1 OR BA.5.3.2 OR BA.5.3.3 OR BA.5.3.4 OR BA.5.4 OR BA.5.5 OR BA.5.6 OR BC.1 OR BC.2 OR BD.1 OR BE.1 OR BE.1.1 OR BE.2 OR BF.1 OR BF.1.1,Omicron,734.214285714286,703.857142857143,0.958653565521938
2022-02-11,293,286,601.285714285714,578.142857142857,0.961511047754811,0.944113823746949,0.974919796621942,B.1.1.529 OR BA.1 OR BA.1.1 OR BA.1.1.1 OR BA.1.1.2 OR BA.1.1.3 OR BA.1.1.4 OR BA.1.1.5 OR BA.1.1.6 OR BA.1.1.7 OR BA.1.1.8 OR BA.1.1.9 OR BA.1.1.10 OR BA.1.1.11 OR BA.1.1.12 OR BA.1.1.13 OR BA.1.1.14 OR BA.1.1.15 OR BA.1.1.16 OR BA.1.1.17 OR BA.1.1.18 OR BA.1.2 OR BA.1.3 OR BA.1.4 OR BA.1.5 OR BA.1.6 OR BA.1.7 OR BA.1.8 OR BA.1.9 OR BA.1.10 OR BA.1.11 OR BA.1.12 OR BA.1.13 OR BA.1.13.1 OR BA.1.14 OR BA.1.14.1 OR BA.1.14.2 OR BA.1.15 OR BA.1.15.1 OR BA.1.15.2 OR BA.1.15.3 OR BA.1.16 OR BA.1.16.1 OR BA.1.16.2 OR BA.1.17 OR BA.1.17.1 OR BA.1.17.2 OR BA.1.18 OR BA.1.19 OR BA.1.20 OR BA.1.21 OR BA.1.21.1 OR BA.1.22 OR BA.1.23 OR BA.1.24 OR BA.2 OR BA.2.1 OR BA.2.2 OR BA.2.2.1 OR BA.2.3 OR BA.2.3.1 OR BA.2.3.2 OR BA.2.3.3 OR BA.2.3.4 OR BA.2.3.5 OR BA.2.3.6 OR BA.2.3.7 OR BA.2.3.8 OR BA.2.3.9 OR BA.2.3.10 OR BA.2.3.11 OR BA.2.3.12 OR BA.2.3.13 OR BA.2.3.14 OR BA.2.3.15 OR BA.2.3.16 OR BA.2.3.17 OR BA.2.3.18 OR BA.2.4 OR BA.2.5 OR BA.2.6 OR BA.2.7 OR BA.2.8 OR BA.2.9 OR BA.2.9.1 OR BA.2.9.2 OR BA.2.9.3 OR BA.2.9.4 OR BA.2.10 OR BA.2.10.1 OR BA.2.10.2 OR BA.2.10.3 OR BA.2.11 OR BA.2.12 OR BA.2.12.1 OR BA.2.12.2 OR BA.2.13 OR BA.2.14 OR BA.2.15 OR BA.2.16 OR BA.2.17 OR BA.2.18 OR BA.2.19 OR BA.2.20 OR BA.2.21 OR BA.2.22 OR BA.2.23 OR BA.2.23.1 OR BA.2.24 OR BA.2.25 OR BA.2.25.1 OR BA.2.26 OR BA.2.27 OR BA.2.28 OR BA.2.29 OR BA.2.30 OR BA.2.31 OR BA.2.32 OR BA.2.33 OR BA.2.34 OR BA.2.35 OR BA.2.36 OR BA.2.37 OR BA.2.38 OR BA.2.39 OR BA.2.40 OR BA.2.40.1 OR BA.2.41 OR BA.2.42 OR BA.2.43 OR BA.2.44 OR BA.2.45 OR BA.2.46 OR BA.2.47 OR BA.2.48 OR BA.2.49 OR BA.2.50 OR BA.2.51 OR BA.2.52 OR BA.2.53 OR BA.2.54 OR BA.2.55 OR BA.2.56 OR BA.2.56.1 OR BA.2.57 OR BA.2.58 OR BA.2.59 OR BA.2.60 OR BA.2.61 OR BA.2.62 OR BA.2.63 OR BA.2.64 OR BA.2.65 OR BA.2.66 OR BA.2.67 OR BA.2.68 OR BA.2.69 OR BA.2.70 OR BA.2.71 OR BA.2.72 OR BA.2.73 OR BA.2.74 OR BA.2.75 OR BA.3 OR BA.3.1 OR BA.4 OR BA.4.1 OR BA.4.1.1 OR BA.4.1.2 OR BA.5 OR BA.5.1 OR BA.5.1.1 OR BA.5.2 OR BA.5.2.1 OR BA.5.2.2 OR BA.5.2.3 OR BA.5.3 OR BA.5.3.1 OR BA.5.3.2 OR BA.5.3.3 OR BA.5.3.4 OR BA.5.4 OR BA.5.5 OR BA.5.6 OR BC.1 OR BC.2 OR BD.1 OR BE.1 OR BE.1.1 OR BE.2 OR BF.1 OR BF.1.1,Omicron,704.571428571429,676.428571428571,0.960056772100568
2022-02-12,341,331,582.285714285714,561.142857142857,0.96368989205103,0.946396798503905,0.976846040186606,B.1.1.529 OR BA.1 OR BA.1.1 OR BA.1.1.1 OR BA.1.1.2 OR BA.1.1.3 OR BA.1.1.4 OR BA.1.1.5 OR BA.1.1.6 OR BA.1.1.7 OR BA.1.1.8 OR BA.1.1.9 OR BA.1.1.10 OR BA.1.1.11 OR BA.1.1.12 OR BA.1.1.13 OR BA.1.1.14 OR BA.1.1.15 OR BA.1.1.16 OR BA.1.1.17 OR BA.1.1.18 OR BA.1.2 OR BA.1.3 OR BA.1.4 OR BA.1.5 OR BA.1.6 OR BA.1.7 OR BA.1.8 OR BA.1.9 OR BA.1.10 OR BA.1.11 OR BA.1.12 OR BA.1.13 OR BA.1.13.1 OR BA.1.14 OR BA.1.14.1 OR BA.1.14.2 OR BA.1.15 OR BA.1.15.1 OR BA.1.15.2 OR BA.1.15.3 OR BA.1.16 OR BA.1.16.1 OR BA.1.16.2 OR BA.1.17 OR BA.1.17.1 OR BA.1.17.2 OR BA.1.18 OR BA.1.19 OR BA.1.20 OR BA.1.21 OR BA.1.21.1 OR BA.1.22 OR BA.1.23 OR BA.1.24 OR BA.2 OR BA.2.1 OR BA.2.2 OR BA.2.2.1 OR BA.2.3 OR BA.2.3.1 OR BA.2.3.2 OR BA.2.3.3 OR BA.2.3.4 OR BA.2.3.5 OR BA.2.3.6 OR BA.2.3.7 OR BA.2.3.8 OR BA.2.3.9 OR BA.2.3.10 OR BA.2.3.11 OR BA.2.3.12 OR BA.2.3.13 OR BA.2.3.14 OR BA.2.3.15 OR BA.2.3.16 OR BA.2.3.17 OR BA.2.3.18 OR BA.2.4 OR BA.2.5 OR BA.2.6 OR BA.2.7 OR BA.2.8 OR BA.2.9 OR BA.2.9.1 OR BA.2.9.2 OR BA.2.9.3 OR BA.2.9.4 OR BA.2.10 OR BA.2.10.1 OR BA.2.10.2 OR BA.2.10.3 OR BA.2.11 OR BA.2.12 OR BA.2.12.1 OR BA.2.12.2 OR BA.2.13 OR BA.2.14 OR BA.2.15 OR BA.2.16 OR BA.2.17 OR BA.2.18 OR BA.2.19 OR BA.2.20 OR BA.2.21 OR BA.2.22 OR BA.2.23 OR BA.2.23.1 OR BA.2.24 OR BA.2.25 OR BA.2.25.1 OR BA.2.26 OR BA.2.27 OR BA.2.28 OR BA.2.29 OR BA.2.30 OR BA.2.31 OR BA.2.32 OR BA.2.33 OR BA.2.34 OR BA.2.35 OR BA.2.36 OR BA.2.37 OR BA.2.38 OR BA.2.39 OR BA.2.40 OR BA.2.40.1 OR BA.2.41 OR BA.2.42 OR BA.2.43 OR BA.2.44 OR BA.2.45 OR BA.2.46 OR BA.2.47 OR BA.2.48 OR BA.2.49 OR BA.2.50 OR BA.2.51 OR BA.2.52 OR BA.2.53 OR BA.2.54 OR BA.2.55 OR BA.2.56 OR BA.2.56.1 OR BA.2.57 OR BA.2.58 OR BA.2.59 OR BA.2.60 OR BA.2.61 OR BA.2.62 OR BA.2.63 OR BA.2.64 OR BA.2.65 OR BA.2.66 OR BA.2.67 OR BA.2.68 OR BA.2.69 OR BA.2.70 OR BA.2.71 OR BA.2.72 OR BA.2.73 OR BA.2.74 OR BA.2.75 OR BA.3 OR BA.3.1 OR BA.4 OR BA.4.1 OR BA.4.1.1 OR BA.4.1.2 OR BA.5 OR BA.5.1 OR BA.5.1.1 OR BA.5.2 OR BA.5.2.1 OR BA.5.2.2 OR BA.5.2.3 OR BA.5.3 OR BA.5.3.1 OR BA.5.3.2 OR BA.5.3.3 OR BA.5.3.4 OR BA.5.4 OR BA.5.5 OR BA.5.6 OR BC.1 OR BC.2 OR BD.1 OR BE.1 OR BE.1.1 OR BE.2 OR BF.1 OR BF.1.1,Omicron,686.857142857143,660,0.96089850249584
2022-02-13,222,217,544.142857142857,527.714285714286,0.969808348647939,0.953800579455337,0.982396579976093,B.1.1.529 OR BA.1 OR BA.1.1 OR BA.1.1.1 OR BA.1.1.2 OR BA.1.1.3 OR BA.1.1.4 OR BA.1.1.5 OR BA.1.1.6 OR BA.1.1.7 OR BA.1.1.8 OR BA.1.1.9 OR BA.1.1.10 OR BA.1.1.11 OR BA.1.1.12 OR BA.1.1.13 OR BA.1.1.14 OR BA.1.1.15 OR BA.1.1.16 OR BA.1.1.17 OR BA.1.1.18 OR BA.1.2 OR BA.1.3 OR BA.1.4 OR BA.1.5 OR BA.1.6 OR BA.1.7 OR BA.1.8 OR BA.1.9 OR BA.1.10 OR BA.1.11 OR BA.1.12 OR BA.1.13 OR BA.1.13.1 OR BA.1.14 OR BA.1.14.1 OR BA.1.14.2 OR BA.1.15 OR BA.1.15.1 OR BA.1.15.2 OR BA.1.15.3 OR BA.1.16 OR BA.1.16.1 OR BA.1.16.2 OR BA.1.17 OR BA.1.17.1 OR BA.1.17.2 OR BA.1.18 OR BA.1.19 OR BA.1.20 OR BA.1.21 OR BA.1.21.1 OR BA.1.22 OR BA.1.23 OR BA.1.24 OR BA.2 OR BA.2.1 OR BA.2.2 OR BA.2.2.1 OR BA.2.3 OR BA.2.3.1 OR BA.2.3.2 OR BA.2.3.3 OR BA.2.3.4 OR BA.2.3.5 OR BA.2.3.6 OR BA.2.3.7 OR BA.2.3.8 OR BA.2.3.9 OR BA.2.3.10 OR BA.2.3.11 OR BA.2.3.12 OR BA.2.3.13 OR BA.2.3.14 OR BA.2.3.15 OR BA.2.3.16 OR BA.2.3.17 OR BA.2.3.18 OR BA.2.4 OR BA.2.5 OR BA.2.6 OR BA.2.7 OR BA.2.8 OR BA.2.9 OR BA.2.9.1 OR BA.2.9.2 OR BA.2.9.3 OR BA.2.9.4 OR BA.2.10 OR BA.2.10.1 OR BA.2.10.2 OR BA.2.10.3 OR BA.2.11 OR BA.2.12 OR BA.2.12.1 OR BA.2.12.2 OR BA.2.13 OR BA.2.14 OR BA.2.15 OR BA.2.16 OR BA.2.17 OR BA.2.18 OR BA.2.19 OR BA.2.20 OR BA.2.21 OR BA.2.22 OR BA.2.23 OR BA.2.23.1 OR BA.2.24 OR BA.2.25 OR BA.2.25.1 OR BA.2.26 OR BA.2.27 OR BA.2.28 OR BA.2.29 OR BA.2.30 OR BA.2.31 OR BA.2.32 OR BA.2.33 OR BA.2.34 OR BA.2.35 OR BA.2.36 OR BA.2.37 OR BA.2.38 OR BA.2.39 OR BA.2.40 OR BA.2.40.1 OR BA.2.41 OR BA.2.42 OR BA.2.43 OR BA.2.44 OR BA.2.45 OR BA.2.46 OR BA.2.47 OR BA.2.48 OR BA.2.49 OR BA.2.50 OR BA.2.51 OR BA.2.52 OR BA.2.53 OR BA.2.54 OR BA.2.55 OR BA.2.56 OR BA.2.56.1 OR BA.2.57 OR BA.2.58 OR BA.2.59 OR BA.2.60 OR BA.2.61 OR BA.2.62 OR BA.2.63 OR BA.2.64 OR BA.2.65 OR BA.2.66 OR BA.2.67 OR BA.2.68 OR BA.2.69 OR BA.2.70 OR BA.2.71 OR BA.2.72 OR BA.2.73 OR BA.2.74 OR BA.2.75 OR BA.3 OR BA.3.1 OR BA.4 OR BA.4.1 OR BA.4.1.1 OR BA.4.1.2 OR BA.5 OR BA.5.1 OR BA.5.1.1 OR BA.5.2 OR BA.5.2.1 OR BA.5.2.2 OR BA.5.2.3 OR BA.5.3 OR BA.5.3.1 OR BA.5.3.2 OR BA.5.3.3 OR BA.5.3.4 OR BA.5.4 OR BA.5.5 OR BA.5.6 OR BC.1 OR BC.2 OR BD.1 OR BE.1 OR BE.1.1 OR BE.2 OR BF.1 OR BF.1.1,Omicron,672,645.571428571429,0.960671768707483
2022-02-14,732,709,500.857142857143,485.571428571429,0.969480889903023,0.952326503675062,0.982394951740219,B.1.1.529 OR BA.1 OR BA.1.1 OR BA.1.1.1 OR BA.1.1.2 OR BA.1.1.3 OR BA.1.1.4 OR BA.1.1.5 OR BA.1.1.6 OR BA.1.1.7 OR BA.1.1.8 OR BA.1.1.9 OR BA.1.1.10 OR BA.1.1.11 OR BA.1.1.12 OR BA.1.1.13 OR BA.1.1.14 OR BA.1.1.15 OR BA.1.1.16 OR BA.1.1.17 OR BA.1.1.18 OR BA.1.2 OR BA.1.3 OR BA.1.4 OR BA.1.5 OR BA.1.6 OR BA.1.7 OR BA.1.8 OR BA.1.9 OR BA.1.10 OR BA.1.11 OR BA.1.12 OR BA.1.13 OR BA.1.13.1 OR BA.1.14 OR BA.1.14.1 OR BA.1.14.2 OR BA.1.15 OR BA.1.15.1 OR BA.1.15.2 OR BA.1.15.3 OR BA.1.16 OR BA.1.16.1 OR BA.1.16.2 OR BA.1.17 OR BA.1.17.1 OR BA.1.17.2 OR BA.1.18 OR BA.1.19 OR BA.1.20 OR BA.1.21 OR BA.1.21.1 OR BA.1.22 OR BA.1.23 OR BA.1.24 OR BA.2 OR BA.2.1 OR BA.2.2 OR BA.2.2.1 OR BA.2.3 OR BA.2.3.1 OR BA.2.3.2 OR BA.2.3.3 OR BA.2.3.4 OR BA.2.3.5 OR BA.2.3.6 OR BA.2.3.7 OR BA.2.3.8 OR BA.2.3.9 OR BA.2.3.10 OR BA.2.3.11 OR BA.2.3.12 OR BA.2.3.13 OR BA.2.3.14 OR BA.2.3.15 OR BA.2.3.16 OR BA.2.3.17 OR BA.2.3.18 OR BA.2.4 OR BA.2.5 OR BA.2.6 OR BA.2.7 OR BA.2.8 OR BA.2.9 OR BA.2.9.1 OR BA.2.9.2 OR BA.2.9.3 OR BA.2.9.4 OR BA.2.10 OR BA.2.10.1 OR BA.2.10.2 OR BA.2.10.3 OR BA.2.11 OR BA.2.12 OR BA.2.12.1 OR BA.2.12.2 OR BA.2.13 OR BA.2.14 OR BA.2.15 OR BA.2.16 OR BA.2.17 OR BA.2.18 OR BA.2.19 OR BA.2.20 OR BA.2.21 OR BA.2.22 OR BA.2.23 OR BA.2.23.1 OR BA.2.24 OR BA.2.25 OR BA.2.25.1 OR BA.2.26 OR BA.2.27 OR BA.2.28 OR BA.2.29 OR BA.2.30 OR BA.2.31 OR BA.2.32 OR BA.2.33 OR BA.2.34 OR BA.2.35 OR BA.2.36 OR BA.2.37 OR BA.2.38 OR BA.2.39 OR BA.2.40 OR BA.2.40.1 OR BA.2.41 OR BA.2.42 OR BA.2.43 OR BA.2.44 OR BA.2.45 OR BA.2.46 OR BA.2.47 OR BA.2.48 OR BA.2.49 OR BA.2.50 OR BA.2.51 OR BA.2.52 OR BA.2.53 OR BA.2.54 OR BA.2.55 OR BA.2.56 OR BA.2.56.1 OR BA.2.57 OR BA.2.58 OR BA.2.59 OR BA.2.60 OR BA.2.61 OR BA.2.62 OR BA.2.63 OR BA.2.64 OR BA.2.65 OR BA.2.66 OR BA.2.67 OR BA.2.68 OR BA.2.69 OR BA.2.70 OR BA.2.71 OR BA.2.72 OR BA.2.73 OR BA.2.74 OR BA.2.75 OR BA.3 OR BA.3.1 OR BA.4 OR BA.4.1 OR BA.4.1.1 OR BA.4.1.2 OR BA.5 OR BA.5.1 OR BA.5.1.1 OR BA.5.2 OR BA.5.2.1 OR BA.5.2.2 OR BA.5.2.3 OR BA.5.3 OR BA.5.3.1 OR BA.5.3.2 OR BA.5.3.3 OR BA.5.3.4 OR BA.5.4 OR BA.5.5 OR BA.5.6 OR BC.1 OR BC.2 OR BD.1 OR BE.1 OR BE.1.1 OR BE.2 OR BF.1 OR BF.1.1,Omicron,638.571428571429,612.928571428571,0.959843400447427
2022-02-15,404,388,431.428571428572,416.571428571429,0.965562913907285,0.947533980879758,0.981264068127144,B.1.1.529 OR BA.1 OR BA.1.1 OR BA.1.1.1 OR BA.1.1.2 OR BA.1.1.3 OR BA.1.1.4 OR BA.1.1.5 OR BA.1.1.6 OR BA.1.1.7 OR BA.1.1.8 OR BA.1.1.9 OR BA.1.1.10 OR BA.1.1.11 OR BA.1.1.12 OR BA.1.1.13 OR BA.1.1.14 OR BA.1.1.15 OR BA.1.1.16 OR BA.1.1.17 OR BA.1.1.18 OR BA.1.2 OR BA.1.3 OR BA.1.4 OR BA.1.5 OR BA.1.6 OR BA.1.7 OR BA.1.8 OR BA.1.9 OR BA.1.10 OR BA.1.11 OR BA.1.12 OR BA.1.13 OR BA.1.13.1 OR BA.1.14 OR BA.1.14.1 OR BA.1.14.2 OR BA.1.15 OR BA.1.15.1 OR BA.1.15.2 OR BA.1.15.3 OR BA.1.16 OR BA.1.16.1 OR BA.1.16.2 OR BA.1.17 OR BA.1.17.1 OR BA.1.17.2 OR BA.1.18 OR BA.1.19 OR BA.1.20 OR BA.1.21 OR BA.1.21.1 OR BA.1.22 OR BA.1.23 OR BA.1.24 OR BA.2 OR BA.2.1 OR BA.2.2 OR BA.2.2.1 OR BA.2.3 OR BA.2.3.1 OR BA.2.3.2 OR BA.2.3.3 OR BA.2.3.4 OR BA.2.3.5 OR BA.2.3.6 OR BA.2.3.7 OR BA.2.3.8 OR BA.2.3.9 OR BA.2.3.10 OR BA.2.3.11 OR BA.2.3.12 OR BA.2.3.13 OR BA.2.3.14 OR BA.2.3.15 OR BA.2.3.16 OR BA.2.3.17 OR BA.2.3.18 OR BA.2.4 OR BA.2.5 OR BA.2.6 OR BA.2.7 OR BA.2.8 OR BA.2.9 OR BA.2.9.1 OR BA.2.9.2 OR BA.2.9.3 OR BA.2.9.4 OR BA.2.10 OR BA.2.10.1 OR BA.2.10.2 OR BA.2.10.3 OR BA.2.11 OR BA.2.12 OR BA.2.12.1 OR BA.2.12.2 OR BA.2.13 OR BA.2.14 OR BA.2.15 OR BA.2.16 OR BA.2.17 OR BA.2.18 OR BA.2.19 OR BA.2.20 OR BA.2.21 OR BA.2.22 OR BA.2.23 OR BA.2.23.1 OR BA.2.24 OR BA.2.25 OR BA.2.25.1 OR BA.2.26 OR BA.2.27 OR BA.2.28 OR BA.2.29 OR BA.2.30 OR BA.2.31 OR BA.2.32 OR BA.2.33 OR BA.2.34 OR BA.2.35 OR BA.2.36 OR BA.2.37 OR BA.2.38 OR BA.2.39 OR BA.2.40 OR BA.2.40.1 OR BA.2.41 OR BA.2.42 OR BA.2.43 OR BA.2.44 OR BA.2.45 OR BA.2.46 OR BA.2.47 OR BA.2.48 OR BA.2.49 OR BA.2.50 OR BA.2.51 OR BA.2.52 OR BA.2.53 OR BA.2.54 OR BA.2.55 OR BA.2.56 OR BA.2.56.1 OR BA.2.57 OR BA.2.58 OR BA.2.59 OR BA.2.60 OR BA.2.61 OR BA.2.62 OR BA.2.63 OR BA.2.64 OR BA.2.65 OR BA.2.66 OR BA.2.67 OR BA.2.68 OR BA.2.69 OR BA.2.70 OR BA.2.71 OR BA.2.72 OR BA.2.73 OR BA.2.74 OR BA.2.75 OR BA.3 OR BA.3.1 OR BA.4 OR BA.4.1 OR BA.4.1.1 OR BA.4.1.2 OR BA.5 OR BA.5.1 OR BA.5.1.1 OR BA.5.2 OR BA.5.2.1 OR BA.5.2.2 OR BA.5.2.3 OR BA.5.3 OR BA.5.3.1 OR BA.5.3.2 OR BA.5.3.3 OR BA.5.3.4 OR BA.5.4 OR BA.5.5 OR BA.5.6 OR BC.1 OR BC.2 OR BD.1 OR BE.1 OR BE.1.1 OR BE.2 OR BF.1 OR BF.1.1,Omicron,595.785714285714,572.142857142857,0.960316508811893
2022-02-16,316,308,400.857142857143,387.142857142857,0.965787598004277,0.943655171681415,0.979852603073457,B.1.1.529 OR BA.1 OR BA.1.1 OR BA.1.1.1 OR BA.1.1.2 OR BA.1.1.3 OR BA.1.1.4 OR BA.1.1.5 OR BA.1.1.6 OR BA.1.1.7 OR BA.1.1.8 OR BA.1.1.9 OR BA.1.1.10 OR BA.1.1.11 OR BA.1.1.12 OR BA.1.1.13 OR BA.1.1.14 OR BA.1.1.15 OR BA.1.1.16 OR BA.1.1.17 OR BA.1.1.18 OR BA.1.2 OR BA.1.3 OR BA.1.4 OR BA.1.5 OR BA.1.6 OR BA.1.7 OR BA.1.8 OR BA.1.9 OR BA.1.10 OR BA.1.11 OR BA.1.12 OR BA.1.13 OR BA.1.13.1 OR BA.1.14 OR BA.1.14.1 OR BA.1.14.2 OR BA.1.15 OR BA.1.15.1 OR BA.1.15.2 OR BA.1.15.3 OR BA.1.16 OR BA.1.16.1 OR BA.1.16.2 OR BA.1.17 OR BA.1.17.1 OR BA.1.17.2 OR BA.1.18 OR BA.1.19 OR BA.1.20 OR BA.1.21 OR BA.1.21.1 OR BA.1.22 OR BA.1.23 OR BA.1.24 OR BA.2 OR BA.2.1 OR BA.2.2 OR BA.2.2.1 OR BA.2.3 OR BA.2.3.1 OR BA.2.3.2 OR BA.2.3.3 OR BA.2.3.4 OR BA.2.3.5 OR BA.2.3.6 OR BA.2.3.7 OR BA.2.3.8 OR BA.2.3.9 OR BA.2.3.10 OR BA.2.3.11 OR BA.2.3.12 OR BA.2.3.13 OR BA.2.3.14 OR BA.2.3.15 OR BA.2.3.16 OR BA.2.3.17 OR BA.2.3.18 OR BA.2.4 OR BA.2.5 OR BA.2.6 OR BA.2.7 OR BA.2.8 OR BA.2.9 OR BA.2.9.1 OR BA.2.9.2 OR BA.2.9.3 OR BA.2.9.4 OR BA.2.10 OR BA.2.10.1 OR BA.2.10.2 OR BA.2.10.3 OR BA.2.11 OR BA.2.12 OR BA.2.12.1 OR BA.2.12.2 OR BA.2.13 OR BA.2.14 OR BA.2.15 OR BA.2.16 OR BA.2.17 OR BA.2.18 OR BA.2.19 OR BA.2.20 OR BA.2.21 OR BA.2.22 OR BA.2.23 OR BA.2.23.1 OR BA.2.24 OR BA.2.25 OR BA.2.25.1 OR BA.2.26 OR BA.2.27 OR BA.2.28 OR BA.2.29 OR BA.2.30 OR BA.2.31 OR BA.2.32 OR BA.2.33 OR BA.2.34 OR BA.2.35 OR BA.2.36 OR BA.2.37 OR BA.2.38 OR BA.2.39 OR BA.2.40 OR BA.2.40.1 OR BA.2.41 OR BA.2.42 OR BA.2.43 OR BA.2.44 OR BA.2.45 OR BA.2.46 OR BA.2.47 OR BA.2.48 OR BA.2.49 OR BA.2.50 OR BA.2.51 OR BA.2.52 OR BA.2.53 OR BA.2.54 OR BA.2.55 OR BA.2.56 OR BA.2.56.1 OR BA.2.57 OR BA.2.58 OR BA.2.59 OR BA.2.60 OR BA.2.61 OR BA.2.62 OR BA.2.63 OR BA.2.64 OR BA.2.65 OR BA.2.66 OR BA.2.67 OR BA.2.68 OR BA.2.69 OR BA.2.70 OR BA.2.71 OR BA.2.72 OR BA.2.73 OR BA.2.74 OR BA.2.75 OR BA.3 OR BA.3.1 OR BA.4 OR BA.4.1 OR BA.4.1.1 OR BA.4.1.2 OR BA.5 OR BA.5.1 OR BA.5.1.1 OR BA.5.2 OR BA.5.2.1 OR BA.5.2.2 OR BA.5.2.3 OR BA.5.3 OR BA.5.3.1 OR BA.5.3.2 OR BA.5.3.3 OR BA.5.3.4 OR BA.5.4 OR BA.5.5 OR BA.5.6 OR BC.1 OR BC.2 OR BD.1 OR BE.1 OR BE.1.1 OR BE.2 OR BF.1 OR BF.1.1,Omicron,557.714285714286,536.071428571429,0.961193647540984
2022-02-17,290,280,371.142857142857,359.857142857143,0.969591993841416,0.949274938760233,0.984147159871428,B.1.1.529 OR BA.1 OR BA.1.1 OR BA.1.1.1 OR BA.1.1.2 OR BA.1.1.3 OR BA.1.1.4 OR BA.1.1.5 OR BA.1.1.6 OR BA.1.1.7 OR BA.1.1.8 OR BA.1.1.9 OR BA.1.1.10 OR BA.1.1.11 OR BA.1.1.12 OR BA.1.1.13 OR BA.1.1.14 OR BA.1.1.15 OR BA.1.1.16 OR BA.1.1.17 OR BA.1.1.18 OR BA.1.2 OR BA.1.3 OR BA.1.4 OR BA.1.5 OR BA.1.6 OR BA.1.7 OR BA.1.8 OR BA.1.9 OR BA.1.10 OR BA.1.11 OR BA.1.12 OR BA.1.13 OR BA.1.13.1 OR BA.1.14 OR BA.1.14.1 OR BA.1.14.2 OR BA.1.15 OR BA.1.15.1 OR BA.1.15.2 OR BA.1.15.3 OR BA.1.16 OR BA.1.16.1 OR BA.1.16.2 OR BA.1.17 OR BA.1.17.1 OR BA.1.17.2 OR BA.1.18 OR BA.1.19 OR BA.1.20 OR BA.1.21 OR BA.1.21.1 OR BA.1.22 OR BA.1.23 OR BA.1.24 OR BA.2 OR BA.2.1 OR BA.2.2 OR BA.2.2.1 OR BA.2.3 OR BA.2.3.1 OR BA.2.3.2 OR BA.2.3.3 OR BA.2.3.4 OR BA.2.3.5 OR BA.2.3.6 OR BA.2.3.7 OR BA.2.3.8 OR BA.2.3.9 OR BA.2.3.10 OR BA.2.3.11 OR BA.2.3.12 OR BA.2.3.13 OR BA.2.3.14 OR BA.2.3.15 OR BA.2.3.16 OR BA.2.3.17 OR BA.2.3.18 OR BA.2.4 OR BA.2.5 OR BA.2.6 OR BA.2.7 OR BA.2.8 OR BA.2.9 OR BA.2.9.1 OR BA.2.9.2 OR BA.2.9.3 OR BA.2.9.4 OR BA.2.10 OR BA.2.10.1 OR BA.2.10.2 OR BA.2.10.3 OR BA.2.11 OR BA.2.12 OR BA.2.12.1 OR BA.2.12.2 OR BA.2.13 OR BA.2.14 OR BA.2.15 OR BA.2.16 OR BA.2.17 OR BA.2.18 OR BA.2.19 OR BA.2.20 OR BA.2.21 OR BA.2.22 OR BA.2.23 OR BA.2.23.1 OR BA.2.24 OR BA.2.25 OR BA.2.25.1 OR BA.2.26 OR BA.2.27 OR BA.2.28 OR BA.2.29 OR BA.2.30 OR BA.2.31 OR BA.2.32 OR BA.2.33 OR BA.2.34 OR BA.2.35 OR BA.2.36 OR BA.2.37 OR BA.2.38 OR BA.2.39 OR BA.2.40 OR BA.2.40.1 OR BA.2.41 OR BA.2.42 OR BA.2.43 OR BA.2.44 OR BA.2.45 OR BA.2.46 OR BA.2.47 OR BA.2.48 OR BA.2.49 OR BA.2.50 OR BA.2.51 OR BA.2.52 OR BA.2.53 OR BA.2.54 OR BA.2.55 OR BA.2.56 OR BA.2.56.1 OR BA.2.57 OR BA.2.58 OR BA.2.59 OR BA.2.60 OR BA.2.61 OR BA.2.62 OR BA.2.63 OR BA.2.64 OR BA.2.65 OR BA.2.66 OR BA.2.67 OR BA.2.68 OR BA.2.69 OR BA.2.70 OR BA.2.71 OR BA.2.72 OR BA.2.73 OR BA.2.74 OR BA.2.75 OR BA.3 OR BA.3.1 OR BA.4 OR BA.4.1 OR BA.4.1.1 OR BA.4.1.2 OR BA.5 OR BA.5.1 OR BA.5.1.1 OR BA.5.2 OR BA.5.2.1 OR BA.5.2.2 OR BA.5.2.3 OR BA.5.3 OR BA.5.3.1 OR BA.5.3.2 OR BA.5.3.3 OR BA.5.3.4 OR BA.5.4 OR BA.5.5 OR BA.5.6 OR BC.1 OR BC.2 OR BD.1 OR BE.1 OR BE.1.1 OR BE.2 OR BF.1 OR BF.1.1,Omicron,523.785714285714,503.5,0.96127096686213
2022-02-18,245,239,364.285714285714,353.142857142857,0.969411764705882,0.94831100469463,0.983840310986592,B.1.1.529 OR BA.1 OR BA.1.1 OR BA.1.1.1 OR BA.1.1.2 OR BA.1.1.3 OR BA.1.1.4 OR BA.1.1.5 OR BA.1.1.6 OR BA.1.1.7 OR BA.1.1.8 OR BA.1.1.9 OR BA.1.1.10 OR BA.1.1.11 OR BA.1.1.12 OR BA.1.1.13 OR BA.1.1.14 OR BA.1.1.15 OR BA.1.1.16 OR BA.1.1.17 OR BA.1.1.18 OR BA.1.2 OR BA.1.3 OR BA.1.4 OR BA.1.5 OR BA.1.6 OR BA.1.7 OR BA.1.8 OR BA.1.9 OR BA.1.10 OR BA.1.11 OR BA.1.12 OR BA.1.13 OR BA.1.13.1 OR BA.1.14 OR BA.1.14.1 OR BA.1.14.2 OR BA.1.15 OR BA.1.15.1 OR BA.1.15.2 OR BA.1.15.3 OR BA.1.16 OR BA.1.16.1 OR BA.1.16.2 OR BA.1.17 OR BA.1.17.1 OR BA.1.17.2 OR BA.1.18 OR BA.1.19 OR BA.1.20 OR BA.1.21 OR BA.1.21.1 OR BA.1.22 OR BA.1.23 OR BA.1.24 OR BA.2 OR BA.2.1 OR BA.2.2 OR BA.2.2.1 OR BA.2.3 OR BA.2.3.1 OR BA.2.3.2 OR BA.2.3.3 OR BA.2.3.4 OR BA.2.3.5 OR BA.2.3.6 OR BA.2.3.7 OR BA.2.3.8 OR BA.2.3.9 OR BA.2.3.10 OR BA.2.3.11 OR BA.2.3.12 OR BA.2.3.13 OR BA.2.3.14 OR BA.2.3.15 OR BA.2.3.16 OR BA.2.3.17 OR BA.2.3.18 OR BA.2.4 OR BA.2.5 OR BA.2.6 OR BA.2.7 OR BA.2.8 OR BA.2.9 OR BA.2.9.1 OR BA.2.9.2 OR BA.2.9.3 OR BA.2.9.4 OR BA.2.10 OR BA.2.10.1 OR BA.2.10.2 OR BA.2.10.3 OR BA.2.11 OR BA.2.12 OR BA.2.12.1 OR BA.2.12.2 OR BA.2.13 OR BA.2.14 OR BA.2.15 OR BA.2.16 OR BA.2.17 OR BA.2.18 OR BA.2.19 OR BA.2.20 OR BA.2.21 OR BA.2.22 OR BA.2.23 OR BA.2.23.1 OR BA.2.24 OR BA.2.25 OR BA.2.25.1 OR BA.2.26 OR BA.2.27 OR BA.2.28 OR BA.2.29 OR BA.2.30 OR BA.2.31 OR BA.2.32 OR BA.2.33 OR BA.2.34 OR BA.2.35 OR BA.2.36 OR BA.2.37 OR BA.2.38 OR BA.2.39 OR BA.2.40 OR BA.2.40.1 OR BA.2.41 OR BA.2.42 OR BA.2.43 OR BA.2.44 OR BA.2.45 OR BA.2.46 OR BA.2.47 OR BA.2.48 OR BA.2.49 OR BA.2.50 OR BA.2.51 OR BA.2.52 OR BA.2.53 OR BA.2.54 OR BA.2.55 OR BA.2.56 OR BA.2.56.1 OR BA.2.57 OR BA.2.58 OR BA.2.59 OR BA.2.60 OR BA.2.61 OR BA.2.62 OR BA.2.63 OR BA.2.64 OR BA.2.65 OR BA.2.66 OR BA.2.67 OR BA.2.68 OR BA.2.69 OR BA.2.70 OR BA.2.71 OR BA.2.72 OR BA.2.73 OR BA.2.74 OR BA.2.75 OR BA.3 OR BA.3.1 OR BA.4 OR BA.4.1 OR BA.4.1.1 OR BA.4.1.2 OR BA.5 OR BA.5.1 OR BA.5.1.1 OR BA.5.2 OR BA.5.2.1 OR BA.5.2.2 OR BA.5.2.3 OR BA.5.3 OR BA.5.3.1 OR BA.5.3.2 OR BA.5.3.3 OR BA.5.3.4 OR BA.5.4 OR BA.5.5 OR BA.5.6 OR BC.1 OR BC.2 OR BD.1 OR BE.1 OR BE.1.1 OR BE.2 OR BF.1 OR BF.1.1,Omicron,482.785714285714,465.642857142857,0.964491788726143
2022-02-19,152,143,337.285714285714,326.285714285714,0.967386700550614,0.944222708764516,0.982536494798555,B.1.1.529 OR BA.1 OR BA.1.1 OR BA.1.1.1 OR BA.1.1.2 OR BA.1.1.3 OR BA.1.1.4 OR BA.1.1.5 OR BA.1.1.6 OR BA.1.1.7 OR BA.1.1.8 OR BA.1.1.9 OR BA.1.1.10 OR BA.1.1.11 OR BA.1.1.12 OR BA.1.1.13 OR BA.1.1.14 OR BA.1.1.15 OR BA.1.1.16 OR BA.1.1.17 OR BA.1.1.18 OR BA.1.2 OR BA.1.3 OR BA.1.4 OR BA.1.5 OR BA.1.6 OR BA.1.7 OR BA.1.8 OR BA.1.9 OR BA.1.10 OR BA.1.11 OR BA.1.12 OR BA.1.13 OR BA.1.13.1 OR BA.1.14 OR BA.1.14.1 OR BA.1.14.2 OR BA.1.15 OR BA.1.15.1 OR BA.1.15.2 OR BA.1.15.3 OR BA.1.16 OR BA.1.16.1 OR BA.1.16.2 OR BA.1.17 OR BA.1.17.1 OR BA.1.17.2 OR BA.1.18 OR BA.1.19 OR BA.1.20 OR BA.1.21 OR BA.1.21.1 OR BA.1.22 OR BA.1.23 OR BA.1.24 OR BA.2 OR BA.2.1 OR BA.2.2 OR BA.2.2.1 OR BA.2.3 OR BA.2.3.1 OR BA.2.3.2 OR BA.2.3.3 OR BA.2.3.4 OR BA.2.3.5 OR BA.2.3.6 OR BA.2.3.7 OR BA.2.3.8 OR BA.2.3.9 OR BA.2.3.10 OR BA.2.3.11 OR BA.2.3.12 OR BA.2.3.13 OR BA.2.3.14 OR BA.2.3.15 OR BA.2.3.16 OR BA.2.3.17 OR BA.2.3.18 OR BA.2.4 OR BA.2.5 OR BA.2.6 OR BA.2.7 OR BA.2.8 OR BA.2.9 OR BA.2.9.1 OR BA.2.9.2 OR BA.2.9.3 OR BA.2.9.4 OR BA.2.10 OR BA.2.10.1 OR BA.2.10.2 OR BA.2.10.3 OR BA.2.11 OR BA.2.12 OR BA.2.12.1 OR BA.2.12.2 OR BA.2.13 OR BA.2.14 OR BA.2.15 OR BA.2.16 OR BA.2.17 OR BA.2.18 OR BA.2.19 OR BA.2.20 OR BA.2.21 OR BA.2.22 OR BA.2.23 OR BA.2.23.1 OR BA.2.24 OR BA.2.25 OR BA.2.25.1 OR BA.2.26 OR BA.2.27 OR BA.2.28 OR BA.2.29 OR BA.2.30 OR BA.2.31 OR BA.2.32 OR BA.2.33 OR BA.2.34 OR BA.2.35 OR BA.2.36 OR BA.2.37 OR BA.2.38 OR BA.2.39 OR BA.2.40 OR BA.2.40.1 OR BA.2.41 OR BA.2.42 OR BA.2.43 OR BA.2.44 OR BA.2.45 OR BA.2.46 OR BA.2.47 OR BA.2.48 OR BA.2.49 OR BA.2.50 OR BA.2.51 OR BA.2.52 OR BA.2.53 OR BA.2.54 OR BA.2.55 OR BA.2.56 OR BA.2.56.1 OR BA.2.57 OR BA.2.58 OR BA.2.59 OR BA.2.60 OR BA.2.61 OR BA.2.62 OR BA.2.63 OR BA.2.64 OR BA.2.65 OR BA.2.66 OR BA.2.67 OR BA.2.68 OR BA.2.69 OR BA.2.70 OR BA.2.71 OR BA.2.72 OR BA.2.73 OR BA.2.74 OR BA.2.75 OR BA.3 OR BA.3.1 OR BA.4 OR BA.4.1 OR BA.4.1.1 OR BA.4.1.2 OR BA.5 OR BA.5.1 OR BA.5.1.1 OR BA.5.2 OR BA.5.2.1 OR BA.5.2.2 OR BA.5.2.3 OR BA.5.3 OR BA.5.3.1 OR BA.5.3.2 OR BA.5.3.3 OR BA.5.3.4 OR BA.5.4 OR BA.5.5 OR BA.5.6 OR BC.1 OR BC.2 OR BD.1 OR BE.1 OR BE.1.1 OR BE.2 OR BF.1 OR BF.1.1,Omicron,459.785714285714,443.714285714286,0.965045828802237
2022-02-20,192,184,333,321.571428571429,0.965679965679966,0.943561389600377,0.982325226052985,B.1.1.529 OR BA.1 OR BA.1.1 OR BA.1.1.1 OR BA.1.1.2 OR BA.1.1.3 OR BA.1.1.4 OR BA.1.1.5 OR BA.1.1.6 OR BA.1.1.7 OR BA.1.1.8 OR BA.1.1.9 OR BA.1.1.10 OR BA.1.1.11 OR BA.1.1.12 OR BA.1.1.13 OR BA.1.1.14 OR BA.1.1.15 OR BA.1.1.16 OR BA.1.1.17 OR BA.1.1.18 OR BA.1.2 OR BA.1.3 OR BA.1.4 OR BA.1.5 OR BA.1.6 OR BA.1.7 OR BA.1.8 OR BA.1.9 OR BA.1.10 OR BA.1.11 OR BA.1.12 OR BA.1.13 OR BA.1.13.1 OR BA.1.14 OR BA.1.14.1 OR BA.1.14.2 OR BA.1.15 OR BA.1.15.1 OR BA.1.15.2 OR BA.1.15.3 OR BA.1.16 OR BA.1.16.1 OR BA.1.16.2 OR BA.1.17 OR BA.1.17.1 OR BA.1.17.2 OR BA.1.18 OR BA.1.19 OR BA.1.20 OR BA.1.21 OR BA.1.21.1 OR BA.1.22 OR BA.1.23 OR BA.1.24 OR BA.2 OR BA.2.1 OR BA.2.2 OR BA.2.2.1 OR BA.2.3 OR BA.2.3.1 OR BA.2.3.2 OR BA.2.3.3 OR BA.2.3.4 OR BA.2.3.5 OR BA.2.3.6 OR BA.2.3.7 OR BA.2.3.8 OR BA.2.3.9 OR BA.2.3.10 OR BA.2.3.11 OR BA.2.3.12 OR BA.2.3.13 OR BA.2.3.14 OR BA.2.3.15 OR BA.2.3.16 OR BA.2.3.17 OR BA.2.3.18 OR BA.2.4 OR BA.2.5 OR BA.2.6 OR BA.2.7 OR BA.2.8 OR BA.2.9 OR BA.2.9.1 OR BA.2.9.2 OR BA.2.9.3 OR BA.2.9.4 OR BA.2.10 OR BA.2.10.1 OR BA.2.10.2 OR BA.2.10.3 OR BA.2.11 OR BA.2.12 OR BA.2.12.1 OR BA.2.12.2 OR BA.2.13 OR BA.2.14 OR BA.2.15 OR BA.2.16 OR BA.2.17 OR BA.2.18 OR BA.2.19 OR BA.2.20 OR BA.2.21 OR BA.2.22 OR BA.2.23 OR BA.2.23.1 OR BA.2.24 OR BA.2.25 OR BA.2.25.1 OR BA.2.26 OR BA.2.27 OR BA.2.28 OR BA.2.29 OR BA.2.30 OR BA.2.31 OR BA.2.32 OR BA.2.33 OR BA.2.34 OR BA.2.35 OR BA.2.36 OR BA.2.37 OR BA.2.38 OR BA.2.39 OR BA.2.40 OR BA.2.40.1 OR BA.2.41 OR BA.2.42 OR BA.2.43 OR BA.2.44 OR BA.2.45 OR BA.2.46 OR BA.2.47 OR BA.2.48 OR BA.2.49 OR BA.2.50 OR BA.2.51 OR BA.2.52 OR BA.2.53 OR BA.2.54 OR BA.2.55 OR BA.2.56 OR BA.2.56.1 OR BA.2.57 OR BA.2.58 OR BA.2.59 OR BA.2.60 OR BA.2.61 OR BA.2.62 OR BA.2.63 OR BA.2.64 OR BA.2.65 OR BA.2.66 OR BA.2.67 OR BA.2.68 OR BA.2.69 OR BA.2.70 OR BA.2.71 OR BA.2.72 OR BA.2.73 OR BA.2.74 OR BA.2.75 OR BA.3 OR BA.3.1 OR BA.4 OR BA.4.1 OR BA.4.1.1 OR BA.4.1.2 OR BA.5 OR BA.5.1 OR BA.5.1.1 OR BA.5.2 OR BA.5.2.1 OR BA.5.2.2 OR BA.5.2.3 OR BA.5.3 OR BA.5.3.1 OR BA.5.3.2 OR BA.5.3.3 OR BA.5.3.4 OR BA.5.4 OR BA.5.5 OR BA.5.6 OR BC.1 OR BC.2 OR BD.1 OR BE.1 OR BE.1.1 OR BE.2 OR BF.1 OR BF.1.1,Omicron,438.571428571429,424.642857142857,0.968241042345277
2022-02-21,403,384,286,275.142857142857,0.962037962037962,0.934426384972305,0.979396439364157,B.1.1.529 OR BA.1 OR BA.1.1 OR BA.1.1.1 OR BA.1.1.2 OR BA.1.1.3 OR BA.1.1.4 OR BA.1.1.5 OR BA.1.1.6 OR BA.1.1.7 OR BA.1.1.8 OR BA.1.1.9 OR BA.1.1.10 OR BA.1.1.11 OR BA.1.1.12 OR BA.1.1.13 OR BA.1.1.14 OR BA.1.1.15 OR BA.1.1.16 OR BA.1.1.17 OR BA.1.1.18 OR BA.1.2 OR BA.1.3 OR BA.1.4 OR BA.1.5 OR BA.1.6 OR BA.1.7 OR BA.1.8 OR BA.1.9 OR BA.1.10 OR BA.1.11 OR BA.1.12 OR BA.1.13 OR BA.1.13.1 OR BA.1.14 OR BA.1.14.1 OR BA.1.14.2 OR BA.1.15 OR BA.1.15.1 OR BA.1.15.2 OR BA.1.15.3 OR BA.1.16 OR BA.1.16.1 OR BA.1.16.2 OR BA.1.17 OR BA.1.17.1 OR BA.1.17.2 OR BA.1.18 OR BA.1.19 OR BA.1.20 OR BA.1.21 OR BA.1.21.1 OR BA.1.22 OR BA.1.23 OR BA.1.24 OR BA.2 OR BA.2.1 OR BA.2.2 OR BA.2.2.1 OR BA.2.3 OR BA.2.3.1 OR BA.2.3.2 OR BA.2.3.3 OR BA.2.3.4 OR BA.2.3.5 OR BA.2.3.6 OR BA.2.3.7 OR BA.2.3.8 OR BA.2.3.9 OR BA.2.3.10 OR BA.2.3.11 OR BA.2.3.12 OR BA.2.3.13 OR BA.2.3.14 OR BA.2.3.15 OR BA.2.3.16 OR BA.2.3.17 OR BA.2.3.18 OR BA.2.4 OR BA.2.5 OR BA.2.6 OR BA.2.7 OR BA.2.8 OR BA.2.9 OR BA.2.9.1 OR BA.2.9.2 OR BA.2.9.3 OR BA.2.9.4 OR BA.2.10 OR BA.2.10.1 OR BA.2.10.2 OR BA.2.10.3 OR BA.2.11 OR BA.2.12 OR BA.2.12.1 OR BA.2.12.2 OR BA.2.13 OR BA.2.14 OR BA.2.15 OR BA.2.16 OR BA.2.17 OR BA.2.18 OR BA.2.19 OR BA.2.20 OR BA.2.21 OR BA.2.22 OR BA.2.23 OR BA.2.23.1 OR BA.2.24 OR BA.2.25 OR BA.2.25.1 OR BA.2.26 OR BA.2.27 OR BA.2.28 OR BA.2.29 OR BA.2.30 OR BA.2.31 OR BA.2.32 OR BA.2.33 OR BA.2.34 OR BA.2.35 OR BA.2.36 OR BA.2.37 OR BA.2.38 OR BA.2.39 OR BA.2.40 OR BA.2.40.1 OR BA.2.41 OR BA.2.42 OR BA.2.43 OR BA.2.44 OR BA.2.45 OR BA.2.46 OR BA.2.47 OR BA.2.48 OR BA.2.49 OR BA.2.50 OR BA.2.51 OR BA.2.52 OR BA.2.53 OR BA.2.54 OR BA.2.55 OR BA.2.56 OR BA.2.56.1 OR BA.2.57 OR BA.2.58 OR BA.2.59 OR BA.2.60 OR BA.2.61 OR BA.2.62 OR BA.2.63 OR BA.2.64 OR BA.2.65 OR BA.2.66 OR BA.2.67 OR BA.2.68 OR BA.2.69 OR BA.2.70 OR BA.2.71 OR BA.2.72 OR BA.2.73 OR BA.2.74 OR BA.2.75 OR BA.3 OR BA.3.1 OR BA.4 OR BA.4.1 OR BA.4.1.1 OR BA.4.1.2 OR BA.5 OR BA.5.1 OR BA.5.1.1 OR BA.5.2 OR BA.5.2.1 OR BA.5.2.2 OR BA.5.2.3 OR BA.5.3 OR BA.5.3.1 OR BA.5.3.2 OR BA.5.3.3 OR BA.5.3.4 OR BA.5.4 OR BA.5.5 OR BA.5.6 OR BC.1 OR BC.2 OR BD.1 OR BE.1 OR BE.1.1 OR BE.2 OR BF.1 OR BF.1.1,Omicron,393.428571428571,380.357142857143,0.96677559912854
2022-02-22,275,268,267.571428571429,258,0.964228510411105,0.934823501161757,0.980656996989235,B.1.1.529 OR BA.1 OR BA.1.1 OR BA.1.1.1 OR BA.1.1.2 OR BA.1.1.3 OR BA.1.1.4 OR BA.1.1.5 OR BA.1.1.6 OR BA.1.1.7 OR BA.1.1.8 OR BA.1.1.9 OR BA.1.1.10 OR BA.1.1.11 OR BA.1.1.12 OR BA.1.1.13 OR BA.1.1.14 OR BA.1.1.15 OR BA.1.1.16 OR BA.1.1.17 OR BA.1.1.18 OR BA.1.2 OR BA.1.3 OR BA.1.4 OR BA.1.5 OR BA.1.6 OR BA.1.7 OR BA.1.8 OR BA.1.9 OR BA.1.10 OR BA.1.11 OR BA.1.12 OR BA.1.13 OR BA.1.13.1 OR BA.1.14 OR BA.1.14.1 OR BA.1.14.2 OR BA.1.15 OR BA.1.15.1 OR BA.1.15.2 OR BA.1.15.3 OR BA.1.16 OR BA.1.16.1 OR BA.1.16.2 OR BA.1.17 OR BA.1.17.1 OR BA.1.17.2 OR BA.1.18 OR BA.1.19 OR BA.1.20 OR BA.1.21 OR BA.1.21.1 OR BA.1.22 OR BA.1.23 OR BA.1.24 OR BA.2 OR BA.2.1 OR BA.2.2 OR BA.2.2.1 OR BA.2.3 OR BA.2.3.1 OR BA.2.3.2 OR BA.2.3.3 OR BA.2.3.4 OR BA.2.3.5 OR BA.2.3.6 OR BA.2.3.7 OR BA.2.3.8 OR BA.2.3.9 OR BA.2.3.10 OR BA.2.3.11 OR BA.2.3.12 OR BA.2.3.13 OR BA.2.3.14 OR BA.2.3.15 OR BA.2.3.16 OR BA.2.3.17 OR BA.2.3.18 OR BA.2.4 OR BA.2.5 OR BA.2.6 OR BA.2.7 OR BA.2.8 OR BA.2.9 OR BA.2.9.1 OR BA.2.9.2 OR BA.2.9.3 OR BA.2.9.4 OR BA.2.10 OR BA.2.10.1 OR BA.2.10.2 OR BA.2.10.3 OR BA.2.11 OR BA.2.12 OR BA.2.12.1 OR BA.2.12.2 OR BA.2.13 OR BA.2.14 OR BA.2.15 OR BA.2.16 OR BA.2.17 OR BA.2.18 OR BA.2.19 OR BA.2.20 OR BA.2.21 OR BA.2.22 OR BA.2.23 OR BA.2.23.1 OR BA.2.24 OR BA.2.25 OR BA.2.25.1 OR BA.2.26 OR BA.2.27 OR BA.2.28 OR BA.2.29 OR BA.2.30 OR BA.2.31 OR BA.2.32 OR BA.2.33 OR BA.2.34 OR BA.2.35 OR BA.2.36 OR BA.2.37 OR BA.2.38 OR BA.2.39 OR BA.2.40 OR BA.2.40.1 OR BA.2.41 OR BA.2.42 OR BA.2.43 OR BA.2.44 OR BA.2.45 OR BA.2.46 OR BA.2.47 OR BA.2.48 OR BA.2.49 OR BA.2.50 OR BA.2.51 OR BA.2.52 OR BA.2.53 OR BA.2.54 OR BA.2.55 OR BA.2.56 OR BA.2.56.1 OR BA.2.57 OR BA.2.58 OR BA.2.59 OR BA.2.60 OR BA.2.61 OR BA.2.62 OR BA.2.63 OR BA.2.64 OR BA.2.65 OR BA.2.66 OR BA.2.67 OR BA.2.68 OR BA.2.69 OR BA.2.70 OR BA.2.71 OR BA.2.72 OR BA.2.73 OR BA.2.74 OR BA.2.75 OR BA.3 OR BA.3.1 OR BA.4 OR BA.4.1 OR BA.4.1.1 OR BA.4.1.2 OR BA.5 OR BA.5.1 OR BA.5.1.1 OR BA.5.2 OR BA.5.2.1 OR BA.5.2.2 OR BA.5.2.3 OR BA.5.3 OR BA.5.3.1 OR BA.5.3.2 OR BA.5.3.3 OR BA.5.3.4 OR BA.5.4 OR BA.5.5 OR BA.5.6 OR BC.1 OR BC.2 OR BD.1 OR BE.1 OR BE.1.1 OR BE.2 OR BF.1 OR BF.1.1,Omicron,349.5,337.285714285714,0.965052115266707
2022-02-23,137,133,242,233,0.962809917355372,0.93323174096532,0.981441765091441,B.1.1.529 OR BA.1 OR BA.1.1 OR BA.1.1.1 OR BA.1.1.2 OR BA.1.1.3 OR BA.1.1.4 OR BA.1.1.5 OR BA.1.1.6 OR BA.1.1.7 OR BA.1.1.8 OR BA.1.1.9 OR BA.1.1.10 OR BA.1.1.11 OR BA.1.1.12 OR BA.1.1.13 OR BA.1.1.14 OR BA.1.1.15 OR BA.1.1.16 OR BA.1.1.17 OR BA.1.1.18 OR BA.1.2 OR BA.1.3 OR BA.1.4 OR BA.1.5 OR BA.1.6 OR BA.1.7 OR BA.1.8 OR BA.1.9 OR BA.1.10 OR BA.1.11 OR BA.1.12 OR BA.1.13 OR BA.1.13.1 OR BA.1.14 OR BA.1.14.1 OR BA.1.14.2 OR BA.1.15 OR BA.1.15.1 OR BA.1.15.2 OR BA.1.15.3 OR BA.1.16 OR BA.1.16.1 OR BA.1.16.2 OR BA.1.17 OR BA.1.17.1 OR BA.1.17.2 OR BA.1.18 OR BA.1.19 OR BA.1.20 OR BA.1.21 OR BA.1.21.1 OR BA.1.22 OR BA.1.23 OR BA.1.24 OR BA.2 OR BA.2.1 OR BA.2.2 OR BA.2.2.1 OR BA.2.3 OR BA.2.3.1 OR BA.2.3.2 OR BA.2.3.3 OR BA.2.3.4 OR BA.2.3.5 OR BA.2.3.6 OR BA.2.3.7 OR BA.2.3.8 OR BA.2.3.9 OR BA.2.3.10 OR BA.2.3.11 OR BA.2.3.12 OR BA.2.3.13 OR BA.2.3.14 OR BA.2.3.15 OR BA.2.3.16 OR BA.2.3.17 OR BA.2.3.18 OR BA.2.4 OR BA.2.5 OR BA.2.6 OR BA.2.7 OR BA.2.8 OR BA.2.9 OR BA.2.9.1 OR BA.2.9.2 OR BA.2.9.3 OR BA.2.9.4 OR BA.2.10 OR BA.2.10.1 OR BA.2.10.2 OR BA.2.10.3 OR BA.2.11 OR BA.2.12 OR BA.2.12.1 OR BA.2.12.2 OR BA.2.13 OR BA.2.14 OR BA.2.15 OR BA.2.16 OR BA.2.17 OR BA.2.18 OR BA.2.19 OR BA.2.20 OR BA.2.21 OR BA.2.22 OR BA.2.23 OR BA.2.23.1 OR BA.2.24 OR BA.2.25 OR BA.2.25.1 OR BA.2.26 OR BA.2.27 OR BA.2.28 OR BA.2.29 OR BA.2.30 OR BA.2.31 OR BA.2.32 OR BA.2.33 OR BA.2.34 OR BA.2.35 OR BA.2.36 OR BA.2.37 OR BA.2.38 OR BA.2.39 OR BA.2.40 OR BA.2.40.1 OR BA.2.41 OR BA.2.42 OR BA.2.43 OR BA.2.44 OR BA.2.45 OR BA.2.46 OR BA.2.47 OR BA.2.48 OR BA.2.49 OR BA.2.50 OR BA.2.51 OR BA.2.52 OR BA.2.53 OR BA.2.54 OR BA.2.55 OR BA.2.56 OR BA.2.56.1 OR BA.2.57 OR BA.2.58 OR BA.2.59 OR BA.2.60 OR BA.2.61 OR BA.2.62 OR BA.2.63 OR BA.2.64 OR BA.2.65 OR BA.2.66 OR BA.2.67 OR BA.2.68 OR BA.2.69 OR BA.2.70 OR BA.2.71 OR BA.2.72 OR BA.2.73 OR BA.2.74 OR BA.2.75 OR BA.3 OR BA.3.1 OR BA.4 OR BA.4.1 OR BA.4.1.1 OR BA.4.1.2 OR BA.5 OR BA.5.1 OR BA.5.1.1 OR BA.5.2 OR BA.5.2.1 OR BA.5.2.2 OR BA.5.2.3 OR BA.5.3 OR BA.5.3.1 OR BA.5.3.2 OR BA.5.3.3 OR BA.5.3.4 OR BA.5.4 OR BA.5.5 OR BA.5.6 OR BC.1 OR BC.2 OR BD.1 OR BE.1 OR BE.1.1 OR BE.2 OR BF.1 OR BF.1.1,Omicron,321.428571428571,310.071428571429,0.964666666666666
2022-02-24,159,156,223.285714285714,215.285714285714,0.964171465131158,0.933455805965945,0.982896327458517,B.1.1.529 OR BA.1 OR BA.1.1 OR BA.1.1.1 OR BA.1.1.2 OR BA.1.1.3 OR BA.1.1.4 OR BA.1.1.5 OR BA.1.1.6 OR BA.1.1.7 OR BA.1.1.8 OR BA.1.1.9 OR BA.1.1.10 OR BA.1.1.11 OR BA.1.1.12 OR BA.1.1.13 OR BA.1.1.14 OR BA.1.1.15 OR BA.1.1.16 OR BA.1.1.17 OR BA.1.1.18 OR BA.1.2 OR BA.1.3 OR BA.1.4 OR BA.1.5 OR BA.1.6 OR BA.1.7 OR BA.1.8 OR BA.1.9 OR BA.1.10 OR BA.1.11 OR BA.1.12 OR BA.1.13 OR BA.1.13.1 OR BA.1.14 OR BA.1.14.1 OR BA.1.14.2 OR BA.1.15 OR BA.1.15.1 OR BA.1.15.2 OR BA.1.15.3 OR BA.1.16 OR BA.1.16.1 OR BA.1.16.2 OR BA.1.17 OR BA.1.17.1 OR BA.1.17.2 OR BA.1.18 OR BA.1.19 OR BA.1.20 OR BA.1.21 OR BA.1.21.1 OR BA.1.22 OR BA.1.23 OR BA.1.24 OR BA.2 OR BA.2.1 OR BA.2.2 OR BA.2.2.1 OR BA.2.3 OR BA.2.3.1 OR BA.2.3.2 OR BA.2.3.3 OR BA.2.3.4 OR BA.2.3.5 OR BA.2.3.6 OR BA.2.3.7 OR BA.2.3.8 OR BA.2.3.9 OR BA.2.3.10 OR BA.2.3.11 OR BA.2.3.12 OR BA.2.3.13 OR BA.2.3.14 OR BA.2.3.15 OR BA.2.3.16 OR BA.2.3.17 OR BA.2.3.18 OR BA.2.4 OR BA.2.5 OR BA.2.6 OR BA.2.7 OR BA.2.8 OR BA.2.9 OR BA.2.9.1 OR BA.2.9.2 OR BA.2.9.3 OR BA.2.9.4 OR BA.2.10 OR BA.2.10.1 OR BA.2.10.2 OR BA.2.10.3 OR BA.2.11 OR BA.2.12 OR BA.2.12.1 OR BA.2.12.2 OR BA.2.13 OR BA.2.14 OR BA.2.15 OR BA.2.16 OR BA.2.17 OR BA.2.18 OR BA.2.19 OR BA.2.20 OR BA.2.21 OR BA.2.22 OR BA.2.23 OR BA.2.23.1 OR BA.2.24 OR BA.2.25 OR BA.2.25.1 OR BA.2.26 OR BA.2.27 OR BA.2.28 OR BA.2.29 OR BA.2.30 OR BA.2.31 OR BA.2.32 OR BA.2.33 OR BA.2.34 OR BA.2.35 OR BA.2.36 OR BA.2.37 OR BA.2.38 OR BA.2.39 OR BA.2.40 OR BA.2.40.1 OR BA.2.41 OR BA.2.42 OR BA.2.43 OR BA.2.44 OR BA.2.45 OR BA.2.46 OR BA.2.47 OR BA.2.48 OR BA.2.49 OR BA.2.50 OR BA.2.51 OR BA.2.52 OR BA.2.53 OR BA.2.54 OR BA.2.55 OR BA.2.56 OR BA.2.56.1 OR BA.2.57 OR BA.2.58 OR BA.2.59 OR BA.2.60 OR BA.2.61 OR BA.2.62 OR BA.2.63 OR BA.2.64 OR BA.2.65 OR BA.2.66 OR BA.2.67 OR BA.2.68 OR BA.2.69 OR BA.2.70 OR BA.2.71 OR BA.2.72 OR BA.2.73 OR BA.2.74 OR BA.2.75 OR BA.3 OR BA.3.1 OR BA.4 OR BA.4.1 OR BA.4.1.1 OR BA.4.1.2 OR BA.5 OR BA.5.1 OR BA.5.1.1 OR BA.5.2 OR BA.5.2.1 OR BA.5.2.2 OR BA.5.2.3 OR BA.5.3 OR BA.5.3.1 OR BA.5.3.2 OR BA.5.3.3 OR BA.5.3.4 OR BA.5.4 OR BA.5.5 OR BA.5.6 OR BC.1 OR BC.2 OR BD.1 OR BE.1 OR BE.1.1 OR BE.2 OR BF.1 OR BF.1.1,Omicron,297.214285714286,287.571428571429,0.967555875991348
2022-02-25,258,251,225.142857142857,217,0.963832487309645,0.934037226290989,0.983049645204652,B.1.1.529 OR BA.1 OR BA.1.1 OR BA.1.1.1 OR BA.1.1.2 OR BA.1.1.3 OR BA.1.1.4 OR BA.1.1.5 OR BA.1.1.6 OR BA.1.1.7 OR BA.1.1.8 OR BA.1.1.9 OR BA.1.1.10 OR BA.1.1.11 OR BA.1.1.12 OR BA.1.1.13 OR BA.1.1.14 OR BA.1.1.15 OR BA.1.1.16 OR BA.1.1.17 OR BA.1.1.18 OR BA.1.2 OR BA.1.3 OR BA.1.4 OR BA.1.5 OR BA.1.6 OR BA.1.7 OR BA.1.8 OR BA.1.9 OR BA.1.10 OR BA.1.11 OR BA.1.12 OR BA.1.13 OR BA.1.13.1 OR BA.1.14 OR BA.1.14.1 OR BA.1.14.2 OR BA.1.15 OR BA.1.15.1 OR BA.1.15.2 OR BA.1.15.3 OR BA.1.16 OR BA.1.16.1 OR BA.1.16.2 OR BA.1.17 OR BA.1.17.1 OR BA.1.17.2 OR BA.1.18 OR BA.1.19 OR BA.1.20 OR BA.1.21 OR BA.1.21.1 OR BA.1.22 OR BA.1.23 OR BA.1.24 OR BA.2 OR BA.2.1 OR BA.2.2 OR BA.2.2.1 OR BA.2.3 OR BA.2.3.1 OR BA.2.3.2 OR BA.2.3.3 OR BA.2.3.4 OR BA.2.3.5 OR BA.2.3.6 OR BA.2.3.7 OR BA.2.3.8 OR BA.2.3.9 OR BA.2.3.10 OR BA.2.3.11 OR BA.2.3.12 OR BA.2.3.13 OR BA.2.3.14 OR BA.2.3.15 OR BA.2.3.16 OR BA.2.3.17 OR BA.2.3.18 OR BA.2.4 OR BA.2.5 OR BA.2.6 OR BA.2.7 OR BA.2.8 OR BA.2.9 OR BA.2.9.1 OR BA.2.9.2 OR BA.2.9.3 OR BA.2.9.4 OR BA.2.10 OR BA.2.10.1 OR BA.2.10.2 OR BA.2.10.3 OR BA.2.11 OR BA.2.12 OR BA.2.12.1 OR BA.2.12.2 OR BA.2.13 OR BA.2.14 OR BA.2.15 OR BA.2.16 OR BA.2.17 OR BA.2.18 OR BA.2.19 OR BA.2.20 OR BA.2.21 OR BA.2.22 OR BA.2.23 OR BA.2.23.1 OR BA.2.24 OR BA.2.25 OR BA.2.25.1 OR BA.2.26 OR BA.2.27 OR BA.2.28 OR BA.2.29 OR BA.2.30 OR BA.2.31 OR BA.2.32 OR BA.2.33 OR BA.2.34 OR BA.2.35 OR BA.2.36 OR BA.2.37 OR BA.2.38 OR BA.2.39 OR BA.2.40 OR BA.2.40.1 OR BA.2.41 OR BA.2.42 OR BA.2.43 OR BA.2.44 OR BA.2.45 OR BA.2.46 OR BA.2.47 OR BA.2.48 OR BA.2.49 OR BA.2.50 OR BA.2.51 OR BA.2.52 OR BA.2.53 OR BA.2.54 OR BA.2.55 OR BA.2.56 OR BA.2.56.1 OR BA.2.57 OR BA.2.58 OR BA.2.59 OR BA.2.60 OR BA.2.61 OR BA.2.62 OR BA.2.63 OR BA.2.64 OR BA.2.65 OR BA.2.66 OR BA.2.67 OR BA.2.68 OR BA.2.69 OR BA.2.70 OR BA.2.71 OR BA.2.72 OR BA.2.73 OR BA.2.74 OR BA.2.75 OR BA.3 OR BA.3.1 OR BA.4 OR BA.4.1 OR BA.4.1.1 OR BA.4.1.2 OR BA.5 OR BA.5.1 OR BA.5.1.1 OR BA.5.2 OR BA.5.2.1 OR BA.5.2.2 OR BA.5.2.3 OR BA.5.3 OR BA.5.3.1 OR BA.5.3.2 OR BA.5.3.3 OR BA.5.3.4 OR BA.5.4 OR BA.5.5 OR BA.5.6 OR BC.1 OR BC.2 OR BD.1 OR BE.1 OR BE.1.1 OR BE.2 OR BF.1 OR BF.1.1,Omicron,294.714285714286,285.071428571429,0.967280659234125
2022-02-26,113,110,219.571428571429,212.285714285714,0.966818477553676,0.932564204647501,0.982661078568132,B.1.1.529 OR BA.1 OR BA.1.1 OR BA.1.1.1 OR BA.1.1.2 OR BA.1.1.3 OR BA.1.1.4 OR BA.1.1.5 OR BA.1.1.6 OR BA.1.1.7 OR BA.1.1.8 OR BA.1.1.9 OR BA.1.1.10 OR BA.1.1.11 OR BA.1.1.12 OR BA.1.1.13 OR BA.1.1.14 OR BA.1.1.15 OR BA.1.1.16 OR BA.1.1.17 OR BA.1.1.18 OR BA.1.2 OR BA.1.3 OR BA.1.4 OR BA.1.5 OR BA.1.6 OR BA.1.7 OR BA.1.8 OR BA.1.9 OR BA.1.10 OR BA.1.11 OR BA.1.12 OR BA.1.13 OR BA.1.13.1 OR BA.1.14 OR BA.1.14.1 OR BA.1.14.2 OR BA.1.15 OR BA.1.15.1 OR BA.1.15.2 OR BA.1.15.3 OR BA.1.16 OR BA.1.16.1 OR BA.1.16.2 OR BA.1.17 OR BA.1.17.1 OR BA.1.17.2 OR BA.1.18 OR BA.1.19 OR BA.1.20 OR BA.1.21 OR BA.1.21.1 OR BA.1.22 OR BA.1.23 OR BA.1.24 OR BA.2 OR BA.2.1 OR BA.2.2 OR BA.2.2.1 OR BA.2.3 OR BA.2.3.1 OR BA.2.3.2 OR BA.2.3.3 OR BA.2.3.4 OR BA.2.3.5 OR BA.2.3.6 OR BA.2.3.7 OR BA.2.3.8 OR BA.2.3.9 OR BA.2.3.10 OR BA.2.3.11 OR BA.2.3.12 OR BA.2.3.13 OR BA.2.3.14 OR BA.2.3.15 OR BA.2.3.16 OR BA.2.3.17 OR BA.2.3.18 OR BA.2.4 OR BA.2.5 OR BA.2.6 OR BA.2.7 OR BA.2.8 OR BA.2.9 OR BA.2.9.1 OR BA.2.9.2 OR BA.2.9.3 OR BA.2.9.4 OR BA.2.10 OR BA.2.10.1 OR BA.2.10.2 OR BA.2.10.3 OR BA.2.11 OR BA.2.12 OR BA.2.12.1 OR BA.2.12.2 OR BA.2.13 OR BA.2.14 OR BA.2.15 OR BA.2.16 OR BA.2.17 OR BA.2.18 OR BA.2.19 OR BA.2.20 OR BA.2.21 OR BA.2.22 OR BA.2.23 OR BA.2.23.1 OR BA.2.24 OR BA.2.25 OR BA.2.25.1 OR BA.2.26 OR BA.2.27 OR BA.2.28 OR BA.2.29 OR BA.2.30 OR BA.2.31 OR BA.2.32 OR BA.2.33 OR BA.2.34 OR BA.2.35 OR BA.2.36 OR BA.2.37 OR BA.2.38 OR BA.2.39 OR BA.2.40 OR BA.2.40.1 OR BA.2.41 OR BA.2.42 OR BA.2.43 OR BA.2.44 OR BA.2.45 OR BA.2.46 OR BA.2.47 OR BA.2.48 OR BA.2.49 OR BA.2.50 OR BA.2.51 OR BA.2.52 OR BA.2.53 OR BA.2.54 OR BA.2.55 OR BA.2.56 OR BA.2.56.1 OR BA.2.57 OR BA.2.58 OR BA.2.59 OR BA.2.60 OR BA.2.61 OR BA.2.62 OR BA.2.63 OR BA.2.64 OR BA.2.65 OR BA.2.66 OR BA.2.67 OR BA.2.68 OR BA.2.69 OR BA.2.70 OR BA.2.71 OR BA.2.72 OR BA.2.73 OR BA.2.74 OR BA.2.75 OR BA.3 OR BA.3.1 OR BA.4 OR BA.4.1 OR BA.4.1.1 OR BA.4.1.2 OR BA.5 OR BA.5.1 OR BA.5.1.1 OR BA.5.2 OR BA.5.2.1 OR BA.5.2.2 OR BA.5.2.3 OR BA.5.3 OR BA.5.3.1 OR BA.5.3.2 OR BA.5.3.3 OR BA.5.3.4 OR BA.5.4 OR BA.5.5 OR BA.5.6 OR BC.1 OR BC.2 OR BD.1 OR BE.1 OR BE.1.1 OR BE.2 OR BF.1 OR BF.1.1,Omicron,278.428571428571,269.285714285714,0.967162647511544
2022-02-27,82,78,203.857142857143,197.142857142857,0.967063770147162,0.933817292420153,0.984522944350998,B.1.1.529 OR BA.1 OR BA.1.1 OR BA.1.1.1 OR BA.1.1.2 OR BA.1.1.3 OR BA.1.1.4 OR BA.1.1.5 OR BA.1.1.6 OR BA.1.1.7 OR BA.1.1.8 OR BA.1.1.9 OR BA.1.1.10 OR BA.1.1.11 OR BA.1.1.12 OR BA.1.1.13 OR BA.1.1.14 OR BA.1.1.15 OR BA.1.1.16 OR BA.1.1.17 OR BA.1.1.18 OR BA.1.2 OR BA.1.3 OR BA.1.4 OR BA.1.5 OR BA.1.6 OR BA.1.7 OR BA.1.8 OR BA.1.9 OR BA.1.10 OR BA.1.11 OR BA.1.12 OR BA.1.13 OR BA.1.13.1 OR BA.1.14 OR BA.1.14.1 OR BA.1.14.2 OR BA.1.15 OR BA.1.15.1 OR BA.1.15.2 OR BA.1.15.3 OR BA.1.16 OR BA.1.16.1 OR BA.1.16.2 OR BA.1.17 OR BA.1.17.1 OR BA.1.17.2 OR BA.1.18 OR BA.1.19 OR BA.1.20 OR BA.1.21 OR BA.1.21.1 OR BA.1.22 OR BA.1.23 OR BA.1.24 OR BA.2 OR BA.2.1 OR BA.2.2 OR BA.2.2.1 OR BA.2.3 OR BA.2.3.1 OR BA.2.3.2 OR BA.2.3.3 OR BA.2.3.4 OR BA.2.3.5 OR BA.2.3.6 OR BA.2.3.7 OR BA.2.3.8 OR BA.2.3.9 OR BA.2.3.10 OR BA.2.3.11 OR BA.2.3.12 OR BA.2.3.13 OR BA.2.3.14 OR BA.2.3.15 OR BA.2.3.16 OR BA.2.3.17 OR BA.2.3.18 OR BA.2.4 OR BA.2.5 OR BA.2.6 OR BA.2.7 OR BA.2.8 OR BA.2.9 OR BA.2.9.1 OR BA.2.9.2 OR BA.2.9.3 OR BA.2.9.4 OR BA.2.10 OR BA.2.10.1 OR BA.2.10.2 OR BA.2.10.3 OR BA.2.11 OR BA.2.12 OR BA.2.12.1 OR BA.2.12.2 OR BA.2.13 OR BA.2.14 OR BA.2.15 OR BA.2.16 OR BA.2.17 OR BA.2.18 OR BA.2.19 OR BA.2.20 OR BA.2.21 OR BA.2.22 OR BA.2.23 OR BA.2.23.1 OR BA.2.24 OR BA.2.25 OR BA.2.25.1 OR BA.2.26 OR BA.2.27 OR BA.2.28 OR BA.2.29 OR BA.2.30 OR BA.2.31 OR BA.2.32 OR BA.2.33 OR BA.2.34 OR BA.2.35 OR BA.2.36 OR BA.2.37 OR BA.2.38 OR BA.2.39 OR BA.2.40 OR BA.2.40.1 OR BA.2.41 OR BA.2.42 OR BA.2.43 OR BA.2.44 OR BA.2.45 OR BA.2.46 OR BA.2.47 OR BA.2.48 OR BA.2.49 OR BA.2.50 OR BA.2.51 OR BA.2.52 OR BA.2.53 OR BA.2.54 OR BA.2.55 OR BA.2.56 OR BA.2.56.1 OR BA.2.57 OR BA.2.58 OR BA.2.59 OR BA.2.60 OR BA.2.61 OR BA.2.62 OR BA.2.63 OR BA.2.64 OR BA.2.65 OR BA.2.66 OR BA.2.67 OR BA.2.68 OR BA.2.69 OR BA.2.70 OR BA.2.71 OR BA.2.72 OR BA.2.73 OR BA.2.74 OR BA.2.75 OR BA.3 OR BA.3.1 OR BA.4 OR BA.4.1 OR BA.4.1.1 OR BA.4.1.2 OR BA.5 OR BA.5.1 OR BA.5.1.1 OR BA.5.2 OR BA.5.2.1 OR BA.5.2.2 OR BA.5.2.3 OR BA.5.3 OR BA.5.3.1 OR BA.5.3.2 OR BA.5.3.3 OR BA.5.3.4 OR BA.5.4 OR BA.5.5 OR BA.5.6 OR BC.1 OR BC.2 OR BD.1 OR BE.1 OR BE.1.1 OR BE.2 OR BF.1 OR BF.1.1,Omicron,268.428571428571,259.357142857143,0.966205428419372
2022-02-28,384,377,201.142857142857,196.142857142857,0.975142045454545,0.946343802090633,0.990446180701269,B.1.1.529 OR BA.1 OR BA.1.1 OR BA.1.1.1 OR BA.1.1.2 OR BA.1.1.3 OR BA.1.1.4 OR BA.1.1.5 OR BA.1.1.6 OR BA.1.1.7 OR BA.1.1.8 OR BA.1.1.9 OR BA.1.1.10 OR BA.1.1.11 OR BA.1.1.12 OR BA.1.1.13 OR BA.1.1.14 OR BA.1.1.15 OR BA.1.1.16 OR BA.1.1.17 OR BA.1.1.18 OR BA.1.2 OR BA.1.3 OR BA.1.4 OR BA.1.5 OR BA.1.6 OR BA.1.7 OR BA.1.8 OR BA.1.9 OR BA.1.10 OR BA.1.11 OR BA.1.12 OR BA.1.13 OR BA.1.13.1 OR BA.1.14 OR BA.1.14.1 OR BA.1.14.2 OR BA.1.15 OR BA.1.15.1 OR BA.1.15.2 OR BA.1.15.3 OR BA.1.16 OR BA.1.16.1 OR BA.1.16.2 OR BA.1.17 OR BA.1.17.1 OR BA.1.17.2 OR BA.1.18 OR BA.1.19 OR BA.1.20 OR BA.1.21 OR BA.1.21.1 OR BA.1.22 OR BA.1.23 OR BA.1.24 OR BA.2 OR BA.2.1 OR BA.2.2 OR BA.2.2.1 OR BA.2.3 OR BA.2.3.1 OR BA.2.3.2 OR BA.2.3.3 OR BA.2.3.4 OR BA.2.3.5 OR BA.2.3.6 OR BA.2.3.7 OR BA.2.3.8 OR BA.2.3.9 OR BA.2.3.10 OR BA.2.3.11 OR BA.2.3.12 OR BA.2.3.13 OR BA.2.3.14 OR BA.2.3.15 OR BA.2.3.16 OR BA.2.3.17 OR BA.2.3.18 OR BA.2.4 OR BA.2.5 OR BA.2.6 OR BA.2.7 OR BA.2.8 OR BA.2.9 OR BA.2.9.1 OR BA.2.9.2 OR BA.2.9.3 OR BA.2.9.4 OR BA.2.10 OR BA.2.10.1 OR BA.2.10.2 OR BA.2.10.3 OR BA.2.11 OR BA.2.12 OR BA.2.12.1 OR BA.2.12.2 OR BA.2.13 OR BA.2.14 OR BA.2.15 OR BA.2.16 OR BA.2.17 OR BA.2.18 OR BA.2.19 OR BA.2.20 OR BA.2.21 OR BA.2.22 OR BA.2.23 OR BA.2.23.1 OR BA.2.24 OR BA.2.25 OR BA.2.25.1 OR BA.2.26 OR BA.2.27 OR BA.2.28 OR BA.2.29 OR BA.2.30 OR BA.2.31 OR BA.2.32 OR BA.2.33 OR BA.2.34 OR BA.2.35 OR BA.2.36 OR BA.2.37 OR BA.2.38 OR BA.2.39 OR BA.2.40 OR BA.2.40.1 OR BA.2.41 OR BA.2.42 OR BA.2.43 OR BA.2.44 OR BA.2.45 OR BA.2.46 OR BA.2.47 OR BA.2.48 OR BA.2.49 OR BA.2.50 OR BA.2.51 OR BA.2.52 OR BA.2.53 OR BA.2.54 OR BA.2.55 OR BA.2.56 OR BA.2.56.1 OR BA.2.57 OR BA.2.58 OR BA.2.59 OR BA.2.60 OR BA.2.61 OR BA.2.62 OR BA.2.63 OR BA.2.64 OR BA.2.65 OR BA.2.66 OR BA.2.67 OR BA.2.68 OR BA.2.69 OR BA.2.70 OR BA.2.71 OR BA.2.72 OR BA.2.73 OR BA.2.74 OR BA.2.75 OR BA.3 OR BA.3.1 OR BA.4 OR BA.4.1 OR BA.4.1.1 OR BA.4.1.2 OR BA.5 OR BA.5.1 OR BA.5.1.1 OR BA.5.2 OR BA.5.2.1 OR BA.5.2.2 OR BA.5.2.3 OR BA.5.3 OR BA.5.3.1 OR BA.5.3.2 OR BA.5.3.3 OR BA.5.3.4 OR BA.5.4 OR BA.5.5 OR BA.5.6 OR BC.1 OR BC.2 OR BD.1 OR BE.1 OR BE.1.1 OR BE.2 OR BF.1 OR BF.1.1,Omicron,243.571428571429,235.642857142857,0.967448680351906
2022-03-01,196,192,189.857142857143,185.285714285714,0.975921745673439,0.943290435520505,0.989889226899175,B.1.1.529 OR BA.1 OR BA.1.1 OR BA.1.1.1 OR BA.1.1.2 OR BA.1.1.3 OR BA.1.1.4 OR BA.1.1.5 OR BA.1.1.6 OR BA.1.1.7 OR BA.1.1.8 OR BA.1.1.9 OR BA.1.1.10 OR BA.1.1.11 OR BA.1.1.12 OR BA.1.1.13 OR BA.1.1.14 OR BA.1.1.15 OR BA.1.1.16 OR BA.1.1.17 OR BA.1.1.18 OR BA.1.2 OR BA.1.3 OR BA.1.4 OR BA.1.5 OR BA.1.6 OR BA.1.7 OR BA.1.8 OR BA.1.9 OR BA.1.10 OR BA.1.11 OR BA.1.12 OR BA.1.13 OR BA.1.13.1 OR BA.1.14 OR BA.1.14.1 OR BA.1.14.2 OR BA.1.15 OR BA.1.15.1 OR BA.1.15.2 OR BA.1.15.3 OR BA.1.16 OR BA.1.16.1 OR BA.1.16.2 OR BA.1.17 OR BA.1.17.1 OR BA.1.17.2 OR BA.1.18 OR BA.1.19 OR BA.1.20 OR BA.1.21 OR BA.1.21.1 OR BA.1.22 OR BA.1.23 OR BA.1.24 OR BA.2 OR BA.2.1 OR BA.2.2 OR BA.2.2.1 OR BA.2.3 OR BA.2.3.1 OR BA.2.3.2 OR BA.2.3.3 OR BA.2.3.4 OR BA.2.3.5 OR BA.2.3.6 OR BA.2.3.7 OR BA.2.3.8 OR BA.2.3.9 OR BA.2.3.10 OR BA.2.3.11 OR BA.2.3.12 OR BA.2.3.13 OR BA.2.3.14 OR BA.2.3.15 OR BA.2.3.16 OR BA.2.3.17 OR BA.2.3.18 OR BA.2.4 OR BA.2.5 OR BA.2.6 OR BA.2.7 OR BA.2.8 OR BA.2.9 OR BA.2.9.1 OR BA.2.9.2 OR BA.2.9.3 OR BA.2.9.4 OR BA.2.10 OR BA.2.10.1 OR BA.2.10.2 OR BA.2.10.3 OR BA.2.11 OR BA.2.12 OR BA.2.12.1 OR BA.2.12.2 OR BA.2.13 OR BA.2.14 OR BA.2.15 OR BA.2.16 OR BA.2.17 OR BA.2.18 OR BA.2.19 OR BA.2.20 OR BA.2.21 OR BA.2.22 OR BA.2.23 OR BA.2.23.1 OR BA.2.24 OR BA.2.25 OR BA.2.25.1 OR BA.2.26 OR BA.2.27 OR BA.2.28 OR BA.2.29 OR BA.2.30 OR BA.2.31 OR BA.2.32 OR BA.2.33 OR BA.2.34 OR BA.2.35 OR BA.2.36 OR BA.2.37 OR BA.2.38 OR BA.2.39 OR BA.2.40 OR BA.2.40.1 OR BA.2.41 OR BA.2.42 OR BA.2.43 OR BA.2.44 OR BA.2.45 OR BA.2.46 OR BA.2.47 OR BA.2.48 OR BA.2.49 OR BA.2.50 OR BA.2.51 OR BA.2.52 OR BA.2.53 OR BA.2.54 OR BA.2.55 OR BA.2.56 OR BA.2.56.1 OR BA.2.57 OR BA.2.58 OR BA.2.59 OR BA.2.60 OR BA.2.61 OR BA.2.62 OR BA.2.63 OR BA.2.64 OR BA.2.65 OR BA.2.66 OR BA.2.67 OR BA.2.68 OR BA.2.69 OR BA.2.70 OR BA.2.71 OR BA.2.72 OR BA.2.73 OR BA.2.74 OR BA.2.75 OR BA.3 OR BA.3.1 OR BA.4 OR BA.4.1 OR BA.4.1.1 OR BA.4.1.2 OR BA.5 OR BA.5.1 OR BA.5.1.1 OR BA.5.2 OR BA.5.2.1 OR BA.5.2.2 OR BA.5.2.3 OR BA.5.3 OR BA.5.3.1 OR BA.5.3.2 OR BA.5.3.3 OR BA.5.3.4 OR BA.5.4 OR BA.5.5 OR BA.5.6 OR BC.1 OR BC.2 OR BD.1 OR BE.1 OR BE.1.1 OR BE.2 OR BF.1 OR BF.1.1,Omicron,228.714285714286,221.642857142857,0.969081823860087
2022-03-02,124,119,188,183.285714285714,0.974924012158055,0.942697559353402,0.989780910881463,B.1.1.529 OR BA.1 OR BA.1.1 OR BA.1.1.1 OR BA.1.1.2 OR BA.1.1.3 OR BA.1.1.4 OR BA.1.1.5 OR BA.1.1.6 OR BA.1.1.7 OR BA.1.1.8 OR BA.1.1.9 OR BA.1.1.10 OR BA.1.1.11 OR BA.1.1.12 OR BA.1.1.13 OR BA.1.1.14 OR BA.1.1.15 OR BA.1.1.16 OR BA.1.1.17 OR BA.1.1.18 OR BA.1.2 OR BA.1.3 OR BA.1.4 OR BA.1.5 OR BA.1.6 OR BA.1.7 OR BA.1.8 OR BA.1.9 OR BA.1.10 OR BA.1.11 OR BA.1.12 OR BA.1.13 OR BA.1.13.1 OR BA.1.14 OR BA.1.14.1 OR BA.1.14.2 OR BA.1.15 OR BA.1.15.1 OR BA.1.15.2 OR BA.1.15.3 OR BA.1.16 OR BA.1.16.1 OR BA.1.16.2 OR BA.1.17 OR BA.1.17.1 OR BA.1.17.2 OR BA.1.18 OR BA.1.19 OR BA.1.20 OR BA.1.21 OR BA.1.21.1 OR BA.1.22 OR BA.1.23 OR BA.1.24 OR BA.2 OR BA.2.1 OR BA.2.2 OR BA.2.2.1 OR BA.2.3 OR BA.2.3.1 OR BA.2.3.2 OR BA.2.3.3 OR BA.2.3.4 OR BA.2.3.5 OR BA.2.3.6 OR BA.2.3.7 OR BA.2.3.8 OR BA.2.3.9 OR BA.2.3.10 OR BA.2.3.11 OR BA.2.3.12 OR BA.2.3.13 OR BA.2.3.14 OR BA.2.3.15 OR BA.2.3.16 OR BA.2.3.17 OR BA.2.3.18 OR BA.2.4 OR BA.2.5 OR BA.2.6 OR BA.2.7 OR BA.2.8 OR BA.2.9 OR BA.2.9.1 OR BA.2.9.2 OR BA.2.9.3 OR BA.2.9.4 OR BA.2.10 OR BA.2.10.1 OR BA.2.10.2 OR BA.2.10.3 OR BA.2.11 OR BA.2.12 OR BA.2.12.1 OR BA.2.12.2 OR BA.2.13 OR BA.2.14 OR BA.2.15 OR BA.2.16 OR BA.2.17 OR BA.2.18 OR BA.2.19 OR BA.2.20 OR BA.2.21 OR BA.2.22 OR BA.2.23 OR BA.2.23.1 OR BA.2.24 OR BA.2.25 OR BA.2.25.1 OR BA.2.26 OR BA.2.27 OR BA.2.28 OR BA.2.29 OR BA.2.30 OR BA.2.31 OR BA.2.32 OR BA.2.33 OR BA.2.34 OR BA.2.35 OR BA.2.36 OR BA.2.37 OR BA.2.38 OR BA.2.39 OR BA.2.40 OR BA.2.40.1 OR BA.2.41 OR BA.2.42 OR BA.2.43 OR BA.2.44 OR BA.2.45 OR BA.2.46 OR BA.2.47 OR BA.2.48 OR BA.2.49 OR BA.2.50 OR BA.2.51 OR BA.2.52 OR BA.2.53 OR BA.2.54 OR BA.2.55 OR BA.2.56 OR BA.2.56.1 OR BA.2.57 OR BA.2.58 OR BA.2.59 OR BA.2.60 OR BA.2.61 OR BA.2.62 OR BA.2.63 OR BA.2.64 OR BA.2.65 OR BA.2.66 OR BA.2.67 OR BA.2.68 OR BA.2.69 OR BA.2.70 OR BA.2.71 OR BA.2.72 OR BA.2.73 OR BA.2.74 OR BA.2.75 OR BA.3 OR BA.3.1 OR BA.4 OR BA.4.1 OR BA.4.1.1 OR BA.4.1.2 OR BA.5 OR BA.5.1 OR BA.5.1.1 OR BA.5.2 OR BA.5.2.1 OR BA.5.2.2 OR BA.5.2.3 OR BA.5.3 OR BA.5.3.1 OR BA.5.3.2 OR BA.5.3.3 OR BA.5.3.4 OR BA.5.4 OR BA.5.5 OR BA.5.6 OR BC.1 OR BC.2 OR BD.1 OR BE.1 OR BE.1.1 OR BE.2 OR BF.1 OR BF.1.1,Omicron,215,208.142857142857,0.968106312292359
2022-03-03,106,106,180.428571428571,176.142857142857,0.97624703087886,0.948035363341048,0.992453654450214,B.1.1.529 OR BA.1 OR BA.1.1 OR BA.1.1.1 OR BA.1.1.2 OR BA.1.1.3 OR BA.1.1.4 OR BA.1.1.5 OR BA.1.1.6 OR BA.1.1.7 OR BA.1.1.8 OR BA.1.1.9 OR BA.1.1.10 OR BA.1.1.11 OR BA.1.1.12 OR BA.1.1.13 OR BA.1.1.14 OR BA.1.1.15 OR BA.1.1.16 OR BA.1.1.17 OR BA.1.1.18 OR BA.1.2 OR BA.1.3 OR BA.1.4 OR BA.1.5 OR BA.1.6 OR BA.1.7 OR BA.1.8 OR BA.1.9 OR BA.1.10 OR BA.1.11 OR BA.1.12 OR BA.1.13 OR BA.1.13.1 OR BA.1.14 OR BA.1.14.1 OR BA.1.14.2 OR BA.1.15 OR BA.1.15.1 OR BA.1.15.2 OR BA.1.15.3 OR BA.1.16 OR BA.1.16.1 OR BA.1.16.2 OR BA.1.17 OR BA.1.17.1 OR BA.1.17.2 OR BA.1.18 OR BA.1.19 OR BA.1.20 OR BA.1.21 OR BA.1.21.1 OR BA.1.22 OR BA.1.23 OR BA.1.24 OR BA.2 OR BA.2.1 OR BA.2.2 OR BA.2.2.1 OR BA.2.3 OR BA.2.3.1 OR BA.2.3.2 OR BA.2.3.3 OR BA.2.3.4 OR BA.2.3.5 OR BA.2.3.6 OR BA.2.3.7 OR BA.2.3.8 OR BA.2.3.9 OR BA.2.3.10 OR BA.2.3.11 OR BA.2.3.12 OR BA.2.3.13 OR BA.2.3.14 OR BA.2.3.15 OR BA.2.3.16 OR BA.2.3.17 OR BA.2.3.18 OR BA.2.4 OR BA.2.5 OR BA.2.6 OR BA.2.7 OR BA.2.8 OR BA.2.9 OR BA.2.9.1 OR BA.2.9.2 OR BA.2.9.3 OR BA.2.9.4 OR BA.2.10 OR BA.2.10.1 OR BA.2.10.2 OR BA.2.10.3 OR BA.2.11 OR BA.2.12 OR BA.2.12.1 OR BA.2.12.2 OR BA.2.13 OR BA.2.14 OR BA.2.15 OR BA.2.16 OR BA.2.17 OR BA.2.18 OR BA.2.19 OR BA.2.20 OR BA.2.21 OR BA.2.22 OR BA.2.23 OR BA.2.23.1 OR BA.2.24 OR BA.2.25 OR BA.2.25.1 OR BA.2.26 OR BA.2.27 OR BA.2.28 OR BA.2.29 OR BA.2.30 OR BA.2.31 OR BA.2.32 OR BA.2.33 OR BA.2.34 OR BA.2.35 OR BA.2.36 OR BA.2.37 OR BA.2.38 OR BA.2.39 OR BA.2.40 OR BA.2.40.1 OR BA.2.41 OR BA.2.42 OR BA.2.43 OR BA.2.44 OR BA.2.45 OR BA.2.46 OR BA.2.47 OR BA.2.48 OR BA.2.49 OR BA.2.50 OR BA.2.51 OR BA.2.52 OR BA.2.53 OR BA.2.54 OR BA.2.55 OR BA.2.56 OR BA.2.56.1 OR BA.2.57 OR BA.2.58 OR BA.2.59 OR BA.2.60 OR BA.2.61 OR BA.2.62 OR BA.2.63 OR BA.2.64 OR BA.2.65 OR BA.2.66 OR BA.2.67 OR BA.2.68 OR BA.2.69 OR BA.2.70 OR BA.2.71 OR BA.2.72 OR BA.2.73 OR BA.2.74 OR BA.2.75 OR BA.3 OR BA.3.1 OR BA.4 OR BA.4.1 OR BA.4.1.1 OR BA.4.1.2 OR BA.5 OR BA.5.1 OR BA.5.1.1 OR BA.5.2 OR BA.5.2.1 OR BA.5.2.2 OR BA.5.2.3 OR BA.5.3 OR BA.5.3.1 OR BA.5.3.2 OR BA.5.3.3 OR BA.5.3.4 OR BA.5.4 OR BA.5.5 OR BA.5.6 OR BC.1 OR BC.2 OR BD.1 OR BE.1 OR BE.1.1 OR BE.2 OR BF.1 OR BF.1.1,Omicron,201.857142857143,195.714285714286,0.969568294409059
2022-03-04,169,162,167.714285714286,163.428571428571,0.974446337308347,0.93600757487017,0.988554787147798,B.1.1.529 OR BA.1 OR BA.1.1 OR BA.1.1.1 OR BA.1.1.2 OR BA.1.1.3 OR BA.1.1.4 OR BA.1.1.5 OR BA.1.1.6 OR BA.1.1.7 OR BA.1.1.8 OR BA.1.1.9 OR BA.1.1.10 OR BA.1.1.11 OR BA.1.1.12 OR BA.1.1.13 OR BA.1.1.14 OR BA.1.1.15 OR BA.1.1.16 OR BA.1.1.17 OR BA.1.1.18 OR BA.1.2 OR BA.1.3 OR BA.1.4 OR BA.1.5 OR BA.1.6 OR BA.1.7 OR BA.1.8 OR BA.1.9 OR BA.1.10 OR BA.1.11 OR BA.1.12 OR BA.1.13 OR BA.1.13.1 OR BA.1.14 OR BA.1.14.1 OR BA.1.14.2 OR BA.1.15 OR BA.1.15.1 OR BA.1.15.2 OR BA.1.15.3 OR BA.1.16 OR BA.1.16.1 OR BA.1.16.2 OR BA.1.17 OR BA.1.17.1 OR BA.1.17.2 OR BA.1.18 OR BA.1.19 OR BA.1.20 OR BA.1.21 OR BA.1.21.1 OR BA.1.22 OR BA.1.23 OR BA.1.24 OR BA.2 OR BA.2.1 OR BA.2.2 OR BA.2.2.1 OR BA.2.3 OR BA.2.3.1 OR BA.2.3.2 OR BA.2.3.3 OR BA.2.3.4 OR BA.2.3.5 OR BA.2.3.6 OR BA.2.3.7 OR BA.2.3.8 OR BA.2.3.9 OR BA.2.3.10 OR BA.2.3.11 OR BA.2.3.12 OR BA.2.3.13 OR BA.2.3.14 OR BA.2.3.15 OR BA.2.3.16 OR BA.2.3.17 OR BA.2.3.18 OR BA.2.4 OR BA.2.5 OR BA.2.6 OR BA.2.7 OR BA.2.8 OR BA.2.9 OR BA.2.9.1 OR BA.2.9.2 OR BA.2.9.3 OR BA.2.9.4 OR BA.2.10 OR BA.2.10.1 OR BA.2.10.2 OR BA.2.10.3 OR BA.2.11 OR BA.2.12 OR BA.2.12.1 OR BA.2.12.2 OR BA.2.13 OR BA.2.14 OR BA.2.15 OR BA.2.16 OR BA.2.17 OR BA.2.18 OR BA.2.19 OR BA.2.20 OR BA.2.21 OR BA.2.22 OR BA.2.23 OR BA.2.23.1 OR BA.2.24 OR BA.2.25 OR BA.2.25.1 OR BA.2.26 OR BA.2.27 OR BA.2.28 OR BA.2.29 OR BA.2.30 OR BA.2.31 OR BA.2.32 OR BA.2.33 OR BA.2.34 OR BA.2.35 OR BA.2.36 OR BA.2.37 OR BA.2.38 OR BA.2.39 OR BA.2.40 OR BA.2.40.1 OR BA.2.41 OR BA.2.42 OR BA.2.43 OR BA.2.44 OR BA.2.45 OR BA.2.46 OR BA.2.47 OR BA.2.48 OR BA.2.49 OR BA.2.50 OR BA.2.51 OR BA.2.52 OR BA.2.53 OR BA.2.54 OR BA.2.55 OR BA.2.56 OR BA.2.56.1 OR BA.2.57 OR BA.2.58 OR BA.2.59 OR BA.2.60 OR BA.2.61 OR BA.2.62 OR BA.2.63 OR BA.2.64 OR BA.2.65 OR BA.2.66 OR BA.2.67 OR BA.2.68 OR BA.2.69 OR BA.2.70 OR BA.2.71 OR BA.2.72 OR BA.2.73 OR BA.2.74 OR BA.2.75 OR BA.3 OR BA.3.1 OR BA.4 OR BA.4.1 OR BA.4.1.1 OR BA.4.1.2 OR BA.5 OR BA.5.1 OR BA.5.1.1 OR BA.5.2 OR BA.5.2.1 OR BA.5.2.2 OR BA.5.2.3 OR BA.5.3 OR BA.5.3.1 OR BA.5.3.2 OR BA.5.3.3 OR BA.5.3.4 OR BA.5.4 OR BA.5.5 OR BA.5.6 OR BC.1 OR BC.2 OR BD.1 OR BE.1 OR BE.1.1 OR BE.2 OR BF.1 OR BF.1.1,Omicron,196.428571428571,190.214285714286,0.968363636363636
2022-03-05,118,112,168.428571428571,163.714285714286,0.972010178117048,0.94439018781758,0.991911126687111,B.1.1.529 OR BA.1 OR BA.1.1 OR BA.1.1.1 OR BA.1.1.2 OR BA.1.1.3 OR BA.1.1.4 OR BA.1.1.5 OR BA.1.1.6 OR BA.1.1.7 OR BA.1.1.8 OR BA.1.1.9 OR BA.1.1.10 OR BA.1.1.11 OR BA.1.1.12 OR BA.1.1.13 OR BA.1.1.14 OR BA.1.1.15 OR BA.1.1.16 OR BA.1.1.17 OR BA.1.1.18 OR BA.1.2 OR BA.1.3 OR BA.1.4 OR BA.1.5 OR BA.1.6 OR BA.1.7 OR BA.1.8 OR BA.1.9 OR BA.1.10 OR BA.1.11 OR BA.1.12 OR BA.1.13 OR BA.1.13.1 OR BA.1.14 OR BA.1.14.1 OR BA.1.14.2 OR BA.1.15 OR BA.1.15.1 OR BA.1.15.2 OR BA.1.15.3 OR BA.1.16 OR BA.1.16.1 OR BA.1.16.2 OR BA.1.17 OR BA.1.17.1 OR BA.1.17.2 OR BA.1.18 OR BA.1.19 OR BA.1.20 OR BA.1.21 OR BA.1.21.1 OR BA.1.22 OR BA.1.23 OR BA.1.24 OR BA.2 OR BA.2.1 OR BA.2.2 OR BA.2.2.1 OR BA.2.3 OR BA.2.3.1 OR BA.2.3.2 OR BA.2.3.3 OR BA.2.3.4 OR BA.2.3.5 OR BA.2.3.6 OR BA.2.3.7 OR BA.2.3.8 OR BA.2.3.9 OR BA.2.3.10 OR BA.2.3.11 OR BA.2.3.12 OR BA.2.3.13 OR BA.2.3.14 OR BA.2.3.15 OR BA.2.3.16 OR BA.2.3.17 OR BA.2.3.18 OR BA.2.4 OR BA.2.5 OR BA.2.6 OR BA.2.7 OR BA.2.8 OR BA.2.9 OR BA.2.9.1 OR BA.2.9.2 OR BA.2.9.3 OR BA.2.9.4 OR BA.2.10 OR BA.2.10.1 OR BA.2.10.2 OR BA.2.10.3 OR BA.2.11 OR BA.2.12 OR BA.2.12.1 OR BA.2.12.2 OR BA.2.13 OR BA.2.14 OR BA.2.15 OR BA.2.16 OR BA.2.17 OR BA.2.18 OR BA.2.19 OR BA.2.20 OR BA.2.21 OR BA.2.22 OR BA.2.23 OR BA.2.23.1 OR BA.2.24 OR BA.2.25 OR BA.2.25.1 OR BA.2.26 OR BA.2.27 OR BA.2.28 OR BA.2.29 OR BA.2.30 OR BA.2.31 OR BA.2.32 OR BA.2.33 OR BA.2.34 OR BA.2.35 OR BA.2.36 OR BA.2.37 OR BA.2.38 OR BA.2.39 OR BA.2.40 OR BA.2.40.1 OR BA.2.41 OR BA.2.42 OR BA.2.43 OR BA.2.44 OR BA.2.45 OR BA.2.46 OR BA.2.47 OR BA.2.48 OR BA.2.49 OR BA.2.50 OR BA.2.51 OR BA.2.52 OR BA.2.53 OR BA.2.54 OR BA.2.55 OR BA.2.56 OR BA.2.56.1 OR BA.2.57 OR BA.2.58 OR BA.2.59 OR BA.2.60 OR BA.2.61 OR BA.2.62 OR BA.2.63 OR BA.2.64 OR BA.2.65 OR BA.2.66 OR BA.2.67 OR BA.2.68 OR BA.2.69 OR BA.2.70 OR BA.2.71 OR BA.2.72 OR BA.2.73 OR BA.2.74 OR BA.2.75 OR BA.3 OR BA.3.1 OR BA.4 OR BA.4.1 OR BA.4.1.1 OR BA.4.1.2 OR BA.5 OR BA.5.1 OR BA.5.1.1 OR BA.5.2 OR BA.5.2.1 OR BA.5.2.2 OR BA.5.2.3 OR BA.5.3 OR BA.5.3.1 OR BA.5.3.2 OR BA.5.3.3 OR BA.5.3.4 OR BA.5.4 OR BA.5.5 OR BA.5.6 OR BC.1 OR BC.2 OR BD.1 OR BE.1 OR BE.1.1 OR BE.2 OR BF.1 OR BF.1.1,Omicron,194,188,0.969072164948454
2022-03-06,79,75,168,163.285714285714,0.971938775510204,0.93600757487017,0.988554787147798,B.1.1.529 OR BA.1 OR BA.1.1 OR BA.1.1.1 OR BA.1.1.2 OR BA.1.1.3 OR BA.1.1.4 OR BA.1.1.5 OR BA.1.1.6 OR BA.1.1.7 OR BA.1.1.8 OR BA.1.1.9 OR BA.1.1.10 OR BA.1.1.11 OR BA.1.1.12 OR BA.1.1.13 OR BA.1.1.14 OR BA.1.1.15 OR BA.1.1.16 OR BA.1.1.17 OR BA.1.1.18 OR BA.1.2 OR BA.1.3 OR BA.1.4 OR BA.1.5 OR BA.1.6 OR BA.1.7 OR BA.1.8 OR BA.1.9 OR BA.1.10 OR BA.1.11 OR BA.1.12 OR BA.1.13 OR BA.1.13.1 OR BA.1.14 OR BA.1.14.1 OR BA.1.14.2 OR BA.1.15 OR BA.1.15.1 OR BA.1.15.2 OR BA.1.15.3 OR BA.1.16 OR BA.1.16.1 OR BA.1.16.2 OR BA.1.17 OR BA.1.17.1 OR BA.1.17.2 OR BA.1.18 OR BA.1.19 OR BA.1.20 OR BA.1.21 OR BA.1.21.1 OR BA.1.22 OR BA.1.23 OR BA.1.24 OR BA.2 OR BA.2.1 OR BA.2.2 OR BA.2.2.1 OR BA.2.3 OR BA.2.3.1 OR BA.2.3.2 OR BA.2.3.3 OR BA.2.3.4 OR BA.2.3.5 OR BA.2.3.6 OR BA.2.3.7 OR BA.2.3.8 OR BA.2.3.9 OR BA.2.3.10 OR BA.2.3.11 OR BA.2.3.12 OR BA.2.3.13 OR BA.2.3.14 OR BA.2.3.15 OR BA.2.3.16 OR BA.2.3.17 OR BA.2.3.18 OR BA.2.4 OR BA.2.5 OR BA.2.6 OR BA.2.7 OR BA.2.8 OR BA.2.9 OR BA.2.9.1 OR BA.2.9.2 OR BA.2.9.3 OR BA.2.9.4 OR BA.2.10 OR BA.2.10.1 OR BA.2.10.2 OR BA.2.10.3 OR BA.2.11 OR BA.2.12 OR BA.2.12.1 OR BA.2.12.2 OR BA.2.13 OR BA.2.14 OR BA.2.15 OR BA.2.16 OR BA.2.17 OR BA.2.18 OR BA.2.19 OR BA.2.20 OR BA.2.21 OR BA.2.22 OR BA.2.23 OR BA.2.23.1 OR BA.2.24 OR BA.2.25 OR BA.2.25.1 OR BA.2.26 OR BA.2.27 OR BA.2.28 OR BA.2.29 OR BA.2.30 OR BA.2.31 OR BA.2.32 OR BA.2.33 OR BA.2.34 OR BA.2.35 OR BA.2.36 OR BA.2.37 OR BA.2.38 OR BA.2.39 OR BA.2.40 OR BA.2.40.1 OR BA.2.41 OR BA.2.42 OR BA.2.43 OR BA.2.44 OR BA.2.45 OR BA.2.46 OR BA.2.47 OR BA.2.48 OR BA.2.49 OR BA.2.50 OR BA.2.51 OR BA.2.52 OR BA.2.53 OR BA.2.54 OR BA.2.55 OR BA.2.56 OR BA.2.56.1 OR BA.2.57 OR BA.2.58 OR BA.2.59 OR BA.2.60 OR BA.2.61 OR BA.2.62 OR BA.2.63 OR BA.2.64 OR BA.2.65 OR BA.2.66 OR BA.2.67 OR BA.2.68 OR BA.2.69 OR BA.2.70 OR BA.2.71 OR BA.2.72 OR BA.2.73 OR BA.2.74 OR BA.2.75 OR BA.3 OR BA.3.1 OR BA.4 OR BA.4.1 OR BA.4.1.1 OR BA.4.1.2 OR BA.5 OR BA.5.1 OR BA.5.1.1 OR BA.5.2 OR BA.5.2.1 OR BA.5.2.2 OR BA.5.2.3 OR BA.5.3 OR BA.5.3.1 OR BA.5.3.2 OR BA.5.3.3 OR BA.5.3.4 OR BA.5.4 OR BA.5.5 OR BA.5.6 OR BC.1 OR BC.2 OR BD.1 OR BE.1 OR BE.1.1 OR BE.2 OR BF.1 OR BF.1.1,Omicron,185.928571428571,180.214285714286,0.96926623127161
2022-03-07,358,344,164.285714285714,158.571428571429,0.965217391304348,0.934477696020637,0.988273384978357,B.1.1.529 OR BA.1 OR BA.1.1 OR BA.1.1.1 OR BA.1.1.2 OR BA.1.1.3 OR BA.1.1.4 OR BA.1.1.5 OR BA.1.1.6 OR BA.1.1.7 OR BA.1.1.8 OR BA.1.1.9 OR BA.1.1.10 OR BA.1.1.11 OR BA.1.1.12 OR BA.1.1.13 OR BA.1.1.14 OR BA.1.1.15 OR BA.1.1.16 OR BA.1.1.17 OR BA.1.1.18 OR BA.1.2 OR BA.1.3 OR BA.1.4 OR BA.1.5 OR BA.1.6 OR BA.1.7 OR BA.1.8 OR BA.1.9 OR BA.1.10 OR BA.1.11 OR BA.1.12 OR BA.1.13 OR BA.1.13.1 OR BA.1.14 OR BA.1.14.1 OR BA.1.14.2 OR BA.1.15 OR BA.1.15.1 OR BA.1.15.2 OR BA.1.15.3 OR BA.1.16 OR BA.1.16.1 OR BA.1.16.2 OR BA.1.17 OR BA.1.17.1 OR BA.1.17.2 OR BA.1.18 OR BA.1.19 OR BA.1.20 OR BA.1.21 OR BA.1.21.1 OR BA.1.22 OR BA.1.23 OR BA.1.24 OR BA.2 OR BA.2.1 OR BA.2.2 OR BA.2.2.1 OR BA.2.3 OR BA.2.3.1 OR BA.2.3.2 OR BA.2.3.3 OR BA.2.3.4 OR BA.2.3.5 OR BA.2.3.6 OR BA.2.3.7 OR BA.2.3.8 OR BA.2.3.9 OR BA.2.3.10 OR BA.2.3.11 OR BA.2.3.12 OR BA.2.3.13 OR BA.2.3.14 OR BA.2.3.15 OR BA.2.3.16 OR BA.2.3.17 OR BA.2.3.18 OR BA.2.4 OR BA.2.5 OR BA.2.6 OR BA.2.7 OR BA.2.8 OR BA.2.9 OR BA.2.9.1 OR BA.2.9.2 OR BA.2.9.3 OR BA.2.9.4 OR BA.2.10 OR BA.2.10.1 OR BA.2.10.2 OR BA.2.10.3 OR BA.2.11 OR BA.2.12 OR BA.2.12.1 OR BA.2.12.2 OR BA.2.13 OR BA.2.14 OR BA.2.15 OR BA.2.16 OR BA.2.17 OR BA.2.18 OR BA.2.19 OR BA.2.20 OR BA.2.21 OR BA.2.22 OR BA.2.23 OR BA.2.23.1 OR BA.2.24 OR BA.2.25 OR BA.2.25.1 OR BA.2.26 OR BA.2.27 OR BA.2.28 OR BA.2.29 OR BA.2.30 OR BA.2.31 OR BA.2.32 OR BA.2.33 OR BA.2.34 OR BA.2.35 OR BA.2.36 OR BA.2.37 OR BA.2.38 OR BA.2.39 OR BA.2.40 OR BA.2.40.1 OR BA.2.41 OR BA.2.42 OR BA.2.43 OR BA.2.44 OR BA.2.45 OR BA.2.46 OR BA.2.47 OR BA.2.48 OR BA.2.49 OR BA.2.50 OR BA.2.51 OR BA.2.52 OR BA.2.53 OR BA.2.54 OR BA.2.55 OR BA.2.56 OR BA.2.56.1 OR BA.2.57 OR BA.2.58 OR BA.2.59 OR BA.2.60 OR BA.2.61 OR BA.2.62 OR BA.2.63 OR BA.2.64 OR BA.2.65 OR BA.2.66 OR BA.2.67 OR BA.2.68 OR BA.2.69 OR BA.2.70 OR BA.2.71 OR BA.2.72 OR BA.2.73 OR BA.2.74 OR BA.2.75 OR BA.3 OR BA.3.1 OR BA.4 OR BA.4.1 OR BA.4.1.1 OR BA.4.1.2 OR BA.5 OR BA.5.1 OR BA.5.1.1 OR BA.5.2 OR BA.5.2.1 OR BA.5.2.2 OR BA.5.2.3 OR BA.5.3 OR BA.5.3.1 OR BA.5.3.2 OR BA.5.3.3 OR BA.5.3.4 OR BA.5.4 OR BA.5.5 OR BA.5.6 OR BC.1 OR BC.2 OR BD.1 OR BE.1 OR BE.1.1 OR BE.2 OR BF.1 OR BF.1.1,Omicron,182.714285714286,177.357142857143,0.970680218921032
2022-03-08,145,143,157,151.571428571429,0.965423111919927,0.93161675802227,0.987746135503209,B.1.1.529 OR BA.1 OR BA.1.1 OR BA.1.1.1 OR BA.1.1.2 OR BA.1.1.3 OR BA.1.1.4 OR BA.1.1.5 OR BA.1.1.6 OR BA.1.1.7 OR BA.1.1.8 OR BA.1.1.9 OR BA.1.1.10 OR BA.1.1.11 OR BA.1.1.12 OR BA.1.1.13 OR BA.1.1.14 OR BA.1.1.15 OR BA.1.1.16 OR BA.1.1.17 OR BA.1.1.18 OR BA.1.2 OR BA.1.3 OR BA.1.4 OR BA.1.5 OR BA.1.6 OR BA.1.7 OR BA.1.8 OR BA.1.9 OR BA.1.10 OR BA.1.11 OR BA.1.12 OR BA.1.13 OR BA.1.13.1 OR BA.1.14 OR BA.1.14.1 OR BA.1.14.2 OR BA.1.15 OR BA.1.15.1 OR BA.1.15.2 OR BA.1.15.3 OR BA.1.16 OR BA.1.16.1 OR BA.1.16.2 OR BA.1.17 OR BA.1.17.1 OR BA.1.17.2 OR BA.1.18 OR BA.1.19 OR BA.1.20 OR BA.1.21 OR BA.1.21.1 OR BA.1.22 OR BA.1.23 OR BA.1.24 OR BA.2 OR BA.2.1 OR BA.2.2 OR BA.2.2.1 OR BA.2.3 OR BA.2.3.1 OR BA.2.3.2 OR BA.2.3.3 OR BA.2.3.4 OR BA.2.3.5 OR BA.2.3.6 OR BA.2.3.7 OR BA.2.3.8 OR BA.2.3.9 OR BA.2.3.10 OR BA.2.3.11 OR BA.2.3.12 OR BA.2.3.13 OR BA.2.3.14 OR BA.2.3.15 OR BA.2.3.16 OR BA.2.3.17 OR BA.2.3.18 OR BA.2.4 OR BA.2.5 OR BA.2.6 OR BA.2.7 OR BA.2.8 OR BA.2.9 OR BA.2.9.1 OR BA.2.9.2 OR BA.2.9.3 OR BA.2.9.4 OR BA.2.10 OR BA.2.10.1 OR BA.2.10.2 OR BA.2.10.3 OR BA.2.11 OR BA.2.12 OR BA.2.12.1 OR BA.2.12.2 OR BA.2.13 OR BA.2.14 OR BA.2.15 OR BA.2.16 OR BA.2.17 OR BA.2.18 OR BA.2.19 OR BA.2.20 OR BA.2.21 OR BA.2.22 OR BA.2.23 OR BA.2.23.1 OR BA.2.24 OR BA.2.25 OR BA.2.25.1 OR BA.2.26 OR BA.2.27 OR BA.2.28 OR BA.2.29 OR BA.2.30 OR BA.2.31 OR BA.2.32 OR BA.2.33 OR BA.2.34 OR BA.2.35 OR BA.2.36 OR BA.2.37 OR BA.2.38 OR BA.2.39 OR BA.2.40 OR BA.2.40.1 OR BA.2.41 OR BA.2.42 OR BA.2.43 OR BA.2.44 OR BA.2.45 OR BA.2.46 OR BA.2.47 OR BA.2.48 OR BA.2.49 OR BA.2.50 OR BA.2.51 OR BA.2.52 OR BA.2.53 OR BA.2.54 OR BA.2.55 OR BA.2.56 OR BA.2.56.1 OR BA.2.57 OR BA.2.58 OR BA.2.59 OR BA.2.60 OR BA.2.61 OR BA.2.62 OR BA.2.63 OR BA.2.64 OR BA.2.65 OR BA.2.66 OR BA.2.67 OR BA.2.68 OR BA.2.69 OR BA.2.70 OR BA.2.71 OR BA.2.72 OR BA.2.73 OR BA.2.74 OR BA.2.75 OR BA.3 OR BA.3.1 OR BA.4 OR BA.4.1 OR BA.4.1.1 OR BA.4.1.2 OR BA.5 OR BA.5.1 OR BA.5.1.1 OR BA.5.2 OR BA.5.2.1 OR BA.5.2.2 OR BA.5.2.3 OR BA.5.3 OR BA.5.3.1 OR BA.5.3.2 OR BA.5.3.3 OR BA.5.3.4 OR BA.5.4 OR BA.5.5 OR BA.5.6 OR BC.1 OR BC.2 OR BD.1 OR BE.1 OR BE.1.1 OR BE.2 OR BF.1 OR BF.1.1,Omicron,173.428571428571,168.428571428571,0.971169686985173
2022-03-09,77,72,150.285714285714,144.857142857143,0.963878326996198,0.928494658898446,0.987169238873429,B.1.1.529 OR BA.1 OR BA.1.1 OR BA.1.1.1 OR BA.1.1.2 OR BA.1.1.3 OR BA.1.1.4 OR BA.1.1.5 OR BA.1.1.6 OR BA.1.1.7 OR BA.1.1.8 OR BA.1.1.9 OR BA.1.1.10 OR BA.1.1.11 OR BA.1.1.12 OR BA.1.1.13 OR BA.1.1.14 OR BA.1.1.15 OR BA.1.1.16 OR BA.1.1.17 OR BA.1.1.18 OR BA.1.2 OR BA.1.3 OR BA.1.4 OR BA.1.5 OR BA.1.6 OR BA.1.7 OR BA.1.8 OR BA.1.9 OR BA.1.10 OR BA.1.11 OR BA.1.12 OR BA.1.13 OR BA.1.13.1 OR BA.1.14 OR BA.1.14.1 OR BA.1.14.2 OR BA.1.15 OR BA.1.15.1 OR BA.1.15.2 OR BA.1.15.3 OR BA.1.16 OR BA.1.16.1 OR BA.1.16.2 OR BA.1.17 OR BA.1.17.1 OR BA.1.17.2 OR BA.1.18 OR BA.1.19 OR BA.1.20 OR BA.1.21 OR BA.1.21.1 OR BA.1.22 OR BA.1.23 OR BA.1.24 OR BA.2 OR BA.2.1 OR BA.2.2 OR BA.2.2.1 OR BA.2.3 OR BA.2.3.1 OR BA.2.3.2 OR BA.2.3.3 OR BA.2.3.4 OR BA.2.3.5 OR BA.2.3.6 OR BA.2.3.7 OR BA.2.3.8 OR BA.2.3.9 OR BA.2.3.10 OR BA.2.3.11 OR BA.2.3.12 OR BA.2.3.13 OR BA.2.3.14 OR BA.2.3.15 OR BA.2.3.16 OR BA.2.3.17 OR BA.2.3.18 OR BA.2.4 OR BA.2.5 OR BA.2.6 OR BA.2.7 OR BA.2.8 OR BA.2.9 OR BA.2.9.1 OR BA.2.9.2 OR BA.2.9.3 OR BA.2.9.4 OR BA.2.10 OR BA.2.10.1 OR BA.2.10.2 OR BA.2.10.3 OR BA.2.11 OR BA.2.12 OR BA.2.12.1 OR BA.2.12.2 OR BA.2.13 OR BA.2.14 OR BA.2.15 OR BA.2.16 OR BA.2.17 OR BA.2.18 OR BA.2.19 OR BA.2.20 OR BA.2.21 OR BA.2.22 OR BA.2.23 OR BA.2.23.1 OR BA.2.24 OR BA.2.25 OR BA.2.25.1 OR BA.2.26 OR BA.2.27 OR BA.2.28 OR BA.2.29 OR BA.2.30 OR BA.2.31 OR BA.2.32 OR BA.2.33 OR BA.2.34 OR BA.2.35 OR BA.2.36 OR BA.2.37 OR BA.2.38 OR BA.2.39 OR BA.2.40 OR BA.2.40.1 OR BA.2.41 OR BA.2.42 OR BA.2.43 OR BA.2.44 OR BA.2.45 OR BA.2.46 OR BA.2.47 OR BA.2.48 OR BA.2.49 OR BA.2.50 OR BA.2.51 OR BA.2.52 OR BA.2.53 OR BA.2.54 OR BA.2.55 OR BA.2.56 OR BA.2.56.1 OR BA.2.57 OR BA.2.58 OR BA.2.59 OR BA.2.60 OR BA.2.61 OR BA.2.62 OR BA.2.63 OR BA.2.64 OR BA.2.65 OR BA.2.66 OR BA.2.67 OR BA.2.68 OR BA.2.69 OR BA.2.70 OR BA.2.71 OR BA.2.72 OR BA.2.73 OR BA.2.74 OR BA.2.75 OR BA.3 OR BA.3.1 OR BA.4 OR BA.4.1 OR BA.4.1.1 OR BA.4.1.2 OR BA.5 OR BA.5.1 OR BA.5.1.1 OR BA.5.2 OR BA.5.2.1 OR BA.5.2.2 OR BA.5.2.3 OR BA.5.3 OR BA.5.3.1 OR BA.5.3.2 OR BA.5.3.3 OR BA.5.3.4 OR BA.5.4 OR BA.5.5 OR BA.5.6 OR BC.1 OR BC.2 OR BD.1 OR BE.1 OR BE.1.1 OR BE.2 OR BF.1 OR BF.1.1,Omicron,169.142857142857,164.071428571429,0.970016891891892
2022-03-10,76,74,146,140.285714285714,0.960861056751468,0.917267302354488,0.982667463498039,B.1.1.529 OR BA.1 OR BA.1.1 OR BA.1.1.1 OR BA.1.1.2 OR BA.1.1.3 OR BA.1.1.4 OR BA.1.1.5 OR BA.1.1.6 OR BA.1.1.7 OR BA.1.1.8 OR BA.1.1.9 OR BA.1.1.10 OR BA.1.1.11 OR BA.1.1.12 OR BA.1.1.13 OR BA.1.1.14 OR BA.1.1.15 OR BA.1.1.16 OR BA.1.1.17 OR BA.1.1.18 OR BA.1.2 OR BA.1.3 OR BA.1.4 OR BA.1.5 OR BA.1.6 OR BA.1.7 OR BA.1.8 OR BA.1.9 OR BA.1.10 OR BA.1.11 OR BA.1.12 OR BA.1.13 OR BA.1.13.1 OR BA.1.14 OR BA.1.14.1 OR BA.1.14.2 OR BA.1.15 OR BA.1.15.1 OR BA.1.15.2 OR BA.1.15.3 OR BA.1.16 OR BA.1.16.1 OR BA.1.16.2 OR BA.1.17 OR BA.1.17.1 OR BA.1.17.2 OR BA.1.18 OR BA.1.19 OR BA.1.20 OR BA.1.21 OR BA.1.21.1 OR BA.1.22 OR BA.1.23 OR BA.1.24 OR BA.2 OR BA.2.1 OR BA.2.2 OR BA.2.2.1 OR BA.2.3 OR BA.2.3.1 OR BA.2.3.2 OR BA.2.3.3 OR BA.2.3.4 OR BA.2.3.5 OR BA.2.3.6 OR BA.2.3.7 OR BA.2.3.8 OR BA.2.3.9 OR BA.2.3.10 OR BA.2.3.11 OR BA.2.3.12 OR BA.2.3.13 OR BA.2.3.14 OR BA.2.3.15 OR BA.2.3.16 OR BA.2.3.17 OR BA.2.3.18 OR BA.2.4 OR BA.2.5 OR BA.2.6 OR BA.2.7 OR BA.2.8 OR BA.2.9 OR BA.2.9.1 OR BA.2.9.2 OR BA.2.9.3 OR BA.2.9.4 OR BA.2.10 OR BA.2.10.1 OR BA.2.10.2 OR BA.2.10.3 OR BA.2.11 OR BA.2.12 OR BA.2.12.1 OR BA.2.12.2 OR BA.2.13 OR BA.2.14 OR BA.2.15 OR BA.2.16 OR BA.2.17 OR BA.2.18 OR BA.2.19 OR BA.2.20 OR BA.2.21 OR BA.2.22 OR BA.2.23 OR BA.2.23.1 OR BA.2.24 OR BA.2.25 OR BA.2.25.1 OR BA.2.26 OR BA.2.27 OR BA.2.28 OR BA.2.29 OR BA.2.30 OR BA.2.31 OR BA.2.32 OR BA.2.33 OR BA.2.34 OR BA.2.35 OR BA.2.36 OR BA.2.37 OR BA.2.38 OR BA.2.39 OR BA.2.40 OR BA.2.40.1 OR BA.2.41 OR BA.2.42 OR BA.2.43 OR BA.2.44 OR BA.2.45 OR BA.2.46 OR BA.2.47 OR BA.2.48 OR BA.2.49 OR BA.2.50 OR BA.2.51 OR BA.2.52 OR BA.2.53 OR BA.2.54 OR BA.2.55 OR BA.2.56 OR BA.2.56.1 OR BA.2.57 OR BA.2.58 OR BA.2.59 OR BA.2.60 OR BA.2.61 OR BA.2.62 OR BA.2.63 OR BA.2.64 OR BA.2.65 OR BA.2.66 OR BA.2.67 OR BA.2.68 OR BA.2.69 OR BA.2.70 OR BA.2.71 OR BA.2.72 OR BA.2.73 OR BA.2.74 OR BA.2.75 OR BA.3 OR BA.3.1 OR BA.4 OR BA.4.1 OR BA.4.1.1 OR BA.4.1.2 OR BA.5 OR BA.5.1 OR BA.5.1.1 OR BA.5.2 OR BA.5.2.1 OR BA.5.2.2 OR BA.5.2.3 OR BA.5.3 OR BA.5.3.1 OR BA.5.3.2 OR BA.5.3.3 OR BA.5.3.4 OR BA.5.4 OR BA.5.5 OR BA.5.6 OR BC.1 OR BC.2 OR BD.1 OR BE.1 OR BE.1.1 OR BE.2 OR BF.1 OR BF.1.1,Omicron,163.214285714286,158.214285714286,0.969365426695843
2022-03-11,216,208,152.714285714286,146.857142857143,0.961646398503274,0.920966670549417,0.983468423370125,B.1.1.529 OR BA.1 OR BA.1.1 OR BA.1.1.1 OR BA.1.1.2 OR BA.1.1.3 OR BA.1.1.4 OR BA.1.1.5 OR BA.1.1.6 OR BA.1.1.7 OR BA.1.1.8 OR BA.1.1.9 OR BA.1.1.10 OR BA.1.1.11 OR BA.1.1.12 OR BA.1.1.13 OR BA.1.1.14 OR BA.1.1.15 OR BA.1.1.16 OR BA.1.1.17 OR BA.1.1.18 OR BA.1.2 OR BA.1.3 OR BA.1.4 OR BA.1.5 OR BA.1.6 OR BA.1.7 OR BA.1.8 OR BA.1.9 OR BA.1.10 OR BA.1.11 OR BA.1.12 OR BA.1.13 OR BA.1.13.1 OR BA.1.14 OR BA.1.14.1 OR BA.1.14.2 OR BA.1.15 OR BA.1.15.1 OR BA.1.15.2 OR BA.1.15.3 OR BA.1.16 OR BA.1.16.1 OR BA.1.16.2 OR BA.1.17 OR BA.1.17.1 OR BA.1.17.2 OR BA.1.18 OR BA.1.19 OR BA.1.20 OR BA.1.21 OR BA.1.21.1 OR BA.1.22 OR BA.1.23 OR BA.1.24 OR BA.2 OR BA.2.1 OR BA.2.2 OR BA.2.2.1 OR BA.2.3 OR BA.2.3.1 OR BA.2.3.2 OR BA.2.3.3 OR BA.2.3.4 OR BA.2.3.5 OR BA.2.3.6 OR BA.2.3.7 OR BA.2.3.8 OR BA.2.3.9 OR BA.2.3.10 OR BA.2.3.11 OR BA.2.3.12 OR BA.2.3.13 OR BA.2.3.14 OR BA.2.3.15 OR BA.2.3.16 OR BA.2.3.17 OR BA.2.3.18 OR BA.2.4 OR BA.2.5 OR BA.2.6 OR BA.2.7 OR BA.2.8 OR BA.2.9 OR BA.2.9.1 OR BA.2.9.2 OR BA.2.9.3 OR BA.2.9.4 OR BA.2.10 OR BA.2.10.1 OR BA.2.10.2 OR BA.2.10.3 OR BA.2.11 OR BA.2.12 OR BA.2.12.1 OR BA.2.12.2 OR BA.2.13 OR BA.2.14 OR BA.2.15 OR BA.2.16 OR BA.2.17 OR BA.2.18 OR BA.2.19 OR BA.2.20 OR BA.2.21 OR BA.2.22 OR BA.2.23 OR BA.2.23.1 OR BA.2.24 OR BA.2.25 OR BA.2.25.1 OR BA.2.26 OR BA.2.27 OR BA.2.28 OR BA.2.29 OR BA.2.30 OR BA.2.31 OR BA.2.32 OR BA.2.33 OR BA.2.34 OR BA.2.35 OR BA.2.36 OR BA.2.37 OR BA.2.38 OR BA.2.39 OR BA.2.40 OR BA.2.40.1 OR BA.2.41 OR BA.2.42 OR BA.2.43 OR BA.2.44 OR BA.2.45 OR BA.2.46 OR BA.2.47 OR BA.2.48 OR BA.2.49 OR BA.2.50 OR BA.2.51 OR BA.2.52 OR BA.2.53 OR BA.2.54 OR BA.2.55 OR BA.2.56 OR BA.2.56.1 OR BA.2.57 OR BA.2.58 OR BA.2.59 OR BA.2.60 OR BA.2.61 OR BA.2.62 OR BA.2.63 OR BA.2.64 OR BA.2.65 OR BA.2.66 OR BA.2.67 OR BA.2.68 OR BA.2.69 OR BA.2.70 OR BA.2.71 OR BA.2.72 OR BA.2.73 OR BA.2.74 OR BA.2.75 OR BA.3 OR BA.3.1 OR BA.4 OR BA.4.1 OR BA.4.1.1 OR BA.4.1.2 OR BA.5 OR BA.5.1 OR BA.5.1.1 OR BA.5.2 OR BA.5.2.1 OR BA.5.2.2 OR BA.5.2.3 OR BA.5.3 OR BA.5.3.1 OR BA.5.3.2 OR BA.5.3.3 OR BA.5.3.4 OR BA.5.4 OR BA.5.5 OR BA.5.6 OR BC.1 OR BC.2 OR BD.1 OR BE.1 OR BE.1.1 OR BE.2 OR BF.1 OR BF.1.1,Omicron,160.214285714286,155.142857142857,0.968345965225145
2022-03-12,74,72,146.428571428571,141.142857142857,0.96390243902439,0.926579220695665,0.986814519682251,B.1.1.529 OR BA.1 OR BA.1.1 OR BA.1.1.1 OR BA.1.1.2 OR BA.1.1.3 OR BA.1.1.4 OR BA.1.1.5 OR BA.1.1.6 OR BA.1.1.7 OR BA.1.1.8 OR BA.1.1.9 OR BA.1.1.10 OR BA.1.1.11 OR BA.1.1.12 OR BA.1.1.13 OR BA.1.1.14 OR BA.1.1.15 OR BA.1.1.16 OR BA.1.1.17 OR BA.1.1.18 OR BA.1.2 OR BA.1.3 OR BA.1.4 OR BA.1.5 OR BA.1.6 OR BA.1.7 OR BA.1.8 OR BA.1.9 OR BA.1.10 OR BA.1.11 OR BA.1.12 OR BA.1.13 OR BA.1.13.1 OR BA.1.14 OR BA.1.14.1 OR BA.1.14.2 OR BA.1.15 OR BA.1.15.1 OR BA.1.15.2 OR BA.1.15.3 OR BA.1.16 OR BA.1.16.1 OR BA.1.16.2 OR BA.1.17 OR BA.1.17.1 OR BA.1.17.2 OR BA.1.18 OR BA.1.19 OR BA.1.20 OR BA.1.21 OR BA.1.21.1 OR BA.1.22 OR BA.1.23 OR BA.1.24 OR BA.2 OR BA.2.1 OR BA.2.2 OR BA.2.2.1 OR BA.2.3 OR BA.2.3.1 OR BA.2.3.2 OR BA.2.3.3 OR BA.2.3.4 OR BA.2.3.5 OR BA.2.3.6 OR BA.2.3.7 OR BA.2.3.8 OR BA.2.3.9 OR BA.2.3.10 OR BA.2.3.11 OR BA.2.3.12 OR BA.2.3.13 OR BA.2.3.14 OR BA.2.3.15 OR BA.2.3.16 OR BA.2.3.17 OR BA.2.3.18 OR BA.2.4 OR BA.2.5 OR BA.2.6 OR BA.2.7 OR BA.2.8 OR BA.2.9 OR BA.2.9.1 OR BA.2.9.2 OR BA.2.9.3 OR BA.2.9.4 OR BA.2.10 OR BA.2.10.1 OR BA.2.10.2 OR BA.2.10.3 OR BA.2.11 OR BA.2.12 OR BA.2.12.1 OR BA.2.12.2 OR BA.2.13 OR BA.2.14 OR BA.2.15 OR BA.2.16 OR BA.2.17 OR BA.2.18 OR BA.2.19 OR BA.2.20 OR BA.2.21 OR BA.2.22 OR BA.2.23 OR BA.2.23.1 OR BA.2.24 OR BA.2.25 OR BA.2.25.1 OR BA.2.26 OR BA.2.27 OR BA.2.28 OR BA.2.29 OR BA.2.30 OR BA.2.31 OR BA.2.32 OR BA.2.33 OR BA.2.34 OR BA.2.35 OR BA.2.36 OR BA.2.37 OR BA.2.38 OR BA.2.39 OR BA.2.40 OR BA.2.40.1 OR BA.2.41 OR BA.2.42 OR BA.2.43 OR BA.2.44 OR BA.2.45 OR BA.2.46 OR BA.2.47 OR BA.2.48 OR BA.2.49 OR BA.2.50 OR BA.2.51 OR BA.2.52 OR BA.2.53 OR BA.2.54 OR BA.2.55 OR BA.2.56 OR BA.2.56.1 OR BA.2.57 OR BA.2.58 OR BA.2.59 OR BA.2.60 OR BA.2.61 OR BA.2.62 OR BA.2.63 OR BA.2.64 OR BA.2.65 OR BA.2.66 OR BA.2.67 OR BA.2.68 OR BA.2.69 OR BA.2.70 OR BA.2.71 OR BA.2.72 OR BA.2.73 OR BA.2.74 OR BA.2.75 OR BA.3 OR BA.3.1 OR BA.4 OR BA.4.1 OR BA.4.1.1 OR BA.4.1.2 OR BA.5 OR BA.5.1 OR BA.5.1.1 OR BA.5.2 OR BA.5.2.1 OR BA.5.2.2 OR BA.5.2.3 OR BA.5.3 OR BA.5.3.1 OR BA.5.3.2 OR BA.5.3.3 OR BA.5.3.4 OR BA.5.4 OR BA.5.5 OR BA.5.6 OR BC.1 OR BC.2 OR BD.1 OR BE.1 OR BE.1.1 OR BE.2 OR BF.1 OR BF.1.1,Omicron,157.428571428571,152.428571428571,0.968239564428312
2022-03-13,49,46,142.142857142857,137,0.963819095477387,0.92455837666001,0.986439628394613,B.1.1.529 OR BA.1 OR BA.1.1 OR BA.1.1.1 OR BA.1.1.2 OR BA.1.1.3 OR BA.1.1.4 OR BA.1.1.5 OR BA.1.1.6 OR BA.1.1.7 OR BA.1.1.8 OR BA.1.1.9 OR BA.1.1.10 OR BA.1.1.11 OR BA.1.1.12 OR BA.1.1.13 OR BA.1.1.14 OR BA.1.1.15 OR BA.1.1.16 OR BA.1.1.17 OR BA.1.1.18 OR BA.1.2 OR BA.1.3 OR BA.1.4 OR BA.1.5 OR BA.1.6 OR BA.1.7 OR BA.1.8 OR BA.1.9 OR BA.1.10 OR BA.1.11 OR BA.1.12 OR BA.1.13 OR BA.1.13.1 OR BA.1.14 OR BA.1.14.1 OR BA.1.14.2 OR BA.1.15 OR BA.1.15.1 OR BA.1.15.2 OR BA.1.15.3 OR BA.1.16 OR BA.1.16.1 OR BA.1.16.2 OR BA.1.17 OR BA.1.17.1 OR BA.1.17.2 OR BA.1.18 OR BA.1.19 OR BA.1.20 OR BA.1.21 OR BA.1.21.1 OR BA.1.22 OR BA.1.23 OR BA.1.24 OR BA.2 OR BA.2.1 OR BA.2.2 OR BA.2.2.1 OR BA.2.3 OR BA.2.3.1 OR BA.2.3.2 OR BA.2.3.3 OR BA.2.3.4 OR BA.2.3.5 OR BA.2.3.6 OR BA.2.3.7 OR BA.2.3.8 OR BA.2.3.9 OR BA.2.3.10 OR BA.2.3.11 OR BA.2.3.12 OR BA.2.3.13 OR BA.2.3.14 OR BA.2.3.15 OR BA.2.3.16 OR BA.2.3.17 OR BA.2.3.18 OR BA.2.4 OR BA.2.5 OR BA.2.6 OR BA.2.7 OR BA.2.8 OR BA.2.9 OR BA.2.9.1 OR BA.2.9.2 OR BA.2.9.3 OR BA.2.9.4 OR BA.2.10 OR BA.2.10.1 OR BA.2.10.2 OR BA.2.10.3 OR BA.2.11 OR BA.2.12 OR BA.2.12.1 OR BA.2.12.2 OR BA.2.13 OR BA.2.14 OR BA.2.15 OR BA.2.16 OR BA.2.17 OR BA.2.18 OR BA.2.19 OR BA.2.20 OR BA.2.21 OR BA.2.22 OR BA.2.23 OR BA.2.23.1 OR BA.2.24 OR BA.2.25 OR BA.2.25.1 OR BA.2.26 OR BA.2.27 OR BA.2.28 OR BA.2.29 OR BA.2.30 OR BA.2.31 OR BA.2.32 OR BA.2.33 OR BA.2.34 OR BA.2.35 OR BA.2.36 OR BA.2.37 OR BA.2.38 OR BA.2.39 OR BA.2.40 OR BA.2.40.1 OR BA.2.41 OR BA.2.42 OR BA.2.43 OR BA.2.44 OR BA.2.45 OR BA.2.46 OR BA.2.47 OR BA.2.48 OR BA.2.49 OR BA.2.50 OR BA.2.51 OR BA.2.52 OR BA.2.53 OR BA.2.54 OR BA.2.55 OR BA.2.56 OR BA.2.56.1 OR BA.2.57 OR BA.2.58 OR BA.2.59 OR BA.2.60 OR BA.2.61 OR BA.2.62 OR BA.2.63 OR BA.2.64 OR BA.2.65 OR BA.2.66 OR BA.2.67 OR BA.2.68 OR BA.2.69 OR BA.2.70 OR BA.2.71 OR BA.2.72 OR BA.2.73 OR BA.2.74 OR BA.2.75 OR BA.3 OR BA.3.1 OR BA.4 OR BA.4.1 OR BA.4.1.1 OR BA.4.1.2 OR BA.5 OR BA.5.1 OR BA.5.1.1 OR BA.5.2 OR BA.5.2.1 OR BA.5.2.2 OR BA.5.2.3 OR BA.5.3 OR BA.5.3.1 OR BA.5.3.2 OR BA.5.3.3 OR BA.5.3.4 OR BA.5.4 OR BA.5.5 OR BA.5.6 OR BC.1 OR BC.2 OR BD.1 OR BE.1 OR BE.1.1 OR BE.2 OR BF.1 OR BF.1.1,Omicron,155.071428571429,150.142857142857,0.968217411331184
2022-03-14,220,212,122.428571428571,118.142857142857,0.964994165694282,0.923939463707126,0.988833803389736,B.1.1.529 OR BA.1 OR BA.1.1 OR BA.1.1.1 OR BA.1.1.2 OR BA.1.1.3 OR BA.1.1.4 OR BA.1.1.5 OR BA.1.1.6 OR BA.1.1.7 OR BA.1.1.8 OR BA.1.1.9 OR BA.1.1.10 OR BA.1.1.11 OR BA.1.1.12 OR BA.1.1.13 OR BA.1.1.14 OR BA.1.1.15 OR BA.1.1.16 OR BA.1.1.17 OR BA.1.1.18 OR BA.1.2 OR BA.1.3 OR BA.1.4 OR BA.1.5 OR BA.1.6 OR BA.1.7 OR BA.1.8 OR BA.1.9 OR BA.1.10 OR BA.1.11 OR BA.1.12 OR BA.1.13 OR BA.1.13.1 OR BA.1.14 OR BA.1.14.1 OR BA.1.14.2 OR BA.1.15 OR BA.1.15.1 OR BA.1.15.2 OR BA.1.15.3 OR BA.1.16 OR BA.1.16.1 OR BA.1.16.2 OR BA.1.17 OR BA.1.17.1 OR BA.1.17.2 OR BA.1.18 OR BA.1.19 OR BA.1.20 OR BA.1.21 OR BA.1.21.1 OR BA.1.22 OR BA.1.23 OR BA.1.24 OR BA.2 OR BA.2.1 OR BA.2.2 OR BA.2.2.1 OR BA.2.3 OR BA.2.3.1 OR BA.2.3.2 OR BA.2.3.3 OR BA.2.3.4 OR BA.2.3.5 OR BA.2.3.6 OR BA.2.3.7 OR BA.2.3.8 OR BA.2.3.9 OR BA.2.3.10 OR BA.2.3.11 OR BA.2.3.12 OR BA.2.3.13 OR BA.2.3.14 OR BA.2.3.15 OR BA.2.3.16 OR BA.2.3.17 OR BA.2.3.18 OR BA.2.4 OR BA.2.5 OR BA.2.6 OR BA.2.7 OR BA.2.8 OR BA.2.9 OR BA.2.9.1 OR BA.2.9.2 OR BA.2.9.3 OR BA.2.9.4 OR BA.2.10 OR BA.2.10.1 OR BA.2.10.2 OR BA.2.10.3 OR BA.2.11 OR BA.2.12 OR BA.2.12.1 OR BA.2.12.2 OR BA.2.13 OR BA.2.14 OR BA.2.15 OR BA.2.16 OR BA.2.17 OR BA.2.18 OR BA.2.19 OR BA.2.20 OR BA.2.21 OR BA.2.22 OR BA.2.23 OR BA.2.23.1 OR BA.2.24 OR BA.2.25 OR BA.2.25.1 OR BA.2.26 OR BA.2.27 OR BA.2.28 OR BA.2.29 OR BA.2.30 OR BA.2.31 OR BA.2.32 OR BA.2.33 OR BA.2.34 OR BA.2.35 OR BA.2.36 OR BA.2.37 OR BA.2.38 OR BA.2.39 OR BA.2.40 OR BA.2.40.1 OR BA.2.41 OR BA.2.42 OR BA.2.43 OR BA.2.44 OR BA.2.45 OR BA.2.46 OR BA.2.47 OR BA.2.48 OR BA.2.49 OR BA.2.50 OR BA.2.51 OR BA.2.52 OR BA.2.53 OR BA.2.54 OR BA.2.55 OR BA.2.56 OR BA.2.56.1 OR BA.2.57 OR BA.2.58 OR BA.2.59 OR BA.2.60 OR BA.2.61 OR BA.2.62 OR BA.2.63 OR BA.2.64 OR BA.2.65 OR BA.2.66 OR BA.2.67 OR BA.2.68 OR BA.2.69 OR BA.2.70 OR BA.2.71 OR BA.2.72 OR BA.2.73 OR BA.2.74 OR BA.2.75 OR BA.3 OR BA.3.1 OR BA.4 OR BA.4.1 OR BA.4.1.1 OR BA.4.1.2 OR BA.5 OR BA.5.1 OR BA.5.1.1 OR BA.5.2 OR BA.5.2.1 OR BA.5.2.2 OR BA.5.2.3 OR BA.5.3 OR BA.5.3.1 OR BA.5.3.2 OR BA.5.3.3 OR BA.5.3.4 OR BA.5.4 OR BA.5.5 OR BA.5.6 OR BC.1 OR BC.2 OR BD.1 OR BE.1 OR BE.1.1 OR BE.2 OR BF.1 OR BF.1.1,Omicron,143.357142857143,138.357142857143,0.965122072745391
2022-03-15,235,229,135.285714285714,130.428571428571,0.964097148891235,0.920740784321281,0.985729582531703,B.1.1.529 OR BA.1 OR BA.1.1 OR BA.1.1.1 OR BA.1.1.2 OR BA.1.1.3 OR BA.1.1.4 OR BA.1.1.5 OR BA.1.1.6 OR BA.1.1.7 OR BA.1.1.8 OR BA.1.1.9 OR BA.1.1.10 OR BA.1.1.11 OR BA.1.1.12 OR BA.1.1.13 OR BA.1.1.14 OR BA.1.1.15 OR BA.1.1.16 OR BA.1.1.17 OR BA.1.1.18 OR BA.1.2 OR BA.1.3 OR BA.1.4 OR BA.1.5 OR BA.1.6 OR BA.1.7 OR BA.1.8 OR BA.1.9 OR BA.1.10 OR BA.1.11 OR BA.1.12 OR BA.1.13 OR BA.1.13.1 OR BA.1.14 OR BA.1.14.1 OR BA.1.14.2 OR BA.1.15 OR BA.1.15.1 OR BA.1.15.2 OR BA.1.15.3 OR BA.1.16 OR BA.1.16.1 OR BA.1.16.2 OR BA.1.17 OR BA.1.17.1 OR BA.1.17.2 OR BA.1.18 OR BA.1.19 OR BA.1.20 OR BA.1.21 OR BA.1.21.1 OR BA.1.22 OR BA.1.23 OR BA.1.24 OR BA.2 OR BA.2.1 OR BA.2.2 OR BA.2.2.1 OR BA.2.3 OR BA.2.3.1 OR BA.2.3.2 OR BA.2.3.3 OR BA.2.3.4 OR BA.2.3.5 OR BA.2.3.6 OR BA.2.3.7 OR BA.2.3.8 OR BA.2.3.9 OR BA.2.3.10 OR BA.2.3.11 OR BA.2.3.12 OR BA.2.3.13 OR BA.2.3.14 OR BA.2.3.15 OR BA.2.3.16 OR BA.2.3.17 OR BA.2.3.18 OR BA.2.4 OR BA.2.5 OR BA.2.6 OR BA.2.7 OR BA.2.8 OR BA.2.9 OR BA.2.9.1 OR BA.2.9.2 OR BA.2.9.3 OR BA.2.9.4 OR BA.2.10 OR BA.2.10.1 OR BA.2.10.2 OR BA.2.10.3 OR BA.2.11 OR BA.2.12 OR BA.2.12.1 OR BA.2.12.2 OR BA.2.13 OR BA.2.14 OR BA.2.15 OR BA.2.16 OR BA.2.17 OR BA.2.18 OR BA.2.19 OR BA.2.20 OR BA.2.21 OR BA.2.22 OR BA.2.23 OR BA.2.23.1 OR BA.2.24 OR BA.2.25 OR BA.2.25.1 OR BA.2.26 OR BA.2.27 OR BA.2.28 OR BA.2.29 OR BA.2.30 OR BA.2.31 OR BA.2.32 OR BA.2.33 OR BA.2.34 OR BA.2.35 OR BA.2.36 OR BA.2.37 OR BA.2.38 OR BA.2.39 OR BA.2.40 OR BA.2.40.1 OR BA.2.41 OR BA.2.42 OR BA.2.43 OR BA.2.44 OR BA.2.45 OR BA.2.46 OR BA.2.47 OR BA.2.48 OR BA.2.49 OR BA.2.50 OR BA.2.51 OR BA.2.52 OR BA.2.53 OR BA.2.54 OR BA.2.55 OR BA.2.56 OR BA.2.56.1 OR BA.2.57 OR BA.2.58 OR BA.2.59 OR BA.2.60 OR BA.2.61 OR BA.2.62 OR BA.2.63 OR BA.2.64 OR BA.2.65 OR BA.2.66 OR BA.2.67 OR BA.2.68 OR BA.2.69 OR BA.2.70 OR BA.2.71 OR BA.2.72 OR BA.2.73 OR BA.2.74 OR BA.2.75 OR BA.3 OR BA.3.1 OR BA.4 OR BA.4.1 OR BA.4.1.1 OR BA.4.1.2 OR BA.5 OR BA.5.1 OR BA.5.1.1 OR BA.5.2 OR BA.5.2.1 OR BA.5.2.2 OR BA.5.2.3 OR BA.5.3 OR BA.5.3.1 OR BA.5.3.2 OR BA.5.3.3 OR BA.5.3.4 OR BA.5.4 OR BA.5.5 OR BA.5.6 OR BC.1 OR BC.2 OR BD.1 OR BE.1 OR BE.1.1 OR BE.2 OR BF.1 OR BF.1.1,Omicron,146.142857142857,141,0.964809384164223
2022-03-16,67,63,133.857142857143,129.142857142857,0.964781216648879,0.920163657128662,0.985622031118779,B.1.1.529 OR BA.1 OR BA.1.1 OR BA.1.1.1 OR BA.1.1.2 OR BA.1.1.3 OR BA.1.1.4 OR BA.1.1.5 OR BA.1.1.6 OR BA.1.1.7 OR BA.1.1.8 OR BA.1.1.9 OR BA.1.1.10 OR BA.1.1.11 OR BA.1.1.12 OR BA.1.1.13 OR BA.1.1.14 OR BA.1.1.15 OR BA.1.1.16 OR BA.1.1.17 OR BA.1.1.18 OR BA.1.2 OR BA.1.3 OR BA.1.4 OR BA.1.5 OR BA.1.6 OR BA.1.7 OR BA.1.8 OR BA.1.9 OR BA.1.10 OR BA.1.11 OR BA.1.12 OR BA.1.13 OR BA.1.13.1 OR BA.1.14 OR BA.1.14.1 OR BA.1.14.2 OR BA.1.15 OR BA.1.15.1 OR BA.1.15.2 OR BA.1.15.3 OR BA.1.16 OR BA.1.16.1 OR BA.1.16.2 OR BA.1.17 OR BA.1.17.1 OR BA.1.17.2 OR BA.1.18 OR BA.1.19 OR BA.1.20 OR BA.1.21 OR BA.1.21.1 OR BA.1.22 OR BA.1.23 OR BA.1.24 OR BA.2 OR BA.2.1 OR BA.2.2 OR BA.2.2.1 OR BA.2.3 OR BA.2.3.1 OR BA.2.3.2 OR BA.2.3.3 OR BA.2.3.4 OR BA.2.3.5 OR BA.2.3.6 OR BA.2.3.7 OR BA.2.3.8 OR BA.2.3.9 OR BA.2.3.10 OR BA.2.3.11 OR BA.2.3.12 OR BA.2.3.13 OR BA.2.3.14 OR BA.2.3.15 OR BA.2.3.16 OR BA.2.3.17 OR BA.2.3.18 OR BA.2.4 OR BA.2.5 OR BA.2.6 OR BA.2.7 OR BA.2.8 OR BA.2.9 OR BA.2.9.1 OR BA.2.9.2 OR BA.2.9.3 OR BA.2.9.4 OR BA.2.10 OR BA.2.10.1 OR BA.2.10.2 OR BA.2.10.3 OR BA.2.11 OR BA.2.12 OR BA.2.12.1 OR BA.2.12.2 OR BA.2.13 OR BA.2.14 OR BA.2.15 OR BA.2.16 OR BA.2.17 OR BA.2.18 OR BA.2.19 OR BA.2.20 OR BA.2.21 OR BA.2.22 OR BA.2.23 OR BA.2.23.1 OR BA.2.24 OR BA.2.25 OR BA.2.25.1 OR BA.2.26 OR BA.2.27 OR BA.2.28 OR BA.2.29 OR BA.2.30 OR BA.2.31 OR BA.2.32 OR BA.2.33 OR BA.2.34 OR BA.2.35 OR BA.2.36 OR BA.2.37 OR BA.2.38 OR BA.2.39 OR BA.2.40 OR BA.2.40.1 OR BA.2.41 OR BA.2.42 OR BA.2.43 OR BA.2.44 OR BA.2.45 OR BA.2.46 OR BA.2.47 OR BA.2.48 OR BA.2.49 OR BA.2.50 OR BA.2.51 OR BA.2.52 OR BA.2.53 OR BA.2.54 OR BA.2.55 OR BA.2.56 OR BA.2.56.1 OR BA.2.57 OR BA.2.58 OR BA.2.59 OR BA.2.60 OR BA.2.61 OR BA.2.62 OR BA.2.63 OR BA.2.64 OR BA.2.65 OR BA.2.66 OR BA.2.67 OR BA.2.68 OR BA.2.69 OR BA.2.70 OR BA.2.71 OR BA.2.72 OR BA.2.73 OR BA.2.74 OR BA.2.75 OR BA.3 OR BA.3.1 OR BA.4 OR BA.4.1 OR BA.4.1.1 OR BA.4.1.2 OR BA.5 OR BA.5.1 OR BA.5.1.1 OR BA.5.2 OR BA.5.2.1 OR BA.5.2.2 OR BA.5.2.3 OR BA.5.3 OR BA.5.3.1 OR BA.5.3.2 OR BA.5.3.3 OR BA.5.3.4 OR BA.5.4 OR BA.5.5 OR BA.5.6 OR BC.1 OR BC.2 OR BD.1 OR BE.1 OR BE.1.1 OR BE.2 OR BF.1 OR BF.1.1,Omicron,142.071428571429,137,0.964303670186023
2022-03-17,114,110,139.285714285714,134.285714285714,0.964102564102564,0.922968228854516,0.986144164245411,B.1.1.529 OR BA.1 OR BA.1.1 OR BA.1.1.1 OR BA.1.1.2 OR BA.1.1.3 OR BA.1.1.4 OR BA.1.1.5 OR BA.1.1.6 OR BA.1.1.7 OR BA.1.1.8 OR BA.1.1.9 OR BA.1.1.10 OR BA.1.1.11 OR BA.1.1.12 OR BA.1.1.13 OR BA.1.1.14 OR BA.1.1.15 OR BA.1.1.16 OR BA.1.1.17 OR BA.1.1.18 OR BA.1.2 OR BA.1.3 OR BA.1.4 OR BA.1.5 OR BA.1.6 OR BA.1.7 OR BA.1.8 OR BA.1.9 OR BA.1.10 OR BA.1.11 OR BA.1.12 OR BA.1.13 OR BA.1.13.1 OR BA.1.14 OR BA.1.14.1 OR BA.1.14.2 OR BA.1.15 OR BA.1.15.1 OR BA.1.15.2 OR BA.1.15.3 OR BA.1.16 OR BA.1.16.1 OR BA.1.16.2 OR BA.1.17 OR BA.1.17.1 OR BA.1.17.2 OR BA.1.18 OR BA.1.19 OR BA.1.20 OR BA.1.21 OR BA.1.21.1 OR BA.1.22 OR BA.1.23 OR BA.1.24 OR BA.2 OR BA.2.1 OR BA.2.2 OR BA.2.2.1 OR BA.2.3 OR BA.2.3.1 OR BA.2.3.2 OR BA.2.3.3 OR BA.2.3.4 OR BA.2.3.5 OR BA.2.3.6 OR BA.2.3.7 OR BA.2.3.8 OR BA.2.3.9 OR BA.2.3.10 OR BA.2.3.11 OR BA.2.3.12 OR BA.2.3.13 OR BA.2.3.14 OR BA.2.3.15 OR BA.2.3.16 OR BA.2.3.17 OR BA.2.3.18 OR BA.2.4 OR BA.2.5 OR BA.2.6 OR BA.2.7 OR BA.2.8 OR BA.2.9 OR BA.2.9.1 OR BA.2.9.2 OR BA.2.9.3 OR BA.2.9.4 OR BA.2.10 OR BA.2.10.1 OR BA.2.10.2 OR BA.2.10.3 OR BA.2.11 OR BA.2.12 OR BA.2.12.1 OR BA.2.12.2 OR BA.2.13 OR BA.2.14 OR BA.2.15 OR BA.2.16 OR BA.2.17 OR BA.2.18 OR BA.2.19 OR BA.2.20 OR BA.2.21 OR BA.2.22 OR BA.2.23 OR BA.2.23.1 OR BA.2.24 OR BA.2.25 OR BA.2.25.1 OR BA.2.26 OR BA.2.27 OR BA.2.28 OR BA.2.29 OR BA.2.30 OR BA.2.31 OR BA.2.32 OR BA.2.33 OR BA.2.34 OR BA.2.35 OR BA.2.36 OR BA.2.37 OR BA.2.38 OR BA.2.39 OR BA.2.40 OR BA.2.40.1 OR BA.2.41 OR BA.2.42 OR BA.2.43 OR BA.2.44 OR BA.2.45 OR BA.2.46 OR BA.2.47 OR BA.2.48 OR BA.2.49 OR BA.2.50 OR BA.2.51 OR BA.2.52 OR BA.2.53 OR BA.2.54 OR BA.2.55 OR BA.2.56 OR BA.2.56.1 OR BA.2.57 OR BA.2.58 OR BA.2.59 OR BA.2.60 OR BA.2.61 OR BA.2.62 OR BA.2.63 OR BA.2.64 OR BA.2.65 OR BA.2.66 OR BA.2.67 OR BA.2.68 OR BA.2.69 OR BA.2.70 OR BA.2.71 OR BA.2.72 OR BA.2.73 OR BA.2.74 OR BA.2.75 OR BA.3 OR BA.3.1 OR BA.4 OR BA.4.1 OR BA.4.1.1 OR BA.4.1.2 OR BA.5 OR BA.5.1 OR BA.5.1.1 OR BA.5.2 OR BA.5.2.1 OR BA.5.2.2 OR BA.5.2.3 OR BA.5.3 OR BA.5.3.1 OR BA.5.3.2 OR BA.5.3.3 OR BA.5.3.4 OR BA.5.4 OR BA.5.5 OR BA.5.6 OR BC.1 OR BC.2 OR BD.1 OR BE.1 OR BE.1.1 OR BE.2 OR BF.1 OR BF.1.1,Omicron,142.642857142857,137.285714285714,0.962443665498247
2022-03-18,107,105,123.714285714286,119.571428571429,0.966512702078522,0.925136365407732,0.989015498908557,B.1.1.529 OR BA.1 OR BA.1.1 OR BA.1.1.1 OR BA.1.1.2 OR BA.1.1.3 OR BA.1.1.4 OR BA.1.1.5 OR BA.1.1.6 OR BA.1.1.7 OR BA.1.1.8 OR BA.1.1.9 OR BA.1.1.10 OR BA.1.1.11 OR BA.1.1.12 OR BA.1.1.13 OR BA.1.1.14 OR BA.1.1.15 OR BA.1.1.16 OR BA.1.1.17 OR BA.1.1.18 OR BA.1.2 OR BA.1.3 OR BA.1.4 OR BA.1.5 OR BA.1.6 OR BA.1.7 OR BA.1.8 OR BA.1.9 OR BA.1.10 OR BA.1.11 OR BA.1.12 OR BA.1.13 OR BA.1.13.1 OR BA.1.14 OR BA.1.14.1 OR BA.1.14.2 OR BA.1.15 OR BA.1.15.1 OR BA.1.15.2 OR BA.1.15.3 OR BA.1.16 OR BA.1.16.1 OR BA.1.16.2 OR BA.1.17 OR BA.1.17.1 OR BA.1.17.2 OR BA.1.18 OR BA.1.19 OR BA.1.20 OR BA.1.21 OR BA.1.21.1 OR BA.1.22 OR BA.1.23 OR BA.1.24 OR BA.2 OR BA.2.1 OR BA.2.2 OR BA.2.2.1 OR BA.2.3 OR BA.2.3.1 OR BA.2.3.2 OR BA.2.3.3 OR BA.2.3.4 OR BA.2.3.5 OR BA.2.3.6 OR BA.2.3.7 OR BA.2.3.8 OR BA.2.3.9 OR BA.2.3.10 OR BA.2.3.11 OR BA.2.3.12 OR BA.2.3.13 OR BA.2.3.14 OR BA.2.3.15 OR BA.2.3.16 OR BA.2.3.17 OR BA.2.3.18 OR BA.2.4 OR BA.2.5 OR BA.2.6 OR BA.2.7 OR BA.2.8 OR BA.2.9 OR BA.2.9.1 OR BA.2.9.2 OR BA.2.9.3 OR BA.2.9.4 OR BA.2.10 OR BA.2.10.1 OR BA.2.10.2 OR BA.2.10.3 OR BA.2.11 OR BA.2.12 OR BA.2.12.1 OR BA.2.12.2 OR BA.2.13 OR BA.2.14 OR BA.2.15 OR BA.2.16 OR BA.2.17 OR BA.2.18 OR BA.2.19 OR BA.2.20 OR BA.2.21 OR BA.2.22 OR BA.2.23 OR BA.2.23.1 OR BA.2.24 OR BA.2.25 OR BA.2.25.1 OR BA.2.26 OR BA.2.27 OR BA.2.28 OR BA.2.29 OR BA.2.30 OR BA.2.31 OR BA.2.32 OR BA.2.33 OR BA.2.34 OR BA.2.35 OR BA.2.36 OR BA.2.37 OR BA.2.38 OR BA.2.39 OR BA.2.40 OR BA.2.40.1 OR BA.2.41 OR BA.2.42 OR BA.2.43 OR BA.2.44 OR BA.2.45 OR BA.2.46 OR BA.2.47 OR BA.2.48 OR BA.2.49 OR BA.2.50 OR BA.2.51 OR BA.2.52 OR BA.2.53 OR BA.2.54 OR BA.2.55 OR BA.2.56 OR BA.2.56.1 OR BA.2.57 OR BA.2.58 OR BA.2.59 OR BA.2.60 OR BA.2.61 OR BA.2.62 OR BA.2.63 OR BA.2.64 OR BA.2.65 OR BA.2.66 OR BA.2.67 OR BA.2.68 OR BA.2.69 OR BA.2.70 OR BA.2.71 OR BA.2.72 OR BA.2.73 OR BA.2.74 OR BA.2.75 OR BA.3 OR BA.3.1 OR BA.4 OR BA.4.1 OR BA.4.1.1 OR BA.4.1.2 OR BA.5 OR BA.5.1 OR BA.5.1.1 OR BA.5.2 OR BA.5.2.1 OR BA.5.2.2 OR BA.5.2.3 OR BA.5.3 OR BA.5.3.1 OR BA.5.3.2 OR BA.5.3.3 OR BA.5.3.4 OR BA.5.4 OR BA.5.5 OR BA.5.6 OR BC.1 OR BC.2 OR BD.1 OR BE.1 OR BE.1.1 OR BE.2 OR BF.1 OR BF.1.1,Omicron,138.214285714286,133.214285714286,0.963824289405685
2022-03-19,64,57,122.285714285714,117.428571428571,0.960280373831776,0.912520146256463,0.984192378043615,B.1.1.529 OR BA.1 OR BA.1.1 OR BA.1.1.1 OR BA.1.1.2 OR BA.1.1.3 OR BA.1.1.4 OR BA.1.1.5 OR BA.1.1.6 OR BA.1.1.7 OR BA.1.1.8 OR BA.1.1.9 OR BA.1.1.10 OR BA.1.1.11 OR BA.1.1.12 OR BA.1.1.13 OR BA.1.1.14 OR BA.1.1.15 OR BA.1.1.16 OR BA.1.1.17 OR BA.1.1.18 OR BA.1.2 OR BA.1.3 OR BA.1.4 OR BA.1.5 OR BA.1.6 OR BA.1.7 OR BA.1.8 OR BA.1.9 OR BA.1.10 OR BA.1.11 OR BA.1.12 OR BA.1.13 OR BA.1.13.1 OR BA.1.14 OR BA.1.14.1 OR BA.1.14.2 OR BA.1.15 OR BA.1.15.1 OR BA.1.15.2 OR BA.1.15.3 OR BA.1.16 OR BA.1.16.1 OR BA.1.16.2 OR BA.1.17 OR BA.1.17.1 OR BA.1.17.2 OR BA.1.18 OR BA.1.19 OR BA.1.20 OR BA.1.21 OR BA.1.21.1 OR BA.1.22 OR BA.1.23 OR BA.1.24 OR BA.2 OR BA.2.1 OR BA.2.2 OR BA.2.2.1 OR BA.2.3 OR BA.2.3.1 OR BA.2.3.2 OR BA.2.3.3 OR BA.2.3.4 OR BA.2.3.5 OR BA.2.3.6 OR BA.2.3.7 OR BA.2.3.8 OR BA.2.3.9 OR BA.2.3.10 OR BA.2.3.11 OR BA.2.3.12 OR BA.2.3.13 OR BA.2.3.14 OR BA.2.3.15 OR BA.2.3.16 OR BA.2.3.17 OR BA.2.3.18 OR BA.2.4 OR BA.2.5 OR BA.2.6 OR BA.2.7 OR BA.2.8 OR BA.2.9 OR BA.2.9.1 OR BA.2.9.2 OR BA.2.9.3 OR BA.2.9.4 OR BA.2.10 OR BA.2.10.1 OR BA.2.10.2 OR BA.2.10.3 OR BA.2.11 OR BA.2.12 OR BA.2.12.1 OR BA.2.12.2 OR BA.2.13 OR BA.2.14 OR BA.2.15 OR BA.2.16 OR BA.2.17 OR BA.2.18 OR BA.2.19 OR BA.2.20 OR BA.2.21 OR BA.2.22 OR BA.2.23 OR BA.2.23.1 OR BA.2.24 OR BA.2.25 OR BA.2.25.1 OR BA.2.26 OR BA.2.27 OR BA.2.28 OR BA.2.29 OR BA.2.30 OR BA.2.31 OR BA.2.32 OR BA.2.33 OR BA.2.34 OR BA.2.35 OR BA.2.36 OR BA.2.37 OR BA.2.38 OR BA.2.39 OR BA.2.40 OR BA.2.40.1 OR BA.2.41 OR BA.2.42 OR BA.2.43 OR BA.2.44 OR BA.2.45 OR BA.2.46 OR BA.2.47 OR BA.2.48 OR BA.2.49 OR BA.2.50 OR BA.2.51 OR BA.2.52 OR BA.2.53 OR BA.2.54 OR BA.2.55 OR BA.2.56 OR BA.2.56.1 OR BA.2.57 OR BA.2.58 OR BA.2.59 OR BA.2.60 OR BA.2.61 OR BA.2.62 OR BA.2.63 OR BA.2.64 OR BA.2.65 OR BA.2.66 OR BA.2.67 OR BA.2.68 OR BA.2.69 OR BA.2.70 OR BA.2.71 OR BA.2.72 OR BA.2.73 OR BA.2.74 OR BA.2.75 OR BA.3 OR BA.3.1 OR BA.4 OR BA.4.1 OR BA.4.1.1 OR BA.4.1.2 OR BA.5 OR BA.5.1 OR BA.5.1.1 OR BA.5.2 OR BA.5.2.1 OR BA.5.2.2 OR BA.5.2.3 OR BA.5.3 OR BA.5.3.1 OR BA.5.3.2 OR BA.5.3.3 OR BA.5.3.4 OR BA.5.4 OR BA.5.5 OR BA.5.6 OR BC.1 OR BC.2 OR BD.1 OR BE.1 OR BE.1.1 OR BE.2 OR BF.1 OR BF.1.1,Omicron,134.357142857143,129.285714285714,0.962254120148857
2022-03-20,39,37,120.857142857143,116.142857142857,0.960992907801418,0.911816624703654,0.98406029839556,B.1.1.529 OR BA.1 OR BA.1.1 OR BA.1.1.1 OR BA.1.1.2 OR BA.1.1.3 OR BA.1.1.4 OR BA.1.1.5 OR BA.1.1.6 OR BA.1.1.7 OR BA.1.1.8 OR BA.1.1.9 OR BA.1.1.10 OR BA.1.1.11 OR BA.1.1.12 OR BA.1.1.13 OR BA.1.1.14 OR BA.1.1.15 OR BA.1.1.16 OR BA.1.1.17 OR BA.1.1.18 OR BA.1.2 OR BA.1.3 OR BA.1.4 OR BA.1.5 OR BA.1.6 OR BA.1.7 OR BA.1.8 OR BA.1.9 OR BA.1.10 OR BA.1.11 OR BA.1.12 OR BA.1.13 OR BA.1.13.1 OR BA.1.14 OR BA.1.14.1 OR BA.1.14.2 OR BA.1.15 OR BA.1.15.1 OR BA.1.15.2 OR BA.1.15.3 OR BA.1.16 OR BA.1.16.1 OR BA.1.16.2 OR BA.1.17 OR BA.1.17.1 OR BA.1.17.2 OR BA.1.18 OR BA.1.19 OR BA.1.20 OR BA.1.21 OR BA.1.21.1 OR BA.1.22 OR BA.1.23 OR BA.1.24 OR BA.2 OR BA.2.1 OR BA.2.2 OR BA.2.2.1 OR BA.2.3 OR BA.2.3.1 OR BA.2.3.2 OR BA.2.3.3 OR BA.2.3.4 OR BA.2.3.5 OR BA.2.3.6 OR BA.2.3.7 OR BA.2.3.8 OR BA.2.3.9 OR BA.2.3.10 OR BA.2.3.11 OR BA.2.3.12 OR BA.2.3.13 OR BA.2.3.14 OR BA.2.3.15 OR BA.2.3.16 OR BA.2.3.17 OR BA.2.3.18 OR BA.2.4 OR BA.2.5 OR BA.2.6 OR BA.2.7 OR BA.2.8 OR BA.2.9 OR BA.2.9.1 OR BA.2.9.2 OR BA.2.9.3 OR BA.2.9.4 OR BA.2.10 OR BA.2.10.1 OR BA.2.10.2 OR BA.2.10.3 OR BA.2.11 OR BA.2.12 OR BA.2.12.1 OR BA.2.12.2 OR BA.2.13 OR BA.2.14 OR BA.2.15 OR BA.2.16 OR BA.2.17 OR BA.2.18 OR BA.2.19 OR BA.2.20 OR BA.2.21 OR BA.2.22 OR BA.2.23 OR BA.2.23.1 OR BA.2.24 OR BA.2.25 OR BA.2.25.1 OR BA.2.26 OR BA.2.27 OR BA.2.28 OR BA.2.29 OR BA.2.30 OR BA.2.31 OR BA.2.32 OR BA.2.33 OR BA.2.34 OR BA.2.35 OR BA.2.36 OR BA.2.37 OR BA.2.38 OR BA.2.39 OR BA.2.40 OR BA.2.40.1 OR BA.2.41 OR BA.2.42 OR BA.2.43 OR BA.2.44 OR BA.2.45 OR BA.2.46 OR BA.2.47 OR BA.2.48 OR BA.2.49 OR BA.2.50 OR BA.2.51 OR BA.2.52 OR BA.2.53 OR BA.2.54 OR BA.2.55 OR BA.2.56 OR BA.2.56.1 OR BA.2.57 OR BA.2.58 OR BA.2.59 OR BA.2.60 OR BA.2.61 OR BA.2.62 OR BA.2.63 OR BA.2.64 OR BA.2.65 OR BA.2.66 OR BA.2.67 OR BA.2.68 OR BA.2.69 OR BA.2.70 OR BA.2.71 OR BA.2.72 OR BA.2.73 OR BA.2.74 OR BA.2.75 OR BA.3 OR BA.3.1 OR BA.4 OR BA.4.1 OR BA.4.1.1 OR BA.4.1.2 OR BA.5 OR BA.5.1 OR BA.5.1.1 OR BA.5.2 OR BA.5.2.1 OR BA.5.2.2 OR BA.5.2.3 OR BA.5.3 OR BA.5.3.1 OR BA.5.3.2 OR BA.5.3.3 OR BA.5.3.4 OR BA.5.4 OR BA.5.5 OR BA.5.6 OR BC.1 OR BC.2 OR BD.1 OR BE.1 OR BE.1.1 OR BE.2 OR BF.1 OR BF.1.1,Omicron,131.5,126.571428571429,0.962520369364476
2022-03-21,127,121,107.571428571429,103.142857142857,0.958831341301461,0.901521625471247,0.982117909666568,B.1.1.529 OR BA.1 OR BA.1.1 OR BA.1.1.1 OR BA.1.1.2 OR BA.1.1.3 OR BA.1.1.4 OR BA.1.1.5 OR BA.1.1.6 OR BA.1.1.7 OR BA.1.1.8 OR BA.1.1.9 OR BA.1.1.10 OR BA.1.1.11 OR BA.1.1.12 OR BA.1.1.13 OR BA.1.1.14 OR BA.1.1.15 OR BA.1.1.16 OR BA.1.1.17 OR BA.1.1.18 OR BA.1.2 OR BA.1.3 OR BA.1.4 OR BA.1.5 OR BA.1.6 OR BA.1.7 OR BA.1.8 OR BA.1.9 OR BA.1.10 OR BA.1.11 OR BA.1.12 OR BA.1.13 OR BA.1.13.1 OR BA.1.14 OR BA.1.14.1 OR BA.1.14.2 OR BA.1.15 OR BA.1.15.1 OR BA.1.15.2 OR BA.1.15.3 OR BA.1.16 OR BA.1.16.1 OR BA.1.16.2 OR BA.1.17 OR BA.1.17.1 OR BA.1.17.2 OR BA.1.18 OR BA.1.19 OR BA.1.20 OR BA.1.21 OR BA.1.21.1 OR BA.1.22 OR BA.1.23 OR BA.1.24 OR BA.2 OR BA.2.1 OR BA.2.2 OR BA.2.2.1 OR BA.2.3 OR BA.2.3.1 OR BA.2.3.2 OR BA.2.3.3 OR BA.2.3.4 OR BA.2.3.5 OR BA.2.3.6 OR BA.2.3.7 OR BA.2.3.8 OR BA.2.3.9 OR BA.2.3.10 OR BA.2.3.11 OR BA.2.3.12 OR BA.2.3.13 OR BA.2.3.14 OR BA.2.3.15 OR BA.2.3.16 OR BA.2.3.17 OR BA.2.3.18 OR BA.2.4 OR BA.2.5 OR BA.2.6 OR BA.2.7 OR BA.2.8 OR BA.2.9 OR BA.2.9.1 OR BA.2.9.2 OR BA.2.9.3 OR BA.2.9.4 OR BA.2.10 OR BA.2.10.1 OR BA.2.10.2 OR BA.2.10.3 OR BA.2.11 OR BA.2.12 OR BA.2.12.1 OR BA.2.12.2 OR BA.2.13 OR BA.2.14 OR BA.2.15 OR BA.2.16 OR BA.2.17 OR BA.2.18 OR BA.2.19 OR BA.2.20 OR BA.2.21 OR BA.2.22 OR BA.2.23 OR BA.2.23.1 OR BA.2.24 OR BA.2.25 OR BA.2.25.1 OR BA.2.26 OR BA.2.27 OR BA.2.28 OR BA.2.29 OR BA.2.30 OR BA.2.31 OR BA.2.32 OR BA.2.33 OR BA.2.34 OR BA.2.35 OR BA.2.36 OR BA.2.37 OR BA.2.38 OR BA.2.39 OR BA.2.40 OR BA.2.40.1 OR BA.2.41 OR BA.2.42 OR BA.2.43 OR BA.2.44 OR BA.2.45 OR BA.2.46 OR BA.2.47 OR BA.2.48 OR BA.2.49 OR BA.2.50 OR BA.2.51 OR BA.2.52 OR BA.2.53 OR BA.2.54 OR BA.2.55 OR BA.2.56 OR BA.2.56.1 OR BA.2.57 OR BA.2.58 OR BA.2.59 OR BA.2.60 OR BA.2.61 OR BA.2.62 OR BA.2.63 OR BA.2.64 OR BA.2.65 OR BA.2.66 OR BA.2.67 OR BA.2.68 OR BA.2.69 OR BA.2.70 OR BA.2.71 OR BA.2.72 OR BA.2.73 OR BA.2.74 OR BA.2.75 OR BA.3 OR BA.3.1 OR BA.4 OR BA.4.1 OR BA.4.1.1 OR BA.4.1.2 OR BA.5 OR BA.5.1 OR BA.5.1.1 OR BA.5.2 OR BA.5.2.1 OR BA.5.2.2 OR BA.5.2.3 OR BA.5.3 OR BA.5.3.1 OR BA.5.3.2 OR BA.5.3.3 OR BA.5.3.4 OR BA.5.4 OR BA.5.5 OR BA.5.6 OR BC.1 OR BC.2 OR BD.1 OR BE.1 OR BE.1.1 OR BE.2 OR BF.1 OR BF.1.1,Omicron,115,110.642857142857,0.962111801242236
2022-03-22,71,55,84.1428571428572,78.2857142857143,0.930390492359932,0.858709838997483,0.969636721068206,B.1.1.529 OR BA.1 OR BA.1.1 OR BA.1.1.1 OR BA.1.1.2 OR BA.1.1.3 OR BA.1.1.4 OR BA.1.1.5 OR BA.1.1.6 OR BA.1.1.7 OR BA.1.1.8 OR BA.1.1.9 OR BA.1.1.10 OR BA.1.1.11 OR BA.1.1.12 OR BA.1.1.13 OR BA.1.1.14 OR BA.1.1.15 OR BA.1.1.16 OR BA.1.1.17 OR BA.1.1.18 OR BA.1.2 OR BA.1.3 OR BA.1.4 OR BA.1.5 OR BA.1.6 OR BA.1.7 OR BA.1.8 OR BA.1.9 OR BA.1.10 OR BA.1.11 OR BA.1.12 OR BA.1.13 OR BA.1.13.1 OR BA.1.14 OR BA.1.14.1 OR BA.1.14.2 OR BA.1.15 OR BA.1.15.1 OR BA.1.15.2 OR BA.1.15.3 OR BA.1.16 OR BA.1.16.1 OR BA.1.16.2 OR BA.1.17 OR BA.1.17.1 OR BA.1.17.2 OR BA.1.18 OR BA.1.19 OR BA.1.20 OR BA.1.21 OR BA.1.21.1 OR BA.1.22 OR BA.1.23 OR BA.1.24 OR BA.2 OR BA.2.1 OR BA.2.2 OR BA.2.2.1 OR BA.2.3 OR BA.2.3.1 OR BA.2.3.2 OR BA.2.3.3 OR BA.2.3.4 OR BA.2.3.5 OR BA.2.3.6 OR BA.2.3.7 OR BA.2.3.8 OR BA.2.3.9 OR BA.2.3.10 OR BA.2.3.11 OR BA.2.3.12 OR BA.2.3.13 OR BA.2.3.14 OR BA.2.3.15 OR BA.2.3.16 OR BA.2.3.17 OR BA.2.3.18 OR BA.2.4 OR BA.2.5 OR BA.2.6 OR BA.2.7 OR BA.2.8 OR BA.2.9 OR BA.2.9.1 OR BA.2.9.2 OR BA.2.9.3 OR BA.2.9.4 OR BA.2.10 OR BA.2.10.1 OR BA.2.10.2 OR BA.2.10.3 OR BA.2.11 OR BA.2.12 OR BA.2.12.1 OR BA.2.12.2 OR BA.2.13 OR BA.2.14 OR BA.2.15 OR BA.2.16 OR BA.2.17 OR BA.2.18 OR BA.2.19 OR BA.2.20 OR BA.2.21 OR BA.2.22 OR BA.2.23 OR BA.2.23.1 OR BA.2.24 OR BA.2.25 OR BA.2.25.1 OR BA.2.26 OR BA.2.27 OR BA.2.28 OR BA.2.29 OR BA.2.30 OR BA.2.31 OR BA.2.32 OR BA.2.33 OR BA.2.34 OR BA.2.35 OR BA.2.36 OR BA.2.37 OR BA.2.38 OR BA.2.39 OR BA.2.40 OR BA.2.40.1 OR BA.2.41 OR BA.2.42 OR BA.2.43 OR BA.2.44 OR BA.2.45 OR BA.2.46 OR BA.2.47 OR BA.2.48 OR BA.2.49 OR BA.2.50 OR BA.2.51 OR BA.2.52 OR BA.2.53 OR BA.2.54 OR BA.2.55 OR BA.2.56 OR BA.2.56.1 OR BA.2.57 OR BA.2.58 OR BA.2.59 OR BA.2.60 OR BA.2.61 OR BA.2.62 OR BA.2.63 OR BA.2.64 OR BA.2.65 OR BA.2.66 OR BA.2.67 OR BA.2.68 OR BA.2.69 OR BA.2.70 OR BA.2.71 OR BA.2.72 OR BA.2.73 OR BA.2.74 OR BA.2.75 OR BA.3 OR BA.3.1 OR BA.4 OR BA.4.1 OR BA.4.1.1 OR BA.4.1.2 OR BA.5 OR BA.5.1 OR BA.5.1.1 OR BA.5.2 OR BA.5.2.1 OR BA.5.2.2 OR BA.5.2.3 OR BA.5.3 OR BA.5.3.1 OR BA.5.3.2 OR BA.5.3.3 OR BA.5.3.4 OR BA.5.4 OR BA.5.5 OR BA.5.6 OR BC.1 OR BC.2 OR BD.1 OR BE.1 OR BE.1.1 OR BE.2 OR BF.1 OR BF.1.1,Omicron,109.714285714286,104.357142857143,0.951171875
2022-03-23,99,80,88.7142857142857,80.7142857142857,0.909822866344605,0.837561189911868,0.956580726528117,B.1.1.529 OR BA.1 OR BA.1.1 OR BA.1.1.1 OR BA.1.1.2 OR BA.1.1.3 OR BA.1.1.4 OR BA.1.1.5 OR BA.1.1.6 OR BA.1.1.7 OR BA.1.1.8 OR BA.1.1.9 OR BA.1.1.10 OR BA.1.1.11 OR BA.1.1.12 OR BA.1.1.13 OR BA.1.1.14 OR BA.1.1.15 OR BA.1.1.16 OR BA.1.1.17 OR BA.1.1.18 OR BA.1.2 OR BA.1.3 OR BA.1.4 OR BA.1.5 OR BA.1.6 OR BA.1.7 OR BA.1.8 OR BA.1.9 OR BA.1.10 OR BA.1.11 OR BA.1.12 OR BA.1.13 OR BA.1.13.1 OR BA.1.14 OR BA.1.14.1 OR BA.1.14.2 OR BA.1.15 OR BA.1.15.1 OR BA.1.15.2 OR BA.1.15.3 OR BA.1.16 OR BA.1.16.1 OR BA.1.16.2 OR BA.1.17 OR BA.1.17.1 OR BA.1.17.2 OR BA.1.18 OR BA.1.19 OR BA.1.20 OR BA.1.21 OR BA.1.21.1 OR BA.1.22 OR BA.1.23 OR BA.1.24 OR BA.2 OR BA.2.1 OR BA.2.2 OR BA.2.2.1 OR BA.2.3 OR BA.2.3.1 OR BA.2.3.2 OR BA.2.3.3 OR BA.2.3.4 OR BA.2.3.5 OR BA.2.3.6 OR BA.2.3.7 OR BA.2.3.8 OR BA.2.3.9 OR BA.2.3.10 OR BA.2.3.11 OR BA.2.3.12 OR BA.2.3.13 OR BA.2.3.14 OR BA.2.3.15 OR BA.2.3.16 OR BA.2.3.17 OR BA.2.3.18 OR BA.2.4 OR BA.2.5 OR BA.2.6 OR BA.2.7 OR BA.2.8 OR BA.2.9 OR BA.2.9.1 OR BA.2.9.2 OR BA.2.9.3 OR BA.2.9.4 OR BA.2.10 OR BA.2.10.1 OR BA.2.10.2 OR BA.2.10.3 OR BA.2.11 OR BA.2.12 OR BA.2.12.1 OR BA.2.12.2 OR BA.2.13 OR BA.2.14 OR BA.2.15 OR BA.2.16 OR BA.2.17 OR BA.2.18 OR BA.2.19 OR BA.2.20 OR BA.2.21 OR BA.2.22 OR BA.2.23 OR BA.2.23.1 OR BA.2.24 OR BA.2.25 OR BA.2.25.1 OR BA.2.26 OR BA.2.27 OR BA.2.28 OR BA.2.29 OR BA.2.30 OR BA.2.31 OR BA.2.32 OR BA.2.33 OR BA.2.34 OR BA.2.35 OR BA.2.36 OR BA.2.37 OR BA.2.38 OR BA.2.39 OR BA.2.40 OR BA.2.40.1 OR BA.2.41 OR BA.2.42 OR BA.2.43 OR BA.2.44 OR BA.2.45 OR BA.2.46 OR BA.2.47 OR BA.2.48 OR BA.2.49 OR BA.2.50 OR BA.2.51 OR BA.2.52 OR BA.2.53 OR BA.2.54 OR BA.2.55 OR BA.2.56 OR BA.2.56.1 OR BA.2.57 OR BA.2.58 OR BA.2.59 OR BA.2.60 OR BA.2.61 OR BA.2.62 OR BA.2.63 OR BA.2.64 OR BA.2.65 OR BA.2.66 OR BA.2.67 OR BA.2.68 OR BA.2.69 OR BA.2.70 OR BA.2.71 OR BA.2.72 OR BA.2.73 OR BA.2.74 OR BA.2.75 OR BA.3 OR BA.3.1 OR BA.4 OR BA.4.1 OR BA.4.1.1 OR BA.4.1.2 OR BA.5 OR BA.5.1 OR BA.5.1.1 OR BA.5.2 OR BA.5.2.1 OR BA.5.2.2 OR BA.5.2.3 OR BA.5.3 OR BA.5.3.1 OR BA.5.3.2 OR BA.5.3.3 OR BA.5.3.4 OR BA.5.4 OR BA.5.5 OR BA.5.6 OR BC.1 OR BC.2 OR BD.1 OR BE.1 OR BE.1.1 OR BE.2 OR BF.1 OR BF.1.1,Omicron,111.285714285714,104.928571428571,0.942875481386393
2022-03-24,89,78,85.1428571428571,76.1428571428571,0.894295302013423,0.815692210804757,0.946301953456831,B.1.1.529 OR BA.1 OR BA.1.1 OR BA.1.1.1 OR BA.1.1.2 OR BA.1.1.3 OR BA.1.1.4 OR BA.1.1.5 OR BA.1.1.6 OR BA.1.1.7 OR BA.1.1.8 OR BA.1.1.9 OR BA.1.1.10 OR BA.1.1.11 OR BA.1.1.12 OR BA.1.1.13 OR BA.1.1.14 OR BA.1.1.15 OR BA.1.1.16 OR BA.1.1.17 OR BA.1.1.18 OR BA.1.2 OR BA.1.3 OR BA.1.4 OR BA.1.5 OR BA.1.6 OR BA.1.7 OR BA.1.8 OR BA.1.9 OR BA.1.10 OR BA.1.11 OR BA.1.12 OR BA.1.13 OR BA.1.13.1 OR BA.1.14 OR BA.1.14.1 OR BA.1.14.2 OR BA.1.15 OR BA.1.15.1 OR BA.1.15.2 OR BA.1.15.3 OR BA.1.16 OR BA.1.16.1 OR BA.1.16.2 OR BA.1.17 OR BA.1.17.1 OR BA.1.17.2 OR BA.1.18 OR BA.1.19 OR BA.1.20 OR BA.1.21 OR BA.1.21.1 OR BA.1.22 OR BA.1.23 OR BA.1.24 OR BA.2 OR BA.2.1 OR BA.2.2 OR BA.2.2.1 OR BA.2.3 OR BA.2.3.1 OR BA.2.3.2 OR BA.2.3.3 OR BA.2.3.4 OR BA.2.3.5 OR BA.2.3.6 OR BA.2.3.7 OR BA.2.3.8 OR BA.2.3.9 OR BA.2.3.10 OR BA.2.3.11 OR BA.2.3.12 OR BA.2.3.13 OR BA.2.3.14 OR BA.2.3.15 OR BA.2.3.16 OR BA.2.3.17 OR BA.2.3.18 OR BA.2.4 OR BA.2.5 OR BA.2.6 OR BA.2.7 OR BA.2.8 OR BA.2.9 OR BA.2.9.1 OR BA.2.9.2 OR BA.2.9.3 OR BA.2.9.4 OR BA.2.10 OR BA.2.10.1 OR BA.2.10.2 OR BA.2.10.3 OR BA.2.11 OR BA.2.12 OR BA.2.12.1 OR BA.2.12.2 OR BA.2.13 OR BA.2.14 OR BA.2.15 OR BA.2.16 OR BA.2.17 OR BA.2.18 OR BA.2.19 OR BA.2.20 OR BA.2.21 OR BA.2.22 OR BA.2.23 OR BA.2.23.1 OR BA.2.24 OR BA.2.25 OR BA.2.25.1 OR BA.2.26 OR BA.2.27 OR BA.2.28 OR BA.2.29 OR BA.2.30 OR BA.2.31 OR BA.2.32 OR BA.2.33 OR BA.2.34 OR BA.2.35 OR BA.2.36 OR BA.2.37 OR BA.2.38 OR BA.2.39 OR BA.2.40 OR BA.2.40.1 OR BA.2.41 OR BA.2.42 OR BA.2.43 OR BA.2.44 OR BA.2.45 OR BA.2.46 OR BA.2.47 OR BA.2.48 OR BA.2.49 OR BA.2.50 OR BA.2.51 OR BA.2.52 OR BA.2.53 OR BA.2.54 OR BA.2.55 OR BA.2.56 OR BA.2.56.1 OR BA.2.57 OR BA.2.58 OR BA.2.59 OR BA.2.60 OR BA.2.61 OR BA.2.62 OR BA.2.63 OR BA.2.64 OR BA.2.65 OR BA.2.66 OR BA.2.67 OR BA.2.68 OR BA.2.69 OR BA.2.70 OR BA.2.71 OR BA.2.72 OR BA.2.73 OR BA.2.74 OR BA.2.75 OR BA.3 OR BA.3.1 OR BA.4 OR BA.4.1 OR BA.4.1.1 OR BA.4.1.2 OR BA.5 OR BA.5.1 OR BA.5.1.1 OR BA.5.2 OR BA.5.2.1 OR BA.5.2.2 OR BA.5.2.3 OR BA.5.3 OR BA.5.3.1 OR BA.5.3.2 OR BA.5.3.3 OR BA.5.3.4 OR BA.5.4 OR BA.5.5 OR BA.5.6 OR BC.1 OR BC.2 OR BD.1 OR BE.1 OR BE.1.1 OR BE.2 OR BF.1 OR BF.1.1,Omicron,112.214285714286,105.214285714286,0.937619350732018
2022-03-25,99,89,84,73.8571428571429,0.879251700680272,0.799111151114511,0.937119462878312,B.1.1.529 OR BA.1 OR BA.1.1 OR BA.1.1.1 OR BA.1.1.2 OR BA.1.1.3 OR BA.1.1.4 OR BA.1.1.5 OR BA.1.1.6 OR BA.1.1.7 OR BA.1.1.8 OR BA.1.1.9 OR BA.1.1.10 OR BA.1.1.11 OR BA.1.1.12 OR BA.1.1.13 OR BA.1.1.14 OR BA.1.1.15 OR BA.1.1.16 OR BA.1.1.17 OR BA.1.1.18 OR BA.1.2 OR BA.1.3 OR BA.1.4 OR BA.1.5 OR BA.1.6 OR BA.1.7 OR BA.1.8 OR BA.1.9 OR BA.1.10 OR BA.1.11 OR BA.1.12 OR BA.1.13 OR BA.1.13.1 OR BA.1.14 OR BA.1.14.1 OR BA.1.14.2 OR BA.1.15 OR BA.1.15.1 OR BA.1.15.2 OR BA.1.15.3 OR BA.1.16 OR BA.1.16.1 OR BA.1.16.2 OR BA.1.17 OR BA.1.17.1 OR BA.1.17.2 OR BA.1.18 OR BA.1.19 OR BA.1.20 OR BA.1.21 OR BA.1.21.1 OR BA.1.22 OR BA.1.23 OR BA.1.24 OR BA.2 OR BA.2.1 OR BA.2.2 OR BA.2.2.1 OR BA.2.3 OR BA.2.3.1 OR BA.2.3.2 OR BA.2.3.3 OR BA.2.3.4 OR BA.2.3.5 OR BA.2.3.6 OR BA.2.3.7 OR BA.2.3.8 OR BA.2.3.9 OR BA.2.3.10 OR BA.2.3.11 OR BA.2.3.12 OR BA.2.3.13 OR BA.2.3.14 OR BA.2.3.15 OR BA.2.3.16 OR BA.2.3.17 OR BA.2.3.18 OR BA.2.4 OR BA.2.5 OR BA.2.6 OR BA.2.7 OR BA.2.8 OR BA.2.9 OR BA.2.9.1 OR BA.2.9.2 OR BA.2.9.3 OR BA.2.9.4 OR BA.2.10 OR BA.2.10.1 OR BA.2.10.2 OR BA.2.10.3 OR BA.2.11 OR BA.2.12 OR BA.2.12.1 OR BA.2.12.2 OR BA.2.13 OR BA.2.14 OR BA.2.15 OR BA.2.16 OR BA.2.17 OR BA.2.18 OR BA.2.19 OR BA.2.20 OR BA.2.21 OR BA.2.22 OR BA.2.23 OR BA.2.23.1 OR BA.2.24 OR BA.2.25 OR BA.2.25.1 OR BA.2.26 OR BA.2.27 OR BA.2.28 OR BA.2.29 OR BA.2.30 OR BA.2.31 OR BA.2.32 OR BA.2.33 OR BA.2.34 OR BA.2.35 OR BA.2.36 OR BA.2.37 OR BA.2.38 OR BA.2.39 OR BA.2.40 OR BA.2.40.1 OR BA.2.41 OR BA.2.42 OR BA.2.43 OR BA.2.44 OR BA.2.45 OR BA.2.46 OR BA.2.47 OR BA.2.48 OR BA.2.49 OR BA.2.50 OR BA.2.51 OR BA.2.52 OR BA.2.53 OR BA.2.54 OR BA.2.55 OR BA.2.56 OR BA.2.56.1 OR BA.2.57 OR BA.2.58 OR BA.2.59 OR BA.2.60 OR BA.2.61 OR BA.2.62 OR BA.2.63 OR BA.2.64 OR BA.2.65 OR BA.2.66 OR BA.2.67 OR BA.2.68 OR BA.2.69 OR BA.2.70 OR BA.2.71 OR BA.2.72 OR BA.2.73 OR BA.2.74 OR BA.2.75 OR BA.3 OR BA.3.1 OR BA.4 OR BA.4.1 OR BA.4.1.1 OR BA.4.1.2 OR BA.5 OR BA.5.1 OR BA.5.1.1 OR BA.5.2 OR BA.5.2.1 OR BA.5.2.2 OR BA.5.2.3 OR BA.5.3 OR BA.5.3.1 OR BA.5.3.2 OR BA.5.3.3 OR BA.5.3.4 OR BA.5.4 OR BA.5.5 OR BA.5.6 OR BC.1 OR BC.2 OR BD.1 OR BE.1 OR BE.1.1 OR BE.2 OR BF.1 OR BF.1.1,Omicron,103.857142857143,96.7142857142857,0.931224209078404
2022-03-26,39,31,80.4285714285714,70.1428571428571,0.872113676731794,0.789604187141314,0.933882581563871,B.1.1.529 OR BA.1 OR BA.1.1 OR BA.1.1.1 OR BA.1.1.2 OR BA.1.1.3 OR BA.1.1.4 OR BA.1.1.5 OR BA.1.1.6 OR BA.1.1.7 OR BA.1.1.8 OR BA.1.1.9 OR BA.1.1.10 OR BA.1.1.11 OR BA.1.1.12 OR BA.1.1.13 OR BA.1.1.14 OR BA.1.1.15 OR BA.1.1.16 OR BA.1.1.17 OR BA.1.1.18 OR BA.1.2 OR BA.1.3 OR BA.1.4 OR BA.1.5 OR BA.1.6 OR BA.1.7 OR BA.1.8 OR BA.1.9 OR BA.1.10 OR BA.1.11 OR BA.1.12 OR BA.1.13 OR BA.1.13.1 OR BA.1.14 OR BA.1.14.1 OR BA.1.14.2 OR BA.1.15 OR BA.1.15.1 OR BA.1.15.2 OR BA.1.15.3 OR BA.1.16 OR BA.1.16.1 OR BA.1.16.2 OR BA.1.17 OR BA.1.17.1 OR BA.1.17.2 OR BA.1.18 OR BA.1.19 OR BA.1.20 OR BA.1.21 OR BA.1.21.1 OR BA.1.22 OR BA.1.23 OR BA.1.24 OR BA.2 OR BA.2.1 OR BA.2.2 OR BA.2.2.1 OR BA.2.3 OR BA.2.3.1 OR BA.2.3.2 OR BA.2.3.3 OR BA.2.3.4 OR BA.2.3.5 OR BA.2.3.6 OR BA.2.3.7 OR BA.2.3.8 OR BA.2.3.9 OR BA.2.3.10 OR BA.2.3.11 OR BA.2.3.12 OR BA.2.3.13 OR BA.2.3.14 OR BA.2.3.15 OR BA.2.3.16 OR BA.2.3.17 OR BA.2.3.18 OR BA.2.4 OR BA.2.5 OR BA.2.6 OR BA.2.7 OR BA.2.8 OR BA.2.9 OR BA.2.9.1 OR BA.2.9.2 OR BA.2.9.3 OR BA.2.9.4 OR BA.2.10 OR BA.2.10.1 OR BA.2.10.2 OR BA.2.10.3 OR BA.2.11 OR BA.2.12 OR BA.2.12.1 OR BA.2.12.2 OR BA.2.13 OR BA.2.14 OR BA.2.15 OR BA.2.16 OR BA.2.17 OR BA.2.18 OR BA.2.19 OR BA.2.20 OR BA.2.21 OR BA.2.22 OR BA.2.23 OR BA.2.23.1 OR BA.2.24 OR BA.2.25 OR BA.2.25.1 OR BA.2.26 OR BA.2.27 OR BA.2.28 OR BA.2.29 OR BA.2.30 OR BA.2.31 OR BA.2.32 OR BA.2.33 OR BA.2.34 OR BA.2.35 OR BA.2.36 OR BA.2.37 OR BA.2.38 OR BA.2.39 OR BA.2.40 OR BA.2.40.1 OR BA.2.41 OR BA.2.42 OR BA.2.43 OR BA.2.44 OR BA.2.45 OR BA.2.46 OR BA.2.47 OR BA.2.48 OR BA.2.49 OR BA.2.50 OR BA.2.51 OR BA.2.52 OR BA.2.53 OR BA.2.54 OR BA.2.55 OR BA.2.56 OR BA.2.56.1 OR BA.2.57 OR BA.2.58 OR BA.2.59 OR BA.2.60 OR BA.2.61 OR BA.2.62 OR BA.2.63 OR BA.2.64 OR BA.2.65 OR BA.2.66 OR BA.2.67 OR BA.2.68 OR BA.2.69 OR BA.2.70 OR BA.2.71 OR BA.2.72 OR BA.2.73 OR BA.2.74 OR BA.2.75 OR BA.3 OR BA.3.1 OR BA.4 OR BA.4.1 OR BA.4.1.1 OR BA.4.1.2 OR BA.5 OR BA.5.1 OR BA.5.1.1 OR BA.5.2 OR BA.5.2.1 OR BA.5.2.2 OR BA.5.2.3 OR BA.5.3 OR BA.5.3.1 OR BA.5.3.2 OR BA.5.3.3 OR BA.5.3.4 OR BA.5.4 OR BA.5.5 OR BA.5.6 OR BC.1 OR BC.2 OR BD.1 OR BE.1 OR BE.1.1 OR BE.2 OR BF.1 OR BF.1.1,Omicron,101.357142857143,93.7857142857143,0.925299506694856
2022-03-27,23,19,78.1428571428571,67.5714285714286,0.864716636197441,0.784506152641028,0.932135762945125,B.1.1.529 OR BA.1 OR BA.1.1 OR BA.1.1.1 OR BA.1.1.2 OR BA.1.1.3 OR BA.1.1.4 OR BA.1.1.5 OR BA.1.1.6 OR BA.1.1.7 OR BA.1.1.8 OR BA.1.1.9 OR BA.1.1.10 OR BA.1.1.11 OR BA.1.1.12 OR BA.1.1.13 OR BA.1.1.14 OR BA.1.1.15 OR BA.1.1.16 OR BA.1.1.17 OR BA.1.1.18 OR BA.1.2 OR BA.1.3 OR BA.1.4 OR BA.1.5 OR BA.1.6 OR BA.1.7 OR BA.1.8 OR BA.1.9 OR BA.1.10 OR BA.1.11 OR BA.1.12 OR BA.1.13 OR BA.1.13.1 OR BA.1.14 OR BA.1.14.1 OR BA.1.14.2 OR BA.1.15 OR BA.1.15.1 OR BA.1.15.2 OR BA.1.15.3 OR BA.1.16 OR BA.1.16.1 OR BA.1.16.2 OR BA.1.17 OR BA.1.17.1 OR BA.1.17.2 OR BA.1.18 OR BA.1.19 OR BA.1.20 OR BA.1.21 OR BA.1.21.1 OR BA.1.22 OR BA.1.23 OR BA.1.24 OR BA.2 OR BA.2.1 OR BA.2.2 OR BA.2.2.1 OR BA.2.3 OR BA.2.3.1 OR BA.2.3.2 OR BA.2.3.3 OR BA.2.3.4 OR BA.2.3.5 OR BA.2.3.6 OR BA.2.3.7 OR BA.2.3.8 OR BA.2.3.9 OR BA.2.3.10 OR BA.2.3.11 OR BA.2.3.12 OR BA.2.3.13 OR BA.2.3.14 OR BA.2.3.15 OR BA.2.3.16 OR BA.2.3.17 OR BA.2.3.18 OR BA.2.4 OR BA.2.5 OR BA.2.6 OR BA.2.7 OR BA.2.8 OR BA.2.9 OR BA.2.9.1 OR BA.2.9.2 OR BA.2.9.3 OR BA.2.9.4 OR BA.2.10 OR BA.2.10.1 OR BA.2.10.2 OR BA.2.10.3 OR BA.2.11 OR BA.2.12 OR BA.2.12.1 OR BA.2.12.2 OR BA.2.13 OR BA.2.14 OR BA.2.15 OR BA.2.16 OR BA.2.17 OR BA.2.18 OR BA.2.19 OR BA.2.20 OR BA.2.21 OR BA.2.22 OR BA.2.23 OR BA.2.23.1 OR BA.2.24 OR BA.2.25 OR BA.2.25.1 OR BA.2.26 OR BA.2.27 OR BA.2.28 OR BA.2.29 OR BA.2.30 OR BA.2.31 OR BA.2.32 OR BA.2.33 OR BA.2.34 OR BA.2.35 OR BA.2.36 OR BA.2.37 OR BA.2.38 OR BA.2.39 OR BA.2.40 OR BA.2.40.1 OR BA.2.41 OR BA.2.42 OR BA.2.43 OR BA.2.44 OR BA.2.45 OR BA.2.46 OR BA.2.47 OR BA.2.48 OR BA.2.49 OR BA.2.50 OR BA.2.51 OR BA.2.52 OR BA.2.53 OR BA.2.54 OR BA.2.55 OR BA.2.56 OR BA.2.56.1 OR BA.2.57 OR BA.2.58 OR BA.2.59 OR BA.2.60 OR BA.2.61 OR BA.2.62 OR BA.2.63 OR BA.2.64 OR BA.2.65 OR BA.2.66 OR BA.2.67 OR BA.2.68 OR BA.2.69 OR BA.2.70 OR BA.2.71 OR BA.2.72 OR BA.2.73 OR BA.2.74 OR BA.2.75 OR BA.3 OR BA.3.1 OR BA.4 OR BA.4.1 OR BA.4.1.1 OR BA.4.1.2 OR BA.5 OR BA.5.1 OR BA.5.1.1 OR BA.5.2 OR BA.5.2.1 OR BA.5.2.2 OR BA.5.2.3 OR BA.5.3 OR BA.5.3.1 OR BA.5.3.2 OR BA.5.3.3 OR BA.5.3.4 OR BA.5.4 OR BA.5.5 OR BA.5.6 OR BC.1 OR BC.2 OR BD.1 OR BE.1 OR BE.1.1 OR BE.2 OR BF.1 OR BF.1.1,Omicron,99.5,91.8571428571429,0.923187365398421
2022-03-28,249,244,95.5714285714286,85.1428571428571,0.890881913303438,0.810474413110614,0.93757116769483,B.1.1.529 OR BA.1 OR BA.1.1 OR BA.1.1.1 OR BA.1.1.2 OR BA.1.1.3 OR BA.1.1.4 OR BA.1.1.5 OR BA.1.1.6 OR BA.1.1.7 OR BA.1.1.8 OR BA.1.1.9 OR BA.1.1.10 OR BA.1.1.11 OR BA.1.1.12 OR BA.1.1.13 OR BA.1.1.14 OR BA.1.1.15 OR BA.1.1.16 OR BA.1.1.17 OR BA.1.1.18 OR BA.1.2 OR BA.1.3 OR BA.1.4 OR BA.1.5 OR BA.1.6 OR BA.1.7 OR BA.1.8 OR BA.1.9 OR BA.1.10 OR BA.1.11 OR BA.1.12 OR BA.1.13 OR BA.1.13.1 OR BA.1.14 OR BA.1.14.1 OR BA.1.14.2 OR BA.1.15 OR BA.1.15.1 OR BA.1.15.2 OR BA.1.15.3 OR BA.1.16 OR BA.1.16.1 OR BA.1.16.2 OR BA.1.17 OR BA.1.17.1 OR BA.1.17.2 OR BA.1.18 OR BA.1.19 OR BA.1.20 OR BA.1.21 OR BA.1.21.1 OR BA.1.22 OR BA.1.23 OR BA.1.24 OR BA.2 OR BA.2.1 OR BA.2.2 OR BA.2.2.1 OR BA.2.3 OR BA.2.3.1 OR BA.2.3.2 OR BA.2.3.3 OR BA.2.3.4 OR BA.2.3.5 OR BA.2.3.6 OR BA.2.3.7 OR BA.2.3.8 OR BA.2.3.9 OR BA.2.3.10 OR BA.2.3.11 OR BA.2.3.12 OR BA.2.3.13 OR BA.2.3.14 OR BA.2.3.15 OR BA.2.3.16 OR BA.2.3.17 OR BA.2.3.18 OR BA.2.4 OR BA.2.5 OR BA.2.6 OR BA.2.7 OR BA.2.8 OR BA.2.9 OR BA.2.9.1 OR BA.2.9.2 OR BA.2.9.3 OR BA.2.9.4 OR BA.2.10 OR BA.2.10.1 OR BA.2.10.2 OR BA.2.10.3 OR BA.2.11 OR BA.2.12 OR BA.2.12.1 OR BA.2.12.2 OR BA.2.13 OR BA.2.14 OR BA.2.15 OR BA.2.16 OR BA.2.17 OR BA.2.18 OR BA.2.19 OR BA.2.20 OR BA.2.21 OR BA.2.22 OR BA.2.23 OR BA.2.23.1 OR BA.2.24 OR BA.2.25 OR BA.2.25.1 OR BA.2.26 OR BA.2.27 OR BA.2.28 OR BA.2.29 OR BA.2.30 OR BA.2.31 OR BA.2.32 OR BA.2.33 OR BA.2.34 OR BA.2.35 OR BA.2.36 OR BA.2.37 OR BA.2.38 OR BA.2.39 OR BA.2.40 OR BA.2.40.1 OR BA.2.41 OR BA.2.42 OR BA.2.43 OR BA.2.44 OR BA.2.45 OR BA.2.46 OR BA.2.47 OR BA.2.48 OR BA.2.49 OR BA.2.50 OR BA.2.51 OR BA.2.52 OR BA.2.53 OR BA.2.54 OR BA.2.55 OR BA.2.56 OR BA.2.56.1 OR BA.2.57 OR BA.2.58 OR BA.2.59 OR BA.2.60 OR BA.2.61 OR BA.2.62 OR BA.2.63 OR BA.2.64 OR BA.2.65 OR BA.2.66 OR BA.2.67 OR BA.2.68 OR BA.2.69 OR BA.2.70 OR BA.2.71 OR BA.2.72 OR BA.2.73 OR BA.2.74 OR BA.2.75 OR BA.3 OR BA.3.1 OR BA.4 OR BA.4.1 OR BA.4.1.1 OR BA.4.1.2 OR BA.5 OR BA.5.1 OR BA.5.1.1 OR BA.5.2 OR BA.5.2.1 OR BA.5.2.2 OR BA.5.2.3 OR BA.5.3 OR BA.5.3.1 OR BA.5.3.2 OR BA.5.3.3 OR BA.5.3.4 OR BA.5.4 OR BA.5.5 OR BA.5.6 OR BC.1 OR BC.2 OR BD.1 OR BE.1 OR BE.1.1 OR BE.2 OR BF.1 OR BF.1.1,Omicron,101.571428571429,94.1428571428571,0.926863572433193
2022-03-29,128,127,103.714285714286,95.4285714285714,0.920110192837466,0.848036680564105,0.956314945260946,B.1.1.529 OR BA.1 OR BA.1.1 OR BA.1.1.1 OR BA.1.1.2 OR BA.1.1.3 OR BA.1.1.4 OR BA.1.1.5 OR BA.1.1.6 OR BA.1.1.7 OR BA.1.1.8 OR BA.1.1.9 OR BA.1.1.10 OR BA.1.1.11 OR BA.1.1.12 OR BA.1.1.13 OR BA.1.1.14 OR BA.1.1.15 OR BA.1.1.16 OR BA.1.1.17 OR BA.1.1.18 OR BA.1.2 OR BA.1.3 OR BA.1.4 OR BA.1.5 OR BA.1.6 OR BA.1.7 OR BA.1.8 OR BA.1.9 OR BA.1.10 OR BA.1.11 OR BA.1.12 OR BA.1.13 OR BA.1.13.1 OR BA.1.14 OR BA.1.14.1 OR BA.1.14.2 OR BA.1.15 OR BA.1.15.1 OR BA.1.15.2 OR BA.1.15.3 OR BA.1.16 OR BA.1.16.1 OR BA.1.16.2 OR BA.1.17 OR BA.1.17.1 OR BA.1.17.2 OR BA.1.18 OR BA.1.19 OR BA.1.20 OR BA.1.21 OR BA.1.21.1 OR BA.1.22 OR BA.1.23 OR BA.1.24 OR BA.2 OR BA.2.1 OR BA.2.2 OR BA.2.2.1 OR BA.2.3 OR BA.2.3.1 OR BA.2.3.2 OR BA.2.3.3 OR BA.2.3.4 OR BA.2.3.5 OR BA.2.3.6 OR BA.2.3.7 OR BA.2.3.8 OR BA.2.3.9 OR BA.2.3.10 OR BA.2.3.11 OR BA.2.3.12 OR BA.2.3.13 OR BA.2.3.14 OR BA.2.3.15 OR BA.2.3.16 OR BA.2.3.17 OR BA.2.3.18 OR BA.2.4 OR BA.2.5 OR BA.2.6 OR BA.2.7 OR BA.2.8 OR BA.2.9 OR BA.2.9.1 OR BA.2.9.2 OR BA.2.9.3 OR BA.2.9.4 OR BA.2.10 OR BA.2.10.1 OR BA.2.10.2 OR BA.2.10.3 OR BA.2.11 OR BA.2.12 OR BA.2.12.1 OR BA.2.12.2 OR BA.2.13 OR BA.2.14 OR BA.2.15 OR BA.2.16 OR BA.2.17 OR BA.2.18 OR BA.2.19 OR BA.2.20 OR BA.2.21 OR BA.2.22 OR BA.2.23 OR BA.2.23.1 OR BA.2.24 OR BA.2.25 OR BA.2.25.1 OR BA.2.26 OR BA.2.27 OR BA.2.28 OR BA.2.29 OR BA.2.30 OR BA.2.31 OR BA.2.32 OR BA.2.33 OR BA.2.34 OR BA.2.35 OR BA.2.36 OR BA.2.37 OR BA.2.38 OR BA.2.39 OR BA.2.40 OR BA.2.40.1 OR BA.2.41 OR BA.2.42 OR BA.2.43 OR BA.2.44 OR BA.2.45 OR BA.2.46 OR BA.2.47 OR BA.2.48 OR BA.2.49 OR BA.2.50 OR BA.2.51 OR BA.2.52 OR BA.2.53 OR BA.2.54 OR BA.2.55 OR BA.2.56 OR BA.2.56.1 OR BA.2.57 OR BA.2.58 OR BA.2.59 OR BA.2.60 OR BA.2.61 OR BA.2.62 OR BA.2.63 OR BA.2.64 OR BA.2.65 OR BA.2.66 OR BA.2.67 OR BA.2.68 OR BA.2.69 OR BA.2.70 OR BA.2.71 OR BA.2.72 OR BA.2.73 OR BA.2.74 OR BA.2.75 OR BA.3 OR BA.3.1 OR BA.4 OR BA.4.1 OR BA.4.1.1 OR BA.4.1.2 OR BA.5 OR BA.5.1 OR BA.5.1.1 OR BA.5.2 OR BA.5.2.1 OR BA.5.2.2 OR BA.5.2.3 OR BA.5.3 OR BA.5.3.1 OR BA.5.3.2 OR BA.5.3.3 OR BA.5.3.4 OR BA.5.4 OR BA.5.5 OR BA.5.6 OR BC.1 OR BC.2 OR BD.1 OR BE.1 OR BE.1.1 OR BE.2 OR BF.1 OR BF.1.1,Omicron,93.9285714285714,86.8571428571429,0.924714828897338
2022-03-30,62,62,98.4285714285714,92.8571428571429,0.943396226415094,0.891806672596878,0.980268264231472,B.1.1.529 OR BA.1 OR BA.1.1 OR BA.1.1.1 OR BA.1.1.2 OR BA.1.1.3 OR BA.1.1.4 OR BA.1.1.5 OR BA.1.1.6 OR BA.1.1.7 OR BA.1.1.8 OR BA.1.1.9 OR BA.1.1.10 OR BA.1.1.11 OR BA.1.1.12 OR BA.1.1.13 OR BA.1.1.14 OR BA.1.1.15 OR BA.1.1.16 OR BA.1.1.17 OR BA.1.1.18 OR BA.1.2 OR BA.1.3 OR BA.1.4 OR BA.1.5 OR BA.1.6 OR BA.1.7 OR BA.1.8 OR BA.1.9 OR BA.1.10 OR BA.1.11 OR BA.1.12 OR BA.1.13 OR BA.1.13.1 OR BA.1.14 OR BA.1.14.1 OR BA.1.14.2 OR BA.1.15 OR BA.1.15.1 OR BA.1.15.2 OR BA.1.15.3 OR BA.1.16 OR BA.1.16.1 OR BA.1.16.2 OR BA.1.17 OR BA.1.17.1 OR BA.1.17.2 OR BA.1.18 OR BA.1.19 OR BA.1.20 OR BA.1.21 OR BA.1.21.1 OR BA.1.22 OR BA.1.23 OR BA.1.24 OR BA.2 OR BA.2.1 OR BA.2.2 OR BA.2.2.1 OR BA.2.3 OR BA.2.3.1 OR BA.2.3.2 OR BA.2.3.3 OR BA.2.3.4 OR BA.2.3.5 OR BA.2.3.6 OR BA.2.3.7 OR BA.2.3.8 OR BA.2.3.9 OR BA.2.3.10 OR BA.2.3.11 OR BA.2.3.12 OR BA.2.3.13 OR BA.2.3.14 OR BA.2.3.15 OR BA.2.3.16 OR BA.2.3.17 OR BA.2.3.18 OR BA.2.4 OR BA.2.5 OR BA.2.6 OR BA.2.7 OR BA.2.8 OR BA.2.9 OR BA.2.9.1 OR BA.2.9.2 OR BA.2.9.3 OR BA.2.9.4 OR BA.2.10 OR BA.2.10.1 OR BA.2.10.2 OR BA.2.10.3 OR BA.2.11 OR BA.2.12 OR BA.2.12.1 OR BA.2.12.2 OR BA.2.13 OR BA.2.14 OR BA.2.15 OR BA.2.16 OR BA.2.17 OR BA.2.18 OR BA.2.19 OR BA.2.20 OR BA.2.21 OR BA.2.22 OR BA.2.23 OR BA.2.23.1 OR BA.2.24 OR BA.2.25 OR BA.2.25.1 OR BA.2.26 OR BA.2.27 OR BA.2.28 OR BA.2.29 OR BA.2.30 OR BA.2.31 OR BA.2.32 OR BA.2.33 OR BA.2.34 OR BA.2.35 OR BA.2.36 OR BA.2.37 OR BA.2.38 OR BA.2.39 OR BA.2.40 OR BA.2.40.1 OR BA.2.41 OR BA.2.42 OR BA.2.43 OR BA.2.44 OR BA.2.45 OR BA.2.46 OR BA.2.47 OR BA.2.48 OR BA.2.49 OR BA.2.50 OR BA.2.51 OR BA.2.52 OR BA.2.53 OR BA.2.54 OR BA.2.55 OR BA.2.56 OR BA.2.56.1 OR BA.2.57 OR BA.2.58 OR BA.2.59 OR BA.2.60 OR BA.2.61 OR BA.2.62 OR BA.2.63 OR BA.2.64 OR BA.2.65 OR BA.2.66 OR BA.2.67 OR BA.2.68 OR BA.2.69 OR BA.2.70 OR BA.2.71 OR BA.2.72 OR BA.2.73 OR BA.2.74 OR BA.2.75 OR BA.3 OR BA.3.1 OR BA.4 OR BA.4.1 OR BA.4.1.1 OR BA.4.1.2 OR BA.5 OR BA.5.1 OR BA.5.1.1 OR BA.5.2 OR BA.5.2.1 OR BA.5.2.2 OR BA.5.2.3 OR BA.5.3 OR BA.5.3.1 OR BA.5.3.2 OR BA.5.3.3 OR BA.5.3.4 OR BA.5.4 OR BA.5.5 OR BA.5.6 OR BC.1 OR BC.2 OR BD.1 OR BE.1 OR BE.1.1 OR BE.2 OR BF.1 OR BF.1.1,Omicron,93.5714285714286,86.7857142857143,0.927480916030534
2022-03-31,94,92,99.1428571428571,94.8571428571429,0.956772334293948,0.906806602099358,0.986210737535523,B.1.1.529 OR BA.1 OR BA.1.1 OR BA.1.1.1 OR BA.1.1.2 OR BA.1.1.3 OR BA.1.1.4 OR BA.1.1.5 OR BA.1.1.6 OR BA.1.1.7 OR BA.1.1.8 OR BA.1.1.9 OR BA.1.1.10 OR BA.1.1.11 OR BA.1.1.12 OR BA.1.1.13 OR BA.1.1.14 OR BA.1.1.15 OR BA.1.1.16 OR BA.1.1.17 OR BA.1.1.18 OR BA.1.2 OR BA.1.3 OR BA.1.4 OR BA.1.5 OR BA.1.6 OR BA.1.7 OR BA.1.8 OR BA.1.9 OR BA.1.10 OR BA.1.11 OR BA.1.12 OR BA.1.13 OR BA.1.13.1 OR BA.1.14 OR BA.1.14.1 OR BA.1.14.2 OR BA.1.15 OR BA.1.15.1 OR BA.1.15.2 OR BA.1.15.3 OR BA.1.16 OR BA.1.16.1 OR BA.1.16.2 OR BA.1.17 OR BA.1.17.1 OR BA.1.17.2 OR BA.1.18 OR BA.1.19 OR BA.1.20 OR BA.1.21 OR BA.1.21.1 OR BA.1.22 OR BA.1.23 OR BA.1.24 OR BA.2 OR BA.2.1 OR BA.2.2 OR BA.2.2.1 OR BA.2.3 OR BA.2.3.1 OR BA.2.3.2 OR BA.2.3.3 OR BA.2.3.4 OR BA.2.3.5 OR BA.2.3.6 OR BA.2.3.7 OR BA.2.3.8 OR BA.2.3.9 OR BA.2.3.10 OR BA.2.3.11 OR BA.2.3.12 OR BA.2.3.13 OR BA.2.3.14 OR BA.2.3.15 OR BA.2.3.16 OR BA.2.3.17 OR BA.2.3.18 OR BA.2.4 OR BA.2.5 OR BA.2.6 OR BA.2.7 OR BA.2.8 OR BA.2.9 OR BA.2.9.1 OR BA.2.9.2 OR BA.2.9.3 OR BA.2.9.4 OR BA.2.10 OR BA.2.10.1 OR BA.2.10.2 OR BA.2.10.3 OR BA.2.11 OR BA.2.12 OR BA.2.12.1 OR BA.2.12.2 OR BA.2.13 OR BA.2.14 OR BA.2.15 OR BA.2.16 OR BA.2.17 OR BA.2.18 OR BA.2.19 OR BA.2.20 OR BA.2.21 OR BA.2.22 OR BA.2.23 OR BA.2.23.1 OR BA.2.24 OR BA.2.25 OR BA.2.25.1 OR BA.2.26 OR BA.2.27 OR BA.2.28 OR BA.2.29 OR BA.2.30 OR BA.2.31 OR BA.2.32 OR BA.2.33 OR BA.2.34 OR BA.2.35 OR BA.2.36 OR BA.2.37 OR BA.2.38 OR BA.2.39 OR BA.2.40 OR BA.2.40.1 OR BA.2.41 OR BA.2.42 OR BA.2.43 OR BA.2.44 OR BA.2.45 OR BA.2.46 OR BA.2.47 OR BA.2.48 OR BA.2.49 OR BA.2.50 OR BA.2.51 OR BA.2.52 OR BA.2.53 OR BA.2.54 OR BA.2.55 OR BA.2.56 OR BA.2.56.1 OR BA.2.57 OR BA.2.58 OR BA.2.59 OR BA.2.60 OR BA.2.61 OR BA.2.62 OR BA.2.63 OR BA.2.64 OR BA.2.65 OR BA.2.66 OR BA.2.67 OR BA.2.68 OR BA.2.69 OR BA.2.70 OR BA.2.71 OR BA.2.72 OR BA.2.73 OR BA.2.74 OR BA.2.75 OR BA.3 OR BA.3.1 OR BA.4 OR BA.4.1 OR BA.4.1.1 OR BA.4.1.2 OR BA.5 OR BA.5.1 OR BA.5.1.1 OR BA.5.2 OR BA.5.2.1 OR BA.5.2.2 OR BA.5.2.3 OR BA.5.3 OR BA.5.3.1 OR BA.5.3.2 OR BA.5.3.3 OR BA.5.3.4 OR BA.5.4 OR BA.5.5 OR BA.5.6 OR BC.1 OR BC.2 OR BD.1 OR BE.1 OR BE.1.1 OR BE.2 OR BF.1 OR BF.1.1,Omicron,92.1428571428571,85.5,0.927906976744186
2022-04-01,44,43,91.2857142857143,88.2857142857143,0.967136150234742,0.914642471966724,0.990629218219528,B.1.1.529 OR BA.1 OR BA.1.1 OR BA.1.1.1 OR BA.1.1.2 OR BA.1.1.3 OR BA.1.1.4 OR BA.1.1.5 OR BA.1.1.6 OR BA.1.1.7 OR BA.1.1.8 OR BA.1.1.9 OR BA.1.1.10 OR BA.1.1.11 OR BA.1.1.12 OR BA.1.1.13 OR BA.1.1.14 OR BA.1.1.15 OR BA.1.1.16 OR BA.1.1.17 OR BA.1.1.18 OR BA.1.2 OR BA.1.3 OR BA.1.4 OR BA.1.5 OR BA.1.6 OR BA.1.7 OR BA.1.8 OR BA.1.9 OR BA.1.10 OR BA.1.11 OR BA.1.12 OR BA.1.13 OR BA.1.13.1 OR BA.1.14 OR BA.1.14.1 OR BA.1.14.2 OR BA.1.15 OR BA.1.15.1 OR BA.1.15.2 OR BA.1.15.3 OR BA.1.16 OR BA.1.16.1 OR BA.1.16.2 OR BA.1.17 OR BA.1.17.1 OR BA.1.17.2 OR BA.1.18 OR BA.1.19 OR BA.1.20 OR BA.1.21 OR BA.1.21.1 OR BA.1.22 OR BA.1.23 OR BA.1.24 OR BA.2 OR BA.2.1 OR BA.2.2 OR BA.2.2.1 OR BA.2.3 OR BA.2.3.1 OR BA.2.3.2 OR BA.2.3.3 OR BA.2.3.4 OR BA.2.3.5 OR BA.2.3.6 OR BA.2.3.7 OR BA.2.3.8 OR BA.2.3.9 OR BA.2.3.10 OR BA.2.3.11 OR BA.2.3.12 OR BA.2.3.13 OR BA.2.3.14 OR BA.2.3.15 OR BA.2.3.16 OR BA.2.3.17 OR BA.2.3.18 OR BA.2.4 OR BA.2.5 OR BA.2.6 OR BA.2.7 OR BA.2.8 OR BA.2.9 OR BA.2.9.1 OR BA.2.9.2 OR BA.2.9.3 OR BA.2.9.4 OR BA.2.10 OR BA.2.10.1 OR BA.2.10.2 OR BA.2.10.3 OR BA.2.11 OR BA.2.12 OR BA.2.12.1 OR BA.2.12.2 OR BA.2.13 OR BA.2.14 OR BA.2.15 OR BA.2.16 OR BA.2.17 OR BA.2.18 OR BA.2.19 OR BA.2.20 OR BA.2.21 OR BA.2.22 OR BA.2.23 OR BA.2.23.1 OR BA.2.24 OR BA.2.25 OR BA.2.25.1 OR BA.2.26 OR BA.2.27 OR BA.2.28 OR BA.2.29 OR BA.2.30 OR BA.2.31 OR BA.2.32 OR BA.2.33 OR BA.2.34 OR BA.2.35 OR BA.2.36 OR BA.2.37 OR BA.2.38 OR BA.2.39 OR BA.2.40 OR BA.2.40.1 OR BA.2.41 OR BA.2.42 OR BA.2.43 OR BA.2.44 OR BA.2.45 OR BA.2.46 OR BA.2.47 OR BA.2.48 OR BA.2.49 OR BA.2.50 OR BA.2.51 OR BA.2.52 OR BA.2.53 OR BA.2.54 OR BA.2.55 OR BA.2.56 OR BA.2.56.1 OR BA.2.57 OR BA.2.58 OR BA.2.59 OR BA.2.60 OR BA.2.61 OR BA.2.62 OR BA.2.63 OR BA.2.64 OR BA.2.65 OR BA.2.66 OR BA.2.67 OR BA.2.68 OR BA.2.69 OR BA.2.70 OR BA.2.71 OR BA.2.72 OR BA.2.73 OR BA.2.74 OR BA.2.75 OR BA.3 OR BA.3.1 OR BA.4 OR BA.4.1 OR BA.4.1.1 OR BA.4.1.2 OR BA.5 OR BA.5.1 OR BA.5.1.1 OR BA.5.2 OR BA.5.2.1 OR BA.5.2.2 OR BA.5.2.3 OR BA.5.3 OR BA.5.3.1 OR BA.5.3.2 OR BA.5.3.3 OR BA.5.3.4 OR BA.5.4 OR BA.5.5 OR BA.5.6 OR BC.1 OR BC.2 OR BD.1 OR BE.1 OR BE.1.1 OR BE.2 OR BF.1 OR BF.1.1,Omicron,87.6428571428571,81.0714285714286,0.925020374898125
2022-04-02,10,10,87.1428571428571,85.2857142857143,0.978688524590164,0.928302607052238,0.995192815099078,B.1.1.529 OR BA.1 OR BA.1.1 OR BA.1.1.1 OR BA.1.1.2 OR BA.1.1.3 OR BA.1.1.4 OR BA.1.1.5 OR BA.1.1.6 OR BA.1.1.7 OR BA.1.1.8 OR BA.1.1.9 OR BA.1.1.10 OR BA.1.1.11 OR BA.1.1.12 OR BA.1.1.13 OR BA.1.1.14 OR BA.1.1.15 OR BA.1.1.16 OR BA.1.1.17 OR BA.1.1.18 OR BA.1.2 OR BA.1.3 OR BA.1.4 OR BA.1.5 OR BA.1.6 OR BA.1.7 OR BA.1.8 OR BA.1.9 OR BA.1.10 OR BA.1.11 OR BA.1.12 OR BA.1.13 OR BA.1.13.1 OR BA.1.14 OR BA.1.14.1 OR BA.1.14.2 OR BA.1.15 OR BA.1.15.1 OR BA.1.15.2 OR BA.1.15.3 OR BA.1.16 OR BA.1.16.1 OR BA.1.16.2 OR BA.1.17 OR BA.1.17.1 OR BA.1.17.2 OR BA.1.18 OR BA.1.19 OR BA.1.20 OR BA.1.21 OR BA.1.21.1 OR BA.1.22 OR BA.1.23 OR BA.1.24 OR BA.2 OR BA.2.1 OR BA.2.2 OR BA.2.2.1 OR BA.2.3 OR BA.2.3.1 OR BA.2.3.2 OR BA.2.3.3 OR BA.2.3.4 OR BA.2.3.5 OR BA.2.3.6 OR BA.2.3.7 OR BA.2.3.8 OR BA.2.3.9 OR BA.2.3.10 OR BA.2.3.11 OR BA.2.3.12 OR BA.2.3.13 OR BA.2.3.14 OR BA.2.3.15 OR BA.2.3.16 OR BA.2.3.17 OR BA.2.3.18 OR BA.2.4 OR BA.2.5 OR BA.2.6 OR BA.2.7 OR BA.2.8 OR BA.2.9 OR BA.2.9.1 OR BA.2.9.2 OR BA.2.9.3 OR BA.2.9.4 OR BA.2.10 OR BA.2.10.1 OR BA.2.10.2 OR BA.2.10.3 OR BA.2.11 OR BA.2.12 OR BA.2.12.1 OR BA.2.12.2 OR BA.2.13 OR BA.2.14 OR BA.2.15 OR BA.2.16 OR BA.2.17 OR BA.2.18 OR BA.2.19 OR BA.2.20 OR BA.2.21 OR BA.2.22 OR BA.2.23 OR BA.2.23.1 OR BA.2.24 OR BA.2.25 OR BA.2.25.1 OR BA.2.26 OR BA.2.27 OR BA.2.28 OR BA.2.29 OR BA.2.30 OR BA.2.31 OR BA.2.32 OR BA.2.33 OR BA.2.34 OR BA.2.35 OR BA.2.36 OR BA.2.37 OR BA.2.38 OR BA.2.39 OR BA.2.40 OR BA.2.40.1 OR BA.2.41 OR BA.2.42 OR BA.2.43 OR BA.2.44 OR BA.2.45 OR BA.2.46 OR BA.2.47 OR BA.2.48 OR BA.2.49 OR BA.2.50 OR BA.2.51 OR BA.2.52 OR BA.2.53 OR BA.2.54 OR BA.2.55 OR BA.2.56 OR BA.2.56.1 OR BA.2.57 OR BA.2.58 OR BA.2.59 OR BA.2.60 OR BA.2.61 OR BA.2.62 OR BA.2.63 OR BA.2.64 OR BA.2.65 OR BA.2.66 OR BA.2.67 OR BA.2.68 OR BA.2.69 OR BA.2.70 OR BA.2.71 OR BA.2.72 OR BA.2.73 OR BA.2.74 OR BA.2.75 OR BA.3 OR BA.3.1 OR BA.4 OR BA.4.1 OR BA.4.1.1 OR BA.4.1.2 OR BA.5 OR BA.5.1 OR BA.5.1.1 OR BA.5.2 OR BA.5.2.1 OR BA.5.2.2 OR BA.5.2.3 OR BA.5.3 OR BA.5.3.1 OR BA.5.3.2 OR BA.5.3.3 OR BA.5.3.4 OR BA.5.4 OR BA.5.5 OR BA.5.6 OR BC.1 OR BC.2 OR BD.1 OR BE.1 OR BE.1.1 OR BE.2 OR BF.1 OR BF.1.1,Omicron,83.7857142857143,77.7142857142857,0.927536231884058
2022-04-03,6,4,84.7142857142857,83.1428571428572,0.981450252951096,0.926664284057909,0.995078971434071,B.1.1.529 OR BA.1 OR BA.1.1 OR BA.1.1.1 OR BA.1.1.2 OR BA.1.1.3 OR BA.1.1.4 OR BA.1.1.5 OR BA.1.1.6 OR BA.1.1.7 OR BA.1.1.8 OR BA.1.1.9 OR BA.1.1.10 OR BA.1.1.11 OR BA.1.1.12 OR BA.1.1.13 OR BA.1.1.14 OR BA.1.1.15 OR BA.1.1.16 OR BA.1.1.17 OR BA.1.1.18 OR BA.1.2 OR BA.1.3 OR BA.1.4 OR BA.1.5 OR BA.1.6 OR BA.1.7 OR BA.1.8 OR BA.1.9 OR BA.1.10 OR BA.1.11 OR BA.1.12 OR BA.1.13 OR BA.1.13.1 OR BA.1.14 OR BA.1.14.1 OR BA.1.14.2 OR BA.1.15 OR BA.1.15.1 OR BA.1.15.2 OR BA.1.15.3 OR BA.1.16 OR BA.1.16.1 OR BA.1.16.2 OR BA.1.17 OR BA.1.17.1 OR BA.1.17.2 OR BA.1.18 OR BA.1.19 OR BA.1.20 OR BA.1.21 OR BA.1.21.1 OR BA.1.22 OR BA.1.23 OR BA.1.24 OR BA.2 OR BA.2.1 OR BA.2.2 OR BA.2.2.1 OR BA.2.3 OR BA.2.3.1 OR BA.2.3.2 OR BA.2.3.3 OR BA.2.3.4 OR BA.2.3.5 OR BA.2.3.6 OR BA.2.3.7 OR BA.2.3.8 OR BA.2.3.9 OR BA.2.3.10 OR BA.2.3.11 OR BA.2.3.12 OR BA.2.3.13 OR BA.2.3.14 OR BA.2.3.15 OR BA.2.3.16 OR BA.2.3.17 OR BA.2.3.18 OR BA.2.4 OR BA.2.5 OR BA.2.6 OR BA.2.7 OR BA.2.8 OR BA.2.9 OR BA.2.9.1 OR BA.2.9.2 OR BA.2.9.3 OR BA.2.9.4 OR BA.2.10 OR BA.2.10.1 OR BA.2.10.2 OR BA.2.10.3 OR BA.2.11 OR BA.2.12 OR BA.2.12.1 OR BA.2.12.2 OR BA.2.13 OR BA.2.14 OR BA.2.15 OR BA.2.16 OR BA.2.17 OR BA.2.18 OR BA.2.19 OR BA.2.20 OR BA.2.21 OR BA.2.22 OR BA.2.23 OR BA.2.23.1 OR BA.2.24 OR BA.2.25 OR BA.2.25.1 OR BA.2.26 OR BA.2.27 OR BA.2.28 OR BA.2.29 OR BA.2.30 OR BA.2.31 OR BA.2.32 OR BA.2.33 OR BA.2.34 OR BA.2.35 OR BA.2.36 OR BA.2.37 OR BA.2.38 OR BA.2.39 OR BA.2.40 OR BA.2.40.1 OR BA.2.41 OR BA.2.42 OR BA.2.43 OR BA.2.44 OR BA.2.45 OR BA.2.46 OR BA.2.47 OR BA.2.48 OR BA.2.49 OR BA.2.50 OR BA.2.51 OR BA.2.52 OR BA.2.53 OR BA.2.54 OR BA.2.55 OR BA.2.56 OR BA.2.56.1 OR BA.2.57 OR BA.2.58 OR BA.2.59 OR BA.2.60 OR BA.2.61 OR BA.2.62 OR BA.2.63 OR BA.2.64 OR BA.2.65 OR BA.2.66 OR BA.2.67 OR BA.2.68 OR BA.2.69 OR BA.2.70 OR BA.2.71 OR BA.2.72 OR BA.2.73 OR BA.2.74 OR BA.2.75 OR BA.3 OR BA.3.1 OR BA.4 OR BA.4.1 OR BA.4.1.1 OR BA.4.1.2 OR BA.5 OR BA.5.1 OR BA.5.1.1 OR BA.5.2 OR BA.5.2.1 OR BA.5.2.2 OR BA.5.2.3 OR BA.5.3 OR BA.5.3.1 OR BA.5.3.2 OR BA.5.3.3 OR BA.5.3.4 OR BA.5.4 OR BA.5.5 OR BA.5.6 OR BC.1 OR BC.2 OR BD.1 OR BE.1 OR BE.1.1 OR BE.2 OR BF.1 OR BF.1.1,Omicron,81.4285714285714,75.3571428571429,0.925438596491228
2022-04-04,124,122,66.8571428571429,65.7142857142857,0.982905982905983,0.932367858550853,0.998384841998255,B.1.1.529 OR BA.1 OR BA.1.1 OR BA.1.1.1 OR BA.1.1.2 OR BA.1.1.3 OR BA.1.1.4 OR BA.1.1.5 OR BA.1.1.6 OR BA.1.1.7 OR BA.1.1.8 OR BA.1.1.9 OR BA.1.1.10 OR BA.1.1.11 OR BA.1.1.12 OR BA.1.1.13 OR BA.1.1.14 OR BA.1.1.15 OR BA.1.1.16 OR BA.1.1.17 OR BA.1.1.18 OR BA.1.2 OR BA.1.3 OR BA.1.4 OR BA.1.5 OR BA.1.6 OR BA.1.7 OR BA.1.8 OR BA.1.9 OR BA.1.10 OR BA.1.11 OR BA.1.12 OR BA.1.13 OR BA.1.13.1 OR BA.1.14 OR BA.1.14.1 OR BA.1.14.2 OR BA.1.15 OR BA.1.15.1 OR BA.1.15.2 OR BA.1.15.3 OR BA.1.16 OR BA.1.16.1 OR BA.1.16.2 OR BA.1.17 OR BA.1.17.1 OR BA.1.17.2 OR BA.1.18 OR BA.1.19 OR BA.1.20 OR BA.1.21 OR BA.1.21.1 OR BA.1.22 OR BA.1.23 OR BA.1.24 OR BA.2 OR BA.2.1 OR BA.2.2 OR BA.2.2.1 OR BA.2.3 OR BA.2.3.1 OR BA.2.3.2 OR BA.2.3.3 OR BA.2.3.4 OR BA.2.3.5 OR BA.2.3.6 OR BA.2.3.7 OR BA.2.3.8 OR BA.2.3.9 OR BA.2.3.10 OR BA.2.3.11 OR BA.2.3.12 OR BA.2.3.13 OR BA.2.3.14 OR BA.2.3.15 OR BA.2.3.16 OR BA.2.3.17 OR BA.2.3.18 OR BA.2.4 OR BA.2.5 OR BA.2.6 OR BA.2.7 OR BA.2.8 OR BA.2.9 OR BA.2.9.1 OR BA.2.9.2 OR BA.2.9.3 OR BA.2.9.4 OR BA.2.10 OR BA.2.10.1 OR BA.2.10.2 OR BA.2.10.3 OR BA.2.11 OR BA.2.12 OR BA.2.12.1 OR BA.2.12.2 OR BA.2.13 OR BA.2.14 OR BA.2.15 OR BA.2.16 OR BA.2.17 OR BA.2.18 OR BA.2.19 OR BA.2.20 OR BA.2.21 OR BA.2.22 OR BA.2.23 OR BA.2.23.1 OR BA.2.24 OR BA.2.25 OR BA.2.25.1 OR BA.2.26 OR BA.2.27 OR BA.2.28 OR BA.2.29 OR BA.2.30 OR BA.2.31 OR BA.2.32 OR BA.2.33 OR BA.2.34 OR BA.2.35 OR BA.2.36 OR BA.2.37 OR BA.2.38 OR BA.2.39 OR BA.2.40 OR BA.2.40.1 OR BA.2.41 OR BA.2.42 OR BA.2.43 OR BA.2.44 OR BA.2.45 OR BA.2.46 OR BA.2.47 OR BA.2.48 OR BA.2.49 OR BA.2.50 OR BA.2.51 OR BA.2.52 OR BA.2.53 OR BA.2.54 OR BA.2.55 OR BA.2.56 OR BA.2.56.1 OR BA.2.57 OR BA.2.58 OR BA.2.59 OR BA.2.60 OR BA.2.61 OR BA.2.62 OR BA.2.63 OR BA.2.64 OR BA.2.65 OR BA.2.66 OR BA.2.67 OR BA.2.68 OR BA.2.69 OR BA.2.70 OR BA.2.71 OR BA.2.72 OR BA.2.73 OR BA.2.74 OR BA.2.75 OR BA.3 OR BA.3.1 OR BA.4 OR BA.4.1 OR BA.4.1.1 OR BA.4.1.2 OR BA.5 OR BA.5.1 OR BA.5.1.1 OR BA.5.2 OR BA.5.2.1 OR BA.5.2.2 OR BA.5.2.3 OR BA.5.3 OR BA.5.3.1 OR BA.5.3.2 OR BA.5.3.3 OR BA.5.3.4 OR BA.5.4 OR BA.5.5 OR BA.5.6 OR BC.1 OR BC.2 OR BD.1 OR BE.1 OR BE.1.1 OR BE.2 OR BF.1 OR BF.1.1,Omicron,81.2142857142857,75.4285714285714,0.928759894459103
2022-04-05,78,69,59.7142857142857,57.4285714285714,0.961722488038277,0.872554373771454,0.985718772160274,B.1.1.529 OR BA.1 OR BA.1.1 OR BA.1.1.1 OR BA.1.1.2 OR BA.1.1.3 OR BA.1.1.4 OR BA.1.1.5 OR BA.1.1.6 OR BA.1.1.7 OR BA.1.1.8 OR BA.1.1.9 OR BA.1.1.10 OR BA.1.1.11 OR BA.1.1.12 OR BA.1.1.13 OR BA.1.1.14 OR BA.1.1.15 OR BA.1.1.16 OR BA.1.1.17 OR BA.1.1.18 OR BA.1.2 OR BA.1.3 OR BA.1.4 OR BA.1.5 OR BA.1.6 OR BA.1.7 OR BA.1.8 OR BA.1.9 OR BA.1.10 OR BA.1.11 OR BA.1.12 OR BA.1.13 OR BA.1.13.1 OR BA.1.14 OR BA.1.14.1 OR BA.1.14.2 OR BA.1.15 OR BA.1.15.1 OR BA.1.15.2 OR BA.1.15.3 OR BA.1.16 OR BA.1.16.1 OR BA.1.16.2 OR BA.1.17 OR BA.1.17.1 OR BA.1.17.2 OR BA.1.18 OR BA.1.19 OR BA.1.20 OR BA.1.21 OR BA.1.21.1 OR BA.1.22 OR BA.1.23 OR BA.1.24 OR BA.2 OR BA.2.1 OR BA.2.2 OR BA.2.2.1 OR BA.2.3 OR BA.2.3.1 OR BA.2.3.2 OR BA.2.3.3 OR BA.2.3.4 OR BA.2.3.5 OR BA.2.3.6 OR BA.2.3.7 OR BA.2.3.8 OR BA.2.3.9 OR BA.2.3.10 OR BA.2.3.11 OR BA.2.3.12 OR BA.2.3.13 OR BA.2.3.14 OR BA.2.3.15 OR BA.2.3.16 OR BA.2.3.17 OR BA.2.3.18 OR BA.2.4 OR BA.2.5 OR BA.2.6 OR BA.2.7 OR BA.2.8 OR BA.2.9 OR BA.2.9.1 OR BA.2.9.2 OR BA.2.9.3 OR BA.2.9.4 OR BA.2.10 OR BA.2.10.1 OR BA.2.10.2 OR BA.2.10.3 OR BA.2.11 OR BA.2.12 OR BA.2.12.1 OR BA.2.12.2 OR BA.2.13 OR BA.2.14 OR BA.2.15 OR BA.2.16 OR BA.2.17 OR BA.2.18 OR BA.2.19 OR BA.2.20 OR BA.2.21 OR BA.2.22 OR BA.2.23 OR BA.2.23.1 OR BA.2.24 OR BA.2.25 OR BA.2.25.1 OR BA.2.26 OR BA.2.27 OR BA.2.28 OR BA.2.29 OR BA.2.30 OR BA.2.31 OR BA.2.32 OR BA.2.33 OR BA.2.34 OR BA.2.35 OR BA.2.36 OR BA.2.37 OR BA.2.38 OR BA.2.39 OR BA.2.40 OR BA.2.40.1 OR BA.2.41 OR BA.2.42 OR BA.2.43 OR BA.2.44 OR BA.2.45 OR BA.2.46 OR BA.2.47 OR BA.2.48 OR BA.2.49 OR BA.2.50 OR BA.2.51 OR BA.2.52 OR BA.2.53 OR BA.2.54 OR BA.2.55 OR BA.2.56 OR BA.2.56.1 OR BA.2.57 OR BA.2.58 OR BA.2.59 OR BA.2.60 OR BA.2.61 OR BA.2.62 OR BA.2.63 OR BA.2.64 OR BA.2.65 OR BA.2.66 OR BA.2.67 OR BA.2.68 OR BA.2.69 OR BA.2.70 OR BA.2.71 OR BA.2.72 OR BA.2.73 OR BA.2.74 OR BA.2.75 OR BA.3 OR BA.3.1 OR BA.4 OR BA.4.1 OR BA.4.1.1 OR BA.4.1.2 OR BA.5 OR BA.5.1 OR BA.5.1.1 OR BA.5.2 OR BA.5.2.1 OR BA.5.2.2 OR BA.5.2.3 OR BA.5.3 OR BA.5.3.1 OR BA.5.3.2 OR BA.5.3.3 OR BA.5.3.4 OR BA.5.4 OR BA.5.5 OR BA.5.6 OR BC.1 OR BC.2 OR BD.1 OR BE.1 OR BE.1.1 OR BE.2 OR BF.1 OR BF.1.1,Omicron,81.7142857142857,76.4285714285714,0.935314685314685
2022-04-06,12,11,52.5714285714286,50.1428571428572,0.953804347826087,0.856596750655515,0.983801987671219,B.1.1.529 OR BA.1 OR BA.1.1 OR BA.1.1.1 OR BA.1.1.2 OR BA.1.1.3 OR BA.1.1.4 OR BA.1.1.5 OR BA.1.1.6 OR BA.1.1.7 OR BA.1.1.8 OR BA.1.1.9 OR BA.1.1.10 OR BA.1.1.11 OR BA.1.1.12 OR BA.1.1.13 OR BA.1.1.14 OR BA.1.1.15 OR BA.1.1.16 OR BA.1.1.17 OR BA.1.1.18 OR BA.1.2 OR BA.1.3 OR BA.1.4 OR BA.1.5 OR BA.1.6 OR BA.1.7 OR BA.1.8 OR BA.1.9 OR BA.1.10 OR BA.1.11 OR BA.1.12 OR BA.1.13 OR BA.1.13.1 OR BA.1.14 OR BA.1.14.1 OR BA.1.14.2 OR BA.1.15 OR BA.1.15.1 OR BA.1.15.2 OR BA.1.15.3 OR BA.1.16 OR BA.1.16.1 OR BA.1.16.2 OR BA.1.17 OR BA.1.17.1 OR BA.1.17.2 OR BA.1.18 OR BA.1.19 OR BA.1.20 OR BA.1.21 OR BA.1.21.1 OR BA.1.22 OR BA.1.23 OR BA.1.24 OR BA.2 OR BA.2.1 OR BA.2.2 OR BA.2.2.1 OR BA.2.3 OR BA.2.3.1 OR BA.2.3.2 OR BA.2.3.3 OR BA.2.3.4 OR BA.2.3.5 OR BA.2.3.6 OR BA.2.3.7 OR BA.2.3.8 OR BA.2.3.9 OR BA.2.3.10 OR BA.2.3.11 OR BA.2.3.12 OR BA.2.3.13 OR BA.2.3.14 OR BA.2.3.15 OR BA.2.3.16 OR BA.2.3.17 OR BA.2.3.18 OR BA.2.4 OR BA.2.5 OR BA.2.6 OR BA.2.7 OR BA.2.8 OR BA.2.9 OR BA.2.9.1 OR BA.2.9.2 OR BA.2.9.3 OR BA.2.9.4 OR BA.2.10 OR BA.2.10.1 OR BA.2.10.2 OR BA.2.10.3 OR BA.2.11 OR BA.2.12 OR BA.2.12.1 OR BA.2.12.2 OR BA.2.13 OR BA.2.14 OR BA.2.15 OR BA.2.16 OR BA.2.17 OR BA.2.18 OR BA.2.19 OR BA.2.20 OR BA.2.21 OR BA.2.22 OR BA.2.23 OR BA.2.23.1 OR BA.2.24 OR BA.2.25 OR BA.2.25.1 OR BA.2.26 OR BA.2.27 OR BA.2.28 OR BA.2.29 OR BA.2.30 OR BA.2.31 OR BA.2.32 OR BA.2.33 OR BA.2.34 OR BA.2.35 OR BA.2.36 OR BA.2.37 OR BA.2.38 OR BA.2.39 OR BA.2.40 OR BA.2.40.1 OR BA.2.41 OR BA.2.42 OR BA.2.43 OR BA.2.44 OR BA.2.45 OR BA.2.46 OR BA.2.47 OR BA.2.48 OR BA.2.49 OR BA.2.50 OR BA.2.51 OR BA.2.52 OR BA.2.53 OR BA.2.54 OR BA.2.55 OR BA.2.56 OR BA.2.56.1 OR BA.2.57 OR BA.2.58 OR BA.2.59 OR BA.2.60 OR BA.2.61 OR BA.2.62 OR BA.2.63 OR BA.2.64 OR BA.2.65 OR BA.2.66 OR BA.2.67 OR BA.2.68 OR BA.2.69 OR BA.2.70 OR BA.2.71 OR BA.2.72 OR BA.2.73 OR BA.2.74 OR BA.2.75 OR BA.3 OR BA.3.1 OR BA.4 OR BA.4.1 OR BA.4.1.1 OR BA.4.1.2 OR BA.5 OR BA.5.1 OR BA.5.1.1 OR BA.5.2 OR BA.5.2.1 OR BA.5.2.2 OR BA.5.2.3 OR BA.5.3 OR BA.5.3.1 OR BA.5.3.2 OR BA.5.3.3 OR BA.5.3.4 OR BA.5.4 OR BA.5.5 OR BA.5.6 OR BC.1 OR BC.2 OR BD.1 OR BE.1 OR BE.1.1 OR BE.2 OR BF.1 OR BF.1.1,Omicron,75.5,71.5,0.947019867549669
2022-04-07,66,65,48.5714285714286,46.2857142857143,0.952941176470588,0.845549303600923,0.982456424207253,B.1.1.529 OR BA.1 OR BA.1.1 OR BA.1.1.1 OR BA.1.1.2 OR BA.1.1.3 OR BA.1.1.4 OR BA.1.1.5 OR BA.1.1.6 OR BA.1.1.7 OR BA.1.1.8 OR BA.1.1.9 OR BA.1.1.10 OR BA.1.1.11 OR BA.1.1.12 OR BA.1.1.13 OR BA.1.1.14 OR BA.1.1.15 OR BA.1.1.16 OR BA.1.1.17 OR BA.1.1.18 OR BA.1.2 OR BA.1.3 OR BA.1.4 OR BA.1.5 OR BA.1.6 OR BA.1.7 OR BA.1.8 OR BA.1.9 OR BA.1.10 OR BA.1.11 OR BA.1.12 OR BA.1.13 OR BA.1.13.1 OR BA.1.14 OR BA.1.14.1 OR BA.1.14.2 OR BA.1.15 OR BA.1.15.1 OR BA.1.15.2 OR BA.1.15.3 OR BA.1.16 OR BA.1.16.1 OR BA.1.16.2 OR BA.1.17 OR BA.1.17.1 OR BA.1.17.2 OR BA.1.18 OR BA.1.19 OR BA.1.20 OR BA.1.21 OR BA.1.21.1 OR BA.1.22 OR BA.1.23 OR BA.1.24 OR BA.2 OR BA.2.1 OR BA.2.2 OR BA.2.2.1 OR BA.2.3 OR BA.2.3.1 OR BA.2.3.2 OR BA.2.3.3 OR BA.2.3.4 OR BA.2.3.5 OR BA.2.3.6 OR BA.2.3.7 OR BA.2.3.8 OR BA.2.3.9 OR BA.2.3.10 OR BA.2.3.11 OR BA.2.3.12 OR BA.2.3.13 OR BA.2.3.14 OR BA.2.3.15 OR BA.2.3.16 OR BA.2.3.17 OR BA.2.3.18 OR BA.2.4 OR BA.2.5 OR BA.2.6 OR BA.2.7 OR BA.2.8 OR BA.2.9 OR BA.2.9.1 OR BA.2.9.2 OR BA.2.9.3 OR BA.2.9.4 OR BA.2.10 OR BA.2.10.1 OR BA.2.10.2 OR BA.2.10.3 OR BA.2.11 OR BA.2.12 OR BA.2.12.1 OR BA.2.12.2 OR BA.2.13 OR BA.2.14 OR BA.2.15 OR BA.2.16 OR BA.2.17 OR BA.2.18 OR BA.2.19 OR BA.2.20 OR BA.2.21 OR BA.2.22 OR BA.2.23 OR BA.2.23.1 OR BA.2.24 OR BA.2.25 OR BA.2.25.1 OR BA.2.26 OR BA.2.27 OR BA.2.28 OR BA.2.29 OR BA.2.30 OR BA.2.31 OR BA.2.32 OR BA.2.33 OR BA.2.34 OR BA.2.35 OR BA.2.36 OR BA.2.37 OR BA.2.38 OR BA.2.39 OR BA.2.40 OR BA.2.40.1 OR BA.2.41 OR BA.2.42 OR BA.2.43 OR BA.2.44 OR BA.2.45 OR BA.2.46 OR BA.2.47 OR BA.2.48 OR BA.2.49 OR BA.2.50 OR BA.2.51 OR BA.2.52 OR BA.2.53 OR BA.2.54 OR BA.2.55 OR BA.2.56 OR BA.2.56.1 OR BA.2.57 OR BA.2.58 OR BA.2.59 OR BA.2.60 OR BA.2.61 OR BA.2.62 OR BA.2.63 OR BA.2.64 OR BA.2.65 OR BA.2.66 OR BA.2.67 OR BA.2.68 OR BA.2.69 OR BA.2.70 OR BA.2.71 OR BA.2.72 OR BA.2.73 OR BA.2.74 OR BA.2.75 OR BA.3 OR BA.3.1 OR BA.4 OR BA.4.1 OR BA.4.1.1 OR BA.4.1.2 OR BA.5 OR BA.5.1 OR BA.5.1.1 OR BA.5.2 OR BA.5.2.1 OR BA.5.2.2 OR BA.5.2.3 OR BA.5.3 OR BA.5.3.1 OR BA.5.3.2 OR BA.5.3.3 OR BA.5.3.4 OR BA.5.4 OR BA.5.5 OR BA.5.6 OR BC.1 OR BC.2 OR BD.1 OR BE.1 OR BE.1.1 OR BE.2 OR BF.1 OR BF.1.1,Omicron,73.8571428571429,70.5714285714286,0.955512572533849
2022-04-08,28,27,46.2857142857143,44,0.950617283950617,0.867761358133138,0.990856303483169,B.1.1.529 OR BA.1 OR BA.1.1 OR BA.1.1.1 OR BA.1.1.2 OR BA.1.1.3 OR BA.1.1.4 OR BA.1.1.5 OR BA.1.1.6 OR BA.1.1.7 OR BA.1.1.8 OR BA.1.1.9 OR BA.1.1.10 OR BA.1.1.11 OR BA.1.1.12 OR BA.1.1.13 OR BA.1.1.14 OR BA.1.1.15 OR BA.1.1.16 OR BA.1.1.17 OR BA.1.1.18 OR BA.1.2 OR BA.1.3 OR BA.1.4 OR BA.1.5 OR BA.1.6 OR BA.1.7 OR BA.1.8 OR BA.1.9 OR BA.1.10 OR BA.1.11 OR BA.1.12 OR BA.1.13 OR BA.1.13.1 OR BA.1.14 OR BA.1.14.1 OR BA.1.14.2 OR BA.1.15 OR BA.1.15.1 OR BA.1.15.2 OR BA.1.15.3 OR BA.1.16 OR BA.1.16.1 OR BA.1.16.2 OR BA.1.17 OR BA.1.17.1 OR BA.1.17.2 OR BA.1.18 OR BA.1.19 OR BA.1.20 OR BA.1.21 OR BA.1.21.1 OR BA.1.22 OR BA.1.23 OR BA.1.24 OR BA.2 OR BA.2.1 OR BA.2.2 OR BA.2.2.1 OR BA.2.3 OR BA.2.3.1 OR BA.2.3.2 OR BA.2.3.3 OR BA.2.3.4 OR BA.2.3.5 OR BA.2.3.6 OR BA.2.3.7 OR BA.2.3.8 OR BA.2.3.9 OR BA.2.3.10 OR BA.2.3.11 OR BA.2.3.12 OR BA.2.3.13 OR BA.2.3.14 OR BA.2.3.15 OR BA.2.3.16 OR BA.2.3.17 OR BA.2.3.18 OR BA.2.4 OR BA.2.5 OR BA.2.6 OR BA.2.7 OR BA.2.8 OR BA.2.9 OR BA.2.9.1 OR BA.2.9.2 OR BA.2.9.3 OR BA.2.9.4 OR BA.2.10 OR BA.2.10.1 OR BA.2.10.2 OR BA.2.10.3 OR BA.2.11 OR BA.2.12 OR BA.2.12.1 OR BA.2.12.2 OR BA.2.13 OR BA.2.14 OR BA.2.15 OR BA.2.16 OR BA.2.17 OR BA.2.18 OR BA.2.19 OR BA.2.20 OR BA.2.21 OR BA.2.22 OR BA.2.23 OR BA.2.23.1 OR BA.2.24 OR BA.2.25 OR BA.2.25.1 OR BA.2.26 OR BA.2.27 OR BA.2.28 OR BA.2.29 OR BA.2.30 OR BA.2.31 OR BA.2.32 OR BA.2.33 OR BA.2.34 OR BA.2.35 OR BA.2.36 OR BA.2.37 OR BA.2.38 OR BA.2.39 OR BA.2.40 OR BA.2.40.1 OR BA.2.41 OR BA.2.42 OR BA.2.43 OR BA.2.44 OR BA.2.45 OR BA.2.46 OR BA.2.47 OR BA.2.48 OR BA.2.49 OR BA.2.50 OR BA.2.51 OR BA.2.52 OR BA.2.53 OR BA.2.54 OR BA.2.55 OR BA.2.56 OR BA.2.56.1 OR BA.2.57 OR BA.2.58 OR BA.2.59 OR BA.2.60 OR BA.2.61 OR BA.2.62 OR BA.2.63 OR BA.2.64 OR BA.2.65 OR BA.2.66 OR BA.2.67 OR BA.2.68 OR BA.2.69 OR BA.2.70 OR BA.2.71 OR BA.2.72 OR BA.2.73 OR BA.2.74 OR BA.2.75 OR BA.3 OR BA.3.1 OR BA.4 OR BA.4.1 OR BA.4.1.1 OR BA.4.1.2 OR BA.5 OR BA.5.1 OR BA.5.1.1 OR BA.5.2 OR BA.5.2.1 OR BA.5.2.2 OR BA.5.2.3 OR BA.5.3 OR BA.5.3.1 OR BA.5.3.2 OR BA.5.3.3 OR BA.5.3.4 OR BA.5.4 OR BA.5.5 OR BA.5.6 OR BC.1 OR BC.2 OR BD.1 OR BE.1 OR BE.1.1 OR BE.2 OR BF.1 OR BF.1.1,Omicron,68.7857142857143,66.1428571428571,0.961578400830737
2022-04-09,4,4,45.4285714285714,43.1428571428572,0.949685534591195,0.864982560789248,0.990650584375533,B.1.1.529 OR BA.1 OR BA.1.1 OR BA.1.1.1 OR BA.1.1.2 OR BA.1.1.3 OR BA.1.1.4 OR BA.1.1.5 OR BA.1.1.6 OR BA.1.1.7 OR BA.1.1.8 OR BA.1.1.9 OR BA.1.1.10 OR BA.1.1.11 OR BA.1.1.12 OR BA.1.1.13 OR BA.1.1.14 OR BA.1.1.15 OR BA.1.1.16 OR BA.1.1.17 OR BA.1.1.18 OR BA.1.2 OR BA.1.3 OR BA.1.4 OR BA.1.5 OR BA.1.6 OR BA.1.7 OR BA.1.8 OR BA.1.9 OR BA.1.10 OR BA.1.11 OR BA.1.12 OR BA.1.13 OR BA.1.13.1 OR BA.1.14 OR BA.1.14.1 OR BA.1.14.2 OR BA.1.15 OR BA.1.15.1 OR BA.1.15.2 OR BA.1.15.3 OR BA.1.16 OR BA.1.16.1 OR BA.1.16.2 OR BA.1.17 OR BA.1.17.1 OR BA.1.17.2 OR BA.1.18 OR BA.1.19 OR BA.1.20 OR BA.1.21 OR BA.1.21.1 OR BA.1.22 OR BA.1.23 OR BA.1.24 OR BA.2 OR BA.2.1 OR BA.2.2 OR BA.2.2.1 OR BA.2.3 OR BA.2.3.1 OR BA.2.3.2 OR BA.2.3.3 OR BA.2.3.4 OR BA.2.3.5 OR BA.2.3.6 OR BA.2.3.7 OR BA.2.3.8 OR BA.2.3.9 OR BA.2.3.10 OR BA.2.3.11 OR BA.2.3.12 OR BA.2.3.13 OR BA.2.3.14 OR BA.2.3.15 OR BA.2.3.16 OR BA.2.3.17 OR BA.2.3.18 OR BA.2.4 OR BA.2.5 OR BA.2.6 OR BA.2.7 OR BA.2.8 OR BA.2.9 OR BA.2.9.1 OR BA.2.9.2 OR BA.2.9.3 OR BA.2.9.4 OR BA.2.10 OR BA.2.10.1 OR BA.2.10.2 OR BA.2.10.3 OR BA.2.11 OR BA.2.12 OR BA.2.12.1 OR BA.2.12.2 OR BA.2.13 OR BA.2.14 OR BA.2.15 OR BA.2.16 OR BA.2.17 OR BA.2.18 OR BA.2.19 OR BA.2.20 OR BA.2.21 OR BA.2.22 OR BA.2.23 OR BA.2.23.1 OR BA.2.24 OR BA.2.25 OR BA.2.25.1 OR BA.2.26 OR BA.2.27 OR BA.2.28 OR BA.2.29 OR BA.2.30 OR BA.2.31 OR BA.2.32 OR BA.2.33 OR BA.2.34 OR BA.2.35 OR BA.2.36 OR BA.2.37 OR BA.2.38 OR BA.2.39 OR BA.2.40 OR BA.2.40.1 OR BA.2.41 OR BA.2.42 OR BA.2.43 OR BA.2.44 OR BA.2.45 OR BA.2.46 OR BA.2.47 OR BA.2.48 OR BA.2.49 OR BA.2.50 OR BA.2.51 OR BA.2.52 OR BA.2.53 OR BA.2.54 OR BA.2.55 OR BA.2.56 OR BA.2.56.1 OR BA.2.57 OR BA.2.58 OR BA.2.59 OR BA.2.60 OR BA.2.61 OR BA.2.62 OR BA.2.63 OR BA.2.64 OR BA.2.65 OR BA.2.66 OR BA.2.67 OR BA.2.68 OR BA.2.69 OR BA.2.70 OR BA.2.71 OR BA.2.72 OR BA.2.73 OR BA.2.74 OR BA.2.75 OR BA.3 OR BA.3.1 OR BA.4 OR BA.4.1 OR BA.4.1.1 OR BA.4.1.2 OR BA.5 OR BA.5.1 OR BA.5.1.1 OR BA.5.2 OR BA.5.2.1 OR BA.5.2.2 OR BA.5.2.3 OR BA.5.3 OR BA.5.3.1 OR BA.5.3.2 OR BA.5.3.3 OR BA.5.3.4 OR BA.5.4 OR BA.5.5 OR BA.5.6 OR BC.1 OR BC.2 OR BD.1 OR BE.1 OR BE.1.1 OR BE.2 OR BF.1 OR BF.1.1,Omicron,66.2857142857143,64.2142857142857,0.96875
2022-04-10,6,6,45.4285714285714,43.4285714285714,0.955974842767296,0.864982560789248,0.990650584375533,B.1.1.529 OR BA.1 OR BA.1.1 OR BA.1.1.1 OR BA.1.1.2 OR BA.1.1.3 OR BA.1.1.4 OR BA.1.1.5 OR BA.1.1.6 OR BA.1.1.7 OR BA.1.1.8 OR BA.1.1.9 OR BA.1.1.10 OR BA.1.1.11 OR BA.1.1.12 OR BA.1.1.13 OR BA.1.1.14 OR BA.1.1.15 OR BA.1.1.16 OR BA.1.1.17 OR BA.1.1.18 OR BA.1.2 OR BA.1.3 OR BA.1.4 OR BA.1.5 OR BA.1.6 OR BA.1.7 OR BA.1.8 OR BA.1.9 OR BA.1.10 OR BA.1.11 OR BA.1.12 OR BA.1.13 OR BA.1.13.1 OR BA.1.14 OR BA.1.14.1 OR BA.1.14.2 OR BA.1.15 OR BA.1.15.1 OR BA.1.15.2 OR BA.1.15.3 OR BA.1.16 OR BA.1.16.1 OR BA.1.16.2 OR BA.1.17 OR BA.1.17.1 OR BA.1.17.2 OR BA.1.18 OR BA.1.19 OR BA.1.20 OR BA.1.21 OR BA.1.21.1 OR BA.1.22 OR BA.1.23 OR BA.1.24 OR BA.2 OR BA.2.1 OR BA.2.2 OR BA.2.2.1 OR BA.2.3 OR BA.2.3.1 OR BA.2.3.2 OR BA.2.3.3 OR BA.2.3.4 OR BA.2.3.5 OR BA.2.3.6 OR BA.2.3.7 OR BA.2.3.8 OR BA.2.3.9 OR BA.2.3.10 OR BA.2.3.11 OR BA.2.3.12 OR BA.2.3.13 OR BA.2.3.14 OR BA.2.3.15 OR BA.2.3.16 OR BA.2.3.17 OR BA.2.3.18 OR BA.2.4 OR BA.2.5 OR BA.2.6 OR BA.2.7 OR BA.2.8 OR BA.2.9 OR BA.2.9.1 OR BA.2.9.2 OR BA.2.9.3 OR BA.2.9.4 OR BA.2.10 OR BA.2.10.1 OR BA.2.10.2 OR BA.2.10.3 OR BA.2.11 OR BA.2.12 OR BA.2.12.1 OR BA.2.12.2 OR BA.2.13 OR BA.2.14 OR BA.2.15 OR BA.2.16 OR BA.2.17 OR BA.2.18 OR BA.2.19 OR BA.2.20 OR BA.2.21 OR BA.2.22 OR BA.2.23 OR BA.2.23.1 OR BA.2.24 OR BA.2.25 OR BA.2.25.1 OR BA.2.26 OR BA.2.27 OR BA.2.28 OR BA.2.29 OR BA.2.30 OR BA.2.31 OR BA.2.32 OR BA.2.33 OR BA.2.34 OR BA.2.35 OR BA.2.36 OR BA.2.37 OR BA.2.38 OR BA.2.39 OR BA.2.40 OR BA.2.40.1 OR BA.2.41 OR BA.2.42 OR BA.2.43 OR BA.2.44 OR BA.2.45 OR BA.2.46 OR BA.2.47 OR BA.2.48 OR BA.2.49 OR BA.2.50 OR BA.2.51 OR BA.2.52 OR BA.2.53 OR BA.2.54 OR BA.2.55 OR BA.2.56 OR BA.2.56.1 OR BA.2.57 OR BA.2.58 OR BA.2.59 OR BA.2.60 OR BA.2.61 OR BA.2.62 OR BA.2.63 OR BA.2.64 OR BA.2.65 OR BA.2.66 OR BA.2.67 OR BA.2.68 OR BA.2.69 OR BA.2.70 OR BA.2.71 OR BA.2.72 OR BA.2.73 OR BA.2.74 OR BA.2.75 OR BA.3 OR BA.3.1 OR BA.4 OR BA.4.1 OR BA.4.1.1 OR BA.4.1.2 OR BA.5 OR BA.5.1 OR BA.5.1.1 OR BA.5.2 OR BA.5.2.1 OR BA.5.2.2 OR BA.5.2.3 OR BA.5.3 OR BA.5.3.1 OR BA.5.3.2 OR BA.5.3.3 OR BA.5.3.4 OR BA.5.4 OR BA.5.5 OR BA.5.6 OR BC.1 OR BC.2 OR BD.1 OR BE.1 OR BE.1.1 OR BE.2 OR BF.1 OR BF.1.1,Omicron,65.0714285714286,63.2857142857143,0.972557628979144
2022-04-11,98,93,41.7142857142857,39.2857142857143,0.941780821917808,0.821494583312559,0.979472078679193,B.1.1.529 OR BA.1 OR BA.1.1 OR BA.1.1.1 OR BA.1.1.2 OR BA.1.1.3 OR BA.1.1.4 OR BA.1.1.5 OR BA.1.1.6 OR BA.1.1.7 OR BA.1.1.8 OR BA.1.1.9 OR BA.1.1.10 OR BA.1.1.11 OR BA.1.1.12 OR BA.1.1.13 OR BA.1.1.14 OR BA.1.1.15 OR BA.1.1.16 OR BA.1.1.17 OR BA.1.1.18 OR BA.1.2 OR BA.1.3 OR BA.1.4 OR BA.1.5 OR BA.1.6 OR BA.1.7 OR BA.1.8 OR BA.1.9 OR BA.1.10 OR BA.1.11 OR BA.1.12 OR BA.1.13 OR BA.1.13.1 OR BA.1.14 OR BA.1.14.1 OR BA.1.14.2 OR BA.1.15 OR BA.1.15.1 OR BA.1.15.2 OR BA.1.15.3 OR BA.1.16 OR BA.1.16.1 OR BA.1.16.2 OR BA.1.17 OR BA.1.17.1 OR BA.1.17.2 OR BA.1.18 OR BA.1.19 OR BA.1.20 OR BA.1.21 OR BA.1.21.1 OR BA.1.22 OR BA.1.23 OR BA.1.24 OR BA.2 OR BA.2.1 OR BA.2.2 OR BA.2.2.1 OR BA.2.3 OR BA.2.3.1 OR BA.2.3.2 OR BA.2.3.3 OR BA.2.3.4 OR BA.2.3.5 OR BA.2.3.6 OR BA.2.3.7 OR BA.2.3.8 OR BA.2.3.9 OR BA.2.3.10 OR BA.2.3.11 OR BA.2.3.12 OR BA.2.3.13 OR BA.2.3.14 OR BA.2.3.15 OR BA.2.3.16 OR BA.2.3.17 OR BA.2.3.18 OR BA.2.4 OR BA.2.5 OR BA.2.6 OR BA.2.7 OR BA.2.8 OR BA.2.9 OR BA.2.9.1 OR BA.2.9.2 OR BA.2.9.3 OR BA.2.9.4 OR BA.2.10 OR BA.2.10.1 OR BA.2.10.2 OR BA.2.10.3 OR BA.2.11 OR BA.2.12 OR BA.2.12.1 OR BA.2.12.2 OR BA.2.13 OR BA.2.14 OR BA.2.15 OR BA.2.16 OR BA.2.17 OR BA.2.18 OR BA.2.19 OR BA.2.20 OR BA.2.21 OR BA.2.22 OR BA.2.23 OR BA.2.23.1 OR BA.2.24 OR BA.2.25 OR BA.2.25.1 OR BA.2.26 OR BA.2.27 OR BA.2.28 OR BA.2.29 OR BA.2.30 OR BA.2.31 OR BA.2.32 OR BA.2.33 OR BA.2.34 OR BA.2.35 OR BA.2.36 OR BA.2.37 OR BA.2.38 OR BA.2.39 OR BA.2.40 OR BA.2.40.1 OR BA.2.41 OR BA.2.42 OR BA.2.43 OR BA.2.44 OR BA.2.45 OR BA.2.46 OR BA.2.47 OR BA.2.48 OR BA.2.49 OR BA.2.50 OR BA.2.51 OR BA.2.52 OR BA.2.53 OR BA.2.54 OR BA.2.55 OR BA.2.56 OR BA.2.56.1 OR BA.2.57 OR BA.2.58 OR BA.2.59 OR BA.2.60 OR BA.2.61 OR BA.2.62 OR BA.2.63 OR BA.2.64 OR BA.2.65 OR BA.2.66 OR BA.2.67 OR BA.2.68 OR BA.2.69 OR BA.2.70 OR BA.2.71 OR BA.2.72 OR BA.2.73 OR BA.2.74 OR BA.2.75 OR BA.3 OR BA.3.1 OR BA.4 OR BA.4.1 OR BA.4.1.1 OR BA.4.1.2 OR BA.5 OR BA.5.1 OR BA.5.1.1 OR BA.5.2 OR BA.5.2.1 OR BA.5.2.2 OR BA.5.2.3 OR BA.5.3 OR BA.5.3.1 OR BA.5.3.2 OR BA.5.3.3 OR BA.5.3.4 OR BA.5.4 OR BA.5.5 OR BA.5.6 OR BC.1 OR BC.2 OR BD.1 OR BE.1 OR BE.1.1 OR BE.2 OR BF.1 OR BF.1.1,Omicron,54.2857142857143,52.5,0.967105263157895
2022-04-12,60,59,39.1428571428571,37.8571428571429,0.967153284671533,0.886356030366905,0.997219317268746,B.1.1.529 OR BA.1 OR BA.1.1 OR BA.1.1.1 OR BA.1.1.2 OR BA.1.1.3 OR BA.1.1.4 OR BA.1.1.5 OR BA.1.1.6 OR BA.1.1.7 OR BA.1.1.8 OR BA.1.1.9 OR BA.1.1.10 OR BA.1.1.11 OR BA.1.1.12 OR BA.1.1.13 OR BA.1.1.14 OR BA.1.1.15 OR BA.1.1.16 OR BA.1.1.17 OR BA.1.1.18 OR BA.1.2 OR BA.1.3 OR BA.1.4 OR BA.1.5 OR BA.1.6 OR BA.1.7 OR BA.1.8 OR BA.1.9 OR BA.1.10 OR BA.1.11 OR BA.1.12 OR BA.1.13 OR BA.1.13.1 OR BA.1.14 OR BA.1.14.1 OR BA.1.14.2 OR BA.1.15 OR BA.1.15.1 OR BA.1.15.2 OR BA.1.15.3 OR BA.1.16 OR BA.1.16.1 OR BA.1.16.2 OR BA.1.17 OR BA.1.17.1 OR BA.1.17.2 OR BA.1.18 OR BA.1.19 OR BA.1.20 OR BA.1.21 OR BA.1.21.1 OR BA.1.22 OR BA.1.23 OR BA.1.24 OR BA.2 OR BA.2.1 OR BA.2.2 OR BA.2.2.1 OR BA.2.3 OR BA.2.3.1 OR BA.2.3.2 OR BA.2.3.3 OR BA.2.3.4 OR BA.2.3.5 OR BA.2.3.6 OR BA.2.3.7 OR BA.2.3.8 OR BA.2.3.9 OR BA.2.3.10 OR BA.2.3.11 OR BA.2.3.12 OR BA.2.3.13 OR BA.2.3.14 OR BA.2.3.15 OR BA.2.3.16 OR BA.2.3.17 OR BA.2.3.18 OR BA.2.4 OR BA.2.5 OR BA.2.6 OR BA.2.7 OR BA.2.8 OR BA.2.9 OR BA.2.9.1 OR BA.2.9.2 OR BA.2.9.3 OR BA.2.9.4 OR BA.2.10 OR BA.2.10.1 OR BA.2.10.2 OR BA.2.10.3 OR BA.2.11 OR BA.2.12 OR BA.2.12.1 OR BA.2.12.2 OR BA.2.13 OR BA.2.14 OR BA.2.15 OR BA.2.16 OR BA.2.17 OR BA.2.18 OR BA.2.19 OR BA.2.20 OR BA.2.21 OR BA.2.22 OR BA.2.23 OR BA.2.23.1 OR BA.2.24 OR BA.2.25 OR BA.2.25.1 OR BA.2.26 OR BA.2.27 OR BA.2.28 OR BA.2.29 OR BA.2.30 OR BA.2.31 OR BA.2.32 OR BA.2.33 OR BA.2.34 OR BA.2.35 OR BA.2.36 OR BA.2.37 OR BA.2.38 OR BA.2.39 OR BA.2.40 OR BA.2.40.1 OR BA.2.41 OR BA.2.42 OR BA.2.43 OR BA.2.44 OR BA.2.45 OR BA.2.46 OR BA.2.47 OR BA.2.48 OR BA.2.49 OR BA.2.50 OR BA.2.51 OR BA.2.52 OR BA.2.53 OR BA.2.54 OR BA.2.55 OR BA.2.56 OR BA.2.56.1 OR BA.2.57 OR BA.2.58 OR BA.2.59 OR BA.2.60 OR BA.2.61 OR BA.2.62 OR BA.2.63 OR BA.2.64 OR BA.2.65 OR BA.2.66 OR BA.2.67 OR BA.2.68 OR BA.2.69 OR BA.2.70 OR BA.2.71 OR BA.2.72 OR BA.2.73 OR BA.2.74 OR BA.2.75 OR BA.3 OR BA.3.1 OR BA.4 OR BA.4.1 OR BA.4.1.1 OR BA.4.1.2 OR BA.5 OR BA.5.1 OR BA.5.1.1 OR BA.5.2 OR BA.5.2.1 OR BA.5.2.2 OR BA.5.2.3 OR BA.5.3 OR BA.5.3.1 OR BA.5.3.2 OR BA.5.3.3 OR BA.5.3.4 OR BA.5.4 OR BA.5.5 OR BA.5.6 OR BC.1 OR BC.2 OR BD.1 OR BE.1 OR BE.1.1 OR BE.2 OR BF.1 OR BF.1.1,Omicron,49.4285714285714,47.6428571428572,0.963872832369942
2022-04-13,15,13,39.5714285714286,38.1428571428572,0.963898916967509,0.849134948765321,0.989465514977763,B.1.1.529 OR BA.1 OR BA.1.1 OR BA.1.1.1 OR BA.1.1.2 OR BA.1.1.3 OR BA.1.1.4 OR BA.1.1.5 OR BA.1.1.6 OR BA.1.1.7 OR BA.1.1.8 OR BA.1.1.9 OR BA.1.1.10 OR BA.1.1.11 OR BA.1.1.12 OR BA.1.1.13 OR BA.1.1.14 OR BA.1.1.15 OR BA.1.1.16 OR BA.1.1.17 OR BA.1.1.18 OR BA.1.2 OR BA.1.3 OR BA.1.4 OR BA.1.5 OR BA.1.6 OR BA.1.7 OR BA.1.8 OR BA.1.9 OR BA.1.10 OR BA.1.11 OR BA.1.12 OR BA.1.13 OR BA.1.13.1 OR BA.1.14 OR BA.1.14.1 OR BA.1.14.2 OR BA.1.15 OR BA.1.15.1 OR BA.1.15.2 OR BA.1.15.3 OR BA.1.16 OR BA.1.16.1 OR BA.1.16.2 OR BA.1.17 OR BA.1.17.1 OR BA.1.17.2 OR BA.1.18 OR BA.1.19 OR BA.1.20 OR BA.1.21 OR BA.1.21.1 OR BA.1.22 OR BA.1.23 OR BA.1.24 OR BA.2 OR BA.2.1 OR BA.2.2 OR BA.2.2.1 OR BA.2.3 OR BA.2.3.1 OR BA.2.3.2 OR BA.2.3.3 OR BA.2.3.4 OR BA.2.3.5 OR BA.2.3.6 OR BA.2.3.7 OR BA.2.3.8 OR BA.2.3.9 OR BA.2.3.10 OR BA.2.3.11 OR BA.2.3.12 OR BA.2.3.13 OR BA.2.3.14 OR BA.2.3.15 OR BA.2.3.16 OR BA.2.3.17 OR BA.2.3.18 OR BA.2.4 OR BA.2.5 OR BA.2.6 OR BA.2.7 OR BA.2.8 OR BA.2.9 OR BA.2.9.1 OR BA.2.9.2 OR BA.2.9.3 OR BA.2.9.4 OR BA.2.10 OR BA.2.10.1 OR BA.2.10.2 OR BA.2.10.3 OR BA.2.11 OR BA.2.12 OR BA.2.12.1 OR BA.2.12.2 OR BA.2.13 OR BA.2.14 OR BA.2.15 OR BA.2.16 OR BA.2.17 OR BA.2.18 OR BA.2.19 OR BA.2.20 OR BA.2.21 OR BA.2.22 OR BA.2.23 OR BA.2.23.1 OR BA.2.24 OR BA.2.25 OR BA.2.25.1 OR BA.2.26 OR BA.2.27 OR BA.2.28 OR BA.2.29 OR BA.2.30 OR BA.2.31 OR BA.2.32 OR BA.2.33 OR BA.2.34 OR BA.2.35 OR BA.2.36 OR BA.2.37 OR BA.2.38 OR BA.2.39 OR BA.2.40 OR BA.2.40.1 OR BA.2.41 OR BA.2.42 OR BA.2.43 OR BA.2.44 OR BA.2.45 OR BA.2.46 OR BA.2.47 OR BA.2.48 OR BA.2.49 OR BA.2.50 OR BA.2.51 OR BA.2.52 OR BA.2.53 OR BA.2.54 OR BA.2.55 OR BA.2.56 OR BA.2.56.1 OR BA.2.57 OR BA.2.58 OR BA.2.59 OR BA.2.60 OR BA.2.61 OR BA.2.62 OR BA.2.63 OR BA.2.64 OR BA.2.65 OR BA.2.66 OR BA.2.67 OR BA.2.68 OR BA.2.69 OR BA.2.70 OR BA.2.71 OR BA.2.72 OR BA.2.73 OR BA.2.74 OR BA.2.75 OR BA.3 OR BA.3.1 OR BA.4 OR BA.4.1 OR BA.4.1.1 OR BA.4.1.2 OR BA.5 OR BA.5.1 OR BA.5.1.1 OR BA.5.2 OR BA.5.2.1 OR BA.5.2.2 OR BA.5.2.3 OR BA.5.3 OR BA.5.3.1 OR BA.5.3.2 OR BA.5.3.3 OR BA.5.3.4 OR BA.5.4 OR BA.5.5 OR BA.5.6 OR BC.1 OR BC.2 OR BD.1 OR BE.1 OR BE.1.1 OR BE.2 OR BF.1 OR BF.1.1,Omicron,46.0714285714286,44.1428571428571,0.958139534883721
2022-04-14,10,10,31.5714285714286,30.2857142857143,0.959276018099547,0.814280463003435,0.986785370042836,B.1.1.529 OR BA.1 OR BA.1.1 OR BA.1.1.1 OR BA.1.1.2 OR BA.1.1.3 OR BA.1.1.4 OR BA.1.1.5 OR BA.1.1.6 OR BA.1.1.7 OR BA.1.1.8 OR BA.1.1.9 OR BA.1.1.10 OR BA.1.1.11 OR BA.1.1.12 OR BA.1.1.13 OR BA.1.1.14 OR BA.1.1.15 OR BA.1.1.16 OR BA.1.1.17 OR BA.1.1.18 OR BA.1.2 OR BA.1.3 OR BA.1.4 OR BA.1.5 OR BA.1.6 OR BA.1.7 OR BA.1.8 OR BA.1.9 OR BA.1.10 OR BA.1.11 OR BA.1.12 OR BA.1.13 OR BA.1.13.1 OR BA.1.14 OR BA.1.14.1 OR BA.1.14.2 OR BA.1.15 OR BA.1.15.1 OR BA.1.15.2 OR BA.1.15.3 OR BA.1.16 OR BA.1.16.1 OR BA.1.16.2 OR BA.1.17 OR BA.1.17.1 OR BA.1.17.2 OR BA.1.18 OR BA.1.19 OR BA.1.20 OR BA.1.21 OR BA.1.21.1 OR BA.1.22 OR BA.1.23 OR BA.1.24 OR BA.2 OR BA.2.1 OR BA.2.2 OR BA.2.2.1 OR BA.2.3 OR BA.2.3.1 OR BA.2.3.2 OR BA.2.3.3 OR BA.2.3.4 OR BA.2.3.5 OR BA.2.3.6 OR BA.2.3.7 OR BA.2.3.8 OR BA.2.3.9 OR BA.2.3.10 OR BA.2.3.11 OR BA.2.3.12 OR BA.2.3.13 OR BA.2.3.14 OR BA.2.3.15 OR BA.2.3.16 OR BA.2.3.17 OR BA.2.3.18 OR BA.2.4 OR BA.2.5 OR BA.2.6 OR BA.2.7 OR BA.2.8 OR BA.2.9 OR BA.2.9.1 OR BA.2.9.2 OR BA.2.9.3 OR BA.2.9.4 OR BA.2.10 OR BA.2.10.1 OR BA.2.10.2 OR BA.2.10.3 OR BA.2.11 OR BA.2.12 OR BA.2.12.1 OR BA.2.12.2 OR BA.2.13 OR BA.2.14 OR BA.2.15 OR BA.2.16 OR BA.2.17 OR BA.2.18 OR BA.2.19 OR BA.2.20 OR BA.2.21 OR BA.2.22 OR BA.2.23 OR BA.2.23.1 OR BA.2.24 OR BA.2.25 OR BA.2.25.1 OR BA.2.26 OR BA.2.27 OR BA.2.28 OR BA.2.29 OR BA.2.30 OR BA.2.31 OR BA.2.32 OR BA.2.33 OR BA.2.34 OR BA.2.35 OR BA.2.36 OR BA.2.37 OR BA.2.38 OR BA.2.39 OR BA.2.40 OR BA.2.40.1 OR BA.2.41 OR BA.2.42 OR BA.2.43 OR BA.2.44 OR BA.2.45 OR BA.2.46 OR BA.2.47 OR BA.2.48 OR BA.2.49 OR BA.2.50 OR BA.2.51 OR BA.2.52 OR BA.2.53 OR BA.2.54 OR BA.2.55 OR BA.2.56 OR BA.2.56.1 OR BA.2.57 OR BA.2.58 OR BA.2.59 OR BA.2.60 OR BA.2.61 OR BA.2.62 OR BA.2.63 OR BA.2.64 OR BA.2.65 OR BA.2.66 OR BA.2.67 OR BA.2.68 OR BA.2.69 OR BA.2.70 OR BA.2.71 OR BA.2.72 OR BA.2.73 OR BA.2.74 OR BA.2.75 OR BA.3 OR BA.3.1 OR BA.4 OR BA.4.1 OR BA.4.1.1 OR BA.4.1.2 OR BA.5 OR BA.5.1 OR BA.5.1.1 OR BA.5.2 OR BA.5.2.1 OR BA.5.2.2 OR BA.5.2.3 OR BA.5.3 OR BA.5.3.1 OR BA.5.3.2 OR BA.5.3.3 OR BA.5.3.4 OR BA.5.4 OR BA.5.5 OR BA.5.6 OR BC.1 OR BC.2 OR BD.1 OR BE.1 OR BE.1.1 OR BE.2 OR BF.1 OR BF.1.1,Omicron,40.0714285714286,38.2857142857143,0.955436720142603
2022-04-15,34,33,32.4285714285714,31.1428571428571,0.960352422907489,0.863086137648122,0.996607234409058,B.1.1.529 OR BA.1 OR BA.1.1 OR BA.1.1.1 OR BA.1.1.2 OR BA.1.1.3 OR BA.1.1.4 OR BA.1.1.5 OR BA.1.1.6 OR BA.1.1.7 OR BA.1.1.8 OR BA.1.1.9 OR BA.1.1.10 OR BA.1.1.11 OR BA.1.1.12 OR BA.1.1.13 OR BA.1.1.14 OR BA.1.1.15 OR BA.1.1.16 OR BA.1.1.17 OR BA.1.1.18 OR BA.1.2 OR BA.1.3 OR BA.1.4 OR BA.1.5 OR BA.1.6 OR BA.1.7 OR BA.1.8 OR BA.1.9 OR BA.1.10 OR BA.1.11 OR BA.1.12 OR BA.1.13 OR BA.1.13.1 OR BA.1.14 OR BA.1.14.1 OR BA.1.14.2 OR BA.1.15 OR BA.1.15.1 OR BA.1.15.2 OR BA.1.15.3 OR BA.1.16 OR BA.1.16.1 OR BA.1.16.2 OR BA.1.17 OR BA.1.17.1 OR BA.1.17.2 OR BA.1.18 OR BA.1.19 OR BA.1.20 OR BA.1.21 OR BA.1.21.1 OR BA.1.22 OR BA.1.23 OR BA.1.24 OR BA.2 OR BA.2.1 OR BA.2.2 OR BA.2.2.1 OR BA.2.3 OR BA.2.3.1 OR BA.2.3.2 OR BA.2.3.3 OR BA.2.3.4 OR BA.2.3.5 OR BA.2.3.6 OR BA.2.3.7 OR BA.2.3.8 OR BA.2.3.9 OR BA.2.3.10 OR BA.2.3.11 OR BA.2.3.12 OR BA.2.3.13 OR BA.2.3.14 OR BA.2.3.15 OR BA.2.3.16 OR BA.2.3.17 OR BA.2.3.18 OR BA.2.4 OR BA.2.5 OR BA.2.6 OR BA.2.7 OR BA.2.8 OR BA.2.9 OR BA.2.9.1 OR BA.2.9.2 OR BA.2.9.3 OR BA.2.9.4 OR BA.2.10 OR BA.2.10.1 OR BA.2.10.2 OR BA.2.10.3 OR BA.2.11 OR BA.2.12 OR BA.2.12.1 OR BA.2.12.2 OR BA.2.13 OR BA.2.14 OR BA.2.15 OR BA.2.16 OR BA.2.17 OR BA.2.18 OR BA.2.19 OR BA.2.20 OR BA.2.21 OR BA.2.22 OR BA.2.23 OR BA.2.23.1 OR BA.2.24 OR BA.2.25 OR BA.2.25.1 OR BA.2.26 OR BA.2.27 OR BA.2.28 OR BA.2.29 OR BA.2.30 OR BA.2.31 OR BA.2.32 OR BA.2.33 OR BA.2.34 OR BA.2.35 OR BA.2.36 OR BA.2.37 OR BA.2.38 OR BA.2.39 OR BA.2.40 OR BA.2.40.1 OR BA.2.41 OR BA.2.42 OR BA.2.43 OR BA.2.44 OR BA.2.45 OR BA.2.46 OR BA.2.47 OR BA.2.48 OR BA.2.49 OR BA.2.50 OR BA.2.51 OR BA.2.52 OR BA.2.53 OR BA.2.54 OR BA.2.55 OR BA.2.56 OR BA.2.56.1 OR BA.2.57 OR BA.2.58 OR BA.2.59 OR BA.2.60 OR BA.2.61 OR BA.2.62 OR BA.2.63 OR BA.2.64 OR BA.2.65 OR BA.2.66 OR BA.2.67 OR BA.2.68 OR BA.2.69 OR BA.2.70 OR BA.2.71 OR BA.2.72 OR BA.2.73 OR BA.2.74 OR BA.2.75 OR BA.3 OR BA.3.1 OR BA.4 OR BA.4.1 OR BA.4.1.1 OR BA.4.1.2 OR BA.5 OR BA.5.1 OR BA.5.1.1 OR BA.5.2 OR BA.5.2.1 OR BA.5.2.2 OR BA.5.2.3 OR BA.5.3 OR BA.5.3.1 OR BA.5.3.2 OR BA.5.3.3 OR BA.5.3.4 OR BA.5.4 OR BA.5.5 OR BA.5.6 OR BC.1 OR BC.2 OR BD.1 OR BE.1 OR BE.1.1 OR BE.2 OR BF.1 OR BF.1.1,Omicron,39.3571428571429,37.5714285714286,0.954627949183303
2022-04-16,4,4,32.4285714285714,31.1428571428571,0.960352422907489,0.863086137648122,0.996607234409058,B.1.1.529 OR BA.1 OR BA.1.1 OR BA.1.1.1 OR BA.1.1.2 OR BA.1.1.3 OR BA.1.1.4 OR BA.1.1.5 OR BA.1.1.6 OR BA.1.1.7 OR BA.1.1.8 OR BA.1.1.9 OR BA.1.1.10 OR BA.1.1.11 OR BA.1.1.12 OR BA.1.1.13 OR BA.1.1.14 OR BA.1.1.15 OR BA.1.1.16 OR BA.1.1.17 OR BA.1.1.18 OR BA.1.2 OR BA.1.3 OR BA.1.4 OR BA.1.5 OR BA.1.6 OR BA.1.7 OR BA.1.8 OR BA.1.9 OR BA.1.10 OR BA.1.11 OR BA.1.12 OR BA.1.13 OR BA.1.13.1 OR BA.1.14 OR BA.1.14.1 OR BA.1.14.2 OR BA.1.15 OR BA.1.15.1 OR BA.1.15.2 OR BA.1.15.3 OR BA.1.16 OR BA.1.16.1 OR BA.1.16.2 OR BA.1.17 OR BA.1.17.1 OR BA.1.17.2 OR BA.1.18 OR BA.1.19 OR BA.1.20 OR BA.1.21 OR BA.1.21.1 OR BA.1.22 OR BA.1.23 OR BA.1.24 OR BA.2 OR BA.2.1 OR BA.2.2 OR BA.2.2.1 OR BA.2.3 OR BA.2.3.1 OR BA.2.3.2 OR BA.2.3.3 OR BA.2.3.4 OR BA.2.3.5 OR BA.2.3.6 OR BA.2.3.7 OR BA.2.3.8 OR BA.2.3.9 OR BA.2.3.10 OR BA.2.3.11 OR BA.2.3.12 OR BA.2.3.13 OR BA.2.3.14 OR BA.2.3.15 OR BA.2.3.16 OR BA.2.3.17 OR BA.2.3.18 OR BA.2.4 OR BA.2.5 OR BA.2.6 OR BA.2.7 OR BA.2.8 OR BA.2.9 OR BA.2.9.1 OR BA.2.9.2 OR BA.2.9.3 OR BA.2.9.4 OR BA.2.10 OR BA.2.10.1 OR BA.2.10.2 OR BA.2.10.3 OR BA.2.11 OR BA.2.12 OR BA.2.12.1 OR BA.2.12.2 OR BA.2.13 OR BA.2.14 OR BA.2.15 OR BA.2.16 OR BA.2.17 OR BA.2.18 OR BA.2.19 OR BA.2.20 OR BA.2.21 OR BA.2.22 OR BA.2.23 OR BA.2.23.1 OR BA.2.24 OR BA.2.25 OR BA.2.25.1 OR BA.2.26 OR BA.2.27 OR BA.2.28 OR BA.2.29 OR BA.2.30 OR BA.2.31 OR BA.2.32 OR BA.2.33 OR BA.2.34 OR BA.2.35 OR BA.2.36 OR BA.2.37 OR BA.2.38 OR BA.2.39 OR BA.2.40 OR BA.2.40.1 OR BA.2.41 OR BA.2.42 OR BA.2.43 OR BA.2.44 OR BA.2.45 OR BA.2.46 OR BA.2.47 OR BA.2.48 OR BA.2.49 OR BA.2.50 OR BA.2.51 OR BA.2.52 OR BA.2.53 OR BA.2.54 OR BA.2.55 OR BA.2.56 OR BA.2.56.1 OR BA.2.57 OR BA.2.58 OR BA.2.59 OR BA.2.60 OR BA.2.61 OR BA.2.62 OR BA.2.63 OR BA.2.64 OR BA.2.65 OR BA.2.66 OR BA.2.67 OR BA.2.68 OR BA.2.69 OR BA.2.70 OR BA.2.71 OR BA.2.72 OR BA.2.73 OR BA.2.74 OR BA.2.75 OR BA.3 OR BA.3.1 OR BA.4 OR BA.4.1 OR BA.4.1.1 OR BA.4.1.2 OR BA.5 OR BA.5.1 OR BA.5.1.1 OR BA.5.2 OR BA.5.2.1 OR BA.5.2.2 OR BA.5.2.3 OR BA.5.3 OR BA.5.3.1 OR BA.5.3.2 OR BA.5.3.3 OR BA.5.3.4 OR BA.5.4 OR BA.5.5 OR BA.5.6 OR BC.1 OR BC.2 OR BD.1 OR BE.1 OR BE.1.1 OR BE.2 OR BF.1 OR BF.1.1,Omicron,38.9285714285714,37.1428571428572,0.954128440366972
2022-04-17,3,2,32,30.5714285714286,0.955357142857143,0.863086137648122,0.996607234409058,B.1.1.529 OR BA.1 OR BA.1.1 OR BA.1.1.1 OR BA.1.1.2 OR BA.1.1.3 OR BA.1.1.4 OR BA.1.1.5 OR BA.1.1.6 OR BA.1.1.7 OR BA.1.1.8 OR BA.1.1.9 OR BA.1.1.10 OR BA.1.1.11 OR BA.1.1.12 OR BA.1.1.13 OR BA.1.1.14 OR BA.1.1.15 OR BA.1.1.16 OR BA.1.1.17 OR BA.1.1.18 OR BA.1.2 OR BA.1.3 OR BA.1.4 OR BA.1.5 OR BA.1.6 OR BA.1.7 OR BA.1.8 OR BA.1.9 OR BA.1.10 OR BA.1.11 OR BA.1.12 OR BA.1.13 OR BA.1.13.1 OR BA.1.14 OR BA.1.14.1 OR BA.1.14.2 OR BA.1.15 OR BA.1.15.1 OR BA.1.15.2 OR BA.1.15.3 OR BA.1.16 OR BA.1.16.1 OR BA.1.16.2 OR BA.1.17 OR BA.1.17.1 OR BA.1.17.2 OR BA.1.18 OR BA.1.19 OR BA.1.20 OR BA.1.21 OR BA.1.21.1 OR BA.1.22 OR BA.1.23 OR BA.1.24 OR BA.2 OR BA.2.1 OR BA.2.2 OR BA.2.2.1 OR BA.2.3 OR BA.2.3.1 OR BA.2.3.2 OR BA.2.3.3 OR BA.2.3.4 OR BA.2.3.5 OR BA.2.3.6 OR BA.2.3.7 OR BA.2.3.8 OR BA.2.3.9 OR BA.2.3.10 OR BA.2.3.11 OR BA.2.3.12 OR BA.2.3.13 OR BA.2.3.14 OR BA.2.3.15 OR BA.2.3.16 OR BA.2.3.17 OR BA.2.3.18 OR BA.2.4 OR BA.2.5 OR BA.2.6 OR BA.2.7 OR BA.2.8 OR BA.2.9 OR BA.2.9.1 OR BA.2.9.2 OR BA.2.9.3 OR BA.2.9.4 OR BA.2.10 OR BA.2.10.1 OR BA.2.10.2 OR BA.2.10.3 OR BA.2.11 OR BA.2.12 OR BA.2.12.1 OR BA.2.12.2 OR BA.2.13 OR BA.2.14 OR BA.2.15 OR BA.2.16 OR BA.2.17 OR BA.2.18 OR BA.2.19 OR BA.2.20 OR BA.2.21 OR BA.2.22 OR BA.2.23 OR BA.2.23.1 OR BA.2.24 OR BA.2.25 OR BA.2.25.1 OR BA.2.26 OR BA.2.27 OR BA.2.28 OR BA.2.29 OR BA.2.30 OR BA.2.31 OR BA.2.32 OR BA.2.33 OR BA.2.34 OR BA.2.35 OR BA.2.36 OR BA.2.37 OR BA.2.38 OR BA.2.39 OR BA.2.40 OR BA.2.40.1 OR BA.2.41 OR BA.2.42 OR BA.2.43 OR BA.2.44 OR BA.2.45 OR BA.2.46 OR BA.2.47 OR BA.2.48 OR BA.2.49 OR BA.2.50 OR BA.2.51 OR BA.2.52 OR BA.2.53 OR BA.2.54 OR BA.2.55 OR BA.2.56 OR BA.2.56.1 OR BA.2.57 OR BA.2.58 OR BA.2.59 OR BA.2.60 OR BA.2.61 OR BA.2.62 OR BA.2.63 OR BA.2.64 OR BA.2.65 OR BA.2.66 OR BA.2.67 OR BA.2.68 OR BA.2.69 OR BA.2.70 OR BA.2.71 OR BA.2.72 OR BA.2.73 OR BA.2.74 OR BA.2.75 OR BA.3 OR BA.3.1 OR BA.4 OR BA.4.1 OR BA.4.1.1 OR BA.4.1.2 OR BA.5 OR BA.5.1 OR BA.5.1.1 OR BA.5.2 OR BA.5.2.1 OR BA.5.2.2 OR BA.5.2.3 OR BA.5.3 OR BA.5.3.1 OR BA.5.3.2 OR BA.5.3.3 OR BA.5.3.4 OR BA.5.4 OR BA.5.5 OR BA.5.6 OR BC.1 OR BC.2 OR BD.1 OR BE.1 OR BE.1.1 OR BE.2 OR BF.1 OR BF.1.1,Omicron,38.7142857142857,37,0.955719557195572
2022-04-18,3,3,18.4285714285714,17.7142857142857,0.961240310077519,0.871441788178241,0.999973096882699,B.1.1.529 OR BA.1 OR BA.1.1 OR BA.1.1.1 OR BA.1.1.2 OR BA.1.1.3 OR BA.1.1.4 OR BA.1.1.5 OR BA.1.1.6 OR BA.1.1.7 OR BA.1.1.8 OR BA.1.1.9 OR BA.1.1.10 OR BA.1.1.11 OR BA.1.1.12 OR BA.1.1.13 OR BA.1.1.14 OR BA.1.1.15 OR BA.1.1.16 OR BA.1.1.17 OR BA.1.1.18 OR BA.1.2 OR BA.1.3 OR BA.1.4 OR BA.1.5 OR BA.1.6 OR BA.1.7 OR BA.1.8 OR BA.1.9 OR BA.1.10 OR BA.1.11 OR BA.1.12 OR BA.1.13 OR BA.1.13.1 OR BA.1.14 OR BA.1.14.1 OR BA.1.14.2 OR BA.1.15 OR BA.1.15.1 OR BA.1.15.2 OR BA.1.15.3 OR BA.1.16 OR BA.1.16.1 OR BA.1.16.2 OR BA.1.17 OR BA.1.17.1 OR BA.1.17.2 OR BA.1.18 OR BA.1.19 OR BA.1.20 OR BA.1.21 OR BA.1.21.1 OR BA.1.22 OR BA.1.23 OR BA.1.24 OR BA.2 OR BA.2.1 OR BA.2.2 OR BA.2.2.1 OR BA.2.3 OR BA.2.3.1 OR BA.2.3.2 OR BA.2.3.3 OR BA.2.3.4 OR BA.2.3.5 OR BA.2.3.6 OR BA.2.3.7 OR BA.2.3.8 OR BA.2.3.9 OR BA.2.3.10 OR BA.2.3.11 OR BA.2.3.12 OR BA.2.3.13 OR BA.2.3.14 OR BA.2.3.15 OR BA.2.3.16 OR BA.2.3.17 OR BA.2.3.18 OR BA.2.4 OR BA.2.5 OR BA.2.6 OR BA.2.7 OR BA.2.8 OR BA.2.9 OR BA.2.9.1 OR BA.2.9.2 OR BA.2.9.3 OR BA.2.9.4 OR BA.2.10 OR BA.2.10.1 OR BA.2.10.2 OR BA.2.10.3 OR BA.2.11 OR BA.2.12 OR BA.2.12.1 OR BA.2.12.2 OR BA.2.13 OR BA.2.14 OR BA.2.15 OR BA.2.16 OR BA.2.17 OR BA.2.18 OR BA.2.19 OR BA.2.20 OR BA.2.21 OR BA.2.22 OR BA.2.23 OR BA.2.23.1 OR BA.2.24 OR BA.2.25 OR BA.2.25.1 OR BA.2.26 OR BA.2.27 OR BA.2.28 OR BA.2.29 OR BA.2.30 OR BA.2.31 OR BA.2.32 OR BA.2.33 OR BA.2.34 OR BA.2.35 OR BA.2.36 OR BA.2.37 OR BA.2.38 OR BA.2.39 OR BA.2.40 OR BA.2.40.1 OR BA.2.41 OR BA.2.42 OR BA.2.43 OR BA.2.44 OR BA.2.45 OR BA.2.46 OR BA.2.47 OR BA.2.48 OR BA.2.49 OR BA.2.50 OR BA.2.51 OR BA.2.52 OR BA.2.53 OR BA.2.54 OR BA.2.55 OR BA.2.56 OR BA.2.56.1 OR BA.2.57 OR BA.2.58 OR BA.2.59 OR BA.2.60 OR BA.2.61 OR BA.2.62 OR BA.2.63 OR BA.2.64 OR BA.2.65 OR BA.2.66 OR BA.2.67 OR BA.2.68 OR BA.2.69 OR BA.2.70 OR BA.2.71 OR BA.2.72 OR BA.2.73 OR BA.2.74 OR BA.2.75 OR BA.3 OR BA.3.1 OR BA.4 OR BA.4.1 OR BA.4.1.1 OR BA.4.1.2 OR BA.5 OR BA.5.1 OR BA.5.1.1 OR BA.5.2 OR BA.5.2.1 OR BA.5.2.2 OR BA.5.2.3 OR BA.5.3 OR BA.5.3.1 OR BA.5.3.2 OR BA.5.3.3 OR BA.5.3.4 OR BA.5.4 OR BA.5.5 OR BA.5.6 OR BC.1 OR BC.2 OR BD.1 OR BE.1 OR BE.1.1 OR BE.2 OR BF.1 OR BF.1.1,Omicron,30.0714285714286,28.5,0.947743467933492
2022-04-19,25,25,13.4285714285714,12.8571428571429,0.957446808510638,0.827380554717943,0.999962948066701,B.1.1.529 OR BA.1 OR BA.1.1 OR BA.1.1.1 OR BA.1.1.2 OR BA.1.1.3 OR BA.1.1.4 OR BA.1.1.5 OR BA.1.1.6 OR BA.1.1.7 OR BA.1.1.8 OR BA.1.1.9 OR BA.1.1.10 OR BA.1.1.11 OR BA.1.1.12 OR BA.1.1.13 OR BA.1.1.14 OR BA.1.1.15 OR BA.1.1.16 OR BA.1.1.17 OR BA.1.1.18 OR BA.1.2 OR BA.1.3 OR BA.1.4 OR BA.1.5 OR BA.1.6 OR BA.1.7 OR BA.1.8 OR BA.1.9 OR BA.1.10 OR BA.1.11 OR BA.1.12 OR BA.1.13 OR BA.1.13.1 OR BA.1.14 OR BA.1.14.1 OR BA.1.14.2 OR BA.1.15 OR BA.1.15.1 OR BA.1.15.2 OR BA.1.15.3 OR BA.1.16 OR BA.1.16.1 OR BA.1.16.2 OR BA.1.17 OR BA.1.17.1 OR BA.1.17.2 OR BA.1.18 OR BA.1.19 OR BA.1.20 OR BA.1.21 OR BA.1.21.1 OR BA.1.22 OR BA.1.23 OR BA.1.24 OR BA.2 OR BA.2.1 OR BA.2.2 OR BA.2.2.1 OR BA.2.3 OR BA.2.3.1 OR BA.2.3.2 OR BA.2.3.3 OR BA.2.3.4 OR BA.2.3.5 OR BA.2.3.6 OR BA.2.3.7 OR BA.2.3.8 OR BA.2.3.9 OR BA.2.3.10 OR BA.2.3.11 OR BA.2.3.12 OR BA.2.3.13 OR BA.2.3.14 OR BA.2.3.15 OR BA.2.3.16 OR BA.2.3.17 OR BA.2.3.18 OR BA.2.4 OR BA.2.5 OR BA.2.6 OR BA.2.7 OR BA.2.8 OR BA.2.9 OR BA.2.9.1 OR BA.2.9.2 OR BA.2.9.3 OR BA.2.9.4 OR BA.2.10 OR BA.2.10.1 OR BA.2.10.2 OR BA.2.10.3 OR BA.2.11 OR BA.2.12 OR BA.2.12.1 OR BA.2.12.2 OR BA.2.13 OR BA.2.14 OR BA.2.15 OR BA.2.16 OR BA.2.17 OR BA.2.18 OR BA.2.19 OR BA.2.20 OR BA.2.21 OR BA.2.22 OR BA.2.23 OR BA.2.23.1 OR BA.2.24 OR BA.2.25 OR BA.2.25.1 OR BA.2.26 OR BA.2.27 OR BA.2.28 OR BA.2.29 OR BA.2.30 OR BA.2.31 OR BA.2.32 OR BA.2.33 OR BA.2.34 OR BA.2.35 OR BA.2.36 OR BA.2.37 OR BA.2.38 OR BA.2.39 OR BA.2.40 OR BA.2.40.1 OR BA.2.41 OR BA.2.42 OR BA.2.43 OR BA.2.44 OR BA.2.45 OR BA.2.46 OR BA.2.47 OR BA.2.48 OR BA.2.49 OR BA.2.50 OR BA.2.51 OR BA.2.52 OR BA.2.53 OR BA.2.54 OR BA.2.55 OR BA.2.56 OR BA.2.56.1 OR BA.2.57 OR BA.2.58 OR BA.2.59 OR BA.2.60 OR BA.2.61 OR BA.2.62 OR BA.2.63 OR BA.2.64 OR BA.2.65 OR BA.2.66 OR BA.2.67 OR BA.2.68 OR BA.2.69 OR BA.2.70 OR BA.2.71 OR BA.2.72 OR BA.2.73 OR BA.2.74 OR BA.2.75 OR BA.3 OR BA.3.1 OR BA.4 OR BA.4.1 OR BA.4.1.1 OR BA.4.1.2 OR BA.5 OR BA.5.1 OR BA.5.1.1 OR BA.5.2 OR BA.5.2.1 OR BA.5.2.2 OR BA.5.2.3 OR BA.5.3 OR BA.5.3.1 OR BA.5.3.2 OR BA.5.3.3 OR BA.5.3.4 OR BA.5.4 OR BA.5.5 OR BA.5.6 OR BC.1 OR BC.2 OR BD.1 OR BE.1 OR BE.1.1 OR BE.2 OR BF.1 OR BF.1.1,Omicron,26.2857142857143,25.3571428571429,0.964673913043478
2022-04-20,9,8,12.5714285714286,12.1428571428571,0.965909090909091,0.692850510293305,0.991570341687786,B.1.1.529 OR BA.1 OR BA.1.1 OR BA.1.1.1 OR BA.1.1.2 OR BA.1.1.3 OR BA.1.1.4 OR BA.1.1.5 OR BA.1.1.6 OR BA.1.1.7 OR BA.1.1.8 OR BA.1.1.9 OR BA.1.1.10 OR BA.1.1.11 OR BA.1.1.12 OR BA.1.1.13 OR BA.1.1.14 OR BA.1.1.15 OR BA.1.1.16 OR BA.1.1.17 OR BA.1.1.18 OR BA.1.2 OR BA.1.3 OR BA.1.4 OR BA.1.5 OR BA.1.6 OR BA.1.7 OR BA.1.8 OR BA.1.9 OR BA.1.10 OR BA.1.11 OR BA.1.12 OR BA.1.13 OR BA.1.13.1 OR BA.1.14 OR BA.1.14.1 OR BA.1.14.2 OR BA.1.15 OR BA.1.15.1 OR BA.1.15.2 OR BA.1.15.3 OR BA.1.16 OR BA.1.16.1 OR BA.1.16.2 OR BA.1.17 OR BA.1.17.1 OR BA.1.17.2 OR BA.1.18 OR BA.1.19 OR BA.1.20 OR BA.1.21 OR BA.1.21.1 OR BA.1.22 OR BA.1.23 OR BA.1.24 OR BA.2 OR BA.2.1 OR BA.2.2 OR BA.2.2.1 OR BA.2.3 OR BA.2.3.1 OR BA.2.3.2 OR BA.2.3.3 OR BA.2.3.4 OR BA.2.3.5 OR BA.2.3.6 OR BA.2.3.7 OR BA.2.3.8 OR BA.2.3.9 OR BA.2.3.10 OR BA.2.3.11 OR BA.2.3.12 OR BA.2.3.13 OR BA.2.3.14 OR BA.2.3.15 OR BA.2.3.16 OR BA.2.3.17 OR BA.2.3.18 OR BA.2.4 OR BA.2.5 OR BA.2.6 OR BA.2.7 OR BA.2.8 OR BA.2.9 OR BA.2.9.1 OR BA.2.9.2 OR BA.2.9.3 OR BA.2.9.4 OR BA.2.10 OR BA.2.10.1 OR BA.2.10.2 OR BA.2.10.3 OR BA.2.11 OR BA.2.12 OR BA.2.12.1 OR BA.2.12.2 OR BA.2.13 OR BA.2.14 OR BA.2.15 OR BA.2.16 OR BA.2.17 OR BA.2.18 OR BA.2.19 OR BA.2.20 OR BA.2.21 OR BA.2.22 OR BA.2.23 OR BA.2.23.1 OR BA.2.24 OR BA.2.25 OR BA.2.25.1 OR BA.2.26 OR BA.2.27 OR BA.2.28 OR BA.2.29 OR BA.2.30 OR BA.2.31 OR BA.2.32 OR BA.2.33 OR BA.2.34 OR BA.2.35 OR BA.2.36 OR BA.2.37 OR BA.2.38 OR BA.2.39 OR BA.2.40 OR BA.2.40.1 OR BA.2.41 OR BA.2.42 OR BA.2.43 OR BA.2.44 OR BA.2.45 OR BA.2.46 OR BA.2.47 OR BA.2.48 OR BA.2.49 OR BA.2.50 OR BA.2.51 OR BA.2.52 OR BA.2.53 OR BA.2.54 OR BA.2.55 OR BA.2.56 OR BA.2.56.1 OR BA.2.57 OR BA.2.58 OR BA.2.59 OR BA.2.60 OR BA.2.61 OR BA.2.62 OR BA.2.63 OR BA.2.64 OR BA.2.65 OR BA.2.66 OR BA.2.67 OR BA.2.68 OR BA.2.69 OR BA.2.70 OR BA.2.71 OR BA.2.72 OR BA.2.73 OR BA.2.74 OR BA.2.75 OR BA.3 OR BA.3.1 OR BA.4 OR BA.4.1 OR BA.4.1.1 OR BA.4.1.2 OR BA.5 OR BA.5.1 OR BA.5.1.1 OR BA.5.2 OR BA.5.2.1 OR BA.5.2.2 OR BA.5.2.3 OR BA.5.3 OR BA.5.3.1 OR BA.5.3.2 OR BA.5.3.3 OR BA.5.3.4 OR BA.5.4 OR BA.5.5 OR BA.5.6 OR BC.1 OR BC.2 OR BD.1 OR BE.1 OR BE.1.1 OR BE.2 OR BF.1 OR BF.1.1,Omicron,26.0714285714286,25.1428571428571,0.964383561643836
2022-04-21,8,7,12.2857142857143,11.7142857142857,0.953488372093023,0.814694061687515,0.999959924689924,B.1.1.529 OR BA.1 OR BA.1.1 OR BA.1.1.1 OR BA.1.1.2 OR BA.1.1.3 OR BA.1.1.4 OR BA.1.1.5 OR BA.1.1.6 OR BA.1.1.7 OR BA.1.1.8 OR BA.1.1.9 OR BA.1.1.10 OR BA.1.1.11 OR BA.1.1.12 OR BA.1.1.13 OR BA.1.1.14 OR BA.1.1.15 OR BA.1.1.16 OR BA.1.1.17 OR BA.1.1.18 OR BA.1.2 OR BA.1.3 OR BA.1.4 OR BA.1.5 OR BA.1.6 OR BA.1.7 OR BA.1.8 OR BA.1.9 OR BA.1.10 OR BA.1.11 OR BA.1.12 OR BA.1.13 OR BA.1.13.1 OR BA.1.14 OR BA.1.14.1 OR BA.1.14.2 OR BA.1.15 OR BA.1.15.1 OR BA.1.15.2 OR BA.1.15.3 OR BA.1.16 OR BA.1.16.1 OR BA.1.16.2 OR BA.1.17 OR BA.1.17.1 OR BA.1.17.2 OR BA.1.18 OR BA.1.19 OR BA.1.20 OR BA.1.21 OR BA.1.21.1 OR BA.1.22 OR BA.1.23 OR BA.1.24 OR BA.2 OR BA.2.1 OR BA.2.2 OR BA.2.2.1 OR BA.2.3 OR BA.2.3.1 OR BA.2.3.2 OR BA.2.3.3 OR BA.2.3.4 OR BA.2.3.5 OR BA.2.3.6 OR BA.2.3.7 OR BA.2.3.8 OR BA.2.3.9 OR BA.2.3.10 OR BA.2.3.11 OR BA.2.3.12 OR BA.2.3.13 OR BA.2.3.14 OR BA.2.3.15 OR BA.2.3.16 OR BA.2.3.17 OR BA.2.3.18 OR BA.2.4 OR BA.2.5 OR BA.2.6 OR BA.2.7 OR BA.2.8 OR BA.2.9 OR BA.2.9.1 OR BA.2.9.2 OR BA.2.9.3 OR BA.2.9.4 OR BA.2.10 OR BA.2.10.1 OR BA.2.10.2 OR BA.2.10.3 OR BA.2.11 OR BA.2.12 OR BA.2.12.1 OR BA.2.12.2 OR BA.2.13 OR BA.2.14 OR BA.2.15 OR BA.2.16 OR BA.2.17 OR BA.2.18 OR BA.2.19 OR BA.2.20 OR BA.2.21 OR BA.2.22 OR BA.2.23 OR BA.2.23.1 OR BA.2.24 OR BA.2.25 OR BA.2.25.1 OR BA.2.26 OR BA.2.27 OR BA.2.28 OR BA.2.29 OR BA.2.30 OR BA.2.31 OR BA.2.32 OR BA.2.33 OR BA.2.34 OR BA.2.35 OR BA.2.36 OR BA.2.37 OR BA.2.38 OR BA.2.39 OR BA.2.40 OR BA.2.40.1 OR BA.2.41 OR BA.2.42 OR BA.2.43 OR BA.2.44 OR BA.2.45 OR BA.2.46 OR BA.2.47 OR BA.2.48 OR BA.2.49 OR BA.2.50 OR BA.2.51 OR BA.2.52 OR BA.2.53 OR BA.2.54 OR BA.2.55 OR BA.2.56 OR BA.2.56.1 OR BA.2.57 OR BA.2.58 OR BA.2.59 OR BA.2.60 OR BA.2.61 OR BA.2.62 OR BA.2.63 OR BA.2.64 OR BA.2.65 OR BA.2.66 OR BA.2.67 OR BA.2.68 OR BA.2.69 OR BA.2.70 OR BA.2.71 OR BA.2.72 OR BA.2.73 OR BA.2.74 OR BA.2.75 OR BA.3 OR BA.3.1 OR BA.4 OR BA.4.1 OR BA.4.1.1 OR BA.4.1.2 OR BA.5 OR BA.5.1 OR BA.5.1.1 OR BA.5.2 OR BA.5.2.1 OR BA.5.2.2 OR BA.5.2.3 OR BA.5.3 OR BA.5.3.1 OR BA.5.3.2 OR BA.5.3.3 OR BA.5.3.4 OR BA.5.4 OR BA.5.5 OR BA.5.6 OR BC.1 OR BC.2 OR BD.1 OR BE.1 OR BE.1.1 OR BE.2 OR BF.1 OR BF.1.1,Omicron,21.9285714285714,21,0.957654723127036
2022-04-22,10,10,8.85714285714286,8.42857142857143,0.951612903225806,0.585530722559467,0.98773591237838,B.1.1.529 OR BA.1 OR BA.1.1 OR BA.1.1.1 OR BA.1.1.2 OR BA.1.1.3 OR BA.1.1.4 OR BA.1.1.5 OR BA.1.1.6 OR BA.1.1.7 OR BA.1.1.8 OR BA.1.1.9 OR BA.1.1.10 OR BA.1.1.11 OR BA.1.1.12 OR BA.1.1.13 OR BA.1.1.14 OR BA.1.1.15 OR BA.1.1.16 OR BA.1.1.17 OR BA.1.1.18 OR BA.1.2 OR BA.1.3 OR BA.1.4 OR BA.1.5 OR BA.1.6 OR BA.1.7 OR BA.1.8 OR BA.1.9 OR BA.1.10 OR BA.1.11 OR BA.1.12 OR BA.1.13 OR BA.1.13.1 OR BA.1.14 OR BA.1.14.1 OR BA.1.14.2 OR BA.1.15 OR BA.1.15.1 OR BA.1.15.2 OR BA.1.15.3 OR BA.1.16 OR BA.1.16.1 OR BA.1.16.2 OR BA.1.17 OR BA.1.17.1 OR BA.1.17.2 OR BA.1.18 OR BA.1.19 OR BA.1.20 OR BA.1.21 OR BA.1.21.1 OR BA.1.22 OR BA.1.23 OR BA.1.24 OR BA.2 OR BA.2.1 OR BA.2.2 OR BA.2.2.1 OR BA.2.3 OR BA.2.3.1 OR BA.2.3.2 OR BA.2.3.3 OR BA.2.3.4 OR BA.2.3.5 OR BA.2.3.6 OR BA.2.3.7 OR BA.2.3.8 OR BA.2.3.9 OR BA.2.3.10 OR BA.2.3.11 OR BA.2.3.12 OR BA.2.3.13 OR BA.2.3.14 OR BA.2.3.15 OR BA.2.3.16 OR BA.2.3.17 OR BA.2.3.18 OR BA.2.4 OR BA.2.5 OR BA.2.6 OR BA.2.7 OR BA.2.8 OR BA.2.9 OR BA.2.9.1 OR BA.2.9.2 OR BA.2.9.3 OR BA.2.9.4 OR BA.2.10 OR BA.2.10.1 OR BA.2.10.2 OR BA.2.10.3 OR BA.2.11 OR BA.2.12 OR BA.2.12.1 OR BA.2.12.2 OR BA.2.13 OR BA.2.14 OR BA.2.15 OR BA.2.16 OR BA.2.17 OR BA.2.18 OR BA.2.19 OR BA.2.20 OR BA.2.21 OR BA.2.22 OR BA.2.23 OR BA.2.23.1 OR BA.2.24 OR BA.2.25 OR BA.2.25.1 OR BA.2.26 OR BA.2.27 OR BA.2.28 OR BA.2.29 OR BA.2.30 OR BA.2.31 OR BA.2.32 OR BA.2.33 OR BA.2.34 OR BA.2.35 OR BA.2.36 OR BA.2.37 OR BA.2.38 OR BA.2.39 OR BA.2.40 OR BA.2.40.1 OR BA.2.41 OR BA.2.42 OR BA.2.43 OR BA.2.44 OR BA.2.45 OR BA.2.46 OR BA.2.47 OR BA.2.48 OR BA.2.49 OR BA.2.50 OR BA.2.51 OR BA.2.52 OR BA.2.53 OR BA.2.54 OR BA.2.55 OR BA.2.56 OR BA.2.56.1 OR BA.2.57 OR BA.2.58 OR BA.2.59 OR BA.2.60 OR BA.2.61 OR BA.2.62 OR BA.2.63 OR BA.2.64 OR BA.2.65 OR BA.2.66 OR BA.2.67 OR BA.2.68 OR BA.2.69 OR BA.2.70 OR BA.2.71 OR BA.2.72 OR BA.2.73 OR BA.2.74 OR BA.2.75 OR BA.3 OR BA.3.1 OR BA.4 OR BA.4.1 OR BA.4.1.1 OR BA.4.1.2 OR BA.5 OR BA.5.1 OR BA.5.1.1 OR BA.5.2 OR BA.5.2.1 OR BA.5.2.2 OR BA.5.2.3 OR BA.5.3 OR BA.5.3.1 OR BA.5.3.2 OR BA.5.3.3 OR BA.5.3.4 OR BA.5.4 OR BA.5.5 OR BA.5.6 OR BC.1 OR BC.2 OR BD.1 OR BE.1 OR BE.1.1 OR BE.2 OR BF.1 OR BF.1.1,Omicron,20.6428571428571,19.7857142857143,0.958477508650519
2022-04-23,11,11,9.85714285714286,9.42857142857143,0.956521739130435,0.618685228933384,0.988988326236839,B.1.1.529 OR BA.1 OR BA.1.1 OR BA.1.1.1 OR BA.1.1.2 OR BA.1.1.3 OR BA.1.1.4 OR BA.1.1.5 OR BA.1.1.6 OR BA.1.1.7 OR BA.1.1.8 OR BA.1.1.9 OR BA.1.1.10 OR BA.1.1.11 OR BA.1.1.12 OR BA.1.1.13 OR BA.1.1.14 OR BA.1.1.15 OR BA.1.1.16 OR BA.1.1.17 OR BA.1.1.18 OR BA.1.2 OR BA.1.3 OR BA.1.4 OR BA.1.5 OR BA.1.6 OR BA.1.7 OR BA.1.8 OR BA.1.9 OR BA.1.10 OR BA.1.11 OR BA.1.12 OR BA.1.13 OR BA.1.13.1 OR BA.1.14 OR BA.1.14.1 OR BA.1.14.2 OR BA.1.15 OR BA.1.15.1 OR BA.1.15.2 OR BA.1.15.3 OR BA.1.16 OR BA.1.16.1 OR BA.1.16.2 OR BA.1.17 OR BA.1.17.1 OR BA.1.17.2 OR BA.1.18 OR BA.1.19 OR BA.1.20 OR BA.1.21 OR BA.1.21.1 OR BA.1.22 OR BA.1.23 OR BA.1.24 OR BA.2 OR BA.2.1 OR BA.2.2 OR BA.2.2.1 OR BA.2.3 OR BA.2.3.1 OR BA.2.3.2 OR BA.2.3.3 OR BA.2.3.4 OR BA.2.3.5 OR BA.2.3.6 OR BA.2.3.7 OR BA.2.3.8 OR BA.2.3.9 OR BA.2.3.10 OR BA.2.3.11 OR BA.2.3.12 OR BA.2.3.13 OR BA.2.3.14 OR BA.2.3.15 OR BA.2.3.16 OR BA.2.3.17 OR BA.2.3.18 OR BA.2.4 OR BA.2.5 OR BA.2.6 OR BA.2.7 OR BA.2.8 OR BA.2.9 OR BA.2.9.1 OR BA.2.9.2 OR BA.2.9.3 OR BA.2.9.4 OR BA.2.10 OR BA.2.10.1 OR BA.2.10.2 OR BA.2.10.3 OR BA.2.11 OR BA.2.12 OR BA.2.12.1 OR BA.2.12.2 OR BA.2.13 OR BA.2.14 OR BA.2.15 OR BA.2.16 OR BA.2.17 OR BA.2.18 OR BA.2.19 OR BA.2.20 OR BA.2.21 OR BA.2.22 OR BA.2.23 OR BA.2.23.1 OR BA.2.24 OR BA.2.25 OR BA.2.25.1 OR BA.2.26 OR BA.2.27 OR BA.2.28 OR BA.2.29 OR BA.2.30 OR BA.2.31 OR BA.2.32 OR BA.2.33 OR BA.2.34 OR BA.2.35 OR BA.2.36 OR BA.2.37 OR BA.2.38 OR BA.2.39 OR BA.2.40 OR BA.2.40.1 OR BA.2.41 OR BA.2.42 OR BA.2.43 OR BA.2.44 OR BA.2.45 OR BA.2.46 OR BA.2.47 OR BA.2.48 OR BA.2.49 OR BA.2.50 OR BA.2.51 OR BA.2.52 OR BA.2.53 OR BA.2.54 OR BA.2.55 OR BA.2.56 OR BA.2.56.1 OR BA.2.57 OR BA.2.58 OR BA.2.59 OR BA.2.60 OR BA.2.61 OR BA.2.62 OR BA.2.63 OR BA.2.64 OR BA.2.65 OR BA.2.66 OR BA.2.67 OR BA.2.68 OR BA.2.69 OR BA.2.70 OR BA.2.71 OR BA.2.72 OR BA.2.73 OR BA.2.74 OR BA.2.75 OR BA.3 OR BA.3.1 OR BA.4 OR BA.4.1 OR BA.4.1.1 OR BA.4.1.2 OR BA.5 OR BA.5.1 OR BA.5.1.1 OR BA.5.2 OR BA.5.2.1 OR BA.5.2.2 OR BA.5.2.3 OR BA.5.3 OR BA.5.3.1 OR BA.5.3.2 OR BA.5.3.3 OR BA.5.3.4 OR BA.5.4 OR BA.5.5 OR BA.5.6 OR BC.1 OR BC.2 OR BD.1 OR BE.1 OR BE.1.1 OR BE.2 OR BF.1 OR BF.1.1,Omicron,21.1428571428571,20.2857142857143,0.959459459459459
2022-04-24,5,5,10.1428571428571,9.85714285714286,0.971830985915493,0.78280373249079,0.999952109566842,B.1.1.529 OR BA.1 OR BA.1.1 OR BA.1.1.1 OR BA.1.1.2 OR BA.1.1.3 OR BA.1.1.4 OR BA.1.1.5 OR BA.1.1.6 OR BA.1.1.7 OR BA.1.1.8 OR BA.1.1.9 OR BA.1.1.10 OR BA.1.1.11 OR BA.1.1.12 OR BA.1.1.13 OR BA.1.1.14 OR BA.1.1.15 OR BA.1.1.16 OR BA.1.1.17 OR BA.1.1.18 OR BA.1.2 OR BA.1.3 OR BA.1.4 OR BA.1.5 OR BA.1.6 OR BA.1.7 OR BA.1.8 OR BA.1.9 OR BA.1.10 OR BA.1.11 OR BA.1.12 OR BA.1.13 OR BA.1.13.1 OR BA.1.14 OR BA.1.14.1 OR BA.1.14.2 OR BA.1.15 OR BA.1.15.1 OR BA.1.15.2 OR BA.1.15.3 OR BA.1.16 OR BA.1.16.1 OR BA.1.16.2 OR BA.1.17 OR BA.1.17.1 OR BA.1.17.2 OR BA.1.18 OR BA.1.19 OR BA.1.20 OR BA.1.21 OR BA.1.21.1 OR BA.1.22 OR BA.1.23 OR BA.1.24 OR BA.2 OR BA.2.1 OR BA.2.2 OR BA.2.2.1 OR BA.2.3 OR BA.2.3.1 OR BA.2.3.2 OR BA.2.3.3 OR BA.2.3.4 OR BA.2.3.5 OR BA.2.3.6 OR BA.2.3.7 OR BA.2.3.8 OR BA.2.3.9 OR BA.2.3.10 OR BA.2.3.11 OR BA.2.3.12 OR BA.2.3.13 OR BA.2.3.14 OR BA.2.3.15 OR BA.2.3.16 OR BA.2.3.17 OR BA.2.3.18 OR BA.2.4 OR BA.2.5 OR BA.2.6 OR BA.2.7 OR BA.2.8 OR BA.2.9 OR BA.2.9.1 OR BA.2.9.2 OR BA.2.9.3 OR BA.2.9.4 OR BA.2.10 OR BA.2.10.1 OR BA.2.10.2 OR BA.2.10.3 OR BA.2.11 OR BA.2.12 OR BA.2.12.1 OR BA.2.12.2 OR BA.2.13 OR BA.2.14 OR BA.2.15 OR BA.2.16 OR BA.2.17 OR BA.2.18 OR BA.2.19 OR BA.2.20 OR BA.2.21 OR BA.2.22 OR BA.2.23 OR BA.2.23.1 OR BA.2.24 OR BA.2.25 OR BA.2.25.1 OR BA.2.26 OR BA.2.27 OR BA.2.28 OR BA.2.29 OR BA.2.30 OR BA.2.31 OR BA.2.32 OR BA.2.33 OR BA.2.34 OR BA.2.35 OR BA.2.36 OR BA.2.37 OR BA.2.38 OR BA.2.39 OR BA.2.40 OR BA.2.40.1 OR BA.2.41 OR BA.2.42 OR BA.2.43 OR BA.2.44 OR BA.2.45 OR BA.2.46 OR BA.2.47 OR BA.2.48 OR BA.2.49 OR BA.2.50 OR BA.2.51 OR BA.2.52 OR BA.2.53 OR BA.2.54 OR BA.2.55 OR BA.2.56 OR BA.2.56.1 OR BA.2.57 OR BA.2.58 OR BA.2.59 OR BA.2.60 OR BA.2.61 OR BA.2.62 OR BA.2.63 OR BA.2.64 OR BA.2.65 OR BA.2.66 OR BA.2.67 OR BA.2.68 OR BA.2.69 OR BA.2.70 OR BA.2.71 OR BA.2.72 OR BA.2.73 OR BA.2.74 OR BA.2.75 OR BA.3 OR BA.3.1 OR BA.4 OR BA.4.1 OR BA.4.1.1 OR BA.4.1.2 OR BA.5 OR BA.5.1 OR BA.5.1.1 OR BA.5.2 OR BA.5.2.1 OR BA.5.2.2 OR BA.5.2.3 OR BA.5.3 OR BA.5.3.1 OR BA.5.3.2 OR BA.5.3.3 OR BA.5.3.4 OR BA.5.4 OR BA.5.5 OR BA.5.6 OR BC.1 OR BC.2 OR BD.1 OR BE.1 OR BE.1.1 OR BE.2 OR BF.1 OR BF.1.1,Omicron,21.0714285714286,20.2142857142857,0.959322033898305
2022-04-25,14,14,11.7142857142857,11.4285714285714,0.975609756097561,0.671504273599412,0.990855673765851,B.1.1.529 OR BA.1 OR BA.1.1 OR BA.1.1.1 OR BA.1.1.2 OR BA.1.1.3 OR BA.1.1.4 OR BA.1.1.5 OR BA.1.1.6 OR BA.1.1.7 OR BA.1.1.8 OR BA.1.1.9 OR BA.1.1.10 OR BA.1.1.11 OR BA.1.1.12 OR BA.1.1.13 OR BA.1.1.14 OR BA.1.1.15 OR BA.1.1.16 OR BA.1.1.17 OR BA.1.1.18 OR BA.1.2 OR BA.1.3 OR BA.1.4 OR BA.1.5 OR BA.1.6 OR BA.1.7 OR BA.1.8 OR BA.1.9 OR BA.1.10 OR BA.1.11 OR BA.1.12 OR BA.1.13 OR BA.1.13.1 OR BA.1.14 OR BA.1.14.1 OR BA.1.14.2 OR BA.1.15 OR BA.1.15.1 OR BA.1.15.2 OR BA.1.15.3 OR BA.1.16 OR BA.1.16.1 OR BA.1.16.2 OR BA.1.17 OR BA.1.17.1 OR BA.1.17.2 OR BA.1.18 OR BA.1.19 OR BA.1.20 OR BA.1.21 OR BA.1.21.1 OR BA.1.22 OR BA.1.23 OR BA.1.24 OR BA.2 OR BA.2.1 OR BA.2.2 OR BA.2.2.1 OR BA.2.3 OR BA.2.3.1 OR BA.2.3.2 OR BA.2.3.3 OR BA.2.3.4 OR BA.2.3.5 OR BA.2.3.6 OR BA.2.3.7 OR BA.2.3.8 OR BA.2.3.9 OR BA.2.3.10 OR BA.2.3.11 OR BA.2.3.12 OR BA.2.3.13 OR BA.2.3.14 OR BA.2.3.15 OR BA.2.3.16 OR BA.2.3.17 OR BA.2.3.18 OR BA.2.4 OR BA.2.5 OR BA.2.6 OR BA.2.7 OR BA.2.8 OR BA.2.9 OR BA.2.9.1 OR BA.2.9.2 OR BA.2.9.3 OR BA.2.9.4 OR BA.2.10 OR BA.2.10.1 OR BA.2.10.2 OR BA.2.10.3 OR BA.2.11 OR BA.2.12 OR BA.2.12.1 OR BA.2.12.2 OR BA.2.13 OR BA.2.14 OR BA.2.15 OR BA.2.16 OR BA.2.17 OR BA.2.18 OR BA.2.19 OR BA.2.20 OR BA.2.21 OR BA.2.22 OR BA.2.23 OR BA.2.23.1 OR BA.2.24 OR BA.2.25 OR BA.2.25.1 OR BA.2.26 OR BA.2.27 OR BA.2.28 OR BA.2.29 OR BA.2.30 OR BA.2.31 OR BA.2.32 OR BA.2.33 OR BA.2.34 OR BA.2.35 OR BA.2.36 OR BA.2.37 OR BA.2.38 OR BA.2.39 OR BA.2.40 OR BA.2.40.1 OR BA.2.41 OR BA.2.42 OR BA.2.43 OR BA.2.44 OR BA.2.45 OR BA.2.46 OR BA.2.47 OR BA.2.48 OR BA.2.49 OR BA.2.50 OR BA.2.51 OR BA.2.52 OR BA.2.53 OR BA.2.54 OR BA.2.55 OR BA.2.56 OR BA.2.56.1 OR BA.2.57 OR BA.2.58 OR BA.2.59 OR BA.2.60 OR BA.2.61 OR BA.2.62 OR BA.2.63 OR BA.2.64 OR BA.2.65 OR BA.2.66 OR BA.2.67 OR BA.2.68 OR BA.2.69 OR BA.2.70 OR BA.2.71 OR BA.2.72 OR BA.2.73 OR BA.2.74 OR BA.2.75 OR BA.3 OR BA.3.1 OR BA.4 OR BA.4.1 OR BA.4.1.1 OR BA.4.1.2 OR BA.5 OR BA.5.1 OR BA.5.1.1 OR BA.5.2 OR BA.5.2.1 OR BA.5.2.2 OR BA.5.2.3 OR BA.5.3 OR BA.5.3.1 OR BA.5.3.2 OR BA.5.3.3 OR BA.5.3.4 OR BA.5.4 OR BA.5.5 OR BA.5.6 OR BC.1 OR BC.2 OR BD.1 OR BE.1 OR BE.1.1 OR BE.2 OR BF.1 OR BF.1.1,Omicron,15.0714285714286,14.5714285714286,0.966824644549763
2022-04-26,43,42,14.2857142857143,13.8571428571429,0.97,0.838446695485806,0.999965547328198,B.1.1.529 OR BA.1 OR BA.1.1 OR BA.1.1.1 OR BA.1.1.2 OR BA.1.1.3 OR BA.1.1.4 OR BA.1.1.5 OR BA.1.1.6 OR BA.1.1.7 OR BA.1.1.8 OR BA.1.1.9 OR BA.1.1.10 OR BA.1.1.11 OR BA.1.1.12 OR BA.1.1.13 OR BA.1.1.14 OR BA.1.1.15 OR BA.1.1.16 OR BA.1.1.17 OR BA.1.1.18 OR BA.1.2 OR BA.1.3 OR BA.1.4 OR BA.1.5 OR BA.1.6 OR BA.1.7 OR BA.1.8 OR BA.1.9 OR BA.1.10 OR BA.1.11 OR BA.1.12 OR BA.1.13 OR BA.1.13.1 OR BA.1.14 OR BA.1.14.1 OR BA.1.14.2 OR BA.1.15 OR BA.1.15.1 OR BA.1.15.2 OR BA.1.15.3 OR BA.1.16 OR BA.1.16.1 OR BA.1.16.2 OR BA.1.17 OR BA.1.17.1 OR BA.1.17.2 OR BA.1.18 OR BA.1.19 OR BA.1.20 OR BA.1.21 OR BA.1.21.1 OR BA.1.22 OR BA.1.23 OR BA.1.24 OR BA.2 OR BA.2.1 OR BA.2.2 OR BA.2.2.1 OR BA.2.3 OR BA.2.3.1 OR BA.2.3.2 OR BA.2.3.3 OR BA.2.3.4 OR BA.2.3.5 OR BA.2.3.6 OR BA.2.3.7 OR BA.2.3.8 OR BA.2.3.9 OR BA.2.3.10 OR BA.2.3.11 OR BA.2.3.12 OR BA.2.3.13 OR BA.2.3.14 OR BA.2.3.15 OR BA.2.3.16 OR BA.2.3.17 OR BA.2.3.18 OR BA.2.4 OR BA.2.5 OR BA.2.6 OR BA.2.7 OR BA.2.8 OR BA.2.9 OR BA.2.9.1 OR BA.2.9.2 OR BA.2.9.3 OR BA.2.9.4 OR BA.2.10 OR BA.2.10.1 OR BA.2.10.2 OR BA.2.10.3 OR BA.2.11 OR BA.2.12 OR BA.2.12.1 OR BA.2.12.2 OR BA.2.13 OR BA.2.14 OR BA.2.15 OR BA.2.16 OR BA.2.17 OR BA.2.18 OR BA.2.19 OR BA.2.20 OR BA.2.21 OR BA.2.22 OR BA.2.23 OR BA.2.23.1 OR BA.2.24 OR BA.2.25 OR BA.2.25.1 OR BA.2.26 OR BA.2.27 OR BA.2.28 OR BA.2.29 OR BA.2.30 OR BA.2.31 OR BA.2.32 OR BA.2.33 OR BA.2.34 OR BA.2.35 OR BA.2.36 OR BA.2.37 OR BA.2.38 OR BA.2.39 OR BA.2.40 OR BA.2.40.1 OR BA.2.41 OR BA.2.42 OR BA.2.43 OR BA.2.44 OR BA.2.45 OR BA.2.46 OR BA.2.47 OR BA.2.48 OR BA.2.49 OR BA.2.50 OR BA.2.51 OR BA.2.52 OR BA.2.53 OR BA.2.54 OR BA.2.55 OR BA.2.56 OR BA.2.56.1 OR BA.2.57 OR BA.2.58 OR BA.2.59 OR BA.2.60 OR BA.2.61 OR BA.2.62 OR BA.2.63 OR BA.2.64 OR BA.2.65 OR BA.2.66 OR BA.2.67 OR BA.2.68 OR BA.2.69 OR BA.2.70 OR BA.2.71 OR BA.2.72 OR BA.2.73 OR BA.2.74 OR BA.2.75 OR BA.3 OR BA.3.1 OR BA.4 OR BA.4.1 OR BA.4.1.1 OR BA.4.1.2 OR BA.5 OR BA.5.1 OR BA.5.1.1 OR BA.5.2 OR BA.5.2.1 OR BA.5.2.2 OR BA.5.2.3 OR BA.5.3 OR BA.5.3.1 OR BA.5.3.2 OR BA.5.3.3 OR BA.5.3.4 OR BA.5.4 OR BA.5.5 OR BA.5.6 OR BC.1 OR BC.2 OR BD.1 OR BE.1 OR BE.1.1 OR BE.2 OR BF.1 OR BF.1.1,Omicron,13.8571428571429,13.3571428571429,0.963917525773196
2022-04-27,28,27,17,16.5714285714286,0.974789915966387,0.864521562108312,0.999971537622277,B.1.1.529 OR BA.1 OR BA.1.1 OR BA.1.1.1 OR BA.1.1.2 OR BA.1.1.3 OR BA.1.1.4 OR BA.1.1.5 OR BA.1.1.6 OR BA.1.1.7 OR BA.1.1.8 OR BA.1.1.9 OR BA.1.1.10 OR BA.1.1.11 OR BA.1.1.12 OR BA.1.1.13 OR BA.1.1.14 OR BA.1.1.15 OR BA.1.1.16 OR BA.1.1.17 OR BA.1.1.18 OR BA.1.2 OR BA.1.3 OR BA.1.4 OR BA.1.5 OR BA.1.6 OR BA.1.7 OR BA.1.8 OR BA.1.9 OR BA.1.10 OR BA.1.11 OR BA.1.12 OR BA.1.13 OR BA.1.13.1 OR BA.1.14 OR BA.1.14.1 OR BA.1.14.2 OR BA.1.15 OR BA.1.15.1 OR BA.1.15.2 OR BA.1.15.3 OR BA.1.16 OR BA.1.16.1 OR BA.1.16.2 OR BA.1.17 OR BA.1.17.1 OR BA.1.17.2 OR BA.1.18 OR BA.1.19 OR BA.1.20 OR BA.1.21 OR BA.1.21.1 OR BA.1.22 OR BA.1.23 OR BA.1.24 OR BA.2 OR BA.2.1 OR BA.2.2 OR BA.2.2.1 OR BA.2.3 OR BA.2.3.1 OR BA.2.3.2 OR BA.2.3.3 OR BA.2.3.4 OR BA.2.3.5 OR BA.2.3.6 OR BA.2.3.7 OR BA.2.3.8 OR BA.2.3.9 OR BA.2.3.10 OR BA.2.3.11 OR BA.2.3.12 OR BA.2.3.13 OR BA.2.3.14 OR BA.2.3.15 OR BA.2.3.16 OR BA.2.3.17 OR BA.2.3.18 OR BA.2.4 OR BA.2.5 OR BA.2.6 OR BA.2.7 OR BA.2.8 OR BA.2.9 OR BA.2.9.1 OR BA.2.9.2 OR BA.2.9.3 OR BA.2.9.4 OR BA.2.10 OR BA.2.10.1 OR BA.2.10.2 OR BA.2.10.3 OR BA.2.11 OR BA.2.12 OR BA.2.12.1 OR BA.2.12.2 OR BA.2.13 OR BA.2.14 OR BA.2.15 OR BA.2.16 OR BA.2.17 OR BA.2.18 OR BA.2.19 OR BA.2.20 OR BA.2.21 OR BA.2.22 OR BA.2.23 OR BA.2.23.1 OR BA.2.24 OR BA.2.25 OR BA.2.25.1 OR BA.2.26 OR BA.2.27 OR BA.2.28 OR BA.2.29 OR BA.2.30 OR BA.2.31 OR BA.2.32 OR BA.2.33 OR BA.2.34 OR BA.2.35 OR BA.2.36 OR BA.2.37 OR BA.2.38 OR BA.2.39 OR BA.2.40 OR BA.2.40.1 OR BA.2.41 OR BA.2.42 OR BA.2.43 OR BA.2.44 OR BA.2.45 OR BA.2.46 OR BA.2.47 OR BA.2.48 OR BA.2.49 OR BA.2.50 OR BA.2.51 OR BA.2.52 OR BA.2.53 OR BA.2.54 OR BA.2.55 OR BA.2.56 OR BA.2.56.1 OR BA.2.57 OR BA.2.58 OR BA.2.59 OR BA.2.60 OR BA.2.61 OR BA.2.62 OR BA.2.63 OR BA.2.64 OR BA.2.65 OR BA.2.66 OR BA.2.67 OR BA.2.68 OR BA.2.69 OR BA.2.70 OR BA.2.71 OR BA.2.72 OR BA.2.73 OR BA.2.74 OR BA.2.75 OR BA.3 OR BA.3.1 OR BA.4 OR BA.4.1 OR BA.4.1.1 OR BA.4.1.2 OR BA.5 OR BA.5.1 OR BA.5.1.1 OR BA.5.2 OR BA.5.2.1 OR BA.5.2.2 OR BA.5.2.3 OR BA.5.3 OR BA.5.3.1 OR BA.5.3.2 OR BA.5.3.3 OR BA.5.3.4 OR BA.5.4 OR BA.5.5 OR BA.5.6 OR BC.1 OR BC.2 OR BD.1 OR BE.1 OR BE.1.1 OR BE.2 OR BF.1 OR BF.1.1,Omicron,14.7857142857143,14.3571428571429,0.971014492753623
2022-04-28,12,12,17.5714285714286,17.2857142857143,0.983739837398374,0.768388191510474,0.993938655834673,B.1.1.529 OR BA.1 OR BA.1.1 OR BA.1.1.1 OR BA.1.1.2 OR BA.1.1.3 OR BA.1.1.4 OR BA.1.1.5 OR BA.1.1.6 OR BA.1.1.7 OR BA.1.1.8 OR BA.1.1.9 OR BA.1.1.10 OR BA.1.1.11 OR BA.1.1.12 OR BA.1.1.13 OR BA.1.1.14 OR BA.1.1.15 OR BA.1.1.16 OR BA.1.1.17 OR BA.1.1.18 OR BA.1.2 OR BA.1.3 OR BA.1.4 OR BA.1.5 OR BA.1.6 OR BA.1.7 OR BA.1.8 OR BA.1.9 OR BA.1.10 OR BA.1.11 OR BA.1.12 OR BA.1.13 OR BA.1.13.1 OR BA.1.14 OR BA.1.14.1 OR BA.1.14.2 OR BA.1.15 OR BA.1.15.1 OR BA.1.15.2 OR BA.1.15.3 OR BA.1.16 OR BA.1.16.1 OR BA.1.16.2 OR BA.1.17 OR BA.1.17.1 OR BA.1.17.2 OR BA.1.18 OR BA.1.19 OR BA.1.20 OR BA.1.21 OR BA.1.21.1 OR BA.1.22 OR BA.1.23 OR BA.1.24 OR BA.2 OR BA.2.1 OR BA.2.2 OR BA.2.2.1 OR BA.2.3 OR BA.2.3.1 OR BA.2.3.2 OR BA.2.3.3 OR BA.2.3.4 OR BA.2.3.5 OR BA.2.3.6 OR BA.2.3.7 OR BA.2.3.8 OR BA.2.3.9 OR BA.2.3.10 OR BA.2.3.11 OR BA.2.3.12 OR BA.2.3.13 OR BA.2.3.14 OR BA.2.3.15 OR BA.2.3.16 OR BA.2.3.17 OR BA.2.3.18 OR BA.2.4 OR BA.2.5 OR BA.2.6 OR BA.2.7 OR BA.2.8 OR BA.2.9 OR BA.2.9.1 OR BA.2.9.2 OR BA.2.9.3 OR BA.2.9.4 OR BA.2.10 OR BA.2.10.1 OR BA.2.10.2 OR BA.2.10.3 OR BA.2.11 OR BA.2.12 OR BA.2.12.1 OR BA.2.12.2 OR BA.2.13 OR BA.2.14 OR BA.2.15 OR BA.2.16 OR BA.2.17 OR BA.2.18 OR BA.2.19 OR BA.2.20 OR BA.2.21 OR BA.2.22 OR BA.2.23 OR BA.2.23.1 OR BA.2.24 OR BA.2.25 OR BA.2.25.1 OR BA.2.26 OR BA.2.27 OR BA.2.28 OR BA.2.29 OR BA.2.30 OR BA.2.31 OR BA.2.32 OR BA.2.33 OR BA.2.34 OR BA.2.35 OR BA.2.36 OR BA.2.37 OR BA.2.38 OR BA.2.39 OR BA.2.40 OR BA.2.40.1 OR BA.2.41 OR BA.2.42 OR BA.2.43 OR BA.2.44 OR BA.2.45 OR BA.2.46 OR BA.2.47 OR BA.2.48 OR BA.2.49 OR BA.2.50 OR BA.2.51 OR BA.2.52 OR BA.2.53 OR BA.2.54 OR BA.2.55 OR BA.2.56 OR BA.2.56.1 OR BA.2.57 OR BA.2.58 OR BA.2.59 OR BA.2.60 OR BA.2.61 OR BA.2.62 OR BA.2.63 OR BA.2.64 OR BA.2.65 OR BA.2.66 OR BA.2.67 OR BA.2.68 OR BA.2.69 OR BA.2.70 OR BA.2.71 OR BA.2.72 OR BA.2.73 OR BA.2.74 OR BA.2.75 OR BA.3 OR BA.3.1 OR BA.4 OR BA.4.1 OR BA.4.1.1 OR BA.4.1.2 OR BA.5 OR BA.5.1 OR BA.5.1.1 OR BA.5.2 OR BA.5.2.1 OR BA.5.2.2 OR BA.5.2.3 OR BA.5.3 OR BA.5.3.1 OR BA.5.3.2 OR BA.5.3.3 OR BA.5.3.4 OR BA.5.4 OR BA.5.5 OR BA.5.6 OR BC.1 OR BC.2 OR BD.1 OR BE.1 OR BE.1.1 OR BE.2 OR BF.1 OR BF.1.1,Omicron,14.9285714285714,14.5,0.971291866028708
2022-04-29,25,25,19.7142857142857,19.4285714285714,0.985507246376811,0.789181363750735,0.994550967418573,B.1.1.529 OR BA.1 OR BA.1.1 OR BA.1.1.1 OR BA.1.1.2 OR BA.1.1.3 OR BA.1.1.4 OR BA.1.1.5 OR BA.1.1.6 OR BA.1.1.7 OR BA.1.1.8 OR BA.1.1.9 OR BA.1.1.10 OR BA.1.1.11 OR BA.1.1.12 OR BA.1.1.13 OR BA.1.1.14 OR BA.1.1.15 OR BA.1.1.16 OR BA.1.1.17 OR BA.1.1.18 OR BA.1.2 OR BA.1.3 OR BA.1.4 OR BA.1.5 OR BA.1.6 OR BA.1.7 OR BA.1.8 OR BA.1.9 OR BA.1.10 OR BA.1.11 OR BA.1.12 OR BA.1.13 OR BA.1.13.1 OR BA.1.14 OR BA.1.14.1 OR BA.1.14.2 OR BA.1.15 OR BA.1.15.1 OR BA.1.15.2 OR BA.1.15.3 OR BA.1.16 OR BA.1.16.1 OR BA.1.16.2 OR BA.1.17 OR BA.1.17.1 OR BA.1.17.2 OR BA.1.18 OR BA.1.19 OR BA.1.20 OR BA.1.21 OR BA.1.21.1 OR BA.1.22 OR BA.1.23 OR BA.1.24 OR BA.2 OR BA.2.1 OR BA.2.2 OR BA.2.2.1 OR BA.2.3 OR BA.2.3.1 OR BA.2.3.2 OR BA.2.3.3 OR BA.2.3.4 OR BA.2.3.5 OR BA.2.3.6 OR BA.2.3.7 OR BA.2.3.8 OR BA.2.3.9 OR BA.2.3.10 OR BA.2.3.11 OR BA.2.3.12 OR BA.2.3.13 OR BA.2.3.14 OR BA.2.3.15 OR BA.2.3.16 OR BA.2.3.17 OR BA.2.3.18 OR BA.2.4 OR BA.2.5 OR BA.2.6 OR BA.2.7 OR BA.2.8 OR BA.2.9 OR BA.2.9.1 OR BA.2.9.2 OR BA.2.9.3 OR BA.2.9.4 OR BA.2.10 OR BA.2.10.1 OR BA.2.10.2 OR BA.2.10.3 OR BA.2.11 OR BA.2.12 OR BA.2.12.1 OR BA.2.12.2 OR BA.2.13 OR BA.2.14 OR BA.2.15 OR BA.2.16 OR BA.2.17 OR BA.2.18 OR BA.2.19 OR BA.2.20 OR BA.2.21 OR BA.2.22 OR BA.2.23 OR BA.2.23.1 OR BA.2.24 OR BA.2.25 OR BA.2.25.1 OR BA.2.26 OR BA.2.27 OR BA.2.28 OR BA.2.29 OR BA.2.30 OR BA.2.31 OR BA.2.32 OR BA.2.33 OR BA.2.34 OR BA.2.35 OR BA.2.36 OR BA.2.37 OR BA.2.38 OR BA.2.39 OR BA.2.40 OR BA.2.40.1 OR BA.2.41 OR BA.2.42 OR BA.2.43 OR BA.2.44 OR BA.2.45 OR BA.2.46 OR BA.2.47 OR BA.2.48 OR BA.2.49 OR BA.2.50 OR BA.2.51 OR BA.2.52 OR BA.2.53 OR BA.2.54 OR BA.2.55 OR BA.2.56 OR BA.2.56.1 OR BA.2.57 OR BA.2.58 OR BA.2.59 OR BA.2.60 OR BA.2.61 OR BA.2.62 OR BA.2.63 OR BA.2.64 OR BA.2.65 OR BA.2.66 OR BA.2.67 OR BA.2.68 OR BA.2.69 OR BA.2.70 OR BA.2.71 OR BA.2.72 OR BA.2.73 OR BA.2.74 OR BA.2.75 OR BA.3 OR BA.3.1 OR BA.4 OR BA.4.1 OR BA.4.1.1 OR BA.4.1.2 OR BA.5 OR BA.5.1 OR BA.5.1.1 OR BA.5.2 OR BA.5.2.1 OR BA.5.2.2 OR BA.5.2.3 OR BA.5.3 OR BA.5.3.1 OR BA.5.3.2 OR BA.5.3.3 OR BA.5.3.4 OR BA.5.4 OR BA.5.5 OR BA.5.6 OR BC.1 OR BC.2 OR BD.1 OR BE.1 OR BE.1.1 OR BE.2 OR BF.1 OR BF.1.1,Omicron,14.2857142857143,13.9285714285714,0.975
2022-04-30,8,7,19.2857142857143,18.8571428571429,0.977777777777778,0.877690595680086,0.999974494187374,B.1.1.529 OR BA.1 OR BA.1.1 OR BA.1.1.1 OR BA.1.1.2 OR BA.1.1.3 OR BA.1.1.4 OR BA.1.1.5 OR BA.1.1.6 OR BA.1.1.7 OR BA.1.1.8 OR BA.1.1.9 OR BA.1.1.10 OR BA.1.1.11 OR BA.1.1.12 OR BA.1.1.13 OR BA.1.1.14 OR BA.1.1.15 OR BA.1.1.16 OR BA.1.1.17 OR BA.1.1.18 OR BA.1.2 OR BA.1.3 OR BA.1.4 OR BA.1.5 OR BA.1.6 OR BA.1.7 OR BA.1.8 OR BA.1.9 OR BA.1.10 OR BA.1.11 OR BA.1.12 OR BA.1.13 OR BA.1.13.1 OR BA.1.14 OR BA.1.14.1 OR BA.1.14.2 OR BA.1.15 OR BA.1.15.1 OR BA.1.15.2 OR BA.1.15.3 OR BA.1.16 OR BA.1.16.1 OR BA.1.16.2 OR BA.1.17 OR BA.1.17.1 OR BA.1.17.2 OR BA.1.18 OR BA.1.19 OR BA.1.20 OR BA.1.21 OR BA.1.21.1 OR BA.1.22 OR BA.1.23 OR BA.1.24 OR BA.2 OR BA.2.1 OR BA.2.2 OR BA.2.2.1 OR BA.2.3 OR BA.2.3.1 OR BA.2.3.2 OR BA.2.3.3 OR BA.2.3.4 OR BA.2.3.5 OR BA.2.3.6 OR BA.2.3.7 OR BA.2.3.8 OR BA.2.3.9 OR BA.2.3.10 OR BA.2.3.11 OR BA.2.3.12 OR BA.2.3.13 OR BA.2.3.14 OR BA.2.3.15 OR BA.2.3.16 OR BA.2.3.17 OR BA.2.3.18 OR BA.2.4 OR BA.2.5 OR BA.2.6 OR BA.2.7 OR BA.2.8 OR BA.2.9 OR BA.2.9.1 OR BA.2.9.2 OR BA.2.9.3 OR BA.2.9.4 OR BA.2.10 OR BA.2.10.1 OR BA.2.10.2 OR BA.2.10.3 OR BA.2.11 OR BA.2.12 OR BA.2.12.1 OR BA.2.12.2 OR BA.2.13 OR BA.2.14 OR BA.2.15 OR BA.2.16 OR BA.2.17 OR BA.2.18 OR BA.2.19 OR BA.2.20 OR BA.2.21 OR BA.2.22 OR BA.2.23 OR BA.2.23.1 OR BA.2.24 OR BA.2.25 OR BA.2.25.1 OR BA.2.26 OR BA.2.27 OR BA.2.28 OR BA.2.29 OR BA.2.30 OR BA.2.31 OR BA.2.32 OR BA.2.33 OR BA.2.34 OR BA.2.35 OR BA.2.36 OR BA.2.37 OR BA.2.38 OR BA.2.39 OR BA.2.40 OR BA.2.40.1 OR BA.2.41 OR BA.2.42 OR BA.2.43 OR BA.2.44 OR BA.2.45 OR BA.2.46 OR BA.2.47 OR BA.2.48 OR BA.2.49 OR BA.2.50 OR BA.2.51 OR BA.2.52 OR BA.2.53 OR BA.2.54 OR BA.2.55 OR BA.2.56 OR BA.2.56.1 OR BA.2.57 OR BA.2.58 OR BA.2.59 OR BA.2.60 OR BA.2.61 OR BA.2.62 OR BA.2.63 OR BA.2.64 OR BA.2.65 OR BA.2.66 OR BA.2.67 OR BA.2.68 OR BA.2.69 OR BA.2.70 OR BA.2.71 OR BA.2.72 OR BA.2.73 OR BA.2.74 OR BA.2.75 OR BA.3 OR BA.3.1 OR BA.4 OR BA.4.1 OR BA.4.1.1 OR BA.4.1.2 OR BA.5 OR BA.5.1 OR BA.5.1.1 OR BA.5.2 OR BA.5.2.1 OR BA.5.2.2 OR BA.5.2.3 OR BA.5.3 OR BA.5.3.1 OR BA.5.3.2 OR BA.5.3.3 OR BA.5.3.4 OR BA.5.4 OR BA.5.5 OR BA.5.6 OR BC.1 OR BC.2 OR BD.1 OR BE.1 OR BE.1.1 OR BE.2 OR BF.1 OR BF.1.1,Omicron,14.5714285714286,14.1428571428571,0.970588235294118
2022-05-01,2,2,18.8571428571429,18.4285714285714,0.977272727272727,0.779270751933042,0.99426110051519,B.1.1.529 OR BA.1 OR BA.1.1 OR BA.1.1.1 OR BA.1.1.2 OR BA.1.1.3 OR BA.1.1.4 OR BA.1.1.5 OR BA.1.1.6 OR BA.1.1.7 OR BA.1.1.8 OR BA.1.1.9 OR BA.1.1.10 OR BA.1.1.11 OR BA.1.1.12 OR BA.1.1.13 OR BA.1.1.14 OR BA.1.1.15 OR BA.1.1.16 OR BA.1.1.17 OR BA.1.1.18 OR BA.1.2 OR BA.1.3 OR BA.1.4 OR BA.1.5 OR BA.1.6 OR BA.1.7 OR BA.1.8 OR BA.1.9 OR BA.1.10 OR BA.1.11 OR BA.1.12 OR BA.1.13 OR BA.1.13.1 OR BA.1.14 OR BA.1.14.1 OR BA.1.14.2 OR BA.1.15 OR BA.1.15.1 OR BA.1.15.2 OR BA.1.15.3 OR BA.1.16 OR BA.1.16.1 OR BA.1.16.2 OR BA.1.17 OR BA.1.17.1 OR BA.1.17.2 OR BA.1.18 OR BA.1.19 OR BA.1.20 OR BA.1.21 OR BA.1.21.1 OR BA.1.22 OR BA.1.23 OR BA.1.24 OR BA.2 OR BA.2.1 OR BA.2.2 OR BA.2.2.1 OR BA.2.3 OR BA.2.3.1 OR BA.2.3.2 OR BA.2.3.3 OR BA.2.3.4 OR BA.2.3.5 OR BA.2.3.6 OR BA.2.3.7 OR BA.2.3.8 OR BA.2.3.9 OR BA.2.3.10 OR BA.2.3.11 OR BA.2.3.12 OR BA.2.3.13 OR BA.2.3.14 OR BA.2.3.15 OR BA.2.3.16 OR BA.2.3.17 OR BA.2.3.18 OR BA.2.4 OR BA.2.5 OR BA.2.6 OR BA.2.7 OR BA.2.8 OR BA.2.9 OR BA.2.9.1 OR BA.2.9.2 OR BA.2.9.3 OR BA.2.9.4 OR BA.2.10 OR BA.2.10.1 OR BA.2.10.2 OR BA.2.10.3 OR BA.2.11 OR BA.2.12 OR BA.2.12.1 OR BA.2.12.2 OR BA.2.13 OR BA.2.14 OR BA.2.15 OR BA.2.16 OR BA.2.17 OR BA.2.18 OR BA.2.19 OR BA.2.20 OR BA.2.21 OR BA.2.22 OR BA.2.23 OR BA.2.23.1 OR BA.2.24 OR BA.2.25 OR BA.2.25.1 OR BA.2.26 OR BA.2.27 OR BA.2.28 OR BA.2.29 OR BA.2.30 OR BA.2.31 OR BA.2.32 OR BA.2.33 OR BA.2.34 OR BA.2.35 OR BA.2.36 OR BA.2.37 OR BA.2.38 OR BA.2.39 OR BA.2.40 OR BA.2.40.1 OR BA.2.41 OR BA.2.42 OR BA.2.43 OR BA.2.44 OR BA.2.45 OR BA.2.46 OR BA.2.47 OR BA.2.48 OR BA.2.49 OR BA.2.50 OR BA.2.51 OR BA.2.52 OR BA.2.53 OR BA.2.54 OR BA.2.55 OR BA.2.56 OR BA.2.56.1 OR BA.2.57 OR BA.2.58 OR BA.2.59 OR BA.2.60 OR BA.2.61 OR BA.2.62 OR BA.2.63 OR BA.2.64 OR BA.2.65 OR BA.2.66 OR BA.2.67 OR BA.2.68 OR BA.2.69 OR BA.2.70 OR BA.2.71 OR BA.2.72 OR BA.2.73 OR BA.2.74 OR BA.2.75 OR BA.3 OR BA.3.1 OR BA.4 OR BA.4.1 OR BA.4.1.1 OR BA.4.1.2 OR BA.5 OR BA.5.1 OR BA.5.1.1 OR BA.5.2 OR BA.5.2.1 OR BA.5.2.2 OR BA.5.2.3 OR BA.5.3 OR BA.5.3.1 OR BA.5.3.2 OR BA.5.3.3 OR BA.5.3.4 OR BA.5.4 OR BA.5.5 OR BA.5.6 OR BC.1 OR BC.2 OR BD.1 OR BE.1 OR BE.1.1 OR BE.2 OR BF.1 OR BF.1.1,Omicron,14.5,14.1428571428571,0.975369458128079
2022-05-02,6,6,17.7142857142857,17.2857142857143,0.975806451612903,0.768388191510474,0.993938655834673,B.1.1.529 OR BA.1 OR BA.1.1 OR BA.1.1.1 OR BA.1.1.2 OR BA.1.1.3 OR BA.1.1.4 OR BA.1.1.5 OR BA.1.1.6 OR BA.1.1.7 OR BA.1.1.8 OR BA.1.1.9 OR BA.1.1.10 OR BA.1.1.11 OR BA.1.1.12 OR BA.1.1.13 OR BA.1.1.14 OR BA.1.1.15 OR BA.1.1.16 OR BA.1.1.17 OR BA.1.1.18 OR BA.1.2 OR BA.1.3 OR BA.1.4 OR BA.1.5 OR BA.1.6 OR BA.1.7 OR BA.1.8 OR BA.1.9 OR BA.1.10 OR BA.1.11 OR BA.1.12 OR BA.1.13 OR BA.1.13.1 OR BA.1.14 OR BA.1.14.1 OR BA.1.14.2 OR BA.1.15 OR BA.1.15.1 OR BA.1.15.2 OR BA.1.15.3 OR BA.1.16 OR BA.1.16.1 OR BA.1.16.2 OR BA.1.17 OR BA.1.17.1 OR BA.1.17.2 OR BA.1.18 OR BA.1.19 OR BA.1.20 OR BA.1.21 OR BA.1.21.1 OR BA.1.22 OR BA.1.23 OR BA.1.24 OR BA.2 OR BA.2.1 OR BA.2.2 OR BA.2.2.1 OR BA.2.3 OR BA.2.3.1 OR BA.2.3.2 OR BA.2.3.3 OR BA.2.3.4 OR BA.2.3.5 OR BA.2.3.6 OR BA.2.3.7 OR BA.2.3.8 OR BA.2.3.9 OR BA.2.3.10 OR BA.2.3.11 OR BA.2.3.12 OR BA.2.3.13 OR BA.2.3.14 OR BA.2.3.15 OR BA.2.3.16 OR BA.2.3.17 OR BA.2.3.18 OR BA.2.4 OR BA.2.5 OR BA.2.6 OR BA.2.7 OR BA.2.8 OR BA.2.9 OR BA.2.9.1 OR BA.2.9.2 OR BA.2.9.3 OR BA.2.9.4 OR BA.2.10 OR BA.2.10.1 OR BA.2.10.2 OR BA.2.10.3 OR BA.2.11 OR BA.2.12 OR BA.2.12.1 OR BA.2.12.2 OR BA.2.13 OR BA.2.14 OR BA.2.15 OR BA.2.16 OR BA.2.17 OR BA.2.18 OR BA.2.19 OR BA.2.20 OR BA.2.21 OR BA.2.22 OR BA.2.23 OR BA.2.23.1 OR BA.2.24 OR BA.2.25 OR BA.2.25.1 OR BA.2.26 OR BA.2.27 OR BA.2.28 OR BA.2.29 OR BA.2.30 OR BA.2.31 OR BA.2.32 OR BA.2.33 OR BA.2.34 OR BA.2.35 OR BA.2.36 OR BA.2.37 OR BA.2.38 OR BA.2.39 OR BA.2.40 OR BA.2.40.1 OR BA.2.41 OR BA.2.42 OR BA.2.43 OR BA.2.44 OR BA.2.45 OR BA.2.46 OR BA.2.47 OR BA.2.48 OR BA.2.49 OR BA.2.50 OR BA.2.51 OR BA.2.52 OR BA.2.53 OR BA.2.54 OR BA.2.55 OR BA.2.56 OR BA.2.56.1 OR BA.2.57 OR BA.2.58 OR BA.2.59 OR BA.2.60 OR BA.2.61 OR BA.2.62 OR BA.2.63 OR BA.2.64 OR BA.2.65 OR BA.2.66 OR BA.2.67 OR BA.2.68 OR BA.2.69 OR BA.2.70 OR BA.2.71 OR BA.2.72 OR BA.2.73 OR BA.2.74 OR BA.2.75 OR BA.3 OR BA.3.1 OR BA.4 OR BA.4.1 OR BA.4.1.1 OR BA.4.1.2 OR BA.5 OR BA.5.1 OR BA.5.1.1 OR BA.5.2 OR BA.5.2.1 OR BA.5.2.2 OR BA.5.2.3 OR BA.5.3 OR BA.5.3.1 OR BA.5.3.2 OR BA.5.3.3 OR BA.5.3.4 OR BA.5.4 OR BA.5.5 OR BA.5.6 OR BC.1 OR BC.2 OR BD.1 OR BE.1 OR BE.1.1 OR BE.2 OR BF.1 OR BF.1.1,Omicron,14.7142857142857,14.3571428571429,0.975728155339806
2022-05-03,5,5,12.2857142857143,12,0.976744186046512,0.814694061687515,0.999959924689924,B.1.1.529 OR BA.1 OR BA.1.1 OR BA.1.1.1 OR BA.1.1.2 OR BA.1.1.3 OR BA.1.1.4 OR BA.1.1.5 OR BA.1.1.6 OR BA.1.1.7 OR BA.1.1.8 OR BA.1.1.9 OR BA.1.1.10 OR BA.1.1.11 OR BA.1.1.12 OR BA.1.1.13 OR BA.1.1.14 OR BA.1.1.15 OR BA.1.1.16 OR BA.1.1.17 OR BA.1.1.18 OR BA.1.2 OR BA.1.3 OR BA.1.4 OR BA.1.5 OR BA.1.6 OR BA.1.7 OR BA.1.8 OR BA.1.9 OR BA.1.10 OR BA.1.11 OR BA.1.12 OR BA.1.13 OR BA.1.13.1 OR BA.1.14 OR BA.1.14.1 OR BA.1.14.2 OR BA.1.15 OR BA.1.15.1 OR BA.1.15.2 OR BA.1.15.3 OR BA.1.16 OR BA.1.16.1 OR BA.1.16.2 OR BA.1.17 OR BA.1.17.1 OR BA.1.17.2 OR BA.1.18 OR BA.1.19 OR BA.1.20 OR BA.1.21 OR BA.1.21.1 OR BA.1.22 OR BA.1.23 OR BA.1.24 OR BA.2 OR BA.2.1 OR BA.2.2 OR BA.2.2.1 OR BA.2.3 OR BA.2.3.1 OR BA.2.3.2 OR BA.2.3.3 OR BA.2.3.4 OR BA.2.3.5 OR BA.2.3.6 OR BA.2.3.7 OR BA.2.3.8 OR BA.2.3.9 OR BA.2.3.10 OR BA.2.3.11 OR BA.2.3.12 OR BA.2.3.13 OR BA.2.3.14 OR BA.2.3.15 OR BA.2.3.16 OR BA.2.3.17 OR BA.2.3.18 OR BA.2.4 OR BA.2.5 OR BA.2.6 OR BA.2.7 OR BA.2.8 OR BA.2.9 OR BA.2.9.1 OR BA.2.9.2 OR BA.2.9.3 OR BA.2.9.4 OR BA.2.10 OR BA.2.10.1 OR BA.2.10.2 OR BA.2.10.3 OR BA.2.11 OR BA.2.12 OR BA.2.12.1 OR BA.2.12.2 OR BA.2.13 OR BA.2.14 OR BA.2.15 OR BA.2.16 OR BA.2.17 OR BA.2.18 OR BA.2.19 OR BA.2.20 OR BA.2.21 OR BA.2.22 OR BA.2.23 OR BA.2.23.1 OR BA.2.24 OR BA.2.25 OR BA.2.25.1 OR BA.2.26 OR BA.2.27 OR BA.2.28 OR BA.2.29 OR BA.2.30 OR BA.2.31 OR BA.2.32 OR BA.2.33 OR BA.2.34 OR BA.2.35 OR BA.2.36 OR BA.2.37 OR BA.2.38 OR BA.2.39 OR BA.2.40 OR BA.2.40.1 OR BA.2.41 OR BA.2.42 OR BA.2.43 OR BA.2.44 OR BA.2.45 OR BA.2.46 OR BA.2.47 OR BA.2.48 OR BA.2.49 OR BA.2.50 OR BA.2.51 OR BA.2.52 OR BA.2.53 OR BA.2.54 OR BA.2.55 OR BA.2.56 OR BA.2.56.1 OR BA.2.57 OR BA.2.58 OR BA.2.59 OR BA.2.60 OR BA.2.61 OR BA.2.62 OR BA.2.63 OR BA.2.64 OR BA.2.65 OR BA.2.66 OR BA.2.67 OR BA.2.68 OR BA.2.69 OR BA.2.70 OR BA.2.71 OR BA.2.72 OR BA.2.73 OR BA.2.74 OR BA.2.75 OR BA.3 OR BA.3.1 OR BA.4 OR BA.4.1 OR BA.4.1.1 OR BA.4.1.2 OR BA.5 OR BA.5.1 OR BA.5.1.1 OR BA.5.2 OR BA.5.2.1 OR BA.5.2.2 OR BA.5.2.3 OR BA.5.3 OR BA.5.3.1 OR BA.5.3.2 OR BA.5.3.3 OR BA.5.3.4 OR BA.5.4 OR BA.5.5 OR BA.5.6 OR BC.1 OR BC.2 OR BD.1 OR BE.1 OR BE.1.1 OR BE.2 OR BF.1 OR BF.1.1,Omicron,13.2857142857143,12.9285714285714,0.973118279569892
2022-05-04,24,23,11.7142857142857,11.4285714285714,0.975609756097561,0.671504273599412,0.990855673765851,B.1.1.529 OR BA.1 OR BA.1.1 OR BA.1.1.1 OR BA.1.1.2 OR BA.1.1.3 OR BA.1.1.4 OR BA.1.1.5 OR BA.1.1.6 OR BA.1.1.7 OR BA.1.1.8 OR BA.1.1.9 OR BA.1.1.10 OR BA.1.1.11 OR BA.1.1.12 OR BA.1.1.13 OR BA.1.1.14 OR BA.1.1.15 OR BA.1.1.16 OR BA.1.1.17 OR BA.1.1.18 OR BA.1.2 OR BA.1.3 OR BA.1.4 OR BA.1.5 OR BA.1.6 OR BA.1.7 OR BA.1.8 OR BA.1.9 OR BA.1.10 OR BA.1.11 OR BA.1.12 OR BA.1.13 OR BA.1.13.1 OR BA.1.14 OR BA.1.14.1 OR BA.1.14.2 OR BA.1.15 OR BA.1.15.1 OR BA.1.15.2 OR BA.1.15.3 OR BA.1.16 OR BA.1.16.1 OR BA.1.16.2 OR BA.1.17 OR BA.1.17.1 OR BA.1.17.2 OR BA.1.18 OR BA.1.19 OR BA.1.20 OR BA.1.21 OR BA.1.21.1 OR BA.1.22 OR BA.1.23 OR BA.1.24 OR BA.2 OR BA.2.1 OR BA.2.2 OR BA.2.2.1 OR BA.2.3 OR BA.2.3.1 OR BA.2.3.2 OR BA.2.3.3 OR BA.2.3.4 OR BA.2.3.5 OR BA.2.3.6 OR BA.2.3.7 OR BA.2.3.8 OR BA.2.3.9 OR BA.2.3.10 OR BA.2.3.11 OR BA.2.3.12 OR BA.2.3.13 OR BA.2.3.14 OR BA.2.3.15 OR BA.2.3.16 OR BA.2.3.17 OR BA.2.3.18 OR BA.2.4 OR BA.2.5 OR BA.2.6 OR BA.2.7 OR BA.2.8 OR BA.2.9 OR BA.2.9.1 OR BA.2.9.2 OR BA.2.9.3 OR BA.2.9.4 OR BA.2.10 OR BA.2.10.1 OR BA.2.10.2 OR BA.2.10.3 OR BA.2.11 OR BA.2.12 OR BA.2.12.1 OR BA.2.12.2 OR BA.2.13 OR BA.2.14 OR BA.2.15 OR BA.2.16 OR BA.2.17 OR BA.2.18 OR BA.2.19 OR BA.2.20 OR BA.2.21 OR BA.2.22 OR BA.2.23 OR BA.2.23.1 OR BA.2.24 OR BA.2.25 OR BA.2.25.1 OR BA.2.26 OR BA.2.27 OR BA.2.28 OR BA.2.29 OR BA.2.30 OR BA.2.31 OR BA.2.32 OR BA.2.33 OR BA.2.34 OR BA.2.35 OR BA.2.36 OR BA.2.37 OR BA.2.38 OR BA.2.39 OR BA.2.40 OR BA.2.40.1 OR BA.2.41 OR BA.2.42 OR BA.2.43 OR BA.2.44 OR BA.2.45 OR BA.2.46 OR BA.2.47 OR BA.2.48 OR BA.2.49 OR BA.2.50 OR BA.2.51 OR BA.2.52 OR BA.2.53 OR BA.2.54 OR BA.2.55 OR BA.2.56 OR BA.2.56.1 OR BA.2.57 OR BA.2.58 OR BA.2.59 OR BA.2.60 OR BA.2.61 OR BA.2.62 OR BA.2.63 OR BA.2.64 OR BA.2.65 OR BA.2.66 OR BA.2.67 OR BA.2.68 OR BA.2.69 OR BA.2.70 OR BA.2.71 OR BA.2.72 OR BA.2.73 OR BA.2.74 OR BA.2.75 OR BA.3 OR BA.3.1 OR BA.4 OR BA.4.1 OR BA.4.1.1 OR BA.4.1.2 OR BA.5 OR BA.5.1 OR BA.5.1.1 OR BA.5.2 OR BA.5.2.1 OR BA.5.2.2 OR BA.5.2.3 OR BA.5.3 OR BA.5.3.1 OR BA.5.3.2 OR BA.5.3.3 OR BA.5.3.4 OR BA.5.4 OR BA.5.5 OR BA.5.6 OR BC.1 OR BC.2 OR BD.1 OR BE.1 OR BE.1.1 OR BE.2 OR BF.1 OR BF.1.1,Omicron,14.3571428571429,14,0.975124378109453
2022-05-05,8,8,11.1428571428571,10.8571428571429,0.974358974358974,0.800005430973792,0.999956364201858,B.1.1.529 OR BA.1 OR BA.1.1 OR BA.1.1.1 OR BA.1.1.2 OR BA.1.1.3 OR BA.1.1.4 OR BA.1.1.5 OR BA.1.1.6 OR BA.1.1.7 OR BA.1.1.8 OR BA.1.1.9 OR BA.1.1.10 OR BA.1.1.11 OR BA.1.1.12 OR BA.1.1.13 OR BA.1.1.14 OR BA.1.1.15 OR BA.1.1.16 OR BA.1.1.17 OR BA.1.1.18 OR BA.1.2 OR BA.1.3 OR BA.1.4 OR BA.1.5 OR BA.1.6 OR BA.1.7 OR BA.1.8 OR BA.1.9 OR BA.1.10 OR BA.1.11 OR BA.1.12 OR BA.1.13 OR BA.1.13.1 OR BA.1.14 OR BA.1.14.1 OR BA.1.14.2 OR BA.1.15 OR BA.1.15.1 OR BA.1.15.2 OR BA.1.15.3 OR BA.1.16 OR BA.1.16.1 OR BA.1.16.2 OR BA.1.17 OR BA.1.17.1 OR BA.1.17.2 OR BA.1.18 OR BA.1.19 OR BA.1.20 OR BA.1.21 OR BA.1.21.1 OR BA.1.22 OR BA.1.23 OR BA.1.24 OR BA.2 OR BA.2.1 OR BA.2.2 OR BA.2.2.1 OR BA.2.3 OR BA.2.3.1 OR BA.2.3.2 OR BA.2.3.3 OR BA.2.3.4 OR BA.2.3.5 OR BA.2.3.6 OR BA.2.3.7 OR BA.2.3.8 OR BA.2.3.9 OR BA.2.3.10 OR BA.2.3.11 OR BA.2.3.12 OR BA.2.3.13 OR BA.2.3.14 OR BA.2.3.15 OR BA.2.3.16 OR BA.2.3.17 OR BA.2.3.18 OR BA.2.4 OR BA.2.5 OR BA.2.6 OR BA.2.7 OR BA.2.8 OR BA.2.9 OR BA.2.9.1 OR BA.2.9.2 OR BA.2.9.3 OR BA.2.9.4 OR BA.2.10 OR BA.2.10.1 OR BA.2.10.2 OR BA.2.10.3 OR BA.2.11 OR BA.2.12 OR BA.2.12.1 OR BA.2.12.2 OR BA.2.13 OR BA.2.14 OR BA.2.15 OR BA.2.16 OR BA.2.17 OR BA.2.18 OR BA.2.19 OR BA.2.20 OR BA.2.21 OR BA.2.22 OR BA.2.23 OR BA.2.23.1 OR BA.2.24 OR BA.2.25 OR BA.2.25.1 OR BA.2.26 OR BA.2.27 OR BA.2.28 OR BA.2.29 OR BA.2.30 OR BA.2.31 OR BA.2.32 OR BA.2.33 OR BA.2.34 OR BA.2.35 OR BA.2.36 OR BA.2.37 OR BA.2.38 OR BA.2.39 OR BA.2.40 OR BA.2.40.1 OR BA.2.41 OR BA.2.42 OR BA.2.43 OR BA.2.44 OR BA.2.45 OR BA.2.46 OR BA.2.47 OR BA.2.48 OR BA.2.49 OR BA.2.50 OR BA.2.51 OR BA.2.52 OR BA.2.53 OR BA.2.54 OR BA.2.55 OR BA.2.56 OR BA.2.56.1 OR BA.2.57 OR BA.2.58 OR BA.2.59 OR BA.2.60 OR BA.2.61 OR BA.2.62 OR BA.2.63 OR BA.2.64 OR BA.2.65 OR BA.2.66 OR BA.2.67 OR BA.2.68 OR BA.2.69 OR BA.2.70 OR BA.2.71 OR BA.2.72 OR BA.2.73 OR BA.2.74 OR BA.2.75 OR BA.3 OR BA.3.1 OR BA.4 OR BA.4.1 OR BA.4.1.1 OR BA.4.1.2 OR BA.5 OR BA.5.1 OR BA.5.1.1 OR BA.5.2 OR BA.5.2.1 OR BA.5.2.2 OR BA.5.2.3 OR BA.5.3 OR BA.5.3.1 OR BA.5.3.2 OR BA.5.3.3 OR BA.5.3.4 OR BA.5.4 OR BA.5.5 OR BA.5.6 OR BC.1 OR BC.2 OR BD.1 OR BE.1 OR BE.1.1 OR BE.2 OR BF.1 OR BF.1.1,Omicron,14.3571428571429,14.0714285714286,0.980099502487562
2022-05-06,34,33,12.4285714285714,12,0.96551724137931,0.814694061687515,0.999959924689924,B.1.1.529 OR BA.1 OR BA.1.1 OR BA.1.1.1 OR BA.1.1.2 OR BA.1.1.3 OR BA.1.1.4 OR BA.1.1.5 OR BA.1.1.6 OR BA.1.1.7 OR BA.1.1.8 OR BA.1.1.9 OR BA.1.1.10 OR BA.1.1.11 OR BA.1.1.12 OR BA.1.1.13 OR BA.1.1.14 OR BA.1.1.15 OR BA.1.1.16 OR BA.1.1.17 OR BA.1.1.18 OR BA.1.2 OR BA.1.3 OR BA.1.4 OR BA.1.5 OR BA.1.6 OR BA.1.7 OR BA.1.8 OR BA.1.9 OR BA.1.10 OR BA.1.11 OR BA.1.12 OR BA.1.13 OR BA.1.13.1 OR BA.1.14 OR BA.1.14.1 OR BA.1.14.2 OR BA.1.15 OR BA.1.15.1 OR BA.1.15.2 OR BA.1.15.3 OR BA.1.16 OR BA.1.16.1 OR BA.1.16.2 OR BA.1.17 OR BA.1.17.1 OR BA.1.17.2 OR BA.1.18 OR BA.1.19 OR BA.1.20 OR BA.1.21 OR BA.1.21.1 OR BA.1.22 OR BA.1.23 OR BA.1.24 OR BA.2 OR BA.2.1 OR BA.2.2 OR BA.2.2.1 OR BA.2.3 OR BA.2.3.1 OR BA.2.3.2 OR BA.2.3.3 OR BA.2.3.4 OR BA.2.3.5 OR BA.2.3.6 OR BA.2.3.7 OR BA.2.3.8 OR BA.2.3.9 OR BA.2.3.10 OR BA.2.3.11 OR BA.2.3.12 OR BA.2.3.13 OR BA.2.3.14 OR BA.2.3.15 OR BA.2.3.16 OR BA.2.3.17 OR BA.2.3.18 OR BA.2.4 OR BA.2.5 OR BA.2.6 OR BA.2.7 OR BA.2.8 OR BA.2.9 OR BA.2.9.1 OR BA.2.9.2 OR BA.2.9.3 OR BA.2.9.4 OR BA.2.10 OR BA.2.10.1 OR BA.2.10.2 OR BA.2.10.3 OR BA.2.11 OR BA.2.12 OR BA.2.12.1 OR BA.2.12.2 OR BA.2.13 OR BA.2.14 OR BA.2.15 OR BA.2.16 OR BA.2.17 OR BA.2.18 OR BA.2.19 OR BA.2.20 OR BA.2.21 OR BA.2.22 OR BA.2.23 OR BA.2.23.1 OR BA.2.24 OR BA.2.25 OR BA.2.25.1 OR BA.2.26 OR BA.2.27 OR BA.2.28 OR BA.2.29 OR BA.2.30 OR BA.2.31 OR BA.2.32 OR BA.2.33 OR BA.2.34 OR BA.2.35 OR BA.2.36 OR BA.2.37 OR BA.2.38 OR BA.2.39 OR BA.2.40 OR BA.2.40.1 OR BA.2.41 OR BA.2.42 OR BA.2.43 OR BA.2.44 OR BA.2.45 OR BA.2.46 OR BA.2.47 OR BA.2.48 OR BA.2.49 OR BA.2.50 OR BA.2.51 OR BA.2.52 OR BA.2.53 OR BA.2.54 OR BA.2.55 OR BA.2.56 OR BA.2.56.1 OR BA.2.57 OR BA.2.58 OR BA.2.59 OR BA.2.60 OR BA.2.61 OR BA.2.62 OR BA.2.63 OR BA.2.64 OR BA.2.65 OR BA.2.66 OR BA.2.67 OR BA.2.68 OR BA.2.69 OR BA.2.70 OR BA.2.71 OR BA.2.72 OR BA.2.73 OR BA.2.74 OR BA.2.75 OR BA.3 OR BA.3.1 OR BA.4 OR BA.4.1 OR BA.4.1.1 OR BA.4.1.2 OR BA.5 OR BA.5.1 OR BA.5.1.1 OR BA.5.2 OR BA.5.2.1 OR BA.5.2.2 OR BA.5.2.3 OR BA.5.3 OR BA.5.3.1 OR BA.5.3.2 OR BA.5.3.3 OR BA.5.3.4 OR BA.5.4 OR BA.5.5 OR BA.5.6 OR BC.1 OR BC.2 OR BD.1 OR BE.1 OR BE.1.1 OR BE.2 OR BF.1 OR BF.1.1,Omicron,16.0714285714286,15.7142857142857,0.977777777777778
2022-05-07,5,5,12,11.7142857142857,0.976190476190476,0.814694061687515,0.999959924689924,B.1.1.529 OR BA.1 OR BA.1.1 OR BA.1.1.1 OR BA.1.1.2 OR BA.1.1.3 OR BA.1.1.4 OR BA.1.1.5 OR BA.1.1.6 OR BA.1.1.7 OR BA.1.1.8 OR BA.1.1.9 OR BA.1.1.10 OR BA.1.1.11 OR BA.1.1.12 OR BA.1.1.13 OR BA.1.1.14 OR BA.1.1.15 OR BA.1.1.16 OR BA.1.1.17 OR BA.1.1.18 OR BA.1.2 OR BA.1.3 OR BA.1.4 OR BA.1.5 OR BA.1.6 OR BA.1.7 OR BA.1.8 OR BA.1.9 OR BA.1.10 OR BA.1.11 OR BA.1.12 OR BA.1.13 OR BA.1.13.1 OR BA.1.14 OR BA.1.14.1 OR BA.1.14.2 OR BA.1.15 OR BA.1.15.1 OR BA.1.15.2 OR BA.1.15.3 OR BA.1.16 OR BA.1.16.1 OR BA.1.16.2 OR BA.1.17 OR BA.1.17.1 OR BA.1.17.2 OR BA.1.18 OR BA.1.19 OR BA.1.20 OR BA.1.21 OR BA.1.21.1 OR BA.1.22 OR BA.1.23 OR BA.1.24 OR BA.2 OR BA.2.1 OR BA.2.2 OR BA.2.2.1 OR BA.2.3 OR BA.2.3.1 OR BA.2.3.2 OR BA.2.3.3 OR BA.2.3.4 OR BA.2.3.5 OR BA.2.3.6 OR BA.2.3.7 OR BA.2.3.8 OR BA.2.3.9 OR BA.2.3.10 OR BA.2.3.11 OR BA.2.3.12 OR BA.2.3.13 OR BA.2.3.14 OR BA.2.3.15 OR BA.2.3.16 OR BA.2.3.17 OR BA.2.3.18 OR BA.2.4 OR BA.2.5 OR BA.2.6 OR BA.2.7 OR BA.2.8 OR BA.2.9 OR BA.2.9.1 OR BA.2.9.2 OR BA.2.9.3 OR BA.2.9.4 OR BA.2.10 OR BA.2.10.1 OR BA.2.10.2 OR BA.2.10.3 OR BA.2.11 OR BA.2.12 OR BA.2.12.1 OR BA.2.12.2 OR BA.2.13 OR BA.2.14 OR BA.2.15 OR BA.2.16 OR BA.2.17 OR BA.2.18 OR BA.2.19 OR BA.2.20 OR BA.2.21 OR BA.2.22 OR BA.2.23 OR BA.2.23.1 OR BA.2.24 OR BA.2.25 OR BA.2.25.1 OR BA.2.26 OR BA.2.27 OR BA.2.28 OR BA.2.29 OR BA.2.30 OR BA.2.31 OR BA.2.32 OR BA.2.33 OR BA.2.34 OR BA.2.35 OR BA.2.36 OR BA.2.37 OR BA.2.38 OR BA.2.39 OR BA.2.40 OR BA.2.40.1 OR BA.2.41 OR BA.2.42 OR BA.2.43 OR BA.2.44 OR BA.2.45 OR BA.2.46 OR BA.2.47 OR BA.2.48 OR BA.2.49 OR BA.2.50 OR BA.2.51 OR BA.2.52 OR BA.2.53 OR BA.2.54 OR BA.2.55 OR BA.2.56 OR BA.2.56.1 OR BA.2.57 OR BA.2.58 OR BA.2.59 OR BA.2.60 OR BA.2.61 OR BA.2.62 OR BA.2.63 OR BA.2.64 OR BA.2.65 OR BA.2.66 OR BA.2.67 OR BA.2.68 OR BA.2.69 OR BA.2.70 OR BA.2.71 OR BA.2.72 OR BA.2.73 OR BA.2.74 OR BA.2.75 OR BA.3 OR BA.3.1 OR BA.4 OR BA.4.1 OR BA.4.1.1 OR BA.4.1.2 OR BA.5 OR BA.5.1 OR BA.5.1.1 OR BA.5.2 OR BA.5.2.1 OR BA.5.2.2 OR BA.5.2.3 OR BA.5.3 OR BA.5.3.1 OR BA.5.3.2 OR BA.5.3.3 OR BA.5.3.4 OR BA.5.4 OR BA.5.5 OR BA.5.6 OR BC.1 OR BC.2 OR BD.1 OR BE.1 OR BE.1.1 OR BE.2 OR BF.1 OR BF.1.1,Omicron,15.6428571428571,15.2857142857143,0.97716894977169
2022-05-08,4,4,12.2857142857143,12,0.976744186046512,0.814694061687515,0.999959924689924,B.1.1.529 OR BA.1 OR BA.1.1 OR BA.1.1.1 OR BA.1.1.2 OR BA.1.1.3 OR BA.1.1.4 OR BA.1.1.5 OR BA.1.1.6 OR BA.1.1.7 OR BA.1.1.8 OR BA.1.1.9 OR BA.1.1.10 OR BA.1.1.11 OR BA.1.1.12 OR BA.1.1.13 OR BA.1.1.14 OR BA.1.1.15 OR BA.1.1.16 OR BA.1.1.17 OR BA.1.1.18 OR BA.1.2 OR BA.1.3 OR BA.1.4 OR BA.1.5 OR BA.1.6 OR BA.1.7 OR BA.1.8 OR BA.1.9 OR BA.1.10 OR BA.1.11 OR BA.1.12 OR BA.1.13 OR BA.1.13.1 OR BA.1.14 OR BA.1.14.1 OR BA.1.14.2 OR BA.1.15 OR BA.1.15.1 OR BA.1.15.2 OR BA.1.15.3 OR BA.1.16 OR BA.1.16.1 OR BA.1.16.2 OR BA.1.17 OR BA.1.17.1 OR BA.1.17.2 OR BA.1.18 OR BA.1.19 OR BA.1.20 OR BA.1.21 OR BA.1.21.1 OR BA.1.22 OR BA.1.23 OR BA.1.24 OR BA.2 OR BA.2.1 OR BA.2.2 OR BA.2.2.1 OR BA.2.3 OR BA.2.3.1 OR BA.2.3.2 OR BA.2.3.3 OR BA.2.3.4 OR BA.2.3.5 OR BA.2.3.6 OR BA.2.3.7 OR BA.2.3.8 OR BA.2.3.9 OR BA.2.3.10 OR BA.2.3.11 OR BA.2.3.12 OR BA.2.3.13 OR BA.2.3.14 OR BA.2.3.15 OR BA.2.3.16 OR BA.2.3.17 OR BA.2.3.18 OR BA.2.4 OR BA.2.5 OR BA.2.6 OR BA.2.7 OR BA.2.8 OR BA.2.9 OR BA.2.9.1 OR BA.2.9.2 OR BA.2.9.3 OR BA.2.9.4 OR BA.2.10 OR BA.2.10.1 OR BA.2.10.2 OR BA.2.10.3 OR BA.2.11 OR BA.2.12 OR BA.2.12.1 OR BA.2.12.2 OR BA.2.13 OR BA.2.14 OR BA.2.15 OR BA.2.16 OR BA.2.17 OR BA.2.18 OR BA.2.19 OR BA.2.20 OR BA.2.21 OR BA.2.22 OR BA.2.23 OR BA.2.23.1 OR BA.2.24 OR BA.2.25 OR BA.2.25.1 OR BA.2.26 OR BA.2.27 OR BA.2.28 OR BA.2.29 OR BA.2.30 OR BA.2.31 OR BA.2.32 OR BA.2.33 OR BA.2.34 OR BA.2.35 OR BA.2.36 OR BA.2.37 OR BA.2.38 OR BA.2.39 OR BA.2.40 OR BA.2.40.1 OR BA.2.41 OR BA.2.42 OR BA.2.43 OR BA.2.44 OR BA.2.45 OR BA.2.46 OR BA.2.47 OR BA.2.48 OR BA.2.49 OR BA.2.50 OR BA.2.51 OR BA.2.52 OR BA.2.53 OR BA.2.54 OR BA.2.55 OR BA.2.56 OR BA.2.56.1 OR BA.2.57 OR BA.2.58 OR BA.2.59 OR BA.2.60 OR BA.2.61 OR BA.2.62 OR BA.2.63 OR BA.2.64 OR BA.2.65 OR BA.2.66 OR BA.2.67 OR BA.2.68 OR BA.2.69 OR BA.2.70 OR BA.2.71 OR BA.2.72 OR BA.2.73 OR BA.2.74 OR BA.2.75 OR BA.3 OR BA.3.1 OR BA.4 OR BA.4.1 OR BA.4.1.1 OR BA.4.1.2 OR BA.5 OR BA.5.1 OR BA.5.1.1 OR BA.5.2 OR BA.5.2.1 OR BA.5.2.2 OR BA.5.2.3 OR BA.5.3 OR BA.5.3.1 OR BA.5.3.2 OR BA.5.3.3 OR BA.5.3.4 OR BA.5.4 OR BA.5.5 OR BA.5.6 OR BC.1 OR BC.2 OR BD.1 OR BE.1 OR BE.1.1 OR BE.2 OR BF.1 OR BF.1.1,Omicron,15.5714285714286,15.2142857142857,0.977064220183486
2022-05-09,17,17,13.8571428571429,13.5714285714286,0.979381443298969,0.838446695485806,0.999965547328198,B.1.1.529 OR BA.1 OR BA.1.1 OR BA.1.1.1 OR BA.1.1.2 OR BA.1.1.3 OR BA.1.1.4 OR BA.1.1.5 OR BA.1.1.6 OR BA.1.1.7 OR BA.1.1.8 OR BA.1.1.9 OR BA.1.1.10 OR BA.1.1.11 OR BA.1.1.12 OR BA.1.1.13 OR BA.1.1.14 OR BA.1.1.15 OR BA.1.1.16 OR BA.1.1.17 OR BA.1.1.18 OR BA.1.2 OR BA.1.3 OR BA.1.4 OR BA.1.5 OR BA.1.6 OR BA.1.7 OR BA.1.8 OR BA.1.9 OR BA.1.10 OR BA.1.11 OR BA.1.12 OR BA.1.13 OR BA.1.13.1 OR BA.1.14 OR BA.1.14.1 OR BA.1.14.2 OR BA.1.15 OR BA.1.15.1 OR BA.1.15.2 OR BA.1.15.3 OR BA.1.16 OR BA.1.16.1 OR BA.1.16.2 OR BA.1.17 OR BA.1.17.1 OR BA.1.17.2 OR BA.1.18 OR BA.1.19 OR BA.1.20 OR BA.1.21 OR BA.1.21.1 OR BA.1.22 OR BA.1.23 OR BA.1.24 OR BA.2 OR BA.2.1 OR BA.2.2 OR BA.2.2.1 OR BA.2.3 OR BA.2.3.1 OR BA.2.3.2 OR BA.2.3.3 OR BA.2.3.4 OR BA.2.3.5 OR BA.2.3.6 OR BA.2.3.7 OR BA.2.3.8 OR BA.2.3.9 OR BA.2.3.10 OR BA.2.3.11 OR BA.2.3.12 OR BA.2.3.13 OR BA.2.3.14 OR BA.2.3.15 OR BA.2.3.16 OR BA.2.3.17 OR BA.2.3.18 OR BA.2.4 OR BA.2.5 OR BA.2.6 OR BA.2.7 OR BA.2.8 OR BA.2.9 OR BA.2.9.1 OR BA.2.9.2 OR BA.2.9.3 OR BA.2.9.4 OR BA.2.10 OR BA.2.10.1 OR BA.2.10.2 OR BA.2.10.3 OR BA.2.11 OR BA.2.12 OR BA.2.12.1 OR BA.2.12.2 OR BA.2.13 OR BA.2.14 OR BA.2.15 OR BA.2.16 OR BA.2.17 OR BA.2.18 OR BA.2.19 OR BA.2.20 OR BA.2.21 OR BA.2.22 OR BA.2.23 OR BA.2.23.1 OR BA.2.24 OR BA.2.25 OR BA.2.25.1 OR BA.2.26 OR BA.2.27 OR BA.2.28 OR BA.2.29 OR BA.2.30 OR BA.2.31 OR BA.2.32 OR BA.2.33 OR BA.2.34 OR BA.2.35 OR BA.2.36 OR BA.2.37 OR BA.2.38 OR BA.2.39 OR BA.2.40 OR BA.2.40.1 OR BA.2.41 OR BA.2.42 OR BA.2.43 OR BA.2.44 OR BA.2.45 OR BA.2.46 OR BA.2.47 OR BA.2.48 OR BA.2.49 OR BA.2.50 OR BA.2.51 OR BA.2.52 OR BA.2.53 OR BA.2.54 OR BA.2.55 OR BA.2.56 OR BA.2.56.1 OR BA.2.57 OR BA.2.58 OR BA.2.59 OR BA.2.60 OR BA.2.61 OR BA.2.62 OR BA.2.63 OR BA.2.64 OR BA.2.65 OR BA.2.66 OR BA.2.67 OR BA.2.68 OR BA.2.69 OR BA.2.70 OR BA.2.71 OR BA.2.72 OR BA.2.73 OR BA.2.74 OR BA.2.75 OR BA.3 OR BA.3.1 OR BA.4 OR BA.4.1 OR BA.4.1.1 OR BA.4.1.2 OR BA.5 OR BA.5.1 OR BA.5.1.1 OR BA.5.2 OR BA.5.2.1 OR BA.5.2.2 OR BA.5.2.3 OR BA.5.3 OR BA.5.3.1 OR BA.5.3.2 OR BA.5.3.3 OR BA.5.3.4 OR BA.5.4 OR BA.5.5 OR BA.5.6 OR BC.1 OR BC.2 OR BD.1 OR BE.1 OR BE.1.1 OR BE.2 OR BF.1 OR BF.1.1,Omicron,15.7857142857143,15.4285714285714,0.97737556561086
2022-05-10,15,15,15.2857142857143,15,0.981308411214953,0.848183337885602,0.999967805855676,B.1.1.529 OR BA.1 OR BA.1.1 OR BA.1.1.1 OR BA.1.1.2 OR BA.1.1.3 OR BA.1.1.4 OR BA.1.1.5 OR BA.1.1.6 OR BA.1.1.7 OR BA.1.1.8 OR BA.1.1.9 OR BA.1.1.10 OR BA.1.1.11 OR BA.1.1.12 OR BA.1.1.13 OR BA.1.1.14 OR BA.1.1.15 OR BA.1.1.16 OR BA.1.1.17 OR BA.1.1.18 OR BA.1.2 OR BA.1.3 OR BA.1.4 OR BA.1.5 OR BA.1.6 OR BA.1.7 OR BA.1.8 OR BA.1.9 OR BA.1.10 OR BA.1.11 OR BA.1.12 OR BA.1.13 OR BA.1.13.1 OR BA.1.14 OR BA.1.14.1 OR BA.1.14.2 OR BA.1.15 OR BA.1.15.1 OR BA.1.15.2 OR BA.1.15.3 OR BA.1.16 OR BA.1.16.1 OR BA.1.16.2 OR BA.1.17 OR BA.1.17.1 OR BA.1.17.2 OR BA.1.18 OR BA.1.19 OR BA.1.20 OR BA.1.21 OR BA.1.21.1 OR BA.1.22 OR BA.1.23 OR BA.1.24 OR BA.2 OR BA.2.1 OR BA.2.2 OR BA.2.2.1 OR BA.2.3 OR BA.2.3.1 OR BA.2.3.2 OR BA.2.3.3 OR BA.2.3.4 OR BA.2.3.5 OR BA.2.3.6 OR BA.2.3.7 OR BA.2.3.8 OR BA.2.3.9 OR BA.2.3.10 OR BA.2.3.11 OR BA.2.3.12 OR BA.2.3.13 OR BA.2.3.14 OR BA.2.3.15 OR BA.2.3.16 OR BA.2.3.17 OR BA.2.3.18 OR BA.2.4 OR BA.2.5 OR BA.2.6 OR BA.2.7 OR BA.2.8 OR BA.2.9 OR BA.2.9.1 OR BA.2.9.2 OR BA.2.9.3 OR BA.2.9.4 OR BA.2.10 OR BA.2.10.1 OR BA.2.10.2 OR BA.2.10.3 OR BA.2.11 OR BA.2.12 OR BA.2.12.1 OR BA.2.12.2 OR BA.2.13 OR BA.2.14 OR BA.2.15 OR BA.2.16 OR BA.2.17 OR BA.2.18 OR BA.2.19 OR BA.2.20 OR BA.2.21 OR BA.2.22 OR BA.2.23 OR BA.2.23.1 OR BA.2.24 OR BA.2.25 OR BA.2.25.1 OR BA.2.26 OR BA.2.27 OR BA.2.28 OR BA.2.29 OR BA.2.30 OR BA.2.31 OR BA.2.32 OR BA.2.33 OR BA.2.34 OR BA.2.35 OR BA.2.36 OR BA.2.37 OR BA.2.38 OR BA.2.39 OR BA.2.40 OR BA.2.40.1 OR BA.2.41 OR BA.2.42 OR BA.2.43 OR BA.2.44 OR BA.2.45 OR BA.2.46 OR BA.2.47 OR BA.2.48 OR BA.2.49 OR BA.2.50 OR BA.2.51 OR BA.2.52 OR BA.2.53 OR BA.2.54 OR BA.2.55 OR BA.2.56 OR BA.2.56.1 OR BA.2.57 OR BA.2.58 OR BA.2.59 OR BA.2.60 OR BA.2.61 OR BA.2.62 OR BA.2.63 OR BA.2.64 OR BA.2.65 OR BA.2.66 OR BA.2.67 OR BA.2.68 OR BA.2.69 OR BA.2.70 OR BA.2.71 OR BA.2.72 OR BA.2.73 OR BA.2.74 OR BA.2.75 OR BA.3 OR BA.3.1 OR BA.4 OR BA.4.1 OR BA.4.1.1 OR BA.4.1.2 OR BA.5 OR BA.5.1 OR BA.5.1.1 OR BA.5.2 OR BA.5.2.1 OR BA.5.2.2 OR BA.5.2.3 OR BA.5.3 OR BA.5.3.1 OR BA.5.3.2 OR BA.5.3.3 OR BA.5.3.4 OR BA.5.4 OR BA.5.5 OR BA.5.6 OR BC.1 OR BC.2 OR BD.1 OR BE.1 OR BE.1.1 OR BE.2 OR BF.1 OR BF.1.1,Omicron,13.7857142857143,13.5,0.979274611398964
2022-05-11,6,6,12.7142857142857,12.5714285714286,0.98876404494382,0.827380554717943,0.999962948066701,B.1.1.529 OR BA.1 OR BA.1.1 OR BA.1.1.1 OR BA.1.1.2 OR BA.1.1.3 OR BA.1.1.4 OR BA.1.1.5 OR BA.1.1.6 OR BA.1.1.7 OR BA.1.1.8 OR BA.1.1.9 OR BA.1.1.10 OR BA.1.1.11 OR BA.1.1.12 OR BA.1.1.13 OR BA.1.1.14 OR BA.1.1.15 OR BA.1.1.16 OR BA.1.1.17 OR BA.1.1.18 OR BA.1.2 OR BA.1.3 OR BA.1.4 OR BA.1.5 OR BA.1.6 OR BA.1.7 OR BA.1.8 OR BA.1.9 OR BA.1.10 OR BA.1.11 OR BA.1.12 OR BA.1.13 OR BA.1.13.1 OR BA.1.14 OR BA.1.14.1 OR BA.1.14.2 OR BA.1.15 OR BA.1.15.1 OR BA.1.15.2 OR BA.1.15.3 OR BA.1.16 OR BA.1.16.1 OR BA.1.16.2 OR BA.1.17 OR BA.1.17.1 OR BA.1.17.2 OR BA.1.18 OR BA.1.19 OR BA.1.20 OR BA.1.21 OR BA.1.21.1 OR BA.1.22 OR BA.1.23 OR BA.1.24 OR BA.2 OR BA.2.1 OR BA.2.2 OR BA.2.2.1 OR BA.2.3 OR BA.2.3.1 OR BA.2.3.2 OR BA.2.3.3 OR BA.2.3.4 OR BA.2.3.5 OR BA.2.3.6 OR BA.2.3.7 OR BA.2.3.8 OR BA.2.3.9 OR BA.2.3.10 OR BA.2.3.11 OR BA.2.3.12 OR BA.2.3.13 OR BA.2.3.14 OR BA.2.3.15 OR BA.2.3.16 OR BA.2.3.17 OR BA.2.3.18 OR BA.2.4 OR BA.2.5 OR BA.2.6 OR BA.2.7 OR BA.2.8 OR BA.2.9 OR BA.2.9.1 OR BA.2.9.2 OR BA.2.9.3 OR BA.2.9.4 OR BA.2.10 OR BA.2.10.1 OR BA.2.10.2 OR BA.2.10.3 OR BA.2.11 OR BA.2.12 OR BA.2.12.1 OR BA.2.12.2 OR BA.2.13 OR BA.2.14 OR BA.2.15 OR BA.2.16 OR BA.2.17 OR BA.2.18 OR BA.2.19 OR BA.2.20 OR BA.2.21 OR BA.2.22 OR BA.2.23 OR BA.2.23.1 OR BA.2.24 OR BA.2.25 OR BA.2.25.1 OR BA.2.26 OR BA.2.27 OR BA.2.28 OR BA.2.29 OR BA.2.30 OR BA.2.31 OR BA.2.32 OR BA.2.33 OR BA.2.34 OR BA.2.35 OR BA.2.36 OR BA.2.37 OR BA.2.38 OR BA.2.39 OR BA.2.40 OR BA.2.40.1 OR BA.2.41 OR BA.2.42 OR BA.2.43 OR BA.2.44 OR BA.2.45 OR BA.2.46 OR BA.2.47 OR BA.2.48 OR BA.2.49 OR BA.2.50 OR BA.2.51 OR BA.2.52 OR BA.2.53 OR BA.2.54 OR BA.2.55 OR BA.2.56 OR BA.2.56.1 OR BA.2.57 OR BA.2.58 OR BA.2.59 OR BA.2.60 OR BA.2.61 OR BA.2.62 OR BA.2.63 OR BA.2.64 OR BA.2.65 OR BA.2.66 OR BA.2.67 OR BA.2.68 OR BA.2.69 OR BA.2.70 OR BA.2.71 OR BA.2.72 OR BA.2.73 OR BA.2.74 OR BA.2.75 OR BA.3 OR BA.3.1 OR BA.4 OR BA.4.1 OR BA.4.1.1 OR BA.4.1.2 OR BA.5 OR BA.5.1 OR BA.5.1.1 OR BA.5.2 OR BA.5.2.1 OR BA.5.2.2 OR BA.5.2.3 OR BA.5.3 OR BA.5.3.1 OR BA.5.3.2 OR BA.5.3.3 OR BA.5.3.4 OR BA.5.4 OR BA.5.5 OR BA.5.6 OR BC.1 OR BC.2 OR BD.1 OR BE.1 OR BE.1.1 OR BE.2 OR BF.1 OR BF.1.1,Omicron,12.2142857142857,12,0.982456140350877
2022-05-12,26,26,15.2857142857143,15.1428571428571,0.990654205607477,0.848183337885602,0.999967805855676,B.1.1.529 OR BA.1 OR BA.1.1 OR BA.1.1.1 OR BA.1.1.2 OR BA.1.1.3 OR BA.1.1.4 OR BA.1.1.5 OR BA.1.1.6 OR BA.1.1.7 OR BA.1.1.8 OR BA.1.1.9 OR BA.1.1.10 OR BA.1.1.11 OR BA.1.1.12 OR BA.1.1.13 OR BA.1.1.14 OR BA.1.1.15 OR BA.1.1.16 OR BA.1.1.17 OR BA.1.1.18 OR BA.1.2 OR BA.1.3 OR BA.1.4 OR BA.1.5 OR BA.1.6 OR BA.1.7 OR BA.1.8 OR BA.1.9 OR BA.1.10 OR BA.1.11 OR BA.1.12 OR BA.1.13 OR BA.1.13.1 OR BA.1.14 OR BA.1.14.1 OR BA.1.14.2 OR BA.1.15 OR BA.1.15.1 OR BA.1.15.2 OR BA.1.15.3 OR BA.1.16 OR BA.1.16.1 OR BA.1.16.2 OR BA.1.17 OR BA.1.17.1 OR BA.1.17.2 OR BA.1.18 OR BA.1.19 OR BA.1.20 OR BA.1.21 OR BA.1.21.1 OR BA.1.22 OR BA.1.23 OR BA.1.24 OR BA.2 OR BA.2.1 OR BA.2.2 OR BA.2.2.1 OR BA.2.3 OR BA.2.3.1 OR BA.2.3.2 OR BA.2.3.3 OR BA.2.3.4 OR BA.2.3.5 OR BA.2.3.6 OR BA.2.3.7 OR BA.2.3.8 OR BA.2.3.9 OR BA.2.3.10 OR BA.2.3.11 OR BA.2.3.12 OR BA.2.3.13 OR BA.2.3.14 OR BA.2.3.15 OR BA.2.3.16 OR BA.2.3.17 OR BA.2.3.18 OR BA.2.4 OR BA.2.5 OR BA.2.6 OR BA.2.7 OR BA.2.8 OR BA.2.9 OR BA.2.9.1 OR BA.2.9.2 OR BA.2.9.3 OR BA.2.9.4 OR BA.2.10 OR BA.2.10.1 OR BA.2.10.2 OR BA.2.10.3 OR BA.2.11 OR BA.2.12 OR BA.2.12.1 OR BA.2.12.2 OR BA.2.13 OR BA.2.14 OR BA.2.15 OR BA.2.16 OR BA.2.17 OR BA.2.18 OR BA.2.19 OR BA.2.20 OR BA.2.21 OR BA.2.22 OR BA.2.23 OR BA.2.23.1 OR BA.2.24 OR BA.2.25 OR BA.2.25.1 OR BA.2.26 OR BA.2.27 OR BA.2.28 OR BA.2.29 OR BA.2.30 OR BA.2.31 OR BA.2.32 OR BA.2.33 OR BA.2.34 OR BA.2.35 OR BA.2.36 OR BA.2.37 OR BA.2.38 OR BA.2.39 OR BA.2.40 OR BA.2.40.1 OR BA.2.41 OR BA.2.42 OR BA.2.43 OR BA.2.44 OR BA.2.45 OR BA.2.46 OR BA.2.47 OR BA.2.48 OR BA.2.49 OR BA.2.50 OR BA.2.51 OR BA.2.52 OR BA.2.53 OR BA.2.54 OR BA.2.55 OR BA.2.56 OR BA.2.56.1 OR BA.2.57 OR BA.2.58 OR BA.2.59 OR BA.2.60 OR BA.2.61 OR BA.2.62 OR BA.2.63 OR BA.2.64 OR BA.2.65 OR BA.2.66 OR BA.2.67 OR BA.2.68 OR BA.2.69 OR BA.2.70 OR BA.2.71 OR BA.2.72 OR BA.2.73 OR BA.2.74 OR BA.2.75 OR BA.3 OR BA.3.1 OR BA.4 OR BA.4.1 OR BA.4.1.1 OR BA.4.1.2 OR BA.5 OR BA.5.1 OR BA.5.1.1 OR BA.5.2 OR BA.5.2.1 OR BA.5.2.2 OR BA.5.2.3 OR BA.5.3 OR BA.5.3.1 OR BA.5.3.2 OR BA.5.3.3 OR BA.5.3.4 OR BA.5.4 OR BA.5.5 OR BA.5.6 OR BC.1 OR BC.2 OR BD.1 OR BE.1 OR BE.1.1 OR BE.2 OR BF.1 OR BF.1.1,Omicron,13.2142857142857,13,0.983783783783784
2022-05-13,23,23,13.7142857142857,13.7142857142857,1,0.838446695485806,0.999965547328198,B.1.1.529 OR BA.1 OR BA.1.1 OR BA.1.1.1 OR BA.1.1.2 OR BA.1.1.3 OR BA.1.1.4 OR BA.1.1.5 OR BA.1.1.6 OR BA.1.1.7 OR BA.1.1.8 OR BA.1.1.9 OR BA.1.1.10 OR BA.1.1.11 OR BA.1.1.12 OR BA.1.1.13 OR BA.1.1.14 OR BA.1.1.15 OR BA.1.1.16 OR BA.1.1.17 OR BA.1.1.18 OR BA.1.2 OR BA.1.3 OR BA.1.4 OR BA.1.5 OR BA.1.6 OR BA.1.7 OR BA.1.8 OR BA.1.9 OR BA.1.10 OR BA.1.11 OR BA.1.12 OR BA.1.13 OR BA.1.13.1 OR BA.1.14 OR BA.1.14.1 OR BA.1.14.2 OR BA.1.15 OR BA.1.15.1 OR BA.1.15.2 OR BA.1.15.3 OR BA.1.16 OR BA.1.16.1 OR BA.1.16.2 OR BA.1.17 OR BA.1.17.1 OR BA.1.17.2 OR BA.1.18 OR BA.1.19 OR BA.1.20 OR BA.1.21 OR BA.1.21.1 OR BA.1.22 OR BA.1.23 OR BA.1.24 OR BA.2 OR BA.2.1 OR BA.2.2 OR BA.2.2.1 OR BA.2.3 OR BA.2.3.1 OR BA.2.3.2 OR BA.2.3.3 OR BA.2.3.4 OR BA.2.3.5 OR BA.2.3.6 OR BA.2.3.7 OR BA.2.3.8 OR BA.2.3.9 OR BA.2.3.10 OR BA.2.3.11 OR BA.2.3.12 OR BA.2.3.13 OR BA.2.3.14 OR BA.2.3.15 OR BA.2.3.16 OR BA.2.3.17 OR BA.2.3.18 OR BA.2.4 OR BA.2.5 OR BA.2.6 OR BA.2.7 OR BA.2.8 OR BA.2.9 OR BA.2.9.1 OR BA.2.9.2 OR BA.2.9.3 OR BA.2.9.4 OR BA.2.10 OR BA.2.10.1 OR BA.2.10.2 OR BA.2.10.3 OR BA.2.11 OR BA.2.12 OR BA.2.12.1 OR BA.2.12.2 OR BA.2.13 OR BA.2.14 OR BA.2.15 OR BA.2.16 OR BA.2.17 OR BA.2.18 OR BA.2.19 OR BA.2.20 OR BA.2.21 OR BA.2.22 OR BA.2.23 OR BA.2.23.1 OR BA.2.24 OR BA.2.25 OR BA.2.25.1 OR BA.2.26 OR BA.2.27 OR BA.2.28 OR BA.2.29 OR BA.2.30 OR BA.2.31 OR BA.2.32 OR BA.2.33 OR BA.2.34 OR BA.2.35 OR BA.2.36 OR BA.2.37 OR BA.2.38 OR BA.2.39 OR BA.2.40 OR BA.2.40.1 OR BA.2.41 OR BA.2.42 OR BA.2.43 OR BA.2.44 OR BA.2.45 OR BA.2.46 OR BA.2.47 OR BA.2.48 OR BA.2.49 OR BA.2.50 OR BA.2.51 OR BA.2.52 OR BA.2.53 OR BA.2.54 OR BA.2.55 OR BA.2.56 OR BA.2.56.1 OR BA.2.57 OR BA.2.58 OR BA.2.59 OR BA.2.60 OR BA.2.61 OR BA.2.62 OR BA.2.63 OR BA.2.64 OR BA.2.65 OR BA.2.66 OR BA.2.67 OR BA.2.68 OR BA.2.69 OR BA.2.70 OR BA.2.71 OR BA.2.72 OR BA.2.73 OR BA.2.74 OR BA.2.75 OR BA.3 OR BA.3.1 OR BA.4 OR BA.4.1 OR BA.4.1.1 OR BA.4.1.2 OR BA.5 OR BA.5.1 OR BA.5.1.1 OR BA.5.2 OR BA.5.2.1 OR BA.5.2.2 OR BA.5.2.3 OR BA.5.3 OR BA.5.3.1 OR BA.5.3.2 OR BA.5.3.3 OR BA.5.3.4 OR BA.5.4 OR BA.5.5 OR BA.5.6 OR BC.1 OR BC.2 OR BD.1 OR BE.1 OR BE.1.1 OR BE.2 OR BF.1 OR BF.1.1,Omicron,13.0714285714286,12.8571428571429,0.983606557377049
2022-05-14,3,3,13.4285714285714,13.4285714285714,1,0.827380554717943,0.999962948066701,B.1.1.529 OR BA.1 OR BA.1.1 OR BA.1.1.1 OR BA.1.1.2 OR BA.1.1.3 OR BA.1.1.4 OR BA.1.1.5 OR BA.1.1.6 OR BA.1.1.7 OR BA.1.1.8 OR BA.1.1.9 OR BA.1.1.10 OR BA.1.1.11 OR BA.1.1.12 OR BA.1.1.13 OR BA.1.1.14 OR BA.1.1.15 OR BA.1.1.16 OR BA.1.1.17 OR BA.1.1.18 OR BA.1.2 OR BA.1.3 OR BA.1.4 OR BA.1.5 OR BA.1.6 OR BA.1.7 OR BA.1.8 OR BA.1.9 OR BA.1.10 OR BA.1.11 OR BA.1.12 OR BA.1.13 OR BA.1.13.1 OR BA.1.14 OR BA.1.14.1 OR BA.1.14.2 OR BA.1.15 OR BA.1.15.1 OR BA.1.15.2 OR BA.1.15.3 OR BA.1.16 OR BA.1.16.1 OR BA.1.16.2 OR BA.1.17 OR BA.1.17.1 OR BA.1.17.2 OR BA.1.18 OR BA.1.19 OR BA.1.20 OR BA.1.21 OR BA.1.21.1 OR BA.1.22 OR BA.1.23 OR BA.1.24 OR BA.2 OR BA.2.1 OR BA.2.2 OR BA.2.2.1 OR BA.2.3 OR BA.2.3.1 OR BA.2.3.2 OR BA.2.3.3 OR BA.2.3.4 OR BA.2.3.5 OR BA.2.3.6 OR BA.2.3.7 OR BA.2.3.8 OR BA.2.3.9 OR BA.2.3.10 OR BA.2.3.11 OR BA.2.3.12 OR BA.2.3.13 OR BA.2.3.14 OR BA.2.3.15 OR BA.2.3.16 OR BA.2.3.17 OR BA.2.3.18 OR BA.2.4 OR BA.2.5 OR BA.2.6 OR BA.2.7 OR BA.2.8 OR BA.2.9 OR BA.2.9.1 OR BA.2.9.2 OR BA.2.9.3 OR BA.2.9.4 OR BA.2.10 OR BA.2.10.1 OR BA.2.10.2 OR BA.2.10.3 OR BA.2.11 OR BA.2.12 OR BA.2.12.1 OR BA.2.12.2 OR BA.2.13 OR BA.2.14 OR BA.2.15 OR BA.2.16 OR BA.2.17 OR BA.2.18 OR BA.2.19 OR BA.2.20 OR BA.2.21 OR BA.2.22 OR BA.2.23 OR BA.2.23.1 OR BA.2.24 OR BA.2.25 OR BA.2.25.1 OR BA.2.26 OR BA.2.27 OR BA.2.28 OR BA.2.29 OR BA.2.30 OR BA.2.31 OR BA.2.32 OR BA.2.33 OR BA.2.34 OR BA.2.35 OR BA.2.36 OR BA.2.37 OR BA.2.38 OR BA.2.39 OR BA.2.40 OR BA.2.40.1 OR BA.2.41 OR BA.2.42 OR BA.2.43 OR BA.2.44 OR BA.2.45 OR BA.2.46 OR BA.2.47 OR BA.2.48 OR BA.2.49 OR BA.2.50 OR BA.2.51 OR BA.2.52 OR BA.2.53 OR BA.2.54 OR BA.2.55 OR BA.2.56 OR BA.2.56.1 OR BA.2.57 OR BA.2.58 OR BA.2.59 OR BA.2.60 OR BA.2.61 OR BA.2.62 OR BA.2.63 OR BA.2.64 OR BA.2.65 OR BA.2.66 OR BA.2.67 OR BA.2.68 OR BA.2.69 OR BA.2.70 OR BA.2.71 OR BA.2.72 OR BA.2.73 OR BA.2.74 OR BA.2.75 OR BA.3 OR BA.3.1 OR BA.4 OR BA.4.1 OR BA.4.1.1 OR BA.4.1.2 OR BA.5 OR BA.5.1 OR BA.5.1.1 OR BA.5.2 OR BA.5.2.1 OR BA.5.2.2 OR BA.5.2.3 OR BA.5.3 OR BA.5.3.1 OR BA.5.3.2 OR BA.5.3.3 OR BA.5.3.4 OR BA.5.4 OR BA.5.5 OR BA.5.6 OR BC.1 OR BC.2 OR BD.1 OR BE.1 OR BE.1.1 OR BE.2 OR BF.1 OR BF.1.1,Omicron,12.7142857142857,12.5714285714286,0.98876404494382
2022-05-15,2,2,13.1428571428571,13.1428571428571,1,0.827380554717943,0.999962948066701,B.1.1.529 OR BA.1 OR BA.1.1 OR BA.1.1.1 OR BA.1.1.2 OR BA.1.1.3 OR BA.1.1.4 OR BA.1.1.5 OR BA.1.1.6 OR BA.1.1.7 OR BA.1.1.8 OR BA.1.1.9 OR BA.1.1.10 OR BA.1.1.11 OR BA.1.1.12 OR BA.1.1.13 OR BA.1.1.14 OR BA.1.1.15 OR BA.1.1.16 OR BA.1.1.17 OR BA.1.1.18 OR BA.1.2 OR BA.1.3 OR BA.1.4 OR BA.1.5 OR BA.1.6 OR BA.1.7 OR BA.1.8 OR BA.1.9 OR BA.1.10 OR BA.1.11 OR BA.1.12 OR BA.1.13 OR BA.1.13.1 OR BA.1.14 OR BA.1.14.1 OR BA.1.14.2 OR BA.1.15 OR BA.1.15.1 OR BA.1.15.2 OR BA.1.15.3 OR BA.1.16 OR BA.1.16.1 OR BA.1.16.2 OR BA.1.17 OR BA.1.17.1 OR BA.1.17.2 OR BA.1.18 OR BA.1.19 OR BA.1.20 OR BA.1.21 OR BA.1.21.1 OR BA.1.22 OR BA.1.23 OR BA.1.24 OR BA.2 OR BA.2.1 OR BA.2.2 OR BA.2.2.1 OR BA.2.3 OR BA.2.3.1 OR BA.2.3.2 OR BA.2.3.3 OR BA.2.3.4 OR BA.2.3.5 OR BA.2.3.6 OR BA.2.3.7 OR BA.2.3.8 OR BA.2.3.9 OR BA.2.3.10 OR BA.2.3.11 OR BA.2.3.12 OR BA.2.3.13 OR BA.2.3.14 OR BA.2.3.15 OR BA.2.3.16 OR BA.2.3.17 OR BA.2.3.18 OR BA.2.4 OR BA.2.5 OR BA.2.6 OR BA.2.7 OR BA.2.8 OR BA.2.9 OR BA.2.9.1 OR BA.2.9.2 OR BA.2.9.3 OR BA.2.9.4 OR BA.2.10 OR BA.2.10.1 OR BA.2.10.2 OR BA.2.10.3 OR BA.2.11 OR BA.2.12 OR BA.2.12.1 OR BA.2.12.2 OR BA.2.13 OR BA.2.14 OR BA.2.15 OR BA.2.16 OR BA.2.17 OR BA.2.18 OR BA.2.19 OR BA.2.20 OR BA.2.21 OR BA.2.22 OR BA.2.23 OR BA.2.23.1 OR BA.2.24 OR BA.2.25 OR BA.2.25.1 OR BA.2.26 OR BA.2.27 OR BA.2.28 OR BA.2.29 OR BA.2.30 OR BA.2.31 OR BA.2.32 OR BA.2.33 OR BA.2.34 OR BA.2.35 OR BA.2.36 OR BA.2.37 OR BA.2.38 OR BA.2.39 OR BA.2.40 OR BA.2.40.1 OR BA.2.41 OR BA.2.42 OR BA.2.43 OR BA.2.44 OR BA.2.45 OR BA.2.46 OR BA.2.47 OR BA.2.48 OR BA.2.49 OR BA.2.50 OR BA.2.51 OR BA.2.52 OR BA.2.53 OR BA.2.54 OR BA.2.55 OR BA.2.56 OR BA.2.56.1 OR BA.2.57 OR BA.2.58 OR BA.2.59 OR BA.2.60 OR BA.2.61 OR BA.2.62 OR BA.2.63 OR BA.2.64 OR BA.2.65 OR BA.2.66 OR BA.2.67 OR BA.2.68 OR BA.2.69 OR BA.2.70 OR BA.2.71 OR BA.2.72 OR BA.2.73 OR BA.2.74 OR BA.2.75 OR BA.3 OR BA.3.1 OR BA.4 OR BA.4.1 OR BA.4.1.1 OR BA.4.1.2 OR BA.5 OR BA.5.1 OR BA.5.1.1 OR BA.5.2 OR BA.5.2.1 OR BA.5.2.2 OR BA.5.2.3 OR BA.5.3 OR BA.5.3.1 OR BA.5.3.2 OR BA.5.3.3 OR BA.5.3.4 OR BA.5.4 OR BA.5.5 OR BA.5.6 OR BC.1 OR BC.2 OR BD.1 OR BE.1 OR BE.1.1 OR BE.2 OR BF.1 OR BF.1.1,Omicron,12.7142857142857,12.5714285714286,0.98876404494382
2022-05-16,16,16,13,13,1,0.827380554717943,0.999962948066701,B.1.1.529 OR BA.1 OR BA.1.1 OR BA.1.1.1 OR BA.1.1.2 OR BA.1.1.3 OR BA.1.1.4 OR BA.1.1.5 OR BA.1.1.6 OR BA.1.1.7 OR BA.1.1.8 OR BA.1.1.9 OR BA.1.1.10 OR BA.1.1.11 OR BA.1.1.12 OR BA.1.1.13 OR BA.1.1.14 OR BA.1.1.15 OR BA.1.1.16 OR BA.1.1.17 OR BA.1.1.18 OR BA.1.2 OR BA.1.3 OR BA.1.4 OR BA.1.5 OR BA.1.6 OR BA.1.7 OR BA.1.8 OR BA.1.9 OR BA.1.10 OR BA.1.11 OR BA.1.12 OR BA.1.13 OR BA.1.13.1 OR BA.1.14 OR BA.1.14.1 OR BA.1.14.2 OR BA.1.15 OR BA.1.15.1 OR BA.1.15.2 OR BA.1.15.3 OR BA.1.16 OR BA.1.16.1 OR BA.1.16.2 OR BA.1.17 OR BA.1.17.1 OR BA.1.17.2 OR BA.1.18 OR BA.1.19 OR BA.1.20 OR BA.1.21 OR BA.1.21.1 OR BA.1.22 OR BA.1.23 OR BA.1.24 OR BA.2 OR BA.2.1 OR BA.2.2 OR BA.2.2.1 OR BA.2.3 OR BA.2.3.1 OR BA.2.3.2 OR BA.2.3.3 OR BA.2.3.4 OR BA.2.3.5 OR BA.2.3.6 OR BA.2.3.7 OR BA.2.3.8 OR BA.2.3.9 OR BA.2.3.10 OR BA.2.3.11 OR BA.2.3.12 OR BA.2.3.13 OR BA.2.3.14 OR BA.2.3.15 OR BA.2.3.16 OR BA.2.3.17 OR BA.2.3.18 OR BA.2.4 OR BA.2.5 OR BA.2.6 OR BA.2.7 OR BA.2.8 OR BA.2.9 OR BA.2.9.1 OR BA.2.9.2 OR BA.2.9.3 OR BA.2.9.4 OR BA.2.10 OR BA.2.10.1 OR BA.2.10.2 OR BA.2.10.3 OR BA.2.11 OR BA.2.12 OR BA.2.12.1 OR BA.2.12.2 OR BA.2.13 OR BA.2.14 OR BA.2.15 OR BA.2.16 OR BA.2.17 OR BA.2.18 OR BA.2.19 OR BA.2.20 OR BA.2.21 OR BA.2.22 OR BA.2.23 OR BA.2.23.1 OR BA.2.24 OR BA.2.25 OR BA.2.25.1 OR BA.2.26 OR BA.2.27 OR BA.2.28 OR BA.2.29 OR BA.2.30 OR BA.2.31 OR BA.2.32 OR BA.2.33 OR BA.2.34 OR BA.2.35 OR BA.2.36 OR BA.2.37 OR BA.2.38 OR BA.2.39 OR BA.2.40 OR BA.2.40.1 OR BA.2.41 OR BA.2.42 OR BA.2.43 OR BA.2.44 OR BA.2.45 OR BA.2.46 OR BA.2.47 OR BA.2.48 OR BA.2.49 OR BA.2.50 OR BA.2.51 OR BA.2.52 OR BA.2.53 OR BA.2.54 OR BA.2.55 OR BA.2.56 OR BA.2.56.1 OR BA.2.57 OR BA.2.58 OR BA.2.59 OR BA.2.60 OR BA.2.61 OR BA.2.62 OR BA.2.63 OR BA.2.64 OR BA.2.65 OR BA.2.66 OR BA.2.67 OR BA.2.68 OR BA.2.69 OR BA.2.70 OR BA.2.71 OR BA.2.72 OR BA.2.73 OR BA.2.74 OR BA.2.75 OR BA.3 OR BA.3.1 OR BA.4 OR BA.4.1 OR BA.4.1.1 OR BA.4.1.2 OR BA.5 OR BA.5.1 OR BA.5.1.1 OR BA.5.2 OR BA.5.2.1 OR BA.5.2.2 OR BA.5.2.3 OR BA.5.3 OR BA.5.3.1 OR BA.5.3.2 OR BA.5.3.3 OR BA.5.3.4 OR BA.5.4 OR BA.5.5 OR BA.5.6 OR BC.1 OR BC.2 OR BD.1 OR BE.1 OR BE.1.1 OR BE.2 OR BF.1 OR BF.1.1,Omicron,13.4285714285714,13.2857142857143,0.98936170212766
2022-05-17,18,16,13.4285714285714,13.1428571428571,0.978723404255319,0.827380554717943,0.999962948066701,B.1.1.529 OR BA.1 OR BA.1.1 OR BA.1.1.1 OR BA.1.1.2 OR BA.1.1.3 OR BA.1.1.4 OR BA.1.1.5 OR BA.1.1.6 OR BA.1.1.7 OR BA.1.1.8 OR BA.1.1.9 OR BA.1.1.10 OR BA.1.1.11 OR BA.1.1.12 OR BA.1.1.13 OR BA.1.1.14 OR BA.1.1.15 OR BA.1.1.16 OR BA.1.1.17 OR BA.1.1.18 OR BA.1.2 OR BA.1.3 OR BA.1.4 OR BA.1.5 OR BA.1.6 OR BA.1.7 OR BA.1.8 OR BA.1.9 OR BA.1.10 OR BA.1.11 OR BA.1.12 OR BA.1.13 OR BA.1.13.1 OR BA.1.14 OR BA.1.14.1 OR BA.1.14.2 OR BA.1.15 OR BA.1.15.1 OR BA.1.15.2 OR BA.1.15.3 OR BA.1.16 OR BA.1.16.1 OR BA.1.16.2 OR BA.1.17 OR BA.1.17.1 OR BA.1.17.2 OR BA.1.18 OR BA.1.19 OR BA.1.20 OR BA.1.21 OR BA.1.21.1 OR BA.1.22 OR BA.1.23 OR BA.1.24 OR BA.2 OR BA.2.1 OR BA.2.2 OR BA.2.2.1 OR BA.2.3 OR BA.2.3.1 OR BA.2.3.2 OR BA.2.3.3 OR BA.2.3.4 OR BA.2.3.5 OR BA.2.3.6 OR BA.2.3.7 OR BA.2.3.8 OR BA.2.3.9 OR BA.2.3.10 OR BA.2.3.11 OR BA.2.3.12 OR BA.2.3.13 OR BA.2.3.14 OR BA.2.3.15 OR BA.2.3.16 OR BA.2.3.17 OR BA.2.3.18 OR BA.2.4 OR BA.2.5 OR BA.2.6 OR BA.2.7 OR BA.2.8 OR BA.2.9 OR BA.2.9.1 OR BA.2.9.2 OR BA.2.9.3 OR BA.2.9.4 OR BA.2.10 OR BA.2.10.1 OR BA.2.10.2 OR BA.2.10.3 OR BA.2.11 OR BA.2.12 OR BA.2.12.1 OR BA.2.12.2 OR BA.2.13 OR BA.2.14 OR BA.2.15 OR BA.2.16 OR BA.2.17 OR BA.2.18 OR BA.2.19 OR BA.2.20 OR BA.2.21 OR BA.2.22 OR BA.2.23 OR BA.2.23.1 OR BA.2.24 OR BA.2.25 OR BA.2.25.1 OR BA.2.26 OR BA.2.27 OR BA.2.28 OR BA.2.29 OR BA.2.30 OR BA.2.31 OR BA.2.32 OR BA.2.33 OR BA.2.34 OR BA.2.35 OR BA.2.36 OR BA.2.37 OR BA.2.38 OR BA.2.39 OR BA.2.40 OR BA.2.40.1 OR BA.2.41 OR BA.2.42 OR BA.2.43 OR BA.2.44 OR BA.2.45 OR BA.2.46 OR BA.2.47 OR BA.2.48 OR BA.2.49 OR BA.2.50 OR BA.2.51 OR BA.2.52 OR BA.2.53 OR BA.2.54 OR BA.2.55 OR BA.2.56 OR BA.2.56.1 OR BA.2.57 OR BA.2.58 OR BA.2.59 OR BA.2.60 OR BA.2.61 OR BA.2.62 OR BA.2.63 OR BA.2.64 OR BA.2.65 OR BA.2.66 OR BA.2.67 OR BA.2.68 OR BA.2.69 OR BA.2.70 OR BA.2.71 OR BA.2.72 OR BA.2.73 OR BA.2.74 OR BA.2.75 OR BA.3 OR BA.3.1 OR BA.4 OR BA.4.1 OR BA.4.1.1 OR BA.4.1.2 OR BA.5 OR BA.5.1 OR BA.5.1.1 OR BA.5.2 OR BA.5.2.1 OR BA.5.2.2 OR BA.5.2.3 OR BA.5.3 OR BA.5.3.1 OR BA.5.3.2 OR BA.5.3.3 OR BA.5.3.4 OR BA.5.4 OR BA.5.5 OR BA.5.6 OR BC.1 OR BC.2 OR BD.1 OR BE.1 OR BE.1.1 OR BE.2 OR BF.1 OR BF.1.1,Omicron,14.3571428571429,14.0714285714286,0.980099502487562
2022-05-18,13,13,14.4285714285714,14.1428571428571,0.98019801980198,0.838446695485806,0.999965547328198,B.1.1.529 OR BA.1 OR BA.1.1 OR BA.1.1.1 OR BA.1.1.2 OR BA.1.1.3 OR BA.1.1.4 OR BA.1.1.5 OR BA.1.1.6 OR BA.1.1.7 OR BA.1.1.8 OR BA.1.1.9 OR BA.1.1.10 OR BA.1.1.11 OR BA.1.1.12 OR BA.1.1.13 OR BA.1.1.14 OR BA.1.1.15 OR BA.1.1.16 OR BA.1.1.17 OR BA.1.1.18 OR BA.1.2 OR BA.1.3 OR BA.1.4 OR BA.1.5 OR BA.1.6 OR BA.1.7 OR BA.1.8 OR BA.1.9 OR BA.1.10 OR BA.1.11 OR BA.1.12 OR BA.1.13 OR BA.1.13.1 OR BA.1.14 OR BA.1.14.1 OR BA.1.14.2 OR BA.1.15 OR BA.1.15.1 OR BA.1.15.2 OR BA.1.15.3 OR BA.1.16 OR BA.1.16.1 OR BA.1.16.2 OR BA.1.17 OR BA.1.17.1 OR BA.1.17.2 OR BA.1.18 OR BA.1.19 OR BA.1.20 OR BA.1.21 OR BA.1.21.1 OR BA.1.22 OR BA.1.23 OR BA.1.24 OR BA.2 OR BA.2.1 OR BA.2.2 OR BA.2.2.1 OR BA.2.3 OR BA.2.3.1 OR BA.2.3.2 OR BA.2.3.3 OR BA.2.3.4 OR BA.2.3.5 OR BA.2.3.6 OR BA.2.3.7 OR BA.2.3.8 OR BA.2.3.9 OR BA.2.3.10 OR BA.2.3.11 OR BA.2.3.12 OR BA.2.3.13 OR BA.2.3.14 OR BA.2.3.15 OR BA.2.3.16 OR BA.2.3.17 OR BA.2.3.18 OR BA.2.4 OR BA.2.5 OR BA.2.6 OR BA.2.7 OR BA.2.8 OR BA.2.9 OR BA.2.9.1 OR BA.2.9.2 OR BA.2.9.3 OR BA.2.9.4 OR BA.2.10 OR BA.2.10.1 OR BA.2.10.2 OR BA.2.10.3 OR BA.2.11 OR BA.2.12 OR BA.2.12.1 OR BA.2.12.2 OR BA.2.13 OR BA.2.14 OR BA.2.15 OR BA.2.16 OR BA.2.17 OR BA.2.18 OR BA.2.19 OR BA.2.20 OR BA.2.21 OR BA.2.22 OR BA.2.23 OR BA.2.23.1 OR BA.2.24 OR BA.2.25 OR BA.2.25.1 OR BA.2.26 OR BA.2.27 OR BA.2.28 OR BA.2.29 OR BA.2.30 OR BA.2.31 OR BA.2.32 OR BA.2.33 OR BA.2.34 OR BA.2.35 OR BA.2.36 OR BA.2.37 OR BA.2.38 OR BA.2.39 OR BA.2.40 OR BA.2.40.1 OR BA.2.41 OR BA.2.42 OR BA.2.43 OR BA.2.44 OR BA.2.45 OR BA.2.46 OR BA.2.47 OR BA.2.48 OR BA.2.49 OR BA.2.50 OR BA.2.51 OR BA.2.52 OR BA.2.53 OR BA.2.54 OR BA.2.55 OR BA.2.56 OR BA.2.56.1 OR BA.2.57 OR BA.2.58 OR BA.2.59 OR BA.2.60 OR BA.2.61 OR BA.2.62 OR BA.2.63 OR BA.2.64 OR BA.2.65 OR BA.2.66 OR BA.2.67 OR BA.2.68 OR BA.2.69 OR BA.2.70 OR BA.2.71 OR BA.2.72 OR BA.2.73 OR BA.2.74 OR BA.2.75 OR BA.3 OR BA.3.1 OR BA.4 OR BA.4.1 OR BA.4.1.1 OR BA.4.1.2 OR BA.5 OR BA.5.1 OR BA.5.1.1 OR BA.5.2 OR BA.5.2.1 OR BA.5.2.2 OR BA.5.2.3 OR BA.5.3 OR BA.5.3.1 OR BA.5.3.2 OR BA.5.3.3 OR BA.5.3.4 OR BA.5.4 OR BA.5.5 OR BA.5.6 OR BC.1 OR BC.2 OR BD.1 OR BE.1 OR BE.1.1 OR BE.2 OR BF.1 OR BF.1.1,Omicron,13.5714285714286,13.3571428571429,0.98421052631579
2022-05-19,20,20,13.5714285714286,13.2857142857143,0.978947368421053,0.711620428991947,0.992181369269896,B.1.1.529 OR BA.1 OR BA.1.1 OR BA.1.1.1 OR BA.1.1.2 OR BA.1.1.3 OR BA.1.1.4 OR BA.1.1.5 OR BA.1.1.6 OR BA.1.1.7 OR BA.1.1.8 OR BA.1.1.9 OR BA.1.1.10 OR BA.1.1.11 OR BA.1.1.12 OR BA.1.1.13 OR BA.1.1.14 OR BA.1.1.15 OR BA.1.1.16 OR BA.1.1.17 OR BA.1.1.18 OR BA.1.2 OR BA.1.3 OR BA.1.4 OR BA.1.5 OR BA.1.6 OR BA.1.7 OR BA.1.8 OR BA.1.9 OR BA.1.10 OR BA.1.11 OR BA.1.12 OR BA.1.13 OR BA.1.13.1 OR BA.1.14 OR BA.1.14.1 OR BA.1.14.2 OR BA.1.15 OR BA.1.15.1 OR BA.1.15.2 OR BA.1.15.3 OR BA.1.16 OR BA.1.16.1 OR BA.1.16.2 OR BA.1.17 OR BA.1.17.1 OR BA.1.17.2 OR BA.1.18 OR BA.1.19 OR BA.1.20 OR BA.1.21 OR BA.1.21.1 OR BA.1.22 OR BA.1.23 OR BA.1.24 OR BA.2 OR BA.2.1 OR BA.2.2 OR BA.2.2.1 OR BA.2.3 OR BA.2.3.1 OR BA.2.3.2 OR BA.2.3.3 OR BA.2.3.4 OR BA.2.3.5 OR BA.2.3.6 OR BA.2.3.7 OR BA.2.3.8 OR BA.2.3.9 OR BA.2.3.10 OR BA.2.3.11 OR BA.2.3.12 OR BA.2.3.13 OR BA.2.3.14 OR BA.2.3.15 OR BA.2.3.16 OR BA.2.3.17 OR BA.2.3.18 OR BA.2.4 OR BA.2.5 OR BA.2.6 OR BA.2.7 OR BA.2.8 OR BA.2.9 OR BA.2.9.1 OR BA.2.9.2 OR BA.2.9.3 OR BA.2.9.4 OR BA.2.10 OR BA.2.10.1 OR BA.2.10.2 OR BA.2.10.3 OR BA.2.11 OR BA.2.12 OR BA.2.12.1 OR BA.2.12.2 OR BA.2.13 OR BA.2.14 OR BA.2.15 OR BA.2.16 OR BA.2.17 OR BA.2.18 OR BA.2.19 OR BA.2.20 OR BA.2.21 OR BA.2.22 OR BA.2.23 OR BA.2.23.1 OR BA.2.24 OR BA.2.25 OR BA.2.25.1 OR BA.2.26 OR BA.2.27 OR BA.2.28 OR BA.2.29 OR BA.2.30 OR BA.2.31 OR BA.2.32 OR BA.2.33 OR BA.2.34 OR BA.2.35 OR BA.2.36 OR BA.2.37 OR BA.2.38 OR BA.2.39 OR BA.2.40 OR BA.2.40.1 OR BA.2.41 OR BA.2.42 OR BA.2.43 OR BA.2.44 OR BA.2.45 OR BA.2.46 OR BA.2.47 OR BA.2.48 OR BA.2.49 OR BA.2.50 OR BA.2.51 OR BA.2.52 OR BA.2.53 OR BA.2.54 OR BA.2.55 OR BA.2.56 OR BA.2.56.1 OR BA.2.57 OR BA.2.58 OR BA.2.59 OR BA.2.60 OR BA.2.61 OR BA.2.62 OR BA.2.63 OR BA.2.64 OR BA.2.65 OR BA.2.66 OR BA.2.67 OR BA.2.68 OR BA.2.69 OR BA.2.70 OR BA.2.71 OR BA.2.72 OR BA.2.73 OR BA.2.74 OR BA.2.75 OR BA.3 OR BA.3.1 OR BA.4 OR BA.4.1 OR BA.4.1.1 OR BA.4.1.2 OR BA.5 OR BA.5.1 OR BA.5.1.1 OR BA.5.2 OR BA.5.2.1 OR BA.5.2.2 OR BA.5.2.3 OR BA.5.3 OR BA.5.3.1 OR BA.5.3.2 OR BA.5.3.3 OR BA.5.3.4 OR BA.5.4 OR BA.5.5 OR BA.5.6 OR BC.1 OR BC.2 OR BD.1 OR BE.1 OR BE.1.1 OR BE.2 OR BF.1 OR BF.1.1,Omicron,14.4285714285714,14.2142857142857,0.985148514851485
2022-05-20,15,15,12.4285714285714,12.1428571428571,0.977011494252874,0.814694061687515,0.999959924689924,B.1.1.529 OR BA.1 OR BA.1.1 OR BA.1.1.1 OR BA.1.1.2 OR BA.1.1.3 OR BA.1.1.4 OR BA.1.1.5 OR BA.1.1.6 OR BA.1.1.7 OR BA.1.1.8 OR BA.1.1.9 OR BA.1.1.10 OR BA.1.1.11 OR BA.1.1.12 OR BA.1.1.13 OR BA.1.1.14 OR BA.1.1.15 OR BA.1.1.16 OR BA.1.1.17 OR BA.1.1.18 OR BA.1.2 OR BA.1.3 OR BA.1.4 OR BA.1.5 OR BA.1.6 OR BA.1.7 OR BA.1.8 OR BA.1.9 OR BA.1.10 OR BA.1.11 OR BA.1.12 OR BA.1.13 OR BA.1.13.1 OR BA.1.14 OR BA.1.14.1 OR BA.1.14.2 OR BA.1.15 OR BA.1.15.1 OR BA.1.15.2 OR BA.1.15.3 OR BA.1.16 OR BA.1.16.1 OR BA.1.16.2 OR BA.1.17 OR BA.1.17.1 OR BA.1.17.2 OR BA.1.18 OR BA.1.19 OR BA.1.20 OR BA.1.21 OR BA.1.21.1 OR BA.1.22 OR BA.1.23 OR BA.1.24 OR BA.2 OR BA.2.1 OR BA.2.2 OR BA.2.2.1 OR BA.2.3 OR BA.2.3.1 OR BA.2.3.2 OR BA.2.3.3 OR BA.2.3.4 OR BA.2.3.5 OR BA.2.3.6 OR BA.2.3.7 OR BA.2.3.8 OR BA.2.3.9 OR BA.2.3.10 OR BA.2.3.11 OR BA.2.3.12 OR BA.2.3.13 OR BA.2.3.14 OR BA.2.3.15 OR BA.2.3.16 OR BA.2.3.17 OR BA.2.3.18 OR BA.2.4 OR BA.2.5 OR BA.2.6 OR BA.2.7 OR BA.2.8 OR BA.2.9 OR BA.2.9.1 OR BA.2.9.2 OR BA.2.9.3 OR BA.2.9.4 OR BA.2.10 OR BA.2.10.1 OR BA.2.10.2 OR BA.2.10.3 OR BA.2.11 OR BA.2.12 OR BA.2.12.1 OR BA.2.12.2 OR BA.2.13 OR BA.2.14 OR BA.2.15 OR BA.2.16 OR BA.2.17 OR BA.2.18 OR BA.2.19 OR BA.2.20 OR BA.2.21 OR BA.2.22 OR BA.2.23 OR BA.2.23.1 OR BA.2.24 OR BA.2.25 OR BA.2.25.1 OR BA.2.26 OR BA.2.27 OR BA.2.28 OR BA.2.29 OR BA.2.30 OR BA.2.31 OR BA.2.32 OR BA.2.33 OR BA.2.34 OR BA.2.35 OR BA.2.36 OR BA.2.37 OR BA.2.38 OR BA.2.39 OR BA.2.40 OR BA.2.40.1 OR BA.2.41 OR BA.2.42 OR BA.2.43 OR BA.2.44 OR BA.2.45 OR BA.2.46 OR BA.2.47 OR BA.2.48 OR BA.2.49 OR BA.2.50 OR BA.2.51 OR BA.2.52 OR BA.2.53 OR BA.2.54 OR BA.2.55 OR BA.2.56 OR BA.2.56.1 OR BA.2.57 OR BA.2.58 OR BA.2.59 OR BA.2.60 OR BA.2.61 OR BA.2.62 OR BA.2.63 OR BA.2.64 OR BA.2.65 OR BA.2.66 OR BA.2.67 OR BA.2.68 OR BA.2.69 OR BA.2.70 OR BA.2.71 OR BA.2.72 OR BA.2.73 OR BA.2.74 OR BA.2.75 OR BA.3 OR BA.3.1 OR BA.4 OR BA.4.1 OR BA.4.1.1 OR BA.4.1.2 OR BA.5 OR BA.5.1 OR BA.5.1.1 OR BA.5.2 OR BA.5.2.1 OR BA.5.2.2 OR BA.5.2.3 OR BA.5.3 OR BA.5.3.1 OR BA.5.3.2 OR BA.5.3.3 OR BA.5.3.4 OR BA.5.4 OR BA.5.5 OR BA.5.6 OR BC.1 OR BC.2 OR BD.1 OR BE.1 OR BE.1.1 OR BE.2 OR BF.1 OR BF.1.1,Omicron,13.0714285714286,12.9285714285714,0.989071038251366
2022-05-21,1,1,12.1428571428571,11.8571428571429,0.976470588235294,0.814694061687515,0.999959924689924,B.1.1.529 OR BA.1 OR BA.1.1 OR BA.1.1.1 OR BA.1.1.2 OR BA.1.1.3 OR BA.1.1.4 OR BA.1.1.5 OR BA.1.1.6 OR BA.1.1.7 OR BA.1.1.8 OR BA.1.1.9 OR BA.1.1.10 OR BA.1.1.11 OR BA.1.1.12 OR BA.1.1.13 OR BA.1.1.14 OR BA.1.1.15 OR BA.1.1.16 OR BA.1.1.17 OR BA.1.1.18 OR BA.1.2 OR BA.1.3 OR BA.1.4 OR BA.1.5 OR BA.1.6 OR BA.1.7 OR BA.1.8 OR BA.1.9 OR BA.1.10 OR BA.1.11 OR BA.1.12 OR BA.1.13 OR BA.1.13.1 OR BA.1.14 OR BA.1.14.1 OR BA.1.14.2 OR BA.1.15 OR BA.1.15.1 OR BA.1.15.2 OR BA.1.15.3 OR BA.1.16 OR BA.1.16.1 OR BA.1.16.2 OR BA.1.17 OR BA.1.17.1 OR BA.1.17.2 OR BA.1.18 OR BA.1.19 OR BA.1.20 OR BA.1.21 OR BA.1.21.1 OR BA.1.22 OR BA.1.23 OR BA.1.24 OR BA.2 OR BA.2.1 OR BA.2.2 OR BA.2.2.1 OR BA.2.3 OR BA.2.3.1 OR BA.2.3.2 OR BA.2.3.3 OR BA.2.3.4 OR BA.2.3.5 OR BA.2.3.6 OR BA.2.3.7 OR BA.2.3.8 OR BA.2.3.9 OR BA.2.3.10 OR BA.2.3.11 OR BA.2.3.12 OR BA.2.3.13 OR BA.2.3.14 OR BA.2.3.15 OR BA.2.3.16 OR BA.2.3.17 OR BA.2.3.18 OR BA.2.4 OR BA.2.5 OR BA.2.6 OR BA.2.7 OR BA.2.8 OR BA.2.9 OR BA.2.9.1 OR BA.2.9.2 OR BA.2.9.3 OR BA.2.9.4 OR BA.2.10 OR BA.2.10.1 OR BA.2.10.2 OR BA.2.10.3 OR BA.2.11 OR BA.2.12 OR BA.2.12.1 OR BA.2.12.2 OR BA.2.13 OR BA.2.14 OR BA.2.15 OR BA.2.16 OR BA.2.17 OR BA.2.18 OR BA.2.19 OR BA.2.20 OR BA.2.21 OR BA.2.22 OR BA.2.23 OR BA.2.23.1 OR BA.2.24 OR BA.2.25 OR BA.2.25.1 OR BA.2.26 OR BA.2.27 OR BA.2.28 OR BA.2.29 OR BA.2.30 OR BA.2.31 OR BA.2.32 OR BA.2.33 OR BA.2.34 OR BA.2.35 OR BA.2.36 OR BA.2.37 OR BA.2.38 OR BA.2.39 OR BA.2.40 OR BA.2.40.1 OR BA.2.41 OR BA.2.42 OR BA.2.43 OR BA.2.44 OR BA.2.45 OR BA.2.46 OR BA.2.47 OR BA.2.48 OR BA.2.49 OR BA.2.50 OR BA.2.51 OR BA.2.52 OR BA.2.53 OR BA.2.54 OR BA.2.55 OR BA.2.56 OR BA.2.56.1 OR BA.2.57 OR BA.2.58 OR BA.2.59 OR BA.2.60 OR BA.2.61 OR BA.2.62 OR BA.2.63 OR BA.2.64 OR BA.2.65 OR BA.2.66 OR BA.2.67 OR BA.2.68 OR BA.2.69 OR BA.2.70 OR BA.2.71 OR BA.2.72 OR BA.2.73 OR BA.2.74 OR BA.2.75 OR BA.3 OR BA.3.1 OR BA.4 OR BA.4.1 OR BA.4.1.1 OR BA.4.1.2 OR BA.5 OR BA.5.1 OR BA.5.1.1 OR BA.5.2 OR BA.5.2.1 OR BA.5.2.2 OR BA.5.2.3 OR BA.5.3 OR BA.5.3.1 OR BA.5.3.2 OR BA.5.3.3 OR BA.5.3.4 OR BA.5.4 OR BA.5.5 OR BA.5.6 OR BC.1 OR BC.2 OR BD.1 OR BE.1 OR BE.1.1 OR BE.2 OR BF.1 OR BF.1.1,Omicron,12.7857142857143,12.6428571428571,0.988826815642458
2022-05-22,5,5,12.5714285714286,12.2857142857143,0.977272727272727,0.692850510293305,0.991570341687786,B.1.1.529 OR BA.1 OR BA.1.1 OR BA.1.1.1 OR BA.1.1.2 OR BA.1.1.3 OR BA.1.1.4 OR BA.1.1.5 OR BA.1.1.6 OR BA.1.1.7 OR BA.1.1.8 OR BA.1.1.9 OR BA.1.1.10 OR BA.1.1.11 OR BA.1.1.12 OR BA.1.1.13 OR BA.1.1.14 OR BA.1.1.15 OR BA.1.1.16 OR BA.1.1.17 OR BA.1.1.18 OR BA.1.2 OR BA.1.3 OR BA.1.4 OR BA.1.5 OR BA.1.6 OR BA.1.7 OR BA.1.8 OR BA.1.9 OR BA.1.10 OR BA.1.11 OR BA.1.12 OR BA.1.13 OR BA.1.13.1 OR BA.1.14 OR BA.1.14.1 OR BA.1.14.2 OR BA.1.15 OR BA.1.15.1 OR BA.1.15.2 OR BA.1.15.3 OR BA.1.16 OR BA.1.16.1 OR BA.1.16.2 OR BA.1.17 OR BA.1.17.1 OR BA.1.17.2 OR BA.1.18 OR BA.1.19 OR BA.1.20 OR BA.1.21 OR BA.1.21.1 OR BA.1.22 OR BA.1.23 OR BA.1.24 OR BA.2 OR BA.2.1 OR BA.2.2 OR BA.2.2.1 OR BA.2.3 OR BA.2.3.1 OR BA.2.3.2 OR BA.2.3.3 OR BA.2.3.4 OR BA.2.3.5 OR BA.2.3.6 OR BA.2.3.7 OR BA.2.3.8 OR BA.2.3.9 OR BA.2.3.10 OR BA.2.3.11 OR BA.2.3.12 OR BA.2.3.13 OR BA.2.3.14 OR BA.2.3.15 OR BA.2.3.16 OR BA.2.3.17 OR BA.2.3.18 OR BA.2.4 OR BA.2.5 OR BA.2.6 OR BA.2.7 OR BA.2.8 OR BA.2.9 OR BA.2.9.1 OR BA.2.9.2 OR BA.2.9.3 OR BA.2.9.4 OR BA.2.10 OR BA.2.10.1 OR BA.2.10.2 OR BA.2.10.3 OR BA.2.11 OR BA.2.12 OR BA.2.12.1 OR BA.2.12.2 OR BA.2.13 OR BA.2.14 OR BA.2.15 OR BA.2.16 OR BA.2.17 OR BA.2.18 OR BA.2.19 OR BA.2.20 OR BA.2.21 OR BA.2.22 OR BA.2.23 OR BA.2.23.1 OR BA.2.24 OR BA.2.25 OR BA.2.25.1 OR BA.2.26 OR BA.2.27 OR BA.2.28 OR BA.2.29 OR BA.2.30 OR BA.2.31 OR BA.2.32 OR BA.2.33 OR BA.2.34 OR BA.2.35 OR BA.2.36 OR BA.2.37 OR BA.2.38 OR BA.2.39 OR BA.2.40 OR BA.2.40.1 OR BA.2.41 OR BA.2.42 OR BA.2.43 OR BA.2.44 OR BA.2.45 OR BA.2.46 OR BA.2.47 OR BA.2.48 OR BA.2.49 OR BA.2.50 OR BA.2.51 OR BA.2.52 OR BA.2.53 OR BA.2.54 OR BA.2.55 OR BA.2.56 OR BA.2.56.1 OR BA.2.57 OR BA.2.58 OR BA.2.59 OR BA.2.60 OR BA.2.61 OR BA.2.62 OR BA.2.63 OR BA.2.64 OR BA.2.65 OR BA.2.66 OR BA.2.67 OR BA.2.68 OR BA.2.69 OR BA.2.70 OR BA.2.71 OR BA.2.72 OR BA.2.73 OR BA.2.74 OR BA.2.75 OR BA.3 OR BA.3.1 OR BA.4 OR BA.4.1 OR BA.4.1.1 OR BA.4.1.2 OR BA.5 OR BA.5.1 OR BA.5.1.1 OR BA.5.2 OR BA.5.2.1 OR BA.5.2.2 OR BA.5.2.3 OR BA.5.3 OR BA.5.3.1 OR BA.5.3.2 OR BA.5.3.3 OR BA.5.3.4 OR BA.5.4 OR BA.5.5 OR BA.5.6 OR BC.1 OR BC.2 OR BD.1 OR BE.1 OR BE.1.1 OR BE.2 OR BF.1 OR BF.1.1,Omicron,12.8571428571429,12.7142857142857,0.988888888888889
2022-05-23,31,31,14.7142857142857,14.4285714285714,0.980582524271845,0.728248685535435,0.992709782212874,B.1.1.529 OR BA.1 OR BA.1.1 OR BA.1.1.1 OR BA.1.1.2 OR BA.1.1.3 OR BA.1.1.4 OR BA.1.1.5 OR BA.1.1.6 OR BA.1.1.7 OR BA.1.1.8 OR BA.1.1.9 OR BA.1.1.10 OR BA.1.1.11 OR BA.1.1.12 OR BA.1.1.13 OR BA.1.1.14 OR BA.1.1.15 OR BA.1.1.16 OR BA.1.1.17 OR BA.1.1.18 OR BA.1.2 OR BA.1.3 OR BA.1.4 OR BA.1.5 OR BA.1.6 OR BA.1.7 OR BA.1.8 OR BA.1.9 OR BA.1.10 OR BA.1.11 OR BA.1.12 OR BA.1.13 OR BA.1.13.1 OR BA.1.14 OR BA.1.14.1 OR BA.1.14.2 OR BA.1.15 OR BA.1.15.1 OR BA.1.15.2 OR BA.1.15.3 OR BA.1.16 OR BA.1.16.1 OR BA.1.16.2 OR BA.1.17 OR BA.1.17.1 OR BA.1.17.2 OR BA.1.18 OR BA.1.19 OR BA.1.20 OR BA.1.21 OR BA.1.21.1 OR BA.1.22 OR BA.1.23 OR BA.1.24 OR BA.2 OR BA.2.1 OR BA.2.2 OR BA.2.2.1 OR BA.2.3 OR BA.2.3.1 OR BA.2.3.2 OR BA.2.3.3 OR BA.2.3.4 OR BA.2.3.5 OR BA.2.3.6 OR BA.2.3.7 OR BA.2.3.8 OR BA.2.3.9 OR BA.2.3.10 OR BA.2.3.11 OR BA.2.3.12 OR BA.2.3.13 OR BA.2.3.14 OR BA.2.3.15 OR BA.2.3.16 OR BA.2.3.17 OR BA.2.3.18 OR BA.2.4 OR BA.2.5 OR BA.2.6 OR BA.2.7 OR BA.2.8 OR BA.2.9 OR BA.2.9.1 OR BA.2.9.2 OR BA.2.9.3 OR BA.2.9.4 OR BA.2.10 OR BA.2.10.1 OR BA.2.10.2 OR BA.2.10.3 OR BA.2.11 OR BA.2.12 OR BA.2.12.1 OR BA.2.12.2 OR BA.2.13 OR BA.2.14 OR BA.2.15 OR BA.2.16 OR BA.2.17 OR BA.2.18 OR BA.2.19 OR BA.2.20 OR BA.2.21 OR BA.2.22 OR BA.2.23 OR BA.2.23.1 OR BA.2.24 OR BA.2.25 OR BA.2.25.1 OR BA.2.26 OR BA.2.27 OR BA.2.28 OR BA.2.29 OR BA.2.30 OR BA.2.31 OR BA.2.32 OR BA.2.33 OR BA.2.34 OR BA.2.35 OR BA.2.36 OR BA.2.37 OR BA.2.38 OR BA.2.39 OR BA.2.40 OR BA.2.40.1 OR BA.2.41 OR BA.2.42 OR BA.2.43 OR BA.2.44 OR BA.2.45 OR BA.2.46 OR BA.2.47 OR BA.2.48 OR BA.2.49 OR BA.2.50 OR BA.2.51 OR BA.2.52 OR BA.2.53 OR BA.2.54 OR BA.2.55 OR BA.2.56 OR BA.2.56.1 OR BA.2.57 OR BA.2.58 OR BA.2.59 OR BA.2.60 OR BA.2.61 OR BA.2.62 OR BA.2.63 OR BA.2.64 OR BA.2.65 OR BA.2.66 OR BA.2.67 OR BA.2.68 OR BA.2.69 OR BA.2.70 OR BA.2.71 OR BA.2.72 OR BA.2.73 OR BA.2.74 OR BA.2.75 OR BA.3 OR BA.3.1 OR BA.4 OR BA.4.1 OR BA.4.1.1 OR BA.4.1.2 OR BA.5 OR BA.5.1 OR BA.5.1.1 OR BA.5.2 OR BA.5.2.1 OR BA.5.2.2 OR BA.5.2.3 OR BA.5.3 OR BA.5.3.1 OR BA.5.3.2 OR BA.5.3.3 OR BA.5.3.4 OR BA.5.4 OR BA.5.5 OR BA.5.6 OR BC.1 OR BC.2 OR BD.1 OR BE.1 OR BE.1.1 OR BE.2 OR BF.1 OR BF.1.1,Omicron,13.8571428571429,13.7142857142857,0.989690721649484
2022-05-24,8,8,13.2857142857143,13.2857142857143,1,0.827380554717943,0.999962948066701,B.1.1.529 OR BA.1 OR BA.1.1 OR BA.1.1.1 OR BA.1.1.2 OR BA.1.1.3 OR BA.1.1.4 OR BA.1.1.5 OR BA.1.1.6 OR BA.1.1.7 OR BA.1.1.8 OR BA.1.1.9 OR BA.1.1.10 OR BA.1.1.11 OR BA.1.1.12 OR BA.1.1.13 OR BA.1.1.14 OR BA.1.1.15 OR BA.1.1.16 OR BA.1.1.17 OR BA.1.1.18 OR BA.1.2 OR BA.1.3 OR BA.1.4 OR BA.1.5 OR BA.1.6 OR BA.1.7 OR BA.1.8 OR BA.1.9 OR BA.1.10 OR BA.1.11 OR BA.1.12 OR BA.1.13 OR BA.1.13.1 OR BA.1.14 OR BA.1.14.1 OR BA.1.14.2 OR BA.1.15 OR BA.1.15.1 OR BA.1.15.2 OR BA.1.15.3 OR BA.1.16 OR BA.1.16.1 OR BA.1.16.2 OR BA.1.17 OR BA.1.17.1 OR BA.1.17.2 OR BA.1.18 OR BA.1.19 OR BA.1.20 OR BA.1.21 OR BA.1.21.1 OR BA.1.22 OR BA.1.23 OR BA.1.24 OR BA.2 OR BA.2.1 OR BA.2.2 OR BA.2.2.1 OR BA.2.3 OR BA.2.3.1 OR BA.2.3.2 OR BA.2.3.3 OR BA.2.3.4 OR BA.2.3.5 OR BA.2.3.6 OR BA.2.3.7 OR BA.2.3.8 OR BA.2.3.9 OR BA.2.3.10 OR BA.2.3.11 OR BA.2.3.12 OR BA.2.3.13 OR BA.2.3.14 OR BA.2.3.15 OR BA.2.3.16 OR BA.2.3.17 OR BA.2.3.18 OR BA.2.4 OR BA.2.5 OR BA.2.6 OR BA.2.7 OR BA.2.8 OR BA.2.9 OR BA.2.9.1 OR BA.2.9.2 OR BA.2.9.3 OR BA.2.9.4 OR BA.2.10 OR BA.2.10.1 OR BA.2.10.2 OR BA.2.10.3 OR BA.2.11 OR BA.2.12 OR BA.2.12.1 OR BA.2.12.2 OR BA.2.13 OR BA.2.14 OR BA.2.15 OR BA.2.16 OR BA.2.17 OR BA.2.18 OR BA.2.19 OR BA.2.20 OR BA.2.21 OR BA.2.22 OR BA.2.23 OR BA.2.23.1 OR BA.2.24 OR BA.2.25 OR BA.2.25.1 OR BA.2.26 OR BA.2.27 OR BA.2.28 OR BA.2.29 OR BA.2.30 OR BA.2.31 OR BA.2.32 OR BA.2.33 OR BA.2.34 OR BA.2.35 OR BA.2.36 OR BA.2.37 OR BA.2.38 OR BA.2.39 OR BA.2.40 OR BA.2.40.1 OR BA.2.41 OR BA.2.42 OR BA.2.43 OR BA.2.44 OR BA.2.45 OR BA.2.46 OR BA.2.47 OR BA.2.48 OR BA.2.49 OR BA.2.50 OR BA.2.51 OR BA.2.52 OR BA.2.53 OR BA.2.54 OR BA.2.55 OR BA.2.56 OR BA.2.56.1 OR BA.2.57 OR BA.2.58 OR BA.2.59 OR BA.2.60 OR BA.2.61 OR BA.2.62 OR BA.2.63 OR BA.2.64 OR BA.2.65 OR BA.2.66 OR BA.2.67 OR BA.2.68 OR BA.2.69 OR BA.2.70 OR BA.2.71 OR BA.2.72 OR BA.2.73 OR BA.2.74 OR BA.2.75 OR BA.3 OR BA.3.1 OR BA.4 OR BA.4.1 OR BA.4.1.1 OR BA.4.1.2 OR BA.5 OR BA.5.1 OR BA.5.1.1 OR BA.5.2 OR BA.5.2.1 OR BA.5.2.2 OR BA.5.2.3 OR BA.5.3 OR BA.5.3.1 OR BA.5.3.2 OR BA.5.3.3 OR BA.5.3.4 OR BA.5.4 OR BA.5.5 OR BA.5.6 OR BC.1 OR BC.2 OR BD.1 OR BE.1 OR BE.1.1 OR BE.2 OR BF.1 OR BF.1.1,Omicron,13.3571428571429,13.2142857142857,0.989304812834225
2022-05-25,13,13,13.2857142857143,13.2857142857143,1,0.827380554717943,0.999962948066701,B.1.1.529 OR BA.1 OR BA.1.1 OR BA.1.1.1 OR BA.1.1.2 OR BA.1.1.3 OR BA.1.1.4 OR BA.1.1.5 OR BA.1.1.6 OR BA.1.1.7 OR BA.1.1.8 OR BA.1.1.9 OR BA.1.1.10 OR BA.1.1.11 OR BA.1.1.12 OR BA.1.1.13 OR BA.1.1.14 OR BA.1.1.15 OR BA.1.1.16 OR BA.1.1.17 OR BA.1.1.18 OR BA.1.2 OR BA.1.3 OR BA.1.4 OR BA.1.5 OR BA.1.6 OR BA.1.7 OR BA.1.8 OR BA.1.9 OR BA.1.10 OR BA.1.11 OR BA.1.12 OR BA.1.13 OR BA.1.13.1 OR BA.1.14 OR BA.1.14.1 OR BA.1.14.2 OR BA.1.15 OR BA.1.15.1 OR BA.1.15.2 OR BA.1.15.3 OR BA.1.16 OR BA.1.16.1 OR BA.1.16.2 OR BA.1.17 OR BA.1.17.1 OR BA.1.17.2 OR BA.1.18 OR BA.1.19 OR BA.1.20 OR BA.1.21 OR BA.1.21.1 OR BA.1.22 OR BA.1.23 OR BA.1.24 OR BA.2 OR BA.2.1 OR BA.2.2 OR BA.2.2.1 OR BA.2.3 OR BA.2.3.1 OR BA.2.3.2 OR BA.2.3.3 OR BA.2.3.4 OR BA.2.3.5 OR BA.2.3.6 OR BA.2.3.7 OR BA.2.3.8 OR BA.2.3.9 OR BA.2.3.10 OR BA.2.3.11 OR BA.2.3.12 OR BA.2.3.13 OR BA.2.3.14 OR BA.2.3.15 OR BA.2.3.16 OR BA.2.3.17 OR BA.2.3.18 OR BA.2.4 OR BA.2.5 OR BA.2.6 OR BA.2.7 OR BA.2.8 OR BA.2.9 OR BA.2.9.1 OR BA.2.9.2 OR BA.2.9.3 OR BA.2.9.4 OR BA.2.10 OR BA.2.10.1 OR BA.2.10.2 OR BA.2.10.3 OR BA.2.11 OR BA.2.12 OR BA.2.12.1 OR BA.2.12.2 OR BA.2.13 OR BA.2.14 OR BA.2.15 OR BA.2.16 OR BA.2.17 OR BA.2.18 OR BA.2.19 OR BA.2.20 OR BA.2.21 OR BA.2.22 OR BA.2.23 OR BA.2.23.1 OR BA.2.24 OR BA.2.25 OR BA.2.25.1 OR BA.2.26 OR BA.2.27 OR BA.2.28 OR BA.2.29 OR BA.2.30 OR BA.2.31 OR BA.2.32 OR BA.2.33 OR BA.2.34 OR BA.2.35 OR BA.2.36 OR BA.2.37 OR BA.2.38 OR BA.2.39 OR BA.2.40 OR BA.2.40.1 OR BA.2.41 OR BA.2.42 OR BA.2.43 OR BA.2.44 OR BA.2.45 OR BA.2.46 OR BA.2.47 OR BA.2.48 OR BA.2.49 OR BA.2.50 OR BA.2.51 OR BA.2.52 OR BA.2.53 OR BA.2.54 OR BA.2.55 OR BA.2.56 OR BA.2.56.1 OR BA.2.57 OR BA.2.58 OR BA.2.59 OR BA.2.60 OR BA.2.61 OR BA.2.62 OR BA.2.63 OR BA.2.64 OR BA.2.65 OR BA.2.66 OR BA.2.67 OR BA.2.68 OR BA.2.69 OR BA.2.70 OR BA.2.71 OR BA.2.72 OR BA.2.73 OR BA.2.74 OR BA.2.75 OR BA.3 OR BA.3.1 OR BA.4 OR BA.4.1 OR BA.4.1.1 OR BA.4.1.2 OR BA.5 OR BA.5.1 OR BA.5.1.1 OR BA.5.2 OR BA.5.2.1 OR BA.5.2.2 OR BA.5.2.3 OR BA.5.3 OR BA.5.3.1 OR BA.5.3.2 OR BA.5.3.3 OR BA.5.3.4 OR BA.5.4 OR BA.5.5 OR BA.5.6 OR BC.1 OR BC.2 OR BD.1 OR BE.1 OR BE.1.1 OR BE.2 OR BF.1 OR BF.1.1,Omicron,13.8571428571429,13.7142857142857,0.989690721649484
2022-05-26,2,2,10.7142857142857,10.7142857142857,1,0.800005430973792,0.999956364201858,B.1.1.529 OR BA.1 OR BA.1.1 OR BA.1.1.1 OR BA.1.1.2 OR BA.1.1.3 OR BA.1.1.4 OR BA.1.1.5 OR BA.1.1.6 OR BA.1.1.7 OR BA.1.1.8 OR BA.1.1.9 OR BA.1.1.10 OR BA.1.1.11 OR BA.1.1.12 OR BA.1.1.13 OR BA.1.1.14 OR BA.1.1.15 OR BA.1.1.16 OR BA.1.1.17 OR BA.1.1.18 OR BA.1.2 OR BA.1.3 OR BA.1.4 OR BA.1.5 OR BA.1.6 OR BA.1.7 OR BA.1.8 OR BA.1.9 OR BA.1.10 OR BA.1.11 OR BA.1.12 OR BA.1.13 OR BA.1.13.1 OR BA.1.14 OR BA.1.14.1 OR BA.1.14.2 OR BA.1.15 OR BA.1.15.1 OR BA.1.15.2 OR BA.1.15.3 OR BA.1.16 OR BA.1.16.1 OR BA.1.16.2 OR BA.1.17 OR BA.1.17.1 OR BA.1.17.2 OR BA.1.18 OR BA.1.19 OR BA.1.20 OR BA.1.21 OR BA.1.21.1 OR BA.1.22 OR BA.1.23 OR BA.1.24 OR BA.2 OR BA.2.1 OR BA.2.2 OR BA.2.2.1 OR BA.2.3 OR BA.2.3.1 OR BA.2.3.2 OR BA.2.3.3 OR BA.2.3.4 OR BA.2.3.5 OR BA.2.3.6 OR BA.2.3.7 OR BA.2.3.8 OR BA.2.3.9 OR BA.2.3.10 OR BA.2.3.11 OR BA.2.3.12 OR BA.2.3.13 OR BA.2.3.14 OR BA.2.3.15 OR BA.2.3.16 OR BA.2.3.17 OR BA.2.3.18 OR BA.2.4 OR BA.2.5 OR BA.2.6 OR BA.2.7 OR BA.2.8 OR BA.2.9 OR BA.2.9.1 OR BA.2.9.2 OR BA.2.9.3 OR BA.2.9.4 OR BA.2.10 OR BA.2.10.1 OR BA.2.10.2 OR BA.2.10.3 OR BA.2.11 OR BA.2.12 OR BA.2.12.1 OR BA.2.12.2 OR BA.2.13 OR BA.2.14 OR BA.2.15 OR BA.2.16 OR BA.2.17 OR BA.2.18 OR BA.2.19 OR BA.2.20 OR BA.2.21 OR BA.2.22 OR BA.2.23 OR BA.2.23.1 OR BA.2.24 OR BA.2.25 OR BA.2.25.1 OR BA.2.26 OR BA.2.27 OR BA.2.28 OR BA.2.29 OR BA.2.30 OR BA.2.31 OR BA.2.32 OR BA.2.33 OR BA.2.34 OR BA.2.35 OR BA.2.36 OR BA.2.37 OR BA.2.38 OR BA.2.39 OR BA.2.40 OR BA.2.40.1 OR BA.2.41 OR BA.2.42 OR BA.2.43 OR BA.2.44 OR BA.2.45 OR BA.2.46 OR BA.2.47 OR BA.2.48 OR BA.2.49 OR BA.2.50 OR BA.2.51 OR BA.2.52 OR BA.2.53 OR BA.2.54 OR BA.2.55 OR BA.2.56 OR BA.2.56.1 OR BA.2.57 OR BA.2.58 OR BA.2.59 OR BA.2.60 OR BA.2.61 OR BA.2.62 OR BA.2.63 OR BA.2.64 OR BA.2.65 OR BA.2.66 OR BA.2.67 OR BA.2.68 OR BA.2.69 OR BA.2.70 OR BA.2.71 OR BA.2.72 OR BA.2.73 OR BA.2.74 OR BA.2.75 OR BA.3 OR BA.3.1 OR BA.4 OR BA.4.1 OR BA.4.1.1 OR BA.4.1.2 OR BA.5 OR BA.5.1 OR BA.5.1.1 OR BA.5.2 OR BA.5.2.1 OR BA.5.2.2 OR BA.5.2.3 OR BA.5.3 OR BA.5.3.1 OR BA.5.3.2 OR BA.5.3.3 OR BA.5.3.4 OR BA.5.4 OR BA.5.5 OR BA.5.6 OR BC.1 OR BC.2 OR BD.1 OR BE.1 OR BE.1.1 OR BE.2 OR BF.1 OR BF.1.1,Omicron,12.1428571428571,12,0.988235294117647
2022-05-27,15,13,10.7142857142857,10.4285714285714,0.973333333333333,0.647024202370781,0.990008539989305,B.1.1.529 OR BA.1 OR BA.1.1 OR BA.1.1.1 OR BA.1.1.2 OR BA.1.1.3 OR BA.1.1.4 OR BA.1.1.5 OR BA.1.1.6 OR BA.1.1.7 OR BA.1.1.8 OR BA.1.1.9 OR BA.1.1.10 OR BA.1.1.11 OR BA.1.1.12 OR BA.1.1.13 OR BA.1.1.14 OR BA.1.1.15 OR BA.1.1.16 OR BA.1.1.17 OR BA.1.1.18 OR BA.1.2 OR BA.1.3 OR BA.1.4 OR BA.1.5 OR BA.1.6 OR BA.1.7 OR BA.1.8 OR BA.1.9 OR BA.1.10 OR BA.1.11 OR BA.1.12 OR BA.1.13 OR BA.1.13.1 OR BA.1.14 OR BA.1.14.1 OR BA.1.14.2 OR BA.1.15 OR BA.1.15.1 OR BA.1.15.2 OR BA.1.15.3 OR BA.1.16 OR BA.1.16.1 OR BA.1.16.2 OR BA.1.17 OR BA.1.17.1 OR BA.1.17.2 OR BA.1.18 OR BA.1.19 OR BA.1.20 OR BA.1.21 OR BA.1.21.1 OR BA.1.22 OR BA.1.23 OR BA.1.24 OR BA.2 OR BA.2.1 OR BA.2.2 OR BA.2.2.1 OR BA.2.3 OR BA.2.3.1 OR BA.2.3.2 OR BA.2.3.3 OR BA.2.3.4 OR BA.2.3.5 OR BA.2.3.6 OR BA.2.3.7 OR BA.2.3.8 OR BA.2.3.9 OR BA.2.3.10 OR BA.2.3.11 OR BA.2.3.12 OR BA.2.3.13 OR BA.2.3.14 OR BA.2.3.15 OR BA.2.3.16 OR BA.2.3.17 OR BA.2.3.18 OR BA.2.4 OR BA.2.5 OR BA.2.6 OR BA.2.7 OR BA.2.8 OR BA.2.9 OR BA.2.9.1 OR BA.2.9.2 OR BA.2.9.3 OR BA.2.9.4 OR BA.2.10 OR BA.2.10.1 OR BA.2.10.2 OR BA.2.10.3 OR BA.2.11 OR BA.2.12 OR BA.2.12.1 OR BA.2.12.2 OR BA.2.13 OR BA.2.14 OR BA.2.15 OR BA.2.16 OR BA.2.17 OR BA.2.18 OR BA.2.19 OR BA.2.20 OR BA.2.21 OR BA.2.22 OR BA.2.23 OR BA.2.23.1 OR BA.2.24 OR BA.2.25 OR BA.2.25.1 OR BA.2.26 OR BA.2.27 OR BA.2.28 OR BA.2.29 OR BA.2.30 OR BA.2.31 OR BA.2.32 OR BA.2.33 OR BA.2.34 OR BA.2.35 OR BA.2.36 OR BA.2.37 OR BA.2.38 OR BA.2.39 OR BA.2.40 OR BA.2.40.1 OR BA.2.41 OR BA.2.42 OR BA.2.43 OR BA.2.44 OR BA.2.45 OR BA.2.46 OR BA.2.47 OR BA.2.48 OR BA.2.49 OR BA.2.50 OR BA.2.51 OR BA.2.52 OR BA.2.53 OR BA.2.54 OR BA.2.55 OR BA.2.56 OR BA.2.56.1 OR BA.2.57 OR BA.2.58 OR BA.2.59 OR BA.2.60 OR BA.2.61 OR BA.2.62 OR BA.2.63 OR BA.2.64 OR BA.2.65 OR BA.2.66 OR BA.2.67 OR BA.2.68 OR BA.2.69 OR BA.2.70 OR BA.2.71 OR BA.2.72 OR BA.2.73 OR BA.2.74 OR BA.2.75 OR BA.3 OR BA.3.1 OR BA.4 OR BA.4.1 OR BA.4.1.1 OR BA.4.1.2 OR BA.5 OR BA.5.1 OR BA.5.1.1 OR BA.5.2 OR BA.5.2.1 OR BA.5.2.2 OR BA.5.2.3 OR BA.5.3 OR BA.5.3.1 OR BA.5.3.2 OR BA.5.3.3 OR BA.5.3.4 OR BA.5.4 OR BA.5.5 OR BA.5.6 OR BC.1 OR BC.2 OR BD.1 OR BE.1 OR BE.1.1 OR BE.2 OR BF.1 OR BF.1.1,Omicron,11.5714285714286,11.2857142857143,0.975308641975309
2022-05-28,3,3,11,10.7142857142857,0.974025974025974,0.800005430973792,0.999956364201858,B.1.1.529 OR BA.1 OR BA.1.1 OR BA.1.1.1 OR BA.1.1.2 OR BA.1.1.3 OR BA.1.1.4 OR BA.1.1.5 OR BA.1.1.6 OR BA.1.1.7 OR BA.1.1.8 OR BA.1.1.9 OR BA.1.1.10 OR BA.1.1.11 OR BA.1.1.12 OR BA.1.1.13 OR BA.1.1.14 OR BA.1.1.15 OR BA.1.1.16 OR BA.1.1.17 OR BA.1.1.18 OR BA.1.2 OR BA.1.3 OR BA.1.4 OR BA.1.5 OR BA.1.6 OR BA.1.7 OR BA.1.8 OR BA.1.9 OR BA.1.10 OR BA.1.11 OR BA.1.12 OR BA.1.13 OR BA.1.13.1 OR BA.1.14 OR BA.1.14.1 OR BA.1.14.2 OR BA.1.15 OR BA.1.15.1 OR BA.1.15.2 OR BA.1.15.3 OR BA.1.16 OR BA.1.16.1 OR BA.1.16.2 OR BA.1.17 OR BA.1.17.1 OR BA.1.17.2 OR BA.1.18 OR BA.1.19 OR BA.1.20 OR BA.1.21 OR BA.1.21.1 OR BA.1.22 OR BA.1.23 OR BA.1.24 OR BA.2 OR BA.2.1 OR BA.2.2 OR BA.2.2.1 OR BA.2.3 OR BA.2.3.1 OR BA.2.3.2 OR BA.2.3.3 OR BA.2.3.4 OR BA.2.3.5 OR BA.2.3.6 OR BA.2.3.7 OR BA.2.3.8 OR BA.2.3.9 OR BA.2.3.10 OR BA.2.3.11 OR BA.2.3.12 OR BA.2.3.13 OR BA.2.3.14 OR BA.2.3.15 OR BA.2.3.16 OR BA.2.3.17 OR BA.2.3.18 OR BA.2.4 OR BA.2.5 OR BA.2.6 OR BA.2.7 OR BA.2.8 OR BA.2.9 OR BA.2.9.1 OR BA.2.9.2 OR BA.2.9.3 OR BA.2.9.4 OR BA.2.10 OR BA.2.10.1 OR BA.2.10.2 OR BA.2.10.3 OR BA.2.11 OR BA.2.12 OR BA.2.12.1 OR BA.2.12.2 OR BA.2.13 OR BA.2.14 OR BA.2.15 OR BA.2.16 OR BA.2.17 OR BA.2.18 OR BA.2.19 OR BA.2.20 OR BA.2.21 OR BA.2.22 OR BA.2.23 OR BA.2.23.1 OR BA.2.24 OR BA.2.25 OR BA.2.25.1 OR BA.2.26 OR BA.2.27 OR BA.2.28 OR BA.2.29 OR BA.2.30 OR BA.2.31 OR BA.2.32 OR BA.2.33 OR BA.2.34 OR BA.2.35 OR BA.2.36 OR BA.2.37 OR BA.2.38 OR BA.2.39 OR BA.2.40 OR BA.2.40.1 OR BA.2.41 OR BA.2.42 OR BA.2.43 OR BA.2.44 OR BA.2.45 OR BA.2.46 OR BA.2.47 OR BA.2.48 OR BA.2.49 OR BA.2.50 OR BA.2.51 OR BA.2.52 OR BA.2.53 OR BA.2.54 OR BA.2.55 OR BA.2.56 OR BA.2.56.1 OR BA.2.57 OR BA.2.58 OR BA.2.59 OR BA.2.60 OR BA.2.61 OR BA.2.62 OR BA.2.63 OR BA.2.64 OR BA.2.65 OR BA.2.66 OR BA.2.67 OR BA.2.68 OR BA.2.69 OR BA.2.70 OR BA.2.71 OR BA.2.72 OR BA.2.73 OR BA.2.74 OR BA.2.75 OR BA.3 OR BA.3.1 OR BA.4 OR BA.4.1 OR BA.4.1.1 OR BA.4.1.2 OR BA.5 OR BA.5.1 OR BA.5.1.1 OR BA.5.2 OR BA.5.2.1 OR BA.5.2.2 OR BA.5.2.3 OR BA.5.3 OR BA.5.3.1 OR BA.5.3.2 OR BA.5.3.3 OR BA.5.3.4 OR BA.5.4 OR BA.5.5 OR BA.5.6 OR BC.1 OR BC.2 OR BD.1 OR BE.1 OR BE.1.1 OR BE.2 OR BF.1 OR BF.1.1,Omicron,11.5714285714286,11.2857142857143,0.975308641975309
2022-05-29,3,3,10.7142857142857,10.4285714285714,0.973333333333333,0.647024202370781,0.990008539989305,B.1.1.529 OR BA.1 OR BA.1.1 OR BA.1.1.1 OR BA.1.1.2 OR BA.1.1.3 OR BA.1.1.4 OR BA.1.1.5 OR BA.1.1.6 OR BA.1.1.7 OR BA.1.1.8 OR BA.1.1.9 OR BA.1.1.10 OR BA.1.1.11 OR BA.1.1.12 OR BA.1.1.13 OR BA.1.1.14 OR BA.1.1.15 OR BA.1.1.16 OR BA.1.1.17 OR BA.1.1.18 OR BA.1.2 OR BA.1.3 OR BA.1.4 OR BA.1.5 OR BA.1.6 OR BA.1.7 OR BA.1.8 OR BA.1.9 OR BA.1.10 OR BA.1.11 OR BA.1.12 OR BA.1.13 OR BA.1.13.1 OR BA.1.14 OR BA.1.14.1 OR BA.1.14.2 OR BA.1.15 OR BA.1.15.1 OR BA.1.15.2 OR BA.1.15.3 OR BA.1.16 OR BA.1.16.1 OR BA.1.16.2 OR BA.1.17 OR BA.1.17.1 OR BA.1.17.2 OR BA.1.18 OR BA.1.19 OR BA.1.20 OR BA.1.21 OR BA.1.21.1 OR BA.1.22 OR BA.1.23 OR BA.1.24 OR BA.2 OR BA.2.1 OR BA.2.2 OR BA.2.2.1 OR BA.2.3 OR BA.2.3.1 OR BA.2.3.2 OR BA.2.3.3 OR BA.2.3.4 OR BA.2.3.5 OR BA.2.3.6 OR BA.2.3.7 OR BA.2.3.8 OR BA.2.3.9 OR BA.2.3.10 OR BA.2.3.11 OR BA.2.3.12 OR BA.2.3.13 OR BA.2.3.14 OR BA.2.3.15 OR BA.2.3.16 OR BA.2.3.17 OR BA.2.3.18 OR BA.2.4 OR BA.2.5 OR BA.2.6 OR BA.2.7 OR BA.2.8 OR BA.2.9 OR BA.2.9.1 OR BA.2.9.2 OR BA.2.9.3 OR BA.2.9.4 OR BA.2.10 OR BA.2.10.1 OR BA.2.10.2 OR BA.2.10.3 OR BA.2.11 OR BA.2.12 OR BA.2.12.1 OR BA.2.12.2 OR BA.2.13 OR BA.2.14 OR BA.2.15 OR BA.2.16 OR BA.2.17 OR BA.2.18 OR BA.2.19 OR BA.2.20 OR BA.2.21 OR BA.2.22 OR BA.2.23 OR BA.2.23.1 OR BA.2.24 OR BA.2.25 OR BA.2.25.1 OR BA.2.26 OR BA.2.27 OR BA.2.28 OR BA.2.29 OR BA.2.30 OR BA.2.31 OR BA.2.32 OR BA.2.33 OR BA.2.34 OR BA.2.35 OR BA.2.36 OR BA.2.37 OR BA.2.38 OR BA.2.39 OR BA.2.40 OR BA.2.40.1 OR BA.2.41 OR BA.2.42 OR BA.2.43 OR BA.2.44 OR BA.2.45 OR BA.2.46 OR BA.2.47 OR BA.2.48 OR BA.2.49 OR BA.2.50 OR BA.2.51 OR BA.2.52 OR BA.2.53 OR BA.2.54 OR BA.2.55 OR BA.2.56 OR BA.2.56.1 OR BA.2.57 OR BA.2.58 OR BA.2.59 OR BA.2.60 OR BA.2.61 OR BA.2.62 OR BA.2.63 OR BA.2.64 OR BA.2.65 OR BA.2.66 OR BA.2.67 OR BA.2.68 OR BA.2.69 OR BA.2.70 OR BA.2.71 OR BA.2.72 OR BA.2.73 OR BA.2.74 OR BA.2.75 OR BA.3 OR BA.3.1 OR BA.4 OR BA.4.1 OR BA.4.1.1 OR BA.4.1.2 OR BA.5 OR BA.5.1 OR BA.5.1.1 OR BA.5.2 OR BA.5.2.1 OR BA.5.2.2 OR BA.5.2.3 OR BA.5.3 OR BA.5.3.1 OR BA.5.3.2 OR BA.5.3.3 OR BA.5.3.4 OR BA.5.4 OR BA.5.5 OR BA.5.6 OR BC.1 OR BC.2 OR BD.1 OR BE.1 OR BE.1.1 OR BE.2 OR BF.1 OR BF.1.1,Omicron,11.6428571428571,11.3571428571429,0.975460122699386
2022-05-30,5,5,7,6.71428571428571,0.959183673469388,0.70756382633769,0.999932313535756,B.1.1.529 OR BA.1 OR BA.1.1 OR BA.1.1.1 OR BA.1.1.2 OR BA.1.1.3 OR BA.1.1.4 OR BA.1.1.5 OR BA.1.1.6 OR BA.1.1.7 OR BA.1.1.8 OR BA.1.1.9 OR BA.1.1.10 OR BA.1.1.11 OR BA.1.1.12 OR BA.1.1.13 OR BA.1.1.14 OR BA.1.1.15 OR BA.1.1.16 OR BA.1.1.17 OR BA.1.1.18 OR BA.1.2 OR BA.1.3 OR BA.1.4 OR BA.1.5 OR BA.1.6 OR BA.1.7 OR BA.1.8 OR BA.1.9 OR BA.1.10 OR BA.1.11 OR BA.1.12 OR BA.1.13 OR BA.1.13.1 OR BA.1.14 OR BA.1.14.1 OR BA.1.14.2 OR BA.1.15 OR BA.1.15.1 OR BA.1.15.2 OR BA.1.15.3 OR BA.1.16 OR BA.1.16.1 OR BA.1.16.2 OR BA.1.17 OR BA.1.17.1 OR BA.1.17.2 OR BA.1.18 OR BA.1.19 OR BA.1.20 OR BA.1.21 OR BA.1.21.1 OR BA.1.22 OR BA.1.23 OR BA.1.24 OR BA.2 OR BA.2.1 OR BA.2.2 OR BA.2.2.1 OR BA.2.3 OR BA.2.3.1 OR BA.2.3.2 OR BA.2.3.3 OR BA.2.3.4 OR BA.2.3.5 OR BA.2.3.6 OR BA.2.3.7 OR BA.2.3.8 OR BA.2.3.9 OR BA.2.3.10 OR BA.2.3.11 OR BA.2.3.12 OR BA.2.3.13 OR BA.2.3.14 OR BA.2.3.15 OR BA.2.3.16 OR BA.2.3.17 OR BA.2.3.18 OR BA.2.4 OR BA.2.5 OR BA.2.6 OR BA.2.7 OR BA.2.8 OR BA.2.9 OR BA.2.9.1 OR BA.2.9.2 OR BA.2.9.3 OR BA.2.9.4 OR BA.2.10 OR BA.2.10.1 OR BA.2.10.2 OR BA.2.10.3 OR BA.2.11 OR BA.2.12 OR BA.2.12.1 OR BA.2.12.2 OR BA.2.13 OR BA.2.14 OR BA.2.15 OR BA.2.16 OR BA.2.17 OR BA.2.18 OR BA.2.19 OR BA.2.20 OR BA.2.21 OR BA.2.22 OR BA.2.23 OR BA.2.23.1 OR BA.2.24 OR BA.2.25 OR BA.2.25.1 OR BA.2.26 OR BA.2.27 OR BA.2.28 OR BA.2.29 OR BA.2.30 OR BA.2.31 OR BA.2.32 OR BA.2.33 OR BA.2.34 OR BA.2.35 OR BA.2.36 OR BA.2.37 OR BA.2.38 OR BA.2.39 OR BA.2.40 OR BA.2.40.1 OR BA.2.41 OR BA.2.42 OR BA.2.43 OR BA.2.44 OR BA.2.45 OR BA.2.46 OR BA.2.47 OR BA.2.48 OR BA.2.49 OR BA.2.50 OR BA.2.51 OR BA.2.52 OR BA.2.53 OR BA.2.54 OR BA.2.55 OR BA.2.56 OR BA.2.56.1 OR BA.2.57 OR BA.2.58 OR BA.2.59 OR BA.2.60 OR BA.2.61 OR BA.2.62 OR BA.2.63 OR BA.2.64 OR BA.2.65 OR BA.2.66 OR BA.2.67 OR BA.2.68 OR BA.2.69 OR BA.2.70 OR BA.2.71 OR BA.2.72 OR BA.2.73 OR BA.2.74 OR BA.2.75 OR BA.3 OR BA.3.1 OR BA.4 OR BA.4.1 OR BA.4.1.1 OR BA.4.1.2 OR BA.5 OR BA.5.1 OR BA.5.1.1 OR BA.5.2 OR BA.5.2.1 OR BA.5.2.2 OR BA.5.2.3 OR BA.5.3 OR BA.5.3.1 OR BA.5.3.2 OR BA.5.3.3 OR BA.5.3.4 OR BA.5.4 OR BA.5.5 OR BA.5.6 OR BC.1 OR BC.2 OR BD.1 OR BE.1 OR BE.1.1 OR BE.2 OR BF.1 OR BF.1.1,Omicron,10.8571428571429,10.5714285714286,0.973684210526316
2022-05-31,5,5,6.57142857142857,6.28571428571429,0.956521739130435,0.499202538380922,0.984123475787253,B.1.1.529 OR BA.1 OR BA.1.1 OR BA.1.1.1 OR BA.1.1.2 OR BA.1.1.3 OR BA.1.1.4 OR BA.1.1.5 OR BA.1.1.6 OR BA.1.1.7 OR BA.1.1.8 OR BA.1.1.9 OR BA.1.1.10 OR BA.1.1.11 OR BA.1.1.12 OR BA.1.1.13 OR BA.1.1.14 OR BA.1.1.15 OR BA.1.1.16 OR BA.1.1.17 OR BA.1.1.18 OR BA.1.2 OR BA.1.3 OR BA.1.4 OR BA.1.5 OR BA.1.6 OR BA.1.7 OR BA.1.8 OR BA.1.9 OR BA.1.10 OR BA.1.11 OR BA.1.12 OR BA.1.13 OR BA.1.13.1 OR BA.1.14 OR BA.1.14.1 OR BA.1.14.2 OR BA.1.15 OR BA.1.15.1 OR BA.1.15.2 OR BA.1.15.3 OR BA.1.16 OR BA.1.16.1 OR BA.1.16.2 OR BA.1.17 OR BA.1.17.1 OR BA.1.17.2 OR BA.1.18 OR BA.1.19 OR BA.1.20 OR BA.1.21 OR BA.1.21.1 OR BA.1.22 OR BA.1.23 OR BA.1.24 OR BA.2 OR BA.2.1 OR BA.2.2 OR BA.2.2.1 OR BA.2.3 OR BA.2.3.1 OR BA.2.3.2 OR BA.2.3.3 OR BA.2.3.4 OR BA.2.3.5 OR BA.2.3.6 OR BA.2.3.7 OR BA.2.3.8 OR BA.2.3.9 OR BA.2.3.10 OR BA.2.3.11 OR BA.2.3.12 OR BA.2.3.13 OR BA.2.3.14 OR BA.2.3.15 OR BA.2.3.16 OR BA.2.3.17 OR BA.2.3.18 OR BA.2.4 OR BA.2.5 OR BA.2.6 OR BA.2.7 OR BA.2.8 OR BA.2.9 OR BA.2.9.1 OR BA.2.9.2 OR BA.2.9.3 OR BA.2.9.4 OR BA.2.10 OR BA.2.10.1 OR BA.2.10.2 OR BA.2.10.3 OR BA.2.11 OR BA.2.12 OR BA.2.12.1 OR BA.2.12.2 OR BA.2.13 OR BA.2.14 OR BA.2.15 OR BA.2.16 OR BA.2.17 OR BA.2.18 OR BA.2.19 OR BA.2.20 OR BA.2.21 OR BA.2.22 OR BA.2.23 OR BA.2.23.1 OR BA.2.24 OR BA.2.25 OR BA.2.25.1 OR BA.2.26 OR BA.2.27 OR BA.2.28 OR BA.2.29 OR BA.2.30 OR BA.2.31 OR BA.2.32 OR BA.2.33 OR BA.2.34 OR BA.2.35 OR BA.2.36 OR BA.2.37 OR BA.2.38 OR BA.2.39 OR BA.2.40 OR BA.2.40.1 OR BA.2.41 OR BA.2.42 OR BA.2.43 OR BA.2.44 OR BA.2.45 OR BA.2.46 OR BA.2.47 OR BA.2.48 OR BA.2.49 OR BA.2.50 OR BA.2.51 OR BA.2.52 OR BA.2.53 OR BA.2.54 OR BA.2.55 OR BA.2.56 OR BA.2.56.1 OR BA.2.57 OR BA.2.58 OR BA.2.59 OR BA.2.60 OR BA.2.61 OR BA.2.62 OR BA.2.63 OR BA.2.64 OR BA.2.65 OR BA.2.66 OR BA.2.67 OR BA.2.68 OR BA.2.69 OR BA.2.70 OR BA.2.71 OR BA.2.72 OR BA.2.73 OR BA.2.74 OR BA.2.75 OR BA.3 OR BA.3.1 OR BA.4 OR BA.4.1 OR BA.4.1.1 OR BA.4.1.2 OR BA.5 OR BA.5.1 OR BA.5.1.1 OR BA.5.2 OR BA.5.2.1 OR BA.5.2.2 OR BA.5.2.3 OR BA.5.3 OR BA.5.3.1 OR BA.5.3.2 OR BA.5.3.3 OR BA.5.3.4 OR BA.5.4 OR BA.5.5 OR BA.5.6 OR BC.1 OR BC.2 OR BD.1 OR BE.1 OR BE.1.1 OR BE.2 OR BF.1 OR BF.1.1,Omicron,9.92857142857143,9.78571428571429,0.985611510791367
2022-06-01,8,8,5.85714285714286,5.57142857142857,0.951219512195122,0.66961109084845,0.999921500151634,B.1.1.529 OR BA.1 OR BA.1.1 OR BA.1.1.1 OR BA.1.1.2 OR BA.1.1.3 OR BA.1.1.4 OR BA.1.1.5 OR BA.1.1.6 OR BA.1.1.7 OR BA.1.1.8 OR BA.1.1.9 OR BA.1.1.10 OR BA.1.1.11 OR BA.1.1.12 OR BA.1.1.13 OR BA.1.1.14 OR BA.1.1.15 OR BA.1.1.16 OR BA.1.1.17 OR BA.1.1.18 OR BA.1.2 OR BA.1.3 OR BA.1.4 OR BA.1.5 OR BA.1.6 OR BA.1.7 OR BA.1.8 OR BA.1.9 OR BA.1.10 OR BA.1.11 OR BA.1.12 OR BA.1.13 OR BA.1.13.1 OR BA.1.14 OR BA.1.14.1 OR BA.1.14.2 OR BA.1.15 OR BA.1.15.1 OR BA.1.15.2 OR BA.1.15.3 OR BA.1.16 OR BA.1.16.1 OR BA.1.16.2 OR BA.1.17 OR BA.1.17.1 OR BA.1.17.2 OR BA.1.18 OR BA.1.19 OR BA.1.20 OR BA.1.21 OR BA.1.21.1 OR BA.1.22 OR BA.1.23 OR BA.1.24 OR BA.2 OR BA.2.1 OR BA.2.2 OR BA.2.2.1 OR BA.2.3 OR BA.2.3.1 OR BA.2.3.2 OR BA.2.3.3 OR BA.2.3.4 OR BA.2.3.5 OR BA.2.3.6 OR BA.2.3.7 OR BA.2.3.8 OR BA.2.3.9 OR BA.2.3.10 OR BA.2.3.11 OR BA.2.3.12 OR BA.2.3.13 OR BA.2.3.14 OR BA.2.3.15 OR BA.2.3.16 OR BA.2.3.17 OR BA.2.3.18 OR BA.2.4 OR BA.2.5 OR BA.2.6 OR BA.2.7 OR BA.2.8 OR BA.2.9 OR BA.2.9.1 OR BA.2.9.2 OR BA.2.9.3 OR BA.2.9.4 OR BA.2.10 OR BA.2.10.1 OR BA.2.10.2 OR BA.2.10.3 OR BA.2.11 OR BA.2.12 OR BA.2.12.1 OR BA.2.12.2 OR BA.2.13 OR BA.2.14 OR BA.2.15 OR BA.2.16 OR BA.2.17 OR BA.2.18 OR BA.2.19 OR BA.2.20 OR BA.2.21 OR BA.2.22 OR BA.2.23 OR BA.2.23.1 OR BA.2.24 OR BA.2.25 OR BA.2.25.1 OR BA.2.26 OR BA.2.27 OR BA.2.28 OR BA.2.29 OR BA.2.30 OR BA.2.31 OR BA.2.32 OR BA.2.33 OR BA.2.34 OR BA.2.35 OR BA.2.36 OR BA.2.37 OR BA.2.38 OR BA.2.39 OR BA.2.40 OR BA.2.40.1 OR BA.2.41 OR BA.2.42 OR BA.2.43 OR BA.2.44 OR BA.2.45 OR BA.2.46 OR BA.2.47 OR BA.2.48 OR BA.2.49 OR BA.2.50 OR BA.2.51 OR BA.2.52 OR BA.2.53 OR BA.2.54 OR BA.2.55 OR BA.2.56 OR BA.2.56.1 OR BA.2.57 OR BA.2.58 OR BA.2.59 OR BA.2.60 OR BA.2.61 OR BA.2.62 OR BA.2.63 OR BA.2.64 OR BA.2.65 OR BA.2.66 OR BA.2.67 OR BA.2.68 OR BA.2.69 OR BA.2.70 OR BA.2.71 OR BA.2.72 OR BA.2.73 OR BA.2.74 OR BA.2.75 OR BA.3 OR BA.3.1 OR BA.4 OR BA.4.1 OR BA.4.1.1 OR BA.4.1.2 OR BA.5 OR BA.5.1 OR BA.5.1.1 OR BA.5.2 OR BA.5.2.1 OR BA.5.2.2 OR BA.5.2.3 OR BA.5.3 OR BA.5.3.1 OR BA.5.3.2 OR BA.5.3.3 OR BA.5.3.4 OR BA.5.4 OR BA.5.5 OR BA.5.6 OR BC.1 OR BC.2 OR BD.1 OR BE.1 OR BE.1.1 OR BE.2 OR BF.1 OR BF.1.1,Omicron,9.57142857142857,9.42857142857143,0.985074626865672
2022-06-02,10,9,7,6.57142857142857,0.938775510204082,0.70756382633769,0.999932313535756,B.1.1.529 OR BA.1 OR BA.1.1 OR BA.1.1.1 OR BA.1.1.2 OR BA.1.1.3 OR BA.1.1.4 OR BA.1.1.5 OR BA.1.1.6 OR BA.1.1.7 OR BA.1.1.8 OR BA.1.1.9 OR BA.1.1.10 OR BA.1.1.11 OR BA.1.1.12 OR BA.1.1.13 OR BA.1.1.14 OR BA.1.1.15 OR BA.1.1.16 OR BA.1.1.17 OR BA.1.1.18 OR BA.1.2 OR BA.1.3 OR BA.1.4 OR BA.1.5 OR BA.1.6 OR BA.1.7 OR BA.1.8 OR BA.1.9 OR BA.1.10 OR BA.1.11 OR BA.1.12 OR BA.1.13 OR BA.1.13.1 OR BA.1.14 OR BA.1.14.1 OR BA.1.14.2 OR BA.1.15 OR BA.1.15.1 OR BA.1.15.2 OR BA.1.15.3 OR BA.1.16 OR BA.1.16.1 OR BA.1.16.2 OR BA.1.17 OR BA.1.17.1 OR BA.1.17.2 OR BA.1.18 OR BA.1.19 OR BA.1.20 OR BA.1.21 OR BA.1.21.1 OR BA.1.22 OR BA.1.23 OR BA.1.24 OR BA.2 OR BA.2.1 OR BA.2.2 OR BA.2.2.1 OR BA.2.3 OR BA.2.3.1 OR BA.2.3.2 OR BA.2.3.3 OR BA.2.3.4 OR BA.2.3.5 OR BA.2.3.6 OR BA.2.3.7 OR BA.2.3.8 OR BA.2.3.9 OR BA.2.3.10 OR BA.2.3.11 OR BA.2.3.12 OR BA.2.3.13 OR BA.2.3.14 OR BA.2.3.15 OR BA.2.3.16 OR BA.2.3.17 OR BA.2.3.18 OR BA.2.4 OR BA.2.5 OR BA.2.6 OR BA.2.7 OR BA.2.8 OR BA.2.9 OR BA.2.9.1 OR BA.2.9.2 OR BA.2.9.3 OR BA.2.9.4 OR BA.2.10 OR BA.2.10.1 OR BA.2.10.2 OR BA.2.10.3 OR BA.2.11 OR BA.2.12 OR BA.2.12.1 OR BA.2.12.2 OR BA.2.13 OR BA.2.14 OR BA.2.15 OR BA.2.16 OR BA.2.17 OR BA.2.18 OR BA.2.19 OR BA.2.20 OR BA.2.21 OR BA.2.22 OR BA.2.23 OR BA.2.23.1 OR BA.2.24 OR BA.2.25 OR BA.2.25.1 OR BA.2.26 OR BA.2.27 OR BA.2.28 OR BA.2.29 OR BA.2.30 OR BA.2.31 OR BA.2.32 OR BA.2.33 OR BA.2.34 OR BA.2.35 OR BA.2.36 OR BA.2.37 OR BA.2.38 OR BA.2.39 OR BA.2.40 OR BA.2.40.1 OR BA.2.41 OR BA.2.42 OR BA.2.43 OR BA.2.44 OR BA.2.45 OR BA.2.46 OR BA.2.47 OR BA.2.48 OR BA.2.49 OR BA.2.50 OR BA.2.51 OR BA.2.52 OR BA.2.53 OR BA.2.54 OR BA.2.55 OR BA.2.56 OR BA.2.56.1 OR BA.2.57 OR BA.2.58 OR BA.2.59 OR BA.2.60 OR BA.2.61 OR BA.2.62 OR BA.2.63 OR BA.2.64 OR BA.2.65 OR BA.2.66 OR BA.2.67 OR BA.2.68 OR BA.2.69 OR BA.2.70 OR BA.2.71 OR BA.2.72 OR BA.2.73 OR BA.2.74 OR BA.2.75 OR BA.3 OR BA.3.1 OR BA.4 OR BA.4.1 OR BA.4.1.1 OR BA.4.1.2 OR BA.5 OR BA.5.1 OR BA.5.1.1 OR BA.5.2 OR BA.5.2.1 OR BA.5.2.2 OR BA.5.2.3 OR BA.5.3 OR BA.5.3.1 OR BA.5.3.2 OR BA.5.3.3 OR BA.5.3.4 OR BA.5.4 OR BA.5.5 OR BA.5.6 OR BC.1 OR BC.2 OR BD.1 OR BE.1 OR BE.1.1 OR BE.2 OR BF.1 OR BF.1.1,Omicron,8.85714285714286,8.64285714285714,0.975806451612903
2022-06-03,6,6,5.71428571428571,5.57142857142857,0.975,0.66961109084845,0.999921500151634,B.1.1.529 OR BA.1 OR BA.1.1 OR BA.1.1.1 OR BA.1.1.2 OR BA.1.1.3 OR BA.1.1.4 OR BA.1.1.5 OR BA.1.1.6 OR BA.1.1.7 OR BA.1.1.8 OR BA.1.1.9 OR BA.1.1.10 OR BA.1.1.11 OR BA.1.1.12 OR BA.1.1.13 OR BA.1.1.14 OR BA.1.1.15 OR BA.1.1.16 OR BA.1.1.17 OR BA.1.1.18 OR BA.1.2 OR BA.1.3 OR BA.1.4 OR BA.1.5 OR BA.1.6 OR BA.1.7 OR BA.1.8 OR BA.1.9 OR BA.1.10 OR BA.1.11 OR BA.1.12 OR BA.1.13 OR BA.1.13.1 OR BA.1.14 OR BA.1.14.1 OR BA.1.14.2 OR BA.1.15 OR BA.1.15.1 OR BA.1.15.2 OR BA.1.15.3 OR BA.1.16 OR BA.1.16.1 OR BA.1.16.2 OR BA.1.17 OR BA.1.17.1 OR BA.1.17.2 OR BA.1.18 OR BA.1.19 OR BA.1.20 OR BA.1.21 OR BA.1.21.1 OR BA.1.22 OR BA.1.23 OR BA.1.24 OR BA.2 OR BA.2.1 OR BA.2.2 OR BA.2.2.1 OR BA.2.3 OR BA.2.3.1 OR BA.2.3.2 OR BA.2.3.3 OR BA.2.3.4 OR BA.2.3.5 OR BA.2.3.6 OR BA.2.3.7 OR BA.2.3.8 OR BA.2.3.9 OR BA.2.3.10 OR BA.2.3.11 OR BA.2.3.12 OR BA.2.3.13 OR BA.2.3.14 OR BA.2.3.15 OR BA.2.3.16 OR BA.2.3.17 OR BA.2.3.18 OR BA.2.4 OR BA.2.5 OR BA.2.6 OR BA.2.7 OR BA.2.8 OR BA.2.9 OR BA.2.9.1 OR BA.2.9.2 OR BA.2.9.3 OR BA.2.9.4 OR BA.2.10 OR BA.2.10.1 OR BA.2.10.2 OR BA.2.10.3 OR BA.2.11 OR BA.2.12 OR BA.2.12.1 OR BA.2.12.2 OR BA.2.13 OR BA.2.14 OR BA.2.15 OR BA.2.16 OR BA.2.17 OR BA.2.18 OR BA.2.19 OR BA.2.20 OR BA.2.21 OR BA.2.22 OR BA.2.23 OR BA.2.23.1 OR BA.2.24 OR BA.2.25 OR BA.2.25.1 OR BA.2.26 OR BA.2.27 OR BA.2.28 OR BA.2.29 OR BA.2.30 OR BA.2.31 OR BA.2.32 OR BA.2.33 OR BA.2.34 OR BA.2.35 OR BA.2.36 OR BA.2.37 OR BA.2.38 OR BA.2.39 OR BA.2.40 OR BA.2.40.1 OR BA.2.41 OR BA.2.42 OR BA.2.43 OR BA.2.44 OR BA.2.45 OR BA.2.46 OR BA.2.47 OR BA.2.48 OR BA.2.49 OR BA.2.50 OR BA.2.51 OR BA.2.52 OR BA.2.53 OR BA.2.54 OR BA.2.55 OR BA.2.56 OR BA.2.56.1 OR BA.2.57 OR BA.2.58 OR BA.2.59 OR BA.2.60 OR BA.2.61 OR BA.2.62 OR BA.2.63 OR BA.2.64 OR BA.2.65 OR BA.2.66 OR BA.2.67 OR BA.2.68 OR BA.2.69 OR BA.2.70 OR BA.2.71 OR BA.2.72 OR BA.2.73 OR BA.2.74 OR BA.2.75 OR BA.3 OR BA.3.1 OR BA.4 OR BA.4.1 OR BA.4.1.1 OR BA.4.1.2 OR BA.5 OR BA.5.1 OR BA.5.1.1 OR BA.5.2 OR BA.5.2.1 OR BA.5.2.2 OR BA.5.2.3 OR BA.5.3 OR BA.5.3.1 OR BA.5.3.2 OR BA.5.3.3 OR BA.5.3.4 OR BA.5.4 OR BA.5.5 OR BA.5.6 OR BC.1 OR BC.2 OR BD.1 OR BE.1 OR BE.1.1 OR BE.2 OR BF.1 OR BF.1.1,Omicron,8.21428571428571,8,0.973913043478261
2022-06-04,3,3,5.71428571428571,5.57142857142857,0.975,0.66961109084845,0.999921500151634,B.1.1.529 OR BA.1 OR BA.1.1 OR BA.1.1.1 OR BA.1.1.2 OR BA.1.1.3 OR BA.1.1.4 OR BA.1.1.5 OR BA.1.1.6 OR BA.1.1.7 OR BA.1.1.8 OR BA.1.1.9 OR BA.1.1.10 OR BA.1.1.11 OR BA.1.1.12 OR BA.1.1.13 OR BA.1.1.14 OR BA.1.1.15 OR BA.1.1.16 OR BA.1.1.17 OR BA.1.1.18 OR BA.1.2 OR BA.1.3 OR BA.1.4 OR BA.1.5 OR BA.1.6 OR BA.1.7 OR BA.1.8 OR BA.1.9 OR BA.1.10 OR BA.1.11 OR BA.1.12 OR BA.1.13 OR BA.1.13.1 OR BA.1.14 OR BA.1.14.1 OR BA.1.14.2 OR BA.1.15 OR BA.1.15.1 OR BA.1.15.2 OR BA.1.15.3 OR BA.1.16 OR BA.1.16.1 OR BA.1.16.2 OR BA.1.17 OR BA.1.17.1 OR BA.1.17.2 OR BA.1.18 OR BA.1.19 OR BA.1.20 OR BA.1.21 OR BA.1.21.1 OR BA.1.22 OR BA.1.23 OR BA.1.24 OR BA.2 OR BA.2.1 OR BA.2.2 OR BA.2.2.1 OR BA.2.3 OR BA.2.3.1 OR BA.2.3.2 OR BA.2.3.3 OR BA.2.3.4 OR BA.2.3.5 OR BA.2.3.6 OR BA.2.3.7 OR BA.2.3.8 OR BA.2.3.9 OR BA.2.3.10 OR BA.2.3.11 OR BA.2.3.12 OR BA.2.3.13 OR BA.2.3.14 OR BA.2.3.15 OR BA.2.3.16 OR BA.2.3.17 OR BA.2.3.18 OR BA.2.4 OR BA.2.5 OR BA.2.6 OR BA.2.7 OR BA.2.8 OR BA.2.9 OR BA.2.9.1 OR BA.2.9.2 OR BA.2.9.3 OR BA.2.9.4 OR BA.2.10 OR BA.2.10.1 OR BA.2.10.2 OR BA.2.10.3 OR BA.2.11 OR BA.2.12 OR BA.2.12.1 OR BA.2.12.2 OR BA.2.13 OR BA.2.14 OR BA.2.15 OR BA.2.16 OR BA.2.17 OR BA.2.18 OR BA.2.19 OR BA.2.20 OR BA.2.21 OR BA.2.22 OR BA.2.23 OR BA.2.23.1 OR BA.2.24 OR BA.2.25 OR BA.2.25.1 OR BA.2.26 OR BA.2.27 OR BA.2.28 OR BA.2.29 OR BA.2.30 OR BA.2.31 OR BA.2.32 OR BA.2.33 OR BA.2.34 OR BA.2.35 OR BA.2.36 OR BA.2.37 OR BA.2.38 OR BA.2.39 OR BA.2.40 OR BA.2.40.1 OR BA.2.41 OR BA.2.42 OR BA.2.43 OR BA.2.44 OR BA.2.45 OR BA.2.46 OR BA.2.47 OR BA.2.48 OR BA.2.49 OR BA.2.50 OR BA.2.51 OR BA.2.52 OR BA.2.53 OR BA.2.54 OR BA.2.55 OR BA.2.56 OR BA.2.56.1 OR BA.2.57 OR BA.2.58 OR BA.2.59 OR BA.2.60 OR BA.2.61 OR BA.2.62 OR BA.2.63 OR BA.2.64 OR BA.2.65 OR BA.2.66 OR BA.2.67 OR BA.2.68 OR BA.2.69 OR BA.2.70 OR BA.2.71 OR BA.2.72 OR BA.2.73 OR BA.2.74 OR BA.2.75 OR BA.3 OR BA.3.1 OR BA.4 OR BA.4.1 OR BA.4.1.1 OR BA.4.1.2 OR BA.5 OR BA.5.1 OR BA.5.1.1 OR BA.5.2 OR BA.5.2.1 OR BA.5.2.2 OR BA.5.2.3 OR BA.5.3 OR BA.5.3.1 OR BA.5.3.2 OR BA.5.3.3 OR BA.5.3.4 OR BA.5.4 OR BA.5.5 OR BA.5.6 OR BC.1 OR BC.2 OR BD.1 OR BE.1 OR BE.1.1 OR BE.2 OR BF.1 OR BF.1.1,Omicron,8.35714285714286,8.14285714285714,0.974358974358974
2022-06-05,2,2,5.57142857142857,5.42857142857143,0.974358974358974,0.441943226390752,0.981379872880558,B.1.1.529 OR BA.1 OR BA.1.1 OR BA.1.1.1 OR BA.1.1.2 OR BA.1.1.3 OR BA.1.1.4 OR BA.1.1.5 OR BA.1.1.6 OR BA.1.1.7 OR BA.1.1.8 OR BA.1.1.9 OR BA.1.1.10 OR BA.1.1.11 OR BA.1.1.12 OR BA.1.1.13 OR BA.1.1.14 OR BA.1.1.15 OR BA.1.1.16 OR BA.1.1.17 OR BA.1.1.18 OR BA.1.2 OR BA.1.3 OR BA.1.4 OR BA.1.5 OR BA.1.6 OR BA.1.7 OR BA.1.8 OR BA.1.9 OR BA.1.10 OR BA.1.11 OR BA.1.12 OR BA.1.13 OR BA.1.13.1 OR BA.1.14 OR BA.1.14.1 OR BA.1.14.2 OR BA.1.15 OR BA.1.15.1 OR BA.1.15.2 OR BA.1.15.3 OR BA.1.16 OR BA.1.16.1 OR BA.1.16.2 OR BA.1.17 OR BA.1.17.1 OR BA.1.17.2 OR BA.1.18 OR BA.1.19 OR BA.1.20 OR BA.1.21 OR BA.1.21.1 OR BA.1.22 OR BA.1.23 OR BA.1.24 OR BA.2 OR BA.2.1 OR BA.2.2 OR BA.2.2.1 OR BA.2.3 OR BA.2.3.1 OR BA.2.3.2 OR BA.2.3.3 OR BA.2.3.4 OR BA.2.3.5 OR BA.2.3.6 OR BA.2.3.7 OR BA.2.3.8 OR BA.2.3.9 OR BA.2.3.10 OR BA.2.3.11 OR BA.2.3.12 OR BA.2.3.13 OR BA.2.3.14 OR BA.2.3.15 OR BA.2.3.16 OR BA.2.3.17 OR BA.2.3.18 OR BA.2.4 OR BA.2.5 OR BA.2.6 OR BA.2.7 OR BA.2.8 OR BA.2.9 OR BA.2.9.1 OR BA.2.9.2 OR BA.2.9.3 OR BA.2.9.4 OR BA.2.10 OR BA.2.10.1 OR BA.2.10.2 OR BA.2.10.3 OR BA.2.11 OR BA.2.12 OR BA.2.12.1 OR BA.2.12.2 OR BA.2.13 OR BA.2.14 OR BA.2.15 OR BA.2.16 OR BA.2.17 OR BA.2.18 OR BA.2.19 OR BA.2.20 OR BA.2.21 OR BA.2.22 OR BA.2.23 OR BA.2.23.1 OR BA.2.24 OR BA.2.25 OR BA.2.25.1 OR BA.2.26 OR BA.2.27 OR BA.2.28 OR BA.2.29 OR BA.2.30 OR BA.2.31 OR BA.2.32 OR BA.2.33 OR BA.2.34 OR BA.2.35 OR BA.2.36 OR BA.2.37 OR BA.2.38 OR BA.2.39 OR BA.2.40 OR BA.2.40.1 OR BA.2.41 OR BA.2.42 OR BA.2.43 OR BA.2.44 OR BA.2.45 OR BA.2.46 OR BA.2.47 OR BA.2.48 OR BA.2.49 OR BA.2.50 OR BA.2.51 OR BA.2.52 OR BA.2.53 OR BA.2.54 OR BA.2.55 OR BA.2.56 OR BA.2.56.1 OR BA.2.57 OR BA.2.58 OR BA.2.59 OR BA.2.60 OR BA.2.61 OR BA.2.62 OR BA.2.63 OR BA.2.64 OR BA.2.65 OR BA.2.66 OR BA.2.67 OR BA.2.68 OR BA.2.69 OR BA.2.70 OR BA.2.71 OR BA.2.72 OR BA.2.73 OR BA.2.74 OR BA.2.75 OR BA.3 OR BA.3.1 OR BA.4 OR BA.4.1 OR BA.4.1.1 OR BA.4.1.2 OR BA.5 OR BA.5.1 OR BA.5.1.1 OR BA.5.2 OR BA.5.2.1 OR BA.5.2.2 OR BA.5.2.3 OR BA.5.3 OR BA.5.3.1 OR BA.5.3.2 OR BA.5.3.3 OR BA.5.3.4 OR BA.5.4 OR BA.5.5 OR BA.5.6 OR BC.1 OR BC.2 OR BD.1 OR BE.1 OR BE.1.1 OR BE.2 OR BF.1 OR BF.1.1,Omicron,8.14285714285714,7.92857142857143,0.973684210526316
2022-06-06,25,25,8.42857142857143,8.28571428571429,0.983050847457627,0.737782751282814,0.999940509697106,B.1.1.529 OR BA.1 OR BA.1.1 OR BA.1.1.1 OR BA.1.1.2 OR BA.1.1.3 OR BA.1.1.4 OR BA.1.1.5 OR BA.1.1.6 OR BA.1.1.7 OR BA.1.1.8 OR BA.1.1.9 OR BA.1.1.10 OR BA.1.1.11 OR BA.1.1.12 OR BA.1.1.13 OR BA.1.1.14 OR BA.1.1.15 OR BA.1.1.16 OR BA.1.1.17 OR BA.1.1.18 OR BA.1.2 OR BA.1.3 OR BA.1.4 OR BA.1.5 OR BA.1.6 OR BA.1.7 OR BA.1.8 OR BA.1.9 OR BA.1.10 OR BA.1.11 OR BA.1.12 OR BA.1.13 OR BA.1.13.1 OR BA.1.14 OR BA.1.14.1 OR BA.1.14.2 OR BA.1.15 OR BA.1.15.1 OR BA.1.15.2 OR BA.1.15.3 OR BA.1.16 OR BA.1.16.1 OR BA.1.16.2 OR BA.1.17 OR BA.1.17.1 OR BA.1.17.2 OR BA.1.18 OR BA.1.19 OR BA.1.20 OR BA.1.21 OR BA.1.21.1 OR BA.1.22 OR BA.1.23 OR BA.1.24 OR BA.2 OR BA.2.1 OR BA.2.2 OR BA.2.2.1 OR BA.2.3 OR BA.2.3.1 OR BA.2.3.2 OR BA.2.3.3 OR BA.2.3.4 OR BA.2.3.5 OR BA.2.3.6 OR BA.2.3.7 OR BA.2.3.8 OR BA.2.3.9 OR BA.2.3.10 OR BA.2.3.11 OR BA.2.3.12 OR BA.2.3.13 OR BA.2.3.14 OR BA.2.3.15 OR BA.2.3.16 OR BA.2.3.17 OR BA.2.3.18 OR BA.2.4 OR BA.2.5 OR BA.2.6 OR BA.2.7 OR BA.2.8 OR BA.2.9 OR BA.2.9.1 OR BA.2.9.2 OR BA.2.9.3 OR BA.2.9.4 OR BA.2.10 OR BA.2.10.1 OR BA.2.10.2 OR BA.2.10.3 OR BA.2.11 OR BA.2.12 OR BA.2.12.1 OR BA.2.12.2 OR BA.2.13 OR BA.2.14 OR BA.2.15 OR BA.2.16 OR BA.2.17 OR BA.2.18 OR BA.2.19 OR BA.2.20 OR BA.2.21 OR BA.2.22 OR BA.2.23 OR BA.2.23.1 OR BA.2.24 OR BA.2.25 OR BA.2.25.1 OR BA.2.26 OR BA.2.27 OR BA.2.28 OR BA.2.29 OR BA.2.30 OR BA.2.31 OR BA.2.32 OR BA.2.33 OR BA.2.34 OR BA.2.35 OR BA.2.36 OR BA.2.37 OR BA.2.38 OR BA.2.39 OR BA.2.40 OR BA.2.40.1 OR BA.2.41 OR BA.2.42 OR BA.2.43 OR BA.2.44 OR BA.2.45 OR BA.2.46 OR BA.2.47 OR BA.2.48 OR BA.2.49 OR BA.2.50 OR BA.2.51 OR BA.2.52 OR BA.2.53 OR BA.2.54 OR BA.2.55 OR BA.2.56 OR BA.2.56.1 OR BA.2.57 OR BA.2.58 OR BA.2.59 OR BA.2.60 OR BA.2.61 OR BA.2.62 OR BA.2.63 OR BA.2.64 OR BA.2.65 OR BA.2.66 OR BA.2.67 OR BA.2.68 OR BA.2.69 OR BA.2.70 OR BA.2.71 OR BA.2.72 OR BA.2.73 OR BA.2.74 OR BA.2.75 OR BA.3 OR BA.3.1 OR BA.4 OR BA.4.1 OR BA.4.1.1 OR BA.4.1.2 OR BA.5 OR BA.5.1 OR BA.5.1.1 OR BA.5.2 OR BA.5.2.1 OR BA.5.2.2 OR BA.5.2.3 OR BA.5.3 OR BA.5.3.1 OR BA.5.3.2 OR BA.5.3.3 OR BA.5.3.4 OR BA.5.4 OR BA.5.5 OR BA.5.6 OR BC.1 OR BC.2 OR BD.1 OR BE.1 OR BE.1.1 OR BE.2 OR BF.1 OR BF.1.1,Omicron,7.71428571428571,7.5,0.972222222222222
2022-06-07,10,10,9.14285714285714,9,0.984375,0.762389901367097,0.999946935946581,B.1.1.529 OR BA.1 OR BA.1.1 OR BA.1.1.1 OR BA.1.1.2 OR BA.1.1.3 OR BA.1.1.4 OR BA.1.1.5 OR BA.1.1.6 OR BA.1.1.7 OR BA.1.1.8 OR BA.1.1.9 OR BA.1.1.10 OR BA.1.1.11 OR BA.1.1.12 OR BA.1.1.13 OR BA.1.1.14 OR BA.1.1.15 OR BA.1.1.16 OR BA.1.1.17 OR BA.1.1.18 OR BA.1.2 OR BA.1.3 OR BA.1.4 OR BA.1.5 OR BA.1.6 OR BA.1.7 OR BA.1.8 OR BA.1.9 OR BA.1.10 OR BA.1.11 OR BA.1.12 OR BA.1.13 OR BA.1.13.1 OR BA.1.14 OR BA.1.14.1 OR BA.1.14.2 OR BA.1.15 OR BA.1.15.1 OR BA.1.15.2 OR BA.1.15.3 OR BA.1.16 OR BA.1.16.1 OR BA.1.16.2 OR BA.1.17 OR BA.1.17.1 OR BA.1.17.2 OR BA.1.18 OR BA.1.19 OR BA.1.20 OR BA.1.21 OR BA.1.21.1 OR BA.1.22 OR BA.1.23 OR BA.1.24 OR BA.2 OR BA.2.1 OR BA.2.2 OR BA.2.2.1 OR BA.2.3 OR BA.2.3.1 OR BA.2.3.2 OR BA.2.3.3 OR BA.2.3.4 OR BA.2.3.5 OR BA.2.3.6 OR BA.2.3.7 OR BA.2.3.8 OR BA.2.3.9 OR BA.2.3.10 OR BA.2.3.11 OR BA.2.3.12 OR BA.2.3.13 OR BA.2.3.14 OR BA.2.3.15 OR BA.2.3.16 OR BA.2.3.17 OR BA.2.3.18 OR BA.2.4 OR BA.2.5 OR BA.2.6 OR BA.2.7 OR BA.2.8 OR BA.2.9 OR BA.2.9.1 OR BA.2.9.2 OR BA.2.9.3 OR BA.2.9.4 OR BA.2.10 OR BA.2.10.1 OR BA.2.10.2 OR BA.2.10.3 OR BA.2.11 OR BA.2.12 OR BA.2.12.1 OR BA.2.12.2 OR BA.2.13 OR BA.2.14 OR BA.2.15 OR BA.2.16 OR BA.2.17 OR BA.2.18 OR BA.2.19 OR BA.2.20 OR BA.2.21 OR BA.2.22 OR BA.2.23 OR BA.2.23.1 OR BA.2.24 OR BA.2.25 OR BA.2.25.1 OR BA.2.26 OR BA.2.27 OR BA.2.28 OR BA.2.29 OR BA.2.30 OR BA.2.31 OR BA.2.32 OR BA.2.33 OR BA.2.34 OR BA.2.35 OR BA.2.36 OR BA.2.37 OR BA.2.38 OR BA.2.39 OR BA.2.40 OR BA.2.40.1 OR BA.2.41 OR BA.2.42 OR BA.2.43 OR BA.2.44 OR BA.2.45 OR BA.2.46 OR BA.2.47 OR BA.2.48 OR BA.2.49 OR BA.2.50 OR BA.2.51 OR BA.2.52 OR BA.2.53 OR BA.2.54 OR BA.2.55 OR BA.2.56 OR BA.2.56.1 OR BA.2.57 OR BA.2.58 OR BA.2.59 OR BA.2.60 OR BA.2.61 OR BA.2.62 OR BA.2.63 OR BA.2.64 OR BA.2.65 OR BA.2.66 OR BA.2.67 OR BA.2.68 OR BA.2.69 OR BA.2.70 OR BA.2.71 OR BA.2.72 OR BA.2.73 OR BA.2.74 OR BA.2.75 OR BA.3 OR BA.3.1 OR BA.4 OR BA.4.1 OR BA.4.1.1 OR BA.4.1.2 OR BA.5 OR BA.5.1 OR BA.5.1.1 OR BA.5.2 OR BA.5.2.1 OR BA.5.2.2 OR BA.5.2.3 OR BA.5.3 OR BA.5.3.1 OR BA.5.3.2 OR BA.5.3.3 OR BA.5.3.4 OR BA.5.4 OR BA.5.5 OR BA.5.6 OR BC.1 OR BC.2 OR BD.1 OR BE.1 OR BE.1.1 OR BE.2 OR BF.1 OR BF.1.1,Omicron,7.85714285714286,7.64285714285714,0.972727272727273
2022-06-08,4,4,8.57142857142857,8.42857142857143,0.983333333333333,0.585530722559467,0.98773591237838,B.1.1.529 OR BA.1 OR BA.1.1 OR BA.1.1.1 OR BA.1.1.2 OR BA.1.1.3 OR BA.1.1.4 OR BA.1.1.5 OR BA.1.1.6 OR BA.1.1.7 OR BA.1.1.8 OR BA.1.1.9 OR BA.1.1.10 OR BA.1.1.11 OR BA.1.1.12 OR BA.1.1.13 OR BA.1.1.14 OR BA.1.1.15 OR BA.1.1.16 OR BA.1.1.17 OR BA.1.1.18 OR BA.1.2 OR BA.1.3 OR BA.1.4 OR BA.1.5 OR BA.1.6 OR BA.1.7 OR BA.1.8 OR BA.1.9 OR BA.1.10 OR BA.1.11 OR BA.1.12 OR BA.1.13 OR BA.1.13.1 OR BA.1.14 OR BA.1.14.1 OR BA.1.14.2 OR BA.1.15 OR BA.1.15.1 OR BA.1.15.2 OR BA.1.15.3 OR BA.1.16 OR BA.1.16.1 OR BA.1.16.2 OR BA.1.17 OR BA.1.17.1 OR BA.1.17.2 OR BA.1.18 OR BA.1.19 OR BA.1.20 OR BA.1.21 OR BA.1.21.1 OR BA.1.22 OR BA.1.23 OR BA.1.24 OR BA.2 OR BA.2.1 OR BA.2.2 OR BA.2.2.1 OR BA.2.3 OR BA.2.3.1 OR BA.2.3.2 OR BA.2.3.3 OR BA.2.3.4 OR BA.2.3.5 OR BA.2.3.6 OR BA.2.3.7 OR BA.2.3.8 OR BA.2.3.9 OR BA.2.3.10 OR BA.2.3.11 OR BA.2.3.12 OR BA.2.3.13 OR BA.2.3.14 OR BA.2.3.15 OR BA.2.3.16 OR BA.2.3.17 OR BA.2.3.18 OR BA.2.4 OR BA.2.5 OR BA.2.6 OR BA.2.7 OR BA.2.8 OR BA.2.9 OR BA.2.9.1 OR BA.2.9.2 OR BA.2.9.3 OR BA.2.9.4 OR BA.2.10 OR BA.2.10.1 OR BA.2.10.2 OR BA.2.10.3 OR BA.2.11 OR BA.2.12 OR BA.2.12.1 OR BA.2.12.2 OR BA.2.13 OR BA.2.14 OR BA.2.15 OR BA.2.16 OR BA.2.17 OR BA.2.18 OR BA.2.19 OR BA.2.20 OR BA.2.21 OR BA.2.22 OR BA.2.23 OR BA.2.23.1 OR BA.2.24 OR BA.2.25 OR BA.2.25.1 OR BA.2.26 OR BA.2.27 OR BA.2.28 OR BA.2.29 OR BA.2.30 OR BA.2.31 OR BA.2.32 OR BA.2.33 OR BA.2.34 OR BA.2.35 OR BA.2.36 OR BA.2.37 OR BA.2.38 OR BA.2.39 OR BA.2.40 OR BA.2.40.1 OR BA.2.41 OR BA.2.42 OR BA.2.43 OR BA.2.44 OR BA.2.45 OR BA.2.46 OR BA.2.47 OR BA.2.48 OR BA.2.49 OR BA.2.50 OR BA.2.51 OR BA.2.52 OR BA.2.53 OR BA.2.54 OR BA.2.55 OR BA.2.56 OR BA.2.56.1 OR BA.2.57 OR BA.2.58 OR BA.2.59 OR BA.2.60 OR BA.2.61 OR BA.2.62 OR BA.2.63 OR BA.2.64 OR BA.2.65 OR BA.2.66 OR BA.2.67 OR BA.2.68 OR BA.2.69 OR BA.2.70 OR BA.2.71 OR BA.2.72 OR BA.2.73 OR BA.2.74 OR BA.2.75 OR BA.3 OR BA.3.1 OR BA.4 OR BA.4.1 OR BA.4.1.1 OR BA.4.1.2 OR BA.5 OR BA.5.1 OR BA.5.1.1 OR BA.5.2 OR BA.5.2.1 OR BA.5.2.2 OR BA.5.2.3 OR BA.5.3 OR BA.5.3.1 OR BA.5.3.2 OR BA.5.3.3 OR BA.5.3.4 OR BA.5.4 OR BA.5.5 OR BA.5.6 OR BC.1 OR BC.2 OR BD.1 OR BE.1 OR BE.1.1 OR BE.2 OR BF.1 OR BF.1.1,Omicron,7.21428571428571,7,0.97029702970297
2022-06-09,6,6,8,8,1,0.737782751282814,0.999940509697106,B.1.1.529 OR BA.1 OR BA.1.1 OR BA.1.1.1 OR BA.1.1.2 OR BA.1.1.3 OR BA.1.1.4 OR BA.1.1.5 OR BA.1.1.6 OR BA.1.1.7 OR BA.1.1.8 OR BA.1.1.9 OR BA.1.1.10 OR BA.1.1.11 OR BA.1.1.12 OR BA.1.1.13 OR BA.1.1.14 OR BA.1.1.15 OR BA.1.1.16 OR BA.1.1.17 OR BA.1.1.18 OR BA.1.2 OR BA.1.3 OR BA.1.4 OR BA.1.5 OR BA.1.6 OR BA.1.7 OR BA.1.8 OR BA.1.9 OR BA.1.10 OR BA.1.11 OR BA.1.12 OR BA.1.13 OR BA.1.13.1 OR BA.1.14 OR BA.1.14.1 OR BA.1.14.2 OR BA.1.15 OR BA.1.15.1 OR BA.1.15.2 OR BA.1.15.3 OR BA.1.16 OR BA.1.16.1 OR BA.1.16.2 OR BA.1.17 OR BA.1.17.1 OR BA.1.17.2 OR BA.1.18 OR BA.1.19 OR BA.1.20 OR BA.1.21 OR BA.1.21.1 OR BA.1.22 OR BA.1.23 OR BA.1.24 OR BA.2 OR BA.2.1 OR BA.2.2 OR BA.2.2.1 OR BA.2.3 OR BA.2.3.1 OR BA.2.3.2 OR BA.2.3.3 OR BA.2.3.4 OR BA.2.3.5 OR BA.2.3.6 OR BA.2.3.7 OR BA.2.3.8 OR BA.2.3.9 OR BA.2.3.10 OR BA.2.3.11 OR BA.2.3.12 OR BA.2.3.13 OR BA.2.3.14 OR BA.2.3.15 OR BA.2.3.16 OR BA.2.3.17 OR BA.2.3.18 OR BA.2.4 OR BA.2.5 OR BA.2.6 OR BA.2.7 OR BA.2.8 OR BA.2.9 OR BA.2.9.1 OR BA.2.9.2 OR BA.2.9.3 OR BA.2.9.4 OR BA.2.10 OR BA.2.10.1 OR BA.2.10.2 OR BA.2.10.3 OR BA.2.11 OR BA.2.12 OR BA.2.12.1 OR BA.2.12.2 OR BA.2.13 OR BA.2.14 OR BA.2.15 OR BA.2.16 OR BA.2.17 OR BA.2.18 OR BA.2.19 OR BA.2.20 OR BA.2.21 OR BA.2.22 OR BA.2.23 OR BA.2.23.1 OR BA.2.24 OR BA.2.25 OR BA.2.25.1 OR BA.2.26 OR BA.2.27 OR BA.2.28 OR BA.2.29 OR BA.2.30 OR BA.2.31 OR BA.2.32 OR BA.2.33 OR BA.2.34 OR BA.2.35 OR BA.2.36 OR BA.2.37 OR BA.2.38 OR BA.2.39 OR BA.2.40 OR BA.2.40.1 OR BA.2.41 OR BA.2.42 OR BA.2.43 OR BA.2.44 OR BA.2.45 OR BA.2.46 OR BA.2.47 OR BA.2.48 OR BA.2.49 OR BA.2.50 OR BA.2.51 OR BA.2.52 OR BA.2.53 OR BA.2.54 OR BA.2.55 OR BA.2.56 OR BA.2.56.1 OR BA.2.57 OR BA.2.58 OR BA.2.59 OR BA.2.60 OR BA.2.61 OR BA.2.62 OR BA.2.63 OR BA.2.64 OR BA.2.65 OR BA.2.66 OR BA.2.67 OR BA.2.68 OR BA.2.69 OR BA.2.70 OR BA.2.71 OR BA.2.72 OR BA.2.73 OR BA.2.74 OR BA.2.75 OR BA.3 OR BA.3.1 OR BA.4 OR BA.4.1 OR BA.4.1.1 OR BA.4.1.2 OR BA.5 OR BA.5.1 OR BA.5.1.1 OR BA.5.2 OR BA.5.2.1 OR BA.5.2.2 OR BA.5.2.3 OR BA.5.3 OR BA.5.3.1 OR BA.5.3.2 OR BA.5.3.3 OR BA.5.3.4 OR BA.5.4 OR BA.5.5 OR BA.5.6 OR BC.1 OR BC.2 OR BD.1 OR BE.1 OR BE.1.1 OR BE.2 OR BF.1 OR BF.1.1,Omicron,7.5,7.28571428571429,0.971428571428571
2022-06-10,12,10,8.85714285714286,8.57142857142857,0.967741935483871,0.762389901367097,0.999946935946581,B.1.1.529 OR BA.1 OR BA.1.1 OR BA.1.1.1 OR BA.1.1.2 OR BA.1.1.3 OR BA.1.1.4 OR BA.1.1.5 OR BA.1.1.6 OR BA.1.1.7 OR BA.1.1.8 OR BA.1.1.9 OR BA.1.1.10 OR BA.1.1.11 OR BA.1.1.12 OR BA.1.1.13 OR BA.1.1.14 OR BA.1.1.15 OR BA.1.1.16 OR BA.1.1.17 OR BA.1.1.18 OR BA.1.2 OR BA.1.3 OR BA.1.4 OR BA.1.5 OR BA.1.6 OR BA.1.7 OR BA.1.8 OR BA.1.9 OR BA.1.10 OR BA.1.11 OR BA.1.12 OR BA.1.13 OR BA.1.13.1 OR BA.1.14 OR BA.1.14.1 OR BA.1.14.2 OR BA.1.15 OR BA.1.15.1 OR BA.1.15.2 OR BA.1.15.3 OR BA.1.16 OR BA.1.16.1 OR BA.1.16.2 OR BA.1.17 OR BA.1.17.1 OR BA.1.17.2 OR BA.1.18 OR BA.1.19 OR BA.1.20 OR BA.1.21 OR BA.1.21.1 OR BA.1.22 OR BA.1.23 OR BA.1.24 OR BA.2 OR BA.2.1 OR BA.2.2 OR BA.2.2.1 OR BA.2.3 OR BA.2.3.1 OR BA.2.3.2 OR BA.2.3.3 OR BA.2.3.4 OR BA.2.3.5 OR BA.2.3.6 OR BA.2.3.7 OR BA.2.3.8 OR BA.2.3.9 OR BA.2.3.10 OR BA.2.3.11 OR BA.2.3.12 OR BA.2.3.13 OR BA.2.3.14 OR BA.2.3.15 OR BA.2.3.16 OR BA.2.3.17 OR BA.2.3.18 OR BA.2.4 OR BA.2.5 OR BA.2.6 OR BA.2.7 OR BA.2.8 OR BA.2.9 OR BA.2.9.1 OR BA.2.9.2 OR BA.2.9.3 OR BA.2.9.4 OR BA.2.10 OR BA.2.10.1 OR BA.2.10.2 OR BA.2.10.3 OR BA.2.11 OR BA.2.12 OR BA.2.12.1 OR BA.2.12.2 OR BA.2.13 OR BA.2.14 OR BA.2.15 OR BA.2.16 OR BA.2.17 OR BA.2.18 OR BA.2.19 OR BA.2.20 OR BA.2.21 OR BA.2.22 OR BA.2.23 OR BA.2.23.1 OR BA.2.24 OR BA.2.25 OR BA.2.25.1 OR BA.2.26 OR BA.2.27 OR BA.2.28 OR BA.2.29 OR BA.2.30 OR BA.2.31 OR BA.2.32 OR BA.2.33 OR BA.2.34 OR BA.2.35 OR BA.2.36 OR BA.2.37 OR BA.2.38 OR BA.2.39 OR BA.2.40 OR BA.2.40.1 OR BA.2.41 OR BA.2.42 OR BA.2.43 OR BA.2.44 OR BA.2.45 OR BA.2.46 OR BA.2.47 OR BA.2.48 OR BA.2.49 OR BA.2.50 OR BA.2.51 OR BA.2.52 OR BA.2.53 OR BA.2.54 OR BA.2.55 OR BA.2.56 OR BA.2.56.1 OR BA.2.57 OR BA.2.58 OR BA.2.59 OR BA.2.60 OR BA.2.61 OR BA.2.62 OR BA.2.63 OR BA.2.64 OR BA.2.65 OR BA.2.66 OR BA.2.67 OR BA.2.68 OR BA.2.69 OR BA.2.70 OR BA.2.71 OR BA.2.72 OR BA.2.73 OR BA.2.74 OR BA.2.75 OR BA.3 OR BA.3.1 OR BA.4 OR BA.4.1 OR BA.4.1.1 OR BA.4.1.2 OR BA.5 OR BA.5.1 OR BA.5.1.1 OR BA.5.2 OR BA.5.2.1 OR BA.5.2.2 OR BA.5.2.3 OR BA.5.3 OR BA.5.3.1 OR BA.5.3.2 OR BA.5.3.3 OR BA.5.3.4 OR BA.5.4 OR BA.5.5 OR BA.5.6 OR BC.1 OR BC.2 OR BD.1 OR BE.1 OR BE.1.1 OR BE.2 OR BF.1 OR BF.1.1,Omicron,7.28571428571429,7.07142857142857,0.970588235294118
2022-06-14,1,1,5.75,5.25,0.91304347826087,0.441943226390752,0.981379872880558,B.1.1.529 OR BA.1 OR BA.1.1 OR BA.1.1.1 OR BA.1.1.2 OR BA.1.1.3 OR BA.1.1.4 OR BA.1.1.5 OR BA.1.1.6 OR BA.1.1.7 OR BA.1.1.8 OR BA.1.1.9 OR BA.1.1.10 OR BA.1.1.11 OR BA.1.1.12 OR BA.1.1.13 OR BA.1.1.14 OR BA.1.1.15 OR BA.1.1.16 OR BA.1.1.17 OR BA.1.1.18 OR BA.1.2 OR BA.1.3 OR BA.1.4 OR BA.1.5 OR BA.1.6 OR BA.1.7 OR BA.1.8 OR BA.1.9 OR BA.1.10 OR BA.1.11 OR BA.1.12 OR BA.1.13 OR BA.1.13.1 OR BA.1.14 OR BA.1.14.1 OR BA.1.14.2 OR BA.1.15 OR BA.1.15.1 OR BA.1.15.2 OR BA.1.15.3 OR BA.1.16 OR BA.1.16.1 OR BA.1.16.2 OR BA.1.17 OR BA.1.17.1 OR BA.1.17.2 OR BA.1.18 OR BA.1.19 OR BA.1.20 OR BA.1.21 OR BA.1.21.1 OR BA.1.22 OR BA.1.23 OR BA.1.24 OR BA.2 OR BA.2.1 OR BA.2.2 OR BA.2.2.1 OR BA.2.3 OR BA.2.3.1 OR BA.2.3.2 OR BA.2.3.3 OR BA.2.3.4 OR BA.2.3.5 OR BA.2.3.6 OR BA.2.3.7 OR BA.2.3.8 OR BA.2.3.9 OR BA.2.3.10 OR BA.2.3.11 OR BA.2.3.12 OR BA.2.3.13 OR BA.2.3.14 OR BA.2.3.15 OR BA.2.3.16 OR BA.2.3.17 OR BA.2.3.18 OR BA.2.4 OR BA.2.5 OR BA.2.6 OR BA.2.7 OR BA.2.8 OR BA.2.9 OR BA.2.9.1 OR BA.2.9.2 OR BA.2.9.3 OR BA.2.9.4 OR BA.2.10 OR BA.2.10.1 OR BA.2.10.2 OR BA.2.10.3 OR BA.2.11 OR BA.2.12 OR BA.2.12.1 OR BA.2.12.2 OR BA.2.13 OR BA.2.14 OR BA.2.15 OR BA.2.16 OR BA.2.17 OR BA.2.18 OR BA.2.19 OR BA.2.20 OR BA.2.21 OR BA.2.22 OR BA.2.23 OR BA.2.23.1 OR BA.2.24 OR BA.2.25 OR BA.2.25.1 OR BA.2.26 OR BA.2.27 OR BA.2.28 OR BA.2.29 OR BA.2.30 OR BA.2.31 OR BA.2.32 OR BA.2.33 OR BA.2.34 OR BA.2.35 OR BA.2.36 OR BA.2.37 OR BA.2.38 OR BA.2.39 OR BA.2.40 OR BA.2.40.1 OR BA.2.41 OR BA.2.42 OR BA.2.43 OR BA.2.44 OR BA.2.45 OR BA.2.46 OR BA.2.47 OR BA.2.48 OR BA.2.49 OR BA.2.50 OR BA.2.51 OR BA.2.52 OR BA.2.53 OR BA.2.54 OR BA.2.55 OR BA.2.56 OR BA.2.56.1 OR BA.2.57 OR BA.2.58 OR BA.2.59 OR BA.2.60 OR BA.2.61 OR BA.2.62 OR BA.2.63 OR BA.2.64 OR BA.2.65 OR BA.2.66 OR BA.2.67 OR BA.2.68 OR BA.2.69 OR BA.2.70 OR BA.2.71 OR BA.2.72 OR BA.2.73 OR BA.2.74 OR BA.2.75 OR BA.3 OR BA.3.1 OR BA.4 OR BA.4.1 OR BA.4.1.1 OR BA.4.1.2 OR BA.5 OR BA.5.1 OR BA.5.1.1 OR BA.5.2 OR BA.5.2.1 OR BA.5.2.2 OR BA.5.2.3 OR BA.5.3 OR BA.5.3.1 OR BA.5.3.2 OR BA.5.3.3 OR BA.5.3.4 OR BA.5.4 OR BA.5.5 OR BA.5.6 OR BC.1 OR BC.2 OR BD.1 OR BE.1 OR BE.1.1 OR BE.2 OR BF.1 OR BF.1.1,Omicron,7.14285714285714,6.92857142857143,0.97
2022-06-17,4,4,2.5,2.5,1,0.333178245598791,0.999783091529969,B.1.1.529 OR BA.1 OR BA.1.1 OR BA.1.1.1 OR BA.1.1.2 OR BA.1.1.3 OR BA.1.1.4 OR BA.1.1.5 OR BA.1.1.6 OR BA.1.1.7 OR BA.1.1.8 OR BA.1.1.9 OR BA.1.1.10 OR BA.1.1.11 OR BA.1.1.12 OR BA.1.1.13 OR BA.1.1.14 OR BA.1.1.15 OR BA.1.1.16 OR BA.1.1.17 OR BA.1.1.18 OR BA.1.2 OR BA.1.3 OR BA.1.4 OR BA.1.5 OR BA.1.6 OR BA.1.7 OR BA.1.8 OR BA.1.9 OR BA.1.10 OR BA.1.11 OR BA.1.12 OR BA.1.13 OR BA.1.13.1 OR BA.1.14 OR BA.1.14.1 OR BA.1.14.2 OR BA.1.15 OR BA.1.15.1 OR BA.1.15.2 OR BA.1.15.3 OR BA.1.16 OR BA.1.16.1 OR BA.1.16.2 OR BA.1.17 OR BA.1.17.1 OR BA.1.17.2 OR BA.1.18 OR BA.1.19 OR BA.1.20 OR BA.1.21 OR BA.1.21.1 OR BA.1.22 OR BA.1.23 OR BA.1.24 OR BA.2 OR BA.2.1 OR BA.2.2 OR BA.2.2.1 OR BA.2.3 OR BA.2.3.1 OR BA.2.3.2 OR BA.2.3.3 OR BA.2.3.4 OR BA.2.3.5 OR BA.2.3.6 OR BA.2.3.7 OR BA.2.3.8 OR BA.2.3.9 OR BA.2.3.10 OR BA.2.3.11 OR BA.2.3.12 OR BA.2.3.13 OR BA.2.3.14 OR BA.2.3.15 OR BA.2.3.16 OR BA.2.3.17 OR BA.2.3.18 OR BA.2.4 OR BA.2.5 OR BA.2.6 OR BA.2.7 OR BA.2.8 OR BA.2.9 OR BA.2.9.1 OR BA.2.9.2 OR BA.2.9.3 OR BA.2.9.4 OR BA.2.10 OR BA.2.10.1 OR BA.2.10.2 OR BA.2.10.3 OR BA.2.11 OR BA.2.12 OR BA.2.12.1 OR BA.2.12.2 OR BA.2.13 OR BA.2.14 OR BA.2.15 OR BA.2.16 OR BA.2.17 OR BA.2.18 OR BA.2.19 OR BA.2.20 OR BA.2.21 OR BA.2.22 OR BA.2.23 OR BA.2.23.1 OR BA.2.24 OR BA.2.25 OR BA.2.25.1 OR BA.2.26 OR BA.2.27 OR BA.2.28 OR BA.2.29 OR BA.2.30 OR BA.2.31 OR BA.2.32 OR BA.2.33 OR BA.2.34 OR BA.2.35 OR BA.2.36 OR BA.2.37 OR BA.2.38 OR BA.2.39 OR BA.2.40 OR BA.2.40.1 OR BA.2.41 OR BA.2.42 OR BA.2.43 OR BA.2.44 OR BA.2.45 OR BA.2.46 OR BA.2.47 OR BA.2.48 OR BA.2.49 OR BA.2.50 OR BA.2.51 OR BA.2.52 OR BA.2.53 OR BA.2.54 OR BA.2.55 OR BA.2.56 OR BA.2.56.1 OR BA.2.57 OR BA.2.58 OR BA.2.59 OR BA.2.60 OR BA.2.61 OR BA.2.62 OR BA.2.63 OR BA.2.64 OR BA.2.65 OR BA.2.66 OR BA.2.67 OR BA.2.68 OR BA.2.69 OR BA.2.70 OR BA.2.71 OR BA.2.72 OR BA.2.73 OR BA.2.74 OR BA.2.75 OR BA.3 OR BA.3.1 OR BA.4 OR BA.4.1 OR BA.4.1.1 OR BA.4.1.2 OR BA.5 OR BA.5.1 OR BA.5.1.1 OR BA.5.2 OR BA.5.2.1 OR BA.5.2.2 OR BA.5.2.3 OR BA.5.3 OR BA.5.3.1 OR BA.5.3.2 OR BA.5.3.3 OR BA.5.3.4 OR BA.5.4 OR BA.5.5 OR BA.5.6 OR BC.1 OR BC.2 OR BD.1 OR BE.1 OR BE.1.1 OR BE.2 OR BF.1 OR BF.1.1,Omicron,7.21428571428571,7,0.97029702970297
2022-06-21,2,2,3,3,1,0.464416756957049,0.999849363974563,B.1.1.529 OR BA.1 OR BA.1.1 OR BA.1.1.1 OR BA.1.1.2 OR BA.1.1.3 OR BA.1.1.4 OR BA.1.1.5 OR BA.1.1.6 OR BA.1.1.7 OR BA.1.1.8 OR BA.1.1.9 OR BA.1.1.10 OR BA.1.1.11 OR BA.1.1.12 OR BA.1.1.13 OR BA.1.1.14 OR BA.1.1.15 OR BA.1.1.16 OR BA.1.1.17 OR BA.1.1.18 OR BA.1.2 OR BA.1.3 OR BA.1.4 OR BA.1.5 OR BA.1.6 OR BA.1.7 OR BA.1.8 OR BA.1.9 OR BA.1.10 OR BA.1.11 OR BA.1.12 OR BA.1.13 OR BA.1.13.1 OR BA.1.14 OR BA.1.14.1 OR BA.1.14.2 OR BA.1.15 OR BA.1.15.1 OR BA.1.15.2 OR BA.1.15.3 OR BA.1.16 OR BA.1.16.1 OR BA.1.16.2 OR BA.1.17 OR BA.1.17.1 OR BA.1.17.2 OR BA.1.18 OR BA.1.19 OR BA.1.20 OR BA.1.21 OR BA.1.21.1 OR BA.1.22 OR BA.1.23 OR BA.1.24 OR BA.2 OR BA.2.1 OR BA.2.2 OR BA.2.2.1 OR BA.2.3 OR BA.2.3.1 OR BA.2.3.2 OR BA.2.3.3 OR BA.2.3.4 OR BA.2.3.5 OR BA.2.3.6 OR BA.2.3.7 OR BA.2.3.8 OR BA.2.3.9 OR BA.2.3.10 OR BA.2.3.11 OR BA.2.3.12 OR BA.2.3.13 OR BA.2.3.14 OR BA.2.3.15 OR BA.2.3.16 OR BA.2.3.17 OR BA.2.3.18 OR BA.2.4 OR BA.2.5 OR BA.2.6 OR BA.2.7 OR BA.2.8 OR BA.2.9 OR BA.2.9.1 OR BA.2.9.2 OR BA.2.9.3 OR BA.2.9.4 OR BA.2.10 OR BA.2.10.1 OR BA.2.10.2 OR BA.2.10.3 OR BA.2.11 OR BA.2.12 OR BA.2.12.1 OR BA.2.12.2 OR BA.2.13 OR BA.2.14 OR BA.2.15 OR BA.2.16 OR BA.2.17 OR BA.2.18 OR BA.2.19 OR BA.2.20 OR BA.2.21 OR BA.2.22 OR BA.2.23 OR BA.2.23.1 OR BA.2.24 OR BA.2.25 OR BA.2.25.1 OR BA.2.26 OR BA.2.27 OR BA.2.28 OR BA.2.29 OR BA.2.30 OR BA.2.31 OR BA.2.32 OR BA.2.33 OR BA.2.34 OR BA.2.35 OR BA.2.36 OR BA.2.37 OR BA.2.38 OR BA.2.39 OR BA.2.40 OR BA.2.40.1 OR BA.2.41 OR BA.2.42 OR BA.2.43 OR BA.2.44 OR BA.2.45 OR BA.2.46 OR BA.2.47 OR BA.2.48 OR BA.2.49 OR BA.2.50 OR BA.2.51 OR BA.2.52 OR BA.2.53 OR BA.2.54 OR BA.2.55 OR BA.2.56 OR BA.2.56.1 OR BA.2.57 OR BA.2.58 OR BA.2.59 OR BA.2.60 OR BA.2.61 OR BA.2.62 OR BA.2.63 OR BA.2.64 OR BA.2.65 OR BA.2.66 OR BA.2.67 OR BA.2.68 OR BA.2.69 OR BA.2.70 OR BA.2.71 OR BA.2.72 OR BA.2.73 OR BA.2.74 OR BA.2.75 OR BA.3 OR BA.3.1 OR BA.4 OR BA.4.1 OR BA.4.1.1 OR BA.4.1.2 OR BA.5 OR BA.5.1 OR BA.5.1.1 OR BA.5.2 OR BA.5.2.1 OR BA.5.2.2 OR BA.5.2.3 OR BA.5.3 OR BA.5.3.1 OR BA.5.3.2 OR BA.5.3.3 OR BA.5.3.4 OR BA.5.4 OR BA.5.5 OR BA.5.6 OR BC.1 OR BC.2 OR BD.1 OR BE.1 OR BE.1.1 OR BE.2 OR BF.1 OR BF.1.1,Omicron,7,6.78571428571429,0.969387755102041
2022-06-22,26,23,10.6666666666667,9.66666666666667,0.90625,0.647024202370781,0.990008539989305,B.1.1.529 OR BA.1 OR BA.1.1 OR BA.1.1.1 OR BA.1.1.2 OR BA.1.1.3 OR BA.1.1.4 OR BA.1.1.5 OR BA.1.1.6 OR BA.1.1.7 OR BA.1.1.8 OR BA.1.1.9 OR BA.1.1.10 OR BA.1.1.11 OR BA.1.1.12 OR BA.1.1.13 OR BA.1.1.14 OR BA.1.1.15 OR BA.1.1.16 OR BA.1.1.17 OR BA.1.1.18 OR BA.1.2 OR BA.1.3 OR BA.1.4 OR BA.1.5 OR BA.1.6 OR BA.1.7 OR BA.1.8 OR BA.1.9 OR BA.1.10 OR BA.1.11 OR BA.1.12 OR BA.1.13 OR BA.1.13.1 OR BA.1.14 OR BA.1.14.1 OR BA.1.14.2 OR BA.1.15 OR BA.1.15.1 OR BA.1.15.2 OR BA.1.15.3 OR BA.1.16 OR BA.1.16.1 OR BA.1.16.2 OR BA.1.17 OR BA.1.17.1 OR BA.1.17.2 OR BA.1.18 OR BA.1.19 OR BA.1.20 OR BA.1.21 OR BA.1.21.1 OR BA.1.22 OR BA.1.23 OR BA.1.24 OR BA.2 OR BA.2.1 OR BA.2.2 OR BA.2.2.1 OR BA.2.3 OR BA.2.3.1 OR BA.2.3.2 OR BA.2.3.3 OR BA.2.3.4 OR BA.2.3.5 OR BA.2.3.6 OR BA.2.3.7 OR BA.2.3.8 OR BA.2.3.9 OR BA.2.3.10 OR BA.2.3.11 OR BA.2.3.12 OR BA.2.3.13 OR BA.2.3.14 OR BA.2.3.15 OR BA.2.3.16 OR BA.2.3.17 OR BA.2.3.18 OR BA.2.4 OR BA.2.5 OR BA.2.6 OR BA.2.7 OR BA.2.8 OR BA.2.9 OR BA.2.9.1 OR BA.2.9.2 OR BA.2.9.3 OR BA.2.9.4 OR BA.2.10 OR BA.2.10.1 OR BA.2.10.2 OR BA.2.10.3 OR BA.2.11 OR BA.2.12 OR BA.2.12.1 OR BA.2.12.2 OR BA.2.13 OR BA.2.14 OR BA.2.15 OR BA.2.16 OR BA.2.17 OR BA.2.18 OR BA.2.19 OR BA.2.20 OR BA.2.21 OR BA.2.22 OR BA.2.23 OR BA.2.23.1 OR BA.2.24 OR BA.2.25 OR BA.2.25.1 OR BA.2.26 OR BA.2.27 OR BA.2.28 OR BA.2.29 OR BA.2.30 OR BA.2.31 OR BA.2.32 OR BA.2.33 OR BA.2.34 OR BA.2.35 OR BA.2.36 OR BA.2.37 OR BA.2.38 OR BA.2.39 OR BA.2.40 OR BA.2.40.1 OR BA.2.41 OR BA.2.42 OR BA.2.43 OR BA.2.44 OR BA.2.45 OR BA.2.46 OR BA.2.47 OR BA.2.48 OR BA.2.49 OR BA.2.50 OR BA.2.51 OR BA.2.52 OR BA.2.53 OR BA.2.54 OR BA.2.55 OR BA.2.56 OR BA.2.56.1 OR BA.2.57 OR BA.2.58 OR BA.2.59 OR BA.2.60 OR BA.2.61 OR BA.2.62 OR BA.2.63 OR BA.2.64 OR BA.2.65 OR BA.2.66 OR BA.2.67 OR BA.2.68 OR BA.2.69 OR BA.2.70 OR BA.2.71 OR BA.2.72 OR BA.2.73 OR BA.2.74 OR BA.2.75 OR BA.3 OR BA.3.1 OR BA.4 OR BA.4.1 OR BA.4.1.1 OR BA.4.1.2 OR BA.5 OR BA.5.1 OR BA.5.1.1 OR BA.5.2 OR BA.5.2.1 OR BA.5.2.2 OR BA.5.2.3 OR BA.5.3 OR BA.5.3.1 OR BA.5.3.2 OR BA.5.3.3 OR BA.5.3.4 OR BA.5.4 OR BA.5.5 OR BA.5.6 OR BC.1 OR BC.2 OR BD.1 OR BE.1 OR BE.1.1 OR BE.2 OR BF.1 OR BF.1.1,Omicron,8.5,8.07142857142857,0.949579831932773
